1e+20,11.0564551281141,7.85097446181046,12.4165574939272,10.3749698794744,11.7574274397081,10.5444440346564,15.2221614759534,10.7284155400506,8.296047251553,12.3946682085484,13.1764980173034,7.24261002677902,13.4055100611651,16.4073581054355,10.4869442641792,6.78929304125253,9.98735200140658,13.3202552528095,10.4383236201988,9.63800290516661,7.20020138607247,9.15877721095999,11.3714774765639,11.1694717869736,7.95103766812861,9.65657289104162,10.659197906034,10.1525267790831,10.9742790195985,10.9907051639101,11.7756740783702,21.7108290951774,14.5564315682107,18.4026166617685,19.4662271639884,13.5666908271693,16.458341350209,13.5160719145764,19.6892991241436,30.0455803738254,15.2906605481908,10.9276346937478,18.1145438805398,15.1842714675417,13.3966301732936,14.3178385240231,14.7592208466436,13.970980638452,17.3707052246016,21.2097053256286,20.8276618947015,10.2130602661494,19.7425277003731,13.7580158453172,13.90658836667,21.7425159537713,23.8284997429549,21.3853594779232,12.6963498691553,9.23056336308895,11.0564551281141,9.04270424154191,9.07335108986751,10.7281545477309,8.53396156541615,11.7574274397081,10.1525267790831,9.98691644102423,10.9697675453949,7.24261002677902,10.8634524898855,9.41035599751678,7.95103766812861,10.3749698794744,10.1599507872824,6.78929304125253,12.4165574939272,16.3614149754842,7.90200607440921,7.65954959511328,11.7305072354097,19.2678125380127,9.15275368400133,6.84753240225995,0,13.9749597494948,9.15318523793766,8.97239655833379,11.8826343880471,18.3656418346869,24.1951524070422,16.8216200171089,14.7592208466436,18.6338267674678,13.9113766392834,15.2906605481908,17.3453653752234,12.4771110438274,15.8950401069013,12.7704150284946,22.8651372180444,21.4097758045244,19.1768141253963,20.1215953641852,15.6543380569093,15.4423379059001,26.779514558707,21.2097053256286,14.5484844571522,14.218171471747,21.2654461509746,20.8276618947015,16.1702257250788,18.0514763939131,10.9560531214484,20.3367352345454,10.9276346937478,13.1650939989048,13.2207412802762,15.722315351118,9.98691644102423,8.39427781289135,16.3614149754842,11.2102453139974,11.8600379426037,8.97239655833379,12.1479092851404,9.72297279642394,9.70702323063049,13.9749597494948,12.1909761709225,9.774804345868,9.28765309429675,12.9643896886818,8.73878710119431,11.3714774765639,9.15426130280319,12.0614053907495,8.08017945345275,0,9.37784090289444,7.65954959511328,10.6969294659729,9.15877721095999,10.4574949199127,7.20020138607247,11.7305072354097,7.59572248044911,8.84684689592852,22.8651372180444,18.8562642111315,15.4876789739457,12.7704150284946,16.7385662468444,13.662126481628,11.5306070958992,18.0514763939131,25.8527116566135,23.8284997429549,21.7425159537713,12.1330499051145,19.7150906667963,15.2439824193024,30.0455803738254,13.5160719145764,19.5241952458994,14.3178385240231,21.9683363047819,10.1473395528089,23.8407130765839,11.7756740783702,17.0361380600182,13.4314816755263,27.2797452334145,16.4658191414822,13.9113766392834,22.2113124330824,16.8216200171089,17.3704116243686
11.0564551281141,1e+20,10.3323859780788,13.6089566095274,8.6124560956791,8.2728411081079,10.5693471889233,14.6205677044361,11.1976917264229,8.49482195222478,11.5871049015705,10.5607244069713,8.58319287910973,12.9805508357696,17.2860174707768,5.98205650257501,10.9317564919824,14.5483263642249,16.0905748809668,13.9361615949299,11.963632391544,6.62322429032869,9.98184351710645,14.7468810261696,4.74182454335881,8.80958568832837,11.4143243339236,9.77154542536645,4.80045831145319,10.9318891322589,12.4538588397332,13.832263010802,24.3006440243875,13.0197042977174,20.4522003706203,19.1982655466581,14.8514342741703,19.4963996676309,15.8403535314083,24.8943226459368,32.4352663007412,19.1013376494946,13.506990782554,16.929515645759,15.7728025410832,14.4828208578301,16.7872243089797,14.3277841971465,13.7689687340774,17.4136555610819,23.1693029675042,22.2405463062399,13.5837918123034,22.0920121310848,13.508501027131,14.2250694198658,24.2550695731841,26.5956312201835,22.5904581626845,12.6966176598337,10.3855332073033,0,5.3597108130943,10.2531312290441,10.216980963083,7.77150564562621,8.2728411081079,4.80045831145319,13.4092244369315,11.8793602521348,8.58319287910973,10.7565700853014,5.32666875260702,8.80958568832837,8.6124560956791,7.8325730127462,10.9317564919824,13.6089566095274,18.2512876258088,12.5682258095564,13.3423273831817,15.3463285511552,22.7808559979646,12.2374548007337,9.57301937739604,11.0564551281141,13.0439756209524,12.30346292716,11.8509113573598,13.5064206953582,19.4777976167738,26.678275806356,18.802763094822,14.3277841971465,23.7552288980763,14.4797651914663,19.1013376494946,21.6073667993118,12.0425952352473,18.0135698849506,16.4699453551006,23.5860318832991,25.2020177763607,20.2993251119341,22.452407443301,15.7379763629254,17.4085036691842,30.7673235755078,23.1693029675042,19.1912323731437,12.3683224408163,23.5884717605868,22.2405463062399,20.5181626857767,17.8716871055869,8.03282640170943,24.0588071192235,13.506990782554,16.1050892577471,15.8259912801695,19.78451414617,13.4092244369315,8.59143177823115,18.2512876258088,6.53406458492721,11.5998232745159,11.8509113573598,11.5339889023702,4.13678619220283,11.8457291881927,13.0439756209524,14.524706537483,3.63626181675632,7.67457490679451,10.1300839088331,8.03431390972496,14.7468810261696,12.3867065840763,12.306668923799,11.9304777775243,11.0564551281141,5.19431419919897,13.3423273831817,5.65281345880085,9.98184351710645,10.1251469125144,6.62322429032869,15.3463285511552,7.48612049061462,11.6996709355434,23.5860318832991,22.6964468584843,18.1349993107251,16.4699453551006,19.6256668676506,16.6566473217151,15.3946061982761,17.8716871055869,27.3415050792746,26.5956312201835,24.2550695731841,15.3734218702279,22.2789631715661,17.2870703128089,32.4352663007412,15.8403535314083,21.1132328173589,16.7872243089797,23.3373391799494,15.0772510757101,26.8758032438102,13.832263010802,19.5585224390801,17.9366524189995,31.9913316384298,21.6197641060211,14.4797651914663,25.4341974514629,18.802763094822,21.7875973893406
7.85097446181046,10.3323859780788,1e+20,11.5081666654598,10.4240011511895,10.7285460338296,10.5761382366155,15.0913683938866,11.9613669787362,7.66579415324988,11.7465314029291,12.0252027009943,8.40361826834132,13.4395647250943,16.0816665803019,9.74140646929385,7.36228904621382,11.0671676593427,12.8282734613821,11.3148398132718,9.58124730919728,7.8366000280734,10.1084420164534,11.738155732482,10.7663596447453,8.95279844517903,10.8390220961118,9.62256202889854,9.86503928020563,11.7472635111331,12.0140334609156,11.9423490151645,22.0134572477837,13.7933208474247,17.684119995069,19.1523366720617,13.5872403379053,16.4089487780296,13.7149115928613,20.1230787902845,30.2064645398961,15.4550930116904,11.7674466219312,17.8553325368082,15.1633934196802,14.0590718043547,13.7193622300747,14.6123304096232,13.0501149420225,17.5506239205334,21.4252561244901,20.9176074157634,11.1384379515262,18.4207437417711,12.1128774450995,14.1418386357644,22.6370139373549,24.670216861633,21.0783870350651,13.3847786683232,9.20726343709139,10.3323859780788,9.54084377819908,9.75223564112353,11.1101260118866,8.69710871496959,10.7285460338296,9.86503928020563,11.5008912698104,11.8205922017469,8.40361826834132,11.5757677931099,9.38754493997233,8.95279844517903,10.4240011511895,10.2864765590556,7.36228904621382,11.5081666654598,16.4485470482958,8.4008154366109,9.22528590342868,10.7424485104654,19.6126336834195,9.17262775871778,8.47426102972997,7.85097446181046,13.5051878920658,9.69120219580626,10.2110871115665,11.4680512729932,17.6472320775809,24.2995308596689,16.8344913793081,14.6123304096232,18.643940034231,13.2103747108097,15.4550930116904,16.7885407346797,13.1348277491561,17.1867710754522,12.802823907248,22.411485894514,21.1244763248702,19.6005408088655,20.2254048167151,14.4049401248322,16.1142669706071,27.3904070798519,21.4252561244901,14.6384220461087,12.8459176394682,21.8391803875512,20.9176074157634,16.0841226058495,18.1704815566347,12.1141858991845,20.3934548323721,11.7674466219312,12.6309500830302,13.3910641847465,17.1654944583604,11.5008912698104,9.17484059807036,16.4485470482958,10.6291862341385,11.8176774367893,10.2110871115665,12.3151573274563,9.48628483654165,10.2854606119512,13.5051878920658,12.7098190388376,9.31288354914846,7.89976581931389,11.4455144052157,9.28990850331692,11.738155732482,11.0920467002263,12.856706421164,9.17143936358955,7.85097446181046,9.47669246098026,9.22528590342868,9.86633163845611,10.1084420164534,10.9259965220569,7.8366000280734,10.7424485104654,7.98618807692381,9.2176081496232,22.411485894514,18.4844015321027,16.1964687509346,12.802823907248,16.3942123934027,13.6539920902277,13.1942904318497,18.1704815566347,25.2437338759543,24.670216861633,22.6370139373549,12.1872925623372,20.0776393034639,16.6171357339344,30.2064645398961,13.7149115928613,19.1360027173911,13.7193622300747,21.49404568712,11.7024142808226,24.4721433470794,11.9423490151645,16.8283748472632,14.3558176360666,27.8417079217493,18.9965681111089,13.2103747108097,22.0487822793006,16.8344913793081,18.0771623879413
12.4165574939272,13.6089566095274,11.5081666654598,1e+20,11.3918611297716,13.2702298397579,13.2365554431657,16.6231555367806,13.6985327681471,12.2776830061702,13.9108986050506,14.0593740970215,13.1332897630411,13.8558579669395,16.4407998588877,12.2246431440758,12.1443731826719,13.6893206551677,16.5712431639874,13.5361922267675,12.9658551588393,11.9898206825624,13.1356499648856,14.2354768097173,13.5602581096379,12.4691579507198,12.3413978138621,11.6874719251,12.8884948694562,14.6864529414015,14.0425959138615,14.9517958787565,21.1957448559847,16.2863071320665,18.6822375533553,19.8232060979045,15.1392205875996,18.300587422266,13.7428344965658,22.0282364250977,26.9579895392813,16.3775211799588,14.1214977959139,18.3540622206638,15.5820473622692,15.5622748979704,17.0073337122548,14.0520496725567,14.9329568404921,15.1628130635446,21.4792527802994,20.5411684185686,12.7023580488034,19.2769992478083,15.0755663243541,14.0997340400449,19.8875664675194,21.6123830245533,20.76951853077,14.2327931201153,11.795923024503,13.6089566095274,12.4292316737601,12.78476437014,10.4454870637994,11.6574782864906,13.2702298397579,12.8884948694562,13.5487564004967,14.0397613939839,13.1332897630411,12.2255674714919,12.4132147326952,12.4691579507198,11.3918611297716,11.4684916183428,12.1443731826719,0,16.0510061989895,12.5621733788386,12.1349907292919,13.7884335586027,19.5859669151155,13.4277473911301,11.2392793363276,12.4165574939272,14.5619229499404,12.4291713319915,13.8090550002526,14.481156721754,18.3139755378236,22.3021232173083,17.7091275900311,14.0520496725567,19.0747686748752,14.9170405912165,16.3775211799588,18.2050597362382,13.1963328239326,17.8962565918127,15.5032448216494,21.5763064494366,21.0385075516302,16.8698992291003,20.7876958800152,15.5992692136523,17.425708020049,26.2694251935592,21.4792527802994,16.4618741338889,14.9765850580164,22.2494831400642,20.5411684185686,18.0031858291804,16.4556160626091,13.0454589800436,20.6168935584389,14.1214977959139,14.0422078036184,15.5081688151761,19.7853253700817,13.5487564004967,12.9447595574425,16.0510061989895,13.146311269706,14.9078569888499,13.8090550002526,14.2508315546848,12.5798529403169,12.8467427778406,14.5619229499404,12.1499053494256,12.7432452695536,12.9466211808332,12.8263829663705,12.6654530120324,14.2354768097173,13.287753760512,13.1181553581287,13.0709907811153,12.4165574939272,12.4286443347615,12.1349907292919,11.684493998458,13.1356499648856,13.7780876757263,11.9898206825624,13.7884335586027,11.8058248335303,12.5833779248658,21.5763064494366,20.5687238301262,16.5015423521561,15.5032448216494,16.9353742208432,15.5504726616267,14.285566142089,16.4556160626091,24.6094778489914,21.6123830245533,19.8875664675194,14.9662086047202,19.8384449995457,16.3573378029556,26.9579895392813,13.7428344965658,19.3200439958091,17.0073337122548,20.4936990316536,14.2511052202978,23.700559065136,14.9517958787565,15.7070143566497,15.955513153766,25.5526397853529,19.5490843775354,14.9170405912165,23.1682735653738,17.7091275900311,17.6470535784306
10.3749698794744,8.6124560956791,10.4240011511895,11.3918611297716,1e+20,8.66926179094852,7.10437189341887,12.9720391612113,7.85305672970723,10.558522623928,12.7786305995596,10.7201445885772,8.60635811478932,7.79347804256867,14.3046845473782,8.7703705736987,11.2304096096269,13.4937170564674,16.9558485485097,14.730634745319,9.13098570801641,7.1436615261363,11.2573975678218,12.3104549062981,8.28625971111212,9.52568107801222,7.74390082581124,10.2828157622317,6.682843706088,7.98418436660877,14.424929809188,14.9220943570264,22.7886221610698,15.8217603318973,20.7505831243365,17.8646746401943,16.5720698767535,18.4837279789549,16.1650425301018,22.4591785246033,31.2445403230709,18.0433561179732,14.2962512568855,18.9539098868809,16.046205158853,14.4404951438654,16.8607384179934,14.6730024194096,14.3738477799092,15.688416108709,22.9944862956318,22.1655250332583,12.8365338000568,20.6257896818522,13.8565147133036,13.9866150300922,22.7061753714711,23.6475918435683,22.3719288395078,13.9659693541122,11.0914155994625,8.6124560956791,6.6960062723985,11.1309613241624,7.06694417694098,9.78395114460411,8.66926179094852,6.682843706088,14.155052101635,8.34925146345467,8.60635811478932,11.5910655247911,7.78775962649079,9.52568107801222,0,9.36456085462634,11.2304096096269,11.3918611297716,14.0337201055173,12.0728911201916,10.6245517552507,13.9001942432471,18.295294476996,10.3043340396165,8.77461680074976,10.3749698794744,10.5163158948369,11.1729315759115,11.300172565054,14.5146615530642,19.9064009805891,23.5227549406952,18.9973603429529,14.6730024194096,20.5035826137775,15.1579747987652,18.0433561179732,20.5601386182098,13.3377171959822,19.0645561186197,16.2182458977536,23.6784817925474,23.7649005888937,18.3496321489015,20.1548852638759,16.8927292051936,17.7246889958611,29.2986177148343,22.9944862956318,18.795281322715,14.9458623036612,24.209147031649,22.1655250332583,19.390626601531,17.4115249188576,10.1115033501453,22.6396157211204,14.2962512568855,15.1377111876268,15.9588470761518,14.7592750499474,14.155052101635,9.30583150502953,14.0337201055173,8.94455141412916,9.1207949214967,11.300172565054,7.61805093183289,7.81934779888962,12.0994669304065,10.5163158948369,14.0014606380906,7.91803005803843,9.97517418394286,7.59145572337743,8.57001750289928,12.3104549062981,13.6675857414541,6.72134659127172,11.5830609080674,10.3749698794744,6.33229026498312,10.6245517552507,5.93635409995058,11.2573975678218,8.220523097711,7.1436615261363,13.9001942432471,8.19751181761881,12.8015897450278,23.6784817925474,21.4055343311023,16.776555069501,16.2182458977536,18.6939455439455,16.2196701569422,14.2350728835507,17.4115249188576,26.7510242794552,23.6475918435683,22.7061753714711,16.2948120578299,19.8809959509075,17.2928019707623,31.2445403230709,16.1650425301018,20.2047915109263,16.8607384179934,23.2925095255964,14.3448283363727,25.416112999434,14.9220943570264,19.0059727454293,16.8662829337113,28.277929556458,19.8032623575006,15.1579747987652,25.6652410859513,18.9973603429529,19.9838484782086
11.7574274397081,8.2728411081079,10.7285460338296,13.2702298397579,8.66926179094852,1e+20,10.0798313477955,13.3118931786579,12.194556162485,9.13521209387062,9.13228886971935,10.3841224954254,10.4472053679441,12.5216851901012,14.1035562891067,7.1207373213734,11.6933912959415,13.7254398836613,16.161624299556,13.8841024196741,10.6750175643884,8.82436399974525,9.93703678165679,14.5154951689565,8.1654026232636,9.21251865669753,12.0503900351814,9.58835752358036,7.15197175609636,11.0585487293767,14.0030746623733,15.2064262731255,23.6297439681432,15.5484854567897,20.3842488210873,18.2662448248128,15.9826468396195,19.852795772888,16.9724806672448,22.4645543022781,31.5387095487434,18.4453950892899,14.2711562250576,16.9637731651894,14.971446155933,14.5014206200634,16.6437495775441,13.0184215633079,14.7439479109226,18.0953944416805,23.2956669790757,22.3740161794882,14.3297557550713,21.2288035461257,14.8093315176614,14.065656756796,22.7938785642111,25.7637594306421,21.1769851489772,14.4892580900473,10.5140572568348,8.2728411081079,7.11090711512955,10.4935408704593,9.35559725511953,9.5527064227893,0,7.15197175609636,12.8893521947381,12.2362044768793,10.4472053679441,10.2282500947132,7.9120477753866,9.21251865669753,8.66926179094852,9.39223615546372,11.6933912959415,13.2702298397579,16.5637857991463,12.3159652484083,12.8988526621557,13.2982968834359,21.7370858212411,12.4501485934908,9.36559661740778,11.7574274397081,10.5028472330126,12.4255100498933,11.7141879786864,13.0808600634668,19.4025281857803,26.1936805355796,18.9539019729448,13.0184215633079,22.4096407824847,15.2561036965537,18.4453950892899,20.7031205377354,11.9560026764801,19.4845169301166,17.0449405983125,22.8448681326901,23.0546654714398,20.2526220524652,19.5231836543121,16.9765662016793,17.4286000585245,29.8667155877576,23.2956669790757,18.7995718036343,14.3815680647139,24.392500896792,22.3740161794882,20.0700498255485,18.1484462144835,10.4917205452681,22.9658463810938,14.2711562250576,14.5356045625904,17.1082465495445,18.2922305911554,12.8893521947381,10.757295199073,16.5637857991463,6.1685249452361,10.2008234961693,11.7141879786864,10.5946779092146,7.87612214227281,11.7244957247636,10.5028472330126,12.9809937986273,7.96346030315968,9.08295106229248,8.76096455876863,9.63669549171292,14.5154951689565,13.3205930798895,12.4422586374018,12.1086085079996,11.7574274397081,6.37364887642864,12.8988526621557,6.41939249462128,9.93703678165679,9.74993846134426,8.82436399974525,13.2982968834359,8.92514985868585,12.1630012743566,22.8448681326901,20.2400592884507,16.5420403820085,17.0449405983125,18.476717782117,16.4444154654399,14.9609825880522,18.1484462144835,25.2789714980653,25.7637594306421,22.7938785642111,16.1667250858051,21.5063502249917,16.8996479253267,31.5387095487434,16.9724806672448,19.7060117730605,16.6437495775441,22.4485879288654,15.7708845661871,25.4948798781246,15.2064262731255,17.832596557989,18.3035351776644,31.3654778379033,20.4772239329456,15.2561036965537,25.5126106073056,18.9539019729448,21.6850709014289
10.5444440346564,10.5693471889233,10.5761382366155,13.2365554431657,7.10437189341887,10.0798313477955,1e+20,13.5181396649095,7.25960053997464,11.0766375764489,14.7558090256007,9.03102430513837,9.22244544575895,7.59968420396532,13.0744139448007,10.4736765273709,12.0888709150193,14.2536346241932,17.2159431922855,15.144764772026,6.20739881109632,7.97558775263616,13.0177839896044,11.2518976177354,10.473222999631,10.4089720914219,7.25126885448333,12.4406752228326,8.97477019204392,8.23388729580385,15.2272289008867,16.107364775158,22.0247633358454,16.1213895182766,21.0246331715918,17.4177352144301,17.0540669636307,17.7456614416031,17.2653265245694,21.0997061590914,30.9927539918608,16.9800412249205,14.0945840662291,19.4368618866318,16.7851422394926,15.6386124704208,16.762875648289,13.2474110678276,13.6766150783006,17.0527563754368,22.3551716611615,21.9983408465275,13.4197056599614,17.3435146380427,13.3357751930662,14.1725685745386,22.8505908019902,23.8011869451925,21.8043413108491,15.4072904821062,12.8540188268106,10.5693471889233,8.90179757127739,12.8493890905366,9.38987752848779,11.4655309515085,10.0798313477955,8.97477019204392,14.3818149063322,7.01328025962175,9.22244544575895,13.4764275681651,9.42144893315248,10.4089720914219,7.10437189341887,10.9769713491473,12.0888709150193,13.2365554431657,12.0321735359826,13.233072205652,10.6886388282138,14.5183160180511,17.2621985853483,10.3546994162071,10.621506484487,10.5444440346564,9.98554955923809,12.2456155418991,11.7445987585783,14.5213463563128,20.0941907027877,22.4215053018302,19.1573067000557,13.2474110678276,18.508868144757,14.5702608075491,16.9800412249205,19.9766313476522,14.7272061165721,19.3442963170026,14.9519028889302,22.3853523537156,22.7201364432523,19.7010431195914,19.4437522099002,18.2512081791864,18.7532050594025,28.9881889741322,22.3551716611615,19.0838020320899,16.0028966128011,24.3089469126081,21.9983408465275,18.3763298838479,17.4630953728141,12.3896650479341,19.8663559819107,14.0945840662291,13.8256283763162,16.1887213824934,11.9923100360189,14.3818149063322,9.82927260787898,12.0321735359826,10.4464395848538,8.03542158197067,11.7445987585783,6.51815924935867,9.54329607630404,13.5993970454576,9.98554955923809,16.2327878073977,9.78100710561035,11.9454845025223,8.01238416452931,9.26709771179737,11.2518976177354,14.686395064821,7.40308043992499,12.6223373429805,10.5444440346564,8.82426200880278,10.6886388282138,9.24970269792495,13.0177839896044,9.96710088240306,7.97558775263616,14.5183160180511,9.11750514121051,12.044666869615,22.3853523537156,19.01595645767,17.5110165324575,14.9519028889302,17.1495685076914,16.1057443168579,15.2422767328244,17.4630953728141,25.805638918655,23.8011869451925,22.8505908019902,17.6021930451862,18.4166636500752,18.0402189565426,30.9927539918608,17.2653265245694,19.095117176912,16.762875648289,22.357247147178,15.0561681712181,24.4171558540302,16.107364775158,18.4950344687432,16.4963571736308,27.3209882690945,20.3432814462171,14.5702608075491,25.3793400229399,19.1573067000557,20.984339398704
15.2221614759534,14.6205677044361,15.0913683938866,16.6231555367806,12.9720391612113,13.3118931786579,13.5181396649095,1e+20,12.3198417197625,13.6477983572443,13.5940354567729,16.3655400155326,14.7778618209807,13.8995215745003,16.8011368662957,12.3212499365933,14.7129772649862,14.465095920871,21.466723084812,18.3848252643315,14.26224736849,12.2560474868532,16.3264815560487,15.2064558658486,15.8103795020866,13.3417540076258,12.5872951820476,11.9834177094851,12.7493215505767,9.69736046561125,17.6225083345136,18.5127280539633,23.9715143451556,14.6045232719182,21.4051746080241,19.8023735951022,20.1633206590581,22.0177791795631,20.1226290528847,21.691687347922,31.4262740394085,20.1035643605804,18.4001358690636,23.1810633923468,18.0519167957311,18.6115743557605,19.9585645776444,16.6386357613838,18.9382602157643,20.8504052718406,20.9681568097914,23.5083495805214,16.7206160173601,23.4551017904421,12.435449328432,17.3917049192999,21.1770488973322,25.6276023068878,22.3667923493737,16.293989689453,13.951132570512,14.6205677044361,14.0635450722782,15.4516439254857,12.7405062693756,16.13934013521,13.3118931786579,12.7493215505767,17.9333293060714,12.7865163355779,14.7778618209807,13.9207327393352,14.7860745297729,13.3417540076258,12.9720391612113,15.5015483097657,14.7129772649862,16.6231555367806,18.4623752534716,12.7816782935575,15.4380018137063,15.2779841602222,22.1543088359804,15.147828227175,14.0558422017323,15.2221614759534,14.0917883889874,13.6263421357311,10.2154148227079,19.3789370193517,19.750422780285,26.7214034062584,20.8043336831536,16.6386357613838,22.7516307107864,19.7775124826152,20.1035643605804,18.5539672307569,15.2735031999866,21.083716465557,20.134142643778,22.6595167644855,23.7560413368894,22.0727841469988,18.0620541467464,19.0373711420458,18.6092665089197,30.6203951640079,20.9681568097914,20.7570518137813,16.7989047262017,25.7501378637086,23.5083495805214,20.2033561568369,21.5966571487348,15.2705893795885,23.5661791557308,18.4001358690636,16.2637357332195,19.6965885371046,17.9542251294786,17.9333293060714,15.5911737851901,18.4623752534716,14.6874708510349,15.4236150107554,10.2154148227079,13.257379077329,15.3525763310267,15.6796141534159,14.0917883889874,15.7780638862948,15.490351835901,14.8379344923746,11.5080319777102,12.5532465920175,15.2064558658486,17.8663958312806,13.9785371194557,14.6456853714669,15.2221614759534,13.4512787496208,15.4380018137063,13.7582738742911,16.3264815560487,14.8442850956184,12.2560474868532,15.2779841602222,13.7061664954137,16.8032407588536,22.6595167644855,23.6241169147124,18.524637648278,20.134142643778,20.8150522459109,18.1950680130633,17.0600732706516,21.5966571487348,23.8759481487123,25.6276023068878,21.1770488973322,18.2958273931517,23.5532248322815,17.7638509338488,31.4262740394085,20.1226290528847,21.9380536967161,19.9585645776444,24.8912715625377,17.8641008729799,23.801151232661,18.5127280539633,14.8967916008784,19.8754446491141,30.8390256006898,19.037494583059,19.7775124826152,28.0055280257309,20.8043336831536,20.7686638953978
10.7284155400506,11.1976917264229,11.9613669787362,13.6985327681471,7.85305672970723,12.194556162485,7.25960053997464,12.3198417197625,1e+20,11.7558963928745,15.7468504787465,13.1174006571424,9.33231482537961,8.37459252740096,16.388254940658,11.1825802031553,12.2681783488829,14.7003027179715,18.3890755613217,16.21111655624,8.78143496246484,7.97376949754631,14.3653506744527,13.0166508749371,11.5882008957387,10.8317911722854,5.94238167740848,12.3794345589772,9.30966701874992,7.41767483784508,16.1020278226067,16.7077526914903,22.4663971299361,15.7759056792312,21.4400233208828,19.2850589835759,18.1163075708048,18.4248717770301,17.9733942259107,22.199031510406,32.1803293954552,18.5679131837695,15.5690044639983,21.0756352217436,17.9905530765455,16.7547545490825,18.1389580737153,15.4305508650858,16.5747639500537,17.5731186759778,22.4630429817512,22.5165894397886,13.5616481299288,20.9927582751767,13.457284272839,16.1649899474141,23.2728704718606,24.712869117122,23.395360651206,15.7979618938647,13.2793523938481,11.1976917264229,10.3339537448162,13.321561470038,8.94848590544792,12.5644657665975,12.194556162485,9.30966701874992,15.4966125330667,6.06426417630367,9.33231482537961,14.0914335679518,9.94520487471224,10.8317911722854,7.85305672970723,12.544421070739,12.2681783488829,13.6985327681471,13.9695526055776,12.9957300679877,11.4350951023592,15.8638551430603,18.6679109704327,11.496460324813,10.9507351351405,10.7284155400506,12.9040923741269,12.0882959924052,10.948488480151,16.3343778577575,20.6156130153823,23.8180540766873,20.3598722982243,15.4305508650858,20.0742123133138,16.9269696047462,18.5679131837695,20.2387252563001,15.4152781356679,20.1299826130079,16.5617330011083,23.5898325555736,24.615511369866,19.9507719148909,20.557263923003,18.8134792103959,19.1461928330412,30.3780661003955,22.4630429817512,19.9769091703396,16.2813297982689,24.3816631918333,22.5165894397886,19.0154963122186,19.5563263421329,12.8851387264554,22.5345800937138,15.5690044639983,15.4365799320964,17.2002063941105,13.7672618918941,15.4966125330667,10.4131743479114,13.9695526055776,12.1419150054676,10.7203917838855,10.948488480151,7.09635117507582,11.0245952306649,14.6675560336411,12.9040923741269,16.6316986504686,11.1196897438733,12.7736212563235,10.2838757285374,9.10744201189335,13.0166508749371,15.366027463206,8.1577693029406,12.5805802727855,10.7284155400506,10.2861751880862,11.4350951023592,10.4223989560945,14.3653506744527,11.0525155507694,7.97376949754631,15.8638551430603,9.92574934198925,13.9587463620484,23.5898325555736,21.9497653746002,18.1149247859327,16.5617330011083,19.4186379542954,17.6157259288398,15.283664482054,19.5563263421329,27.0760669226533,24.712869117122,23.2728704718606,18.228236338165,20.8249201679142,18.4082780291911,32.1803293954552,17.9733942259107,21.1016042044201,18.1389580737153,24.9040699485044,15.4551156579302,25.1973986752601,16.7077526914903,18.7666752516262,17.202180094395,28.1078423220282,19.8400126008025,16.9269696047462,26.8654145696656,20.3598722982243,21.1487990202754
8.296047251553,8.49482195222478,7.66579415324988,12.2776830061702,10.558522623928,9.13521209387062,11.0766375764489,13.6477983572443,11.7558963928745,1e+20,8.1923012639917,12.5713205352501,9.2396536731633,14.1607026661815,15.682563565948,7.04817706928536,6.76858183078258,9.77307525807512,12.7108772317256,9.76056350832266,10.6315426914442,7.37050201818031,7.12522280353393,12.5148351966776,9.53934484123517,7.50459859019788,11.3712268467391,8.04486792930748,8.60378986261287,11.5976032006618,9.83624928516963,11.496534260376,22.6533595742442,12.7202712235235,18.3132984467572,18.7635551002469,12.8878896643322,18.0848666016645,13.710470451447,21.257612754023,29.7172592948946,16.0797356943452,12.0047324001829,16.7891542371854,14.2288544865706,13.6209287495383,14.2331690076385,13.7224341863971,13.7285286902858,17.4463979090241,20.730190544228,21.2003561290842,10.6746522191592,20.6288196463104,11.6963071095111,13.7353048746651,21.6484918643309,24.6014796302987,21.1903562971461,13.3202590064908,8.18648276123513,8.49482195222478,8.44239894816633,7.32047129630327,10.0056334132328,7.31989754026653,9.13521209387062,8.60378986261287,9.70800185414074,13.0847468450865,9.2396536731633,8.30439642599027,8.99055059493021,7.50459859019788,10.558522623928,8.88588768778899,6.76858183078258,12.2776830061702,17.4233951915234,7.6426631484058,9.8998434331054,11.440786686238,20.8373030884517,10.66720675716,6.48227583492094,8.296047251553,13.2118393874585,8.4581321815162,7.91607857464793,10.9597171496348,16.7218001423292,24.838421850029,16.7161149792648,13.7224341863971,20.2125233456884,13.6202055784779,16.0797356943452,17.282404346618,11.2785770379069,16.7703697037364,14.4733859203712,22.0374340611606,21.6053951595429,19.5102639654106,19.5246254765616,12.7670787574919,15.372429866485,27.7111565980202,20.730190544228,14.9756535750531,12.1333177655578,21.5585435500639,21.2003561290842,17.4911863519888,18.1896399084754,10.0690764223935,20.9610114259785,12.0047324001829,13.1199961890238,14.0420440107557,19.2184910958171,9.70800185414074,9.91344037153601,17.4233951915234,8.54344192933972,12.9026237641807,7.91607857464793,12.6571600290112,8.52939622716638,9.34936896266267,13.2118393874585,10.5324688463817,8.46862444556375,6.04598213692366,11.121582621192,8.18989621423861,12.5148351966776,9.47833846198794,13.8250750450043,8.87940876410136,8.296047251553,8.57592560602061,9.8998434331054,8.87448590060292,7.12522280353393,10.3942387888676,7.37050201818031,11.440786686238,7.91336843575478,8.83632842304993,22.0374340611606,19.0055439280227,15.588662546864,14.4733859203712,17.2588759773051,13.2066006224161,12.8388200392404,18.1896399084754,24.931708726038,24.6014796302987,21.6484918643309,11.6261902616463,20.8132361731664,14.7217865763636,29.7172592948946,13.710470451447,18.9448673787915,14.2331690076385,22.2108802166866,12.3496680117321,23.9693053716623,11.496534260376,15.6906660151824,15.3844499414181,29.2158569958165,17.4571589899388,13.6202055784779,22.7726195243323,16.7161149792648,18.3540840141915
12.3946682085484,11.5871049015705,11.7465314029291,13.9108986050506,12.7786305995596,9.13228886971935,14.7558090256007,13.5940354567729,15.7468504787465,8.1923012639917,1e+20,14.4583228626283,13.5360260047032,16.8540529250385,16.3094573790792,8.80943812056138,10.589867798986,10.3391102131663,14.5626920588193,11.1497264540436,14.3808657597517,11.3425614391107,8.0220570927911,14.4597821560354,12.0800703640335,9.41156735087201,15.5699454077399,8.59389899870833,11.241530144958,13.9830754843132,11.559982698949,13.3735597355379,23.5107103252964,15.1240107114482,18.7984760020593,19.1935249498366,14.723888752636,20.7115813012913,15.1899506253312,21.4864352557608,30.2038755791372,17.1546291128663,14.3836852023395,16.7486208387437,13.9339405768792,13.5070389056965,16.3890542741184,13.9320350272313,15.2537962488031,18.9791991401113,21.1411305279543,22.4599354406908,13.8593434187915,22.6894821448177,14.3476548606384,14.4188210336352,20.4664896843597,25.3237201058612,20.3866475910092,14.2954013584789,9.13180705008598,11.5871049015705,10.5741997333132,8.98344588674079,11.8777144266058,9.83125119198976,9.13228886971935,11.241530144958,11.6213725523279,16.1532597329455,13.5360260047032,7.60026315333884,12.0889619074592,9.41156735087201,12.7786305995596,10.7109850153942,10.589867798986,13.9108986050506,19.0059701146771,9.20832775263783,13.1588867310271,10.7621745014658,24.1213888489034,13.4289798570107,8.84007352910597,12.3946682085484,13.0269681814304,10.7655097417633,10.2165502984129,12.8878857847205,16.9516193916687,27.3795945915932,17.2335805913919,13.9320350272313,23.1939625764982,15.8474540542006,17.1546291128663,17.7920122526936,10.6813341863271,17.8108422035568,17.3290132436905,21.8643156764624,20.8471029162328,19.5714128258539,18.2968139302995,14.4082094654402,15.4789599133792,27.924315569052,21.1411305279543,15.8016961114939,14.161892528896,22.5368232011524,22.4599354406908,19.4153598988018,18.8297849164562,11.491836232735,22.5772363233413,14.3836852023395,14.0663250353459,16.1934616435153,22.0076759336373,11.6213725523279,13.9204992726554,19.0059701146771,10.199558813988,15.1778358141074,10.2165502984129,15.1985361137183,11.781884399365,10.3185415636126,13.0269681814304,8.51898468128685,11.7173034440523,8.85080222352754,12.9653846838418,12.0199168050365,14.4597821560354,11.3020573348395,16.4503586587041,11.0721587777633,12.3946682085484,10.2068653366251,13.1588867310271,11.0846515506803,8.0220570927911,12.0335447811524,11.3425614391107,10.7621745014658,11.610150731149,11.9453966028759,21.8643156764624,20.3260743873479,15.7574363397096,17.3290132436905,18.1325232662197,14.5113851854329,13.5762918354019,18.8297849164562,23.6350269726946,25.3237201058612,20.4664896843597,12.4749068132792,22.6171174113767,13.7781783991934,30.2038755791372,15.1899506253312,19.0037259504551,16.3890542741184,21.5431984626239,14.2492491030229,23.2044047542703,13.3735597355379,15.2294648625616,17.4501088821818,31.6832084865154,16.9068743415216,15.8474540542006,23.548528616455,17.2335805913919,19.8195509535408
13.1764980173034,10.5607244069713,12.0252027009943,14.0593740970215,10.7201445885772,10.3841224954254,9.03102430513837,16.3655400155326,13.1174006571424,12.5713205352501,14.4583228626283,1e+20,11.4736088481349,12.2580585738526,15.1041682988505,10.8465524476674,13.8872171438341,16.3882366348549,17.6556478215896,15.3517132594379,10.1218772962331,10.7196641738443,12.9955107633367,13.1798179046601,10.3515602688677,11.7414266594822,12.4308929687292,13.7974345441462,9.81319010312141,12.1217366742559,16.0292326703433,17.0810011416193,24.2322677436512,17.5128352930072,21.9530453468306,19.4189726813753,17.7902220334655,20.8605824463269,18.4031002822894,23.7311440937853,32.5553129304573,18.6884135228221,15.4343545378484,18.9555532760191,17.6502124633105,16.4290048390035,18.5087114624438,13.4487211287914,13.6610102115473,19.1839438072572,24.2452778907564,23.5039358406204,15.9664178825434,16.321449077824,15.8196491743654,14.3999062496948,24.9780123308481,25.8732042855152,22.4528105144991,16.4444337087052,13.7219677889142,10.5607244069713,9.25192952848215,13.9235914907038,12.7529604406193,11.748829728956,10.3841224954254,9.81319010312141,15.1914712914846,11.179646684936,11.4736088481349,14.2244964761499,9.79039835757463,11.7414266594822,10.7201445885772,10.6218218776253,13.8872171438341,14.0593740970215,15.2333843908699,15.295443766037,13.5267217018759,15.7399459973661,20.8849539142417,12.4840858696182,12.435425203828,13.1764980173034,10.1462998181603,15.1617644091972,14.7070731282604,14.6689092982403,21.743240328893,23.9487348308841,20.0178770103126,13.4487211287914,22.1652972008047,15.5776731253419,18.6884135228221,22.1088805686765,15.1985986196096,20.0306215580046,16.5179054362228,23.6753331549949,23.7172426727898,21.8830505186091,21.00910516895,19.5458947096315,20.3399532939484,29.8593553178899,24.2452778907564,20.3239144851576,16.7770229778707,25.842989378166,23.5039358406204,20.4387303910982,16.8892421381186,13.2032950432837,21.2808528964419,15.4343545378484,15.3941092629616,17.4205883941961,16.403953791693,15.1914712914846,11.5223608691969,15.2333843908699,10.1568745192603,9.22895443698798,14.7070731282604,10.6769002992442,9.84913701803361,14.8278386826941,10.1462998181603,17.1468189469651,9.87808179759613,12.3353151560874,10.0612971330739,11.8350200675791,13.1798179046601,15.4185407869876,11.3853590193722,14.9667631771202,13.1764980173034,9.31337747543822,13.5267217018759,9.93427400467694,12.9955107633367,12.1375409371091,10.7196641738443,15.7399459973661,10.9859865283005,12.0664244911241,23.6753331549949,20.2624233496391,19.8143306725208,16.5179054362228,16.9363602937585,17.0838227572168,17.4163084492667,16.8892421381186,26.734131742026,25.8732042855152,24.9780123308481,18.5019404387756,19.9801626620005,18.7678688188084,32.5553129304573,18.4031002822894,19.0433321664041,18.5087114624438,21.4352909940593,17.4032583156144,26.2230452083659,17.0810011416193,19.2117854453978,18.2265191410757,30.1704159732676,22.863772654573,15.5776731253419,26.2505942789873,20.0178770103126,23.4970444949998
7.24261002677902,8.58319287910973,8.40361826834132,13.1332897630411,8.60635811478932,10.4472053679441,9.22244544575895,14.7778618209807,9.33231482537961,9.2396536731633,13.5360260047032,11.4736088481349,1e+20,12.6631789057882,17.9722397046111,9.6487719425842,8.81746562227492,13.0037302340521,15.3333623188132,13.2409893890147,8.27644247246364,5.03488828078638,10.3783428349617,12.6099841395618,8.85541077533956,7.7594845189613,8.31843735325332,9.8415395137143,7.87879432400669,9.89555455747681,12.9871859923542,13.0049413685722,23.2734204619776,13.8577090458705,19.394419300407,20.0622431447732,14.598811595469,17.5613609950937,14.9713860413791,21.9880672183801,32.390481626552,17.3281707055303,11.654947447329,18.4602031408108,17.611697817076,14.9440456369753,15.9819366786382,15.9232283158912,15.085605722012,18.1030881343488,22.9071648180215,21.7528136111171,11.1159435047143,20.4082483324758,13.2026436746585,14.9969796959254,23.8759502428699,25.6900175165374,22.4990222009758,12.991501068006,9.83863303513247,8.58319287910973,7.40088508220469,9.94029677625372,9.09834600353273,9.03773754874526,10.4472053679441,7.87879432400669,12.4910648064927,10.2991067573844,0,12.2316965299177,7.02619384873489,7.7594845189613,8.60635811478932,10.0563412829915,8.81746562227492,13.1332897630411,16.9470321885574,10.2742444977721,10.0801537686684,13.6046462651552,19.9143013937221,9.67051704925853,8.75137132111305,7.24261002677902,13.7678720214854,10.3809151812352,10.8376980950754,13.093975714045,19.4994102474921,24.9481782902079,18.2183835726444,15.9232283158912,20.0955990206811,14.0124016499671,17.3281707055303,20.1793433986342,12.9901847561919,17.2920762200495,14.5895133572028,24.2479504288507,24.6312788949336,20.9913410719754,21.7397930072942,17.1303560967074,15.8738905124106,30.248484259546,22.9071648180215,18.0483240219141,13.4081691516776,22.1391101898879,21.7528136111171,18.0312950172748,18.9826763128912,10.652901013339,22.7486658949487,11.654947447329,14.7330682479923,14.8644946096394,15.9261169153061,12.4910648064927,5.34360365296679,16.9470321885574,9.68714612256881,10.6554727722424,10.8376980950754,10.7529019338967,7.10677141886525,11.1186644881478,13.7678720214854,14.7611483293137,7.13562891411822,8.63362612116138,11.7069124879278,6.05635203732412,12.6099841395618,12.4761893220647,11.2517865248146,10.1803487170136,7.24261002677902,7.51288892504075,10.0801537686684,8.59995930222929,10.3783428349617,10.9125798966147,5.03488828078638,13.6046462651552,4.56188557506652,9.70716745503033,24.2479504288507,20.7429626620693,17.2914082711617,14.5895133572028,18.2532353296614,15.9394071407942,13.7218694061706,18.9826763128912,27.3662036095619,25.6900175165374,23.8759502428699,14.7065937592632,21.7113656871234,17.9500306406424,32.390481626552,14.9713860413791,21.7231213226829,15.9819366786382,23.7932637525834,12.6550819831402,26.2829222119611,13.0049413685722,18.9516912174085,15.8104301016766,29.5876410009315,19.4769607485357,14.0124016499671,23.7972477400224,18.2183835726444,20.0552586620068
