1e+20,48.52,33.53,71.22,42.05,33.07,47.05,82.42,58.25,39.39,49.35,42.43,34.56,74.75,66.14,51.63,37,48.57,59.73,46.11,48.48,41.49,35.73,44.11,39.25,41.67,43.3,44.39,37.2,58.28,43.27,52.29,102.81,77.66,84.94,94.28,50.64,62.61,54.97,119.46,271.63,65.98,53.33,70.45,69.83,60.26,60.79,69.14,44.19,76.91,144.25,100.76,47.64,55.06,67.85,47.34,135.76,176.41,93.45,51.61,41.99,48.52,34.6,40.84,49.44,36.38,33.07,37.2,46.24,42.0000000000001,34.56,62.48,38.32,41.67,42.05,34.71,37,71.22,58.36,40.99,38.01,46.61,135.85,30.4,31.91,0,38.55,58.42,64.01,54.5,85.16,92.4400000000001,60.87,69.14,122.82,53.82,65.98,95.35,45.29,72.33,42.56,145.72,113.01,83.55,100.5,73.15,60.44,147.46,144.25,58.5,57.46,88.92,100.76,82.75,90.7199999999999,48.38,79.49,53.33,79.59,50.16,56.09,46.24,34.48,58.36,41.31,47.93,64.01,54.86,37.14,45.59,38.55,58.23,36.84,30.33,56.34,37.68,44.11,44.85,62.4,39.47,0,35.68,38.01,34.61,35.73,36.05,41.49,46.61,31.99,42.87,145.72,84.52,61.65,42.56,70.31,58.09,47.8,90.7199999999999,149.93,176.41,135.76,42.18,93.34,75.91,271.63,54.97,75.98,60.79,88.43,43.78,141.06,52.29,122.39,60.28,149.58,76.4899999999999,53.82,91.5999999999999,60.87,99.92
48.52,1e+20,43.03,62.5000000000001,40.7,30.57,34.54,53.55,40.4400000000001,33.97,37.06,30.61,24.9,57.6700000000001,72.32,22.71,48.63,70.86,67.5,50.56,37.38,31.18,37.76,67.08,15.65,28.67,30,33.3,20.82,34.98,58.48,54.12,145.14,53.4,97.47,104.93,77.59,110.57,88.8300000000001,149.69,340.27,98.87,72.87,68.29,68.11,68.23,94.43,68.96,68.74,110.14,147.17,135.64,65.61,122.14,75.33,70.36,162.13,260.86,119.07,50.55,38.53,0,22.78,41.09,47.38,26.4,30.57,20.82,52.94,27.9,24.9,40.38,19.07,28.67,40.7,30.19,48.63,62.5000000000001,92.4900000000001,42.01,58.19,68.74,223.82,49.26,39.63,48.52,47.42,64.87,45.55,57.67,100.96,200.03,95.06,68.96,228.68,76.24,98.87,128.8,52.24,92.27,70.77,149.4,128.65,124.87,122.9,105.18,81.14,226.76,147.17,93.74,59.14,125.81,135.64,96.39,102.53,45.68,127.94,72.87,83.71,70.34,103.42,52.94,24.73,92.4900000000001,20.59,29.82,45.55,34.35,22.97,55.63,47.42,71.8500000000001,19.71,29.18,23.31,19.44,67.08,52.34,50.95,50.08,48.52,24.47,58.19,19.16,37.76,44.03,31.18,68.74,25.1,60.01,149.4,131.46,93.55,70.77,87.52,74.22,71.12,102.53,176.89,260.86,162.13,76.79,163.98,93.12,340.27,88.8300000000001,115.46,94.43,137.98,77.53,180.63,54.12,119.09,82.22,248.76,100.51,76.24,142.08,95.06,176.51
33.53,43.03,1e+20,55.61,44.57,34.67,55,85.71,54.88,40.15,42.29,48.42,44.23,68.33,65.74,40.87,39.29,43.02,51.49,48.91,41.99,35.99,34.21,50.4,47.08,32.08,43.26,37.35,38.91,53.0500000000001,42.32,59.23,97.57,62.07,72.23,85.3599999999999,46.59,58.41,45.9999999999999,112.24,235.25,66.85,59.55,72.88,65.49,66.64,49.72,59.14,50.44,81.82,129.15,83.77,46.2,73.61,58.3,50.59,114.15,169.67,95.4799999999999,53.72,37.9,43.03,39.61,38.32,53.84,36.82,34.67,38.91,54.17,47.6,44.23,46.12,45.15,32.08,44.57,35.89,39.29,55.61,65.42,43.71,38.48,43.71,130.76,38.42,39.38,33.53,41.6600000000001,46.32,58.75,48.56,79.65,101.38,58.9199999999999,59.14,124.4,44.97,66.85,100.08,45.86,60.7,45.67,145.31,106.36,87.4400000000001,104.64,64.61,61.16,162.15,129.15,58.17,47.13,80.22,83.77,76.14,82.39,45.21,83.62,59.55,82.29,51.22,68.2,54.17,46.1800000000001,65.42,37.02,61.09,58.75,50.61,46.85,45.75,41.6600000000001,48.33,43.07,33.85,42.03,31.19,50.4,46.23,52.17,35.73,33.53,40.28,38.48,33.98,34.21,41.84,35.99,43.71,33.42,40.01,145.31,95.8699999999999,60.2,45.67,75.29,52.75,50.74,82.39,147.92,169.67,114.15,46.45,110.05,73.59,235.25,45.9999999999999,73.12,49.72,77.87,52.95,138.02,59.23,110.04,64.07,151.21,75.23,44.97,92.7899999999999,58.9199999999999,116.07
71.22,62.5000000000001,55.61,1e+20,48.84,54.4500000000001,64.25,90.38,67.7300000000001,65.68,67.3500000000001,70.11,73.99,80.05,75.58,57.2300000000001,69.45,73.8800000000001,94.01,72.47,65.1200000000001,57.3400000000001,64.19,63.47,63.93,63.4900000000001,73.85,53.39,61.09,63.2800000000001,77.8600000000001,67.93,131.63,97.83,102.81,104.72,75.04,96.34,63.12,133.22,172.25,90.24,80.6700000000001,90.69,75.87,79.73,75.99,65.19,71.5600000000001,71.26,173.62,100.24,53.47,114.32,76.9600000000001,68.9100000000001,113.29,148.72,114.3,73.87,64.46,62.5000000000001,61.65,44.59,33.4,54.85,54.4500000000001,61.09,74.84,75.49,73.99,59.9700000000001,64.6800000000001,63.4900000000001,48.84,49.77,69.45,0,76.93,74.12,56.19,76.4700000000001,64.9300000000001,67.5300000000001,52.6700000000001,71.22,72.22,52.91,79.97,78.9100000000001,107.19,98.5999999999999,84.7499999999999,65.19,115.64,73.8,90.24,142.64,67.76,95.71,84.9100000000001,149.47,140.82,80.7300000000001,144.72,79.39,90.85,150.76,173.62,86.3200000000001,69.66,118.42,100.24,103.52,75.36,46.57,128.48,80.6700000000001,94.6600000000001,84.9300000000001,101.18,74.84,62.52,76.93,60.08,73.5400000000001,79.97,65.95,65.68,76.2,72.22,58.22,65.47,62.3100000000001,65.95,62.28,63.47,68.76,59.9,75.4,71.22,62.3400000000001,56.19,47.78,64.19,69.7900000000001,57.3400000000001,76.4700000000001,61.89,73.3100000000001,149.47,139.64,75.48,84.9100000000001,90.28,82.44,77.19,75.36,189.04,148.72,113.29,77,119.79,80.25,172.25,63.12,109.49,75.99,105.78,77.27,181.87,67.93,115.78,94.9,147.08,115.44,73.8,140.37,84.7499999999999,83.08
42.05,40.7,44.57,48.84,1e+20,36.46,32.1,75.2,38.9,42.3,65.9400000000001,39.4000000000001,31.36,43.92,71.4200000000001,44.3,42.72,67.5300000000001,78.07,66.61,18.49,30.56,50.88,47.06,32.92,54.9,38.42,43.92,23.76,42.01,56.81,55.92,144.42,84.8100000000001,104.25,101.93,68.69,99.78,58.21,146.51,234.89,75.89,69.35,85.4400000000001,86.99,74.66,88.15,70.93,60.51,70.66,164.62,110.68,43.12,88.95,63.16,63.83,122.7,145.52,123.39,67.89,42.12,40.7,20.54,36.88,34.87,46.11,36.46,23.76,66.16,45.95,31.36,61.1600000000001,25.99,54.9,0,28.58,42.72,48.84,46.5700000000001,59.72,32.22,55.26,87.24,41.32,36.11,42.05,55.45,46.71,65.01,69.71,112.87,116.93,95.78,70.93,149.08,70.16,75.89,114.31,68.85,92.3300000000001,69.86,155.53,137.07,99.58,134.79,84.31,70.1,168.39,164.62,75.54,63.44,129.18,110.68,105.44,89.17,48.56,130.38,69.35,88.61,62.65,77.8900000000001,66.16,38.75,46.5700000000001,39.1,52.46,65.01,44.71,23.35,56.39,55.45,54.72,24.39,36.99,51.38,46.44,47.06,53.23,34.66,44.71,42.05,20.9,32.22,21.27,50.88,53.3200000000001,30.56,55.26,28.36,61.24,155.53,120.1,76.81,69.86,81.4600000000001,75.82,60.31,89.17,193.93,145.52,122.7,67.02,109.18,83.83,234.89,58.21,110.28,88.15,131.48,50.83,186.43,55.92,122.05,79.74,181.56,99.15,70.16,131.44,95.78,128.18
33.07,30.57,34.67,54.4500000000001,36.46,1e+20,45,53.8500000000001,50.66,38.13,32.2,29.01,31.21,58.52,60.01,31.88,22.72,41.35,46.26,47.19,37.15,31,29.83,51.77,26.63,32.54,34.27,35.46,23.84,44.7,43.66,35.41,87.27,55.22,63.37,60.88,42.07,58.7,45.01,87.67,256.1,59.57,45.97,54.04,53.39,43.32,46.7,56.62,30.33,71.45,87.95,71.3,45.02,75.08,65.66,42.32,104.37,227.85,80.46,30.36,27.96,30.57,23.23,31.58,42.92,27.89,0,23.84,35.83,39.66,31.21,29.78,25.73,32.54,36.46,20.3,22.72,54.4500000000001,65.1700000000001,30.6,39.72,38.39,213.26,30.09,29.2,33.07,40.13,44.74,40.23,42.52,59.36,108.57,59.65,56.62,182.37,39.92,59.57,70.7600000000001,37.03,56.73,32.88,98.64,88.8099999999999,66.53,80.95,70.36,45.59,166.82,87.95,45.99,39.99,54.98,71.3,61.75,73.58,36.16,88.5500000000001,45.97,62.05,31.23,54.35,35.83,25.21,65.1700000000001,27.16,38.65,40.23,44.29,23.91,36.48,40.13,43.8,24.11,30.24,39.98,32.91,51.77,32.19,57.44,38.3,33.07,23.68,39.72,19.43,29.83,37.75,31,38.39,26.48,43.81,98.64,88.76,46.89,32.88,60.93,34.4,31.87,73.58,107.76,227.85,104.37,35.53,119.23,49.99,256.1,45.01,59.98,46.7,65.63,44.34,106.18,35.41,91.85,44.47,152.81,59.94,39.92,81.06,59.65,118.68
47.05,34.54,55,64.25,32.1,45,1e+20,42.52,19.23,40.42,53.23,39.14,30.85,22.83,58.86,34.72,41.65,63.58,85.7300000000001,69.81,27.16,39.89,57.91,49.89,38.76,56.73,23.05,37.49,32.09,25.5,58.16,57.23,102.97,63.24,86.55,86.9099999999999,70.06,78.9100000000001,64.67,115.36,201.42,66.78,55,59.39,71.91,65.59,84.29,60.44,59.75,66.85,126.95,94.52,53.8,74.9899999999999,57.76,48.4,92.13,123.94,91.1,50.68,44.05,34.54,36.9,43.15,44.76,41.09,45,32.09,67.6,25.78,30.85,59.55,38.78,56.73,32.1,37.62,41.65,64.25,58.87,35.59,44.03,63.25,107.8,52.34,56.18,47.05,43.4,53.76,37.4800000000001,76.5300000000001,82.07,97.0800000000001,75.2500000000001,60.44,113.95,64.1400000000001,66.78,77.48,61.32,88.8500000000001,48.59,125.94,102.68,73.1,97.8200000000001,68.56,69.2,120.16,126.95,75.72,63.14,101.68,94.52,86.84,61.01,49.48,83.2499999999999,55,83.1800000000001,64.01,49.85,67.6,41.3,58.87,46.44,36.32,37.4800000000001,19.38,38.39,55.1,43.4,48.33,37.53,35.84,28.22,39.6,49.89,52.65,21.68,48.6800000000001,47.05,37.13,44.03,35.76,57.91,64.72,39.89,63.25,39.5100000000001,76.85,125.94,97.8,72.51,48.59,58.21,62.96,70.41,61.01,129.8,123.94,92.13,61.1,77.81,76.35,201.42,64.67,82.21,84.29,90.23,62.17,125.23,57.23,85.49,61.72,135.99,83.84,64.1400000000001,83.98,75.2500000000001,94.66
82.42,53.55,85.71,90.38,75.2,53.8500000000001,42.52,1e+20,30.64,49.18,46.28,68.82,70.7600000000001,41.94,85.5499999999999,65.18,65.37,63.3700000000001,81.44,73.88,71.19,71.92,63.11,79.77,69.23,71.28,41.86,45.12,67.93,38.73,78.63,53.23,86.53,54.74,63.29,105.35,78.2300000000001,105.49,70.83,108.02,170.34,78.73,98.34,85.09,69.97,76.64,88.03,76.54,82.27,98.1999999999999,82.1600000000001,74.45,72.61,116.31,60.23,74.36,67.62,176.91,83.9,58.51,58.08,53.55,74.97,57.65,70.99,68.11,53.8500000000001,67.93,71.83,39.84,70.7600000000001,57.36,73.46,71.28,75.2,73.15,65.37,90.38,103.82,44.54,76.22,66.32,173.59,89.77,75.75,82.42,67.39,73.73,40.75,82.93,61.14,133.42,80.36,76.54,154.01,105.24,78.73,55.95,62.6900000000001,86.65,84.46,111.76,93.2399999999999,91.8699999999999,74.8700000000001,71.8,69.25,130.23,82.1600000000001,62.79,79.79,68.8,74.45,84.98,106.51,80.3,85.39,98.34,97.0599999999999,74.03,91.38,71.83,77.07,103.82,76.16,73.89,40.75,41.02,74.96,71.42,67.39,46.2,70.87,58.91,48.61,47.54,79.77,77.05,51.42,66.83,82.42,74.58,76.22,71.95,63.11,90.4,71.92,66.32,74.54,92.37,111.76,115.79,66.18,84.46,90.87,66.11,74.68,106.51,77.74,176.91,67.62,62.8099999999999,115.67,67.09,170.34,70.83,78.5,88.03,78.95,76.04,81.82,53.23,63.8,83.52,164.23,61.02,105.24,89.5799999999999,80.36,105.79
58.25,40.4400000000001,54.88,67.7300000000001,38.9,50.66,19.23,30.64,1e+20,41.4700000000001,53.94,44.81,36.82,22.04,65.24,43.6,49.04,60.04,87.2900000000001,63.16,33.37,49.73,57.85,55.4,44.43,62.76,23.44,44.02,43.13,20.07,68.79,48.21,94.73,60.26,78.43,93.1999999999999,72.25,85.3500000000001,55.91,109.07,160.71,62.03,63.34,56.15,77.83,73.9100000000001,87.3,61.06,63.8,82.58,105.36,81.42,58.31,86.6199999999999,56.51,56.69,71.04,124.89,99.26,58.4,48.26,40.4400000000001,46.07,43.93,53.2,48.87,50.66,43.13,71.48,23.95,36.82,54.85,45.68,62.76,38.9,46.41,49.04,67.7300000000001,58.17,35.95,52.44,64.78,86.0699999999999,56.38,68.58,58.25,48.24,47.11,32.62,81.23,76.4,97.16,82.9499999999999,61.06,121.49,73.72,62.03,64,63.74,97.37,56.91,120.5,111.04,81.89,83.59,61.3,68.55,137.76,105.36,80.7500000000001,68.66,87.9500000000001,81.42,91.27,67.73,52.2800000000001,85.98,63.34,106.45,69.87,58.9700000000001,71.48,49.22,58.17,58.37,45.22,32.62,18.78,45.22,65.85,48.24,50.25,45.94,46.22,34.92,45.33,55.4,64.88,19.45,54.71,58.25,47.89,52.44,45.55,57.85,64.6899999999999,49.73,64.78,41.61,76.13,120.5,96.6000000000001,59.52,56.91,61.6100000000001,66.24,66.59,67.73,98.06,124.89,71.04,60.89,78.5699999999999,71.94,160.71,55.91,83.83,87.3,94.49,62.49,99.49,48.21,70.72,75.34,111.91,80.4,73.72,97.01,82.9499999999999,106.72
39.39,33.97,40.15,65.68,42.3,38.13,40.42,49.18,41.4700000000001,1e+20,35.63,62.33,50.79,60.8900000000001,60.26,26.21,33.29,34.74,82.19,57.16,41.9,23.74,44.84,53.93,53.04,39.49,43.12,33.04,31.1,39.51,45.14,58.97,92.84,49.76,64.84,67.74,48.09,77.89,54.75,83,233.59,72.85,57.96,75.92,59.63,65.8,68.17,59.62,57.14,89.12,75.29,91.69,50.4,89.5299999999999,38.49,52.64,105.15,208.6,79.36,57.11,37.11,33.97,38.66,47.68,51.13,43.46,38.13,31.1,59.78,44.33,50.79,41.7,50.37,39.49,42.3,32.36,33.29,65.68,76.01,35.01,46,43.83,139.05,40.47,38.66,39.39,46.21,39.45,35.87,70.43,57.31,103.88,61.33,59.62,137.7,55.7,72.85,55.87,47.86,70.22,60.38,97.75,86.7,95.42,75.19,55.17,59.05,179.18,75.29,60.09,45.3,83.13,91.69,74.66,103.53,56.2,88.8100000000001,57.96,62.54,51.48,74.09,59.78,59.7,76.01,38.95,73.14,35.87,48.64,50.03,54.35,46.21,60.55,47.51,34.28,37.89,30.1,53.93,51.24,54.84,35.27,39.39,37.08,46,29.9,44.84,51.37,23.74,43.83,40.59,55.08,97.75,106.98,66.84,60.38,67.99,55.34,51.43,103.53,83.81,208.6,105.15,46.23,122.28,64.09,233.59,54.75,72.3800000000001,68.17,85.02,45.98,81.6,58.97,70.0299999999999,70.11,179.31,74.1,55.7,94.55,61.33,82.74
49.35,37.06,42.29,67.3500000000001,65.9400000000001,32.2,53.23,46.28,53.94,35.63,1e+20,70.48,61.98,70.79,64.37,33.24,43.12,31.95,55.55,37.9,66.03,42.93,34.05,62.5300000000001,53.92,28.66,41.96,26.5,40.97,45.5,40.6,42.85,81.55,47.58,45.88,56.54,42.89,72.64,53.55,85.15,235.25,71.51,55.58,52.2,45.04,47.86,58.33,55.35,42.87,80.74,83.27,82.5,44.38,90.8900000000001,61.47,46.09,103.68,214.43,56.09,34.95,35.78,37.06,50.46,40.68,52.09,34.89,32.2,40.97,39.27,46.66,61.98,35.11,57.04,28.66,65.9400000000001,34.17,43.12,67.3500000000001,91.88,32.2,46.83,41.54,198.16,45.96,38.69,49.35,50.75,52.14,37.03,58.05,50.23,135.24,40.19,55.35,161.71,55.51,71.51,67.0700000000001,37.61,58.39,51.22,78.42,69.95,81.65,76.37,62.97,55.55,147.36,83.27,50.49,40.23,55.15,82.5,61.72,82.31,40.46,81.43,55.58,56.36,42.25,95.86,39.27,59.01,91.88,46.03,74.57,37.03,55.95,59.39,50.44,50.75,43.03,55.71,34.07,32.7,29.26,62.5300000000001,36.13,74.93,45.73,49.35,47.63,46.83,36.58,34.05,42.9,42.93,41.54,50.86,52.43,78.42,99.7500000000001,44.69,51.22,58.15,39.03,42.45,82.31,61.47,214.43,103.68,40.25,118.89,50.04,235.25,53.55,69.26,58.33,58.89,54.59,69.2,42.85,76.82,57.92,158.5,61.64,55.51,77.9,40.19,107.2
42.43,30.61,48.42,70.11,39.4000000000001,29.01,39.14,68.82,44.81,62.33,70.48,1e+20,27.31,48.1700000000001,79.16,49.47,56.25,82.97,53.69,36.47,30.06,34.96,31.27,59.28,22.12,50.04,26.4200000000001,59.26,28.06,41.37,39.3,34.76,120.64,79.17,86.77,113.52,53.3,74.5,41.14,124.72,315.52,63.37,41.16,37.7,85.64,47.27,77.79,71.39,35.48,66.59,187.57,122.23,43.85,61.31,77.2800000000001,40.85,178.92,190.56,65.03,31.07,37.69,30.61,20.4,33.81,47.29,24.9,29.01,28.06,37.2,32.52,27.31,74.34,19.54,50.04,39.4000000000001,23.79,56.25,70.11,57.9500000000001,68.86,41.98,46.09,207.38,36.23,30.14,42.43,52.88,74.22,60.35,45.58,133.3,115.01,44.03,71.39,162.87,48.95,63.37,142.03,42.13,56.75,46.83,155.39,97.6500000000001,68.33,133.13,121.7,45.67,127.19,187.57,50.16,60.03,92.63,122.23,116.11,73.9700000000001,38.42,119.76,41.16,98.19,28.56,39.43,37.2,31.12,57.9500000000001,28.17,28.78,60.35,42.37,19.18,43.03,52.88,41.11,19.08,24.85,46.19,40.66,59.28,26.97,40.91,50.64,42.43,20.79,41.98,22.72,31.27,42.98,34.96,46.09,27.93,56.65,155.39,86.5699999999999,48.09,46.83,51.38,68.83,31.98,73.9700000000001,228.58,190.56,178.92,36.01,91.7900000000001,91.86,315.52,41.14,104.42,77.79,70.74,42.03,188.37,34.76,137.8,44.09,143.75,107.85,48.95,63.19,44.03,187.89
34.56,24.9,44.23,73.99,31.36,31.21,30.85,70.7600000000001,36.82,50.79,61.98,27.31,1e+20,52.1,90.19,47.21,49.66,89.98,65.71,48.15,31.37,32.06,35.32,43.87,19.79,41.56,36.3000000000001,50.22,24.82,39.26,53.2,55.1,152.66,80.5099999999999,117.34,143.61,74,70.3099999999999,72.04,147.25,386.1,69.66,48.1600000000001,47.75,103.01,66.41,99.86,87.61,53.79,98.47,203.97,154.52,54.75,75.46,74.35,47.87,193.04,192.56,95.12,55.1,45.02,24.9,20.02,36.54,47.7100000000001,30.85,31.21,24.82,57.53,30.91,0,75.21,18.89,41.56,31.36,29.5,49.66,73.99,57.6600000000001,60.91,40.37,57.09,135.98,32.91,41.34,34.56,44.18,67.1200000000001,61.02,54.39,151.76,100.56,70.74,87.61,156.92,60.98,69.66,151.24,52.73,81.8500000000001,39.57,220.06,129,87.56,145.63,123.56,72.66,150.8,203.97,72.2600000000001,69.37,139.77,154.52,121.86,76.25,45.56,125.72,48.1600000000001,120.01,54.23,55.53,57.53,17.19,57.6600000000001,29.93,30.45,61.02,31.16,20.14,51.07,44.18,69.29,18.34,24.12,39.56,27.61,43.87,50.6,43.8,53.53,34.56,22.34,40.37,24.14,35.32,35.27,32.06,57.09,18.34,47.97,220.06,78.46,83.34,39.57,55.29,90.61,64.1,76.25,261.92,192.56,193.04,68.65,88.47,120.62,386.1,72.04,119.51,99.86,97.2099999999999,59.36,251.85,55.1,144.52,62.89,159.58,112.43,60.98,90.31,70.74,153.48
74.75,57.6700000000001,68.33,80.05,43.92,58.52,22.83,41.94,22.04,60.8900000000001,70.79,48.1700000000001,52.1,1e+20,74.1,75.38,60.17,73.78,99.79,83.53,43.34,66.15,69,66.84,57.5000000000001,71.62,22.41,50.5600000000001,60.78,25.23,78.1700000000001,53.48,112.74,77.84,102.48,115.49,80.4499999999999,100.39,67.1299999999999,131.11,167.96,76.06,82.03,73.6200000000001,87.19,76.8300000000002,94.6899999999999,68.03,80.39,71.58,134.42,104.19,59.99,92.62,66.27,68.77,82.16,129.31,123.09,61.87,64.44,57.6700000000001,60.12,38.3,57.8,57.68,58.52,60.78,77.4,26.69,52.1,64.75,60.1200000000001,71.62,43.92,48.17,60.17,80.05,59.14,50.62,68.97,78.2,59.87,78.91,71.7,74.75,65.71,53.84,50.12,90.3400000000001,91.62,76.0000000000001,90.9199999999999,68.03,120.82,84.0699999999999,76.06,91.61,75.32,105.42,79.87,144.87,132.12,91.65,104.6,60.8500000000001,75.74,136.31,134.42,87.35,84.7800000000001,110.14,104.19,103.88,77.4900000000001,55.85,99.02,82.03,118.6,79.12,69.5400000000001,77.4,59.19,59.14,65.01,55.9700000000001,50.12,20.16,58.59,81.7400000000001,65.71,48.65,59.6200000000001,56.58,39.43,58.58,66.84,71.38,18.4,62.32,74.75,60.0300000000001,68.97,49.72,69,76.9200000000001,66.15,78.2,60.43,90.24,144.87,125.22,70.44,79.87,77.67,85.29,88.12,77.4900000000001,135.42,129.31,82.16,73.1300000000001,91.78,77.78,167.96,67.1299999999999,97.84,94.6899999999999,102.05,71.82,128.14,53.48,79.58,87.31,123.07,100.99,84.0699999999999,116.69,90.9199999999999,109.69
66.14,72.32,65.74,75.58,71.4200000000001,60.01,58.86,85.5499999999999,65.24,60.26,64.37,79.16,90.19,74.1,1e+20,55.83,61.87,66.26,89.86,78.95,68.49,59.25,71.76,60.37,105.13,63.7800000000001,69.13,48.39,69.16,61.15,64.06,81.5,87.76,69.94,74.71,67.41,62.9,76.4,69.23,102.51,226.08,83.06,72.11,85.68,65.2,73.5,73.45,63.95,57.23,90.1700000000001,119.1,90.12,62.63,68.32,72.46,61.82,120.63,165.35,93.3499999999999,64.5,61.11,72.32,74.74,69.51,69.66,68.97,60.01,69.16,76.62,63.54,90.19,59.71,90.5199999999999,63.7800000000001,71.4200000000001,66.12,61.87,75.58,61.5,57.97,62.33,76.75,197.9,53.45,65.53,66.14,58.58,67.86,70.14,73.72,85.16,90.6,66.69,63.95,105.41,67.02,83.06,86.01,52.35,80.54,68.37,106.53,90.56,94.99,88.07,69.26,71.07,159.51,119.1,67.08,47.35,87.18,90.12,69.24,79.23,51.95,75.06,72.11,65.5,77.39,97.8200000000001,76.62,76.97,61.5,65.52,101.4,70.14,61.15,94.9899999999999,72.1,58.58,72.06,98.4299999999999,59.34,73.78,63.24,60.37,68.05,73.43,64.33,66.14,75,62.33,66.85,71.76,70.1,59.25,76.75,67.52,78.14,106.53,91.7499999999999,76.4,68.37,62.23,71.49,63.69,79.23,132.4,165.35,120.63,51.63,104.71,74.74,226.08,69.23,78.45,73.45,81.43,59.22,128.17,81.5,102.21,62.99,157.71,89.67,67.02,91.81,66.69,96.7500000000001
51.63,22.71,40.87,57.2300000000001,44.3,31.88,34.72,65.18,43.6,26.21,33.24,49.47,47.21,75.38,55.83,1e+20,39,48.47,79.98,51.36,39.54,18.5,43.27,54.8400000000001,40.7,28.65,36.57,31.89,19.08,39.17,47.28,67.01,108.84,53.59,73.49,69.76,57.59,101.35,72.82,106.76,271.94,90.49,58.37,77.62,49.57,59.55,80.2800000000001,51.13,60.08,96.01,104.88,106.52,53.23,106.97,54.37,52.92,132.32,233.7,86.6400000000001,57.86,34.63,22.71,32.57,47.87,46.1,38.25,31.88,19.08,57.04,43.29,47.21,39.23,35.91,28.65,44.3,28.19,39,57.2300000000001,88.87,36.99,57.7,54.23,212.08,48.29,36.41,51.63,54.14,49.52,35.17,65.64,68.31,184.19,68.96,51.13,190.17,67.58,90.49,94.14,49.13,76.32,70.37,96.62,100.97,100.34,86.7,78.01,69.2499999999999,219.1,104.88,69.32,43.42,106.67,106.52,71.97,95.84,49.54,108.66,58.37,48.7,62.11,112.4,57.04,51.88,88.87,24.69,66.25,35.17,41.55,37.19,50.1600000000001,54.14,66.56,33.83,28.49,29.75,28.29,54.8400000000001,44.51,59.01,42.14,51.63,28.74,57.7,20.61,43.27,50.4500000000001,18.5,54.23,29.04,54.81,96.62,113.83,73.81,70.37,66.36,62.23,57.87,95.84,122.67,233.7,132.32,59.74,151.75,64.65,271.94,72.82,92.64,80.2800000000001,101.65,63.13,124.38,67.01,88.62,76.0000000000001,231.16,92.52,67.58,122.14,68.96,135.79
37,48.63,39.29,69.45,42.72,22.72,41.65,65.37,49.04,33.29,43.12,56.25,49.66,60.17,61.87,39,1e+20,38.67,56.62,50.06,43.97,33.62,38.73,50.81,59.66,38.16,40.89,37.1100000000001,32.02,43.05,39.25,43.18,82.32,52.77,56.93,57.74,42.61,71.39,52.26,78.53,242.02,54.75,56.75,64.03,58.28,54.63,53.66,51.03,42.04,66.3,92.69,79.9,43.85,66.8,57.76,54.67,104.24,198.36,71.48,39.15,26.3,48.63,34.89,39.41,48.65,40.25,22.72,32.02,52.51,41.65,49.66,42.77,48.16,38.16,42.72,37.75,0,69.45,73.48,30.42,40.04,37.79,141.66,33.77,36.81,37,41.51,58.11,42.25,48.09,61.7,93.4400000000001,57.87,51.03,139.13,53.89,54.75,65.58,44.23,53.96,44.19,106.44,80.83,63.31,86.55,65.91,47.07,134.94,92.69,50.38,35.41,60.83,79.9,68.65,80.6299999999999,42.99,76.91,56.75,71.4,38.05,80.5200000000001,52.51,43.72,73.48,41.18,67.48,42.25,43.67,52.09,40.97,41.51,55.08,50.46,33.05,43.6200000000001,35.22,50.81,35.96,57.82,26.69,37,35.44,40.04,36.5,38.73,48.85,33.62,37.79,27.41,53.13,106.44,100.5,55.29,44.19,57.99,37.89,38.73,80.6299999999999,103.15,198.36,104.24,35.86,98.48,45.6,242.02,52.26,60.44,53.66,66.25,43.6,86.22,43.18,101.03,51.59,178.28,52.43,53.89,74.98,57.87,84.1400000000001
48.57,70.86,43.02,73.8800000000001,67.5300000000001,41.35,63.58,63.3700000000001,60.04,34.74,31.95,82.97,89.98,73.78,66.26,48.47,38.67,1e+20,64.86,48.65,68.3,44.3,48.02,55.45,91.61,39.53,57.77,40.17,54.86,57.16,35.35,54.32,69.79,62.66,41.73,54.81,40.6,57.78,45.19,77.49,215.1,54.19,47.87,67.33,49.38,53.61,46.13,60.77,48.36,70.28,77.28,60.52,43.48,82.19,51.49,43.55,89.1400000000001,183.34,57.45,59.28,41,70.86,62.38,51.57,54.51,50.98,41.35,54.86,53.96,59.45,89.98,49.85,76.67,39.53,67.5300000000001,43.83,38.67,73.8800000000001,82.3300000000001,42.44,40.06,37.08,163.48,45.06,39.17,48.57,45.99,44.95,46.65,65.6,47.44,104.14,36.79,60.77,129.07,48.72,54.19,54.89,48.09,53.87,48.19,98.66,81.8000000000001,69.89,72.12,57.65,46.13,127.35,77.28,45.15,41.29,53.66,60.52,54.45,86.9999999999999,52.72,76.83,47.87,58.24,39.09,90.9,53.96,81.1,82.3300000000001,57.34,90.35,46.65,64.11,85.63,42.74,45.99,51.63,83.67,44.64,57.15,41.38,55.45,39.86,88.58,39.64,48.57,60.69,40.06,56.1300000000001,48.02,50.76,44.3,37.08,58.96,45.1,98.66,80.57,41.68,48.19,59.52,34.24,38.29,86.9999999999999,77.18,183.34,89.1400000000001,34.81,91.17,41.48,215.1,45.19,52.64,46.13,67.06,39.92,72.25,54.32,74.12,48.78,152.54,51.61,48.72,63.02,36.79,98.16
59.73,67.5,51.49,94.01,78.07,46.26,85.7300000000001,81.44,87.2900000000001,82.19,55.55,53.69,65.71,99.79,89.86,79.98,56.62,64.86,1e+20,41.38,87.87,71.01,39.49,65.98,61.76,58.67,55.39,58.14,66.74,76.61,46.69,48.25,82.28,68.65,56.17,79.08,56.1000000000001,58.21,67.06,82.32,251.79,62.76,58.02,54.65,66.41,56.59,59.02,68.73,53.82,91.5,104.73,94.77,52.56,68.69,92,62.66,125.59,194.66,68.59,50.9400000000001,47.51,67.5,63.54,56.99,67,53.79,46.26,66.74,49.54,59.6,65.71,67.17,60.69,58.67,78.07,55.79,56.62,94.01,84.9300000000001,58.67,60.21,47.37,157.92,52.99,59.37,59.73,63.5,80.3,72.13,38.71,80.24,112.57,48.79,68.73,151.23,60.35,62.76,99.0600000000001,48.98,63.02,50.1,120.88,78.85,83.04,94.92,93.76,48.11,130.17,104.73,55.4500000000001,53.91,66.19,94.77,65.57,70.1900000000001,55.15,72.3,58.02,82.97,51.95,66.32,49.54,53.15,84.9300000000001,59.45,48.29,72.13,81.85,64.1200000000001,51.71,63.5,56.11,61.92,47.86,66.28,60.19,65.98,45.38,97.55,56.5800000000001,59.73,66.9100000000001,60.21,57.51,39.49,47.6,71.01,47.37,56.69,47.92,120.88,89.09,55.12,50.1,61.98,54.08,46.53,70.1900000000001,115.07,194.66,125.59,57.67,108.18,72.39,251.79,67.06,75.99,59.02,75.09,55.96,109.99,48.25,109.15,55.9899999999999,159.96,64.33,60.35,63.91,48.79,124.98
46.11,50.56,48.91,72.47,66.61,47.19,69.81,73.88,63.16,57.16,37.9,36.47,48.15,83.53,78.95,51.36,50.06,48.65,41.38,1e+20,64.84,53.29,30.23,54.3,47.86,43.35,60.3600000000001,36.55,50.32,53.73,44.94,41.52,83.6199999999999,71.36,50.12,74.77,42.93,57.49,58.39,94.81,229.76,68.32,55.28,47,56.66,50.39,61.37,62.17,45.54,80.0799999999999,98.04,76.02,47.6,76.82,79.09,52.66,109.03,199.07,64.78,51.35,37.67,50.56,48.82,39.75,58.5000000000001,36.04,47.19,50.32,40.53,53.55,48.15,54.32,48.53,43.35,66.61,36.34,50.06,72.47,83.07,46.04,47.95,40.97,146.26,47.37,45.75,46.11,47.57,61.58,54.51,46.51,70.3,98.46,42.3,62.17,156.71,56.21,68.32,80.46,43.91,58.18,53.16,109.08,90.98,75.51,89.5399999999999,75.0100000000001,55.33,117.65,98.04,56.76,45.25,60.34,76.02,63.95,76.42,54.36,69.25,55.28,78.58,44.6,66.85,40.53,45.7,83.07,50.89,52.93,54.51,64.62,53.44,47.14,47.57,55.96,49.15,34.28,50.33,45.32,54.3,39.47,72.1100000000001,40.69,46.11,53.45,47.95,45.37,30.23,42.07,53.29,40.97,42.3,44.6199999999999,109.08,76.88,49.51,53.16,66.33,47.62,44.82,76.42,86.7699999999999,199.07,109.03,43.37,103.06,64.04,229.76,58.39,71.36,61.37,70.06,48.08,94.5,41.52,98.1,53.01,149.61,57.57,56.21,58.77,42.3,100.66
48.48,37.38,41.99,65.1200000000001,18.49,37.15,27.16,71.19,33.37,41.9,66.03,30.06,31.37,43.34,68.49,39.54,43.97,68.3,87.87,64.84,1e+20,24.95,48.69,51.57,35.88,48.23,34.61,43.92,27.3,39.28,57.47,69.08,111.37,77.23,105.74,100.95,70.61,78.34,56.0700000000001,117.9,267.33,63.67,54.25,61.02,90.7,70.69,85.14,60.64,62.72,76.8699999999999,153.22,110.87,50.41,74.7700000000001,60.85,50.78,129.07,132.26,82.92,61.76,49.46,37.38,26.9,42.48,44.3,43.39,37.15,27.3,64.03,44.27,31.37,71.65,32.73,48.23,18.49,29.35,43.97,65.1200000000001,50.26,61.18,32.98,60.02,109.32,43.2,46.59,48.48,45.18,46.87,54.47,70.99,123.4,99.24,70.63,60.64,111.58,62,63.67,113.75,60.5,86.49,50.54,161.94,114.95,89,123.4,94.36,79.69,146,153.22,64.2,62.66,132.66,110.87,97.63,77.77,44.97,117.84,54.25,75.8,62.09,53.04,64.03,47.37,50.26,29.2,45.27,54.47,38.42,31.27,62.75,45.18,53.79,31.83,37.14,45.76,42.31,51.57,54.13,32.53,49.61,48.48,29.3,32.98,28.63,48.69,51.22,24.95,60.02,23.73,58.28,161.94,94.71,71.58,50.54,57.58,80.79,68.71,77.77,230.92,132.26,129.07,69.38,83.07,95.77,267.33,56.0700000000001,105.36,85.14,88.21,62.76,190.78,69.08,116.02,69.31,137.24,97.52,62,118.47,70.63,152.27
41.49,31.18,35.99,57.3400000000001,30.56,31,39.89,71.92,49.73,23.74,42.93,34.96,32.06,66.15,59.25,18.5,33.62,44.3,71.01,53.29,24.95,1e+20,46.38,52.44,30.26,29.34,39.79,36.44,17.99,47.52,46.36,62.52,126.4,62.06,82.27,88.7600000000001,59.19,90.6000000000001,68.43,130.12,298.26,75.77,55.1600000000001,82.5600000000001,65.84,66.13,76.07,63.41,53.09,85.67,125.12,110.86,48.21,88.1100000000001,50.81,54.52,141.39,201.32,103.15,62.82,34.17,31.18,19.45,46.48,44.03,39.95,31,17.99,58.99,47.14,32.06,47.04,23.42,29.34,30.56,26.63,33.62,57.3400000000001,66.6400000000001,51.79,41.08,46.99,176.78,33.8,34,41.49,46.41,46.79,45.94,56.47,90.34,132.11,77.7,63.41,151.65,59.5300000000001,75.77,97.98,58.74,82.35,63.13,153.12,118.64,98.64,104.93,79.5200000000001,65.12,184.66,125.12,73.4500000000001,43.94,114.86,110.86,79.5700000000001,106.12,48.17,119.44,55.1600000000001,72.09,57.11,76.98,58.99,39.99,66.6400000000001,22.37,46.74,45.94,51.28,23.29,51.74,46.41,67.55,23.51,33,42.82,32.59,52.44,44.92,55.5700000000001,35,41.49,17.29,41.08,19.63,46.38,44.86,0,46.99,21.46,42.57,153.12,116.79,71.36,63.13,79.81,63.8,53.76,106.12,165.65,201.32,141.39,56.86,117.4,81.31,298.26,68.43,94.66,76.07,110.39,51.76,167.09,62.52,98.44,69.38,212.04,88.65,59.5300000000001,119.47,77.7,139.37
35.73,37.76,34.21,64.19,50.88,29.83,57.91,63.11,57.85,44.84,34.05,31.27,35.32,69,71.76,43.27,38.73,48.02,39.49,30.23,48.69,46.38,1e+20,54.88,31.75,26.74,40.52,35.43,35.52,46.98,40.43,33.25,90.7700000000001,58.14,62.01,59.97,43.28,55.2,45,76.67,255.54,63.64,46.99,45.43,55.25,43.08,53.56,59.26,35.04,81.78,104.58,85.1,42.42,64.6,71.78,48.36,119.46,203.35,73.65,31.18,31.89,37.76,32.95,29.49,46.42,22.77,29.83,35.52,31.44,42.41,35.32,43.28,33.3,26.74,50.88,26.27,38.73,64.19,70.8,34.01,51.78,42.04,125.14,37.48,30.7,35.73,40.91,50.41,45.91,44.71,66.68,95.0400000000001,48.27,59.26,163.92,39.14,63.64,81.9399999999999,31.25,51.17,39.08,103.41,95.12,71.7,89.9,57.67,43.34,149.08,104.58,51.9,45.21,53.98,85.1,65.52,79.72,42.55,77.15,46.99,65.8,33.08,54.87,31.44,34.81,70.8,37.93,37.99,45.91,58.8,34.35,37.39,40.91,48.3200000000001,33.48,26.82,44.14,28.01,54.88,33.5,64.95,36.84,35.73,34.73,51.78,29.75,0,29.36,46.38,42.04,31.82,40.79,103.41,83.57,56.62,39.08,56.52,49.68,41.17,79.72,102.38,203.35,119.46,37.15,109.35,63.53,255.54,45,73.81,53.56,73.3,47.64,93.38,33.25,100.52,51.74,142.97,61.04,39.14,72.0500000000001,48.27,88.67
44.11,67.08,50.4,63.47,47.06,51.77,49.89,79.77,55.4,53.93,62.5300000000001,59.28,43.87,66.84,60.37,54.8400000000001,50.81,55.45,65.98,54.3,51.57,52.44,54.88,1e+20,59.78,54.8,53.71,56.76,50.98,53.32,50.09,63.1,80.63,81.48,77.06,70.21,61.1,64.01,54.22,95.47,213.58,64.81,53.8400000000001,77.73,64.36,64.42,65.68,60.66,61.18,78.59,130.41,92.74,48.67,73.79,71.42,54.11,122.89,138.18,86.77,63.95,53.03,67.08,49.8200000000001,55.03,59.59,60.83,51.77,50.98,56.47,52.93,43.87,72.27,53,54.8,47.06,47.08,50.81,63.47,54.2,52.48,40.72,53.63,141.73,42.22,59.18,44.11,44.65,53.03,55.78,66.37,87.89,94.55,66.96,60.66,108.11,52.79,64.81,95.56,64.84,88.09,52.68,110.36,85.16,87.5500000000001,85.83,69.3000000000001,68.19,144.98,130.41,74.58,56.29,99.79,92.74,75.18,78.17,63.36,74.5,53.8400000000001,60.47,64.4,71.8600000000001,56.47,46.53,54.2,54.46,57.5900000000001,55.78,46.79,51.19,49.29,44.65,65.26,51.66,42.08,60.09,53.34,0,59.4700000000001,53.28,53.13,44.11,53,40.72,53.91,54.88,47.98,52.44,53.63,46.56,48.87,110.36,75.14,62.17,52.68,61.82,63.81,55.36,78.17,139.2,138.18,122.89,56.09,92.2,74.28,213.58,54.22,85.5,65.68,85.45,43.98,124.62,63.1,91.75,64.14,129.88,87.98,52.79,93.05,66.96,90.72
39.25,15.65,47.08,63.93,32.92,26.63,38.76,69.23,44.43,53.04,53.92,22.12,19.79,57.5000000000001,105.13,40.7,59.66,91.61,61.76,47.86,35.88,30.26,31.75,59.78,1e+20,36.77,30.37,48.56,18,43.61,51.89,54.18,164.55,79.29,123.18,128.44,70.8,104.38,77.2400000000001,160,390.83,93.06,66.68,68.59,98.86,59.37,104.96,83.93,56.42,104.46,194.93,161.65,54.37,113.79,84.11,61.52,197.17,243.45,123,47.85,40.48,15.65,12.81,34.15,44.11,20.88,26.63,18,45.61,37.16,19.79,65.93,9.44999999999998,36.77,32.92,17.12,59.66,63.93,76.6800000000001,67.39,51.49,60.23,209.53,38.23,33.97,39.25,58.04,71.45,60.16,51.25,150.67,191.06,98.2999999999999,83.93,219.16,69.19,93.06,164.07,47.98,84.64,67.1100000000001,192.54,142.17,115.42,154.14,132.01,69.7900000000001,212.93,194.93,88.3400000000001,68.08,147.31,161.65,127.5,100.79,43.16,156.92,66.68,96.56,59.24,89.4200000000001,45.61,21.31,76.6800000000001,24.38,24.72,60.16,41.35,10.34,51.32,58.04,66.5500000000001,8.06999999999999,19.16,33.58,29.72,59.78,43.28,51.56,56.11,39.25,13.24,51.49,12.34,31.75,37.64,30.26,60.23,19.87,55.16,192.54,129.16,87.3,67.1100000000001,84.22,92.31,61.58,100.79,259.95,243.45,197.17,62.75,150.31,120.96,390.83,77.2400000000001,142.66,104.96,140.24,66.55,243.4,54.18,148.83,81.24,246.98,127.78,69.19,135.26,98.2999999999999,200.55
41.67,28.67,32.08,63.4900000000001,54.9,32.54,56.73,71.28,62.76,39.49,28.66,50.04,41.56,71.62,63.7800000000001,28.65,38.16,39.53,58.67,43.35,48.23,29.34,26.74,54.8,36.77,1e+20,46.14,34.36,36.51,52.9,44.64,50.35,98.86,52.94,60.57,74.7499999999999,48.56,64.0800000000001,57.5,90.11,268.95,73.0800000000001,49.74,60.53,49.13,47.85,52.78,59.02,44.9,84.5500000000001,114.82,90.33,44.7100000000001,94.15,52.94,45.5,126.4,214.27,79.22,44.1,35.33,28.67,37.08,36.25,47.05,24.8,32.54,36.51,39.47,46.99,41.56,30.68,37.96,0,54.9,29.22,38.16,63.4900000000001,87.9199999999999,40.06,43.77,41.71,147.34,42,30.32,41.67,39.63,47.43,46,54.26,66.19,97.16,52.98,59.02,152.42,47.52,73.0800000000001,94.92,38.61,60.67,47.46,121.28,97.26,85.92,97.2599999999999,66.33,59.63,165.32,114.82,64.09,43.09,75.2,90.33,71.6700000000001,89.76,38.84,95.27,49.74,66.48,50.59,73.3300000000001,39.47,38.76,87.9199999999999,28.56,47.48,46,55.38,38.36,37.7,39.63,59.9500000000001,36.05,32.51,39.09,22.47,54.8,39.04,69.04,45.58,41.67,36.19,43.77,29.07,26.74,38,29.34,41.71,34.19,38.87,121.28,100.8,56.57,47.46,58.15,49.93,47.69,89.76,111.94,214.27,126.4,48.94,104.57,60.14,268.95,57.5,77.32,52.78,78.49,55.87,114.6,50.35,107.02,58.18,181.09,77.13,47.52,95.45,52.98,98.3600000000001
43.3,30,43.26,73.85,38.42,34.27,23.05,41.86,23.44,43.12,41.96,26.4200000000001,36.3000000000001,22.41,69.13,36.57,40.89,57.77,55.39,60.3600000000001,34.61,39.79,40.52,53.71,30.37,46.14,1e+20,32.97,44.4,23.98,49.3,39.97,105.15,63.45,84.21,98.2,65.3,76.8700000000001,48.17,116.72,197.18,68.59,42.39,48.93,66.53,52.67,83.13,68.01,48.96,83.91,123.81,90.45,49.08,69.47,60.09,44.37,88.69,140.76,97.34,38.62,43.79,30,34.72,41.45,52.99,33.25,34.27,44.4,47.8200000000001,19.51,36.3000000000001,52.61,32.25,46.14,38.42,30.26,40.89,73.85,60.57,23.94,46.45,60.01,99.3800000000001,42.16,42.99,43.3,40.75,48.71,29.78,46.74,70.09,102.42,70.01,68.01,115.19,56.98,68.59,83.1400000000001,50.84,71.63,47.58,135.74,118.67,81.33,87.66,65.68,56.61,138.59,123.81,59.75,59.63,93.06,90.45,78.97,69.85,48.39,85.97,42.39,105.07,39.55,49.64,47.8200000000001,36.54,60.57,41.48,27.41,29.78,21.09,33.17,48,40.75,54.4500000000001,30.87,32.91,18.18,31.82,53.71,44.16,26.3,50.1,43.3,36.87,46.45,36.02,40.52,47.06,39.79,60.01,34.48,61.65,135.74,102.72,68.9599999999999,47.58,55.43,57.28,42.47,69.85,130.02,140.76,88.69,48.55,73.2100000000001,77.03,197.18,48.17,81.56,83.13,94.7399999999999,47.4500000000001,122.47,39.97,82.94,57.84,147.49,73.33,56.98,91.0300000000001,70.01,95.5299999999998
44.39,33.3,37.35,53.39,43.92,35.46,37.49,45.12,44.02,33.04,26.5,59.26,50.22,50.5600000000001,48.39,31.89,37.1100000000001,40.17,58.14,36.55,43.92,36.44,35.43,56.76,48.56,34.36,32.97,1e+20,35.12,34.19,44.75,39.19,82.51,43.05,46.06,59.68,47.5,68.99,46.83,87.67,192.43,64.81,58.9,56.2999999999999,44.09,52.59,60.49,51.03,55.99,74.01,87.67,63.43,40.2,77.17,58.09,53.88,80.02,190.41,65.97,42.22,32.27,33.3,42.35,35.26,50.11,32.06,35.46,35.12,50.9,36.3,50.22,37.74,47.11,34.36,43.92,34.68,37.1100000000001,53.39,78.77,30.61,37.32,43.41,159.1,44.29,34.2,44.39,41.84,43.83,36.39,52.32,56.82,113.72,46.16,51.03,149.62,54.11,64.81,58.98,38.73,52.12,55.82,86.91,83.49,76.19,81.21,58.69,50.79,131.43,87.67,45.42,33.65,56.82,63.43,68.06,71.13,40.54,78.62,58.9,69.94,40.25,89.02,50.9,57.11,78.77,41.86,64.43,36.39,41.73,49.29,48.1500000000001,41.84,35.49,44.65,33.94,31.66,28.3,56.76,37.77,49.56,37.17,44.39,41.56,37.32,32.46,35.43,52.3,36.44,43.41,37.62,51.61,86.91,107.96,49.66,55.82,62.86,44.35,44.17,71.13,78.01,190.41,80.02,48.14,115.81,56.85,192.43,46.83,65.73,60.49,70.5,50.28,80.6899999999999,39.19,75.85,61.55,175.69,50.31,54.11,76.98,46.16,93.35
37.2,20.82,38.91,61.09,23.76,23.84,32.09,67.93,43.13,31.1,40.97,28.06,24.82,60.78,69.16,19.08,32.02,54.86,66.74,50.32,27.3,17.99,35.52,50.98,18,36.51,44.4,35.12,1e+20,37.36,47.42,56.15,129.61,57.51,86.41,77.77,60.1,98.93,68.47,122.73,308.6,84.34,61.83,73.98,70.86,60.17,84.46,64.33,51.72,87.92,138.16,116.88,50.25,107.89,64.39,53.83,146.4,244.83,103.84,54.55,27.41,20.82,6.52,39.97,44.76,26.33,23.84,0,50.93,45.07,24.82,45.55,11.14,36.51,23.76,19.42,32.02,61.09,72.22,47,42.14,48.61,202.62,31.54,35.2,37.2,50.23,53.46,39.89,56.42,93.57,192.29,85.36,64.33,221.33,62.44,84.34,113.26,55.25,82.4000000000001,61.51,126.16,115.55,106.53,112.1,90.76,64.17,221.64,138.16,78.23,47.18,112.48,116.88,82.87,95.8500000000001,45.28,127.66,61.83,55.77,54.31,92.0100000000001,50.93,26.56,72.22,22.18,42.14,39.89,44.73,11.04,45.94,50.23,66.3200000000001,11.4,23.28,44.43,32.35,50.98,38.8,47.3,37.88,37.2,6.22999999999999,42.14,11.2,35.52,40.5,17.99,48.61,17.91,52,126.16,121.72,77.68,61.51,78.92,62.92,52.39,95.8500000000001,160.93,244.83,146.4,57.59,156.23,78.51,308.6,68.47,102.38,84.46,119.24,55.0700000000001,157.66,56.15,118.11,71.91,237.07,95.5500000000001,62.44,123.68,85.36,169.37
58.28,34.98,53.0500000000001,63.2800000000001,42.01,44.7,25.5,38.73,20.07,39.51,45.5,41.37,39.26,25.23,61.15,39.17,43.05,57.16,76.61,53.73,39.28,47.52,46.98,53.32,43.61,52.9,23.98,34.19,37.36,1e+20,58.41,44.86,91.38,48.6,74.39,69.92,60.82,81.94,52.49,94.4,195.3,64.8399999999999,69.29,62.1,66.77,64.9,75.1900000000001,52.8,62.45,89.29,100.22,79.23,49.86,79.68,53.34,65.46,83.1400000000001,147.27,87.99,44.03,40.6,34.98,47.78,39.03,47.61,48.6600000000001,44.7,37.36,61.3,20.9,39.26,48.28,43.5500000000001,52.9,42.01,48.75,43.05,63.2800000000001,64.05,26.08,51.95,58.24,126.36,47.15,53.97,58.28,45.24,41.53,30.07,71.33,69.21,105.66,74.74,52.8,144.95,75.24,64.8399999999999,71.03,54.63,82.3,58.56,111.87,103.82,86,84.85,54.64,59.9,127.9,100.22,66.49,52.31,83.48,79.23,72.6499999999999,84.09,57.33,71.99,69.29,76.93,58.48,65.6900000000001,61.3,50.73,64.05,50.86,47,30.07,20.27,47.15,55.73,45.24,51.88,45.37,34.17,29.98,36.63,53.32,58.3,20.37,45.77,58.28,47.21,51.95,43.89,46.98,60.96,47.52,58.24,42.11,73.3400000000001,111.87,95.86,62.6,58.56,70.54,61.48,62.53,84.09,99.5100000000001,147.27,83.1400000000001,56.27,100.59,63.59,195.3,52.49,83.99,75.1900000000001,97.62,61.18,99.8900000000001,44.86,72.54,70.42,134.97,74.9,75.24,89.17,74.74,101.84
43.27,58.48,42.32,77.8600000000001,56.81,43.66,58.16,78.63,68.79,45.14,40.6,39.3,53.2,78.1700000000001,64.06,47.28,39.25,35.35,46.69,44.94,57.47,46.36,40.43,50.09,51.89,44.64,49.3,44.75,47.42,58.41,1e+20,48.17,63.08,59.63,54.39,47.13,29.93,53.16,44.97,70.04,222.94,55.37,40.54,51.05,48.85,51.9,50.51,53.64,46.52,72.53,86.79,66.95,43.86,65.57,65.34,45.76,109.63,180.51,56.14,56.14,36.02,58.48,47.93,56.11,62.22,46.04,43.66,47.42,43.61,52.8,53.2,49.91,49.13,44.64,56.81,36.94,39.25,77.8600000000001,74.45,45.43,42.31,36.96,151.29,44.54,49.8,43.27,54.62,52.31,51.1,48.77,61.99,91.57,43.47,53.64,127.5,41.96,55.37,69.57,47.14,59.51,45.07,86.25,74.98,72.54,78.7,65.97,37.22,128.04,86.79,44,39.22,54.86,66.95,52.45,69.53,52.53,60.74,40.54,50.5,33.54,43.42,43.61,49.46,74.45,50.95,43.08,51.1,62.3,53.37,41.82,54.62,57.82,48.89,39.67,67.54,52.89,50.09,34.98,69.94,30.25,43.27,48.71,42.31,47.61,40.43,44.45,46.36,36.96,41.16,48.89,86.25,66.9,56.92,45.07,51.19,50.79,30.96,69.53,92.05,180.51,109.63,39.2,83.66,44.73,222.94,44.97,63.17,50.51,62.81,34.83,78.43,48.17,97.86,41.52,137.07,54.49,41.96,54.08,43.47,82.96
52.29,54.12,59.23,67.93,55.92,35.41,57.23,53.23,48.21,58.97,42.85,34.76,55.1,53.48,81.5,67.01,43.18,54.32,48.25,41.52,69.08,62.52,33.25,63.1,54.18,50.35,39.97,39.19,56.15,44.86,48.17,1e+20,90.71,56.83,53.91,59.92,44.56,71.28,33.75,79.32,188.09,58.54,55.27,38.51,63.57,45.68,66.67,61.08,43.72,68.87,97.1900000000001,78.9999999999999,36.2,89.05,73.36,56.69,78.54,165.65,68.02,31.85,34.59,54.12,53.29,26.41,48.91,38.67,35.41,56.15,39.28,47.64,55.1,55.41,50.6,50.35,55.92,41.74,43.18,67.93,69.26,38.17,45.3,44.6,145.05,51.42,42.61,52.29,54.57,53.8,47.41,47.11,68.02,96.94,55.84,61.08,142.75,59.26,58.54,75.86,38.64,54.51,44.19,112.03,92.9299999999999,61.75,86.72,68.69,41.53,138.27,97.1900000000001,47.2,50.48,59.93,78.9999999999999,78.62,68.44,50.6,81.7899999999999,55.27,81.14,31.75,52.84,39.28,47.47,69.26,57.29,44.2,47.41,50.2,55.77,45.69,54.57,35,53.75,32.1,51.65,44.07,63.1,42.93,63.06,43,52.29,56.56,45.3,55.17,33.25,53.85,62.52,44.6,42.53,55.6,112.03,95.5400000000001,48.96,44.19,48.25,52.28,38.45,68.44,95.63,165.65,78.54,38.06,94.17,59.1400000000001,188.09,33.75,76.44,66.67,59.26,49.25,95.61,0,102.8,58.9,128.94,67.39,59.26,67.72,55.84,101.2
