1e+20,98.8460414757655,21.5183198653197,99.8583169073918,48.0009159865475,25.6421360911061,20.62322119918,77.8097200418628,55.6146547515572,61.0896778176777,83.434685691715,41.9405019797072,17.3284795530555,50.7022056489611,62.733714934489,60.4070404040405,20.9943002540647,115.429427350427,90.8184595404604,27.4306304020837,20.5393256169119,30.2054405594406,44.3368873626371,61.767335942134,36.9593076923077,84.9638266545486,17.9496467148671,48.7239961724825,46.459351848411,55.1950747810748,41.5465749912185,49.0888772727273,209.521184815184,127.660006134217,47.4513729603727,149.362681000987,49.5664191919189,35.4511849261848,19.4196719316719,106.478857241857,460.312325,71.865463602479,27.6384210789213,43.2553789118683,91.7783216817628,37.7873879453874,73.6824253246758,95.3135244755243,114.489277000776,45.2100140653432,205.824,160.299559068382,59.8721909295659,42.3264213355274,137.715271357022,43.9646493041142,293.975392394427,153.36002242585,93.9461021636303,49.8604574314577,59.9810173557777,98.8460414757655,24.3640909090908,43.1681896796015,66.3345026436979,38.3571166643813,25.6421360911061,46.459351848411,80.8117176885004,39.3581095571096,17.3284795530555,89.8063357753357,26.2350143190141,84.9638266545486,48.0009159865475,34.6747482517483,20.9943002540647,99.8583169073918,47.5261336397125,109.057249815225,20.5733430001373,53.4332277093391,160.971380471381,14.4018449883448,30.6458123543127,0,23.4318769704869,58.996486075328,48.0682564102564,26.1418693181826,153.279703714725,39.8223116883117,67.4009010482263,95.3135244755243,125.493698774343,25.1187825507827,71.865463602479,80.639039215686,33.0602032025943,50.075632034632,20.442684537685,272.669391881393,155.320592074592,113.357123415592,268.363818942963,116.377786555787,95.4868677988673,149.694536463538,205.824,54.4608423444459,68.6559343434347,158.884714518186,160.299559068382,128.416919700437,95.3661818181817,52.0036978609626,118.987361305361,27.6384210789213,86.6236032934648,25.258923076923,93.1064232307455,80.8117176885004,26.1796519625827,47.5261336397125,36.8333250198079,33.4468849798292,48.0682564102564,48.1032985008888,15.8258446115288,37.5943004134204,23.4318769704869,60.2992377622371,22.2210455087548,28.2770728177296,31.9372905011655,58.0210914760913,61.767335942134,26.4705062388587,47.2852252252437,69.2961862790806,0,15.5432097902099,20.5733430001373,22.6001541416329,44.3368873626371,28.2609662618082,30.2054405594406,53.4332277093391,25.5412429062629,14.2737179487178,272.669391881393,29.3268964151851,112.452013523819,20.442684537685,28.8298982568793,101.297477175434,42.1359124531379,95.3661818181817,248.126919347319,153.36002242585,293.975392394427,54.2077108185936,57.682402373422,144.732412587413,460.312325,19.4196719316719,104.899130543216,73.6824253246758,105.310741909254,29.1121940640005,212.073627705628,49.0888772727273,142.940184315684,93.3286004662005,141.613063079387,42.1066701440638,25.1187825507827,64.9081577918943,67.4009010482263,187.971266347687
98.8460414757655,1e+20,42.5898736631463,216.478793103448,111.427670469277,43.3013537906356,62.1230525741517,85.1558511921515,104.85929566855,23.2286868794705,75.3449905338109,100.157300976833,83.4115650491318,113.358830504252,70.7522017333584,24.2768966467689,58.5883650133649,86.8353536693192,99.5945735943666,67.1374285422122,70.4981005315009,51.3867028373925,55.1320654603039,103.094469668705,30.7772877703021,6.55058118291289,48.5586549894003,48.6870306706107,43.6980177277555,110.008429044858,75.2999186956957,166.327127819549,227.034113300492,30.983320192606,36.5455593320394,128.335527642636,99.1522222222221,57.9007224831442,48.7294964915653,64.4472851977138,474.3424,101.852207940147,46.8628635795186,100.62866849972,72.4715750984397,54.9121681970921,137.293722495895,73.4939256964304,171.565052681992,90.8026618982174,111.84363365753,157.83606003345,97.838239827716,92.5577574429103,120.972602516309,84.1896738198281,192.891688495113,248.199103448276,109.28824837902,41.2169714121801,80.0494396735534,0,42.7585141065831,73.693291584576,66.7120618884297,45.5138871689024,43.3013537906356,43.6980177277555,111.659004338514,25.6242926588732,83.4115650491318,16.6938634822349,17.3419875881388,6.55058118291289,111.427670469277,24.1114285509464,58.5883650133649,216.478793103448,122.480241116651,63.7927407506453,76.7162757380922,92.0466526529304,312.403076923077,42.5296320954905,59.367298175962,98.8460414757655,70.3486429308566,57.6846280559412,49.7173952000813,37.0311994012669,144.534803188578,160.306965517241,102.946345217002,73.4939256964304,248.794620689655,63.4409267743751,101.852207940147,104.702459634888,43.0763432989388,72.4994615087412,49.2746577261274,295.757307692308,159.849283956498,170.47106221436,215.624247009149,96.1150365617607,143.236591133005,280.240445244411,111.84363365753,92.5451396239073,14.1700824361573,150.967007542351,157.83606003345,75.3896481132497,219.587836244216,45.1419791457249,96.2995346304172,46.8628635795186,26.2413855898471,54.582797745358,174.918331873302,111.659004338514,64.8153083425516,122.480241116651,21.4705216759325,75.9824155723994,49.7173952000813,67.1475696401245,68.0736758808787,68.1130213806669,70.3486429308566,101.057249038993,58.3206138246279,59.7228060006341,35.9006008763841,20.895137040865,103.094469668705,39.0572197430696,112.272494935106,82.572722875817,98.8460414757655,65.0378571428573,76.7162757380922,50.4901859364433,55.1320654603039,76.8236534836997,51.3867028373925,92.0466526529304,60.1749278897136,21.4030338448251,295.757307692308,86.3279353127407,118.998262191164,49.2746577261274,89.8173495220458,93.6865480489597,63.4925529937266,219.587836244216,115.792257414327,248.199103448276,192.891688495113,88.6649576637021,163.326343679186,151.34488787075,474.3424,48.7294964915653,82.2799636752465,137.293722495895,168.701275060144,122.78862625139,90.8745421350915,166.327127819549,176.907608993441,170.093321839081,212.823498585459,51.8708642866461,63.4409267743751,118.14270908077,102.946345217002,228.652272727273
21.5183198653197,42.5898736631463,1e+20,171.010775527865,63.8842774486723,16.160884095604,30.5349991771204,68.4343578605875,61.4958176396737,33.6203871646768,59.348711203823,50.5711142218305,21.8633111030214,73.8408330420668,40.2357329220821,25.08231552764,15.5076485850752,91.6439686609688,94.4323171818435,19.8201384403417,27.0868772217899,21.8007864542865,38.2378449997858,79.2472651269921,24.6964696422818,35.7934741682711,15.7289167359631,30.6248049276476,30.2521558047384,64.045156490701,60.7816160960724,109.611664021164,212.794274018378,74.3745789473687,12.6937454422272,126.499848961869,61.2278583200423,39.3954415204676,30.7355846585696,78.9484150304145,478.82145,71.3995969061674,33.0381534391531,75.2090110115711,71.361936103096,47.3082383737116,86.1170405762906,73.3193427140674,145.171655945419,63.0833128738209,144.549077485381,152.809159836608,78.0282731726942,69.777658605664,115.334105605606,62.4447658957294,231.212970835446,195.555056145004,89.870166846096,40.4088268398265,61.6298695806683,42.5898736631463,14.4641812422471,43.6792160250597,60.7700319584984,19.1758148338591,16.160884095604,30.2521558047384,99.1575579710143,22.7238017353021,21.8633111030214,47.2868904647979,17.3142105263159,35.7934741682711,63.8842774486723,21.3479526231039,15.5076485850752,171.010775527865,73.3366335659243,73.243078139115,32.3115780622756,60.8621423747276,271.717326210826,22.6162356643356,22.8435543661993,21.5183198653197,15.3048938019805,41.6402311784363,28.0470883224966,25.2921384070972,133.968332374968,82.2676759259258,80.4743292283188,73.3193427140674,185.28995763257,37.2162190392453,71.3995969061674,81.7493650821946,37.5044236852699,56.2461317181839,35.0034649122808,286.348230769231,150.200244135981,135.651555807367,238.988218045113,92.9604440979443,113.854838624339,225.442041273541,144.549077485381,73.2183485838777,23.4368105413107,151.508669945708,152.809159836608,83.2393178428535,166.817949494949,36.1765865009747,100.908002645503,33.0381534391531,47.5328936364204,38.8634402731769,137.181418679404,99.1575579710143,23.8164938860361,73.3366335659243,15.8922053492485,38.4659670596577,28.0470883224966,38.6421510619434,10.7724723030382,50.7411133662572,15.3048938019805,73.3055024468707,14.603753838482,7.20320862097017,13.5045713383839,29.186406951731,79.2472651269921,14.961861692258,69.0052445777927,66.3670506557997,21.5183198653197,14.6427731712733,32.3115780622756,22.6272062532916,38.2378449997858,24.1403859649124,21.8007864542865,60.8621423747276,12.2157574763468,11.6240634662895,286.348230769231,60.2472564091239,107.270772886674,35.0034649122808,56.5831858571195,90.3466718940529,53.1690491893505,166.817949494949,175.902789845827,195.555056145004,231.212970835446,72.591149824032,111.170782122443,141.792541051541,478.82145,30.7355846585696,81.8407146420596,86.1170405762906,130.921051984378,41.100419475426,136.745597666058,109.611664021164,152.75312553703,132.01458989899,174.446809853882,27.6512758118676,37.2162190392453,88.8471277906504,80.4743292283188,210.86647235513
99.8583169073918,216.478793103448,171.010775527865,1e+20,40.1690780976324,169.710444444444,75.3501922181554,108.290629207185,38.6189418659906,174.6225,92.6654565739408,128.406010013351,102.735822245207,58.0913547219778,111.493035478862,183.998718614719,105.148889681969,152.705053370305,165.407592419522,102.566313862928,78.4660246612341,143.328025946017,129.379412841053,74.678513795887,214.518379084967,163.494498760252,102.795446063678,85.8483275799475,178.32375,68.3033338751424,153.703397540154,44.0437815754339,114.888516610736,234.590770360481,111.020157993486,158.248227388134,142.483398093081,138.020627867459,83.3909425540361,144.768381529727,189.787844662018,61.0202181608612,154.836013351135,84.4787744155935,139.9070112893,168.919071125136,85.2416287783108,71.9477761459725,88.0861016911437,40.0571176672329,263.155076923077,107.861645601543,63.4170956380279,106.192844323741,124.059835290898,105.929536099414,144.753958976817,57.1971844666452,107.895003067867,189.323580477674,92.6186940298508,216.478793103448,145.250805579156,33.9915028237292,36.9990338391568,141.028349092908,169.710444444444,178.32375,81.3856428581889,196.135280014378,102.735822245207,219.298,198.990333333333,163.494498760252,40.1690780976324,99.4907926994446,105.148889681969,0,69.8808019322113,106.553109809918,81.4986840100526,54.6528884580886,37.6672359073947,97.7786841121497,78.3747804103997,99.8583169073918,128.193619916094,52.1197373773905,159.619652778686,161.660442701379,150.610800815061,49.9424573505415,127.916579323155,71.9477761459725,64.5115890136392,81.3594918570527,61.0202181608612,108.909330804471,195.233993324433,160.390259902092,73.481645156505,124.575178712141,128.647242100579,82.553843251996,226.837898339979,74.2532165910997,179.070186287599,49.0094532710286,263.155076923077,95.7610208359655,199.720055555556,129.728404292143,107.861645601543,170.985568732165,58.1497851276449,117.877037245739,146.080903871829,154.836013351135,121.941077436582,144.678240542946,56.3538164575116,81.3856428581889,156.958607476635,69.8808019322113,176.900980249529,86.1310774848686,159.619652778686,82.4309327305465,130.882197819315,174.909795579291,128.193619916094,86.0488536370171,138.636,119.165379512097,143.194375849618,169.716437042182,74.678513795887,181.191996137849,52.733533825379,126.646320901943,99.8583169073918,151.030055355859,81.4986840100526,87.8772755693033,129.379412841053,133.911339399901,143.328025946017,54.6528884580886,156.81729923165,188.39386000915,124.575178712141,98.983587085288,87.3595949741776,73.481645156505,70.4269402449193,118.886696434406,104.483143884153,58.1497851276449,263.130676709297,57.1971844666452,144.753958976817,121.189412550067,64.4917359520296,110.265042231283,189.787844662018,83.3909425540361,136.744256638481,85.2416287783108,109.706846526118,66.6545846167962,229.240354027592,44.0437815754339,89.1209153238186,85.3836148292,96.1709697439723,83.2904312677518,81.3594918570527,86.8355769159719,127.916579323155,109.014496652634
48.0009159865475,111.427670469277,63.8842774486723,40.1690780976324,1e+20,55.4964578111946,39.3906946122703,54.6552064970229,11.711179688757,91.9347011974381,104.604050517685,105.630222866659,72.872725313778,69.0053854332802,42.4768607582171,85.8891364775577,57.4543474066729,143.633141186299,174.244247135037,78.4569721105537,46.2136877110925,52.4486673735622,79.0791869039829,75.6619094924743,76.939049852796,92.5563952463577,71.8413925182756,34.8693542472837,87.9193312982515,65.4693407187092,115.886107625852,32.0045960279486,285.714283208019,160.632142857143,85.2892105263161,218.533914285715,75.7547758094731,94.9648287209866,36.8081535226271,147.904801556906,350.662911111111,56.0749360111781,92.0153827751196,141.111309810632,100.460467736995,101.590759537733,39.5452614211949,90.366470064049,196.783619326093,34.5349429690099,213.334548872181,178.706963585434,82.2651771527167,104.641209912299,98.4736085521616,74.6655271356997,233.529126984128,81.9065294861086,165.666054493114,112.279491911597,70.3852842595708,111.427670469277,54.0072187286398,9.72214121906055,30.2354459115268,71.8103230167665,55.4964578111946,87.9193312982515,94.3436743990863,77.9441944897204,72.872725313778,122.519428571428,65.2411848940534,92.5563952463577,0,37.7144641797731,57.4543474066729,40.1690780976324,69.2943700029488,134.15469043374,50.5703251593037,59.8032772159156,99.7562002227792,54.0441368232158,51.3840643347882,48.0009159865475,31.9459746262594,21.5930918964077,80.4077851972588,80.3623410087721,192.060500334762,69.3957354497355,128.514612004319,90.366470064049,95.7064464338401,55.075160687266,56.0749360111781,116.355800263583,102.336296175221,115.124797220324,79.6465112781957,282.555427350428,217.741112996166,109.501868886164,346.628163265307,68.2465859565554,147.893870788081,108.847466527625,213.334548872181,120.351522187822,86.0288976608191,185.632300324267,178.706963585434,149.598852021358,130.634713678135,44.0415081719817,186.298964684438,92.0153827751196,104.140119047619,85.3415418528839,152.711154751414,94.3436743990863,66.7478111029921,69.2943700029488,82.4027264115196,39.0112371391935,80.4077851972588,53.0403280599392,50.5135041581224,99.570818896232,31.9459746262594,37.7333162597635,54.6560945720946,58.4256980703682,75.1936300979723,96.5497528649288,75.6619094924743,56.3202464985994,67.3367575117753,112.352696737823,48.0009159865475,45.7689299998249,50.5703251593037,21.7542606077721,79.0791869039829,85.1944041922985,52.4486673735622,59.8032772159156,54.5659569576114,66.6272129315473,282.555427350428,124.213332117169,90.2400958716518,79.6465112781957,86.4953664597125,140.374957463682,88.402532953904,130.634713678135,269.835007518798,81.9065294861086,233.529126984128,86.4874914473211,83.8722213018421,100.270254557355,350.662911111111,36.8081535226271,141.239069459363,39.5452614211949,189.533214155158,23.7986835998908,220.7,32.0045960279486,153.890409103567,150.238952694869,166.370338714433,89.90420489749,55.075160687266,148.384284295645,128.514612004319,171.262767626136
25.6421360911061,43.3013537906356,16.160884095604,169.710444444444,55.4964578111946,1e+20,61.4540265822118,65.2300504523526,53.002640779155,27.2554809959213,50.8764403357624,72.2280240535997,34.6099335732405,104.045881196853,39.2582743258627,19.6988732241077,17.4260399961559,69.820674193137,127.934773631841,39.656038606403,62.1424765458421,12.3342770529636,28.0610438467006,84.8118857559685,30.8539950248756,29.7195499996645,36.6501972020445,25.0738950368164,25.4937285740712,84.8722168787511,76.5269735816561,129.769264534471,242.027163349917,86.5147222222227,27.4239011947836,142.765444024775,72.9836830996531,43.7228523814495,46.2253128744465,86.9728693676455,463.6024,81.1356459286709,58.1584235209235,122.380087646872,70.4669840742284,58.3971043483876,68.0263788073785,101.813369817579,162.4870789801,55.2179498360938,132.538858208955,173.798902741196,98.8562749316481,81.015502466793,113.177728978979,68.8532887862697,212.390812226746,201.915521367521,134.707392812179,72.8629523809522,49.0266499644634,43.3013537906356,5.21652464947984,42.7072791922738,60.6184716643507,13.6380310457516,0,25.4937285740712,103.550618871955,23.6742129909891,34.6099335732405,45.6340061004501,19.4613378346363,29.7195499996645,55.4964578111946,11.0890037835232,17.4260399961559,169.710444444444,99.454341035192,74.5720176151763,65.8658188210931,73.8591968927294,250.480897435897,26.3963319306729,26.5573181872026,25.6421360911061,13.1022970662864,36.1032546155408,33.0044683285206,26.4759581260366,166.485714669644,115.231865079365,91.9563954605854,101.813369817579,257.912833333333,49.0223069277325,81.1356459286709,95.7629948900772,59.1576216066408,78.4405476190474,68.3307545605312,315.52,174.333394055365,176.02650015122,230.066554151014,74.9284640794643,131.831667304503,250.102468253969,132.538858208955,101.998335184977,29.2696923076924,125.561410310165,173.798902741196,74.4651184984549,216.242698412699,32.9092785947712,123.945383838384,58.1584235209235,48.8927487562193,35.2553502678913,157.484100573447,103.550618871955,23.0523164770425,99.454341035192,32.0774596648562,18.2858916670051,33.0044683285206,59.5719009046518,13.8712874882384,57.7206054996337,13.1022970662864,71.142504192325,17.1421518866609,12.0260582504145,34.6457563131313,17.4247370139944,84.8118857559685,13.812486489123,99.6160875860618,62.4732745134376,25.6421360911061,10.5123682809728,65.8658188210931,13.8795297751421,28.0610438467006,47.0069883040934,12.3342770529636,73.8591968927294,5.9882947415466,24.2469865211854,315.52,101.176305027798,91.6698340716133,68.3307545605312,104.125811264192,76.3423333785637,54.4640493126946,216.242698412699,147.776291786681,201.915521367521,212.390812226746,56.4368704868134,123.79847645951,129.014928127429,463.6024,46.2253128744465,82.9850690749469,68.0263788073785,172.307123874689,48.2009823804931,114.913518550658,129.769264534471,196.480619912913,187.580011608624,227.648592170451,35.4468524025524,49.0223069277325,127.43173169865,91.9563954605854,213.616666666667
20.62322119918,62.1230525741517,30.5349991771204,75.3501922181554,39.3906946122703,61.4540265822118,1e+20,67.8392820860513,42.7568415498094,64.0728805519515,45.4016035595328,45.6905332522609,30.0803181365101,22.5205522790979,40.9371694265341,68.8664473462552,32.9260258911104,74.0007033222955,86.7672158258908,32.8789590441271,9.10635022109831,52.096361906193,43.7737391980124,26.7160338819757,59.6829792215396,67.7418269593138,19.6834926208724,55.0473860101577,112.184340014637,33.0764726451157,52.814439017882,50.9161147122668,151.570690392121,49.4626934984522,37.3495014709506,89.4605029761139,39.3965397031287,37.6834139950151,14.3102435688791,63.9563779046637,261.040458605664,24.6983296071555,30.3951582350112,50.429796182542,47.541692563111,46.8684548347375,28.6593854706893,23.2870896428315,113.955724538602,41.3923567897678,130.765583627576,81.078014243638,31.2898706722273,55.3312815636351,70.54879753038,31.5269437303725,138.243615800499,85.9385359523357,75.621176761256,36.083111152414,41.4590230722327,62.1230525741517,52.2632069807838,48.6830101959242,42.2301309796478,62.5497806498963,61.4540265822118,112.184340014637,64.235415972691,67.3047637580852,30.0803181365101,50.0430736564099,50.6996351746318,67.7418269593138,39.3906946122703,49.6208914609713,32.9260258911104,75.3501922181554,31.2251402756873,39.2064560636966,10.5901724959273,30.0945594294127,127.576882716049,36.9346368906205,41.5299503148417,20.62322119918,43.2662342495735,42.9593408363289,55.1378712385204,32.5911186792564,97.2399682755089,33.8363970608186,70.6131095100103,23.2870896428315,87.7332266254722,30.8283696833055,24.6983296071555,38.9353265515892,39.6005268900136,53.4758774643956,28.0526210116231,151.707777321816,128.919544548657,68.7684948441465,185.407597645012,45.553622129218,98.1060474465059,87.1845055917216,130.765583627576,61.8089780836071,49.5405225608665,115.732111776849,81.078014243638,69.8388576042496,88.186655497734,96.5020650382661,53.8441799943475,30.3951582350112,57.558718509559,38.7775327071446,83.4471334729663,64.235415972691,62.1032742343427,31.2251402756873,36.5756434335205,61.5612166739706,55.1378712385204,10.739484565074,42.8458794341751,45.5270144741608,43.2662342495735,24.7829660713162,52.0077920834708,49.6363403017919,33.9116075294782,69.3106931244756,26.7160338819757,49.6926224767395,23.6861713860923,44.4244180745056,20.62322119918,47.2641398005996,10.5901724959273,43.1380434782516,43.7737391980124,28.011834112689,52.096361906193,30.0945594294127,60.5651593939927,25.121190879776,151.707777321816,39.943865973949,33.947117184241,28.0526210116231,40.8757015007395,77.9404071936337,52.8182073538402,88.186655497734,125.202633071843,85.9385359523357,138.243615800499,50.3133261460924,57.2508430309611,53.2671688181411,261.040458605664,14.3102435688791,54.7948745161171,28.6593854706893,86.5896252981822,13.1841491355818,104.960431772457,50.9161147122668,60.2137014680033,97.1324510127192,95.2112489669726,18.563555033622,30.8283696833055,72.1956997233845,70.6131095100103,94.3704581776056
77.8097200418628,85.1558511921515,68.4343578605875,108.290629207185,54.6552064970229,65.2300504523526,67.8392820860513,1e+20,27.2575141780412,48.4048753319299,68.7255895715704,127.572254820585,93.7987447503597,98.3107627951242,48.1130565289498,52.9556879180796,66.8020058549828,41.6938408737496,73.1321764723907,93.3784364195469,87.4536837797547,53.8424932838184,65.7216481482042,86.8471916430292,78.5984605330145,82.8911213348057,65.4264457346784,38.4250062215864,86.1051630150511,77.468129739047,58.4440217765466,89.7496289740653,70.1132623772075,78.3559942062951,69.5705164318994,87.6285024218708,64.1488526663725,62.7812810863569,57.2105720300876,60.323646208023,216.828571428571,94.4653294900911,88.5100461519225,88.8354939842323,50.7955567747123,75.4974814471243,64.685815770958,90.1600587236078,70.570907447247,82.2018188650621,54.3419377039711,51.3553089805872,99.2632062158621,105.755597080766,22.0721758878051,58.6898716300511,41.0811379287756,149.2125367536,84.3720818852592,93.5305324675321,58.5707196621751,85.1558511921515,70.7401141593968,56.0143923139854,68.8494507067188,80.6852150311,65.2300504523526,86.1051630150511,106.309638810418,59.2829672708242,93.7987447503597,73.7982379406307,73.9475500927644,82.8911213348057,54.6552064970229,55.2582806678906,66.8020058549828,108.290629207185,125.610035143631,84.9861804204308,97.6047127354717,78.1926687056701,179.965412687616,83.5420878735247,78.7140154384616,77.8097200418628,52.9075214154802,36.1226691105232,45.1739862417216,63.3472507923618,58.7428381294492,106.17077697075,53.3781318918957,90.1600587236078,166.91143986105,93.4059831101017,94.4653294900911,54.2315247561307,69.4824228980128,83.5295911700589,95.6355172304891,135.274086394086,62.0896946221626,89.3360201778967,64.2069857776468,37.75143906003,56.1861616086399,67.7045743157551,54.3419377039711,60.0935418412504,72.8500493579369,57.183191442605,51.3553089805872,49.5845872815444,128.611820945011,71.185597345079,90.9725452206239,88.5100461519225,82.9618232147789,60.1541280527979,112.14048558068,106.309638810418,80.5673101529011,125.610035143631,77.5333902714689,69.4422988474631,45.1739862417216,60.1178473387837,70.4998224892075,57.2584600853343,52.9075214154802,41.299489267065,72.5198726272196,74.0212473492588,61.9324524705916,65.6586874095393,86.8471916430292,68.6831040831548,108.541309063866,55.0322067164599,77.8097200418628,66.1912255191616,97.6047127354717,54.6263042562467,65.7216481482042,97.6644653842396,53.8424932838184,78.1926687056701,67.7640050273028,82.3165883842005,135.274086394086,70.0109842788762,44.3660723804935,95.6355172304891,107.965897634204,45.261211712111,67.0131632804884,128.611820945011,64.8027377173935,149.2125367536,41.0811379287756,55.6604126615382,137.534568016171,37.2394509239492,216.828571428571,57.2105720300876,59.4807940499215,64.685815770958,60.1894241867318,65.6189867838585,57.9149498643225,89.7496289740653,106.491260720923,124.095054355978,124.950384229911,80.1027113717581,93.4059831101017,74.2367781111568,53.3781318918957,76.14280087792
55.6146547515572,104.85929566855,61.4958176396737,38.6189418659906,11.711179688757,53.002640779155,42.7568415498094,27.2575141780412,1e+20,73.2060451977401,68.2459732391563,110.569160110639,73.1995045267084,69.3614480606644,33.6568284835494,62.3140474478441,54.0728909753678,69.4913620527309,150.863650284668,82.1759580979285,54.41637612832,45.9273558729405,74.4130362187247,67.8675571608303,74.4003254126509,89.2490556261205,65.4398991794457,27.5659831954608,92.6058623072224,60.512892006876,98.6480905320465,38.954761070756,192.039819478074,116.7139455843,66.0617427880501,116.559535098547,86.0126289234148,74.8197949343501,44.21262069818,101.700222731206,195.120902777778,50.9946105117535,94.793808392643,121.472744961334,74.7643700707867,106.997076998801,44.761878371107,66.8218942956079,133.476092984935,41.0484165395727,111.931261625381,88.5283084555858,83.9298410953325,105.693594324553,33.9159908637454,63.9409719913291,88.4099504513471,82.9216352145743,138.017333923445,114.324386938391,55.7632093527518,104.85929566855,54.0746558808423,12.6909599182251,27.9724642758715,69.6112494461062,53.002640779155,92.6058623072224,99.2208119527043,63.7705183121963,73.1995045267084,94.5004165321497,64.4254845977938,89.2490556261205,11.711179688757,45.1243998403341,54.0728909753678,38.6189418659906,75.6515068345655,85.7812014721418,63.0711255677413,61.1126605516783,81.0274064174996,60.8176549965101,66.6850737496966,55.6146547515572,36.7110643725389,13.1647613067231,49.8424713694968,70.4904602165725,113.140502567273,66.5892173796072,101.587885620602,66.8218942956079,80.5240490249679,66.5665193888033,50.9946105117535,57.3416698163087,93.5561281421439,117.039160277105,96.6395999461933,149.554031531532,165.033680573664,82.2601542939571,146.694825683599,18.3654519401486,135.153902257818,93.771548803363,111.931261625381,111.029994416482,76.1319948210924,120.896670541794,88.5283084555858,72.9403098517188,127.258305598357,49.1341645480227,107.817584776335,94.793808392643,89.9011563088506,66.4927917473299,146.727190132592,99.2208119527043,64.0590256283912,75.6515068345655,79.746644778739,50.3368395481266,49.8424713694968,37.3451403719628,54.1179498357476,92.1083032538008,36.7110643725389,36.5139127619083,58.1806503163438,59.3106329791719,64.251539184215,65.6887433883943,67.8675571608303,56.3395280245122,71.1843966636666,61.8242476815841,55.6146547515572,50.5141996492208,63.0711255677413,31.1750320880083,74.4130362187247,85.1983141449264,45.9273558729405,61.1126605516783,53.2855529873206,66.9485396713899,149.554031531532,96.3349090908821,35.7476183584002,96.6395999461933,92.2451878964299,80.9991344710815,73.7791925400097,127.258305598357,92.7008137674704,82.9216352145743,88.4099504513471,73.8431840020874,95.8844985875706,49.9457086614154,195.120902777778,44.21262069818,86.0979805839517,44.761878371107,128.657604766711,35.5319922599561,95.3637594366659,38.954761070756,104.065709454249,146.662355738173,109.9907665405,67.9070339452076,66.5665193888033,127.97888177725,101.587885620602,79.0949443408215
61.0896778176777,23.2286868794705,33.6203871646768,174.6225,91.9347011974381,27.2554809959213,64.0728805519515,48.4048753319299,73.2060451977401,1e+20,51.8423191628479,102.850641891892,64.9514651613303,116.217956456457,49.1398347454042,12.461071628611,29.1061234065351,47.5047576807576,76.7191497211496,50.654388497363,77.22911038255,34.4961165501165,48.4125154192656,85.0956812267982,43.3239230318992,14.6068074031234,51.0506286565015,36.6372826801552,16.2157128569247,99.8628610974611,37.8174957613039,114.166352638353,129.904365508365,37.8723157894738,36.8240474895628,53.6852326895869,56.7249597097099,40.9287150087152,31.1437110209941,32.4175855855855,385.450624999999,93.3858933569117,40.9052643032643,53.7883431582154,33.7044758829619,41.6880485550483,102.406702702703,67.0057346701541,103.80665015015,89.2751092132504,43.4659129129124,78.4340406540992,90.7212432432435,74.3828028462998,62.3541959459457,49.7020312146774,113.777496062496,226.784,68.8043862958346,56.8102857142856,54.9640852878469,23.2286868794705,34.9387551187551,65.3466182492652,58.4605535096396,48.6408359966302,27.2554809959213,16.2157128569247,98.9429130434783,36.5860404460405,64.9514651613303,22.4199998927499,26.5818571428571,14.6068074031234,91.9347011974381,21.0505632382955,29.1061234065351,174.6225,118.784950060417,61.9647262872629,85.8532344393731,81.300011764706,250.56523076923,43.2951793706293,59.4603851823853,61.0896778176777,34.8402087723317,39.9475504938818,31.6216455616455,31.3113550112612,103.345684855068,141.914095238095,61.0546670481886,67.0057346701541,217.587336641853,56.5388171108172,93.3858933569117,67.6575585585584,23.1146739130434,64.2885540540541,34.6788687258688,213.473414067914,93.3325705375702,118.56158435335,76.6570885060874,52.5777785862786,85.6953855063854,215.959142857143,43.4659129129124,62.7928996019458,17.5537834372834,113.31161194431,78.4340406540992,30.8067358594636,171.909857142857,25.5165087892034,46.2502161252163,40.9052643032643,18.6004552792626,39.2441111006112,137.79592576237,98.9429130434783,51.4260755619891,118.784950060417,36.5826506252368,75.0686830390762,31.6216455616455,65.0366678093589,42.335980037151,33.2965825054488,34.8402087723317,70.536368896869,34.0495478734547,49.5154332952355,41.4055405405405,29.8173809898079,85.0956812267982,29.4333406722232,119.200103631582,40.6957247919032,61.0896778176777,27.5393208143209,85.8532344393731,45.7871526856731,48.4125154192656,77.5632054460477,34.4961165501165,81.300011764706,36.455308492335,28.6713054131877,213.473414067914,34.4345219303846,74.9864200902142,34.6788687258688,57.0271052733432,58.8051696193744,47.8294262624909,171.909857142857,20.3082819424684,226.784,113.777496062496,64.0793011699483,167.610405405405,82.1914195804195,385.450624999999,31.1437110209941,43.4677100778591,102.406702702703,69.667866121935,77.5539765053187,22.3643278925318,114.166352638353,121.49481661264,111.411818181819,137.129582102912,44.633431387251,56.5388171108172,73.3450250479592,61.0546670481886,142.563956592957
83.434685691715,75.3449905338109,59.348711203823,92.6654565739408,104.604050517685,50.8764403357624,45.4016035595328,68.7255895715704,68.2459732391563,51.8423191628479,1e+20,104.156478768628,82.0111593187845,76.497860033135,65.8438827355479,44.1037734505457,47.1948406741459,35.1157601461439,98.607128111593,86.1995116801926,57.0817510545061,45.9149070830753,19.6816232948694,50.952023574351,90.8272189054726,72.6537404433088,23.1328421312048,54.5618365664192,105.837298830618,66.1109197440822,54.6227533611634,91.3356332844305,148.845530007006,69.0547570850205,40.435770928152,78.5194746973509,55.3051757462633,31.6843188037182,34.8213428822703,62.8304252927757,290.033752765891,71.8802053753876,56.6907511239297,66.2696577312108,50.1578410254173,53.3342864420557,59.3771613778822,52.101728422157,91.7717022014856,59.2678150786895,100.0550298871,64.1763217631873,42.4958212372909,40.6226193857117,80.1669410800401,16.5938392100132,127.365007103322,189.156031279305,91.8924481396424,68.1881180870906,15.3875683379713,75.3449905338109,48.8802682148829,101.890469373185,88.351513252775,67.4592436087828,50.8764403357624,105.837298830618,31.293447218523,34.4416541917645,82.0111593187845,42.9850414098097,80.729163629054,72.6537404433088,104.604050517685,40.388679757896,47.1948406741459,92.6654565739408,86.5644029850829,17.1031744717092,60.6806202317718,21.3995023821003,193.828052106763,59.6399587686383,13.6101360451699,83.434685691715,76.8586337082228,72.3111901273992,20.2953409906312,19.1702672517362,98.9350066244144,65.9763388960204,72.6974844070276,52.101728422157,115.508541002388,61.3800916033047,71.8802053753876,29.4112570908815,52.3443113417032,80.8010237719062,52.4554495855023,147.424107939232,129.209963760245,124.542089351358,113.616289970437,54.4180587339673,113.435547306352,104.640430820784,100.0550298871,81.0202508871349,72.1066448109016,78.4648941710715,64.1763217631873,37.8594435918313,103.41404866849,98.9242042446948,38.4710190105142,56.6907511239297,60.9401383693603,20.9141283958874,76.7665978120864,31.293447218523,91.2412043868441,86.5644029850829,50.5149315282125,83.8155210093843,20.2953409906312,44.9006360043186,83.8828045853375,48.6714658295622,76.8586337082228,45.1113723080513,80.6798690824205,65.201388478819,26.2782286776123,45.5728031753489,50.952023574351,82.4509150387817,78.198971000959,15.6617694633707,83.434685691715,78.9154261592068,60.6806202317718,73.5605798374727,19.6816232948694,90.3746024206862,45.9149070830753,21.3995023821003,63.9187849832815,59.2561518103332,147.424107939232,55.6945042115735,45.8115570940091,52.4554495855023,67.3309653745855,41.3017157097975,21.0447484453205,103.41404866849,71.0179871935937,189.156031279305,127.365007103322,26.9495506208408,101.649994058508,50.0435559561844,290.033752765891,34.8213428822703,41.1573539810272,59.3771613778822,88.2094117023943,98.20534595213,68.5286497269215,91.3356332844305,107.685222324342,113.20990759835,137.588032507325,38.7818105470361,61.3800916033047,89.7395318421458,72.6974844070276,48.9231221502076
41.9405019797072,100.157300976833,50.5711142218305,128.406010013351,105.630222866659,72.2280240535997,45.6905332522609,127.572254820585,110.569160110639,102.850641891892,104.156478768628,1e+20,36.5763832873441,42.6585602321486,107.658835440095,96.828990219436,67.0483620448181,65.8753586633489,22.3760274479337,24.8528774133578,37.9174188121573,83.6409632034632,48.2375705646555,69.1670604643329,69.4284499700378,99.5221228644389,44.5605560925042,96.6786912656573,88.6826506823657,40.9141043919195,30.2710241242772,119.933849579832,68.6287206114462,94.6702631578946,78.194580133894,79.5626339849299,40.2543589534153,29.2048506959495,39.3311325982317,63.2049874816238,367.984518506493,88.7478104562618,27.0098544978885,29.4596687350408,63.2021290292532,18.1870963611855,112.661872586872,90.3746318001331,27.7178819150298,99.7564870169083,151.911944778492,75.0777988786708,71.7603139979603,58.7802337218761,187.439652509653,52.4703729793303,167.353877658578,169.258372331691,40.3051423715628,22.0556230158735,83.4060453091678,100.157300976833,66.9961241321571,95.1823977282734,100.81654620626,76.2450569036031,72.2280240535997,88.6826506823657,81.9393228446424,79.9177427866252,36.5763832873441,76.5475670110807,61.6416024258758,99.5221228644389,105.630222866659,69.6735085548503,67.0483620448181,128.406010013351,46.6814508303125,101.382499516066,31.3138111749872,86.9480272003536,202.391154428904,67.9600456976984,77.7667733131649,41.9405019797072,70.0395143063415,101.353865122712,90.2838939131532,36.3120869553013,189.706829658198,86.2722023809524,29.8403054185351,90.3746318001331,160.8639765745,50.9341336623053,88.7478104562618,127.782864705882,32.3457087435054,15.0087421119391,36.0615775681342,206.044545259546,71.6174749118803,95.347736121466,107.690781388423,147.069995188595,32.083771959727,137.235244505496,151.911944778492,32.2777941176466,83.546980129933,88.0841059736906,75.0777988786708,75.9893672740453,86.4756439393935,88.4844483014905,121.874816568651,27.0098544978885,100.044652280289,37.7749604263661,35.1716458931765,81.9393228446424,71.4941782816574,46.6814508303125,61.9622332954401,79.6781632551639,90.2838939131532,69.0563382575172,53.6147861079427,22.9500941499588,70.0395143063415,69.1410112528979,59.5201398212408,66.0139975473597,64.5258261554623,101.621447598618,69.1670604643329,66.9916423330334,38.5480723633506,59.0448029976867,41.9405019797072,61.890064119842,31.3138111749872,63.4148070081606,48.2375705646555,35.2018572534275,83.6409632034632,86.9480272003536,72.2437460291113,41.1532496791961,206.044545259546,38.2501546474605,109.492423864895,36.0615775681342,51.3415764646258,61.9572051868331,48.458477747754,86.4756439393935,172.486192467017,169.258372331691,167.353877658578,44.2741578171185,65.9799600103199,116.796570929071,367.984518506493,39.3311325982317,60.6757394593325,112.661872586872,31.1971161176914,60.0561135043076,141.886273132489,119.933849579832,114.709189230581,67.1847913419913,107.470536512271,71.7779676991738,50.9341336623053,26.2924139712496,29.8403054185351,169.262574903167
17.3284795530555,83.4115650491318,21.8633111030214,102.735822245207,72.872725313778,34.6099335732405,30.0803181365101,93.7987447503597,73.1995045267084,64.9514651613303,82.0111593187845,36.5763832873441,1e+20,47.7533390453047,84.7486299918202,65.1641380586522,35.0623248635422,123.85367656498,60.6853412910512,18.633083678174,24.2098174110997,49.7303319144625,37.7553094767549,73.3124046684597,22.6094349513958,94.9808212451163,14.0280096613038,59.4898608755344,48.8776352330591,56.6250067300501,39.0537750867352,53.7917091749998,207.23784006211,116.361090285002,48.7903272197048,159.457187575158,71.5538292892688,34.9084915627846,17.0532083648455,111.81416776095,482.336131818182,84.4752404673336,13.2362926783358,34.9813308057445,116.269936791469,30.7154249482399,86.8570928853758,102.075719229461,94.3332969916563,63.9476466411008,210.364234299517,168.794524775522,54.9727136434853,47.5622713072469,165.223988676424,45.6630928138776,324.647561770383,172.143475899288,86.5768696794893,27.2027426438304,68.3295940998435,83.4115650491318,34.8607434123845,50.6241729452087,68.1830024191882,37.9595055810912,34.6099335732405,48.8776352330591,79.8327315546775,25.8892334590376,0,73.2580164740978,19.0484203839635,94.9808212451163,72.872725313778,35.9166087996671,35.0623248635422,102.735822245207,45.5860520417225,102.995594331437,21.1783509217661,64.9331898212166,142.199148671779,28.0276628914562,41.4265390189523,17.3284795530555,45.0559657444003,74.2719465437307,45.1654342063968,19.5759444581678,165.142446502156,47.2631647844906,71.5687379540737,102.075719229461,132.148202880569,37.0130841730733,84.4752404673336,91.1954533364332,20.3747542819494,33.6712956898171,22.9414173254283,282.313024096612,155.061654595404,124.254211932995,256.291639770168,143.904245131191,103.30450813317,139.355573817486,210.364234299517,60.8229207493269,64.9460999543937,168.599696000199,168.794524775522,136.750895476959,87.0879945416906,40.5774983724715,114.870068181818,13.2362926783358,112.956717422673,25.1495982568154,85.8936476972317,79.8327315546775,17.9788616988696,45.5860520417225,26.390299868048,34.4366931457054,45.1654342063968,48.73334640375,18.5481370368763,42.882036454291,45.0559657444003,78.8268842353304,17.4483032073208,29.9555802703897,23.0718411301227,52.0683602432887,73.3124046684597,30.0300043852845,44.274713248303,83.7067081014645,17.3284795530555,28.5037426920907,21.1783509217661,21.894501396877,37.7553094767549,9.26377136764873,49.7303319144625,64.9331898212166,33.8258857370097,12.5731130640459,282.313024096612,29.2513344209348,134.513501316429,22.9414173254283,33.0786457870808,108.044418358748,44.6252727822662,87.0879945416906,248.1282,172.143475899288,324.647561770383,52.3030649044044,60.9969456559934,175.541710796142,482.336131818182,17.0532083648455,120.341382452019,86.8570928853758,102.538187279122,46.9222720305644,218.950101112235,53.7917091749998,146.677635093167,88.5199246376808,142.195259476507,55.2505090876694,37.0130841730733,61.0861087622373,71.5687379540737,199.624685389363
