1e+20,67.6199999999999,41.28,68.9499999999999,45.78,45.81,53.61,59.96,52.41,44.76,71.92,49.13,43.3,68.97,79.3799999999999,57.78,40.07,72.1799999999999,77.18,66.96,62.49,38.01,50.76,78.11,61.05,49.38,55.16,48.57,61.6399999999999,42.92,65.48,70.4299999999999,170.83,83.61,107.15,123.38,84.09,115.84,93.4599999999999,177.81,291.269999999999,122.85,74.58,85.33,84.07,68.67,95.09,79.12,63.39,96.74,162.94,138.65,61.36,128.52,80.98,74.92,173.98,219.42,148.42,73.81,60.83,67.6199999999999,58.77,46.01,47.93,51.6099999999999,45.81,61.6399999999999,65.11,57.82,43.3,57.12,61.52,49.38,45.78,57.38,40.07,68.9499999999999,98.6299999999999,54.67,53.01,79.74,169.5,52.89,39.79,0,52.51,58.56,53.07,64.6400000000001,116.7,215,106.37,79.12,188.65,77.9,122.85,142.21,65.43,93.53,99.6899999999998,165.83,159.05,117.56,145.78,88.3499999999999,91.74,229.1,162.94,120.18,69.42,140.42,138.65,128.52,104.72,56.51,164.12,74.58,105.25,92.1999999999999,86.34,65.11,40.65,98.6299999999999,59.6199999999999,56.73,53.07,62.83,60.5,50.61,52.51,73.0899999999999,61.0799999999999,39.37,52.96,39.66,78.11,60.35,64.57,53.27,0,59.5699999999999,53.01,63.71,50.76,43.4,38.01,79.74,38.92,44.39,165.83,150.27,96.44,99.6899999999998,126.18,93.1899999999999,76.0099999999999,104.72,203.31,219.42,173.98,84.2099999999999,158.44,101.98,291.269999999999,93.4599999999999,116.2,95.09,147.34,75.35,202.16,70.4299999999999,113,98.17,270.369999999999,112.96,77.9,164.52,106.37,165.76
67.6199999999999,1e+20,65.2599999999999,89.7699999999998,56.2799999999999,41.61,75.1499999999999,79.66,64.67,55.8199999999999,54.26,58.15,48.1399999999999,85.7499999999999,127.72,35.68,67.85,108.66,99.5199999999999,74.8799999999999,92.9299999999999,50.8499999999999,42.5,123.43,18.11,51.1,73.24,49.97,27.66,57.7599999999999,96.3799999999998,82.17,224.13,83.7699999999999,146.81,173.08,117.53,169.16,134.82,231.229999999999,353.009999999999,170.17,115.4,109.69,116.07,101.57,144.85,118.26,94.2699999999998,143.02,213.639999999999,194.33,99.7799999999998,192.16,119.92,123.36,230.399999999999,281.279999999999,203.4,79.5699999999999,59.6699999999999,0,23.99,48.99,60.59,29.03,41.61,27.66,73.41,73.6599999999999,48.1399999999999,62.16,21.08,51.1,56.2799999999999,45.36,67.85,89.7699999999998,149.49,77.7699999999999,97.2499999999998,115.58,230.779999999999,95.7899999999998,63.7299999999999,67.6199999999999,89.8099999999999,96.6599999999998,74.6899999999999,88.1399999999998,168.3,278.959999999999,148.31,118.26,250.389999999999,124.52,170.17,201.99,72.3499999999999,141.97,152.43,216.81,215.19,168.46,200.74,127.31,122.14,292.039999999999,213.639999999999,165.48,87.4799999999998,186.84,194.33,175.54,151.44,52.49,216.28,115.4,154.27,128.34,145.86,73.41,37.61,149.49,28.78,79.85,74.6899999999999,79.6899999999999,22.46,71.6499999999999,89.8099999999999,84.1299999999999,21.04,38.51,63.48,40.06,123.43,69.03,81.4699999999999,84.1699999999998,67.6199999999999,25.27,97.2499999999998,30.49,42.5,61.4999999999999,50.8499999999999,115.58,39.52,78.3499999999999,216.81,203.13,137.96,152.43,180.8,131.97,110.59,151.44,254.79,281.279999999999,230.399999999999,116.65,223.799999999999,145.66,353.009999999999,134.82,175.04,144.85,205.32,120.77,257.12,82.17,163.08,144.29,332.669999999999,164.48,124.52,217.38,148.31,222.939999999999
41.28,65.2599999999999,1e+20,56.01,47.4,49.79,55.33,63.72,52.0299999999999,42.68,65.84,57.19,50.04,60.59,74.96,54.66,46.01,64.98,72.28,66.12,50.25,37.57,56.5,77.4899999999999,62.51,37.36,52.26,47.97,57.9,46.06,57.38,68.63,162.77,74.97,100.99,120.06,76.13,109.8,82.38,173.29,289.789999999999,111.55,66.16,90.83,77.35,68.99,90.4699999999999,75.68,59.35,92.94,158.5,134.57,50.74,131.52,68.24,80.24,169.14,218.06,146.78,76.8100000000001,55.49,65.2599999999999,58.47,48.97,48.51,55.51,49.79,57.9,59.95,54.28,50.04,60.72,61.46,37.36,47.4,55.56,46.01,56.01,98.0500000000001,56.13,44.67,70.34,169.98,48.03,42.83,41.28,52.39,46.92,53.47,60.72,118.6,215.96,98.57,75.68,187.17,73.74,111.55,142.07,70.09,92.55,99.4299999999999,158.61,159.39,116.5,142.46,85.61,78.96,229.2,158.5,107.34,62.78,136.18,134.57,120.66,104.82,59.11,155.88,66.16,100.71,83.16,95.2400000000001,59.95,49.55,98.0500000000001,56.0999999999999,53.81,53.47,59.6899999999999,60.9,53.73,52.39,79.55,61.5799999999999,46.75,48.1,39.74,77.4899999999999,65.39,66.41,50.81,41.28,58.01,44.67,58.59,56.5,47.58,37.57,70.34,33.38,47.31,158.61,146.47,93.48,99.4299999999999,124.58,86.91,67.27,104.82,195.49,218.06,169.14,75.69,160.68,98.44,289.789999999999,82.38,116.22,90.4699999999999,148.14,71.67,199.9,68.63,107.08,91.97,269.449999999999,110.12,73.74,160.88,98.57,163.32
68.9499999999999,89.7699999999998,56.01,1e+20,67.01,75.32,68.94,91.45,78.0199999999999,55.83,77.79,78.5999999999999,83.83,73.6599999999999,67.55,71.2899999999999,63.42,72.39,89.1699999999999,77.93,55.7,63.64,70.2899999999999,77.9400000000001,87.5999999999998,58.53,71.39,70.4999999999999,84.7299999999999,80.03,73.0899999999999,83.9799999999999,153.96,90.5999999999999,103.98,105.19,74.7799999999999,104.89,81.27,160.38,268.719999999999,106.02,66.73,110.76,88.76,80.76,91.28,86.0499999999999,74.92,77.3499999999999,151.31,126.9,63.01,120.49,65.89,85.49,161.41,196.85,148.27,79.6400000000001,67.2599999999999,89.7699999999998,84.8199999999999,74.16,52.72,74.4399999999999,75.32,84.7299999999999,74.82,85.3099999999999,83.83,73.31,88.3499999999999,58.53,67.01,63.65,63.42,0,92.1,74.24,61.54,69.61,152.89,58.98,65.68,68.9499999999999,72.7999999999999,56.69,73.38,77.69,119.77,193.75,99.22,86.0499999999999,163.34,69.69,106.02,124,78.36,96.22,92,159.42,148.44,98.49,133.71,75.08,83.31,213.37,151.31,106.63,76.69,127.05,126.9,109.05,94.99,66.28,150.47,66.73,94.9,83.1099999999999,100.39,74.82,76.44,92.1,72.17,73.7599999999999,73.38,77.04,87.6899999999999,68.16,72.7999999999999,76.78,88.2499999999999,70.6,63.49,70.9099999999999,77.9400000000001,76,76.22,63.96,68.9499999999999,84.4399999999999,61.54,81.9799999999999,70.2899999999999,75.05,63.64,69.61,72.3699999999999,60.98,159.42,138.46,100.11,92,117.43,86.72,73.72,94.99,192.84,196.85,161.41,70.72,144.59,101.07,268.719999999999,81.27,109.81,91.28,135.89,68.12,187.05,83.9799999999999,102.75,84.68,245.1,115.39,69.69,144.47,99.22,149.85
45.78,56.2799999999999,47.4,67.01,1e+20,47.35,45.43,72.8,44.01,43.62,68.12,42.01,35.36,52.53,96.8599999999999,47.5399999999999,52.15,80.24,86.26,71.2,61.71,30.05,56.56,94.8299999999998,51.2899999999999,50.32,42.84,49.29,39.74,48.14,70.4599999999999,79.33,195.789999999999,81.81,121.29,147.619999999999,91.6299999999999,139.96,98.1799999999999,205.249999999999,310.649999999999,141.85,87.02,110.11,103.39,79.79,113.95,99.9399999999998,75.03,100.66,187.02,155.65,70.9999999999999,150.5,93.1,94.64,189.84,238.799999999999,175.519999999999,77.2699999999999,52.55,56.2799999999999,38.3499999999999,50.07,38.99,51.57,47.35,39.74,68.03,54.5,35.36,56.84,40.92,50.32,0,40.48,52.15,67.01,108.07,74.2499999999999,66.89,93.68,187.199999999999,67.51,47.07,45.78,70.59,65.06,63.51,73.3,139.8,234.999999999999,122.23,99.9399999999998,208.029999999999,94.0999999999999,141.85,161.81,68.01,114.25,122.33,189.95,183.71,131.08,173.9,91.31,97.98,248.579999999999,187.02,134.96,66.96,160.66,155.65,149.06,119.08,53.37,188.76,87.02,124.57,100.58,96.96,68.03,43.43,108.07,44.3199999999999,58.99,63.51,57.09,40.54,55.15,70.59,74.63,41.8999999999999,43.83,44.56,44.54,94.8299999999998,56.13,47.75,60.75,45.78,38.37,66.89,36.27,56.56,56.9999999999999,30.05,93.68,29.84,61.4699999999999,189.95,174.07,111.16,122.33,151.54,100.55,84.2700000000001,119.08,229.969999999999,238.799999999999,189.84,87.85,178.799999999999,116.48,310.649999999999,98.1799999999999,143.4,113.95,172.42,88.7500000000001,229.039999999999,79.33,125.7,115.71,289.829999999999,136.28,94.0999999999999,186.679999999999,122.23,180.58
45.81,41.61,49.79,75.32,47.35,1e+20,63.64,73.4299999999999,63.4799999999999,45.27,48.67,40.38,44.69,74.8799999999999,101.33,34.51,54.34,81.3499999999999,83.43,55.91,75.22,37.96,40.77,96.6399999999999,38.2,40.03,66.47,45.82,28.15,47.81,66.97,77.9199999999999,195.28,77.82,117.72,143.41,89.6199999999999,139.69,106.39,202.76,323.959999999999,141.02,85.9699999999999,98.1399999999999,93.8799999999999,74.7599999999999,116.04,94.5099999999999,66.1,113.43,184.41,165.3,72.95,162.53,93.6099999999999,93.9299999999999,201.35,252.109999999999,174.43,73.6199999999999,49.72,41.61,30.2,47.2,49.02,39.58,0,28.15,58.22,63.73,44.69,46.75,34.15,40.03,47.35,30.67,54.34,75.32,121.78,68.56,72.3799999999999,88.27,201.97,69.56,39,45.81,66.5799999999999,72.9899999999999,59.4,72.87,139.65,249.389999999999,118.52,94.5099999999999,221.34,96.51,141.02,172.94,63.9799999999999,113.64,122.94,187.22,186.32,138.85,171.33,99.8399999999999,96.51,262.409999999999,184.41,136.55,65.47,159.11,165.3,146.77,126.45,39.96,188.09,85.9699999999999,125.56,98.91,119.81,58.22,38.62,121.78,35.03,65.9199999999999,59.4,64.56,37.15,53.78,66.5799999999999,66.26,37.75,39.54,52.63,43.45,96.6399999999999,50.1,76.1599999999999,62.36,45.81,29.6,72.3799999999999,32.3,40.77,42.85,37.96,88.27,32.69,56.28,187.22,173.66,109.71,122.94,151.79,103.94,81.76,126.45,226.66,252.109999999999,201.35,89.7399999999999,194.169999999999,116.79,323.959999999999,106.39,144.33,116.04,176.27,91.1799999999999,228.37,77.9199999999999,134.17,114.96,303.119999999999,135.71,96.51,187.77,118.52,193.889999999999
53.61,75.1499999999999,55.33,68.94,45.43,63.64,1e+20,68.29,41.56,58.69,71.93,50.08,46.35,47.34,75.77,59.85,59.24,77.75,83.1300000000001,77.97,46.1799999999999,50.38,69.09,78.3999999999999,68.72,53.27,38.83,64.62,65.33,42.71,66.79,83.84,170.36,77.94,110.88,128.91,84.7,122.71,93.19,181.08,291.879999999999,120.46,76.71,97.2,82.26,73.24,97.8200000000001,73.7699999999999,69.9599999999999,94.09,167.43,137.08,67.67,134.51,79.93,73.81,173.41,220.15,151.63,76.62,63.86,75.1499999999999,66.04,62.92,55.64,64.42,63.64,65.33,72.48,40.99,46.35,61.27,66.61,53.27,45.43,57.23,59.24,68.94,95.1799999999998,73.98,61.38,89.4699999999999,169.65,58.78,54.46,53.61,59.86,68.37,66.12,71.27,120.35,218.01,109.78,73.7699999999999,189.26,80.77,120.46,146.58,73.4,99,110.1,165.18,163.64,116.03,150.45,87.76,96.71,230.91,167.43,116.49,73.47,147.35,137.08,130.43,99.27,57.46,165.55,76.71,108.32,98.51,78.51,72.48,51.04,95.1799999999998,62.45,41.36,66.12,36.12,66.67,68.56,59.86,83.14,66.7699999999999,56.68,49.07,49.55,78.3999999999999,67.72,45,67.36,53.61,66.0199999999999,61.38,62.2,69.09,57.03,50.38,89.4699999999999,47.61,61.6,165.18,156.66,96.57,110.1,134.27,91,83.1,99.27,204.8,220.15,173.41,91.62,163.53,98.73,291.879999999999,93.19,123.35,97.8200000000001,153.31,81.5,208.01,83.84,110.89,100.9,271.539999999999,122.79,80.77,171.09,109.78,164.11
59.96,79.66,63.72,91.45,72.8,73.4299999999999,68.29,1e+20,60.87,64.66,63.84,77.7700000000001,67.98,71.51,98.36,83.44,49.09,68.04,61,59.36,84.23,66.43,64.22,90.91,83.6099999999999,67.38,62.94,50.89,86.28,49.28,69.82,47.07,150.79,54.35,94.95,122.4,79.8700000000001,111.62,88.6399999999999,170.17,274.73,108.67,78.28,91.8699999999999,75.27,76.35,91.87,84.0800000000001,66.07,88.9600000000001,153.84,124.11,57.8,130.12,69.34,87.5600000000001,156.08,204.56,136.1,62.05,60.41,79.66,86.8299999999999,53.37,66.97,65.05,73.4299999999999,86.28,59.41,65.1,67.98,67.1400000000001,87.82,67.38,72.8,82.56,49.09,91.45,115.21,45.03,70.63,67.9599999999999,172.32,74.47,59.87,59.96,76.99,63.7799999999999,47.89,66.38,113.84,205.74,95.9699999999999,84.0800000000001,190.87,84.6600000000001,108.67,136.13,69.05,88.9499999999999,102.87,151.35,147.97,105.7,139.62,89.6099999999999,71.8,213.72,153.84,100.92,64.82,124.9,124.11,111.08,101.7,71.83,149.06,78.28,109.39,79.32,110.66,59.41,63.47,115.21,80.16,77.15,47.89,74.21,88.4199999999999,55.79,76.99,62.91,87.5799999999999,58.77,56.58,54.2,90.91,61.97,73.53,57.55,59.96,86.57,70.63,85.17,64.22,69.6,66.43,67.9599999999999,60.22,65.39,151.35,145.61,91.2,102.87,131.04,87.5299999999999,67.99,101.7,185.91,204.56,156.08,73.67,157.8,92.98,274.73,88.6399999999999,109.42,91.87,144.42,70.83,192.66,47.07,95.8799999999999,82.2299999999999,260.15,93.5199999999999,84.6600000000001,150.6,95.9699999999999,160.16
52.41,64.67,52.0299999999999,78.0199999999999,44.01,63.4799999999999,41.56,60.87,1e+20,64.25,72.89,52.7999999999999,41.07,39.92,90.8299999999999,67.25,55.14,90.6899999999999,89.27,73.13,64.1999999999999,53.2199999999999,68.59,92.5799999999999,67.34,61.1699999999999,29.57,57.4,63.69,39.11,77.05,76.76,179.12,80.5,120.38,139.97,91.5399999999999,132.73,99.7099999999999,195.96,301.379999999999,129.58,84.19,94.0799999999998,92.6199999999999,82.32,112.1,79.47,77.88,105.67,177.75,151.02,70.85,143.79,89.7899999999999,90.4899999999999,179.39,229.65,166.11,77.4,64.1,64.67,63.9399999999999,48.56,47.84,65.46,63.4799999999999,63.69,71.24,35.97,41.07,63.47,62.77,61.1699999999999,44.01,60.07,55.14,78.0199999999999,101.76,66.12,63.9399999999999,95.6299999999999,180.93,71,63.9199999999999,52.41,65.8199999999999,64.03,62.3,71.47,130.53,227.33,121.16,79.47,198.759999999999,96.9899999999999,129.58,156.08,71.52,114.58,120.4,176,174.64,119.35,164.63,91.8999999999998,103.47,240.41,177.75,133.19,76.67,152.25,151.02,144.49,102.83,63.42,178.09,84.19,120.68,109.77,92.7899999999998,71.24,48.44,101.76,65.49,53.92,62.3,43.62,64.27,69.94,65.8199999999999,84.8399999999999,63.27,46.12,41.25,48.63,92.5799999999999,71.06,41.52,70.9999999999999,52.41,64.12,63.9399999999999,58.62,68.59,59.01,53.2199999999999,95.6299999999999,45.55,61.4600000000001,176,166.58,105.03,120.4,143.97,107,91.6999999999999,102.83,216.5,229.65,179.39,92.9999999999999,172.17,114.37,301.379999999999,99.7099999999999,135.75,112.1,163.51,92.3999999999999,219.77,76.76,120.33,112.42,281.039999999999,126.35,96.9899999999999,179.67,121.16,175.69
44.76,55.8199999999999,42.68,55.83,43.62,45.27,58.69,64.66,64.25,1e+20,54.26,50.77,52.78,58.47,81.7999999999999,41.94,38.63,60.46,65.58,52.5,57.53,39.73,42.2,81.4099999999999,55.21,39.28,61.58,39.97,50.64,51.92,58.5,57.87,174.79,61.91,100.35,126.16,71.25,119.88,86.1,183.85,297.249999999999,121.53,70.7399999999999,97.7699999999999,86.51,70.49,94.71,81.96,60.37,91.06,165.58,140.85,58.68,136.7,70.78,82.38,176.88,225.519999999999,154.18,63.05,36.03,55.8199999999999,51.15,44.89,51.85,47.07,45.27,50.64,51.29,67.12,52.78,57.22,54.32,39.28,43.62,39.78,38.63,55.83,104.51,50.59,62.27,69.32,175.7,56.4699999999999,41.53,44.76,60.31,54.56,42.91,53.9,121.46,223.2,102.67,81.96,194.63,80.98,121.53,146.23,57.81,95.9899999999999,102.95,168.49,163.95,121.14,152.44,81.7299999999999,80.84,236.28,165.58,114.44,49.68,139.24,140.85,129.18,111.08,49.87,167.92,70.7399999999999,103.67,81.92,100.02,51.29,44.47,104.51,41.12,61.87,42.91,67.95,53.46,36.79,60.31,66.49,53.98,39.39,59.38,40.7,81.4099999999999,49.67,57.33,45.61,44.76,50.61,62.27,55.77,42.2,48.72,39.73,69.32,34.42,40.97,168.49,154.45,93.6399999999999,102.95,131.62,84.59,65.87,111.08,208.51,225.519999999999,176.88,68.63,168.04,98.62,297.249999999999,86.1,123.32,94.71,153.14,70.53,207.92,57.87,114.2,96.0299999999999,276.909999999999,119.26,80.98,167.76,102.67,168.94
71.92,54.26,65.84,77.79,68.12,48.67,71.93,63.84,72.89,54.26,1e+20,50.31,67.56,79.7499999999999,95.1999999999999,49.44,63.25,61.22,65.18,47.08,84.65,60.13,41.08,87.05,57.85,49.42,71.52,47.71,59.3,72.26,49.9,59.23,170.69,57.77,94.33,125.44,67.4099999999999,118.8,89.1599999999999,178.45,299.569999999999,120.97,71.24,69.17,72.6499999999999,53.57,93.89,79.58,52.43,91.7799999999999,160.4,140.89,64.8,139.58,79.2,81.36,176.96,227.839999999999,149.92,60.95,45.15,54.26,60.45,53.55,67.47,42.05,48.67,59.3,43.93,70.92,67.56,40.1,59.94,49.42,68.12,45.5,63.25,77.79,105.65,57.69,77.47,73.9999999999999,185,76.13,54.15,71.92,65.93,70.3599999999999,62.37,56.34,114.86,225.7,94.5299999999999,79.58,198.31,79.2599999999999,120.97,148.55,43.81,89.99,106.13,163.09,161.75,115.88,148.36,92.1099999999999,79.1,238.599999999999,160.4,112.04,49.78,133.56,140.89,121.92,100.44,44.11,163.32,71.24,110.55,77.0599999999999,102.1,43.93,65.99,105.65,49.2,69.45,62.37,70.53,61.1,53.25,65.93,52.29,59.72,57.17,72.94,58.8,87.05,40.03,76.53,60.81,71.92,59.37,77.47,62.51,41.08,55.78,60.13,73.9999999999999,60.96,61.13,163.09,149.77,88.1599999999999,106.13,132.88,84.0299999999999,66.35,100.44,201.87,227.839999999999,176.96,67.97,170.42,92.2999999999999,299.569999999999,89.1599999999999,121.9,93.89,151.88,77.69,203.68,59.23,112.02,92.6699999999999,279.63,114.98,79.2599999999999,163.94,94.5299999999999,174.12
49.13,58.15,57.19,78.5999999999999,42.01,40.38,50.08,77.7700000000001,52.7999999999999,50.77,50.31,1e+20,32.63,59.78,95.6499999999998,45.65,60.88,79.05,81.15,61.2899999999999,69.6599999999999,40.14,47.99,95.2999999999999,45.22,54.35,54.35,54.7999999999999,42.57,42.91,69.7299999999999,76.9199999999999,190.46,77.4,112.88,139.65,87.8599999999999,134.55,105.05,198.08,319.339999999999,140.94,82.0499999999999,90.9999999999999,87.0599999999999,66.56,113.56,92.9699999999999,64.0199999999999,107.77,179.29,160.66,75.05,156.45,97.71,94.3299999999998,197.65,247.489999999999,169.69,75.1999999999999,54.62,58.15,42.42,59.2999999999999,61.12,48.14,40.38,42.57,57.66,48.75,32.63,48.67,43.33,54.35,42.01,34.15,60.88,78.5999999999999,112.44,73.86,78.8999999999999,94.21,197.769999999999,74.1199999999999,56.08,49.13,67.9199999999999,77.03,63.7,67.21,134.81,242.549999999999,113.3,92.9699999999999,217.639999999999,93.4699999999999,140.94,168.32,65.78,108.3,123.84,182.36,181.52,133.81,167.69,99.34,96.4499999999999,257.149999999999,179.29,131.61,64.81,154.29,160.66,141.61,118.61,39.34,182.75,82.0499999999999,128.06,93.8299999999999,95.1099999999999,57.66,44.26,112.44,40.99,52.12,63.7,53.16,46.89,59.86,67.9199999999999,68.06,47.0099999999999,44.88,59.85,47.97,95.2999999999999,51.1,50.6199999999999,70.12,49.13,42.74,78.8999999999999,43.58,47.99,45.09,40.14,94.21,33.97,63.1999999999999,182.36,167.9,105.27,123.84,148.11,102.1,79.1399999999999,118.61,221.18,247.489999999999,197.65,89.9599999999999,186.649999999999,113.15,319.339999999999,105.05,140.13,113.56,171.65,95.5399999999999,223.97,76.9199999999999,134.23,112.28,297.199999999999,133.55,93.4699999999999,181.41,113.3,191.67
43.3,48.1399999999999,50.04,83.83,35.36,44.69,46.35,67.98,41.07,52.78,67.56,32.63,1e+20,57.37,100.94,53.66,52.77,88.1600000000001,84.74,67.6,64.8299999999999,35.69,53.52,94.1699999999998,41.93,51.6,44.22,53.51,43.12,40.68,73.78,72.5299999999999,196.41,84.4499999999999,123.55,145.64,96.1299999999999,139.92,109.56,203.55,325.289999999999,142.49,83.3,99.6299999999999,96.05,75.41,118.69,94.5199999999999,71.39,116.66,185.54,166.61,80.4999999999999,162.4,97.0199999999998,94.62,202.68,253.439999999999,175.64,82.5099999999999,62.89,48.1399999999999,41.65,48.03,50.37,52.03,44.69,43.12,66.31,40.6,0,55.04,36.56,51.6,35.36,46.06,52.77,83.83,117.61,60.77,72.6099999999998,93.8199999999998,199.739999999999,71.2699999999998,55.7899999999999,43.3,64.9499999999999,78.0399999999999,59.69,73.88,142.62,248.319999999999,120.25,94.5199999999999,222.669999999999,96.0599999999999,142.49,174.27,71.27,116.79,122.75,188.31,187.47,139.98,172.4,104.03,103.6,263.099999999999,185.54,137.88,78.92,163.7,166.61,147.58,122.18,49.43,188.56,83.3,126.55,103.86,103.2,66.31,29.07,117.61,45.64,48.93,59.69,48.45,37.22,63.73,64.9499999999999,81.41,36.3,37.77,50.98,34.26,94.1699999999998,66.61,50.45,69.0099999999999,43.3,42.43,72.6099999999998,45.87,53.52,45.58,35.69,93.8199999999998,27.6,58.9299999999999,188.31,173.35,115.14,122.75,151.82,108.57,88.6899999999998,122.18,227.17,253.439999999999,202.68,97.4699999999999,191.86,118.24,325.289999999999,109.56,146.82,118.69,177.6,90.9099999999999,229.4,72.5299999999999,137.1,115.69,303.149999999999,136.76,96.0599999999999,187.46,120.25,195.22
68.97,85.7499999999999,60.59,73.6599999999999,52.53,74.8799999999999,47.34,71.51,39.92,58.47,79.7499999999999,59.78,57.37,1e+20,87.3699999999999,77.5899999999999,70.3,84.4099999999999,84.2099999999998,77.9299999999999,65.38,67.26,72.3299999999999,79.2599999999999,83.2599999999999,73.89,28.27,71.34,80.73,52.59,72.3299999999999,77.2199999999999,166.84,65.58,107.58,122.83,81.3799999999999,117.99,89.7499999999998,176.3,280.939999999999,126.22,85.0699999999998,97.6799999999998,95.5199999999999,81.8999999999999,99.5399999999999,87.3099999999999,80.8599999999998,99.7299999999998,157.65,130.48,79.2499999999999,123.05,93.3499999999999,88.6899999999999,160.23,209.47,150.29,70.8,65.02,85.7499999999999,81.5999999999999,68.98,59.82,74.3599999999999,74.8799999999999,80.73,79.7399999999999,32.65,57.37,69.63,81.1899999999998,73.89,52.53,68.13,70.3,73.6599999999999,88.7999999999998,74.82,70.1799999999999,96.3499999999999,163.93,75.2,74.0199999999999,68.97,71.44,70.55,77.6399999999999,71.71,113.17,207.07,113.54,87.3099999999999,178.58,84.2299999999998,126.22,149.42,75.28,101.22,118.72,161.66,158.24,114.03,144.21,83.5999999999999,96.3899999999999,222.01,157.65,126.01,65.31,135.27,130.48,134.57,98.2499999999999,66.04,159.53,85.0699999999998,110.68,95.5499999999998,77.83,79.7399999999999,66.46,88.7999999999998,76.6099999999999,62.9,77.6399999999999,40.9,82.3499999999999,66.08,71.44,78.14,81.6899999999999,64.66,43.07,62.41,79.2599999999999,69.66,29.88,72.4,68.97,81.7199999999999,70.1799999999999,75.5199999999999,72.3299999999999,66.55,67.26,96.3499999999999,59.69,73.4,161.66,146.88,104.09,118.72,124.47,98.9199999999998,82.7399999999999,98.2499999999999,200.9,209.47,160.23,84.1399999999999,153.21,104.41,280.939999999999,89.7499999999998,126.13,99.5399999999999,146.91,93.6799999999998,199.33,77.2199999999999,114.91,114.86,260.599999999999,125.95,84.2299999999998,163.35,113.54,159.69
79.3799999999999,127.72,74.96,67.55,96.8599999999999,101.33,75.77,98.36,90.8299999999999,81.7999999999999,95.1999999999999,95.6499999999998,100.94,87.3699999999999,1e+20,97.1599999999999,74.51,75.52,95.32,89.4,65.13,84.69,95.8999999999999,64.79,125.83,82.12,87.04,93.3499999999999,119.84,89.8599999999998,79.02,97.57,126.79,96.0899999999999,100.57,86.92,82.25,95.2399999999999,91.62,132.85,247.85,103.51,68.2000000000001,86.7299999999999,83.91,80.71,87.89,71.02,72.61,89.86,141.3,119.35,68.04,97.1399999999999,78.76,76.56,152.76,174.02,123.28,78.89,81.55,127.72,120.69,97.2699999999999,88.65,106.17,101.33,119.84,88.4099999999999,88.68,100.94,82.28,125.1,82.12,96.8599999999999,96.6399999999999,74.51,67.55,73.11,77.09,66.99,86.2,138.68,63.75,78.99,79.3799999999999,67.8099999999999,63.1,81.45,82.24,107.14,179.44,108.37,71.02,132.95,72.4400000000001,103.51,122.03,79.1299999999999,91.81,88.53,133.19,126.15,103.5,110.22,73.51,93.3,191.1,141.3,103.62,86.0799999999999,120.12,119.35,105.42,88.5199999999999,83.3099999999999,114.18,68.2000000000001,90.63,96.76,81.82,88.4099999999999,101.05,73.11,103.7,74.51,81.45,78.37,123.8,83.57,67.8099999999999,98.7299999999999,125.18,95.4899999999998,89.9999999999999,90.5599999999998,64.79,89.4099999999999,95.79,73.01,79.3799999999999,119.85,66.99,121.47,95.8999999999999,80.2199999999999,84.69,86.2,96.5799999999999,70.57,133.19,120.31,90.46,88.53,95.28,92.53,77.95,88.5199999999999,166.71,174.02,152.76,80.71,114.14,90.62,247.85,91.62,87.98,87.89,98.2799999999999,72.27,162.48,97.57,93.64,79.31,217.99,102.6,72.4400000000001,136.4,108.37,137.06
57.78,35.68,54.66,71.2899999999999,47.5399999999999,34.51,59.85,83.44,67.25,41.94,49.44,45.65,53.66,77.5899999999999,97.1599999999999,1e+20,60.31,83.32,81.76,62.94,68.51,38.17,42.64,95.7499999999999,35.09,43.16,68.26,46.01,29.48,57.2,67.44,76.07,192.15,69.71,117.63,142.7,87.45,138.76,103.36,200.01,320.589999999999,139.91,86.2,94.27,89.5699999999999,73.01,114.59,91.7399999999999,69.53,110.88,182.68,162.15,77.98,160.04,91.4599999999999,90.9399999999999,198.02,248.859999999999,171.6,69.17,42.81,35.68,30.25,52.41,53.63,32.59,34.51,29.48,64.07,67.6,53.66,48.14,34.2,43.16,47.5399999999999,33.16,60.31,71.2899999999999,119.05,67.91,73.7899999999999,92.8799999999999,199.04,73.07,45.77,57.78,64.99,75.4999999999999,61.13,70.08,136.06,246.58,118.95,91.7399999999999,217.969999999999,93.1,139.91,169.57,58.63,112.03,120.79,184.73,183.25,137.1,168,96.39,95.22,259.619999999999,182.68,134.1,60.14,156.48,162.15,145.56,123.88,45.13,185.94,86.2,122.91,102.2,117.22,64.07,52.07,119.05,23.86,60.93,61.13,67.27,33.44,51.25,64.99,70.55,34.32,40.37,56.1999999999999,46.9,95.7499999999999,46.55,74.33,68.05,57.78,29.73,73.7899999999999,34.75,42.64,45.86,38.17,92.8799999999999,41.8,59.19,184.73,172.87,110.06,120.79,149.82,106.19,84.87,123.88,223.25,248.859999999999,198.02,87.61,191.379999999999,114.52,320.589999999999,103.36,142.58,114.59,173.02,90.9499999999999,225.8,76.07,131.68,114.55,300.39,139.06,93.1,186.42,118.95,190.799999999999
40.07,67.85,46.01,63.42,52.15,54.34,59.24,49.09,55.14,38.63,63.25,60.88,52.77,70.3,74.51,60.31,1e+20,56.65,68.97,64.61,58.38,42.14,51.71,74.24,67.74,46.01,56.63,43.48,65.51,47.91,59.77,48.92,162.22,64.02,100.4,114.97,75.6200000000001,108.49,86.9099999999999,171.68,285.459999999999,110.28,64.69,90.5799999999999,78.74,65.26,87.4400000000001,75.51,56.78,89.0700000000001,153.33,133.34,51.57,125.23,70.2699999999999,77.77,167.41,213.73,142.03,63.24,43.9,67.85,65.6199999999999,47.96,55.88,55.52,54.34,65.51,60,63.69,52.77,66.85,68.2699999999999,46.01,52.15,56.63,0,63.42,102,39.42,53.8199999999999,72.01,164.83,53.56,47.26,40.07,63.1,55.27,39.3,59.13,115.91,211.59,100.88,75.51,184.96,68.45,110.28,134.62,68.02,93.4399999999999,93.12,156.42,151.04,110.77,141.59,76.0399999999999,73.49,224.49,153.33,106.77,54.83,133.43,133.34,115.49,102.19,60.42,155.19,64.69,94.54,79.1699999999999,90.59,60,48.26,102,50.07,57.88,39.3,69.9800000000001,67.3099999999999,47.4,63.1,58.48,67.5699999999999,43.92,56.01,42.57,74.24,53.38,61.82,36.66,40.07,65.22,53.8199999999999,70.2199999999999,51.71,53.93,42.14,72.01,41.27,52.64,156.42,142.9,89.8499999999999,93.12,121.01,79.1599999999999,62.5999999999999,102.19,196.4,213.73,167.41,60.82,157.19,89.6300000000001,285.459999999999,86.9099999999999,110.27,87.4400000000001,140.31,64.8399999999999,195.47,48.92,106.65,85.7999999999999,265.839999999999,102.71,68.45,156.43,100.88,155.45
72.1799999999999,108.66,64.98,72.39,80.24,81.3499999999999,77.75,68.04,90.6899999999999,60.46,61.22,79.05,88.1600000000001,84.4099999999999,75.52,83.32,56.65,1e+20,62.78,61.54,59.39,65.21,78.3399999999999,63.07,107.19,63.9,84.8000000000001,68.5899999999999,99.3599999999998,79.8999999999999,47.52,59.7099999999999,121.33,73.51,64.31,79.62,50.97,69.8,54.86,132.11,245.089999999999,76.73,44.22,84.75,52.05,52.11,55.89,60.42,49.21,59.82,109.94,92.09,49.12,92.98,49.06,46.34,127.92,173.36,101.04,78.0899999999999,58.1899999999999,108.66,100.13,79.8699999999999,79.1899999999999,89.1699999999999,81.3499999999999,99.3599999999998,57.69,91.04,88.1600000000001,60.46,104.82,63.9,80.24,80.8799999999999,56.65,72.39,91.51,50.53,59.57,49.66,129.54,54.93,59.33,72.1799999999999,66.47,45.96,52.35,55.6,74.66,171.22,54.77,60.42,152.01,51.26,76.73,99.0299999999999,67.31,56.57,58.83,115.15,109.53,76.3600000000001,99.28,68.67,57.26,184.66,109.94,64.1,47.88,94.74,92.09,82.42,82.2799999999999,72.3900000000001,118.88,44.22,66.71,41.4,87.16,57.69,88.11,91.51,88.34,69.31,52.35,84.87,103.56,56.23,66.47,59.87,104.86,82.4299999999999,80.68,76.7399999999999,63.07,57.3899999999999,76.39,37.65,72.1799999999999,99.2299999999998,59.57,105.49,78.3399999999999,73.12,65.21,49.66,77.1799999999999,58.21,115.15,100.15,56.18,58.83,86.9600000000001,50.85,40.31,82.2799999999999,151.43,173.36,127.92,40.91,124.74,53.58,245.089999999999,54.86,74.74,55.89,106.08,38.59,151.56,59.7099999999999,80.7,53.85,225.79,71.8200000000001,51.26,113.7,54.77,123.44
77.18,99.5199999999999,72.28,89.1699999999999,86.26,83.43,83.1300000000001,61,89.27,65.58,65.18,81.15,84.74,84.2099999999998,95.32,81.76,68.97,62.78,1e+20,55.72,75.0500000000001,80.83,69.68,78.43,95.6699999999999,69.02,86.54,66.43,98.72,83.0200000000001,50.64,48.39,135.33,47.99,80.29,108.08,58.75,94.7,68.1399999999999,146.37,261.83,96.1699999999999,64.38,75.75,66.29,64.03,78.57,69.5000000000001,56.99,85.56,133.46,113.49,61.22,119.64,69.4,72.8,139.8,190.74,120.9,61.71,51.13,99.5199999999999,95.95,72.81,83.25,79.23,83.43,98.72,54.53,84.18,84.74,63.92,96.4399999999999,69.02,86.26,79.9,68.97,89.1699999999999,101.71,59.07,68.67,66.5999999999999,158.04,70.15,76.21,77.18,64.99,74.54,55.13,40.7,93.2,190.66,84.0899999999999,69.5000000000001,177.61,76.04,96.1699999999999,123.15,50.05,74.4899999999999,89.93,136.87,128.43,96.7999999999999,115.72,81.5299999999999,51.3,200.74,133.46,92.4999999999999,57.02,103.14,113.49,111.74,93.7200000000001,69.51,128.64,64.38,96.0499999999999,68.8399999999999,96.52,54.53,79.5899999999999,101.71,82.78,75.6099999999999,55.13,85.4699999999999,96.9199999999999,52.23,64.99,66.9499999999999,96.6,75.43,85.52,70.48,78.43,59.83,70.53,58.51,77.18,97.27,68.67,101.37,69.68,68.42,80.83,66.5999999999999,72.44,60.27,136.87,118.95,77.8800000000001,89.93,110.76,77.03,51.27,93.7200000000001,164.15,190.74,139.8,59.49,144,75.18,261.83,68.1399999999999,94.04,78.57,125.2,65.5899999999999,167.08,48.39,89.8,74.79,241.41,89.58,76.04,127.34,84.0899999999999,152.78
66.96,74.8799999999999,66.12,77.93,71.2,55.91,77.97,59.36,73.13,52.5,47.08,61.2899999999999,67.6,77.9299999999999,89.4,62.94,64.61,61.54,55.72,1e+20,76.8299999999999,64.15,46.62,85.99,74.4499999999999,53.68,74.88,47.61,72.86,68.12,51,62.19,154.31,63.25,84.4299999999999,115.38,66.95,107.2,86.26,167.03,281.829999999999,110.99,61.5,83.75,65.5699999999999,54.71,90.67,80.68,54.7499999999999,86.14,147.18,128.87,65.2,126.26,72.3,80.2,162.04,210.8,137.4,62.47,49.05,74.8799999999999,72.51,58.05,71.1899999999999,56.37,55.91,72.86,41.45,76.16,67.6,53.36,74.6599999999999,53.68,71.2,59.06,64.61,77.93,103.61,58.13,69.97,67.04,172.82,72.53,56.63,66.96,64.21,72.38,58.93,53,110.14,209.38,85.1099999999999,80.68,194.97,73.66,110.99,136.63,56.63,85.2699999999999,94.4099999999999,153.43,144.83,105.84,135.92,88.6899999999999,78.68,220.26,147.18,99.8999999999999,50.04,121.26,128.87,106.66,98.24,52.51,151.48,61.5,104.91,73.24,98.5,41.45,64.1499999999999,103.61,65.66,66.71,58.93,77.09,74.9599999999999,51.77,64.21,59.41,74.9799999999999,57.21,72.76,59.92,85.99,41.37,77.15,61.95,66.96,71.95,69.97,76.23,46.62,56.54,64.15,67.04,58.32,58.91,153.43,136.57,87.0199999999999,94.4099999999999,124,83.97,64.49,98.24,186.33,210.8,162.04,71.55,160.74,86.5199999999999,281.829999999999,86.26,109.94,90.67,142.16,69.65,188.08,62.19,103.4,78.31,263.73,106.84,73.66,145.8,85.1099999999999,170.76
62.49,92.9299999999999,50.25,55.7,61.71,75.22,46.1799999999999,84.23,64.1999999999999,57.53,84.65,69.6599999999999,64.8299999999999,65.38,65.13,68.51,58.38,59.39,75.0500000000001,76.8299999999999,1e+20,53.8,80.83,57.12,83.4999999999999,58.61,62.0099999999999,73.32,81.8499999999998,69.41,59.45,79.0999999999999,140.7,82.32,89.94,98.73,67.02,92.3099999999999,72.33,154.7,267.919999999999,90.5,45.21,90.14,67.62,68.1,78.82,58.07,66.42,86.6499999999999,137.41,118.96,51.03,108.75,56.47,66.73,151.53,196.19,127.27,80.86,67.96,92.9299999999999,82.6599999999999,77.22,67.86,81.5799999999999,75.22,81.8499999999998,73.72,56.9899999999999,64.8299999999999,73.91,85.0299999999998,58.61,61.71,63.77,58.38,55.7,69.84,65.68,36.52,59.81,145.77,43.68,56.66,62.49,50.3599999999999,47.99,64.48,64.67,105.39,193.69,88.56,58.07,165.3,55.05,90.5,122.16,81.0599999999999,82.8,79.6799999999999,139.02,140.36,99.65,123.57,82.62,76.41,207.49,137.41,91.5299999999999,69.77,124.29,118.96,102.71,92.99,71.02,137.39,45.21,81.16,75.35,78.0499999999998,73.72,71.7199999999999,69.84,70.9499999999999,45.78,64.48,45.8,81.4299999999998,69.2999999999999,50.3599999999999,91.52,82.5099999999998,71.82,64.13,65.51,57.12,76.48,61.36,57.6,62.49,82.2999999999999,36.52,80.8799999999998,80.83,58.09,53.8,59.81,66.1299999999999,55.3,139.02,126.62,81.35,79.6799999999999,106.01,80.02,61.28,92.99,176.88,196.19,151.53,69.66,138.43,82.75,267.919999999999,72.33,99.93,78.82,130.37,57.68,180.19,79.0999999999999,95.09,71.66,247.58,96.47,55.05,142.41,88.56,142.71
38.01,50.8499999999999,37.57,63.64,30.05,37.96,50.38,66.43,53.2199999999999,39.73,60.13,40.14,35.69,67.26,84.69,38.17,42.14,65.21,80.83,64.15,53.8,1e+20,52.79,80.7999999999999,48.72,31.55,55.9699999999999,46.2,38.65,45.6099999999999,59.57,69.58,180.96,74.0799999999999,109.88,131.27,82.24,125.69,97.8099999999999,189.36,306.979999999999,127.74,73.33,97.48,87.02,68.34,100.68,85.1499999999999,62.26,101.71,170.99,148.66,59.11,146.13,76.2299999999999,81.41,185.27,235.249999999999,159.87,75.2,49.5,50.8499999999999,39.3199999999999,51.64,42.14,50.3599999999999,37.96,38.65,61.92,58.33,35.69,55.27,43.2299999999999,31.55,30.05,44.6099999999999,42.14,63.64,106.04,59.48,56.74,73.57,184.829999999999,54.52,35.86,38.01,56.36,55.71,47.62,66.23,125.61,232.929999999999,107.08,85.1499999999999,204.359999999999,83.7500000000001,127.74,156.28,66.92,101.78,109.14,173.88,171.18,126.59,157.89,92.7799999999999,82.05,246.01,170.99,121.57,61.73,145.11,148.66,133.25,114.43,49.06,173.99,73.33,110.06,86.63,103.53,61.92,40.02,106.04,40.5899999999999,55.06,47.62,58.26,41.5699999999999,52.02,56.36,71.14,43.3299999999999,38.12,47.25,29.01,80.7999999999999,54.28,62.22,47.68,38.01,38.86,56.74,44.5799999999999,52.79,40.89,0,73.57,23.13,44.92,173.88,160.02,95.9499999999999,109.14,137.75,88.24,67.48,114.43,213.68,235.249999999999,185.27,75.86,177.77,103.15,306.979999999999,97.8099999999999,129.67,100.68,160.51,75.26,213.87,69.58,121.71,101.4,286.999999999999,122.83,83.7500000000001,173.51,107.08,177.07
50.76,42.5,56.5,70.2899999999999,56.56,40.77,69.09,64.22,68.59,42.2,41.08,47.99,53.52,72.3299999999999,95.8999999999999,42.64,51.71,78.3399999999999,69.68,46.62,80.83,52.79,1e+20,91.49,42.19,41.26,68.12,34.47,42.98,53.44,67.0599999999999,59.79,188.67,63.23,115.65,138.46,84.9099999999999,133.18,98.8199999999999,197.49,314.889999999999,135.99,81.7399999999999,94.1099999999999,94.39,66.97,107.95,91.24,59.63,105.1,178.66,156.75,65.36,153.56,89.9799999999999,92.6000000000001,192.28,243.039999999999,169.66,61.19,42.57,42.5,40.89,34.45,53.91,28.07,40.77,42.98,44.89,71.8,53.52,48.94,42.66,41.26,56.56,41.54,51.71,70.2899999999999,112.87,58.95,72.1899999999999,86.7599999999999,194.12,72.3499999999999,44.7499999999999,50.76,68.11,69.9599999999999,54.81,60.64,134.98,239.239999999999,115.37,91.24,212.27,88.0799999999999,135.99,163.87,55.39,109.81,116.05,182.79,177.07,133.18,166.84,92.45,89.3399999999999,252.699999999999,178.66,131.9,59.66,152.32,156.75,140.78,116.8,37.13,180.74,81.7399999999999,121.69,95.4799999999999,109.92,44.89,41.33,112.87,39.52,63.3099999999999,54.81,73.01,43.42,40.75,68.11,61.23,42.74,34.35,62.38,42.92,91.49,42.69,69.19,55.31,50.76,41.27,72.1899999999999,46.61,0,51.26,52.79,86.7599999999999,42.04,57.61,182.79,167.15,106.98,116.05,144.24,100.01,78.8499999999999,116.8,221.75,243.039999999999,192.28,80.01,183.079999999999,112.74,314.889999999999,98.8199999999999,138.62,107.95,167.34,85.5099999999999,221.94,59.79,125.14,107.69,293.109999999999,129.2,88.0799999999999,180.14,115.37,187.36
78.11,123.43,77.4899999999999,77.9400000000001,94.8299999999998,96.6399999999999,78.3999999999999,90.91,92.5799999999999,81.4099999999999,87.05,95.2999999999999,94.1699999999998,79.2599999999999,64.79,95.7499999999999,74.24,63.07,78.43,85.99,57.12,80.7999999999999,91.49,1e+20,120.02,80.31,82.19,87.32,114.81,84.07,65.47,75.26,110.86,80.46,80.52,79.71,65,80.57,69.07,117.58,235.82,81.22,48.91,83.1,66.08,67.28,65.96,53.45,67.92,88.89,112.75,102.72,63.37,85.89,64.79,54.69,128.13,162.59,104.57,71.88,76.3199999999999,123.43,114.2,92.72,90.4799999999999,103.02,96.6399999999999,114.81,78.78,80.1099999999999,94.1699999999998,75.45,118.77,80.31,94.8299999999998,93.79,74.24,77.9400000000001,67.46,68.42,59.98,65.9699999999999,117.99,52.66,77.1,78.11,60.54,67.19,67.76,66.17,82.55,157.91,81.3,53.45,137.08,56.05,81.22,116.2,79.98,74.1,67.62,111.82,110.4,87.55,95.35,68.7,73.13,179.63,112.75,88.17,67.33,109.83,102.72,94.53,78.81,81.8,108.07,48.91,67.92,75.07,82.3499999999999,78.78,95.8199999999998,67.46,100.41,75.8199999999999,67.76,72.06,117.37,77.98,60.54,88.72,118.73,92.3399999999999,87.5099999999999,89.8299999999999,0,77.98,86.88,67.78,78.11,113.68,59.98,117.22,91.49,73.61,80.7999999999999,65.9699999999999,91.8499999999998,67.72,111.82,94.86,70.43,67.62,83.2499999999999,72.04,63.84,78.81,145.14,162.59,128.13,73.38,111.99,71.07,235.82,69.07,86.81,65.96,103.81,63.86,146.55,75.26,90.27,71,210.3,90.45,56.05,118.73,81.3,117.97
61.05,18.11,62.51,87.5999999999998,51.2899999999999,38.2,68.72,83.6099999999999,67.34,55.21,57.85,45.22,41.93,83.2599999999999,125.83,35.09,67.74,107.19,95.6699999999999,74.4499999999999,83.4999999999999,48.72,42.19,120.02,1e+20,51.83,72.23,50.78,25.73,58.07,94.7899999999998,82.7999999999999,222.239999999999,86.5799999999999,145.34,171.89,116.1,166.19,131.57,229.939999999999,351.119999999999,167.56,110.71,108.3,116.64,96.8199999999999,142.96,118.09,90.1199999999998,139.13,212.35,192.44,96.9299999999999,188.229999999999,118.03,120.81,228.509999999999,279.269999999999,201.83,83.2599999999999,60.2199999999999,18.11,22.1,48.74,55.4,27.64,38.2,25.73,71.8599999999999,71.19,41.93,64.45,16.77,51.83,51.2899999999999,43.05,67.74,87.5999999999998,143.44,80.5599999999999,93.5599999999998,113.93,225.549999999999,92.6599999999998,58.5799999999999,61.05,89.2599999999999,94.7699999999998,74.8599999999999,86.6099999999999,166.61,274.149999999999,146.78,118.09,248.499999999999,121.01,167.56,200.1,73.2999999999999,139.46,148.02,215.46,213.3,165.75,199.31,126.22,120.93,288.929999999999,212.35,163.39,86.8299999999998,185.17,192.44,174.01,147.41,52.7399999999999,214.51,110.71,152.38,124.49,132.03,71.8599999999999,33.54,143.44,30.03,68.7799999999999,74.8599999999999,70.72,14.53,68.3399999999999,89.2599999999999,83.1599999999999,13.05,37.18,62.73,44.41,120.02,65.9199999999999,76.84,83.3399999999998,61.05,23.1,93.5599999999998,26.68,42.19,57.41,48.72,113.93,37.81,74.3799999999999,215.46,199.799999999999,136.35,148.02,177.69,130.08,107.56,147.41,254.24,279.269999999999,228.509999999999,114.68,217.689999999999,143.91,351.119999999999,131.57,173.57,142.96,203.43,116.7,255.31,82.7999999999999,161.19,140.84,328.979999999999,162.63,121.01,213.41,146.78,221.05
49.38,51.1,37.36,58.53,50.32,40.03,53.27,67.38,61.1699999999999,39.28,49.42,54.35,51.6,73.89,82.12,43.16,46.01,63.9,69.02,53.68,58.61,31.55,41.26,80.31,51.83,1e+20,63.52,38.89,47.44,48.4999999999999,57.68,66.23,176.07,62.29,101.33,125.82,78.6099999999999,122,88.7799999999999,184.69,303.669999999999,122.43,69.3399999999999,88.15,79.3899999999999,61.0700000000001,96.6700000000001,76.2,54.03,97.8,165.66,144.99,57.62,142.92,75.1199999999999,79.76,181.22,231.939999999999,156.2,64.09,38.61,51.1,48.49,45.95,44.95,43.63,40.03,47.44,49.51,62.46,51.6,49.1,51.16,0,50.32,45.4,46.01,58.53,106.65,53.77,56.21,74.38,181.92,53.1699999999999,37.47,49.38,55.91,53.48,52.69,54.44,121.92,229.62,103.11,76.2,201.05,77.96,122.43,152.65,56.37,96.21,104.63,170.13,165.85,121.86,154.28,89.53,82.72,242.7,165.66,117.34,51.28,141,144.99,127.9,107.76,44.85,168.02,69.3399999999999,106.03,84.3,102.14,49.51,42.43,106.65,45.02,49.01,52.69,61.39,51.32,46.33,55.91,70.99,51.38,38.29,49.7599999999999,35.36,80.31,47.37,66.39,51.73,49.38,48.03,56.21,51.97,41.26,37.44,31.55,74.38,32.4,45.75,170.13,156.29,92.58,104.63,132.86,86.35,66.65,107.76,208.83,231.939999999999,181.22,74.49,174.46,98.9399999999999,303.669999999999,88.7799999999999,126.52,96.6700000000001,156.02,75.03,209.34,66.23,118.1,96.59,283.329999999999,118.42,77.96,169.86,103.11,174.52
