1e+20,77.0473387445885,54.4563512288928,82.2729363915652,55.4496961926962,54.9116484557109,70.5608095238093,105.657470524574,65.6444252107543,39.9950556993908,99.7129714251782,60.8224870413275,58.1529138080951,76.7561764861155,90.0265271581358,79.545262517854,56.4211177959971,76.7174225496725,76.3207949090382,87.5624640320917,42.8477639987463,44.0578204692024,49.0369039090989,64.3294605263158,64.7537846320344,53.199108359133,68.4014914791089,89.4490686145888,60.9234066095992,67.0053899521529,79.820053030303,71.446694657097,147.928348781937,108.533463467427,132.32739853863,133.101875950137,79.5066113053614,117.89792074592,81.1103390804596,150.380153362897,341.91664795488,104.516043290043,70.2670464646463,103.373264069264,101.93141756899,84.3431870629369,75.4732895394078,85.6592652862996,49.4016185728474,104.063002913753,178.209527009223,138.286182068661,59.0669257187808,120.692206646295,65.4482575757575,102.329121212121,162.748438924125,227.605416666667,133.576938689218,81.2676384250668,62.7698450145025,77.0473387445885,62.6773491361575,57.1378359287747,76.1524417804417,57.3648939393939,54.9116484557109,60.9234066095992,66.0476080424992,76.2967685773045,58.1529138080951,95.8599871838685,64.0834362815343,53.199108359133,55.4496961926962,47.7477389214726,56.4211177959971,82.2729363915652,65.2584661452016,72.597540826195,59.3162290209789,62.6749342674869,162.596060606061,39.4273709405885,62.5860660818711,0,55.6210147907647,77.6520710246481,84.5363679653677,81.2495744030744,121.258841103341,222.46619068343,114.47275104474,85.6592652862996,184.757325396826,74.8888969178968,104.516043290043,114.443437584346,71.8483565703521,84.4202247224319,76.666671176046,150.419841591033,134.680604679147,119.818637445887,141.048901862499,103.229151320901,81.8274659796724,237.023071895425,178.209527009223,93.2125941558441,79.4060767212873,127.033689003011,138.286182068661,140.900089355742,120.644401515151,85.8156301247769,145.646537296037,70.2670464646463,100.842061760462,73.5693928571427,78.3761969696971,66.0476080424992,49.5170643939392,65.2584661452016,62.5515409769968,64.3953467181123,84.5363679653677,84.6353739743779,55.8321320346317,60.2551302140866,55.6210147907647,100.14638908535,58.1555910130947,66.7398304298042,86.450807434097,66.5554166666667,64.3294605263158,45.7979772727271,75.5527918885031,42.6697993848256,0,63.2319735898429,59.3162290209789,71.0777649699799,49.0369039090989,51.524818033274,44.0578204692024,62.6749342674869,58.6406388888887,64.8336392496393,150.419841591033,93.5631720142597,110.772390575641,76.666671176046,111.373323412698,80.9940506835505,74.0536930698965,120.644401515151,207.649635854342,227.605416666667,162.748438924125,72.2091552005731,154.17611067821,77.7589869052516,341.91664795488,81.1103390804596,110.854059659091,75.4732895394078,121.476120310245,62.4612856754824,186.547444444444,71.446694657097,123.069741087344,77.1906496699706,209.484115656566,82.1170792748917,74.8888969178968,143.239880648591,114.47275104474,161.647121734587
77.0473387445885,1e+20,56.3498660554849,70.8409329715,57.5679957819955,55.8411443385046,40.4496007165347,79.3950839617898,63.1545123794333,69.4525036905121,53.3529327049699,54.853050853402,42.7898137668325,74.6615589762537,129.331466666666,46.5790967550182,69.7605724237451,92.3035680985682,76.6810721464208,68.3701653462815,51.9291143330523,42.9615171650054,61.8526707391523,88.2736397506002,21.0224704462204,38.4005270419769,60.087204409969,54.615156465052,33.950681387021,52.5178241115609,94.0725432900432,78.1720606741212,199.694338486677,70.4146859339847,132.75096124459,145.534647236821,112.587753663004,129.687559523809,113.638888457328,208.220085362789,475.586065028162,121.016285825286,82.9734468253967,102.261717032967,109.187795698925,94.9396663336661,129.179286533642,99.993197117482,108.206318543329,138.939419144865,193.569084668192,182.583018207283,77.8659593503143,166.288811678517,95.5998211788209,108.272825674325,213.674360957302,330.809373015872,181.586078590014,90.8382295482297,59.0038293563203,0,35.5395471930031,51.9095190802937,53.6538907742583,37.0848000980501,55.8411443385046,33.950681387021,65.6906688993412,46.5788462312106,42.7898137668325,65.041152930403,31.8355333249126,38.4005270419769,57.5679957819955,50.3160410396054,69.7605724237451,70.8409329715,112.403105053831,80.2659820746629,69.966566128316,74.7084120397145,275.635604395605,66.5758329263328,57.6103902673348,77.0473387445885,65.4586950549451,79.2277409161719,65.2818400599401,64.6883700938701,159.631315628816,337.40303882288,112.73562357465,99.993197117482,289.09028968254,109.567495217745,121.016285825286,178.814565642691,80.4285601083314,129.52974307603,107.108945156695,200.476828774063,209.535764944276,168.583024198024,182.748696670976,148.783168981481,103.029061594203,303.264899159665,193.569084668192,154.316192307692,79.822494017007,172.493351799444,182.583018207283,139.813736845507,116.138853174603,48.8908077200576,193.329774725274,82.9734468253967,117.996484726959,92.0651150793651,140.035818542568,65.6906688993412,35.7921979548229,112.403105053831,23.3533737781826,39.7868553601337,65.2818400599401,43.2297481028337,34.6830613553114,69.3056418456201,65.4586950549451,84.3302846976198,32.9896691292031,39.8302974583895,49.7496671265725,38.5099296259297,88.2736397506002,84.5374019314019,66.0155683868418,74.5723809523809,77.0473387445885,33.317125908917,69.966566128316,36.6269028167593,61.8526707391523,63.5713161136248,42.9615171650054,74.7084120397145,36.8241121101121,56.3546632959239,200.476828774063,151.547809523809,127.02013980794,107.108945156695,149.156168803419,112.009231709732,93.0856918112985,116.138853174603,234.466,330.809373015872,213.674360957302,100.153895325688,214.375496459097,135.321064890991,475.586065028162,113.638888457328,178.944463827839,129.179286533642,187.34634508547,112.79741558138,241.926666666667,78.1720606741212,155.231079921712,119.526580675422,295.83171062271,150.607339285714,109.567495217745,163.21192546685,112.73562357465,249.792658730158
54.4563512288928,56.3498660554849,1e+20,79.1461743064553,58.918579076237,52.9682778512899,61.5825413098785,99.460835276949,64.1671943927971,52.3192148464448,88.9732276820844,57.8691684796923,64.4645797422664,58.9729306653277,113.039206857916,67.7691386396813,59.2850786613658,88.4307615138694,87.9428699620188,90.0080743792426,36.8222029900121,46.8309754477921,65.4573754190038,71.878693845819,60.0544274623843,50.0480828015484,52.6042461484594,67.9069760979256,48.8622764086043,55.4823563741915,76.9721671188851,83.8272181033038,151.600845193016,92.8411375020779,132.848545893763,136.307813346074,83.9367524231176,113.24756384226,68.5414190089828,154.907187223432,330.3599245467,107.979922487333,73.4874657096735,79.2853041187741,102.865920192664,75.4941777289647,77.0643472640813,79.4779614672233,80.5107682378164,108.721973366643,176.637286307919,132.941961418692,59.7580888197528,123.949671142583,68.0824082893104,98.7248114182976,166.352129183586,227.111132352941,145.984790848686,76.866336116675,53.2933431053599,56.3498660554849,55.4577994451456,45.3547708033379,72.7279110830006,73.0497476189198,52.9682778512899,48.8622764086043,59.9067367104665,60.1656549150444,64.4645797422664,95.6370705614535,57.3284182395191,50.0480828015484,58.918579076237,52.7788944432005,59.2850786613658,79.1461743064553,83.4892406735024,80.1037591840479,46.5219905491736,63.5082939665846,149.196547619047,54.7318828113204,62.5605902924965,54.4563512288928,59.2404749304674,63.9858044869259,82.4120707642424,71.5405237309814,138.335022814829,210.158972898345,108.980516139187,79.4779614672233,178.893140851795,91.1969184470776,107.979922487333,130.93038850953,50.4314947154659,78.5305655391418,79.7639742712586,169.995089980941,151.110229355496,134.304728588855,140.166237817117,114.299772753867,74.5758825518961,226.792448147999,176.637286307919,107.808062539472,71.1982756088571,131.949100225343,132.941961418692,117.600879725903,124.355383620689,73.3858185862479,149.736871861376,73.4874657096735,105.81232039072,65.8604613638559,75.2865774364525,59.9067367104665,56.5408996349436,83.4892406735024,51.8099625121329,72.2209648541114,82.4120707642424,64.8009625782017,52.9395775517587,75.1461214055374,59.2404749304674,87.1415764577053,52.3581473331172,51.5118526050979,73.1005181977518,49.6797664031369,71.878693845819,71.4763864663901,67.3213454426067,52.667186043201,54.4563512288928,52.3008956156791,46.5219905491736,47.2331141696482,65.4573754190038,60.3462323335331,46.8309754477921,63.5082939665846,45.0485271954493,43.6625023818575,169.995089980941,96.7075348932676,108.053665581134,79.7639742712586,120.067389589169,90.6657972943101,77.7725232504941,124.355383620689,222.701256769374,227.111132352941,166.352129183586,68.007785318667,150.436213624339,106.22330900337,330.3599245467,68.5414190089828,122.650875,77.0643472640813,132.294443176696,77.5906787068202,201.257316017316,83.8272181033038,125.64375486574,74.3664680728323,198.544090355885,100.486190737423,91.1969184470776,161.637601745023,108.980516139187,156.405971880131
82.2729363915652,70.8409329715,79.1461743064553,1e+20,63.8183099120478,83.3620738791171,69.1838093700022,149.30960613923,83.4129925791248,66.0293465884029,113.182729817715,103.320819859162,101.11396564238,79.3898804681638,114.132551672848,73.2610844676601,100.41571128928,98.5013836665128,129.919737831989,100.399557605881,55.8618201951517,67.4730459937863,92.018931858333,92.3158363365136,100.822119131888,80.1675981683577,81.8722727533184,82.1847644610207,61.5563342269211,97.4687641591574,93.6731636642925,127.65390602447,171.580468690702,103.008791434634,127.169894327065,117.383782243253,110.02788167612,148.802964867155,96.0457838688006,177.103990514905,265.478770820156,125.347489526603,105.321659663057,142.803834101382,101.85554683875,97.7231788453481,111.332997198331,82.3463989707395,101.907671047328,96.2305951337117,197.106582608695,154.882162075262,81.2182978314357,147.923705522598,111.942611987475,113.68829045882,163.569066417868,191.307420890936,152.027721987315,104.070363762709,79.9138970946361,70.8409329715,64.1793702737921,70.3342651659479,46.4347487737858,77.4296381752696,83.3620738791171,61.5563342269211,102.689837726447,91.8188102861572,101.11396564238,104.198808843957,79.3595176773394,80.1675981683577,63.8183099120478,64.7390924917374,100.41571128928,0,92.6169005486589,92.3760374143967,85.048162998292,90.0060845304432,89.7287037016223,84.3200211562627,60.4655640386042,82.2729363915652,69.5427202927326,78.828019898412,105.923942943078,105.149346276082,140.343912932814,117.712139927997,118.402328869315,82.3463989707395,176.475849462365,105.557290762578,125.347489526603,165.836785685311,91.9029840751697,130.995030836591,115.90192485755,174.109814015771,164.753912795774,117.196337343834,181.260149393091,135.473896132018,114.232359363521,226.203831932773,197.106582608695,120.984116499223,91.2301151988204,159.220948397031,154.882162075262,132.078387050493,108.14488876457,80.0983296444534,169.60632423104,105.321659663057,90.1470250096782,104.442700460829,161.434286805336,102.689837726447,100.687326064966,92.6169005486589,60.6657851042472,113.64157676745,105.923942943078,78.0401524233409,79.3727315949197,93.429270068413,69.5427202927326,81.2489681286095,82.2910422896895,79.4336394221696,83.3139331703571,74.3535615478146,92.3158363365136,65.8825791546505,115.704847244955,87.2122155595522,82.2729363915652,55.6075284371107,85.048162998292,55.4459452750826,92.018931858333,90.7504298265331,67.4730459937863,90.0060845304432,70.2736978938536,72.8298495886413,174.109814015771,167.901392857143,118.593026845773,115.90192485755,135.012694139194,108.109295821876,103.415369386464,108.14488876457,227.882262485482,191.307420890936,163.569066417868,112.069701345756,184.49875422427,109.436915597369,265.478770820156,96.0457838688006,154.559126647324,111.332997198331,156.10872525383,117.36220424732,217.000252525252,127.65390602447,155.682638162596,111.788909116206,165.706811313522,147.610355493297,105.557290762578,193.058392857143,118.402328869315,106.031420890937
55.4496961926962,57.5679957819955,58.918579076237,63.8183099120478,1e+20,54.4538485791167,39.7454160167317,91.4035710722517,49.3920780725124,47.2577273584502,88.216751356049,48.8584708128749,51.4658646877114,45.1447363828582,127.612347882183,57.3615039627419,63.7348249872731,89.7185982905982,103.633665221474,81.0991041632785,33.7326763328175,37.6602685651481,64.4898868286186,85.2431061832905,47.1477602397602,63.2277163865041,46.5799482592569,57.6615299505358,35.4701349831358,62.8276808776018,108.740738150738,96.9125069572239,207.947105580693,103.109850515338,137.238598524554,175.572412080673,120.973150543901,122.536212509712,104.955339187632,213.596740334032,365.856591021882,98.9600716505712,80.6324028749033,115.217613497614,123.940206556884,94.5534950327448,113.993232194706,114.90324186666,81.2232171876828,109.146246376811,197.438026835865,182.515903301815,67.4057386227647,129.560390217625,75.1414724164724,106.683431235431,161.053108994501,210.482233766233,182.11682311487,93.6676011448868,71.1008458964914,57.5679957819955,29.1608882947117,46.6139501157632,47.2908255567961,64.8268181818181,54.4538485791167,35.4701349831358,91.8448348605729,61.0561798144119,51.4658646877114,100.036173160173,47.8226287375457,63.2277163865041,0,38.4638191092062,63.7348249872731,63.8183099120478,70.6895911251073,83.3265008862292,56.4282753912752,80.9941985090933,137.845777777777,70.3591331386653,50.9700279848806,55.4496961926962,47.7798780108779,63.2485725395293,70.0263734043734,85.2647703437703,144.753609168609,185.338868686869,130.060771688018,114.90324186666,179.875497835497,88.9398701113705,98.9600716505712,150.585669055944,87.1681533962489,118.891883495908,78.6001601037848,224.016361917043,217.476625440497,154.756250971251,180.382288267289,131.190824705387,108.867276105537,216.538648591175,197.438026835865,143.287191891442,75.4733746160588,166.298872764411,182.515903301815,180.786153352204,88.6993667443667,59.4629146409145,185.938720557221,80.6324028749033,132.006008791209,101.47494017094,96.3199852369854,91.8448348605729,53.6214653235653,70.6895911251073,49.7201175948232,64.1361666964472,70.0263734043734,46.6299510102297,40.2531159396161,59.9910131868392,47.7798780108779,65.5481756706821,43.8493669423347,51.1163819776715,54.3759552700009,47.9993508158507,85.2431061832905,60.0667163947164,38.1334645128177,56.2859325119324,55.4496961926962,31.4161808962183,56.4282753912752,36.9256202500659,64.4898868286186,65.9246602145131,37.6602685651481,80.9941985090933,36.1663613053611,53.6083741530335,224.016361917043,128.652240893093,115.388891848692,78.6001601037848,134.64114907315,100.264065730066,89.16006749902,88.6993667443667,260.802888888889,210.482233766233,161.053108994501,105.692729472725,144.580603174603,126.901794871795,365.856591021882,104.955339187632,158.619803394522,113.993232194706,170.825133838384,94.6758163019777,265.232666666667,96.9125069572239,122.381652341123,102.914524165572,234.26108065268,126.013653311966,88.9398701113705,155.298550072482,130.060771688018,174.258138975967
54.9116484557109,55.8411443385046,52.9682778512899,83.3620738791171,54.4538485791167,1e+20,58.1724949413976,89.1961215236094,41.7613613737266,36.0227957932543,69.346525861758,40.1627258022274,47.5116344512194,63.7409871573705,101.904610151368,40.1605541828742,47.7640053298627,70.2147108259387,92.0178810979396,81.9795197240346,51.4379713668684,45.5518995773473,45.6401136454112,55.9306947812249,46.937209505772,37.7866995113952,51.6547083063994,65.6743957026175,27.2486031835422,56.9704015837102,66.0916967248438,76.8457613702259,147.332830568125,74.5206170319396,97.8942815141603,107.426451570594,77.8708634992458,123.231683540724,93.6669008936466,148.392126145017,404.153881915047,91.1743850267382,75.57642036648,87.8803854458451,73.2883476955918,74.0175222816399,81.2806379731379,75.1125185111106,75.8569417744912,118.985659373714,153.982481187291,161.442057259074,72.7250968290123,136.832885155286,84.5206859268182,76.9970635198137,166.817087504774,266.33798847231,121.643941494552,44.7001814244929,35.6422600417278,55.8411443385046,36.4469604843686,38.4253913043348,53.0350612745094,52.2726403743314,0,27.2486031835422,68.3829070101723,63.1259336983855,47.5116344512194,56.5566974324696,42.0032847447598,37.7866995113952,54.4538485791167,36.8155367443409,47.7640053298627,83.3620738791171,89.2632992951966,48.4007427510693,60.9648263231864,72.4274049731229,271.799448529413,57.2388607950354,44.3338099780464,54.9116484557109,39.1850755180278,73.5503306571302,54.5147669312713,76.5936929038766,120.078987713675,336.734804315053,106.505877664066,75.1125185111106,224.223259049773,74.6204287911162,91.1743850267382,124.018214947552,53.2160834007634,95.5885588455363,84.4360704110702,140.553455400982,145.679019102982,139.687770711723,128.540786024261,116.7786045804,85.5695493732609,258.06797591145,153.982481187291,85.1561913919413,61.3596570054601,135.239591893042,161.442057259074,100.448890659341,102.494602325778,64.046371073779,139.393146540959,75.57642036648,70.0322471474887,84.47994306184,102.539578282828,68.3829070101723,44.3913088971486,89.2632992951966,52.3200571630166,56.1130269223541,54.5147669312713,65.5827936713594,40.5203308823529,60.2256604541413,39.1850755180278,80.9327174758962,41.0669430926413,35.378228182636,66.6146492496523,39.7480235083545,55.9306947812249,62.2803882575757,77.5343331609568,63.0056229757084,54.9116484557109,36.217588972156,60.9648263231864,40.8268823572386,45.6401136454112,49.3094627175656,45.5518995773473,72.4274049731229,46.9674717823027,65.171469901995,140.553455400982,105.113632352941,109.3815123614,84.4360704110702,103.103246489622,78.8904996265656,65.4402317773677,102.494602325778,181.60434981685,266.33798847231,166.817087504774,84.5133727390173,165.115784523809,98.9391167900727,404.153881915047,93.6669008936466,115.546738782051,81.2806379731379,142.832820871938,74.541654515414,182.943475135975,76.8457613702259,122.770688294548,87.1054581611159,238.829668947963,96.5318670288043,74.6204287911162,142.00782120743,106.505877664066,208.83305658802
70.5608095238093,40.4496007165347,61.5825413098785,69.1838093700022,39.7454160167317,58.1724949413976,1e+20,69.2451153759749,49.7438314156602,65.7506266095819,79.4053965395346,59.4436838516092,41.6465662102411,56.2907669710117,102.284816389011,73.1668246018269,57.1193279724912,96.7627117706853,99.4276508885851,78.7981981687222,52.9365464302122,53.3530491053214,68.4417089017101,88.2368458646618,37.1560179615705,65.1899098687158,38.241547152194,48.2231997149015,44.4870897477201,47.1665910931171,104.886681552365,86.7401629490393,190.925913754975,79.8088845617369,139.859018494969,155.792143914057,115.973028115159,134.850310728745,117.692382132185,202.913505420054,371.098617511521,102.958538695223,85.3018929824561,125.269745196324,124.366433935335,106.518915470494,119.338236681447,101.849541242553,87.944773612112,107.45403319513,192.61120464204,168.258606256986,82.1248555376977,126.102926755563,88.0100320607753,98.5705919343816,178.497909745293,211.643338345863,169.210334390415,85.5939770258978,61.6640246725134,40.4496007165347,44.834207589624,48.3913026043452,60.1465445722147,55.2027819977293,58.1724949413976,44.4870897477201,90.6662973794781,38.1829542365102,41.6465662102411,101.886978487886,48.2650716878403,65.1899098687158,39.7454160167317,50.6541687931948,57.1193279724912,69.1838093700022,88.0308068289,70.651786154215,59.0377133451342,86.6334111239637,188.394285714285,78.4434481830186,57.5525994152046,70.5608095238093,52.6055029239767,85.0786158355659,56.9508534424638,69.3928715608714,154.437009157509,239.57273046252,129.074423253255,101.849541242553,173.368827067668,96.484979039479,102.958538695223,154.085338816739,83.5099851668178,130.193995992953,104.580358353147,227.451496012262,183.345379485868,151.432715144504,175.234783724016,159.072907752822,117.704182657731,214.550133569217,192.61120464204,144.060176129426,88.5772693219536,179.730238345745,168.258606256986,164.495213157894,101.280865250247,62.3042802460698,178.608422201337,85.3018929824561,123.418552046783,106.348350877193,96.9575555555554,90.6662973794781,53.8443387635755,88.0308068289,46.5707848453574,52.5949486168108,56.9508534424638,30.4490154334479,44.4692055137844,74.1944428759234,52.6055029239767,68.9337697002524,42.2489683606983,43.7265913823018,35.7371037798672,39.7475011012379,88.2368458646618,71.7426697746697,50.2696602482827,71.1159166666666,70.5608095238093,44.7431654976995,59.0377133451342,41.6035039134461,68.4417089017101,74.3130194931773,53.3530491053214,86.6334111239637,37.1248891167311,62.4033357623464,227.451496012262,141.041145510836,131.493752816727,104.580358353147,125.316275922177,113.513646272646,97.819182296348,101.280865250247,269.993441938179,211.643338345863,178.497909745293,112.469727509517,148.190776301866,125.338616331381,371.098617511521,117.692382132185,144.386690554511,119.338236681447,148.610677631579,106.89307546039,274.757564213564,86.7401629490393,146.417586626995,121.900851048039,242.606940607929,140.959125270563,96.484979039479,158.999751663641,129.074423253255,219.299587301588
105.657470524574,79.3950839617898,99.460835276949,149.30960613923,91.4035710722517,89.1961215236094,69.2451153759749,1e+20,62.3085131224739,108.479918364501,78.843953585265,95.9358783945658,62.6285641820955,82.5199903296129,159.587076670668,109.785956004133,95.9361691990035,86.5811596825209,109.714555440432,94.0000667844062,84.6782482861675,99.2414937664989,96.3525256091179,128.152702793079,78.5282381316163,104.606899112458,77.3208836996337,61.6086652391312,82.8457743970963,50.6928075918626,137.719446709453,65.3456283774716,162.850867613982,69.2927497288413,143.711027151027,185.632697075793,134.556582240589,150.515484376025,126.249839781123,174.740877685033,298.329812602956,129.890346222405,119.925201020408,131.60903889761,120.714766325389,126.637685264389,143.208336913713,136.13486781226,127.7257127157,143.482041524302,98.7729252865587,121.953315743914,112.26789637682,158.696572441564,84.1493778038023,154.484347511312,128.634361539408,249.900126050419,182.936939847657,89.2154713064713,100.579255381702,79.3950839617898,88.2814920933407,86.8678873573961,101.43940029345,91.3461162012591,89.1961215236094,82.8457743970963,104.242697087024,56.9415511786898,62.6285641820955,104.779153816182,88.6939416028478,104.606899112458,91.4035710722517,88.2365813234385,95.9361691990035,149.30960613923,123.581735760379,69.1098829016058,115.126053487129,89.1274430670316,238.350537815126,119.03032933936,96.230592023476,105.657470524574,85.322071561958,123.840071750981,73.3961954197062,133.224659996677,111.949011183961,282.273846149679,92.2802842875867,136.13486781226,216.434136321194,150.712975020855,129.890346222405,108.623415721478,97.6247295446275,96.3078199555449,141.815651903069,173.784870547891,168.563346343069,150.93676826115,118.900072946317,128.074961728494,92.4161874706401,240.733838956364,98.7729252865587,134.580357535321,110.551943524187,112.223022033203,121.953315743914,151.005073691015,159.411376232311,110.24468525592,161.174655121023,119.925201020408,163.78214519141,98.7144887544761,123.542478585374,104.242697087024,87.7049344671201,123.581735760379,95.8622586367881,84.1914411797517,73.3961954197062,72.118378355412,85.6670060024009,108.290644771029,85.322071561958,72.0544859990816,83.3937216475058,84.6304086455094,65.0275208464987,73.6095648016781,128.152702793079,106.574510926049,86.5773807861604,102.482439042418,105.657470524574,89.2068879954968,115.126053487129,79.9907044522074,96.3525256091179,101.262413765506,99.2414937664989,89.1274430670316,85.6134945614609,125.155921917485,173.784870547891,144.63974719888,115.624574191948,141.815651903069,157.866020308123,95.5333993999538,103.856308779591,159.411376232311,171.167057318032,249.900126050419,128.634361539408,105.399665580477,194.486760562003,114.801063314837,298.329812602956,126.249839781123,106.175514187406,143.208336913713,142.760158751962,127.517602983783,173.422611515468,65.3456283774716,107.525460430325,118.383320449608,211.023201709401,108.605646392298,150.712975020855,163.962660626641,92.2802842875867,227.95248802651
65.6444252107543,63.1545123794333,64.1671943927971,83.4129925791248,49.3920780725124,41.7613613737266,49.7438314156602,62.3085131224739,1e+20,64.853544721121,83.0885919303853,60.1724568701175,32.965758249565,22.6985317539042,125.493907855869,79.7328376213016,48.8002571502906,88.5291447456053,81.1285405559352,90.627509488981,46.43270139489,68.8536429653236,64.4940173767181,80.7439837662339,50.6375264853617,66.0911647008909,34.1397744038726,61.8290422764618,55.9656325307674,35.5169737630789,89.509570915926,64.3951173634844,179.756104660045,71.7566760887807,135.17580564784,154.370573419334,98.458020010691,131.914423659674,94.1361758608902,197.664826808772,328.883548387097,112.784957108681,88.8663172514619,100.042419875446,106.206801992998,102.900610591163,112.749735625485,87.550130045979,108.136912363772,128.927414048195,188.366305425124,176.208461486573,65.3834222056984,149.447312064096,90.4779295857651,128.801621212121,166.764815809932,190.394701298702,172.499895952884,59.6988196899172,54.2096488691405,63.1545123794333,64.0325638517825,45.6105355111352,51.7764255130834,61.9327064777326,41.7613613737266,55.9656325307674,88.8317190402473,33.4193256341107,32.965758249565,98.4811475279104,55.9777248041736,66.0911647008909,49.3920780725124,61.8843147262094,48.8002571502906,83.4129925791248,80.624441174417,43.5526775643168,68.3748869069526,68.0859735264735,152.252282980177,61.5932914648547,63.7486606820079,65.6444252107543,44.5111917862839,79.4800661764124,66.2806365032625,75.8302057586794,155.043331624516,213.42475974026,118.529160294491,87.550130045979,172.412588744589,106.62892959039,112.784957108681,145.690268517009,71.0722196060751,107.171358953413,106.879185677383,190.069330254851,195.141942965762,155.31966977613,151.135551970389,132.746442484112,102.423230021694,226.837603174603,188.366305425124,121.398490005608,84.0177854464166,156.281462774559,176.208461486573,141.54365,106.934861016176,79.5823145832493,172.316596778221,88.8663172514619,118.05306923919,90.8561358130174,104.352927698033,88.8317190402473,54.3967194615326,80.624441174417,66.418354666747,41.5566930200145,66.2806365032625,38.9531346438901,59.2071867737526,81.2707120758308,44.5111917862839,78.1009834830331,55.100142871246,42.5252300185194,48.1529153702345,43.4081004974557,80.7439837662339,87.4603170995667,32.2317825465557,61.3534352358167,65.6444252107543,65.6114221850418,68.3748869069526,61.1482306681903,64.4940173767181,62.9253815033722,68.8536429653236,68.0859735264735,50.9227932520693,75.0013046604382,190.069330254851,104.018802983394,141.417797895537,106.879185677383,138.311106240981,108.105963271437,96.110968792121,106.934861016176,228.176523809523,190.394701298702,166.764815809932,103.953621199285,150.950887729424,121.144139201871,328.883548387097,94.1361758608902,141.361145021645,112.749735625485,177.056510101009,101.350057555088,231.767998556998,64.3951173634844,114.586846290191,107.675215534679,210.944000522577,114.522624117111,106.62892959039,151.270933280169,118.529160294491,167.525264367816
39.9950556993908,69.4525036905121,52.3192148464448,66.0293465884029,47.2577273584502,36.0227957932543,65.7506266095819,108.479918364501,64.853544721121,1e+20,77.4389109514696,66.3799683121427,72.6041941745869,85.612397804768,91.4942208629681,45.411875232618,59.1154679713329,66.8947338407369,105.064574686644,89.7717525585385,53.4582453933787,47.4510481541785,55.1750524520958,59.6371030671416,68.5548645679875,40.1247778825225,64.0834920010675,71.3773140054233,43.0027224579281,64.8249363495258,71.0606715337627,100.468057121872,133.470559118384,84.7446138588408,101.666636476121,96.5998893077153,76.2802198020581,130.414789377289,84.6761438301224,131.370408742444,345.094663865546,101.142387141071,80.8710540267599,122.038648648649,76.1372574060117,71.3785603418072,71.7741967835388,72.9462394834335,66.0730133334519,112.463095053483,138.777538411246,143.640752096076,75.2806930074499,139.08324955172,63.9706422864364,88.6450498974707,150.011724376578,243.810689517911,107.939120422621,54.9210550446826,48.138570591627,69.4525036905121,53.0257816490959,29.8177767413248,64.6332479692461,63.6944705353915,36.0227957932543,43.0027224579281,71.0367394104479,79.4362733036595,72.6041941745869,67.6634943239548,64.6376791121835,40.1247778825225,47.2577273584502,45.7150982481871,59.1154679713329,66.0293465884029,90.6908628968951,64.3266902790412,60.923436426249,80.616721572991,211.095077106518,61.1887490885691,40.9967438706728,39.9950556993908,50.1534230003998,55.4157003048434,56.8783719256097,86.4435036395563,95.6959978548447,261.799431873142,121.763900002472,72.9462394834335,196.826830016217,83.7743422766478,101.142387141071,104.673921476183,58.322049567282,83.6816544083103,84.6902706322191,116.660003855793,123.517035807204,139.659697847662,125.630470047668,103.24909877169,82.6841504949126,231.136933585952,138.777538411246,77.4419500864795,57.2356575642024,121.617413253696,143.640752096076,112.687979918995,120.25128898721,73.0695300194046,132.878070234649,80.8710540267599,70.5524073359073,89.4212172853965,111.399530303453,71.0367394104479,58.9421069855016,90.6908628968951,62.8975370062678,79.3129056564789,56.8783719256097,80.7317884113683,57.8380968876882,54.7743810328711,50.1534230003998,86.3229344793385,61.4734163186429,44.1361868646791,69.6429217575237,38.3513330446363,59.6371030671416,47.1509141431046,97.519138363611,57.2505938684151,39.9950556993908,51.1258635484404,60.923436426249,58.6963983821006,55.1750524520958,61.0585577004468,47.4510481541785,80.616721572991,55.1933661189636,51.0817845740498,116.660003855793,131.260852906312,99.8931951070044,84.6902706322191,96.3482547394126,61.2366988531926,65.4832024863815,120.25128898721,169.90556302521,243.810689517911,150.011724376578,77.4509573136983,168.600698208292,75.8538728350416,345.094663865546,84.6761438301224,120.131799846272,71.7741967835388,125.584254688955,68.9169212034297,161.741496164654,100.468057121872,109.232207137478,79.8793025337881,260.461746867167,85.3125885170633,83.7743422766478,160.644179197995,121.763900002472,180.934347173166
99.7129714251782,53.3529327049699,88.9732276820844,113.182729817715,88.216751356049,69.346525861758,79.4053965395346,78.843953585265,83.0885919303853,77.4389109514696,1e+20,84.223907230205,80.2390279964143,100.875071148457,137.355550060354,55.7456440743172,77.1186867412351,55.883503872263,92.8976142968641,69.5593965953889,82.303980263645,67.1311369137761,56.4484101864911,112.3757775362,60.4751510818877,59.9005412808873,86.50129842853,38.5586293272332,60.7845703976659,58.5293963211206,81.9916738630909,65.7190876713866,122.578835708774,73.2294725156491,95.445156298713,100.775438758612,94.8702893114723,131.977795028158,82.6271559028965,85.4624841066078,339.554416120457,101.264755804771,93.8105042344739,65.4679146447679,81.7995287738538,83.6182407481469,110.190788271079,82.6104036104036,94.7968393719007,146.994145953418,127.089102647924,133.656724100614,65.205578697927,167.921648526912,94.5188092652029,81.4793535715497,135.169422012363,262.081733165839,110.079324923234,81.2103132319607,54.0046083674299,53.3529327049699,65.5428632620748,66.709289867284,77.152443408135,64.0261237084949,69.346525861758,60.7845703976659,62.9459624545992,82.8686860681136,80.2390279964143,42.4727337077337,61.5910294244435,59.9005412808873,88.216751356049,75.1792106851433,77.1186867412351,113.182729817715,140.602519900554,54.5396744502533,90.9420419747419,51.7361984637237,281.994733535966,82.9754234567823,76.3339606333169,99.7129714251782,89.2092569770655,71.4551114083037,41.9414205080226,73.9673950496906,83.9616448808746,337.327391046751,72.1512270555319,82.6104036104036,225.405410263989,125.518207908022,101.264755804771,126.793127642701,56.183913111276,80.6800035848218,115.999811936021,122.379332533834,152.861322174037,140.009991483006,68.6725517224433,93.0417817619738,61.396120136878,251.907299308878,127.089102647924,141.299889540191,74.0835813663752,121.182023585736,133.656724100614,117.470994285193,119.437054655366,78.294819500133,114.06865914787,93.8105042344739,87.2222426775715,78.092352225664,170.682420989654,62.9459624545992,74.1083157253136,140.602519900554,53.529912452356,80.2146816116598,41.9414205080226,80.1255537174,62.2190287135713,64.0691960143226,89.2092569770655,87.0222863376122,60.7157352366986,63.446913985372,56.5340681856849,43.1030350024476,112.3757775362,84.7479385632072,106.12418866123,65.7853268592176,99.7129714251782,66.8541959870111,90.9420419747419,67.8873014582397,56.4484101864911,93.4888291766762,67.1311369137761,51.7361984637237,63.0616088993109,99.3422917271852,122.379332533834,103.192872180451,83.2970166852124,115.999811936021,96.6509724310777,86.675425078219,74.8475087743673,119.437054655366,111.064270971546,262.081733165839,135.169422012363,74.79213700864,161.701281481481,81.8856456571773,339.554416120457,82.6271559028965,108.551787280701,110.190788271079,105.122234183945,90.4185579210495,111.206073517126,65.7190876713866,105.953821448519,101.710346276185,203.118100015805,104.89909763559,125.518207908022,131.989736611003,72.1512270555319,202.665970669918
60.8224870413275,54.853050853402,57.8691684796923,103.320819859162,48.8584708128749,40.1627258022274,59.4436838516092,95.9358783945658,60.1724568701175,66.3799683121427,84.223907230205,1e+20,41.6577132487482,65.585021435982,136.955183859861,71.8261605971002,77.6451898231386,98.4754869574871,68.1247704200895,62.5915969624344,42.2449440166843,52.8856372883261,51.8144263759074,105.302395218816,33.7469112908367,59.7675762211032,58.3277417272963,70.0540399835914,40.4118961298553,60.1380549389021,100.786087579088,53.5210355179535,167.319713711126,105.76286838529,169.177132263181,122.035791225079,95.3080695970694,105.648503926462,90.1437569435672,154.636024007016,417.638101382489,106.259583746041,64.121450763303,52.9144335333698,130.616526200555,78.1315227973779,114.795331983806,126.510564461516,48.5221542170111,123.696352682778,209.662390865622,178.031173144752,87.0935007625068,145.309722876206,102.841165663237,98.5872666000664,216.131169614449,272.959516483516,158.96971965244,102.841722309437,77.3738809635066,54.853050853402,40.2781834052471,56.9546952119418,67.9406316862804,53.756478932415,40.1627258022274,40.4118961298553,56.2653629580491,63.5119853607953,41.6577132487482,106.947882978723,33.5727253656957,59.7675762211032,48.8584708128749,34.4892131365926,77.6451898231386,103.320819859162,71.4869338909233,90.9277416413375,81.973930190377,80.0775723925198,226.816792611644,59.3894615778868,73.6781913419664,60.8224870413275,72.0676830852363,83.0433775278889,72.180945298673,77.596936178231,184.924673577014,304.290118902372,97.195439780751,126.510564461516,223.936670329671,94.0969844611653,106.259583746041,175.508603153407,84.18171522859,102.960366982611,81.334256450307,243.513053457182,215.210069723101,142.040139360639,176.98694531972,141.344971821716,93.3266883261665,238.968208288444,209.662390865622,157.676505494506,74.2787965570508,130.483119336665,178.031173144752,137.592817970265,105.467375480311,76.3351319814938,166.319612054612,64.121450763303,124.233430339775,88.0012326007328,64.5047880795321,56.2653629580491,48.0416953524017,71.4869338909233,47.4410920129793,38.2583923562107,72.180945298673,64.3441387744387,32.4826045904451,71.8855511536876,72.0676830852363,93.7819524090573,31.9088098715928,52.8225664857723,72.1509538824132,51.8381676089866,105.302395218816,69.6583844453418,56.9708877539229,73.8484116202947,60.8224870413275,42.2699791084325,81.973930190377,43.10492982827,51.8144263759074,39.6394313591777,52.8856372883261,80.0775723925198,40.956298417894,80.4945982386407,243.513053457182,104.755869710077,100.608597049797,81.334256450307,134.860893162393,106.174381183381,60.8802784505385,105.467375480311,286.201863996663,272.959516483516,216.131169614449,84.5438556016213,136.767116384797,136.139370727312,417.638101382489,90.1437569435672,143.239348672161,114.795331983806,126.384199023199,83.590575212032,227.024218880534,53.5210355179535,175.09224551752,114.627506700616,165.251591042527,137.471688873626,94.0969844611653,116.250640857816,97.195439780751,253.261043956044
58.1529138080951,42.7898137668325,64.4645797422664,101.11396564238,51.4658646877114,47.5116344512194,41.6465662102411,62.6285641820955,32.965758249565,72.6041941745869,80.2390279964143,41.6577132487482,1e+20,54.0055203194062,142.151067536609,72.744070477137,56.0753768420171,95.6110562414788,80.4727472518033,64.3050391692738,45.9923082249489,57.4619865241161,47.6899942043609,97.4464666178837,28.3417824815213,66.8427177169575,45.2658855549596,62.1145691959506,39.2626374279584,36.7946115857369,102.661101568048,67.3553064392509,212.286059620596,96.8851291544259,156.247909004188,189.332752266551,121.894949240641,117.436940980269,140.709565804735,216.143036425952,460.164362346566,102.042285423408,69.8049959827833,80.5641508961308,147.273900672661,121.082516735815,145.812265060067,118.126779991083,98.0465682737707,152.306610679135,224.548986305772,220.773017228611,92.5431440266054,134.73492649786,102.50235908684,133.325559207571,228.269014304021,244.991836487441,207.590536867457,95.9330709096645,71.0331040194939,42.7898137668325,39.1766829060942,53.3501460755524,63.8702319805972,44.5863368665131,47.5116344512194,39.2626374279584,70.9424443009727,32.2075016377989,0,105.791995354239,33.4176526986797,66.8427177169575,51.4658646877114,48.9260789154092,56.0753768420171,101.11396564238,84.8637969399817,64.3821691228195,72.1752289458987,89.08353423041,185.497073295986,66.1438176216898,70.3708838338074,58.1529138080951,50.0093629523354,96.1040661738594,69.8213484758506,73.223602702546,190.837188438852,231.468510456838,143.428721953137,118.126779991083,202.665220924142,111.044113459207,102.042285423408,180.668792360115,96.3130409467506,144.141664872828,90.764998529587,276.551353191489,223.960748871983,162.99083137411,184.567810735591,160.365642270394,123.649951197333,244.974235294117,224.548986305772,173.280461732561,102.287041760155,194.087414590877,220.773017228611,202.507550281251,113.106384686173,80.3281446297367,207.55229141708,69.8049959827833,157.449697387898,112.530828008927,91.4879696621886,70.9424443009727,31.1337934982122,84.8637969399817,49.6846230261209,38.1995320825275,69.8213484758506,42.5469356057612,31.0900898203183,77.1881102534303,50.0093629523354,102.028117735029,28.2211073847211,43.6695895782385,56.1591914146588,36.4361440285204,97.4464666178837,81.9449574656173,45.2609543578529,73.9834448156497,58.1529138080951,41.4222367431136,72.1752289458987,42.5788863613253,47.6899942043609,47.0889338540837,57.4619865241161,89.08353423041,33.4756874628639,84.8961264977354,276.551353191489,91.45430513311,152.713658768012,90.764998529587,145.50439855617,131.289450983143,101.035548025662,113.106384686173,313.624133333333,244.991836487441,228.269014304021,125.39918300934,159.38823706816,164.492089081634,460.164362346566,140.709565804735,166.686021967161,145.812265060067,175.644576757532,101.980880739005,311.251888497602,67.3553064392509,163.644295520485,125.42647490837,229.269113941311,141.529822921286,111.044113459207,135.754785945615,143.428721953137,238.013932409287
