1e+20,9.87031500938568,5.96359145880563,10.587553826056,9.30690179545125,10.5260316177154,9.28682330130069,13.651989321794,9.38697736469999,6.29306574212697,10.9974151316305,11.901855284493,5.77644863371631,12.1092560972834,15.0842069626749,9.26738930774085,5.01624913106076,9.06176434922364,11.501714924249,8.55405995605512,8.66371372939662,5.92520469423149,7.38481991028864,9.9897279632847,9.9269566532451,6.83906776434633,8.76060266456807,8.80379729220098,9.12947692041252,10.3792287898722,10.007169951956,10.6621740709281,20.7042569938888,13.288247785721,17.0375425908452,18.0888096228326,12.2602907698776,15.1992330153913,12.4385001622768,18.6618503772954,29.106864304727,13.3102336752413,9.90436099259903,16.7607771521318,14.4643133691488,11.9181120247318,12.0767117488597,13.8322589622218,13.3709629866381,15.3947151244553,20.6213173671725,19.4949274605803,7.76902646866478,18.1920580471337,12.3046742934029,12.5673735676508,20.9167287444001,22.9341174600213,19.9890352454871,12.060359066777,7.43735154257641,9.87031500938568,8.43422664538067,7.20039477796771,8.57631962215084,7.11306388765529,10.5260316177154,9.12947692041252,8.54483390843559,10.3159997696136,5.77644863371631,9.67398094663825,8.69294750460515,6.83906776434633,9.30690179545125,8.95411924346457,5.01624913106076,10.587553826056,14.7948445146637,6.59744640687766,6.77345735362023,9.19424971932508,18.475021366758,7.31548802255671,6.15352200119282,0,12.2966417945813,8.29764964599402,8.52439259316306,10.4894373770593,16.517167251887,23.1892041528389,14.741111417073,13.8322589622218,17.5745771125192,12.3734143480476,13.3102336752413,16.7477244360557,10.8814417378528,14.0730043839301,12.2213294328495,21.7482893066048,20.5001609959047,18.4083970157551,18.4008856737143,13.7086148285048,13.0232041563231,25.8547101636119,20.6213173671725,14.0934764285818,12.3060171838048,19.9994004553363,19.4949274605803,15.300718751248,16.9329003352772,10.1183703782103,19.5720617512409,9.90436099259903,11.8468381550738,12.3337673620541,15.3181509318645,8.54483390843559,7.07297527873884,14.7948445146637,9.90854759698631,10.9370779223148,8.52439259316306,11.1360633385894,8.6091752547139,6.81881194108203,12.2966417945813,10.6055871226723,8.71056792755986,6.85145280502742,11.4349617845891,7.12215360416212,9.9897279632847,8.26512776616699,10.8531312404951,6.74487527493042,0,8.57338995288399,6.77345735362023,9.6079661702298,7.38481991028864,9.24133374850697,5.92520469423149,9.19424971932508,6.17858185283008,7.11126330828904,21.7482893066048,17.6053688180917,13.5666093914971,12.2213294328495,16.0463391358813,12.7014995749527,10.3202869481988,16.9329003352772,25.362848435799,22.9341174600213,20.9167287444001,11.0748214025313,19.3656075881211,14.7244096714932,29.106864304727,12.4385001622768,18.4043591295072,12.0767117488597,21.5836348816873,8.99129518697098,23.3828517138314,10.6621740709281,15.7860718579243,12.2153636384409,26.4689281915458,15.4067885378246,12.3734143480476,20.8068805143647,14.741111417073,16.5172962779158
9.87031500938568,1e+20,9.56543026022192,12.2655215469314,8.10214273763601,6.9094499982753,9.9518244406707,13.9321735300481,10.5633021336375,8.12065477435614,9.94295884166315,9.76159170108984,8.01487449566684,12.1102771761157,15.6999782631112,5.44903940822157,10.2592185913482,13.8578976799183,14.6864422669701,12.1176015246611,11.5826246719973,6.53741396506424,8.75402669447794,13.7970962519451,4.09273688230523,7.36323006563519,10.911415990354,8.59895702535519,4.20741692442989,10.0699370474384,11.9549749757009,13.3498518853619,23.4308688847181,12.7111244796725,19.0038931684954,18.7474198311102,13.8818863638419,18.9488062097712,15.3585702428854,24.0486494429931,31.7130869484947,17.9287425358758,13.010906873921,15.5483267259139,14.1785525681469,13.2743341878524,15.6108079491156,13.2417204032249,13.1484464746174,16.2663116010596,22.9794776478862,21.4273438760238,12.519999565291,21.0730638304118,13.4055088437215,13.1846696056628,23.640179078673,25.7138201247017,21.8286140245,11.5587199173071,9.22227199344565,0,4.20230072845533,7.93474041263387,9.01437896120824,6.67663615089569,6.9094499982753,4.20741692442989,11.7972659793969,11.3106677054639,8.01487449566684,9.40346066605691,4.72261535413552,7.36323006563519,8.10214273763601,6.98230786944906,10.2592185913482,12.2655215469314,17.076962232207,12.0203615227848,12.1811479939052,14.122386367856,22.5552044064389,11.6548266741674,7.49146179787979,9.87031500938568,11.9698126988599,11.4065957930886,11.0698524436928,12.1358102760267,18.2866643435896,26.0640559139379,17.2765238253758,13.2417204032249,23.2130699097606,13.6503722086366,17.9287425358758,20.7355800551369,10.8575958834552,16.7859669985995,15.8630582606074,22.8057218835147,24.0576402433635,19.5201453169736,21.2617556594651,15.3134676523029,16.0099376472164,29.8260202729278,22.9794776478862,17.9601335566732,11.3072024330766,22.676013692499,21.4273438760238,19.488267415805,16.8442034121293,6.9482651165313,23.3914980783275,13.010906873921,15.731261033991,15.3019131483017,19.1937291690361,11.7972659793969,7.66241747864425,17.076962232207,5.87451169751343,10.8474304311575,11.0698524436928,11.1684597088722,3.38546916361503,10.3998359755554,11.9698126988599,13.2205431994182,3.14839906286009,6.26787283331299,9.40325137883149,6.98326338400796,13.7970962519451,10.9230239434993,11.653433548504,11.5454118035637,9.87031500938568,4.16863970927791,12.1811479939052,4.50052746914097,8.75402669447794,9.25609110933523,6.53741396506424,14.122386367856,6.61017023338424,9.75685613744248,22.8057218835147,22.2075524846377,16.8159946852609,15.8630582606074,18.7955089755658,15.736466068782,14.6352674566708,16.8442034121293,26.9133840178245,25.7138201247017,23.640179078673,14.7578011619688,21.7275502879433,16.7536683993813,31.7130869484947,15.3585702428854,20.0040491804202,15.6108079491156,22.716116062364,14.4527528740647,26.4892725749825,13.3498518853619,18.8018291886002,16.8223153373738,31.1386131919363,20.8282547258614,13.6503722086366,23.8893575963971,17.2765238253758,21.3918612205958
5.96359145880563,9.56543026022192,1e+20,9.9009006685636,9.52082339337146,9.75051843258556,9.17769713386491,13.6885116663165,10.3736155069129,6.51735770340505,10.7085799619022,10.8176557546323,7.37396416878761,11.6337680678201,14.0195554339069,8.88836386635308,6.19010998292485,9.93557217617334,12.034038006857,8.90970403748662,8.38309389109864,6.69904171728183,8.28441734830341,10.4795286716541,9.92632471840323,7.3298807012386,9.75475778239289,8.15247231598362,9.21700721141586,10.4891695947726,11.0087788182213,10.9115892951434,20.8730769174284,12.4428362500478,16.8476671720956,18.0901739915917,12.1947444879357,15.3244620844526,12.9151965121985,19.1940922505643,28.7559645387507,13.4264810714955,10.4518016232661,16.7232085691296,13.9163603365441,12.59453806686,12.3843727129938,12.8747146956936,12.7408732596736,15.3463718708073,20.8919368058058,19.3148992370971,8.83481117946113,16.4169880635896,11.1176643946175,12.6303232092098,21.3731374630667,23.0833239787612,19.6282367906105,12.4510457313888,7.79735662118384,9.56543026022192,8.39084798137886,7.31847829060451,8.70500440422192,7.73558012327101,9.75051843258556,9.21700721141586,9.0179988610358,10.6692687037362,7.37396416878761,9.35786336043187,8.70952244102504,7.3298807012386,9.52082339337146,9.25702605511537,6.19010998292485,9.9009006685636,15.0733442412113,7.96059315973691,7.34514219860713,8.74360847823389,19.0798174091985,8.05568694223219,6.6990698792046,5.96359145880563,11.5596830595627,8.35367586353263,9.16959031854238,10.0617153794494,16.6949907824361,23.3534127340566,14.8807612743437,12.8747146956936,17.860792924014,12.0389509294836,13.4264810714955,16.125282966807,11.4604339154944,14.4521214523741,12.0987871627861,20.9449060893332,19.7863118419846,18.6443779872512,18.2613432202163,13.0813650232263,13.5534348674588,26.605918614684,20.8919368058058,13.7392855083105,11.6172802319186,20.6351555063767,19.3148992370971,15.0640242525535,16.7330244384961,10.5396065059807,19.2019953817322,10.4518016232661,11.5587951354629,12.5526140625185,16.2112989823761,9.0179988610358,7.56583382485802,15.0733442412113,9.77262951505705,10.7625080528634,9.16959031854238,11.1255074832692,8.55924114676462,7.75710081127989,11.5596830595627,11.4561630285938,8.66500034350685,7.13803820992435,10.419587888229,7.52245033603545,10.4795286716541,9.86669716439425,11.1148210521571,8.19763945804588,5.96359145880563,8.49566136459211,7.34514219860713,9.18161858208614,8.28441734830341,10.2414326257443,6.69904171728183,8.74360847823389,6.54098135296014,5.83319035103436,20.9449060893332,17.3583064230805,14.2072237265661,12.0987871627861,15.7811722492593,12.5764044391611,11.6922731605522,16.7330244384961,24.4379478578764,23.0833239787612,21.3731374630667,11.2251779255756,19.4255076430526,15.5547728457692,28.7559645387507,12.9151965121985,17.8424438739012,12.3843727129938,20.6772675532555,10.8995884979314,23.8450310320764,10.9115892951434,15.0381424707398,13.0702157753432,26.4682972064013,16.94107848536,12.0389509294836,20.4487004144527,14.8807612743437,17.6972110457881
10.587553826056,12.2655215469314,9.9009006685636,1e+20,10.1590629780953,12.1025532578833,11.2922598637989,14.3341256187527,11.8718093078954,10.2710639671505,12.6316903939755,12.6847778092156,11.8610984615984,11.7439553664914,14.8743320046331,10.8376094761421,10.6880868460049,11.8684459797986,14.8592954952036,11.3629049547478,11.621454136607,10.6804660640435,10.6976418624278,12.6286085694399,12.422921549791,10.6519348861265,11.1188866907215,10.2436894238065,11.6684456477433,12.5734467954084,12.3296638548583,13.2477747130781,20.1543950057002,14.1176795291215,17.0861289621576,18.1499928433535,13.7383073748184,17.1707887418699,12.5424746269008,20.4486846444816,25.5765294204201,13.9890771659085,12.7854292816498,16.8587242765136,14.0862262066795,13.2927263689732,14.2730037921051,11.8558950207878,13.0312775349012,13.06044628383,20.1306798184705,18.7176134267136,10.5917380998559,18.1088991713753,13.72824132206,12.7043544165153,18.2580264675358,19.8416317299207,19.0834942905757,13.2604855518711,10.2229190934758,12.2655215469314,11.1746086104508,9.9000625221542,8.37889412254021,10.070392282928,12.1025532578833,11.6684456477433,11.5683739454994,12.7194333773052,11.8610984615984,10.0753281515448,11.2484017554305,10.6519348861265,10.1590629780953,9.4270100237397,10.6880868460049,0,13.6945320944227,11.4786410268932,10.664160049115,11.7932063871635,18.836440402074,11.7981132151189,9.45691810537969,10.587553826056,12.7949574137233,10.7285673014468,12.1957170626611,13.19880321286,16.5828016557351,21.2676689075847,15.4495795055019,11.8558950207878,18.0683707379432,13.4165945205657,13.9890771659085,17.1556128556291,11.5067365648698,14.8619840605869,14.2268812356113,20.3422214266186,19.3438597353216,15.6693712428555,18.3485263105841,13.5836816940715,15.0774320014883,24.8989058522433,20.1306798184705,15.4079047038935,13.0282269706909,20.7615961049297,18.7176134267136,16.5727643487083,14.1911292461608,11.1837625063063,19.3805615392726,12.7854292816498,12.8317122341182,14.2326983597386,18.4093409640758,11.5683739454994,11.4532262722335,13.6945320944227,11.6834771033697,13.6474985643824,12.1957170626611,12.6753020731876,11.6559683894175,10.5010578016527,12.7949574137233,10.2438392007783,11.7695259216783,11.0246704101485,11.2424136112965,11.1244307060557,12.6286085694399,10.5200938982317,11.437136055121,11.2790230809221,10.587553826056,11.2522018330994,10.664160049115,10.6384293496216,10.6976418624278,12.1449615692406,10.6804660640435,11.7932063871635,10.5357344003158,10.1125698043486,20.3422214266186,18.930263913391,14.4815708563611,14.2268812356113,15.5014851129775,13.6756462321088,12.8386505565767,14.1911292461608,23.8354300976526,19.8416317299207,18.2580264675358,13.4636833076046,18.6751432062685,14.7791037352108,25.5765294204201,12.5424746269008,17.1550382920842,14.2730037921051,19.7828526217868,13.0122253292622,22.9002392136082,13.2477747130781,13.542525766748,14.3209098359312,23.9492189287988,17.5504886761464,13.4165945205657,21.3902115844934,15.4495795055019,16.4205592537992
9.30690179545125,8.10214273763601,9.52082339337146,10.1590629780953,1e+20,7.92086888767575,5.5321075495003,11.766973925734,5.82482153332791,9.81501419651491,11.9469861198571,9.5612947752547,8.20839824295914,5.94346443871906,13.0903932345045,8.19305292550463,10.6741933985918,13.0122448701474,15.9302513220509,13.556665287487,8.7229430731969,6.54227563435485,10.5344075546066,11.5286464995372,7.90212840365741,8.42047647092821,6.07513216875847,9.48929617240331,6.04554685384351,6.71731518973289,13.7233494346321,14.668181715755,21.6178719934436,14.4851007880518,19.3711847363681,17.2803287216022,15.7484128630557,17.9151963063766,15.6763871269601,21.713277797362,30.4192391722356,16.8471772560988,13.8044174191987,17.6043581041163,14.8608600792416,13.4953086588708,15.7404084370693,13.2573022038482,13.6319399428763,14.4513346750242,22.4789343714458,21.3389932871918,11.9395875932382,19.3891605468795,13.2078536450438,12.8634012573377,22.3167920320071,22.8707935492697,21.6744858726405,13.2331146621984,10.4449823279751,8.10214273763601,5.96999829380708,9.07160653767937,6.06833382240067,9.05441686219272,7.92086888767575,6.04554685384351,13.1152008387332,6.67747282155805,8.20839824295914,10.4784679807764,7.13125659615576,8.42047647092821,0,8.45143634204405,10.6741933985918,10.1590629780953,12.9370746720764,11.794813132501,9.48676261368677,13.38506935061,18.0611777679478,9.79444809399288,7.23692034725373,9.30690179545125,9.66383006761018,10.2609476313432,10.3871823822441,13.5187933464485,18.8405327280489,22.5298592184579,17.7962848808653,13.2573022038482,19.6994194108215,14.4336514663804,16.8471772560988,19.9095148844112,12.5964222106418,17.5329464780739,15.4790236365554,22.7549627204825,22.7145328332941,17.7640048636531,19.0032673218794,16.299581255776,16.6035006002998,28.4660522771462,22.4789343714458,17.9800928498046,13.9649361888238,23.3457188318195,21.3389932871918,18.5275630121549,16.095588658844,9.19555285840639,21.7496382349635,13.8044174191987,14.7380624918282,15.4170818367596,13.9517920043146,13.1152008387332,8.52932188077037,12.9370746720764,8.41411951086107,8.43186568168728,10.3871823822441,6.73804726757377,7.47572502731967,11.4461831715451,9.66383006761018,13.589067841065,7.58338566902452,9.23237460147339,6.15357516064763,7.40377547725781,11.5286464995372,12.3109299526432,6.21752362590225,10.7959441292016,9.30690179545125,5.95914983827809,9.48676261368677,5.50825703824318,10.5344075546066,7.11673107071057,6.54227563435485,13.38506935061,7.85355203473496,10.8741325990806,22.7549627204825,20.8317520121211,15.9406970146811,15.4790236365554,17.9556124314901,15.4315221832985,13.8668622028461,16.095588658844,26.1460083381085,22.8707935492697,22.3167920320071,15.9763567650829,19.3390183669804,16.6098926142603,30.4192391722356,15.6763871269601,19.0310093942427,15.7404084370693,22.8219820452184,14.0377094415748,25.0450285914091,14.668181715755,18.0710626364008,15.9249403982446,27.4206648847997,19.0019434919993,14.4336514663804,24.480253203741,17.7962848808653,19.3833617465807
10.5260316177154,6.9094499982753,9.75051843258556,12.1025532578833,7.92086888767575,1e+20,8.19508736205543,11.3717781333642,10.1683827493702,7.54703796662587,8.4734567272979,9.12703836284134,9.71292083781317,10.6344279329833,12.5885901377243,5.53029102523259,10.9334144923141,12.5782236119355,14.7283489773914,12.0309461848045,9.70955012107686,7.77778861136902,8.97598803695865,13.1449788290219,7.40832617694896,7.55580970200267,10.4199393084243,8.17494959850805,5.68373981174391,9.19133792501765,12.8635681849143,14.6560522191639,22.2719651175376,13.5961726337965,19.2341815233705,17.426839272131,15.0116662182345,18.8538592282696,16.5298196608853,21.707182849204,30.9392150165271,17.0043804675895,13.8589316968324,15.7944843429517,13.4957779697561,13.3123348055494,15.9005929975738,11.9060414465936,13.6122338710845,16.416694508987,22.3695737982164,21.4122690503228,13.2614289824537,19.6515463626097,13.1812276772545,13.2778093094977,22.3491571356677,24.9318523288865,20.8133866106366,13.465192746338,9.60451326833364,6.9094499982753,5.8703102001187,7.99937433465098,8.17295442293574,8.63041547911819,0,5.68373981174391,11.5389022964951,10.625315975784,9.71292083781317,8.57456350872807,7.02056087539339,7.55580970200267,7.92086888767575,8.34282420597116,10.9334144923141,12.1025532578833,15.2415513906397,11.7366409901416,11.7584501350403,13.3465878818349,21.1590418526991,11.6635461675635,7.36918939160826,10.5260316177154,9.2184402325159,11.09310258144,9.878793895592,11.8570397708664,18.0764050866379,24.7541098044694,17.7112921869069,11.9060414465936,21.3756172324678,14.3172932232974,17.0043804675895,19.7920657737186,11.7846036428349,18.028679597426,16.0364221451585,21.7717414530631,22.1359317555964,19.7345593103654,18.3989286522252,16.1437201633791,16.7671868982767,29.1404340851028,22.3695737982164,17.8800208310127,13.1256017732777,23.5501783947773,21.4122690503228,18.9508559000883,17.231441009232,9.05133028089976,21.9301352920757,13.8589316968324,14.1329210153155,16.2302679484375,17.3984941428789,11.5389022964951,9.59199454524181,15.2415513906397,5.43510016471046,8.89988528395085,9.878793895592,9.03189463111292,7.01168100483961,11.0163352335276,9.2184402325159,12.8331153838984,7.11390942765563,7.75240819274532,6.86984978856109,7.94000835576785,13.1449788290219,11.5444945031388,11.2045690374308,11.5244464154468,10.5260316177154,5.6250060164267,11.7584501350403,5.26021765150514,8.97598803695865,8.11580391830542,7.77778861136902,13.3465878818349,8.21466018254677,10.2041827527022,21.7717414530631,19.6505413061315,15.9194037970968,16.0364221451585,17.7210718786352,15.8957957393552,14.4123582424878,17.231441009232,24.744479330985,24.9318523288865,22.3491571356677,15.6047283358762,20.6255622715625,16.1908556713167,30.9392150165271,16.5298196608853,18.2581540972092,15.9005929975738,21.8734269321481,14.9837885643797,24.8679465742907,14.6560522191639,16.7162995733524,17.2367043040019,30.4924368908934,19.6838714772828,14.3172932232974,23.9920189244458,17.7112921869069,21.3187432076991
9.28682330130069,9.9518244406707,9.17769713386491,11.2922598637989,5.5321075495003,8.19508736205543,1e+20,12.2783057270857,5.83933685960638,10.0740550511928,13.0607416703347,8.10909713514289,8.30437741192565,5.79669812147304,11.0899231742766,9.73038227089547,11.1664109918038,13.0605526082527,15.9006117698693,13.7737061976589,5.51594919698417,7.10738631111757,11.5727250951252,10.0833034455026,9.69042886295607,9.06820249781189,5.6008954636782,10.6277905486544,7.70812904836449,6.94313371375391,14.1200483562319,15.5844710903042,20.4528404904631,15.0179268712708,19.4651582520175,16.197797216021,15.7149840372378,16.4926070373792,16.4439895309067,19.9548719707849,30.0532229474246,15.6124034747844,13.3861259746806,18.0957608557864,14.889929387442,14.0859817266106,15.6146327163349,12.4176390917109,13.4126849655254,15.4377759697441,21.9489614883354,20.8316040638686,12.245141945652,16.1645620694772,12.6568153017637,12.8290318668101,22.0834031536702,22.5675840444683,20.8392309773382,14.2674595370669,11.4835386980059,9.9518244406707,7.95718174986882,9.85413471707244,7.19209126818401,10.4999415905666,8.19508736205543,7.70812904836449,13.2741917003551,5.20102403161566,8.30437741192565,11.6382669676668,8.62631736533701,9.06820249781189,5.5321075495003,10.0935153049616,11.1664109918038,11.2922598637989,10.7970639505163,12.3383661390075,8.68110266830249,12.7538761597986,16.8257901241642,8.97326002535792,8.17979812204444,9.28682330130069,7.70013546686161,10.8300288511387,10.6609613695685,13.2118596084013,18.9846158094316,21.4511085144205,17.5076529640503,12.4176390917109,17.7509251566046,13.4643775781629,15.6124034747844,19.1892993067818,13.3437343412983,17.59666849698,14.0563318015511,21.7261088079388,21.3507342302571,18.6461134532957,17.8290242301147,17.2425744231988,16.9710235963494,27.9049292264695,21.9489614883354,17.5217768173721,14.5834057596659,23.3513739551336,20.8316040638686,17.39050329476,15.8982471778094,10.6992848999742,19.2460935170583,13.3861259746806,12.9483250940614,15.1113000038995,10.7569092885146,13.2741917003551,8.90022771223856,10.7970639505163,9.57975405647079,6.64341764421889,10.6609613695685,4.80464152416367,8.97220940449799,12.4314714553893,7.70013546686161,15.009662548061,9.08177141725449,9.96967814331929,5.71743331555572,7.91270851599421,10.0833034455026,13.1588569270753,6.21970285854525,11.1821578420907,9.28682330130069,7.89328922615263,8.68110266830249,7.68043946504719,11.5727250951252,7.62298438967103,7.10738631111757,12.7538761597986,8.37322050585253,9.83795666924283,21.7261088079388,18.3313645105378,16.0349251610443,14.0563318015511,15.8397390398566,15.0447809902017,14.1786143889435,15.8982471778094,24.9268039926449,22.5675840444683,22.0834031536702,16.5801592001075,17.901044865786,17.0509143238116,30.0532229474246,16.4439895309067,17.6681439734965,15.6146327163349,21.3864829772542,14.1402871100543,23.8394063530851,15.5844710903042,17.3721405273105,15.2925847131151,26.1909656589443,19.010005939085,13.4643775781629,23.8741760906061,17.5076529640503,20.0853085345445
13.651989321794,13.9321735300481,13.6885116663165,14.3341256187527,11.766973925734,11.3717781333642,12.2783057270857,1e+20,11.1932408148578,11.6235017646465,11.2864366971963,15.1155262938665,13.8918157329436,12.866904471595,14.5270697631192,11.5477391148876,13.4594102993327,12.2871000800506,20.0957725253496,15.6243994665638,13.7005732627534,11.5411927600093,14.0930976232937,13.3808523383054,14.8236515987705,10.9824081857372,11.2369859089027,8.97717217804453,12.2782927699615,8.80589354953247,16.3002767155521,17.1258146681838,22.4361865959842,13.8472357173194,19.0632762449114,18.7515036699812,18.1440536862289,20.4908416666912,18.6190952462591,20.5677890342206,30.2114712307185,17.7666291900304,16.9542248750471,21.4453495020761,16.0503193846847,16.4776420274903,18.1985111776094,14.7048641452901,17.6614538456794,19.0446845240964,19.8024437764538,22.1691980744377,15.3937878939712,21.7370593917421,11.709292679552,15.9812358037914,19.9114117822915,24.2466257338936,21.6865817211632,14.5330982821939,11.9020324109128,13.9321735300481,12.4002411998567,10.943843642835,10.8550498492079,14.7764865356691,11.3717781333642,12.2782927699615,15.3682235741033,11.7072255140532,13.8918157329436,10.4392389162717,13.8182931941716,10.9824081857372,11.766973925734,13.8749700381165,13.4594102993327,14.3341256187527,16.9473664014149,11.2875422141003,13.6783340970327,14.3636248313016,21.4225945711855,13.8186225623051,10.3220502618977,13.651989321794,12.4313553124014,11.120584813267,8.43036892785815,17.7435149102854,17.7191843480983,25.3691775702156,18.7102827523133,14.7048641452901,21.3770201720378,18.2866289258409,17.7666291900304,17.4049484437332,13.932988435728,19.5275619493133,18.851378417395,21.4231014819503,21.3529743366235,21.0734847088361,16.0443322973148,17.8644993068346,17.4866384859123,28.6727281369057,19.8024437764538,19.1757133228858,15.335944377444,24.4942133860231,22.1691980744377,18.7855645704849,19.9416860502789,13.108932922797,21.7232683138702,16.9542248750471,15.2227299342046,18.1330479074699,17.3683584779798,15.3682235741033,14.0723949933237,16.9473664014149,13.6832098437673,14.4301185349576,8.43036892785815,12.5482596040798,14.4940596604367,13.8169597581245,12.4313553124014,14.0188290272833,14.5972725937788,12.542657338356,10.2468103553708,11.3699335451342,13.3808523383054,14.7448619517025,13.3572043866969,13.775736978001,13.651989321794,12.0581253849521,13.6783340970327,12.6049292715808,14.0930976232937,13.1644747443302,11.5411927600093,14.3636248313016,12.9927211785401,13.495340728429,21.4231014819503,21.9259547747482,15.9422329213523,18.851378417395,19.245085058187,16.7444735796925,15.2239663878729,19.9416860502789,23.0127930957139,24.2466257338936,19.9114117822915,16.7677777458627,22.789518670607,16.1224181755701,30.2114712307185,18.6190952462591,20.1346185451443,18.1985111776094,23.3015083782075,16.2794435907572,22.7588633259315,17.1258146681838,14.0594649797128,18.3564243784781,29.7469736308417,16.9434919195771,18.2866289258409,25.6816262415698,18.7102827523133,19.631619240699
9.38697736469999,10.5633021336375,10.3736155069129,11.8718093078954,5.82482153332791,10.1683827493702,5.83933685960638,11.1932408148578,1e+20,10.486726529167,13.5937268185071,11.5183035472414,8.02937828159151,7.68136270672182,14.2375862462383,10.3349923198479,10.997421987771,13.377575282709,16.9859245097905,14.8604097393186,8.19685875325216,7.13838014931965,12.6572438301382,11.5579892851564,10.6155200832596,9.18944705954351,4.23009360529388,9.90707488317544,8.39765515015661,5.66798097715924,15.0033493887819,15.9196914433901,21.5372788905434,14.4291022543769,19.5736203607921,17.972221093684,16.3063934043199,17.5185195057766,16.6547569216105,21.0643773225752,31.2248891144214,17.241883375025,14.4785664922221,19.4554701682166,16.3184359326141,14.7892425123608,16.3646042927351,14.3260778286618,15.4817149143887,15.9968372647927,21.9771288790561,21.4229202632856,12.1113155913162,19.4405946776705,12.61526124599,14.4210779905874,22.7049940306189,23.6742164036996,22.3117965207727,13.7782433123588,11.5438861183821,10.5633021336375,8.67843809123624,9.47409475078379,6.39319650962203,11.2015255221144,10.1683827493702,8.39765515015661,14.3473367079102,5.1409153427662,8.02937828159151,11.8940700859424,9.21607029900493,9.18944705954351,5.82482153332791,11.2682303992551,10.997421987771,11.8718093078954,13.0428036545532,11.628354016655,9.18308770237943,13.9996221161948,17.9488359788471,10.3545070998016,8.1706455681066,9.38697736469999,11.21686449447,10.3416624671801,9.70263683126912,14.7520717787468,19.2004644657595,22.8926285741293,18.4086260913691,14.3260778286618,18.8412087514371,15.4860877033514,17.241883375025,19.5663816700944,13.5505197749335,18.1840288123537,15.606909099073,22.9780793879932,23.0709091302527,19.1065297914125,18.8044549594509,17.7060324463166,17.2236836384627,29.1342503747366,21.9771288790561,18.4046267505633,14.6477883628514,23.4041604736883,21.4229202632856,17.9666487860833,17.8664582400243,10.9588842523961,21.5163726461257,14.4785664922221,14.7875063981552,15.8944354272965,12.2792416362922,14.3473367079102,8.80714627589578,13.0428036545532,11.0348798551149,9.60032436550245,9.70263683126912,6.78397353594911,10.2400785643381,12.8698769220863,11.21686449447,15.3021841607532,10.3334322555084,10.205791488014,8.10705744525872,7.49585813715981,11.5579892851564,13.6370136412092,7.75147995171832,11.5916113659053,9.38697736469999,8.63252154324689,9.18308770237943,8.62924101474281,12.6572438301382,9.44790476247733,7.13838014931965,13.9996221161948,8.57412603732099,11.2394249459032,22.9780793879932,21.1407513509391,16.6488133739432,15.606909099073,18.0273647308614,15.9015340139132,14.4449378793199,17.8664582400243,26.247179844115,23.6742164036996,22.7049940306189,16.8984235246457,20.2586804923409,17.6514136525723,31.2248891144214,16.6547569216105,20.2110923943744,16.3646042927351,23.8055271102233,14.4350239720372,24.8376080252197,15.9196914433901,17.9058453988359,15.8132655110076,27.2396095193162,18.92782178801,15.4860877033514,25.2459526022023,18.4086260913691,19.7361012556035
6.29306574212697,8.12065477435614,6.51735770340505,10.2710639671505,9.81501419651491,7.54703796662587,10.0740550511928,11.6235017646465,10.486726529167,1e+20,6.64960720838468,11.6549263085571,8.03518318439932,13.0459414225507,14.1212942892465,6.22193692664151,5.95833677204291,8.70386707036639,11.4366120506967,8.16127396565588,9.73543609165193,6.45905151309307,5.92739698846573,11.1064062070119,8.90657061551095,5.37728364332994,10.3488792244492,5.67487870944437,7.77808962282956,10.2109937677438,9.61971728114845,11.0714544727051,21.2701322591413,11.5483409588476,16.9039021117141,17.8766062883333,11.8860881207807,16.7502746059,13.1701619498903,19.8613257584308,28.805669205579,14.2894603595139,11.2859391165847,15.7806098446608,13.0924490209453,11.9552776123092,12.6967302987799,12.2222267506044,13.3095223021068,15.7660624615186,20.1533622736746,19.6789195953053,9.38500172767432,19.1008009321861,10.839027294577,12.7188061867972,20.3321799187195,23.6579217563581,19.6322427935766,11.7877252030046,6.20895381408957,8.12065477435614,7.60949945488977,3.92120267499347,7.7853319975895,6.6148262785705,7.54703796662587,7.77808962282956,7.85874170170383,11.8067977915729,8.03518318439932,6.3181521433486,8.32029431342387,5.37728364332994,9.81501419651491,8.16102803535459,5.95833677204291,10.2710639671505,15.8542737900961,6.6536914769064,9.09176189975884,9.74671172132903,20.2631822652378,9.64781488900639,4.31176115873159,6.29306574212697,11.4297065767255,7.50497204381619,6.52757736828969,9.92558907575173,15.6926649750609,24.0142759270252,15.0459557318893,12.2222267506044,19.2741758416284,12.5682813636004,14.2894603595139,16.259715633298,9.65861926817779,14.7272847325214,13.4988392447676,20.8927139155728,20.4004298451015,18.7920303681467,17.7267006948022,12.4858886768966,13.4915150976102,26.8339271791428,20.1533622736746,14.4811877104565,10.811386737167,20.4451770313382,19.6789195953053,16.2129959043068,17.2069836158705,9.0132939892906,20.2065558544261,11.2859391165847,11.875990883905,13.3893206062085,18.0126058076915,7.85874170170383,8.43103553556666,15.8542737900961,7.77827577446226,11.6517024655104,6.52757736828969,11.6346654711644,7.9320929298351,6.49860091722713,11.4297065767255,8.73788730736898,8.0489243687953,4.18151993249129,10.0505740928559,6.72962104718674,11.1064062070119,7.84892264690448,12.7226858193641,8.34758221357792,6.29306574212697,7.55491850102173,9.09176189975884,7.95836009873237,5.92739698846573,9.73346570177017,6.45905151309307,9.74671172132903,6.65296050402866,6.462751117321,20.8927139155728,18.2364756216632,13.6537967969053,13.4988392447676,16.384143310486,12.8270198471526,11.5167445693137,17.2069836158705,24.1251668253726,23.6579217563581,20.3321799187195,11.0537424321884,20.201327200501,14.1737711340061,28.805669205579,13.1701619498903,17.9106472504484,12.6967302987799,21.2723027606972,11.1563121530828,23.2410516656176,11.0714544727051,13.8261720250031,13.9203496126464,28.2041988217138,16.1698294626629,12.5682813636004,21.1434774735392,15.0459557318893,17.4577962990446
10.9974151316305,9.94295884166315,10.7085799619022,12.6316903939755,11.9469861198571,8.4734567272979,13.0607416703347,11.2864366971963,13.5937268185071,6.64960720838468,1e+20,13.4529285136523,12.5195773364839,14.8378441337148,14.4348021801531,6.58748549070009,9.88549449705783,9.70674847616046,12.8832199338603,9.83458127281881,13.1126593088289,10.0767534946215,7.73131514840246,13.3730847938824,10.9113573203367,7.66918366503348,13.7446060774064,7.71290059936886,9.66591616062992,12.0585323439369,9.99220881832525,13.0457354971265,21.459640312747,12.21461367793,17.6769270016127,17.8172235143811,13.79063489671,19.1999701092468,14.566899371852,20.4302581612891,29.1871226879577,15.6969982115164,13.593848342136,15.2689108240294,12.3972587399757,11.9361785986083,14.1336438689454,11.9925880667846,14.513812542533,16.6573355578979,20.0091371364849,20.68976137867,12.229895694765,21.3772031855512,12.4009427651244,12.9984245111067,20.0787080356474,24.4996870897603,19.337862061679,12.9796219871231,7.90713461509898,9.94295884166315,9.53514689412166,7.56593173228012,10.6304194436931,8.98489336267978,8.4734567272979,9.66591616062992,9.86246726660335,14.2968308843905,12.5195773364839,5.05780603333814,11.0733372487019,7.66918366503348,11.9469861198571,9.635730954008,9.88549449705783,12.6316903939755,17.5530314851731,8.98093192195684,12.6421039651672,11.688670947572,23.2557336959906,12.7961152929962,7.36636828933342,10.9974151316305,11.8117619166522,9.43241452509339,7.58343226847756,11.5871077152657,15.2716342609065,26.0452568155418,16.0637655208959,11.9925880667846,21.8271166409979,14.2932568976561,15.6969982115164,16.9048581297063,10.7727610038114,15.6313472013811,15.9846683459258,20.3097206465561,19.9273582641875,18.9350879936146,16.4756546818036,13.4652412252863,14.8071454609402,26.9525852024429,20.0091371364849,15.3316566689424,12.639457034559,21.077964933653,20.68976137867,17.8744338386108,17.6309504287932,9.88941874584868,21.3299211869379,13.593848342136,13.1078547558291,15.3749959899327,20.9090962096777,9.86246726660335,12.4692920581252,17.5530314851731,8.61322123196424,13.6905587206443,7.58343226847756,13.4896433190575,10.6377594262429,8.95806764230882,11.8117619166522,9.13260189489906,10.7371480206562,8.11982788576434,10.9885541839715,9.99448218551284,13.3730847938824,9.49150867862566,15.1628525262452,10.8452282659527,10.9974151316305,9.45322447213315,12.6421039651672,9.96952097172429,7.73131514840246,10.9093682602003,10.0767534946215,11.688670947572,10.5529229859642,10.4411380767625,20.3097206465561,19.4605805335052,13.9999549409192,15.9846683459258,17.476657051848,13.9651895923767,12.8585005493727,17.6309504287932,22.7760306416233,24.4996870897603,20.0787080356474,12.5083698826741,21.3344848515459,13.0497514020681,29.1871226879577,14.566899371852,17.4082303382744,14.1336438689454,21.0581731729883,13.4254056639649,22.5325905176273,13.0457354971265,13.2936761565116,15.9686325941663,30.3252383471677,16.2214582276994,14.2932568976561,22.075756636675,16.0637655208959,19.127458836523
11.901855284493,9.76159170108984,10.8176557546323,12.6847778092156,9.5612947752547,9.12703836284134,8.10909713514289,15.1155262938665,11.5183035472414,11.6549263085571,13.4529285136523,1e+20,10.7976250334078,10.3458199677392,13.3521898919417,10.114275513175,13.1002630915847,15.3249749855018,16.2921867088742,13.9083200090651,9.49766543628595,9.87688103153935,11.9996337854844,11.6940797714643,9.55841047676058,10.5671673209148,11.14005244915,12.4826465792954,8.92806765305728,10.5208142932521,14.8552812610575,16.2806418807401,22.6660757802198,16.3529276617093,20.7429605768005,18.4652539506175,16.7406619206257,19.4032176422525,17.8774026779849,22.4965764858751,31.7188984205075,17.2348249735099,14.693692586289,17.645711462541,15.8672081909242,15.0315217988485,17.2836734783164,12.1665100796815,12.7854360617374,17.61472605255,23.6055693904009,22.3283504771792,14.8111204322569,16.0841194785412,15.2591744039342,13.6094957733133,23.8354400534985,24.5753667781654,21.7094631106027,15.3737422147804,12.5309946561003,9.76159170108984,8.36602055869986,11.7740012237194,11.3505626932879,10.8666885282201,9.12703836284134,8.92806765305728,13.8248711227331,10.1293137944945,10.7976250334078,12.6752331710056,8.93274408459137,10.5671673209148,9.5612947752547,9.70886972507349,13.1002630915847,12.6847778092156,13.3209794473167,14.5660935328621,12.5314957176238,14.5348889886061,20.4481069920922,11.5510334157978,11.0075496596816,11.901855284493,8.6753847322101,13.9453614945389,13.7327574395267,13.5851698127743,20.344613251396,23.5515846530818,18.6483735920096,12.1665100796815,21.3326456453151,13.9733139832995,17.2348249735099,21.0979479372783,13.6890039662085,18.277741584394,15.7561969055298,22.7021000758912,22.3231211385538,20.8004009691523,19.7110814416939,18.3924793088185,18.6301828282906,28.9041296156233,23.6055693904009,18.8843647592748,15.5797559456316,24.7790274578971,22.3283504771792,19.4047257503178,15.4758590693782,11.7591290221892,20.3129971999103,14.693692586289,14.7779423024506,16.5424162210566,15.6731060674855,13.8248711227331,10.6280393439796,13.3209794473167,9.39412263506735,7.98364100380768,13.7327574395267,9.65134255419525,9.124330426544,13.4600247923427,8.6753847322101,16.0197739297216,9.19818946876593,11.1612367525266,8.80948202859162,10.6532524560092,11.6940797714643,13.9108153238373,9.91263126773557,13.7818328480222,11.901855284493,8.45866352070751,12.5314957176238,9.01177664801041,11.9996337854844,10.7117241815773,9.87688103153935,14.5348889886061,10.043163244638,10.5161079064831,22.7021000758912,19.2567071963409,18.201649389507,15.7561969055298,16.189898821476,16.0013123831682,16.2997487396232,15.4758590693782,26.0279216911464,24.5753667781654,23.8354400534985,17.5746402266234,19.2307568650576,17.9145109102259,31.7188984205075,17.8774026779849,17.5251387924105,17.2836734783164,20.723198798255,16.4819263180756,25.5640146221545,16.2806418807401,18.6905923559061,17.1425807483521,29.1661824404641,21.4858489313154,13.9733139832995,24.6190104251414,18.6483735920096,22.7257014782444
5.77644863371631,8.01487449566684,7.37396416878761,11.8610984615984,8.20839824295914,9.71292083781317,8.30437741192565,13.8918157329436,8.02937828159151,8.03518318439932,12.5195773364839,10.7976250334078,1e+20,11.4417025794373,16.4914125649943,9.23471490506228,8.19574554023458,12.4892657903445,14.0831894996309,11.9509637192102,8.05979645755609,4.34410458659746,9.16952061399032,11.6862145648058,8.17729812844928,6.59397156418691,7.48893725837891,8.67484250893797,7.41010317243836,8.99018342057489,12.3598413541579,12.8566262119876,22.3879484746403,13.148535810496,18.6678998832547,18.9940902676458,13.6920411205636,16.7043090837334,14.5836161778945,21.1766144199697,31.5628357175302,16.2227493457665,11.3151710029743,17.5780335547934,16.1269998034334,14.0562537123411,14.6712634083044,14.5754242863578,14.7355670633634,17.0271208512182,22.5119398058518,21.0787744262391,10.5524109282337,19.2561156087071,12.4852885538685,14.20323440329,23.4061585318841,24.9883790927464,21.7790489544567,12.343489387738,9.22221711108837,8.01487449566684,6.78081673839497,7.69154468983294,8.25013007169944,8.37073043708231,9.71292083781317,7.41010317243836,11.4908326614936,9.23495719972692,0,11.3096118202905,6.46003062298127,6.59397156418691,8.20839824295914,9.72064038474251,8.19574554023458,11.8610984615984,16.0282692371757,9.85563330567545,8.881329562078,12.5064905572759,19.582499657807,9.01915627926654,7.00028277392076,5.77644863371631,12.8559496526357,9.75895399552375,10.2712317123422,11.8214490233676,18.2876538682546,24.3124126910811,16.7820054542342,14.5754242863578,19.5515194702873,13.2295978888753,16.2227493457665,19.642621598779,12.1329302013987,16.1241339649097,14.0525266509203,23.2931718183486,23.6183346149095,20.4310602574286,20.6078907777001,16.0054320307573,14.9728396386445,29.4172130281329,22.5119398058518,16.8746239149049,12.2917454876916,21.4267217219393,21.0787744262391,17.257975824446,18.0133782381814,9.60418325048567,21.9163023706308,11.3151710029743,14.3124746431824,14.2908336321799,15.3381104159024,11.4908326614936,4.71265116745409,16.0282692371757,9.10124204166631,9.93921120004664,10.2712317123422,10.2821679795277,6.54674502674389,10.0486786994546,12.8559496526357,13.9933777581769,6.59948753726406,6.89368528386661,10.8477507650783,5.22909772584464,11.6862145648058,11.2985236636993,10.0876256800945,9.84414102885157,5.77644863371631,6.92873448096221,8.881329562078,7.99091321582626,9.16952061399032,10.0861683701474,4.34410458659746,12.5064905572759,4.16646757099289,7.92392164208414,23.2931718183486,20.1847412457051,16.3302579062032,14.0525266509203,17.8309809919985,15.3069944784305,13.1689529832522,18.0133782381814,27.1358101700699,24.9883790927464,23.4061585318841,14.160245576233,21.3293728157933,17.5919489671636,31.5628357175302,14.5836161778945,20.8528646346651,14.6712634083044,23.1335813532668,12.2802313761774,25.9127003961013,12.8566262119876,18.2608435094535,14.7368897119779,28.7003893991699,19.0001833114763,13.2295978888753,22.9926409042076,16.7820054542342,19.6477597114748
