1e+20,43.7211883116883,42.0838784893267,62.3491890756302,31.744060822898,31.7176510496671,50.5979049726472,80.3876047901373,56.1842074987161,49.3897489177489,59.9998458716081,37.3362219251338,26.0980656565657,67.2928043197935,67.9132460317458,43.0923253968254,39.0772492515435,68.77773992674,99.4298095238095,86.2515994208493,71.9821666666664,38.8890256410256,47.3432191240133,128.398986486486,44.6246349206349,36.9952424242424,43.9224970963995,48.7072356442576,38.9312262156447,60.3257077175697,71.8898065268065,99.0263959899746,219.13669047619,83.6026772486776,136.988348484848,159.801,73.4932835497834,124.107923076923,83.2671666666666,153.412038461538,323.364999999999,164.43,82.4813827838827,155.593624584717,93.9647499999998,60.6724985994396,129.806166666667,125.991,111.825716450217,75.6184177099076,182.369333333333,159.487810708899,65.7612323232322,110.06,104.529414414414,138.888114035087,177.452666666666,223.429999999999,181.626714285714,75.6940952380952,66.0851455392434,43.7211883116883,26.4972874082439,91.5463404634579,63.6985467025468,48.869235930736,31.7176510496671,38.9312262156447,123.84074957651,51.0888351648352,26.0980656565657,60.9025367965368,37.7281964991529,36.9952424242424,31.744060822898,43.0818015873016,39.0772492515435,62.3491890756302,95.3474545454544,71.0237359307359,75.5002142857142,123.214999999999,197.274999999999,64.0274999999999,37.1789356725147,0,51.9297402597402,69.6566012759167,61.3776513486514,76.9920269436448,151.396666666666,300.139999999999,127.685285714286,125.991,209.364999999999,73.2087981684981,164.43,153.915,85.3469285714286,97.837760869565,133.325,269.763499999999,192.591,177.845333333333,201.141,79.0991031746032,124.450536630037,206.82,182.369333333333,161.945,75.2594262073624,197.81023569794,159.487810708899,117.177428571428,156.398279220779,44.8413062133944,172.472999999999,82.4813827838827,133.325277777777,80.1199567099566,132.37,123.84074957651,31.3465606060605,95.3474545454544,51.9423904761904,57.6877546365915,61.3776513486514,89.1704328948968,27.7893593073593,86.8110723399408,51.9297402597402,81.749152014652,32.2042597402597,26.8033203463203,64.2768951678951,35.3402619047618,128.398986486486,59.9100523423944,86.73721182266,87.753403109962,0,31.3050649350648,75.5002142857142,44.4710367965367,47.3432191240133,38.4916967418547,38.8890256410256,123.214999999999,26.8505649350649,69.6316666666665,269.763499999999,197.22173076923,85.9637355212354,133.325,170.956602564102,114.055424242424,88.2632043010753,156.398279220779,200.851,223.429999999999,177.452666666666,115.782179487179,182.335,100.849622252747,323.364999999999,83.2671666666666,117.754076923077,129.806166666667,169.108670212766,84.3251917020179,198.332388888888,99.0263959899746,183.91869047619,131.399016129032,274.765833333333,108.5715,73.2087981684981,193.276,127.685285714286,196.19
43.7211883116883,1e+20,48.4267724867726,78.4762301587302,44.1182110912343,41.3320172944798,72.7372413793102,92.7497360248446,71.9860411622277,66.7367142857142,70.6495454545455,65.1470976692565,44.747047450962,85.3166919959472,85.1149999999997,40.8453803921569,51.1373631270691,77.118875,108.227922482922,89.5057564102563,87.2304545454545,50.3109780219779,52.9904761904762,151.445,21.2337106869738,39.7938784744665,65.2677063316087,41.2128517617572,28.8229901080483,74.2711428571427,88.9392091242091,123.927142857143,241.692142857142,68.2916627680314,142.501559497413,177.925714285714,94.5850129870129,140.822358974359,98.7464285714283,171.323461538461,346.319999999999,187.285,97.8599999999999,165.285680140273,108.284166666666,73.9979375134668,152.37,137.32,137.11,97.1418421052631,204.674999999999,181.44,80.5535714285712,134.678684210526,125.28,161.599999999999,196.834999999999,246.504999999999,201.344464285714,59.8849122807017,78.7463241106719,0,26.3927142857142,101.710659340659,82.6305555555555,47.3141991341991,41.3320172944798,28.8229901080483,142.076568421052,54.4973580629895,44.747047450962,72.9121428571428,30.1079032938076,39.7938784744665,44.1182110912343,36.3024347288465,51.1373631270691,78.4762301587302,120.705,61.0132932330826,88.3764285714284,146.229999999999,221.20923076923,83.0092857142856,52.67125,43.7211883116883,57.8757142857141,78.6989523809521,59.1822932330827,86.4861428571429,174.27,323.214999999998,148.667857142857,137.32,232.319999999999,92.0115384615384,187.285,176.869999999999,78.0228416972665,113.739619047619,156.255769230769,283.949999999999,206.832162162162,200.734999999999,218.506666666666,95.4449999999999,139.515,230.423,204.674999999999,184.494999999999,84.6894444444443,220.329999999999,181.44,132.818536585365,179.8,25.3071481511266,184.899999999999,97.8599999999999,156.175,91.4522727272725,156.99,142.076568421052,37.3691843971631,120.705,25.3956511278196,78.4236194331982,59.1822932330827,102.596386554622,21.0540366300366,103.250714285714,57.8757142857141,87.7518113114953,24.2569084249084,29.9412142857142,65.6965516087516,17.5402027208784,151.445,73.4746392496391,108.499666368115,101.242863247863,43.7211883116883,27.8635625746803,88.3764285714284,32.9564372294373,52.9904761904762,53.563113465482,50.3109780219779,146.229999999999,33.2426682194617,83.0972222222221,283.949999999999,220.364999999999,105.47,156.255769230769,194.064615384615,127.18,105.106585365854,179.8,212.715454545454,246.504999999999,196.834999999999,138.58,209.25,123.495,346.319999999999,98.7464285714283,135.85549071618,152.37,191.346139817629,100.67,217.439999999999,123.927142857143,206.749999999999,153.977,297.719999999999,128.710846153846,92.0115384615384,215.362999999999,148.667857142857,219.145
42.0838784893267,48.4267724867726,1e+20,62.6378275379118,40.0487202810556,40.1321449811696,45.241756055679,69.2416775223498,50.3092208014293,51.5027598978288,50.0660709668878,55.3368748832866,57.1421699756182,50.1051747079852,48.9491109286626,47.3645003380663,35.800513537193,62.346195455566,77.5683111512422,84.8780861933359,46.4784225876294,22.3420643134944,44.4136628157357,103.521,58.4905555555555,41.7877684407098,46.4809920790668,44.0750764874914,58.0396877478923,56.3319277504104,71.9186892622065,83.5455550792689,197.284874110563,67.9824973544975,111.374837421837,136.990874970678,70.3798554344761,103.630832722833,58.3327136720239,131.008965919138,298.359999999999,139.33119047619,66.9900105820105,133.893499692383,78.0810774037582,60.1070271270309,105.150444444444,105.075041926656,93.0771349206348,60.6087169010998,160.355640534433,135.945260624733,59.2295592581861,91.1939896761285,84.9540254228818,113.974074074074,151.594691672713,198.544999999999,159.682251642036,64.4455026455025,50.3344594757095,48.4267724867726,42.7708028536238,73.6748414238455,65.1999042490767,43.2601319073083,40.1321449811696,58.0396877478923,107.197040619661,74.0905100416824,57.1421699756182,45.7586892073444,58.1562958949098,41.7877684407098,40.0487202810556,48.0831585906394,35.800513537193,62.6378275379118,80.1638238522827,60.7145252525251,49.4369926196654,98.2902116402111,173.24923076923,45.4612462556599,36.3748374984398,42.0838784893267,46.5971746031748,41.8360232477745,49.9775752294434,60.0592213157213,127.675047619047,275.590169082124,110.60889709907,105.075041926656,184.359999999999,50.7215187861946,139.33119047619,129.061008276525,77.7632362035356,80.1586115513669,110.030076923077,246.416748816767,172.415670286828,152.775,178.694022988506,60.7711709864022,107.101074074074,182.463,160.355640534433,136.674533011272,60.8415610717099,172.699629629629,135.945260624733,95.8427079490555,131.962878787879,53.9570745355614,149.186666666666,66.9900105820105,108.459650793651,63.1234859265892,109.704055555555,107.197040619661,56.2395862068965,80.1638238522827,54.4043492063493,50.411256197966,49.9775752294434,67.7709798630095,40.0116904761906,82.2335573442488,46.5971746031748,64.7693398241605,52.0155260831124,41.1347394636015,44.20857014157,44.00725,103.521,48.1123027148962,75.0017108753315,78.0913930699305,42.0838784893267,49.5774615945996,49.4369926196654,59.1536445240584,44.4136628157357,57.2404523809523,22.3420643134944,98.2902116402111,45.9032798531289,46.5520436881125,246.416748816767,172.809727379899,71.2608675484318,110.030076923077,146.164615384615,97.7435908432338,72.1586480112759,131.962878787879,178.016666666667,198.544999999999,151.594691672713,98.5521296296294,161.29,80.2971743295019,298.359999999999,58.3327136720239,100.791041605266,105.150444444444,147.633385001184,63.8521522304116,173.7638697318,83.5455550792689,158.789999999999,109.621663700408,249.759999999999,89.3945125257883,50.7215187861946,171.361916985951,110.60889709907,171.185
62.3491890756302,78.4762301587302,62.6378275379118,1e+20,62.3780305609423,75.4383061654767,68.0573830104987,86.1052933436532,73.5865684021861,55.3650616246499,70.2438522238164,57.6888912231559,65.1216191325014,68.1987523690328,81.3425038621509,86.5853071895426,57.6046603853663,80.6611936658113,102.423211376858,98.6562569838746,72.3087219251336,58.4548235294117,80.7714472880061,101.491335976401,84.1261111111109,57.0208949579831,66.561781341805,61.9379873949579,82.6598745173742,56.9335826427123,87.9815327809445,95.1302337461299,197.564975044563,91.5253333333336,129.909951871658,125.22719047619,95.6546613190731,95.9085494505494,96.3502057550292,142.373333333333,285.969883909119,141.995700242259,90.6060648567118,135.946003669685,111.275397058823,70.0323025210085,110.948745098039,120.861784313725,110.255495098039,58.204729805798,162.965,132.605539431157,67.0016666666665,89.7916638655462,107.27226757806,131.534443891924,175.762901960784,185.068525065198,170.951945378151,87.7456862745098,72.0076838046154,78.4762301587302,73.885074565531,79.1103470451117,48.284703989704,87.7320124777184,75.4383061654767,82.6598745173742,101.734290227817,66.1727570925807,65.1216191325014,77.2912177658941,83.8236364765669,57.0208949579831,62.3780305609423,80.2445252100839,57.6046603853663,0,89.6776259895262,80.4525674390969,76.1120868347338,105.996176470588,174.098416110034,67.6357825311942,55.7083544891641,62.3491890756302,55.7531582633053,67.4297523219812,84.8460995475114,85.9171975867271,143.03931372549,251.128694917991,124.825248868778,120.861784313725,188.497375366569,83.4099088166736,141.995700242259,123.378904761905,89.8165882352941,94.9735157715259,119.006567550097,234.967218373836,175.139111897391,148.124285714285,177.867338935574,86.3534225023343,113.268304120028,178.651159663866,162.965,148.112305443916,85.3684878320123,177.880701736127,132.605539431157,124.263731092437,125.509924879043,78.3254654528478,147.217436974789,90.6060648567118,114.577843137255,103.788367647059,95.6618676470589,101.734290227817,76.4196969696969,89.6776259895262,90.5221999999999,80.8557983193277,84.8460995475114,79.4090661308,70.3119829059828,87.1122746974388,55.7531582633053,88.2355719457013,78.880293040293,66.4657647058824,73.3182671612789,77.0649166666665,101.491335976401,76.905643380699,82.6427725876558,79.0869673202615,62.3491890756302,76.3743176823176,76.1120868347338,77.1106666666667,80.7714472880061,67.6336676115422,58.4548235294117,105.996176470588,62.6746960784314,83.5288885918003,234.967218373836,159.17821978022,86.9310368477755,119.006567550097,142.300582266753,115.045257830405,104.423202042107,125.509924879043,178.505,185.068525065198,175.762901960784,101.720623135894,146.246550420168,109.799632568412,285.969883909119,96.3502057550292,112.607840153453,110.948745098039,143.709661362417,84.4046102277944,169.023944911298,95.1302337461299,156.274588382721,109.911539215686,231.276120448179,111.807705882353,83.4099088166736,158.916843615495,124.825248868778,177.206894736842
31.744060822898,44.1182110912343,40.0487202810556,62.3780305609423,1e+20,35.1325836359724,57.030349721037,76.2206037567083,63.8643475003953,54.1494835164835,54.6983852290018,57.6361730230554,46.3430644549251,65.0604946631795,67.7090476190477,45.8953968253968,41.6803246753246,70.0603137937644,102.764787886532,86.286830856604,73.4483116883117,35.7377731092437,57.1932561722364,126.239110953058,46.1033923957178,45.4537220426632,47.9502187434422,45.1111821266967,36.5240476190475,59.1601329150401,80.3787257187257,101.002199627273,225.134999999999,82.7230737049345,138.787691868854,165.86,83.3467676767676,130.186923076923,84.6550338937547,159.185,319.779999999999,160.745,89.0028571428571,161.652624584717,99.81875,70.2179159663865,126.535,120.570232558139,112.260023809524,70.5081877518253,184.055,158.874479638009,71.2492016806722,110.097857142857,99.3993768204295,137.616842105263,172.543697674418,219.844999999999,187.685714285714,69.3122222222222,58.066327599735,44.1182110912343,29.3505963286797,83.6504227916786,57.0168725868727,58.393033145605,35.1325836359724,36.5240476190475,119.551204082874,56.4724376011585,46.3430644549251,62.2298987885499,37.9637157190635,45.4537220426632,0,39.0498809523809,41.6803246753246,62.3780305609423,94.6288173829171,71.0002241685963,75.5824603174604,119.924,194.474615384615,69.7169696969696,45.4647617601697,31.744060822898,54.7385664335664,54.2601219910237,65.1326986966522,79.1562237065263,148.618571428571,296.652777777776,132.995,120.570232558139,205.779999999999,75.6023956043958,160.745,150.401428571428,79.9127777777778,107.494857142857,131.421703296703,275.268499999999,198.65,173.950714285714,207.2,71.8555494756043,117.67723713129,203.285857142857,184.055,158.433571428571,86.1879023035901,195.090715742845,158.874479638009,124.100606060606,153.597771066143,41.420394376713,178.079999999999,89.0028571428571,130.886666666666,85.7754892781639,131.472857142857,119.551204082874,41.2465712659434,94.6288173829171,52.5574761904761,63.1200063492063,65.1326986966522,87.6627562515398,30.8458803560781,93.5435393716852,54.7385664335664,74.4846031746032,33.8645658062867,34.0564871368941,51.7900673929744,36.9556190476189,126.239110953058,63.7247320223635,88.8694261421551,89.2802735978113,31.744060822898,27.6416629417094,75.5824603174604,29.6578571428571,57.1932561722364,58.8967244393035,35.7377731092437,119.924,35.4064621134678,73.4782599751671,275.268499999999,195.788076923077,88.39,131.421703296703,168.820082051282,115.695897435897,94.5705555555556,153.597771066143,206.91,219.844999999999,172.543697674418,112.803474249129,182.132857142857,99.8750992063495,319.779999999999,84.6550338937547,123.813076923077,126.535,173.263039513678,82.5095465505173,202.162222222222,101.002199627273,180.210465116279,136.291857142857,271.065116279069,113.777,75.6023956043958,198.705,132.995,192.605
31.7176510496671,41.3320172944798,40.1321449811696,75.4383061654767,35.1325836359724,1e+20,61.8205752866827,81.4527962833098,58.3436038357018,56.0508878648232,58.0114442008742,45.6100549632789,40.5801447524283,76.7085791962173,64.4503820292473,34.2662698412697,44.7486724660538,65.0162384232683,92.6206679127874,76.7180801718563,71.1286814512185,35.2349785247431,43.4511678436187,126.404285714286,44.1658960573476,37.6911556758019,54.5541969892771,44.7199537815123,36.9194185612423,66.0397009013134,62.5747752297454,99.112621808654,215.199999999999,82.1118514570008,125.56118272275,149.818321657021,63.8221658590165,116.179787600459,76.0349767827528,147.56159586682,321.024999999999,161.99,75.7829767827528,146.822422521942,83.1806380597013,55.1419259026992,128.039931177446,119.898755223881,111.552777777778,76.5154278002698,179.402827529021,156.728508610792,62.3658652117563,109.031253525972,101.691666666666,136.378370086504,172.905671641791,221.089999999999,175.713563432836,68.9377936507935,65.7032948622434,41.3320172944798,22.021918267898,85.758819321269,74.7089468039467,44.4359979514194,0,36.9194185612423,121.674606287627,63.3588026169517,40.5801447524283,58.7375019060541,40.5715962470423,37.6911556758019,35.1325836359724,33.6555047061988,44.7486724660538,75.4383061654767,98.5163968253967,64.3875878400204,69.4476015162281,122.120555555555,196.123119658119,61.1264660033167,35.7475604962896,31.7176510496671,43.274511731942,63.8308100627911,49.067335858813,69.2985630820259,149.142555555556,297.897777777777,121.94,119.898755223881,207.024999999999,72.1658785377143,161.99,151.579285714285,74.6827936507936,90.5922326771934,130.89101033295,263.15995522388,185.445447761194,175.175970149253,193.195149253731,75.9186517574771,117.60522151149,204.62,179.402827529021,159,70.8183349917082,195.054402985074,156.728508610792,108.92619402985,155.629567207254,40.7099196949201,165.62947761194,75.7829767827528,132.409063492063,72.6580020126986,132.364015873016,121.674606287627,38.7127093623268,98.5163968253967,41.8775555555555,65.8245858651603,49.067335858813,88.5601119342098,27.2502586567927,83.5302351103243,43.274511731942,72.2352628432926,35.8274532689266,29.326387941246,61.1592110874198,34.090234660033,126.404285714286,51.9142151625104,94.4136457482701,87.3693120210196,31.7176510496671,29.9970490217534,69.4476015162281,38.8099055205747,43.4511678436187,45.1508513510143,35.2349785247431,122.120555555555,36.076316498647,60.7881658374792,263.15995522388,194.71,82.393335291878,130.89101033295,168.79643615257,106.670206242623,80.3896718414223,155.629567207254,191.740671641791,221.089999999999,172.905671641791,114.703116204691,183.446111111111,98.2042857142857,321.024999999999,76.0349767827528,105.761980482204,128.039931177446,165.865,78.7660361827228,193.186921345652,99.112621808654,181.455,128.173111111111,272.268880597014,103.014,72.1658785377143,189.61,121.94,193.85
50.5979049726472,72.7372413793102,45.241756055679,68.0573830104987,57.030349721037,61.8205752866827,1e+20,75.7108647413314,38.1887545875971,52.9891740558293,56.9864863882346,58.2061765143272,58.2968681644026,32.7604294119702,51.1684863315633,62.5815202549986,51.4421906693711,75.7708573778318,90.6804822587734,87.8357485220269,37.1810970250168,39.2780501452571,68.5004638495379,89.1724187945004,77.1624367816091,46.7390691178329,24.6896711260588,68.0760479264651,79.3457159055604,43.573673755656,75.4778960221658,75.1358601249183,185.355,77.5575594030718,118.757084404447,127.79379622406,80.9513343346985,99.4821652883966,68.3107529218583,123.647855477856,279.999999999999,123.722919860735,68.4638087065065,131.980265233386,85.9298335580915,75.2170508733996,94.3268437712839,87.4773476190477,90.8576678759038,66.1584716822154,154.03532051282,135.974640173045,45.3395382175859,83.7639067320353,75.2630396202511,111.624500544045,140.284490221911,180.185,151.126215255333,73.9392927170868,55.7650603596877,72.7372413793102,65.4876470588235,46.8226214238948,55.0628299990581,64.5667422193537,61.8205752866827,79.3457159055604,97.12621840913,61.8129372979959,58.2968681644026,60.9379079032305,76.2426413793103,46.7390691178329,57.030349721037,66.6339605267395,51.4421906693711,68.0573830104987,60.1165147549565,66.633772794886,47.8276369074882,83.191717553688,155.230029645811,55.7013146987113,46.1933131700957,50.5979049726472,41.8610098566073,50.6790403908037,69.4185176351709,66.7714776548673,115.045419808949,257.230169082125,112.697480574193,87.4773476190477,166,53.458903587285,123.722919860735,115.256672592114,84.4356255461288,99.9741346408242,93.2217401781227,233.544559837728,166.257126007013,138.877471836285,169.954244421907,61.7059570915899,114.145920930623,168.013943661815,154.03532051282,127.219907745707,80.0986492886749,166.460964359308,135.974640173045,99.5803640831785,118.547234617985,76.3976123301984,138.803146913938,68.4638087065065,94.285292860734,76.0269279435914,97.2237080017685,97.12621840913,66.7930839589754,60.1165147549565,77.185527093596,49.384552496626,69.4185176351709,51.5376656848046,60.5255115574081,78.4264703077844,41.8610098566073,78.6066931606596,72.5039126897443,55.2877068965516,41.4710080149115,66.601045606229,89.1724187945004,57.213290727694,61.386080979872,82.1227637227546,50.5979049726472,70.1368473872306,47.8276369074882,75.3091436724194,68.5004638495379,55.2494428215107,39.2780501452571,83.191717553688,59.8356146769051,60.4283284906438,233.544559837728,156.368076923077,63.4725462096347,93.2217401781227,130.608492307692,97.5668268090936,75.7854365876687,118.547234617985,167.13,180.185,140.284490221911,90.864326357515,145.434048863578,83.1340409489092,279.999999999999,68.3107529218583,93.4567114387754,94.3268437712839,143.688948144677,61.1333850097391,162.780262478112,75.1358601249183,141.291732348112,104.021649610679,231.4,86.8663658136997,53.458903587285,169.009908276851,112.697480574193,153.612732727043
80.3876047901373,92.7497360248446,69.2416775223498,86.1052933436532,76.2206037567083,81.4527962833098,75.7108647413314,1e+20,76.6922124942892,62.4154617794485,64.7168860207251,81.2729154135337,83.5668077283128,78.0609432624112,69.5627154059391,97.2997368421049,69.1936395236356,85.5875693473193,73.9017497414864,91.7225540540539,83.5460333087964,72.7792254901959,79.4178571428571,103.79962406015,100.156774247491,76.6807243844905,70.9195669216784,64.4727083333332,97.9391457528956,72.9138584392013,88.9063205741625,68.7593053775744,172.454916666666,75.6870901589723,111.916894224197,138.0355,82.0776739006607,105.618595479082,73.9419845864661,116.263131408066,264.87,119.798924397911,85.9610451609793,133.809324473976,82.2292587719298,91.5130374011952,85.2860623249301,102.738434837093,75.4588289473686,84.8778592898329,141.6065,124.619341403566,69.3968314782051,82.6428207774336,63.4758849657929,99.2440092630222,129.725552937576,163.21798245614,140.989082633053,91.6174999999998,54.975420710868,92.7497360248446,90.344318181818,93.7512095034232,76.2301791678079,81.948503549426,81.4527962833098,97.9391457528956,95.6722407921979,83.9486296175219,83.5668077283128,64.0232471453666,101.989785714286,76.6807243844905,76.2206037567083,98.1702593066211,69.1936395236356,86.1052933436532,94.2573625095347,72.3514317661742,77.357857142857,92.6907499999999,158.479572360822,82.4274720893141,68.0033740601501,80.3876047901373,74.1230837320573,63.1926008771928,69.2638705738705,79.1818512145748,107.341530701754,241.057214536671,107.141724648159,102.738434837093,164.665277777778,78.624466033966,119.798924397911,108.68775210084,94.9572368421053,98.5880362318838,102.398751060343,221.982666666667,152.040372807017,122.231046365915,156.156695804196,72.3661124871,99.0846097615835,149.026141783029,141.6065,108.69275621118,78.1309336506157,150.307549262649,124.619341403566,97.1007684973303,120.715243506494,91.4927387955181,144.515441729323,85.9610451609793,107.047103174603,78.3492204944178,129.47375,95.6722407921979,84.1000617814193,94.2573625095347,102.126961904762,67.6915289473684,69.2638705738705,81.3024455303859,84.8165961538459,74.6134590057159,74.1230837320573,61.5441959752426,91.0948102006687,79.7111231884057,79.8920945945944,88.8817898550722,103.79962406015,71.4429459064325,97.0507785808051,79.8800357588747,80.3876047901373,95.3005097402595,77.357857142857,91.8884376058723,79.4178571428571,95.6150904435,72.7792254901959,92.6907499999999,75.2398836765827,59.8141193514089,221.982666666667,155.526311050061,74.8519041747726,102.398751060343,130.233333150183,88.3493674527229,81.5985550018742,120.715243506494,149.1515,163.21798245614,129.725552937576,88.531826923077,136.239053030303,79.0135178111363,264.87,73.9419845864661,98.6860232206771,85.2860623249301,143.67571193113,81.095403544777,149.093855042017,68.7593053775744,129.838928571428,96.3215300372142,228.477789915966,83.2844298245613,78.624466033966,158.23961745828,107.141724648159,141.166820737742
56.1842074987161,71.9860411622277,50.3092208014293,73.5865684021861,63.8643475003953,58.3436038357018,38.1887545875971,76.6922124942892,1e+20,63.5612810353488,61.4560126495013,50.0175056694843,58.6703017886477,47.8679740259736,64.1139993772707,62.8536453237691,55.6655369175029,72.5500141609803,79.7850259217637,81.1230694737638,50.1589527139525,47.8228177995152,55.404094756855,90.4091894800368,80.1712015037285,53.6740740346393,27.2744397716145,71.5441423316163,81.8789747890114,41.7570481989588,67.2667395993836,80.0625437194383,186.170166666666,67.8544105357919,116.543603430468,129.360514533086,69.1753717525412,106.681444628817,69.8306728593439,127.175300699301,279.655952380952,122.971566696016,70.9385253503557,125.150877274782,81.6301768104776,60.8700887918991,104.419370511841,77.6067410042131,101.058164912771,70.1302259690948,150.670503496503,136.154364553775,53.5057762067334,89.7946224826346,84.1992660530958,109.746933074086,139.526114611443,179.82,154.933989709443,58.8683637872811,64.4082714319579,71.9860411622277,68.6656493602199,63.5666328528935,63.8997152598509,56.021398290349,58.3436038357018,81.8789747890114,97.5060073213447,55.3817678536153,58.6703017886477,70.1391510241171,81.3395140215718,53.6740740346393,63.8643475003953,68.8374968025218,55.6655369175029,73.5865684021861,61.5629880242721,66.677314329738,51.2528994338993,88.7951498501494,157.229611604611,43.6551447591955,53.8564874927333,56.1842074987161,45.5238029936166,62.8003378026472,64.2406459077646,66.8722862868272,127.933968869799,256.865169082125,114.525350350215,77.6067410042131,167.096671554252,60.6244137839561,122.971566696016,124.627287751464,75.327798232098,89.8267821110353,110.056731046731,227.255679144385,166.874970615444,143.038578182745,168.581502953261,67.9586788961564,111.711696882362,168.932784317378,150.670503496503,133.26748295183,68.1182079389536,168.141252164111,136.154364553775,100.667959172287,121.512414179041,76.362745762712,136.469138528138,70.9385253503557,107.903069264069,80.7635098178657,102.150332984812,97.5060073213447,58.5978422546299,61.5629880242721,77.6173311603651,61.9628393266044,64.2406459077646,46.8052691825924,65.1733059313569,90.1428585883341,45.5238029936166,71.5259473389134,77.7275372649951,56.4654058305978,41.7962395636125,65.7629840153983,90.4091894800368,66.0577097921159,53.7407446551111,85.8728938104103,56.1842074987161,74.6754853620955,51.2528994338993,77.5600957517059,55.404094756855,48.2259511377386,47.8228177995152,88.7951498501494,61.9502364492578,59.730032999846,227.255679144385,156.003076923077,72.3206338908866,110.056731046731,130.541844328553,107.122739832451,82.6161612449858,121.512414179041,163.479967642527,179.82,139.526114611443,102.185419740979,147.938008350407,80.007605460453,279.655952380952,69.8306728593439,94.5296638887601,104.419370511841,143.522026830564,67.748000158034,163.781349206349,80.0625437194383,140.754285714285,117.781335835539,231.035,95.5547731816208,60.6244137839561,172.069482280431,114.525350350215,154.7604942426
49.3897489177489,66.7367142857142,51.5027598978288,55.3650616246499,54.1494835164835,56.0508878648232,52.9891740558293,62.4154617794485,63.5612810353488,1e+20,37.4019263277373,59.7934901960785,54.1950909090908,67.3292299898682,54.8298138528138,58.7223333333333,25.8666624546624,67.0211190476191,79.4565574425577,78.8836946589446,60.163737928738,53.7141465201465,54.3067922077922,95.5777563277563,71.2848888888887,48.0748207282914,58.8730441347271,44.6683392857144,69.560930232558,67.6886624116513,63.6883736263737,70.6734621553885,186.899999999999,56.5461104149264,109.215238095238,127.625,69.4516493506494,92.4212564102565,69.8683238095237,121.594285714286,286.544999999999,130.510028314029,67.5135641025641,125.422875230712,77.1814642857142,64.6784117647057,93.3758431372548,98.9377523809524,88.9979166666669,59.3757187374031,146.717777777777,132.058857142857,54.3742296918767,79.4050000000001,78.7749329404593,104.99413283208,147.232697674419,186.863333333333,149.450714285714,60.7311904761904,44.371275210084,66.7367142857142,61.6178353096179,83.4083617167147,64.2699961389962,55.2575642984467,56.0508878648232,69.560930232558,83.8368339920949,67.9536153846153,54.1950909090908,56.6133708513709,74.4698881987576,48.0748207282914,54.1494835164835,60.2727516339868,25.8666624546624,55.3650616246499,84.5672981366461,45.1344595959596,68.7237619047619,93.7280952380951,162.00311965812,53.8941471861473,45.3293182957393,49.3897489177489,54.753948051948,64.546507936508,41.9593785103786,64.7410454545456,117.745952380952,263.955169082125,110.356490842491,98.9377523809524,172.545,59.5141055611056,130.510028314029,117.095,74.7970476190477,87.2406894409936,98.5038803418805,237.033499999999,163.051310776942,141.184952380952,168.965,62.5818552754435,97.5346240601503,170.648,146.717777777777,131.759492753623,74.5983397500843,166.492008152793,132.058857142857,100.930497835498,121.344653679654,68.1919831932772,140.142142857143,67.5135641025641,99.6687301587301,66.4592467532468,107.400083333333,83.8368339920949,59.8924329004328,84.5672981366461,67.8488666666666,63.3888857142858,41.9593785103786,74.1500997442455,57.8607142857143,54.1909250398725,54.753948051948,60.691663003663,68.0509999999999,56.7943333333333,65.1246844272844,63.2669999999999,95.5777563277563,58.409428699955,82.2422489326766,50.6805294117647,49.3897489177489,65.1457552447552,68.7237619047619,68.1059999999999,54.3067922077922,63.6022117794486,53.7141465201465,93.7280952380951,50.0957437888198,53.1964004329004,237.033499999999,160.982307692307,57.6640719730719,98.5038803418805,134.713717948718,87.951458874459,71.8729692780339,121.344653679654,168.675,186.863333333333,147.232697674419,86.2374587430113,149.475,80.1841722999224,286.544999999999,69.8683238095237,85.8336324786326,93.3758431372548,135.028039513678,55.9484965034966,163.927222222222,70.6734621553885,147.117857142857,98.6948571428572,238.054490196078,83.514910866911,59.5141055611056,162.329523809524,110.356490842491,159.763333333333
59.9998458716081,70.6495454545455,50.0660709668878,70.2438522238164,54.6983852290018,58.0114442008742,56.9864863882346,64.7168860207251,61.4560126495013,37.4019263277373,1e+20,61.3078263064209,66.2190229279419,63.2274319308812,35.820275683666,63.9896135387487,45.4050697187666,64.2696233725623,79.4107869711591,76.6968045084994,59.363272172949,49.7660149483467,50.4755979429464,92.4655486634252,82.0757283813746,56.6335147222269,60.2528976348855,47.0858062444491,80.452965116279,70.4409732650304,70.104606486332,60.0434246753246,181.456602787456,69.9705172229355,106.963949556541,124.026962970924,65.9524094868546,90.5934932675726,57.1366009045154,115.657682926829,277.52,122.409650027681,58.1122540318759,119.159329992453,66.1955380635623,63.8460924520639,84.386265151515,94.6522035881463,76.2933551367332,53.375412069887,145.303567021055,129.947476193761,54.4458664649155,73.0208146562277,72.7816107429261,99.9399031396856,138.498969653999,177.705,143.774982578397,67.9392264808361,37.4212119141818,70.6495454545455,67.5650175696519,76.0963204308843,72.5758247402455,45.9854608676433,58.0114442008742,80.452965116279,75.0120225069205,74.6694359197713,66.2190229279419,42.8703791838242,81.4484210434138,56.6335147222269,54.6983852290018,65.0155818478907,45.4050697187666,70.2438522238164,85.343495781974,48.6546244764719,59.146272590182,87.7865079365077,153.149092126708,59.2438956023651,45.5096334915262,59.9998458716081,60.3437293052476,53.2491567925727,44.6598473962272,60.7121231250815,105.4875,254.750169082125,100.600870367438,94.6522035881463,163.52,65.216914305207,122.409650027681,108.755809523809,74.7700602551321,85.6968344714374,88.4891823163287,231.357768292683,155.189273174622,135.145,163.311768292683,49.0092281676158,92.4717572712909,161.890557834442,145.303567021055,116.918567792758,65.919055416647,156.232449059641,129.947476193761,84.4117767923131,117.847169455883,73.4409081779052,134.64192047706,58.1122540318759,87.3749999999999,53.2507610864744,111.272919438285,75.0120225069205,64.2123665394025,85.343495781974,75.8138666666666,54.8746369601943,44.6598473962272,78.113585483996,63.1495238095238,64.1265370767087,60.3437293052476,45.8843722525441,73.9050357142857,63.2858032150776,59.979266523508,65.653856060606,92.4655486634252,49.9641771172772,72.7479365086787,64.4574956420512,59.9998458716081,73.0056301892751,59.146272590182,74.973231707317,50.4755979429464,62.1312570061517,49.7660149483467,87.7865079365077,62.6010959703076,47.3692639372821,231.357768292683,152.79511793085,54.6134834507775,88.4891823163287,126.051792012053,88.0116247083462,57.5300898702661,117.847169455883,162.999268292683,177.705,138.498969653999,73.4836007582489,140.4525,71.2627990708479,277.52,57.1366009045154,86.1944279237024,84.386265151515,132.208827998591,54.661675218413,158.251490514905,60.0434246753246,138.876254698553,98.7019903976825,229.001951219512,77.8254946699642,65.216914305207,163.194759608278,100.600870367438,150.345
37.3362219251338,65.1470976692565,55.3368748832866,57.6888912231559,57.6361730230554,45.6100549632789,58.2061765143272,81.2729154135337,50.0175056694843,59.7934901960785,61.3078263064209,1e+20,40.5098136077757,64.1350473806543,71.2984105747499,47.2361043813753,55.2046580086581,50.3296187146187,81.8117327496573,65.5868849105169,76.8012136794022,54.5057478991597,38.5921356477411,115.796507936508,65.7635714285714,42.9129274676489,51.0343005034002,65.4055393808469,59.8777562468128,54.2107027537365,51.8517757745398,91.304314285714,197.799999999999,80.4090995807127,105.900819652046,134.155,57.1504352691332,100.669378326076,71.2428027553159,137.841032426693,303.931666666666,154.039523809524,64.0654200359388,125.91014887482,71.4449930368372,35.0760250881193,112.534714285714,107.742086792453,97.9133746498599,76.8176518218623,163.2,138.967749326145,68.4877113260399,95.3170175438593,101.093198198198,127.512915057915,161.734666666666,203.949999999999,157.833071278826,55.0971635220126,74.8540160012623,65.1470976692565,47.1769678617962,87.8593580341228,65.5672136422137,43.1307639979948,45.6100549632789,59.8777562468128,113.694187788084,45.7935977607297,40.5098136077757,65.5258887527566,60.8770286982718,42.9129274676489,57.6361730230554,55.2707913429524,55.2046580086581,57.6888912231559,83.4672853489221,63.4617810177243,79.1289475118106,117.705,183.369722222222,48.8623333333332,53.6577713918075,37.3362219251338,54.9476807299249,82.1220476190476,53.6718806413713,58.1908316180675,132.932103174603,280.579999999999,104.591428571429,107.742086792453,200.831603174603,73.686086626581,154.039523809524,140.573078431372,62.8899263252469,70.5753539200746,123.868,243.19008990011,165.169656646716,159.734285714285,180.733433390509,73.9550000000001,107.849714285714,187.12,163.2,150.996904761904,52.0964918914441,177.635,138.967749326145,92.6816916705014,139.811189210161,62.9346143438508,152.186545372866,64.0654200359388,125.048571428572,65.3156097361756,114.068666666666,113.694187788084,51.5003659233847,83.4672853489221,63.8165047619048,63.8227883198563,53.6718806413713,75.2916214075457,49.0655706032776,85.892275063352,54.9476807299249,75.0454248393116,56.7967364670107,42.217124412029,73.363026353863,58.0939489213214,115.796507936508,54.902676112451,66.8051450368044,82.3039826231235,37.3362219251338,54.7341189587328,79.1289475118106,64.4170105942892,38.5921356477411,30.0255031294814,54.5057478991597,117.705,41.734162735849,66.3372284162378,243.19008990011,182.746666666667,84.9377810435178,123.868,154.515833333333,94.2376190476189,75.6913669808139,139.811189210161,180.224154945683,203.949999999999,161.734666666666,105.339738095238,163.815,89.6334029304029,303.931666666666,71.2428027553159,92.9594562334218,112.534714285714,150.1802,74.817541565353,181.684047619047,91.304314285714,170.506555555555,117.889777777778,256.594999999999,94.3755042735044,73.686086626581,173.851714285714,104.591428571429,180.851269841269
26.0980656565657,44.747047450962,57.1421699756182,65.1216191325014,46.3430644549251,40.5801447524283,58.2968681644026,83.5668077283128,58.6703017886477,54.1950909090908,66.2190229279419,40.5098136077757,1e+20,71.2328943785681,81.517439393939,51.1588802733216,46.2922222222223,71.5925407925407,96.8546098346098,83.0672259609758,74.117082251082,53.5354747474747,53.2319554367201,133.28,47.4071480687772,32.3955050505049,47.3657434097068,56.9140928685746,43.3598637982593,58.8847008658007,69.5766102786101,107.922650904387,222.923499999999,75.8354001532018,133.273619733924,159.87219387755,77.2327366522364,123.041538461538,84.4757734968733,152.893333333333,328.354999999999,169.32,81.1719090909089,151.801624584717,91.5763798701296,58.3398968188671,135.40005050505,124.508225806451,116.8535,87.4193587250327,186.751499999999,163.475,68.3066027926321,115.05,110.790828555828,143.434999999999,179.132642857142,228.419999999999,182.140714285714,72.4430028860027,77.7655537471905,44.747047450962,34.8497979797981,93.9508334962527,60.8422165722488,53.6369898989899,40.5801447524283,43.3598637982593,123.418913043478,38.1425084606837,0,71.9516212121211,42.6246348892654,32.3955050505049,46.3430644549251,52.5712667855021,46.2922222222223,65.1216191325014,97.6399999999997,64.8213507657216,79.6218072894844,129.275383838383,202.264999999999,65.1553686868685,48.4885825358852,26.0980656565657,53.0712445887445,82.8368564593297,65.7699639070607,78.8192062817831,157.769545454545,305.129999999998,130.159902597403,124.508225806451,214.414999999999,76.561594139194,169.32,158.904999999999,80.8523232323231,96.2423777526817,138.096505050505,267.432205882352,189.833243243243,182.787950937951,199.255,82.5465469399881,126.568829059829,211.73,186.751499999999,167.956466089466,72.3573892112614,202.364999999999,163.475,115.980128110372,160.860668642951,53.3001101856188,169.617499999999,81.1719090909089,138.362,79.7466666666664,137.359999999999,123.418913043478,27.7812549774206,97.6399999999997,60.1385555555556,57.7926258780441,65.7699639070607,87.9932577639749,31.6759644799645,85.2636113009795,53.0712445887445,81.8444001554001,32.0612070707071,31.7295858585859,69.809802020202,32.127375366569,133.28,66.2137197889828,81.9660602426058,88.8278972530736,26.0980656565657,42.870653340124,79.6218072894844,53.6803946608947,53.2319554367201,34.3099718614718,53.5354747474747,129.275383838383,25.5624747474748,73.4717835497835,267.432205882352,202.039999999999,92.1375310245308,138.096505050505,175.580499999999,118.937906417112,88.3969244995758,160.860668642951,197.035,228.419999999999,179.132642857142,121.721103896104,187.324999999999,105.695734265734,328.354999999999,84.4757734968733,117.854216853112,135.40005050505,173.393936170212,85.7414833958312,199.774293650793,107.922650904387,188.784999999999,135.4,279.554999999999,111.99680963481,76.561594139194,196.8275,130.159902597403,201.444
