1e+20,6.02902425662204,6.40517633878422,13.7135834853525,6.46158711215965,8.99090920932196,6.25993154256866,13.0964274244407,8.55578556979594,11.2126063647084,11.9169550343364,11.259471514945,3.49104371276097,10.2486493603289,10.8559465333927,8.85406680181591,8.56950896952519,14.2768651648478,15.6951030173324,16.8851402194159,7.8500828517794,4.83471661004645,10.7446933157479,14.2297094892087,6.92850008154386,5.31974667587091,6.03564191020007,8.21927740723792,6.49382144779694,8.4682508485588,15.2568041493343,14.4972932366141,26.1685356458584,13.1009465582137,21.9842176152407,20.1407922175158,15.7404627775859,18.1812982442807,11.6954424697577,17.1284483595139,30.8698539674424,17.2234635585037,10.8613226106693,21.9686605987537,15.6550955602724,13.6725181024537,15.4387915067483,15.4988146118916,16.4341782126864,12.2834946412289,22.5966687840604,23.6244228234137,9.82946766734982,16.5584224218395,14.3864826678031,17.431209017142,21.5190968063384,22.2329326059636,22.3522573060385,11.0490662447535,9.58359695145482,6.02902425662204,5.50018064217063,11.3178624611503,11.8717214008819,8.61257030746463,8.99090920932196,6.49382144779694,16.6916328444871,6.45469469650049,3.49104371276097,10.1930603818624,5.79376830376933,5.31974667587091,6.46158711215965,8.17102286244475,8.56950896952519,13.7135834853525,14.5220111904106,10.7452582464992,8.79758473457961,13.4213353401817,19.2194801485193,9.05524754306965,6.03765813687046,0,9.20585917712373,8.48001342971935,10.6327589541021,12.5612219906449,19.0546549370836,29.9550512062442,19.1819379410537,15.4988146118916,18.4331541207667,9.37244241536777,17.2234635585037,17.9475706503328,14.1276587023185,17.4924651155742,14.2010922514678,29.5737535868778,28.4301391691082,21.9243626574366,22.9076843519453,12.4449864711024,19.8978599712385,23.7250309884066,22.5966687840604,18.6500398657611,12.9040727863355,26.5290492763541,23.6244228234137,15.7879933355081,20.0529430019467,6.24606901339284,18.515816952307,10.8613226106693,12.8743117652197,12.1483861352006,15.3855245938243,16.6916328444871,4.49393323314526,14.5220111904106,8.41238796725925,8.78664794557214,10.6327589541021,11.7445138987656,4.68223627645917,14.1137918106998,9.20585917712373,12.6587262835069,5.67106458590537,4.75379212889435,10.3116165572966,4.17208116735472,14.2297094892087,10.6049224153438,12.4932150539934,14.2636574208514,0,4.83757657460417,8.79758473457961,7.21311152971554,10.7446933157479,10.3507331242371,4.83471661004645,13.4213353401817,4.86867389385684,10.7204795951266,29.5737535868778,19.6892470661048,11.5937602530051,14.2010922514678,17.1987190291191,17.6710438979571,12.6948750212874,20.0529430019467,22.8792590162469,22.2329326059636,21.5190968063384,16.9474980899452,21.3499798395066,14.9738407561178,30.8698539674424,11.6954424697577,19.292046728253,15.4387915067483,24.2180717505869,11.6555636076411,23.252476663369,14.4972932366141,19.991401535125,16.9998612364927,25.3675329851647,15.3478325066343,9.37244241536777,24.9457407191932,19.1819379410537,19.1764766744289
6.02902425662204,1e+20,7.50431118563644,14.8985051270605,7.74686047228945,8.49744208924058,10.0245009169177,14.412581617293,10.8971976313087,9.50963379771183,10.4217533528616,12.4244211541073,6.59501408734136,12.6943798541654,10.3568172746947,6.34884625994422,7.18850333646861,13.2233455819582,15.0982235756878,16.0714636597531,10.4384947964649,5.5174638528434,10.1897315021239,15.8224007091398,3.78073879090548,6.06182513964437,9.51737307781797,7.00257398850884,5.26196169117677,12.5689210044832,13.4621094211649,13.7630786718492,26.5609157134157,11.0435078062833,20.7350433558867,20.888321349957,13.9161195119047,18.2496565936045,11.3841089672757,17.9194292951665,31.2898583438591,18.2336629479974,11.0104875676589,21.5218788486787,14.7644153884337,12.0010680464479,14.9969505034148,16.7025798654614,15.6195720787594,12.7400698967861,22.6024990329756,22.9142471674393,10.1263742438608,16.715324865741,13.858640699282,17.5163937796659,21.7206709053849,23.401391901871,22.4083583541805,9.29292095133995,8.82631038000119,0,6.13375687219237,12.2964003254041,12.9564084089873,8.16591403334081,8.49744208924058,5.26196169117677,15.5304776227842,10.726771084325,6.59501408734136,10.2816775715794,3.97785951008891,6.06182513964437,7.74686047228945,5.43164860984024,7.18850333646861,14.8985051270605,16.1589003258887,10.0158946093414,10.1473662899667,14.4775825114293,22.6323017103461,11.4979099650531,7.39668298333118,6.02902425662204,10.5043863890436,10.0351832890697,10.7581312917424,12.3225907543544,18.2201934955083,31.8989179631914,17.5446284572124,16.7025798654614,20.2158461201028,10.179816470552,18.2336629479974,18.8378145354093,12.1702635523739,16.4765527409222,15.1562573924867,30.3842145973957,27.5086882248333,21.8115688989595,23.8004756612917,10.5783048581348,18.4227801176592,23.4288061147048,22.6024990329756,19.0031773846421,11.3644372945176,25.8421717560875,22.9142471674393,15.3593991884272,20.5576335529347,4.80026249124284,19.6091922433299,11.0104875676589,14.3489024098745,11.6318692939804,20.0825925818021,15.5304776227842,6.15616051350483,16.1589003258887,6.379120329837,11.8653254599613,10.7581312917424,13.8244158232136,3.46328424972683,14.7734902011414,10.5043863890436,11.8566517394051,3.71354765480825,4.72333145521819,10.7818353000758,3.58545678072202,15.8224007091398,11.0976873423824,15.9457121060366,13.4200282788982,6.02902425662204,5.17936879939008,10.1473662899667,6.00042984380624,10.1897315021239,10.7169999185367,5.5174638528434,14.4775825114293,5.37503812362782,10.4970624239416,30.3842145973957,21.7406030572681,12.537452621468,15.1562573924867,18.8390764569997,16.7670233286925,12.7106098249347,20.5576335529347,23.8453288196436,23.401391901871,21.7206709053849,15.8584913604475,21.8221895874187,14.1387187300653,31.2898583438591,11.3841089672757,18.6632758125403,14.9969505034148,23.9048182347924,11.2599539620997,23.7477124870261,13.7630786718492,20.9258244409423,17.0255455190614,27.8593511951233,15.3405549832096,10.179816470552,24.4945178077031,17.5446284572124,20.3060699470718
6.40517633878422,7.50431118563644,1e+20,13.7384000339818,8.12819324899891,7.61495545580857,7.15392641213331,13.50962825773,9.56090458054049,9.66079988613963,9.51872403812567,10.7073991165515,7.71689076476095,10.761789899265,8.77154939487549,7.13979842608533,7.67015121869681,12.3299890334849,12.9802830706556,13.7056397580288,7.01711741061451,6.39634921413809,8.25186139351695,13.4944951586196,7.9333373202911,6.61523736688347,7.81302114934021,7.81902598854926,7.67852362461023,10.6685015857956,13.423219681397,14.1087097286355,23.9853568668142,12.5114187872619,19.3631268014347,18.7048963956443,13.2834666955116,17.5531297605589,9.90182698227916,14.818248356642,28.107423109448,15.2779961774006,10.7397768728539,18.792133992237,12.246803010495,11.6111702755105,13.3585389472671,13.1364857082567,15.2075916343159,11.6936032420346,21.0217757230606,22.2654391712739,9.07982025404396,14.8861912482146,12.9668421923777,14.590155267829,19.0236849519868,21.5707235184976,20.8834951450888,10.9870161362109,9.0247601002367,7.50431118563644,7.08101262956895,9.42777383608331,12.3068016886958,7.70521345677026,7.61495545580857,7.67852362461023,14.8600832949629,10.404386589182,7.71689076476095,7.82924262616276,7.1099570669949,6.61523736688347,8.12819324899891,7.56309739060963,7.67015121869681,13.7384000339818,13.634035474971,9.49597961386109,7.64440354988795,11.8207335546939,19.3768288874332,10.5139727077649,7.00247949343811,6.40517633878422,8.83609700293494,6.11046490942249,9.55151945149841,9.08322124097653,17.2254713243918,29.1808451592586,17.3958211550606,13.1364857082567,16.6289034934299,6.34148038667891,15.2779961774006,16.7855954917154,13.1342172635809,17.1530775773119,12.3929644373938,27.1187445679638,25.2996121856682,20.4855369551166,19.9806177970652,10.8255066367403,19.1929226015047,21.4761989991424,21.0217757230606,16.02707772388,12.1574377422988,25.1036596808134,22.2654391712739,14.0783585411467,16.4119237913505,6.47687084408146,17.45261516999,10.7397768728539,11.1105174620703,11.8924685920774,16.9097618941501,14.8600832949629,7.6022674729737,13.634035474971,6.37701740667593,9.21529778828238,9.55151945149841,11.2308656908441,6.37156901413885,13.3809177945854,8.83609700293494,10.4526017061603,6.96294232575578,6.51108343013993,9.14883098902791,6.97664916698417,13.4944951586196,8.2424302968317,14.1197133149179,13.0259137883377,6.40517633878422,6.66845432685627,7.64440354988795,7.78615345773079,8.25186139351695,11.134788036484,6.39634921413809,11.8207335546939,6.41721363387074,8.29357355203048,27.1187445679638,17.7446484232133,10.5980815966857,12.3929644373938,15.6609926415159,16.5745016986654,11.3948586164935,16.4119237913505,19.9655709686062,21.5707235184976,19.0236849519868,15.0410180212211,19.5849924264953,13.2431265190054,28.107423109448,9.90182698227916,16.2235701470556,13.3585389472671,19.9065712353366,10.6989490951404,21.0038827936759,14.1087097286355,17.9015940038928,15.6492346522209,24.151845637698,13.7361022953085,6.34148038667891,22.601712801708,17.3958211550606,16.8785208592231
13.7135834853525,14.8985051270605,13.7384000339818,1e+20,10.636908611069,14.6162027517495,13.1547860898062,14.1516737561918,14.4563559939406,15.5778239198743,14.9780661050944,17.3655325592772,15.0077795256505,13.1453400849724,14.3705214859557,14.2209736768648,14.6852520574081,17.1017540087742,20.1486913457337,19.4015239659529,14.7786476495825,13.8167454498739,15.4603001513013,16.6097498739866,15.0093859268966,14.883309944635,12.4304153192674,10.8691513521456,13.8319006528997,13.7931294886803,18.7299316880603,18.0848377380143,29.3623722346419,18.1420842306211,24.2577159626794,23.8610746393232,18.5002532859232,22.3758639592032,15.3011058176977,21.0091108476155,26.9051795837496,16.8669782266093,17.9050560108154,25.4406653463798,17.8214045048073,17.6166823038468,18.1711382473127,16.9331394362611,20.2366507605107,9.67568984236033,24.9493045892936,24.7872548040847,15.2423325504978,19.9698571284522,15.2246536449231,19.368944102176,19.6276511244856,19.9422047487188,25.5741700954453,16.6560250146087,14.0079731407299,14.8985051270605,13.715989706035,14.3476721161235,7.03216670004307,15.0669193416671,14.6162027517495,13.8319006528997,19.2459109569526,14.6530684963308,15.0077795256505,12.2374931317292,14.2369308381371,14.883309944635,10.636908611069,13.4923193357678,14.6852520574081,0,14.918033024142,15.9362301547338,15.2494914375561,16.372486932805,19.2375452227319,16.1474144861838,13.9850907070333,13.7135834853525,14.3478054797257,9.94189415925598,15.0303104547023,17.4744986207166,20.6049740042434,26.0951337439234,22.1677348549701,16.9331394362611,19.4518743873279,15.5155218401787,16.8669782266093,20.5383583843827,17.9763355468325,22.0420248315269,18.700768417079,31.6537883215785,29.3295501183622,18.0398328649515,25.5738052791084,12.8796606089586,22.0855225422977,24.3120488207171,24.9493045892936,20.3281786158648,17.56931583961,28.5438275216567,24.7872548040847,19.2573435338714,18.4181735078897,13.8456353884926,23.1269891144423,17.9050560108154,17.5473031554045,17.2563576658003,20.866181683356,19.2459109569526,15.1254713991982,14.918033024142,14.7911234442606,15.7036213179885,15.0303104547023,14.1848221662882,14.1941472356992,17.9099586027064,14.3478054797257,12.9480755775581,14.4725199272095,14.3063672160122,13.0088380482204,14.4426947896679,16.6097498739866,16.1011144583667,15.7627453670425,17.6454240214172,13.7135834853525,13.5282330182246,15.2494914375561,12.4318135979014,15.4603001513013,16.8941315193224,13.8167454498739,16.372486932805,14.0255360930833,16.0715939572431,31.6537883215785,23.8304260482595,15.8437320648741,18.700768417079,20.9578279882726,20.7410423426341,17.0797535334894,18.4181735078897,25.2428755884535,19.9422047487188,19.6276511244856,19.1696058469954,23.3391367576635,16.2907315458425,26.9051795837496,15.3011058176977,20.9165851416341,18.1711382473127,26.2094856310043,15.5690333166666,25.2929858720159,18.0848377380143,19.4079654103663,21.2137978239482,22.0006735335493,18.7405139956491,15.5155218401787,28.0955752006586,22.1677348549701,20.1111577562334
6.46158711215965,7.74686047228945,8.12819324899891,10.636908611069,1e+20,7.67723336094128,7.36900381077885,11.8140116193542,7.91111566711561,11.5385847757009,11.3965777408021,11.6833119732656,8.68927418871426,8.4496648213957,9.16383475987343,8.2262591053366,10.1857445008936,14.5008242790431,16.8106065901926,17.1096740285585,9.58285308657471,6.72418826835035,11.0940748048221,13.7272012836083,7.65261530390746,8.4684603528996,6.69422573750638,7.26215927677042,5.39084800837667,9.07673346864208,15.5792512894342,15.3875378809475,26.9656748247757,14.4026743701099,22.5607884135565,19.5524561012087,15.9155737824398,17.7346289412222,12.3768287812038,18.3183839132014,29.9169372754449,16.1650648992382,13.2599791574172,22.344304321349,14.5597651757802,13.7150937663495,16.8423925144749,15.6140703907372,17.08070563541,9.72159906989622,23.3218645629968,23.7718234862161,11.3643276368906,16.7863972920747,13.7310932482581,17.4514181571579,20.3884920952885,21.1486043433844,22.9321929463658,12.670186626768,10.4114069199818,7.74686047228945,5.32707776689026,11.1313245786725,9.0237211046944,9.70137354606841,7.67723336094128,5.39084800837667,17.8112510649834,9.46390254023044,8.68927418871426,8.73784171883641,6.95169231043082,8.4684603528996,0,7.67018933703844,10.1857445008936,10.636908611069,12.4965576920996,11.4799743990461,9.82789491700304,13.763595677411,19.2955000616306,9.46424447068985,7.72430422717884,6.46158711215965,6.85971436397109,7.32848904950241,9.87601315417238,13.7029265617335,18.9817980974839,29.6018563484685,19.7260333518826,15.6140703907372,18.9621990566926,11.2051253253649,16.1650648992382,18.50398084631,14.906350182529,18.9659939274066,16.1004547000918,29.51463509059,28.1148727662533,19.9718211866693,23.1594716697962,10.7661351090171,20.2649612825251,23.7203981096161,23.3218645629968,19.056599176561,13.4342768812894,27.7465851685938,23.7718234862161,16.2600387995418,19.0609892299682,5.97443553430068,19.8659131466083,13.2599791574172,14.3884431032447,13.2076137495265,17.9756782034312,17.8112510649834,8.94567493689141,12.4965576920996,8.00097538014825,9.98488800482007,9.87601315417238,9.70768761776361,7.43646458830482,15.1376807926628,6.85971436397109,11.9406224767843,7.53286305599131,6.81817757783203,8.13498010583951,6.89026895808612,13.7272012836083,11.8462974845766,11.1250315780078,15.3311254503731,6.46158711215965,5.12121715684839,9.82789491700304,4.50490064547311,11.0940748048221,8.79386684651265,6.72418826835035,13.763595677411,8.13183382978869,11.8145130016419,29.51463509059,21.2458038597673,12.0464345203775,16.1004547000918,18.8278542372746,18.3528141820817,12.9796719172903,19.0609892299682,23.0202018203642,21.1486043433844,20.3884920952885,17.316995940186,21.3247459633437,13.7609734514059,29.9169372754449,12.3768287812038,17.8146416377142,16.8423925144749,24.3472849289122,12.8653309058413,22.4962132439824,15.3875378809475,19.144820632101,18.6700589617887,24.5029223230284,16.0759047290347,11.2051253253649,26.3725026582667,19.7260333518826,19.7715170598848
8.99090920932196,8.49744208924058,7.61495545580857,14.6162027517495,7.67723336094128,1e+20,9.42490926846649,13.9500443464177,10.0892683530067,11.3952199183055,10.443298068264,9.32843650223271,10.8038984624952,11.3587233491133,7.73869080330617,7.99040577667239,10.7511740170408,14.4218713073893,16.6138128868898,15.7080826583899,10.0209231589799,8.09406416604578,9.95383370016884,13.4583599372676,7.9878087582193,9.88494714836306,9.32408154158414,8.10851545038456,7.09452974619429,12.4484276543879,15.6746601775906,15.6331500995454,26.1669358781778,15.0102569095836,21.8039187656411,18.2432448039654,15.7368750681352,17.3937830122978,13.3269965866677,17.4705324148777,30.155092972876,15.3285343074199,13.9049604500574,20.6459137820969,13.7144494331673,13.1701209083357,17.0158347245077,15.5392174854582,16.2438826807952,13.2416366739308,23.2701769413749,24.3337738057786,12.3677141912712,14.9408234169845,14.8324878566246,16.5442036732632,20.0469742249025,23.133798631851,22.6084102244137,13.112558176652,11.1404322368837,8.49744208924058,6.2056023618598,11.6698258073616,12.7327760546496,9.90065421268111,0,7.09452974619429,17.1760741861782,12.380953462732,10.8038984624952,7.64446673122729,7.41968577854822,9.88494714836306,7.67723336094128,7.43499213603691,10.7511740170408,14.6162027517495,12.6869888017751,11.7933527728158,10.2189628288297,14.0442826071269,21.0633166706582,10.5643418868171,7.93179948699683,8.99090920932196,7.73706002281935,8.51621013965546,10.2427925792642,12.4917837891726,19.3186483212542,30.4639564427215,18.7665806311631,15.5392174854582,19.4754960873625,10.6541708749822,15.3285343074199,18.8093742080913,14.7574122242625,19.2950084735104,15.860071629446,27.6529067428638,26.3444279051601,20.912461052515,22.2942381116038,11.1853112229523,20.2077313125062,22.4499100509608,23.2701769413749,18.489016226317,13.9175555951666,27.9875549155539,24.3337738057786,15.7691171376136,17.2599217653012,6.42173308369432,18.7858317855806,13.9049604500574,14.248251382284,13.3670967850405,19.7478240357815,17.1760741861782,10.5093176778552,12.6869888017751,6.60465102072405,9.70514766673874,10.2427925792642,10.5611726066715,8.48434484204664,15.2595786553629,7.73706002281935,12.1849435622202,8.22279252976306,7.88156308206609,8.17606127546395,8.78982258839625,13.4583599372676,12.1360467317536,13.4802630253828,15.6066947086935,8.99090920932196,6.55054080358072,10.2189628288297,6.26578411511246,9.95383370016884,7.83569282245625,8.09406416604578,14.0442826071269,9.38307019982023,9.86822921946813,27.6529067428638,20.0989482005721,12.771754259223,15.860071629446,17.9598856531949,18.1718711936908,12.4498169612651,17.2599217653012,21.2555785290856,23.133798631851,20.0469742249025,17.5054430671297,19.8693780471936,13.7544717525532,30.155092972876,13.3269965866677,15.4073936168672,17.0158347245077,22.0034243875829,13.8417748472153,21.3270769914989,15.6331500995454,18.3665027018893,18.6270693389583,26.1311340233864,14.8599153200881,10.6541708749822,25.9695373428669,18.7665806311631,20.3247228107235
6.25993154256866,10.0245009169177,7.15392641213331,13.1547860898062,7.36900381077885,9.42490926846649,1e+20,12.4769370214637,5.02871394502617,13.41520296452,13.7156349449852,9.50512957335077,8.19657062063001,6.68404983461293,10.1258560908102,10.8369536160855,11.3817108121319,15.5590166733886,16.5402739701158,17.975429359042,5.18253874871283,6.73262665486506,12.6914577192515,11.6676101578069,10.5710043971335,8.70130396475527,3.44586946407414,10.484876755515,9.47059529405799,6.09235375888758,16.3332856898363,15.6408250275813,23.6845334954189,14.7919487086349,21.8760133246839,16.8812410829707,16.1525211024804,16.4883414809296,12.3859012445269,15.9761804687343,28.5009321890033,14.5498108935252,11.651645622562,20.1799604552956,15.116200261849,14.6935982995124,15.3969605702596,11.6252342576011,16.200882289841,11.1486134990111,21.3441296214751,22.8453502399494,10.9748312149321,13.8600428453371,14.2435632225432,16.1464192501898,19.7039663743905,20.124670496324,20.7884623737634,13.5363237867581,11.9997791618789,10.0245009169177,8.02437698935233,10.5771053326627,12.1930293272191,10.6997999568316,9.42490926846649,9.47059529405799,18.1721709584218,6.96969458329617,8.19657062063001,10.3444598806961,9.41199684356469,8.70130396475527,7.36900381077885,10.9691008196327,11.3817108121319,13.1547860898062,10.511263981277,12.8736263355235,8.05568661982284,13.6714385873001,16.6724410266432,8.25910854173068,8.33765259574189,6.25993154256866,8.41420939536142,6.90206299203687,11.2332313888914,13.1473880899643,19.0858616946423,27.3098418830536,19.3039387894801,11.6252342576011,16.1982192552851,8.71036041408786,14.5498108935252,16.9934098195353,16.0335534372083,18.1152670453254,13.2266271377952,25.7667871731109,26.9837959384156,20.3212552997473,20.3713101616017,12.7790757741901,20.9247578311036,22.020471287596,21.3441296214751,17.6766270690443,13.8309212269159,26.2553084704793,22.8453502399494,15.2958587405817,17.2246135796623,9.15143965013776,16.1766996367597,11.651645622562,11.4863421367337,13.0206646037275,13.0957168520456,18.1721709584218,9.06234846802051,10.511263981277,10.6501182987147,7.37185879742426,11.2332313888914,7.92874295316564,8.97673574958752,15.0692822864298,8.41420939536142,14.116354219508,9.87949919243109,8.83724804834166,8.70535968617427,8.31094806572413,11.6676101578069,11.6114196168574,8.66677615841827,15.9665452512216,6.25993154256866,8.20451492582304,8.05568661982284,9.55007194876704,12.6914577192515,9.78105392561163,6.73262665486506,13.6714385873001,9.18068949240915,10.8513318828106,25.7667871731109,17.2469459327859,11.9518977183539,13.2266271377952,15.008761757724,18.2205498769567,12.6846269793742,17.2246135796623,20.0865194636225,20.124670496324,19.7039663743905,18.3558707393903,18.7025638660875,14.551281620213,28.5009321890033,12.3859012445269,17.6741998270541,15.3969605702596,21.9620502953183,12.8110495161028,20.7449518778541,15.6408250275813,16.6489097054038,16.8994131745066,21.6423000357477,15.118167527183,8.71036041408786,24.6168023165219,19.3039387894801,18.1198052114725
13.0964274244407,14.412581617293,13.50962825773,14.1516737561918,11.8140116193542,13.9500443464177,12.4769370214637,1e+20,12.1959253758889,13.6972981852347,14.466049166277,16.8174515904045,14.1993386037628,13.8417324892033,12.7613164136862,13.0960416654611,14.2025677046771,16.304795792672,20.3781305874071,19.0373610242617,14.3579552248168,12.2860339161922,14.5778506387959,14.6354298882592,15.4691429749791,12.899460562053,11.8836847656504,10.7630015794092,12.920887860406,10.7329303071323,19.1418051913024,18.4147934085029,27.9345008462102,13.1611205461141,23.8327255469069,21.1980592435704,20.4046306636006,21.2863800484654,16.4065949539791,19.0068328998326,27.8728237011222,16.7301849513091,17.5397481578544,25.6712569792909,17.0443296308078,17.9029794250702,19.2132900649079,18.28165643077,20.712551397278,15.316204084068,21.0674139005038,25.5213241918902,16.2803710693668,20.5767299226245,10.4754804627266,19.4312883896584,19.1135856441579,21.5497969059715,23.8640135217173,15.0627539743208,11.9700684333391,14.412581617293,13.5881371926428,15.5896992667711,13.0143024030185,15.1897425687001,13.9500443464177,12.920887860406,19.1056022714366,12.5780607790864,14.1993386037628,10.4048304309453,14.5383174866783,12.899460562053,11.8140116193542,14.1586557493795,14.2025677046771,14.1516737561918,17.5513008518062,12.9902463379166,14.9374980049176,13.5447226510342,19.6206148711787,13.3258502282972,12.6750835769572,13.0964274244407,12.2118583067337,10.5510821247139,9.71852172326697,17.4690697383153,17.5379510994424,29.1343477589704,22.0409553766345,18.28165643077,19.3779769404868,15.8361007983884,16.7301849513091,14.0865353262212,16.6893559305923,22.2821478316391,18.4949408010104,28.7259209918324,28.453078442758,21.834205987466,22.5764982325778,13.5038081416519,21.0434361826208,24.9918793228259,21.0674139005038,20.631245597158,15.4575185032709,29.0497044890514,25.5213241918902,17.5003025402685,21.5320589413488,14.0116608757423,19.299590048851,17.5397481578544,14.9780515760659,17.3151849710462,18.5869532833121,19.1056022714366,14.7847702215479,17.5513008518062,14.4862932042584,14.5610614780135,9.71852172326697,11.3502414814096,14.5408587673285,16.8844324054137,12.2118583067337,15.3972184490265,14.8515910333398,13.4077958275275,12.1768567331107,13.2084471045913,14.6354298882592,15.9446026190396,15.1784009979919,16.176525130203,13.0964274244407,13.277447183174,14.9374980049176,13.121126433694,14.5778506387959,15.6726301611644,12.2860339161922,13.5447226510342,13.489305951518,15.1227318812981,28.7259209918324,20.9308688164368,13.6129143126605,18.4949408010104,19.8206908398825,20.2334562868525,15.6530028391098,21.5320589413488,19.6108827191522,21.5497969059715,19.1135856441579,18.3812490228592,23.8740777150681,15.0580950294251,27.8728237011222,16.4065949539791,19.4341421306725,19.2132900649079,26.1992419296801,15.7834575914019,21.5422087908502,18.4147934085029,14.9570363318523,21.0327549789937,24.4170102916213,16.7958028120412,15.8361007983884,28.3255630034413,22.0409553766345,19.3766430741039
8.55578556979594,10.8971976313087,9.56090458054049,14.4563559939406,7.91111566711561,10.0892683530067,5.02871394502617,12.1959253758889,1e+20,13.9270628600021,14.6830590127971,11.1350671813171,9.90393972195816,6.55408136508128,10.3486944129353,11.5921989771371,12.2352192553992,16.2208298312948,17.4089675803427,18.3514237587984,6.88673719357302,7.31667601870741,13.7576851269766,11.2778984538549,11.6784102619726,9.7011182693744,5.40937356549642,11.6759233943173,9.66077788688991,8.33085476727701,16.9133847736453,16.2679061776853,23.639344840318,14.7436899898774,22.6174820953615,16.4061352384213,17.1522991566059,15.304673365097,13.4996372038313,16.2643296456847,29.1318863630314,14.6390501489091,12.5822753236494,21.0630699127366,15.3519441750727,15.4770787531658,16.7323043941658,13.8008005778436,16.7864359017299,11.9162822418384,21.5438307383917,23.4890937769944,11.4125392781602,14.7983026243085,14.489051345901,17.1925991989065,20.0579701471121,20.4260213591677,20.910254511512,14.5385041004462,13.2581422886269,10.8971976313087,8.90452598720292,11.3519709364772,12.8263684324394,11.491018437998,10.0892683530067,9.66077788688991,19.0510337746933,8.59292038126234,9.90393972195816,10.8795809843734,10.4637707893787,9.7011182693744,7.91111566711561,11.9404066710161,12.2352192553992,14.4563559939406,10.6929918149836,13.1872406337952,8.49617104731586,14.4835151828324,17.3622197782713,6.85091068397045,9.15422336392962,8.55578556979594,8.28858618991549,9.21015379740255,11.0585023288949,14.3860114064575,19.3259115508084,28.206349070954,19.4945836355715,13.8008005778436,16.9145445764273,10.2455985569294,14.6390501489091,16.9287233076115,16.8400526456444,18.9203031796224,14.1692940478425,25.6659666644815,27.2875644741228,20.5362739164245,21.1836950656898,12.9209905134386,21.2271773786394,22.6521656470568,21.5438307383917,18.2011843690967,14.2207053431592,26.649791544744,23.4890937769944,15.3928122629182,18.5917838715833,10.2978827475899,15.9425223202805,12.5822753236494,12.2426791380247,13.3754740778493,13.9757935719498,19.0510337746933,11.2069613630494,10.6929918149836,11.9066355977583,9.32493685388302,11.0585023288949,6.75737904045397,10.4026648258885,15.5067550327787,8.28858618991549,15.1973066187993,11.0669863115269,9.73526706081448,8.97134638057637,9.3862081250581,11.2778984538549,12.4864620123637,7.83546211014315,16.5239691456521,8.55578556979594,9.60782718009138,8.49617104731586,10.2077452695403,13.7576851269766,8.52078164043885,7.31667601870741,14.4835151828324,10.6571701588038,12.1154452717123,25.6659666644815,17.9548402951278,12.3356023855752,14.1692940478425,15.8903028368339,18.2196664497131,13.0449001474584,18.5917838715833,20.7781054755228,20.4260213591677,20.0579701471121,18.9867590289258,18.9910547233619,14.5085666212245,29.1318863630314,13.4996372038313,17.2557133289163,16.7323043941658,23.2788423021664,13.610377983717,20.0478920938002,16.2679061776853,16.5061225320427,16.9394474463098,21.9395104143781,15.3959876680519,10.2455985569294,25.0720682686765,19.4945836355715,18.904004677293
11.2126063647084,9.50963379771183,9.66079988613963,15.5778239198743,11.5385847757009,11.3952199183055,13.41520296452,13.6972981852347,13.9270628600021,1e+20,5.77064210078719,15.57839708877,11.6251446020979,15.614304677219,9.73477434219746,9.0806994069754,7.11379323823407,11.4370336965481,13.1829789340233,12.079153066406,12.8621686704927,9.45105473920723,7.67373990091331,15.5148786994066,10.7998974310671,9.40787094204116,12.983859059741,9.39405880720936,10.8222712042182,15.1699491581795,14.3625825026742,12.4359727626226,27.0434965473943,11.7544100832122,20.6083396114816,22.1355527383161,15.5328931395833,20.7113447144543,11.7942476417146,15.7755454546215,27.3889970158419,16.2441464414953,14.1268090874941,22.7527335818334,13.6848319886486,13.3620774047594,14.6633242614609,18.9028558939263,16.1389436145017,14.1254261436777,21.4304512945299,24.0714731065561,10.2252717815487,19.0204686765476,11.9135765093535,17.298137467733,19.1752199129182,22.6766793171807,23.1949604901437,12.2568054579492,7.02286377627663,9.50963379771183,10.7131944435502,10.639370003999,13.4740887166249,9.91253912394924,11.3952199183055,10.8222712042182,11.4141500085762,14.4094084433952,11.6251446020979,8.71518867329395,10.8924952035502,9.40787094204116,11.5385847757009,9.81343166074431,7.11379323823407,15.5778239198743,17.3955237083284,7.26094944417438,11.3270184416261,9.85408853521158,20.841983459311,13.11989435242,8.8586476748092,11.2126063647084,12.9079635695142,10.9068242126796,9.19454214456655,10.6873765823558,14.4003839476092,29.6813927732783,17.5514861724592,18.9028558939263,17.5615439289474,11.981507717868,16.2441464414953,16.0310947122935,13.2647004872919,19.5395755771545,15.5998640407911,29.910402619206,25.3348922096739,20.8753066714676,22.8126048144077,9.1919948794016,17.8674708088217,22.1764761907545,21.4304512945299,16.0566509967103,13.5144030978274,26.1311152289388,24.0714731065561,14.8983551776056,19.723549069542,10.3724309009185,19.1543509951753,14.1268090874941,12.9341212659973,13.2164641756309,21.1049686807771,11.4141500085762,10.574098500169,17.3955237083284,10.5765817838354,14.9083936024129,9.19454214456655,14.7814505315352,10.0344249067533,13.1055037189116,12.9079635695142,9.32374951770842,9.78619695087393,8.01391689838576,13.6145470052693,10.805123206748,15.5148786994066,10.4552690111013,18.5739889381622,11.1078133505726,11.2126063647084,10.5926360735639,11.3270184416261,10.8454724728881,7.67373990091331,14.6390776223761,9.45105473920723,9.85408853521158,9.27079998150788,10.6039537579359,29.910402619206,20.2207566945688,11.2504966776501,15.5998640407911,18.5333120117398,14.9488619289916,12.8733833683744,19.723549069542,22.0654654638307,22.6766793171807,19.1752199129182,11.5516648294834,21.8452559126203,13.1331452231975,27.3889970158419,11.7942476417146,16.989058962461,14.6633242614609,23.5139334641964,11.5010698410969,21.7624093105625,12.4359727626226,18.8139783642942,15.9551429978591,26.6309272360073,13.8749704195456,11.981507717868,22.8034303778974,17.5514861724592,16.5402928943575
11.9169550343364,10.4217533528616,9.51872403812567,14.9780661050944,11.3965777408021,10.443298068264,13.7156349449852,14.466049166277,14.6830590127971,5.77064210078719,1e+20,14.7993601531166,13.2623881080712,15.0228664942781,8.50915950436685,7.92652578038317,8.92828341682828,11.0496675382798,12.2555621452059,12.1659912219445,13.4515469603626,10.4874563007217,7.05600229495432,15.1159268543846,10.339882715315,10.958611576788,13.678318261814,9.02364585213909,10.7721125989212,15.8170472476516,12.7459729146814,12.1294675285554,25.7136022823214,13.7303906370622,19.8786122220053,20.393180866419,13.5696258370818,19.5548742435769,10.8886318438405,15.6560636155968,25.7123449009718,15.6962816595379,14.0645740540342,20.2804905297953,11.5685959025589,11.9081431616442,14.3764237720551,17.8428713110801,14.6865901515581,12.8789957441045,20.9279629124908,21.9280223848015,11.5609384767519,17.9190948450112,12.4621222078281,14.2975431758944,17.8033005975609,21.1716644245598,21.798505725668,12.9056362149858,7.74512015903389,10.4217533528616,10.2194829705477,11.3704668060861,12.8452469480866,9.58031050619109,10.443298068264,10.7721125989212,11.8763911025505,15.9936026417543,13.2623881080712,7.7096678830056,10.9480101898355,10.958611576788,11.3965777408021,8.84724861365909,8.92828341682828,14.9780661050944,16.0984940538674,9.31353541386531,11.8768822610537,10.1878134237401,20.4440670315076,13.6857199847361,9.53133785809184,11.9169550343364,11.6417458518144,9.92526664723775,9.86021604033843,9.6671914810137,14.0470029569495,27.9264995975483,17.1529376318257,17.8428713110801,16.8206486976988,11.61906230369,15.6962816595379,16.8473040897508,13.1825928427388,18.4152624073204,14.7603175662569,28.9388990770789,24.0336891374194,18.2698040402343,21.2267351225178,8.47613146216331,17.9733850802999,20.6839373303781,20.9279629124908,15.0712711966926,13.291079233026,24.9452897247197,21.9280223848015,14.5778648495466,16.9830034379268,9.84041849808733,20.167790915335,14.0645740540342,12.964121627142,12.6032773281908,22.0686606131619,11.8763911025505,12.112415838104,16.0984940538674,9.48044698416257,14.4080333101472,9.86021604033843,14.6332888622985,10.6814159064685,13.5359143555668,11.6417458518144,6.57620106581429,10.3810572170277,9.5828956719074,12.179834324634,11.601445478836,15.1159268543846,10.4379258256395,18.2312498932684,12.6029601265535,11.9169550343364,10.3850027002697,11.8768822610537,10.4346994278616,7.05600229495432,13.7927368935551,10.4874563007217,10.1878134237401,11.0084389880622,10.4537610942189,28.9388990770789,20.2624325507364,11.6443260974565,14.7603175662569,17.7285532008755,15.2270276230853,11.9301572617498,16.9830034379268,21.3111871671961,21.1716644245598,17.8033005975609,11.4105570623317,19.9233371637342,11.7894948822996,25.7123449009718,10.8886318438405,15.5158023758081,14.3764237720551,21.0768058338879,11.8537589511526,20.2778643630761,12.1294675285554,18.6317019170223,16.7094224210838,25.7401698761013,13.8649705580352,11.61906230369,22.7835472816943,17.1529376318257,15.4139236405216
11.259471514945,12.4244211541073,10.7073991165515,17.3655325592772,11.6833119732656,9.32843650223271,9.50512957335077,16.8174515904045,11.1350671813171,15.57839708877,14.7993601531166,1e+20,12.9991915523651,11.5917424800913,10.9481472476457,12.5219544066093,14.2112285744254,17.7122424165147,18.7483731771718,19.3710411977553,9.76254164449634,10.5827510660021,14.2121176720233,13.3439563591675,11.9892257796974,13.14067696185,9.71446522333224,13.2910016852953,11.4244300672136,12.1976940287593,18.3015386641924,17.7848757050151,25.8593399206475,18.0371671596967,23.9812452131054,17.0989117196025,17.8118063158998,18.644254321272,16.3337493472099,18.7447608041093,30.952104196929,15.8403056724107,15.6516751657914,20.6548910015938,16.8240114123047,16.288153292406,18.8716493516317,14.7778101606536,16.9330343213788,15.6554173163167,24.6993664095263,25.4101446727234,14.415868107439,12.0004602347746,18.4068382795415,18.0024564646575,22.4718558393508,23.9423392548741,22.9147204825821,16.5258122270805,14.9088483074517,12.4244211541073,9.89852797548279,13.5148232778873,15.9309956601368,13.2082202779386,9.32843650223271,11.4244300672136,20.2912445603086,13.1583680025394,12.9991915523651,12.1646529413572,11.232670315993,13.14067696185,11.6833119732656,12.2238845054294,14.2112285744254,17.3655325592772,10.7939329357319,15.7937389619463,11.2583254837748,16.7622885543635,20.6437976094419,11.7508472331567,11.6681170526227,11.259471514945,10.6698351285403,11.0296374556106,13.8773909064497,15.0605194723666,21.9057185687136,28.5358630694598,20.6837221184731,14.7778101606536,20.0181316585401,12.2952944003727,15.8403056724107,21.0260458746505,18.4334296945833,21.0347592729795,16.3739213092315,26.3828419319477,27.0356230806482,22.3033434357457,22.5936497634571,14.8354924530874,23.4981390123579,22.6225635647475,24.6993664095263,19.48894725886,16.367392118719,29.1633265625705,25.4101446727234,17.5055466006992,16.0984643632305,11.0298918003671,17.7899138953912,15.6516751657914,15.0536049605057,15.3740844293617,18.7047271859092,20.2912445603086,12.7215934401812,10.7939329357319,11.668245145459,8.77927243190599,13.8773909064497,11.0183055922475,11.948944276144,18.3022271996399,10.6698351285403,16.6416741240643,12.0238434111454,11.6540546074494,9.99864574194763,11.9014197950944,13.3439563591675,14.6051479536558,12.3681304180186,19.15935484971,11.259471514945,10.6315372495691,11.2583254837748,11.4514420720065,14.2121176720233,8.81201031897911,10.5827510660021,16.7622885543635,12.7918807985627,11.5823677321379,26.3828419319477,19.8489584455204,16.2003946872376,16.3739213092315,16.4560462562945,19.9238623230712,14.9117814511937,16.0984643632305,21.6993217209344,23.9423392548741,22.4718558393508,20.606815540718,17.8418045015363,17.0953549788624,30.952104196929,16.3337493472099,16.7626971730351,18.8716493516317,22.1275090612818,16.9505306698657,21.9606000125678,17.7848757050151,18.5132122938042,19.3685473894604,25.8138607420251,17.6506098835268,12.2952944003727,26.7361544825547,20.6837221184731,22.2499424468621
3.49104371276097,6.59501408734136,7.71689076476095,15.0077795256505,8.68927418871426,10.8038984624952,8.19657062063001,14.1993386037628,9.90393972195816,11.6251446020979,13.2623881080712,12.9991915523651,1e+20,12.3386584566935,12.6385604633592,10.4743295820987,8.73478578410125,15.0475027019952,16.5338994281019,17.0677046676286,8.62905272944718,5.90072563344707,11.6002382504987,15.3764721939543,8.28730371424353,5.09398185101752,7.90732729556434,9.2565670123134,8.1321359624777,10.3957246014289,16.1672017071891,15.0035421101999,26.7742538726099,12.7041816901581,22.4154289325068,21.7269448117454,16.770464602558,19.2693702570102,12.399621986282,17.6022530665038,31.719298271279,18.1822899343568,10.8453913055711,23.1128711405764,16.9451939117439,14.7802326078851,15.5279073573343,16.835063795104,17.3979978050372,13.8503332402231,23.1534242663983,24.5420754587152,9.81359990040466,17.623618579459,14.7359707836748,18.9108986648981,22.541147680345,23.2922041674637,23.1691337280785,10.7390334415896,9.93251829194172,6.59501408734136,7.78219007769808,12.1042448298352,12.9626959956382,9.66100311485183,10.8038984624952,8.1321359624777,16.4413325886918,7.24947170386661,0,11.61326408271,7.0961444964665,5.09398185101752,8.68927418871426,9.58576639658066,8.73478578410125,15.0077795256505,16.4321500910194,11.0437757442975,9.66316606011758,14.0480921239421,20.1915384605691,10.1600290807924,7.07727393877629,3.49104371276097,11.47258487493,10.2454787905909,11.8751985954784,13.4063383274073,19.758534115229,30.9491441967422,19.2700909501347,16.835063795104,19.2538289412199,9.93666429828339,18.1822899343568,18.3381229861385,14.1287760695594,17.7098051532573,14.5806326059843,30.4700882778273,29.2462661687812,23.3744543297414,24.1639354634627,13.5615761225615,19.6642015031442,24.4030102122587,23.1534242663983,19.5545030437979,13.4936375978486,26.5208995940065,24.5420754587152,16.3761702988057,21.5923105651146,7.98890257451987,18.5638450222705,10.8453913055711,13.4158476816621,12.8951195106451,15.6202042960749,16.4413325886918,4.48944485853631,16.4321500910194,9.96410827182385,10.5364317657196,11.8751985954784,13.5588233097837,5.04061855073743,14.4139545293257,11.47258487493,13.5768274186666,6.32007819180787,5.64399627483696,12.4136431619755,5.05533954837632,15.3764721939543,11.4564572390613,14.4884926456144,14.0085612025411,3.49104371276097,7.00327811559441,9.66316606011758,9.04706321714579,11.6002382504987,12.3291821978929,5.90072563344707,14.0480921239421,4.39299804375867,11.2480505950331,30.4700882778273,19.9065072237582,12.1349287993579,14.5806326059843,17.719648602069,18.0846118078546,13.7540957050579,21.5923105651146,23.9966155777136,23.2922041674637,22.541147680345,17.3055950906854,22.6545972203926,16.0799321675285,31.719298271279,12.399621986282,20.751255393661,15.5279073573343,25.3366071581427,11.624987485206,24.5496621538993,15.0035421101999,20.9291934140244,16.8246402541905,26.3008218648293,15.6402130731489,9.93666429828339,24.7248278055471,19.2700909501347,19.9124679913405
