1e+09,18523.27,20922.28,23658.96,31515.69,9003.15,48653.36,6765.74,6753.98,9103.4,3939.05,5596.95,4841.23,6470.23,11550.72,5748.83,6236.19,20514.82,4740.95,4960.42,16009.02,4812.12,2661.25,6239.96,11664.44,11921.6,4919.55,7317.49,3473.28,7127.31,3854.84,21364.49,29127.59,2770.01,11702.34,3717.37,6569.02,7470.09,6150.17,5552.62,17878.92,9584.42,19291.1,6354.43,4852.67,4860.36,20282.3,3186.27,8496.11,10078.22,5403.37,7839.02,16103.23,21745.36
18523.27,1e+09,5069.77,6607.05,14467.25,26581.5,74446.81,21527.85,22684.39,13252.29,21550.82,29526.61,26680.72,26416.26,34183.82,17095.8,14243.83,42649.76,27153.74,28115.53,39042.62,23284.92,19735.06,19878.59,16421.72,14043.07,20779.15,27000.36,20643.83,26072.36,26741.04,45371.79,53866.71,23420.98,34392.98,24358.47,30525.97,29855.57,26452,28273,42060.94,32381.79,43151.33,27264.13,26841.88,27940.4,43906.74,24983.58,31029.69,34787.39,25509.75,28520.83,42056.75,48293.77
20922.28,5069.77,1e+09,3691.32,10328.51,29619.36,77595.97,24645.07,25241.38,15612.3,24553.19,32221.65,28790.08,29845.58,35938.39,19892.06,17630.04,46806.75,29486.11,31181.44,42860.73,26352.24,21612.86,23048.96,17511.17,16147.15,24101.42,30861.56,23615.37,28352.51,28223.19,48941.38,57824.8,26219.54,38081.44,26013.7,33326.16,33809.36,30480.81,30999.32,45859.5,36260.32,47069.64,31000.33,29487.43,29842.18,47785.27,27822.39,34911.79,36482.23,29525.15,29920.9,44479.56,50417.48
23658.96,6607.05,3691.32,1e+09,10717.12,25765.4,68321.98,22817.38,24601.04,14714.73,24826.48,32410.2,29884.24,29133.21,36214.22,22385.24,20673.79,37080.65,29937.5,29545.6,34404.17,26629.41,25601.14,22951.05,16638.39,15347.89,23838.83,29366.24,25340.6,25376.02,29239.25,38547.44,47701.45,26714.51,33221.26,29498.33,30685.95,31205.92,28076.99,31735.24,35370.45,30714.35,36809.76,28850.81,28979.11,27220.08,37104.69,26596.51,31688.93,34607.83,27649.61,31584.33,42425.54,42420.59
31515.69,14467.25,10328.51,10717.12,1e+09,36985.83,86704.01,34562.81,33686.84,25229.24,32859.77,40619.09,38228.4,38412.65,48403.81,26887.25,26702.54,54382.1,38746.25,39730.34,51060.96,35359.6,30908.18,33927.13,25771.26,24182.69,31160,39051.4,32971.1,37242.48,38444.62,56846.67,65893.31,34585.17,45819.68,36167.92,41935.9,41576.74,37962.62,41082.8,53405.72,43726.57,54766.63,39094.15,38020.56,38729.67,55251.52,36256,42378.04,48639.72,36996.72,42298.28,57600.88,60057.4
9003.15,26581.5,29619.36,25765.4,36985.83,1e+09,32657.88,5925.42,7371.68,11196.32,8710.5,10495.14,6755.54,9494.08,8575.61,12615.14,11364.06,9641.57,8592.47,9572.58,9359.07,7807.56,8253.74,9389.96,11456.52,10727.85,6447.92,8541.19,8121.83,4766.58,7387.17,9397.83,15654.73,10471.55,9761.58,7590.82,9183.9,10351.63,8270.11,9219.98,9292.76,8482.62,9289.07,9597.32,8813.86,7038.17,8839.2,10137.91,11180.83,9128.86,10104.73,5305.17,12532.15,12156.98
48653.36,74446.81,77595.97,68321.98,86704.01,32657.88,1e+09,38190.9,44504.75,51496.92,47900.83,42445.28,39832.19,42931.02,25144.79,60125.79,61173.39,16856.92,41024.63,40432.79,28767.55,45934.45,51583.31,47636.67,52723.38,52524.65,44277.2,38834.12,50372.55,40964.69,42472.57,21700,13703.76,46478.97,34901.78,45661.3,35103.36,37245.95,39094.5,40182.04,26036.59,36205.7,24069.5,41142.54,41880.58,39713.97,22846.84,42735.26,38407.8,30247.07,40978.33,36899.05,20590.2,17423.67
6765.74,21527.85,24645.07,22817.38,34562.81,5925.42,38190.9,1e+09,4644.27,7365.85,7967.04,9071.09,5125,7253.83,11683.45,10870.29,8610.77,10324.69,6634.44,6403.81,7640.79,7071.19,6915.23,5335.96,7633.53,8123.63,5031.24,6094.99,5948.14,4937.56,5182,10428.57,17695.03,7268.24,7365.5,5530.17,6900.22,6620.12,6018.39,7854.7,7975.23,6194.15,9200.7,6364.66,6225.95,5302.93,8660.85,6128.09,6838.17,7017.5,6798.91,5602.95,11070.62,13616.73
6753.98,22684.39,25241.38,24601.04,33686.84,7371.68,44504.75,4644.27,1e+09,7705.37,10165.06,8440.78,7141.45,9654.58,16141.19,9457.57,7613.19,14864,7418.85,8241.13,11135.68,9832.3,6957.38,3550.88,7502.45,7162.42,3431.75,9334.95,5894.68,2314.3,5727.24,16899.12,24597.71,8744.57,7125.42,6413.48,9199.38,8407.99,6461.54,10817.58,13811.15,6740.85,14538.24,7729.15,6165.83,5586.33,15656.95,6604.76,6347.41,10222.74,6750.76,7305.88,15373.67,18131.5
9103.4,13252.29,15612.3,14714.73,25229.24,11196.32,51496.92,7365.85,7705.37,1e+09,11332.32,14766.13,12100.94,12998.91,19834.51,14006.99,8322.19,19999.41,11515.69,12361.23,16942.2,11630.55,10739.86,5381.82,4514.19,3319.13,7579.38,13304.52,9925.38,9057.04,11789.76,21701.08,30876.39,11584.4,14444.64,11908.84,14476.81,14320.8,11776.55,14120.48,18545.39,12900.25,19963.4,11347.88,10563.61,10605.8,20258.33,10921.53,13242.75,17478.77,11721.51,14348.9,23829.87,25574.23
3939.05,21550.82,24553.19,24826.48,32859.77,8710.5,47900.83,7967.04,10165.06,11332.32,1e+09,7027.81,6050.02,4094.76,13756.63,7049,8397.76,16198.72,5332.07,6369.69,13023.4,2664.33,5069.48,10644.63,15219.65,13423.96,4823.14,4534.43,6494.18,9770.54,7012.67,19204.61,26203.02,3702.02,8223.76,6616.36,6664.57,6317.33,3822.96,5692.26,15931.38,6932.98,16808.16,3964.74,5287.33,5936.73,17591.32,5012.3,6863.81,12511.52,3490.21,11269.49,18829.84,22299.71
5596.95,29526.61,32221.65,32410.2,40619.09,10495.14,42445.28,9071.09,8440.78,14766.13,7027.81,1e+09,5026.11,4684.92,12261.44,11191.75,12667.81,13750.21,4045.57,4431.09,9237.18,5555.5,5937.54,11397.57,15964.73,16801.45,5698.14,6167,7092.46,8369.85,4600.02,16469.18,23053.84,4437.2,6351.7,4954.02,4201.4,4671.79,5122.32,4250.95,13688.46,5626.86,14215.01,4197.95,4097.63,5259.64,16091.84,3787.18,4045.97,7635.89,4168,8934.45,12337.13,16609.52
4841.23,26680.72,28790.08,29884.24,38228.4,6755.54,39832.19,5125,7141.45,12100.94,6050.02,5026.11,1e+09,7840.88,6961.16,10588.07,11565.32,10468.98,2329.71,3199.91,8955.05,6325.94,4400.48,8289.44,14098.08,13784.3,5575.26,6423.16,6730.67,7321.74,3035.98,11039.18,18625.46,4255.72,5793.41,2859.87,3881.19,6122.07,4166.09,4238.24,7652.76,4728.41,9749.95,4663.39,2234.02,2876.19,8587.55,2586.81,4899.09,5218.36,4243.48,4108.59,9896.62,12761.61
6470.23,26416.26,29845.58,29133.21,38412.65,9494.08,42931.02,7253.83,9654.58,12998.91,4094.76,4684.92,7840.88,1e+09,13607.77,11913.64,14148.01,12586.62,6137.79,5362.31,9357.18,2095.41,7593.93,12557.82,15750.42,13961.4,5993.34,1973.24,7594.93,9892.13,8301.97,16207.45,21177.07,5271.01,5375.31,8492.94,4289.38,3276.75,3015.05,3559.84,13154.2,4419.51,13073.33,2280.87,5625.94,5668.83,14628.28,4631.64,3777.22,9690.16,2885.04,13930.66,14979.45,18887.49
11550.72,34183.82,35938.39,36214.22,48403.81,8575.61,25144.79,11683.45,16141.19,19834.51,13756.63,12261.44,6961.16,13607.77,1e+09,19443.21,20538.59,10095.81,9663.29,10693.57,11169.72,12023.56,12291.53,16768.35,21654.13,22429.79,13857.48,14230.75,13633.22,13400.33,10596.54,10065.96,12043.07,11118.97,13513.9,10371.59,11321.4,12784.72,12541.2,10379.72,9032.92,12455.33,9539.34,12413.79,11654.96,11571.64,8444.34,10282.77,12501.22,9199.02,12152.05,7803.16,7939.59,8235.36
5748.83,17095.8,19892.06,22385.24,26887.25,12615.14,60125.79,10870.29,9457.57,14006.99,7049,11191.75,10588.07,11913.64,19443.21,1e+09,3673.52,30727.01,12437.1,14856.94,26436.01,9651.29,4621.15,11945.32,12396.78,12040.02,9310.56,13726.91,6145.12,10452.76,10470.22,32865.48,40944.85,8770.65,22724.85,7802.96,14399.59,17713.66,15003.81,12390.38,29809.51,21436.69,30892.15,14911.75,13435.36,13062.09,32212.89,11448.38,19919.62,18897.78,14085.66,11698.1,27884.39,33584.52
6236.19,14243.83,17630.04,20673.79,26702.54,11364.06,61173.39,8610.77,7613.19,8322.19,8397.76,12667.81,11565.32,14148.01,20538.59,3673.52,1e+09,30275.05,12324.88,14062.22,26774.99,10775.16,5495.09,7299.9,9976.29,8484.92,6533.3,15753.73,6283.4,10220.18,11171.04,31180.7,41083.55,8850.35,20757.91,9077.75,15599.02,17103.26,13508.05,14802.27,27404.31,18648.26,29619.39,14607.56,11586.95,11756.46,29621.83,9752.09,17473.21,20235.51,12518.05,13894.44,28782.94,33406.11
20514.82,42649.76,46806.75,37080.65,54382.1,9641.57,16856.92,10324.69,14864,19999.41,16198.72,13750.21,10468.98,12586.62,10095.81,30727.01,30275.05,1e+09,12674.36,9985.77,4236.22,13884.85,23594.96,19074.57,21732.08,22921.15,14356.95,7875.94,20215.23,12092.52,13508.18,4836.59,6638.53,17603.82,8179.09,16134.87,8973.76,6821.78,10467.56,10633.21,4575.3,6747.58,4177.82,11838.94,12314.44,10801.98,3520.53,13653.75,9162.45,6895.81,11440.68,11180.04,7156.16,3753.03
4740.95,27153.74,29486.11,29937.5,38746.25,8592.47,41024.63,6634.44,7418.85,11515.69,5332.07,4045.57,2329.71,6137.79,9663.29,12437.1,12324.88,12674.36,1e+09,1824.81,9312.43,5117.26,5004.45,7634.72,14809.77,14711.92,4682.51,5629.11,6854.84,7168.78,2823.1,13230.57,20515.08,3907.87,4602.77,2977.09,4196.34,4139.93,2682.33,2718.02,9504.6,3623.65,11243.38,3480.36,1381.22,2276.19,11671.7,3165.24,3169.9,5265.94,2312.86,6247.94,12458.8,14474.16
4960.42,28115.53,31181.44,29545.6,39730.34,9572.58,40432.79,6403.81,8241.13,12361.23,6369.69,4431.09,3199.91,5362.31,10693.57,14856.94,14062.22,9985.77,1824.81,1e+09,6522,5647.76,6299.98,8972,13276.26,15145.05,5219.1,4847.03,6933.09,7498.88,3992.86,11681.11,18926.01,3722.29,4369.54,3934.43,4032.11,3280.05,3051.51,3704.44,8564.32,3198.62,9943.43,2863.3,2285.57,2712.25,10238.36,2213.01,2682.17,6184.91,2439.88,8400.47,11134.79,14603.56
16009.02,39042.62,42860.73,34404.17,51060.96,9359.07,28767.55,7640.79,11135.68,16942.2,13023.4,9237.18,8955.05,9357.18,11169.72,26436.01,26774.99,4236.22,9312.43,6522,1e+09,10380.68,20005.44,14913.48,18518.43,19645.32,10872.19,5944.25,16112.55,8783.54,10030.66,3654.27,7724.09,13456.8,4237.51,12778.97,5128.57,3379.61,6429.87,6625.52,2955.62,3398.31,2807.62,8444.64,8454.16,7189.92,3309,9311.34,5207.37,5081.35,7434.32,9323.79,10946.89,7280.67
4812.12,23284.92,26352.24,26629.41,35359.6,7807.56,45934.45,7071.19,9832.3,11630.55,2664.33,5555.5,6325.94,2095.41,12023.56,9651.29,10775.16,13884.85,5117.26,5647.76,10380.68,1e+09,5274.59,12764.46,15365.42,12314.37,5111.26,3133.26,6445.19,9659.3,7645,19201.46,23942.51,3519.93,7227.55,6115.2,5712.04,4759.99,2673.03,2594.94,16431.39,6144.16,15855.78,2303.93,6658.3,6847.71,17533.75,4744.92,5940.23,9220.89,2627.65,11267.69,16283.7,21517.71
2661.25,19735.06,21612.86,25601.14,30908.18,8253.74,51583.31,6915.23,6957.38,10739.86,5069.48,5937.54,4400.48,7593.93,12291.53,4621.15,5495.09,23594.96,5004.45,6299.98,20005.44,5274.59,1e+09,8104.75,12337.75,12211.3,4826.14,9700.99,3891.82,7152.36,3839.85,23721.15,31844.21,3385.61,13600.46,3287.1,7261.71,9334.96,7257.02,6296.45,19777.04,11482.54,21794.39,8311.02,4824.39,5067.82,22180.42,3019.09,10394.23,10610.32,6683.49,7257.7,18606.52,24248.65
6239.96,19878.59,23048.96,22951.05,33927.13,9389.96,47636.67,5335.96,3550.88,5381.82,10644.63,11397.57,8289.44,12557.82,16768.35,11945.32,7299.9,19074.57,7634.72,8972,14913.48,12764.46,8104.75,1e+09,8811.6,6560.95,4110.34,12345.09,7263.24,5706.39,7231.36,18469.26,28203.64,9714.91,9728.6,7345.65,11317.67,11815.5,9382.76,12112.07,14826.73,9708.04,16776.77,9929.62,6527.12,6371.43,17230.11,8569.16,9731.44,11614.61,9421.67,9008.39,17514.7,19968.58
11664.44,16421.72,17511.17,16638.39,25771.26,11456.52,52723.38,7633.53,7502.45,4514.19,15219.65,15964.73,14098.08,15750.42,21654.13,12396.78,9976.29,21732.08,14809.77,13276.26,18518.43,15365.42,12337.75,8811.6,1e+09,3432.87,7756.65,15440.79,9979.58,9559.58,11860.7,22605.27,32350.56,13564.42,15974.64,12456.16,14877.92,14976.64,13490.84,17011.6,19351.3,14227.94,21183.1,14118.35,13167.2,11404.31,21179.76,11234.39,14786.85,17695.27,13463.9,14136.13,23419.91,26290.18
11921.6,14043.07,16147.15,15347.89,24182.69,10727.85,52524.65,8123.63,7162.42,3319.13,13423.96,16801.45,13784.3,13961.4,22429.79,12040.02,8484.92,22921.15,14711.92,15145.05,19645.32,12314.37,12211.3,6560.95,3432.87,1e+09,7169.28,14672.71,9776.89,10021.07,11665.01,23144.83,32613.92,14395.79,14776.27,12264.22,15448.82,15936.5,12861.21,15544.59,19476.07,14308.61,21348.23,13186.48,12840.85,11379.81,21689.53,13482.52,14623.79,17137.71,13130.06,12978.47,23656.26,25455.63
4919.55,20779.15,24101.42,23838.83,31160,6447.92,44277.2,5031.24,3431.75,7579.38,4823.14,5698.14,5575.26,5993.34,13857.48,9310.56,6533.3,14356.95,4682.51,5219.1,10872.19,5111.26,4826.14,4110.34,7756.65,7169.28,1e+09,6216.78,4346.9,4362.36,4720.06,16106.9,23976.64,4988.8,6153.5,5070.64,7134.61,6118.14,4397.33,7074.51,12676.63,6085.14,13746.02,5311.28,4042.72,3994.86,14522.43,4453.29,6151.11,9485.42,4039.97,7834.21,15543.52,17911.83
7317.49,27000.36,30861.56,29366.24,39051.4,8541.19,38834.12,6094.99,9334.95,13304.52,4534.43,6167,6423.16,1973.24,14230.75,13726.91,15753.73,7875.94,5629.11,4847.03,5944.25,3133.26,9700.99,12345.09,15440.79,14672.71,6216.78,1e+09,8441.09,9407.43,8074.71,11523.21,17144.09,5232.16,5126.54,9320.44,3677.31,2425.73,2643.07,4113.35,8296.97,4050.66,9240.65,2588.35,5422.48,5723.6,9267.3,4469.51,3394.28,9592.52,3098.53,12345.67,14967.26,15010.84
3473.28,20643.83,23615.37,25340.6,32971.1,8121.83,50372.55,5948.14,5894.68,9925.38,6494.18,7092.46,6730.67,7594.93,13633.22,6145.12,6283.4,20215.23,6854.84,6933.09,16112.55,6445.19,3891.82,7263.24,9979.58,9776.89,4346.9,8441.09,1e+09,6856.17,6066.3,22446.76,31209.6,5281.6,11952.42,4937.54,9105.13,9189.84,7011.82,8329.12,19385.58,10530.96,20613.85,6554.58,5981.41,6908.73,21788.96,5254.67,9008.95,11664.77,6652.96,9141.45,17984.38,23544.33
7127.31,26072.36,28352.51,25376.02,37242.48,4766.58,40964.69,4937.56,2314.3,9057.04,9770.54,8369.85,7321.74,9892.13,13400.33,10452.76,10220.18,12092.52,7168.78,7498.88,8783.54,9659.3,7152.36,5706.39,9559.58,10021.07,4362.36,9407.43,6856.17,1e+09,5947.44,12863.34,20452.61,9233.53,7306.85,6129.29,7924.5,7817.6,6421,9791.73,10319.25,6396.59,11167.89,8538.82,6625.94,5473.68,11776.08,6940.83,6844.04,9123.47,7154.93,6080.82,15115.84,16393.17
3854.84,26741.04,28223.19,29239.25,38444.62,7387.17,42472.57,5182,5727.24,11789.76,7012.67,4600.02,3035.98,8301.97,10596.54,10470.22,11171.04,13508.18,2823.1,3992.86,10030.66,7645,3839.85,7231.36,11860.7,11665.01,4720.06,8074.71,6066.3,5947.44,1e+09,12901.11,22036.35,3897.53,5384.99,1937.03,4754.2,6400,4640.8,4985.24,9322.39,4118.27,11550.53,5313.33,2749.68,1496.02,11571.01,2252.47,4220.77,6169.67,4240.44,4672.46,12357.85,14890.83
21364.49,45371.79,48941.38,38547.44,56846.67,9397.83,21700,10428.57,16899.12,21701.08,19204.61,16469.18,11039.18,16207.45,10065.96,32865.48,31180.7,4836.59,13230.57,11681.11,3654.27,19201.46,23721.15,18469.26,22605.27,23144.83,16106.9,11523.21,22446.76,12863.34,12901.11,1e+09,5304.76,19214.68,8809.88,15717.54,8508.62,11439.79,12242.66,15044.86,2727.34,8402.03,2331.69,14213.22,13225.81,11146.77,2414.71,15483.76,12352.54,4679.95,14633.85,9265.37,5822.97,4172.8
29127.59,53866.71,57824.8,47701.45,65893.31,15654.73,13703.76,17695.03,24597.71,30876.39,26203.02,23053.84,18625.46,21177.07,12043.07,40944.85,41083.55,6638.53,20515.08,18926.01,7724.09,23942.51,31844.21,28203.64,32350.56,32613.92,23976.64,17144.09,31209.6,20452.61,22036.35,5304.76,1e+09,25772.96,15298.79,24989.42,15334.28,15604.2,18573.8,19788.11,6151.63,14551.98,5325.87,20174.45,21296.67,19241.41,5414.11,23276.59,18371.03,10876.81,21371.72,17525.33,11037.8,5918.3
2770.01,23420.98,26219.54,26714.51,34585.17,10471.55,46478.97,7268.24,8744.57,11584.4,3702.02,4437.2,4255.72,5271.01,11118.97,8770.65,8850.35,17603.82,3907.87,3722.29,13456.8,3519.93,3385.61,9714.91,13564.42,14395.79,4988.8,5232.16,5281.6,9233.53,3897.53,19214.68,25772.96,1e+09,8564.04,3505.54,4885.17,4139.21,3461.63,3888.75,15680.26,6462.66,16737.87,3441.09,3592.53,4246.04,17711.92,1696.67,5200.87,10284.62,3103.54,10274.83,14441.39,20348.24
11702.34,34392.98,38081.44,33221.26,45819.68,9761.58,34901.78,7365.5,7125.42,14444.64,8223.76,6351.7,5793.41,5375.31,13513.9,22724.85,20757.91,8179.09,4602.77,4369.54,4237.51,7227.55,13600.46,9728.6,15974.64,14776.27,6153.5,5126.54,11952.42,7306.85,5384.99,8809.88,15298.79,8564.04,1e+09,7460.41,3996.02,3355.17,3464.92,5259.59,5944.49,2024.68,6625.79,3570.23,3464.54,2760.25,8307.45,5572.62,1602.61,3946.7,3856.88,8102.69,8605.37,9405.32
3717.37,24358.47,26013.7,29498.33,36167.92,7590.82,45661.3,5530.17,6413.48,11908.84,6616.36,4954.02,2859.87,8492.94,10371.59,7802.96,9077.75,16134.87,2977.09,3934.43,12778.97,6115.2,3287.1,7345.65,12456.16,12264.22,5070.64,9320.44,4937.54,6129.29,1937.03,15717.54,24989.42,3505.54,7460.41,1e+09,5323.5,7498.62,5516.02,5055.56,11773.43,5873.03,14564.56,5688.74,2284.95,1552.45,14176.81,2268.92,5979.12,6899.89,4892.02,4738.92,13542.4,17401.48
6569.02,30525.97,33326.16,30685.95,41935.9,9183.9,35103.36,6900.22,9199.38,14476.81,6664.57,4201.4,3881.19,4289.38,11321.4,14399.59,15599.02,8973.76,4196.34,4032.11,5128.57,5712.04,7261.71,11317.67,14877.92,15448.82,7134.61,3677.31,9105.13,7924.5,4754.2,8508.62,15334.28,4885.17,3996.02,5323.5,1e+09,3615.1,3772.54,4950.7,5464.43,3690.84,6682.68,4117.63,4764.22,4528.28,7508.82,4688.01,3590.44,4307.13,4692.56,6294.02,10423.92,10027.6
7470.09,29855.57,33809.36,31205.92,41576.74,10351.63,37245.95,6620.12,8407.99,14320.8,6317.33,4671.79,6122.07,3276.75,12784.72,17713.66,17103.26,6821.78,4139.93,3280.05,3379.61,4759.99,9334.96,11815.5,14976.64,15936.5,6118.14,2425.73,9189.84,7817.6,6400,11439.79,15604.2,4139.21,3355.17,7498.62,3615.1,1e+09,2600.15,3759.44,8439.84,2864.82,8436.77,2713.2,4671.94,5041.09,9543.73,3887.32,2545.42,6946.87,2318.72,12017.06,11720.85,14029.54
6150.17,26452,30480.81,28076.99,37962.62,8270.11,39094.5,6018.39,6461.54,11776.55,3822.96,5122.32,4166.09,3015.05,12541.2,15003.81,13508.05,10467.56,2682.33,3051.51,6429.87,2673.03,7257.02,9382.76,13490.84,12861.21,4397.33,2643.07,7011.82,6421,4640.8,12242.66,18573.8,3461.63,3464.92,5516.02,3772.54,2600.15,1e+09,3667.6,9205.25,2861.86,9655.36,2029.98,3285.65,3055.59,11011.93,2771.56,2334.11,7548.28,1533.32,9286.24,13049.18,14332.33
5552.62,28273,30999.32,31735.24,41082.8,9219.98,40182.04,7854.7,10817.58,14120.48,5692.26,4250.95,4238.24,3559.84,10379.72,12390.38,14802.27,10633.21,2718.02,3704.44,6625.52,2594.94,6296.45,12112.07,17011.6,15544.59,7074.51,4113.35,8329.12,9791.73,4985.24,15044.86,19788.11,3888.75,5259.59,5055.56,4950.7,3759.44,3667.6,1e+09,13212.03,4964.45,12642.47,2887.38,3518.98,5761.04,14485.15,3994.89,4664.39,5892.8,3043.14,9455.53,11590.08,15372.24
17878.92,42060.94,45859.5,35370.45,53405.72,9292.76,26036.59,7975.23,13811.15,18545.39,15931.38,13688.46,7652.76,13154.2,9032.92,29809.51,27404.31,4575.3,9504.6,8564.32,2955.62,16431.39,19777.04,14826.73,19351.3,19476.07,12676.63,8296.97,19385.58,10319.25,9322.39,2727.34,6151.63,15680.26,5944.49,11773.43,5464.43,8439.84,9205.25,13212.03,1e+09,5058.38,2604.21,10962.57,9729.98,7844.86,1379.15,12324.97,9742.97,3122.19,11910.52,6649.18,6269.31,5476.07
9584.42,32381.79,36260.32,30714.35,43726.57,8482.62,36205.7,6194.15,6740.85,12900.25,6932.98,5626.86,4728.41,4419.51,12455.33,21436.69,18648.26,6747.58,3623.65,3198.62,3398.31,6144.16,11482.54,9708.04,14227.94,14308.61,6085.14,4050.66,10530.96,6396.59,4118.27,8402.03,14551.98,6462.66,2024.68,5873.03,3690.84,2864.82,2861.86,4964.45,5058.38,1e+09,6102.64,2663.36,2988.07,2458.28,6609.41,4053.31,1316.41,4587.26,3566.41,8733.26,10035.49,11757.58
19291.1,43151.33,47069.64,36809.76,54766.63,9289.07,24069.5,9200.7,14538.24,19963.4,16808.16,14215.01,9749.95,13073.33,9539.34,30892.15,29619.39,4177.82,11243.38,9943.43,2807.62,15855.78,21794.39,16776.77,21183.1,21348.23,13746.02,9240.65,20613.85,11167.89,11550.53,2331.69,5325.87,16737.87,6625.79,14564.56,6682.68,8436.77,9655.36,12642.47,2604.21,6102.64,1e+09,11548.76,11386.57,9356.52,1974.5,13506.93,10218.67,4074.45,12344.11,8765.65,7167.64,4647.94
6354.43,27264.13,31000.33,28850.81,39094.15,9597.32,41142.54,6364.66,7729.15,11347.88,3964.74,4197.95,4663.39,2280.87,12413.79,14911.75,14607.56,11838.94,3480.36,2863.3,8444.64,2303.93,8311.02,9929.62,14118.35,13186.48,5311.28,2588.35,6554.58,8538.82,5313.33,14213.22,20174.45,3441.09,3570.23,5688.74,4117.63,2713.2,2029.98,2887.38,10962.57,2663.36,11548.76,1e+09,2836.92,3134.69,12808.37,2919.86,1975.39,7428.54,2047.58,11087.13,12879.13,15692.08
4852.67,26841.88,29487.43,28979.11,38020.56,8813.86,41880.58,6225.95,6165.83,10563.61,5287.33,4097.63,2234.02,5625.94,11654.96,13435.36,11586.95,12314.44,1381.22,2285.57,8454.16,6658.3,4824.39,6527.12,13167.2,12840.85,4042.72,5422.48,5981.41,6625.94,2749.68,13225.81,21296.67,3592.53,3464.54,2284.95,4764.22,4671.94,3285.65,3518.98,9729.98,2988.07,11386.57,2836.92,1e+09,1871.1,11947.5,2282.19,2591.55,6037.92,3009.17,6461.7,12053.91,14513.85
4860.36,27940.4,29842.18,27220.08,38729.67,7038.17,39713.97,5302.93,5586.33,10605.8,5936.73,5259.64,2876.19,5668.83,11571.64,13062.09,11756.46,10801.98,2276.19,2712.25,7189.92,6847.71,5067.82,6371.43,11404.31,11379.81,3994.86,5723.6,6908.73,5473.68,1496.02,11146.77,19241.41,4246.04,2760.25,1552.45,4528.28,5041.09,3055.59,5761.04,7844.86,2458.28,9356.52,3134.69,1871.1,1e+09,9692.18,2587.36,2817.26,5282.68,3581.97,5500.05,10974.47,13413.05
20282.3,43906.74,47785.27,37104.69,55251.52,8839.2,22846.84,8660.85,15656.95,20258.33,17591.32,16091.84,8587.55,14628.28,8444.34,32212.89,29621.83,3520.53,11671.7,10238.36,3309,17533.75,22180.42,17230.11,21179.76,21689.53,14522.43,9267.3,21788.96,11776.08,11571.01,2414.71,5414.11,17711.92,8307.45,14176.81,7508.82,9543.73,11011.93,14485.15,1379.15,6609.41,1974.5,12808.37,11947.5,9692.18,1e+09,14728.35,12028.25,3697.45,14128.04,7777.77,6838.79,4219.39
3186.27,24983.58,27822.39,26596.51,36256,10137.91,42735.26,6128.09,6604.76,10921.53,5012.3,3787.18,2586.81,4631.64,10282.77,11448.38,9752.09,13653.75,3165.24,2213.01,9311.34,4744.92,3019.09,8569.16,11234.39,13482.52,4453.29,4469.51,5254.67,6940.83,2252.47,15483.76,23276.59,1696.67,5572.62,2268.92,4688.01,3887.32,2771.56,3994.89,12324.97,4053.31,13506.93,2919.86,2282.19,2587.36,14728.35,1e+09,2809.98,7598.05,2453.38,8360.64,11430.52,15961.19
8496.11,31029.69,34911.79,31688.93,42378.04,11180.83,38407.8,6838.17,6347.41,13242.75,6863.81,4045.97,4899.09,3777.22,12501.22,19919.62,17473.21,9162.45,3169.9,2682.17,5207.37,5940.23,10394.23,9731.44,14786.85,14623.79,6151.11,3394.28,9008.95,6844.04,4220.77,12352.54,18371.03,5200.87,1602.61,5979.12,3590.44,2545.42,2334.11,4664.39,9742.97,1316.41,10218.67,1975.39,2591.55,2817.26,12028.25,2809.98,1e+09,5340.69,2364.49,9725.99,10163.93,12613.18
10078.22,34787.39,36482.23,34607.83,48639.72,9128.86,30247.07,7017.5,10222.74,17478.77,12511.52,7635.89,5218.36,9690.16,9199.02,18897.78,20235.51,6895.81,5265.94,6184.91,5081.35,9220.89,10610.32,11614.61,17695.27,17137.71,9485.42,9592.52,11664.77,9123.47,6169.67,4679.95,10876.81,10284.62,3946.7,6899.89,4307.13,6946.87,7548.28,5892.8,3122.19,4587.26,4074.45,7428.54,6037.92,5282.68,3697.45,7598.05,5340.69,1e+09,7394.48,4333.03,6486.42,6801.33
5403.37,25509.75,29525.15,27649.61,36996.72,10104.73,40978.33,6798.91,6750.76,11721.51,3490.21,4168,4243.48,2885.04,12152.05,14085.66,12518.05,11440.68,2312.86,2439.88,7434.32,2627.65,6683.49,9421.67,13463.9,13130.06,4039.97,3098.53,6652.96,7154.93,4240.44,14633.85,21371.72,3103.54,3856.88,4892.02,4692.56,2318.72,1533.32,3043.14,11910.52,3566.41,12344.11,2047.58,3009.17,3581.97,14128.04,2453.38,2364.49,7394.48,1e+09,10213.62,12951.54,15482.3
7839.02,28520.83,29920.9,31584.33,42298.28,5305.17,36899.05,5602.95,7305.88,14348.9,11269.49,8934.45,4108.59,13930.66,7803.16,11698.1,13894.44,11180.04,6247.94,8400.47,9323.79,11267.69,7257.7,9008.39,14136.13,12978.47,7834.21,12345.67,9141.45,6080.82,4672.46,9265.37,17525.33,10274.83,8102.69,4738.92,6294.02,12017.06,9286.24,9455.53,6649.18,8733.26,8765.65,11087.13,6461.7,5500.05,7777.77,8360.64,9725.99,4333.03,10213.62,1e+09,10262.29,12371.38
16103.23,42056.75,44479.56,42425.54,57600.88,12532.15,20590.2,11070.62,15373.67,23829.87,18829.84,12337.13,9896.62,14979.45,7939.59,27884.39,28782.94,7156.16,12458.8,11134.79,10946.89,16283.7,18606.52,17514.7,23419.91,23656.26,15543.52,14967.26,17984.38,15115.84,12357.85,5822.97,11037.8,14441.39,8605.37,13542.4,10423.92,11720.85,13049.18,11590.08,6269.31,10035.49,7167.64,12879.13,12053.91,10974.47,6838.79,11430.52,10163.93,6486.42,12951.54,10262.29,1e+09,4033.83
21745.36,48293.77,50417.48,42420.59,60057.4,12156.98,17423.67,13616.73,18131.5,25574.23,22299.71,16609.52,12761.61,18887.49,8235.36,33584.52,33406.11,3753.03,14474.16,14603.56,7280.67,21517.71,24248.65,19968.58,26290.18,25455.63,17911.83,15010.84,23544.33,16393.17,14890.83,4172.8,5918.3,20348.24,9405.32,17401.48,10027.6,14029.54,14332.33,15372.24,5476.07,11757.58,4647.94,15692.08,14513.85,13413.05,4219.39,15961.19,12613.18,6801.33,15482.3,12371.38,4033.83,1e+09
