1e+09,11263.2,5623.64,17100.05,24413.39,14938.76,30232.87,23323.91,11484.39,4922.04,2401.05,11978.25,15858.2,2699.18,21703.4,5346.45,4075.59,10088.12,15222.83,13881.15,19598.02,11249.7,11561.6,6224.1,8331.02,7692.69,6256,4104.94,4995.75,6917.6,8959.24,35548.39,35959.34,18510.67,9027.72,6975.76,9238.09,8771.14,13643.52,9834.67,22569.28,15114.18,18052.55,13272.44,16732.36,19680.69,28221.36,12146.6,7940.37,18356.03,10241.94,15605.62,22331.43,33797.7
11263.2,1e+09,4350.74,3522.54,7176.37,8419.43,39810.26,38886.76,25457.63,15273.64,12071.92,26319.86,34785.11,10574.76,33354.81,16679.56,7077.92,17903.02,31942.96,29471.7,35318.34,25937.73,27179.01,15238.6,8834.96,7180.39,7720.56,14998.73,16764.34,17113.65,22550.58,52289.6,53123.31,34150.27,20881.41,20418.96,20600.23,22758.94,28316.51,26040.26,37470.95,31001.6,30307.55,29656.05,32819.83,35591.7,43830.46,27685.76,21320.48,33753.06,24949.83,29070.17,33792.8,47690.96
5623.64,4350.74,1e+09,8335.87,13597.02,9276.4,34917.38,32283.16,20564.75,10891.16,5457.99,20588.84,28713.04,4623.93,28461.93,10623.86,3798.15,12723.71,25965.95,23727.84,29656.95,19365.95,20124.24,10631.38,6674.13,4790.11,4926.89,9729.52,11527.3,12374.71,17657.7,46279.2,47221.76,27860.49,15770.07,15419.28,15751.3,17866.06,21980.43,19492.14,32578.07,25211.42,25414.67,23206.15,26809.43,30154.45,38720.03,21954.74,16427.6,28860.18,19003.63,24177.29,28891.81,42417.62
17100.05,3522.54,8335.87,1e+09,6004.88,5712.59,36175.84,40772.94,26180.23,18912.68,17464.28,32501.99,39883.71,16297.8,30233.75,23312.38,11284.4,18741.82,32688.7,31364.39,32141.06,33187.77,33808.8,16448.39,9507.75,8058.08,10431.31,21096.36,23629.35,19904.78,25890.4,50488.38,52773.54,37622.44,22056.15,24220.82,21025.73,27315.08,31889.8,31878.78,32635.17,32210.06,27879.47,35748.31,38888.55,32937.72,38994.68,35092.04,26414.08,30409.5,30080.9,28563.79,32644.48,42855.18
24413.39,7176.37,13597.02,6004.88,1e+09,10463.03,55187.48,57483.48,40834.85,28842.55,25827.7,42891.17,53754.19,24290.96,48732.03,32372.11,16852.88,31175.25,47365.92,45152.49,50695.56,43282.11,43457.83,26688.76,14454.85,14729.38,16139.03,30579.69,32293.12,32101.1,37927.8,70701.38,72986.54,51281.76,36288.03,35825.58,36275.77,38136.16,44115.64,41446.88,52848.17,46434.92,45684.77,48542.41,52142.69,50968.92,59207.68,44883.67,36697.7,49130.28,40331.01,44447.39,49170.02,63068.18
14938.76,8419.43,9276.4,5712.59,10463.03,1e+09,21791.66,29559.34,19479.98,13340.45,14704.06,24896.94,30433.46,14563.67,18729.81,21795.47,11908.92,10979.47,24554.37,23116.22,23210.4,26471.38,27556.87,12008.15,6797.26,6496.99,7951.81,16936.27,19648.96,14533.22,19636.97,35227.97,36929.72,30145.15,16648.36,19256.37,15760.18,20926.71,23321.41,25647.75,22646.94,23886.09,17871.88,27566.5,29442.72,24615.8,26012.92,27753.65,20140.75,21390.98,23092.99,19441.98,19440.63,27099.47
30232.87,39810.26,34917.38,36175.84,55187.48,21791.66,1e+09,16331.11,20302.47,16419.49,26871.12,20390.07,19363.25,29600.18,9092.15,31970.84,34419.56,8238.18,22459.46,17801.42,17016.84,24147.39,26519.07,22476.9,23561.27,27556.84,23289.16,21067.41,24810.34,17196.36,21086.72,11109.7,10815.6,21221.02,21709.57,25173.33,20093.36,21107.96,18578.49,27231.7,15906.96,20538.6,12619,19856.9,21275.19,20291.22,11973.79,22859.61,20235.45,17250.62,20767.33,15161.18,6959.3,6451.51
23323.91,38886.76,32283.16,40772.94,57483.48,29559.34,16331.11,1e+09,6984.59,14580.5,19420.52,6707.51,4942.49,20255.6,9238.86,18146.38,28332.68,16385.92,7296.54,6135.07,5207.22,7792.21,8367.34,15004.8,24650.01,25921.54,24918.32,13128.01,14984,14314.5,12080.11,6843.57,7818.69,3856.43,10586.41,8824.06,9756.33,9940.96,7724.1,11066.03,5885.95,6649.41,8526.49,4312.14,4138.05,4827.84,4173.3,6710.56,10572.75,5363.54,9909.09,9402,11373.57,6905.47
11484.39,25457.63,20564.75,26180.23,40834.85,19479.98,20302.47,6984.59,1e+09,4842.63,11844.39,3343.36,4442.62,12926.27,8006.78,12525.57,17175.91,7232.62,2256.92,3737.94,2746.67,5658.48,5932.38,4410.83,10169.47,11664.25,10671.61,6135.25,6633.61,4485.18,2795.51,14160.92,15388.52,5143.83,2583.46,2956.08,4054.35,2562.77,2731.91,4973.4,5118.91,2182.37,4369.44,4208.01,3639.72,3404.94,9294.46,4197.12,2616.1,3294,3686.64,4673.66,9794.87,14610.09
4922.04,15273.64,10891.16,18912.68,28842.55,13340.45,16419.49,14580.5,4842.63,1e+09,5116.06,6019.97,9557.9,6172.35,7488.86,7798.81,8191.47,4274.23,7525.24,6783.4,9746.21,6975.86,7614.37,3204.76,5850.37,7523.62,5829.63,3227.08,4139.91,2012.64,4308.36,22763.05,22830.66,11847.2,4008.61,4909.01,5765.56,4772.83,5595.02,6708.63,10652.42,6683.42,5709.72,6182.03,8168.34,10745.18,17011.93,7024.44,3693.47,8270.53,4242.13,4709.94,9324.78,20872.43
2401.05,12071.92,5457.99,17464.28,25827.7,14704.06,26871.12,19420.52,11844.39,5116.06,1e+09,10216.38,14738.74,2370.37,20250.7,3976.75,4908.36,8834.6,15028.82,12891,18471.88,8588.5,9378.1,8061.93,8713.78,8272.29,6202.99,3515.84,3737.23,7028.71,9267.52,33722.01,34275.98,16064.27,8845.79,6782.79,9308.31,8479.59,11573.43,9012.96,22996.67,14940.41,17251.27,11098,14003.05,19505.01,28179.53,10432.79,8366.31,18618.3,8672.01,15372.63,20264.79,32744.65
11978.25,26319.86,20588.84,32501.99,42891.17,24896.94,20390.07,6707.51,3343.36,6019.97,10216.38,1e+09,3955.61,10768.29,9603,9813.7,16874.53,9884.08,2591.42,3116.51,3773.18,3136.7,3470.73,7048.67,13997.73,15373.12,13578.68,4259.13,5160.72,5977.24,3610.34,17411.82,18284.93,4550.82,3887.45,4096.88,4194.78,2775.14,2196.95,3238.65,7515.86,2551.79,7365.68,3156.38,3585.88,5068.16,12119.84,1865.28,2698.6,4480.7,2271.07,5883.49,10974.72,18163.22
15858.2,34785.11,28713.04,39883.71,53754.19,30433.46,19363.25,4942.49,4442.62,9557.9,14738.74,3955.61,1e+09,17361.11,7242.79,12686.62,22952.09,13065.03,2704.35,4407.43,3824.19,4991.63,4132.97,10227.88,20277.77,21905.68,19158.96,7669.87,8034.89,8468.14,5435.81,9053.73,10503.07,4817.2,6832.99,5671.29,6939.28,5573.61,4640.39,4489.74,5642.23,3040.46,6717.65,4430.35,3288.91,4188.88,6643.59,2802.48,5232.04,4662.38,4356.47,4030.83,9960.2,11012.7
2699.18,10574.76,4623.93,16297.8,24290.96,14563.67,29600.18,20255.6,12926.27,6172.35,2370.37,10768.29,17361.11,1e+09,21797.02,4881.94,3818.64,9761.15,16574.14,14344.96,20693.27,9168.05,10454.74,8421.65,8974.47,7391.23,6152.62,4433.59,4197.33,7341.02,10054.58,34945.7,35451.05,16898.81,8941,7805.1,10025.21,10108.9,12315.83,10153.27,24773.8,16234.09,18549.13,12050.14,14921.61,21385.8,30268.8,11588.15,8915.85,20890.79,10054.99,16872.17,22478.43,34670.96
21703.4,33354.81,28461.93,30233.75,48732.03,18729.81,9092.15,9238.86,8006.78,7488.86,20250.7,9603,7242.79,21797.02,1e+09,24444.57,26921.95,5319.02,8917.39,6857.13,4251.95,15176.38,14564.36,10797.51,15851.66,18574.16,16037.35,13491.86,16125.6,6454.82,8976.47,9477.48,8647.85,11474.63,9291,11061.03,7833.35,10278.78,7216.94,13373.01,3702.83,7403.65,2804.14,9786.49,9106.87,7533.17,6072.91,13105.03,9068.73,5292.67,9845.21,3249.26,4521.7,6116.52
5346.45,16679.56,10623.86,23312.38,32372.11,21795.47,31970.84,18146.38,12525.57,7798.81,3976.75,9813.7,12686.62,4881.94,24444.57,1e+09,6565.25,14840.97,13074.49,11842.97,17825.11,7322.61,6612.95,11599.21,14191.05,13715.54,11934.68,5553.25,2885.74,12481.85,9864.59,32713.85,34587.42,14376.2,11877.82,7262.53,12929.77,9163.59,10998.98,6250.08,22610.19,13951.18,20272.71,10053.04,14405.78,18601.85,27546.79,9460.26,9116.76,17901.58,8889.37,17204.31,24217.58,34785.71
4075.59,7077.92,3798.15,11284.4,16852.88,11908.92,34419.56,28332.68,17175.91,8191.47,4908.36,16874.53,22952.09,3818.64,26921.95,6565.25,1e+09,12868.18,21906.44,20060.27,25951.3,16255.13,16498.54,9209.79,7661.13,6201.27,4594.37,7364.72,8142.66,11217.53,14164.44,41890,42581.62,23829.96,13566.79,11817.74,13954.93,14072.2,19355.06,15010.76,28631.49,21522.68,23543.56,18771.13,22389.89,26081.54,34519.38,17390.17,13081.57,24583.36,15701.89,21229.01,27483.55,39793.34
10088.12,17903.02,12723.71,18741.82,31175.25,10979.47,8238.18,16385.92,7232.62,4274.23,8834.6,9884.08,13065.03,9761.15,5319.02,14840.97,12868.18,1e+09,10884.21,9122.4,9419.58,13607.58,14313.6,6068.96,7553.27,8762.43,6616.66,7508.78,9659.12,3699.36,7470.52,21034.73,19089.47,16734.53,6634.25,8281.84,6862.61,8009.83,8979.69,12100.84,9732.44,9697.97,5329.15,11161.37,12522.39,11960.42,12442.85,12644.75,6648.63,9711.5,8716.17,6160.37,5197.23,11875.29
15222.83,31942.96,25965.95,32688.7,47365.92,24554.37,22459.46,7296.54,2256.92,7525.24,15028.82,2591.42,2704.35,16574.14,8917.39,13074.49,21906.44,10884.21,1e+09,3981.74,3036.99,5207.84,4096.1,6862.04,16007.46,16258.87,15554.05,7452.25,7455.52,6399.13,3566.1,13834.44,14670.6,5146.07,3764.28,3775.36,4060.41,2952.54,2349.74,3725.14,4933.64,974.01,5917.99,3552.31,2703.57,2826.99,9280.47,2732.77,3105.74,3011.55,3257.37,5014.85,10915.19,15267.9
13881.15,29471.7,23727.84,31364.39,45152.49,23116.22,17801.42,6135.07,3737.94,6783.4,12891,3116.51,4407.43,14344.96,6857.13,11842.97,20060.27,9122.4,3981.74,1e+09,3800.86,4956.02,4935.69,7287.43,14596.54,15827.48,14097.94,6184.15,6967.56,6153.31,4791.79,14083.55,14366.84,5549.18,4639.78,4836.06,4074.11,4013.11,3470.55,4435.89,6033.51,3467.45,5352.49,4763.74,4700.77,4025.49,8622.05,3648.55,3886.26,3479.17,3823.48,4556.56,9607.65,13220.03
19598.02,35318.34,29656.95,32141.06,50695.56,23210.4,17016.84,5207.22,2746.67,9746.21,18471.88,3773.18,3824.19,20693.27,4251.95,17825.11,25951.3,9419.58,3036.99,3800.86,1e+09,6522.51,7124.56,8225.31,16672.19,18347.92,17856.38,10459.31,11221.84,8298.22,7172.77,8136.27,8322.6,5799.57,4793.07,6504.47,5105.16,5597.58,3793.15,7549.73,2028.21,2990.34,3041.61,4996.03,4439.38,3602.59,4430.26,4878.82,5704.16,3648.55,6105.83,4635.63,9261.59,8344.6
11249.7,25937.73,19365.95,33187.77,43282.11,26471.38,24147.39,7792.21,5658.48,6975.86,8588.5,3136.7,4991.63,9168.05,15176.38,7322.61,16255.13,13607.58,5207.84,4956.02,6522.51,1e+09,2527.97,10137.48,16392.05,18857.62,15853.41,4602.94,5150.37,9242.58,5986.43,19309.31,21093.31,4888.72,6924.42,4231.91,6064.55,4755.73,3705.79,3289.44,10159.14,5839.49,11447.73,3265.59,5099.49,8314.28,14867.98,2592.61,5196.92,7024.28,3734.81,10089,15521.8,22641.66
11561.6,27179.01,20124.24,33808.8,43457.83,27556.87,26519.07,8367.34,5932.38,7614.37,9378.1,3470.73,4132.97,10454.74,14564.36,6612.95,16498.54,14313.6,4096.1,4935.69,7124.56,2527.97,1e+09,9426.09,17131.58,17920.1,15866.41,5112.41,4877.21,9612.07,4764.76,18025.96,19888.48,5444.22,6259.69,3955.03,5645.36,4479.55,4474.82,2813.63,8323.3,4720.5,11501.83,4504.73,6324.18,6700.67,12561.9,2309.87,5226.68,5782.62,4196.89,8638.54,17001.23,20874.03
6224.1,15238.6,10631.38,16448.39,26688.76,12008.15,22476.9,15004.8,4410.83,3204.76,8061.93,7048.67,10227.88,8421.65,10797.51,11599.21,9209.79,6068.96,6862.04,7287.43,8225.31,10137.48,9426.09,1e+09,5009.39,4487.24,4922.13,5817.13,7042.93,3628.53,4465.52,24004.98,24739.21,12011.01,3566,4993.88,4694.87,4837.61,6956.04,7127.62,10572.13,6571.73,7577.67,8836.53,9936.66,8660.83,15988.4,8916.87,4274.82,7287.85,6213.82,7003.74,12182.34,21193.2
8331.02,8834.96,6674.13,9507.75,14454.85,6797.26,23561.27,24650.01,10169.47,5850.37,8713.78,13997.73,20277.77,8974.47,15851.66,14191.05,7661.13,7553.27,16007.46,14596.54,16672.19,16392.05,17131.58,5009.39,1e+09,3855.24,2663.78,8702.64,10133.13,7029.97,9738.77,34077.39,34466.68,21108.22,8545.36,10087.84,9507.38,11058.16,14361.26,15019.83,17650.34,15459.6,12817.74,17269.14,19537.22,16773.96,23774.04,16167.1,9907.3,14908.16,12775.42,12522.18,17538.34,28069.32
7692.69,7180.39,4790.11,8058.08,14729.38,6496.99,27556.84,25921.54,11664.25,7523.62,8272.29,15373.12,21905.68,7391.23,18574.16,13715.54,6201.27,8762.43,16258.87,15827.48,18347.92,18857.62,17920.1,4487.24,3855.24,1e+09,4192.88,9414.22,11188.28,7800.8,11015.16,35671.42,37515.95,21832.81,8415.53,9754.17,8634.56,11504.86,15015.52,15066.13,20319.17,15614.86,15284.34,19177.66,20887.36,18256.42,26050.91,18255.17,10394.72,16735.52,14203.99,15473.42,20169.28,30528.85
6256,7720.56,4926.89,10431.31,16139.03,7951.81,23289.16,24918.32,10671.61,5829.63,6202.99,13578.68,19158.96,6152.62,16037.35,11934.68,4594.37,6616.66,15554.05,14097.94,17856.38,15853.41,15866.41,4922.13,2663.78,4192.88,1e+09,6766.57,8454.19,6579.29,8883.52,35137.09,35051.36,20515.05,7908.94,9251.73,7970.45,10124.09,13831.49,12980.69,19415.06,14735.24,13374.83,16558.63,18925.87,17795.85,25774.57,15451.13,9057.44,15893.77,12226.52,13108.61,17552.15,29538.92
4104.94,14998.73,9729.52,21096.36,30579.69,16936.27,21067.41,13128.01,6135.25,3227.08,3515.84,4259.13,7669.87,4433.59,13491.86,5553.25,7364.72,7508.78,7452.25,6184.15,10459.31,4602.94,5112.41,5817.13,8702.64,9414.22,6766.57,1e+09,3116.48,4874,4071.16,26063.75,26841.47,9343.82,5257.43,3885.59,5835.28,2920.47,4798.82,3985.01,16264.08,7409.49,10623.2,5900.93,7923.32,11672.56,20564.96,5156.77,3130.63,11555.47,3148.47,8931.32,13764.06,25286.62
4995.75,16764.34,11527.3,23629.35,32293.12,19648.96,24810.34,14984,6633.61,4139.91,3737.23,5160.72,8034.89,4197.33,16125.6,2885.74,8142.66,9659.12,7455.52,6967.56,11221.84,5150.37,4877.21,7042.93,10133.13,11188.28,8454.19,3116.48,1e+09,6336.57,4373.69,27028.22,27956.48,10587.53,5201.47,2962.63,7455.78,4499.31,6077.65,3857.19,16297.35,7907.34,12693.87,6537.82,9532.77,12159.51,21014.31,5654.6,3199.06,11588.74,4015.57,10481.09,16447.19,27132.02
6917.6,17113.65,12374.71,19904.78,32101.1,14533.22,17196.36,14314.5,4485.18,2012.64,7028.71,5977.24,8468.14,7341.02,6454.82,12481.85,11217.53,3699.36,6399.13,6153.31,8298.22,9242.58,9612.07,3628.53,7029.97,7800.8,6579.29,4874,6336.57,1e+09,3659.37,20773.16,20910.38,12078.33,4303.5,4326.05,4129.42,4613.83,5123.92,7541.8,8737.53,5292.67,4440.93,7339.38,8476,9068,15097.04,8009.7,3152.91,6573.41,4835.71,3386.79,8293.06,18957.54
8959.24,22550.58,17657.7,25890.4,37927.8,19636.97,21086.72,12080.11,2795.51,4308.36,9267.52,3610.34,5435.81,10054.58,8976.47,9864.59,14164.44,7470.52,3566.1,4791.79,7172.77,5986.43,4764.76,4465.52,9738.77,11015.16,8883.52,4071.16,4373.69,3659.37,1e+09,19008.63,19605.01,8869.83,2969.04,2743.59,4581.07,1809.84,2934.11,3462.64,9052.93,3794.64,6036.38,4413.38,5453.63,6717.05,14637.52,4506.72,1644.26,5490.43,2699.66,4454.21,10663.28,19704.87
35548.39,52289.6,46279.2,50488.38,70701.38,35227.97,11109.7,6843.57,14160.92,22763.05,33722.01,17411.82,9053.73,34945.7,9477.48,32713.85,41890,21034.73,13834.44,14083.55,8136.27,19309.31,18025.96,24004.98,34077.39,35671.42,35137.09,26063.75,27028.22,20773.16,19008.63,1e+09,2605.73,11216.33,18490.27,17378.44,14956.72,19351.47,15324.94,19520.36,7684.13,14099.31,10086.8,14840.73,11840.81,9141.64,5025.6,16628.71,20175.41,8939.8,19735.83,12751.76,11981.36,5740.17
35959.34,53123.31,47221.76,52773.54,72986.54,36929.72,10815.6,7818.69,15388.52,22830.66,34275.98,18284.93,10503.07,35451.05,8647.85,34587.42,42581.62,19089.47,14670.6,14366.84,8322.6,21093.31,19888.48,24739.21,34466.68,37515.95,35051.36,26841.47,27956.48,20910.38,19605.01,2605.73,1e+09,12683.65,19629.06,19419.27,15874.58,20531.2,16006.39,20974.38,7188.13,14755.6,10083.71,15966.48,13147.4,10986.39,4632.91,18332.62,21252.48,10342.66,20578.03,12170.23,11562.49,3877.33
18510.67,34150.27,27860.49,37622.44,51281.76,30145.15,21221.02,3856.43,5143.83,11847.2,16064.27,4550.82,4817.2,16898.81,11474.63,14376.2,23829.96,16734.53,5146.07,5549.18,5799.57,4888.72,5444.22,12011.01,21108.22,21832.81,20515.05,9343.82,10587.53,12078.33,8869.83,11216.33,12683.65,1e+09,8233.82,5830.77,7564.31,6465.72,6083.13,7319.32,6211.37,4992.07,10880.27,3522.73,3896.62,4993.84,7449.75,3560.02,7583.53,4457.87,7119.6,8579.86,13378.29,13458.1
9027.72,20881.41,15770.07,22056.15,36288.03,16648.36,21709.57,10586.41,2583.46,4008.61,8845.79,3887.45,6832.99,8941,9291,11877.82,13566.79,6634.25,3764.28,4639.78,4793.07,6924.42,6259.69,3566,8545.36,8415.53,7908.94,5257.43,5201.47,4303.5,2969.04,18490.27,19629.06,8233.82,1e+09,3359.35,2948.99,3109.95,4451.88,5184.19,6715.74,3733.47,6205.85,5849.39,6820.05,5483.75,11713.25,5498.78,2482.78,4328.39,4543.08,5497.67,11431.1,17633.75
6975.76,20418.96,15419.28,24220.82,35825.58,19256.37,25173.33,8824.06,2956.08,4909.01,6782.79,4096.88,5671.29,7805.1,11061.03,7262.53,11817.74,8281.84,3775.36,4836.06,6504.47,4231.91,3955.03,4993.88,10087.84,9754.17,9251.73,3885.59,2962.63,4326.05,2743.59,17378.44,19419.27,5830.77,3359.35,1e+09,4547.09,2844.83,4060.73,2790.41,6985.82,4177.97,8097.17,5626.76,5777.08,5513.05,11100.72,4270.31,3098.21,4856.17,3878.7,5146.08,13707.44,18730.25
9238.09,20600.23,15751.3,21025.73,36275.77,15760.18,20093.36,9756.33,4054.35,5765.56,9308.31,4194.78,6939.28,10025.21,7833.35,12929.77,13954.93,6862.61,4060.41,4074.11,5105.16,6064.55,5645.36,4694.87,9507.38,8634.56,7970.45,5835.28,7455.78,4129.42,4581.07,14956.72,15874.58,7564.31,2948.99,4547.09,1e+09,4797.75,3996.57,5962.98,5135.22,3739.86,5781.6,5646.55,6320.47,5249.51,10053.5,5025.1,5064.17,4052.58,5641.29,4631.18,11135.99,15621.85
8771.14,22758.94,17866.06,27315.08,38136.16,20926.71,21107.96,9940.96,2562.77,4772.83,8479.59,2775.14,5573.61,10108.9,10278.78,9163.59,14072.2,8009.83,2952.54,4013.11,5597.58,4755.73,4479.55,4837.61,11058.16,11504.86,10124.09,2920.47,4499.31,4613.83,1809.84,19351.47,20531.2,6465.72,3109.95,2844.83,4797.75,1e+09,2486.01,3171.4,10104.49,3518.41,7420.65,4290.73,4966.82,6435.37,14460.56,3779.19,1778.75,6113.6,2373.38,6286.27,11381.83,19978.22
13643.52,28316.51,21980.43,31889.8,44115.64,23321.41,18578.49,7724.1,2731.91,5595.02,11573.43,2196.95,4640.39,12315.83,7216.94,10998.98,19355.06,8979.69,2349.74,3470.55,3793.15,3705.79,4474.82,6956.04,14361.26,15015.52,13831.49,4798.82,6077.65,5123.92,2934.11,15324.94,16006.39,6083.13,4451.88,4060.73,3996.57,2486.01,1e+09,3292.01,8737.61,2414.6,4908.64,2165.46,2922.14,4631.44,12140.47,3979.75,2627.91,5291.24,2221.33,4197.43,9161.54,16517.15
9834.67,26040.26,19492.14,31878.78,41446.88,25647.75,27231.7,11066.03,4973.4,6708.63,9012.96,3238.65,4489.74,10153.27,13373.01,6250.08,15010.76,12100.84,3725.14,4435.89,7549.73,3289.44,2813.63,7127.62,15019.83,15066.13,12980.69,3985.01,3857.19,7541.8,3462.64,19520.36,20974.38,7319.32,5184.19,2790.41,5962.98,3171.4,3292.01,1e+09,10733.39,4472.53,10420.44,4344.62,5667.87,7183.55,15466.52,3662.21,3299.42,6576.45,3320.2,7526.3,15739.32,22443.04
22569.28,37470.95,32578.07,32635.17,52848.17,22646.94,15906.96,5885.95,5118.91,10652.42,22996.67,7515.86,5642.23,24773.8,3702.83,22610.19,28631.49,9732.44,4933.64,6033.51,2028.21,10159.14,8323.3,10572.13,17650.34,20319.17,19415.06,16264.08,16297.35,8737.53,9052.93,7684.13,7188.13,6211.37,6715.74,6985.82,5135.22,10104.49,8737.61,10733.39,1e+09,5082.92,3707.33,8784.91,6806.49,4157.69,3400.22,7420.38,12043.43,2752.49,12852.88,3544.36,11166.95,6920.85
15114.18,31001.6,25211.42,32210.06,46434.92,23886.09,20538.6,6649.41,2182.37,6683.42,14940.41,2551.79,3040.46,16234.09,7403.65,13951.18,21522.68,9697.97,974.01,3467.45,2990.34,5839.49,4720.5,6571.73,15459.6,15614.86,14735.24,7409.49,7907.34,5292.67,3794.64,14099.31,14755.6,4992.07,3733.47,4177.97,3739.86,3518.41,2414.6,4472.53,5082.92,1e+09,4941.38,3234.85,2485.11,2432.84,9038.21,3498.56,2945.61,2374.68,3325.4,4509.64,9382.78,14506.52
18052.55,30307.55,25414.67,27879.47,45684.77,17871.88,12619,8526.49,4369.44,5709.72,17251.27,7365.68,6717.65,18549.13,2804.14,20272.71,23543.56,5329.15,5917.99,5352.49,3041.61,11447.73,11501.83,7577.67,12817.74,15284.34,13374.83,10623.2,12693.87,4440.93,6036.38,10086.8,10083.71,10880.27,6205.85,8097.17,5781.6,7420.65,4908.64,10420.44,3707.33,4941.38,1e+09,7372.85,7155.37,5674.69,6175.35,10025.32,6452.4,3849.54,7353.73,2139.66,5257.17,8153.85
13272.44,29656.05,23206.15,35748.31,48542.41,27566.5,19856.9,4312.14,4208.01,6182.03,11098,3156.38,4430.35,12050.14,9786.49,10053.04,18771.13,11161.37,3552.31,4763.74,4996.03,3265.59,4504.73,8836.53,17269.14,19177.66,16558.63,5900.93,6537.82,7339.38,4413.38,14840.73,15966.48,3522.73,5849.39,5626.76,5646.55,4290.73,2165.46,4344.62,8784.91,3234.85,7372.85,1e+09,1235.95,3967.56,10644.27,3579.36,4125.18,5573.98,2865.74,6521.93,11109.15,16633.1
16732.36,32819.83,26809.43,38888.55,52142.69,29442.72,21275.19,4138.05,3639.72,8168.34,14003.05,3585.88,3288.91,14921.61,9106.87,14405.78,22389.89,12522.39,2703.57,4700.77,4439.38,5099.49,6324.18,9936.66,19537.22,20887.36,18925.87,7923.32,9532.77,8476,5453.63,11840.81,13147.4,3896.62,6820.05,5777.08,6320.47,4966.82,2922.14,5667.87,6806.49,2485.11,7155.37,1235.95,1e+09,2826.11,7963.8,4434.9,5107.4,4019.85,3793.74,6212.84,11052.85,13655.43
19680.69,35591.7,30154.45,32937.72,50968.92,24615.8,20291.22,4827.84,3404.94,10745.18,19505.01,5068.16,4188.88,21385.8,7533.17,18601.85,26081.54,11960.42,2826.99,4025.49,3602.59,8314.28,6700.67,8660.83,16773.96,18256.42,17795.85,11672.56,12159.51,9068,6717.05,9141.64,10986.39,4993.84,5483.75,5513.05,5249.51,6435.37,4631.44,7183.55,4157.69,2432.84,5674.69,3967.56,2826.11,1e+09,5393.14,6126.27,6847.89,2235.55,7260.75,5044.1,11687.37,10101
28221.36,43830.46,38720.03,38994.68,59207.68,26012.92,11973.79,4173.3,9294.46,17011.93,28179.53,12119.84,6643.59,30268.8,6072.91,27546.79,34519.38,12442.85,9280.47,8622.05,4430.26,14867.98,12561.9,15988.4,23774.04,26050.91,25774.57,20564.96,21014.31,15097.04,14637.52,5025.6,4632.91,7449.75,11713.25,11100.72,10053.5,14460.56,12140.47,15466.52,3400.22,9038.21,6175.35,10644.27,7963.8,5393.14,1e+09,11761.86,15757.13,4266.66,16371.03,7489.14,8955.4,3703.32
12146.6,27685.76,21954.74,35092.04,44883.67,27753.65,22859.61,6710.56,4197.12,7024.44,10432.79,1865.28,2802.48,11588.15,13105.03,9460.26,17390.17,12644.75,2732.77,3648.55,4878.82,2592.61,2309.87,8916.87,16167.1,18255.17,15451.13,5156.77,5654.6,8009.7,4506.72,16628.71,18332.62,3560.02,5498.78,4270.31,5025.1,3779.19,3979.75,3662.21,7420.38,3498.56,10025.32,3579.36,4434.9,6126.27,11761.86,1e+09,3290.38,5375.82,2999.33,8500.33,13815.08,19728.95
7940.37,21320.48,16427.6,26414.08,36697.7,20140.75,20235.45,10572.75,2616.1,3693.47,8366.31,2698.6,5232.04,8915.85,9068.73,9116.76,13081.57,6648.63,3105.74,3886.26,5704.16,5196.92,5226.68,4274.82,9907.3,10394.72,9057.44,3130.63,3199.06,3152.91,1644.26,20175.41,21252.48,7583.53,2482.78,3098.21,5064.17,1778.75,2627.91,3299.42,12043.43,2945.61,6452.4,4125.18,5107.4,6847.89,15757.13,3290.38,1e+09,7169.7,1645.76,5007.95,10134.79,20459.6
18356.03,33753.06,28860.18,30409.5,49130.28,21390.98,17250.62,5363.54,3294,8270.53,18618.3,4480.7,4662.38,20890.79,5292.67,17901.58,24583.36,9711.5,3011.55,3479.17,3648.55,7024.28,5782.62,7287.85,14908.16,16735.52,15893.77,11555.47,11588.74,6573.41,5490.43,8939.8,10342.66,4457.87,4328.39,4856.17,4052.58,6113.6,5291.24,6576.45,2752.49,2374.68,3849.54,5573.98,4019.85,2235.55,4266.66,5375.82,7169.7,1e+09,7979.15,2679.68,8063.36,8667.04
10241.94,24949.83,19003.63,30080.9,40331.01,23092.99,20767.33,9909.09,3686.64,4242.13,8672.01,2271.07,4356.47,10054.99,9845.21,8889.37,15701.89,8716.17,3257.37,3823.48,6105.83,3734.81,4196.89,6213.82,12775.42,14203.99,12226.52,3148.47,4015.57,4835.71,2699.66,19735.83,20578.03,7119.6,4543.08,3878.7,5641.29,2373.38,2221.33,3320.2,12852.88,3325.4,7353.73,2865.74,3793.74,7260.75,16371.03,2999.33,1645.76,7979.15,1e+09,5732.85,10968.37,21108.37
15605.62,29070.17,24177.29,28563.79,44447.39,19441.98,15161.18,9402,4673.66,4709.94,15372.63,5883.49,4030.83,16872.17,3249.26,17204.31,21229.01,6160.37,5014.85,4556.56,4635.63,10089,8638.54,7003.74,12522.18,15473.42,13108.61,8931.32,10481.09,3386.79,4454.21,12751.76,12170.23,8579.86,5497.67,5146.08,4631.18,6286.27,4197.43,7526.3,3544.36,4509.64,2139.66,6521.93,6212.84,5044.1,7489.14,8500.33,5007.95,2679.68,5732.85,1e+09,6700.73,11390.74
22331.43,33792.8,28891.81,32644.48,49170.02,19440.63,6959.3,11373.57,9794.87,9324.78,20264.79,10974.72,9960.2,22478.43,4521.7,24217.58,27483.55,5197.23,10915.19,9607.65,9261.59,15521.8,17001.23,12182.34,17538.34,20169.28,17552.15,13764.06,16447.19,8293.06,10663.28,11981.36,11562.49,13378.29,11431.1,13707.44,11135.99,11381.83,9161.54,15739.32,11166.95,9382.78,5257.17,11109.15,11052.85,11687.37,8955.4,13815.08,10134.79,8063.36,10968.37,6700.73,1e+09,7384.65
33797.7,47690.96,42417.62,42855.18,63068.18,27099.47,6451.51,6905.47,14610.09,20872.43,32744.65,18163.22,11012.7,34670.96,6116.52,34785.71,39793.34,11875.29,15267.9,13220.03,8344.6,22641.66,20874.03,21193.2,28069.32,30528.85,29538.92,25286.62,27132.02,18957.54,19704.87,5740.17,3877.33,13458.1,17633.75,18730.25,15621.85,19978.22,16517.15,22443.04,6920.85,14506.52,8153.85,16633.1,13655.43,10101,3703.32,19728.95,20459.6,8667.04,21108.37,11390.74,7384.65,1e+09
