1e+09,14818.95,15700.83,18083.26,23356,46477.68,79583.69,27418.04,27492.6,22272.67,34458.2,39280.25,35259.84,43161.62,27786.09,19576.02,22192.91,43015.7,36057.21,32639.48,43841.96,32519.87,25147.19,15939.61,16050.05,16166.25,32423.99,48099.31,30544.37,24101.43,33910.15,62532.53,70329.45,37904.05,59823.4,32620.17,44962.11,46961.71,44756.84,50249.17,53646.55,42010.57,43245.64,37321.48,34519.32,39830.62,47593.62,33007.22,41240.93,40399.25,44460.28,34744.69,48967.21,62685
14818.95,1e+09,7985.3,11155.32,18003.41,83490.65,121990.04,48490.33,48290.79,30587.69,75458.1,80472.75,74800.39,85213.69,61081.11,36054.44,32782.27,81267.33,77383.66,72973.91,86184.58,71830.17,47451.69,28647.83,20919.01,18597.04,63615.21,90787.26,58967.12,41286.01,71482.59,106138.28,113878.2,78891.55,104766.4,70234.79,86984.7,89919.13,87930.99,93748.44,96196.27,84407.3,84935.13,79596.98,75135.99,81701.65,89208.24,72519.22,83924.5,82114.05,88348,73640.56,93094.02,106687.11
15700.83,7985.3,1e+09,6135.21,10918.3,93447.76,131450.63,57950.92,57751.38,35499.58,84918.69,89933.34,84260.98,95170.8,70541.7,42616.97,39869.6,90727.92,86844.25,82434.5,95645.17,81290.76,56912.28,35210.36,25779.63,25755.44,73075.8,100247.85,68427.71,50220.22,80943.18,115598.87,123338.79,88352.14,114226.99,79695.38,96445.29,99379.72,97888.1,103209.03,105656.86,93867.89,94395.72,89057.57,84596.58,91162.24,98668.83,81979.81,93385.09,91574.64,97808.59,83101.15,102554.61,116147.7
18083.26,11155.32,6135.21,1e+09,7415.21,98564.44,135471.92,61972.21,61772.67,40330.43,88939.98,93954.63,88282.27,100287.48,74562.99,47288.9,44324.65,94749.21,90865.54,86455.79,99666.46,85312.05,60933.57,39882.29,31740.2,31162.81,77097.09,104269.14,72449,54241.51,84964.47,119620.16,127360.08,92373.43,118248.28,83716.67,100466.58,103401.01,102508.39,107230.32,109678.15,97889.18,98417.01,93078.86,88617.87,95183.53,102690.12,86001.1,97406.38,95595.93,101829.88,87122.44,106575.9,120168.99
23356,18003.41,10918.3,7415.21,1e+09,111604.3,149174.84,75675.13,75475.59,52038.86,102642.9,107657.55,101985.19,113327.34,88265.91,59663.76,57260.08,108452.13,104568.46,100158.71,113369.38,99014.97,74636.49,49774.93,41391.82,40034.98,90800.01,117972.06,86151.92,67944.43,98667.39,133323.08,141063,106076.35,131951.2,97419.59,114169.5,117103.93,116044.64,120933.24,123381.07,111592.1,112119.93,106781.78,102320.79,108886.45,116393.04,99704.02,111109.3,109298.85,115532.8,100825.36,120278.82,133871.91
46477.68,83490.65,93447.76,98564.44,111604.3,1e+09,34839.91,17900.03,15886.06,35607.18,7980.69,7248.34,6494.13,7251.59,12305.92,23027.35,24600.31,9630.43,6303.59,7596.99,6633.48,8711.98,15993.07,30215.48,45580.81,42133.02,7484.28,8514.82,10067.8,18933.67,8421.67,13933.69,18347.07,5936.98,8865.89,8201.06,7071.08,7610.01,6678.85,5824.92,10913.12,7430.96,9297.42,8826.37,6262.74,5862.94,9704.78,7539.79,8257.16,5597.1,5982.84,5774.01,8234.02,10955.04
79583.69,121990.04,131450.63,135471.92,149174.84,34839.91,1e+09,50036.59,52866.37,71763.18,40812.37,36310.04,43579.93,35254.8,41661.93,66736.8,70464.56,22228.64,41417.3,44419.05,31584.14,37322.95,60486.43,68759.37,85357.38,83148.76,48797.47,30666.54,52279.72,52013.93,41039.8,10347.28,5126.99,43477.4,18230.74,43512.36,26129.45,26596.38,33295.58,28668.73,25563.86,36088.31,29420.33,39407.18,43945.57,41081.98,23927.82,44184.73,36279.32,35847.67,34711.59,47357.46,29186.46,14208.7
27418.04,48490.33,57950.92,61972.21,75675.13,17900.03,50036.59,1e+09,4034.91,12326.29,13501.05,18068,14435.68,16004.05,8738.92,7773.07,10651.2,13271.41,15468.05,11179.81,16324.57,11065.91,5145.63,9647.72,18612.12,16975.68,8355.55,21381.82,6448.91,4560.58,11949.33,34184.83,41924.75,15631.86,33174.36,12796.95,19239.35,20228.4,19321.23,25844.22,24266.4,15040.82,14638.16,12886.88,13344.83,16191.46,18377.34,10770.81,15438.52,14754.77,21951.47,13987.54,23210.26,34924.88
27492.6,48290.79,57751.38,61772.67,75475.59,15886.06,52866.37,4034.91,1e+09,15262.04,16446.76,20668.86,18615.5,19555.25,7600.21,8780.43,10649.54,14402.17,19271.56,15286.05,19588.02,13324.05,5148.8,8999.41,20407.12,18884.16,7033.1,24113.21,6006.26,4943.48,14839.7,37014.61,44754.53,20436.63,36027.29,15324.97,21698.17,22687.22,21694.41,28563.73,27072.6,19015.57,17830.64,17208.54,18021.34,21357.87,21568.49,14685.95,18451.56,18428.26,25006.37,17489.01,25842.97,37661.92
22272.67,30587.69,35499.58,40330.43,52038.86,35607.18,71763.18,12326.29,15262.04,1e+09,25505.26,33358.95,26065.81,33504.13,17851.93,7301.36,8576.64,31398.47,27582.78,23051.61,35957.72,22450.04,10242.04,8004.02,7528.17,9244.55,23746.74,40560.4,22852.31,9443.81,24130.94,55911.42,63651.34,29767.63,54539.54,24200.86,37449,39692.27,36221.43,43837.28,45969.41,34180.44,34708.27,29370.12,25148.35,32102.79,38981.38,23268.07,33697.64,32156.73,38121.14,27344.18,42867.16,56460.25
34458.2,75458.1,84918.69,88939.98,102642.9,7980.69,40812.37,13501.05,16446.76,25505.26,1e+09,6900.51,2783.77,5579.13,7022.45,19435.23,23427.26,11649.35,2191.5,2664.48,7599.05,2755.86,13592.85,22512.99,38825.44,36616.82,9532.14,9183.9,10502.53,17934.56,2678.66,19663.74,26988.53,3485.36,14853.54,3656.4,6613.86,7033.76,5451.82,7839.61,13670.31,6625.17,7551.14,3612.05,2568.51,3915.24,11314.66,2863.8,4688.59,3634.66,5705.66,4776.62,7319.85,18174.84
39280.25,80472.75,89933.34,93954.63,107657.55,7248.34,36310.04,18068,20668.86,33358.95,6900.51,1e+09,5529.93,6063.4,9598.95,22518.8,23951.75,13315.81,5973.77,7425.96,7010.36,6345.58,17532.33,30378.22,43840.09,42069.65,12015.99,7770.85,14084.64,22092.4,7478.97,15792.29,22486.2,4848.76,12935.57,6626.24,5562.81,7313.82,4771.9,7132.41,10988.06,5516.27,6664.85,5146.48,7575.02,6283.71,10374,7578.17,4407.11,5619.94,5806.22,5394.96,6138.86,15762.73
35259.84,74800.39,84260.98,88282.27,101985.19,6494.13,43579.93,14435.68,18615.5,26065.81,2783.77,5529.93,1e+09,5996.48,6706.41,17214.42,20607.48,12752.56,2565.98,3389.3,9465.26,3221.32,12160.36,23108.16,38167.73,35959.11,8562.29,9947.4,11882.99,16728.64,4090.94,22129.42,29946.3,3033.95,15797.77,4200.8,7433.69,8939.77,6077.77,8311.17,16585.72,7168.15,9130.13,4627.38,3024.17,3998.31,12737.82,3784.76,5264.18,3686.04,5345.84,3152.84,9235.75,19645.63
43161.62,85213.69,95170.8,100287.48,113327.34,7251.59,35254.8,16004.05,19555.25,33504.13,5579.13,6063.4,5996.48,1e+09,11751.93,28257.76,31621.21,9372.29,5198.25,4410.25,3253.72,5892.18,20459.35,31077.89,47547.32,45065.83,11026.42,2405.48,13270.2,21515.67,8141.56,11136.23,18003.76,4889.25,6359.17,9442.17,4485.64,3133.21,3815.12,5630.94,5950.7,2590.85,3873.95,2212.28,3266.95,1998.76,5304.26,4781,1917.71,3314.47,2854.32,7764.37,3254.18,8361.88
27786.09,61081.11,70541.7,74562.99,88265.91,12305.92,41661.93,8738.92,7600.21,17851.93,7022.45,9598.95,6706.41,11751.93,1e+09,13099.19,16277.5,13161.35,7209.29,7111.85,12043.3,5015.57,9408.51,12840.59,26357.82,25030.54,6394.05,14277.4,5226.72,10603.84,7387.08,22387.89,28980.49,7599.19,21453.87,8227.44,10643.33,11543.67,9809.6,11915.65,16319.16,10744.88,11088.78,8751.24,7025.64,9756.91,15513.77,8196.4,10205.3,8180.36,10823.36,8241.29,12502.74,22384.28
19576.02,36054.44,42616.97,47288.9,59663.76,23027.35,66736.8,7773.07,8780.43,7301.36,19435.23,22518.8,17214.42,28257.76,13099.19,1e+09,5307.3,26015.2,19484.57,17766.06,29570.88,17239.6,6725.81,6711.64,9306.87,10877.02,13994.87,32512.2,12221.09,6630.68,15878.55,46497.07,54055.36,19891.72,42838.58,14583.61,27096.13,31197.44,28731.51,31038.56,38637.68,28109.6,30574.43,24335.41,18824.88,22150.58,33241.74,17047.83,27886.14,23785.92,27797.68,16132.5,32870.5,45089.78
22192.91,32782.27,39869.6,44324.65,57260.08,24600.31,70464.56,10651.2,10649.54,8576.64,23427.26,23951.75,20607.48,31621.21,16277.5,5307.3,1e+09,28865.51,23285.86,21581.91,33463.94,20831.97,8456.31,6801.1,9839.09,11464.15,13906.07,36044.5,12021.49,8256.31,18899.69,49912.27,57594.32,23140.61,45555.18,16606.47,30315.61,34864.51,31770.16,33855.76,42518.61,31965.42,34720.21,28151.26,22816.91,25383.99,37296.6,21039.86,31470.76,27564.61,30902.86,17958.96,36058.17,48110.42
43015.7,81267.33,90727.92,94749.21,108452.13,9630.43,22228.64,13271.41,14402.17,31398.47,11649.35,13315.81,12752.56,9372.29,13161.35,26015.2,28865.51,1e+09,12270.61,8531.35,6652.31,9637.71,18638.55,28029.82,44299.12,41400.79,9136.84,8865.37,11020.21,14688.16,11213.25,11672.13,15297.64,11018.35,13059.6,14276.74,10240.53,9011.05,11351.4,11838.93,7464.84,8813.95,5627.83,8651.7,8794.68,9097.86,4956.59,8714.31,9628.24,8444.56,13787.2,14252.84,11003.73,11516.16
36057.21,77383.66,86844.25,90865.54,104568.46,6303.59,41417.3,15468.05,19271.56,27582.78,2191.5,5973.77,2565.98,5198.25,7209.29,19484.57,23285.86,12270.61,1e+09,2659.66,7853.17,3785.91,14175.22,24590.51,40751,38542.38,10616.03,8557.39,12686.11,19027.76,4731.53,20077.22,27593.46,2846.2,13859.75,4980.99,7164.26,6838.88,3999.13,7551.05,14310.01,6082.71,7978.7,3136.82,2003.82,3205.38,11614.82,4141.88,4819.76,4114.89,3939.14,3449.51,6498.92,17543.77
32639.48,72973.91,82434.5,86455.79,100158.71,7596.99,44419.05,11179.81,15286.05,23051.61,2664.48,7425.96,3389.3,4410.25,7111.85,17766.06,21581.91,8531.35,2659.66,1e+09,6978.67,2946.17,11470.3,20093.96,36341.25,34132.63,7091.8,9459.09,8871.37,16423.85,4378.53,23772.05,31737.61,3520.18,17127.79,4266.03,9305.74,9357.32,6099.97,11790.28,16068.77,5644.17,7688.52,2866.59,1756.58,4282.29,10084.97,1583.8,5416.76,5500.96,6822.96,4411.39,9816.59,21144.74
43841.96,86184.58,95645.17,99666.46,113369.38,6633.48,31584.14,16324.57,19588.02,35957.72,7599.05,7010.36,9465.26,3253.72,12043.3,29570.88,33463.94,6652.31,7853.17,6978.67,1e+09,8232.72,22575.3,32953.91,49551.92,47343.3,12355.38,3008.36,15891.81,19228.94,10028.03,11912.63,19482.14,6632.88,8406.16,11090.13,5378.49,5043.69,4900.73,8108.94,5236.3,2157.23,1969.93,4436.74,5706.14,3946.79,3014.49,7363.69,3474.32,2860.9,5873.32,12126.86,5591.93,9847.96
32519.87,71830.17,81290.76,85312.05,99014.97,8711.98,37322.95,11065.91,13324.05,22450.04,2755.86,6345.58,3221.32,5892.18,5015.57,17239.6,20831.97,9637.71,3785.91,2946.17,8232.72,1e+09,10643.22,19469.31,35197.51,32988.89,6844.82,9442.88,7860.62,14486.71,3701.38,18319.39,24641.51,4478.9,16090.63,4065.48,6654.63,8236.42,5474.64,8935.07,12340.82,7209.55,7170,4682.81,3165.54,5538.58,11171.16,3749.92,5778.07,5116.25,7603.68,4267.46,9045.5,17993.16
25147.19,47451.69,56912.28,60933.57,74636.49,15993.07,60486.43,5145.63,5148.8,10242.04,13592.85,17532.33,12160.36,20459.35,9408.51,6725.81,8456.31,18638.55,14175.22,11470.3,22575.3,10643.22,1e+09,9660.68,16351.53,14032.72,8187.66,26393.84,7284.31,5482.52,10153.31,40839.34,48914.7,14785.89,36095.1,9090.18,21496.38,25753.87,22550.63,25176.14,32726.34,22237.69,23431.52,18093.37,12982.5,15702.1,26394.92,10979.63,21334.12,18453.97,22178.63,10486.47,27205.97,39062.63
15939.61,28647.83,35210.36,39882.29,49774.93,30215.48,68759.37,9647.72,8999.41,8004.02,22512.99,30378.22,23108.16,31077.89,12840.59,6711.64,6801.1,28029.82,24590.51,20093.96,32953.91,19469.31,9660.68,1e+09,10295.92,11439.43,15827.29,37556.59,14650.9,8913.77,21184.83,52907.61,60647.53,26786.9,50627.98,21276.85,34456.73,36688.46,33650.66,40832.43,42965.6,31176.63,31704.46,26366.31,22156.08,28875.14,35900.72,20310.42,30693.83,29164.46,35111.5,24398.07,39464.23,53456.44
16050.05,20919.01,25779.63,31740.2,41391.82,45580.81,85357.38,18612.12,20407.12,7528.17,38825.44,43840.09,38167.73,47547.32,26357.82,9306.87,9839.09,44299.12,40751,36341.25,49551.92,35197.51,16351.53,10295.92,1e+09,4672.96,28807.65,54154.6,24422.19,12855,34849.93,69505.62,77245.54,42258.89,68133.74,33602.13,50352.04,53286.47,50264.62,57115.78,59563.61,47774.64,48302.47,42964.32,38503.33,45068.99,52575.58,35886.56,47291.84,45481.39,51715.34,37007.9,56461.36,70054.45
16166.25,18597.04,25755.44,31162.81,40034.98,42133.02,83148.76,16975.68,18884.16,9244.55,36616.82,42069.65,35959.11,45065.83,25030.54,10877.02,11464.15,41400.79,38542.38,34132.63,47343.3,32988.89,14032.72,11439.43,4672.96,1e+09,27370.13,51945.98,23846.35,12669.96,32641.31,67297,75036.92,40050.27,64681.36,31393.51,48143.42,51077.85,47628.35,54832.89,57354.99,45566.02,46093.85,40755.7,36294.71,42559.39,50255.58,33677.94,45083.22,43272.77,49506.72,34867.12,53709.72,67845.83
32423.99,63615.21,73075.8,77097.09,90800.01,7484.28,48797.47,8355.55,7033.1,23746.74,9532.14,12015.99,8562.29,11026.42,6394.05,13994.87,13906.07,9136.84,10616.03,7091.8,12355.38,6844.82,8187.66,15827.29,28807.65,27370.13,1e+09,17678.82,3181.71,9223.11,7510.31,31913.24,40685.63,9537.17,24633.83,7166.59,15569.39,17708.04,14885.8,18330.95,23003.7,13240.09,12870.56,10911.67,8397.74,9214.21,15857.92,6905.15,11623.4,12876.28,15436.13,6688.74,18631.13,29802.49
48099.31,90787.26,100247.85,104269.14,117972.06,8514.82,30666.54,21381.82,24113.21,40560.4,9183.9,7770.85,9947.4,2405.48,14277.4,32512.2,36044.5,8865.37,8557.39,9459.09,3008.36,9442.88,26393.84,37556.59,54154.6,51945.98,17678.82,1e+09,20404.6,24886.47,10811.91,9177.5,15060.68,6570.83,5593.7,14321.27,4571,4515.61,4098.77,5715.6,3245.88,2766.01,3529.69,5212.23,8354.42,4611.82,3396.96,9559.8,3545.55,4785.53,3240.96,11992.28,3436.01,6436.95
30544.37,58967.12,68427.71,72449,86151.92,10067.8,52279.72,6448.91,6006.26,22852.31,10502.53,14084.64,11882.99,13270.2,5226.72,12221.09,12021.49,11020.21,12686.11,8871.37,15891.81,7860.62,7284.31,14650.9,24422.19,23846.35,3181.71,20404.6,1e+09,7355.15,9413.6,36198.41,44167.88,12675.24,28919,9007.44,18660.22,20636.47,16309.15,22191.88,26485.95,14696.98,15224.81,10725.07,11000.78,12018.49,18761.46,8631.82,13802.66,13816.37,18451.22,9185.92,21400.31,34415.6
24101.43,41286.01,50220.22,54241.51,67944.43,18933.67,52013.93,4560.58,4943.48,9443.81,17934.56,22092.4,16728.64,21515.67,10603.84,6630.68,8256.31,14688.16,19027.76,16423.85,19228.94,14486.71,5482.52,8913.77,12855,12669.96,9223.11,24886.47,7355.15,1e+09,14702.32,36162.17,43902.09,19108.59,36407.19,14001.12,22039.77,23212.35,23772.25,28835.87,26476.14,20840.63,18550.04,19282.36,17068.43,20128.83,21619.89,14989.69,19716.86,19936.18,26429.91,15434.02,26580.51,37134.62
33910.15,71482.59,80943.18,84964.47,98667.39,8421.67,41039.8,11949.33,14839.7,24130.94,2678.66,7478.97,4090.94,8141.56,7387.08,15878.55,18899.69,11213.25,4731.53,4378.53,10028.03,3701.38,10153.31,21184.83,34849.93,32641.31,7510.31,10811.91,9413.6,14702.32,1e+09,19883.14,27215.96,5567.96,17474.02,2620.25,6116.55,8368.07,7447.85,8836.21,14340.25,9101.34,9544.56,6445.7,4405.81,5573.71,13016.93,2837.62,7835.81,5583.23,8630.78,4621.41,9545.88,19059.18
62532.53,106138.28,115598.87,119620.16,133323.08,13933.69,10347.28,34184.83,37014.61,55911.42,19663.74,15792.29,22129.42,11136.23,22387.89,46497.07,49912.27,11672.13,20077.22,23772.05,11912.63,18319.39,40839.34,52907.61,69505.62,67297,31913.24,9177.5,36198.41,36162.17,19883.14,1e+09,3569.23,19436.26,4205.61,23470.4,9826.59,9942.65,10261.46,8638.59,6603.7,13506.39,12811.48,17879.83,22510.41,16250.99,11527.78,24028.74,13790.67,15312,11334.63,24432.64,8015.78,3015.36
70329.45,113878.2,123338.79,127360.08,141063,18347.07,5126.99,41924.75,44754.53,63651.34,26988.53,22486.2,29946.3,18003.76,28980.49,54055.36,57594.32,15297.64,27593.46,31737.61,19482.14,24641.51,48914.7,60647.53,77245.54,75036.92,40685.63,15060.68,44167.88,43902.09,27215.96,3569.23,1e+09,26948.46,5093.68,30830.92,13490.6,14639.2,16044.54,12953.96,9871.89,21403.92,18450.39,26231.89,30640.4,23830.94,15843.43,31763.58,21670.49,23697.29,17460.55,31959.34,12790.92,3721.07
37904.05,78891.55,88352.14,92373.43,106076.35,5936.98,43477.4,15631.86,20436.63,29767.63,3485.36,4848.76,3033.95,4889.25,7599.19,19891.72,23140.61,11018.35,2846.2,3520.18,6632.88,4478.9,14785.89,26786.9,42258.89,40050.27,9537.17,6570.83,12675.24,19108.59,5567.96,19436.26,26948.46,1e+09,13434,5965.81,6362.12,7331.56,4430.02,7497.15,13388.41,4287.64,8001.3,3178.27,3346.38,2193.98,9468.72,3497.23,4515.97,3050.77,3875.16,3524.2,6954.82,16072.85
59823.4,104766.4,114226.99,118248.28,131951.2,8865.89,18230.74,33174.36,36027.29,54539.54,14853.54,12935.57,15797.77,6359.17,21453.87,42838.58,45555.18,13059.6,13859.75,17127.79,8406.16,16090.63,36095.1,50627.98,68133.74,64681.36,24633.83,5593.7,28919,36407.19,17474.02,4205.61,5093.68,13434,1e+09,19725.74,8085.17,7906.47,6511.85,5697.62,4897.69,7709.5,10174.45,11405.62,15627.03,10302.12,9362.91,17335.68,8212.62,10242.04,6767.79,18043.99,5038.66,2356.07
32620.17,70234.79,79695.38,83716.67,97419.59,8201.06,43512.36,12796.95,15324.97,24200.86,3656.4,6626.24,4200.8,9442.17,8227.44,14583.61,16606.47,14276.74,4980.99,4266.03,11090.13,4065.48,9090.18,21276.85,33602.13,31393.51,7166.59,14321.27,9007.44,14001.12,2620.25,23470.4,30830.92,5965.81,19725.74,1e+09,7658.46,11348.79,9599.4,10822.21,17221.05,10420.15,11411.72,8045.46,5163.87,7301.17,15853.71,4629.36,8669.93,6510.54,9748.35,2695.82,12027.46,23468.94
44962.11,86984.7,96445.29,100466.58,114169.5,7071.08,26129.45,19239.35,21698.17,37449,6613.86,5562.81,7433.69,4485.64,10643.33,27096.13,30315.61,10240.53,7164.26,9305.74,5378.49,6654.63,21496.38,34456.73,50352.04,48143.42,15569.39,4571,18660.22,22039.77,6116.55,9826.59,13490.6,6362.12,8085.17,7658.46,1e+09,4255.25,4422.45,5695.65,7050.77,5133.1,5131.1,6173.66,9460.79,5015.57,7775.08,8645.59,4997.14,4828.18,4939.98,9104.86,4862.38,9186.72
46961.71,89919.13,99379.72,103401.01,117103.93,7610.01,26596.38,20228.4,22687.22,39692.27,7033.76,7313.82,8939.77,3133.21,11543.67,31197.44,34864.51,9011.05,6838.88,9357.32,5043.69,8236.42,25753.87,36688.46,53286.47,51077.85,17708.04,4515.61,20636.47,23212.35,8368.07,9942.65,14639.2,7331.56,7906.47,11348.79,4255.25,1e+09,3719.02,5124.95,5123.02,4762.58,5328.95,5848.45,8775.94,4389.46,5835.43,10164.26,4492.27,5713.11,4475.28,11117.26,3530.53,9684.93
44756.84,87930.99,97888.1,102508.39,116044.64,6678.85,33295.58,19321.23,21694.41,36221.43,5451.82,4771.9,6077.77,3815.12,9809.6,28731.51,31770.16,11351.4,3999.13,6099.97,4900.73,5474.64,22550.63,33650.66,50264.62,47628.35,14885.8,4098.77,16309.15,23772.25,7447.85,10261.46,16044.54,4430.02,6511.85,9599.4,4422.45,3719.02,1e+09,4598.74,6398.4,3746.8,4993.55,3982.05,5953.36,3779.84,7498.64,6944.54,3629.96,4111.91,2575.37,7643.07,2872.72,8711.07
50249.17,93748.44,103209.03,107230.32,120933.24,5824.92,28668.73,25844.22,28563.73,43837.28,7839.61,7132.41,8311.17,5630.94,11915.65,31038.56,33855.76,11838.93,7551.05,11790.28,8108.94,8935.07,25176.14,40832.43,57115.78,54832.89,18330.95,5715.6,22191.88,28835.87,8836.21,8638.59,12953.96,7497.15,5697.62,10822.21,5695.65,5124.95,4598.74,1e+09,5786.21,7020.76,8075.53,9152.25,9991.92,6992.99,9442.58,12746.17,6174.9,7357.6,3539.15,9280.92,3294.84,7916.75
53646.55,96196.27,105656.86,109678.15,123381.07,10913.12,25563.86,24266.4,27072.6,45969.41,13670.31,10988.06,16585.72,5950.7,16319.16,38637.68,42518.61,7464.84,14310.01,16068.77,5236.3,12340.82,32726.34,42965.6,59563.61,57354.99,23003.7,3245.88,26485.95,26476.14,14340.25,6603.7,9871.89,13388.41,4897.69,17221.05,7050.77,5123.02,6398.4,5786.21,1e+09,6798.32,4522.72,11152.16,15280.83,10067.64,3944.77,15948.34,7739.99,8650.31,7391.25,19464.55,4257.08,4652.27
42010.57,84407.3,93867.89,97889.18,111592.1,7430.96,36088.31,15040.82,19015.57,34180.44,6625.17,5516.27,7168.15,2590.85,10744.88,28109.6,31965.42,8813.95,6082.71,5644.17,2157.23,7209.55,22237.69,31176.63,47774.64,45566.02,13240.09,2766.01,14696.98,20840.63,9101.34,13506.39,21403.92,4287.64,7709.5,10420.15,5133.1,4762.58,3746.8,7020.76,6798.32,1e+09,2553.99,2780.53,5703.74,3030.46,3459.85,5542.15,1706.8,2314.38,3866.03,9488.81,5056.04,10588.7
43245.64,84935.13,94395.72,98417.01,112119.93,9297.42,29420.33,14638.16,17830.64,34708.27,7551.14,6664.85,9130.13,3873.95,11088.78,30574.43,34720.21,5627.83,7978.7,7688.52,1969.93,7170,23431.52,31704.46,48302.47,46093.85,12870.56,3529.69,15224.81,18550.04,9544.56,12811.48,18450.39,8001.3,10174.45,11411.72,5131.1,5328.95,4993.55,8075.53,4522.72,2553.99,1e+09,4228.07,6932.48,5311.03,2258.47,7385.93,3510.32,3185.05,7420.02,12120.75,4894.17,11946.14
37321.48,79596.98,89057.57,93078.86,106781.78,8826.37,39407.18,12886.88,17208.54,29370.12,3612.05,5146.48,4627.38,2212.28,8751.24,24335.41,28151.26,8651.7,3136.82,2866.59,4436.74,4682.81,18093.37,26366.31,42964.32,40755.7,10911.67,5212.23,10725.07,19282.36,6445.7,17879.83,26231.89,3178.27,11405.62,8045.46,6173.66,5848.45,3982.05,9152.25,11152.16,2780.53,4228.07,1e+09,2682.09,2292.01,6248.02,3262.3,1891.85,2901.22,4681.95,5893.36,5533.12,14849.72
34519.32,75135.99,84596.58,88617.87,102320.79,6262.74,43945.57,13344.83,18021.34,25148.35,2568.51,7575.02,3024.17,3266.95,7025.64,18824.88,22816.91,8794.68,2003.82,1756.58,5706.14,3165.54,12982.5,22156.08,38503.33,36294.71,8397.74,8354.42,11000.78,17068.43,4405.81,22510.41,30640.4,3346.38,15627.03,5163.87,9460.79,8775.94,5953.36,9991.92,15280.83,5703.74,6932.48,2682.09,1e+09,3313.31,9386.85,2175.04,4485.81,4964.98,5188.78,4349.16,9340.63,19164.95
39830.62,81701.65,91162.24,95183.53,108886.45,5862.94,41081.98,16191.46,21357.87,32102.79,3915.24,6283.71,3998.31,1998.76,9756.91,22150.58,25383.99,9097.86,3205.38,4282.29,3946.79,5538.58,15702.1,28875.14,45068.99,42559.39,9214.21,4611.82,12018.49,20128.83,5573.71,16250.99,23830.94,2193.98,10302.12,7301.17,5015.57,4389.46,3779.84,6992.99,10067.64,3030.46,5311.03,2292.01,3313.31,1e+09,6764.23,4039,2314.08,3365.53,3533.27,4596.71,4000.15,12887.58
47593.62,89208.24,98668.83,102690.12,116393.04,9704.78,23927.82,18377.34,21568.49,38981.38,11314.66,10374,12737.82,5304.26,15513.77,33241.74,37296.6,4956.59,11614.82,10084.97,3014.49,11171.16,26394.92,35900.72,52575.58,50255.58,15857.92,3396.96,18761.46,21619.89,13016.93,11527.78,15843.43,9468.72,9362.91,15853.71,7775.08,5835.43,7498.64,9442.58,3944.77,3459.85,2258.47,6248.02,9386.85,6764.23,1e+09,9883.3,5527.11,4812.68,8854.04,16089.17,7058.04,10166.89
33007.22,72519.22,81979.81,86001.1,99704.02,7539.79,44184.73,10770.81,14685.95,23268.07,2863.8,7578.17,3784.76,4781,8196.4,17047.83,21039.86,8714.31,4141.88,1583.8,7363.69,3749.92,10979.63,20310.42,35886.56,33677.94,6905.15,9559.8,8631.82,14989.69,2837.62,24028.74,31763.58,3497.23,17335.68,4629.36,8645.59,10164.26,6944.54,12746.17,15948.34,5542.15,7385.93,3262.3,2175.04,4039,9883.3,1e+09,5289.85,5424.46,8033.11,4777.95,10390.25,21508.61
41240.93,83924.5,93385.09,97406.38,111109.3,8257.16,36279.32,15438.52,18451.56,33697.64,4688.59,4407.11,5264.18,1917.71,10205.3,27886.14,31470.76,9628.24,4819.76,5416.76,3474.32,5778.07,21334.12,30693.83,47291.84,45083.22,11623.4,3545.55,13802.66,19716.86,7835.81,13790.67,21670.49,4515.97,8212.62,8669.93,4997.14,4492.27,3629.96,6174.9,7739.99,1706.8,3510.32,1891.85,4485.81,2314.08,5527.11,5289.85,1e+09,2548.45,3685.02,7899.13,4589.59,10978.27
40399.25,82114.05,91574.64,95595.93,109298.85,5597.1,35847.67,14754.77,18428.26,32156.73,3634.66,5619.94,3686.04,3314.47,8180.36,23785.92,27564.61,8444.56,4114.89,5500.96,2860.9,5116.25,18453.97,29164.46,45481.39,43272.77,12876.28,4785.53,13816.37,19936.18,5583.23,15312,23697.29,3050.77,10242.04,6510.54,4828.18,5713.11,4111.91,7357.6,8650.31,2314.38,3185.05,2901.22,4964.98,3365.53,4812.68,5424.46,2548.45,1e+09,4873.83,5763.07,6637.69,13118.13
44460.28,88348,97808.59,101829.88,115532.8,5982.84,34711.59,21951.47,25006.37,38121.14,5705.66,5806.22,5345.84,2854.32,10823.36,27797.68,30902.86,13787.2,3939.14,6822.96,5873.32,7603.68,22178.63,35111.5,51715.34,49506.72,15436.13,3240.96,18451.22,26429.91,8630.78,11334.63,17460.55,3875.16,6767.79,9748.35,4939.98,4475.28,2575.37,3539.15,7391.25,3866.03,7420.02,4681.95,5188.78,3533.27,8854.04,8033.11,3685.02,4873.83,1e+09,6843.85,2724.72,8771.46
34744.69,73640.56,83101.15,87122.44,100825.36,5774.01,47357.46,13987.54,17489.01,27344.18,4776.62,5394.96,3152.84,7764.37,8241.29,16132.5,17958.96,14252.84,3449.51,4411.39,12126.86,4267.46,10486.47,24398.07,37007.9,34867.12,6688.74,11992.28,9185.92,15434.02,4621.41,24432.64,31959.34,3524.2,18043.99,2695.82,9104.86,11117.26,7643.07,9280.92,19464.55,9488.81,12120.75,5893.36,4349.16,4596.71,16089.17,4777.95,7899.13,5763.07,6843.85,1e+09,10621.56,21467.19
48967.21,93094.02,102554.61,106575.9,120278.82,8234.02,29186.46,23210.26,25842.97,42867.16,7319.85,6138.86,9235.75,3254.18,12502.74,32870.5,36058.17,11003.73,6498.92,9816.59,5591.93,9045.5,27205.97,39464.23,56461.36,53709.72,18631.13,3436.01,21400.31,26580.51,9545.88,8015.78,12790.92,6954.82,5038.66,12027.46,4862.38,3530.53,2872.72,3294.84,4257.08,5056.04,4894.17,5533.12,9340.63,4000.15,7058.04,10390.25,4589.59,6637.69,2724.72,10621.56,1e+09,6660.11
62685,106687.11,116147.7,120168.99,133871.91,10955.04,14208.7,34924.88,37661.92,56460.25,18174.84,15762.73,19645.63,8361.88,22384.28,45089.78,48110.42,11516.16,17543.77,21144.74,9847.96,17993.16,39062.63,53456.44,70054.45,67845.83,29802.49,6436.95,34415.6,37134.62,19059.18,3015.36,3721.07,16072.85,2356.07,23468.94,9186.72,9684.93,8711.07,7916.75,4652.27,10588.7,11946.14,14849.72,19164.95,12887.58,10166.89,21508.61,10978.27,13118.13,8771.46,21467.19,6660.11,1e+09
