1e+09,9147.32999999999,12263.29,15361.16,17873.3,19298.58,60571.25,15649.67,14370.48,13215.72,15785.89,19832.51,16574.64,14848.64,21848.27,10193.28,13342.43,38788.67,16712.02,15794.82,28039.25,15555.11,11105.95,11935.95,12364.87,13382.21,12465.78,17933.66,10748.25,15152.1,18945.74,39566.71,47788.19,15544.46,26890.25,13689.24,24400.45,24208.84,21567.11,20162.19,31442.38,21243.9,29882.54,18950.87,16433.83,17288.79,34092.09,14663.26,21001.84,20001.13,17289.64,16814.81,28138.82,38845.57
9147.32999999999,1e+09,6320.19,7960.29,14496.15,42067.62,83982.09,34377.61,33999.83,22679.77,40290.63,45698.11,39715.53,38971.35,45115.31,26070.26,31566.57,61190.75,40498.25,37813.6,49418.82,38120.4,31403.15,27210.36,21601.01,25765.81,34045.46,41812.09,31717.07,34413.47,43815.31,66501.53,74403.98,38737.16,52936.91,36765.16,52658.21,50166.02,46283.09,45903.02,53355.7,43452.11,51288.76,41337.47,37911.14,39995.6,56382.11,36800.09,45009.38,43281.15,40005.15,40441.13,52543.17,65372.1
12263.29,6320.19,1e+09,5405.58,10048.97,45781.32,89076.07,38047.99,38827.93,27177.71,44333.17,50196.05,44350.9,43780.51,49601.39,28401.09,36266.75,66125.61,45297.77,42792.43,54353.68,42557.89,34641.91,33640.34,24283.18,28951.69,37867.8,46985.63,34501.29,37616.04,47756.99,71521.4,79458.18,43024.69,57945.64,41057.77,57251.43,55180.44,51217.95,50666.7,58290.56,48378.5,56183.84,46272.33,42479.62,44515.62,61330.94,41276.25,49944.24,47970.68,45012.88,44611.9,57689.44,70562.32
15361.16,7960.29,5405.58,1e+09,9601.85,45626.93,79363.13,37397.73,38672.81,26642.99,45438.67,50143.01,44578.3,42816.76,48684.07,34437.59,42320.34,56714.88,45348.87,40672.05,45627.61,42183.3,39354.87,33813.63,24151.99,30292.92,39565.82,45011.9,38738.72,37381.03,47337.03,62389.34,70945.43,43508.69,53231.84,41285.6,55198.41,52942.39,48839.94,48957.88,48866.97,43499.87,47099.45,43858.12,42427.75,42018.66,52586.95,40891.38,47552.89,44594.53,43598.22,45050.14,53061.95,62657.34
17873.3,14496.15,10048.97,9601.85,1e+09,53908.25,95889.34,44354.57,44999.28,36740.71,52069.98,57483.87,51816.76,50678.86,58451.2,35838.51,45015.01,72917.71,52643.46,49486.14,60940.35,49946.42,41555.54,41547.38,32290,38065.29,43844.56,53729.24,40677.76,44804.27,55128.94,78355.99,86994.88,50560.37,64737.74,48216.91,64683.47,62346.59,58010.05,58713.08,64983.32,54869.47,62674.81,52846.56,49624.27,51470.25,68123.04,48215.54,56736.34,55200.53,51787.74,52833.39,65808.04,78129.29
19298.58,42067.62,45781.32,45626.93,53908.25,1e+09,31855.1,6563.79,8541.74,18807.59,11754.65,10633.48,7889.77,10946.17,6574.65,14608.77,13103.11,13501.64,7520.86,8002.63,8498.23,10857.54,9821.48,11755.85,19443.32,17329.45,7903.94,12166.58,13029.03,5710.03,9253.96,14782.79,22980.19,9256.98,13338.95,8700.15,10410.47,14463.52,10366.51,12235.82,10865.55,9585.63,8578.75,10824.33,8203.62,6484.83,9863.95,10387.8,12657.06,6953.71,9399.03,3475.61,10271.92,15711.49
60571.25,83982.09,89076.07,79363.13,95889.34,31855.1,1e+09,39106.04,47298.09,54581.92,39916.21,36893.14,40811.33,40182.87,24816.5,58798.67,61046.15,13533.19,38962.12,40071.87,28714.97,37747.65,55142.92,52432.77,57517.96,57714.28,46377.9,35850.34,53034.88,42894.14,38095.46,12951.7,6773.49,42284.17,26995.44,42003.57,27406.56,28980.52,33162.06,34367.55,24719.42,35573.55,25392.06,37485.81,41943.96,40100.34,22414.09,42324.32,35243.68,34634.83,39839.31,38563.21,23100.26,12429.32
15649.67,34377.61,38047.99,37397.73,44354.57,6563.79,39106.04,1e+09,4384.05,10944.18,10073.98,11596.09,7782.35,8162.28,13568.96,10050.9,9628.52,17638.77,8786.73,6808.83,8838.65,9009.08,8495.18,6396.66,13163.66,10964.89,4477.44,7516.93,6701.07,4440.4,8180.51,18364,28837.35,8427.22,13070.9,8095.45,11808.2,12508.61,10016.27,14808.33,11209.18,7106.56,9707.82,7756,7106.29,6467.32,12147.38,7264.29,10095.56,8609.3,8718.62,6307.01,15046.06,20850.12
14370.48,33999.83,38827.93,38672.81,44999.28,8541.74,47298.09,4384.05,1e+09,10019.95,13426.18,12303.25,11506.32,10517.11,17412.39,10282.18,8791.98,24677.8,12887.24,10883.08,14200.03,12958.56,8876.62,4027.52,12093.64,8665.34,3570.34,11667.48,6019.53,3538.56,10436.54,25155.12,36084.97,12635.12,15788.4,11015.41,15194.47,17211.05,12744.34,17899.22,17169.09,10709.31,15636.28,9609.47,10435.98,9858.68,19763.03,10351.7,11316.59,10896.55,11034.38,8967.89,18115.06,26108.2
13215.72,22679.77,27177.71,26642.99,36740.71,18807.59,54581.92,10944.18,10019.95,1e+09,21769.64,24981.7,19642.59,18383.97,24810.28,15602.38,12462.25,31867.03,19480.19,17253.3,20454.92,20949.08,17866.41,5839.91,4696.68,3834.89,12041.54,19752.95,16685.37,13175.66,20926.11,34671.97,45794.04,19732.95,26625.24,18739.52,27231.96,27099.46,23337.91,27560.94,24064.46,17915.78,22296.94,17844.66,16560.76,17320.68,27392.96,17789.21,20670.2,18950.1,18831.6,19549.81,27064.68,37056.2
15785.89,40290.63,44333.17,45438.67,52069.98,11754.65,39916.21,10073.98,13426.18,21769.64,1e+09,4827.2,3700.52,3822.32,11360.55,9846.55,12389.05,17920.11,4003.82,4537.71,9503.02,3370.15,6828.02,14775.12,26433.54,23789.12,8122.2,4457.05,9357.72,12725.84,3463.91,16791.79,23599.47,3806.3,6196.01,4589.86,6393.13,5616.67,4545.65,3539.81,11850.83,6116.97,12024.11,4344.44,4333.53,5398.35,14270.56,3908.97,4747.62,5119.82,4218.46,8344.01,11579.51,17369.29
19832.51,45698.11,50196.05,50143.01,57483.87,10633.48,36893.14,11596.09,12303.25,24981.7,4827.2,1e+09,4729.34,4321.2,11414.65,13770.15,13064.8,16967.77,4458.94,5782.34,10599.56,4994.16,9293.09,15808.12,28526.84,23621.41,8096.57,5046.41,11236.58,12695.39,4000.54,14735.73,21013.72,4774.29,6341.85,4920.7,5259.61,5770.61,5017.36,4417.91,11357.05,6691.56,11704.06,5569.3,5291.32,5900.57,14058.69,4645.28,4483.06,6481.78,4883.45,7096.37,9699.32,15283.57
16574.64,39715.53,44350.9,44578.3,51816.76,7889.77,40811.33,7782.35,11506.32,19642.59,3700.52,4729.34,1e+09,2988.45,8323.74,11540.78,11665.79,17024.61,2215.04,3266.89,8139,3812.25,6714.16,14029.79,23409.92,22063.84,7853.49,3963.83,10239.06,9691.26,3133.24,16055.91,24008.94,2604.69,6887.52,3253.06,4504.67,5980.48,4327.48,4015.48,11339.87,4656.4,10352.49,3452.35,2517.86,3018.88,12842.33,2482.9,4507.77,3529.93,2925.58,4856.03,8895.13,15086.71
14848.64,38971.35,43780.51,42816.76,50678.86,10946.17,40182.87,8162.28,10517.11,18383.97,3822.32,4321.2,2988.45,1e+09,9027.29,11951.05,14393.74,17519.34,3365.84,2697.88,8033.94,2740.58,9222.68,13283.31,22317.75,19730.22,7232.78,2194.88,8755.35,12275.46,5529.15,16971.88,24481.29,2998.15,5633.79,3588.09,7112.21,5484.74,4762.05,4739.07,11205.31,3717.48,10703.66,2991.08,3752.43,4370.96,13357.42,3242.48,3210.19,5518.5,3333.6,5633.49,10202.77,16824.98
21848.27,45115.31,49601.39,48684.07,58451.2,6574.65,24816.5,13568.96,17412.39,24810.28,11360.55,11414.65,8323.74,9027.29,1e+09,19286.17,19565.44,9360.52,8109.98,9056.8,9314.36,8134.12,14289.38,20154.29,27490.41,26229.64,14489.48,8220.25,18162.25,15761.89,10547.8,11691.09,16011.01,9198.41,11867.63,9959.09,11617.78,10697.48,10197.42,9417.75,10346.18,9236.46,8530.62,9064.8,9696.09,10613.76,10363.39,9421.45,9124.79,9474.9,8908.46,8646.63,5906.94,9602.13
10193.28,26070.26,28401.09,34437.59,35838.51,14608.77,58798.67,10050.9,10282.18,15602.38,9846.55,13770.15,11540.78,11951.05,19286.17,1e+09,4947.93,36899.22,12952.52,14409.01,27522.5,11962.33,5110.89,10858.27,15866.76,14073.24,10524.96,16016.45,5974.05,10832.68,13106.04,36174.58,43299.42,10767.59,24362.67,9689.8,18124.63,21286.65,19273.97,14017.92,30695.87,21642.81,30029.46,19125.36,13850.22,14468.71,32606.81,12506.31,19936.07,17662.96,15726.39,12679.5,26632.6,35807.55
13342.43,31566.57,36266.75,42320.34,45015.01,13103.11,61046.15,9628.52,8791.98,12462.25,12389.05,13064.8,11665.79,14393.74,19565.44,4947.93,1e+09,36880.56,13551.98,15932.34,27754.1,13687.12,5117.74,8416.48,14728.45,11063.43,9128.62,19270.02,6276.99,10443.33,12160.84,36063.17,44233.56,11348.43,26416.66,9777.08,17120.78,22149.37,19727.24,15499.01,31195.82,22595.24,29992.13,20178.89,14075.61,13797.48,32575.39,12893.8,22217.78,18013.65,17219.71,10929.73,26730,35188.44
38788.67,61190.75,66125.61,56714.88,72917.71,13501.64,13533.19,17638.77,24677.8,31867.03,17920.11,16967.77,17024.61,17519.34,9360.52,36899.22,36880.56,1e+09,15849.72,14750.4,6888.85,17923.22,30623.35,29230.62,33953.29,33951.41,23073.01,12612.57,30615.37,20053.97,16898.1,5658.72,6529.94,19353.97,10530.61,20672.99,11474.84,12091.7,11731.67,15563.06,5110.69,11440.46,5239.12,14685.25,17245.85,14218.88,3420.34,19912.6,13665.16,10564.82,16376.75,13921.77,4504.5,3891.46
16712.02,40498.25,45297.77,45348.87,52643.46,7520.86,38962.12,8786.73,12887.24,19480.19,4003.82,4458.94,2215.04,3365.84,8109.98,12952.52,13551.98,15849.72,1e+09,2474.06,7478.89,3622,8075.39,13851.68,23826.28,23482.08,8698.19,3578.79,11402.35,10331.01,3858.05,14543.86,22328.31,2915.55,5603.51,3792.95,5479.48,4892.58,3060.16,3890.36,10164.98,4136.27,9554.16,2832.47,1474.3,2551.2,11836.02,3798.62,3806.43,3928.83,2182.18,4701.24,7226.05,13604.72
15794.82,37813.6,42792.43,40672.05,49486.14,8002.63,40071.87,6808.83,10883.08,17253.3,4537.71,5782.34,3266.89,2697.88,9056.8,14409.01,15932.34,14750.4,2474.06,1e+09,5357.68,3968.13,9666.74,12774.31,19751.18,19599.6,7410.55,3133.42,9793.94,10116.01,5089.44,14679.05,23463,3135.93,7300.87,4154.79,6438.04,5339.92,4065.71,6720.83,9183.97,3206.66,7824.13,2399.51,1818.35,2690.15,10385.62,2375.83,3946.3,4444.89,2519.18,5563.23,9375.27,15499.94
28039.25,49418.82,54353.68,45627.61,60940.35,8498.23,28714.97,8838.65,14200.03,20454.92,9503.02,10599.56,8139,8033.94,9314.36,27522.5,27754.1,6888.85,7478.89,5357.68,1e+09,9761.48,21150.45,17706.09,23079.63,22691.88,12216.85,4667.38,19475.39,10767.53,10023.61,6392.74,13280.29,10564.53,5961.64,12545.59,7303.24,7033.57,5825.27,10227.45,2409.22,3339.28,2324.24,6046.21,7964.9,5805.12,3533.15,10815.57,6278.75,3749.35,7454.22,6403.6,5685.56,8218.03
15555.11,38120.4,42557.89,42183.3,49946.42,10857.54,37747.65,9009.08,12958.56,20949.08,3370.15,4994.16,3812.25,2740.58,8134.12,11962.33,13687.12,17923.22,3622,3968.13,9761.48,1e+09,7925.75,15854.69,24039.07,22777.3,9171.12,2891.66,9381.16,13980.8,4898.3,17184.74,22752.2,3184.58,6825.19,3808.52,6787.77,5516.49,5120.58,2997.43,11469.69,6443.61,12407.47,5047.39,4247.88,5859.14,14911.97,3604.23,5536.75,5930.16,3823.21,7387.29,10413.03,16923.75
11105.95,31403.15,34641.91,39354.87,41555.54,9821.48,55142.92,8495.18,8876.62,17866.41,6828.02,9293.09,6714.16,9222.68,14289.38,5110.89,5117.74,30623.35,8075.39,9666.74,21150.45,7925.75,1e+09,11395.27,19364.22,17160.22,6217.06,13447.22,4817.65,8549.7,7560.48,30351.87,38307.97,6562.43,19896.3,4877.77,12392.67,15756.32,13196.03,10180.34,24746.34,15630.55,23435.89,13439.29,7955.18,8657.27,26242.78,6738.02,15651.45,12701.88,10976.06,7619.26,21039.33,29712.19
11935.95,27210.36,33640.34,33813.63,41547.38,11755.85,52432.77,6396.66,4027.52,5839.91,14775.12,15808.12,14029.79,13283.31,20154.29,10858.27,8416.48,29230.62,13851.68,12774.31,17706.09,15854.69,11395.27,1e+09,11230.6,7329.85,4906.85,15005.72,8914.67,6809.1,13085.41,29707.51,41686.87,14221.76,20087.75,13414.85,19492.9,21268.48,16604.53,21269.2,21587.84,13804.88,19263.38,12888.89,11691.22,12206.22,23497.29,12807.63,15621.23,14331.25,13956.13,12797.28,22638.45,30831.13
12364.87,21601.01,24283.18,24151.99,32290,19443.32,57517.96,13163.66,12093.64,4696.68,26433.54,28526.84,23409.92,22317.75,27490.41,15866.76,14728.45,33953.29,23826.28,19751.18,23079.63,24039.07,19364.22,11230.6,1e+09,3860.88,14089.87,23342.67,16502.34,12943.92,24089.68,37349.27,48607.84,22801.82,30021.5,22735.29,30296.09,30812.76,26204.23,31525.36,26403.29,20240.82,24381.8,20688.29,20836.51,19508.47,29194.05,19935.41,24084.78,20874.35,21385.13,21935.52,29361.67,39090.7
13382.21,25765.81,28951.69,30292.92,38065.29,17329.45,57714.28,10964.89,8665.34,3834.89,23789.12,23621.41,22063.84,19730.22,26229.64,14073.24,11063.43,33951.41,23482.08,19599.6,22691.88,22777.3,17160.22,7329.85,3860.88,1e+09,10740.47,21369.27,15146.49,12163.48,21020.31,35920.35,47776.99,22590.62,27087.47,20825.41,26629.76,28536.87,23645.01,29414.74,26308.63,19293.89,23857.51,18990.78,20250.09,19148.75,28863.27,19604.23,21737.88,19824.92,20166.03,18778.79,27992.16,37164.45
12465.78,34045.46,37867.8,39565.82,43844.56,7903.94,46377.9,4477.44,3570.34,12041.54,8122.2,8096.57,7853.49,7232.78,14489.48,10524.96,9128.62,23073.01,8698.19,7410.55,12216.85,9171.12,6217.06,4906.85,14089.87,10740.47,1e+09,9154.1,4619.82,4689.29,7635.56,23157.82,34432.53,8638.74,13554.72,7226.62,12707.69,14026.46,10484.99,14210.61,15564.3,8604.91,13657.49,8182.94,6948.84,6816.28,17649.17,7169.81,10384.3,9397.12,8625.87,7308.28,17382.74,24753.22
17933.66,41812.09,46985.63,45011.9,53729.24,12166.58,35850.34,7516.93,11667.48,19752.95,4457.05,5046.41,3963.83,2194.88,8220.25,16016.45,19270.02,12612.57,3578.79,3133.42,4667.38,2891.66,13447.22,15005.72,23342.67,21369.27,9154.1,1e+09,11060.27,13000.03,5602.97,13324.87,19976.14,3014.16,4732,6303.03,6171.75,3994.2,3768.04,4588.87,6956.22,2999.91,6540.44,2676.8,4354.73,5100.45,9028.49,3117.9,2356.13,4958.03,3100.08,7667.85,9213.25,14795.21
10748.25,31717.07,34501.29,38738.72,40677.76,13029.03,53034.88,6701.07,6019.53,16685.37,9357.72,11236.58,10239.06,8755.35,18162.25,5974.05,6276.99,30615.37,11402.35,9793.94,19475.39,9381.16,4817.65,8914.67,16502.34,15146.49,4619.82,11060.27,1e+09,7612.7,9466.63,30404.34,40268.77,9316.22,18284.24,7668.43,15608.02,16952.65,13560.77,14313.01,23198.48,12921.53,21892.59,11064.58,10397.62,10938.49,25459.24,8302.32,13547.18,14047.86,11361.58,11513.44,23475.62,32151.86
15152.1,34413.47,37616.04,37381.03,44804.27,5710.03,42894.14,4440.4,3538.56,13175.66,12725.84,12695.39,9691.26,12275.46,15761.89,10832.68,10443.33,20053.97,10331.01,10116.01,10767.53,13980.8,8549.7,6809.1,12943.92,12163.48,4689.29,13000.03,7612.7,1e+09,9984.26,20105.31,31078.22,11193.62,15042.94,9300.37,13686.62,16719.14,12312.01,16742.52,13149.58,10322.74,12102.8,11299.11,9603.29,8088.21,15189.95,11310.1,12617.95,9549.9,12693.2,5800.73,16202.03,22120.71
18945.74,43815.31,47756.99,47337.03,55128.94,9253.96,38095.46,8180.51,10436.54,20926.11,3463.91,4000.54,3133.24,5529.15,10547.8,13106.04,12160.84,16898.1,3858.05,5089.44,10023.61,4898.3,7560.48,13085.41,24089.68,21020.31,7635.56,5602.97,9466.63,9984.26,1e+09,14634.72,21940.41,3282.64,6251.46,2826.44,4147.11,4996.82,3705.26,4063.39,11555.47,6134.36,11089.69,4540.14,4272.54,4048.06,13433.74,3142.46,4067.87,4308.74,4255.41,6081.75,8967.02,14406.19
39566.71,66501.53,71521.4,62389.34,78355.99,14782.79,12951.7,18364,25155.12,34671.97,16791.79,14735.73,16055.91,16971.88,11691.09,36174.58,36063.17,5658.72,14543.86,14679.05,6392.74,17184.74,30351.87,29707.51,37349.27,35920.35,23157.82,13324.87,30404.34,20105.31,14634.72,1e+09,3455.07,17957.01,7796.9,18789.08,9197.98,11313.77,10115.45,14259.58,5610.06,11448.64,5566.47,13257.13,16812.33,14016.62,4602.63,18331.21,11592.36,9736.83,15209.86,14434.25,6502.57,4373.06
47788.19,74403.98,79458.18,70945.43,86994.88,22980.19,6773.49,28837.35,36084.97,45794.04,23599.47,21013.72,24008.94,24481.29,16011.01,43299.42,44233.56,6529.94,22328.31,23463,13280.29,22752.2,38307.97,41686.87,48607.84,47776.99,34432.53,19976.14,40268.77,31078.22,21940.41,3455.07,1e+09,25695.91,11882.84,26627.54,12991.71,14295.91,16901.22,18734.78,9280.44,19218.54,10167.03,21681.79,24932.72,22812.17,7570.2,26658.76,18993.34,18632.01,23117.96,22788.44,10884.9,4857.58
15544.46,38737.16,43024.69,43508.69,50560.37,9256.98,42284.17,8427.22,12635.12,19732.95,3806.3,4774.29,2604.69,2998.15,9198.41,10767.59,11348.43,19353.97,2915.55,3135.93,10564.53,3184.58,6562.43,14221.76,22801.82,22590.62,8638.74,3014.16,9316.22,11193.62,3282.64,17957.01,25695.91,1e+09,7991.11,2910.44,5757.82,5511.88,4631.44,4201.23,13669.23,5398.95,13068.29,3332.56,2705.54,3113.03,15385.82,1952.25,4187.77,5305.95,2823.75,5937.03,9132.29,16987.81
26890.25,52936.91,57945.64,53231.84,64737.74,13338.95,26995.44,13070.9,15788.4,26625.24,6196.01,6341.85,6887.52,5633.79,11867.63,24362.67,26416.66,10530.61,5603.51,7300.87,5961.64,6825.19,19896.3,20087.75,30021.5,27087.47,13554.72,4732,18284.24,15042.94,6251.46,7796.9,11882.84,7991.11,1e+09,9105.02,3524.66,3155.55,3451.15,4976.48,5776,4174.8,6116.98,3689.24,6853.97,6376.12,7519.84,7747.11,2487.55,4757.42,5314.84,9852.51,5908.32,7542.13
13689.24,36765.16,41057.77,41285.6,48216.91,8700.15,42003.57,8095.45,11015.41,18739.52,4589.86,4920.7,3253.06,3588.09,9959.09,9689.8,9777.08,20672.99,3792.95,4154.79,12545.59,3808.52,4877.77,13414.85,22735.29,20825.41,7226.62,6303.03,7668.43,9300.37,2826.44,18789.08,26627.54,2910.44,9105.02,1e+09,5982.5,7741.83,6248.52,4934.97,14737.85,8083.8,13739.48,5636.06,3391.52,3389.74,16323.64,2467.04,7219.19,5042.85,4876.24,5000.03,10999.76,18439.23
24400.45,52658.21,57251.43,55198.41,64683.47,10410.47,27406.56,11808.2,15194.47,27231.96,6393.13,5259.61,4504.67,7112.21,11617.78,18124.63,17120.78,11474.84,5479.48,6438.04,7303.24,6787.77,12392.67,19492.9,30296.09,26629.76,12707.69,6171.75,15608.02,13686.62,4147.11,9197.98,12991.71,5757.82,3524.66,5982.5,1e+09,4035.12,4276.72,5810.41,7429.66,4975.97,8306.9,5565.91,6311.69,5077.16,8828.41,6105.32,4731.29,5213.21,5929.61,6260.91,7615.16,9218.41
24208.84,50166.02,55180.44,52942.39,62346.59,14463.52,28980.52,12508.61,17211.05,27099.46,5616.67,5770.61,5980.48,5484.74,10697.48,21286.65,22149.37,12091.7,4892.58,5339.92,7033.57,5516.49,15756.32,21268.48,30812.76,28536.87,14026.46,3994.2,16952.65,16719.14,4996.82,11313.77,14295.91,5511.88,3155.55,7741.83,4035.12,1e+09,3352.91,4946.27,7327.69,5592.54,9700.72,4487.47,6216.83,7283.75,10021.3,5887.8,3761.38,6308.44,4387.41,10124.39,6895.19,11595.89
21567.11,46283.09,51217.95,48839.94,58010.05,10366.51,33162.06,10016.27,12744.34,23337.91,4545.65,5017.36,4327.48,4762.05,10197.42,19273.97,19727.24,11731.67,3060.16,4065.71,5825.27,5120.58,13196.03,16604.53,26204.23,23645.01,10484.99,3768.04,13560.77,12312.01,3705.26,10115.45,16901.22,4631.44,3451.15,6248.52,4276.72,3352.91,1e+09,5332.58,6681.76,3690.04,7094.06,2757.59,3805.02,3959.08,8563.96,4953.49,2401.17,4341.96,3033.72,7075.08,6992.35,10864.29
20162.19,45903.02,50666.7,48957.88,58713.08,12235.82,34367.55,14808.33,17899.22,27560.94,3539.81,4417.91,4015.48,4739.07,9417.75,14017.92,15499.01,15563.06,3890.36,6720.83,10227.45,2997.43,10180.34,21269.2,31525.36,29414.74,14210.61,4588.87,14313.01,16742.52,4063.39,14259.58,18734.78,4201.23,4976.48,4934.97,5810.41,4946.27,5332.58,1e+09,10304.7,7808.3,11983.59,6839.37,6229.2,8010.05,13029.34,5951.09,5039.23,6517.93,5654.61,8999.86,8978.67,14305.09
31442.38,53355.7,58290.56,48866.97,64983.32,10865.55,24719.42,11209.18,17169.09,24064.46,11850.83,11357.05,11339.87,11205.31,10346.18,30695.87,31195.82,5110.69,10164.98,9183.97,2409.22,11469.69,24746.34,21587.84,26403.29,26308.63,15564.3,6956.22,23198.48,13149.58,11555.47,5610.06,9280.44,13669.23,5776,14737.85,7429.66,7327.69,6681.76,10304.7,1e+09,5509.7,1788.91,8787.9,11368.84,8718.48,1971.78,14000.96,8134.49,5585.23,10692.01,9059.19,4020.16,6808.85
21243.9,43452.11,48378.5,43499.87,54869.47,9585.63,35573.55,7106.56,10709.31,17915.78,6116.97,6691.56,4656.4,3717.48,9236.46,21642.81,22595.24,11440.46,4136.27,3206.66,3339.28,6443.61,15630.55,13804.88,20240.82,19293.89,8604.91,2999.91,12921.53,10322.74,6134.36,11448.64,19218.54,5398.95,4174.8,8083.8,4975.97,5592.54,3690.04,7808.3,5509.7,1e+09,5260.29,2130.79,3483.99,3043.42,7292.77,4964.92,2590.03,2462.64,3344.76,6345.63,7976.22,12026.3
29882.54,51288.76,56183.84,47099.45,62674.81,8578.75,25392.06,9707.82,15636.28,22296.94,12024.11,11704.06,10352.49,10703.66,8530.62,30029.46,29992.13,5239.12,9554.16,7824.13,2324.24,12407.47,23435.89,19263.38,24381.8,23857.51,13657.49,6540.44,21892.59,12102.8,11089.69,5566.47,10167.03,13068.29,6116.98,13739.48,8306.9,9700.72,7094.06,11983.59,1788.91,5260.29,1e+09,7920.5,9913.5,7246.01,2203.29,13024.32,7634.51,5314.13,9747.48,7538.47,3918.37,7399.02
18950.87,41337.47,46272.33,43858.12,52846.56,10824.33,37485.81,7756,9609.47,17844.66,4344.44,5569.3,3452.35,2991.08,9064.8,19125.36,20178.89,14685.25,2832.47,2399.51,6046.21,5047.39,13439.29,12888.89,20688.29,18990.78,8182.94,2676.8,11064.58,11299.11,4540.14,13257.13,21681.79,3332.56,3689.24,5636.06,5565.91,4487.47,2757.59,6839.37,8787.9,2130.79,7920.5,1e+09,2244.81,2797.35,10405.92,3221.15,1671.09,3330.6,2130.02,6373.78,7315.17,12683.65
16433.83,37911.14,42479.62,42427.75,49624.27,8203.62,41943.96,7106.29,10435.98,16560.76,4333.53,5291.32,2517.86,3752.43,9696.09,13850.22,14075.61,17245.85,1474.3,1818.35,7964.9,4247.88,7955.18,11691.22,20836.51,20250.09,6948.84,4354.73,10397.62,9603.29,4272.54,16812.33,24932.72,2705.54,6853.97,3391.52,6311.69,6216.83,3805.02,6229.2,11368.84,3483.99,9913.5,2244.81,1e+09,2379.91,12759.09,2693.18,3821.78,4632.85,2042.73,5376.47,9599.87,15914.43
17288.79,39995.6,44515.62,42018.66,51470.25,6484.83,40100.34,6467.32,9858.68,17320.68,5398.35,5900.57,3018.88,4370.96,10613.76,14468.71,13797.48,14218.88,2551.2,2690.15,5805.12,5859.14,8657.27,12206.22,19508.47,19148.75,6816.28,5100.45,10938.49,8088.21,4048.06,14016.62,22812.17,3113.03,6376.12,3389.74,5077.16,7283.75,3959.08,8010.05,8718.48,3043.42,7246.01,2797.35,2379.91,1e+09,9519.44,3482.67,4559.88,3797.37,3395.69,3507.87,8967.95,13873.24
34092.09,56382.11,61330.94,52586.95,68123.04,9863.95,22414.09,12147.38,19763.03,27392.96,14270.56,14058.69,12842.33,13357.42,10363.39,32606.81,32575.39,3420.34,11836.02,10385.62,3533.15,14911.97,26242.78,23497.29,29194.05,28863.27,17649.17,9028.49,25459.24,15189.95,13433.74,4602.63,7570.2,15385.82,7519.84,16323.64,8828.41,10021.3,8563.96,13029.34,1971.78,7292.77,2203.29,10405.92,12759.09,9519.44,1e+09,15663.58,10013.83,6584.06,12269.42,9597.96,3853.68,6559.31
14663.26,36800.09,41276.25,40891.38,48215.54,10387.8,42324.32,7264.29,10351.7,17789.21,3908.97,4645.28,2482.9,3242.48,9421.45,12506.31,12893.8,19912.6,3798.62,2375.83,10815.57,3604.23,6738.02,12807.63,19935.41,19604.23,7169.81,3117.9,8302.32,11310.1,3142.46,18331.21,26658.76,1952.25,7747.11,2467.04,6105.32,5887.8,4953.49,5951.09,14000.96,4964.92,13024.32,3221.15,2693.18,3482.67,15663.58,1e+09,3703.81,5897.78,2835.05,6686.59,9966.57,17740.54
21001.84,45009.38,49944.24,47552.89,56736.34,12657.06,35243.68,10095.56,11316.59,20670.2,4747.62,4483.06,4507.77,3210.19,9124.79,19936.07,22217.78,13665.16,3806.43,3946.3,6278.75,5536.75,15651.45,15621.23,24084.78,21737.88,10384.3,2356.13,13547.18,12617.95,4067.87,11592.36,18993.34,4187.77,2487.55,7219.19,4731.29,3761.38,2401.17,5039.23,8134.49,2590.03,7634.51,1671.09,3821.78,4559.88,10013.83,3703.81,1e+09,3645.46,2581.45,8089.95,6818.42,10831.91
20001.13,43281.15,47970.68,44594.53,55200.53,6953.71,34634.83,8609.3,10896.55,18950.1,5119.82,6481.78,3529.93,5518.5,9474.9,17662.96,18013.65,10564.82,3928.83,4444.89,3749.35,5930.16,12701.88,14331.25,20874.35,19824.92,9397.12,4958.03,14047.86,9549.9,4308.74,9736.83,18632.01,5305.95,4757.42,5042.85,5213.21,6308.44,4341.96,6517.93,5585.23,2462.64,5314.13,3330.6,4632.85,3797.37,6584.06,5897.78,3645.46,1e+09,4126.88,4006.92,7237.97,10730.69
17289.64,40005.15,45012.88,43598.22,51787.74,9399.03,39839.31,8718.62,11034.38,18831.6,4218.46,4883.45,2925.58,3333.6,8908.46,15726.39,17219.71,16376.75,2182.18,2519.18,7454.22,3823.21,10976.06,13956.13,21385.13,20166.03,8625.87,3100.08,11361.58,12693.2,4255.41,15209.86,23117.96,2823.75,5314.84,4876.24,5929.61,4387.41,3033.72,5654.61,10692.01,3344.76,9747.48,2130.02,2042.73,3395.69,12269.42,2835.05,2581.45,4126.88,1e+09,6159.76,8356.32,14276.77
16814.81,40441.13,44611.9,45050.14,52833.39,3475.61,38563.21,6307.01,8967.89,19549.81,8344.01,7096.37,4856.03,5633.49,8646.63,12679.5,10929.73,13921.77,4701.24,5563.23,6403.6,7387.29,7619.26,12797.28,21935.52,18778.79,7308.28,7667.85,11513.44,5800.73,6081.75,14434.25,22788.44,5937.03,9852.51,5000.03,6260.91,10124.39,7075.08,8999.86,9059.19,6345.63,7538.47,6373.78,5376.47,3507.87,9597.96,6686.59,8089.95,4006.92,6159.76,1e+09,9000.56,14467.91
28138.82,52543.17,57689.44,53061.95,65808.04,10271.92,23100.26,15046.06,18115.06,27064.68,11579.51,9699.32,8895.13,10202.77,5906.94,26632.6,26730,4504.5,7226.05,9375.27,5685.56,10413.03,21039.33,22638.45,29361.67,27992.16,17382.74,9213.25,23475.62,16202.03,8967.02,6502.57,10884.9,9132.29,5908.32,10999.76,7615.16,6895.19,6992.35,8978.67,4020.16,7976.22,3918.37,7315.17,9599.87,8967.95,3853.68,9966.57,6818.42,7237.97,8356.32,9000.56,1e+09,4832.6
38845.57,65372.1,70562.32,62657.34,78129.29,15711.49,12429.32,20850.12,26108.2,37056.2,17369.29,15283.57,15086.71,16824.98,9602.13,35807.55,35188.44,3891.46,13604.72,15499.94,8218.03,16923.75,29712.19,30831.13,39090.7,37164.45,24753.22,14795.21,32151.86,22120.71,14406.19,4373.06,4857.58,16987.81,7542.13,18439.23,9218.41,11595.89,10864.29,14305.09,6808.85,12026.3,7399.02,12683.65,15914.43,13873.24,6559.31,17740.54,10831.91,10730.69,14276.77,14467.91,4832.6,1e+09
