1e+09,13050.49,15632.1,18013.55,23199.42,12190.44,53364.24,9999.38,9272.18,8410.05,9780.55,11191.95,9657.7,10608.55,16399.11,9776.43,8839.6,29038.92,9321.73,9640.91,19200.74,10481.53,6310.52,8514.4,8546.95,8852.94,7563.16,11372.91,6595.11,10114.41,9182.18,28493.82,36464.49,7369.31,17890.41,8715.96,13451.38,14696.34,11924.2,11836.26,23723.14,14631.78,24777.66,11387.55,9232.99,9789.99,24498.08,7995.57,14200.92,14297.8,10081.79,11435.86,21168.86,28300.55
13050.49,1e+09,5610.74,7489.64,15244.75,35812.58,77687.05,28405.73,28399.2,17485.03,31676.1,36702.2,34058.07,33514.52,42919.92,26256.65,22364.41,54462.77,32843.45,33617.33,41700.01,34045.22,26421.56,25296.37,19889.87,20748.46,27868.05,33619.31,27908.6,33015.75,36686.22,56678.21,62842.13,31320.56,42225.16,34231.91,42176.27,42039.82,37348.82,36648.91,48956.89,37829.7,49748.09,34503.61,32399.22,35463.33,48742.8,32436.33,37378.93,40095.78,34169.92,36118.78,48403.97,56268.77
15632.1,5610.74,1e+09,4206.88,9856.49,37897.17,81761.21,32362.63,32202.02,20684.72,35125.48,40394,37078.12,37535.38,45687.82,29508.47,26011.05,58800.92,36062.1,37722.21,46043.25,37871.26,28887.72,29796.52,21819,22176.59,31746.48,37970.39,30889.8,35275.11,38753.33,60104.57,67259.84,34352.91,46640.32,36796.26,44887.33,46309.92,41686.97,40257.23,53295.04,42153.28,53575.21,38998.53,35713.59,38060.89,52959.72,35959.98,41720.65,42857.54,38425.99,38298.55,51832.06,59459.4
18013.55,7489.64,4206.88,1e+09,10577.08,37152.91,71824.48,31171.3,31488.02,20589.99,36363.65,40434.56,39226.46,36575.31,45518.88,33452.83,30435.62,49077.59,36415.38,35596.69,37017.49,37961.45,32137.58,30193.51,21926.36,23401.79,32020.1,36166.18,33476.57,33977.81,40467.23,51583.55,57826.71,35609.49,42013.8,39043.24,43591.71,43709.02,39259.7,39716.24,43822.09,36623.91,44281.86,36508.31,35587.18,36133.46,42956.93,35529.46,38754.64,40416.49,36756.76,39730.35,48984.61,52478.73
23199.42,15244.75,9856.49,10577.08,1e+09,47211.11,89302.82,41109.35,40531.87,30148.51,41788.69,47940.11,47322.69,45354.64,56138.32,36872.97,37167.7,65982.79,44849.7,45433.21,52923.99,46102.83,36821.99,40633.5,30450.73,31611.3,39255.77,45273.84,38316.69,43860.09,47608.79,68502.33,75043.97,42437.21,53822.19,44935.62,54662.57,53900.75,48868.84,48671.18,60476.91,49034.02,61335.04,46365.49,43510.36,45796.91,59921.91,43161.31,48799.55,53067.93,45770.86,48259.69,62779.5,68902.81
12190.44,35812.58,37897.17,37152.91,47211.11,1e+09,30554.93,6469.91,7129.97,15455.34,12242.95,10201.67,6161.83,13690.97,7226.79,15595.82,11697.34,11909.41,7164.17,8645.34,7975.97,13715.52,8913.66,9384.36,14759.33,14617.23,6870.91,11061.27,10903.59,4138.12,7294.32,12775.47,19422.44,10480.98,11241.78,8937.62,8874.54,12878.51,9814.08,13247.46,10374.13,8681.86,10462.16,11880,8205.65,6720.92,8602.47,11309.74,11883.72,7020.85,10896.9,3828.69,12363.15,14744.77
53364.24,77687.05,81761.21,71824.48,89302.82,30554.93,1e+09,37725.71,45179.29,51792.79,42583.64,39928.93,37119.41,40968.87,23516.87,58482.91,58455.1,13741.44,40398.93,39306.45,28746.37,39532.75,53226.93,48786.27,53380.89,53513.02,44048.04,36667.98,51496.78,40674.11,37376.07,15278.61,10601.73,43447.83,31536.17,41033.91,30033.15,30977.82,35497.29,37829.71,24339.42,35174.01,23635.05,38119.96,41291.74,38749.76,21753.31,41937.08,36767.97,31794.74,39331.23,36053.99,19407.49,15158.72
9999.38,28405.73,32362.63,31171.3,41109.35,6469.91,37725.71,1e+09,4830.73,8835.51,7598.08,8477.09,6793.45,7053.73,13166.39,10242.34,7549.56,14423.26,7065.99,6452.42,6529.16,7841.93,7420.85,6255.59,9529.57,10870.28,5267.91,5367.04,5418.54,5063.76,6103.76,15405.67,23304.09,6610.88,9469.14,6783.08,8402.07,8985.77,7232.25,9641.57,10608.6,6586.01,12000.11,6977.41,6429.79,5625.85,10261.97,6093.79,7833.86,9338.93,7627.96,5854.17,15843.62,18095.73
9272.18,28399.2,32202.02,31488.02,40531.87,7129.97,45179.29,4830.73,1e+09,8959.89,11939.86,9684.29,9971.67,10729.62,18258.34,11766.06,7283.34,21256.33,10507.66,10130.69,11310.83,12581.14,8256.27,3630.71,9278.57,8454.94,3331.42,10243.37,6256.59,3156.32,8071.98,21186.45,29742.65,10624.09,11107.2,8727.23,12209.99,12643.98,9238.56,14495.09,16706.65,8952.55,17332.11,9757.06,8251.02,7871.96,17128.79,8939.01,8538.43,11706.14,9093.05,8236.66,17778.04,22160.19
8410.05,17485.03,20684.72,20589.99,30148.51,15455.34,51792.79,8835.51,8959.89,1e+09,15925.62,20043.33,17819.11,16109.66,23981.06,15652.96,9499.64,28142.82,15209.57,15778.89,16785.98,17363.55,14304.12,5895.74,4494.64,4484,10232.67,15592.55,12266.96,11436.79,16360.07,29293.06,37795.02,16273.62,20002.86,16108.56,21762.7,21608.43,17912.39,19604.83,23420.22,15699.74,24228.87,16030.25,13947.62,15066.86,22882.64,16066.46,16967.41,19642.13,16412.44,17233.15,28231.46,31993.67
9780.55,31676.1,35125.48,36363.65,41788.69,12242.95,42583.64,7598.08,11939.86,15925.62,1e+09,5863.22,7078.53,3931.76,13659.05,6353.61,10832.07,18331.33,6157.24,5885.17,8709.94,3177.26,6014.3,12097.98,19451.48,21389.68,8445.78,4845.13,7702.9,10967.32,6029.8,19353.36,23837.59,3896.39,6611.56,5612.5,8284.34,6684.9,5318.07,3800.31,14244.77,7023.81,15494.72,3744.2,5248.93,5981.31,16763.43,4029.75,6143.95,8538.57,5191.89,11149.82,16681.95,20144.32
11191.95,36702.2,40394,40434.56,47940.11,10201.67,39928.93,8477.09,9684.29,20043.33,5863.22,1e+09,5028.85,3816.48,11754.06,11762.34,9782.52,15576.73,5053.88,4750.49,5977.98,5070.5,6576.36,11138.88,20034.78,21381.88,6868.12,5322.53,7888.03,9167.93,4392.4,16114.64,21805.12,4110.2,6048.13,4065.59,4867.42,5266.58,5053.23,4728.28,13369.17,6421.33,13435.7,4788.68,4972.15,5288.86,16059.02,3355.03,4321.14,6948.88,4215.4,7362.58,11201.53,16085.72
9657.7,34058.07,37078.12,39226.46,47322.69,6161.83,37119.41,6793.45,9971.67,17819.11,7078.53,5028.85,1e+09,4720.05,6748.43,12208.62,10068.5,11990.94,2605.89,3650.26,6843.11,6192.19,5910,10624.17,19759.7,18580.26,7186.75,5664.31,8723.39,7719.18,3151.8,12067.64,18530.25,3893.57,6379.93,3399.86,3571.1,5811.83,4599.79,4530.03,7865.34,5245.77,8670.46,4895.53,2815.82,3206.41,7974.92,3154.25,5145.41,3427.2,3903.94,3786.37,6844.12,11469.73
10608.55,33514.52,37535.38,36575.31,45354.64,13690.97,40968.87,7053.73,10729.62,16109.66,3931.76,3816.48,4720.05,1e+09,12384.48,10495.82,12365.84,15631.84,4627.69,4142.06,6382.66,2992.01,7452.83,13556.77,18370.28,19982.2,8319.37,2015.42,8457.13,11126.39,6411.09,17586.54,21802.03,3563.27,4417.87,4110.44,6901.35,5030.6,4348.35,3326.57,11863.24,4359.22,13769.44,2051.78,5924.61,5733.76,14460,3348.17,3141.3,7603.9,4078.56,7790.72,12279.91,17563.95
16399.11,42919.92,45687.82,45518.88,56138.32,7226.79,23516.87,13166.39,18258.34,23981.06,13659.05,11754.06,6748.43,12384.48,1e+09,19823.73,18168.71,8395.22,8955.57,9954.13,9734.56,10919.75,13278.3,19045.2,26202.63,26671.46,14816.29,12262.37,15710.96,13067.29,10075.17,9168.77,12214.08,10680.69,11851.29,10575.89,10281.48,10445.74,10435.02,10040.91,8909.33,11997.94,7963.11,12208.8,10652.05,10952.38,8885.35,10710.4,11951.58,9355.73,10276.9,8371.17,6558.23,7449.91
9776.43,26256.65,29508.47,33452.83,36872.97,15595.82,58482.91,10242.34,11766.06,15652.96,6353.61,11762.34,12208.62,10495.82,19823.73,1e+09,5397.35,34432.16,13099.41,14869.18,23610.74,8532.88,5556.03,13194.67,16227.08,16764.54,12079.57,12754.29,6393.86,12780.71,12630.52,34967.4,40092.85,9600.57,21517.55,9817.14,16408.65,18913.29,17411.33,10970.12,30694.08,21500.51,31396.14,13148.68,14611.68,15061.22,33058.71,12270.26,18674.55,18897.52,15390.69,13259.11,27267.3,34968.86
8839.6,22364.41,26011.05,30435.62,37167.7,11697.34,58455.1,7549.56,7283.34,9499.64,10832.07,9782.52,10068.5,12365.84,18168.71,5397.35,1e+09,32619.79,10735.84,13238.51,23357.08,11373.52,5092.87,6168.38,10722.5,10185.39,7343.11,16265.73,5928.4,9494.18,9680.16,32275.63,39762.13,8495,21921.23,8276.49,13970.14,17879.78,15247.62,12323.94,27579.35,18884.95,29279.13,16005.89,10947.48,11046.79,28654.42,9587.27,18400.98,16112.77,13786.8,10391.28,24792.47,31776.81
29038.92,54462.77,58800.92,49077.59,65982.79,11909.41,13741.44,14423.26,21256.33,28142.82,18331.33,15576.73,11990.94,15631.84,8395.22,34432.16,32619.79,1e+09,14723.78,12831.04,5959.37,14030.06,27998.82,24388.38,29563.67,30002.9,19411.43,11184.54,26279.64,16033.19,13876.16,4934.03,4811.6,19588.88,8148.13,17706.66,9167.24,9199.71,11703.27,12717.48,4187.98,9228.62,4690.84,14216.55,15368.82,12772.6,4177.11,18412.74,13322.37,7256.47,15740.61,12241.83,5752.91,3892.42
9321.73,32843.45,36062.1,36415.38,44849.7,7164.17,40398.93,7065.99,10507.66,15209.57,6157.24,5053.88,2605.89,4627.69,8955.57,13099.41,10735.84,14723.78,1e+09,2208.98,6816.63,5292.24,6092.77,9927.75,18281.88,18382.76,6345.12,4975.6,8690.37,7418.94,3548.96,14299.54,21746,3748.97,6078.12,3852.99,4912.64,5068.48,3478.68,4844.73,9733.76,3798.45,11368.76,4045.76,1229.22,1787.68,10798.45,3783.73,4314.5,4368.36,2169.99,4598.88,9614.03,14018.78
9640.91,33617.33,37722.21,35596.69,45433.21,8645.34,39306.45,6452.42,10130.69,15778.89,5885.17,4750.49,3650.26,4142.06,9954.13,14869.18,13238.51,12831.04,2208.98,1e+09,4223.37,5260.33,8222.5,11437.53,17220.64,18813.39,6811.78,3722.23,9784.68,8324.64,4588.08,13981.28,20145.19,3241.84,5324.75,4684.92,5331.52,3555.95,2937.57,5485.09,8737.1,3144.55,11021,2795.49,2071.2,2939.42,10387.86,2642.05,2918.27,5644.68,1927.53,6774.83,9725,14606.81
19200.74,41700.01,46043.25,37017.49,52923.99,7975.97,28746.37,6529.16,11310.83,16785.98,8709.94,5977.98,6843.11,6382.66,9734.56,23610.74,23357.08,5959.37,6816.63,4223.37,1e+09,6271.18,18887.91,14340.45,18831.83,19369.91,9713.79,3214.5,15512.15,8337.35,6406.74,6122.99,10580.9,9645.47,3790.95,8183.16,4896.79,3472.69,4072.86,6132.57,3181.13,2758.69,3721.06,5279.45,6732.38,5557.25,3967.63,7935.56,3829.36,3936.38,6024.09,6748.83,8659.12,8779.52
10481.53,34045.22,37871.26,37961.45,46102.83,13715.52,39532.75,7841.93,12581.14,17363.55,3177.26,5070.5,6192.19,2992.01,10919.75,8532.88,11373.52,14030.06,5292.24,5260.33,6271.18,1e+09,6342.59,15232.14,20736.95,23560.34,9523.96,4176.31,8305.18,12488.8,6016.96,18249.96,19548.59,3552.53,6117.51,4837.79,7594.9,5318.87,4918.67,2274.34,11912.64,7368.17,14754.9,2580.94,5980.24,7591.86,15993.52,3923.48,5963.1,8733.47,4841.5,9860.58,14041.43,18913.5
6310.52,26421.56,28887.72,32137.58,36821.99,8913.66,53226.93,7420.85,8256.27,14304.12,6014.3,6576.36,5910,7452.83,13278.3,5556.03,5092.87,27998.82,6092.77,8222.5,18887.91,6342.59,1e+09,9304.72,16219.16,16308.43,6209.74,10521.24,4151.2,7782.6,5966.37,27351.06,34685.76,4697.11,17300.26,4270.56,9702.27,12955.21,10626.65,7320.61,22958.38,14415.78,24354.56,10813.19,6338.91,7006.86,24185.25,5308.22,13780.01,11261.24,9165.83,7369.18,19867.9,26852.24
8514.4,25296.37,29796.52,30193.51,40633.5,9384.36,48786.27,6255.59,3630.71,5895.74,12097.98,11138.88,10624.17,13556.77,19045.2,13194.67,6168.38,24388.38,9927.75,11437.53,14340.45,15232.14,9304.72,1e+09,9821.13,7577.17,3760.41,12725.28,8099.29,5552.82,9120.08,23745.85,34363.49,11126.32,14085.88,9900.87,13934.24,15661.23,11928.06,16296.21,19347.94,11309.04,20229.45,12391.37,8642.74,8782.6,19114.09,10970.3,12311.04,14107.88,11373.7,10087.87,20640,24961.32
8546.95,19889.87,21819,21926.36,30450.73,14759.33,53380.89,9529.57,9278.57,4494.64,19451.48,20034.78,19759.7,18370.28,26202.63,16227.08,10722.5,29563.67,18281.88,17220.64,18831.83,20736.95,16219.16,9821.13,1e+09,3224.61,9890.49,17492.06,12930.02,12556.05,16899.98,29975.73,39566.76,17848.34,22133.78,17574.87,22562.18,22499.31,19262.55,22786.07,24661.03,17084.51,25435.8,18889.74,16984.45,15810.29,23602.15,16118.67,18922.46,20402.02,18413.44,17374.17,28788.11,32702.77
8852.94,20748.46,22176.59,23401.79,31611.3,14617.23,53513.02,10870.28,8454.94,4484,21389.68,21381.88,18580.26,19982.2,26671.46,16764.54,10185.39,30002.9,18382.76,18813.39,19369.91,23560.34,16308.43,7577.17,3224.61,1e+09,9605.16,19119.57,15836.59,12225.66,16523.4,29584.99,38951.67,19658.32,20455.77,17412.7,21968.18,23057.08,19111.48,25604.91,24080.35,16705.04,24698.42,19043.82,16203.33,15588.51,23147.99,18671.31,18323.12,19339.71,18291.71,15861.52,26256.73,30837.49
7563.16,27868.05,31746.48,32020.1,39255.77,6870.91,44048.04,5267.91,3331.42,10232.67,8445.78,6868.12,7186.75,8319.37,14816.29,12079.57,7343.11,19411.43,6345.12,6811.78,9713.79,9523.96,6209.74,3760.41,9890.49,9605.16,1e+09,8219.97,5294.28,4254.34,6160.53,19346.7,28677.97,7090.57,9349.37,6537.27,10204.08,10309.32,7297.04,11520.68,15006.91,7185.64,15700.08,8142.27,5455.97,5471.18,15168.84,6252.41,8138.18,9798.56,6362.79,7155.62,15575.34,20300.56
11372.91,33619.31,37970.39,36166.18,45273.84,11061.27,36667.98,5367.04,10243.37,15592.55,4845.13,5322.53,5664.31,2015.42,12262.37,12754.29,16265.73,11184.54,4975.6,3722.23,3214.5,4176.31,10521.24,12725.28,17492.06,19119.57,8219.97,1e+09,8696.95,10653.17,6548.78,14312.99,18868.03,3627.02,4641.79,6639.39,7113.76,4135.84,3677.36,4226.94,7781.68,3879.65,10602.68,2274.17,5149.47,5418.56,9772.18,3060.09,2907.45,7685.68,3757.68,9025.35,12198.53,16191.35
6595.11,27908.6,30889.8,33476.57,38316.69,10903.59,51496.78,5418.54,6256.59,12266.96,7702.9,7888.03,8723.39,8457.13,15710.96,6393.86,5928.4,26279.64,8690.37,9784.68,15512.15,8305.18,4151.2,8099.29,12930.02,15836.59,5294.28,8696.95,1e+09,7635.28,8002.29,26879.38,35141.28,6924.65,14470.6,6092.27,12119.62,13621.95,10506.87,9940.61,22511.04,12204.34,23934.3,8405.62,8376.23,9552.66,24210.65,6878.88,11035.13,13694,9726.82,9679.21,20696.34,27764.22
10114.41,33015.75,35275.11,33977.81,43860.09,4138.12,40674.11,5063.76,3156.32,11436.79,10967.32,9167.93,7719.18,11126.39,13067.29,12780.71,9494.18,16033.19,7418.94,8324.64,8337.35,12488.8,7782.6,5552.82,12556.05,12225.66,4254.34,10653.17,7635.28,1e+09,6582.39,16525.02,25070.02,9537,10040.4,7393.07,9503.46,11481.78,8472.23,13676.66,12376.6,7947.41,13592.56,9742.01,7375.34,6226.08,12892.25,9163.53,8972.22,8325.21,9146.08,5008.99,15845.17,18736.47
9182.18,36686.22,38753.33,40467.23,47608.79,7294.32,37376.07,6103.76,8071.98,16360.07,6029.8,4392.4,3151.8,6411.09,10075.17,12630.52,9680.16,13876.16,3548.96,4588.08,6406.74,6016.96,5966.37,9120.08,16899.98,16523.4,6160.53,6548.78,8002.29,6582.39,1e+09,12364.3,19266.95,3322.69,5502.28,2274.8,3151.64,4654.88,3913.67,4633.94,9155.28,4428.48,9717.96,5129.85,3276.05,1932.35,10636.72,2736.41,4426.52,3859.24,3808.15,4630.41,9314.6,12520.32
28493.82,56678.21,60104.57,51583.55,68502.33,12775.47,15278.61,15405.67,21186.45,29293.06,19353.36,16114.64,12067.64,17586.54,9168.77,34967.4,32275.63,4934.03,14299.54,13981.28,6122.99,18249.96,27351.06,23745.85,29975.73,29584.99,19346.7,14312.99,26879.38,16525.02,12364.3,1e+09,3760.29,18860.55,9150.64,16549.38,8090.76,11183.35,11788.28,16008.3,4827.82,10450.92,3301.54,13923.95,14773.92,12520.78,4125.87,17354.45,12218.9,6584.69,14336.8,11928.88,5249.18,4161.37
36464.49,62842.13,67259.84,57826.71,75043.97,19422.44,10601.73,23304.09,29742.65,37795.02,23837.59,21805.12,18530.25,21802.03,12214.08,40092.85,39762.13,4811.6,21746,20145.19,10580.9,19548.59,34685.76,34363.49,39566.76,38951.67,28677.97,18868.03,35141.28,25070.02,19266.95,3760.29,1e+09,25099.34,13100.84,23188.41,12549.4,12094.74,17052.88,17911.39,6117.2,16717.66,6250.44,19713.87,22590.51,20011.09,7828.22,24042.53,18890.2,13216.07,21230.78,18831.73,9285.24,5443.16
7369.31,31320.56,34352.91,35609.49,42437.21,10480.98,43447.83,6610.88,10624.09,16273.62,3896.39,4110.2,3893.57,3563.27,10680.69,9600.57,8495,19588.88,3748.97,3241.84,9645.47,3552.53,4697.11,11126.32,17848.34,19658.32,7090.57,3627.02,6924.65,9537,3322.69,18860.55,25099.34,1e+09,7552.28,3045.17,5884.19,4897.33,4059.62,3378.45,14866.4,6221.2,15691.89,3600.98,3234.59,3833.82,16784.84,1320.97,4658.58,7255.39,3205.78,8022.74,11605.55,18472.54
17890.41,42225.16,46640.32,42013.8,53822.19,11241.78,31536.17,9469.14,11107.2,20002.86,6611.56,6048.13,6379.93,4417.87,11851.29,21517.55,21921.23,8148.13,6078.12,5324.75,3790.95,6117.51,17300.26,14085.88,22133.78,20455.77,9349.37,4641.79,14470.6,10040.4,5502.28,9150.64,13100.84,7552.28,1e+09,6916.87,4009.3,2912.78,2964.25,5033.84,6122.42,2779.25,6339.26,2717.42,5205.85,4437.34,9009.2,5842.37,1724.29,3993.24,3760.2,9111.22,7356.91,9221.66
8715.96,34231.91,36796.26,39043.24,44935.62,8937.62,41033.91,6783.08,8727.23,16108.56,5612.5,4065.59,3399.86,4110.44,10575.89,9817.14,8276.49,17706.66,3852.99,4684.92,8183.16,4837.79,4270.56,9900.87,17574.87,17412.7,6537.27,6639.39,6092.27,7393.07,2274.8,16549.38,23188.41,3045.17,6916.87,1e+09,4040.97,5765.89,5075.47,3834.04,13623.98,6984.67,13644.12,5245.31,3008.63,2700.49,15470.58,2662.87,6006.25,5219.5,4591.26,5385.22,11227.81,16294.14
13451.38,42176.27,44887.33,43591.71,54662.57,8874.54,30033.15,8402.07,12209.99,21762.7,8284.34,4867.42,3571.1,6901.35,10281.48,16408.65,13970.14,9167.24,4912.64,5331.52,4896.79,7594.9,9702.27,13934.24,22562.18,21968.18,10204.08,7113.76,12119.62,9503.46,3151.64,8090.76,12549.4,5884.19,4009.3,4040.97,1e+09,4237.93,4629.83,6549.96,4612.6,4190.54,6019.22,5633.68,5005.47,3554.87,6952.18,4946.35,4084.75,3566.72,5165.96,4267.06,7359.18,8579.27
14696.34,42039.82,46309.92,43709.02,53900.75,12878.51,30977.82,8985.77,12643.98,21608.43,6684.9,5266.58,5811.83,5030.6,10445.74,18913.29,17879.78,9199.71,5068.48,3555.95,3472.69,5318.87,12955.21,15661.23,22499.31,23057.08,10309.32,4135.84,13621.95,11481.78,4654.88,11183.35,12094.74,4897.33,2912.78,5765.89,4237.93,1e+09,2861.85,5204.23,7376.2,4464.46,9612.77,3237.12,5234.89,5362.88,11746.07,4349.38,3153.53,5680.86,2973.44,9476.13,8082.77,11890.03
11924.2,37348.82,41686.97,39259.7,48868.84,9814.08,35497.29,7232.25,9238.56,17912.39,5318.07,5053.23,4599.79,4348.35,10435.02,17411.33,15247.62,11703.27,3478.68,2937.57,4072.86,4918.67,10626.65,11928.06,19262.55,19111.48,7297.04,3677.36,10506.87,8472.23,3913.67,11788.28,17052.88,4059.62,2964.25,5075.47,4629.83,2861.85,1e+09,5606.4,7863,3286.51,8725.6,2643.71,3480.46,3270.93,10056.55,3545.43,2236.33,4897.62,1992.54,7798.67,9185.84,12260.78
11836.26,36648.91,40257.23,39716.24,48671.18,13247.46,37829.71,9641.57,14495.09,19604.83,3800.31,4728.28,4530.03,3326.57,10040.91,10970.12,12323.94,12717.48,4844.73,5485.09,6132.57,2274.34,7320.61,16296.21,22786.07,25604.91,11520.68,4226.94,9940.61,13676.66,4633.94,16008.3,17911.39,3378.45,5033.84,3834.04,6549.96,5204.23,5606.4,1e+09,10846.9,7040.81,13562.09,2974.05,5961.91,7251.84,14734.2,4191.21,5452.49,6786.68,4876.92,9333.23,11466.7,16282.98
23723.14,48956.89,53295.04,43822.09,60476.91,10374.13,24339.42,10608.6,16706.65,23420.22,14244.77,13369.17,7865.34,11863.24,8909.33,30694.08,27579.35,4187.98,9733.76,8737.1,3181.13,11912.64,22958.38,19347.94,24661.03,24080.35,15006.91,7781.68,22511.04,12376.6,9155.28,4827.82,6117.2,14866.4,6122.42,13623.98,4612.6,7376.2,7863,10846.9,1e+09,5256.74,2188.7,9812.03,10328.38,8234.46,2623.88,14255.01,9153.02,3587.35,10825.56,7988.87,5223.75,6296.91
14631.78,37829.7,42153.28,36623.91,49034.02,8681.86,35174.01,6586.01,8952.55,15699.74,7023.81,6421.33,5245.77,4359.22,11997.94,21500.51,18884.95,9228.62,3798.45,3144.55,2758.69,7368.17,14415.78,11309.04,17084.51,16705.04,7185.64,3879.65,12204.34,7947.41,4428.48,10450.92,16717.66,6221.2,2779.25,6984.67,4190.54,4464.46,3286.51,7040.81,5256.74,1e+09,8065.97,2807.71,3241.45,2623.96,7270.56,5301.4,2304.69,3436.74,3571.58,6996.52,8871.36,11571.91
24777.66,49748.09,53575.21,44281.86,61335.04,10462.16,23635.05,12000.11,17332.11,24228.87,15494.72,13435.7,8670.46,13769.44,7963.11,31396.14,29279.13,4690.84,11368.76,11021,3721.06,14754.9,24354.56,20229.45,25435.8,24698.42,15700.08,10602.68,23934.3,13592.56,9717.96,3301.54,6250.44,15691.89,6339.26,13644.12,6019.22,9612.77,8725.6,13562.09,2188.7,8065.97,1e+09,10657.26,12081.06,9976.89,2255,14357.95,9222.4,4425.91,11340.3,9874.88,4693.38,6026.38
11387.55,34503.61,38998.53,36508.31,46365.49,11880,38119.96,6977.41,9757.06,16030.25,3744.2,4788.68,4895.53,2051.78,12208.8,13148.68,16005.89,14216.55,4045.76,2795.49,5279.45,2580.94,10813.19,12391.37,18889.74,19043.82,8142.27,2274.17,8405.62,9742.01,5129.85,13923.95,19713.87,3600.98,2717.42,5245.31,5633.68,3237.12,2643.71,2974.05,9812.03,2807.71,10657.26,1e+09,3150.96,3423.18,12034.26,3338.23,1799.04,5587.06,2741.41,8529.32,10614.77,13865.06
9232.99,32399.22,35713.59,35587.18,43510.36,8205.65,41291.74,6429.79,8251.02,13947.62,5248.93,4972.15,2815.82,5924.61,10652.05,14611.68,10947.48,15368.82,1229.22,2071.2,6732.38,5980.24,6338.91,8642.74,16984.45,16203.33,5455.97,5149.47,8376.23,7375.34,3276.05,14773.92,22590.51,3234.59,5205.85,3008.63,5005.47,5234.89,3480.46,5961.91,10328.38,3241.45,12081.06,3150.96,1e+09,2189.68,11377,3367.03,3355.63,4921.97,2212.46,5669.38,10631.81,14578.74
9789.99,35463.33,38060.89,36133.46,45796.91,6720.92,38749.76,5625.85,7871.96,15066.86,5981.31,5288.86,3206.41,5733.76,10952.38,15061.22,11046.79,12772.6,1787.68,2939.42,5557.25,7591.86,7006.86,8782.6,15810.29,15588.51,5471.18,5418.56,9552.66,6226.08,1932.35,12520.78,20011.09,3833.82,4437.34,2700.49,3554.87,5362.88,3270.93,7251.84,8234.46,2623.96,9976.89,3423.18,2189.68,1e+09,9384.6,3856.65,3952.39,4392.73,3379.61,4268.37,10101.94,12860.79
24498.08,48742.8,52959.72,42956.93,59921.91,8602.47,21753.31,10261.97,17128.79,22882.64,16763.43,16059.02,7974.92,14460,8885.35,33058.71,28654.42,4177.11,10798.45,10387.86,3967.63,15993.52,24185.25,19114.09,23602.15,23147.99,15168.84,9772.18,24210.65,12892.25,10636.72,4125.87,7828.22,16784.84,9009.2,15470.58,6952.18,11746.07,10056.55,14734.2,2623.88,7270.56,2255,12034.26,11377,9384.6,1e+09,16078,11018.77,3813.82,12493.15,8034.79,5452.84,6791.23
7995.57,32436.33,35959.98,35529.46,43161.31,11309.74,41937.08,6093.79,8939.01,16066.46,4029.75,3355.03,3154.25,3348.17,10710.4,12270.26,9587.27,18412.74,3783.73,2642.05,7935.56,3923.48,5308.22,10970.3,16118.67,18671.31,6252.41,3060.09,6878.88,9163.53,2736.41,17354.45,24042.53,1320.97,5842.37,2662.87,4946.35,4349.38,3545.43,4191.21,14255.01,5301.4,14357.95,3338.23,3367.03,3856.65,16078,1e+09,2982.22,7244.62,2909.89,8182.54,10554.73,16855.63
14200.92,37378.93,41720.65,38754.64,48799.55,11883.72,36767.97,7833.86,8538.43,16967.41,6143.95,4321.14,5145.41,3141.3,11951.58,18674.55,18400.98,13322.37,4314.5,2918.27,3829.36,5963.1,13780.01,12311.04,18922.46,18323.12,8138.18,2907.45,11035.13,8972.22,4426.52,12218.9,18890.2,4658.58,1724.29,6006.25,4084.75,3153.53,2236.33,5452.49,9153.02,2304.69,9222.4,1799.04,3355.63,3952.39,11018.77,2982.22,1e+09,4280.83,2044.09,8369.97,8708.58,11747.42
14297.8,40095.78,42857.54,40416.49,53067.93,7020.85,31794.74,9338.93,11706.14,19642.13,8538.57,6948.88,3427.2,7603.9,9355.73,18897.52,16112.77,7256.47,4368.36,5644.68,3936.38,8733.47,11261.24,14107.88,20402.02,19339.71,9798.56,7685.68,13694,8325.21,3859.24,6584.69,13216.07,7255.39,3993.24,5219.5,3566.72,5680.86,4897.62,6786.68,3587.35,3436.74,4425.91,5587.06,4921.97,4392.73,3813.82,7244.62,4280.83,1e+09,5182.78,3433.78,6286.76,7828.12
10081.79,34169.92,38425.99,36756.76,45770.86,10896.9,39331.23,7627.96,9093.05,16412.44,5191.89,4215.4,3903.94,4078.56,10276.9,15390.69,13786.8,15740.61,2169.99,1927.53,6024.09,4841.5,9165.83,11373.7,18413.44,18291.71,6362.79,3757.68,9726.82,9146.08,3808.15,14336.8,21230.78,3205.78,3760.2,4591.26,5165.96,2973.44,1992.54,4876.92,10825.56,3571.58,11340.3,2741.41,2212.46,3379.61,12493.15,2909.89,2044.09,5182.78,1e+09,7122.45,9371.93,13837.98
11435.86,36118.78,38298.55,39730.35,48259.69,3828.69,36053.99,5854.17,8236.66,17233.15,11149.82,7362.58,3786.37,7790.72,8371.17,13259.11,10391.28,12241.83,4598.88,6774.83,6748.83,9860.58,7369.18,10087.87,17374.17,15861.52,7155.62,9025.35,9679.21,5008.99,4630.41,11928.88,18831.73,8022.74,9111.22,5385.22,4267.06,9476.13,7798.67,9333.23,7988.87,6996.52,9874.88,8529.32,5669.38,4268.37,8034.79,8182.54,8369.97,3433.78,7122.45,1e+09,8896.78,12713.43
21168.86,48403.97,51832.06,48984.61,62779.5,12363.15,19407.49,15843.62,17778.04,28231.46,16681.95,11201.53,6844.12,12279.91,6558.23,27267.3,24792.47,5752.91,9614.03,9725,8659.12,14041.43,19867.9,20640,28788.11,26256.73,15575.34,12198.53,20696.34,15845.17,9314.6,5249.18,9285.24,11605.55,7356.91,11227.81,7359.18,8082.77,9185.84,11466.7,5223.75,8871.36,4693.38,10614.77,10631.81,10101.94,5452.84,10554.73,8708.58,6286.76,9371.93,8896.78,1e+09,3687.81
28300.55,56268.77,59459.4,52478.73,68902.81,14744.77,15158.72,18095.73,22160.19,31993.67,20144.32,16085.72,11469.73,17563.95,7449.91,34968.86,31776.81,3892.42,14018.78,14606.81,8779.52,18913.5,26852.24,24961.32,32702.77,30837.49,20300.56,16191.35,27764.22,18736.47,12520.32,4161.37,5443.16,18472.54,9221.66,16294.14,8579.27,11890.03,12260.78,16282.98,6296.91,11571.91,6026.38,13865.06,14578.74,12860.79,6791.23,16855.63,11747.42,7828.12,13837.98,12713.43,3687.81,1e+09
