1e+09,90309.21,63711.43,96783.36,115302.29,100695.19,16728.33,34173.74,13508.22,11213.92,22954.81,16247.89,20987.88,3350.85,12046.57,9197.53,29041.57,26893.41,11776.7,15104.71,8392.92,14456.56,12171.35,11591.36,35819.73,52405.52,47596.97,4434.68,8731.08,7054.68,16452.15,15077.59,46519.76,23672.02,6979.52,17581.89,4238.48,13571.04,17666.4,19264.07,25565.63,15773.95,10815.12,19304.33,19155.91,15237.49,21330.45,19390.02,4704.16,12687.13,11033.59,19695.92,9615.68,31566.39
90309.21,1e+09,6275.94,5484.29,12964.61,10970.16,108673.86,134315.43,72424.85,71403.01,54521.6,105974.47,112004.45,94740.35,104283.29,77027.99,48818.82,51179.03,99063.2,105442.71,99319.18,106281.51,101185.28,68701.61,41759.26,23490.41,25291.83,83086.45,102091.31,74951.87,64924.63,102521.06,140033.44,123096.31,97946.54,122971.16,94956.6,112523.67,111248.01,110800.76,117084.67,106136.1,106131.62,109361.38,108591.04,103409.33,109803.53,109412.2,91301.02,102845.55,103761.57,113083.71,99172.08,119097.28
63711.43,6275.94,1e+09,13253.02,23023.14,13878.63,81500.3,111350.6,45251.29,44229.45,28109.08,78800.91,84830.89,67566.79,77109.73,50832.42,23461.54,26992.91,74109.58,78269.15,72145.62,79107.95,74011.72,41528.05,19528.13,11324.43,12858.17,55912.89,80122.38,51671.49,39071.35,75993.48,114835.99,103423.08,73456.06,97894.62,67978.97,85350.11,84074.45,83627.2,89911.11,85257.34,78958.06,82187.82,81417.48,76235.77,82629.97,82238.64,66973.41,77900.69,76588.01,85910.15,71998.52,91923.72
96783.36,5484.29,13253.02,1e+09,8615.7,11222.74,118218.19,142575.58,81904.52,80233.64,63276.65,115125.76,121548.78,101791.1,113800.26,85620.38,57971.22,58416.21,108393.5,114987.04,108433.76,115440.64,109979.06,77755.94,50390.03,32740.27,34622.13,91652.9,110351.46,83212.02,74181.8,111262.15,149009.46,131356.46,106206.69,129565.62,102415.99,119546.98,119912.76,120345.09,126477.41,114610.28,113015.37,118905.71,118020.39,111991.71,119347.86,118938.34,99775.2,111319.73,111634.23,122628.04,108716.41,128641.61
115302.29,12964.61,23023.14,8615.7,1e+09,6746.63,135689.7,161419.11,99440.69,98418.85,81097.3,132946.41,139020.29,120659.17,131299.13,103615.6,75791.87,76935.14,126093.68,132458.55,126335.02,133297.35,127799.71,95500.32,68210.68,50386.35,52322.31,110102.29,129194.99,102055.55,91955.11,129311.47,166884.21,150199.99,124833.02,148650.09,120934.92,138065.91,138257.12,137816.6,144100.51,133225.14,131534.3,136377.22,135606.88,129986.93,136819.37,136428.04,118390.06,129746.39,129978.59,140099.55,126187.92,146113.12
100695.19,10970.16,13878.63,11222.74,6746.63,1e+09,118484.06,150171.89,82235.05,81213.21,64331.8,115784.67,121814.65,104550.55,114093.49,88059.12,58629.02,61636.09,111226.14,115252.91,109129.38,116091.71,110995.48,78511.81,51937.12,33300.61,37434.79,92896.65,119541.21,90303.45,76732.66,113250.21,152544.21,144219.33,111361.96,135678.12,104965.67,122333.87,121058.21,120610.96,126894.87,125444.89,115941.82,119171.58,118401.24,113219.53,119613.73,119222.4,105091.65,115648.58,113571.77,122893.91,108982.28,128907.48
16728.33,108673.86,81500.3,118218.19,135689.7,118484.06,1e+09,15349.07,19404.59,29632.61,40347.94,5698.48,5467.73,11875.97,5617.48,23857.74,55188.74,43019.17,7549.88,6808.19,8030.98,7266.16,6604.74,35771.16,60314.74,72834.89,66231.8,20020.51,9679.58,26744.61,24014.08,10301.87,16862.76,11639.56,9765.86,7236.94,13056.65,6212.09,5947.95,6644.77,7961.48,7701.35,7217.26,7229.31,7673.34,7478.09,8038.05,7762.92,12000.53,8201.33,7951.83,7336.31,7691.11,7784.05
34173.74,134315.43,111350.6,142575.58,161419.11,150171.89,15349.07,1e+09,46058.14,49676.72,65016.61,18101.5,14754.22,29874.53,17831.72,43098.57,73047.79,67706.2,18819.33,17471.54,22277.89,16848.55,21743.97,53366.36,79863.79,96411.74,91603.19,38001.25,18707,42137.04,51528.23,21283.09,6222.9,4240.28,22687.69,7548.81,28394.82,13952.42,14644.06,14786.89,9375.87,11197.8,17084.45,13808.36,14710.29,19235.86,15012.08,14332.61,27343.34,17098.89,18698.04,13418.61,22345.6,11491.3
13508.22,72424.85,45251.29,81904.52,99440.69,82235.05,19404.59,46058.14,1e+09,4997.83,8757.05,16559.78,21554.4,15438.27,16158.9,5302.56,18699.81,12497.86,12600.23,15373.96,13764.27,16862.22,13574.83,5570.64,24903.89,36585.88,29982.79,6757.32,20345.42,8315.23,4971.3,15410.09,50296.68,35420.79,17242.01,34784.71,13036.05,23137.94,21126,20350.71,26634.62,21439.57,18592.11,18911.33,18176.97,15677.46,19353.48,19009.83,12611.18,18596.17,16639.14,22633.66,11940.88,28647.23
11213.92,71403.01,44229.45,80233.64,98418.85,81213.21,29632.61,49676.72,4997.83,1e+09,8818.55,26933.22,32963.2,15210.68,25242.04,4499.32,16448.01,14422.01,19089.04,26401.46,20277.93,27240.26,21325.67,2215.16,21640.41,35564.04,28960.95,7425.22,18398.72,6944.84,6221.47,22158.78,59126.37,38457.6,14919.95,36981.15,14233.08,30309.02,32206.76,31759.51,38043.42,22967.18,23544.81,30320.13,29549.79,23577.54,30762.28,30370.95,12218.2,19672.39,23220.3,34042.46,20130.83,40056.03
22954.81,54521.6,28109.08,63276.65,81097.3,64331.8,40347.94,65016.61,8757.05,8818.55,1e+09,37648.55,43678.53,26715.67,35957.37,10689.2,4705.74,3567.74,30575.13,37116.79,30993.26,37955.59,32859.36,7984.48,9305.13,19157.91,15051.06,15953.01,32792.49,12681.41,6350.64,34032.99,71383.22,53797.49,29184.16,53862.56,26468.53,44197.75,42922.09,42474.84,48758.75,36999.43,37805.7,41035.46,40265.12,35083.41,41477.61,41086.28,22959.93,33708.88,35435.65,44757.79,30846.16,50771.36
16247.89,105974.47,78800.91,115125.76,132946.41,115784.67,5698.48,18101.5,16559.78,26933.22,37648.55,1e+09,4442.75,13065.41,4030.12,20921.55,51909.59,40319.78,4015.14,2076.1,4235.54,2950.27,4272.32,32658.96,58432.59,70135.5,63532.41,16275.76,12271.89,22629.66,21175.67,6741.17,24737.14,15170.32,10097.82,11682.28,10727.44,6384.03,4302.86,3562.1,6416.35,7465.55,5133.13,4063.8,3663.85,3561.35,3750.26,3814.23,8069.36,4726.07,3558.42,3964.24,3821.75,8204.76
20987.88,112004.45,84830.89,121548.78,139020.29,121814.65,5467.73,14754.22,21554.4,32963.2,43678.53,4442.75,1e+09,15137.99,6188.5,27188.33,58547.09,46349.76,6875.97,4939.73,8245.39,4400.04,7591.36,39339.98,64060.89,76165.48,69562.39,23273.5,12582.99,29961.72,26927.59,8644.74,16774.55,13930.57,10972.15,9969.06,17217.15,6703.24,4060.38,3569.77,4798.99,7488,5996.61,3040.48,3863.26,6576.33,3874.93,3780.16,15044.66,6294.68,6216.17,4059.06,6732.72,4076.9
3350.85,94740.35,67566.79,101791.1,120659.17,104550.55,11875.97,29874.53,15438.27,15210.68,26715.67,13065.41,15137.99,1e+09,7958.4,9982.03,36366.17,29995.5,9473.89,10524.75,6252.55,10336.75,8996.65,16483.38,41707.99,58901.38,52298.29,6042.8,6733.39,8343.34,19967.01,13308.49,41469.21,21861.43,4311.68,13380.05,3212.7,9065.18,12412.5,13359.97,19392.02,12625.09,6865.03,13949.43,14444.61,12829.3,16443.58,14007.48,5517.03,8910.91,8210.11,13086.4,7400.18,27250.58
12046.57,104283.29,77109.73,113800.26,131299.13,114093.49,5617.48,17831.72,16158.9,25242.04,35957.37,4030.12,6188.5,7958.4,1e+09,19467.17,50217.21,38628.6,4473.67,3731.52,4467.77,3585.58,4224.93,30646.22,55269.39,68444.32,61841.23,14558.94,6688.93,21178.72,20442.45,7500.77,26607.47,13130.24,5563.15,8328.68,7497.55,3404.38,4142.32,3519.92,6328.64,6283.11,4233.95,4898.36,4343.44,4061.12,5373.34,4700.64,7361.25,5184.77,2771.75,4475.34,3008.52,11967.21
9197.53,77027.99,50832.42,85620.38,103615.6,88059.12,23857.74,43098.57,5302.56,4499.32,10689.2,20921.55,27188.33,9982.03,19467.17,1e+09,19739.4,13586.52,13369.73,20626.59,14555.48,21465.39,15283.04,5631.01,26741.55,40156.66,34450.84,4416.84,12733.76,5921.91,8105.2,16165.96,53083.74,31879.45,11285.84,30135.24,8285.28,23730.87,26080.27,25984.64,32268.55,16729.42,17329.28,24545.26,23774.92,17369.1,24987.41,24596.08,9171.58,13463.63,16749.04,28267.59,14355.96,34281.16
29041.57,48818.82,23461.54,57971.22,75791.87,58629.02,55188.74,73047.79,18699.81,16448.01,4705.74,51909.59,58547.09,36366.17,50217.21,19739.4,1e+09,5292.55,44427.31,52038.86,44742.78,51764.51,46270.5,14163.89,5153.98,14081.73,13268.03,27779.21,40823.67,16038.03,11493.64,46710.17,84023.58,61828.67,36678.9,59565.34,36944.45,53680.09,56187.48,57129.54,62879.15,46194.81,46915.88,55612.54,54880.87,48128.93,56493.99,55476.82,31359.73,42904.26,46984.81,59227.77,45804.64,65787.74
26893.41,51179.03,26992.91,58416.21,76935.14,61636.09,43019.17,67706.2,12497.86,14422.01,3567.74,40319.78,46349.76,29995.5,38628.6,13586.52,5292.55,1e+09,33249.42,39788.02,33664.49,40626.82,35530.59,12937.54,7971.52,16163.46,13484.68,19444.68,35787.02,13419.38,8410.84,36707.28,74060.57,56487.08,32181.23,56558.27,29332.38,46868.98,45593.32,45146.07,51429.98,39752.7,40476.93,43706.69,42936.35,37754.64,44148.84,43757.51,26310.53,36457.91,38106.88,47429.02,33517.39,53442.59
11776.7,99063.2,74109.58,108393.5,126093.68,111226.14,7549.88,18819.33,12600.23,19089.04,30575.13,4015.14,6875.97,9473.89,4473.67,13369.73,44427.31,33249.42,1e+09,2980.01,3431.94,3240.89,4000.38,25249.28,51553.56,62880.11,56576.11,9985.62,8753.92,15425.76,16753.16,4729.51,27758.81,15172.32,6518.28,12222.2,6999.54,5887.8,5568.42,6262.29,8500.6,7171.8,4562.42,4945.83,4671.53,3764.27,4734.4,4287.53,6699.27,4514.22,4013.35,6481.07,3748.13,9517.69
15104.71,105442.71,78269.15,114987.04,132458.55,115252.91,6808.19,17471.54,15373.96,26401.46,37116.79,2076.1,4939.73,10524.75,3731.52,20626.59,52038.86,39788.02,2980.01,1e+09,5480.82,2420.96,4120.93,32889.83,58030.32,69603.74,63000.65,16773.77,11464.37,23402.32,20365.85,6081.29,27024.83,15646.12,8138.43,10481.16,11444.03,5280.09,3233.51,3229.66,6448.2,7832.36,3602.63,3106.44,3013.7,3819.09,3181.78,2349.69,8559.09,3668.19,3589.1,3663.09,3610.77,8838.79
8392.92,99319.18,72145.62,108433.76,126335.02,109129.38,8030.98,22277.89,13764.27,20277.93,30993.26,4235.54,8245.39,6252.55,4467.77,14555.48,44742.78,33664.49,3431.94,5480.82,1e+09,4510.1,3343.38,25145.59,49935.18,63480.21,56877.12,8949.57,8272.78,15141.57,18150.2,4278.98,29753.58,15896.29,5704.25,13453,4460.62,7215.19,7707.26,7623.57,10349.73,9115.71,4586.65,6155.65,5934.11,2912.58,6190.76,6054.33,4505.13,4944.72,3472.13,9239.79,3465.89,10889.38
14456.56,106281.51,79107.95,115440.64,133297.35,116091.71,7266.16,16848.55,16862.22,27240.26,37955.59,2950.27,4400.04,10336.75,3585.58,21465.39,51764.51,40626.82,3240.89,2420.96,4510.1,1e+09,4939.93,32167.32,56956.91,70442.54,63839.45,15841.48,9849.95,22222.7,21833.43,7273.32,25374.4,14451.42,6404.23,10839.39,8878.56,5822.35,3811.35,3618.9,5504.64,6354.51,4160.45,2634.69,3854.87,4036.82,3635.96,2155.16,8847.12,3885.01,3566.8,3781.91,3476.36,7134.7
12171.35,101185.28,74011.72,109979.06,127799.71,110995.48,6604.74,21743.97,13574.83,21325.67,32859.36,4272.32,7591.36,8996.65,4224.93,15283.04,46270.5,35530.59,4000.38,4120.93,3343.38,4939.93,1e+09,26991.79,53159.39,65346.31,58743.22,10733.96,10521.27,16887.11,18257.1,5375.06,28343.21,16026.74,8587.26,14634.02,7200.36,7062.55,5657.95,5708.65,7855.72,8774.67,6396.14,6307.09,5923.65,1761.86,5429.53,5136.79,6419.02,6231.5,4918.12,6520.74,3858.23,10872.06
11591.36,68701.61,41528.05,77755.94,95500.32,78511.81,35771.16,53366.36,5570.64,2215.16,7984.48,32658.96,39339.98,16483.38,30646.22,5631.01,14163.89,12937.54,25249.28,32889.83,25145.59,32167.32,26991.79,1e+09,19705.37,32862.64,26259.55,9757.93,21142.24,7292.16,5859.55,27330.78,64648.51,42147.24,17212.67,39682.55,17263.02,33998.66,36665.62,37690.17,43281.96,26614.06,27234.45,36187.54,35592.5,28749.54,37416.64,35989.64,13901.33,23323.51,27404.06,39646.34,26466.53,46710.39
35819.73,41759.26,19528.13,50390.03,68210.68,51937.12,60314.74,79863.79,24903.89,21640.41,9305.13,58432.59,64060.89,41707.99,55269.39,26741.55,5153.98,7971.52,51553.56,58030.32,49935.18,56956.91,53159.39,19705.37,1e+09,9279.99,7634.2,32971.61,47639.67,20978.03,16938.97,53329.22,90036.96,68644.67,43494.9,66257.24,43022.08,60351.31,61455.21,62479.76,68071.55,53072.86,53731.88,61223.14,61120.12,54660.61,62493.29,61025.24,38237.78,49782.31,53169.97,63943.91,51256.12,72976.04
52405.52,23490.41,11324.43,32740.27,50386.35,33300.61,72834.89,96411.74,36585.88,35564.04,19157.91,70135.5,76165.48,58901.38,68444.32,40156.66,14081.73,16163.46,62880.11,69603.74,63480.21,70442.54,65346.31,32862.64,9279.99,1e+09,4300.09,47247.48,64187.62,37048.18,28741.54,66337.97,103506.23,85192.62,60042.85,84893.75,58773.51,76684.7,75409.04,74961.79,81245.7,68576.53,70133.05,73522.41,72752.07,67570.36,73964.56,73573.23,53741.45,65285.98,67922.6,77244.74,63333.11,83258.31
47596.97,25291.83,12858.17,34622.13,52322.31,37434.79,66231.8,91603.19,29982.79,28960.95,15051.06,63532.41,69562.39,52298.29,61841.23,34450.84,13268.03,13484.68,56576.11,63000.65,56877.12,63839.45,58743.22,26259.55,7634.2,4300.09,1e+09,40644.39,59379.07,32868.67,22831.1,60033.97,97501.32,80384.07,55234.3,80348.98,52469.51,70081.61,68805.95,68358.7,74642.61,63468.89,63689.56,66919.32,66148.98,60967.27,67361.47,66970.14,48633.81,60178.34,61319.51,70641.65,56730.02,76655.22
4434.68,83086.45,55912.89,91652.9,110102.29,92896.65,20020.51,38001.25,6757.32,7425.22,15953.01,16275.76,23273.5,6042.8,14558.94,4416.84,27779.21,19444.68,9985.62,16773.77,8949.57,15841.48,10733.96,9757.93,32971.61,47247.48,40644.39,1e+09,10994.51,4739.06,11518.17,11917.12,48883.6,27321.8,9259.6,23868.22,5141.86,17574.76,20008.47,21812.47,27111.86,16478.1,12213.07,20203.11,19467.78,12364.45,21269.4,19895.44,6252.03,12555.27,10956.23,23837.1,10637.95,30563.15
8731.08,102091.31,80122.38,110351.46,129194.99,119541.21,9679.58,18707,20345.42,18398.72,32792.49,12271.89,12582.99,6733.39,6688.93,12733.76,40823.67,35787.02,8753.92,11464.37,8272.78,9849.95,10521.27,21142.24,47639.67,64187.62,59379.07,10994.51,1e+09,13010.63,24224.51,10737.34,29396.87,10975.98,5856.99,7910.53,5602.82,5977.92,7685.42,9619.04,11908.5,5507.41,6455.04,12738.3,13606.09,10313.59,12745.85,11741.39,7925.55,7606.64,7575.52,9068.69,9280.61,16961.15
7054.68,74951.87,51671.49,83212.02,102055.55,90303.45,26744.61,42137.04,8315.23,6944.84,12681.41,22629.66,29961.72,8343.34,21178.72,5921.91,16038.03,13419.38,15425.76,23402.32,15141.57,22222.7,16887.11,7292.16,20978.03,37048.18,32868.67,4739.06,13010.63,1e+09,7690.68,16944.94,54687.81,30917.92,9275.25,27890.91,8404.23,22769.34,26054.58,28749.15,33648.82,17567.08,16110.47,26962.43,26101.01,18363.7,27874.28,26515.81,9276.78,14259.57,16455.9,30820.22,17242.83,37168.03
16452.15,64924.63,39071.35,74181.8,91955.11,76732.66,24014.08,51528.23,4971.3,6221.47,6350.64,21175.67,26927.59,19967.01,20442.45,8105.2,11493.64,8410.84,16753.16,20365.85,18150.2,21833.43,18257.1,5859.55,16938.97,28741.54,22831.1,11518.17,24224.51,7690.68,1e+09,20413.69,55686.02,40887.08,19699.27,39935.08,17651.92,27821.01,26171.15,25723.9,32007.81,26074.65,23390.46,24284.52,23514.18,19830.67,24726.67,24335.34,14233.84,22662.59,20880.69,28006.85,16337.13,34020.42
15077.59,102521.06,75993.48,111262.15,129311.47,113250.21,10301.87,21283.09,15410.09,22158.78,34032.99,6741.17,8644.74,13308.49,7500.77,16165.96,46710.17,36707.28,4729.51,6081.29,4278.98,7273.32,5375.06,27330.78,53329.22,66337.97,60033.97,11917.12,10737.34,16944.94,20413.69,1e+09,23319.92,16148.1,8997.3,15759.73,8036.1,9211.21,8936.73,10110.17,12149.16,9223.53,6574.45,6837.26,5542.04,4935.91,6450.68,8156.75,8060.73,7123.2,5484.64,12504.73,5772.38,9418.49
46519.76,140033.44,114835.99,149009.46,166884.21,152544.21,16862.76,6222.9,50296.68,59126.37,71383.22,24737.14,16774.55,41469.21,26607.47,53083.74,84023.58,74060.57,27758.81,27024.83,29753.58,25374.4,28343.21,64648.51,90036.96,103506.23,97501.32,48883.6,29396.87,54687.81,55686.02,23319.92,1e+09,9312.79,35842.86,14584.86,41600.15,25250.86,22544.28,21593.66,15739.9,20379.4,29507.04,20835.12,20081.1,26438.81,18884.93,23326.32,39829.77,28786.6,30907.45,21230.2,32463.52,10598.8
23672.02,123096.31,103423.08,131356.46,150199.99,144219.33,11639.56,4240.28,35420.79,38457.6,53797.49,15170.32,13930.57,21861.43,13130.24,31879.45,61828.67,56487.08,15172.32,15646.12,15896.29,14451.42,16026.74,42147.24,68644.67,85192.62,80384.07,27321.8,10975.98,30917.92,40887.08,16148.1,9312.79,1e+09,17519.97,6517.06,18250.94,11775.83,12251.94,12249.21,7848.19,8198.49,14742.12,13580.38,14824.34,15363.7,14144.64,13040.09,18842.96,14541.72,15417.28,10472.75,17826.77,10326.97
6979.52,97946.54,73456.06,106206.69,124833.02,111361.96,9765.86,22687.69,17242.01,14919.95,29184.16,10097.82,10972.15,4311.68,5563.15,11285.84,36678.9,32181.23,6518.28,8138.43,5704.25,6404.23,8587.26,17212.67,43494.9,60042.85,55234.3,9259.6,5856.99,9275.25,19699.27,8997.3,35842.86,17519.97,1e+09,9326.12,4047.34,5808.76,8945.77,9927.28,14199.47,8075.82,3318.93,8960.78,10024.7,8696,11140.07,8962.17,5270.88,4257.38,3817.73,9761.71,5640.79,21661.62
17581.89,122971.16,97894.62,129565.62,148650.09,135678.12,7236.94,7548.81,34784.71,36981.15,53862.56,11682.28,9969.06,13380.05,8328.68,30135.24,59565.34,56558.27,12222.2,10481.16,13453,10839.39,14634.02,39682.55,66257.24,84893.75,80348.98,23868.22,7910.53,27890.91,39935.08,15759.73,14584.86,6517.06,9326.12,1e+09,13397.89,4924.97,7449.79,7980.66,7322.11,7635.81,8156.95,8830.25,10836.44,13558.79,11527.7,9151.74,14111.21,9177.57,9322.5,5768.86,13187.14,12487.98
4238.48,94956.6,67978.97,102415.99,120934.92,104965.67,13056.65,28394.82,13036.05,14233.08,26468.53,10727.44,17217.15,3212.7,7497.55,8285.28,36944.45,29332.38,6999.54,11444.03,4460.62,8878.56,7200.36,17263.02,43022.08,58773.51,52469.51,5141.86,5602.82,8404.23,17651.92,8036.1,41600.15,18250.94,4047.34,13397.89,1e+09,9027.12,12513.7,15006.93,19906.6,10843.21,5708.16,13680.21,13738.79,8215.64,15778.36,13233.59,3436.86,8181.88,5299.21,16158,5377.9,26185.81
13571.04,112523.67,85350.11,119546.98,138065.91,122333.87,6212.09,13952.42,23137.94,30309.02,44197.75,6384.03,6703.24,9065.18,3404.38,23730.87,53680.09,46868.98,5887.8,5280.09,7215.19,5822.35,7062.55,33998.66,60351.31,76684.7,70081.61,17574.76,5977.92,22769.34,27821.01,9211.21,25250.86,11775.83,5808.76,4924.97,9027.12,1e+09,2627.94,4039.14,5711.99,5458.57,3371.16,4819.75,6151.62,7659.04,7061.27,4953.57,8284.1,4622.73,4026.84,2460.79,6242.88,13081.61
17666.4,111248.01,84074.45,119912.76,138257.12,121058.21,5947.95,14644.06,21126,32206.76,42922.09,4302.86,4060.38,12412.5,4142.32,26080.27,56187.48,45593.32,5568.42,3233.51,7707.26,3811.35,5657.95,36665.62,61455.21,75409.04,68805.95,20008.47,7685.42,26054.58,26171.15,8936.73,22544.28,12251.94,8945.77,7449.79,12513.7,2627.94,1e+09,2930.07,3977.79,4965.11,3995.49,3646.2,4556.52,5761.09,3168.77,2549.27,11258.13,4443.26,4661.83,2831.08,6160.22,8487.02
19264.07,110800.76,83627.2,120345.09,137816.6,120610.96,6644.77,14786.89,20350.71,31759.51,42474.84,3562.1,3569.77,13359.97,3519.92,25984.64,57129.54,45146.07,6262.29,3229.66,7623.57,3618.9,5708.65,37690.17,62479.76,74961.79,68358.7,21812.47,9619.04,28749.15,25723.9,10110.17,21593.66,12249.21,9927.28,7980.66,15006.93,4039.14,2930.07,1e+09,3974.74,5760.2,4551.3,3307.51,4208.84,5344.49,3956.27,2865.18,13536.59,5030.36,5433.54,1724.58,6017.02,7826.1
25565.63,117084.67,89911.11,126477.41,144100.51,126894.87,7961.48,9375.87,26634.62,38043.42,48758.75,6416.35,4798.99,19392.02,6328.64,32268.55,62879.15,51429.98,8500.6,6448.2,10349.73,5504.64,7855.72,43281.96,68071.55,81245.7,74642.61,27111.86,11908.5,33648.82,32007.81,12149.16,15739.9,7848.19,14199.47,7322.11,19906.6,5711.99,3977.79,3974.74,1e+09,5228.51,8182,6034.49,4936.98,6251.64,4561.16,4437.64,18855.12,8486.06,9870.55,3556.88,10433.09,4779.28
15773.95,106136.1,85257.34,114610.28,133225.14,125444.89,7701.35,11197.8,21439.57,22967.18,36999.43,7465.55,7488,12625.09,6283.11,16729.42,46194.81,39752.7,7171.8,7832.36,9115.71,6354.51,8774.67,26614.06,53072.86,68576.53,63468.89,16478.1,5507.41,17567.08,26074.65,9223.53,20379.4,8198.49,8075.82,7635.81,10843.21,5458.57,4965.11,5760.2,5228.51,1e+09,6087.23,7014.17,7686.49,7524.91,8083.77,6282.04,10072.62,4858.65,7367.84,5432.93,8705.77,10288.49
10815.12,106131.62,78958.06,113015.37,131534.3,115941.82,7217.26,17084.45,18592.11,23544.81,37805.7,5133.13,5996.61,6865.03,4233.95,17329.28,46915.88,40476.93,4562.42,3602.63,4586.65,4160.45,6396.14,27234.45,53731.88,70133.05,63689.56,12213.07,6455.04,16110.47,23390.46,6574.45,29507.04,14742.12,3318.93,8156.95,5708.16,3371.16,3995.49,4551.3,8182,6087.23,1e+09,3547.25,4807.26,5847.42,5655.53,3440.91,6922.09,2128.76,2172.95,4513.08,3384.2,13309.26
19304.33,109361.38,82187.82,118905.71,136377.22,119171.58,7229.31,13808.36,18911.33,30320.13,41035.46,4063.8,3040.48,13949.43,4898.36,24545.26,55612.54,43706.69,4945.83,3106.44,6155.65,2634.69,6307.09,36187.54,61223.14,73522.41,66919.32,20203.11,12738.3,26962.43,24284.52,6837.26,20835.12,13580.38,8960.78,8830.25,13680.21,4819.75,3646.2,3307.51,6034.49,7014.17,3547.25,1e+09,2258.71,5204.04,2699.56,1555.81,11954.83,3841.52,4030.33,4202.4,4754.58,4026.71
19155.91,108591.04,81417.48,118020.39,135606.88,118401.24,7673.34,14710.29,18176.97,29549.79,40265.12,3663.85,3863.26,14444.61,4343.44,23774.92,54880.87,42936.35,4671.53,3013.7,5934.11,3854.87,5923.65,35592.5,61120.12,72752.07,66148.98,19467.78,13606.09,26101.01,23514.18,5542.04,20081.1,14824.34,10024.7,10836.44,13738.79,6151.62,4556.52,4208.84,4936.98,7686.49,4807.26,2258.71,1e+09,3956.03,2198.07,3028.58,11170.56,4963.59,4510.03,5337.88,5162.09,4282.08
15237.49,103409.33,76235.77,111991.71,129986.93,113219.53,7478.09,19235.86,15677.46,23577.54,35083.41,3561.35,6576.33,12829.3,4061.12,17369.1,48128.93,37754.64,3764.27,3819.09,2912.58,4036.82,1761.86,28749.54,54660.61,67570.36,60967.27,12364.45,10313.59,18363.7,19830.67,4935.91,26438.81,15363.7,8696,13558.79,8215.64,7659.04,5761.09,5344.49,6251.64,7524.91,5847.42,5204.04,3956.03,1e+09,5037.93,4664.75,7020.76,5431.05,4181.02,5890.45,3896.14,8295.89
21330.45,109803.53,82629.97,119347.86,136819.37,119613.73,8038.05,15012.08,19353.48,30762.28,41477.61,3750.26,3874.93,16443.58,5373.34,24987.41,56493.99,44148.84,4734.4,3181.78,6190.76,3635.96,5429.53,37416.64,62493.29,73964.56,67361.47,21269.4,12745.85,27874.28,24726.67,6450.68,18884.93,14144.64,11140.07,11527.7,15778.36,7061.27,3168.77,3956.27,4561.16,8083.77,5655.53,2699.56,2198.07,5037.93,1e+09,2809.8,13064.08,5150.93,5474.06,4012.12,6309.98,3618.73
19390.02,109412.2,82238.64,118938.34,136428.04,119222.4,7762.92,14332.61,19009.83,30370.95,41086.28,3814.23,3780.16,14007.48,4700.64,24596.08,55476.82,43757.51,4287.53,2349.69,6054.33,2155.16,5136.79,35989.64,61025.24,73573.23,66970.14,19895.44,11741.39,26515.81,24335.34,8156.75,23326.32,13040.09,8962.17,9151.74,13233.59,4953.57,2549.27,2865.18,4437.64,6282.04,3440.91,1555.81,3028.58,4664.75,2809.8,1e+09,11694.75,3655.11,3982.51,3387.48,4926.72,5861.99
4704.16,91301.02,66973.41,99775.2,118390.06,105091.65,12000.53,27343.34,12611.18,12218.2,22959.93,8069.36,15044.66,5517.03,7361.25,9171.58,31359.73,26310.53,6699.27,8559.09,4505.13,8847.12,6419.02,13901.33,38237.78,53741.45,48633.81,6252.03,7925.55,9276.78,14233.84,8060.73,39829.77,18842.96,5270.88,14111.21,3436.86,8284.1,11258.13,13536.59,18855.12,10072.62,6922.09,11954.83,11170.56,7020.76,13064.08,11694.75,1e+09,7804.77,5296.19,15537.7,5071.28,22357.83
12687.13,102845.55,77900.69,111319.73,129746.39,115648.58,8201.33,17098.89,18596.17,19672.39,33708.88,4726.07,6294.68,8910.91,5184.77,13463.63,42904.26,36457.91,4514.22,3668.19,4944.72,3885.01,6231.5,23323.51,49782.31,65285.98,60178.34,12555.27,7606.64,14259.57,22662.59,7123.2,28786.6,14541.72,4257.38,9177.57,8181.88,4622.73,4443.26,5030.36,8486.06,4858.65,2128.76,3841.52,4963.59,5431.05,5150.93,3655.11,7804.77,1e+09,3219.49,5490.54,4828.38,11101.96
11033.59,103761.57,76588.01,111634.23,129978.59,113571.77,7951.83,18698.04,16639.14,23220.3,35435.65,3558.42,6216.17,8210.11,2771.75,16749.04,46984.81,38106.88,4013.35,3589.1,3472.13,3566.8,4918.12,27404.06,53169.97,67922.6,61319.51,10956.23,7575.52,16455.9,20880.69,5484.64,30907.45,15417.28,3817.73,9322.5,5299.21,4026.84,4661.83,5433.54,9870.55,7367.84,2172.95,4030.33,4510.03,4181.02,5474.06,3982.51,5296.19,3219.49,1e+09,6926.58,2784.43,13216.99
19695.92,113083.71,85910.15,122628.04,140099.55,122893.91,7336.31,13418.61,22633.66,34042.46,44757.79,3964.24,4059.06,13086.4,4475.34,28267.59,59227.77,47429.02,6481.07,3663.09,9239.79,3781.91,6520.74,39646.34,63943.91,77244.74,70641.65,23837.1,9068.69,30820.22,28006.85,12504.73,21230.2,10472.75,9761.71,5768.86,16158,2460.79,2831.08,1724.58,3556.88,5432.93,4513.08,4202.4,5337.88,5890.45,4012.12,3387.48,15537.7,5490.54,6926.58,1e+09,7085.95,7638.57
9615.68,99172.08,71998.52,108716.41,126187.92,108982.28,7691.11,22345.6,11940.88,20130.83,30846.16,3821.75,6732.72,7400.18,3008.52,14355.96,45804.64,33517.39,3748.13,3610.77,3465.89,3476.36,3858.23,26466.53,51256.12,63333.11,56730.02,10637.95,9280.61,17242.83,16337.13,5772.38,32463.52,17826.77,5640.79,13187.14,5377.9,6242.88,6160.22,6017.02,10433.09,8705.77,3384.2,4754.58,5162.09,3896.14,6309.98,4926.72,5071.28,4828.38,2784.43,7085.95,1e+09,14284.03
31566.39,119097.28,91923.72,128641.61,146113.12,128907.48,7784.05,11491.3,28647.23,40056.03,50771.36,8204.76,4076.9,27250.58,11967.21,34281.16,65787.74,53442.59,9517.69,8838.79,10889.38,7134.7,10872.06,46710.39,72976.04,83258.31,76655.22,30563.15,16961.15,37168.03,34020.42,9418.49,10598.8,10326.97,21661.62,12487.98,26185.81,13081.61,8487.02,7826.1,4779.28,10288.49,13309.26,4026.71,4282.08,8295.89,3618.73,5861.99,22357.83,11101.96,13216.99,7638.57,14284.03,1e+09
