1e+09,20746.56,22154.42,25549.48,34052.38,70139.53,91038.99,40808.34,40058.59,36518.29,54399.16,62503.18,45520.68,54862.42,37427.92,31478.75,30501.35,57595.72,55569.55,47517.03,57456.8,53734.02,40364.32,28437.28,24362.7,25609.53,45881.5,48911.38,36500.57,39249.59,47956.38,80250.64,81865.99,47880.53,64833.87,46430.76,58409.7,60131.91,62379.47,64366.31,57100.09,53137.52,57809.93,56732.49,50971.03,59232.99,60139.17,45868.04,54464.3,48593.83,59614.97,50813.91,72102.05,69016.36
20746.56,1e+09,9498.4,15696.27,22696.29,90805.75,146328.9,69789.61,66850.32,43614.31,96944.84,105666.26,93175.74,104674.89,82054.55,56374.42,54631.66,103244.39,97852.11,97374.44,107894.36,100072.37,73718.03,47304.29,28459.69,28428.02,77103.65,104227.32,74065.4,64668.67,89608.38,123606.6,136382.68,96999.01,113413.54,90376.38,108816.47,111153.56,105100,110811.85,112526.94,103070.95,110900.54,102024.97,95461.09,96905.59,111069.37,93755.22,104425.89,104586.19,104087.58,92460.15,112555.3,119374.99
22154.42,9498.4,1e+09,7864.36,12950.08,111430.06,157711.48,83862.17,82869.09,60299.99,114786.75,123014.44,109537.3,120165.55,93610.83,70404.1,67320.16,118206.36,117221.14,112430.7,123020.71,113288.99,87236.45,60619.49,43144.93,42575.49,97818.39,115208.08,88618.08,77730.28,106640.31,143754.5,148653.94,112841.44,129828.8,107958.16,124477.71,126382.42,125262.72,128821.8,124153.48,118470.89,124473.86,117979.36,110082.51,117562.78,125742.25,110125.16,119804.71,115769.21,124188.48,112313.96,131304.64,134456.03
25549.48,15696.27,7864.36,1e+09,5953.51,126034.96,170811.73,96419.16,95562.65,73548.31,128316.9,136544.59,122637.55,133265.8,105250.67,81574.03,79838.21,130205.02,130751.29,125530.95,135995.99,125996.63,99153.23,72500.22,55258.39,54758.31,111132.22,128308.33,101718.33,90783.15,119955.51,157051.5,161492.83,125832.61,142929.05,121058.41,137009.06,138884.99,138249.61,141922.05,136954.47,131571.14,137340.19,131294.56,123397.71,131467.02,138755.13,122704.35,132904.96,128383.12,136730.79,125752.35,145264.69,147556.28
34052.38,22696.29,12950.08,5953.51,1e+09,129079.44,183398.51,107452.93,104784.36,81526.01,134856.54,143939.95,131449.43,142154,117883.67,92840.41,90755.75,139819.83,136125.8,135648.13,144720.09,136578.23,110241.91,83495.4,64903.99,64609.02,115037.69,140895.11,112339.09,101132.41,127882.07,161518.3,174293.32,134910.71,151687.23,128650.07,146750.51,149087.6,143034.04,149085.54,149754.96,141344.64,147748.61,140169.96,133372.79,134839.63,147917.44,131689.26,142699.58,141183.61,142021.62,130371.85,150828.99,157648.68
70139.53,90805.75,111430.06,126034.96,129079.44,1e+09,31135.47,18591.16,20068.7,38771.67,7366.5,7977.89,10559.26,10375.18,23102.37,35604.7,39304.27,16233.05,6982.9,10358.19,13179.81,10635.82,21542.25,39629.09,63425.2,59446.16,11302.21,11713.44,19483.81,25398.44,11619.22,13051.67,22713.51,10219.42,9133.59,10798.67,13168.43,12186.24,8315.99,10044.41,13752.7,10269.62,15223.67,9022.99,6530.76,6054.11,13462.74,10669.17,10118.75,15593.03,8608.81,8198.14,9357.78,12136.51
91038.99,146328.9,157711.48,170811.73,183398.51,31135.47,1e+09,61675.83,69933.28,91574.08,38101.81,31010.92,41099.64,35357.37,42510.56,69221.28,71982.77,26056.17,38105.15,42074.7,29594.18,34363.07,59708.04,80498.67,101189.16,98588.3,59120.51,33154.7,61176.54,66408.24,39662.04,7935.05,4324.3,41086.7,18363.84,40641.88,23650.45,23410.2,30523.72,25874.45,25748.18,36961.31,26867.55,36936.65,43095.06,38315.77,27367.28,43218.78,34919.13,33311.09,32932.06,43131.42,23968.8,12880.79
40808.34,69789.61,83862.17,96419.16,107452.93,18591.16,61675.83,1e+09,4212.47,16356.16,19183.14,27628.27,14415.01,24522.4,7610.04,9356.73,13147.66,19884.75,21740.77,16975.59,26179.92,16490.96,3532.84,12804.31,28017.75,25566.28,6823.04,19038.49,5929.08,5123.47,12370.68,47508.49,52502.83,17298.41,34706.51,13041.74,28474.86,30350.79,28674.74,33699.51,27736.93,23348.6,27826.14,22618.23,14645.76,20504.59,29254.48,14170.15,24682.42,18955.38,27686.58,16650.98,35654.59,39333.74
40058.59,66850.32,82869.09,95562.65,104784.36,20068.7,69933.28,4212.47,1e+09,14483.75,25699.67,34212.48,21759.1,31168.81,10000.31,9563.33,13015.03,26516.43,27620.65,23813.58,32891.26,24013.38,5345.81,10191.43,27161.24,24325.08,7378.43,27429.88,3811.01,5156.13,18350.23,52378.73,60488.45,24828.23,42050.6,20032.81,36004.68,37880.61,33569.24,40580.39,35950.09,30692.69,35179.27,29689.28,21744.66,25374.83,36484.88,21650.65,32026.51,27378.74,32556.82,21182.86,41478.92,46677.83
36518.29,43614.31,60299.99,73548.31,81526.01,38771.67,91574.08,16356.16,14483.75,1e+09,44434.35,53718.08,41227.56,51130.85,26541.86,10074.67,8252.84,49204.26,45903.93,44615,53696.94,45276.02,18944.89,9415.49,9545.85000000001,12217.06,24737.08,49070.68,22117.22,12435.77,37660.2,71096.11,82516.54,44488.52,61465.36,38428.2,56449.9,58786.99,52733.43,58863.67,58016.08,51122.77,56718.33,49747.77,42950.6,44539.02,56982.9,41388.65,52477.71,49480.76,51721.01,39949.66,60607.12,67426.81
54399.16,96944.84,114786.75,128316.9,134856.54,7366.5,38101.81,19183.14,25699.67,44434.35,1e+09,5537.44,3585.66,3948.01,13420.19,28053,31091.68,7565.79,1810.79,3643.62,4577.79,5281.64,18963.17,38595.92,59631.19,56019.36,12531.07,5411.57,18141.03,24250.61,4718.28,19208.92,29044.27,4091.43,10380.78,3634.75,7258.47,7712.99,4751.67,7631.82,6964.86,4459.83,7055.8,3185.82,3183.41,3301.21,6693.91,3440.15,4024.26,5392.9,4173.43,3442.14,8770.57,14722.63
62503.18,105666.26,123014.44,136544.59,143939.95,7977.89,31010.92,27628.27,34212.48,53718.08,5537.44,1e+09,7390.14,2920.82,15636.78,36741.59,39577.03,6890.93,4239.9,6378.09,3446,5418.56,27166.76,47284.51,68319.78,64681.67,21959.87,4637.28,26460.9,32747.68,10467.16,11473.48,21742.22,4827.43,5849.15,10106.75,3705.7,3971.95,2252.99,3602.25,4544.72,2972.28,3641.52,3232.61,6680.47,3717.54,3061.43,8183.15,2371.83,5093.22,2680.28,6494.58,3536.53,8772.74
45520.68,93175.74,109537.3,122637.55,131449.43,10559.26,41099.64,14415.01,21759.1,41227.56,3585.66,7390.14,1e+09,5772.66,9612.78,21047.1,23808.59,9247.85,4900.26,2605.8,7614.12,5114.01,13193.52,32324.49,53014.98,49584.29,9521.6,5092.82,13002.36,18234.06,3396.05,26618.35,32042.1,2667.12,13216.96,2923.42,8538.27,9728.88,9887.35,12181.28,8888.02,4041.43,8623.54,4778.95,3709.11,6383.61,9526.64,2460.09,4725.63,4413.04,8475.71,3512.17,15188.19,17844.19
54862.42,104674.89,120165.55,133265.8,142154,10375.18,35357.37,24522.4,31168.81,51130.85,3948.01,2920.82,5772.66,1e+09,12152.54,31675.35,34436.84,7288.87,3371.23,4575.53,3406.87,4520.71,23152.93,42952.74,63643.23,60357.69,18984.51,3149.13,23630.61,28862.31,9442.54,15491.94,25201.66,4315.1,6554.67,8851.79,3039.93,4819.73,3669.02,4549.95,5636.86,2433.12,4378.07,2112.06,5193.57,4127.31,4656.78,6464.35,2575.84,3871.6,1932.4,4859.59,6893.13,10640
37427.92,82054.55,93610.83,105250.67,117883.67,23102.37,42510.56,7610.04,10000.31,26541.86,13420.19,15636.78,9612.78,12152.54,1e+09,14229.98,17972.89,13553.44,13815.33,9827.85,14074.04,10583.49,7754.97,19273.44,38206.41,37119.13,11141.86,8476.84,9864,9528.21,10864.68,28886.05,33453.02,8281.39,17290.99,11583.53,13229.17,14904.49,15986.02,16506.15,12413.68,10931.15,13826.12,13031.9,10043.02,15886.83,15543.82,10038.77,12197.47,10260.42,14469.73,11736.99,22324,20056.61
31478.75,56374.42,70404.1,81574.03,92840.41,35604.7,69221.28,9356.73,9563.33,10074.67,28053,36741.59,21047.1,31675.35,14229.98,1e+09,5564.19,33277.63,30451.82,23940.5,35003.67,26419.84,9847.49,6968.22,17513.47,19169.63,16832.34,26807.46,10510.93,6763.29,20500.86,55461.05,60163.74,24351.24,41338.6,20002.16,35779.12,37655.05,37827.33,40331.6,35663.28,29980.69,35983.66,30996.75,23288.62,32712.08,37579.46,21474.41,31314.51,27153.18,35500.85,24608.78,46556.92,45965.83
30501.35,54631.66,67320.16,79838.21,90755.75,39304.27,71982.77,13147.66,13015.03,8252.84,31091.68,39577.03,23808.59,34436.84,17972.89,5564.19,1e+09,35626.53,32798.24,26618.41,37624.98,29423.92,13793.66,6520.25,14563.19,16712.43,18155.86,29479.37,12610.29,8721.81,22064.6,58080.17,62925.23,27112.73,44100.09,22229.45,38749,40653.71,40710.09,43093.09,38424.77,32742.18,38655.08,34114.29,26217.44,35018.96,40234.65,24396.45,34076,30040.5,38419.12,26754.57,48570.03,48727.32
57595.72,103244.39,118206.36,130205.02,139819.83,16233.05,26056.17,19884.75,26516.43,49204.26,7565.79,6890.93,9247.85,7288.87,13553.44,33277.63,35626.53,1e+09,8450.44,7091.6,5034.13,5216.68,19644.19,43303.02,64229.47,62364.85,14773.18,6719.75,21914.57,28562.92,8100,13695.73,17124.53,8710.39,7892.3,8415.22,6490.49,5718.93,7457.86,6827.27,4340.65,7620.45,5232.57,7326.69,8680.72,8045.74,4231.68,7754.99,7073.89,5483.15,7052.36,9479.35,9593.8,7262.22
55569.55,97852.11,117221.14,130751.29,136125.8,6982.9,38105.15,21740.77,27620.65,45903.93,1810.79,4239.9,4900.26,3371.23,13815.33,30451.82,32798.24,8450.44,1e+09,3487.19,4590.48,5131.08,21820.37,41554.57,62419.7,58179.83,14197.97,5610.59,20703.99,26954.38,7575.05,18326.03,28926.44,3539.68,9235.16,6685.2,6325.25,6926.25,4771.19,6389.27,7618.65,3286.2,6881.5,2063.32,3079.34,2417.81,6138.44,5056.66,3083.21,5680.78,3552.67,3528.22,7957.13,14233.29
47517.03,97374.44,112430.7,125530.95,135648.13,10358.19,42074.7,16975.59,23813.58,44615,3643.62,6378.09,2605.8,4575.53,9827.85,23940.5,26618.41,7091.6,3487.19,1e+09,5633.22,3809.59,15314.99,35217.89,55908.38,52695.24,12775.98,5083.16,15776.53,21127.46,5438.74,24465.08,32631.2,1536.81,14192.02,3476.68,8147.43,10023.36,7239.94,11994.88,9025.98,3099.79,7241.4,3572.64,3419.23,3739.42,8326.61,1700.87,4346.56,3391.03,6071.01,3244.98,14132.27,18819.25
57456.8,107894.36,123020.71,135995.99,144720.09,13179.81,29594.18,26179.92,32891.26,53696.94,4577.79,3446,7614.12,3406.87,14074.04,35003.67,37624.98,5034.13,4590.48,5633.22,1e+09,5601.26,25189.72,46281.06,66971.55,64052.98,20484.9,5411.06,26375.36,32190.63,10073.56,15457.44,20421.18,5463.34,6229.22,9351.75,3106.35,3491.4,4059.98,5609.7,3531.47,2678.79,1588.28,3817.65,7252.51,4890.39,2407.83,7977.96,2780.52,2859.47,3318.75,6953.34,6259.9,8610.49
53734.02,100072.37,113288.99,125996.63,136578.23,10635.82,34363.07,16490.96,24013.38,45276.02,5281.64,5418.56,5114.01,4520.71,10583.49,26419.84,29423.92,5216.68,5131.08,3809.59,5601.26,1e+09,15183.58,36589.05,57595.22,55209.33,12247.77,3649.84,16592.28,22401.26,6097.67,18490.23,25218.8,4388.62,9171.24,6011.43,6193.91,7072.55,5260.18,8127.82,5553.53,4914.61,6381.2,4484.04,3050.87,5072.2,6078.18,4286.43,5184.41,3873.17,5086.88,6174.62,8931.18,12089.44
40364.32,73718.03,87236.45,99153.23,110241.91,21542.25,59708.04,3532.84,5345.81,18944.89,18963.17,27166.76,13193.52,23152.93,7754.97,9847.49,13793.66,19644.19,21820.37,15314.99,25189.72,15183.58,1e+09,15003.2,31398.14,29549.6,8205.91,17077.26,5848.4,5403.89,11679.74,47641.14,50535.04,16088.54,33502.92,12344.92,27078.75,28800.96,28891.82,32928.36,25769.14,21806.57,26122.68,21583.47,13299.16,22275.25,28218.13,13023.6,23133.35,16987.59,27275.86,16567.03,36091.24,37685.41
28437.28,47304.29,60619.49,72500.22,83495.4,39629.09,80498.67,12804.31,10191.43,9415.49,38595.92,47284.51,32324.49,42952.74,19273.44,6968.22,6520.25,43303.02,41554.57,35217.89,46281.06,36589.05,15003.2,1e+09,12112.86,11959.45,21896.69,37995.27,12850.38,8441.03,30200.62,66738.44,71441.13,35628.63,52615.99,30745.35,47043.31,48919.24,49091.52,51608.99,46940.67,41258.08,47261.05,41539.67,33642.82,43122.28,48856.85,32738.6,42591.9,38417.37,46765.04,35439.29,57184.31,57243.22
24362.7,28459.69,43144.93,55258.39,64903.99,63425.2,101189.16,28017.75,27161.24,9545.85000000001,59631.19,68319.78,53014.98,63643.23,38206.41,17513.47,14563.19,64229.47,62419.7,55908.38,66971.55,57595.22,31398.14,12112.86,1e+09,4463.91,41961.28,58685.76,32095.76,24287.7,51235.89,87428.93,92131.62,56319.12,73306.48,51435.84,67704.7,69580.63,69752.91,72299.48,67631.16,61948.57,67951.54,62574.94,54678.09,64128.45,69547.34,53399.99,63282.39,59078.76,67426.43,56129.78,78524.8,77933.71
25609.53,28428.02,42575.49,54758.31,64609.02,59446.16,98588.3,25566.28,24325.08,12217.06,56019.36,64681.67,49584.29,60357.69,37119.13,19169.63,16712.43,62364.85,58179.83,52695.24,64052.98,55209.33,29549.6,11959.45,4463.91,1e+09,38058.98,56151.87,28966.55,23595.77,47499.91,83342.13,89588.49,53092.99,69866.84,47801.78,64797.3,66750.09,65884.73,68590.12,65220.75,58678.15,65346.4,59334.15,51683.88,60140.3,66575.48,50366.5,60015.49,56903.97,63777.26,52093.14,74060.23,74716.44
45881.5,77103.65,97818.39,111132.22,115037.69,11302.21,59120.51,6823.04,7378.43,24737.08,12531.07,21959.87,9521.6,18984.51,11141.86,16832.34,18155.86,14773.18,14197.97,12775.98,20484.9,12247.77,8205.91,21896.69,41961.28,38058.98,1e+09,16483.17,5421.05,11303.16,6783.62,39210.13,49947.51,12381.94,29759.4,6722.24,24085.11,26345.34,20400.64,27157.71,25181.61,19265.76,23526.41,17880.58,10748.12,12206.23,24123.88,9055.86,20591.42,16400.06,19388.22,8178.97,28861.32,35516.65
48911.38,104227.32,115208.08,128308.33,140895.11,11713.44,33154.7,19038.49,27429.88,49070.68,5411.57,4637.28,5092.82,3149.13,8476.84,26807.46,29479.37,6719.75,5610.59,5083.16,5411.06,3649.84,17077.26,37995.27,58685.76,56151.87,16483.17,1e+09,18673.14,23904.84,5476.89,15281.74,23626.2,4653.69,6558.84,5553.78,4416.81,4760.27,5003.89,5228.69,4752.45,3479.95,5912.68,4778.07,7054.97,4946.81,5736.19,5129.78,4012.54,4287.27,3115.61,7103.1,7574.88,10304.97
36500.57,74065.4,88618.08,101718.33,112339.09,19483.81,61176.54,5929.08,3811.01,22117.22,18141.03,26460.9,13002.36,23630.61,9864,10510.93,12610.29,21914.57,20703.99,15776.53,26375.36,16592.28,5848.4,12850.38,32095.76,28966.55,5421.05,18673.14,1e+09,4777.5,10198.32,46478.87,52119,16306.5,33293.86,11423.22,27775.17,29651.1,28416.78,32286.86,27618.54,21935.95,27757.71,21488.91,13592.06,20863.64,29067.75,13470.46,23269.77,19149.23,26966.34,15281.52,35447.57,37921.09
39249.59,64668.67,77730.28,90783.15,101132.41,25398.44,66408.24,5123.47,5156.13,12435.77,24250.61,32747.68,18234.06,28862.31,9528.21,6763.29,8721.81,28562.92,26954.38,21127.46,32190.63,22401.26,5403.89,8441.03,24287.7,23595.77,11303.16,23904.84,4777.5,1e+09,16209.53,52648.01,57350.7,21538.2,38525.56,16654.92,33110.4,34986.33,35158.61,37518.56,32850.24,27167.65,33170.62,27194.36,19297.51,28934.49,34766.42,18805.69,28501.47,24465.97,32832.13,21372.5,42074.36,43152.79
47956.38,89608.38,106640.31,119955.51,127882.07,11619.22,39662.04,12370.68,18350.23,37660.2,4718.28,10467.16,3396.05,9442.54,10864.68,20500.86,22064.6,8100,7575.05,5438.74,10073.56,6097.67,11679.74,30200.62,51235.89,47499.91,6783.62,5476.89,10198.32,16209.53,1e+09,24860.19,30604.5,5743.77,13298.54,1710.72,9789.67,10246.05,11872.19,11121.42,8523.81,8648.53,11122.32,8419.98,4838.63,8873.64,11149,3714.76,8248.7,6205,10376.9,4950.5,16090.7,16442.92
80250.64,123606.6,143754.5,157051.5,161518.3,13051.67,7935.05,47508.49,52378.73,71096.11,19208.92,11473.48,26618.35,15491.94,28886.05,55461.05,58080.17,13695.73,18326.03,24465.08,15457.44,18490.23,47641.14,66738.44,87428.93,83342.13,39210.13,15281.74,46478.87,52648.01,24860.19,1e+09,4836.52,22927.8,6233.22,26881.65,10834.85,11050.74,11578.7,9197.03,10158.59,19629.1,15707.56,16607.99,20241.51,15628.27,13431.94,28168.98,17779.94,21212.43,13635.34,24220.7,5822.44,3952.23
81865.99,136382.68,148653.94,161492.83,174293.32,22713.51,4324.3,52502.83,60488.45,82516.54,29044.27,21742.22,32042.1,25201.66,33453.02,60163.74,62925.23,17124.53,28926.44,32631.2,20421.18,25218.8,50535.04,71441.13,92131.62,89588.49,49947.51,23626.2,52119,57350.7,30604.5,4836.52,1e+09,31725.1,10131.93,31584.34,14928.8,14254.83,20945.14,16462.33,16278.1,27788.31,17694.55,27554.09,32714.7,27996.54,18194.28,33800.44,25316.95,24138.09,22974.49,34073.88,15194.23,6619.37
47880.53,96999.01,112841.44,125832.61,134910.71,10219.42,41086.7,17298.41,24828.23,44488.52,4091.43,4827.43,2667.12,4315.1,8281.39,24351.24,27112.73,8710.39,3539.68,1536.81,5463.34,4388.62,16088.54,35628.63,56319.12,53092.99,12381.94,4653.69,16306.5,21538.2,5743.77,22927.8,31725.1,1e+09,12587.84,4131.96,6750.67,8703.46,6721.46,10364.61,9786.35,2101.04,6530.02,3213.1,3587.15,3249.86,7156.26,1228.61,3346.95,3141.54,5370.81,3262.48,12560.08,17437.44
64833.87,113413.54,129828.8,142929.05,151687.23,9133.59,18363.84,34706.51,42050.6,61465.36,10380.78,5849.15,13216.96,6554.67,17290.99,41338.6,44100.09,7892.3,9235.16,14192.02,6229.22,9171.24,33502.92,52615.99,73306.48,69866.84,29759.4,6558.84,33293.86,38525.56,13298.54,6233.22,10131.93,12587.84,1e+09,13645.64,3345.88,4558.86,5809.7,4425.16,4977.99,8728.87,5989.11,8204.7,11426.26,7409.28,5449.26,15336.1,7163.74,8795.8,5236.04,13905.28,4455.54,3530.91
46430.76,90376.38,107958.16,121058.41,128650.07,10798.67,40641.88,13041.74,20032.81,38428.2,3634.75,10106.75,2923.42,8851.79,11583.53,20002.16,22229.45,8415.22,6685.2,3476.68,9351.75,6011.43,12344.92,30745.35,51435.84,47801.78,6722.24,5553.78,11423.22,16654.92,1710.72,26881.65,31584.34,4131.96,13645.64,1e+09,9755.73,10572.02,12070.95,12083.96,8334.48,7503.59,10596.1,7086.1,4434.63,7979.23,10859.01,2463.94,7437.62,5111.11,10509.37,3377.58,16097.49,17386.43
58409.7,108816.47,124477.71,137009.06,146750.51,13168.43,23650.45,28474.86,36004.68,56449.9,7258.47,3705.7,8538.27,3039.93,13229.17,35779.12,38749,6490.49,6325.25,8147.43,3106.35,6193.91,27078.75,47043.31,67704.7,64797.3,24085.11,4416.81,27775.17,33110.4,9789.67,10834.85,14928.8,6750.67,3345.88,9755.73,1e+09,2966.03,4425.04,4423.41,3859.27,4005.01,2948.44,4998.64,8190.27,6348.58,3832.2,9316.67,3926.12,4034.37,3738.74,8834.2,7116.73,4828.05
60131.91,111153.56,126382.42,138884.99,149087.6,12186.24,23410.2,30350.79,37880.61,58786.99,7712.99,3971.95,9728.88,4819.73,14904.49,37655.05,40653.71,5718.93,6926.25,10023.36,3491.4,7072.55,28800.96,48919.24,69580.63,66750.09,26345.34,4760.27,29651.1,34986.33,10246.05,11050.74,14254.83,8703.46,4558.86,10572.02,2966.03,1e+09,4624.23,3228.26,2847.08,5240.63,2988.01,5751.18,9104.9,6532.85,3041.79,11192.6,4131.1,4967.54,4189.83,10989.2,5033.47,4779.41
62379.47,105100,125262.72,138249.61,143034.04,8315.99,30523.72,28674.74,33569.24,52733.43,4751.67,2252.99,9887.35,3669.02,15986.02,37827.33,40710.09,7457.86,4771.19,7239.94,4059.98,5260.18,28891.82,49091.52,69752.91,65884.73,20400.64,5003.89,28416.78,35158.61,11872.19,11578.7,20945.14,6721.46,5809.7,12070.95,4425.04,4624.23,1e+09,3723.19,4754.81,5090.45,4467.78,3945.02,4769.54,4031.96,4014.75,10039.2,4547.88,6848.46,2561.22,7317.24,4383.82,8208.72
64366.31,110811.85,128821.8,141922.05,149085.54,10044.41,25874.45,33699.51,40580.39,58863.67,7631.82,3602.25,12181.28,4549.95,16506.15,40331.6,43093.09,6827.27,6389.27,11994.88,5609.7,8127.82,32928.36,51608.99,72299.48,68590.12,27157.71,5228.69,32286.86,37518.56,11121.42,9197.03,16462.33,10364.61,4425.16,12083.96,4423.41,3228.26,3723.19,1e+09,3036.84,6642.99,5411.91,5047.74,8107.53,5086.43,3696.72,14329.1,5355.64,7654.71,3209.87,11549.68,3921.19,5313.12
57100.09,112526.94,124153.48,136954.47,149754.96,13752.7,25748.18,27736.93,35950.09,58016.08,6964.86,4544.72,8888.02,5636.86,12413.68,35663.28,38424.77,4340.65,7618.65,9025.98,3531.47,5553.53,25769.14,46940.67,67631.16,65220.75,25181.61,4752.45,27618.54,32850.24,8523.81,10158.59,16278.1,9786.35,4977.99,8334.48,3859.27,2847.08,4754.81,3036.84,1e+09,6598.57,2960.03,6485.13,10969.78,7766.97,2212.03,9762.18,4617.14,4283.65,4782.49,11059.08,5008.39,5653.01
53137.52,103070.95,118470.89,131571.14,141344.64,10269.62,36961.31,23348.6,30692.69,51122.77,4459.83,2972.28,4041.43,2433.12,10931.15,29980.69,32742.18,7620.45,3286.2,3099.79,2678.79,4914.61,21806.57,41258.08,61948.57,58678.15,19265.76,3479.95,21935.95,27167.65,8648.53,19629.1,27788.31,2101.04,8728.87,7503.59,4005.01,5240.63,5090.45,6642.99,6598.57,1e+09,3365.51,1842.67,5647.27,3619.44,3756.32,4194.13,1156.83,2536.35,3406.93,4074.17,8962.11,14245.58
57809.93,110900.54,124473.86,137340.19,147748.61,15223.67,26867.55,27826.14,35179.27,56718.33,7055.8,3641.52,8623.54,4378.07,13826.12,35983.66,38655.08,5232.57,6881.5,7241.4,1588.28,6381.2,26122.68,47261.05,67951.54,65346.4,23526.41,5912.68,27757.71,33170.62,11122.32,15707.56,17694.55,6530.02,5989.11,10596.1,2948.44,2988.01,4467.78,5411.91,2960.03,3365.51,1e+09,4750.9,9736.52,6639.01,2026.51,9213.76,3551.35,3088.78,4709.4,8776.08,6618.43,7633.12
56732.49,102024.97,117979.36,131294.56,140169.96,9022.99,36936.65,22618.23,29689.28,49747.77,3185.82,3232.61,4778.95,2112.06,13031.9,30996.75,34114.29,7326.69,2063.32,3572.64,3817.65,4484.04,21583.47,41539.67,62574.94,59334.15,17880.58,4778.07,21488.91,27194.36,8419.98,16607.99,27554.09,3213.1,8204.7,7086.1,4998.64,5751.18,3945.02,5047.74,6485.13,1842.67,4750.9,1e+09,4046.46,2796.5,4942.59,4813.66,2533.68,3773.14,2830.09,3909.57,6977.26,13023.62
50971.03,95461.09,110082.51,123397.71,133372.79,6530.76,43095.06,14645.76,21744.66,42950.6,3183.41,6680.47,3709.11,5193.57,10043.02,23288.62,26217.44,8680.72,3079.34,3419.23,7252.51,3050.87,13299.16,33642.82,54678.09,51683.88,10748.12,7054.97,13592.06,19297.51,4838.63,20241.51,32714.7,3587.15,11426.26,4434.63,8190.27,9104.9,4769.54,8107.53,10969.78,5647.27,9736.52,4046.46,1e+09,3979.79,9561.5,3194.7,6863.99,6477.65,4215.39,4119.88,10107.12,16169.47
59232.99,96905.59,117562.78,131467.02,134839.63,6054.11,38315.77,20504.59,25374.83,44539.02,3301.21,3717.54,6383.61,4127.31,15886.83,32712.08,35018.96,8045.74,2417.81,3739.42,4890.39,5072.2,22275.25,43122.28,64128.45,60140.3,12206.23,4946.81,20863.64,28934.49,8873.64,15628.27,27996.54,3249.86,7409.28,7979.23,6348.58,6532.85,4031.96,5086.43,7766.97,3619.44,6639.01,2796.5,3979.79,1e+09,6366.86,5931.56,3941.72,6521.25,2391.73,3428.45,6315.29,12101.76
60139.17,111069.37,125742.25,138755.13,147917.44,13462.74,27367.28,29254.48,36484.88,56982.9,6693.91,3061.43,9526.64,4656.78,15543.82,37579.46,40234.65,4231.68,6138.44,8326.61,2407.83,6078.18,28218.13,48856.85,69547.34,66575.48,24123.88,5736.19,29067.75,34766.42,11149,13431.94,18194.28,7156.26,5449.26,10859.01,3832.2,3041.79,4014.75,3696.72,2212.03,3756.32,2026.51,4942.59,9561.5,6366.86,1e+09,10571.64,3609.12,4446.06,3835.69,9195.09,4889.56,6775.05
45868.04,93755.22,110125.16,122704.35,131689.26,10669.17,43218.78,14170.15,21650.65,41388.65,3440.15,8183.15,2460.09,6464.35,10038.77,21474.41,24396.45,7754.99,5056.66,1700.87,7977.96,4286.43,13023.6,32738.6,53399.99,50366.5,9055.86,5129.78,13470.46,18805.69,3714.76,28168.98,33800.44,1228.61,15336.1,2463.94,9316.67,11192.6,10039.2,14329.1,9762.18,4194.13,9213.76,4813.66,3194.7,5931.56,10571.64,1e+09,5596.45,3257.82,8991.91,3239.64,16348.47,19963.33
54464.3,104425.89,119804.71,132904.96,142699.58,10118.75,34919.13,24682.42,32026.51,52477.71,4024.26,2371.83,4725.63,2575.84,12197.47,31314.51,34076,7073.89,3083.21,4346.56,2780.52,5184.41,23133.35,42591.9,63282.39,60015.49,20591.42,4012.54,23269.77,28501.47,8248.7,17779.94,25316.95,3346.95,7163.74,7437.62,3926.12,4131.1,4547.88,5355.64,4617.14,1156.83,3551.35,2533.68,6863.99,3941.72,3609.12,5596.45,1e+09,2680.27,3152.71,5139.23,7273.24,11047.45
48593.83,104586.19,115769.21,128383.12,141183.61,15593.03,33311.09,18955.38,27378.74,49480.76,5392.9,5093.22,4413.04,3871.6,10260.42,27153.18,30040.5,5483.15,5680.78,3391.03,2859.47,3873.17,16987.59,38417.37,59078.76,56903.97,16400.06,4287.27,19149.23,24465.97,6205,21212.43,24138.09,3141.54,8795.8,5111.11,4034.37,4967.54,6848.46,7654.71,4283.65,2536.35,3088.78,3773.14,6477.65,6521.25,4446.06,3257.82,2680.27,1e+09,6046.81,6231.92,11207.89,11481.36
59614.97,104087.58,124188.48,136730.79,142021.62,8608.81,32932.06,27686.58,32556.82,51721.01,4173.43,2680.28,8475.71,1932.4,14469.73,35500.85,38419.12,7052.36,3552.67,6071.01,3318.75,5086.88,27275.86,46765.04,67426.43,63777.26,19388.22,3115.61,26966.34,32832.13,10376.9,13635.34,22974.49,5370.81,5236.04,10509.37,3738.74,4189.83,2561.22,3209.87,4782.49,3406.93,4709.4,2830.09,4215.39,2391.73,3835.69,8991.91,3152.71,6046.81,1e+09,6345.43,4994.59,8951.46
50813.91,92460.15,112313.96,125752.35,130371.85,8198.14,43131.42,16650.98,21182.86,39949.66,3442.14,6494.58,3512.17,4859.59,11736.99,24608.78,26754.57,9479.35,3528.22,3244.98,6953.34,6174.62,16567.03,35439.29,56129.78,52093.14,8178.97,7103.1,15281.52,21372.5,4950.5,24220.7,34073.88,3262.48,13905.28,3377.58,8834.2,10989.2,7317.24,11549.68,11059.08,4074.17,8776.08,3909.57,4119.88,3428.45,9195.09,3239.64,5139.23,6231.92,6345.43,1e+09,13617.98,19644.36
72102.05,112555.3,131304.64,145264.69,150828.99,9357.78,23968.8,35654.59,41478.92,60607.12,8770.57,3536.53,15188.19,6893.13,22324,46556.92,48570.03,9593.8,7957.13,14132.27,6259.9,8931.18,36091.24,57184.31,78524.8,74060.23,28861.32,7574.88,35447.57,42074.36,16090.7,5822.44,15194.23,12560.08,4455.54,16097.49,7116.73,5033.47,4383.82,3921.19,5008.39,8962.11,6618.43,6977.26,10107.12,6315.29,4889.56,16348.47,7273.24,11207.89,4994.59,13617.98,1e+09,4738.89
69016.36,119374.99,134456.03,147556.28,157648.68,12136.51,12880.79,39333.74,46677.83,67426.81,14722.63,8772.74,17844.19,10640,20056.61,45965.83,48727.32,7262.22,14233.29,18819.25,8610.49,12089.44,37685.41,57243.22,77933.71,74716.44,35516.65,10304.97,37921.09,43152.79,16442.92,3952.23,6619.37,17437.44,3530.91,17386.43,4828.05,4779.41,8208.72,5313.12,5653.01,14245.58,7633.12,13023.62,16169.47,12101.76,6775.05,19963.33,11047.45,11481.36,8951.46,19644.36,4738.89,1e+09
