1e+09,8573.26,8543.87,12260.56,12575,24307.96,65837.65,17993.14,17281.93,16355.78,22038.56,24941.24,20273.12,20858.1,20369.36,10960.17,13781.85,37019.48,21354.83,21305.46,31121.68,20467.87,13889.64,12275.93,11719.92,13254.27,18233.48,28799.82,17415.9,16461.08,21999.32,49398.37,54662.5,22441.2,37343.36,18936.95,30204.01,29043.41,26543.67,27280.37,38277.3,27728.76,33841.87,25364.19,21733.81,23797.93,35156.21,20101.4,26486.1,25398.57,25035.92,20080.39,31884.34,44565.4
8573.26,1e+09,6471.2,8510.66,13220.23,47351.04,89074.29,34034.73,35969.87,23100.22,44194.22,49474.52,41330.93,45306.5,37987.69,25104.28,28168.94,56376.55,43490.89,42261.29,50731.14,41942.25,30253.1,22112.59,15902.77,16535.52,38519.48,54300,39876.56,33153.21,44553.35,76349.12,79532.97,45517.21,64441.95,41860.19,55475.94,52582.55,49345.3,52100.3,61361.3,50098.81,54601.68,47607.2,42478.81,46244.51,55339.84,41558.16,49703.81,47984.08,48608.43,42675.09,54980.02,68904.09
8543.87,6471.2,1e+09,6248.83,9568.4,51362.03,94386.98,37676.56,40530.56,27717.66,49038.73,54205.66,45820.05,50176.54,42537.01,27444.26,31900.45,61465.05,48435.71,47327.97,55819.64,46547.33,33071.19,28365,17571.25,20584,42277,59530.12,43085.57,36652.84,48757.83,81596.74,84820.37,50037.94,69683.88,46034.02,60253.21,57830.17,54513.36,56862.63,66529.36,55244.26,59690.18,52771.3,47280.49,50997.73,60428.34,46354.78,54792.31,52802.83,53849.36,46402.13,60227.64,74151.71
12260.56,8510.66,6248.83,1e+09,9207.05,52187.32,85851.57,38981.34,42810.65,28985.94,51247.48,55706.36,49197.22,51426.15,43257.74,35160.53,38774.63,54346.45,50200.45,46740.86,49833.48,49509.44,40789.49,30572.37,20112.68,23200.45,45930.06,58534.46,49712.24,38252.94,51216.15,74742.4,77228.77,52080.42,65892.96,50531.09,59538.56,56226.87,53288.19,59415.98,58809.76,51963.29,53050.37,51659.83,48627.9,50476.53,53357.74,47865.08,53439.79,51624.86,53970.16,48483.67,56103.76,67107.85
12575,13220.23,9568.4,9207.05,1e+09,60026.66,102330.41,45341.35,48101.1,39655.23,57511.71,63090.14,54437.04,58367.83,51454.49,36164.95,39464.06,69408.48,56768.64,55344.42,63763.07,55047.18,40739.53,37828.15,27432.86,30053.56,49652.95,67774.68,51047.14,44223.38,57673.48,90184.92,93707.61,58995.83,78229.57,54704.25,69328.7,66091.35,62722.67,66211.14,74878.74,63187.69,67633.61,60714.73,55601.91,59471.6,68371.77,54620.23,62735.74,61292.7,62292.88,55206.49,68430.38,83009.19
24307.96,47351.04,51362.03,52187.32,60026.66,1e+09,31280.7,8393.44,9857.53,22015.17,9664.59,9208.14,8127.17,10323.85,7362.9,13868.84,14793.27,7496.03,7087.2,6509.58,6215.1,9053.75,9647.89,15866.47,26549.07,23532.74,7704.89,12698.64,9940.71,7968.89,7644.9,18408.32,24806.82,8497.54,14932.56,8627.64,11201.39,13509.95,9200.58,12519.29,13203.97,9458.86,8105.94,9877.83,6654.24,6306.15,8146.76,8610.23,10412.66,7361.91,8909.16,4228.48,9840.4,17012.74
65837.65,89074.29,94386.98,85851.57,102330.41,31280.7,1e+09,39455.69,48084.36,56089.38,38917.58,35727.41,42396.79,39676.24,26534.36,60292.1,63547.24,13207.65,39802.65,38466.21,27833.3,36883.27,56102.62,55096.21,62098.6,61827.17,45978.61,31818.85,51488.45,44545.3,38094.21,10925.07,5370.92,42413.54,22425.93,42456.58,26344.82,27801.27,32746,32827.75,23691.46,33946.41,24643.03,37380.45,41636.92,39196.01,22648.49,42397.55,34968.33,35028.16,37913.94,40215.47,24076.19,13228.4
17993.14,34034.73,37676.56,38981.34,45341.35,8393.44,39455.69,1e+09,4497.61,9856.73,12291.81,14225.5,10152.07,11451.99,10606.8,9039.85,10030.99,12565.23,11410.35,7816.28,7858.18,11910.58,7816.98,6902.27,10999.02,10910.6,5049.13,14030.38,8306.31,3846.29,10620.3,24924.31,30989.13,11955,19974.1,11412.18,15955.7,15187.03,11521.33,18891,14952.87,9424.92,10056.59,9964.8,9123.51,9002.33,10111.24,9902.43,11606.04,10164.49,12884.88,6928.79,13092.63,22675.88
17281.93,35969.87,40530.56,42810.65,48101.1,9857.53,48084.36,4497.61,1e+09,11847.94,13113.8,15886.08,13009.23,12354.42,9823.76,8863.75,9228.33,18456.01,13788.67,12263.36,12345.35,12997.84,6667.18,5012.03,13167.14,11517.65,3444.1,16642.44,6231.69,3568.61,13524.47,30809.78,37678.96,16275.42,22460.17,14064.63,19060.88,16148.83,13664.09,18778.46,20327.81,13168.88,15151.36,12643.78,12845.05,12852.95,16267.38,12601.65,12555.31,12216.23,15558.26,10023.5,16604.95,27251.81
16355.78,23100.22,27717.66,28985.94,39655.23,22015.17,56089.38,9856.73,11847.94,1e+09,21881.82,25526.75,19373.44,20882.45,16158.66,10726.69,11524.7,25215.9,20365.84,17919.69,19884.11,20671.19,11292.35,6995.81,5708.69,5592.56,14658.73,26885.72,18560.79,9613.54,21069.73,42801.08,47466.58,23168.51,35595.19,20848.33,29198.46,26094.33,22928,29504.69,29026.27,21557.35,23113.31,20987.13,18414.9,20977.08,23723.13,18963.34,21765.51,21213.94,24143.13,18568.59,26256.37,37324.36
22038.56,44194.22,49038.73,51247.48,57511.71,9664.59,38917.58,12291.81,13113.8,21881.82,1e+09,5022.89,3040.76,3718.13,9233.69,15163.59,16823.54,13559.47,2651.31,4146.22,7024.08,3086.91,9437.95,16792.52,26093.03,24384.38,9627.99,5392.3,9185.84,13988.14,2667.64,17039.19,24609.75,3134.4,7865.3,3123.64,6018.84,5004.96,4342.37,3855.46,10555.22,5474.29,9300.27,3439.54,3277.4,3546.27,10057.26,3181.37,4029.69,3062.69,3340.95,6229.57,7564.12,15425.97
24941.24,49474.52,54205.66,55706.36,63090.14,9208.14,35727.41,14225.5,15886.08,25526.75,5022.89,1e+09,4998.62,4930.73,9874.43,15897.94,16582.83,14855.65,4292.66,6054.02,9406.85,4790.73,11773.54,20423.23,29621.31,28099.22,10733.08,4775.03,10764.92,14767.15,4347.01,15389.5,21423.31,4781,7829.34,5475.44,5000.98,5959.07,4731.56,5246.83,10203.6,5952.39,9103.83,5049.86,5637.9,5049.97,11247.43,5252.81,4478.55,5206.25,4189.8,5895.45,6901.23,13246.09
20273.12,41330.93,45820.05,49197.22,54437.04,8127.17,42396.79,10152.07,13009.23,19373.44,3040.76,4998.62,1e+09,3699.82,8211.81,11053.89,13674.75,15585.86,2667.01,3475.28,9685.88,3187.46,7029.98,14743.33,23992.28,22752.13,8524.92,5415.94,7064.92,11508.35,3604.66,20670.09,27748.37,2788.65,10180.29,3626.22,6457.48,6485.16,5337.05,5403.68,14146.29,6431.95,11734.99,4630.4,3239.17,4505.76,12640.05,1894.69,4958.37,4248.15,3525.73,4859.56,8912.82,17940.75
20858.1,45306.5,50176.54,51426.15,58367.83,10323.85,39676.24,11451.99,12354.42,20882.45,3718.13,4930.73,3699.82,1e+09,9084.46,13907.16,17399.49,14944.83,3615.67,3756.41,6685.07,3644.33,11352.62,15539.1,24788.46,22734.32,8764.39,3542.02,8559.83,13666.85,5016.9,17643.69,26606.3,3733.65,7774.79,3949.35,7761.79,5371.26,4803.96,5671.89,10792.79,3466.48,8602.02,2793.9,3030.3,3376.61,9306.8,3084.5,2855.09,3946.12,3348.32,4977.26,8436.66,17333.25
20369.36,37987.69,42537.01,43257.74,51454.49,7362.9,26534.36,10606.8,9823.76,16158.66,9233.69,9874.43,8211.81,9084.46,1e+09,15250.3,15533.08,9400.68,7897.76,8118.25,10403.49,7016.08,12408.25,12619.76,19225.13,18359.4,9855.1,9048.13,8365.29,10934.64,9653.95,17648.38,20703.67,8896.78,14627.61,10070.7,11551.81,10185.55,8610.37,9946.55,12188.35,9278.15,9480.64,9289.59,8595.81,10066.37,10938.36,8989.36,9392.03,9346.05,8801.43,8761.22,7329.13,12815.3
10960.17,25104.28,27444.26,35160.53,36164.95,13868.84,60292.1,9039.85,8863.75,10726.69,15163.59,15897.94,11053.89,13907.16,15250.3,1e+09,4947.13,30636.53,13550.87,15245.89,24991.12,13050.51,4874.78,8538.27,10232.18,10355.87,10465.35,22206.4,8650.79,8687.91,13298.11,40198.95,46439.54,12698.92,29446.85,10317.23,19981.99,22942.68,20583.16,17204.05,32397.95,23182.24,28852.98,20637.25,14513.62,15153.65,29599.82,13466.62,21889.55,17941.39,17965.95,11101.91,25579.63,36439.72
13781.85,28168.94,31900.45,38774.63,39464.06,14793.27,63547.24,10030.99,9228.33,11524.7,16823.54,16582.83,13674.75,17399.49,15533.08,4947.13,1e+09,31703.68,16172.14,17065.04,26058.27,15776.69,6049.74,7965.4,11666.35,11361.52,10065.31,24843.43,7916.78,10110.69,14776.22,41355.74,48780.7,14856.63,31575.74,12014.24,21520.14,25542.63,22699.47,20191.23,34044.55,24932.54,29756.83,22495.71,16512.43,16594.48,30666.97,15460.98,24217.02,20514.33,20499.85,12126.69,28325.87,38429.59
37019.48,56376.55,61465.05,54346.45,69408.48,7496.03,13207.65,12565.23,18456.01,25215.9,13559.47,14855.65,15585.86,14944.83,9400.68,30636.53,31703.68,1e+09,12210.94,8152.53,6580.42,16354.17,23180.69,24029.74,30740.03,30835.96,15785.01,11153.12,22498.66,15102.07,14396.49,9739.71,9365.68,14192.93,11111.07,18867.5,11746.9,11383.67,10291.12,16680.08,6463.11,9353.99,5725.63,11110.86,10703.01,9343.15,4691.62,14518.41,12755.51,11097.28,13062.42,10316.53,5268.74,4612.77
21354.83,43490.89,48435.71,50200.45,56768.64,7087.2,39802.65,11410.35,13788.67,20365.84,2651.31,4292.66,2667.01,3615.67,7897.76,13550.87,16172.14,12210.94,1e+09,2228.61,6617.06,3382.22,9094.15,15843.07,25520.62,24638.37,8720.71,4829.57,8929.18,13030.22,3794.11,17698.3,25029.85,2958.97,8340.51,4060.72,6687.36,4927.02,3550.61,4606.19,11640.3,5015.51,9144.65,2983.31,1697.82,2797.11,9978.13,3146.38,3983.76,4032.37,2306.71,4650.32,6260.73,15127.91
21305.46,42261.29,47327.97,46740.86,55344.42,6509.58,38466.21,7816.28,12263.36,17919.69,4146.22,6054.02,3475.28,3756.41,8118.25,15245.89,17065.04,8152.53,2228.61,1e+09,2986.64,4016.88,9043.61,14258.05,22299.95,22333.63,7215.23,5058.7,8641.01,11586.87,4567.57,16811.58,26038.21,3693.52,10299.63,5287.66,7757.31,6516.4,3959.05,8763.09,9986.39,3114.63,5405.73,2439.74,1533.99,2381.58,5970.04,2763.78,3895.72,3619.46,3369.15,4305.26,7078.62,15562.02
31121.68,50731.14,55819.64,49833.48,63763.07,6215.1,27833.3,7858.18,12345.35,19884.11,7024.08,9406.85,9685.88,6685.07,10403.49,24991.12,26058.27,6580.42,6617.06,2986.64,1e+09,10084.89,17535.28,17837.25,25279.45,24659.99,9489.26,4934.51,15738.15,10196.65,8458.76,9393.76,16480.8,8748.64,8077.84,12966.32,8280.45,7371.81,5283.25,9547.22,3772.13,3327.06,2509.76,4942.43,5003.51,3857.4,2911.21,8634.91,5764.63,4625.37,7056.98,4841.72,4434.45,9417
20467.87,41942.25,46547.33,49509.44,55047.18,9053.75,36883.27,11910.58,12997.84,20671.19,3086.91,4790.73,3187.46,3644.33,7016.08,13050.51,15776.69,16354.17,3382.22,4016.88,10084.89,1e+09,8527.13,16102.19,24498.35,23268.49,9766.24,5221.47,7018.96,13984.33,4320.47,19097.36,23957.09,3300.12,9416.38,3650.08,6606.28,5181.28,4544.24,4041.69,10954.11,6733.68,10778.68,5356.89,3766.74,5034.8,11562.1,3390.47,5470.78,5003.71,4131.45,5647.05,8247.15,16111.1
13889.64,30253.1,33071.19,40789.49,40739.53,9647.89,56102.62,7816.98,6667.18,11292.35,9437.95,11773.54,7029.98,11352.62,12408.25,4874.78,6049.74,23180.69,9094.15,9043.61,17535.28,8527.13,1e+09,8377.51,13570.28,11359,6391.82,17528.75,5328.35,6799.75,8748.99,34012.79,41704.7,8593.78,24370.93,6040.08,14908.24,18360.14,15152.46,13953.25,26328.04,16959.9,21405.82,14486.94,8821.72,9369.74,22143.98,7982.48,16507.95,13359.55,13083.2,7174.26,21049.81,31110.33
12275.93,22112.59,28365,30572.37,37828.15,15866.47,55096.21,6902.27,5012.03,6995.81,16792.52,20423.23,14743.33,15539.1,12619.76,8538.27,7965.4,24029.74,15843.07,14258.05,17837.25,16102.19,8377.51,1e+09,9720.42,8422.18,6689.74,21395.76,10165.89,7131.53,16366.73,38936.44,45577.56,18620.64,29153.44,16301.43,24738.51,21082.33,18687.3,24266.03,27473.9,17965.77,21185.86,16638.57,14082.1,16821.57,22077.68,14359.8,17177.06,16993.14,19635.67,14729.67,22668.83,34971.35
11719.92,15902.77,17571.25,20112.68,27432.86,26549.07,62098.6,10999.02,13167.14,5708.69,26093.03,29621.31,23992.28,24788.46,19225.13,10232.18,11666.35,30740.03,25520.62,22299.95,25279.45,24498.35,13570.28,9720.42,1e+09,4678.81,15562.21,31488.1,18878.24,10697.8,25965.28,50099.83,53475.8,27175.01,39572.02,26573.44,33449.46,30185.98,26970.18,33299.49,34675.47,25224.36,28153.44,24764.77,23588.65,25164.12,28861.2,22727.23,26533.54,25026.94,27909.77,23737.14,30523.97,42973.56
13254.27,16535.52,20584,23200.45,30053.56,23532.74,61827.17,10910.6,11517.65,5592.56,24384.38,28099.22,22752.13,22734.32,18359.4,10355.87,11361.52,30835.96,24638.37,22333.63,24659.99,23268.49,11359,8422.18,4678.81,1e+09,14139.81,28667.35,17644.43,9845.24,24414.67,47197.45,52318.31,26865.58,37321.86,24588.39,31601.02,27892.22,25562.66,31092.44,34244.02,24883.96,27975.56,23576.34,23465.78,25087.27,28929.79,22418.72,24101.98,23882.42,26613.21,21778.87,29462.2,41721.89
18233.48,38519.48,42277,45930.06,49652.95,7704.89,45978.61,5049.13,3444.1,14658.73,9627.99,10733.08,8524.92,8764.39,9855.1,10465.35,10065.31,15785.01,8720.71,7215.23,9489.26,9766.24,6391.82,6689.74,15562.21,14139.81,1e+09,13088.52,4752.89,4821.12,9228.03,26817.1,35786.75,11181.99,18161.19,9879.29,15788.86,13476.95,10890.82,16783.2,17922.15,9844.7,12222.06,9340.13,6964.79,8464.67,13253.3,8034.66,9879.49,9370.86,12022.67,7033.16,14009.56,25227.62
28799.82,54300,59530.12,58534.46,67774.68,12698.64,31818.85,14030.38,16642.44,26885.72,5392.3,4775.03,5415.94,3542.02,9048.13,22206.4,24843.43,11153.12,4829.57,5058.7,4934.51,5221.47,17528.75,21395.76,31488.1,28667.35,13088.52,1e+09,13944.1,17060.6,6668.55,10345.7,16973.9,4066.94,3867.23,8703.8,4244.57,3090.76,3501.81,4823.95,4691.79,2810.11,5406.41,3124.03,5583.62,5034.31,5709.41,4657.47,2691.91,4508.67,2917.79,8304.45,5629.65,9614.96
17415.9,39876.56,43085.57,49712.24,51047.14,9940.71,51488.45,8306.31,6231.69,18560.79,9185.84,10764.92,7064.92,8559.83,8365.29,8650.79,7916.78,22498.66,8929.18,8641.01,15738.15,7018.96,5328.35,10165.89,18878.24,17644.43,4752.89,13944.1,1e+09,7103.19,9265.25,31338.66,41503.91,9329.9,20900.41,7097.4,14934.67,15495.29,13390.31,15305.18,23835.55,12887.05,18888.13,10871.78,8605.61,10291.34,19566.71,7710.96,11907.96,11707.62,12606.08,8319.76,18029.02,30704.41
16461.08,33153.21,36652.84,38252.94,44223.38,7968.89,44545.3,3846.29,3568.61,9613.54,13988.14,14767.15,11508.35,13666.85,10934.64,8687.91,10110.69,15102.07,13030.22,11586.87,10196.65,13984.33,6799.75,7131.53,10697.8,9845.24,4821.12,17060.6,7103.19,1e+09,11787.3,27570.01,34205.62,13815.67,21815.47,11794.34,18299.27,16103.42,13495.34,18655.52,17298.06,13240.51,13027.74,14061.44,11599.94,11330.85,13558.04,12552.21,13583.71,12412.54,16156.3,7085.82,15879.23,24762.64
21999.32,44553.35,48757.83,51216.15,57673.48,7644.9,38094.21,10620.3,13524.47,21069.73,2667.64,4347.01,3604.66,5016.9,9653.95,13298.11,14776.22,14396.49,3794.11,4567.57,8458.76,4320.47,8748.99,16366.73,25965.28,24414.67,9228.03,6668.55,9265.25,11787.3,1e+09,16909.4,23586.27,4039.39,8784.92,2958.42,4770.03,5864,4565.32,5200.9,11190.93,6216.49,10134.16,4899.79,3961.85,3377.54,11504.83,2866.02,4517.04,3764.01,4863.37,4960.83,7884.53,14659.8
49398.37,76349.12,81596.74,74742.4,90184.92,18408.32,10925.07,24924.31,30809.78,42801.08,17039.19,15389.5,20670.09,17643.69,17648.38,40198.95,41355.74,9739.71,17698.3,16811.58,9393.76,19097.36,34012.79,38936.44,50099.83,47197.45,26817.1,10345.7,31338.66,27570.01,16909.4,1e+09,3682.99,19215.97,6932.52,22699.38,10678.09,12181.28,11357.27,14927.07,5908.42,12286.09,8477.75,14666.64,18705.51,16094.98,7978.06,20501.36,12933.04,13478.27,14930.6,19231.07,9275.74,5238.03
54662.5,79532.97,84820.37,77228.77,93707.61,24806.82,5370.92,30989.13,37678.96,47466.58,24609.75,21423.31,27748.37,26606.3,20703.67,46439.54,48780.7,9365.68,25029.85,26038.21,16480.8,23957.09,41704.7,45577.56,53475.8,52318.31,35786.75,16973.9,41503.91,34205.62,23586.27,3682.99,1e+09,26680.45,9448.28,29291.89,13694.14,15663.88,18060.48,19880.58,9629.96,20530.32,13028.34,22960.33,27328.72,24257.61,11057.42,28588.06,20400.61,21946.67,22327.74,27919.5,13407.66,4929.53
22441.2,45517.21,50037.94,52080.42,58995.83,8497.54,42413.54,11955,16275.42,23168.51,3134.4,4781,2788.65,3733.65,8896.78,12698.92,14856.63,14192.93,2958.97,3693.52,8748.64,3300.12,8593.78,18620.64,27175.01,26865.58,11181.99,4066.94,9329.9,13815.67,4039.39,19215.97,26680.45,1e+09,9439.27,3741.29,6019.95,6058.37,4626.18,5400.55,14074.78,5601.11,11149.92,3730.83,3265.99,2974.74,11888.08,2432.52,4307.81,4632.65,3081.17,5393.49,8116.28,16776.22
37343.36,64441.95,69683.88,65892.96,78229.57,14932.56,22425.93,19974.1,22460.17,35595.19,7865.3,7829.34,10180.29,7774.79,14627.61,29446.85,31575.74,11111.07,8340.51,10299.63,8077.84,9416.38,24370.93,29153.44,39572.02,37321.86,18161.19,3867.23,20900.41,21815.47,8784.92,6932.52,9448.28,9439.27,1e+09,12390.23,4535.09,4364.77,5486.79,5653.51,5123.45,5702.07,7771.27,5902.81,9698.86,8046.56,7534.62,10543.3,4568.26,6841.5,5278.56,12730.77,5978.98,5832.13
18936.95,41860.19,46034.02,50531.09,54704.25,8627.64,42456.58,11412.18,14064.63,20848.33,3123.64,5475.44,3626.22,3949.35,10070.7,10317.23,12014.24,18867.5,4060.72,5287.66,12966.32,3650.08,6040.08,16301.43,26573.44,24588.39,9879.29,8703.8,7097.4,11794.34,2958.42,22699.38,29291.89,3741.29,12390.23,1e+09,6801.99,8314.1,7446.39,5371.08,15170.68,8862.01,14019.64,7769.06,4714.42,4658.7,15838.99,2939.21,7727.57,5780.5,6547.83,4811.98,10647.09,20223.52
30204.01,55475.94,60253.21,59538.56,69328.7,11201.39,26344.82,15955.7,19060.88,29198.46,6018.84,5000.98,6457.48,7761.79,11551.81,19981.99,21520.14,11746.9,6687.36,7757.31,8280.45,6606.28,14908.24,24738.51,33449.46,31601.02,15788.86,4244.57,14934.67,18299.27,4770.03,10678.09,13694.14,6019.95,4535.09,6801.99,1e+09,4119.12,4623.8,5972.8,7074.06,5402.63,7596.88,5969.71,7655.75,5765.67,8359.46,7477.55,5091.69,5648.88,5205.86,7744.73,6274.94,8623.67
29043.41,52582.55,57830.17,56226.87,66091.35,13509.95,27801.27,15187.03,16148.83,26094.33,5004.96,5959.07,6485.16,5371.26,10185.55,22942.68,25542.63,11383.67,4927.02,6516.4,7371.81,5181.28,18360.14,21082.33,30185.98,27892.22,13476.95,3090.76,15495.29,16103.42,5864,12181.28,15663.88,6058.37,4364.77,8314.1,4119.12,1e+09,3786.53,5111.47,6228.48,4863.76,7643.6,4258.37,7119.07,6422.59,7921.27,6509.87,3982.41,5201.71,3830.2,10081.57,5272.51,10178.83
26543.67,49345.3,54513.36,53288.19,62722.67,9200.58,32746,11521.33,13664.09,22928,4342.37,4731.56,5337.05,4803.96,8610.37,20583.16,22699.47,10291.12,3550.61,3959.05,5283.25,4544.24,15152.46,18687.3,26970.18,25562.66,10890.82,3501.81,13390.31,13495.34,4565.32,11357.27,18060.48,4626.18,5486.79,7446.39,4623.8,3786.53,1e+09,6195.22,6187.01,2993.67,5275.3,2691.85,4347.12,3562.53,6643.51,5017.13,3209.93,2978.75,3090.72,6495.25,4668.64,9607.32
27280.37,52100.3,56862.63,59415.98,66211.14,12519.29,32827.75,18891,18778.46,29504.69,3855.46,5246.83,5403.68,5671.89,9946.55,17204.05,20191.23,16680.08,4606.19,8763.09,9547.22,4041.69,13953.25,24266.03,33299.49,31092.44,16783.2,4823.95,15305.18,18655.52,5200.9,14927.07,19880.58,5400.55,5653.51,5371.08,5972.8,5111.47,6195.22,1e+09,8313.27,7044.86,10817.63,7202.75,8067.94,8671.86,10053.26,7384.31,4930.21,6654.98,5169.63,9742.82,7537.29,13747.08
38277.3,61361.3,66529.36,58809.76,74878.74,13203.97,23691.46,14952.87,20327.81,29026.27,10555.22,10203.6,14146.29,10792.79,12188.35,32397.95,34044.55,6463.11,11640.3,9986.39,3772.13,10954.11,26328.04,27473.9,34675.47,34244.02,17922.15,4691.79,23835.55,17298.06,11190.93,5908.42,9629.96,14074.78,5123.45,15170.68,7074.06,6228.48,6187.01,8313.27,1e+09,5550,2601.38,8829.7,11993.47,9633.93,2400.68,14099.36,7780.37,7809.1,9682.97,11872.93,3865.81,5795.35
27728.76,50098.81,55244.26,51963.29,63187.69,9458.86,33946.41,9424.92,13168.88,21557.35,5474.29,5952.39,6431.95,3466.48,9278.15,23182.24,24932.54,9353.99,5015.51,3114.63,3327.06,6733.68,16959.9,17965.77,25224.36,24883.96,9844.7,2810.11,12887.05,13240.51,6216.49,12286.09,20530.32,5601.11,5702.07,8862.01,5402.63,4863.76,2993.67,7044.86,5550,1e+09,3615.32,2214.68,4004.64,3074.81,3940.35,4905.97,1771.86,2337.43,3337.63,6115.22,4962.24,11210.6
33841.87,54601.68,59690.18,53050.37,67633.61,8105.94,24643.03,10056.59,15151.36,23113.31,9300.27,9103.83,11734.99,8602.02,9480.64,28852.98,29756.83,5725.63,9144.65,5405.73,2509.76,10778.68,21405.82,21185.86,28153.44,27975.56,12222.06,5406.41,18888.13,13027.74,10134.16,8477.75,13028.34,11149.92,7771.27,14019.64,7596.88,7643.6,5275.3,10817.63,2601.38,3615.32,1e+09,5744.1,7205.86,5613.72,1850,10609.57,6406.32,5512.07,7974.22,7533.58,2721.83,7889.82
25364.19,47607.2,52771.3,51659.83,60714.73,9877.83,37380.45,9964.8,12643.78,20987.13,3439.54,5049.86,4630.4,2793.9,9289.59,20637.25,22495.71,11110.86,2983.31,2439.74,4942.43,5356.89,14486.94,16638.57,24764.77,23576.34,9340.13,3124.03,10871.78,14061.44,4899.79,14666.64,22960.33,3730.83,5902.81,7769.06,5969.71,4258.37,2691.85,7202.75,8829.7,2214.68,5744.1,1e+09,2714.63,2193.69,6904.3,3307.19,1907.92,2813.29,2635.17,5819.33,5317.62,12617.89
21733.81,42478.81,47280.49,48627.9,55601.91,6654.24,41636.92,9123.51,12845.05,18414.9,3277.4,5637.9,3239.17,3030.3,8595.81,14513.62,16512.43,10703.01,1697.82,1533.99,5003.51,3766.74,8821.72,14082.1,23588.65,23465.78,6964.79,5583.62,8605.61,11599.94,3961.85,18705.51,27328.72,3265.99,9698.86,4714.42,7655.75,7119.07,4347.12,8067.94,11993.47,4004.64,7205.86,2714.63,1e+09,2201.17,8235.7,2570.85,4122.55,3589.34,2996.03,4455.99,8615.89,16583.33
23797.93,46244.51,50997.73,50476.53,59471.6,6306.15,39196.01,9002.33,12852.95,20977.08,3546.27,5049.97,4505.76,3376.61,10066.37,15153.65,16594.48,9343.15,2797.11,2381.58,3857.4,5034.8,9369.74,16821.57,25164.12,25087.27,8464.67,5034.31,10291.34,11330.85,3377.54,16094.98,24257.61,2974.74,8046.56,4658.7,5765.67,6422.59,3562.53,8671.86,9633.93,3074.81,5613.72,2193.69,2201.17,1e+09,6415.96,3251.16,3760.34,3053.63,3412.13,3483.66,7235.05,13899.31
35156.21,55339.84,60428.34,53357.74,68371.77,8146.76,22648.49,10111.24,16267.38,23723.13,10057.26,11247.43,12640.05,9306.8,10938.36,29599.82,30666.97,4691.62,9978.13,5970.04,2911.21,11562.1,22143.98,22077.68,28861.2,28929.79,13253.3,5709.41,19566.71,13558.04,11504.83,7978.06,11057.42,11888.08,7534.62,15838.99,8359.46,7921.27,6643.51,10053.26,2400.68,3940.35,1850,6904.3,8235.7,6415.96,1e+09,11424.92,8262.45,7106.21,9038.14,8538.48,3586.23,7351.19
20101.4,41558.16,46354.78,47865.08,54620.23,8610.23,42397.55,9902.43,12601.65,18963.34,3181.37,5252.81,1894.69,3084.5,8989.36,13466.62,15460.98,14518.41,3146.38,2763.78,8634.91,3390.47,7982.48,14359.8,22727.23,22418.72,8034.66,4657.47,7710.96,12552.21,2866.02,20501.36,28588.06,2432.52,10543.3,2939.21,7477.55,6509.87,5017.13,7384.31,14099.36,4905.97,10609.57,3307.19,2570.85,3251.16,11424.92,1e+09,3951.93,4858.14,3437.5,5257.56,8641.2,18631.31
26486.1,49703.81,54792.31,53439.79,62735.74,10412.66,34968.33,11606.04,12555.31,21765.51,4029.69,4478.55,4958.37,2855.09,9392.03,21889.55,24217.02,12755.51,3983.76,3895.72,5764.63,5470.78,16507.95,17177.06,26533.54,24101.98,9879.49,2691.91,11907.96,13583.71,4517.04,12933.04,20400.61,4307.81,4568.26,7727.57,5091.69,3982.41,3209.93,4930.21,7780.37,1771.86,6406.32,1907.92,4122.55,3760.34,8262.45,3951.93,1e+09,2846.87,2315.12,7399.01,5294.93,10882.44
25398.57,47984.08,52802.83,51624.86,61292.7,7361.91,35028.16,10164.49,12216.23,21213.94,3062.69,5206.25,4248.15,3946.12,9346.05,17941.39,20514.33,11097.28,4032.37,3619.46,4625.37,5003.71,13359.55,16993.14,25026.94,23882.42,9370.86,4508.67,11707.62,12412.54,3764.01,13478.27,21946.67,4632.65,6841.5,5780.5,5648.88,5201.71,2978.75,6654.98,7809.1,2337.43,5512.07,2813.29,3589.34,3053.63,7106.21,4858.14,2846.87,1e+09,3808.23,4240.59,6038,12746.59
25035.92,48608.43,53849.36,53970.16,62292.88,8909.16,37913.94,12884.88,15558.26,24143.13,3340.95,4189.8,3525.73,3348.32,8801.43,17965.95,20499.85,13062.42,2306.71,3369.15,7056.98,4131.45,13083.2,19635.67,27909.77,26613.21,12022.67,2917.79,12606.08,16156.3,4863.37,14930.6,22327.74,3081.17,5278.56,6547.83,5205.86,3830.2,3090.72,5169.63,9682.97,3337.63,7974.22,2635.17,2996.03,3412.13,9038.14,3437.5,2315.12,3808.23,1e+09,6168.71,5835.81,12570.4
20080.39,42675.09,46402.13,48483.67,55206.49,4228.48,40215.47,6928.79,10023.5,18568.59,6229.57,5895.45,4859.56,4977.26,8761.22,11101.91,12126.69,10316.53,4650.32,4305.26,4841.72,5647.05,7174.26,14729.67,23737.14,21778.87,7033.16,8304.45,8319.76,7085.82,4960.83,19231.07,27919.5,5393.49,12730.77,4811.98,7744.73,10081.57,6495.25,9742.82,11872.93,6115.22,7533.58,5819.33,4455.99,3483.66,8538.48,5257.56,7399.01,4240.59,6168.71,1e+09,9879.2,17482.21
31884.34,54980.02,60227.64,56103.76,68430.38,9840.4,24076.19,13092.63,16604.95,26256.37,7564.12,6901.23,8912.82,8436.66,7329.13,25579.63,28325.87,5268.74,6260.73,7078.62,4434.45,8247.15,21049.81,22668.83,30523.97,29462.2,14009.56,5629.65,18029.02,15879.23,7884.53,9275.74,13407.66,8116.28,5978.98,10647.09,6274.94,5272.51,4668.64,7537.29,3865.81,4962.24,2721.83,5317.62,8615.89,7235.05,3586.23,8641.2,5294.93,6038,5835.81,9879.2,1e+09,6523.9
44565.4,68904.09,74151.71,67107.85,83009.19,17012.74,13228.4,22675.88,27251.81,37324.36,15425.97,13246.09,17940.75,17333.25,12815.3,36439.72,38429.59,4612.77,15127.91,15562.02,9417,16111.1,31110.33,34971.35,42973.56,41721.89,25227.62,9614.96,30704.41,24762.64,14659.8,5238.03,4929.53,16776.22,5832.13,20223.52,8623.67,10178.83,9607.32,13747.08,5795.35,11210.6,7889.82,12617.89,16583.33,13899.31,7351.19,18631.31,10882.44,12746.59,12570.4,17482.21,6523.9,1e+09
