1e+09,53530.76,32192.47,64925.56,85679.7,52904.02,24100.66,32468.24,11949.07,10020.36,11764.1,15099.84,21511.35,3592.84,15226.63,8871.89,16262.75,19378.55,15416.04,17046.08,12851.86,15406.05,15606.18,8993.07,19957.86,28238.99,26293.26,4913.14,5871.36,8978.19,12205.22,20428.63,38788.79,21964.09,7436.89,15467.25,7564.85,14612.78,18754.29,19900.14,26313.08,11892.1,11364.19,17594.14,19658.88,18392.64,26398.34,16132.77,6645.7,12947.82,10694.16,19260.86,12879.52,35502.17
53530.76,1e+09,4414.37,5558.86,11318.99,4306.57,88801.54,99397.11,43944.11,39087.34,26156.1,70025.88,77429.47,56673.1,75779.43,39023.85,25012.36,28467.55,67210.65,74032.2,70103.47,71521.84,64664.08,37283.79,20828.88,17235.94,14242.27,54281.68,61374,44417.38,38612.28,68803.05,99152.51,88496,64819.27,77416.38,61035.43,70176.37,78255.48,79982.02,80335.47,68480.43,69363.39,72651.65,72110.2,67312.4,79576.16,73809.61,57444.08,69338.4,63686.87,77116.25,69840.49,92070.85
32192.47,4414.37,1e+09,8123.36,21020.83,9038.53,67959.6,74910.4,24630.02,21371.67,11015.44,49183.94,56587.53,36022.56,53764.21,19635.38,11707.27,12898.67,46368.71,53190.26,49261.53,50679.9,43822.14,20644.09,8736.68,5723.83,5146.81,34424.66,40081.53,24611.89,21067.76,47961.11,78310.57,64597.35,41405.84,56574.44,40193.49,49334.43,56076.93,59140.08,59493.53,45743.25,48521.45,51809.71,51268.26,46470.46,58734.22,52967.67,35586.67,46594.46,42844.93,56274.31,48998.55,71228.91
64925.56,5558.86,8123.36,1e+09,7129.23,8077.59,101437.43,108758.3,56175.9,51038.61,35815.87,82661.77,90065.36,69308.99,87881.87,51232.7,30797.56,35127.32,79846.54,86668.09,82739.36,84157.73,77299.97,49318.06,25982.48,19924.83,18497.32,66917.57,73905.25,54484.7,50558.35,81438.94,111788.4,98151.22,75150.38,90052.27,73671.32,82812.26,89754.48,92617.91,92971.36,79200.49,81999.28,85287.54,84746.09,79948.29,92212.05,86445.5,68251.42,80055.08,76322.76,89752.14,82476.38,104706.74
85679.7,11318.99,21020.83,7129.23,1e+09,11060.59,123598.12,129512.44,78336.59,73199.3,57533.98,104822.46,112226.05,91469.68,109114.46,73393.39,51483.13,54292.59,102007.23,108828.78,104900.05,106318.42,99460.66,71478.75,44749.45,33714.7,33903.81,89078.26,95598.6,75238.84,72719.04,103599.63,133949.09,118905.36,95919.98,112212.96,95832.01,104972.95,111446.32,114778.6,115132.05,100423.48,104159.97,107448.23,106906.78,102108.98,114372.74,108606.19,89474.41,101278.07,98483.45,111912.83,104637.07,126867.43
52904.02,4306.57,9038.53,8077.59,11060.59,1e+09,88408.01,99970.94,43622.84,39330.25,27605.98,69632.35,77035.94,56279.57,75273.79,38679.64,26223.86,29390.14,66817.12,73638.67,69709.94,71128.31,64270.55,37526.7,23122.54,20229.61,19238.9,53888.15,60947.1,44764.62,38402.13,68409.52,98758.98,90944.23,64346.28,77022.85,60641.9,69782.84,77680.9,79588.49,79941.94,70052.69,68969.86,72258.12,71716.67,66918.87,79182.63,73416.08,59114.24,70907.28,63293.34,76722.72,69446.96,91677.32
24100.66,88801.54,67959.6,101437.43,123598.12,88408.01,1e+09,8117.63,22612.01,28282.26,38117.37,13859.15,11241.07,20750.06,8800.5,28154.49,48913.23,40860.56,13829.01,12033.93,10833.59,14155.78,14527.2,29484.02,52753.18,62028.9,58409.09,20578.75,15576.15,27887.3,27864.21,11946.07,9489.17,8289.82,12481.96,9027.51,16018.24,11937.36,10291.62,11330.98,11251.04,14338.47,12541.33,13393.01,13281.18,10909.8,8330.73,13845.23,16374.17,10644.14,14152.85,11104.92,11750.19,7343.64
32468.24,99397.11,74910.4,108758.3,129512.44,99970.94,8117.63,1e+09,24926.08,33557.43,44602.81,13341.92,9328.76,29060.79,8947.96,33469.8,55435.3,45762.59,13810.77,9213.89,12643.62,13289.96,14579.76,33728.05,59532.92,67247.15,66026.47,25139.41,21167.65,32178.74,31740.49,13809.99,5983.03,5079.79,16012.43,8330.06,18432.31,14076.25,9364.63,9824.19,7334.98,12445.66,13589.82,11408.24,10514.2,9619.34,6752.54,11268.42,20592.05,10185.64,16900.93,10702.08,12678.31,4561.1
11949.07,43944.11,24630.02,56175.9,78336.59,43622.84,22612.01,24926.08,1e+09,6068.97,7914.47,9773.49,13922.53,11250.43,12123.9,5402.04,14050.6,9096.54,7862.67,12956.25,8319.23,12181.3,7753.45,4808.29,15594.85,20922.2,19058.87,6654.26,8357.98,6666.28,5566.11,9654.99,26490.26,17895.18,7259.76,14110.42,6439.32,10829.95,12965.39,15618.76,13170.95,9156.56,8745.72,11792.81,10001.81,7481.58,13630.11,12405.08,9219.4,9269.98,8234.21,14883.98,10476.38,20498.72
10020.36,39087.34,21371.67,51038.61,73199.3,39330.25,28282.26,33557.43,6068.97,1e+09,5966.17,14476.54,20248.81,9844.55,16650.47,3771.02,10676.38,9486.42,12339.47,17109.1,15213.72,15914.58,10766.37,2186.8,14104.07,18296.19,16923.42,6649.97,7981.53,4217.69,4167.1,15420.42,41416.15,25102.32,9578.99,20212.27,9493.54,14782.9,18056.18,21323.29,23066.37,11271.3,13014.91,15667.3,15543.23,13795.99,22347.55,17345.02,7715.75,12725.49,10288.5,19628.35,13794.28,34405.93
11764.1,26156.1,11015.44,35815.87,57533.98,27605.98,38117.37,44602.81,7914.47,5966.17,1e+09,23065.2,30468.79,14860.85,25166.95,4009.16,5214.43,4456.12,20249.97,26655.19,22270.92,23600.17,18059.02,6192.68,5715.41,9003.01,7880.38,11150.13,15181.17,6858.87,5671.29,22769.24,51424.31,34171.79,15678.85,28532.35,16661.42,22442.04,27778.5,31460.29,32986.44,19204.89,21499.02,25537.21,25149.52,20963.45,32197.04,26293.97,12469.18,20233.43,16907.53,29636.74,21808.48,44186.71
15099.84,70025.88,49183.94,82661.77,104822.46,69632.35,13859.15,13341.92,9773.49,14476.54,23065.2,1e+09,3131.08,11957.5,5517.67,12402.03,34371.8,22519.29,4063.95,3589.95,5584.32,3492.57,3519.72,14624.38,38806.84,43253.24,41009,8580.27,6885.44,15172.08,11997.83,11998.76,15000.23,10987.54,7403.44,5177.16,7431,3218.41,4309.36,4299.64,4991.2,4749.4,4900.14,3670.14,3435.61,6880.55,7205.18,2664.11,6112.38,6293.9,4355.62,3651.35,4401.76,10816.53
21511.35,77429.47,56587.53,90065.36,112226.05,77035.94,11241.07,9328.76,13922.53,20248.81,30468.79,3131.08,1e+09,18369.01,5848.99,18731.68,41651.38,28705.38,5418.76,4060.31,8396.56,5096.13,5120.47,20466.8,46086.42,50656.83,48288.58,14671.04,12565.44,20729.73,16925.72,11465.12,11266.32,8556.32,11715.28,4105,11716.08,6148.99,4889.49,4279.2,4616.87,6248.41,7157.22,4281.26,4272.72,7210.25,6285.3,3980.72,11361.02,7174.18,8059.14,4156.03,6426.33,6688.77
3592.84,56673.1,36022.56,69308.99,91469.68,56279.57,20750.06,29060.79,11250.43,9844.55,14860.85,11957.5,18369.01,1e+09,12030.52,8369.03,22251.15,20109.49,11921.56,13903.74,10480.15,11380.6,11320.87,10325.27,25530.01,31950.42,28250.37,4334.75,4441.69,9793.68,13246.23,18570.53,35646.45,19057.8,5953.12,12288.98,6205.32,10589.4,14849.52,16757.8,22385.67,9940.6,9034.86,14451.8,16516.54,15631.88,22841.82,12990.43,6751.5,11822.51,7360.01,15847.75,9506.37,32305.57
15226.63,75779.43,53764.21,87881.87,109114.46,75273.79,8800.5,8947.96,12123.9,16650.47,25166.95,5517.67,5848.99,12030.52,1e+09,17024.43,36452.37,27383.3,4725.4,4793.56,3350.63,4924.86,5332.33,18536.69,40389.78,47483.91,45515.92,10722.66,6506.92,16620.73,16704.48,9812.68,16540.12,6390.98,4612.22,1967.66,6026.35,3914.13,3599.89,4084.91,3013.27,4451.55,4236.21,5568.55,5105.35,4505.17,5103.44,4913.9,6814.75,4977.43,4780.78,4176.96,2723.71,10571.2
8871.89,39023.85,19635.38,51232.7,73393.39,38679.64,28154.49,33469.8,5402.04,3771.02,4009.16,12402.03,18731.68,8369.03,17024.43,1e+09,9858.08,7291.43,11765.89,15276.7,14074.85,14049.31,9163.96,3939.41,11381.36,16833.92,15292.01,5247.49,7641.37,6506.99,4958.42,15833.99,39624.66,25347.65,10223.41,18931.91,8973.02,12889.42,16979.17,20024.26,21981.17,10740.53,12322.29,14039.43,13943.43,13061.21,21878.55,15157.82,7390.19,11883.43,8664.03,17923.44,13143.98,32857.36
16262.75,25012.36,11707.27,30797.56,51483.13,26223.86,48913.23,55435.3,14050.6,10676.38,5214.43,34371.8,41651.38,22251.15,36452.37,9858.08,1e+09,7065.96,31959.36,38120.61,32887.73,35726.69,29779.64,10004.29,4558.58,8941.85,7172.75,18684.34,23297.4,11117.62,10430.86,33920.83,62818.72,44534.19,23595.69,40357.93,24951.8,34474.89,39115.12,43072.12,44826.64,28371.44,31767.59,36963.61,36765.46,32430.18,44196.43,37811.68,19566.6,29220.93,28253.07,41034.18,33402.87,56155.6
19378.55,28467.55,12898.67,35127.32,54292.59,29390.14,40860.56,45762.59,9096.54,9486.42,4456.12,22519.29,28705.38,20109.49,27383.3,7291.43,7065.96,1e+09,20364.85,25884.19,24218.01,24451.67,18369.56,10683.25,6840.42,9338.44,8659.39,16640.85,19637.95,9301.11,8202.76,23038.37,50428.42,35974.67,20665.76,29739.29,19636.78,23462.78,28741.82,31347.79,31611.38,20586.45,23760.23,24305.8,23678.69,20958.66,30886.85,25917.74,15442.42,22134.64,18207.98,28392.16,22802.74,43346.76
15416.04,67210.65,46368.71,79846.54,102007.23,66817.12,13829.01,13810.77,7862.67,12339.47,20249.97,4063.95,5418.76,11921.56,4725.4,11765.89,31959.36,20364.85,1e+09,3766.54,3974.92,3531.14,3739.23,13231.08,35988.6,40438.01,38379.92,8778.47,6441.43,13353.24,10778.28,9450,19257.75,10345.08,5584.19,3616.83,5746.88,3461.37,3992.17,4991.43,5131.79,3503.7,3808.82,3907.7,3920.3,5451.82,6271.1,3081.92,6108.65,5135.65,3652.49,4673.8,3713.88,11879.62
17046.08,74032.2,53190.26,86668.09,108828.78,73638.67,12033.93,9213.89,12956.25,17109.1,26655.19,3589.95,4060.31,13903.74,4793.56,15276.7,38120.61,25884.19,3766.54,1e+09,6567.38,3518.78,3766.44,18358.01,42538.62,47259.56,44757.81,12595.96,9103.23,18202.78,14883.98,9845.02,17606.54,8658.93,8360.26,3438.29,10054.57,3394.75,3262.47,3328.04,3868.47,4455.01,4650.57,2323.72,3211.89,4963.37,4795.17,2595.5,8846.84,4786.98,6038.43,3099.05,3917.92,9401.05
12851.86,70103.47,49261.53,82739.36,104900.05,69709.94,10833.59,12643.62,8319.23,15213.72,22270.92,5584.32,8396.56,10480.15,3350.63,14074.85,32887.73,24218.01,3974.92,6567.38,1e+09,5094.36,5362.36,15289.78,36773.21,43330.83,40496.87,7907.96,5717.5,15071.75,14250.58,8909.58,19739.76,8194.14,3172.85,4193.13,4626.83,4356.93,5906.81,7898.67,6203.8,4842.77,3367.17,6541.7,5821.23,4632.06,6524.08,5634.78,6847.75,3816.65,5712.06,7756.01,5008.87,12376.05
15406.05,71521.84,50679.9,84157.73,106318.42,71128.31,14155.78,13289.96,12181.3,15914.58,23600.17,3492.57,5096.13,11380.6,4924.86,14049.31,35726.69,24451.67,3531.14,3518.78,5094.36,1e+09,3822.07,17260.31,39755.93,44749.2,42147.25,10080.16,6187.07,16951.12,14060.35,13215.76,19415.49,9619.68,6041.07,4577.62,6541.91,4069.64,4368.62,4286.37,5400.14,3541.52,4530.66,3013.77,4578.25,6993.06,7768.69,2440.99,6890.87,6067.02,5528.21,4191.11,4209.74,12597.99
15606.18,64664.08,43822.14,77299.97,99460.66,64270.55,14527.2,14579.76,7753.45,10766.37,18059.02,3519.72,5120.47,11320.87,5332.33,9163.96,29779.64,18369.56,3739.23,3766.44,5362.36,3822.07,1e+09,11990.09,33516.41,37891.44,36039.94,6429.49,5568.71,11715.56,9893.82,10565.3,17875.23,10140.76,7179.41,5404.66,5084.73,3774.75,5259.37,5040.51,5451.04,4975.22,5376.14,4339.05,4311.78,4911.44,6941.1,2842.01,6459.49,6576.53,4554.24,4757.64,4910.01,11731.11
8993.07,37283.79,20644.09,49318.06,71478.75,37526.7,29484.02,33728.05,4808.29,2186.8,6192.68,14624.38,20466.8,10325.27,18536.69,3939.41,10004.29,10683.25,13231.08,18358.01,15289.78,17260.31,11990.09,1e+09,13590.13,17299.36,15958.39,6470.72,9519.57,4619.01,3713.05,15498.12,41440.82,25378.35,8861.09,21697.78,9761.95,15962.8,18728.84,22264.97,22646.34,11424.01,13105.98,17216.66,15981.74,13056.48,22386.39,18348.66,7496.47,11888.37,11722.2,20452.94,15829.88,34316.88
19957.86,20828.88,8736.68,25982.48,44749.45,23122.54,52753.18,59532.92,15594.85,14104.07,5715.41,38806.84,46086.42,25530.01,40389.78,11381.36,4558.58,6840.42,35988.6,42538.62,36773.21,39755.93,33516.41,13590.13,1e+09,7243.84,5458.76,22007.61,26706.68,12177.86,13911.81,37655.38,67253.76,48925.84,27626.53,44511.75,28305.67,38504.13,43002.91,47089.1,48855.88,31951.01,35581.19,41335.27,40962.53,36164.73,48127.44,42246.72,23115.83,32797.12,32184.08,45456.34,37288.35,60170.02
28238.99,17235.94,5723.83,19924.83,33714.7,20229.61,62028.9,67247.15,20922.2,18296.19,9003.01,43253.24,50656.83,31950.42,47483.91,16833.92,8941.85,9338.44,40438.01,47259.56,43330.83,44749.2,37891.44,17299.36,7243.84,1e+09,5577.05,30523.54,34917.06,20345.31,18098.57,42030.41,72379.87,56346.04,34663.02,50643.74,34913.25,43403.73,49721.44,53209.38,53562.83,38650.55,42590.75,45879.01,45337.56,40539.76,52803.52,47036.97,29765.13,39504.28,36914.23,50343.61,43067.85,65298.21
26293.26,14242.27,5146.81,18497.32,33903.81,19238.9,58409.09,66026.47,19058.87,16923.42,7880.38,41009,48288.58,28250.37,45515.92,15292.01,7172.75,8659.39,38379.92,44757.81,40496.87,42147.25,36039.94,15958.39,5458.76,5577.05,1e+09,27429.63,32071.85,18886.82,16144.09,40178.91,69455.92,55200.68,33950.95,47388.19,32029.61,40895.45,47543.86,50307.4,51247.2,37200.86,39561.73,43600.81,43402.66,38688.26,50562.83,44448.88,28014.7,38050.35,34619.47,47671.38,40341.93,62805.01
4913.14,54281.68,34424.66,66917.57,89078.26,53888.15,20578.75,25139.41,6654.26,6649.97,11150.13,8580.27,14671.04,4334.75,10722.66,5247.49,18684.34,16640.85,8778.47,12595.96,7907.96,10080.16,6429.49,6470.72,22007.61,30523.54,27429.63,1e+09,3306.79,6168.97,6841.45,13103.13,35396.35,17041.18,5447.99,12781.05,5039.07,8958.92,11047.78,13496.06,17941.93,6585.21,6563.94,11350.29,10723.49,9419.28,18013.72,10993.18,3763.81,7963.52,4278.39,14276.06,7355.96,27121.63
5871.36,61374,40081.53,73905.25,95598.6,60947.1,15576.15,21167.65,8357.98,7981.53,15181.17,6885.44,12565.44,4441.69,6506.92,7641.37,23297.4,19637.95,6441.43,9103.23,5717.5,6187.07,5568.71,9519.57,26706.68,34917.06,32071.85,3306.79,1e+09,8910.23,10626.27,12504.17,30945.55,13487.74,4233.88,7563.71,3519.9,5326.82,7878.81,9580.58,14497.67,4445.44,4471.74,8458.05,8812.4,8750.49,14678.3,8156.43,3155.09,6971.2,3203.43,10635.92,4240.92,23780.15
8978.19,44417.38,24611.89,54484.7,75238.84,44764.62,27887.3,32178.74,6666.28,4217.69,6858.87,15172.08,20729.73,9793.68,16620.73,6506.99,11117.62,9301.11,13353.24,18202.78,15071.75,16951.12,11715.56,4619.01,12177.86,20345.31,18886.82,6168.97,8910.23,1e+09,4068.98,15636.82,42284.79,23545.72,8262.43,20702.93,9824.05,16092.79,17919.74,21219.29,23503.31,10925.1,12959.52,16793.05,16257.2,14141.08,22827.95,18213.24,6963.75,12383.29,11137.28,20318.34,13796.41,34294.55
12205.22,38612.28,21067.76,50558.35,72719.04,38402.13,27864.21,31740.49,5566.11,4167.1,5671.29,11997.83,16925.72,13246.23,16704.48,4958.42,10430.86,8202.76,10778.28,14883.98,14250.58,14060.35,9893.82,3713.05,13911.81,18098.57,16144.09,6841.45,10626.27,4068.98,1e+09,14916.6,37283.89,25292.57,10874.29,17533.79,11759.74,12329.54,16413.39,18745.61,19469.47,12199.56,13393.71,13613.22,13462.97,11849.06,19451.35,14676.08,6922.81,12778.62,8484.64,16276.84,12972.58,30794.43
20428.63,68803.05,47961.11,81438.94,103599.63,68409.52,11946.07,13809.99,9654.99,15420.42,22769.24,11998.76,11465.12,18570.53,9812.68,15833.99,33920.83,23038.37,9450,9845.02,8909.58,13215.76,10565.3,15498.12,37655.38,42030.41,40178.91,13103.13,12504.17,15636.82,14916.6,1e+09,12956.07,11692.2,9462.1,10928.22,10190.73,12438.47,12606.82,15217.13,10848.68,10907.15,10671.84,10756.16,8219.69,6331.09,7156.34,11776.56,14004.19,8107.34,10601.06,14226.58,10854.82,11650
38788.79,99152.51,78310.57,111788.4,133949.09,98758.98,9489.17,5983.03,26490.26,41416.15,51424.31,15000.23,11266.32,35646.45,16540.12,39624.66,62818.72,50428.42,19257.75,17606.54,19739.76,19415.49,17875.23,41440.82,67253.76,72379.87,69455.92,35396.35,30945.55,42284.79,37283.89,12956.07,1e+09,6070.24,27146.2,14989.29,28056.87,22143.18,14064.07,12337.53,12264.96,20037.25,22956.16,16459.44,14241.71,14193.31,9271.7,17732.86,30435.79,17383.11,27262.28,15203.3,22479.06,4819.9
21964.09,88496,64597.35,98151.22,118905.36,90944.23,8289.82,5079.79,17895.18,25102.32,34171.79,10987.54,8556.32,19057.8,6390.98,25347.65,44534.19,35974.67,10345.08,8658.93,8194.14,9619.68,10140.76,25378.35,48925.84,56346.04,55200.68,17041.18,13487.74,23545.72,25292.57,11692.2,6070.24,1e+09,9789.3,7524.06,10577.85,12014.19,8335.79,8143.58,5594.35,8124.06,10422.05,9987.78,9163.43,7633.18,6006.01,9179.76,14674.62,7261.15,13477.51,9604.59,10298.2,4219.43
7436.89,64819.27,41405.84,75150.38,95919.98,64346.28,12481.96,16012.43,7259.76,9578.99,15678.85,7403.44,11715.28,5953.12,4612.22,10223.41,23595.69,20665.76,5584.19,8360.26,3172.85,6041.07,7179.41,8861.09,27626.53,34663.02,33950.95,5447.99,4233.88,8262.43,10874.29,9462.1,27146.2,9789.3,1e+09,5530.56,3394.98,4949.51,6703.69,8814.03,9847.35,4803.36,3811.34,8456.24,8314.67,6292.74,9933.57,8001.53,4735.94,4182.11,5282.17,9187.83,5010.45,18080.52
15467.25,77416.38,56574.44,90052.27,112212.96,77022.85,9027.51,8330.06,14110.42,20212.27,28532.35,5177.16,4105,12288.98,1967.66,18931.91,40357.93,29739.29,3616.83,3438.29,4193.13,4577.62,5404.66,21697.78,44511.75,50643.74,47388.19,12781.05,7563.71,20702.93,17533.79,10928.22,14989.29,7524.06,5530.56,1e+09,7860.57,3668.56,2523.55,3193.11,3004.63,3900.85,3569.09,3824.98,3635.27,6048.48,4822.51,4060.64,8425.78,4716.81,6517.71,2231.67,2963.12,9080.17
7564.85,61035.43,40193.49,73671.32,95832.01,60641.9,16018.24,18432.31,6439.32,9493.54,16661.42,7431,11716.08,6205.32,6026.35,8973.02,24951.8,19636.78,5746.88,10054.57,4626.83,6541.91,5084.73,9761.95,28305.67,34913.25,32029.61,5039.07,3519.9,9824.05,11759.74,10190.73,28056.87,10577.85,3394.98,7860.57,1e+09,6953.62,8158.6,10482.63,11139.5,4567.8,4034.01,9744.12,8364.66,5238.3,11921.43,9312.29,4883.15,5546.47,4558.91,11118.1,4535.14,19983.08
14612.78,70176.37,49334.43,82812.26,104972.95,69782.84,11937.36,14076.25,10829.95,14782.9,22442.04,3218.41,6148.99,10589.4,3914.13,12889.42,34474.89,23462.78,3461.37,3394.75,4356.93,4069.64,3774.75,15962.8,38504.13,43403.73,40895.45,8958.92,5326.82,16092.79,12329.54,12438.47,22143.18,12014.19,4949.51,3668.56,6953.62,1e+09,2444.69,3536.09,7204.18,4248.84,2863.74,2765.11,3893.86,7476.23,8246.89,3336.6,4965.21,5146.31,3544.1,3577.52,2559.69,15828.96
18754.29,78255.48,56076.93,89754.48,111446.32,77680.9,10291.62,9364.63,12965.39,18056.18,27778.5,4309.36,4889.49,14849.52,3599.89,16979.17,39115.12,28741.82,3992.17,3262.47,5906.81,4368.62,5259.37,18728.84,43002.91,49721.44,47543.86,11047.78,7878.81,17919.74,16413.39,12606.82,14064.07,8335.79,6703.69,2523.55,8158.6,2444.69,1e+09,1930.35,4811.53,4670.86,3632.65,3454.4,4796.56,6749.01,5986.66,3816.34,7552.88,4738.9,5227.84,2874.51,3040.3,10820.59
19900.14,79982.02,59140.08,92617.91,114778.6,79588.49,11330.98,9824.19,15618.76,21323.29,31460.29,4299.64,4279.2,16757.8,4084.91,20024.26,43072.12,31347.79,4991.43,3328.04,7898.67,4286.37,5040.51,22264.97,47089.1,53209.38,50307.4,13496.06,9580.58,21219.29,18745.61,15217.13,12337.53,8143.58,8814.03,3193.11,10482.63,3536.09,1930.35,1e+09,3917.24,4982.08,4991.91,3730.35,4644.78,7021.97,7509.08,3628.19,9162.27,6232.32,6562.91,1334.3,4012.74,9214.11
26313.08,80335.47,59493.53,92971.36,115132.05,79941.94,11251.04,7334.98,13170.95,23066.37,32986.44,4991.2,4616.87,22385.67,3013.27,21981.17,44826.64,31611.38,5131.79,3868.47,6203.8,5400.14,5451.04,22646.34,48855.88,53562.83,51247.2,17941.93,14497.67,23503.31,19469.47,10848.68,12264.96,5594.35,9847.35,3004.63,11139.5,7204.18,4811.53,3917.24,1e+09,5967.17,6867.41,5275.45,3150.66,3849.24,3803.31,4012.11,13911.97,5971.91,10593.97,4397.52,6513.23,5074.96
11892.1,68480.43,45743.25,79200.49,100423.48,70052.69,14338.47,12445.66,9156.56,11271.3,19204.89,4749.4,6248.41,9940.6,4451.55,10740.53,28371.44,20586.45,3503.7,4455.01,4842.77,3541.52,4975.22,11424.01,31951.01,38650.55,37200.86,6585.21,4445.44,10925.1,12199.56,10907.15,20037.25,8124.06,4803.36,3900.85,4567.8,4248.84,4670.86,4982.08,5967.17,1e+09,3940.54,4146.47,4607.08,6806.78,7446.45,3746.88,4658.81,3559.73,4869.9,5050.85,3218.07,12400.9
11364.19,69363.39,48521.45,81999.28,104159.97,68969.86,12541.33,13589.82,8745.72,13014.91,21499.02,4900.14,7157.22,9034.86,4236.21,12322.29,31767.59,23760.23,3808.82,4650.57,3367.17,4530.66,5376.14,13105.98,35581.19,42590.75,39561.73,6563.94,4471.74,12959.52,13393.71,10671.84,22956.16,10422.05,3811.34,3569.09,4034.01,2863.74,3632.65,4991.91,6867.41,3940.54,1e+09,3975.35,4460.89,7001.94,7180.84,4091.85,5465.06,4002.2,3709.6,5077.52,2397.62,14983.82
17594.14,72651.65,51809.71,85287.54,107448.23,72258.12,13393.01,11408.24,11792.81,15667.3,25537.21,3670.14,4281.26,14451.8,5568.55,14039.43,36963.61,24305.8,3907.7,2323.72,6541.7,3013.77,4339.05,17216.66,41335.27,45879.01,43600.81,11350.29,8458.05,16793.05,13613.22,10756.16,16459.44,9987.78,8456.24,3824.98,9744.12,2765.11,3454.4,3730.35,5275.45,4146.47,3975.35,1e+09,2375.07,6802.75,6235.16,2706.37,8211.06,5762.81,5104.97,3894.09,3853.45,10225.4
19658.88,72110.2,51268.26,84746.09,106906.78,71716.67,13281.18,10514.2,10001.81,15543.23,25149.52,3435.61,4272.72,16516.54,5105.35,13943.43,36765.46,23678.69,3920.3,3211.89,5821.23,4578.25,4311.78,15981.74,40962.53,45337.56,43402.66,10723.49,8812.4,16257.2,13462.97,8219.69,14241.71,9163.43,8314.67,3635.27,8364.66,3893.86,4796.56,4644.78,3150.66,4607.08,4460.89,2375.07,1e+09,4641.25,4599.94,3101.05,8073.17,6065.87,5306.18,4214.25,4822.93,7888.54
18392.64,67312.4,46470.46,79948.29,102108.98,66918.87,10909.8,9619.34,7481.58,13795.99,20963.45,6880.55,7210.25,15631.88,4505.17,13061.21,32430.18,20958.66,5451.82,4963.37,4632.06,6993.06,4911.44,13056.48,36164.73,40539.76,38688.26,9419.28,8750.49,14141.08,11849.06,6331.09,14193.31,7633.18,6292.74,6048.48,5238.3,7476.23,6749.01,7021.97,3849.24,6806.78,7001.94,6802.75,4641.25,1e+09,4154.87,6272.83,9515.48,5390.6,6820.52,7024.56,6684.55,7371.67
26398.34,79576.16,58734.22,92212.05,114372.74,79182.63,8330.73,6752.54,13630.11,22347.55,32197.04,7205.18,6285.3,22841.82,5103.44,21878.55,44196.43,30886.85,6271.1,4795.17,6524.08,7768.69,6941.1,22386.39,48127.44,52803.52,50562.83,18013.72,14678.3,22827.95,19451.35,7156.34,9271.7,6006.01,9933.57,4822.51,11921.43,8246.89,5986.66,7509.08,3803.31,7446.45,7180.84,6235.16,4599.94,4154.87,1e+09,6176.53,14442.59,5288.66,11006.88,7303.93,7726.86,4450.9
16132.77,73809.61,52967.67,86445.5,108606.19,73416.08,13845.23,11268.42,12405.08,17345.02,26293.97,2664.11,3980.72,12990.43,4913.9,15157.82,37811.68,25917.74,3081.92,2595.5,5634.78,2440.99,2842.01,18348.66,42246.72,47036.97,44448.88,10993.18,8156.43,18213.24,14676.08,11776.56,17732.86,9179.76,8001.53,4060.64,9312.29,3336.6,3816.34,3628.19,4012.11,3746.88,4091.85,2706.37,3101.05,6272.83,6176.53,1e+09,7798.61,5708.09,5659.22,3601.03,4305.89,10352.22
6645.7,57444.08,35586.67,68251.42,89474.41,59114.24,16374.17,20592.05,9219.4,7715.75,12469.18,6112.38,11361.02,6751.5,6814.75,7390.19,19566.6,15442.42,6108.65,8846.84,6847.75,6890.87,6459.49,7496.47,23115.83,29765.13,28014.7,3763.81,3155.09,6963.75,6922.81,14004.19,30435.79,14674.62,4735.94,8425.78,4883.15,4965.21,7552.88,9162.27,13911.97,4658.81,5465.06,8211.06,8073.17,9515.48,14442.59,7798.61,1e+09,7440.36,3532.38,10222.75,5241.47,22613.53
12947.82,69338.4,46594.46,80055.08,101278.07,70907.28,10644.14,10185.64,9269.98,12725.49,20233.43,6293.9,7174.18,11822.51,4977.43,11883.43,29220.93,22134.64,5135.65,4786.98,3816.65,6067.02,6576.53,11888.37,32797.12,39504.28,38050.35,7963.52,6971.2,12383.29,12778.62,8107.34,17383.11,7261.15,4182.11,4716.81,5546.47,5146.31,4738.9,6232.32,5971.91,3559.73,4002.2,5762.81,6065.87,5390.6,5288.66,5708.09,7440.36,1e+09,6609.57,5996.18,4767.87,10471.85
10694.16,63686.87,42844.93,76322.76,98483.45,63293.34,14152.85,16900.93,8234.21,10288.5,16907.53,4355.62,8059.14,7360.01,4780.78,8664.03,28253.07,18207.98,3652.49,6038.43,5712.06,5528.21,4554.24,11722.2,32184.08,36914.23,34619.47,4278.39,3203.43,11137.28,8484.64,10601.06,27262.28,13477.51,5282.17,6517.71,4558.91,3544.1,5227.84,6562.91,10593.97,4869.9,3709.6,5104.97,5306.18,6820.52,11006.88,5659.22,3532.38,6609.57,1e+09,6883.87,2886.19,19911.92
19260.86,77116.25,56274.31,89752.14,111912.83,76722.72,11104.92,10702.08,14883.98,19628.35,29636.74,3651.35,4156.03,15847.75,4176.96,17923.44,41034.18,28392.16,4673.8,3099.05,7756.01,4191.11,4757.64,20452.94,45456.34,50343.61,47671.38,14276.06,10635.92,20318.34,16276.84,14226.58,15203.3,9604.59,9187.83,2231.67,11118.1,3577.52,2874.51,1334.3,4397.52,5050.85,5077.52,3894.09,4214.25,7024.56,7303.93,3601.03,10222.75,5996.18,6883.87,1e+09,3509.25,11916.68
12879.52,69840.49,48998.55,82476.38,104637.07,69446.96,11750.19,12678.31,10476.38,13794.28,21808.48,4401.76,6426.33,9506.37,2723.71,13143.98,33402.87,22802.74,3713.88,3917.92,5008.87,4209.74,4910.01,15829.88,37288.35,43067.85,40341.93,7355.96,4240.92,13796.41,12972.58,10854.82,22479.06,10298.2,5010.45,2963.12,4535.14,2559.69,3040.3,4012.74,6513.23,3218.07,2397.62,3853.45,4822.93,6684.55,7726.86,4305.89,5241.47,4767.87,2886.19,3509.25,1e+09,16176.32
35502.17,92070.85,71228.91,104706.74,126867.43,91677.32,7343.64,4561.1,20498.72,34405.93,44186.71,10816.53,6688.77,32305.57,10571.2,32857.36,56155.6,43346.76,11879.62,9401.05,12376.05,12597.99,11731.11,34316.88,60170.02,65298.21,62805.01,27121.63,23780.15,34294.55,30794.43,11650,4819.9,4219.43,18080.52,9080.17,19983.08,15828.96,10820.59,9214.11,5074.96,12400.9,14983.82,10225.4,7888.54,7371.67,4450.9,10352.22,22613.53,10471.85,19911.92,11916.68,16176.32,1e+09
