1e+09,67342.84,42908.14,79297.01,98527.11,63843.94,23684.59,34727.71,13745.83,10945.9,16621.19,18505.3,21862.04,4118.63,15753.18,9395.71,20946.02,23832.02,15247.3,19556.24,12814.69,16481.17,16414.03,10629.06,25484.34,34956.96,32315.11,5500.22,7734.74,8540.34,16007.65,21242.09,44946.86,24418.67,7529.56,17370.76,7268.06,15606.25,19296.34,22444.6,27315.86,15079.13,12946.91,17246.98,21646.19,19100.78,26906.27,19621.51,7741.91,14974.36,11604.72,19628.76,13054.68,37350.99
67342.84,1e+09,5519.81,5761.44,11081.6,6116.19,102962.71,115013.84,55005.93,51748.02,34775.59,82773.14,89471.12,72598.27,90969.37,56180.64,29924.34,33417.23,80564.82,85219.87,78287.12,88087.45,77557.36,47300.7,23425.84,21245.82,18474.25,67642.92,81131.72,58339.54,45259.64,83089.73,112769.65,106154.85,78769.75,97741.54,73207.53,86159.84,90455.73,94939.85,99039.17,86836.06,85504,86141.12,86494.82,84030.01,93140.53,89996.27,72948.91,85790.58,82377.23,93290.13,81192.79,103406.14
42908.14,5519.81,1e+09,10546.27,22540.97,9177.11,78545.47,88682.39,31644.51,28705.14,15889.7,59003.28,65701.26,48703.13,66680.94,32552.52,15287.6,16931.57,56794.96,61450.01,54517.26,64317.1,53787.5,24397.82,10803.37,8135.69,7976.99,43568.89,56723.3,34603.56,23770.32,59281.83,88999.79,79622.87,53282.4,74237.28,49437.67,62389.98,66569.57,71119.26,74596.75,62357.96,61302.43,62371.26,62724.96,59695.49,69370.67,66226.41,47186.32,59381.99,57725.86,69520.27,57422.93,79636.28
79297.01,5761.44,10546.27,1e+09,8063.91,9905.4,115555.08,124580.06,67598.3,64340.39,46461.68,95365.51,102063.49,85190.64,102983.39,67910.31,40582.21,42457.98,93157.19,97812.24,90879.49,100679.82,90149.73,59893.07,31592.59,24733.45,23388.42,80235.29,91712.94,68336.81,57852.01,95682.1,125362.02,114915.62,89180.07,109414.86,85799.9,98752.21,103048.1,107532.22,110839.04,96840.33,98096.37,98733.49,99087.19,95941.58,105732.9,102588.64,83193.72,95260.19,93926.36,105882.5,93785.16,115998.51
98527.11,11081.6,22540.97,8063.91,1e+09,10145.5,133865.16,143920.37,88200.72,84131.24,67113.52,115714.01,121934.67,103727.14,122376.92,88407.69,60616.88,61968.01,113277.19,117948.67,110797.17,120013.79,110736.93,80042.82,52027.05,42293.55,42858.28,99253.46,111159.49,87763.33,78633.87,116061.04,145202.67,134245.4,108689.2,128011.09,105136.28,118197.32,122480.26,126731.22,130461.68,116768.75,116987,118421.09,119352.72,116378.2,125742.15,122098.22,102886.52,114952.99,113680.56,124908.84,113516.17,136114.33
63843.94,6116.19,9177.11,9905.4,10145.5,1e+09,99463.81,111514.94,51507.03,48249.12,33390.77,79274.24,85972.22,69099.37,87470.47,54758.75,31691.85,34527.02,77065.92,81720.97,74788.22,84588.55,74058.46,43801.8,27102.77,25561.32,24021.8,64144.02,79926.19,56103.54,42570.74,79590.83,109270.75,105532.67,75270.85,96536.01,69708.63,82660.94,86956.83,91440.95,95540.27,89118.44,82005.1,82642.22,82995.92,80531.11,89641.63,86497.37,69450.01,82291.68,78878.33,89791.23,77693.89,99907.24
23684.59,102962.71,78545.47,115555.08,133865.16,99463.81,1e+09,7686.58,26454.21,31406.74,44449.3,13007.25,8601.44,17517.65,7651.4,26758.45,53533.91,47374.13,13146.62,10787.7,11727.58,11982.13,13159.33,35054.28,58202.93,70568.43,63541.22,19492.8,10451.79,27562.47,32522.53,12117.49,8918.26,6831.13,11835.83,6440.52,16668.69,9177.79,9080.68,9429.74,8192.82,8796.75,10072.47,12437.01,11298.79,12015.74,8175.18,10935.85,16436.66,9945.44,11445.48,9587.51,11838.62,5960.8
34727.71,115013.84,88682.39,124580.06,143920.37,111514.94,7686.58,1e+09,32203.78,38369.26,53758.85,15460.5,12427.46,27523.05,9931.41,33780.74,61041.12,56296.27,16039.05,11400.04,17126.01,12707.78,17627.98,41960.34,66983.6,77643.68,74191.83,26804.72,17149.36,35131.74,41466.09,16805.75,6552.76,4664.61,18803.13,5081.49,22470.75,13270.1,11283.69,9303.78,6329,10233.34,13193.53,13357.4,12119.6,13093.42,8396.27,11011.96,22616.69,11833.34,16808.44,11306.27,15881.25,6247.57
13745.83,55005.93,31644.51,67598.3,88200.72,51507.03,26454.21,32203.78,1e+09,5753.3,8773.01,9998.94,14250.2,11802.68,17314.34,4583.8,13353.65,11106.96,9455.89,12464.8,8688.47,15671.67,7992.65,5198.17,15755.17,24250.87,19959.92,7026.84,12732.93,7343.18,6319.05,11406.72,30702.15,24757.25,10917.45,21727.37,8547.55,14176.35,16874.61,18272.26,19606.52,13439.45,13105.86,13124.7,11676.05,10616.53,16460.09,15508.58,9886.05,13211.49,12694.36,18498.4,11905.7,21755.17
10945.9,51748.02,28705.14,64340.39,84131.24,48249.12,31406.74,38369.26,5753.3,1e+09,7651.52,14540.05,20480.86,11785.85,20274.33,4241.73,11511.74,12370.48,13580.76,16437.73,13706.6,20157.75,11841.31,2248.11,15735.3,22784.66,19237.66,8353.35,11753.57,5423.66,4842.38,16723.88,43779.39,28712.98,10662.38,26478.82,11038.21,18776.56,22082.23,25949.59,28083.87,14689.88,16698.52,17218.7,17809.02,15584.34,24150.27,21198.05,8860.78,14692.59,14077.16,24299.87,14712.35,34415.88
16621.19,34775.59,15889.7,46461.68,67113.52,33390.77,44449.3,53758.85,8773.01,7651.52,1e+09,26086.19,32306.85,19504.3,32602.3,7552.74,4320.07,3985.76,24111.07,28326.89,22251.65,30506.29,21563.16,6578.76,5648.92,10531.11,8584.91,15723.41,22939.2,10715.44,6412.1,27913.44,55574.85,43161.84,21601.94,37868.97,18894.84,28723.4,32942.98,37103.4,40827.3,27119.11,28552.51,28793.27,29724.9,27483.25,36729.93,32470.4,17257.43,26859.8,24250.58,35281.02,24134.97,46486.51
18505.3,82773.14,59003.28,95365.51,115714.01,79274.24,13007.25,15460.5,9998.94,14540.05,26086.19,1e+09,3157.51,13132.51,5454.66,12577.19,35368.42,27754.49,3249.56,3703.71,4351.92,4007.68,3962.79,17246.62,40396.84,50378.86,43351.65,8032.53,6985.11,14888.28,13440.41,10375.2,19749.06,13083.29,5974.34,7750.7,6032.21,3791.37,4254.8,5038.66,6420.35,5883.91,5396.92,3692.88,3287.12,5077.93,6146.65,3509.88,5245.64,6338.42,3878.68,4702.84,4069.2,10341.42
21862.04,89471.12,65701.26,102063.49,121934.67,85972.22,8601.44,12427.46,14250.2,20480.86,32306.85,3157.51,1e+09,17532.69,5874.85,18068.5,42066.4,34452.47,5534.34,4561.37,7362.67,4659.15,5869.25,23215.7,47094.82,57076.84,50049.63,13442.86,10597.07,20597.34,18492.2,11364.57,12957.87,11609.61,9974.57,6572.72,10800.52,5417.15,4771.62,4984.19,5294.09,6669.38,6097.63,3530.04,4019.2,6274.48,5653.34,3960.34,10374.14,7329.37,6700.43,4907.45,5776.05,6740.24
4118.63,72598.27,48703.13,85190.64,103727.14,69099.37,17517.65,27523.05,11802.68,11785.85,19504.3,13132.51,17532.69,1e+09,9967.13,7608.78,27028.05,24068.57,9893.11,14048.84,7620,10670.32,10274.17,12327.22,31147.41,40203.99,34443.02,3908.64,4180.65,7811.85,15762.68,14137.19,40586.98,17945.74,4005.67,11881.65,4375.88,9271.55,12979.82,16182.66,20739.02,9438.6,7341.88,12734.05,16091.78,11544.92,19495.15,14720.01,5717.34,9270.81,6276.55,14592.98,7358.28,30845.08
15753.18,90969.37,66680.94,102983.39,122376.92,87470.47,7651.4,9931.41,17314.34,20274.33,32602.3,5454.66,5874.85,9967.13,1e+09,17740.27,41344.67,35478.62,5467.84,4785.82,5369.79,4208.47,6202.91,24381.17,46382.13,57549.2,51547.88,11277.47,4658.98,18183.44,22158.35,10288.66,21376.24,7175.18,5380.34,2661.5,7686.54,3251.93,3345.05,3078.4,3510.32,4031.48,3967.34,5262.9,5399.79,5559.88,5365.96,4336.58,7671.4,5703.42,3400.39,3899.44,3863.66,10563.03
9395.71,56180.64,32552.52,67910.31,88407.69,54758.75,26758.45,33780.74,4583.8,4241.73,7552.74,12577.19,18068.5,7608.78,17740.27,1e+09,11771.36,10310.98,12138.13,13965.44,11772.43,17545.91,9259.14,3969.35,14777.33,22869.06,20054.07,4507.28,8539,5562.31,6271.64,14311.1,41367.03,24861.94,8656.63,22776.24,7609.22,15865.12,18171.29,22440.35,24974.32,11301,12481.88,14763.52,15234.23,12511.91,21608.35,18381.3,6878.48,10183.73,10385.58,21608.98,12253.28,32003.52
20946.02,29924.34,15287.6,40582.21,60616.88,31691.85,53533.91,61041.12,13353.65,11511.74,4320.07,35368.42,42066.4,27028.05,41344.67,11771.36,1e+09,5489.43,33160.1,37815.15,30882.4,40682.73,30152.64,9128.73,5411.57,9928.93,8566.9,21814.21,29193.16,12611.16,7662.83,35685.01,65364.93,50135.25,26968.94,47661.4,26381.45,38755.12,43051.01,47535.13,49940.99,33426,36997.18,38736.4,39090.1,35104.47,45735.81,42591.55,22478.18,32763.38,32944.73,45885.41,33788.07,56001.42
23832.02,33417.23,16931.57,42457.98,61968.01,34527.02,47374.13,56296.27,11106.96,12370.48,3985.76,27754.49,34452.47,24068.57,35478.62,10310.98,5489.43,1e+09,25605.05,30201.22,24506.83,33157.38,23205.78,11211.61,6467.8,10368.79,9154.12,19821.58,27176.22,12546.24,7693.98,29156.77,57751,45628.89,25946.95,41156.36,22565.4,31141.19,35367.25,39921.2,43044.33,29517.7,31402.69,31122.47,31476.17,28584.06,38121.88,34977.62,20822.24,29011.09,26712.86,38271.48,26425.14,48387.49
15247.3,80564.82,56794.96,93157.19,113277.19,77065.92,13146.62,16039.05,9455.89,13580.76,24111.07,3249.56,5534.34,9893.11,5467.84,12138.13,33160.1,25605.05,1e+09,3573.12,3305.62,3723.51,3767.77,16515.66,38188.52,48170.54,41143.33,8698.71,7184,14160.74,14134.36,8816.34,21494.14,13490.88,5814.48,7479.25,5633.82,4057.7,4854.35,6766.55,7312.36,5541.56,4599.5,4098.92,4269.05,4548.16,6039.21,3517.84,5852.78,5608.49,4685.82,6824.86,3901.73,12492.64
19556.24,85219.87,61450.01,97812.24,117948.67,81720.97,10787.7,11400.04,12464.8,16437.73,28326.89,3703.71,4561.37,14048.84,4785.82,13965.44,37815.15,30201.22,3573.12,1e+09,5933.27,4398.93,5122.89,18964.45,42843.57,52825.59,45798.38,10307.45,8650.51,16794.47,15681.97,7581.42,17943.7,10846.4,7634.97,5565.34,8257.67,2866.53,3423.13,4089.79,4809.95,5957.57,3853.29,3546.78,2930.13,4034.55,3837.07,3539.62,7467.63,3934.48,4736.42,4525.26,3667.96,9217.89
12814.69,78287.12,54517.26,90879.49,110797.17,74788.22,11727.58,17126.01,8688.47,13706.6,22251.65,4351.92,7362.67,7620,5369.79,11772.43,30882.4,24506.83,3305.62,5933.27,1e+09,5252.73,4109.94,16628.82,35910.82,45892.84,38865.63,6729.52,5978,14081.68,14210.45,7380,22386.08,12328.7,4404.99,7533.27,4460.32,4496.73,7190.29,9313.24,9021.17,6329.36,3924.98,6100.29,5305.87,3454.65,7239.52,5865.62,5588.23,5272.51,5338.38,9433.69,5041.75,13503.46
16481.17,88087.45,64317.1,100679.82,120013.79,84588.55,11982.13,12707.78,15671.67,20157.75,30506.29,4007.68,4659.15,10670.32,4208.47,17545.91,40682.73,33157.38,3723.51,4398.93,5252.73,1e+09,5144.97,22735.39,45711.15,55693.17,48665.96,11447.05,6835.49,18078.41,18542.24,13254.21,21567.91,10228.85,5253.92,5616.83,6955.5,3787.68,3887.5,4233.83,5275.26,3844.91,4178.41,3159.36,5012.17,6123.16,6034.64,2378.57,8290.87,5142.06,4211.04,3910.89,4077.77,12186.9
16414.03,77557.36,53787.5,90149.73,110736.93,74058.46,13159.33,17627.98,7992.65,11841.31,21563.16,3962.79,5869.25,10274.17,6202.91,9259.14,30152.64,23205.78,3767.77,5122.89,4109.94,5144.97,1e+09,13784.43,35181.06,45163.08,38135.87,5919.13,7178.48,11729.33,11800.98,9325.23,21574.88,13862.37,7191.28,9551.65,4519.03,4773.35,5587.04,6661.19,7648.87,6789.3,6117.34,5345.56,5338.49,3817.57,6719.06,4142.09,6692.24,7334.18,5536.29,6451.22,5208.52,12314.9
10629.06,47300.7,24397.82,59893.07,80042.82,43801.8,35054.28,41960.34,5198.17,2248.11,6578.76,17246.62,23215.7,12327.22,24381.17,3969.35,9128.73,11211.61,16515.66,18964.45,16628.82,22735.39,13784.43,1e+09,12955.89,18766.34,16254.28,8540.35,14300.13,6296.57,4184.83,18859.8,46514.23,32069.53,12199.92,29484.58,12486.93,20930.22,24502.67,28684.43,31032.77,17172.96,18856.86,19885.7,20262.54,17626.55,26885.11,23775.69,10005.64,16454.03,16290.57,27034.71,16915.97,37150.72
25484.34,23425.84,10803.37,31592.59,52027.05,27102.77,58202.93,66983.6,15755.17,15735.3,5648.92,40396.84,47094.82,31147.41,46382.13,14777.33,5411.57,6467.8,38188.52,42843.57,35910.82,45711.15,35181.06,12955.89,1e+09,6096.02,5313.84,26236.14,34514.53,15431.4,10665.92,40713.43,70393.35,57144.27,32604.15,53133.41,31028.59,43783.54,48079.43,52563.55,55210.79,39558.59,41738.08,43764.82,44118.52,40331.11,50764.23,47619.97,27623.63,38383.08,38298.11,50913.83,38816.49,61029.84
34956.96,21245.82,8135.69,24733.45,42293.55,25561.32,70568.43,77643.68,24250.87,22784.66,10531.11,50378.86,57076.84,40203.99,57549.2,22869.06,9928.93,10368.79,48170.54,52825.59,45892.84,55693.17,45163.08,18766.34,6096.02,1e+09,5644.09,35818.44,45043.7,25223.85,18224.66,50695.45,80375.37,66737.81,42761.63,63467.9,40813.25,53765.56,58061.45,62545.57,65349.46,49174.71,53109.72,53746.84,54100.54,50512.94,60746.25,57601.99,37417.14,48516.33,48353.2,60895.85,48798.51,71011.86
32315.11,18474.25,7976.99,23388.42,42858.28,24021.8,63541.22,74191.83,19959.92,19237.66,8584.91,43351.65,50049.63,34443.02,51547.88,20054.07,8566.9,9154.12,41143.33,45798.38,38865.63,48665.96,38135.87,16254.28,5313.84,5644.09,1e+09,30562.91,40972.41,23115.6,13695.77,43668.24,73348.16,63285.96,40259.57,57458.2,34153.8,46738.35,51034.24,55518.36,59216.09,45073.96,46082.51,46719.63,47073.33,44379.57,53719.04,50574.78,33690.66,44411.34,42219.83,53868.64,41771.3,63984.65
5500.22,67642.92,43568.89,80235.29,99253.46,64144.02,19492.8,26804.72,7026.84,8353.35,15723.41,8032.53,13442.86,3908.64,11277.47,4507.28,21814.21,19821.58,8698.71,10307.45,6729.52,11447.05,5919.13,8540.35,26236.14,35818.44,30562.91,1e+09,5024.52,5285.7,10000.05,10537.86,36545.21,18081.52,5552.84,15163.31,4562.39,10300.41,12344.08,15820.17,19767.1,8656.12,7226.41,11260.26,11319.75,7702,17287.99,13083.3,4051.26,7944.46,5070.52,16922.53,7722.58,27181.7
7734.74,81131.72,56723.3,91712.94,111159.49,79926.19,10451.79,17149.36,12732.93,11753.57,22939.2,6985.11,10597.07,4180.65,4658.98,8539,29193.16,27176.22,7184,8650.51,5978,6835.49,7178.48,14300.13,34514.53,45043.7,40972.41,5024.52,1e+09,9830.37,17332.12,11105.54,28207.71,9831.94,4162.96,7028.85,4341.29,6051.98,6303.52,7423.1,11599.31,4586.68,4899.82,9127.58,9594.8,7271.08,11751.51,8409.53,4921.16,6456.44,4243.25,9279.92,4748.15,19935.56
8540.34,58339.54,34603.56,68336.81,87763.33,56103.54,27562.47,35131.74,7343.18,5423.66,10715.44,14888.28,20597.34,7811.85,18183.44,5562.31,12611.16,12546.24,14160.74,16794.47,14081.68,18078.41,11729.33,6296.57,15431.4,25223.85,23115.6,5285.7,9830.37,1e+09,6796.18,15689.46,43895.87,25211.21,7557.4,22772.32,8785.36,18077.54,20048.59,23866.53,27361.85,12704.32,13621.27,17507.58,18097.9,14684.27,24286.85,20944.43,7327.53,12678.59,12251.81,24255.43,14627.91,34532.36
16007.65,45259.64,23770.32,57852.01,78633.87,42570.74,32522.53,41466.09,6319.05,4842.38,6412.1,13440.41,18492.2,15762.68,22158.35,6271.64,7662.83,7693.98,14134.36,15681.97,14210.45,18542.24,11800.98,4184.83,10665.92,18224.66,13695.77,10000.05,17332.12,6796.18,1e+09,18455.76,41629.16,33509.45,15707.25,26304.11,13377.14,17445.69,20617.15,23548.57,27265.38,18967.83,19125.12,16010.56,16878.32,16392.87,23194.31,19190.59,11236.28,18426.69,14189.37,21717.19,14473.4,32540.82
21242.09,83089.73,59281.83,95682.1,116061.04,79590.83,12117.49,16805.75,11406.72,16723.88,27913.44,10375.2,11364.57,14137.19,10288.66,14311.1,35685.01,29156.77,8816.34,7581.42,7380,13254.21,9325.23,18859.8,40713.43,50695.45,43668.24,10537.86,11105.54,15689.46,18455.76,1e+09,14551.45,13115.47,10009.11,12622.32,9575.59,11765.35,12822.82,15107.65,13111.57,11308.47,9124.74,10723.84,8307.07,7216.44,8201.28,12212.32,11040.41,8380.19,10847.32,16343.07,9931.78,12062.76
44946.86,112769.65,88999.79,125362.02,145202.67,109270.75,8918.26,6552.76,30702.15,43779.39,55574.85,19749.06,12957.87,40586.98,21376.24,41367.03,65364.93,57751,21494.14,17943.7,22386.08,21567.91,21574.88,46514.23,70393.35,80375.37,73348.16,36545.21,28207.71,43895.87,41629.16,14551.45,1e+09,7673.74,30820.54,13111.57,30479.51,25656.72,20494.85,18080.01,13909.02,20355.14,24789.81,17980.75,15389.77,15234.23,9424.72,19051.25,32574.77,17686.83,29250.13,19895.12,28182.38,5005.22
24418.67,106154.85,79622.87,114915.62,134245.4,105532.67,6831.13,4664.61,24757.25,28712.98,43161.84,13083.29,11609.61,17945.74,7175.18,24861.94,50135.25,45628.89,13490.88,10846.4,12328.7,10228.85,13862.37,32069.53,57144.27,66737.81,63285.96,18081.52,9831.94,25211.21,33509.45,13115.47,7673.74,1e+09,12883.6,6048.59,13557.16,11982.68,9990.5,7954.24,5382.28,7534.33,10742.13,12592.58,11853.32,10496.27,7733.97,9837.48,16176.11,9169.84,13328.44,9805.87,13409.61,5584.61
7529.56,78769.75,53282.4,89180.07,108689.2,75270.85,11835.83,18803.13,10917.45,10662.38,21601.94,5974.34,9974.57,4005.67,5380.34,8656.63,26968.94,25946.95,5814.48,7634.97,4404.99,5253.92,7191.28,12199.92,32604.15,42761.63,40259.57,5552.84,4162.96,7557.4,15707.25,10009.11,30820.54,12883.6,1e+09,7119.68,4022.52,4398.38,7088.75,9077.21,12014.14,5214.29,3533.83,7473.81,8117.59,6411.7,10645.41,7624.07,4684.13,4562.61,3919.11,9179.96,4836.62,20957.85
17370.76,97741.54,74237.28,109414.86,128011.09,96536.01,6440.52,5081.49,21727.37,26478.82,37868.97,7750.7,6572.72,11881.65,2661.5,22776.24,47661.4,41156.36,7479.25,5565.34,7533.27,5616.83,9551.65,29484.58,53133.41,63467.9,57458.2,15163.31,7028.85,22772.32,26304.11,12622.32,13111.57,6048.59,7119.68,1e+09,11221.03,4858.83,4633.41,4176.87,3756.56,5101.79,4622.7,6280.84,6362.95,8437.81,5597.89,5125.79,11456.93,6030.89,5536.96,3296.82,5637.34,9271.1
7268.06,73207.53,49437.67,85799.9,105136.28,69708.63,16668.69,22470.75,8547.55,11038.21,18894.84,6032.21,10800.52,4375.88,7686.54,7609.22,26381.45,22565.4,5633.82,8257.67,4460.32,6955.5,4519.03,12486.93,31028.59,40813.25,34153.8,4562.39,4341.29,8785.36,13377.14,9575.59,30479.51,13557.16,4022.52,11221.03,1e+09,7812.42,9847.93,12409.68,14603.01,6187.35,5123.54,9594.73,8873.26,5527.34,13336.76,10164.18,4055.52,7002.32,4699.4,13242.14,5062.17,21391.17
15606.25,86159.84,62389.98,98752.21,118197.32,82660.94,9177.79,13270.1,14176.35,18776.56,28723.4,3791.37,5417.15,9271.55,3251.93,15865.12,38755.12,31141.19,4057.7,2866.53,4496.73,3787.68,4773.35,20930.22,43783.54,53765.56,46738.35,10300.41,6051.98,18077.54,17445.69,11765.35,25656.72,11982.68,4398.38,4858.83,7812.42,1e+09,2133.51,3538.39,6462.06,4881.05,2749.47,3060.16,4152.35,6162.03,6044.67,3050.58,6328.3,3725.87,2773.43,3063.51,2961.88,15404.99
19296.34,90455.73,66569.57,103048.1,122480.26,86956.83,9080.68,11283.69,16874.61,22082.23,32942.98,4254.8,4771.62,12979.82,3345.05,18171.29,43051.01,35367.25,4854.35,3423.13,7190.29,3887.5,5587.04,24502.67,48079.43,58061.45,51034.24,12344.08,6303.52,20048.59,20617.15,12822.82,20494.85,9990.5,7088.75,4633.41,9847.93,2133.51,1e+09,1920.97,4698.38,4394.57,3929.85,3767.25,4920.42,6694.48,5522.55,3327.87,8899.74,4962.42,4098.46,3211.42,4217.32,11648.82
22444.6,94939.85,71119.26,107532.22,126731.22,91440.95,9429.74,9303.78,18272.26,25949.59,37103.4,5038.66,4984.19,16182.66,3078.4,22440.35,47535.13,39921.2,6766.55,4089.79,9313.24,4233.83,6661.19,28684.43,52563.55,62545.57,55518.36,15820.17,7423.1,23866.53,23548.57,15107.65,18080.01,7954.24,9077.21,4176.87,12409.68,3538.39,1920.97,1e+09,3197.98,4497.96,4969.16,5204.12,5788.65,6849.84,6222.41,3489.33,11617.86,6160.64,5895.74,1923.83,5720.01,9226.84
27315.86,99039.17,74596.75,110839.04,130461.68,95540.27,8192.82,6329,19606.52,28083.87,40827.3,6420.35,5294.09,20739.02,3510.32,24974.32,49940.99,43044.33,7312.36,4809.95,9021.17,5275.26,7648.87,31032.77,55210.79,65349.46,59216.09,19767.1,11599.31,27361.85,27265.38,13111.57,13909.02,5382.28,12014.14,3756.56,14603.01,6462.06,4698.38,3197.98,1e+09,5566.14,6357.25,6477.46,4513.6,5758.18,4322.23,3753.86,15352.26,7347.6,9647.95,4797.12,8570.26,4155.62
15079.13,86836.06,62357.96,96840.33,116768.75,89118.44,8796.75,10233.34,13439.45,14689.88,27119.11,5883.91,6669.38,9438.6,4031.48,11301,33426,29517.7,5541.56,5957.57,6329.36,3844.91,6789.3,17172.96,39558.59,49174.71,45073.96,8656.12,4586.68,12704.32,18967.83,11308.47,20355.14,7534.33,5214.29,5101.79,6187.35,4881.05,4394.57,4497.96,5566.14,1e+09,4164.35,5299.59,5632.88,6007.12,6929.35,4058.99,6786.99,4095.78,5582.64,5713.58,4786.64,10510.95
12946.91,85504,61302.43,98096.37,116987,82005.1,10072.47,13193.53,13105.86,16698.52,28552.51,5396.92,6097.63,7341.88,3967.34,12481.88,36997.18,31402.69,4599.5,3853.29,3924.98,4178.41,6117.34,18856.86,41738.08,53109.72,46082.51,7226.41,4899.82,13621.27,19125.12,9124.74,24789.81,10742.13,3533.83,4622.7,5123.54,2749.47,3929.85,4969.16,6357.25,4164.35,1e+09,3981.81,4499.04,5515.01,5546.36,3354.85,6641.42,3095.68,3227.56,4565.79,2958.12,14668.95
17246.98,86141.12,62371.26,98733.49,118421.09,82642.22,12437.01,13357.4,13124.7,17218.7,28793.27,3692.88,3530.04,12734.05,5262.9,14763.52,38736.4,31122.47,4098.92,3546.78,6100.29,3159.36,5345.56,19885.7,43764.82,53746.84,46719.63,11260.26,9127.58,17507.58,16010.56,10723.84,17980.75,12592.58,7473.81,6280.84,9594.73,3060.16,3767.25,5204.12,6477.46,5299.59,3981.81,1e+09,2656.73,5988.73,5934.57,2910.95,8682.75,5311.88,4276.69,5071.68,3858.98,9906.04
21646.19,86494.82,62724.96,99087.19,119352.72,82995.92,11298.79,12119.6,11676.05,17809.02,29724.9,3287.12,4019.2,16091.78,5399.79,15234.23,39090.1,31476.17,4269.05,2930.13,5305.87,5012.17,5338.49,20262.54,44118.52,54100.54,47073.33,11319.75,9594.8,18097.9,16878.32,8307.07,15389.77,11853.32,8117.59,6362.95,8873.26,4152.35,4920.42,5788.65,4513.6,5632.88,4499.04,2656.73,1e+09,3735.62,4442.18,3523.01,8600.84,6096.97,5810.1,5907.07,4792.36,8114.98
19100.78,84030.01,59695.49,95941.58,116378.2,80531.11,12015.74,13093.42,10616.53,15584.34,27483.25,5077.93,6274.48,11544.92,5559.88,12511.91,35104.47,28584.06,4548.16,4034.55,3454.65,6123.16,3817.57,17626.55,40331.11,50512.94,44379.57,7702,7271.08,14684.27,16392.87,7216.44,15234.23,10496.27,6411.7,8437.81,5527.34,6162.03,6694.48,6849.84,5758.18,6007.12,5515.01,5988.73,3735.62,1e+09,5066.89,5520.47,7194.94,4906.05,6353.92,7988.25,5733.25,8485.4
26906.27,93140.53,69370.67,105732.9,125742.15,89641.63,8175.18,8396.27,16460.09,24150.27,36729.93,6146.65,5653.34,19495.15,5365.96,21608.35,45735.81,38121.88,6039.21,3837.07,7239.52,6034.64,6719.06,26885.11,50764.23,60746.25,53719.04,17287.99,11751.51,24286.85,23194.31,8201.28,9424.72,7733.97,10645.41,5597.89,13336.76,6044.67,5522.55,6222.41,4322.23,6929.35,5546.36,5934.57,4442.18,5066.89,1e+09,4674.89,13755.34,4834.73,9744.74,7347.99,7688.82,4946.37
19621.51,89996.27,66226.41,102588.64,122098.22,86497.37,10935.85,11011.96,15508.58,21198.05,32470.4,3509.88,3960.34,14720.01,4336.58,18381.3,42591.55,34977.62,3517.84,3539.62,5865.62,2378.57,4142.09,23775.69,47619.97,57601.99,50574.78,13083.3,8409.53,20944.43,19190.59,12212.32,19051.25,9837.48,7624.07,5125.79,10164.18,3050.58,3327.87,3489.33,3753.86,4058.99,3354.85,2910.95,3523.01,5520.47,4674.89,1e+09,9378.1,5267.92,4704.21,3168.09,4660.64,9989.68
7741.91,72948.91,47186.32,83193.72,102886.52,69450.01,16436.66,22616.69,9886.05,8860.78,17257.43,5245.64,10374.14,5717.34,7671.4,6878.48,22478.18,20822.24,5852.78,7467.63,5588.23,8290.87,6692.24,10005.64,27623.63,37417.14,33690.66,4051.26,4921.16,7327.53,11236.28,11040.41,32574.77,16176.11,4684.13,11456.93,4055.52,6328.3,8899.74,11617.86,15352.26,6786.99,6641.42,8682.75,8600.84,7194.94,13755.34,9378.1,1e+09,7322.7,4416.61,12517.72,5322.75,23318.6
14974.36,85790.58,59381.99,95260.19,114952.99,82291.68,9945.44,11833.34,13211.49,14692.59,26859.8,6338.42,7329.37,9270.81,5703.42,10183.73,32763.38,29011.09,5608.49,3934.48,5272.51,5142.06,7334.18,16454.03,38383.08,48516.33,44411.34,7944.46,6456.44,12678.59,18426.69,8380.19,17686.83,9169.84,4562.61,6030.89,7002.32,3725.87,4962.42,6160.64,7347.6,4095.78,3095.68,5311.88,6096.97,4906.05,4834.73,5267.92,7322.7,1e+09,5061.74,6421.42,5012.99,10910.54
11604.72,82377.23,57725.86,93926.36,113680.56,78878.33,11445.48,16808.44,12694.36,14077.16,24250.58,3878.68,6700.43,6276.55,3400.39,10385.58,32944.73,26712.86,4685.82,4736.42,5338.38,4211.04,5536.29,16290.57,38298.11,48353.2,42219.83,5070.52,4243.25,12251.81,14189.37,10847.32,29250.13,13328.44,3919.11,5536.96,4699.4,2773.43,4098.46,5895.74,9647.95,5582.64,3227.56,4276.69,5810.1,6353.92,9744.74,4704.21,4416.61,5061.74,1e+09,5428.8,2243.35,19129.62
19628.76,93290.13,69520.27,105882.5,124908.84,89791.23,9587.51,11306.27,18498.4,24299.87,35281.02,4702.84,4907.45,14592.98,3899.44,21608.98,45885.41,38271.48,6824.86,4525.26,9433.69,3910.89,6451.22,27034.71,50913.83,60895.85,53868.64,16922.53,9279.92,24255.43,21717.19,16343.07,19895.12,9805.87,9179.96,3296.82,13242.14,3063.51,3211.42,1923.83,4797.12,5713.58,4565.79,5071.68,5907.07,7988.25,7347.99,3168.09,12517.72,6421.42,5428.8,1e+09,5142.16,12220.65
13054.68,81192.79,57422.93,93785.16,113516.17,77693.89,11838.62,15881.25,11905.7,14712.35,24134.97,4069.2,5776.05,7358.28,3863.66,12253.28,33788.07,26425.14,3901.73,3667.96,5041.75,4077.77,5208.52,16915.97,38816.49,48798.51,41771.3,7722.58,4748.15,14627.91,14473.4,9931.78,28182.38,13409.61,4836.62,5637.34,5062.17,2961.88,4217.32,5720.01,8570.26,4786.64,2958.12,3858.98,4792.36,5733.25,7688.82,4660.64,5322.75,5012.99,2243.35,5142.16,1e+09,17719.23
37350.99,103406.14,79636.28,115998.51,136114.33,99907.24,5960.8,6247.57,21755.17,34415.88,46486.51,10341.42,6740.24,30845.08,10563.03,32003.52,56001.42,48387.49,12492.64,9217.89,13503.46,12186.9,12314.9,37150.72,61029.84,71011.86,63984.65,27181.7,19935.56,34532.36,32540.82,12062.76,5005.22,5584.61,20957.85,9271.1,21391.17,15404.99,11648.82,9226.84,4155.62,10510.95,14668.95,9906.04,8114.98,8485.4,4946.37,9989.68,23318.6,10910.54,19129.62,12220.65,17719.23,1e+09
