1e+09,19804.53,9791.46,23693.57,42896.13,18010,24610.47,21945.76,5659.42,3266.06,4340.1,14464.53,16798.44,4198.33,13543.19,5819.35,6191.31,7127.2,9977.85,13102.83,9899.53,9401.93,12576.96,4350.17,8575.49,10304.55,7895.36,2696.05,3373.59,4272.58,5140.57,24278.93,37581.72,12637.1,5177.15,13588.34,5867.27,9809.12,11565.76,12535.65,20938.01,9110.69,9142.51,14315.87,16102.4,21260.41,27457.21,14397.72,4558.65,12311.41,10165.52,17370.87,13364.48,32541.86
19804.53,1e+09,6033.35,2564.82,11743.95,5521.8,51832.97,49262.39,28668.74,19371.11,15959.38,42099.64,45177.97,24196.2,39384.86,24526.44,11610.13,13361.04,36956.39,41021.63,35389.51,34243.45,39267.12,21694.94,11916.53,8817.9,10219.99,21469.12,25736.04,16364.37,24346.19,51838.73,66050.28,39001.87,26791.37,40684.68,29242.14,35991.3,38728.17,40480.1,48628.31,36094.13,34210.55,41219.81,43784.11,49846.09,55589.21,42132.28,28512.25,37708.68,37016.22,45543.04,39961.33,60792.23
9791.46,6033.35,1e+09,6825.65,18779.25,9175.29,40490.37,37479.97,17532.85,10295.85,6790.26,30490.76,33681.91,12964.75,28084.18,13792.71,5725.23,7564.92,25655.71,29616.68,24573.09,22715.77,27730.64,12291.31,6286.57,3735.24,5089.74,10626.91,14827.16,9204.33,14810.83,40538.05,54441.4,27701.19,16297.61,29300.16,18446.92,24690.62,27087.72,28797.22,37327.63,24793.45,23781.45,29437.39,32113.59,38437.97,44246.61,30523.4,17388.89,26836.94,25435.81,34047.31,28660.65,49322.63
23693.57,2564.82,6825.65,1e+09,9720.36,5938.23,57711.84,54896.46,32821.3,22575.53,19471.33,47734.26,50501.81,28770.28,44703.88,28959.91,13750.32,15052.01,42275.41,46340.65,40708.53,39562.47,44823.88,24947.93,13496.85,9250.55,11418.41,25256.46,29709.24,19306.65,28276.19,57157.75,71797.13,44320.89,31167.08,46668.84,33814.27,41310.32,44047.19,45799.12,53947.33,41413.15,39407.85,46774.38,49288.49,55627.11,61139.43,47609.42,32417.65,43027.7,42335.24,50968.23,45280.35,66111.25
42896.13,11743.95,18779.25,9720.36,1e+09,12633.75,83638.47,80733.96,56216.21,42650.95,37405.41,73571.76,76339.31,51358.36,70541.38,50324.1,28065.69,32201.14,68112.91,72178.15,66546.03,65399.97,70661.38,43851.18,25966.83,21252.79,24792.09,47455.45,53914.47,38790.95,51448.54,82995.25,97634.63,70158.39,54621.76,72506.34,58078.85,67147.82,69884.69,71636.62,79784.83,67250.65,64960.25,72611.88,75125.99,81464.61,86976.93,73446.92,56899.37,68865.2,68172.74,76805.73,71117.85,91948.75
18010,5521.8,9175.29,5938.23,12633.75,1e+09,41007.95,37876.63,20182.91,16377.51,16012.91,34882.61,35398,23334.62,28469.89,23954.66,12298.98,10914.39,28005.42,32572.61,25665.24,29980.7,32785.18,15583.33,11310.75,8278.15,10479.77,18653.79,22450.45,13937.4,18068.72,38523.98,52125.04,29678.42,19473.67,32673.72,21460.99,29353.48,31563.1,32657.69,34879.28,27552.54,25032.79,36014.91,34813.26,37481.08,41467.34,34884.19,21980.32,27264.44,31635.82,35539.4,30900.58,46439.16
24610.47,51832.97,40490.37,57711.84,83638.47,41007.95,1e+09,13376,19048,23386.16,30517.28,16824.9,11841.66,23620.61,11032.64,29160.03,32314.44,20358.15,14901.91,16662.3,18030.88,21417.98,19205.79,22356.97,32155.27,31849.04,29738.81,22844.68,20716.35,20253.89,16860.64,8348.36,14359,17264.1,19330.04,16234.45,15209.72,15598.17,15708.13,17712.05,12939.21,16009.27,12186.83,19170.12,16174.06,16387.99,11723.24,17694.3,16926.6,11896.33,14576.01,10678.48,6023.85,8159.93
21945.76,49262.39,37479.97,54896.46,80733.96,37876.63,13376,1e+09,8690.67,16893.09,21867.01,6246.84,6143.62,21525.48,5503.87,17064.2,30481.15,16051.36,7822.22,4974.22,6518.33,6739.54,6703.77,14634.77,28449.63,28808.75,26984.6,14430.71,14301.99,16128.61,11330.28,6366.72,7041.25,3952.67,10054.25,6210.09,9601.7,8902.28,7996.85,7832.33,4345.71,7202.91,6503.39,4025.29,4176.59,3303.64,4143.46,5804.87,12454.89,5549.97,10172.31,4967.96,8600.68,6272.3
5659.42,28668.74,17532.85,32821.3,56216.21,20182.91,19048,8690.67,1e+09,5608.23,8458.43,5966.89,6320.06,7935.63,6876.97,8582.32,12256.43,7341.47,2930.1,5348.25,2469.95,5510.1,5566.22,3306.88,11723.6,11837.59,10230.71,5111.4,4521.25,5457.21,3891.55,12080.69,17794.51,5551.84,2337.41,4798.47,4728.06,3974.32,4322.41,4933.91,7140.85,3349.2,4509.94,6687.71,5521.83,7433.47,10829.6,5635.51,3377.41,6420.81,5388.76,7366.66,9284.23,15773.02
3266.06,19371.11,10295.85,22575.53,42650.95,16377.51,23386.16,16893.09,5608.23,1e+09,4126.61,10152.92,12580.38,6424.34,12298.05,6000.38,5169.8,5723.77,8033.58,9493.16,9250.17,7103.54,8746.91,3832.49,5416.77,8820.28,7353.21,3170.94,3210.45,3681.08,5440.9,21339.19,31951.57,11964.2,5812.75,10036.35,6948.82,7185.16,7839.91,7800.64,17171.54,8013.92,8954.37,9657.88,12186.6,16392.41,22986.2,10098.99,4366.9,12654.25,7098.95,13655.61,13464.12,28623.58
4340.1,15959.38,6790.26,19471.33,37405.41,16012.91,30517.28,21867.01,8458.43,4126.61,1e+09,15449.23,18733.43,4968.88,16455.45,4614.28,5518.59,7842.21,12155.31,14527.92,12540.78,8859.46,12369.65,7288.87,7072.66,9360.84,6973.38,3422.66,5289.56,5708.25,7991.96,27385.07,38639.54,14228.75,8162.06,14546.55,9287.78,10923.72,12459.6,13319.15,23053.4,11532.97,13203.39,14357.36,17759.92,22373.2,29159.28,14982.39,7247.63,16354.5,10797.78,20154.92,18387.72,34715.16
14464.53,42099.64,30490.76,47734.26,73571.76,34882.61,16824.9,6246.84,5966.89,10152.92,15449.23,1e+09,3364.25,14615.36,7854.05,11451.26,23128.07,13361.97,3742.71,3246.51,4280.42,3720.2,3342.63,11051.13,21070.96,24623.01,21005.7,8624.74,6627.75,10355.23,7059.54,13308.65,17088.33,5404.86,6318.69,3584.88,6898.26,3638.61,2201.75,2598.74,6112.07,3002.75,6526.28,3054.92,3209.01,4433.76,9532.25,1558.79,4563.29,8287.9,2564.39,4744.27,9185.69,15060.66
16798.44,45177.97,33681.91,50501.81,76339.31,35398,11841.66,6143.62,6320.06,12580.38,18733.43,3364.25,1e+09,18965.07,4118.33,15256.5,25895.62,13396.9,3764.99,3781.82,5133.02,7065.66,5235.45,11629.06,23287.03,25535.64,22119.17,11688.57,8869.53,11392.48,7497.73,6979.16,9845.77,6851.81,7547.9,3499.03,7864.63,5380.58,5157.16,4345.98,3319.06,3538.09,4936.91,5746.4,3399.28,3571.56,5953.56,3661.71,6168.37,5605.28,4612.56,2789.9,6059.25,7651.73
4198.33,24196.2,12964.75,28770.28,51358.36,23334.62,23620.61,21525.48,7935.63,6424.34,4968.88,14615.36,18965.07,1e+09,13271.18,4227.82,9479.06,9381.8,10896.63,14907.95,11170.06,8720.35,12288.48,9211.51,12664.28,13788.29,11257.11,4102.63,4026.71,8398.19,8299.8,25725.05,38229.31,13173.88,7055.32,12272.1,7752.8,9877.62,12388.01,14086.5,22514.63,10128.2,11224.16,13721.4,16605.79,22194.67,28630.19,15120.44,6495.8,13374.27,10902.54,18924.45,14017.96,34678.55
13543.19,39384.86,28084.18,44703.88,70541.38,28469.89,11032.64,5503.87,6876.97,12298.05,16455.45,7854.05,4118.33,13271.18,1e+09,17204.25,20534.73,8706.45,4868.71,5583.12,5009.46,9105.37,7791.26,9721.72,20340.88,19203.39,17492.1,13649.07,9429.16,9137.72,6005.94,6779.49,13572.62,5934.51,5588.5,5281.32,5289.98,6553.97,7749.93,7139.02,2322.96,5481.37,3624.82,9559.15,6765.54,5615.4,6144.85,8103.3,6656.77,3098.62,6687.92,3111.01,5976.28,8721.18
5819.35,24526.44,13792.71,28959.91,50324.1,23954.66,29160.03,17064.2,8582.32,6000.38,4614.28,11451.26,15256.5,4227.82,17204.25,1e+09,10567.34,12108.1,11131.31,11494.06,11042.66,6805.56,8921.87,9841.8,12556.86,15436.44,13013.65,3795.36,4152.57,10279.02,10007.21,26094.64,33849.63,12805.27,9477.68,12140,8721.58,8821.52,8856.76,9014.82,20695.41,10670.02,13197.32,9578.85,13994.53,18489.44,25893.6,11081.68,6675.38,16167.58,7768.04,17588.38,18526.57,31706.48
6191.31,11610.13,5725.23,13750.32,28065.69,12298.98,32314.44,30481.15,12256.43,5169.8,5518.59,23128.07,25895.62,9479.06,20534.73,10567.34,1e+09,6661.11,18017.2,21734.46,16611.78,16429.04,20201.05,7695.67,4472.28,4916.37,3664.36,6812.42,8914.11,5560.22,8908.64,32551.56,47190.94,20198.34,10621.86,21730.41,12662.77,16795.15,19583.6,21192.93,29341.14,17290.6,15888.92,22369.61,24682.3,30464.32,36438.24,23003.23,10948.71,18905.15,17860.05,26362.04,21157.8,41505.06
7127.2,13361.04,7564.92,15052.01,32201.14,10914.39,20358.15,16051.36,7341.47,5723.77,7842.21,13361.97,13396.9,9381.8,8706.45,12108.1,6661.11,1e+09,9106.47,12145.79,9383.09,12291.4,13523.37,6002.73,4590.72,4586.53,3319.6,8266.19,7088.88,4379.35,5918.86,16813.19,29776.93,12598.01,7284.36,12686.91,7648.31,10269.57,11495.04,11842.46,12553.29,9045.14,8295.57,15349.44,14528.66,16226.87,19411.91,14004.84,6635.22,9303.7,10740.13,13038.1,11041.22,24091.05
9977.85,36956.39,25655.71,42275.41,68112.91,28005.42,14901.91,7822.22,2930.1,8033.58,12155.31,3742.71,3764.99,10896.63,4868.71,11131.31,18017.2,9106.47,1e+09,3687.62,2317.04,4873.34,3796.5,7425.59,16973.77,18065.21,15570.74,8051.78,5422.35,7136.61,4540.1,10450.18,15786.88,5632.97,3463.12,3067.71,5264.96,2567.78,2993.12,3144.58,5588.23,1574.05,3717.93,5233.61,3222.85,4643.93,8314.31,3052.69,3407.54,5407.85,3616.55,3857.33,6877.06,13005.24
13102.83,41021.63,29616.68,46340.65,72178.15,32572.61,16662.3,4974.22,5348.25,9493.16,14527.92,3246.51,3781.82,14907.95,5583.12,11494.06,21734.46,12145.79,3687.62,1e+09,4292.81,5559.72,3601.56,9523.24,19719.4,22673.65,19289.96,8961.18,7023.28,9412.59,6239.17,9485.62,14716,5864.49,5971.43,3496.65,6949.72,3490.52,3281.31,2995.97,5029.13,3449.98,5262.62,4304.11,3385.1,3873.26,7856.36,3623.15,4808.78,5312.44,3550.51,5351.54,8756.82,11906.05
9899.53,35389.51,24573.09,40708.53,66546.03,25665.24,18030.88,6518.33,2469.95,9250.17,12540.78,4280.42,5133.02,11170.06,5009.46,11042.66,16611.78,9383.09,2317.04,4292.81,1e+09,4300.02,3853.47,6216.95,16750.37,16073.72,14197.23,7751.8,5851.54,8748.09,5345.5,9728.19,14396.01,4592.07,2273.08,4378.54,4760.9,3561.4,4261.08,4802.38,4580.76,2925.82,4189.92,5809.25,4395.66,5386.1,7340.68,4206,4174.88,4542.2,5732.6,6637.02,9948.11,11937.12
9401.93,34243.45,22715.77,39562.47,65399.97,29980.7,21417.98,6739.54,5510.1,7103.54,8859.46,3720.2,7065.66,8720.35,9105.37,6805.56,16429.04,12291.4,4873.34,5559.72,4300.02,1e+09,3319.72,10076.88,16421.25,19994.13,17204.86,5966.6,4478.43,8947.17,7912.67,16776.22,19859.16,4530.23,5326.69,5622.46,5045.29,4468.91,3446.64,3633.33,9158.9,4077.13,8725.21,3327.64,5842.07,7085.8,12425.84,3256.97,4989.18,9848.21,4262.89,9090.57,12248.3,18422.48
12576.96,39267.12,27730.64,44823.88,70661.38,32785.18,19205.79,6703.77,5566.22,8746.91,12369.65,3342.63,5235.45,12288.48,7791.26,8921.87,20201.05,13523.37,3796.5,3601.56,3853.47,3319.72,1e+09,10644.91,19124.18,22884.92,19557.69,7024.5,5739.63,10461.98,6241.34,12867.44,17204.47,5152.55,5966.95,3717.92,6489.52,2867.57,3262.42,3094.94,6884.27,3862.56,6812.9,3337.17,4738.38,6003.78,10078.55,2349.19,4666.32,7605.77,3279.39,6977.95,11147.8,15384.92
4350.17,21694.94,12291.31,24947.93,43851.18,15583.33,22356.97,14634.77,3306.88,3832.49,7288.87,11051.13,11629.06,9211.51,9721.72,9841.8,7695.67,6002.73,7425.59,9523.24,6216.95,10076.88,10644.91,1e+09,7848.26,7849.96,6943.92,5251.2,5533.13,4039.93,3161.72,17268.15,27457.45,10684.25,3095.85,10206.52,5818.15,8085.71,9075.98,9234.14,12295.03,7113.17,5460.7,12353.43,11108.21,13340.59,18014.96,11310.48,4898.05,8483.25,9457.3,12037.47,11350.46,23272.95
8575.49,11916.53,6286.57,13496.85,25966.83,11310.75,32155.27,28449.63,11723.6,5416.77,7072.66,21070.96,23287.03,12664.28,20340.88,12556.86,4472.28,4590.72,16973.77,19719.4,16750.37,16421.25,19124.18,7848.26,1e+09,5928.88,3452.32,8580.63,9196.22,4681.75,9961.65,30943.06,44070.31,20056.02,11351.79,20572.65,12818.93,16301.71,18120.91,18998.06,27426.6,16414.73,15935.01,20907.5,22649.91,28087.33,33945.8,20990.98,9586.23,19935.94,16793.77,23981.03,20888.68,39099.86
10304.55,8817.9,3735.24,9250.55,21252.79,8278.15,31849.04,28808.75,11837.59,8820.28,9360.84,24623.01,25535.64,13788.29,19203.39,15436.44,4916.37,4586.53,18065.21,22673.65,16073.72,19994.13,22884.92,7849.96,5928.88,1e+09,4975.89,11408.71,13428.9,6936.55,10142.36,29701.96,43454.4,20442.77,10178,22730.71,12887.02,19230.17,21300.33,22371.1,26010.02,17565.97,15466.41,25887.97,24950.9,28174.14,32796.7,24997.17,13818.63,17811.46,21948.12,25677.04,21112.63,37768.52
7895.36,10219.99,5089.74,11418.41,24792.09,10479.77,29738.81,26984.6,10230.71,7353.21,6973.38,21005.7,22119.17,11257.11,17492.1,13013.65,3664.36,3319.6,15570.74,19289.96,14197.23,17204.86,19557.69,6943.92,3452.32,4975.89,1e+09,8562.72,9815.94,4899.26,7664.74,28275.89,42426.41,18882.84,9424.26,20030.9,11528.28,15850.78,17989.48,18818.32,24583.95,14612.58,13690.06,22471.5,21945.37,26260.87,31768.71,21580.7,9601.42,16411.19,17382.03,22585.01,18619.2,36740.53
2696.05,21469.12,10626.91,25256.46,47455.45,18653.79,22844.68,14430.71,5111.4,3170.94,3422.66,8624.74,11688.57,4102.63,13649.07,3795.36,6812.42,8266.19,8051.78,8961.18,7751.8,5966.6,7024.5,5251.2,8580.63,11408.71,8562.72,1e+09,3087.35,6072.61,5757.33,22356.74,30367.38,9961.13,5785.65,9606.21,6250.52,6045.14,6586.87,6625.71,16896.38,7403.04,9731.23,8008.64,10681.32,14960.28,22093.99,8186.58,4348.99,12986.72,5779.44,13275.29,13874.63,27752.4
3373.59,25736.04,14827.16,29709.24,53914.47,22450.45,20716.35,14301.99,4521.25,3210.45,5289.56,6627.75,8869.53,4026.71,9429.16,4152.57,8914.11,7088.88,5422.35,7023.28,5851.54,4478.43,5739.63,5533.13,9196.22,13428.9,9815.94,3087.35,1e+09,5307.99,4956.61,18556.83,27958.43,8791.96,4142.35,7271.52,4786.59,4898.64,5401.72,5484.6,14102.1,4733.03,7084.26,6752.3,9047.89,12697.89,19586.77,6658.34,1920.13,10241.23,3954,10180.92,10400.53,24721.4
4272.58,16364.37,9204.33,19306.65,38790.95,13937.4,20253.89,16128.61,5457.21,3681.08,5708.25,10355.23,11392.48,8398.19,9137.72,10279.02,5560.22,4379.35,7136.61,9412.59,8748.09,8947.17,10461.98,4039.93,4681.75,6936.55,4899.26,6072.61,5307.99,1e+09,3322.71,17601.97,30125,12197.92,5276.97,9252,7164.91,7708.23,8531.63,8836.94,13618.76,6796.97,6273.4,11976.3,11164.45,14332.38,20084.46,10765.18,5028.73,9649.13,7854.77,11058.16,10015.64,25666.14
5140.57,24346.19,14810.83,28276.19,51448.54,18068.72,16860.64,11330.28,3891.55,5440.9,7991.96,7059.54,7497.73,8299.8,6005.94,10007.21,8908.64,5918.86,4540.1,6239.17,5345.5,7912.67,6241.34,3161.72,9961.65,10142.36,7664.74,5757.33,4956.61,3322.71,1e+09,13687.79,23301.4,8966.61,3546.82,5642.29,5475.74,4598.4,5409.27,5864.81,8412.07,4808.74,3675.24,8426.62,7725.67,9325.27,13547.53,7403.65,3557.27,5094.18,4771.44,6620.62,7466.14,19314.77
24278.93,51838.73,40538.05,57157.75,82995.25,38523.98,8348.36,6366.72,12080.69,21339.19,27385.07,13308.65,6979.16,25725.05,6779.49,26094.64,32551.56,16813.19,10450.18,9485.62,9728.19,16776.22,12867.44,17268.15,30943.06,29701.96,28275.89,22356.74,18556.83,17601.97,13687.79,1e+09,5214.99,9399.53,13126.82,9549.82,12126.65,13114.96,14134.31,13599.62,6254.48,11354.27,8230.87,13853.99,9689.7,8042.84,5215.7,13193.4,14947.16,5921.29,13387.63,6494.06,6702.9,5241.22
37581.72,66050.28,54441.4,71797.13,97634.63,52125.04,14359,7041.25,17794.51,31951.57,38639.54,17088.33,9845.77,38229.31,13572.62,33849.63,47190.94,29776.93,15786.88,14716,14396.01,19859.16,17204.47,27457.45,44070.31,43454.4,42426.41,30367.38,27958.43,30125,23301.4,5214.99,1e+09,9850.43,20993.86,16155.17,19315.37,20568.26,19160.97,18585.52,8676.07,15543.46,15193.76,15433.61,12076.24,9487.9,4842.21,16257.81,23723.11,10255.93,22066.92,13627.4,14042.26,4316.42
12637.1,39001.87,27701.19,44320.89,70158.39,29678.42,17264.1,3952.67,5551.84,11964.2,14228.75,5404.86,6851.81,13173.88,5934.51,12805.27,20198.34,12598.01,5632.97,5864.49,4592.07,4530.23,5152.55,10684.25,20056.02,20442.77,18882.84,9961.13,8791.96,12197.92,8966.61,9399.53,9850.43,1e+09,6304.1,6204.31,5106.95,6689.39,6454.42,6862.57,6097.32,4507.57,7248.32,3842.7,4717.06,5165.53,6867.24,4660.09,8483.63,5572.07,8289.32,7459.92,10593.23,9961.72
5177.15,26791.37,16297.61,31167.08,54621.76,19473.67,19330.04,10054.25,2337.41,5812.75,8162.06,6318.69,7547.9,7055.32,5588.5,9477.68,10621.86,7284.36,3463.12,5971.43,2273.08,5326.69,5966.95,3095.85,11351.79,10178,9424.26,5785.65,4142.35,5276.97,3546.82,13126.82,20993.86,6304.1,1e+09,6603.88,4085.32,4322.31,5511.52,6024.09,7790.69,3728.34,4469.34,8030.21,7124.17,8881.42,12561.92,6777.85,3366.78,5578.79,6183.73,8463.23,9395.59,17489.74
13588.34,40684.68,29300.16,46668.84,72506.34,32673.72,16234.45,6210.09,4798.47,10036.35,14546.55,3584.88,3499.03,12272.1,5281.32,12140,21730.41,12686.91,3067.71,3496.65,4378.54,5622.46,3717.92,10206.52,20572.65,22730.71,20030.9,9606.21,7271.52,9252,5642.29,9549.82,16155.17,6204.31,6603.88,1e+09,8072.68,3481.19,2944.57,2871.36,4756.54,3216.98,4670.83,4383.12,2747.94,3960.13,8561.5,3505.58,5077.94,6809.2,2937.76,4648.11,8253.64,13295.94
5867.27,29242.14,18446.92,33814.27,58078.85,21460.99,15209.72,9601.7,4728.06,6948.82,9287.78,6898.26,7864.63,7752.8,5289.98,8721.58,12662.77,7648.31,5264.96,6949.72,4760.9,5045.29,6489.52,5818.15,12818.93,12887.02,11528.28,6250.52,4786.59,7164.91,5475.74,12126.65,19315.37,5106.95,4085.32,8072.68,1e+09,6053.63,6409.33,7184.07,6856.08,4274.69,4150.55,7450.34,7841.69,8687.23,10202.71,6296.09,5092.42,4729.83,7114.08,7476.43,7776.42,15175.85
9809.12,35991.3,24690.62,41310.32,67147.82,29353.48,15598.17,8902.28,3974.32,7185.16,10923.72,3638.61,5380.58,9877.62,6553.97,8821.52,16795.15,10269.57,2567.78,3490.52,3561.4,4468.91,2867.57,8085.71,16301.71,19230.17,15850.78,6045.14,4898.64,7708.23,4598.4,13114.96,20568.26,6689.39,4322.31,3481.19,6053.63,1e+09,1972.91,2478.3,7941.07,3423.04,5064.6,3926.67,4641,7010.67,12478.69,3982.97,2611.64,6947.8,2594.55,5302.14,8353.67,18158.18
11565.76,38728.17,27087.72,44047.19,69884.69,31563.1,15708.13,7996.85,4322.41,7839.91,12459.6,2201.75,5157.16,12388.01,7749.93,8856.76,19583.6,11495.04,2993.12,3281.31,4261.08,3446.64,3262.42,9075.98,18120.91,21300.33,17989.48,6586.87,5401.72,8531.63,5409.27,14134.31,19160.97,6454.42,5511.52,2944.57,6409.33,1972.91,1e+09,1374.98,7910.48,3640.04,5182.94,2726.94,3462.52,6144.37,11569.74,3018.37,3657.71,7639.44,1928.95,4862.15,8746.34,17436.59
12535.65,40480.1,28797.22,45799.12,71636.62,32657.69,17712.05,7832.33,4933.91,7800.64,13319.15,2598.74,4345.98,14086.5,7139.02,9014.82,21192.93,11842.46,3144.58,2995.97,4802.38,3633.33,3094.94,9234.14,18998.06,22371.1,18818.32,6625.71,5484.6,8836.94,5864.81,13599.62,18585.52,6862.57,6024.09,2871.36,7184.07,2478.3,1374.98,1e+09,7179.51,3098.03,5239.39,2539.49,4376.45,5120.11,11157.93,2882.15,3871.83,7546.87,2441.55,4759.26,8960.94,16906.04
20938.01,48628.31,37327.63,53947.33,79784.83,34879.28,12939.21,4345.71,7140.85,17171.54,23053.4,6112.07,3319.06,22514.63,2322.96,20695.41,29341.14,12553.29,5588.23,5029.13,4580.76,9158.9,6884.27,12295.03,27426.6,26010.02,24583.95,16896.38,14102.1,13618.76,8412.07,6254.48,8676.07,6097.32,7790.69,4756.54,6856.08,7941.07,7910.48,7179.51,1e+09,5537.46,4295.7,8404.7,5396.2,3728.82,3179.2,6211.51,10355.54,3424.72,8743.85,1863.31,8536.43,5610.68
9110.69,36094.13,24793.45,41413.15,67250.65,27552.54,16009.27,7202.91,3349.2,8013.92,11532.97,3002.75,3538.09,10128.2,5481.37,10670.02,17290.6,9045.14,1574.05,3449.98,2925.82,4077.13,3862.56,7113.17,16414.73,17565.97,14612.58,7403.04,4733.03,6796.97,4808.74,11354.27,15543.46,4507.57,3728.34,3216.98,4274.69,3423.04,3640.04,3098.03,5537.46,1e+09,4319.06,4550.04,3034.27,3725.46,8266.98,2736.51,3381.66,6265.45,3476.88,4081.72,6693.42,13298.87
9142.51,34210.55,23781.45,39407.85,64960.25,25032.79,12186.83,6503.39,4509.94,8954.37,13203.39,6526.28,4936.91,11224.16,3624.82,13197.32,15888.92,8295.57,3717.93,5262.62,4189.92,8725.21,6812.9,5460.7,15935.01,15466.41,13690.06,9731.23,7084.26,6273.4,3675.24,8230.87,15193.76,7248.32,4469.34,4670.83,4150.55,5064.6,5182.94,5239.39,4295.7,4319.06,1e+09,8598.4,5750.82,5923.13,5866.15,6767.79,5493.47,2549.47,5567.08,3557.38,4967.38,9644.06
14315.87,41219.81,29437.39,46774.38,72611.88,36014.91,19170.12,4025.29,6687.71,9657.88,14357.36,3054.92,5746.4,13721.4,9559.15,9578.85,22369.61,15349.44,5233.61,4304.11,5809.25,3327.64,3337.17,12353.43,20907.5,25887.97,22471.5,8008.64,6752.3,11976.3,8426.62,13853.99,15433.61,3842.7,8030.21,4383.12,7450.34,3926.67,2726.94,2539.49,8404.7,4550.04,8598.4,1e+09,3024.38,4697.53,9974.68,2680.19,6370.31,9122.98,3514.98,7947.35,12244.26,14209.73
16102.4,43784.11,32113.59,49288.49,75125.99,34813.26,16174.06,4176.59,5521.83,12186.6,17759.92,3209.01,3399.28,16605.79,6765.54,13994.53,24682.3,14528.66,3222.85,3385.1,4395.66,5842.07,4738.38,11108.21,22649.91,24950.9,21945.37,10681.32,9047.89,11164.45,7725.67,9689.7,12076.24,4717.06,7124.17,2747.94,7841.69,4641,3462.52,4376.45,5396.2,3034.27,5750.82,3024.38,1e+09,2567.53,6680.12,3105.21,6536.19,7453.92,4233.02,5082.74,9336.44,10363.99
21260.41,49846.09,38437.97,55627.11,81464.61,37481.08,16387.99,3303.64,7433.47,16392.41,22373.2,4433.76,3571.56,22194.67,5615.4,18489.44,30464.32,16226.87,4643.93,3873.26,5386.1,7085.8,6003.78,13340.59,28087.33,28174.14,26260.87,14960.28,12697.89,14332.38,9325.27,8042.84,9487.9,5165.53,8881.42,3960.13,8687.23,7010.67,6144.37,5120.11,3728.82,3725.46,5923.13,4697.53,2567.53,1e+09,4299.8,4542.72,9046.12,5541.48,7287.44,3811.49,9918.83,7100.31
27457.21,55589.21,44246.61,61139.43,86976.93,41467.34,11723.24,4143.46,10829.6,22986.2,29159.28,9532.25,5953.56,28630.19,6144.85,25893.6,36438.24,19411.91,8314.31,7856.36,7340.68,12425.84,10078.55,18014.96,33945.8,32796.7,31768.71,22093.99,19586.77,20084.46,13547.53,5215.7,4842.21,6867.24,12561.92,8561.5,10202.71,12478.69,11569.74,11157.93,3179.2,8266.98,5866.15,9974.68,6680.12,4299.8,1e+09,8933.91,16099.47,5101.49,14407.69,4921.78,9259.18,2772.54
14397.72,42132.28,30523.4,47609.42,73446.92,34884.19,17694.3,5804.87,5635.51,10098.99,14982.39,1558.79,3661.71,15120.44,8103.3,11081.68,23003.23,14004.84,3052.69,3623.15,4206,3256.97,2349.19,11310.48,20990.98,24997.17,21580.7,8186.58,6658.34,10765.18,7403.65,13193.4,16257.81,4660.09,6777.85,3505.58,6296.09,3982.97,3018.37,2882.15,6211.51,2736.51,6767.79,2680.19,3105.21,4542.72,8933.91,1e+09,4745.36,8555.11,3071.74,5760.44,10041.22,14318.49
4558.65,28512.25,17388.89,32417.65,56899.37,21980.32,16926.6,12454.89,3377.41,4366.9,7247.63,4563.29,6168.37,6495.8,6656.77,6675.38,10948.71,6635.22,3407.54,4808.78,4174.88,4989.18,4666.32,4898.05,9586.23,13818.63,9601.42,4348.99,1920.13,5028.73,3557.27,14947.16,23723.11,8483.63,3366.78,5077.94,5092.42,2611.64,3657.71,3871.83,10355.54,3381.66,5493.47,6370.31,6536.19,9046.12,16099.47,4745.36,1e+09,8582.74,2793.12,6195.48,8054.26,20872.78
12311.41,37708.68,26836.94,43027.7,68865.2,27264.44,11896.33,5549.97,6420.81,12654.25,16354.5,8287.9,5605.28,13374.27,3098.62,16167.58,18905.15,9303.7,5407.85,5312.44,4542.2,9848.21,7605.77,8483.25,19935.94,17811.46,16411.19,12986.72,10241.23,9649.13,5094.18,5921.29,10255.93,5572.07,5578.79,6809.2,4729.83,6947.8,7639.44,7546.87,3424.72,6265.45,2549.47,9122.98,7453.92,5541.48,5101.49,8555.11,8582.74,1e+09,7991.49,3985.57,6394.26,7080.47
10165.52,37016.22,25435.81,42335.24,68172.74,31635.82,14576.01,10172.31,5388.76,7098.95,10797.78,2564.39,4612.56,10902.54,6687.92,7768.04,17860.05,10740.13,3616.55,3550.51,5732.6,4262.89,3279.39,9457.3,16793.77,21948.12,17382.03,5779.44,3954,7854.77,4771.44,13387.63,22066.92,8289.32,6183.73,2937.76,7114.08,2594.55,1928.95,2441.55,8743.85,3476.88,5567.08,3514.98,4233.02,7287.44,14407.69,3071.74,2793.12,7991.49,1e+09,4725.17,7826.05,19706.17
17370.87,45543.04,34047.31,50968.23,76805.73,35539.4,10678.48,4967.96,7366.66,13655.61,20154.92,4744.27,2789.9,18924.45,3111.01,17588.38,26362.04,13038.1,3857.33,5351.54,6637.02,9090.57,6977.95,12037.47,23981.03,25677.04,22585.01,13275.29,10180.92,11058.16,6620.62,6494.06,13627.4,7459.92,8463.23,4648.11,7476.43,5302.14,4862.15,4759.26,1863.31,4081.72,3557.38,7947.35,5082.74,3811.49,4921.78,5760.44,6195.48,3985.57,4725.17,1e+09,5166.83,9272.63
13364.48,39961.33,28660.65,45280.35,71117.85,30900.58,6023.85,8600.68,9284.23,13464.12,18387.72,9185.69,6059.25,14017.96,5976.28,18526.57,21157.8,11041.22,6877.06,8756.82,9948.11,12248.3,11147.8,11350.46,20888.68,21112.63,18619.2,13874.63,10400.53,10015.64,7466.14,6702.9,14042.26,10593.23,9395.59,8253.64,7776.42,8353.67,8746.34,8960.94,8536.43,6693.42,4967.38,12244.26,9336.44,9918.83,9259.18,10041.22,8054.26,6394.26,7826.05,5166.83,1e+09,9808.46
32541.86,60792.23,49322.63,66111.25,91948.75,46439.16,8159.93,6272.3,15773.02,28623.58,34715.16,15060.66,7651.73,34678.55,8721.18,31706.48,41505.06,24091.05,13005.24,11906.05,11937.12,18422.48,15384.92,23272.95,39099.86,37768.52,36740.53,27752.4,24721.4,25666.14,19314.77,5241.22,4316.42,9961.72,17489.74,13295.94,15175.85,18158.18,17436.59,16906.04,5610.68,13298.87,9644.06,14209.73,10363.99,7100.31,2772.54,14318.49,20872.78,7080.47,19706.17,9272.63,9808.46,1e+09
