1e+09,8406.19,8615.26,11283.04,12250.02,32529.08,73118.4,23000.01,22207.16,19617.24,29606.75,32044.23,29308.6,30200.18,24743.57,15049.98,18010.19,37660.82,27897.9,26976.21,37559.44,27997.46,18953.76,14692.94,12397.37,13877.88,25076.07,38338.42,23515.29,19774.74,27085.76,55923.31,63584.08,29993.5,48968.51,24672.86,38864.3,37579.58,33145.67,39924.28,47789.21,35705.99,38859.01,31219.15,28641.92,31219.62,40907.44,26826.3,32509.6,32852.68,35238.09,26626.82,39774.83,55303.13
8406.19,1e+09,7053.31,8628.14,14998.59,57408.37,97278.58,38124.69,40221.74,26384.42,51734.92,57229.91,51931.99,53680.32,44054.67,28323.99,30337.01,55287.21,50293.61,48142.97,59168.03,50024.49,34861.44,25368.06,16613.15,15046.65,48234.43,63784.79,45871.83,33450.05,48563,81787.34,89301.37,53425.37,76119.7,46968.99,64133.82,62445.97,56688.6,66184,71276.63,58200.56,60500.85,53934.53,50044.03,53733.37,61849.24,47974.94,55712.54,55973.78,60684.82,49902.37,64525.95,81976.51
8615.26,7053.31,1e+09,5206.11,9697.75,62174.36,103236.65,42962.93,46005.56,30832.06,57453.75,62591.94,57145.24,59638.39,49472.58,30931.88,34741.38,61096.2,55953.66,54058.05,65126.1,55362.46,38769.35,31398.09,19331.57,20363.53,52404.38,69742.86,49445.74,37932.21,53381.3,87745.41,95259.44,58862.64,82077.77,51662.02,69793.87,68404.04,62646.67,71884.69,77234.7,64158.63,66458.92,59892.6,55797.66,59393.42,67807.31,53510.61,61670.61,61697.09,66642.89,54219.07,70484.02,87934.58
11283.04,8628.14,5206.11,1e+09,8328.81,66298.98,103076.57,47527.15,50505.55,34280.13,58978.84,64607.48,60983.86,59672.27,52132.08,38018.12,40952.87,61085.2,58167.55,55742.62,64966.02,58565.16,45969.61,34725.85,23943.75,24422.51,57976.22,69582.78,56315.1,43252.84,56667.25,87585.33,95099.36,60913.32,81917.69,56412.02,70512.47,68258.42,62694.83,73481.91,77074.62,63998.55,66298.84,59732.52,57969.99,60190.98,67647.23,55764.71,61510.53,62352.43,67102.91,59093.22,70323.94,87774.5
12250.02,14998.59,9697.75,8328.81,1e+09,72823.06,114939.71,53555.95,56000.81,45332.74,69156.81,73586.2,68338.4,71341.45,60466.84,41561.81,44304.66,72444.86,67563.54,65761.11,76829.16,67064.66,48478.83,42817.49,31058.48,30659.19,61981.04,81445.92,58632.82,48129.85,64407.84,99448.47,106962.5,70211.3,93780.83,61957.56,81142.53,80107.1,74349.73,83587.75,88937.76,75861.69,78161.98,71595.66,67500.72,70801.28,79510.37,65099.49,73373.67,73400.15,78345.95,64639.01,82187.08,99637.64
32529.08,57408.37,62174.36,66298.98,72823.06,1e+09,36506.44,12281.63,12495.05,27952.25,6300.82,7010.6,5666,8068.77,8828.14,16415.65,17086.22,8474.57,6841.33,6768.99,5682.49,7899.46,12164.55,20863.4,35032.12,30259.46,6627.78,9160.19,10231.05,11926.37,6537.98,17755.82,25171.59,6532.24,12527.15,6987.45,9059.2,9043.82,6950.88,8019.11,11586.24,7083.16,8053.63,8141.78,5912.47,5801.34,7873.36,6910.74,8377.9,5078.84,6110.76,4188,8131.7,15697.51
73118.4,97278.58,103236.65,103076.57,114939.71,36506.44,1e+09,46138.43,51509.39,64446.7,38855.32,35505.15,42397.19,39174.55,30548.85,63197.43,66745.47,16740.97,40436.83,42896.87,29531.92,36332.58,59420.35,60232.26,71829.2,68351.76,48852.64,30718.77,52791.53,49223.06,38842.81,9487.33,4738.09,42107.29,18237.01,42370.9,25296.1,26527.8,33254.02,27955.02,23010.8,34737.77,26811.09,38224.16,44086.78,41158.14,24156.76,43037.21,35129.5,35751.8,33381.9,44672.02,28423.78,11889.91
23000.01,38124.69,42962.93,47527.15,53555.95,12281.63,46138.43,1e+09,4077.53,11238.52,12390.04,17335.4,11828.9,11697.45,10427.16,8203.35,9620.13,10520.83,13762.63,9881.55,11682.83,13388.67,7505.37,7601.25,14572.65,12974.94,6581.21,17755.13,7314.91,4197.81,10457.79,30657.32,38161.22,14223.77,25955.67,10233.83,20154.77,17933.59,13643.31,21991.37,20685.54,11769.2,12426.59,10932.53,11408.91,11861.95,13664.82,9854.68,12134.72,12331.4,16617.47,9360.61,17568.75,29875.43
22207.16,40221.74,46005.56,50505.55,56000.81,12495.05,51509.39,4077.53,1e+09,13032.46,15056.84,19267.61,15914.08,14745.49,8964.92,8558.76,9732.22,13850.78,16075.13,13877,15780.28,15249.65,6497.27,6440.01,16715.16,14621.81,5019.67,20961.38,6260.98,4241.81,13245.81,35202.74,42641.22,18480.39,29645.81,13224.09,22499.63,19878.32,16182.77,23674.06,25360.33,16460.11,16854.8,14520.64,16147.6,16613.15,18286.84,13501.81,13964.18,15578.4,20389.48,12579.89,20590.56,33617.89
19617.24,26384.42,30832.06,34280.13,45332.74,27952.25,64446.7,11238.52,13032.46,1e+09,23832.07,28519.19,24317.85,23139.21,17482.02,8780.34,9715.83,24536.46,23547.39,20534.83,27219.06,23617.32,11033.41,7535.79,7310.28,7787.26,18321.63,31781.85,20315.64,9072.89,21146.75,48955.46,56469.49,26305.43,43287.82,20666.26,33576.2,30978.09,26191.9,36040.57,38444.75,26356.16,27933.41,23448.54,21893.36,24927.05,29330.75,20194.09,23538.75,25509.65,30867.12,22472.04,32634.01,48069.44
29606.75,51734.92,57453.75,58978.84,69156.81,6300.82,38855.32,12390.04,15056.84,23832.07,1e+09,5499.22,3103.53,3275.38,8355.71,17890.38,20010.75,10542.7,2594.16,3099.79,5249.74,3640.74,13622.09,20033.56,30211.17,29474.29,9667.41,6617.99,11114.6,16046.7,2626.11,18063.94,25328.51,3318.16,11090.41,3510.38,6782.1,5594.54,3926.12,5643.96,11155.35,5218.45,7055.69,3005.35,2606.91,2742.01,8362.87,3310.6,3728.26,2653.49,3951.35,5029.34,5974.1,15456.6
32044.23,57229.91,62591.94,64607.48,73586.2,7010.6,35505.15,17335.4,19267.61,28519.19,5499.22,1e+09,5091.07,5116.85,9813.2,18997.16,19880.43,15814.33,4868.73,6834.24,9492.19,4931.32,15035.32,25194.31,34636.55,33566.51,10738.13,5341.19,12362.56,19070.95,6039.45,16817.31,23066.46,4400.69,11756.63,6026.62,5873.36,6298.67,4814.25,5565.44,13120.76,7267.46,8771.91,6103.91,6903.38,5744.1,12316.03,6499.79,4636.83,5862.4,5368.58,6344.02,6625.18,15555.04
29308.6,51931.99,57145.24,60983.86,68338.4,5666,42397.19,11828.9,15914.08,24317.85,3103.53,5091.07,1e+09,3609.8,8176.71,14700.48,17132.75,13183.17,2878.45,2829.29,7689.19,3524.82,10952.78,20030.66,31587.7,30219.55,8783.75,6506.25,8976.99,14337.28,4096.85,20214.55,27952.21,3099.16,12744.84,3990.83,6992.46,7330.85,4886,6528.35,14448.07,6027.79,9404.5,4019.4,2798.25,3075.46,10596.86,2365.49,4562.99,3556.61,3908,3897.72,8055.81,17499.3
30200.18,53680.32,59638.39,59672.27,71341.45,8068.77,39174.55,11697.45,14745.49,23139.21,3275.38,5116.85,3609.8,1e+09,8334.74,21299.27,22915.93,11646.04,3001.46,2130.73,4659.3,4080.2,16402.57,19540.45,29591.76,28598.52,9085.66,3995.02,10617.5,15773.95,4784.64,17184.77,25163.41,3281.59,8940.91,6561.63,7053.68,5479.11,3233.93,7480.34,11156.1,3251.82,5651.33,1629.49,2073.61,1785.14,7250.56,3059.06,1728.34,3032.05,3075.85,5775.35,5959.59,14811.79
24743.57,44054.67,49472.58,52132.08,60466.84,8828.14,30548.85,10427.16,8964.92,17482.02,8355.71,9813.2,8176.71,8334.74,1e+09,14588.63,15131.42,9549.72,7653.22,8061.8,11105.1,7191.68,11681.39,13108.09,22232.23,21595.17,7942.1,10853.21,6009.75,11115.47,8100.21,20353.16,25955.03,8372.58,18208.49,8865.88,12116.2,10557.31,8109.35,10938.88,14665.04,10626.63,10514.18,9161.73,8123.39,9533.36,11996.96,9267.05,9196.22,8821.84,9569.41,8912.82,10148.34,18148.09
15049.98,28323.99,30931.88,38018.12,41561.81,16415.65,63197.43,8203.35,8558.76,8780.34,17890.38,18997.16,14700.48,21299.27,14588.63,1e+09,5132.64,24374.55,15750.61,16249.18,26587.03,15747.53,5464.15,7514.1,9848.14,10914.47,12054.56,27473.69,10260.62,7394.21,14197.56,43406.34,50654.02,16053.74,36755.3,11977.89,24113.87,26721.32,22868.55,24827.97,36014.33,25548.21,29476,22267.78,16500.09,17720.32,30592.54,15187.91,24024.49,20612.07,22858.12,12789.57,28231.9,41253.66
18010.19,30337.01,34741.38,40952.87,44304.66,17086.22,66745.47,9620.13,9732.22,9715.83,20010.75,19880.43,17132.75,22915.93,15131.42,5132.64,1e+09,24761.59,18608.19,17932.68,27542.94,18753.62,6747.97,7339.91,10868.1,11766.45,11251.39,30018.33,9375.68,8819.73,15938.79,45467.52,53251.61,18474.94,37950.42,13827.39,25961.09,29503.16,25351.99,26935.3,37803.3,27565.5,30333.55,23767.23,18667.21,19378.5,31681.94,17271.06,25545.24,23418.53,25322.39,14010.77,30969.01,42940.94
37660.82,55287.21,61096.2,61085.2,72444.86,8474.57,16740.97,10520.83,13850.78,24536.46,10542.7,15814.33,13183.17,11646.04,9549.72,24374.55,24761.59,1e+09,14844.07,10213.26,6438.77,14414.41,20989.29,20506.87,30556.55,27992.63,11276.69,11227.4,15032.43,12127.65,12055.05,11171.95,14121.99,14598.1,11802.2,14694.7,13620.07,10952.35,10654.97,14115.77,7325.59,8260.42,6018.19,10065.71,10754.12,9567.09,4906.8,11685.46,11514.6,10161.06,12210.72,10957.02,8338.28,8483
27897.9,50293.61,55953.66,58167.55,67563.54,6841.33,40436.83,13762.63,16075.13,23547.39,2594.16,4868.73,2878.45,3001.46,7653.22,15750.61,18608.19,14844.07,1e+09,2559.45,9783.86,3176.58,11735.79,19933.73,30027.32,30203.96,10238.96,6687.13,9771.98,16578.78,4755.26,20733.02,27553.93,2800.57,12957.85,3997.45,7584.35,5967.95,4230.2,5651.3,15312.5,7225.81,10312.2,4212.76,2380.34,3809.47,13344.88,3942.62,4645.04,4984.22,4157.09,4698.79,6552.6,18259.76
26976.21,48142.97,54058.05,55742.62,65761.11,6768.99,42896.87,9881.55,13877,20534.83,3099.79,6834.24,2829.29,2130.73,8061.8,16249.18,17932.68,10213.26,2559.45,1e+09,5737.08,3724.49,11934.58,17027.51,27180.63,27167.61,7223.54,6767.63,8918.01,14814.33,4280.8,21373.04,30098.5,3632.25,13465.49,4053.94,9390.73,7598.8,4331.28,9318.03,14461.51,4619.16,7367.31,2328.4,1451.36,2878.11,8625.32,1747.31,2975.47,4363.46,4722.83,4222.45,8256.08,19147.32
37559.44,59168.03,65126.1,64966.02,76829.16,5682.49,29531.92,11682.83,15780.28,27219.06,5249.74,9492.19,7689.19,4659.3,11105.1,26587.03,27542.94,6438.77,9783.86,5737.08,1e+09,9844.76,22152.21,23041.13,34420.12,31751.1,11630.99,4331.12,15902.06,14294.19,7707.19,11177.84,18864.12,8526.49,8333.33,11388.18,9081.07,7122.62,4679.71,9899.94,5326.67,1844.58,2054.35,4267.99,5602.19,3944.7,2787.92,7422.16,4812.07,3747.27,5230.57,6773,4716.21,10540.98
27997.46,50024.49,55362.46,58565.16,67064.66,7899.46,36332.58,13388.67,15249.65,23617.32,3640.74,4931.32,3524.82,4080.2,7191.68,15747.53,18753.62,14414.41,3176.58,3724.49,9844.76,1e+09,11762.81,20139.91,29807.2,29151.81,10204.84,6903.38,8537.92,16083.9,4781.95,19197.97,25096,4007.12,13182.22,4144.9,7359.39,6155,4623.06,6269.64,14198.38,8067.6,9604.4,5033.04,3813.9,5677.25,12104.21,4379.25,5122.52,5264.76,5899.76,4592.75,8256.53,18141
18953.76,34861.44,38769.35,45969.61,48478.83,12164.55,59420.35,7505.37,6497.27,11033.41,13622.09,15035.32,10952.78,16402.57,11681.39,5464.15,6747.97,20989.29,11735.79,11934.58,22152.21,11762.81,1e+09,9444.37,15387.18,13040.82,8381.62,23042.58,6367.23,6929.71,10293.48,38737.7,46368.3,12377,31188.07,7599.36,19552.86,22476.52,18734.47,20024.98,31732.38,21394.59,24647.16,17570.58,12440.34,13614.75,26332.76,11063.66,19104.81,16877.31,18440.01,8682.01,24122.02,36411.45
14692.94,25368.06,31398.09,34725.85,42817.49,20863.4,60232.26,7601.25,6440.01,7535.79,20033.56,25194.31,20030.66,19540.45,13108.09,7514.1,7339.91,20506.87,19933.73,17027.51,23041.13,20139.91,9444.37,1e+09,10581.2,10650.62,10359,28075.73,12314.98,7085.54,17495.2,44741.02,52255.05,22703.31,38737.79,17108.34,29870.08,27017.81,22612.86,31823.2,34230.31,22799.33,23973.13,20123.66,18418.32,21324.93,25370.47,16811.44,20066.11,21858.82,26998.94,18719.69,28548.81,43501.27
12397.37,16613.15,19331.57,23943.75,31058.48,35032.12,71829.2,14572.65,16715.16,7310.28,30211.17,34636.55,31587.7,29591.76,22232.23,9848.14,10868.1,30556.55,30027.32,27180.63,34420.12,29807.2,15387.18,10581.2,1e+09,4660.04,21886.08,38370.09,20580.51,11196.55,27955.98,56337.96,63851.99,31815.81,50670.32,28568.49,40036.94,37773.43,32436.2,43236.22,45827.25,32751.18,35051.47,29064.24,29574.62,30892.15,36399.86,26740.98,30354.1,31837.21,37131.98,30173.28,39429.35,56176.27
13877.88,15046.65,20363.53,24422.51,30659.19,30259.46,68351.76,12974.94,14621.81,7787.26,29474.29,33566.51,30219.55,28598.52,21595.17,10914.47,11766.45,27992.63,30203.96,27167.61,31751.1,29151.81,13040.82,10650.62,4660.04,1e+09,19712.96,36372.19,20158,10081.53,27264.76,52860.52,60374.55,32235.49,47192.88,26874.8,38133.98,35209.51,30912.86,40368.53,42349.81,31119.09,32164.83,28495.86,29882.18,30796.53,33562.17,26899.43,28402.21,30230.15,35798.56,27669.84,36865.43,51923.08
25076.07,48234.43,52404.38,57976.22,61981.04,6627.78,48852.64,6581.21,5019.67,18321.63,9667.41,10738.13,8783.75,9085.66,7942.1,12054.56,11251.39,11276.69,10238.96,7223.54,11630.99,10204.84,8381.62,10359,21886.08,19712.96,1e+09,15426.34,3785.99,7027.98,7712.09,29802.02,39971.44,10199.32,21553.1,7210.08,15661.27,15825.06,12182.35,17304.5,22184.41,12148.3,13527.99,9942.53,8251.56,8610.25,14999.32,7228.37,9733.68,11450.66,13439.13,5921.11,16411.33,28573.36
38338.42,63784.79,69742.86,69582.78,81445.92,9160.19,30718.77,17755.13,20961.38,31781.85,6617.99,5341.19,6506.25,3995.02,10853.21,27473.69,30018.33,11227.4,6687.13,6767.63,4331.12,6903.38,23042.58,28075.73,38370.09,36372.19,15426.34,1e+09,17219.41,21582.73,8308.41,9953.54,15546.38,5083.49,4916.39,10749,4038.38,3552.35,3685.17,4517.68,4757.34,2865.37,4347.83,3788.47,6669.99,5044.3,5335.92,6847.06,3542.84,4806.01,2526.15,9745.76,3569.66,8065.95
23515.29,45871.83,49445.74,56315.1,58632.82,10231.05,52791.53,7314.91,6260.98,20315.64,11114.6,12362.56,8976.99,10617.5,6009.75,10260.62,9375.68,15032.43,9771.98,8918.01,15902.06,8537.92,6367.23,12314.98,20580.51,20158,3785.99,17219.41,1e+09,7348.07,8244.93,34192.65,44271.6,11301.57,25373.27,7499.1,16948.7,18201.26,13915.3,19070.47,26745.63,14588.72,17615.8,10687.57,10519.88,10929.44,18971.38,8474.34,11782.77,13260.45,15805.93,8448.83,19423,33412.12
19774.74,33450.05,37932.21,43252.84,48129.85,11926.37,49223.06,4197.81,4241.81,9072.89,16046.7,19070.95,14337.28,15773.95,11115.47,7394.21,8819.73,12127.65,16578.78,14814.33,14294.19,16083.9,6929.71,7085.54,11196.55,10081.53,7027.98,21582.73,7348.07,1e+09,12623.1,32900.33,40403,16737.23,29308.61,11795.33,22211.61,20209.64,17221.15,24050.87,23233.93,17138.41,16010.59,16389.76,14754.4,15290.82,16860.93,13694.05,15652.44,16080.24,21129.92,10408.04,20574.89,32216.46
27085.76,48563,53381.3,56667.25,64407.84,6537.98,38842.81,10457.79,13245.81,21146.75,2626.11,6039.45,4096.85,4784.64,8100.21,14197.56,15938.79,12055.05,4755.26,4280.8,7707.19,4781.95,10293.48,17495.2,27955.98,27264.76,7712.09,8308.41,8244.93,12623.1,1e+09,18508.57,25544.57,5066.1,13139.81,2262.3,6118.82,7024.97,5265.17,6490.38,12497.77,7238.01,9317.36,5492.3,4148.49,3733.55,10624.54,3007.69,5524.29,4374.85,6826.11,4327.38,8097.88,16628.19
55923.31,81787.34,87745.41,87585.33,99448.47,17755.82,9487.33,30657.32,35202.74,48955.46,18063.94,16817.31,20214.55,17184.77,20353.16,43406.34,45467.52,11171.95,20733.02,21373.04,11177.84,19197.97,38737.7,44741.02,56337.96,52860.52,29802.02,9953.54,34192.65,32900.33,18508.57,1e+09,3526.14,19817.52,5041.72,23459.41,11253.27,11739.79,13397.28,10432.69,5762.26,12535.73,11026.22,16348.47,20816.04,17651.47,9942.01,22080.15,14588.56,14522.82,12024.86,23276.68,8926.64,3894.69
63584.08,89301.37,95259.44,95099.36,106962.5,25171.59,4738.09,38161.22,42641.22,56469.49,25328.51,23066.46,27952.21,25163.41,25955.03,50654.02,53251.61,14121.99,27553.93,30098.5,18864.12,25096,46368.3,52255.05,63851.99,60374.55,39971.44,15546.38,44271.6,40403,25544.57,3526.14,1e+09,26948.24,6878.47,30395.84,14472.52,15967.2,20046.6,14532.97,8107.63,20156.04,16235.29,24612.36,28668,25462.15,13488.46,30406.8,21885.82,22808.51,18456.92,31983.28,14087.18,4621.06
29993.5,53425.37,58862.64,60913.32,70211.3,6532.24,42107.29,14223.77,18480.39,26305.43,3318.16,4400.69,3099.16,3281.59,8372.58,16053.74,18474.94,14598.1,2800.57,3632.25,8526.49,4007.12,12377,22703.31,31815.81,32235.49,10199.32,5083.49,11301.57,16737.23,5066.1,19817.52,26948.24,1e+09,12556.25,4346.99,6208.36,6730.22,4206.02,5950.83,14707.85,5630.23,10468.71,3988.42,3466.87,2779.12,11753.84,3320.68,4273.42,4085.58,3603.61,4817.9,7295.73,16916.58
48968.51,76119.7,82077.77,81917.69,93780.83,12527.15,18237.01,25955.67,29645.81,43287.82,11090.41,11756.63,12744.84,8940.91,18208.49,36755.3,37950.42,11802.2,12957.85,13465.49,8333.33,13182.22,31188.07,38737.79,50670.32,47192.88,21553.1,4916.39,25373.27,29308.61,13139.81,5041.72,6878.47,12556.25,1e+09,17100.23,6533.48,6485.43,8365.89,5562.56,4330.96,6594.82,8670.79,8740.31,12746.94,9806.94,8865.34,14402.62,7848.96,8455.84,5856.81,15101.2,5520.58,3844.57
24672.86,46968.99,51662.02,56412.02,61957.56,6987.45,42370.9,10233.83,13224.09,20666.26,3510.38,6026.62,3990.83,6561.63,8865.88,11977.89,13827.39,14694.7,3997.45,4053.94,11388.18,4144.9,7599.36,17108.34,28568.49,26874.8,7210.08,10749,7499.1,11795.33,2262.3,23459.41,30395.84,4346.99,17100.23,1e+09,7414.2,9353.68,7308.95,7955.31,17537.14,10487.01,12129.13,7219.91,4211.73,4122.44,15141.55,2833.02,7635.68,5516.8,8104.29,3444.57,10348.68,21445.66
38864.3,64133.82,69793.87,70512.47,81142.53,9059.2,25296.1,20154.77,22499.63,33576.2,6782.1,5873.36,6992.46,7053.68,12116.2,24113.87,25961.09,13620.07,7584.35,9390.73,9081.07,7359.39,19552.86,29870.08,40036.94,38133.98,15661.27,4038.38,16948.7,22211.61,6118.82,11253.27,14472.52,6208.36,6533.48,7414.2,1e+09,3932.32,5597.17,4972.86,8717.47,6547.41,8187.3,7327.31,8760.68,6723.16,10076.18,8890.6,5776.2,6658.9,4316.6,9287.68,5246.52,10124.18
37579.58,62445.97,68404.04,68258.42,80107.1,9043.82,26527.8,17933.59,19878.32,30978.09,5594.54,6298.67,7330.85,5479.11,10557.31,26721.32,29503.16,10952.35,5967.95,7598.8,7122.62,6155,22476.52,27017.81,37773.43,35209.51,15825.06,3552.35,18201.26,20209.64,7024.97,11739.79,15967.2,6730.22,6485.43,9353.68,3932.32,1e+09,3916.57,4674.04,7290.42,5928.52,6916.76,5094.67,7714.63,6237.67,8120.88,8349.64,4589.94,5665.22,3673.14,10636.12,4063.33,10756.71
33145.67,56688.6,62646.67,62694.83,74349.73,6950.88,33254.02,13643.31,16182.77,26191.9,3926.12,4814.25,4886,3233.93,8109.35,22868.55,25351.99,10654.97,4230.2,4331.28,4679.71,4623.06,18734.47,22612.86,32436.2,30912.86,12182.35,3685.17,13915.3,17221.15,5265.17,13397.28,20046.6,4206.02,8365.89,7308.95,5597.17,3916.57,1e+09,5738.73,7883.97,3468.72,4702.58,2730.11,4758.94,3472.17,6721.03,5070.94,2766.62,3095.09,3077.68,6848.47,4062.28,11665.17
39924.28,66184,71884.69,73481.91,83587.75,8019.11,27955.02,21991.37,23674.06,36040.57,5643.96,5565.44,6528.35,7480.34,10938.88,24827.97,26935.3,14115.77,5651.3,9318.03,9899.94,6269.64,20024.98,31823.2,43236.22,40368.53,17304.5,4517.68,19070.47,24050.87,6490.38,10432.69,14532.97,5950.83,5562.56,7955.31,4972.86,4674.04,5738.73,1e+09,8750.06,8310.82,8680.08,7997.62,7822.37,7896.35,11443.55,9529.52,5602.49,6615.57,3752.48,10637.84,4828.38,9652.99
47789.21,71276.63,77234.7,77074.62,88937.76,11586.24,23010.8,20685.54,25360.33,38444.75,11155.35,13120.76,14448.07,11156.1,14665.04,36014.33,37803.3,7325.59,15312.5,14461.51,5326.67,14198.38,31732.38,34230.31,45827.25,42349.81,22184.41,4757.34,26745.63,23233.93,12497.77,5762.26,8107.63,14707.85,4330.96,17537.14,8717.47,7290.42,7883.97,8750.06,1e+09,5744.73,3669.16,10116.38,14232.78,11150.77,3268.2,15363.89,8632.07,9001.75,7558,15960.68,3212,4532.92
35705.99,58200.56,64158.63,63998.55,75861.69,7083.16,34737.77,11769.2,16460.11,26356.16,5218.45,7267.46,6027.79,3251.82,10626.63,25548.21,27565.5,8260.42,7225.81,4619.16,1844.58,8067.6,21394.59,22799.33,32751.18,31119.09,12148.3,2865.37,14588.72,17138.41,7238.01,12535.73,20156.04,5630.23,6594.82,10487.01,6547.41,5928.52,3468.72,8310.82,5744.73,1e+09,2247.78,2509.64,5175.35,3228.36,3032.35,5116.36,2570.22,2714.33,3338.12,7033.23,4746.94,10152.81
38859.01,60500.85,66458.92,66298.84,78161.98,8053.63,26811.09,12426.59,16854.8,27933.41,7055.69,8771.91,9404.5,5651.33,10514.18,29476,30333.55,6018.19,10312.2,7367.31,2054.35,9604.4,24647.16,23973.13,35051.47,32164.83,13527.99,4347.83,17615.8,16010.59,9317.36,11026.22,16235.29,10468.71,8670.79,12129.13,8187.3,6916.76,4702.58,8680.08,3669.16,2247.78,1e+09,4678.04,7674.37,5337.13,1572.09,8668.33,4949.19,4367.07,6646.03,8822.98,3140.75,10124.43
31219.15,53934.53,59892.6,59732.52,71595.66,8141.78,38224.16,10932.53,14520.64,23448.54,3005.35,6103.91,4019.4,1629.49,9161.73,22267.78,23767.23,10065.71,4212.76,2328.4,4267.99,5033.04,17570.58,20123.66,29064.24,28495.86,9942.53,3788.47,10687.57,16389.76,5492.3,16348.47,24612.36,3988.42,8740.31,7219.91,7327.31,5094.67,2730.11,7997.62,10116.38,2509.64,4678.04,1e+09,2592.15,1878.79,6081.5,2979.06,1648.26,2694.4,3398.03,5485.28,4871.77,13857.47
28641.92,50044.03,55797.66,57969.99,67500.72,5912.47,44086.78,11408.91,16147.6,21893.36,2606.91,6903.38,2798.25,2073.61,8123.39,16500.09,18667.21,10754.12,2380.34,1451.36,5602.19,3813.9,12440.34,18418.32,29574.62,29882.18,8251.56,6669.99,10519.88,14754.4,4148.49,20816.04,28668,3466.87,12746.94,4211.73,8760.68,7714.63,4758.94,7822.37,14232.78,5175.35,7674.37,2592.15,1e+09,2570.94,9060.53,2181.12,3206.43,4360.74,3635.33,4291.92,8416.59,17904.73
31219.62,53733.37,59393.42,60190.98,70801.28,5801.34,41158.14,11861.95,16613.15,24927.05,2742.01,5744.1,3075.46,1785.14,9533.36,17720.32,19378.5,9567.09,3809.47,2878.11,3944.7,5677.25,13614.75,21324.93,30892.15,30796.53,8610.25,5044.3,10929.44,15290.82,3733.55,17651.47,25462.15,2779.12,9806.94,4122.44,6723.16,6237.67,3472.17,7896.35,11150.77,3228.36,5337.13,1878.79,2570.94,1e+09,6783.51,3040.79,2441.57,2980.67,3441.77,3674.37,6159.45,14740.16
40907.44,61849.24,67807.31,67647.23,79510.37,7873.36,24156.76,13664.82,18286.84,29330.75,8362.87,12316.03,10596.86,7250.56,11996.96,30592.54,31681.94,4906.8,13344.88,8625.32,2787.92,12104.21,26332.76,25370.47,36399.86,33562.17,14999.32,5335.92,18971.38,16860.93,10624.54,9942.01,13488.46,11753.84,8865.34,15141.55,10076.18,8120.88,6721.03,11443.55,3268.2,3032.35,1572.09,6081.5,9060.53,6783.51,1e+09,9823.32,7149.43,6064.75,7769.02,10111.92,4256,9257.5
26826.3,47974.94,53510.61,55764.71,65099.49,6910.74,43037.21,9854.68,13501.81,20194.09,3310.6,6499.79,2365.49,3059.06,9267.05,15187.91,17271.06,11685.46,3942.62,1747.31,7422.16,4379.25,11063.66,16811.44,26740.98,26899.43,7228.37,6847.06,8474.34,13694.05,3007.69,22080.15,30406.8,3320.68,14402.62,2833.02,8890.6,8349.64,5070.94,9529.52,15363.89,5116.36,8668.33,2979.06,2181.12,3040.79,9823.32,1e+09,3970.54,5073.63,5725.3,3952.59,8687.08,19951.57
32509.6,55712.54,61670.61,61510.53,73373.67,8377.9,35129.5,12134.72,13964.18,23538.75,3728.26,4636.83,4562.99,1728.34,9196.22,24024.49,25545.24,11514.6,4645.04,2975.47,4812.07,5122.52,19104.81,20066.11,30354.1,28402.21,9733.68,3542.84,11782.77,15652.44,5524.29,14588.56,21885.82,4273.42,7848.96,7635.68,5776.2,4589.94,2766.62,5602.49,8632.07,2570.22,4949.19,1648.26,3206.43,2441.57,7149.43,3970.54,1e+09,2700.11,3194.19,6258.8,4673.78,12239.01
32852.68,55973.78,61697.09,62352.43,73400.15,5078.84,35751.8,12331.4,15578.4,25509.65,2653.49,5862.4,3556.61,3032.05,8821.84,20612.07,23418.53,10161.06,4984.22,4363.46,3747.27,5264.76,16877.31,21858.82,31837.21,30230.15,11450.66,4806.01,13260.45,16080.24,4374.85,14522.82,22808.51,4085.58,8455.84,5516.8,6658.9,5665.22,3095.09,6615.57,9001.75,2714.33,4367.07,2694.4,4360.74,2980.67,6064.75,5073.63,2700.11,1e+09,4169.45,4397.12,5798.09,13100.7
35238.09,60684.82,66642.89,67102.91,78345.95,6110.76,33381.9,16617.47,20389.48,30867.12,3951.35,5368.58,3908,3075.85,9569.41,22858.12,25322.39,12210.72,4157.09,4722.83,5230.57,5899.76,18440.01,26998.94,37131.98,35798.56,13439.13,2526.15,15805.93,21129.92,6826.11,12024.86,18456.92,3603.61,5856.81,8104.29,4316.6,3673.14,3077.68,3752.48,7558,3338.12,6646.03,3398.03,3635.33,3441.77,7769.02,5725.3,3194.19,4169.45,1e+09,7101.87,3574.49,9288.83
26626.82,49902.37,54219.07,59093.22,64639.01,4188,44672.02,9360.61,12579.89,22472.04,5029.34,6344.02,3897.72,5775.35,8912.82,12789.57,14010.77,10957.02,4698.79,4222.45,6773,4592.75,8682.01,18719.69,30173.28,27669.84,5921.11,9745.76,8448.83,10408.04,4327.38,23276.68,31983.28,4817.9,15101.2,3444.57,9287.68,10636.12,6848.47,10637.84,15960.68,7033.23,8822.98,5485.28,4291.92,3674.37,10111.92,3952.59,6258.8,4397.12,7101.87,1e+09,11011.1,20881.05
39774.83,64525.95,70484.02,70323.94,82187.08,8131.7,28423.78,17568.75,20590.56,32634.01,5974.1,6625.18,8055.81,5959.59,10148.34,28231.9,30969.01,8338.28,6552.6,8256.08,4716.21,8256.53,24122.02,28548.81,39429.35,36865.43,16411.33,3569.66,19423,20574.89,8097.88,8926.64,14087.18,7295.73,5520.58,10348.68,5246.52,4063.33,4062.28,4828.38,3212,4746.94,3140.75,4871.77,8416.59,6159.45,4256,8687.08,4673.78,5798.09,3574.49,11011.1,1e+09,7342.75
55303.13,81976.51,87934.58,87774.5,99637.64,15697.51,11889.91,29875.43,33617.89,48069.44,15456.6,15555.04,17499.3,14811.79,18148.09,41253.66,42940.94,8483,18259.76,19147.32,10540.98,18141,36411.45,43501.27,56176.27,51923.08,28573.36,8065.95,33412.12,32216.46,16628.19,3894.69,4621.06,16916.58,3844.57,21445.66,10124.18,10756.71,11665.17,9652.99,4532.92,10152.81,10124.43,13857.47,17904.73,14740.16,9257.5,19951.57,12239.01,13100.7,9288.83,20881.05,7342.75,1e+09
