1e+09,29500.95,14508.63,33237.35,56568.31,28060.64,22876.43,24339.05,5508.51,4158.71,4954.1,16964.91,18611.91,3869.67,12460.35,5564.83,8959,10065.39,10739.95,14731.93,9605.6,10647.66,13740.48,4775.06,12187.39,16022.4,12597.79,3540.68,3360.81,5390.78,5774.05,21540.48,39259.11,14289.09,5364.44,12528,5348.16,10721.01,12203.14,14520.77,21488.32,5915.08,7583.35,13646.81,16135.3,15186.36,20152.98,13106.23,4411.78,8861.57,6260.94,17771.31,11225.77,29684.47
29500.95,1e+09,10130.59,3322.39,12939.36,4124.44,63051.91,63081.99,37734.65,28079.89,22611.71,54903.59,57354.85,32025.89,44966.62,29817.25,17962.11,17236.54,48766.27,51057.13,41681.93,47385.98,52400.77,29380.2,16697.3,10185.34,12418.94,31008.01,34141.12,23124.04,26561.12,55236.54,76199.94,51878.35,34704.27,48962.53,35467.34,44482.06,44692.6,51347.49,56924.49,35816.15,41129.53,46448.57,49355.92,48484.74,53993.36,46251.59,27998.93,38344.21,37461.24,51611.69,44573.6,63524.85
14508.63,10130.59,1e+09,10473.81,25706.96,12542.95,46637.53,46647.89,22094.78,14049.78,9615.19,38920.68,40920.75,18402,30827.54,16060.28,7097.46,6807.94,32332.17,36809.87,27796.93,30951.88,36123.7,14690.25,6303.76,3077.35,4143.59,15260.55,20157.08,10680.64,14492.91,41097.46,62080.58,35444.25,20385.44,34882.61,22254.29,30362.7,30553.52,36829.61,42805.13,21880.55,27377.37,32309.49,35216.84,34345.66,39854.28,32112.51,14954.44,24454.47,23514.3,37472.61,30434.52,49385.77
33237.35,3322.39,10473.81,1e+09,10746.56,5420.84,70020.46,69787.13,43544.69,32385.89,27439.24,62059.92,64059.99,37824.65,52312.68,34726.11,19980.12,19732.65,55471.41,58715.54,49027.99,54091.12,59301.01,33398.31,18604.79,10729.1,14398.3,35816.83,40477.76,26803,31801.95,62582.6,83744.37,58583.49,40792.84,56543.47,42034.59,51987.86,52038.66,59044.56,64422.91,42123.65,48504.38,53794.63,56701.98,55830.8,61339.42,53597.65,33136.84,44713.82,44807.3,58957.75,51919.66,70870.91
56568.31,12939.36,25706.96,10746.56,1e+09,12345.51,96920.76,96687.43,69440.64,55836.99,49875.28,88960.22,90960.29,63936.81,80039.86,60711.97,37208.93,39648.77,82371.71,86442.72,76755.17,80991.42,86201.31,56110.19,34148.91,24315.25,30176.26,60991.66,67584.08,49681.16,57081.12,90309.78,111471.55,85483.79,67191.9,84270.65,69256.29,79715.04,79765.84,86771.74,92150.09,69468.17,76231.56,81521.81,84429.16,83557.98,89066.6,81324.83,59355.13,72062.58,72534.48,86684.93,79646.84,98598.09
28060.64,4124.44,12542.95,5420.84,12345.51,1e+09,59490.61,58952.72,33838.05,25316.56,21094.78,50759.99,53530.14,31063.94,40351.68,27371.84,18605.53,17352.06,44946.76,46726.86,38309.59,43913.15,48225.28,26250.17,16355.46,11361.36,14374.54,27289.65,31032.12,22302.13,23486.92,50593.92,71755.69,48406.86,31443.68,44593.77,32890.42,39999.18,40049.98,47055.88,52434.23,31033.55,37900.68,41805.95,44713.3,43842.12,49350.74,41608.97,23033.3,34048.98,33525.54,46969.07,40311.66,58882.23
22876.43,63051.91,46637.53,70020.46,96920.76,59490.61,1e+09,10165.66,19454.49,23194.88,29535.5,14405.88,14442.67,23573.08,10775.95,26075.41,38900.24,29805.85,15638.39,13442.21,15860.44,17940.97,15154.93,23367.17,36651.72,45259.48,40054.21,23743.34,18699.67,25013.09,20430.24,8814.97,11373.77,14631.43,18364.13,13458.53,18735.31,14985.65,17360.92,14744.3,12107.43,18640.29,15172.18,16589.18,15274.83,14183.06,11296.87,15152.24,20151.43,14047.91,17961.41,10242.75,7844.38,9497.48
24339.05,63081.99,46647.89,69787.13,96687.43,58952.72,10165.66,1e+09,11174.12,21405.9,27905.42,6924.6,4669.18,26553.16,6108.21,23296.42,40165.68,27235,7461.46,5096.53,8350.88,9664.77,7691.31,18434.67,35727.14,45241.39,40057.98,20532.58,17450.86,22876.09,16347.17,5442.9,6558.62,5206.62,12954.07,6108.07,12323.33,10319.66,10219.26,8325.87,3567.87,10192.15,9137.11,7616.21,5251.42,3992.88,3265.29,8188.08,17386.46,8130.95,14035.07,4186.92,7864.43,2990.9
5508.51,37734.65,22094.78,43544.69,69440.64,33838.05,19454.49,11174.12,1e+09,5669.93,8617.25,8978.76,8982.67,7904.4,7003.35,7575.37,17343.98,10938.01,4471.15,7761.67,3131.8,6583.67,7765.13,3968.33,15120.35,21864.93,18080.91,5084.27,4068.05,7291.86,5186.18,10300.45,21150.2,7027.83,2892.54,6776.57,3904.91,5567.87,5112.28,6995.82,9360.77,3115.84,3364.18,6595.25,6375.93,5949.85,7603.55,5713.77,4795.96,5858.46,4862.38,7887.59,7719.19,13894.36
4158.71,28079.89,14049.78,32385.89,55836.99,25316.56,23194.88,21405.9,5669.93,1e+09,4660.01,14007.85,15121.42,6159.59,11228.12,5046.03,8540.91,7045.02,9523.25,12189.99,10197.72,9734.59,12290.02,3457.98,7741.79,13347.68,10695.31,3641.05,3475.56,3739.33,4851.61,18842.97,35702.41,14742.9,5551.22,12006.31,6061.6,9072.85,8751.5,11338.1,18785.71,5605.56,7666.87,9956.8,12171.13,12850.71,16963.13,9886.41,3671.84,9527.07,5700.77,13568.84,11019.16,25990.39
4954.1,22611.71,9615.19,27439.24,49875.28,21094.78,29535.5,27905.42,8617.25,4660.01,1e+09,20070.43,21620.94,6599.88,15459.92,5400.93,5457.51,6986.82,14172.91,17842.41,12974.79,12850.2,17058.32,6179.74,7762.18,11808.94,8350.98,3810.93,6774.12,3893.63,5430.65,24130.61,42886.43,17701.85,8022.41,16797.77,8747.03,12935.77,13079.73,17706.85,24979.58,8278.03,11871.96,14819.66,17751.98,17360.44,22794.66,14438.21,4659.69,12359.57,8082.3,19761.21,14883.56,31929.09
16964.91,54903.59,38920.68,62059.92,88960.22,50759.99,14405.88,6924.6,8978.76,14007.85,20070.43,1e+09,2798.16,15656.9,8424.16,14506.75,32073.02,20691.62,3900.08,3807.63,7215.81,3880.1,3386.1,15592.83,28710.69,37514.18,32398.15,12059.82,9568.08,15864.89,11873.16,11994.46,13376.66,5807.87,10199.17,3780.18,9304.41,5190.86,4264.91,3031.29,5806.81,6384.95,7137.89,3919.15,3694.64,5316.17,7892.43,2811.95,9559.15,11217.28,5777.54,3769.73,8639.51,11101.79
18611.91,57354.85,40920.75,64059.99,90960.29,53530.14,14442.67,4669.18,8982.67,15121.42,21620.94,2798.16,1e+09,20416.39,8675.48,16035.96,34423.75,21663.98,3870.27,3904.13,7608.34,5527.2,4426.9,16086.97,30000,39514.25,34330.84,13658.27,10670.22,16873.63,12880.17,8691.11,10794.03,6522.49,11235.05,3537.41,10925.74,6418.18,5923.99,3855.24,5748.3,7078.11,7580.36,5318.19,4047.08,5018.62,7014.22,4061.4,11040.13,11027.46,6987.45,4544.16,9018.68,8598.18
3869.67,32025.89,18402,37824.65,63936.81,31063.94,23573.08,26553.16,7904.4,6159.59,6599.88,15656.9,20416.39,1e+09,13365.4,3632.56,12634.74,12256.47,12237.44,16601.08,11223.96,10828.86,14498.59,8508.87,16612.33,18997.67,15508.82,4139.46,4667.02,10200.96,10059.7,24187.13,38588.92,15434.71,6790.66,12950.57,7177.15,11208.34,12917.1,16734.88,23702.43,8848.94,10154.3,14550.52,16872.08,17435.33,22943.95,14866.27,8253.73,11760.52,7544.96,19168.4,12838.08,32475.44
12460.35,44966.62,30827.54,52312.68,80039.86,40351.68,10775.95,6108.21,7003.35,11228.12,15459.92,8424.16,8675.48,13365.4,1e+09,15369.68,25752.25,14376.06,6109.13,5662.31,4283.89,8175.4,6941.33,10602.86,21761.74,28582.27,24561.58,12665.31,7809.85,11713.2,7643.56,6492.13,17750.44,6156.54,5668.08,4950.9,6143.38,5321.49,6630.79,6329.65,3870.48,6127.53,3897.08,8484.34,6729.38,3406.07,4135.21,6874.39,7560.18,4476.76,7755.06,4174.35,4383.16,7201.5
5564.83,29817.25,16060.28,34726.11,60711.97,27371.84,26075.41,23296.42,7575.37,5046.03,5400.93,14506.75,16035.96,3632.56,15369.68,1e+09,11597.4,11072.79,10859.4,13026.36,10955.01,8930.36,12038.93,8384.54,13731.37,16977.16,13695.22,2702.21,4607.72,9213.98,8972.28,21831.75,36082.2,14231.47,8176.72,13320.69,6132.9,9000.7,8253.42,12337.27,21106.84,6885.59,10148.24,9451.4,12467.59,14230.82,19703.45,10650.77,5688.11,11922.29,4557.94,15634.84,14137.96,28128.5
8959,17962.11,7097.46,19980.12,37208.93,18605.53,38900.24,40165.68,17343.98,8540.91,5457.51,32073.02,34423.75,12634.74,25752.25,11597.4,1e+09,7337.95,25849.96,30327.66,22462.81,24469.67,29318.05,10005.58,5604.43,7304.96,5187.94,10649.91,14211.77,7653.96,11121.35,36085.01,55790.65,28962.04,14979.37,28776.82,16905.69,24820.86,25541.07,30347.4,37280.1,17458.85,21530.95,27283.1,30068.04,29333.21,34841.83,27100.06,11745.61,19827.91,18309.71,32321.31,25337.94,44373.32
10065.39,17236.54,6807.94,19732.65,39648.77,17352.06,29805.85,27235,10938.01,7045.02,6986.82,20691.62,21663.98,12256.47,14376.06,11072.79,7337.95,1e+09,15663.34,18082.94,13181.14,17081.61,19765.66,8311.25,3873.37,6874.18,4517.81,9955.29,9652.18,5322.75,6885.29,22783.02,40991.54,20396.64,10357.56,17277.15,11065.39,14718.12,14172.79,17519.92,22762.08,8425.63,12529.92,16133.82,17282.41,16324.43,20867.79,15125.99,6458.2,11795.45,10606.64,17978.6,14272.01,29528.4
10739.95,48766.27,32332.17,55471.41,82371.71,44946.76,15638.39,7461.46,4471.15,9523.25,14172.91,3900.08,3870.27,12237.44,6109.13,10859.4,25849.96,15663.34,1e+09,3487.48,3628.52,3463.01,3383.19,10807.07,22635.37,31032.79,26146.72,8970.11,6171.67,11471.83,9364.68,9623.02,17357.91,5516.38,5841.87,2376.95,6681.74,3045.24,3071.01,2614.54,5519.39,3979.94,4395.35,4098.57,3333.53,3964.37,5884.97,2575.59,7117.23,8353.36,4756.56,3945.05,6866.95,11039.98
14731.93,51057.13,36809.87,58715.54,86442.72,46726.86,13442.21,5096.53,7761.67,12189.99,17842.41,3807.63,3904.13,16601.08,5662.31,13026.36,30327.66,18082.94,3487.48,1e+09,6066.71,4784.73,3398.36,13139.6,26248,34660.93,29775.66,11460.64,8834.51,14504.53,10142.65,7557.85,15932.64,5749.18,8791.71,3756.28,9145.99,3930.34,3826.22,2687.71,4396.7,5775.27,5364.7,3758.72,3430.51,3904.26,4974.65,3645.76,8621.52,7404.4,5463.69,3668.68,7921.37,8592.03
9605.6,41681.93,27796.93,49027.99,76755.17,38309.59,15860.44,8350.88,3131.8,10197.72,12974.79,7215.81,7608.34,11223.96,4283.89,10955.01,22462.81,13181.14,3628.52,6066.71,1e+09,5334.38,5601.97,7817.75,19982.94,25994.32,21756.85,8627.66,6327.75,11138.7,6654.38,8156.05,17437.07,5457.71,3107.92,5781.28,4440.53,4723.73,5117.28,6213.51,6023.54,4090.49,3050.61,6559.4,5742.43,3672.27,5082.33,4869.7,6648.24,4390.25,5995.58,6982.4,7928.26,9998.83
10647.66,47385.98,30951.88,54091.12,80991.42,43913.15,17940.97,9664.77,6583.67,9734.59,12850.2,3880.1,5527.2,10828.86,8175.4,8930.36,24469.67,17081.61,3463.01,4784.73,5334.38,1e+09,3592.39,12499.21,22661.4,29864.06,25257.13,8413.35,6365.89,12292.26,10749.17,13648.36,18198.06,4480.79,7156.52,4459.13,5265.23,4378.17,3606.66,3636.92,7601.15,5539.09,6697.87,3791.97,5168.49,5696.1,9298.86,3658.6,8299.66,10819.31,4878.8,5987.05,8810.94,13641.59
13740.48,52400.77,36123.7,59301.01,86201.31,48225.28,15154.93,7691.31,7765.13,12290.02,17058.32,3386.1,4426.9,14498.59,6941.33,12038.93,29318.05,19765.66,3383.19,3398.36,5601.97,3592.39,1e+09,14166.75,26203.41,34755.27,29571.86,10569.07,7996.1,14918.71,10602.02,10417.92,15167.97,4905.18,8691.86,4132.72,7856.95,2716.37,3870.25,3271.37,5882.9,6395.82,6237.64,3778.78,4458.66,4864.28,6936.8,2655.73,8670.38,9794.2,5270.6,4948.72,8487.02,11009.69
4775.06,29380.2,14690.25,33398.31,56110.19,26250.17,23367.17,18434.67,3968.33,3457.98,6179.74,15592.83,16086.97,8508.87,10602.86,8384.54,10005.58,8311.25,10807.07,13139.6,7817.75,12499.21,14166.75,1e+09,9403.17,14887.94,12438.36,5282.99,5771.31,5164.46,3406.63,16253.63,33103.65,13388.17,3487.63,13215.71,6070.52,11019.91,10537.64,12716.35,15700.34,5519.01,6365.56,12578.47,12998.45,10731.82,14073.62,11217.59,4188.12,6435.48,8481.58,13388.58,11635.86,21749.67
12187.39,16697.3,6303.76,18604.79,34148.91,16355.46,36651.72,35727.14,15120.35,7741.79,7762.18,28710.69,30000,16612.33,21761.74,13731.37,5604.43,3873.37,22635.37,26248,19982.94,22661.4,26203.41,9403.17,1e+09,7344.37,3937.85,11797.5,13086.31,5131.54,9377.25,30512.1,51443.99,26643.51,14304.36,25244.33,15806,21456.89,21292.6,25926.32,32149.17,13316.78,18883.18,22821.01,25106.92,23901.21,29065.68,22195.69,8082.5,16477.29,15956.02,26684.01,21647.2,38597.17
16022.4,10185.34,3077.35,10729.1,24315.25,11361.36,45259.48,45241.39,21864.93,13347.68,11808.94,37514.18,39514.25,18997.67,28582.27,16977.16,7304.96,6874.18,31032.79,34660.93,25994.32,29864.06,34755.27,14887.94,7344.37,1e+09,5667.03,16569.3,19566.38,11447.09,14085.17,38841.11,59917.72,34374.37,19349.49,32824.36,21214.57,28238.47,28297.17,34912.63,40681.42,20776.76,25528.19,30053.14,32960.49,32089.31,37597.93,29856.16,14937.1,23273.72,21480.11,35216.26,28525.65,47129.42
12597.79,12418.94,4143.59,14398.3,30176.26,14374.54,40054.21,40057.98,18080.91,10695.31,8350.98,32398.15,34330.84,15508.82,24561.58,13695.22,5187.94,4517.81,26146.72,29775.66,21756.85,25257.13,29571.86,12438.36,3937.85,5667.03,1e+09,12484.81,15256.23,8207.62,10419.06,34144.84,55146.43,29258.8,16338.2,28436.93,17113.07,23664.81,23811.48,29988.7,35963,16076.05,21401.26,25356.87,28299.52,27393.04,32901.66,25159.89,10308.82,18868.27,17353.46,30519.99,24166.4,42433.15
3540.68,31008.01,15260.55,35816.83,60991.66,27289.65,23743.34,20532.58,5084.27,3641.05,3810.93,12059.82,13658.27,4139.46,12665.31,2702.21,10649.91,9955.29,8970.11,11460.64,8627.66,8413.35,10569.07,5282.99,11797.5,16569.3,12484.81,1e+09,3691.29,6041.38,5234.06,19388.02,33635.14,12426.79,5638.56,11433.25,4982.08,7415.51,7185.8,10320.95,18373.47,4769.11,7886.68,8751.41,10988.67,11373.07,17130.05,8041.63,3739.17,9907.31,3928.98,12948.23,11680.57,25199.26
3360.81,34141.12,20157.08,40477.76,67584.08,31032.12,18699.67,17450.86,4068.05,3475.56,6774.12,9568.08,10670.22,4667.02,7809.85,4607.72,14211.77,9652.18,6171.67,8834.51,6327.75,6365.89,7996.1,5771.31,13086.31,19566.38,15256.23,3691.29,1e+09,6660.74,5663.18,15829.08,30823.67,10748.38,4479.68,8104.18,3712.09,5781.69,6110.76,7789.14,14830.67,3328.3,5068.75,7325.68,9096.18,8703.59,13934.91,6446.9,3002.18,7786.38,2717.58,9564.71,7634.01,22372.25
5390.78,23124.04,10680.64,26803,49681.16,22302.13,25013.09,22876.09,7291.86,3739.33,3893.63,15864.89,16873.63,10200.96,11713.2,9213.98,7653.96,5322.75,11471.83,14504.53,11138.7,12292.26,14918.71,5164.46,5131.54,11447.09,8207.62,6041.38,6660.74,1e+09,3445.84,19543.48,36821.24,17002.25,7099.03,13199.75,8936.9,11280.37,10727.83,13591.18,19260.85,6624.85,9259.91,12375.79,13685.42,13971.49,17639.78,11512.36,3754.17,10309.57,7525.97,14098.64,11233.6,26600.32
5774.05,26561.12,14492.91,31801.95,57081.12,23486.92,20430.24,16347.17,5186.18,4851.61,5430.65,11873.16,12880.17,10059.7,7643.56,8972.28,11121.35,6885.29,9364.68,10142.65,6654.38,10749.17,10602.02,3406.63,9377.25,14085.17,10419.06,5234.06,5663.18,3445.84,1e+09,14125.65,29477.07,13106.28,4853.48,8538.09,7018.94,7249.56,7057.92,9506.97,12272.19,5645.25,5168.51,9152.28,9811.71,8690.31,11415.49,7815.77,2668.86,5689.04,5282.24,9137.89,8086.26,18985.05
21540.48,55236.54,41097.46,62582.6,90309.78,50593.92,8814.97,5442.9,10300.45,18842.97,24130.61,11994.46,8691.11,24187.13,6492.13,21831.75,36085.01,22783.02,9623.02,7557.85,8156.05,13648.36,10417.92,16253.63,30512.1,38841.11,34144.84,19388.02,15829.08,19543.48,14125.65,1e+09,7969.32,7651.67,11843.66,7963.56,12380.68,10310.26,11519.65,11304.79,6462.72,11119.59,9547.6,10553.55,8216.36,6515.6,4154.83,10383.69,15216.17,6368.4,14246.57,6765.6,7189.28,5727.24
39259.11,76199.94,62080.58,83744.37,111471.55,71755.69,11373.77,6558.62,21150.2,35702.41,42886.43,13376.66,10794.03,38588.92,17750.44,36082.2,55790.65,40991.54,17357.91,15932.64,17437.07,18198.06,15167.97,33103.65,51443.99,59917.72,55146.43,33635.14,30823.67,36821.24,29477.07,7969.32,1e+09,10247.99,25681.39,17645.54,24296.95,22417.12,21023.93,16635.34,10539.63,19386.67,20533.61,16537.31,13928.3,12082.76,8142.11,17915.79,28695.57,15471.03,25468.25,15303.08,17248.93,5877.24
14289.09,51878.35,35444.25,58583.49,85483.79,48406.86,14631.43,5206.62,7027.83,14742.9,17701.85,5807.87,6522.49,15434.71,6156.54,14231.47,28962.04,20396.64,5516.38,5749.18,5457.71,4480.79,4905.18,13388.17,26643.51,34374.37,29258.8,12426.79,10748.38,17002.25,13106.28,7651.67,10247.99,1e+09,8252.93,6391.49,6334.98,7680.67,7448,7143.46,5099.17,6762.25,7167.77,4658.82,5267.47,4540.55,5189.75,5858.03,12608.78,7315.92,9669.7,6718.61,8787.5,6342.16
5364.44,34704.27,20385.44,40792.84,67191.9,31443.68,18364.13,12954.07,2892.54,5551.22,8022.41,10199.17,11235.05,6790.66,5668.08,8176.72,14979.37,10357.56,5841.87,8791.71,3107.92,7156.52,8691.86,3487.63,14304.36,19349.49,16338.2,5638.56,4479.68,7099.03,4853.48,11843.66,25681.39,8252.93,1e+09,9234.2,3521.64,6463.32,6766.71,8674.08,10198.2,3775.55,4055.66,8541.17,8908.8,5995.22,9283.54,7018.08,4813.05,4495.42,6163.96,9659.73,8304.63,15501.21
12528,48962.53,34882.61,56543.47,84270.65,44593.77,13458.53,6108.07,6776.57,12006.31,16797.77,3780.18,3537.41,12950.57,4950.9,13320.69,28776.82,17277.15,2376.95,3756.28,5781.28,4459.13,4132.72,13215.71,25244.33,32824.36,28436.93,11433.25,8104.18,13199.75,8538.09,7963.56,17645.54,6391.49,9234.2,1e+09,8949.58,3557.24,3384.52,2898.98,4391.16,5143.27,4797.17,3881.79,2687.7,4077.22,4817.02,3525,7939.76,8126.33,5158.29,3193.69,6662.94,10215.42
5348.16,35467.34,22254.29,42034.59,69256.29,32890.42,18735.31,12323.33,3904.91,6061.6,8747.03,9304.41,10925.74,7177.15,6143.38,6132.9,16905.69,11065.39,6681.74,9145.99,4440.53,5265.23,7856.95,6070.52,15806,21214.57,17113.07,4982.08,3712.09,8936.9,7018.94,12380.68,24296.95,6334.98,3521.64,8949.58,1e+09,7013.85,6927.46,8597.83,9089.76,3117.49,4250.69,7129.9,8363.59,6365.94,8754.95,6048.57,5584.8,4261.51,5301.88,8748.05,7918.06,14019.38
10721.01,44482.06,30362.7,51987.86,79715.04,39999.18,14985.65,10319.66,5567.87,9072.85,12935.77,5190.86,6418.18,11208.34,5321.49,9000.7,24820.86,14718.12,3045.24,3930.34,4723.73,4378.17,2716.37,11019.91,21456.89,28238.47,23664.81,7415.51,5781.69,11280.37,7249.56,10310.26,22417.12,7680.67,6463.32,3557.24,7013.85,1e+09,1812.08,2609.97,7689.43,5246.74,4251.37,2868.97,4822.09,4775.29,7971.14,3119.45,5422.45,7250.08,3315,4686.43,6921.12,14970.93
12203.14,44692.6,30553.52,52038.66,79765.84,40049.98,17360.92,10219.26,5112.28,8751.5,13079.73,4264.91,5923.99,12917.1,6630.79,8253.42,25541.07,14172.79,3071.01,3826.22,5117.28,3606.66,3870.25,10537.64,21292.6,28297.17,23811.48,7185.8,6110.76,10727.83,7057.92,11519.65,21023.93,7448,6766.71,3384.52,6927.46,1812.08,1e+09,2257.76,7809.77,4962.01,4147.82,2184.12,3779.26,5082.65,8032.02,3037.64,5662.21,7547.41,2533.74,4858.92,7451.43,14439.58
14520.77,51347.49,36829.61,59044.56,86771.74,47055.88,14744.3,8325.87,6995.82,11338.1,17706.85,3031.29,3855.24,16734.88,6329.65,12337.27,30347.4,17519.92,2614.54,2687.71,6213.51,3636.92,3271.37,12716.35,25926.32,34912.63,29988.7,10320.95,7789.14,13591.18,9506.97,11304.79,16635.34,7143.46,8674.08,2898.98,8597.83,2609.97,2257.76,1e+09,5577.45,5134.35,4801.53,3339.3,4116.94,4644.14,8440.9,3348.42,7505.03,8700.14,4343.11,2597.08,6694.12,12934.87
21488.32,56924.49,42805.13,64422.91,92150.09,52434.23,12107.43,3567.87,9360.77,18785.71,24979.58,5806.81,5748.3,23702.43,3870.48,21106.84,37280.1,22762.08,5519.39,4396.7,6023.54,7601.15,5882.9,15700.34,32149.17,40681.42,35963,18373.47,14830.67,19260.85,12272.19,6462.72,10539.63,5099.17,10198.2,4391.16,9089.76,7689.43,7809.77,5577.45,1e+09,7614.48,5688.93,7745.84,5349.82,3559.56,3356.49,6251.82,13448.47,6142.99,11370.04,2088.13,8382.97,3721.5
5915.08,35816.15,21880.55,42123.65,69468.17,31033.55,18640.29,10192.15,3115.84,5605.56,8278.03,6384.95,7078.11,8848.94,6127.53,6885.59,17458.85,8425.63,3979.94,5775.27,4090.49,5539.09,6395.82,5519.01,13316.78,20776.76,16076.05,4769.11,3328.3,6624.85,5645.25,11119.59,19386.67,6762.25,3775.55,5143.27,3117.49,5246.74,4962.01,5134.35,7614.48,1e+09,4358.05,4872.71,4521.98,4076.16,7228.33,3634.32,3237.1,5760.98,3973.33,5496.99,6524.36,12254.53
7583.35,41129.53,27377.37,48504.38,76231.56,37900.68,15172.18,9137.11,3364.18,7666.87,11871.96,7137.89,7580.36,10154.3,3897.08,10148.24,21530.95,12529.92,4395.35,5364.7,3050.61,6697.87,6237.64,6365.56,18883.18,25528.19,21401.26,7886.68,5068.75,9259.91,5168.51,9547.6,20533.61,7167.77,4055.66,4797.17,4250.69,4251.37,4147.82,4801.53,5688.93,4358.05,1e+09,6278.21,5702.25,4667.41,5634.02,4886.2,6705.76,3848.45,4994.28,4903.37,4430.76,11274.77
13646.81,46448.57,32309.49,53794.63,81521.81,41805.95,16589.18,7616.21,6595.25,9956.8,14819.66,3919.15,5318.19,14550.52,8484.34,9451.4,27283.1,16133.82,4098.57,3758.72,6559.4,3791.97,3778.78,12578.47,22821.01,30053.14,25356.87,8751.41,7325.68,12375.79,9152.28,10553.55,16537.31,4658.82,8541.17,3881.79,7129.9,2868.97,2184.12,3339.3,7745.84,4872.71,6278.21,1e+09,2056.23,3845.44,6814.27,2717.35,7381.98,8868.58,3576.05,6040.96,9149.34,10848.84
16135.3,49355.92,35216.84,56701.98,84429.16,44713.3,15274.83,5251.42,6375.93,12171.13,17751.98,3694.64,4047.08,16872.08,6729.38,12467.59,30068.04,17282.41,3333.53,3430.51,5742.43,5168.49,4458.66,12998.45,25106.92,32960.49,28299.52,10988.67,9096.18,13685.42,9811.71,8216.36,13928.3,5267.47,8908.8,2687.7,8363.59,4822.09,3779.26,4116.94,5349.82,4521.98,5702.25,2056.23,1e+09,3092.99,4840.13,2756.27,8477.7,8514.84,5263.11,4811.07,8330.16,8073.19
15186.36,48484.74,34345.66,55830.8,83557.98,43842.12,14183.06,3992.88,5949.85,12850.71,17360.44,5316.17,5018.62,17435.33,3406.07,14230.82,29333.21,16324.43,3964.37,3904.26,3672.27,5696.1,4864.28,10731.82,23901.21,32089.31,27393.04,11373.07,8703.59,13971.49,8690.31,6515.6,12082.76,4540.55,5995.22,4077.22,6365.94,4775.29,5082.65,4644.14,3559.56,4076.16,4667.41,3845.44,3092.99,1e+09,3654.06,4174.49,7764.65,4816.58,6753.75,3898.14,7379.57,5086.21
20152.98,53993.36,39854.28,61339.42,89066.6,49350.74,11296.87,3265.29,7603.55,16963.13,22794.66,7892.43,7014.22,22943.95,4135.21,19703.45,34841.83,20867.79,5884.97,4974.65,5082.33,9298.86,6936.8,14073.62,29065.68,37597.93,32901.66,17130.05,13934.91,17639.78,11415.49,4154.83,8142.11,5189.75,9283.54,4817.02,8754.95,7971.14,8032.02,8440.9,3356.49,7228.33,5634.02,6814.27,4840.13,3654.06,1e+09,6499.58,13157.25,4931.11,11752.01,3629.85,6712.18,3075.03
13106.23,46251.59,32112.51,53597.65,81324.83,41608.97,15152.24,8188.08,5713.77,9886.41,14438.21,2811.95,4061.4,14866.27,6874.39,10650.77,27100.06,15125.99,2575.59,3645.76,4869.7,3658.6,2655.73,11217.59,22195.69,29856.16,25159.89,8041.63,6446.9,11512.36,7815.77,10383.69,17915.79,5858.03,7018.08,3525,6048.57,3119.45,3037.64,3348.42,6251.82,3634.32,4886.2,2717.35,2756.27,4174.49,6499.58,1e+09,5794.47,8268.64,3581.08,4544.44,7410.04,11143.31
4411.78,27998.93,14954.44,33136.84,59355.13,23033.3,20151.43,17386.46,4795.96,3671.84,4659.69,9559.15,11040.13,8253.73,7560.18,5688.11,11745.61,6458.2,7117.23,8621.52,6648.24,8299.66,8670.38,4188.12,8082.5,14937.1,10308.82,3739.17,3002.18,3754.17,2668.86,15216.17,28695.57,12608.78,4813.05,7939.76,5584.8,5422.45,5662.21,7505.03,13448.47,3237.1,6705.76,7381.98,8477.7,7764.65,13157.25,5794.47,1e+09,7704.2,3880.15,8063.18,7858.13,20839.83
8861.57,38344.21,24454.47,44713.82,72062.58,34048.98,14047.91,8130.95,5858.46,9527.07,12359.57,11217.28,11027.46,11760.52,4476.76,11922.29,19827.91,11795.45,8353.36,7404.4,4390.25,10819.31,9794.2,6435.48,16477.29,23273.72,18868.27,9907.31,7786.38,10309.57,5689.04,6368.4,15471.03,7315.92,4495.42,8126.33,4261.51,7250.08,7547.41,8700.14,6142.99,5760.98,3848.45,8868.58,8514.84,4816.58,4931.11,8268.64,7704.2,1e+09,8926.38,5864.19,5867.36,7461.39
6260.94,37461.24,23514.3,44807.3,72534.48,33525.54,17961.41,14035.07,4862.38,5700.77,8082.3,5777.54,6987.45,7544.96,7755.06,4557.94,18309.71,10606.64,4756.56,5463.69,5995.58,4878.8,5270.6,8481.58,15956.02,21480.11,17353.46,3928.98,2717.58,7525.97,5282.24,14246.57,25468.25,9669.7,6163.96,5158.29,5301.88,3315,2533.74,4343.11,11370.04,3973.33,4994.28,3576.05,5263.11,6753.75,11752.01,3581.08,3880.15,8926.38,1e+09,6141.4,7526.04,18894.92
17771.31,51611.69,37472.61,58957.75,86684.93,46969.07,10242.75,4186.92,7887.59,13568.84,19761.21,3769.73,4544.16,19168.4,4174.35,15634.84,32321.31,17978.6,3945.05,3668.68,6982.4,5987.05,4948.72,13388.58,26684.01,35216.26,30519.99,12948.23,9564.71,14098.64,9137.89,6765.6,15303.08,6718.61,9659.73,3193.69,8748.05,4686.43,4858.92,2597.08,2088.13,5496.99,4903.37,6040.96,4811.07,3898.14,3629.85,4544.44,8063.18,5864.19,6141.4,1e+09,4725.72,6967.24
11225.77,44573.6,30434.52,51919.66,79646.84,40311.66,7844.38,7864.43,7719.19,11019.16,14883.56,8639.51,9018.68,12838.08,4383.16,14137.96,25337.94,14272.01,6866.95,7921.37,7928.26,8810.94,8487.02,11635.86,21647.2,28525.65,24166.4,11680.57,7634.01,11233.6,8086.26,7189.28,17248.93,8787.5,8304.63,6662.94,7918.06,6921.12,7451.43,6694.12,8382.97,6524.36,4430.76,9149.34,8330.16,7379.57,6712.18,7410.04,7858.13,5867.36,7526.04,4725.72,1e+09,9834.66
29684.47,63524.85,49385.77,70870.91,98598.09,58882.23,9497.48,2990.9,13894.36,25990.39,31929.09,11101.79,8598.18,32475.44,7201.5,28128.5,44373.32,29528.4,11039.98,8592.03,9998.83,13641.59,11009.69,21749.67,38597.17,47129.42,42433.15,25199.26,22372.25,26600.32,18985.05,5727.24,5877.24,6342.16,15501.21,10215.42,14019.38,14970.93,14439.58,12934.87,3721.5,12254.53,11274.77,10848.84,8073.19,5086.21,3075.03,11143.31,20839.83,7461.39,18894.92,6967.24,9834.66,1e+09
