1e+09,16922.23,18361.09,21087.62,29225.52,9945.43,46134.16,8330.81,8200.19,10151.11,2350.51,4621.78,4841.25,4149.73,12895.08,6461.15,7138.87,18972.75,4210.76,5751.12,14774.41,3357.52,3693.26,9563.8,12016.06,11567.05,5164.08,4830.76,5442.24,8690.1,5049.07,20279.86,27331.28,3350.45,11577.04,3804.67,6941.27,6445.01,6021.19,4254.29,20606.08,9027.86,17395.63,5344.09,4448.25,7068.31,22625.09,4216.88,7634.83,10707.69,4599.11,8737.43,17264.92,21493.11
16922.23,1e+09,3862.45,6051.72,14995.73,20619.28,65560.9,23278.86,21316.48,11569.74,16864.22,23939.9,22023.1,19696.16,30897.01,13128.92,11644.71,37371.68,21422.74,24169.07,33718.68,18998.28,17968.02,19408.15,12986.97,9840.98,15613.13,20916.66,15670.63,21071.86,22564.3,39231.62,48013.46,20431.22,29811.83,20136.84,26738.19,24977.78,22981.71,21330.37,39312.91,27182.03,36235.11,21271.38,20178.22,26322.5,40734.71,21144.88,25353.14,31340.03,21406.68,25583.84,38185.39,42739.63
18361.09,3862.45,1e+09,4473.26,12554.32,23001.34,68285.35,25161.02,21986.67,13500.31,18894.09,25534.78,22530.15,21754.47,30896.92,14840.89,13368.32,40241.47,22676.5,25724.29,36003.71,20221.12,18630.48,20691.72,13911.12,12203.01,18271.01,23225.06,16942.97,21943.45,22531.86,41916.29,50418.75,22158,31990.41,20631.18,27687.56,27426.6,25585.9,22529.72,41828.43,29826.92,38919.78,23982.21,22823.11,28547.78,43285.27,23789.77,28028.65,31381.06,23869.28,26011.44,39193.78,43857.6
21087.62,6051.72,4473.26,1e+09,10746.2,17904.13,58869.72,25146.35,22367.82,14068.02,20379.52,26785.39,23817.94,22493.17,31390.39,17496.04,17431.14,32616.67,24000.56,26343.99,29667.59,23728.02,24271.6,21152.78,13881.53,11974.81,18458.64,23908.18,20704.6,19759,22750.27,32359.33,42984.04,24452.19,28472.39,23104.54,28622.27,27201.55,25121.65,26437.8,32003.55,25375.74,30656.28,22897.16,21927.39,25141.25,33425.35,22221.51,25744.39,30934.77,23984.89,25724.01,36445.97,36676.36
29225.52,14995.73,12554.32,10746.2,1e+09,28865.11,78447.88,40541.89,32993.42,25767.32,31469.9,35472.3,33584.98,32884.24,45546.03,23025.55,24037.88,50365.29,33459.74,38420.62,47464.29,33265.95,32372.66,33689.9,23998.48,22152.9,28172.77,35212.64,29205.56,32416.65,34530.69,51782.41,62095.96,34900.22,43024.68,31662.03,40839.91,39870.77,37220.25,35984.08,51592.23,39461.35,48855.34,33995.36,32457.54,39062.01,53014.03,33424.2,37663.08,45852.83,34777.49,39106.71,53653.68,55349.22
9945.43,20619.28,23001.34,17904.13,28865.11,1e+09,29163.15,9274.76,8305.69,9731.42,9400.93,11050.46,7356.63,8832.71,8973.5,11539.44,10833.54,10336.87,8503.21,10262.44,9622.31,9347.19,8161.47,9181.38,10213.88,8978.71,6826.71,8011.76,9926.38,6432.56,8226.98,9011.71,16478.75,10446.3,9646.94,8570.06,10060.86,12189,9999.66,10352.81,10845.31,8276.86,8752.24,9218.89,8544.15,8981.79,10299.17,11445.31,11133.42,8824.95,10653.56,5753.52,12533.98,12077.75
46134.16,65560.9,68285.35,58869.72,78447.88,29163.15,1e+09,30453.68,38897.88,44174.36,44075.55,41217.59,36218.01,40880.67,20534.11,57759.83,56349.84,13799.42,39794.39,35745.75,26102.9,42093.74,44744.26,40615.9,45884.35,46746.48,40475.47,35500.4,45893.45,36396.5,38939.41,19475.33,10592.5,39327.63,31743.69,42765.78,31745.2,33804.63,36377.84,38823.41,22526.63,32862.99,22292.21,39245.29,39416.04,35258.71,19894.37,40639.12,37376.2,27112.9,39349.2,32614.46,16516.63,14134.01
8330.81,23278.86,25161.02,25146.35,40541.89,9274.76,30453.68,1e+09,5740.55,9142.83,7235.08,7011.76,4470.78,7162.83,8952.44,14370.15,12532.19,9659.9,5476.97,3851.72,5384.39,6509.98,5184.63,7214.62,9552.64,11370.22,7023.64,5011.15,7199.33,6131.56,4482.38,6720.13,11693.97,5151.36,4963.41,5041.84,3579.46,5582.4,5377.62,5754,6605.34,5221.61,6974.03,6096.97,6042.19,4689.13,7363.36,5989.66,5728.25,5201.51,6561.65,4232.94,7354.26,8338.22
8200.19,21316.48,21986.67,22367.82,32993.42,8305.69,38897.88,5740.55,1e+09,6526.34,8943.16,4957.94,4611.61,9100.91,14222.03,11883.11,9737.43,12669.37,4615.69,5631.14,8031.42,8529.06,5077.31,3600.92,7238.07,6398.44,4829.44,7448.77,5161.24,1935.06,3479.84,12810.29,20421.8,6782.94,4551.36,4729.78,5875.34,6038.01,5988.25,7677.11,13035.61,4124.7,10029.33,6508.26,4828.36,4724.62,14794.71,5803.26,3902.1,6657.26,6206.06,4994.66,13119.32,13595.66
10151.11,11569.74,13500.31,14068.02,25767.32,9731.42,44174.36,9142.83,6526.34,1e+09,8395.08,9739.18,8339.87,10396.06,17141.59,14705.31,9583.23,17141.15,7525.66,8484.28,13121.61,9644.21,9800.08,5302.52,4703.67,4551.44,6777.74,9322.06,6750.23,5738.97,7738.07,17621.37,26230.59,9755.04,10914.98,7916.54,11518.57,10708.31,9568.25,9310.67,17308.19,9200.26,15473.9,8338.65,7348.16,9135.08,18729.99,8446.92,8970.95,14149.89,8772.41,10714.49,19564.58,21641.15
2350.51,16864.22,18894.09,20379.52,31469.9,9400.93,44075.55,7235.08,8943.16,8395.08,1e+09,4613.41,5834.61,4210.44,12099.25,7035.59,7746.39,16311.18,4788.06,5311.56,12102.12,3312.19,4621.22,9459.03,10934.57,9762.82,3239.92,3718.31,5242.08,8987.82,6293.12,17885.73,24725.9,2841.81,8311.73,5177.57,6647.66,5544.61,4014.8,4135.25,18064.96,6716.53,14022.22,3466.31,3165.43,6608.92,19346.09,4222.53,6446.96,10580.73,3318.32,9156.02,15948.94,20268.96
4621.78,23939.9,25534.78,26785.39,35472.3,11050.46,41217.59,7011.76,4957.94,9739.18,4613.41,1e+09,3989.04,5996.56,12943.34,10599.44,9710.84,13221.53,3463.23,4310.93,9043.79,3804.24,4217.64,7366.02,9968.12,11537.22,4122.55,5293.36,4640.62,6463.13,4043.56,15946.6,22267.17,4109.41,6497.15,3575.87,5028.73,4745.52,4322.97,4000.6,16365.22,5481.7,13307.19,4729.65,3729.32,4723.11,18583.3,3660.36,4100.86,8390.72,3791.9,7390.42,13137.16,16434.13
4841.25,22023.1,22530.15,23817.94,33584.98,7356.63,36218.01,4470.78,4611.61,8339.87,5834.61,3989.04,1e+09,8303.48,7743.92,10746.43,9833.61,11329.16,2399.33,3696.94,8385.85,4096.22,2896.2,6313.56,9991.92,10405.2,4577.97,6014.09,4955.43,5561.53,3271.19,10693.16,17811.48,3695.35,5707.02,2570.45,4495.58,5396.3,5044.38,3906.52,9627.1,4251.34,8322.23,4930.83,2929.55,3743.98,10405.91,3387.6,4016.61,5910.09,4848.02,3965.81,10614.99,12238.92
4149.73,19696.16,21754.47,22493.17,32884.24,8832.71,40880.67,7162.83,9100.91,10396.06,4210.44,5996.56,8303.48,1e+09,15078.65,9635.02,11052.6,13175.05,6812.6,7313.62,10553.62,2449.09,6658.28,12416.6,11305.13,10502.41,4009.86,2454.37,7059.17,8936.05,8839.7,15739.54,22466.48,5821.44,7561.06,8353.75,6318.65,4617.43,3515.52,4234.4,16347.56,5666.1,11631.21,2668.1,3450.95,7082.97,17371.22,4196.14,4654.19,12410.62,3295.72,13097.32,17675.58,20581.39
12895.08,30897.01,30896.92,31390.39,45546.03,8973.5,20534.11,8952.44,14222.03,17141.59,12099.25,12943.34,7743.92,15078.65,1e+09,20864.69,20221.3,9399.79,10846.8,9734.38,9866.61,10487.09,9324.72,14501.38,19168.19,20097.55,14647.93,13185.51,12670.81,12054.38,11010.06,8466.52,11258.48,7801.42,12220.75,10973.68,9714.11,10486.9,12349.8,9397.69,8128.06,12419.32,8858.93,14002.07,13106.01,11762.18,7625.92,12047.39,13301.75,8422.95,12359.25,7360.72,6639.69,6945.32
6461.15,13128.92,14840.89,17496.04,23025.55,11539.44,57759.83,14370.15,11883.11,14705.31,7035.59,10599.44,10746.43,9635.02,20864.69,1e+09,4203.33,29461.96,11924.66,15442.78,25478.42,8625.05,7079.99,15496.64,13164.76,10888.48,9464.03,12184.31,7729.91,12124.29,11638.88,32057.87,38989.88,9487.81,22707.42,8759.58,13854.71,16397.83,14857.44,10949.91,32598.89,20881.64,28778.68,13641.72,14043.41,18622.13,34225.28,14866.02,19021.25,19397.39,13557.93,14326.14,29027.84,33271.12
7138.87,11644.71,13368.32,17431.14,24037.88,10833.54,56349.84,12532.19,9737.43,9583.23,7746.39,9710.84,9833.61,11052.6,20221.3,4203.33,1e+09,29532.86,9820.96,13331.1,25196.07,8881.56,6751.74,9875.8,9255.99,7617.53,6676.58,13271.1,5845.94,9884.45,10293.2,29207.33,37686.34,8740.68,19743.9,8054.74,13426.3,14950.56,14310.5,11095.39,28844.54,17082.1,26560.73,12605.67,10165.35,15318.67,30664.48,10998.51,15553.99,19368.32,12271.15,13603.55,27802.07,31263.9
18972.75,37371.68,40241.47,32616.67,50365.29,10336.87,13799.42,9659.9,12669.37,17141.15,16311.18,13221.53,11329.16,13175.05,9399.79,29461.96,29532.86,1e+09,13889.73,11002.88,4736.35,13130.95,20093.72,16611.53,19658.91,20971.22,13753.95,8752.83,18223.8,11165.06,14085.44,4798.57,7098.23,16109.64,9024.47,16841.13,9636.84,6767.64,9645.52,12024.74,5509.97,7077.32,4137.65,12187.55,12679.92,11148.33,4399.29,12631.3,8943.47,9245.77,10717.14,10912.29,8269.63,4834.99
4210.76,21422.74,22676.5,24000.56,33459.74,8503.21,39794.39,5476.97,4615.69,7525.66,4788.06,3463.23,2399.33,6812.6,10846.8,11924.66,9820.96,13889.73,1e+09,2762.84,9266.8,2976.11,3162.55,5598.9,10301.55,10844.8,3727.07,5417.41,4382.54,4862.89,2618.06,12920.24,20266.06,3972.47,4903.09,1870.18,4548.81,4175.13,3239.18,2327.22,12578.77,3507.58,9985.17,3999.9,1572.21,2413.14,14398.71,3008.04,2909.63,6672.64,2734.03,5476.36,13831.94,15077.27
5751.12,24169.07,25724.29,26343.99,38420.62,10262.44,35745.75,3851.72,5631.14,8484.28,5311.56,4310.93,3696.94,7313.62,9734.38,15442.78,13331.1,11002.88,2762.84,1e+09,5892.41,3605.37,5008.04,6298.2,10862.53,12891.77,5630.82,4944.63,5485.63,5859.66,3604.39,8939.52,15910.37,3562.12,3676.51,3637.03,3686.57,3324.16,3646.99,3051.18,8238.5,3445.86,7542.93,4447.68,3338.58,2562.05,10456.58,2866.23,3080.38,5022.85,3673.55,5196.07,8687.05,10168.42
14774.41,33718.68,36003.71,29667.59,47464.29,9622.31,26102.9,5384.39,8031.42,13121.61,12102.12,9043.79,8385.85,10553.62,9866.61,25478.42,25196.07,4736.35,9266.8,5892.41,1e+09,9258.82,14691.36,11305.42,15846.24,16924.32,10197.75,6034.51,13566.19,7135.3,8844.95,2938.44,7526.81,10485.39,3660.1,12100.51,4715.82,2966.56,5852.72,7471.89,3370.96,3360.96,2590.98,8905.88,8432.34,5978.25,3550.9,8457.13,4819.57,4430.14,7047.2,7429.55,10222.61,7699.57
3357.52,18998.28,20221.12,23728.02,33265.95,9347.19,42093.74,6509.98,8529.06,9644.21,3312.19,3804.24,4096.22,2449.09,10487.09,8625.05,8881.56,13130.95,2976.11,3605.37,9258.82,1e+09,3999.37,8426.61,12360.5,11241.95,4832.65,3092.25,5498.11,8674.18,4350.76,17315.63,22963.61,3894.66,6996.94,3422.87,5302.37,4730.31,2863.51,1706.42,17610.38,5917.22,12717.66,2367.33,3430.17,5519.13,18329.34,3532.77,5381.35,6792.59,3075.9,8267.05,14022.4,18092.07
3693.26,17968.02,18630.48,24271.6,32372.66,8161.47,44744.26,5184.63,5077.31,9800.08,4621.22,4217.64,2896.2,6658.28,9324.72,7079.99,6751.74,20093.72,3162.55,5008.04,14691.36,3999.37,1e+09,6632.09,11068.62,10955.45,5508.45,7638.71,4427.47,5082.59,2220.52,17178.57,24646.49,2831.75,9134.76,2545.62,4743.41,6705.6,7990.14,3718.8,16449.84,7549.91,14652.26,8544.15,4891.88,4771.54,18667.92,5312.4,9214.77,5789.05,6482.84,4156.1,14305.82,17843.72
9563.8,19408.15,20691.72,21152.78,33689.9,9181.38,40615.9,7214.62,3600.92,5302.52,9459.03,7366.02,6313.56,12416.6,14501.38,15496.64,9875.8,16611.53,5598.9,6298.2,11305.42,8426.61,6632.09,1e+09,8555.73,7266.13,5737.29,10783.14,5669.45,4977.27,4354.22,13372.85,21769.76,7976.25,6873.91,5749.88,8303.33,8689.77,9047.82,7015.11,12841.29,7561.59,12154.22,9117.1,6158.88,5577.54,15059.37,8527.98,7592.08,8361.31,8556.16,6164.2,14479.5,14408.61
12016.06,12986.97,13911.12,13881.53,23998.48,10213.88,45884.35,9552.64,7238.07,4703.67,10934.57,9968.12,9991.92,11305.13,19168.19,13164.76,9255.99,19658.91,10301.55,10862.53,15846.24,12360.5,11068.62,8555.73,1e+09,3879.17,7065.19,10629.97,6999.54,6888.47,8593.16,19009.72,28523.17,10391.99,13340.51,8887.94,11487.4,12960.06,11312.41,12687.96,18625.07,11030.57,17190.13,10424.27,9850.44,10819,20245.94,9253.29,11247.7,15842.4,11054.34,10674.67,22680.33,22589.74
11567.05,9840.98,12203.01,11974.81,22152.9,8978.71,46746.48,11370.22,6398.44,4551.44,9762.82,11537.22,10405.2,10502.41,20097.55,10888.48,7617.53,20971.22,10844.8,12891.77,16924.32,11241.95,10955.45,7266.13,3879.17,1e+09,6560.29,11221.64,7738.67,7618.27,8966.09,19962.19,29559.44,12532.06,12686.99,9776.2,12889.76,13943.6,12282.46,12637.84,19778.51,11550.65,17556.58,10022.95,9285.32,11007.7,21598.45,11813.41,11536.61,15622.97,11959.79,10841.8,22563.02,22293
5164.08,15613.13,18271.01,18458.64,28172.77,6826.71,40475.47,7023.64,4829.44,6777.74,3239.92,4122.55,4577.97,4009.86,14647.93,9464.03,6676.58,13753.95,3727.07,5630.82,10197.75,4832.65,5508.45,5737.29,7065.19,6560.29,1e+09,4253.33,5356.14,5305.17,4372.34,14243.38,22218,5699.21,6274.09,4030.61,6765.9,5325.52,5045.25,5643.89,14445.68,5086.73,10962.9,3781.77,2774.27,5092.19,15890.84,4202.25,4979.78,9821.39,4202.1,7326.99,16640.93,17132.52
4830.76,20916.66,23225.06,23908.18,35212.64,8011.76,35500.4,5011.15,7448.77,9322.06,3718.31,5293.36,6014.09,2454.37,13185.51,12184.31,13271.1,8752.83,5417.41,4944.63,6034.51,3092.25,7638.71,10783.14,10629.97,11221.64,4253.33,1e+09,6582.35,7421.28,7036.84,10886.77,17074.27,4787.56,6077.02,6894.06,4778.79,3673.63,2673.75,3273.8,10467.03,4661.69,7465.57,2225.86,3241.7,5985.28,11185.91,3002.73,3716.22,9941.2,2826.68,9634.91,14063.05,15509.09
5442.24,15670.63,16942.97,20704.6,29205.56,9926.38,45893.45,7199.33,5161.24,6750.23,5242.08,4640.62,4955.43,7059.17,12670.81,7729.91,5845.94,18223.8,4382.54,5485.63,13566.19,5498.11,4427.47,5669.45,6999.54,7738.67,5356.14,6582.35,1e+09,6506.26,4473.9,19586.72,27287.68,5567,10146.22,3574,7974.53,7958.99,6212.82,5699.73,19702.47,8342.97,17258.4,5751.57,4940.07,6618.34,21920.55,5221.14,7115.91,10381.28,5954.04,8573.1,16093.45,20133.05
8690.1,21071.86,21943.45,19759,32416.65,6432.56,36396.5,6131.56,1935.06,5738.97,8987.82,6463.13,5561.53,8936.05,12054.38,12124.29,9884.45,11165.06,4862.89,5859.66,7135.3,8674.18,5082.59,4977.27,6888.47,7618.27,5305.17,7421.28,6506.26,1e+09,5049.69,10499.52,18117.38,7618.11,5904.36,5009.18,7191.63,7132.82,6126.51,7941.97,10602.28,4000.51,9045.3,7163.14,5995.36,5658.8,12024.08,6422.38,4568.01,7681.47,6648.87,4685.5,14720.51,15302.49
5049.07,22564.3,22531.86,22750.27,34530.69,8226.98,38939.41,4482.38,3479.84,7738.07,6293.12,4043.56,3271.19,8839.7,11010.06,11638.88,10293.2,14085.44,2618.06,3604.39,8844.95,4350.76,2220.52,4354.22,8593.16,8966.09,4372.34,7036.84,4473.9,5049.69,1e+09,11947.52,19484.96,2975.28,4609.34,2161.3,4563.9,3818.27,4868.39,3175.71,11542.14,3498.08,9532.25,5687.89,3521.43,2247.22,13385.44,3883.11,3702.06,6051.04,4891.58,4657.9,12555.97,13334.35
20279.86,39231.62,41916.29,32359.33,51782.41,9011.71,19475.33,6720.13,12810.29,17621.37,17885.73,15946.6,10693.16,15739.54,8466.52,32057.87,29207.33,4798.57,12920.24,8939.52,2938.44,17315.63,17178.57,13372.85,19009.72,19962.19,14243.38,10886.77,19586.72,10499.52,11947.52,1e+09,4852.03,12282.14,5936.58,15135.8,7036.52,9531.2,11212.23,13482.16,2476.54,7125.4,2403.89,13744.48,12908.21,8694.64,2134.44,14918.75,12170.66,4269.74,14496.27,8302.83,5740.75,4825.6
27331.28,48013.46,50418.75,42984.04,62095.96,16478.75,10592.5,11693.97,20421.8,26230.59,24725.9,22267.17,17811.48,22466.48,11258.48,38989.88,37686.34,7098.23,20266.06,15910.37,7526.81,22963.61,24646.49,21769.76,28523.17,29559.44,22218,17074.27,27287.68,18117.38,19484.96,4852.03,1e+09,19471.87,12427.35,22933.09,12560.2,14718.76,17526.76,19837.86,4409.59,13759.45,5373.67,20442.18,20461.27,15727.57,4078.96,21573.86,18084.85,8381.15,20518.55,14581.93,8014.17,5480.88
3350.45,20431.22,22158,24452.19,34900.22,10446.3,39327.63,5151.36,6782.94,9755.04,2841.81,4109.41,3695.35,5821.44,7801.42,9487.81,8740.68,16109.64,3972.47,3562.12,10485.39,3894.66,2831.75,7976.25,10391.99,12532.06,5699.21,4787.56,5567,7618.11,2975.28,12282.14,19471.87,1e+09,7239.8,3411.44,4138.04,3227.62,4559.22,3254.45,11759.24,5495.35,10426.17,4381,3883.4,3289.56,13977.32,2601.74,5095.12,5966.1,3772.64,6174.58,9638.23,13192.24
11577.04,29811.83,31990.41,28472.39,43024.68,9646.94,31743.69,4963.41,4551.36,10914.98,8311.73,6497.15,5707.02,7561.06,12220.75,22707.42,19743.9,9024.47,4903.09,3676.51,3660.1,6996.94,9134.76,6873.91,13340.51,12686.99,6274.09,6077.02,10146.22,5904.36,4609.34,5936.58,12427.35,7239.8,1e+09,7008.66,3903.16,3447.93,3510.18,5200.8,5878.55,2123.16,4275.89,4899.23,4161.87,2004.38,8096.63,5635.19,2144.31,3336.29,4422.08,5460,7818.02,7222.58
3804.67,20136.84,20631.18,23104.54,31662.03,8570.06,42765.78,5041.84,4729.78,7916.54,5177.57,3575.87,2570.45,8353.75,10973.68,8759.58,8054.74,16841.13,1870.18,3637.03,12100.51,3422.87,2545.62,5749.88,8887.94,9776.2,4030.61,6894.06,3574,5009.18,2161.3,15135.8,22933.09,3411.44,7008.66,1e+09,5039.03,5479.68,5067.96,3390.1,14524.25,4894.37,12298.59,5232.14,2870.47,3514.57,16543.26,3647.2,4843.34,7296.16,4481.14,5362.87,14173.72,16485.87
6941.27,26738.19,27687.56,28622.27,40839.91,10060.86,31745.2,3579.46,5875.34,11518.57,6647.66,5028.73,4495.58,6318.65,9714.11,13854.71,13426.3,9636.84,4548.81,3686.57,4715.82,5302.37,4743.41,8303.33,11487.4,12889.76,6765.9,4778.79,7974.53,7191.63,4563.9,7036.52,12560.2,4138.04,3903.16,5039.03,1e+09,3993.55,4244.71,4392.11,6445.95,4663.86,5939.06,5255.31,4961.34,3794.45,8433.49,4431.32,4341.42,3942.76,5243.5,4846.92,8217.15,8490.89
6445.01,24977.78,27426.6,27201.55,39870.77,12189,33804.63,5582.4,6038.01,10708.31,5544.61,4745.52,5396.3,4617.43,10486.9,16397.83,14950.56,6767.64,4175.13,3324.16,2966.56,4730.31,6705.6,8689.77,12960.06,13943.6,5325.52,3673.63,7958.99,7132.82,3818.27,9531.2,14718.76,3227.62,3447.93,5479.68,3993.55,1e+09,2705.03,3619.06,9365.53,3388.05,6061.51,3202.47,3932.24,2886.63,10084.49,3107.86,2669.4,5749.8,2439.77,8305.55,9543.57,11305.84
6021.19,22981.71,25585.9,25121.65,37220.25,9999.66,36377.84,5377.62,5988.25,9568.25,4014.8,4322.97,5044.38,3515.52,12349.8,14857.44,14310.5,9645.52,3239.18,3646.99,5852.72,2863.51,7990.14,9047.82,11312.41,12282.46,5045.25,2673.75,6212.82,6126.51,4868.39,11212.23,17526.76,4559.22,3510.18,5067.96,4244.71,2705.03,1e+09,2695.27,11758.11,2577.77,7764.92,2221.6,3460.02,3221.76,13188.32,2527.69,1814.67,7456.75,1727.19,8793.06,11737.64,13887.63
4254.29,21330.37,22529.72,26437.8,35984.08,10352.81,38823.41,5754,7677.11,9310.67,4135.25,4000.6,3906.52,4234.4,9397.69,10949.91,11095.39,12024.74,2327.22,3051.18,7471.89,1706.42,3718.8,7015.11,12687.96,12637.84,5643.89,3273.8,5699.73,7941.97,3175.71,13482.16,19837.86,3254.45,5200.8,3390.1,4392.11,3619.06,2695.27,1e+09,13865.65,4920.8,10842.75,2765.75,2927.44,2988.7,16083.73,3552.98,4459.01,4615.19,2876.96,6466.91,11412.31,14046.01
20606.08,39312.91,41828.43,32003.55,51592.23,10845.31,22526.63,6605.34,13035.61,17308.19,18064.96,16365.22,9627.1,16347.56,8128.06,32598.89,28844.54,5509.97,12578.77,8238.5,3370.96,17610.38,16449.84,12841.29,18625.07,19778.51,14445.68,10467.03,19702.47,10602.28,11542.14,2476.54,4409.59,11759.24,5878.55,14524.25,6445.95,9365.53,11758.11,13865.65,1e+09,7166.37,3214.43,14110.95,12920.35,8527.82,1111.74,15408.36,12486.01,3914.39,14970.51,6876.53,7230.84,5336.39
9027.86,27182.03,29826.92,25375.74,39461.35,8276.86,32862.99,5221.61,4124.7,9200.26,6716.53,5481.7,4251.34,5666.1,12419.32,20881.64,17082.1,7077.32,3507.58,3445.86,3360.96,5917.22,7549.91,7561.59,11030.57,11550.65,5086.73,4661.69,8342.97,4000.51,3498.08,7125.4,13759.45,5495.35,2123.16,4894.37,4663.86,3388.05,2577.77,4920.8,7166.37,1e+09,4095.37,3096.27,2915.01,2047.58,8389.1,3830.14,1290.3,5347.05,3484.51,6087,11055.8,11783.66
17395.63,36235.11,38919.78,30656.28,48855.34,8752.24,22292.21,6974.03,10029.33,15473.9,14022.22,13307.19,8322.23,11631.21,8858.93,28778.68,26560.73,4137.65,9985.17,7542.93,2590.98,12717.66,14652.26,12154.22,17190.13,17556.58,10962.9,7465.57,17258.4,9045.3,9532.25,2403.89,5373.67,10426.17,4275.89,12298.59,5939.06,6061.51,7764.92,10842.75,3214.43,4095.37,1e+09,9970.2,9861.53,6705.88,2516.84,11999.43,7817.51,4169.49,10395.04,7755.39,8028.55,5249.37
5344.09,21271.38,23982.21,22897.16,33995.36,9218.89,39245.29,6096.97,6508.26,8338.65,3466.31,4729.65,4930.83,2668.1,14002.07,13641.72,12605.67,12187.55,3999.9,4447.68,8905.88,2367.33,8544.15,9117.1,10424.27,10022.95,3781.77,2225.86,5751.57,7163.14,5687.89,13744.48,20442.18,4381,4899.23,5232.14,5255.31,3202.47,2221.6,2765.75,14110.95,3096.27,9970.2,1e+09,1658.51,3949.85,15397.77,2521.29,2292.42,10243.93,2087.67,10238.66,14875.75,16987.39
4448.25,20178.22,22823.11,21927.39,32457.54,8544.15,39416.04,6042.19,4828.36,7348.16,3165.43,3729.32,2929.55,3450.95,13106.01,14043.41,10165.35,12679.92,1572.21,3338.58,8432.34,3430.17,4891.88,6158.88,9850.44,9285.32,2774.27,3241.7,4940.07,5995.36,3521.43,12908.21,20461.27,3883.4,4161.87,2870.47,4961.34,3932.24,3460.02,2927.44,12920.35,2915.01,9861.53,1658.51,1e+09,2685.53,14663.62,2476.9,2466.07,7618.79,2291.55,7197.11,14082.34,14758.97
7068.31,26322.5,28547.78,25141.25,39062.01,8981.79,35258.71,4689.13,4724.62,9135.08,6608.92,4723.11,3743.98,7082.97,11762.18,18622.13,15318.67,11148.33,2413.14,2562.05,5978.25,5519.13,4771.54,5577.54,10819,11007.7,5092.19,5985.28,6618.34,5658.8,2247.22,8694.64,15727.57,3289.56,2004.38,3514.57,3794.45,2886.63,3221.76,2988.7,8527.82,2047.58,6705.88,3949.85,2685.53,1e+09,10745.9,3503.47,2537.54,4601.76,4030.06,5471.28,9993.17,10131.3
22625.09,40734.71,43285.27,33425.35,53014.03,10299.17,19894.37,7363.36,14794.71,18729.99,19346.09,18583.3,10405.91,17371.22,7625.92,34225.28,30664.48,4399.29,14398.71,10456.58,3550.9,18329.34,18667.92,15059.37,20245.94,21598.45,15890.84,11185.91,21920.55,12024.08,13385.44,2134.44,4078.96,13977.32,8096.63,16543.26,8433.49,10084.49,13188.32,16083.73,1111.74,8389.1,2516.84,15397.77,14663.62,10745.9,1e+09,17394.62,13392.36,5041.55,16015.51,8048.2,7259.86,4511.35
4216.88,21144.88,23789.77,22221.51,33424.2,11445.31,40639.12,5989.66,5803.26,8446.92,4222.53,3660.36,3387.6,4196.14,12047.39,14866.02,10998.51,12631.3,3008.04,2866.23,8457.13,3532.77,5312.4,8527.98,9253.29,11813.41,4202.25,3002.73,5221.14,6422.38,3883.11,14918.75,21573.86,2601.74,5635.19,3647.2,4431.32,3107.86,2527.69,3552.98,15408.36,3830.14,11999.43,2521.29,2476.9,3503.47,17394.62,1e+09,2169.14,9936.57,2050.98,10144.43,12582.12,16132
7634.83,25353.14,28028.65,25744.39,37663.08,11133.42,37376.2,5728.25,3902.1,8970.95,6446.96,4100.86,4016.61,4654.19,13301.75,19021.25,15553.99,8943.47,2909.63,3080.38,4819.57,5381.35,9214.77,7592.08,11247.7,11536.61,4979.78,3716.22,7115.91,4568.01,3702.06,12170.66,18084.85,5095.12,2144.31,4843.34,4341.42,2669.4,1814.67,4459.01,12486.01,1290.3,7817.51,2292.42,2466.07,2537.54,13392.36,2169.14,1e+09,6688.08,2169.97,9110.94,11456.03,12905.57
10707.69,31340.03,31381.06,30934.77,45852.83,8824.95,27112.9,5201.51,6657.26,14149.89,10580.73,8390.72,5910.09,12410.62,8422.95,19397.39,19368.32,9245.77,6672.64,5022.85,4430.14,6792.59,5789.05,8361.31,15842.4,15622.97,9821.39,9941.2,10381.28,7681.47,6051.04,4269.74,8381.15,5966.1,3336.29,7296.16,3942.76,5749.8,7456.75,4615.19,3914.39,5347.05,4169.49,10243.93,7618.79,4601.76,5041.55,9936.57,6688.08,1e+09,8542.53,3563.45,6573.99,6187.15
4599.11,21406.68,23869.28,23984.89,34777.49,10653.56,39349.2,6561.65,6206.06,8772.41,3318.32,3791.9,4848.02,3295.72,12359.25,13557.93,12271.15,10717.14,2734.03,3673.55,7047.2,3075.9,6482.84,8556.16,11054.34,11959.79,4202.1,2826.68,5954.04,6648.87,4891.58,14496.27,20518.55,3772.64,4422.08,4481.14,5243.5,2439.77,1727.19,2876.96,14970.51,3484.51,10395.04,2087.67,2291.55,4030.06,16015.51,2050.98,2169.97,8542.53,1e+09,9946.23,12924.26,16122.67
8737.43,25583.84,26011.44,25724.01,39106.71,5753.52,32614.46,4232.94,4994.66,10714.49,9156.02,7390.42,3965.81,13097.32,7360.72,14326.14,13603.55,10912.29,5476.36,5196.07,7429.55,8267.05,4156.1,6164.2,10674.67,10841.8,7326.99,9634.91,8573.1,4685.5,4657.9,8302.83,14581.93,6174.58,5460,5362.87,4846.92,8305.55,8793.06,6466.91,6876.53,6087,7755.39,10238.66,7197.11,5471.28,8048.2,10144.43,9110.94,3563.45,9946.23,1e+09,10220.21,10392.94
17264.92,38185.39,39193.78,36445.97,53653.68,12533.98,16516.63,7354.26,13119.32,19564.58,15948.94,13137.16,10614.99,17675.58,6639.69,29027.84,27802.07,8269.63,13831.94,8687.05,10222.61,14022.4,14305.82,14479.5,22680.33,22563.02,16640.93,14063.05,16093.45,14720.51,12555.97,5740.75,8014.17,9638.23,7818.02,14173.72,8217.15,9543.57,11737.64,11412.31,7230.84,11055.8,8028.55,14875.75,14082.34,9993.17,7259.86,12582.12,11456.03,6573.99,12924.26,10220.21,1e+09,3621.1
21493.11,42739.63,43857.6,36676.36,55349.22,12077.75,14134.01,8338.22,13595.66,21641.15,20268.96,16434.13,12238.92,20581.39,6945.32,33271.12,31263.9,4834.99,15077.27,10168.42,7699.57,18092.07,17843.72,14408.61,22589.74,22293,17132.52,15509.09,20133.05,15302.49,13334.35,4825.6,5480.88,13192.24,7222.58,16485.87,8490.89,11305.84,13887.63,14046.01,5336.39,11783.66,5249.37,16987.39,14758.97,10131.3,4511.35,16132,12905.57,6187.15,16122.67,10392.94,3621.1,1e+09
