1e+09,12140.52,12288.85,16292.65,23858.59,10001.63,46158.97,12628.5,8731.49,8061.44,2301.96,4856.51,5781.21,3131.13,15264.68,4833.84,4137.54,16807.73,5913.93,5534.69,15378.62,3798.77,4005.83,8987.13,8384.72,7037.78,4943.55,4757.39,4980.76,8037.71,5455.42,22252.93,25512.79,6551.18,12914.3,5785.49,7848.98,5942.88,7407.59,4744.62,21094.93,10752.61,16914.52,5642.09,5804.42,10923.39,25011.49,5044.36,7476.87,11897.54,5454.51,9807.43,16728.29,22620.13
12140.52,1e+09,3855.46,4838.9,11612.63,16679.34,60851.26,25143.4,22096.21,12388.73,13487.89,14109.81,17910.38,13082.35,29054.88,11459.93,8032.83,30369.16,18777.94,17974.48,29945.07,13173.89,14403.3,16986.74,10546.98,8809.38,12907.26,16967.86,14430.56,20622.19,19631.01,36362.76,38791.22,18431.35,27288.33,18869.75,21141.04,18864.26,19046.66,16499.52,34268.33,23570.28,29769.99,17579.64,17549.55,25856.91,38164.95,16819.35,19867.5,26762.63,17067.2,22238.47,31169.79,37840.28
12288.85,3855.46,1e+09,5864.58,12637.58,18383.92,61875.56,25535.83,21232.65,12641.42,13551.95,14685.83,18339.73,13849.49,27504.69,11326.45,7943.93,31779.9,18419.77,19079.22,30398.33,12944.38,13319,17314.23,10785.43,9691.79,14086.25,17444.49,14371.07,20377.82,19299.57,37215.66,39967.79,18675.61,27669.42,17830.34,20556.66,19490.78,19819.08,15664.33,35400.61,24901.46,30940.57,18458.7,18402.45,26374.69,39077.06,18052.69,21220.74,25092.34,17745.86,20997.8,32301.07,38359.97
16292.65,4838.9,5864.58,1e+09,9065.09,13144.9,54553.91,27690.98,22362.28,14256.82,16949.9,17237.99,19684.46,16325.37,27401.46,16758.7,12943.53,27184.9,21047.29,18669.22,25669.1,18245.41,18709.4,17819.6,10687.08,10521.54,14877.36,20054.62,17947.83,19257.91,19190.53,30930.62,32154.73,22006.3,25086.7,21997.22,21528.79,19609.75,22316.77,20176.88,27194.6,22798.53,24261.88,20080.79,19838.36,25811.38,31651.79,18345.71,20874.14,23351.22,20272.61,19741.87,26563.99,31225.3
23858.59,11612.63,12637.58,9065.09,1e+09,23855.53,73941.87,43674.02,34919.59,25519.46,27341.27,25895.58,30468.46,26162.92,42836.63,24889.03,18069.96,43966.91,31546.3,30747.86,43767.29,26480.8,26301.55,30077.35,18324.41,20465.65,23683.73,31037.53,27512.69,32748.87,32068.49,50671.25,51886.34,34853.01,40499.07,31973.27,34948.25,31657.49,34593.9,29510.27,47018.03,36674.32,42557.99,31318.72,31128.44,41083.11,51475.22,29830.83,33013.06,39796.21,30960.44,34079.88,43919.49,50589.98
10001.63,16679.34,18383.92,13144.9,23855.53,1e+09,29200.35,13040.96,10202.34,10346.53,9409.22,10942.8,9159.94,8155.18,10524.2,12602.86,11395.26,9975.81,10595.92,9401.62,10516.82,11145.83,8697.08,10462.51,8394,8079.58,6652.93,8547.92,11589.6,8616.65,9873.29,11809.72,12056.54,12676.31,11045.79,11244.71,10225.92,11287.23,11501.9,10693.31,10918.07,9791.09,8265.47,10002.37,10226.04,10725.4,12422.33,12105.79,11640.13,8994.55,11625.63,7266.78,9426.47,12020.11
46158.97,60851.26,61875.56,54553.91,73941.87,29200.35,1e+09,25452.81,33661.68,40038.37,43567.14,43123.48,34374.68,42371.45,18977.29,52544.34,53939.34,14319.17,38051.78,34224.65,25822.86,44506.45,43094.72,36648.63,42879.4,43329.66,39773.11,35434.95,43076.33,33774.89,36258.44,18366.27,15286.97,34147.48,30279.45,39208.81,32612.07,36438.4,35825.66,40419.13,21679.24,32397.35,23032.62,38993.04,37860.97,28270.1,18659.86,40130.17,37421.72,26771.8,39579.4,30537.99,15647.98,13183.41
12628.5,25143.4,25535.83,27690.98,43674.02,13040.96,25452.81,1e+09,5630.73,9422.54,9491.14,10119.43,6757.06,9410.1,10049.85,15921.03,19044.26,9285.6,6432.7,5310.98,3915.23,10460.35,10208.7,7955.5,13057.79,13830.72,11138.86,5960.71,9379.05,6537.07,5933.39,4633.9,7260.78,5290.97,4373.13,6607.19,4071.76,5742.8,4329.93,7932.71,5441.1,6028.49,6118.33,6382.11,6628.74,3440.51,6117.09,7295.34,6551.62,4550.02,6651.11,6586.05,7597.4,6426.92
8731.49,22096.21,21232.65,22362.28,34919.59,10202.34,33661.68,5630.73,1e+09,5847.93,8966.26,4334.93,4003.81,9869.31,12092.68,8111.9,13227.35,10403.01,3035,4088.15,5022.25,7379.39,4960.75,3310.59,8833.62,7616.59,6948.34,6931.47,6173.45,2325.14,3322.81,8661.93,13362,5571.75,2514.57,3619.1,3196.52,3374.5,3497.43,5249.66,8811.98,3168.69,6195.85,4657.58,3714.65,3036.22,12385.29,5577.64,3281.85,3034.16,4028.45,3125.7,10572.37,9571.99
8061.44,12388.73,12641.42,14256.82,25519.46,10346.53,40038.37,9422.54,5847.93,1e+09,6076.07,5148.6,4781.76,8255.96,13963.04,10291.4,9352.13,12276.67,4504.5,5097.08,9477.28,5281.75,5548.44,2944.76,5715.07,5705,6700.16,6283.42,5012.45,4569.76,5083.1,14635.8,17968.08,6958.59,8380.75,5757.57,6572.19,5284.18,5311.61,5146.54,13007.95,6670.38,9799.47,4256.96,3993.03,7331.44,16817.97,5789.96,5787.98,9561.13,4347.12,5648,12771.65,17038.65
2301.96,13487.89,13551.95,16949.9,27341.27,9409.22,43567.14,9491.14,8966.26,6076.07,1e+09,5744.05,6772.07,3404.62,15161.42,5040.14,7883.34,14122.44,6369.47,5802.35,12458.62,3250.4,5430.96,8258.42,9206.49,7144.82,3358.91,3952.09,4564.56,8067.49,6571.47,19163.21,21650.7,6992.18,9918.34,6436.61,7556.45,5088.88,4769.26,4537.47,17198.84,7403.24,12645.59,3522.98,3759.38,9245.24,20889.02,4212.55,5883.14,11777.58,3539.4,10424.24,15607.84,21435.79
4856.51,14109.81,14685.83,17237.99,25895.58,10942.8,43123.48,10119.43,4334.93,5148.6,5744.05,1e+09,3350.7,6426.43,14108.55,4312.84,6154.02,14929.91,3150.27,3891.34,11468.04,3361.54,3542.37,4791.67,5383,6015.83,4331.36,6134.52,3228.59,4703.23,3903.9,17646.58,22218.36,4787.94,8442.7,3343.63,5488.68,4327.03,5556.24,3761.98,17067.43,7222.99,12798.19,4265.14,3141.35,7074.82,20244.92,4311.79,5153.05,9115.34,3472.22,6583.27,13613.9,17910.38
5781.21,17910.38,18339.73,19684.46,30468.46,9159.94,34374.68,6757.06,4003.81,4781.76,6772.07,3350.7,1e+09,8165.89,7940.97,6160.13,9634.82,9722.25,2279.02,3333.91,6830.62,3383.66,3140.54,3462.41,8049.37,8451.27,5585.49,5986.39,4159.59,4381.2,2715.94,10013.82,12724.77,4739.61,5927.11,2820.77,3796.49,3341.62,3546.28,2580.22,8313.34,4901.53,5806.54,4188.97,2754.54,4658.37,11463.27,3684.06,3922.99,4834.93,3369.45,3225.83,6773.76,10299.54
3131.13,13082.35,13849.49,16325.37,26162.92,8155.18,42371.45,9410.1,9869.31,8255.96,3404.62,6426.43,8165.89,1e+09,18643.34,6531.21,7840.98,12308.25,8377.1,5602.89,12799,5197.1,7803.83,9483.36,8153.47,6641.85,3089.8,3437.41,6390.12,7772.11,7372.93,18803.28,20143.58,8393.96,10638.51,9575.02,8523.32,5680.21,5462.39,6919.85,16167.75,6409.84,11521.29,4014.99,4393.61,10318.16,20369.91,3829.98,4323.6,14176.05,5404.48,10878.68,15800.05,21104.2
15264.68,29054.88,27504.69,27401.46,42836.63,10524.2,18977.29,10049.85,12092.68,13963.04,15161.42,14108.55,7940.97,18643.34,1e+09,16186.24,20612.08,7478.09,11271.4,11071.32,7886.59,11765.75,10121.18,12868.25,16947.21,17902.5,16098.28,13882.74,12875.48,10421.61,11010.16,6854.64,7420.08,7569.84,11777.73,10995.01,9840.72,12352.98,12298.88,9932.73,6394.11,11787.03,7073.54,14889.39,13656.26,11040.68,6005.09,15007.18,14898.38,7473.85,13452.71,7553.63,6899,5017.84
4833.84,11459.93,11326.45,16758.7,24889.03,12602.86,52544.34,15921.03,8111.9,10291.4,5040.14,4312.84,6160.13,6531.21,16186.24,1e+09,4171.37,25474.78,7148.28,9593.61,21893.1,5189.54,3926.83,11408.63,8929.06,8898.46,8598.2,9111.59,4851.09,8230.85,8613.29,27266.39,32259.45,5560.32,19047.34,5338.32,8590.54,10989.33,11795.93,6246.19,27449.42,18859.88,23455.43,10602.99,9622.63,14920.85,31091.66,11252.1,14994.88,13197.61,9378.14,10552.78,22237.38,27610.12
4137.54,8032.83,7943.93,12943.53,18069.96,11395.26,53939.34,19044.26,13227.35,9352.13,7883.34,6154.02,9634.82,7840.98,20612.08,4171.37,1e+09,26168.23,10158.84,10710.48,23960.29,6612.43,5923.37,11186.32,7112.26,5830.14,7181.48,11730.02,7308.39,11857.21,11069.64,28884.42,32507.27,9580.75,20304.07,10040.97,12494.93,11724.01,13052.73,8692.01,27524.37,17986.04,23250.75,11934.33,10644.11,17818.89,31650.87,10970.55,14273.86,17581.09,10777.94,12915.31,23580.43,29731.82
16807.73,30369.16,31779.9,27184.9,43966.91,9975.81,14319.17,9285.6,10403.01,12276.67,14122.44,14929.91,9722.25,12308.25,7478.09,25474.78,26168.23,1e+09,12338.26,9869.44,5799.32,17554.01,18224.57,12993.38,16065.75,16898.82,12137.27,7227.97,14155.04,8277.86,11672.86,6910.18,5283.95,15012.26,9211.65,15067.87,11448.39,9876.55,10177.06,16055.12,5656.2,6253.69,4392.75,10516.92,10743.62,11194.64,6445.46,10032.13,7784.46,8852.61,11222.4,8682.25,5383.95,5047.58
5913.93,18777.94,18419.77,21047.29,31546.3,10595.92,38051.78,6432.7,3035,4504.5,6369.47,3150.27,2279.02,8377.1,11271.4,7148.28,10158.84,12338.26,1e+09,2838.86,7098.37,3021.55,3198.87,2873.47,8573.01,8818.14,5059.95,6323.94,3585.58,3480.35,1692.48,12156.54,16558.26,4485.59,4486.13,1740.43,3871.76,2901.69,2516.39,1487.02,11527.84,4602.31,7703.22,3665.29,1914.67,2906.75,14926.55,4414.44,3660.89,5167.4,2185.21,4531.12,10695.24,13245
5534.69,17974.48,19079.22,18669.22,30747.86,9401.62,34224.65,5310.98,4088.15,5097.08,5802.35,3891.34,3333.91,5602.89,11071.32,9593.61,10710.48,9869.44,2838.86,1e+09,5322.92,3101.89,4150.19,4656.39,7122.8,8144.65,4376.11,4200.55,3840.92,4060.43,2806.99,9195.99,13425.75,4824.78,4075.57,3240.75,3449.98,2668.32,3534.72,2894.38,8377.09,4495.46,6548.97,3190.24,2569.52,4329.77,12089.12,2684.27,2998.11,5164.63,2989.34,5089.24,8793.47,10196.09
15378.62,29945.07,30398.33,25669.1,43767.29,10516.82,25822.86,3915.23,5022.25,9477.28,12458.62,11468.04,6830.62,12799,7886.59,21893.1,23960.29,5799.32,7098.37,5322.92,1e+09,14328.81,13021.85,8023.98,13862.87,14222.18,10534.27,6541.65,11742,5028.05,7285.8,3485.81,5034.67,8840.28,3013.06,9123.95,5681.09,6438.61,5453.31,10937.08,2573.34,3410.55,2605.25,7910.37,7480.92,5027.44,4076.05,8595.13,5436.1,4019.01,7674.34,5850.33,7803.71,6545.49
3798.77,13173.89,12944.38,18245.41,26480.8,11145.83,44506.45,10460.35,7379.39,5281.75,3250.4,3361.54,3383.66,5197.1,11765.75,5189.54,6612.43,17554.01,3021.55,3101.89,14328.81,1e+09,2964.48,5329.56,9445.72,9839.51,4580.97,4815.18,3112.61,6670.68,3545.94,19284.74,23753.45,4476.85,11126.29,3131.64,5714.46,4074.39,5019.65,1932.89,19047.93,10314.98,14960.73,4727.43,2938.18,7563.4,22793.69,4455.74,6507.97,8302.25,2974.14,8216.59,14481.28,19890.88
4005.83,14403.3,13319,18709.4,26301.55,8697.08,43094.72,10208.7,4960.75,5548.44,5430.96,3542.37,3140.54,7803.83,10121.18,3926.83,5923.37,18224.57,3198.87,4150.19,13021.85,2964.48,1e+09,4685.98,7500.31,7875.15,5432.2,7803.85,3397.73,4040.91,2955.18,16624.75,21504.43,4049.93,9761.23,3155.97,4111.57,4953.96,5963.85,2969.24,16040.53,9875.22,12281.01,6810.29,4482.45,6728.78,19845.76,6260.35,8985.45,5619.97,4973.28,4607.58,13034.95,17061.1
8987.13,16986.74,17314.23,17819.6,30077.35,10462.51,36648.63,7955.5,3310.59,2944.76,8258.42,4791.67,3462.41,9483.36,12868.25,11408.63,11186.32,12993.38,2873.47,4656.39,8023.98,5329.56,4685.98,1e+09,7453.56,6120.35,6042.75,7888.47,5271.13,4205.21,3413.95,10951.96,15601.81,6332.12,4972.04,4189.75,4473.45,4770.91,4903,3899.34,10490.06,5585.98,7617.14,5559.05,3972.53,4471.76,14295.29,7092.62,5355.16,4877.76,4729.37,3759.68,11434.33,11814.98
8384.72,10546.98,10785.43,10687.08,18324.41,8394,42879.4,13057.79,8833.62,5715.07,9206.49,5383,8049.37,8153.47,16947.21,8929.06,7112.26,16065.75,8573.01,7122.8,13862.87,9445.72,7500.31,7453.56,1e+09,3839.62,5759.01,8520.17,7139.68,7233.63,7212.67,18064.16,21000.42,10041.68,11963.55,8184.94,8401.35,7796.69,9199.32,9465.91,15858.57,10080.61,12811.8,8441.41,7474.13,11596.07,20152.77,7506.07,8570.12,11316.45,8747.91,8163.03,15836.89,19403.2
7037.78,8809.38,9691.79,10521.54,20465.65,8079.58,43329.66,13830.72,7616.59,5705,7144.82,6015.83,8451.27,6641.85,17902.5,8898.46,5830.14,16898.82,8818.14,8144.65,14222.18,9839.51,7875.15,6120.35,3839.62,1e+09,5145.58,8925.17,7637.3,7958.33,7603.08,19005.03,21743.15,11673.92,11066.08,8829.84,9202.71,8352.63,9904.44,10134.28,16939.36,9986.81,12975.66,7733.06,7298.64,11096.98,21049.68,9697.07,9037.57,11369.96,8933.29,8208.85,16840.73,19421.05
4943.55,12907.26,14086.25,14877.36,23683.73,6652.93,39773.11,11138.86,6948.34,6700.16,3358.91,4331.36,5585.49,3089.8,16098.28,8598.2,7181.48,12137.27,5059.95,4376.11,10534.27,4580.97,5432.2,6042.75,5759.01,5145.58,1e+09,4568.42,6039.4,6046.64,4828.47,16377.19,17974.43,8706.22,7614.02,6604.13,7320.28,4550.98,6143.76,4924.32,13763.05,5606.88,9484.01,4061.24,4032.48,8289.22,17852.86,4272.55,4748.19,9976.43,4772.81,7565.35,13741.92,17451.92
4757.39,16967.86,17444.49,20054.62,31037.53,8547.92,35434.95,5960.71,6931.47,6283.42,3952.09,6134.52,5986.39,3437.41,13882.74,9111.59,11730.02,7227.97,6323.94,4200.55,6541.65,4815.18,7803.85,7888.47,8520.17,8925.17,4568.42,1e+09,5082.06,5899.82,6129.27,12486.7,13072.35,6384.36,7412.23,7516.97,5729.22,3515.69,3687.46,5117.37,9449.88,4602.31,6991.02,2507.39,3473.33,7810.65,13235.09,2631.48,2921.75,10261.51,3501.6,7430.13,10703.92,14741.2
4980.76,14430.56,14371.07,17947.83,27512.69,11589.6,43076.33,9379.05,6173.45,5012.45,4564.56,3228.59,4159.59,6390.12,12875.48,4851.09,7308.39,14155.04,3585.58,3840.92,11742,3112.61,3397.73,5271.13,7139.68,7637.3,6039.4,5082.06,1e+09,6434.26,4009.59,18469.45,22595.42,4943.27,9362.79,3308.06,6007.32,4531.37,4345.69,3123.42,18240.9,7579.05,14149.56,3458.05,3590.69,7206.78,21238.48,3883.05,4756.91,9088.16,3361.32,7930.51,14091.17,19083.85
8037.71,20622.19,20377.82,19257.91,32748.87,8616.65,33774.89,6537.07,2325.14,4569.76,8067.49,4703.23,4381.2,7772.11,10421.61,8230.85,11857.21,8277.86,3480.35,4060.43,5028.05,6670.68,4040.91,4205.21,7233.63,7958.33,6046.64,5899.82,6434.26,1e+09,3798.3,9519.25,12051.74,7586.41,4412.77,4381.39,5308.82,3903.82,3876.76,4817.97,7882.53,2459.94,5630.34,4847.33,4221.17,4621.23,11470.32,4991.87,2803.98,5461.77,4356.48,2704.11,10407.92,12810.93
5455.42,19631.01,19299.57,19190.53,32068.49,9873.29,36258.44,5933.39,3322.81,5083.1,6571.47,3903.9,2715.94,7372.93,11010.16,8613.29,11069.64,11672.86,1692.48,2806.99,7285.8,3545.94,2955.18,3413.95,7212.67,7603.08,4828.47,6129.27,4009.59,3798.3,1e+09,10999.74,15041.94,3540.6,4245.21,1912.99,3420.61,1827.63,2146.76,1788.78,10191.42,3813.38,6694.86,3723.02,2422.93,2832.9,13781.51,3525.21,3109.84,5487.18,2691.3,4711.74,9482.86,12333.55
22252.93,36362.76,37215.66,30930.62,50671.25,11809.72,18366.27,4633.9,8661.93,14635.8,19163.21,17646.58,10013.82,18803.28,6854.64,27266.39,28884.42,6910.18,12156.54,9195.99,3485.81,19284.74,16624.75,10951.96,18064.16,19005.03,16377.19,12486.7,18469.45,9519.25,10999.74,1e+09,3449.8,8666.54,5700.52,12737.17,7739.7,11819.51,10564.61,14605.94,2849.67,8220.03,3603.82,14552.66,12965.23,4112.67,2549.96,15979.78,13586.12,4244.18,14690.88,7672.95,6178.69,4625.57
25512.79,38791.22,39967.79,32154.73,51886.34,12056.54,15286.97,7260.78,13362,17968.08,21650.7,22218.36,12724.77,20143.58,7420.08,32259.45,32507.27,5283.95,16558.26,13425.75,5034.67,23753.45,21504.43,15601.81,21000.42,21743.15,17974.43,13072.35,22595.42,12051.74,15041.94,3449.8,1e+09,13196.04,10119.94,18409.49,11439.29,15840.97,15396.87,19423.65,2268.49,10360.11,3976.95,17350.08,16510.73,8513.52,2172.93,19483.05,15521.48,6731.39,18715.58,9730.13,6720.31,3811.48
6551.18,18431.35,18675.61,22006.3,34853.01,12676.31,34147.48,5290.97,5571.75,6958.59,6992.18,4787.94,4739.61,8393.96,7569.84,5560.32,9580.75,15012.26,4485.59,4824.78,8840.28,4476.85,4049.93,6332.12,10041.68,11673.92,8706.22,6384.36,4943.27,7586.41,3540.6,8666.54,13196.04,1e+09,7009.53,3213.35,3661.81,3568.5,3969.95,4485.02,8972.62,8537.55,7984.61,5007.1,4727.2,3676.66,11509.38,4327.03,5788.58,3815.4,4278.1,5747.82,7133.89,9219.5
12914.3,27288.33,27669.42,25086.7,40499.07,11045.79,30279.45,4373.13,2514.57,8380.75,9918.34,8442.7,5927.11,10638.51,11777.73,19047.34,20304.07,9211.65,4486.13,4075.57,3013.06,11126.29,9761.23,4972.04,11963.55,11066.08,7614.02,7412.23,9362.79,4412.77,4245.21,5700.52,10119.94,7009.53,1e+09,6130.65,4043.36,4028.98,3429.29,7530.24,5478.47,2694.3,3972.87,5229.27,4543.89,2272.64,9032.82,6610.23,3484.45,3179.75,5035.48,5096.23,9639.82,7032.95
5785.49,18869.75,17830.34,21997.22,31973.27,11244.71,39208.81,6607.19,3619.1,5757.57,6436.61,3343.63,2820.77,9575.02,10995.01,5338.32,10040.97,15067.87,1740.43,3240.75,9123.95,3131.64,3155.97,4189.75,8184.94,8829.84,6604.13,7516.97,3308.06,4381.39,1912.99,12737.17,18409.49,3213.35,6130.65,1e+09,3693.98,3433.34,3223.96,2103.85,12920.2,6553.07,9317.01,4892.92,2953.03,3613.17,16360.38,4977.99,5405.67,5298.49,3359.23,5517.88,11158.82,13416.38
7848.98,21141.04,20556.66,21528.79,34948.25,10225.92,32612.07,4071.76,3196.52,6572.19,7556.45,5488.68,3796.49,8523.32,9840.72,8590.54,12494.93,11448.39,3871.76,3449.98,5681.09,5714.46,4111.57,4473.45,8401.35,9202.71,7320.28,5729.22,6007.32,5308.82,3420.61,7739.7,11439.29,3661.81,4043.36,3693.98,1e+09,3851.34,3579.48,4448.79,6629.86,5932.48,5457.44,4976.49,3959.64,3561.17,10224.45,4942.48,4650.67,3971.24,4765.65,3579.79,8508.51,8794.12
5942.88,18864.26,19490.78,19609.75,31657.49,11287.23,36438.4,5742.8,3374.5,5284.18,5088.88,4327.03,3341.62,5680.21,12352.98,10989.33,11724.01,9876.55,2901.69,2668.32,6438.61,4074.39,4953.96,4770.91,7796.69,8352.63,4550.98,3515.69,4531.37,3903.82,1827.63,11819.51,15840.97,3568.5,4028.98,3433.34,3851.34,1e+09,2212.55,3015.35,11369.93,3168.76,7628.89,2411.04,2359.78,3504.43,15134.36,2301.84,2356.14,6382.04,2001.92,6590.53,9466.82,12396.66
7407.59,19046.66,19819.08,22316.77,34593.9,11501.9,35825.66,4329.93,3497.43,5311.61,4769.26,5556.24,3546.28,5462.39,12298.88,11795.93,13052.73,10177.06,2516.39,3534.72,5453.31,5019.65,5963.85,4903,9199.32,9904.44,6143.76,3687.46,4345.69,3876.76,2146.76,10564.61,15396.87,3969.95,3429.29,3223.96,3579.48,2212.55,1e+09,3491.91,10747.64,3336.3,7040.92,2160.05,2485.89,2900.29,13481.95,2776.09,2632.95,5573.73,1916.58,6102.51,9824.07,11342.2
4744.62,16499.52,15664.33,20176.88,29510.27,10693.31,40419.13,7932.71,5249.66,5146.54,4537.47,3761.98,2580.22,6919.85,9932.73,6246.19,8692.01,16055.12,1487.02,2894.38,10937.08,1932.89,2969.24,3899.34,9465.91,10134.28,4924.32,5117.37,3123.42,4817.97,1788.78,14605.94,19423.65,4485.02,7530.24,2103.85,4448.79,3015.35,3491.91,1e+09,14279.76,6967.41,10305.84,4574.39,1972.45,4298.51,18084.99,4312.02,5365.23,5358.16,2396.4,5841.81,11235.22,15199.03
21094.93,34268.33,35400.61,27194.6,47018.03,10918.07,21679.24,5441.1,8811.98,13007.95,17198.84,17067.43,8313.34,16167.75,6394.11,27449.42,27524.37,5656.2,11527.84,8377.09,2573.34,19047.93,16040.53,10490.06,15858.57,16939.36,13763.05,9449.88,18240.9,7882.53,10191.42,2849.67,2268.49,8972.62,5478.47,12920.2,6629.86,11369.93,10747.64,14279.76,1e+09,6055.92,2993.18,13201.36,12164.63,6093.35,1679.3,15392.91,11597.02,3709.85,14249.43,5935.45,7379.2,4415.48
10752.61,23570.28,24901.46,22798.53,36674.32,9791.09,32397.35,6028.49,3168.69,6670.38,7403.24,7222.99,4901.53,6409.84,11787.03,18859.88,17986.04,6253.69,4602.31,4495.46,3410.55,10314.98,9875.22,5585.98,10080.61,9986.81,5606.88,4602.31,7579.05,2459.94,3813.38,8220.03,10360.11,8537.55,2694.3,6553.07,5932.48,3168.76,3336.3,6967.41,6055.92,1e+09,3107.25,3429.35,3451.43,3578.37,9771.3,4056.59,1230.17,6358.59,4011.06,4957.12,8290.33,11214.59
16914.52,29769.99,30940.57,24261.88,42557.99,8265.47,23032.62,6118.33,6195.85,9799.47,12645.59,12798.19,5806.54,11521.29,7073.54,23455.43,23250.75,4392.75,7703.22,6548.97,2605.25,14960.73,12281.01,7617.14,12811.8,12975.66,9484.01,6991.02,14149.56,5630.34,6694.86,3603.82,3976.95,7984.61,3972.87,9317.01,5457.44,7628.89,7040.92,10305.84,2993.18,3107.25,1e+09,8648.11,7704.59,4309.32,3978.4,10818.92,6857.35,3583.14,9696.18,5093.36,6061.8,5038.52
5642.09,17579.64,18458.7,20080.79,31318.72,10002.37,38993.04,6382.11,4657.58,4256.96,3522.98,4265.14,4188.97,4014.99,14889.39,10602.99,11934.33,10516.92,3665.29,3190.24,7910.37,4727.43,6810.29,5559.05,8441.41,7733.06,4061.24,2507.39,3458.05,4847.33,3723.02,14552.66,17350.08,5007.1,5229.27,4892.92,4976.49,2411.04,2160.05,4574.39,13201.36,3429.35,8648.11,1e+09,1264.33,4831.52,16356.74,2277.96,2100.51,9105.41,1712.77,7580.53,12120.29,16039.66
5804.42,17549.55,18402.45,19838.36,31128.44,10226.04,37860.97,6628.74,3714.65,3993.03,3759.38,3141.35,2754.54,4393.61,13656.26,9622.63,10644.11,10743.62,1914.67,2569.52,7480.92,2938.18,4482.45,3972.53,7474.13,7298.64,4032.48,3473.33,3590.69,4221.17,2422.93,12965.23,16510.73,4727.2,4543.89,2953.03,3959.64,2359.78,2485.89,1972.45,12164.63,3451.43,7704.59,1264.33,1e+09,3753.55,15441.18,2828.94,2547.4,7512.19,1690.76,5913.67,10930.47,14392
10923.39,25856.91,26374.69,25811.38,41083.11,10725.4,28270.1,3440.51,3036.22,7331.44,9245.24,7074.82,4658.37,10318.16,11040.68,14920.85,17818.89,11194.64,2906.75,4329.77,5027.44,7563.4,6728.78,4471.76,11596.07,11096.98,8289.22,7810.65,7206.78,4621.23,2832.9,4112.67,8513.52,3676.66,2272.64,3613.17,3561.17,3504.43,2900.29,4298.51,6093.35,3578.37,4309.32,4831.52,3753.55,1e+09,7356.41,5510.51,4360.83,2653.6,4459.67,5124.98,7580.48,5254.58
25011.49,38164.95,39077.06,31651.79,51475.22,12422.33,18659.86,6117.09,12385.29,16817.97,20889.02,20244.92,11463.27,20369.91,6005.09,31091.66,31650.87,6445.46,14926.55,12089.12,4076.05,22793.69,19845.76,14295.29,20152.77,21049.68,17852.86,13235.09,21238.48,11470.32,13781.51,2549.96,2172.93,11509.38,9032.82,16360.38,10224.45,15134.36,13481.95,18084.99,1679.3,9771.3,3978.4,16356.74,15441.18,7356.41,1e+09,18140.41,14492.58,5568.2,16891.53,8449.9,7992.31,4270.87
5044.36,16819.35,18052.69,18345.71,29830.83,12105.79,40130.17,7295.34,5577.64,5789.96,4212.55,4311.79,3684.06,3829.98,15007.18,11252.1,10970.55,10032.13,4414.44,2684.27,8595.13,4455.74,6260.35,7092.62,7506.07,9697.07,4272.55,2631.48,3883.05,4991.87,3525.21,15979.78,19483.05,4327.03,6610.23,4977.99,4942.48,2301.84,2776.09,4312.02,15392.91,4056.59,10818.92,2277.96,2828.94,5510.51,18140.41,1e+09,1402.61,10472.21,2524.81,9183.47,11972.67,16918.11
7476.87,19867.5,21220.74,20874.14,33013.06,11640.13,37421.72,6551.62,3281.85,5787.98,5883.14,5153.05,3922.99,4323.6,14898.38,14994.88,14273.86,7784.46,3660.89,2998.11,5436.1,6507.97,8985.45,5355.16,8570.12,9037.57,4748.19,2921.75,4756.91,2803.98,3109.84,13586.12,15521.48,5788.58,3484.45,5405.67,4650.67,2356.14,2632.95,5365.23,11597.02,1230.17,6857.35,2100.51,2547.4,4360.83,14492.58,1402.61,1e+09,7917.06,2346.45,6469.08,11318.2,14441.17
11897.54,26762.63,25092.34,23351.22,39796.21,8994.55,26771.8,4550.02,3034.16,9561.13,11777.58,9115.34,4834.93,14176.05,7473.85,13197.61,17581.09,8852.61,5167.4,5164.63,4019.01,8302.25,5619.97,4877.76,11316.45,11369.96,9976.43,10261.51,9088.16,5461.77,5487.18,4244.18,6731.39,3815.4,3179.75,5298.49,3971.24,6382.04,5573.73,5358.16,3709.85,6358.59,3583.14,9105.41,7512.19,2653.6,5568.2,10472.21,7917.06,1e+09,7790.04,2611.78,7631.9,6147.13
5454.51,17067.2,17745.86,20272.61,30960.44,11625.63,39579.4,6651.11,4028.45,4347.12,3539.4,3472.22,3369.45,5404.48,13452.71,9378.14,10777.94,11222.4,2185.21,2989.34,7674.34,2974.14,4973.28,4729.37,8747.91,8933.29,4772.81,3501.6,3361.32,4356.48,2691.3,14690.88,18715.58,4278.1,5035.48,3359.23,4765.65,2001.92,1916.58,2396.4,14249.43,4011.06,9696.18,1712.77,1690.76,4459.67,16891.53,2524.81,2346.45,7790.04,1e+09,7055.13,11561.75,15034.61
9807.43,22238.47,20997.8,19741.87,34079.88,7266.78,30537.99,6586.05,3125.7,5648,10424.24,6583.27,3225.83,10878.68,7553.63,10552.78,12915.31,8682.25,4531.12,5089.24,5850.33,8216.59,4607.58,3759.68,8163.03,8208.85,7565.35,7430.13,7930.51,2704.11,4711.74,7672.95,9730.13,5747.82,5096.23,5517.88,3579.79,6590.53,6102.51,5841.81,5935.45,4957.12,5093.36,7580.53,5913.67,5124.98,8449.9,9183.47,6469.08,2611.78,7055.13,1e+09,7936.63,8692.48
16728.29,31169.79,32301.07,26563.99,43919.49,9426.47,15647.98,7597.4,10572.37,12771.65,15607.84,13613.9,6773.76,15800.05,6899,22237.38,23580.43,5383.95,10695.24,8793.47,7803.71,14481.28,13034.95,11434.33,15836.89,16840.73,13741.92,10703.92,14091.17,10407.92,9482.86,6178.69,6720.31,7133.89,9639.82,11158.82,8508.51,9466.82,9824.07,11235.22,7379.2,8290.33,6061.8,12120.29,10930.47,7580.48,7992.31,11972.67,11318.2,7631.9,11561.75,7936.63,1e+09,4552.8
22620.13,37840.28,38359.97,31225.3,50589.98,12020.11,13183.41,6426.92,9571.99,17038.65,21435.79,17910.38,10299.54,21104.2,5017.84,27610.12,29731.82,5047.58,13245,10196.09,6545.49,19890.88,17061.1,11814.98,19403.2,19421.05,17451.92,14741.2,19083.85,12810.93,12333.55,4625.57,3811.48,9219.5,7032.95,13416.38,8794.12,12396.66,11342.2,15199.03,4415.48,11214.59,5038.52,16039.66,14392,5254.58,4270.87,16918.11,14441.17,6147.13,15034.61,8692.48,4552.8,1e+09
