1e+09,20966.82,23243.08,26801.38,34214.22,57655.2,87185.7,31106.11,31094.31,30738.64,42190.75,49931.85,41340.38,50638.31,27782.62,24276.65,28122.98,45491.21,45803.3,42818.69,47856.66,39730.3,32500.96,23560.06,25215.34,23103.88,38326.12,45240.5,34023.94,30139.31,39014.66,72242.45,77490.37,45217.57,59551.61,41087.09,50697.84,56283.74,54436.68,55281.16,53837.09,46143.6,48936.97,43073.68,37062.24,46935.22,51026.75,40768.55,48594.81,41947.82,52102.47,45819.85,60743.7,66920.44
20966.82,1e+09,9570.08,14006.66,19107.36,98526.53,147991.32,70129.76,69205.1,46687.7,101651.2,105507.11,98794.52,108323.93,77157.64,55280.49,52725.05,102909.47,104128.62,99093.16,108767.05,97033.49,71511.64,44824.69,29123.46,28246.19,86220.63,106150.89,79043.03,63638.61,93517.13,132149.62,138400.76,104011.28,120462,96569.39,110497.23,116582.74,111896.55,115689.23,114747.48,107053.99,109847.36,103984.07,95241.65,105200.43,111937.14,98225.85,109455.34,101622.85,112579.49,99679.42,117971.39,127830.83
23243.08,9570.08,1e+09,6838.18,10314.63,115119.1,158892.9,81369.43,80444.77,57923.14,112264.6,115768.48,109137.19,120862.07,88397.31,66344.81,63941.38,114416.59,114657.65,111344.05,119411.97,108071.62,82469.34,56105.51,40801.76,38812.39,96361.24,117390.56,90282.7,75624.71,104756.8,141482.09,148879.93,112938.64,130797.54,107183.67,119402.9,125936.19,124035.65,124224.18,125987.15,118293.66,120823.03,115223.74,106481.32,115254.94,122860.4,109492.51,120038.8,112862.52,121852.4,109533.92,129598.75,136654.09
26801.38,14006.66,6838.18,1e+09,5855.68,124831.34,164415.9,86449.57,85524.91,63007.51,118139.68,125252.23,115114.33,127915.64,93477.45,71600.3,69044.86,120874,121775.02,117102.59,125086.86,113353.3,87831.45,61984.46,47350.67,44566,104083.81,122470.7,95362.84,81572.09,109836.94,149613.05,154720.57,120331.09,136781.81,112940,126817.04,133694.85,131595.6,132067.98,131067.29,123373.8,126167.17,120303.88,111561.46,123240.76,128256.95,115360.84,125968.09,117942.66,129369.26,117903.12,138189.76,144150.64
34214.22,19107.36,10314.63,5855.68,1e+09,133469.35,178540.23,100573.9,99649.24,77131.84,132264.01,139322.57,129238.66,140316.87,107601.78,85724.63,83169.19,134853.17,135322.54,130287.08,139211.19,127477.63,101955.78,76018.61,61067.16,58690.33,118208.14,136595.03,109487.17,94832.53,123961.27,163737.38,168844.9,134455.42,150906.14,127064.33,140941.37,147780.13,143840.25,146192.31,145191.62,137498.13,140291.5,134428.21,125685.79,137365.09,142381.28,129419.77,140092.42,132066.99,143493.59,131767.61,150664.87,158274.97
57655.2,98526.53,115119.1,124831.34,133469.35,1e+09,37552.95,22942.91,20834.05,43191.05,8223.69,6135.47,7338.23,9574.88,16862.41,29862.12,32424.71,15864.29,5532.92,6920.39,12995.99,10111.82,20587.34,39581.06,57543.98,54061.12,9266.02,10372.12,13851.48,24376.57,10264.61,14409.28,21628.81,6088.07,10144.46,8042.11,7180.52,7066.05,7600.1,5704.6,13554.37,10094.2,12430.5,9980.5,8420.89,6189.9,15256.53,8147.85,9931.65,7991.84,6404.89,5593.81,7681.72,10615.12
87185.7,147991.32,158892.9,164415.9,178540.23,37552.95,1e+09,57360.33,68360.54,94048.73,42714.05,37107.55,45361.62,37757.15,45667.6,70712.63,74948.4,29707.81,42747.4,45807.38,33669.44,39719.62,63619.67,83884.25,104031.82,100997.72,55962.71,35287.99,63751.39,67825.5,43806.85,12282.81,6387.13,45051.3,21352.27,45023.98,28519.38,27891.87,34551.58,30240.52,27942.66,36563.98,31401.24,41467.07,48268.99,43108.61,29264.66,44831.5,37052.31,37768.36,36629.4,47721.5,28712.99,16305
31106.11,70129.76,81369.43,86449.57,100573.9,22942.91,57360.33,1e+09,4288.14,16698.2,15743.52,20802.96,15246.74,21493.71,5628.14,7801.72,12350.1,16109.64,19277.38,15034.12,18491.21,11888.96,4329.69,12644.2,26833.48,23824.85,10604.8,16015.37,6914.9,4445.4,12157.76,42557.48,47665,17305.25,29726.24,13451.08,21474.27,27107.14,24758.37,26057.59,24011.72,16326.39,19204.84,14868.62,11935.89,19677.31,21201.38,13765.81,19053.74,13007.52,23541.31,18049.09,31144.49,37095.07
31094.31,69205.1,80444.77,85524.91,99649.24,20834.05,68360.54,4288.14,1e+09,15773.54,21999.12,27018.8,19225.02,28830.46,7951.34,8151.75,10904.14,23458.77,24519.22,19505.73,29197.55,17463.99,3439.52,9235.22,24867.43,21474.11,9290.49,26581.39,4827.18,4753.13,13947.63,52550.95,58831.26,24441.78,40892.5,16991.63,30927.73,36891.39,32445.85,35839.18,35177.98,27484.49,30277.86,24414.57,15672.15,25973.74,32367.64,18638.42,29745.39,22053.35,32727.52,20434.68,38657.42,48261.33
30738.64,46687.7,57923.14,63007.51,77131.84,43191.05,94048.73,16698.2,15773.54,1e+09,47102.13,49322.1,43911.05,53765.21,23726.08,9245.03,7145.18,48843.27,48414.67,45344.28,54413.18,43307.89,17678.8,8594.5,6983.66,10269.8,30480.2,52719.33,25423.4,12025.09,39957.05,75538.01,83699.29,47240.73,65609.89,41960.54,53697.76,60049.66,56500.2,58375.82,61315.92,53619.73,56038.48,50552.51,41810.09,49409.88,57933.17,44305.4,54980.53,47821.75,56163.66,42925.04,61990.8,70921.48
42190.75,101651.2,112264.6,118139.68,132264.01,8223.69,42714.05,15743.52,21999.12,47102.13,1e+09,6646.78,3497.87,5215.94,10392.09,22948.38,27376.51,8647.12,2814.11,2635.84,5645.66,3772.06,16804.84,36037.4,56102.19,52295.24,9957.47,4854.28,15741.29,20725.9,4007.02,21408.24,29850.86,4205.61,12545.9,2960.25,6220.33,8137.66,6586.95,7230.8,9652.8,4897.61,6135.39,2848.72,2721.19,3672.93,8480.81,2511.27,5017.78,2688.35,5953.52,4647.37,8995.9,17152.97
49931.85,105507.11,115768.48,125252.23,139322.57,6135.47,37107.55,20802.96,27018.8,49322.1,6646.78,1e+09,5688.83,4345.75,12147.73,27825.84,29906.98,9544.34,4866.43,6094.73,4328.07,6782.37,21644.08,38407.98,58555.55,53593.63,12082.77,4036.25,16321.95,25378.3,8402.82,14902.78,23895.89,3845.66,8946.22,7788.07,3768.77,5435.71,3918.83,5255.92,5895.84,4010.71,3608.54,4310.71,8532.76,4909.21,5733.29,7427.7,3215.08,4105.98,4312.41,4637.06,5378.76,12378
41340.38,98794.52,109137.19,115114.33,129238.66,7338.23,45361.62,15246.74,19225.02,43911.05,3497.87,5688.83,1e+09,6105.62,8874.4,19706.03,22891.42,10765.26,3278.16,3070.78,7669.24,3330.28,13695.3,31776.69,51924.26,48131.21,8333.63,6304.41,12499.37,17409.97,4009.75,24189.9,33125.46,2993.35,15312.5,3214.2,6551.78,10071.48,8271.66,9281.37,12310.71,5992.41,7585.62,4142.84,3106.71,5230.95,10793.87,3588.64,6292.06,2568.67,7215.67,3441.14,11565.58,20192.37
50638.31,108323.93,120862.07,127915.64,140316.87,9574.88,37757.15,21493.71,28830.46,53765.21,5215.94,4345.75,6105.62,1e+09,14161.73,32227.42,35503.27,9434.66,3906.94,4790.24,4013.33,7238.93,24678.55,44972.25,64944.99,61380.84,14956.64,2731.1,22654.04,29230.17,10672.83,12258.7,22456.99,4947.02,6542.86,8739.15,4678.26,4127.91,3294.15,4764.35,6018.77,2681.45,4533.19,3284.17,6993.57,3486.52,5263.7,5006.3,2675.48,4670.56,1992.85,6211.46,3754.61,9041.43
27782.62,77157.64,88397.31,93477.45,107601.78,16862.41,45667.6,5628.14,7951.34,23726.08,10392.09,12147.73,8874.4,14161.73,1e+09,11399.01,16592.54,12530.51,11046.34,10035.92,12157.83,7389.99,8188.99,19021.19,35525.58,31777.11,7740.96,10676.51,8664.08,7468.46,8753.25,26452.68,33302.78,9691.8,18546.26,9963.99,11926.01,14782.64,14676.87,13307.15,14104.6,11371.44,11616.16,10027.4,6970.93,11964.46,14560.36,10020.81,12846.1,7427.76,13318.15,11171.04,17584.58,22213.74
24276.65,55280.49,66344.81,71600.3,85724.63,29862.12,70712.63,7801.72,8151.75,9245.03,22948.38,27825.84,19706.03,32227.42,11399.01,1e+09,6357.32,26612.29,24887.05,22547.71,30777.32,19674.45,8308.78,7459.73,16058.05,16470.34,15460.85,29284.78,11460.87,6522.55,16587.19,51711.49,59109.33,23504.94,41302.12,18126.49,29814.98,36165.59,34719.43,34453.58,37409.8,29230.28,32555.1,26272.56,18387.65,26058.24,34229.62,20301.72,31253.58,23197.58,32233.15,21831.72,39828.15,46883.49
28122.98,52725.05,63941.38,69044.86,83169.19,32424.71,74948.4,12350.1,10904.14,7145.18,27376.51,29906.98,22891.42,35503.27,16592.54,6357.32,1e+09,33784.64,28007.23,25596.62,35785.1,22838.77,11600.16,5855.13,13891.51,13774.93,17560.64,33153.44,12860.1,8824.05,20155.12,54784.92,62634.16,26582.11,44912.54,21364.14,33039.14,39385.11,37861.98,37717.2,41704.49,33826.14,36177.64,29797.39,21951.07,30536.76,39723.48,25520.29,34970.15,26722.41,35411.67,23339.58,42561.31,50262.86
45491.21,102909.47,114416.59,120874,134853.17,15864.29,29707.81,16109.64,23458.77,48843.27,8647.12,9544.34,10765.26,9434.66,12530.51,26612.29,33784.64,1e+09,11048.12,8995.1,6486.3,6398.41,20798.41,40808.67,60459.56,56258.32,11094.19,6722.96,17950.43,23392.19,9796.38,13406.55,17438.63,12334.08,9465.4,9521.88,8233.3,9009.83,10133.63,7525.8,5531.02,7480.77,5901.79,7883.8,9403.08,9652.3,5430.48,6774.44,8561.94,6414.7,11361.48,12356.06,11286.39,10632.93
45803.3,104128.62,114657.65,121775.02,135322.54,5532.92,42747.4,19277.38,24519.22,48414.67,2814.11,4866.43,3278.16,3906.94,11046.34,24887.05,28007.23,11048.12,1e+09,2456.59,5530.39,5371.76,18445.48,37297.15,57444.72,53146.23,11266.68,5583.9,16603.9,22930.43,6160.96,17870.11,28918.09,2804.45,11224.07,5029.82,5949.22,5249.82,4000.87,6527.35,10016.05,4672.21,6171.3,2651.53,3061.96,2723.05,9162.91,4607.12,4396.01,3923.84,3425.87,3156.8,5968.89,13962.46
42818.69,99093.16,111344.05,117102.59,130287.08,6920.39,45807.38,15034.12,19505.73,45344.28,2635.84,6094.73,3070.78,4790.24,10035.92,22547.71,25596.62,8995.1,2456.59,1e+09,6770.04,3410.5,15013.47,34957.81,54520.13,51277.56,7617.91,5795.72,13660.2,19895.72,5200.4,21419.32,32467.3,1933.57,14598.03,3179.95,8510.5,7529.92,5971.02,7745.6,12959.21,4624.34,7319.46,3056.68,2533.55,2682.9,10001.62,2271.07,5279.37,3395.18,4542.48,3464.67,8610.51,17481.61
47856.66,108767.05,119411.97,125086.86,139211.19,12995.99,33669.44,18491.21,29197.55,54413.18,5645.66,4328.07,7669.24,4013.33,12157.83,30777.32,35785.1,6486.3,5530.39,6770.04,1e+09,6800.49,24330.46,44693.81,64841.38,61013.24,16658.34,4311.04,24070.75,28156.05,9578.39,14705.64,23606.69,6861.21,8502.32,8953.2,4145.48,5316.6,4509.26,5935.14,3239.46,1662.52,1829.13,4231.84,8196.67,4833.75,2883.82,6367.61,2611.53,2958.99,4874.09,8588.04,6003.48,12622.97
39730.3,97033.49,108071.62,113353.3,127477.63,10111.82,39719.62,11888.96,17463.99,43307.89,3772.06,6782.37,3330.28,7238.93,7389.99,19674.45,22838.77,6398.41,5371.76,3410.5,6800.49,1e+09,12543.55,31724.04,51871.61,48648.02,6482,4217.42,12446.72,17004.22,3432.61,20685.02,27354.8,4997.49,11921.67,3312.21,6244.35,10217.58,7955.67,8266.9,8517.26,6090.84,6259.14,4598.6,2691.94,7125.72,9183.44,4000.41,7096.9,2994.95,8271.71,5122.93,12175.54,16356.41
32500.96,71511.64,82469.34,87831.45,101955.78,20587.34,63619.67,4329.69,3439.52,17678.8,16804.84,21644.08,13695.3,24678.55,8188.99,8308.78,11600.16,20798.41,18445.48,15013.47,24330.46,12543.55,1e+09,13954.21,28804.63,25065.93,8856.24,22012.5,5969.48,4362.15,10060.96,45273.45,53059.84,17492.35,35039.19,11676.28,23652.47,29835.93,27549.97,28230.87,30593.91,22755.18,25337.32,19449.27,11111.25,19651.43,27897.06,14060.27,24316.16,16850.13,25742.42,14839.37,33012.13,40776.53
23560.06,44824.69,56105.51,61984.46,76018.61,39581.06,83884.25,12644.2,9235.22,8594.5,36037.4,38407.98,31776.69,44972.25,19021.19,7459.73,5855.13,40808.67,37297.15,34957.81,44693.81,31724.04,13954.21,1e+09,11280.02,11695.16,20848.4,42038.71,14615.08,10483.64,28309.01,64121.59,71519.43,35578.14,53797.81,30352.06,42042.4,48575.69,47298.89,46863.68,50589.76,42038.62,45062.91,38682.66,30836.34,39145.3,48229.1,33508.3,44060.7,35607.68,44643.25,32173.42,52238.25,59293.59
25215.34,29123.46,40801.76,47350.67,61067.16,57543.98,104031.82,26833.48,24867.43,6983.66,56102.19,58555.55,51924.26,64944.99,35525.58,16058.05,13891.51,60459.56,57444.72,54520.13,64841.38,51871.61,28804.63,11280.02,1e+09,4809.47,40233.61,62157.91,33840.15,22599.64,48373.8,84269.16,91667,55725.71,73945.38,50499.63,62189.97,68723.26,67186.65,67011.25,70598.39,62103.41,65210.48,58830.23,50983.91,59127.31,68211.11,53490.31,64126.71,55755.25,64790.82,52320.99,72385.82,79441.16
23103.88,28246.19,38812.39,44566,58690.33,54061.12,100997.72,23824.85,21474.11,10269.8,52295.24,53593.63,48131.21,61380.84,31777.11,16470.34,13774.93,56258.32,53146.23,51277.56,61013.24,48648.02,25065.93,11695.16,4809.47,1e+09,35776.05,59101.72,30380.66,20057.68,44934.16,79758.17,87919.45,51460.89,70270.21,46791.94,57917.92,64336.37,63278.36,62595.98,67267.93,58728.02,62161.89,55609.32,48061.7,54582,64559.61,49692.64,60560.99,52296.42,60534.98,47656.57,67571.01,75141.64
38326.12,86220.63,96361.24,104083.81,118208.14,9266.02,55962.71,10604.8,9290.49,30480.2,9957.47,12082.77,8333.63,14956.64,7740.96,15460.85,17560.64,11094.19,11266.68,7617.91,16658.34,6482,8856.24,20848.4,40233.61,35776.05,1e+09,14733.28,4073.77,10551.74,6587.5,36293.57,46983.15,9771.83,28431.36,6977.86,16019.22,21473.95,17917.8,19456.78,23329.87,15636.38,18131.32,12566.46,4651.92,10092.12,20317.32,7421.75,16625.01,10678.52,16923.72,6468.99,23091.96,32355.86
45240.5,106150.89,117390.56,122470.7,136595.03,10372.12,35287.99,16015.37,26581.39,52719.33,4854.28,4036.25,6304.41,2731.1,10676.51,29284.78,33153.44,6722.96,5583.9,5795.72,4311.04,4217.42,22012.5,42038.71,62157.91,59101.72,14733.28,1e+09,22449.69,26417.42,8018.22,11636.76,20963.35,5886.52,5882.36,7454.62,4316.64,4713.28,3773.35,4419.62,4671.95,2974.61,3957.68,3973.41,7351.06,4915.6,5100.7,4938.94,3140.61,4646.04,2322.62,8377.24,4270.41,8376.59
34023.94,79043.03,90282.7,95362.84,109487.17,13851.48,63751.39,6914.9,4827.18,25423.4,15741.29,16321.95,12499.37,22654.04,8664.08,11460.87,12860.1,17950.43,16603.9,13660.2,24070.75,12446.72,5969.48,14615.08,33840.15,30380.66,4073.77,22449.69,1e+09,6196.58,8726.72,42787.32,52242.11,15373.21,34467.03,10600.97,21808.55,27882.48,24921.76,26056.95,30606.84,22395.19,25705.14,19405.34,11395.97,16873.89,27523.05,12719.39,23812.46,16330.36,23729.34,10967.73,29833.36,38949.86
30139.31,63638.61,75624.71,81572.09,94832.53,24376.57,67825.5,4445.4,4753.13,12025.09,20725.9,25378.3,17409.97,29230.17,7468.46,6522.55,8824.05,23392.19,22930.43,19895.72,28156.05,17004.22,4362.15,10483.64,22599.64,20057.68,10551.74,26417.42,6196.58,1e+09,13908.68,49754.87,57152.71,21211.42,39212.57,15580.22,27675.68,34208.97,31976.46,32496.96,35014.01,27108.66,29755.63,24169.03,15508.18,23716.24,31608.35,18079.24,28877.14,21240.96,30276.53,18985.96,37802.8,44926.87
39014.66,93517.13,104756.8,109836.94,123961.27,10264.61,43806.85,12157.76,13947.63,39957.05,4007.02,8402.82,4009.75,10672.83,8753.25,16587.19,20155.12,9796.38,6160.96,5200.4,9578.39,3432.61,10060.96,28309.01,48373.8,44934.16,6587.5,8018.22,8726.72,13908.68,1e+09,22838.59,30999.87,6916,14997.58,1973.36,6508.73,10570.77,11252.43,8633.2,11631.54,9951.61,9548.47,7921.4,3661.36,8257.11,11766.4,4136.33,9806.33,4041.75,10353.87,5733.59,13437.9,18962.73
72242.45,132149.62,141482.09,149613.05,163737.38,14409.28,12282.81,42557.48,52550.95,75538.01,21408.24,14902.78,24189.9,12258.7,26452.68,51711.49,54784.92,13406.55,17870.11,21419.32,14705.64,20685.02,45273.45,64121.59,84269.16,79758.17,36293.57,11636.76,42787.32,49754.87,22838.59,1e+09,4343.91,20077.23,4983.59,25261.32,11245.19,9900.1,9856.31,8594.57,8424.23,16123.47,14801.31,19827.95,25810.21,17150.39,13323.9,24627.34,14381.08,18814.43,11585.41,21988.62,5976.11,3252.99
77490.37,138400.76,148879.93,154720.57,168844.9,21628.81,6387.13,47665,58831.26,83699.29,29850.86,23895.89,33125.46,22456.99,33302.78,59109.33,62634.16,17438.63,28918.09,32467.3,23606.69,27354.8,53059.84,71519.43,91667,87919.45,46983.15,20963.35,52242.11,57152.71,30999.87,4343.91,1e+09,31125.21,7437.33,32659.16,15454.27,15718.14,19170.59,15537.43,14345.32,26575.07,20983.19,29425.23,36050.71,28198.37,18860.98,34527.23,25332.9,27651.53,21218.01,33036.6,12455.49,5318
45217.57,104011.28,112938.64,120331.09,134455.42,6088.07,45051.3,17305.25,24441.78,47240.73,4205.61,3845.66,2993.35,4947.02,9691.8,23504.94,26582.11,12334.08,2804.45,1933.57,6861.21,4997.49,17492.35,35578.14,55725.71,51460.89,9771.83,5886.52,15373.21,21211.42,6916,20077.23,31125.21,1e+09,13340.29,4945.75,5857.57,7956.43,5657.3,7919.15,12130.5,3833.74,6610.64,2836.91,3915.03,2643.33,9281.26,4391.41,4794.93,2467.21,4530.59,2316.11,8237.39,16139.52
59551.61,120462,130797.54,136781.81,150906.14,10144.46,21352.27,29726.24,40892.5,65609.89,12545.9,8946.22,15312.5,6542.86,18546.26,41302.12,44912.54,9465.4,11224.07,14598.03,8502.32,11921.67,35039.19,53797.81,73945.38,70270.21,28431.36,5882.36,34467.03,39212.57,14997.58,4983.59,7437.33,13340.29,1e+09,15757.4,5087.43,4884.06,5905.3,5002.7,4879.87,8818.8,6555.26,11798.27,18147.07,10685.91,7020.09,16570.39,7948.53,11458.87,5873.05,15387.55,3840.01,2565.78
41087.09,96569.39,107183.67,112940,127064.33,8042.11,45023.98,13451.08,16991.63,41960.54,2960.25,7788.07,3214.2,8739.15,9963.99,18126.49,21364.14,9521.88,5029.82,3179.95,8953.2,3312.21,11676.28,30352.06,50499.63,46791.94,6977.86,7454.62,10600.97,15580.22,1973.36,25261.32,32659.16,4945.75,15757.4,1e+09,6302.41,11575.13,10586.9,9644.54,12142.71,9099.84,9118.41,6503.47,3385.85,6358.15,11672.57,2987.43,8722.62,3123.86,9871.37,3055.27,13041.49,20676.9
50697.84,110497.23,119402.9,126817.04,140941.37,7180.52,28519.38,21474.27,30927.73,53697.76,6220.33,3768.77,6551.78,4678.26,11926.01,29814.98,33039.14,8233.3,5949.22,8510.5,4145.48,6244.35,23652.47,42042.4,62189.97,57917.92,16019.22,4316.64,21808.55,27675.68,6508.73,11245.19,15454.27,5857.57,5087.43,6302.41,1e+09,4924.24,5738.72,4476.36,5269.28,4771.17,3488.19,5609.27,10026.52,5522.93,5668.98,9160.18,4991.96,3961.75,4791.83,6760.62,6530.4,7982.43
56283.74,116582.74,125936.19,133694.85,147780.13,7066.05,27891.87,27107.14,36891.39,60049.66,8137.66,5435.71,10071.48,4127.91,14782.64,36165.59,39385.11,9009.83,5249.82,7529.92,5316.6,10217.58,29835.93,48575.69,68723.26,64336.37,21473.95,4713.28,27882.48,34208.97,10570.77,9900.1,15718.14,7956.43,4884.06,11575.13,4924.24,1e+09,3545.41,3351.17,3768.71,5768.87,5276.38,7156.78,10919.48,4790.91,4615.34,10962.47,4833.6,7021.76,3779.89,8129.5,3447.2,7602.94
54436.68,111896.55,124035.65,131595.6,143840.25,7600.1,34551.58,24758.37,32445.85,56500.2,6586.95,3918.83,8271.66,3294.15,14676.87,34719.43,37861.98,10133.63,4000.87,5971.02,4509.26,7955.67,27549.97,47298.89,67186.65,63278.36,17917.8,3773.35,24921.76,31976.46,11252.43,9856.31,19170.59,5657.3,5905.3,10586.9,5738.72,3545.41,1e+09,4431.39,4923.95,4325.82,3993.37,4732.66,8718.81,4221.9,5702.75,8009.68,3864.18,5992.99,2859.67,6821.6,3303.73,7465.47
55281.16,115689.23,124224.18,132067.98,146192.31,5704.6,30240.52,26057.59,35839.18,58375.82,7230.8,5255.92,9281.37,4764.35,13307.15,34453.58,37717.2,7525.8,6527.35,7745.6,5935.14,8266.9,28230.87,46863.68,67011.25,62595.98,19456.78,4419.62,26056.95,32496.96,8633.2,8594.57,15537.43,7919.15,5002.7,9644.54,4476.36,3351.17,4431.39,1e+09,3679.96,6769.56,4733.08,8406.91,11454.66,6341.62,5382.48,11084.32,5380.2,6535.5,3463.8,8236.56,3261.98,6159.88
53837.09,114747.48,125987.15,131067.29,145191.62,13554.37,27942.66,24011.72,35177.98,61315.92,9652.8,5895.84,12310.71,6018.77,14104.6,37409.8,41704.49,5531.02,10016.05,12959.21,3239.46,8517.26,30593.91,50589.76,70598.39,67267.93,23329.87,4671.95,30606.84,35014.01,11631.54,8424.23,14345.32,12130.5,4879.87,12142.71,5269.28,3768.71,4923.95,3679.96,1e+09,4656.11,2387.67,8147.4,15084.83,9581.02,1803.1,12254.93,4800.71,6091.44,5578.18,15069.82,3750.72,5999.32
46143.6,107053.99,118293.66,123373.8,137498.13,10094.2,36563.98,16326.39,27484.49,53619.73,4897.61,4010.71,5992.41,2681.45,11371.44,29230.28,33826.14,7480.77,4672.21,4624.34,1662.52,6090.84,22755.18,42038.62,62103.41,58728.02,15636.38,2974.61,22395.19,27108.66,9951.61,16123.47,26575.07,3833.74,8818.8,9099.84,4771.17,5768.87,4325.82,6769.56,4656.11,1e+09,2066.13,2122.19,6702.1,3354.86,2363.82,4530.62,1625.87,2811.29,3894.51,6871.82,6440.77,12413.99
48936.97,109847.36,120823.03,126167.17,140291.5,12430.5,31401.24,19204.84,30277.86,56038.48,6135.39,3608.54,7585.62,4533.19,11616.16,32555.1,36177.64,5901.79,6171.3,7319.46,1829.13,6259.14,25337.32,45062.91,65210.48,62161.89,18131.32,3957.68,25705.14,29755.63,9548.47,14801.31,20983.19,6610.64,6555.26,9118.41,3488.19,5276.38,3993.37,4733.08,2387.67,2066.13,1e+09,3914.32,10162.6,6448.26,2492.26,7126.53,2673.11,3348.62,5456.87,9324.06,4839.98,11548.62
43073.68,103984.07,115223.74,120303.88,134428.21,9980.5,41467.07,14868.62,24414.57,50552.51,2848.72,4310.71,4142.84,3284.17,10027.4,26272.56,29797.39,7883.8,2651.53,3056.68,4231.84,4598.6,19449.27,38682.66,58830.23,55609.32,12566.46,3973.41,19405.34,24169.03,7921.4,19827.95,29425.23,2836.91,11798.27,6503.47,5609.27,7156.78,4732.66,8406.91,8147.4,2122.19,3914.32,1e+09,3768.69,2909.41,6397.7,3352.29,2818.21,3115.6,5233.27,4462.99,7418.23,16141.61
37062.24,95241.65,106481.32,111561.46,125685.79,8420.89,48268.99,11935.89,15672.15,41810.09,2721.19,8532.76,3106.71,6993.57,6970.93,18387.65,21951.07,9403.08,3061.96,2533.55,8196.67,2691.94,11111.25,30836.34,50983.91,48061.7,4651.92,7351.06,11395.97,15508.18,3661.36,25810.21,36050.71,3915.03,18147.07,3385.85,10026.52,10919.48,8718.81,11454.66,15084.83,6702.1,10162.6,3768.69,1e+09,4830.7,11777.41,2763.9,7874.77,4196.96,7454.73,4433.38,12729.54,21846.04
46935.22,105200.43,115254.94,123240.76,137365.09,6189.9,43108.61,19677.31,25973.74,49409.88,3672.93,4909.21,5230.95,3486.52,11964.46,26058.24,30536.76,9652.3,2723.05,2682.9,4833.75,7125.72,19651.43,39145.3,59127.31,54582,10092.12,4915.6,16873.89,23716.24,8257.11,17150.39,28198.37,2643.33,10685.91,6358.15,5522.93,4790.91,4221.9,6341.62,9581.02,3354.86,6448.26,2909.41,4830.7,1e+09,6999.73,4200.97,3864.07,4128.44,3323.75,4032.03,4958.78,13212.68
51026.75,111937.14,122860.4,128256.95,142381.28,15256.53,29264.66,21201.38,32367.64,57933.17,8480.81,5733.29,10793.87,5263.7,14560.36,34229.62,39723.48,5430.48,9162.91,10001.62,2883.82,9183.44,27897.06,48229.1,68211.11,64559.61,20317.32,5100.7,27523.05,31608.35,11766.4,13323.9,18860.98,9281.26,7020.09,11672.57,5668.98,4615.34,5702.75,5382.48,1803.1,2363.82,2492.26,6397.7,11777.41,6999.73,1e+09,8899.37,3308.65,5103.64,6305.27,12128.5,6008.24,10591.39
40768.55,98225.85,109492.51,115360.84,129419.77,8147.85,44831.5,13765.81,18638.42,44305.4,2511.27,7427.7,3588.64,5006.3,10020.81,20301.72,25520.29,6774.44,4607.12,2271.07,6367.61,4000.41,14060.27,33508.3,53490.31,49692.64,7421.75,4938.94,12719.39,18079.24,4136.33,24627.34,34527.23,4391.41,16570.39,2987.43,9160.18,10962.47,8009.68,11084.32,12254.93,4530.62,7126.53,3352.29,2763.9,4200.97,8899.37,1e+09,5753.15,2958.83,7269.07,4566.18,12061.16,20830.76
48594.81,109455.34,120038.8,125968.09,140092.42,9931.65,37052.31,19053.74,29745.39,54980.53,5017.78,3215.08,6292.06,2675.48,12846.1,31253.58,34970.15,8561.94,4396.01,5279.37,2611.53,7096.9,24316.16,44060.7,64126.71,60560.99,16625.01,3140.61,23812.46,28877.14,9806.33,14381.08,25332.9,4794.93,7948.53,8722.62,4991.96,4833.6,3864.18,5380.2,4800.71,1625.87,2673.11,2818.21,7874.77,3864.07,3308.65,5753.15,1e+09,3144.26,3526.13,7172.88,5257.67,10806.19
41947.82,101622.85,112862.52,117942.66,132066.99,7991.84,37768.36,13007.52,22053.35,47821.75,2688.35,4105.98,2568.67,4670.56,7427.76,23197.58,26722.41,6414.7,3923.84,3395.18,2958.99,2994.95,16850.13,35607.68,55755.25,52296.42,10678.52,4646.04,16330.36,21240.96,4041.75,18814.43,27651.53,2467.21,11458.87,3123.86,3961.75,7021.76,5992.99,6535.5,6091.44,2811.29,3348.62,3115.6,4196.96,4128.44,5103.64,2958.83,3144.26,1e+09,5491.34,4263.82,8452.5,15673.29
52102.47,112579.49,121852.4,129369.26,143493.59,6404.89,36629.4,23541.31,32727.52,56163.66,5953.52,4312.41,7215.67,1992.85,13318.15,32233.15,35411.67,11361.48,3425.87,4542.48,4874.09,8271.71,25742.42,44643.25,64790.82,60534.98,16923.72,2322.62,23729.34,30276.53,10353.87,11585.41,21218.01,4530.59,5873.05,9871.37,4791.83,3779.89,2859.67,3463.8,5578.18,3894.51,5456.87,5233.27,7454.73,3323.75,6305.27,7269.07,3526.13,5491.34,1e+09,5886.52,3205.28,8022.25
45819.85,99679.42,109533.92,117903.12,131767.61,5593.81,47721.5,18049.09,20434.68,42925.04,4647.37,4637.06,3441.14,6211.46,11171.04,21831.72,23339.58,12356.06,3156.8,3464.67,8588.04,5122.93,14839.37,32173.42,52320.99,47656.57,6468.99,8377.24,10967.73,18985.96,5733.59,21988.62,33036.6,2316.11,15387.55,3055.27,6760.62,8129.5,6821.6,8236.56,15069.82,6871.82,9324.06,4462.99,4433.38,4032.03,12128.5,4566.18,7172.88,4263.82,5886.52,1e+09,9182.65,18050.91
60743.7,117971.39,129598.75,138189.76,150664.87,7681.72,28712.99,31144.49,38657.42,61990.8,8995.9,5378.76,11565.58,3754.61,17584.58,39828.15,42561.31,11286.39,5968.89,8610.51,6003.48,12175.54,33012.13,52238.25,72385.82,67571.01,23091.96,4270.41,29833.36,37802.8,13437.9,5976.11,12455.49,8237.39,3840.01,13041.49,6530.4,3447.2,3303.73,3261.98,3750.72,6440.77,4839.98,7418.23,12729.54,4958.78,6008.24,12061.16,5257.67,8452.5,3205.28,9182.65,1e+09,3887.97
66920.44,127830.83,136654.09,144150.64,158274.97,10615.12,16305,37095.07,48261.33,70921.48,17152.97,12378,20192.37,9041.43,22213.74,46883.49,50262.86,10632.93,13962.46,17481.61,12622.97,16356.41,40776.53,59293.59,79441.16,75141.64,32355.86,8376.59,38949.86,44926.87,18962.73,3252.99,5318,16139.52,2565.78,20676.9,7982.43,7602.94,7465.47,6159.88,5999.32,12413.99,11548.62,16141.61,21846.04,13212.68,10591.39,20830.76,10806.19,15673.29,8022.25,18050.91,3887.97,1e+09
