1e+09,69767.87,80267.73,92222.1,107660.17,116793.09,13829.64,26245.24,6727.84,10896.83,25785.52,9430.87,12435.3,2837.76,5448.4,9440.58,11021.24,13676.93,7454.81,7836.55,2740.78,5170.04,8012.46,4750.81,20474.61,39811.98,37186.8,7324.12,4861.76,7344.73,6546.75,6526.52,36053.34,18545.32,2508.51,15601.97,2779.13,7787.16,9979.21,10596.67,14944.14,8304.53,2809.32,8725.72,8684.96,7365.03,9840.13,9150.93,2642.5,5063.81,3554.1,12810.94,3673.06,22769.01
69767.87,1e+09,11647.36,7166.11,13287.2,15255.52,98280.59,113357.91,62863.99,54517.02,43686.03,95991.53,99547.97,79383.69,89640.07,70173.88,37262.49,31672.33,89465.54,93351.92,82624.58,89812.75,92200.72,55421.36,30803.82,22831.72,28619.48,65266.41,80130.29,51634.39,55610.95,90868.3,123166.01,102523.39,75456.91,102714.64,76150.5,93864.75,96321.55,97572.14,102056.81,87388.17,84211.64,96191.79,94932.86,92010.66,97868.63,96987.53,72206.28,83820.27,87530.12,99923.61,85603.16,111123.46
80267.73,11647.36,1e+09,11602.42,20928.57,20415.62,90421.59,123857.77,58946.33,58230.48,40579.18,93620.73,98807.69,84906.3,91132.26,68214.98,39518.2,39884.84,88640.93,90461.87,85675.49,92098.01,89514.22,57793.69,32470.6,18833.69,18698.78,67045.08,88258.87,62134.25,51438.17,88037.21,122277.4,113023.25,84989.06,105814.77,83428.25,101451.95,100082.4,98762.8,103542.11,93520.82,88736.41,95856.28,92821.31,86657.29,91662.1,96038.86,78338.93,89952.92,89806.08,95475.78,86085,105968.69
92222.1,7166.11,11602.42,1e+09,10289.21,11174.02,117634.28,135812.14,80752.45,76971.25,61028.6,115104.4,121848.85,101837.92,112094.3,85891.22,59716.72,53476.44,110131.75,115755.53,105078.81,112266.98,110163.7,77875.59,51850.93,34855.54,36319.74,87720.64,102584.52,74088.62,72259.68,107155.86,145620.24,124977.62,97911.14,125168.87,98604.73,116318.98,118775.78,120026.37,124511.04,107382.48,106665.87,117388.44,116165.71,109057.77,117862.94,117619,92200.59,103814.58,107524.43,121897.71,108057.39,129366.8
107660.17,13287.2,20928.57,10289.21,1e+09,5872.55,135569.55,151250.21,97126.97,92409.32,77403.12,131791.07,137440.27,117275.99,127532.37,102265.74,75154.79,68914.51,127130.57,131244.22,120516.88,127705.05,126850.37,93313.66,68106.44,51112.27,53318.56,103158.71,118022.59,89526.69,88946.35,123530.38,161058.31,140415.69,113349.21,140606.94,114042.8,131757.05,134213.85,135464.44,139949.11,123132.7,122103.94,133138.66,132540.23,125432.29,133613.16,133369.22,107950.81,119564.8,123274.65,137815.91,123495.46,146677.77
116793.09,15255.52,20415.62,11174.02,5872.55,1e+09,133274.07,160383.13,99714.87,99501.18,80665.23,134652.15,140496.56,126177,133022.77,106300.69,80788.9,78047.43,129120.74,133314.35,126946.19,134030.41,129838.19,98768.15,71956.32,53844.53,54843.12,109897.56,127155.51,98659.61,91531.23,127776.14,165129.88,149548.61,122482.13,148667.25,123175.72,140889.97,141353.1,140033.5,145729.38,130837.07,131236.86,137361.58,134882.9,129264.67,134514.58,138027.4,115655.18,127269.17,130979.02,138328.26,127355.7,147239.39
13829.64,98280.59,90421.59,117634.28,135569.55,133274.07,1e+09,20632.6,25085.58,30467.83,46051.22,5959.97,6152.48,11447.76,7548.6,19662.82,37041.14,39615.98,10750.76,7095.85,10164.93,7814.68,7846.28,28943.39,47834.93,68324.7,62881.8,19309.19,9410.26,28271.4,32381.41,9789.1,14267,17181,10999.48,8004.03,13045.57,8480.57,10347.33,8618.73,9406.6,10721.53,8733.17,8333.44,7587.34,6371.96,6122.59,6806.62,13706.98,9647.49,9528.7,7477.28,8573.42,9115.2
26245.24,113357.91,123857.77,135812.14,151250.21,160383.13,20632.6,1e+09,42397.44,49937.53,69375.56,18126.36,15727.1,22059.34,19710.68,25615.81,52118.46,54693.3,11137.33,19715.75,23205.25,18166.32,15923.01,44020.71,62912.25,83402.02,80976.66,42273.98,21502.8,43348.72,47458.73,19287.04,4659.21,3810.19,23222.36,8987.33,21970.47,10663.53,10297.87,16118.47,12453.36,13475.93,20331.23,12350.81,17442.81,24598.18,21096.47,13271.25,25887.84,18833.23,18726.8,19050.68,22592.91,12800.89
6727.84,62863.99,58946.33,80752.45,97126.97,99714.87,25085.58,42397.44,1e+09,4352.43,12594.8,22122.7,28587.5,9743.9,18679.6,6000.42,13181.85,17929.78,17591.52,22391.45,11784.89,18852.28,17267.74,3489.44,17071.04,32908.1,28574.94,5866.88,12251.91,6495.69,4975.87,14326.95,52205.54,31562.92,9432.63,31754.17,8021.62,22904.28,25361.08,26611.67,31096.34,16772.33,13624.8,24081.99,23075.76,16018.8,24556.49,24312.55,5984,13037.45,14365.18,28963.14,14642.69,36601.6
10896.83,54517.02,58230.48,76971.25,92409.32,99501.18,30467.83,49937.53,4352.43,1e+09,11345.75,28583.87,35328.32,15963.31,26219.69,7064.59,9106.63,14816.74,23449.74,29073.52,19204.2,26392.37,23643.17,3720.55,10176.39,24561.13,21141.25,5235.76,16812.61,4872.42,5441.57,20796.81,59660.26,39103.01,13862.15,39294.26,12730.12,30444.37,32898.7,34151.76,38636.43,21346.39,20791.26,31352.35,29806.66,22698.72,30961.81,31582.91,10957.92,17778.49,21488.34,34892.74,22182.78,42523.31
25785.52,43686.03,40579.18,61028.6,77403.12,80665.23,46051.22,69375.56,12594.8,11345.75,1e+09,46094.58,52327.53,35401.34,44853.74,17747.69,6418.73,9452.52,40478.62,45894.25,38642.23,45830.4,41153.88,10900.66,9327.56,16539.01,16202.31,21284.06,36147.94,13711.17,7238.33,38789.35,77389.33,58541.04,31474.56,58732.29,32168.15,49882.4,51854.9,51864.47,57560.35,40302.59,40229.29,49192.55,47186.96,40691.26,47027.03,49858.37,25120.7,36734.69,40444.54,50957.96,39186.67,59070.36
9430.87,95991.53,93620.73,115104.4,131791.07,134652.15,5959.97,18126.36,22122.7,28583.87,46094.58,1e+09,3921.53,7836.26,3543.27,16925.82,34752.08,37095.17,5857.02,2048.23,5649.05,2785.53,4469.72,26460.29,45545.87,66035.64,61426.97,19375.57,7182.9,25037.21,30092.35,4149.3,23560.67,18057.47,7909.93,9140.72,7761.48,6354.23,5361.6,4307.66,6648.19,7992.21,5858.49,3844.95,2342.97,4270.49,3246.13,3114.05,9010.11,5424.16,4426.75,3672.6,4572.11,6212.65
12435.3,99547.97,98807.69,121848.85,137440.27,140496.56,6152.48,15727.1,28587.5,35328.32,52327.53,3921.53,1e+09,8779.1,5194.79,16415.35,38308.52,40883.36,7742.16,4936.6,8977.54,4251.13,5585.1,30210.77,49102.31,69592.08,65166.14,25004.75,7180,29538.78,33648.79,7986.96,17480.17,14793.21,8589.96,6659.59,10494.91,5285.5,4673.92,2388.71,4228.4,6489.86,5816.15,2916.19,3922.76,7946.82,4575.54,2858.4,12077.9,5884.9,6605.12,3065.71,7683.2,3792.21
2837.76,79383.69,84906.3,101837.92,117275.99,126177,11447.76,22059.34,9743.9,15963.31,35401.34,7836.26,8779.1,1e+09,4044.56,7800.94,19330.56,21538.18,6390.87,5883.97,1805.32,3700.13,6702.71,11084.17,28938.03,49427.8,46123.88,9930.92,4093.48,9957.56,13939.07,5347.92,31867.44,16899.38,3067.28,11851.67,2497.54,5762.7,6729.71,7556.33,10758.24,6810.82,2175.16,6046.57,6175.89,6419.15,7987.08,6502.63,3328.26,4334.02,2934.14,9020.98,2875.85,18500.28
5448.4,89640.07,91132.26,112094.3,127532.37,133022.77,7548.6,19710.68,18679.6,26219.69,44853.74,3543.27,5194.79,4044.56,1e+09,12100.35,28400.62,30975.46,6157.13,3274.73,3732.5,3134.37,4820.97,20302.87,39194.41,59684.18,55632.63,16868.42,4316.44,19630.88,23740.89,5193.9,24584.94,17306.69,4429.39,9499.99,5249.31,5682.07,5644.28,3816.95,6833.6,7086.87,3606.96,3939.06,2324.87,4511.69,4143.69,4618.25,5325.47,4315.88,2839.6,3901.2,2970.67,9818.99
9440.58,70173.88,68214.98,85891.22,102265.74,106300.69,19662.82,25615.81,6000.42,7064.59,17747.69,16925.82,16415.35,7800.94,12100.35,1e+09,15735.09,20295.29,12521.95,14451.07,10581.63,10586.72,14211.41,8269.34,19603.19,38045.78,34543.57,8727.74,5126.04,9440.26,7677.3,12514.73,34594.13,17278.37,4455.33,16688.77,7173.47,11027.13,13323.63,14331.61,16037.39,4900.76,7302.96,13995.35,14825.47,14761.09,16984.12,14556.59,6882.78,4356,10054.44,17453.07,11412.79,23448.62
11021.24,37262.49,39518.2,59716.72,75154.79,80788.9,37041.14,52118.46,13181.85,9106.63,6418.73,34752.08,38308.52,19330.56,28400.62,15735.09,1e+09,4709.93,28697.05,32112.47,21690.67,28573.3,31235.33,8314.77,5965.29,13494.01,13367.41,12581.38,20764.77,6479.52,7855.89,29625.84,61926.56,41283.94,16925.79,41475.19,16937.62,32625.3,35082.1,36332.69,40817.36,26891.09,23345.82,34952.34,33693.41,30467.55,36136.8,35748.08,12218.81,23519.3,26083.23,38684.16,24363.71,49851.2
13676.93,31672.33,39884.84,53476.44,68914.51,78047.43,39615.98,54693.3,17929.78,14816.74,9452.52,37095.17,40883.36,21538.18,30975.46,20295.29,4709.93,1e+09,30842.75,34687.31,23959.97,31148.14,33110.23,13329.12,6874.87,8222.57,12046.15,12953.96,22826.15,6946.59,11000.31,31627.29,64501.4,43858.78,19809.67,44050.03,19054.7,35200.14,37656.94,38907.53,43392.2,30503.39,25762.03,37438,36248.88,32990.19,39204.55,38153,16875.35,26927.01,28866.04,41259,26938.55,52263.56
7454.81,89465.54,88640.93,110131.75,127130.57,129120.74,10750.76,11137.33,17591.52,23449.74,40478.62,5857.02,7742.16,6390.87,6157.13,12521.95,28697.05,30842.75,1e+09,5925.74,5153.86,5436.51,4599.93,20382.32,39019.88,59509.65,55811.54,13987.59,8917.21,19456.35,23671.44,5613.18,17534.39,8985.13,8195.43,7144.86,6364.25,5058.4,5580.17,7555.43,7785.78,5306.7,6941.66,6076.03,6220.43,7114.55,7726.94,6089.33,7866.97,7431.62,5941.87,7667.51,5088.09,11218.12
7836.55,93351.92,90461.87,115755.53,131244.22,133314.35,7095.85,19715.75,22391.45,29073.52,45894.25,2048.23,4936.6,5883.97,3274.73,14451.07,32112.47,34687.31,5925.74,1e+09,4788.91,1747.6,4909.58,24014.72,42906.26,63396.03,58662.98,18333.76,6639.76,23342.73,27452.74,4731.47,26265.75,19153.39,5958.48,9189,7596.54,6202.67,6028.87,4536.04,6712.17,7841.78,3749.42,3452.6,2309.72,4123.16,3065.3,3248.54,7924.75,4150.9,4170.83,3201.63,3427.72,9347.48
2740.78,82624.58,85675.49,105078.81,120516.88,126946.19,10164.93,23205.25,11784.89,19204.2,38642.23,5649.05,8977.54,1805.32,3732.5,10581.63,21690.67,23959.97,5153.86,4788.91,1e+09,3913.98,5027.34,13404.34,32178.92,52668.69,48816.42,10426.95,4983.82,12615.39,16725.4,4715.76,33013.35,17669.83,3097.17,12616.56,2976.03,5803.57,7309.16,7731.12,11904.15,7553.46,2567.41,5636.84,4893.82,4904.07,6560.47,6279.71,3086.19,4701.37,2599.74,8888.59,2050.86,17500.67
5170.04,89812.75,92098.01,112266.98,127705.05,134030.41,7814.68,18166.32,18852.28,26392.37,45830.4,2785.53,4251.13,3700.13,3134.37,10586.72,28573.3,31148.14,5436.51,1747.6,3913.98,1e+09,5655.57,20475.55,39367.09,59856.86,55863.14,17518.22,4420.9,19803.56,23913.57,4736.49,25824.43,17244.13,4372.88,8925.58,4340.84,5472.29,5035.77,3944.06,6307.15,6193.83,2791.48,2795.07,2772.37,5509.64,4097.33,3189.91,5213.49,3293.17,2689.22,2922.19,3275.62,8333.14
8012.46,92200.72,89514.22,110163.7,126850.37,129838.19,7846.28,15923.01,17267.74,23643.17,41153.88,4469.72,5585.1,6702.71,4820.97,14211.41,31235.33,33110.23,4599.93,4909.58,5027.34,5655.57,1e+09,21091.67,41755.06,62244.83,57995.77,14649.82,7930.13,20500.04,24728.47,3703.49,23530.25,13435.53,7649.42,8183.85,7302.17,5327.01,5703.65,5099.26,6785.47,6062.3,6583.42,4818.57,4340.65,3322.87,5537.77,5121.25,8112.99,7475.7,3844.79,5788.72,5018.33,8178.05
4750.81,55421.36,57793.69,77875.59,93313.66,98768.15,28943.39,44020.71,3489.44,3720.55,10900.66,26460.29,30210.77,11084.17,20302.87,8269.34,8314.77,13329.12,20382.32,24014.72,13404.34,20475.55,21091.67,1e+09,12454.04,25465.47,22105.44,5234.04,12548.7,5054.7,4222.72,18023.14,53828.81,33186.19,9697.87,33377.44,8894.59,24527.55,26984.35,28234.94,32719.61,18574.52,15417.47,26402,25595.66,19634.89,26876.5,26632.56,6488.36,14998.14,16605.95,30586.41,16265.96,40590.9
20474.61,30803.82,32470.6,51850.93,68106.44,71956.32,47834.93,62912.25,17071.04,10176.39,9327.56,45545.87,49102.31,28938.03,39194.41,19603.19,5965.29,6874.87,39019.88,42906.26,32178.92,39367.09,41755.06,12454.04,1e+09,10675.93,10043.65,15522.15,29684.63,6652.93,11305.31,38765.53,72720.35,52077.73,25507.03,52268.98,25704.84,43419.09,45875.89,47126.48,51611.15,36095.19,33765.98,45746.13,44487.2,40667.44,46575.65,46289.7,22116.52,32527.29,36237.14,49477.95,35157.5,60273.41
39811.98,22831.72,18833.69,34855.54,51112.27,53844.53,68324.7,83402.02,32908.1,24561.13,16539.01,66035.64,69592.08,49427.8,59684.18,38045.78,13494.01,8222.57,59509.65,63396.03,52668.69,59856.86,62244.83,25465.47,10675.93,1e+09,5418.37,35310.52,50174.4,22509.94,26453.42,59521.23,93210.12,72567.5,45501.02,72758.75,46194.61,63908.86,66365.66,67616.25,72100.92,56754.68,54255.75,66235.9,64976.97,61377.17,67235.14,66991.2,41572.79,53186.78,56896.63,69967.72,55647.27,80949.54
37186.8,28619.48,18698.78,36319.74,53318.56,54843.12,62881.8,80976.66,28574.94,21141.25,16202.31,61426.97,65166.14,46123.88,55632.63,34543.57,13367.41,12046.15,55811.54,58662.98,48816.42,55863.14,57995.77,22105.44,10043.65,5418.37,1e+09,31244.43,47015.44,20058.66,23109.58,55598.49,88762.99,70729.09,42542.57,68881.44,43162.37,60672.56,63075.99,63488.52,67992.92,54132.85,50581.96,62114.41,60402.76,56385.56,62121.65,62537.81,38733.67,49902.84,53080.64,65012.13,51499.22,76083.35
7324.12,65266.41,67045.08,87720.64,103158.71,109897.56,19309.19,42273.98,5866.88,5235.76,21284.06,19375.57,25004.75,9930.92,16868.42,8727.74,12581.38,12953.96,13987.59,18333.76,10426.95,17518.22,14649.82,5234.04,15522.15,35310.52,31244.43,1e+09,13697.57,4053.52,5055.07,12982.91,49574.11,31439.46,11736.41,31495.64,8772.95,22780.82,24455.05,24220.35,29450.8,18167.4,14051.49,21700.91,19654.94,14362.74,20281.67,22275.52,9850.74,13527.87,13831.21,23730.95,11745.07,32506.6
4861.76,80130.29,88258.87,102584.52,118022.59,127155.51,9410.26,21502.8,12251.91,16812.61,36147.94,7182.9,7180,4093.48,4316.44,5126.04,20764.77,22826.15,8917.21,6639.76,4983.82,4420.9,7930.13,12548.7,29684.63,50174.4,47015.44,13697.57,1e+09,12905.49,15393.82,6176.16,24751.9,15274.42,4562.9,10356.92,3317.33,7026.38,6669.08,6034.59,8381.78,5899.37,3606.19,7578.7,6806.22,8466.96,6371.74,6957.54,5600.07,5151.48,5603.44,6564.44,6117.96,12057.69
7344.73,51634.39,62134.25,74088.62,89526.69,98659.61,28271.4,43348.72,6495.69,4872.42,13711.17,25037.21,29538.78,9957.56,19630.88,9440.26,6479.52,6946.59,19456.35,23342.73,12615.39,19803.56,20500.04,5054.7,6652.93,22509.94,20058.66,4053.52,12905.49,1e+09,5053.98,17623.12,53156.82,32514.2,9557.35,32705.45,8447.03,23855.56,26312.36,27562.95,32047.62,18161.79,14325.61,25709.27,24923.67,19502.67,26638.93,26182.05,9449.71,14572.69,16300.42,29914.42,15593.97,40162.84
6546.75,55610.95,51438.17,72259.68,88946.35,91531.23,32381.41,47458.73,4975.87,5441.57,7238.33,30092.35,33648.79,13939.07,23740.89,7677.3,7855.89,11000.31,23671.44,27452.74,16725.4,23913.57,24728.47,4222.72,11305.31,26453.42,23109.58,5055.07,15393.82,5053.98,1e+09,21350.15,57266.83,36624.21,11973.62,36815.46,11533.95,27965.57,30422.37,31672.96,36157.63,21177.9,18590.72,30114.64,29033.68,23470.49,30589.14,30345.2,8027.73,17605.76,20250.63,34024.43,19703.98,44303.54
6526.52,90868.3,88037.21,107155.86,123530.38,127776.14,9789.1,19287.04,14326.95,20796.81,38789.35,4149.3,7986.96,5347.92,5193.9,12514.73,29625.84,31627.29,5613.18,4731.47,4715.76,4736.49,3703.49,18023.14,38765.53,59521.23,55598.49,12982.91,6176.16,17623.12,21350.15,1e+09,27705.93,13196.81,8304.23,9918.03,4647.65,5587.34,5266.57,5415.83,7228.49,5315.63,5788.77,5924.82,5013.24,4502.57,6369.24,4822.48,6937.24,5844.86,3487.44,7866.29,4278.23,13955.69
36053.34,123166.01,122277.4,145620.24,161058.31,165129.88,14267,4659.21,52205.54,59660.26,77389.33,23560.67,17480.17,31867.44,24584.94,34594.13,61926.56,64501.4,17534.39,26265.75,33013.35,25824.43,23530.25,53828.81,72720.35,93210.12,88762.99,49574.11,24751.9,53156.82,57266.83,27705.93,1e+09,5689.34,32756.15,8814.76,31296.31,14133.57,14589.42,18911.98,14509.69,18250.56,29213.29,21134.97,25587.03,28767.52,23418.79,19395.68,35695.94,26754.1,28187.06,20419.06,31898.18,10817.97
18545.32,102523.39,113023.25,124977.62,140415.69,149548.61,17181,3810.19,31562.92,39103.01,58541.04,18057.47,14793.21,16899.38,17306.69,17278.37,41283.94,43858.78,8985.13,19153.39,17669.83,17244.13,13435.53,33186.19,52077.73,72567.5,70729.09,31439.46,15274.42,32514.2,36624.21,13196.81,5689.34,1e+09,20948.05,7918.62,14008.83,8724.94,8362.29,13033.01,11096.46,10803.82,18766.27,13915,18179.34,22335.56,21079.09,13449.02,18862.16,16676.61,16081.56,17095.74,19029.83,12052.25
2508.51,75456.91,84989.06,97911.14,113349.21,122482.13,10999.48,23222.36,9432.63,13862.15,31474.56,7909.93,8589.96,3067.28,4429.39,4455.33,16925.79,19809.67,8195.43,5958.48,3097.17,4372.88,7649.42,9697.87,25507.03,45501.02,42542.57,11736.41,4562.9,9557.35,11973.62,8304.23,32756.15,20948.05,1e+09,12810.35,3657.54,7169.16,8894.48,8158.44,11820.85,8428.58,2104.04,5934.49,5345.9,7937.53,7602.94,7047.31,2218.63,3723.05,3360.25,8374,3981.35,17035.33
15601.97,102714.64,105814.77,125168.87,140606.94,148667.25,8004.03,8987.33,31754.17,39294.26,58732.29,9140.72,6659.59,11851.67,9499.99,16688.77,41475.19,44050.03,7144.86,9189,12616.56,8925.58,8183.85,33377.44,52268.98,72758.75,68881.44,31495.64,10356.92,32705.45,36815.46,9918.03,8814.76,7918.62,12810.35,1e+09,12240.85,2825,4534.69,6243.09,4414.62,6103.21,10619.13,4570.18,7788.83,14651.6,10697.27,5221.57,15317.53,9153.8,8770.14,6810.44,12125.06,5511.12
2779.13,76150.5,83428.25,98604.73,114042.8,123175.72,13045.57,21970.47,8021.62,12730.12,32168.15,7761.48,10494.91,2497.54,5249.31,7173.47,16937.62,19054.7,6364.25,7596.54,2976.03,4340.84,7302.17,8894.59,25704.84,46194.61,43162.37,8772.95,3317.33,8447.03,11533.95,4647.65,31296.31,14008.83,3657.54,12240.85,1e+09,5824.09,6966.02,7670.83,10511.89,5635.59,3480.33,8625.65,8500.59,6880.53,10647.73,7211.68,2816.48,5336.2,3572.17,10214.94,3858.45,18632.62
7787.16,93864.75,101451.95,116318.98,131757.05,140889.97,8480.57,10663.53,22904.28,30444.37,49882.4,6354.23,5285.5,5762.7,5682.07,11027.13,32625.3,35200.14,5058.4,6202.67,5803.57,5472.29,5327.01,24527.55,43419.09,63908.86,60672.56,22780.82,7026.38,23855.56,27965.57,5587.34,14133.57,8724.94,7169.16,2825,5824.09,1e+09,2732.3,4250.77,3515.1,4222.29,5361.82,2521.96,4583.3,9303.17,8073.55,4186.3,7764.82,5149.36,3979.65,5987.24,6229.81,7457.38
9979.21,96321.55,100082.4,118775.78,134213.85,141353.1,10347.33,10297.87,25361.08,32898.7,51854.9,5361.6,4673.92,6729.71,5644.28,13323.63,35082.1,37656.94,5580.17,6028.87,7309.16,5035.77,5703.65,26984.35,45875.89,66365.66,63075.99,24455.05,6669.08,26312.36,30422.37,5266.57,14589.42,8362.29,8894.48,4534.69,6966.02,2732.3,1e+09,4371.71,3475.02,3925.38,6187.93,3172.13,5138.59,9280.37,6342.7,3683.78,9591.27,5484.21,4906.74,5161.38,7316.19,6738.36
10596.67,97572.14,98762.8,120026.37,135464.44,140033.5,8618.73,16118.47,26611.67,34151.76,51864.47,4307.66,2388.71,7556.33,3816.95,14331.61,36332.69,38907.53,7555.43,4536.04,7731.12,3944.06,5099.26,28234.94,47126.48,67616.25,63488.52,24220.35,6034.59,27562.95,31672.96,5415.83,18911.98,13033.01,8158.44,6243.09,7670.83,4250.77,4371.71,1e+09,3750.35,5312.03,5277.81,3286.79,3391.01,7226.52,4677.87,2719.06,10328.39,5496.43,4939.84,2649.39,7110.84,5064.83
14944.14,102056.81,103542.11,124511.04,139949.11,145729.38,9406.6,12453.36,31096.34,38636.43,57560.35,6648.19,4228.4,10758.24,6833.6,16037.39,40817.36,43392.2,7785.78,6712.17,11904.15,6307.15,6785.47,32719.61,51611.15,72100.92,67992.92,29450.8,8381.78,32047.62,36157.63,7228.49,14509.69,11096.46,11820.85,4414.62,10511.89,3515.1,3475.02,3750.35,1e+09,4824.98,9020.21,3101.87,6131.79,10260.06,7608.41,3857.23,14586.74,6405.34,7402.64,4292.78,11291.81,4079.21
8304.53,87388.17,93520.82,107382.48,123132.7,130837.07,10721.53,13475.93,16772.33,21346.39,40302.59,7992.21,6489.86,6810.82,7086.87,4900.76,26891.09,30503.39,5306.7,7841.78,7553.46,6193.83,6062.3,18574.52,36095.19,56754.68,54132.85,18167.4,5899.37,18161.79,21177.9,5315.63,18250.56,10803.82,8428.58,6103.21,5635.59,4222.29,3925.38,5312.03,4824.98,1e+09,6804.79,4717.93,7435.96,10693.68,9903.66,4472.53,8612.05,4120.84,6010.19,7227.24,7723.98,8460.13
2809.32,84211.64,88736.41,106665.87,122103.94,131236.86,8733.17,20331.23,13624.8,20791.26,40229.29,5858.49,5816.15,2175.16,3606.96,7302.96,23345.82,25762.03,6941.66,3749.42,2567.41,2791.48,6583.42,15417.47,33765.98,54255.75,50581.96,14051.49,3606.19,14325.61,18590.72,5788.77,29213.29,18766.27,2104.04,10619.13,3480.33,5361.82,6187.93,5277.81,9020.21,6804.79,1e+09,3413.88,3834.14,6676.74,5064.05,4211.19,3399.17,2382.78,2545.76,5036.57,2838.23,13413.26
8725.72,96191.79,95856.28,117388.44,133138.66,137361.58,8333.44,12350.81,24081.99,31352.35,49192.55,3844.95,2916.19,6046.57,3939.06,13995.35,34952.34,37438,6076.03,3452.6,5636.84,2795.07,4818.57,26402,45746.13,66235.9,62114.41,21700.91,7578.7,25709.27,30114.64,5924.82,21134.97,13915,5934.49,4570.18,8625.65,2521.96,3172.13,3286.79,3101.87,4717.93,3413.88,1e+09,1889.64,6367.97,3917.15,1863.73,8450.53,4070.42,3467.22,3830.2,4721.07,8156.58
8684.96,94932.86,92821.31,116165.71,132540.23,134882.9,7587.34,17442.81,23075.76,29806.66,47186.96,2342.97,3922.76,6175.89,2324.87,14825.47,33693.41,36248.88,6220.43,2309.72,4893.82,2772.37,4340.65,25595.66,44487.2,64976.97,60402.76,19654.94,6806.22,24923.67,29033.68,5013.24,25587.03,18179.34,5345.9,7788.83,8500.59,4583.3,5138.59,3391.01,6131.79,7435.96,3834.14,1889.64,1e+09,4293.94,2812.26,2637.37,8622.23,4306.47,3628.51,2904.31,3487.85,8847.56
7365.03,92010.66,86657.29,109057.77,125432.29,129264.67,6371.96,24598.18,16018.8,22698.72,40691.26,4270.49,7946.82,6419.15,4511.69,14761.09,30467.55,32990.19,7114.55,4123.16,4904.07,5509.64,3322.87,19634.89,40667.44,61377.17,56385.56,14362.74,8466.96,19502.67,23470.49,4502.57,28767.52,22335.56,7937.53,14651.6,6880.53,9303.17,9280.37,7226.52,10260.06,10693.68,6676.74,6367.97,4293.94,1e+09,4350.74,6704.7,7759.21,8355.64,4505.93,5489.97,4762.55,11037.53
9840.13,97868.63,91662.1,117862.94,133613.16,134514.58,6122.59,21096.47,24556.49,30961.81,47027.03,3246.13,4575.54,7987.08,4143.69,16984.12,36136.8,39204.55,7726.94,3065.3,6560.47,4097.33,5537.77,26876.5,46575.65,67235.14,62121.65,20281.67,6371.74,26638.93,30589.14,6369.24,23418.79,21079.09,7602.94,10697.27,10647.73,8073.55,6342.7,4677.87,7608.41,9903.66,5064.05,3917.15,2812.26,4350.74,1e+09,4284.96,10467.09,6327.47,5240.87,2874.46,4952.72,6582.8
9150.93,96987.53,96038.86,117619,133369.22,138027.4,6806.62,13271.25,24312.55,31582.91,49858.37,3114.05,2858.4,6502.63,4618.25,14556.59,35748.08,38153,6089.33,3248.54,6279.71,3189.91,5121.25,26632.56,46289.7,66991.2,62537.81,22275.52,6957.54,26182.05,30345.2,4822.48,19395.68,13449.02,7047.31,5221.57,7211.68,4186.3,3683.78,2719.06,3857.23,4472.53,4211.19,1863.73,2637.37,6704.7,4284.96,1e+09,8859.11,4720.93,4192.46,3317.45,5640.17,7714.45
2642.5,72206.28,78338.93,92200.59,107950.81,115655.18,13706.98,25887.84,5984,10957.92,25120.7,9010.11,12077.9,3328.26,5325.47,6882.78,12218.81,16875.35,7866.97,7924.75,3086.19,5213.49,8112.99,6488.36,22116.52,41572.79,38733.67,9850.74,5600.07,9449.71,8027.73,6937.24,35695.94,18862.16,2218.63,15317.53,2816.48,7764.82,9591.27,10328.39,14586.74,8612.05,3399.17,8450.53,8622.23,7759.21,10467.09,8859.11,1e+09,6301.78,4242.59,12453.54,4324.37,22268.29
5063.81,83820.27,89952.92,103814.58,119564.8,127269.17,9647.49,18833.23,13037.45,17778.49,36734.69,5424.16,5884.9,4334.02,4315.88,4356,23519.3,26927.01,7431.62,4150.9,4701.37,3293.17,7475.7,14998.14,32527.29,53186.78,49902.84,13527.87,5151.48,14572.69,17605.76,5844.86,26754.1,16676.61,3723.05,9153.8,5336.2,5149.36,5484.21,5496.43,6405.34,4120.84,2382.78,4070.42,4306.47,8355.64,6327.47,4720.93,6301.78,1e+09,3321.96,5460.18,4470.3,12423.4
3554.1,87530.12,89806.08,107524.43,123274.65,130979.02,9528.7,18726.8,14365.18,21488.34,40444.54,4426.75,6605.12,2934.14,2839.6,10054.44,26083.23,28866.04,5941.87,4170.83,2599.74,2689.22,3844.79,16605.95,36237.14,56896.63,53080.64,13831.21,5603.44,16300.42,20250.63,3487.44,28187.06,16081.56,3360.25,8770.14,3572.17,3979.65,4906.74,4939.84,7402.64,6010.19,2545.76,3467.22,3628.51,4505.93,5240.87,4192.46,4242.59,3321.96,1e+09,6433.59,2860.65,14406.43
12810.94,99923.61,95475.78,121897.71,137815.91,138328.26,7477.28,19050.68,28963.14,34892.74,50957.96,3672.6,3065.71,9020.98,3901.2,17453.07,38684.16,41259,7667.51,3201.63,8888.59,2922.19,5788.72,30586.41,49477.95,69967.72,65012.13,23730.95,6564.44,29914.42,34024.43,7866.29,20419.06,17095.74,8374,6810.44,10214.94,5987.24,5161.38,2649.39,4292.78,7227.24,5036.57,3830.2,2904.31,5489.97,2874.46,3317.45,12453.54,5460.18,6433.59,1e+09,7063.15,5932.86
3673.06,85603.16,86085,108057.39,123495.46,127355.7,8573.42,22592.91,14642.69,22182.78,39186.67,4572.11,7683.2,2875.85,2970.67,11412.79,24363.71,26938.55,5088.09,3427.72,2050.86,3275.62,5018.33,16265.96,35157.5,55647.27,51499.22,11745.07,6117.96,15593.97,19703.98,4278.23,31898.18,19029.83,3981.35,12125.06,3858.45,6229.81,7316.19,7110.84,11291.81,7723.98,2838.23,4721.07,3487.85,4762.55,4952.72,5640.17,4324.37,4470.3,2860.65,7063.15,1e+09,15664.73
22769.01,111123.46,105968.69,129366.8,146677.77,147239.39,9115.2,12800.89,36601.6,42523.31,59070.36,6212.65,3792.21,18500.28,9818.99,23448.62,49851.2,52263.56,11218.12,9347.48,17500.67,8333.14,8178.05,40590.9,60273.41,80949.54,76083.35,32506.6,12057.69,40162.84,44303.54,13955.69,10817.97,12052.25,17035.33,5511.12,18632.62,7457.38,6738.36,5064.83,4079.21,8460.13,13413.26,8156.58,8847.56,11037.53,6582.8,7714.45,22268.29,12423.4,14406.43,5932.86,15664.73,1e+09
