1e+09,81834.36,74553.25,98779.05,114413.29,116411.77,12490.68,29303.24,10863.05,9280.13,23209.33,12768.05,15113.66,3648.96,7156.29,9220.4,21181.21,14535.57,8800.14,10429.54,4994.2,9284.78,8849.83,4544.81,25354.21,46182.77,34479.2,5578.06,6604.84,8151.34,10922.94,11017.25,40597.59,20864.62,4559.07,18916.91,3604.43,10013.37,12498.78,14819.72,19693.04,11447.58,6629.11,12791.19,13185.67,11005.71,15061.46,13781.04,4131.33,8258.74,7220.3,16491.45,6923.3,27829.17
81834.36,1e+09,11275.05,5726.44,14027.27,13506.89,108632.09,126383.9,75555.42,68908.09,56104.71,110837.32,112309.26,89072.03,102790.05,77902.89,48232.36,44112.34,102736.36,107383.48,97066.44,104842.13,102823.8,68972.85,42798.65,26192.97,31576.36,79868.51,93644.75,65209.61,68063.99,102290.59,137946.01,115592.44,89274.32,116152.78,89390.41,107172.28,109811.79,112100.44,116769.57,99998.66,98856.51,110393.33,110204.08,104523.12,111922.94,111065.75,85095.14,96724.62,100563.71,113687.05,100623.09,125328.43
74553.25,11275.05,1e+09,13387.64,26254.42,20142.13,90988.25,121911.79,57146.79,55330.57,38848.8,91927.5,96492.73,79565.88,86881.71,63757.74,34037.93,35353.8,86384.99,90682.55,82007.09,90607.61,86031.43,54245.79,28114.8,16027.32,17520.63,65784.76,85141.6,57266.14,50880.68,86810.68,122838.85,114527.38,81471.49,105356.14,77761.92,97168.85,96152.12,96360.52,102067.83,92564.76,86374.88,92461.35,90517.77,86727.56,90957.12,94904.6,76345.74,88283.8,86012.07,93860.29,84275.61,105079.82
98779.05,5726.44,13387.64,1e+09,11702.35,10574.82,120247.57,143036.04,85294.69,83060.45,66727.2,119518.04,124083.27,107156.42,116119.44,89523.49,61628.47,60764.48,112446.09,118273.09,110650.9,118337.49,113429.93,81846.8,54248.76,36446.02,39661.84,94549.23,110158.71,81861.75,77335.23,113699.63,150777.12,132244.58,105926.46,133007.83,105960.4,123644.53,123742.66,123997.29,129797.71,114973.62,115508.65,121508.24,119916.43,116104.03,120495.12,122634.48,100070.1,111699.58,115538.67,123119.61,112005.49,132854.23
114413.29,14027.27,26254.42,11702.35,1e+09,7420.97,138864.16,158777.23,103945.35,101411.5,84330.79,137379.46,142273.81,122609.54,134309.98,106487.14,79492.11,76767.89,130215.2,136463.63,128937.35,136897.2,130768.37,99615.3,71587.2,54276.1,57426.33,112197.22,125792.95,97865.16,95468.89,131611.75,168115.56,148247.99,121925.98,148642.07,121594.64,139278.77,141316.44,142187.83,148099.33,131721.81,131512.06,139755.08,138804.89,133317.51,139442.51,141037.27,116719.72,128235.14,132112.1,141736.2,130565.2,151148.56
116411.77,13506.89,20142.13,10574.82,7420.97,1e+09,132860.47,160837.43,96988.55,96843.68,78754.02,131750.99,137279.83,121688.26,129237.25,103436.91,75340.82,76475.05,125279.26,131233.28,124244.83,131901.72,126186.43,95211.36,68373.16,49125.9,51472.64,108419.27,127776.11,99663.14,89416.33,126389.53,164760.37,150045.97,123727.85,148216.28,120396.43,138948.63,137702.14,137152.83,143206.2,131479.02,129009.39,134106.69,131757.38,127848.78,131681.36,135577,116575.5,128204.98,128142.15,135004.87,124865.4,144415.28
12490.68,108632.09,90988.25,120247.57,138864.16,132860.47,1e+09,18076.89,24267.63,32427.46,47598.56,5257.72,5055.06,9728.89,5438.43,16866.55,47817.54,39014.25,8058.33,6679.81,7970.73,7282.79,6138.44,27980.86,52151.94,72980.5,61276.93,20597.04,8490.73,27878.34,29561.48,7495.9,15413.88,15940.53,9534.11,7880.96,11031.24,7691.8,7625.22,7361.47,8493.13,7753.42,7347.26,7742.15,6955.1,6808.9,6792.41,8107.91,11359.99,8446.95,7941.3,7428.41,7736.8,8046.2
29303.24,126383.9,121911.79,143036.04,158777.23,160837.43,18076.89,1e+09,44759.35,49362.5,67086.41,15973.33,12142.44,23797.87,21437.22,32788.67,65687.59,57183.97,12567.39,15950.3,23893.57,15334.89,21526.36,45676.65,70275.64,90624.8,79333.94,40006.88,20791.72,46959.34,49737.22,17209.59,5676.99,3887.39,22950.38,7399.17,27744.99,9677,10787.41,12561.15,10034.93,14468.69,18855.55,14497.52,17275.19,20946.54,18605.61,9909.25,27493.44,16668.08,19626.29,16776.17,20831.7,12754.77
10863.05,75555.42,57146.79,85294.69,103945.35,96988.55,24267.63,44759.35,1e+09,4917.2,11729.79,21777.61,27617.67,12678.86,20205.72,5256.36,17882.37,16079.28,15039.96,21571.12,15051.43,22239.56,15814.53,5115.42,21916.88,39473.79,29458.62,5830.34,15708.62,6672.3,4877.22,15479.57,53595.18,33967.89,12379.07,35096.11,10862.57,25669.01,27467.97,27490.67,33544.04,18519.48,17897.32,24744.98,23164.54,17396.96,23088.52,25914.84,9184.65,15560.22,17341.47,26412.03,15203.24,34753.12
9280.13,68908.09,55330.57,83060.45,101411.5,96843.68,32427.46,49362.5,4917.2,1e+09,10762.99,29988.42,35530.21,12895.56,26354.22,5086.63,10340.46,14514.83,23253.9,29825.73,20045.04,27820.73,23377.33,2676.85,13834.29,33148.99,22118.61,5580.7,16584.99,4893.02,6052.66,22773.82,60631.92,38571.04,13568.94,39370.15,12322.72,30006.85,32514.74,35021.79,39748.17,22160.49,21835.11,32340.32,31578.7,25051.41,33059.61,33093.48,10999.31,18886.45,22725.54,35755.82,23601.69,44558.31
23209.33,56104.71,38848.8,66727.2,84330.79,78754.02,47598.56,67086.41,11729.79,10762.99,1e+09,44965.35,51023.12,31463.22,43059.29,14361.1,5612.71,5174.19,37950.69,45082.99,37168.11,44854.7,38685.77,9287.96,10043.18,20078.74,17385.06,20571.02,34347.26,11184.61,6679.98,37927.06,76632.86,56294.95,29976.83,57423.17,30092.92,47996.07,49979.77,50607.61,56314.92,39012.49,39559.02,47853.51,46509.99,40159.59,46921.77,48899.01,24108.97,35738.45,39577.54,50245.28,38522.7,58371.2
12768.05,110837.32,91927.5,119518.04,137379.46,131750.99,5257.72,15973.33,21777.61,29988.42,44965.35,1e+09,3763.02,10669.63,4883.51,19670.14,49339.5,41410.47,4954.74,2270.55,5560.08,2805.74,4535.36,29933.6,54347.27,74828.42,63673.15,19747.88,9711.25,29049.15,26936.04,4689.45,23123.82,13694.77,9651.86,8629.07,10800.87,5819.53,4175.48,4022.71,6340.02,5403.97,5188.36,3426.63,3001.36,3606.28,3028.87,3171.58,8281.51,5992.15,4173.86,3196.14,3884.84,7122.93
15113.66,112309.26,96492.73,124083.27,142273.81,137279.83,5055.06,12142.44,27617.67,35530.21,51023.12,3763.02,1e+09,9787.41,5939.07,18350.13,51494.71,42691.42,6582.06,4422.35,9486.6,4131.02,6823.91,31658.03,55829.11,76657.67,64954.1,24082.45,8374.67,31653.93,32866.38,7988.97,17393.75,11535.52,8928.42,6160.26,13983.03,4751.69,3637.67,2573.53,4432.02,5948.16,5399.46,3152.74,4443.01,6698.67,4581.44,3040.15,14459.84,5819.44,6318.63,3104.93,6517.4,4681.99
3648.96,89072.03,79565.88,107156.42,122609.54,121688.26,9728.89,23797.87,12678.86,12895.56,31463.22,10669.63,9787.41,1e+09,5348.4,5965.44,28257.48,20654.08,6979.74,7285.29,3403.11,6349.75,5952.23,9994.73,32591.88,53420.44,41716.87,7252.17,4298.96,10672.18,15801.24,8564.67,35300.28,17268.13,3067.97,13555.35,2451.93,6674.64,8143.76,10183.37,14183.54,8482.81,3659.42,8726.21,9647.84,9000.86,11643.18,9730.82,4592.44,5985.48,5213.01,11061.36,4801.65,22884.29
7156.29,102790.05,86881.71,116119.44,134309.98,129237.25,5438.43,21437.22,20205.72,26354.22,43059.29,4883.51,5939.07,5348.4,1e+09,13380.22,41975.5,33172.21,5276.97,3861.39,3920.14,4257.69,3823.27,22138.82,46309.9,67138.46,55434.89,15544.58,5371.32,22325.55,25454.43,6363.14,26941.5,17762.13,4926.59,10727.4,5506.66,5175.62,5505.38,4909.82,8111.36,6690.32,4085.46,5566.6,3962.87,4799.5,5521.79,6367.54,6113.53,5158.9,3073.84,4789.45,3378.54,12442.72
9220.4,77902.89,63757.74,89523.49,106487.14,103436.91,16866.55,32788.67,5256.36,5086.63,14361.1,19670.14,18350.13,5965.44,13380.22,1e+09,18048.84,15526.83,14661.3,15577.78,11708.67,12790.41,15325.28,6564.99,23202.09,41821.26,31844.91,6129.15,6605.22,7194.45,6880.75,15779.25,44350.78,23368.23,4428.59,22358.97,6992.84,14743.73,17330.52,18741.23,23174.34,9187.51,8529.37,17595.32,18074.71,16243.16,19819.6,18375.41,7307.22,5460.84,11740.08,19736.24,13112.88,32199.01
21181.21,48232.36,34037.93,61628.47,79492.11,75340.82,47817.54,65687.59,17882.37,10340.46,5612.71,49339.5,51494.71,28257.48,41975.5,18048.84,1e+09,6029.92,41937.72,46568.93,36359.09,44388.58,42009.25,11208.18,4825.99,12956.54,13470.34,19107.58,32703.31,8341.39,11825.89,42289.91,76981.94,55138.89,28820.77,55338.23,28505,46189.13,48743.3,51204.07,56077.39,39875.13,38402.96,49406.96,49604.15,44015.13,51461.77,50316.07,25008.98,36388.46,40265.42,52872.5,40169.54,64495.66
14535.57,44112.34,35353.8,60764.48,76767.89,76475.05,39014.25,57183.97,16079.28,14514.83,5174.19,41410.47,42691.42,20654.08,33172.21,15526.83,6029.92,1e+09,33536.43,37765.64,27866.51,35642.2,33205.96,12496.77,7813.79,9373.46,12835.72,14094.18,24965.57,7896.05,8938.63,34344.39,68746.08,46392.51,21688.09,46534.94,20881.35,37554.44,40327.37,42900.51,47569.64,31989.98,29656.58,41425.41,41004.15,36576.92,43140.92,42283.73,17921.54,28711.7,31781.69,44069.21,31423.16,56546.41
8800.14,102736.36,86384.99,112446.09,130215.2,125279.26,8058.33,12567.39,15039.96,23253.9,37950.69,4954.74,6582.06,6979.74,5276.97,14661.3,41937.72,33536.43,1e+09,3981.59,4250.06,4220.69,4783.18,22029.11,46628.1,66977.26,55686.4,13006.83,8416.31,21794.74,19963.71,5064.1,22507.96,9854.81,7843.63,7540.28,7020.63,5003.12,5256.52,6659.45,8242.33,4200.45,5288.96,5904.59,5962.6,5132.93,6777.96,4859.63,7060.31,5511.68,4707.86,6568.61,3912.29,13422.78
10429.54,107383.48,90682.55,118273.09,136463.63,131233.28,6679.81,15950.3,21571.12,29825.73,45082.99,2270.55,4422.35,7285.29,3861.39,15577.78,46568.93,37765.64,3981.59,1e+09,5188.7,2283.69,4302.52,26732.25,50903.33,71731.89,60028.32,18444.79,8156.43,26580.75,26819.83,5104.9,26145.12,14377.29,7048.01,7843.56,9077.11,4593.26,3473.58,3982.59,6316.13,5739.58,3571.63,2836.9,3038.18,3999.19,3647.78,3278.22,9026.05,3864.78,3932.73,3371.93,3716.95,10204.31
4994.2,97066.44,82007.09,110650.9,128937.35,124244.83,7970.73,23893.57,15051.43,20045.04,37168.11,5560.08,9486.6,3403.11,3920.14,11708.67,36359.09,27866.51,4250.06,5188.7,1e+09,5101.05,3408.7,16359.19,40958.18,61307.34,50016.48,9948.33,6886.69,16698.61,19906.72,4424.61,34715.72,17582.29,4868.7,14167.2,3306.91,6342.99,7819.08,9155.97,14279.24,8362.72,3963.32,6694.19,6422.09,3829.88,7150.24,7787.35,3619.91,5037.68,2724.49,9728.47,2623.91,18935.14
9284.78,104842.13,90607.61,118337.49,136897.2,131901.72,7282.79,15334.89,22239.56,27820.73,44854.7,2805.74,4131.02,6349.75,4257.69,12790.41,44388.58,35642.2,4220.69,2283.69,5101.05,1e+09,4861.21,24134.88,48733.87,69083.03,57792.17,17641.97,6678.06,24459.45,27488.27,5118.96,25173.82,14050.96,5905.56,7987.55,7310.38,4897.73,4457.03,3846.58,5695.76,5183.59,3602.83,2142.05,3582.62,4271.72,3470.97,2912.42,7571.45,3982.86,3412.56,3013.38,3262.27,7996.76
8849.83,102823.8,86031.43,113429.93,130768.37,126186.43,6138.44,21526.36,15814.53,23377.33,38685.77,4535.36,6823.91,5952.23,3823.27,15325.28,42009.25,33205.96,4783.18,4302.52,3408.7,4861.21,1e+09,22172.57,46343.65,67172.21,55468.64,12880.96,8060.31,21686.75,20656.46,4853.47,28376.39,16305.91,7185.93,12655.36,6856.29,6801.1,6845.83,6164.25,9569.43,7494.39,3871.92,5659.44,4738.3,2774.98,5824.44,6537.44,6271.51,5137.21,3373.96,5935.65,3463.39,11460.29
4544.81,68972.85,54245.79,81846.8,99615.3,95211.36,27980.86,45676.65,5115.42,2676.85,9287.96,29933.6,31658.03,9994.73,22138.82,6564.99,11208.18,12496.77,22029.11,26732.25,16359.19,24134.88,22172.57,1e+09,14724.63,33213.75,22050.89,4778.68,13772.37,5175.07,5694.3,21444.4,57238.76,34885.19,10694.89,35501.55,9748.07,26447.89,29002.06,31393.19,36062.32,20195.75,18318.66,29542.11,29496.83,23647.81,31159.67,30295.27,7609.31,16917.47,19800.44,33035.82,19915.84,44565.16
25354.21,42798.65,28114.8,54248.76,71587.2,68373.16,52151.94,70275.64,21916.88,13834.29,10043.18,54347.27,55829.11,32591.88,46309.9,23202.09,4825.99,7813.79,46628.1,50903.33,40958.18,48733.87,46343.65,14724.63,1e+09,11043.08,7621.38,23760.25,37391.46,11094.02,15857.61,47220.46,81647.46,59484.18,33166.06,59672.63,33203.38,50692.13,53304.4,55902.45,60661.31,44262.29,42748.25,54141.08,54095.82,49242.07,56186.57,55050.19,29358.77,40988.25,44827.34,57206.9,44514.83,69229.78
46182.77,26192.97,16027.32,36446.02,54276.1,49125.9,72980.5,90624.8,39473.79,33148.99,20078.74,74828.42,76657.67,53420.44,67138.46,41821.26,12956.54,9373.46,66977.26,71731.89,61307.34,69083.03,67172.21,33213.75,11043.08,1e+09,5886.5,44109.41,57885.65,29450.51,31874.85,66208.96,102186.91,79833.34,53515.22,80501.19,53631.31,71520.69,74052.69,76341.34,81010.47,64132.05,63097.41,74526.72,74444.98,68441.49,76056.33,75199.14,49228.53,60858.01,64697.1,78035.46,64863.99,89461.82
34479.2,31576.36,17520.63,39661.84,57426.33,51472.64,61276.93,79333.94,29458.62,22118.61,17385.06,63673.15,64954.1,41716.87,55434.89,31844.91,13470.34,12835.72,55686.4,60028.32,50016.48,57792.17,55468.64,22050.89,7621.38,5886.5,1e+09,32818.55,46594.79,19036.24,24467.33,56156.23,90896.05,68542.48,42224.36,68797.62,42340.45,59817.12,62590.05,65050.48,69719.61,53253.9,51806.55,63575.38,63154.12,58388.76,65178.18,64320.99,38350.38,49979.86,53818.95,66331.89,53573.13,78583.67
5578.06,79868.51,65784.76,94549.23,112197.22,108419.27,20597.04,40006.88,5830.34,5580.7,20571.02,19747.88,24082.45,7252.17,15544.58,6129.15,19107.58,14094.18,13006.83,18444.79,9948.33,17641.97,12880.96,4778.68,23760.25,44109.41,32818.55,1e+09,11529.57,4490.46,6762.95,13877.4,49965.62,29215.42,10335.05,29799.29,6603.8,20499.79,22578.52,24093.29,29335.8,17285.87,13403.27,21664.24,20627.92,15566.72,21793.42,22699.27,8130.86,13152.51,13340.32,23983.39,12211.53,33938.11
6604.84,93644.75,85141.6,110158.71,125792.95,127776.11,8490.73,20791.72,15708.62,16584.99,34347.26,9711.25,8374.67,4298.96,5371.32,6605.22,32703.31,24965.57,8416.31,8156.43,6886.69,6678.06,8060.31,13772.37,37391.46,57885.65,46594.79,11529.57,1e+09,15888.16,19200.97,7808.22,27214.08,14383.92,5570.43,11708.72,5088.81,7317.93,6882.15,8170.18,11192.77,5732.21,5111.05,9319.86,10456.47,10915.71,9880.32,9745.59,7488.53,5998.08,7596.45,8708.67,8005.2,14903.25
8151.34,65209.61,57266.14,81861.75,97865.16,99663.14,27878.34,46959.34,6672.3,4893.02,11184.61,29049.15,31653.93,10672.18,22325.55,7194.45,8341.39,7896.05,21794.74,26580.75,16698.61,24459.45,21686.75,5175.07,11094.02,29450.51,19036.24,4490.46,15888.16,1e+09,4743.09,21602.95,57623.42,36167.88,12348.97,36518.01,10686.64,27335.98,29402.3,31466.86,36309.02,21297.53,18972.11,29543.12,29078.65,23778.64,30633.49,30376.05,12022.9,18006.53,20343.29,32569.48,19888.25,43854.91
10922.94,68063.99,50880.68,77335.23,95468.89,89416.33,29561.48,49737.22,4877.22,6052.66,6679.98,26936.04,32866.38,15801.24,25454.43,6880.75,11825.89,8938.63,19963.71,26819.83,19906.72,27488.27,20656.46,5694.3,15857.61,31874.85,24467.33,6762.95,19200.97,4743.09,1e+09,20313.04,58753.61,38945.76,14748.26,40073.98,14594.29,30646.88,32490.98,32739.38,38792.75,22669.77,22595.37,29993.69,28458.39,22300.31,28382.37,31163.55,10717.63,19439.17,22084.66,31705.88,20451.95,40001.83
11017.25,102290.59,86810.68,113699.63,131611.75,126389.53,7495.9,17209.59,15479.57,22773.82,37927.06,4689.45,7988.97,8564.67,6363.14,15779.25,42289.91,34344.39,5064.1,5104.9,4424.61,5118.96,4853.47,21444.4,47220.46,66208.96,56156.23,13877.4,7808.22,21602.95,20313.04,1e+09,24675.9,11710.78,8715.18,10175.04,7333.6,6008.62,5419.59,6040.08,7286.52,5008.81,4747.63,6147.13,5263.23,4566.3,5435.32,5439.55,6629.69,5673.08,4452.25,8438.24,4338.72,8671.28
40597.59,137946.01,122838.85,150777.12,168115.56,164760.37,15413.88,5676.99,53595.18,60631.92,76632.86,23123.82,17393.75,35300.28,26941.5,44350.78,76981.94,68746.08,22507.96,26145.12,34715.72,25173.82,28376.39,57238.76,81647.46,102186.91,90896.05,49965.62,27214.08,57623.42,58753.61,24675.9,1e+09,7570.24,34357.48,11298.95,39307.1,16922.82,18363.86,19262.48,14449.68,20712.06,29508.09,25108.03,24664.8,28116.4,23462.89,19427.25,39055.55,27495.39,31107.52,21014.04,31459.53,10753.62
20864.62,115592.44,114527.38,132244.58,148247.99,150045.97,15940.53,3887.39,33967.89,38571.04,56294.95,13694.77,11535.52,17268.13,17762.13,23368.23,55138.89,46392.51,9854.81,14377.29,17582.29,14050.96,16305.91,34885.19,59484.18,79833.34,68542.48,29215.42,14383.92,36167.88,38945.76,11710.78,7570.24,1e+09,19418.67,6823.39,18937.65,7836,9226.94,11206.56,9459.73,11327.49,16902.32,14851.7,17475.99,17022.09,17811.33,10004.33,19622.38,14342.48,16944.96,14231.48,16855.61,13089.46
4559.07,89274.32,81471.49,105926.46,121925.98,123727.85,9534.11,22950.38,12379.07,13568.94,29976.83,9651.86,8928.42,3067.97,4926.59,4428.59,28820.77,21688.09,7843.63,7048.01,4868.7,5905.56,7185.93,10694.89,33166.06,53515.22,42224.36,10335.05,5570.43,12348.97,14748.26,8715.18,34357.48,19418.67,1e+09,12770.37,3407.85,6758.52,8586.52,9662.21,13336.05,7933.68,2967.07,7409.5,7969.62,8561.12,9986.8,9028.79,4570.65,3994.42,3769.6,9758.42,5608.51,20093.81
18916.91,116152.78,105356.14,133007.83,148642.07,148216.28,7880.96,7399.17,35096.11,39370.15,57423.17,8629.07,6160.26,13555.35,10727.4,22358.97,55338.23,46534.94,7540.28,7843.56,14167.2,7987.55,12655.36,35501.55,59672.63,80501.19,68797.62,29799.29,11708.72,36518.01,40073.98,10175.04,11298.95,6823.39,12770.37,1e+09,17737.62,3057.95,4443.67,6278.55,5656.94,7200.84,9932.69,6881.39,9516.93,12693.16,11783.48,5119.61,17830.2,8551.29,10168.37,7080.02,11726.44,8949.3
3604.43,89390.41,77761.92,105960.4,121594.64,120396.43,11031.24,27744.99,10862.57,12322.72,30092.92,10800.87,13983.03,2451.93,5506.66,6992.84,28505,20881.35,7020.63,9077.11,3306.91,7310.38,6856.29,9748.07,33203.38,53631.31,42340.45,6603.8,5088.81,10686.64,14594.29,7333.6,39307.1,18937.65,3407.85,17737.62,1e+09,8783.39,11041.34,13461.53,18130.66,9821.37,4509.34,11339.26,11341.73,8128.07,12971.35,12114.16,2800.42,7304.45,4854.13,15360.82,4912.78,25949.06
10013.37,107172.28,97168.85,123644.53,139278.77,138948.63,7691.8,9677,25669.01,30006.85,47996.07,5819.53,4751.69,6674.64,5175.62,14743.73,46189.13,37554.44,5003.12,4593.26,6342.99,4897.73,6801.1,26447.89,50692.13,71520.69,59817.12,20499.79,7317.93,27335.98,30646.88,6008.62,16922.82,7836,6758.52,3057.95,8783.39,1e+09,2802.87,4398.2,5307.93,4857.78,4732.25,4197.18,6342.5,7191.62,8190.98,4454.51,8909.34,4387.23,4645.96,5189.91,5886.38,11585.89
12498.78,109811.79,96152.12,123742.66,141316.44,137702.14,7625.22,10787.41,27467.97,32514.74,49979.77,4175.48,3637.67,8143.76,5505.38,17330.52,48743.3,40327.37,5256.52,3473.58,7819.08,4457.03,6845.83,29002.06,53304.4,74052.69,62590.05,22578.52,6882.15,29402.3,32490.98,5419.59,18363.86,9226.94,8586.52,4443.67,11041.34,2802.87,1e+09,3700.89,3872.84,4454.01,4834.11,3432.74,5493.07,7200.91,5127.39,2978.45,10921.33,4513.61,5362.44,4362.14,6519.06,8858.95
14819.72,112100.44,96360.52,123997.29,142187.83,137152.83,7361.47,12561.15,27490.67,35021.79,50607.61,4022.71,2573.53,10183.37,4909.82,18741.23,51204.07,42900.51,6659.45,3982.59,9155.97,3846.58,6164.25,31393.19,55902.45,76341.34,65050.48,24093.29,8170.18,31466.86,32739.38,6040.08,19262.48,11206.56,9662.21,6278.55,13461.53,4398.2,3700.89,1e+09,3866.2,5210.95,5191.12,2964.95,3760.62,5885.39,3899.27,2731.54,13209.98,5666.62,6161.43,2118.31,6776.26,6198.87
19693.04,116769.57,102067.83,129797.71,148099.33,143206.2,8493.13,10034.93,33544.04,39748.17,56314.92,6340.02,4432.02,14183.54,8111.36,23174.34,56077.39,47569.64,8242.33,6316.13,14279.24,5695.76,9569.43,36062.32,60661.31,81010.47,69719.61,29335.8,11192.77,36309.02,38792.75,7286.52,14449.68,9459.73,13336.05,5656.94,18130.66,5307.93,3872.84,3866.2,1e+09,5614.18,8947.8,4873.27,5888.35,8531.28,6009.87,3709.56,17879.11,6794.45,10011.96,4076.98,11217.37,4449.02
11447.58,99998.66,92564.76,114973.62,131721.81,131479.02,7753.42,14468.69,18519.48,22160.49,39012.49,5403.97,5948.16,8482.81,6690.32,9187.51,39875.13,31989.98,4200.45,5739.58,8362.72,5183.59,7494.39,20195.75,44262.29,64132.05,53253.9,17285.87,5732.21,21297.53,22669.77,5008.81,20712.06,11327.49,7933.68,7200.84,9821.37,4857.78,4454.01,5210.95,5614.18,1e+09,6339.92,6209.75,7941.56,7352.75,7817.96,4041.11,9253.89,3717.72,7200,5918.58,6872.36,9849.86
6629.11,98856.51,86374.88,115508.65,131512.06,129009.39,7347.26,18855.55,17897.32,21835.11,39559.02,5188.36,5399.46,3659.42,4085.46,8529.37,38402.96,29656.58,5288.96,3571.63,3963.32,3602.83,3871.92,18318.66,42748.25,63097.41,51806.55,13403.27,5111.05,18972.11,22595.37,4747.63,29508.09,16902.32,2967.07,9932.69,4509.34,4732.25,4834.11,5191.12,8947.8,6339.92,1e+09,3047.37,4151.85,5014.87,5099.26,4044.26,5824.1,2249.92,1911.46,5387.52,3379.17,14045.02
12791.19,110393.33,92461.35,121508.24,139755.08,134106.69,7742.15,14497.52,24744.98,32340.32,47853.51,3426.63,3152.74,8726.21,5566.6,17595.32,49406.96,41425.41,5904.59,2836.9,6694.19,2142.05,5659.44,29542.11,54141.08,74526.72,63575.38,21664.24,9319.86,29543.12,29993.69,6147.13,25108.03,14851.7,7409.5,6881.39,11339.26,4197.18,3432.74,2964.95,4873.27,6209.75,3047.37,1e+09,1996.97,5086.66,3209.16,1946.86,10461.83,3982.89,3327.84,2277.84,4148.23,7537.15
13185.67,110204.08,90517.77,119916.43,138804.89,131757.38,6955.1,17275.19,23164.54,31578.7,46509.99,3001.36,4443.01,9647.84,3962.87,18074.71,49604.15,41004.15,5962.6,3038.18,6422.09,3582.62,4738.3,29496.83,54095.82,74444.98,63154.12,20627.92,10456.47,29078.65,28458.39,5263.23,24664.8,17475.99,7969.62,9516.93,11341.73,6342.5,5493.07,3760.62,5888.35,7941.56,4151.85,1996.97,1e+09,3466.42,2261.8,3326.23,9862.38,5335.53,3649.92,3269.57,3755.77,6734.08
11005.71,104523.12,86727.56,116104.03,133317.51,127848.78,6808.9,20946.54,17396.96,25051.41,40159.59,3606.28,6698.67,9000.86,4799.5,16243.16,44015.13,36576.92,5132.93,3999.19,3829.88,4271.72,2774.98,23647.81,49242.07,68441.49,58388.76,15566.72,10915.71,23778.64,22300.31,4566.3,28116.4,17022.09,8561.12,12693.16,8128.07,7191.62,7200.91,5885.39,8531.28,7352.75,5014.87,5086.66,3466.42,1e+09,4481.02,5854.48,6454.34,5878.23,3520.79,4747.26,3289.17,10704.7
15061.46,111922.94,90957.12,120495.12,139442.51,131681.36,6792.41,18605.61,23088.52,33059.61,46921.77,3028.87,4581.44,11643.18,5521.79,19819.6,51461.77,43140.92,6777.96,3647.78,7150.24,3470.97,5824.44,31159.67,56186.57,76056.33,65178.18,21793.42,9880.32,30633.49,28382.37,5435.32,23462.89,17811.33,9986.8,11783.48,12971.35,8190.98,5127.39,3899.27,6009.87,7817.96,5099.26,3209.16,2261.8,4481.02,1e+09,3602.76,11862.28,6192,5191.17,2386.88,4674.17,6166.37
13781.04,111065.75,94904.6,122634.48,141037.27,135577,8107.91,9909.25,25914.84,33093.48,48899.01,3171.58,3040.15,9730.82,6367.54,18375.41,50316.07,42283.73,4859.63,3278.22,7787.35,2912.42,6537.44,30295.27,55050.19,75199.14,64320.99,22699.27,9745.59,30376.05,31163.55,5439.55,19427.25,10004.33,9028.79,5119.61,12114.16,4454.51,2978.45,2731.54,3709.56,4041.11,4044.26,1946.86,3326.23,5854.48,3602.76,1e+09,11134.25,4806.88,4538.75,3396.07,5428.17,6490.73
4131.33,85095.14,76345.74,100070.1,116719.72,116575.5,11359.99,27493.44,9184.65,10999.31,24108.97,8281.51,14459.84,4592.44,6113.53,7307.22,25008.98,17921.54,7060.31,9026.05,3619.91,7571.45,6271.51,7609.31,29358.77,49228.53,38350.38,8130.86,7488.53,12022.9,10717.63,6629.69,39055.55,19622.38,4570.65,17830.2,2800.42,8909.34,10921.33,13209.98,17879.11,9253.89,5824.1,10461.83,9862.38,6454.34,11862.28,11134.25,1e+09,7663.69,4762.91,15185.79,4989.98,22664.07
8258.74,96724.62,88283.8,111699.58,128235.14,128204.98,8446.95,16668.08,15560.22,18886.45,35738.45,5992.15,5819.44,5985.48,5158.9,5460.84,36388.46,28711.7,5511.68,3864.78,5037.68,3982.86,5137.21,16917.47,40988.25,60858.01,49979.86,13152.51,5998.08,18006.53,19439.17,5673.08,27495.39,14342.48,3994.42,8551.29,7304.45,4387.23,4513.61,5666.62,6794.45,3717.72,2249.92,3982.89,5335.53,5878.23,6192,4806.88,7663.69,1e+09,3198.29,5983.71,4716.47,13879.86
7220.3,100563.71,86012.07,115538.67,132112.1,128142.15,7941.3,19626.29,17341.47,22725.54,39577.54,4173.86,6318.63,5213.01,3073.84,11740.08,40265.42,31781.69,4707.86,3932.73,2724.49,3412.56,3373.96,19800.44,44827.34,64697.1,53818.95,13340.32,7596.45,20343.29,22084.66,4452.25,31107.52,16944.96,3769.6,10168.37,4854.13,4645.96,5362.44,6161.43,10011.96,7200,1911.46,3327.84,3649.92,3520.79,5191.17,4538.75,4762.91,3198.29,1e+09,6401.9,2798.37,13987.52
16491.45,113687.05,93860.29,123119.61,141736.2,135004.87,7428.41,16776.17,26412.03,35755.82,50245.28,3196.14,3104.93,11061.36,4789.45,19736.24,52872.5,44069.21,6568.61,3371.93,9728.47,3013.38,5935.65,33035.82,57206.9,78035.46,66331.89,23983.39,8708.67,32569.48,31705.88,8438.24,21014.04,14231.48,9758.42,7080.02,15360.82,5189.91,4362.14,2118.31,4076.98,5918.58,5387.52,2277.84,3269.57,4747.26,2386.88,3396.07,15185.79,5983.71,6401.9,1e+09,5929.62,6547.51
6923.3,100623.09,84275.61,112005.49,130565.2,124865.4,7736.8,20831.7,15203.24,23601.69,38522.7,3884.84,6517.4,4801.65,3378.54,13112.88,40169.54,31423.16,3912.29,3716.95,2623.91,3262.27,3463.39,19915.84,44514.83,64863.99,53573.13,12211.53,8005.2,19888.25,20451.95,4338.72,31459.53,16855.61,5608.51,11726.44,4912.78,5886.38,6519.06,6776.26,11217.37,6872.36,3379.17,4148.23,3755.77,3289.17,4674.17,5428.17,4989.98,4716.47,2798.37,5929.62,1e+09,13513.47
27829.17,125328.43,105079.82,132854.23,151148.56,144415.28,8046.2,12754.77,34753.12,44558.31,58371.2,7122.93,4681.99,22884.29,12442.72,32199.01,64495.66,56546.41,13422.78,10204.31,18935.14,7996.76,11460.29,44565.16,69229.78,89461.82,78583.67,33938.11,14903.25,43854.91,40001.83,8671.28,10753.62,13089.46,20093.81,8949.3,25949.06,11585.89,8858.95,6198.87,4449.02,9849.86,14045.02,7537.15,6734.08,10704.7,6166.37,6490.73,22664.07,13879.86,13987.52,6547.51,13513.47,1e+09
