1e+09,15994.55,16740.34,21371,24572.88,83447.65,97764.66,49350.31,44905,40197.82,75478.01,82204.97,57982.44,66006.33,48908.43,36467.84,31237.72,72526.77,72048.69,59187.11,74162.51,71808.73,44423.64,30893,23377.65,26067.77,46546.26,60868.68,37478.35,41535.36,63736.5,99818.73,90959.43,55587.63,79500.13,54676.11,71979.89,71710.32,76480.84,79847.74,60770.88,63219.79,70245.09,69179.68,63146.34,68554.84,70297.33,46416.15,57097.35,60252.49,74699.57,61283.03,83141.71,74446.57
15994.55,1e+09,9937.64,16477.46,20813.41,83537.54,135786.86,58486.42,56002.59,33834.12,87489.53,97004.51,85266.57,93570.94,74138.03,46186.09,43104.83,94446,90779.3,87051.08,98120.12,89392.75,63754.16,38854.77,24183.86,22757.05,65825.25,93341.69,64768.39,56272.63,83104.95,113900.18,123794.2,84997.12,103667.86,80506.08,97045.38,99080.05,94123.37,102850.91,99217.97,92443.52,99882.74,91600.69,84719.59,86018.81,99154.34,80715.28,92998.36,92018.78,93148.98,81823.64,103290,109793.02
16740.34,9937.64,1e+09,8883.81,11809.42,109827.05,148136.15,80786.25,80732.33,59845.88,113779.04,122290.23,106818.23,114877.18,88983.8,64841.88,62803.08,113106.35,116190.43,108095.38,119349.46,110546.3,82181.12,55404.63,37610.16,37786.06,92114.76,110353.08,84330.86,74263.67,106537.87,140189.69,140489.05,104689.09,127946.37,103330.13,120538.35,120556.81,120412.88,128148.41,111002.04,112298.03,119375.07,116485.13,108321.07,112308.32,119329.73,95158.86,107010.25,109648.55,119438.49,108113.15,128874.98,124290.15
21371,16477.46,8883.81,1e+09,4753.57,126494.86,162306.76,95581.16,95527.24,74640.79,129328.72,137397.29,120988.84,129047.79,103778.71,79922.26,77217.52,128525.56,131609.64,122265.99,135080.82,125653.36,97288.18,70511.69,53029.37,53205.27,108112.68,124523.69,98501.47,89370.73,121332.78,156857.5,154659.66,118859.7,142116.98,117500.74,134708.96,134727.42,137080.69,142319.02,125172.65,126468.64,133545.68,131280.04,123115.98,128976.13,133500.34,109329.47,121180.86,123819.16,136106.3,123446.49,144606.34,138460.76
24572.88,20813.41,11809.42,4753.57,1e+09,126010.98,173251.28,100959.86,98476.03,76307.56,129962.97,139477.95,127740.01,136044.38,111866.13,86286.86,84587.56,133755.88,133252.74,129524.52,138882.59,131866.19,103558.69,77170.56,58259.69,58435.59,108298.69,135468.21,107241.83,95582.51,125578.39,156373.62,165604.18,127470.56,146141.3,122979.52,139518.82,141553.49,136596.81,145324.35,136117.17,134916.96,141008.75,134074.13,127193.03,128492.25,141398.67,120273.99,132125.38,134492.22,135622.42,124297.08,145763.44,149405.28
83447.65,83537.54,109827.05,126494.86,126010.98,1e+09,28103.82,18854.07,21479.67,38322.78,5155.34,5996.12,14168.37,10964.98,23298.6,40907.81,45028.85,13132.37,7756.37,13133.92,10222.37,8014.76,24826.65,47210.3,69747.79,63365.2,16342.32,13286.16,26300.43,31179.47,11039.07,10428.24,17439.21,13272.79,8601.82,14746.26,11131.17,10925.98,7210.55,10363.12,13138.9,12183.07,13337.26,9511.71,7961.66,6462.37,12009.83,14487.19,12754.24,15992.39,7892.69,10864.18,8087.85,12467.09
97764.66,135786.86,148136.15,162306.76,173251.28,28103.82,1e+09,54191.98,61080.61,81778.36,28142.31,22623.37,32713.83,27716.65,35051.18,62011.19,64658.93,19053.19,29537.52,33831.45,21642.13,25342.29,54267.15,72946.84,93836.15,91692.87,53520.03,27441.78,53197.53,58370.45,30190.09,7112,4484.98,33470.48,14735.32,32312.4,17738.95,16531.73,22152.71,17366.95,19557.67,28844.07,21404.85,28247.59,35801.11,31506.07,21885.86,36558.32,28105.44,29191.49,26744.8,34321,16487.28,11068.01
49350.31,58486.42,80786.25,95581.16,100959.86,18854.07,54191.98,1e+09,3622.52,13350.7,20602.24,28670.81,13134.71,20933.01,7877.79,10226.96,15085.96,19928.4,22679.26,14151.21,25946.54,17012.62,4468.17,14286.63,30013.07,25786.44,5967.5,16680.02,5358.1,5900.46,13071.24,47111.52,46544.88,12075.38,34002.2,10123.11,26594.18,26612.64,27334.71,34204.24,19250.3,18353.86,25430.9,22757.46,14644.38,19230.15,25385.56,8204.53,15304.16,15851.58,26360.32,15286.76,35472.06,30345.98
44905,56002.59,80732.33,95527.24,98476.03,21479.67,61080.61,3622.52,1e+09,10878.69,25431.66,34750.25,19762.69,27821.64,9137.72,10812.62,16693.13,25404.89,28488.97,21039.84,31486.52,23006.32,4202.85,12476.34,29959.15,25347.83,5910,23297.54,4834.53,6153.57,19159.37,51842.31,53433.51,17633.55,40890.83,16274.59,33482.81,33501.27,32065.5,40793.04,23946.5,25242.49,32319.53,29106.63,20942.57,23960.94,32274.19,12934.36,19954.71,22593.01,31091.11,19765.77,41012.04,37234.61
40197.82,33834.12,59845.88,74640.79,76307.56,38322.78,81778.36,13350.7,10878.69,1e+09,42274.77,51789.75,40051.81,47455.96,21562.37,7910.74,7882.15,44175.32,45564.54,41489.52,49775.12,42258.58,14256.72,8950.72,13241.08,14120.8,20610.49,43995.29,18134.67,9868.42,37890.19,68685.42,74131.26,38331.3,58453.1,35291.32,51830.62,53865.29,48908.61,57636.15,44644.25,45940.24,51901.28,46385.93,39504.83,40804.05,52291.2,28801.07,40652.46,43290.76,47934.22,36608.88,58075.24,57932.36
75478.01,87489.53,113779.04,129328.72,129962.97,5155.34,28142.31,20602.24,25431.66,42274.77,1e+09,4522.03,5902.66,4650.31,16124.31,32980.07,36456.18,6002.68,2331.06,5557.25,3352.58,4751.46,22721.21,42877.6,64396.77,59337.04,14630.88,7669.19,21846.51,27717.89,4377.04,14710.95,20930.49,6977.72,8027.9,5919.6,6418.67,5939.93,4039.69,6431.01,7882.18,5619.28,5732.41,3426.2,4535.24,3556.08,4858.69,7010.1,5894.23,6117.01,4015.92,4913.26,5958.4,14164.21
82204.97,97004.51,122290.23,137397.29,139477.95,5996.12,22623.37,28670.81,34750.25,51789.75,4522.03,1e+09,9978.1,5247.11,19058.78,41601.72,44985.65,6547.1,4425.3,9230.27,3223.08,5450.36,30789.78,51499.25,73018.42,68073.14,23993.24,7683.04,30048.63,36122.33,9512.3,9029.16,15788.85,8298.3,5995.54,12623.24,4939.45,5151.7,2708.63,4670.93,7314.36,5752.56,3855.26,4568.19,7838.66,4609.12,3718.48,12664.79,5886.8,7920.95,3760.73,8248.35,2955.69,9332.46
57982.44,85266.57,106818.23,120988.84,127740.01,14168.37,32713.83,13134.71,19762.69,40051.81,5902.66,9978.1,1e+09,4138.24,9298.2,20953.92,23341.01,8509.99,7018.13,1899.35,7816.51,5606.34,13147.87,31628.92,52518.23,48839.25,10569.09,4375.76,11879.61,17102.27,3914.67,29354.75,25066.73,2750.32,12524.05,2901.93,6587.5,6332.77,9641.59,12726.09,7462.46,2742.3,5490.69,5088.13,4178.02,5616.83,5590.41,3308.88,4835.37,2417.38,8068.77,3296.21,15385.51,13473.17
66006.33,93570.94,114877.18,129047.79,136044.38,10964.98,27716.65,20933.01,27821.64,47455.96,4650.31,5247.11,4138.24,1e+09,10004.51,28752.22,31399.96,7287.1,3462.36,3772.09,3980.76,4732.13,21008.18,39687.87,60577.18,56933.26,18530.06,3329.5,19938.56,25111.48,6157.88,17951.32,21076.32,3967.89,7154.11,6021.23,2870.43,4469.23,4358.76,5902.43,5968.21,2678.47,4061.68,1973.42,4267.98,3406.8,4672.94,5430.85,3564.85,2877.45,3305.43,3914.91,7032.67,11548.12
48908.43,74138.03,88983.8,103778.71,111866.13,23298.6,35051.18,7877.79,9137.72,21562.37,16124.31,19058.78,9298.2,10004.51,1e+09,14428.85,18569.04,13341.88,15744.09,9321.55,15984.77,12179.7,8458.82,18793.75,38210.62,35862.36,10412.91,7680.4,9008.97,8770.44,11324.69,33941.66,27628.3,5368.85,17384.97,9372.01,12355.39,12661.96,15954.11,17351.65,5114.98,8460.36,12133.35,13150.91,11232.15,13249.79,12687.32,7500.92,4492.43,8994.35,15492.09,10243.47,19685.51,14763.85
36467.84,46186.09,64841.88,79922.26,86286.86,40907.81,62011.19,10226.96,10812.62,7910.74,32980.07,41601.72,20953.92,28752.22,14428.85,1e+09,5387.23,34490.46,33690.33,22062.8,36629.74,29054.78,10310.64,6560.57,17945.42,18389.75,15693.39,24678.39,10217.79,6871.19,24609.03,60647.93,54364.09,19389.81,41821.41,17984.56,34413.39,34431.85,37986.47,42023.45,26111.83,26173.07,33250.11,31282.62,25332.03,30157.67,33204.77,10778.26,22316.15,23808.53,36306.06,23540.44,44960.56,38165.19
31237.72,43104.83,62803.08,77217.52,84587.56,45028.85,64658.93,15085.96,16693.13,7882.15,36456.18,44985.65,23341.01,31399.96,18569.04,5387.23,1e+09,36866.15,36065.82,24618.16,39013.12,32242.26,14450.27,6815.46,13544.62,15326.96,16400.16,27078.52,12013.66,9507.13,27322.06,63063.82,57011.83,22562.41,44469.15,20409.25,37061.13,37079.59,40619.05,44671.19,29304.12,28820.81,35897.85,33863.22,27434.66,32685.89,35852.51,15014.79,25303.85,26171.33,38953.8,25798.66,47608.3,40812.93
72526.77,94446,113106.35,128525.56,133755.88,13132.37,19053.19,19928.4,25404.89,44175.32,6002.68,6547.1,8509.99,7287.1,13341.88,34490.46,36866.15,1e+09,6120.72,7227.33,4922.13,4800.3,22664.87,43880.35,65436.2,61799.63,17200.13,7329.54,21980.67,28315.96,5627.63,16548.43,12221.53,9467.98,7046.94,8094.96,6216.79,5857.35,7086.96,6934.08,6311.21,7688.55,5428.1,6394.1,8180.82,8009.99,4595.67,9883.48,7635.23,6946.28,7350.81,7622.4,8698.62,6232.62
72048.69,90779.3,116190.43,131609.64,133252.74,7756.37,29537.52,22679.26,28488.97,45564.54,2331.06,4425.3,7018.13,3462.36,15744.09,33690.33,36065.82,6120.72,1e+09,4878.74,2524.98,4542.4,25292.36,44625.98,65515.29,60767.12,17573.88,6653.11,23740.19,30049.59,5995.49,18302.05,21405.82,5668.63,8676.11,8544.23,5456.23,5715.59,4031.34,7132.18,7925.74,4118.17,4878.44,1968.3,3988.78,2773.64,4441.31,8426.76,4280.1,5634.96,2867.55,4500.57,7674.11,14241.3
59187.11,87051.08,108095.38,122265.99,129524.52,13133.92,33831.45,14151.21,21039.84,41489.52,5557.25,9230.27,1899.35,3772.09,9321.55,22062.8,24618.16,7227.33,4878.74,1e+09,6381.64,4607.75,14226.38,32906.07,53795.38,50188.88,11897.94,4768.76,13156.76,18329.68,4579.98,27114.24,26374.46,2473.25,13831.78,3235.18,6837.62,7309.55,8113.75,14033.82,8251.02,2592.16,5698.78,3974.79,3256.84,4824.63,5932.9,3148.16,4973.77,2456,6987.64,2696.75,15006.68,14410.43
74162.51,98120.12,119349.46,135080.82,138882.59,10222.37,21642.13,25946.54,31486.52,49775.12,3352.58,3223.08,7816.51,3980.76,15984.77,36629.74,39013.12,4922.13,2524.98,6381.64,1e+09,5522.96,28293.89,47565.39,68454.7,64532.12,21822.81,6146.54,26973.73,32989,6772.45,16067.12,14836.9,6425.12,5982.53,9817.06,3648.72,4253.19,3602.69,4822.12,5573.08,3452.96,1869.6,3375.46,6891.12,4506.37,2752.72,10402.22,4227.85,5127.71,3365.49,5939.13,5709.87,10052.91
71808.73,89392.75,110546.3,125653.36,131866.19,8014.76,25342.29,17012.62,23006.32,42258.58,4751.46,5450.36,5606.34,4732.13,12179.7,29054.78,32242.26,4800.3,4542.4,4607.75,5522.96,1e+09,18591.71,38591.8,60110.97,55949.92,14446.47,5666.07,18058.38,23432.09,4557.44,17389.47,18020.31,6626.59,9464.41,6763.3,6019.05,6451.71,4913.81,7954.56,7673.74,5431.11,5640.2,4735.27,3263.74,5882.81,6263.65,7653.18,8099.85,5542.73,4912.92,5679.24,7889.47,10613.72
44423.64,63754.16,82181.12,97288.18,103558.69,24826.65,54267.15,4468.17,4202.85,14256.72,22721.21,30789.78,13147.87,21008.18,8458.82,10310.64,14450.27,22664.87,25292.36,14226.38,28293.89,18591.71,1e+09,14998.71,31906.65,28282.95,6294.95,16912.25,4419.75,4726.5,14522.59,51627.97,46620.05,12391.75,34077.37,10360.24,26669.35,26687.81,30242.43,34279.41,19311.52,18429.03,25506.07,23484.01,16015.63,22294.11,25460.73,6170.46,15311.25,15847.51,28562.02,15579.42,37216.52,30421.15
30893,38854.77,55404.63,70511.69,77170.56,47210.3,72946.84,14286.63,12476.34,8950.72,42877.6,51499.25,31628.92,39687.87,18793.75,6560.57,6815.46,43880.35,44625.98,32906.07,47565.39,38591.8,14998.71,1e+09,12078.3,10250.23,19349.56,35163.77,11534.08,9575.31,34245.52,70900.4,65299.74,29499.78,52757.06,28140.82,45349.04,45367.5,48922.12,52959.1,35812.73,37108.72,44185.76,42218.27,36028.72,40973.8,44140.42,21172.77,31820.94,34459.24,47241.71,34086.57,55896.21,49100.84
23377.65,24183.86,37610.16,53029.37,58259.69,69747.79,93836.15,30013.07,29959.15,13241.08,64396.77,73018.42,52518.23,60577.18,38210.62,17945.42,13544.62,65436.2,65515.29,53795.38,68454.7,60110.97,31906.65,12078.3,1e+09,5332.53,39642.07,56053.08,30030.86,25316.53,55764.69,92249.85,86189.05,50389.09,73646.37,49030.13,66238.35,66256.81,69811.43,73848.41,56702.04,57998.03,65075.07,63107.58,56968.27,61863.11,65029.73,40858.86,52710.25,55348.55,68131.02,54975.88,76785.52,69990.15
26067.77,22757.05,37786.06,53205.27,58435.59,63365.2,91692.87,25786.44,25347.83,14120.8,59337.04,68073.14,48839.25,56933.26,35862.36,18389.75,15326.96,61799.63,60767.12,50188.88,64532.12,55949.92,28282.95,10250.23,5332.53,1e+09,35025.21,53022.71,26636.05,23314.65,51338.63,87014.4,83203.9,46975.78,69577.84,45169.38,62282.04,62588.53,64927.25,69634.31,54418.43,54561.5,61690.28,58820.71,52575.43,56956.61,61547.36,38195.32,50108.38,52229.84,63347.7,50453.96,72214.56,67318.96
46546.26,65825.25,92114.76,108112.68,108298.69,16342.32,53520.03,5967.5,5910,20610.49,14630.88,23993.24,10569.09,18530.06,10412.91,15693.39,16400.16,17200.13,17573.88,11897.94,21822.81,14446.47,6294.95,19349.56,39642.07,35025.21,1e+09,16623.72,3975.35,8703.89,9564.31,40977.25,45872.93,11323.82,29709.97,6958.18,22863.05,24112.25,21095.26,29152.72,21015.4,16780.47,23083.06,17900.82,10917,13013.02,23301.03,8616.83,16993.93,15011.81,20020.01,8597.98,29911.16,29674.03
60868.68,93341.69,110353.08,124523.69,135468.21,13286.16,27441.78,16680.02,23297.54,43995.29,7669.19,7683.04,4375.76,3329.5,7680.4,24678.39,27078.52,7329.54,6653.11,4768.76,6146.54,5666.07,16912.25,35163.77,56053.08,53022.71,16623.72,1e+09,15525.28,20853.3,4989.7,18589.4,19504.57,4753.32,7902.13,4473.1,4816.17,4371.35,5902.11,7064.98,4292.95,3395.91,5879.88,4942.45,6530.93,3933.76,5010.65,6113.81,4508.84,3960.7,4681.76,6355.36,7755.66,9286.74
37478.35,64768.39,84330.86,98501.47,107241.83,26300.43,53197.53,5358.1,4834.53,18134.67,21846.51,30048.63,11879.61,19938.56,9008.97,10217.79,12013.66,21980.67,23740.19,13156.76,26973.73,18058.38,4419.75,11534.08,30030.86,26636.05,3975.35,15525.28,1e+09,4009.3,13391.01,49802.73,45550.43,10811.95,33007.75,8694.15,25599.73,25618.19,29004.72,33209.79,18066.74,17359.41,24436.45,22415.49,15051.36,20967.12,24391.11,9806.63,14053.75,14709.93,27492.4,14337.26,36093.24,29351.53
41535.36,56272.63,74263.67,89370.73,95582.51,31179.47,58370.45,5900.46,6153.57,9868.42,27717.89,36122.33,17102.27,25111.48,8770.44,6871.19,9507.13,28315.96,30049.59,18329.68,32989,23432.09,4726.5,9575.31,25316.53,23314.65,8703.89,20853.3,4009.3,1e+09,19223.79,56069.13,50723.35,15749.07,38180.67,14022.17,30772.65,30791.11,34345.73,38382.71,22305.56,22532.33,29609.37,27641.88,20869.01,26397.41,29564.03,8471.22,18309.53,19882.85,32665.32,19533.82,41319.82,34524.45
63736.5,83104.95,106537.87,121332.78,125578.39,11039.07,30190.09,13071.24,19159.37,37890.19,4377.04,9512.3,3914.67,6157.88,11324.69,24609.03,27322.06,5627.63,5995.49,4579.98,6772.45,4557.44,14522.59,34245.52,55764.69,51338.63,9564.31,4989.7,13391.01,19223.79,1e+09,26186.91,22542.99,5917.25,11748.43,2422.31,7361.38,6256.52,9285.6,10145.57,7502.18,5564.56,7642.56,6387.22,3986.18,6172.98,5915.4,4675.74,7538.39,4871.37,8490.89,3933.2,13384.4,10358.98
99818.73,113900.18,140189.69,156857.5,156373.62,10428.24,7112,47111.52,51842.31,68685.42,14710.95,9029.16,29354.75,17951.32,33941.66,60647.93,63063.82,16548.43,18302.05,27114.24,16067.12,17389.47,51627.97,70900.4,92249.85,87014.4,40977.25,18589.4,49802.73,56069.13,26186.91,1e+09,4469.61,25920.89,8189.88,29878.15,13921.7,14190.41,13043.72,10979.73,14755.78,22409.67,18852.97,17991.72,21130.18,16331.56,16649.31,32386.75,21394.85,25786.93,15142.45,25737.68,6522.83,6983.62
90959.43,123794.2,140489.05,154659.66,165604.18,17439.21,4484.98,46544.88,53433.51,74131.26,20930.49,15788.85,25066.73,21076.32,27628.3,54364.09,57011.83,12221.53,21405.82,26374.46,14836.9,18020.31,46620.05,65299.74,86189.05,83203.9,45872.93,19504.57,45550.43,50723.35,22542.99,4469.61,1e+09,25823.38,6646.37,24665.3,9795.34,9916.72,15530.11,12094.74,14422.11,22038.84,14918.36,20642.85,28292.43,24052.39,14466.92,28911.22,20611.48,21781.32,18100.56,26673.9,12255.16,4960.17
55587.63,84997.12,104689.09,118859.7,127470.56,13272.79,33470.48,12075.38,17633.55,38331.3,6977.72,8298.3,2750.32,3967.89,5368.85,19389.81,22562.41,9467.98,5668.63,2473.25,6425.12,6626.59,12391.75,29499.78,50389.09,46975.78,11323.82,4753.32,10811.95,15749.07,5917.25,25920.89,25823.38,1e+09,12796.82,3659.54,6491.59,7853.93,7962.24,12853.29,8306.98,2170.37,5439.03,3878.17,4569.97,4013.13,6063.4,1912.27,3331.71,2210.73,6666.91,3459.83,13864.52,16450.12
79500.13,103667.86,127946.37,142116.98,146141.3,8601.82,14735.32,34002.2,40890.83,58453.1,8027.9,5995.54,12524.05,7154.11,17384.97,41821.41,44469.15,7046.94,8676.11,13831.78,5982.53,9464.41,34077.37,52757.06,73646.37,69577.84,29709.97,7902.13,33007.75,38180.67,11748.43,8189.88,6646.37,12796.82,1e+09,13033.05,2994.21,4531.82,5757.41,4780.84,5961.48,9198.7,5287.77,8257.38,11247.58,7143.08,5170.46,16368.54,8289.96,9745.81,5289.23,13449.26,3997.77,4067.4
54676.11,80506.08,103330.13,117500.74,122979.52,14746.26,32312.4,10123.11,16274.59,35291.32,5919.6,12623.24,2901.93,6021.23,9372.01,17984.56,20409.25,8094.96,8544.23,3235.18,9817.06,6763.3,10360.24,28140.82,49030.13,45169.38,6958.18,4473.1,8694.15,14022.17,2422.31,29878.15,24665.3,3659.54,13033.05,1e+09,7948.9,6945.79,11042.01,12324.66,6761.02,4649.46,8010.42,7486.78,4536.48,7340.55,6239.81,2757.69,7019.97,3375.55,9730.76,3272.68,15557.61,10902.11
71979.89,97045.38,120538.35,134708.96,139518.82,11131.17,17738.95,26594.18,33482.81,51830.62,6418.67,4939.45,6587.5,2870.43,12355.39,34413.39,37061.13,6216.79,5456.23,6837.62,3648.72,6019.05,26669.35,45349.04,66238.35,62282.04,22863.05,4816.17,25599.73,30772.65,7361.38,13921.7,9795.34,6491.59,2994.21,7948.9,1e+09,2774.28,4427.5,4620.01,4932.4,4017.77,2662.72,3907.64,7177.75,4123.54,4137.87,9150.08,4839.28,4621.44,3591.32,7016.66,5584.32,5530.8
71710.32,99080.05,120556.81,134727.42,141553.49,10925.98,16531.73,26612.64,33501.27,53865.29,5939.93,5151.7,6332.77,4469.23,12661.96,34431.85,37079.59,5857.35,5715.59,7309.55,4253.19,6451.71,26687.81,45367.5,66256.81,62588.53,24112.25,4371.35,25618.19,30791.11,6256.52,14190.41,9916.72,7853.93,4531.82,6945.79,2774.28,1e+09,4998.6,3829.22,3779.05,4864.86,3090.04,5055.61,7681.86,4905.96,3163.57,9379.71,4729.44,5004.8,4325.57,8311.22,5016.32,5341.27
76480.84,94123.37,120412.88,137080.69,136596.81,7210.55,22152.71,27334.71,32065.5,48908.61,4039.69,2708.63,9641.59,4358.76,15954.11,37986.47,40619.05,7086.96,4031.34,8113.75,3602.69,4913.81,30242.43,48922.12,69811.43,64927.25,21095.26,5902.11,29004.72,34345.73,9285.6,13043.72,15530.11,7962.24,5757.41,11042.01,4427.5,4998.6,1e+09,3791.25,6176.95,5908.54,4249.16,3835.79,4690.63,3999,3908.97,12835.43,6169.94,8073.37,2191.49,7027.61,4282.81,9538.81
79847.74,102850.91,128148.41,142319.02,145324.35,10363.12,17366.95,34204.24,40793.04,57636.15,6431.01,4670.93,12726.09,5902.43,17351.65,42023.45,44671.19,6934.08,7132.18,14033.82,4822.12,7954.56,34279.41,52959.1,73848.41,69634.31,29152.72,7064.98,33209.79,38382.71,10145.57,10979.73,12094.74,12853.29,4780.84,12324.66,4620.01,3829.22,3791.25,1e+09,4632.87,8702.46,5293.92,6280.19,9383.37,6423.99,3726.04,16570.58,7091.47,9440.68,3809.57,12923.45,3063.31,6123.15
60770.88,99217.97,111002.04,125172.65,136117.17,13138.9,19557.67,19250.3,23946.5,44644.25,7882.18,7314.36,7462.46,5968.21,5114.98,26111.83,29304.12,6311.21,7925.74,8251.02,5573.08,7673.74,19311.52,35812.73,56702.04,54418.43,21015.4,4292.95,18066.74,22305.56,7502.18,14755.78,14422.11,8306.98,5961.48,6761.02,4932.4,3779.05,6176.95,4632.87,1e+09,6451.26,3864.64,6988.16,9647.09,6767.41,2968.16,9197.21,3890.81,5773.65,5765.1,9391.42,5795.75,6468.88
63219.79,92443.52,112298.03,126468.64,134916.96,12183.07,28844.07,18353.86,25242.49,45940.24,5619.28,5752.56,2742.3,2678.47,8460.36,26173.07,28820.81,7688.55,4118.17,2592.16,3452.96,5431.11,18429.03,37108.72,57998.03,54561.5,16780.47,3395.91,17359.41,22532.33,5564.56,22409.67,22038.84,2170.37,9198.7,4649.46,4017.77,4864.86,5908.54,8702.46,6451.26,1e+09,2793.89,2727.05,5506.9,3315.36,3222.3,3966.84,1875.47,1616.9,4173.49,3323.42,10212.13,14513.12
70245.09,99882.74,119375.07,133545.68,141008.75,13337.26,21404.85,25430.9,32319.53,51901.28,5732.41,3855.26,5490.69,4061.68,12133.35,33250.11,35897.85,5428.1,4878.44,5698.78,1869.6,5640.2,25506.07,44185.76,65075.07,61690.28,23083.06,5879.88,24436.45,29609.37,7642.56,18852.97,14918.36,5439.03,5287.77,8010.42,2662.72,3090.04,4249.16,5293.92,3864.64,2793.89,1e+09,3154.63,7899.97,5424.22,2037.22,8137.56,3698.32,3699.11,4949.13,6008.32,7471.22,8688.48
69179.68,91600.69,116485.13,131280.04,134074.13,9511.71,28247.59,22757.46,29106.63,46385.93,3426.2,4568.19,5088.13,1973.42,13150.91,31282.62,33863.22,6394.1,1968.3,3974.79,3375.46,4735.27,23484.01,42218.27,63107.58,58820.71,17900.82,4942.45,22415.49,27641.88,6387.22,17991.72,20642.85,3878.17,8257.38,7486.78,3907.64,5055.61,3835.79,6280.19,6988.16,2727.05,3154.63,1e+09,3707.44,2735.69,3786.78,7242.21,3653.82,3480.11,2804.63,3463.52,7569.62,13565.27
63146.34,84719.59,108321.07,123115.98,127193.03,7961.66,35801.11,14644.38,20942.57,39504.83,4535.24,7838.66,4178.02,4267.98,11232.15,25332.03,27434.66,8180.82,3988.78,3256.84,6891.12,3263.74,16015.63,36028.72,56968.27,52575.43,10917,6530.93,15051.36,20869.01,3986.18,21130.18,28292.43,4569.97,11247.58,4536.48,7177.75,7681.86,4690.63,9383.37,9647.09,5506.9,7899.97,3707.44,1e+09,4165.17,7950.26,4759.94,7169.82,5573.12,4183.55,3983.57,10637.52,16441.3
68554.84,86018.81,112308.32,128976.13,128492.25,6462.37,31506.07,19230.15,23960.94,40804.05,3556.08,4609.12,5616.83,3406.8,13249.79,30157.67,32685.89,8009.99,2773.64,4824.63,4506.37,5882.81,22294.11,40973.8,61863.11,56956.61,13013.02,3933.76,20967.12,26397.41,6172.98,16331.56,24052.39,4013.13,7143.08,7340.55,4123.54,4905.96,3999,6423.99,6767.41,3315.36,5424.22,2735.69,4165.17,1e+09,5333.57,6930.92,4569.48,5086.85,2608.16,3210.61,6511.19,13200.9
70297.33,99154.34,119329.73,133500.34,141398.67,12009.83,21885.86,25385.56,32274.19,52291.2,4858.69,3718.48,5590.41,4672.94,12687.32,33204.77,35852.51,4595.67,4441.31,5932.9,2752.72,6263.65,25460.73,44140.42,65029.73,61547.36,23301.03,5010.65,24391.11,29564.03,5915.4,16649.31,14466.92,6063.4,5170.46,6239.81,4137.87,3163.57,3908.97,3726.04,2968.16,3222.3,2037.22,3786.78,7950.26,5333.57,1e+09,8181.28,3751.65,4091.24,4200.2,6550.04,5708.06,7270.46
46416.15,80715.28,95158.86,109329.47,120273.99,14487.19,36558.32,8204.53,12934.36,28801.07,7010.1,12664.79,3308.88,5430.85,7500.92,10778.26,15014.79,9883.48,8426.76,3148.16,10402.22,7653.18,6170.46,21172.77,40858.86,38195.32,8616.83,6113.81,9806.63,8471.22,4675.74,32386.75,28911.22,1912.27,16368.54,2757.69,9150.08,9379.71,12835.43,16570.58,9197.21,3966.84,8137.56,7242.21,4759.94,6930.92,8181.28,1e+09,6463.05,3332.31,11515.25,4043.26,19362.54,15492.13
57097.35,92998.36,107010.25,121180.86,132125.38,12754.24,28105.44,15304.16,19954.71,40652.46,5894.23,5886.8,4835.37,3564.85,4492.43,22316.15,25303.85,7635.23,4280.1,4973.77,4227.85,8099.85,15311.25,31820.94,52710.25,50108.38,16993.93,4508.84,14053.75,18309.53,7538.39,21394.85,20611.48,3331.71,8289.96,7019.97,4839.28,4729.44,6169.94,7091.47,3890.81,1875.47,3698.32,3653.82,7169.82,4569.48,3751.65,6463.05,1e+09,3316.4,4376.42,5091.96,9338.54,11840.92
60252.49,92018.78,109648.55,123819.16,134492.22,15992.39,29191.49,15851.58,22593.01,43290.76,6117.01,7920.95,2417.38,2877.45,8994.35,23808.53,26171.33,6946.28,5634.96,2456,5127.71,5542.73,15847.51,34459.24,55348.55,52229.84,15011.81,3960.7,14709.93,19882.85,4871.37,25786.93,21781.32,2210.73,9745.81,3375.55,4621.44,5004.8,8073.37,9440.68,5773.65,1616.9,3699.11,3480.11,5573.12,5086.85,4091.24,3332.31,3316.4,1e+09,6275.01,3826.86,12252,11919.88
74699.57,93148.98,119438.49,136106.3,135622.42,7892.69,26744.8,26360.32,31091.11,47934.22,4015.92,3760.73,8068.77,3305.43,15492.09,36306.06,38953.8,7350.81,2867.55,6987.64,3365.49,4912.92,28562.02,47241.71,68131.02,63347.7,20020.01,4681.76,27492.4,32665.32,8490.89,15142.45,18100.56,6666.91,5289.23,9730.76,3591.32,4325.57,2191.49,3809.57,5765.1,4173.49,4949.13,2804.63,4183.55,2608.16,4200.2,11515.25,4376.42,6275.01,1e+09,5963.54,4561.72,10123.66
61283.03,81823.64,108113.15,123446.49,124297.08,10864.18,34321,15286.76,19765.77,36608.88,4913.26,8248.35,3296.21,3914.91,10243.47,23540.44,25798.66,7622.4,4500.57,2696.75,5939.13,5679.24,15579.42,34086.57,54975.88,50453.96,8597.98,6355.36,14337.26,19533.82,3933.2,25737.68,26673.9,3459.83,13449.26,3272.68,7016.66,8311.22,7027.61,12923.45,9391.42,3323.42,6008.32,3463.52,3983.57,3210.61,6550.04,4043.26,5091.96,3826.86,5963.54,1e+09,14076.26,16550.07
83141.71,103290,128874.98,144606.34,145763.44,8087.85,16487.28,35472.06,41012.04,58075.24,5958.4,2955.69,15385.51,7032.67,19685.51,44960.56,47608.3,8698.62,7674.11,15006.68,5709.87,7889.47,37216.52,55896.21,76785.52,72214.56,29911.16,7755.66,36093.24,41319.82,13384.4,6522.83,12255.16,13864.52,3997.77,15557.61,5584.32,5016.32,4282.81,3063.31,5795.75,10212.13,7471.22,7569.62,10637.52,6511.19,5708.06,19362.54,9338.54,12252,4561.72,14076.26,1e+09,5459.54
74446.57,109793.02,124290.15,138460.76,149405.28,12467.09,11068.01,30345.98,37234.61,57932.36,14164.21,9332.46,13473.17,11548.12,14763.85,38165.19,40812.93,6232.62,14241.3,14410.43,10052.91,10613.72,30421.15,49100.84,69990.15,67318.96,29674.03,9286.74,29351.53,34524.45,10358.98,6983.62,4960.17,16450.12,4067.4,10902.11,5530.8,5341.27,9538.81,6123.15,6468.88,14513.12,8688.48,13565.27,16441.3,13200.9,7270.46,15492.13,11840.92,11919.88,10123.66,16550.07,5459.54,1e+09
