1e+09,2118.91713832797,1258.90465870137,1679.20824628752,1642.80157739759,2522.05660075265,1904.34852062326,2175.10525094764,1624.16464347061,1591.46877339771,1443.70411255215,1424.87227799547,1960.14097962366,1451.91432818882,1405.16415076674,1679.43301218,1723.58888178127,2226.38665449198,1285.558515471,2701.88628841038,1528.12186676979,1811.25407665518,1679.28413715488,1764.77714561924,1899.96348538597,1896.18325461966,1877.45319976291,1831.79843287956,1615.39507139894,1882.12278658965,1430.42510611356,2078.41010060575,2191.80106068046,2383.5748919218,1842.03576612942,2112.48712140453,2142.39431389275,1735.08672074338,1787.06020413415,1679.98121168065,1477.01387051713,1406.26461837735,1454.19154099451,1617.90711819313,1535.70294315014,1503.10267121045,1764.55902885112,1238.48686254639,1527.4108781857,2073.1822979661,1477.39716741978,1068.40876625007,1719.94369245042,1368.59931890236
2118.91713832797,1e+09,1013.78836114842,1230.7704331434,1426.64261649511,1848.74908375907,2252.91334456077,2837.79208826158,2428.01645900517,1829.471262633,1932.69296343211,2787.81062303378,2938.20433341522,2460.23680764678,1961.27256823217,2864.72833876094,1645.42673987632,1953.01910046983,2561.25579066207,2879.71761931617,2270.17958236788,2890.33546916271,2640.89142756759,1568.45491181608,1420.50256173651,1440.50118382457,1457.49185026881,2194.47886515227,2081.93837939551,1821.53883716488,2158.12980089243,3032.19675014667,2928.97553306613,2986.31292434333,1985.41738674768,3047.51940906043,2450.60239526938,2494.33038208654,2664.59386914779,2602.02965069578,2441.50175994202,2663.84559612602,2420.6246115001,2973.24600307475,3097.70034782256,2769.82365180529,2620.48633352666,2872.7898168157,2433.59446393601,2253.30456416793,2694.13880503585,2479.26967054816,2166.24750268754,2630.67247729549
1258.90465870137,1013.78836114842,1e+09,1320.52565779692,1140.39055318781,1882.22956854365,1897.84869257272,2209.59136031982,1560.41723478049,1151.37241420837,1151.75735096417,1974.8372310902,2224.44068073302,1837.3580932687,1392.46638828375,2063.8602780954,1265.17650116496,1522.06438996516,1636.05719771651,2556.48837783394,1431.70231591627,2070.24686443429,1866.7869903125,1303.36804172881,1403.48019740216,1263.23244369356,1247.90060229171,1534.02121993146,1493.11643270041,1272.79695038132,1354.58516568727,2188.14508257565,2311.05337175497,2268.22723418532,1526.07944413127,2527.56105750188,1889.47423049376,1823.47625824961,1963.83347163144,1950.85598005081,1754.47688425924,1758.20431605658,1665.05153049388,2150.99631970861,2196.5804684327,1936.66607934874,1960.52163981936,1968.9166342941,1660.09103373881,1830.03627059684,1902.18158176342,1825.29299469976,1805.15798236609,1870.3624281406
1679.20824628752,1230.7704331434,1320.52565779692,1e+09,1071.00543056513,1684.49149709935,2058.07896417995,3171.51427789629,2570.08647163865,2233.72882828243,2290.95384942604,2644.87933849543,2929.95591304716,2220.09947313178,2078.94777505352,2841.72450747781,1819.82814012752,2368.57068277474,2533.50259911057,3184.35744744525,2591.4757104592,2995.71723071454,2808.6618747546,1880.06322539961,1594.45944131546,1516.39637341297,1653.21030909561,2531.59126003784,2345.79743070454,2264.6985418373,2246.88944641253,3093.06226078623,3120.96777743699,3297.57129645441,2338.88216943479,2799.07510165412,2612.96015691017,2564.6626198586,2773.30015678073,2671.38735802204,2407.16390603133,2613.40413646646,2253.1470103169,2972.79275478463,2898.86677230948,2717.00569623989,2651.7841626158,2692.10191339407,2426.26166309407,2536.2138398408,2603.04360795205,2077.2648070961,1974.09087354154,2396.5129689405
1642.80157739759,1426.64261649511,1140.39055318781,1071.00543056513,1e+09,1467.71500275087,2345.3669516517,3259.39636392998,2252.07144589154,2184.27868908709,2017.95116925559,2536.75410729933,2605.58461100383,2362.73369038916,2267.6383604755,2804.90592015133,1883.58062017531,2043.13590551388,2220.2863727006,3340.07661013935,2361.16802002738,2780.61312071636,2487.22229235748,2200.99808200734,2098.90374817427,1471.60481916852,1774.39440486043,2387.03292817674,2482.96875046788,2148.42437248789,2038.45408775866,2707.42936676102,3013.9295783578,3060.55267242699,2520.60881034721,3201.65248542061,2197.33336726588,2418.20072897185,2687.8345396806,2816.99244384858,2532.80425686629,2347.5235770488,2210.58053271081,2880.2243691421,2741.69354766356,2521.02819165118,2647.14066966605,2575.12988895706,2366.51418632976,2740.38861381009,2459.82945868204,2362.62731900315,2318.53951562185,2363.2631122666
2522.05660075265,1848.74908375907,1882.22956854365,1684.49149709935,1467.71500275087,1e+09,2134.24732343747,3622.50366314515,2689.71225700817,2524.53563688453,2806.35004338376,3207.5914103888,3277.60188741708,2663.92908944664,2656.57225947272,2977.46712119546,1866.01332685488,2420.61841802875,2839.49375736239,3514.64976071585,2937.78993845714,3546.67933258703,3259.07770237225,2465.98484332325,2194.92189482906,1418.05712674067,1670.2544914174,2594.54154907953,2815.72859560363,2359.36235813832,2771.20130672602,3002.6130684622,3636.46359236553,3331.45514077557,2879.69276130284,3237.58257508592,2617.54410637147,2925.00028104272,3175.89932535652,3342.00800995449,3030.17432958898,3008.88049508451,2561.99204196656,3625.78815220912,3327.50931379613,2941.31087292724,2865.65328162707,3275.14752542538,2820.32401220144,2882.53516224868,3124.50414842099,3033.69844236371,3017.86511395059,2893.33360121159
1904.34852062326,2252.91334456077,1897.84869257272,2058.07896417995,2345.3669516517,2134.24732343747,1e+09,2361.12586714474,2183.845600426,1780.47620739509,2178.82720833939,2323.38786172262,3042.33180573717,1314.81225960211,1723.12953268174,1710.73337712222,1347.349125728,2839.22860465655,2347.21129285371,2627.34053207802,2305.84286066939,2848.5260814674,2524.28248971861,1533.6252637134,1613.73291941387,1838.63377095603,1756.79770226967,1872.03430323806,1777.82984947942,2224.40931754927,2536.14258207223,2849.31104677955,3001.84234939145,2581.75807743483,2003.94706788877,1551.95446315283,2261.86736715485,2049.46692925258,2288.76884796172,2145.44614954559,2032.66881884384,2482.43370217615,2073.44136316897,2837.10594291084,2736.03266742194,1773.88739924495,1845.75549304343,2414.09055453601,2162.48602645196,2099.96740936615,2333.74847254369,2022.02965917911,2599.69269837802,2080.83648725699
2175.10525094764,2837.79208826158,2209.59136031982,3171.51427789629,3259.39636392998,3622.50366314515,2361.12586714474,1e+09,1758.28741973547,1259.70203008489,1638.2335480938,1754.62933820793,2672.68054759636,1915.14403873442,1552.57374552708,1545.13103654674,2120.80183197299,2604.74962071213,1933.88844559349,1899.39664588521,1355.73716383376,1704.89877338803,1870.88130462624,1751.72517970143,2092.62150536116,2854.74165892467,2378.1387914081,1471.61379362929,1067.44780097202,1867.79770374096,1927.93328689039,2270.17056953877,1932.05462865313,1654.76042969972,1450.71748007667,1875.96739273368,2648.24798534805,1910.45039255145,1890.26546286494,1144.88944876787,1442.20282748301,1829.12377908112,1962.3437771196,1803.08352241376,2029.41411592114,1953.79849383195,1812.33214588276,1656.14018838986,1589.27007412208,1416.54415924813,2095.14118779618,2003.3131416481,2288.4456538227,1997.11604850595
1624.16464347061,2428.01645900517,1560.41723478049,2570.08647163865,2252.07144589154,2689.71225700817,2183.845600426,1758.28741973547,1e+09,1028.06613046049,1203.92615118204,1618.52823864769,2303.22346577574,1803.04457141248,1765.50714875358,1689.46557316212,1785.08714568785,1485.66428226568,1175.92114225402,2602.92189302714,1135.47850776666,1257.53270649316,1845.39973328274,1699.15637779458,2214.20906725178,2108.08105228428,1969.92055794136,1170.22505715781,1533.80809034247,1326.81266767393,926.227186763593,1426.44207873997,2184.38218155615,1027.16162326092,1454.55789338204,2197.5337852693,1563.9829456551,1493.53386804585,1626.71313675768,1647.72437139832,1405.30576046638,931.52609775572,1125.15864410313,1894.12899265071,1631.56104216177,1548.10747873008,1844.0627403101,1466.53996181488,902.586901910281,1774.70698604023,1469.83097796992,1986.32735829218,2177.76280547263,1547.67885990602
1591.46877339771,1829.471262633,1151.37241420837,2233.72882828243,2184.27868908709,2524.53563688453,1780.47620739509,1259.70203008489,1028.06613046049,1e+09,993.376719729227,1610.28026756214,2188.95034884302,1501.89680620874,1029.97407438246,1528.46028633393,1150.48399810688,1564.99914932884,1349.91675306294,1912.16449010016,842.953835983917,1517.52245739561,1641.2011504383,929.359599078849,1429.35990257877,1723.42246045478,1373.60052686361,670.604950622943,703.442939548049,887.736007549542,1189.83258053392,1774.77612402241,1840.11314562447,1321.92738942046,795.100782542691,1898.56241777825,1717.06038231042,1343.21143875415,1412.00189443924,1225.17177779281,1126.78815196114,1349.10242591139,1277.09775068317,1786.11376295017,1854.6633366463,1538.70439042072,1418.36530950246,1591.32124864843,1067.61997766059,1064.08320882345,1550.33267836294,1712.63746219099,1835.0414809208,1521.38429057224
1443.70411255215,1932.69296343211,1151.75735096417,2290.95384942604,2017.95116925559,2806.35004338376,2178.82720833939,1638.2335480938,1203.92615118204,993.376719729227,1e+09,1512.91106698312,2267.05090123711,1742.49941509316,1567.60403380446,1907.70491717142,1736.01829598654,1909.99869918804,1494.15297145239,2397.99139149831,1061.51918253982,1391.34687774113,1208.60833999274,1503.20860032798,1937.32885675096,2157.89116405346,2009.80778566011,1335.57553432968,1372.21358669123,1618.54614466193,1291.27458838157,2166.02810958215,1972.89969922447,1703.37327635489,1489.654048328,2483.17414200052,1627.37366846093,1391.59132107814,1745.25972783423,1511.92010417217,1528.97078124469,1413.23917250407,1764.60086566339,1871.3233593102,2077.46094403722,1620.1554730951,1933.53467548425,1561.93462382393,1438.23317261145,1897.43752634968,1652.83126594943,1868.60162346071,2013.72183386882,1740.05294278651
1424.87227799547,2787.81062303378,1974.8372310902,2644.87933849543,2536.75410729933,3207.5914103888,2323.38786172262,1754.62933820793,1618.52823864769,1610.28026756214,1512.91106698312,1e+09,1970.94666335748,1165.59902033246,1592.79272524707,1901.30896337234,1905.90459913397,2556.11095336255,1347.81675790888,1892.43811542148,1499.50975111868,1127.27243078149,1098.02742165212,1964.02521936456,2089.51532829984,2599.90564661489,2191.64003396999,1493.79153528864,1428.52587582445,2128.19315890264,1589.13425329643,1983.67390704722,1349.78863271254,1820.06695783424,1936.96241927922,1978.26534683798,1959.92160848336,1048.73534063652,1694.48000684576,1003.91371043531,1010.82372325742,1018.17635491107,1355.77210264115,1605.11681434717,1463.6623185011,1641.36974926432,1587.07900285399,616.524170734612,1131.4351222231,1761.67195033582,1419.92783566631,1217.85565852444,1613.13932504294,849.694461027021
1960.14097962366,2938.20433341522,2224.44068073302,2929.95591304716,2605.58461100383,3277.60188741708,3042.33180573717,2672.68054759636,2303.22346577574,2188.95034884302,2267.05090123711,1970.94666335748,1e+09,2305.83335343212,1738.14911005932,2306.64293248869,2123.24861535337,2418.57644834725,1184.59999075637,2472.3016108679,1580.26352204308,2021.88203879455,1751.51321870547,2568.43681306354,2760.29465608293,2250.02779340612,2206.01052520155,1955.85186292316,2040.24689537811,2015.48744307674,2054.80720555482,1625.21830247509,1489.45586258875,2498.05399689438,2337.651720274,2984.04193769122,2427.85090180596,1997.17109369728,1443.95156587747,2164.84615333284,2011.65116590824,1743.12034269009,1978.9662632041,1290.34306899367,1496.73386819434,1857.26320197219,1529.37443031457,1806.52743220246,2202.08076305116,2257.14429596338,1480.90334198421,1944.19180293509,2420.52450749832,1688.73742964974
1451.91432818882,2460.23680764678,1837.3580932687,2220.09947313178,2362.73369038916,2663.92908944664,1314.81225960211,1915.14403873442,1803.04457141248,1501.89680620874,1742.49941509316,1165.59902033246,2305.83335343212,1e+09,1286.3536928077,1669.96583414153,1269.45032277754,2653.96889979894,1674.7518792048,1836.97915603308,1787.477284527,1904.45806811282,1652.99652476949,1432.53093010238,1566.81149204363,2074.16381824098,1736.16199903696,1367.23394797672,1260.76832213536,2067.64932031522,1984.73415957906,2336.30818773979,1950.91545188406,2019.05747907285,1718.98895647994,1277.64155853667,1779.26965297562,1034.39949057412,1631.93613674065,1185.35947745821,1098.74431752797,1632.81774944419,1408.08840627995,2088.11887096975,1982.43505311019,1371.72821710425,1238.58064836328,1433.75128271957,1419.42832069816,1606.13140078886,1521.81797627049,1141.64874177656,1809.03992062088,968.685601265963
1405.16415076674,1961.27256823217,1392.46638828375,2078.94777505352,2267.6383604755,2656.57225947272,1723.12953268174,1552.57374552708,1765.50714875358,1029.97407438246,1567.60403380446,1592.79272524707,1738.14911005932,1286.3536928077,1e+09,1483.8083521129,1014.34431333744,2088.47492407738,1330.1207847034,1653.9609468485,1120.39390818587,1846.80010585878,1666.72487816676,1068.93858228619,1297.36597650779,1595.36107571296,1238.53870028352,1110.02101543169,601.659776036258,1262.9933337908,1634.60341630623,1949.19656138112,1585.08091358139,2001.29044004113,1050.89090761125,1675.74257071306,2128.24817565997,1467.72515693504,1157.94860352263,1137.98027715774,1058.39953944623,1611.15674187833,1401.52537254949,1437.79570659395,1680.50161392365,1450.24900675712,886.634023879075,1542.01885030631,1479.55151981944,1018.11146943741,1396.18233533447,1144.08686890463,1640.70990086609,1300.94478480065
1679.43301218,2864.72833876094,2063.8602780954,2841.72450747781,2804.90592015133,2977.46712119546,1710.73337712222,1545.13103654674,1689.46557316212,1528.46028633393,1907.70491717142,1901.30896337234,2306.64293248869,1669.96583414153,1483.8083521129,1e+09,1836.77788668091,2658.36551397659,1532.88373717644,2539.53224805278,1457.45417392795,2198.18394130246,1990.872252632,2015.8815283394,2278.88546947845,2321.77763304327,2154.16021166022,1595.90634778486,1458.24069251273,1879.55608168525,2101.13291321611,1870.28987948393,2413.85410437334,2038.53531983137,1885.69752227127,1723.04745120383,2544.82563021516,2053.96397298005,1759.46811326605,1783.50759280694,1769.55906776236,1842.68987480259,1819.87698477122,1751.89745616003,1676.29553718907,1162.31636700169,1392.50934434926,1629.75982638547,1830.5995399322,1916.02791707219,1897.52310765903,1888.1796922433,2708.32618264492,1866.10989630836
1723.58888178127,1645.42673987632,1265.17650116496,1819.82814012752,1883.58062017531,1866.01332685488,1347.349125728,2120.80183197299,1785.08714568785,1150.48399810688,1736.01829598654,1905.90459913397,2123.24861535337,1269.45032277754,1014.34431333744,1836.77788668091,1e+09,1953.50589881372,1671.71456448163,1826.34525232772,1584.82446229859,2250.92193067641,1951.65223549176,1057.27883696781,1099.93019951268,1046.52024189693,643.179881603895,1030.70923402286,1142.70218154163,1291.63197328032,1873.01121224621,2104.00728808148,2064.29113930182,2052.95634517639,1414.28979516222,1907.63763364534,1713.34000431905,1445.43858738447,1606.3979994385,1709.30209243422,1503.226297568,1883.19975538975,1474.33064157943,2252.28800016783,2218.29306391198,1665.86484763921,1197.81275736235,2037.53318208563,1641.73892437257,1290.35338981226,1764.2404217963,1722.4938585667,1942.35496755871,1519.83317489124
2226.38665449198,1953.01910046983,1522.06438996516,2368.57068277474,2043.13590551388,2420.61841802875,2839.22860465655,2604.74962071213,1485.66428226568,1564.99914932884,1909.99869918804,2556.11095336255,2418.57644834725,2653.96889979894,2088.47492407738,2658.36551397659,1953.50589881372,1e+09,1791.84084884791,2942.86419496381,1694.00293612496,2063.41386423083,2623.41375581512,1910.30690513331,2277.05106018728,1722.75438922674,1721.66777457209,1753.1776679504,2054.35991987772,1008.33487577293,1176.09589298662,1762.95720044475,2535.37792762736,1930.61286598324,1664.12913236924,3019.28108492734,2077.87010068002,2264.47626902999,2098.13260584263,2419.34484745354,2081.08971656678,1778.83608738973,1643.58453783187,2403.17260520338,2256.42213557215,2519.22395000921,2403.04407475186,2424.76775102277,1712.67186323008,1981.64342501369,2077.40516726998,2545.67015461548,2229.94551236123,2248.25302993235
1285.558515471,2561.25579066207,1636.05719771651,2533.50259911057,2220.2863727006,2839.49375736239,2347.21129285371,1933.88844559349,1175.92114225402,1349.91675306294,1494.15297145239,1347.81675790888,1184.59999075637,1674.7518792048,1330.1207847034,1532.88373717644,1671.71456448163,1791.84084884791,1e+09,2344.10071345068,840.921896492177,1249.72620229393,1448.12538600772,1908.62228185673,2281.62011358158,1935.54117042237,1844.41506256049,1242.37840411044,1424.3585319715,1381.81154558066,1153.49795010654,998.936469551493,1557.54181032164,1587.45655817726,1620.92203162274,2243.99192119758,1807.96900662041,1403.66485273373,1020.53817091768,1522.10822410892,1272.05712080865,762.047038705617,1090.62575340948,1028.66564985908,867.350042773966,1168.46417501779,1219.29458278137,1050.06800265507,1225.49714308113,1729.18117758088,866.158640319428,1489.4427661713,2020.24670203914,1084.9572496647
2701.88628841038,2879.71761931617,2556.48837783394,3184.35744744525,3340.07661013935,3514.64976071585,2627.34053207802,1899.39664588521,2602.92189302714,1912.16449010016,2397.99139149831,1892.43811542148,2472.3016108679,1836.97915603308,1653.9609468485,2539.53224805278,1826.34525232772,2942.86419496381,2344.10071345068,1e+09,2073.81009603097,2262.45698489496,2033.87232539312,1951.82313548129,1847.82263707857,2742.97385277366,2027.68108093951,1592.1895477612,1411.20383254865,2223.64284490563,2543.30888444562,2647.67167454728,1365.52718922034,2261.73769812063,1989.01381674437,2211.25537706525,2609.88647931285,1727.62681965753,2060.11636916462,1470.37914052805,1647.26516031876,2295.17706297357,2156.65202241808,2390.0398567388,2538.99654381411,2502.04260389387,1649.33651745179,2187.93108895139,2045.71147528189,1253.96719969065,2325.03863907678,2106.95369263304,2056.35994589955,1867.04956897239
1528.12186676979,2270.17958236788,1431.70231591627,2591.4757104592,2361.16802002738,2937.78993845714,2305.84286066939,1355.73716383376,1135.47850776666,842.953835983917,1061.51918253982,1499.50975111868,1580.26352204308,1787.477284527,1120.39390818587,1457.45417392795,1584.82446229859,1694.00293612496,840.921896492177,2073.81009603097,1e+09,1239.8776846528,1299.09176373342,1590.89332514786,2027.88926130102,1997.01463234499,1776.69650649738,953.252340988471,1003.71934672995,1074.95015861202,1152.77550611557,1365.91466651471,1481.66406283611,1404.84109012372,1226.47717606159,2274.75787573095,1906.20028089915,1451.03141585563,1123.83735491396,1321.32213827666,1270.16690454444,1099.37419225667,1413.19114786359,1129.15635197257,1381.48333696067,1347.15718284839,1311.87197828142,1300.22749447933,1271.81252938474,1426.58722204427,1275.29775080175,1708.61919540312,2033.93287305653,1482.15316320548
1811.25407665518,2890.33546916271,2070.24686443429,2995.71723071454,2780.61312071636,3546.67933258703,2848.5260814674,1704.89877338803,1257.53270649316,1517.52245739561,1391.34687774113,1127.27243078149,2021.88203879455,1904.45806811282,1846.80010585878,2198.18394130246,2250.92193067641,2063.41386423083,1249.72620229393,2262.45698489496,1239.8776846528,1e+09,1474.51170687113,2020.97894024159,2493.82943626865,2743.61384314557,2450.8462348544,1506.60376652257,1603.52419286396,1881.8264416784,1103.8026213051,1741.17075621548,1420.08503724249,1278.36812624533,1662.09944248231,2396.37745000657,1881.39372030418,1293.01481170944,1502.5196447967,1198.86277346492,1132.26459765375,723.319967027041,1387.68732029229,1436.64377167759,1449.19951097149,1848.65551436713,1915.45043498912,1044.88382296789,1016.82872805601,1826.72111719332,1238.70551225866,1719.74186388539,1812.36771428979,1297.64533586801
1679.28413715488,2640.89142756759,1866.7869903125,2808.6618747546,2487.22229235748,3259.07770237225,2524.28248971861,1870.88130462624,1845.39973328274,1641.2011504383,1208.60833999274,1098.02742165212,1751.51321870547,1652.99652476949,1666.72487816676,1990.872252632,1951.65223549176,2623.41375581512,1448.12538600772,2033.87232539312,1299.09176373342,1474.51170687113,1e+09,2129.60536006087,2324.00823580727,2570.921212095,2306.66302124953,1526.12534216558,1571.08141679545,2156.95743924167,1901.67205566575,2165.13999602797,1362.36598617993,2025.48256045319,2109.15857398158,2635.5115197244,1894.62276786172,1250.35027380331,1707.23031050295,1500.70146681477,1646.49152527427,1509.95590783307,2005.3185322038,1652.2389494259,1920.50329624815,1551.61857668049,1663.13241619542,1312.83873830718,1788.09809649806,2092.40029528291,1635.00715839412,1808.64976048432,2207.56908410586,1534.57308617087
1764.77714561924,1568.45491181608,1303.36804172881,1880.06322539961,2200.99808200734,2465.98484332325,1533.6252637134,1751.72517970143,1699.15637779458,929.359599078849,1503.20860032798,1964.02521936456,2568.43681306354,1432.53093010238,1068.93858228619,2015.8815283394,1057.27883696781,1910.30690513331,1908.62228185673,1951.82313548129,1590.89332514786,2020.97894024159,2129.60536006087,1e+09,998.099354323005,1589.53391508329,1284.52861953325,1235.60633917118,980.91340749324,1358.08138161894,1659.05988243342,2460.02661924622,2183.57211442627,1918.84943122174,736.818248959674,1700.99568488577,1862.46220946896,1514.97684015301,1633.25377082069,1378.6320643667,1251.42280928549,1898.03981754862,1553.67485292129,2227.93664384785,2364.98297091121,1882.44506934465,1630.43604198386,2057.429124806,1483.42865028959,1169.32886695745,1756.7676618153,1614.37837377116,1650.25803833825,1677.55830217611
1899.96348538597,1420.50256173651,1403.48019740216,1594.45944131546,2098.90374817427,2194.92189482906,1613.73291941387,2092.62150536116,2214.20906725178,1429.35990257877,1937.32885675096,2089.51532829984,2760.29465608293,1566.81149204363,1297.36597650779,2278.88546947845,1099.93019951268,2277.05106018728,2281.62011358158,1847.82263707857,2027.88926130102,2493.82943626865,2324.00823580727,998.099354323005,1e+09,1685.74338963556,1057.47774052223,1646.09595209392,1275.41887687928,1697.84645330489,2043.71501521127,2728.55900132286,2325.13828603806,2529.96370385031,1529.75836068969,1931.53484677342,2409.58346636924,1938.92948750077,2264.03384877523,1733.22571288335,1630.30004861068,2259.42467958107,1816.04852437924,2584.20374728851,2593.26702053607,2398.02281227681,1918.10010789322,2254.45857901626,1812.08145721985,1301.73200844106,2345.71933711175,1746.22789858598,1521.96226970316,1929.64590127308
1896.18325461966,1440.50118382457,1263.23244369356,1516.39637341297,1471.60481916852,1418.05712674067,1838.63377095603,2854.74165892467,2108.08105228428,1723.42246045478,2157.89116405346,2599.90564661489,2250.02779340612,2074.16381824098,1595.36107571296,2321.77763304327,1046.52024189693,1722.75438922674,1935.54117042237,2742.97385277366,1997.01463234499,2743.61384314557,2570.921212095,1589.53391508329,1685.74338963556,1e+09,891.261565086255,1777.14051836089,1914.19062854252,1415.03824976571,2040.70140008282,2280.1189559319,2702.33058079503,2609.6459847075,1838.31678412617,2591.73306468857,2041.40974889903,2170.11862390055,1990.70500202818,2479.6587603741,2164.58645948828,2286.39615758075,1860.18934267456,2570.35741121736,2512.64315144431,2092.39350637016,1855.70705759287,2586.76904686135,2178.68105823225,2011.45968110226,2074.95826950809,2182.9794449101,2336.05536447662,2101.52570272172
1877.45319976291,1457.49185026881,1247.90060229171,1653.21030909561,1774.39440486043,1670.2544914174,1756.79770226967,2378.1387914081,1969.92055794136,1373.60052686361,2009.80778566011,2191.64003396999,2206.01052520155,1736.16199903696,1238.53870028352,2154.16021166022,643.179881603895,1721.66777457209,1844.41506256049,2027.68108093951,1776.69650649738,2450.8462348544,2306.66302124953,1284.52861953325,1057.47774052223,891.261565086255,1e+09,1364.91226333417,1403.66680348294,1157.37092329987,1847.66502356352,2100.79960134231,2221.88377042995,2316.78906845228,1562.3794737515,2215.33029040818,2096.84327404315,1881.5406938464,1926.11715347224,2005.90792547913,1731.33869187978,2032.75121463498,1523.483430563,2397.7249059473,2285.89764729307,2144.67738643834,1582.87553433617,2253.57588427814,1766.14258985508,1329.96990277976,2058.30105650267,1912.64637147069,1847.98982905751,1788.81337998127
1831.79843287956,2194.47886515227,1534.02121993146,2531.59126003784,2387.03292817674,2594.54154907953,1872.03430323806,1471.61379362929,1170.22505715781,670.604950622943,1335.57553432968,1493.79153528864,1955.85186292316,1367.23394797672,1110.02101543169,1595.90634778486,1030.70923402286,1753.1776679504,1242.37840411044,1592.1895477612,953.252340988471,1506.60376652257,1526.12534216558,1235.60633917118,1646.09595209392,1777.14051836089,1364.91226333417,1e+09,819.332499172345,1066.50396394013,1455.28229869672,1572.14772295736,1562.47366918614,1110.10892280893,1121.61744556689,1898.8372004993,1486.91857695706,1028.81719250798,1201.7452607354,1229.48698102095,1108.83776937837,1293.14081035284,1207.60585995597,1814.4070343779,1800.41993854212,1412.78692544205,1065.77849875103,1577.28561129556,1109.34254768309,1015.1126231606,1411.10453078431,1786.85176634773,1989.63464849706,1291.73987032994
1615.39507139894,2081.93837939551,1493.11643270041,2345.79743070454,2482.96875046788,2815.72859560363,1777.82984947942,1067.44780097202,1533.80809034247,703.442939548049,1372.21358669123,1428.52587582445,2040.24689537811,1260.76832213536,601.659776036258,1458.24069251273,1142.70218154163,2054.35991987772,1424.3585319715,1411.20383254865,1003.71934672995,1603.52419286396,1571.08141679545,980.91340749324,1275.41887687928,1914.19062854252,1403.66680348294,819.332499172345,1e+09,1224.0410207587,1526.11933429205,1925.81646503503,1497.98637373642,1620.68218386579,883.256642997946,1575.01867036553,2053.63850886664,1315.6369009723,1298.12629127524,822.171692592247,868.026751431084,1480.97818579478,1341.49180698206,1570.0324754603,1743.80978621523,1551.69714193846,1071.80387702228,1442.97258345403,1203.1668397608,712.871612774699,1526.27328706231,1360.58268984285,1638.08443515589,1329.42189654
1882.12278658965,1821.53883716488,1272.79695038132,2264.6985418373,2148.42437248789,2359.36235813832,2224.40931754927,1867.79770374096,1326.81266767393,887.736007549542,1618.54614466193,2128.19315890264,2015.48744307674,2067.64932031522,1262.9933337908,1879.55608168525,1291.63197328032,1008.33487577293,1381.81154558066,2223.64284490563,1074.95015861202,1881.8264416784,2156.95743924167,1358.08138161894,1697.84645330489,1415.03824976571,1157.37092329987,1066.50396394013,1224.0410207587,1e+09,1210.6750892787,1462.56026600616,2026.2176438379,1639.66206621974,1066.9056802267,2340.59301581885,2043.57943432596,1869.88616132106,1541.11123920371,1809.37108919094,1554.01838673164,1563.55219231722,1326.53977561926,1872.49912574078,1841.689852391,1940.43313103029,1605.2192115409,1985.66799034985,1405.28348221987,1202.57509428725,1741.97636812329,2038.53923239167,2005.27370101939,1821.54595053213
1430.42510611356,2158.12980089243,1354.58516568727,2246.88944641253,2038.45408775866,2771.20130672602,2536.14258207223,1927.93328689039,926.227186763593,1189.83258053392,1291.27458838157,1589.13425329643,2054.80720555482,1984.73415957906,1634.60341630623,2101.13291321611,1873.01121224621,1176.09589298662,1153.49795010654,2543.30888444562,1152.77550611557,1103.8026213051,1901.67205566575,1659.05988243342,2043.71501521127,2040.70140008282,1847.66502356352,1455.28229869672,1526.11933429205,1210.6750892787,1e+09,1509.7680516225,1917.02800793311,1553.07945250718,1356.43714174303,2399.02875103655,1907.2933221715,1657.44206278832,1659.21909927532,1576.31369574714,1264.17499591631,833.883353293493,1017.54985514224,1627.45213444205,1445.79127864294,1963.86389951035,1983.45693865534,1380.84612361407,867.218803532304,1658.87245591697,1424.82857337295,1692.7840028781,1551.23967071501,1477.63544702339
2078.41010060575,3032.19675014667,2188.14508257565,3093.06226078623,2707.42936676102,3002.6130684622,2849.31104677955,2270.17056953877,1426.44207873997,1774.77612402241,2166.02810958215,1983.67390704722,1625.21830247509,2336.30818773979,1949.19656138112,1870.28987948393,2104.00728808148,1762.95720044475,998.936469551493,2647.67167454728,1365.91466651471,1741.17075621548,2165.13999602797,2460.02661924622,2728.55900132286,2280.1189559319,2100.79960134231,1572.14772295736,1925.81646503503,1462.56026600616,1509.7680516225,1e+09,1985.95035131798,1644.98607115684,2076.82792026687,2649.43755227407,2321.8391808435,2065.84098182798,1675.75391710716,2130.29205422637,1849.95447468309,1233.58297151023,1354.86419740135,1630.32624735051,1108.30444585412,1887.83644919257,1722.04151877938,1661.73638095818,1550.27671384821,1946.35022015566,1677.41219984833,2258.96037789511,2536.55251222994,1734.5495592228
2191.80106068046,2928.97553306613,2311.05337175497,3120.96777743699,3013.9295783578,3636.46359236553,3001.84234939145,1932.05462865313,2184.38218155615,1840.11314562447,1972.89969922447,1349.78863271254,1489.45586258875,1950.91545188406,1585.08091358139,2413.85410437334,2064.29113930182,2535.37792762736,1557.54181032164,1365.52718922034,1481.66406283611,1420.08503724249,1362.36598617993,2183.57211442627,2325.13828603806,2702.33058079503,2221.88377042995,1562.47366918614,1497.98637373642,2026.2176438379,1917.02800793311,1985.95035131798,1e+09,2000.26159529198,1956.2255346713,2574.67642217425,2333.96477064244,1458.74915825169,1527.0360223649,1308.98678022354,1395.68988048922,1541.99043379004,1823.59066166177,1451.24782539027,1722.26161711861,2123.68107506753,1539.26882457224,1478.78728791534,1719.01718257846,1591.18805990995,1614.46984267282,1747.98729531996,1818.95944781625,1408.17201197155
2383.5748919218,2986.31292434333,2268.22723418532,3297.57129645441,3060.55267242699,3331.45514077557,2581.75807743483,1654.76042969972,1027.16162326092,1321.92738942046,1703.37327635489,1820.06695783424,2498.05399689438,2019.05747907285,2001.29044004113,2038.53531983137,2052.95634517639,1930.61286598324,1587.45655817726,2261.73769812063,1404.84109012372,1278.36812624533,2025.48256045319,1918.84943122174,2529.96370385031,2609.6459847075,2316.78906845228,1110.10892280893,1620.68218386579,1639.66206621974,1553.07945250718,1644.98607115684,2000.26159529198,1e+09,1538.87848717824,2247.07858462939,1674.23979286123,1447.00709331364,1576.80148071975,1592.8647858497,1483.93418846659,1311.22065530558,1490.50714298859,2099.48511275979,1968.1206203889,1820.24650028506,1844.44494303842,1801.37694642182,1200.70396717925,1677.01485300518,1633.80551605753,2345.60260044194,2481.02022140087,1721.12560218597
1842.03576612942,1985.41738674768,1526.07944413127,2338.88216943479,2520.60881034721,2879.69276130284,2003.94706788877,1450.71748007667,1454.55789338204,795.100782542691,1489.654048328,1936.96241927922,2337.651720274,1718.98895647994,1050.89090761125,1885.69752227127,1414.28979516222,1664.12913236924,1620.92203162274,1989.01381674437,1226.47717606159,1662.09944248231,2109.15857398158,736.818248959674,1529.75836068969,1838.31678412617,1562.3794737515,1121.61744556689,883.256642997946,1066.9056802267,1356.43714174303,2076.82792026687,1956.2255346713,1538.87848717824,1e+09,1780.05254765133,1980.78362435174,1572.33773789221,1288.81215376796,1220.83799953147,1081.82190881864,1618.3987072412,1396.25989020669,1806.12982501259,2006.5488219079,1799.88652411756,1539.72828024947,1872.05234403315,1286.48079321069,1004.75912720413,1498.07616094777,1649.1640243772,1730.52256925473,1634.56445146712
2112.48712140453,3047.51940906043,2527.56105750188,2799.07510165412,3201.65248542061,3237.58257508592,1551.95446315283,1875.96739273368,2197.5337852693,1898.56241777825,2483.17414200052,1978.26534683798,2984.04193769122,1277.64155853667,1675.74257071306,1723.04745120383,1907.63763364534,3019.28108492734,2243.99192119758,2211.25537706525,2274.75787573095,2396.37745000657,2635.5115197244,1700.99568488577,1931.53484677342,2591.73306468857,2215.33029040818,1898.8372004993,1575.01867036553,2340.59301581885,2399.02875103655,2649.43755227407,2574.67642217425,2247.07858462939,1780.05254765133,1e+09,2653.99498746701,1968.83149670052,2020.17816117787,1499.37044732114,1427.49479200451,2168.17341714172,1716.3612141388,2398.75559751301,2231.30668660765,1937.4765182319,1684.05271865224,1968.68949710207,1757.2236271175,1661.30342601826,2057.72187561876,1579.73726445254,2225.66198734219,1684.75061905316
2142.39431389275,2450.60239526938,1889.47423049376,2612.96015691017,2197.33336726588,2617.54410637147,2261.86736715485,2648.24798534805,1563.9829456551,1717.06038231042,1627.37366846093,1959.92160848336,2427.85090180596,1779.26965297562,2128.24817565997,2544.82563021516,1713.34000431905,2077.87010068002,1807.96900662041,2609.88647931285,1906.20028089915,1881.39372030418,1894.62276786172,1862.46220946896,2409.58346636924,2041.40974889903,2096.84327404315,1486.91857695706,2053.63850886664,2043.57943432596,1907.2933221715,2321.8391808435,2333.96477064244,1674.23979286123,1980.78362435174,2653.99498746701,1e+09,1105.90961244579,1748.04530152968,2088.4783867687,1884.89373172601,1742.84177391409,1819.29722027491,2595.82470877754,2546.43995228633,1728.54147702622,1988.86516131688,2199.16774282909,1779.62817009621,2290.77981408079,1575.50509389846,2313.943597584,2489.14912715169,1691.55048287067
1735.08672074338,2494.33038208654,1823.47625824961,2564.6626198586,2418.20072897185,2925.00028104272,2049.46692925258,1910.45039255145,1493.53386804585,1343.21143875415,1391.59132107814,1048.73534063652,1997.17109369728,1034.39949057412,1467.72515693504,2053.96397298005,1445.43858738447,2264.47626902999,1403.66485273373,1727.62681965753,1451.03141585563,1293.01481170944,1250.35027380331,1514.97684015301,1938.92948750077,2170.11862390055,1881.5406938464,1028.81719250798,1315.6369009723,1869.88616132106,1657.44206278832,2065.84098182798,1458.74915825169,1447.00709331364,1572.33773789221,1968.83149670052,1105.90961244579,1e+09,1265.58130339382,1111.88614349672,1027.79819955087,1247.70928296619,1367.65163678475,1918.92315859703,1940.55294818255,1400.86918957482,1324.18799330005,1403.84642108744,1227.96476916074,1603.87544725268,1128.61246085625,1519.25081434897,1826.48953095823,884.124572783722
1787.06020413415,2664.59386914779,1963.83347163144,2773.30015678073,2687.8345396806,3175.89932535652,2288.76884796172,1890.26546286494,1626.71313675768,1412.00189443924,1745.25972783423,1694.48000684576,1443.95156587747,1631.93613674065,1157.94860352263,1759.46811326605,1606.3979994385,2098.13260584263,1020.53817091768,2060.11636916462,1123.83735491396,1502.5196447967,1707.23031050295,1633.25377082069,2264.03384877523,1990.70500202818,1926.11715347224,1201.7452607354,1298.12629127524,1541.11123920371,1659.21909927532,1675.75391710716,1527.0360223649,1576.80148071975,1288.81215376796,2020.17816117787,1748.04530152968,1265.58130339382,1e+09,1355.21003095461,1206.75830036507,1382.68726171177,1449.99626127104,1234.56441942087,1538.08437024761,1123.19166325254,913.413069262752,1583.45746065374,1556.35264615703,1571.1816923577,644.097775884997,1529.42074322274,2148.52635306156,1209.88950202074
1679.98121168065,2602.02965069578,1950.85598005081,2671.38735802204,2816.99244384858,3342.00800995449,2145.44614954559,1144.88944876787,1647.72437139832,1225.17177779281,1511.92010417217,1003.91371043531,2164.84615333284,1185.35947745821,1137.98027715774,1783.50759280694,1709.30209243422,2419.34484745354,1522.10822410892,1470.37914052805,1321.32213827666,1198.86277346492,1500.70146681477,1378.6320643667,1733.22571288335,2479.6587603741,2005.90792547913,1229.48698102095,822.171692592247,1809.37108919094,1576.31369574714,2130.29205422637,1308.98678022354,1592.8647858497,1220.83799953147,1499.37044732114,2088.4783867687,1111.88614349672,1355.21003095461,1e+09,514.320741269492,1303.89930358905,1358.82911975715,1498.8468909465,1659.96160792953,1662.00979942959,1352.80725452668,1107.84441773202,1076.82824851505,1130.62993202904,1364.29261073276,1125.5342251571,1466.02164138187,1062.14114791773
1477.01387051713,2441.50175994202,1754.47688425924,2407.16390603133,2532.80425686629,3030.17432958898,2032.66881884384,1442.20282748301,1405.30576046638,1126.78815196114,1528.97078124469,1010.82372325742,2011.65116590824,1098.74431752797,1058.39953944623,1769.55906776236,1503.226297568,2081.08971656678,1272.05712080865,1647.26516031876,1270.16690454444,1132.26459765375,1646.49152527427,1251.42280928549,1630.30004861068,2164.58645948828,1731.33869187978,1108.83776937837,868.026751431084,1554.01838673164,1264.17499591631,1849.95447468309,1395.68988048922,1483.93418846659,1081.82190881864,1427.49479200451,1884.89373172601,1027.79819955087,1206.75830036507,514.320741269492,1e+09,1020.54441774966,882.855912479494,1473.1424398204,1431.167567303,1589.1836268034,1256.96099557624,1037.26988368505,732.753597398198,1027.989697176,1110.18376145573,956.375276499764,1255.73109776735,739.871393148836
1406.26461837735,2663.84559612602,1758.20431605658,2613.40413646646,2347.5235770488,3008.88049508451,2482.43370217615,1829.12377908112,931.52609775572,1349.10242591139,1413.23917250407,1018.17635491107,1743.12034269009,1632.81774944419,1611.15674187833,1842.68987480259,1883.19975538975,1778.83608738973,762.047038705617,2295.17706297357,1099.37419225667,723.319967027041,1509.95590783307,1898.03981754862,2259.42467958107,2286.39615758075,2032.75121463498,1293.14081035284,1480.97818579478,1563.55219231722,833.883353293493,1233.58297151023,1541.99043379004,1311.22065530558,1618.3987072412,2168.17341714172,1742.84177391409,1247.70928296619,1382.68726171177,1303.89930358905,1020.54441774966,1e+09,841.049275964257,1357.10911985735,1001.85550699689,1565.8526538918,1614.53250534017,798.02827431113,702.323508861835,1680.54978489184,1052.37961639325,1488.20840519734,1721.49684446414,954.507190020065
1454.19154099451,2420.6246115001,1665.05153049388,2253.1470103169,2210.58053271081,2561.99204196656,2073.44136316897,1962.3437771196,1125.15864410313,1277.09775068317,1764.60086566339,1355.77210264115,1978.9662632041,1408.08840627995,1401.52537254949,1819.87698477122,1474.33064157943,1643.58453783187,1090.62575340948,2156.65202241808,1413.19114786359,1387.68732029229,2005.3185322038,1553.67485292129,1816.04852437924,1860.18934267456,1523.483430563,1207.60585995597,1341.49180698206,1326.53977561926,1017.54985514224,1354.86419740135,1823.59066166177,1490.50714298859,1396.25989020669,1716.3612141388,1819.29722027491,1367.65163678475,1449.99626127104,1358.82911975715,882.855912479494,841.049275964257,1e+09,1724.88662873825,1242.2421926098,1706.43924864028,1456.77745232414,1235.51209447743,601.051657430541,1308.52402297398,1239.48740832652,1346.54089685386,1498.36975206389,876.781793492543
1617.90711819313,2973.24600307475,2150.99631970861,2972.79275478463,2880.2243691421,3625.78815220912,2837.10594291084,1803.08352241376,1894.12899265071,1786.11376295017,1871.3233593102,1605.11681434717,1290.34306899367,2088.11887096975,1437.79570659395,1751.89745616003,2252.28800016783,2403.17260520338,1028.66564985908,2390.0398567388,1129.15635197257,1436.64377167759,1652.2389494259,2227.93664384785,2584.20374728851,2570.35741121736,2397.7249059473,1814.4070343779,1570.0324754603,1872.49912574078,1627.45213444205,1630.32624735051,1451.24782539027,2099.48511275979,1806.12982501259,2398.75559751301,2595.82470877754,1918.92315859703,1234.56441942087,1498.8468909465,1473.1424398204,1357.10911985735,1724.88662873825,1e+09,951.506080852876,1618.52022159132,1512.65890834649,1184.48932675647,1732.32945085512,1910.49952198371,1251.78471959039,1480.5913392628,2114.18470160485,1538.08164198134
