1e+09,5518.24289920261,6226.75246059292,6029.66848182386,6126.67129132125,4881.22592199951,3345.69014757793,4205.3473464626,4455.68086752182,5145.39080281566,4103.5209682296,4175.91150670126,4149.12965774751,3661.82476475869,4542.25340654834,4041.34946167737,4970.23789852156,4035.16454487298,3893.4907707737,3784.07673977418,3268.06861926123,4192.05049887284,3583.30504598757,4497.7696061826,4787.73733622679,4998.38081097269,4132.45117055241,4335.25446564559,4645.02323751992,4338.29427531144,4510.95361382712,4730.43881097727,3898.47681352602,4298.67002033187,4435.05911089131,4357.75900926153,4734.8981584824,4340.18257740386,3998.44739021286,4071.57521906448,4085.67276706052,3703.37548373102,3624.36341359417,3855.6058777318,3924.17731770622,4143.12667187476,3574.49816174243,3892.38281767094,3683.70886745953,4196.67191900916,4047.42200332508,4315.75381660029,4063.68588044155,4520.85385147541
5518.24289920261,1e+09,1052.28442633159,1080.56636376485,1302.06568094701,2722.53576072014,4591.25304353833,3322.94842490822,2898.76047820443,2039.40918672541,3558.29907918095,4038.12171673911,3375.66828853192,4075.89873765284,3142.63853923737,3758.04893360903,3335.30475073868,2934.92877991954,3917.33909335151,3521.43695997813,3818.97193972409,4085.8018293231,3918.12311263952,2323.03177862465,1652.09109715536,2526.05806221868,3431.41143339006,4379.70408974168,3618.49194793909,2716.77082099319,3259.66593332814,3750.8473843653,4331.68180165626,3740.39989034595,4031.24271056705,3600.222613506,4171.51808031561,4162.78551232225,3825.07390782191,4184.67190624307,3545.39943951313,3752.32429511363,3465.39899059257,3658.34985486626,3575.90606873279,3572.00613902048,3832.37783326488,3778.34326856362,4027.58743115528,3849.35333410691,3917.01840391388,3075.6915663148,3429.59131875797,3262.01416949712
6226.75246059292,1052.28442633159,1e+09,850.814434057158,1691.17787213528,3324.74303210038,5278.00869073745,3593.22681690149,3438.34412813785,2603.18289065521,4011.19747516873,4617.48618604323,4000.28049825259,4696.54961552628,3494.35410346462,4025.03242495014,3580.25316588087,3408.34800043951,4585.10760048224,4153.64823864516,4579.97744320865,4516.34028762227,4481.80871011916,2831.64164554769,2201.86444178564,2974.80012995831,4003.57051534003,4997.61742921565,4140.72085687988,3281.50034918481,3698.3294125321,4117.53587201132,4896.17956654982,4309.70532936998,4564.38676203058,3907.71420967552,4683.30898640053,4656.06285946614,4289.58226259854,4810.72353192324,4062.07319973434,4376.33197422225,4092.25472436651,4219.81583687014,4202.56927618094,4060.10559637308,4522.03578501984,4241.69730570205,4619.49808326619,4479.75962909842,4460.73499512132,3595.56301299254,3988.66742486761,3884.59639765832
6029.66848182386,1080.56636376485,850.814434057158,1e+09,1238.84172774411,3550.54719175791,5419.03665308697,3758.4134352809,3666.61080592146,2882.41142188273,4219.22454534006,4766.59227777036,4182.79252145023,4915.20144837422,3462.71150761943,4245.8828779301,3737.21576824245,3586.60663230581,4759.94112074929,4373.05886262694,4637.43894908601,4799.66720221309,4608.08990805301,2971.51042623108,2306.951451158,2867.74907615712,4163.25972337782,5281.38832605594,4510.57345786542,3528.50680261495,3982.21509366332,4462.24540639575,5027.47325296714,4580.07118604067,4838.49440264221,4235.21296204807,4900.71908136959,4882.70228866147,4456.26976434327,4982.24276875385,4326.41297973275,4556.05693656258,4281.33385029712,4476.80453315755,4403.26737161168,4322.7780816623,4595.29385447764,4495.03190907473,4811.65261440391,4699.87359835347,4662.81646157127,3780.43698564068,4156.18264006769,4014.2388959677
6126.67129132125,1302.06568094701,1691.17787213528,1238.84172774411,1e+09,3594.09282633323,5413.96246443398,4316.41212132252,3953.00018546673,3098.79823544548,4446.56647200961,4912.75140241189,4261.41267399674,5071.50790742753,3646.34250256336,4762.77162140911,4248.32175130369,3956.27150568562,4814.80211377373,4524.79331981031,4635.13372058455,5204.02597189907,4918.01111175036,3365.30396107098,2706.16206931514,3074.08002299875,4363.82675631148,5381.52181197847,4699.13869533556,3725.21019912971,4198.23224071751,4746.25035678692,5201.10919669064,4805.06951104768,4964.25739169516,4557.28919564032,5212.33532214688,5229.4576200501,4767.37654688614,5060.2285336534,4555.22564543185,4617.91336254807,4491.41879618234,4670.65399691521,4541.01727055734,4608.63026176976,4697.23776864659,4802.75429808771,4943.72331215047,4940.02381566122,4858.17846968388,3988.66800097476,4291.06533583445,4016.48344880195
4881.22592199951,2722.53576072014,3324.74303210038,3550.54719175791,3594.09282633323,1e+09,2563.29504364987,2215.14391785274,1324.93168812584,1401.40829400286,1754.513555861,2514.74063764039,1462.21752396831,2019.22763575581,3149.271551248,2828.0260259057,2675.73235240373,2150.19621588356,1852.002023622,1685.97671511204,1987.21450663988,2531.66494250325,2347.037170136,2101.68135408296,2223.83368062902,2709.76835602234,1245.16437067562,2144.99347605069,1776.83071571267,1920.57889423996,1698.64096650823,1928.80980850886,2403.57394926805,1683.98346811957,1619.20918824592,2239.9526461959,2481.00688455312,2389.12373919812,2065.70732653491,2140.10555601821,1556.91060401681,1706.48957427228,1956.58595456474,1722.8909984674,1413.0771104225,1504.70774816906,1884.32847685853,1869.66661811672,1970.67844348082,2284.10801215704,1924.84669462272,1638.86972023404,1858.05608690911,1442.59652862469
3345.69014757793,4591.25304353833,5278.00869073745,5419.03665308697,5413.96246443398,2563.29504364987,1e+09,2881.63147796522,2566.51323542272,3399.36987891874,1802.43313570851,2230.79956486458,1771.37466539408,1081.26814777834,3660.41658903737,2868.35009895933,3581.28601319414,2612.65107478974,1201.93863424885,1438.72989671446,1121.89044322518,2365.04835009773,1948.62628192273,3287.65054941975,3729.36571619089,3955.47986518703,1971.85721901967,1633.60818689795,2268.5477570243,2714.76039789886,2223.42571238618,2224.54457154717,1663.26179490783,1864.71401445369,1468.1050184166,2276.20496449683,2745.99579788462,2352.32361931772,1965.89252511423,1553.11177604833,1723.35547009316,1054.68403377505,1779.69756852112,1362.52106831417,1378.48104811056,1786.30243990205,1451.69848574007,1608.16572407821,923.712367893816,2393.0881837074,1753.89840133344,2335.74505070652,1996.54928055884,2255.56015543811
4205.3473464626,3322.94842490822,3593.22681690149,3758.4134352809,4316.41212132252,2215.14391785274,2881.63147796522,1e+09,1627.13196950954,2372.75826094864,1664.47628853643,2951.34431403725,2134.69666796011,2221.92716577299,2974.9587721345,1191.28860701343,1872.76510403734,1766.62099336558,2475.8036741834,2161.22717035947,2570.25680502941,2132.62070704099,1832.48841142311,1903.28722637967,2339.64503506408,2725.85624886934,1587.31669045594,2868.54923532785,2337.7422341011,2003.77009574452,1803.33361874613,2317.23651805335,2569.06954864986,2287.2929985684,2370.03756229727,1915.36743942252,2731.52217633319,2215.08950288696,1846.8192889127,2678.49169681371,1953.78592253604,2243.90971179769,2271.40928619217,2018.0301017081,2029.64575761388,1727.03989444367,2166.56083798725,1513.54879105366,2138.73084487039,2797.78714204637,2377.05055432147,2136.77313159353,2310.58792940239,2543.42356598346
4455.68086752182,2898.76047820443,3438.34412813785,3666.61080592146,3953.00018546673,1324.93168812584,2566.51323542272,1627.13196950954,1e+09,1151.92250481532,1884.13107253715,2758.38735387182,1783.16820788169,1808.80389650177,3462.86048712621,2235.03902395462,2149.15714090431,1572.51958658708,1847.41384332261,1644.6540528938,2108.62422252046,2255.49711955037,1742.93427196782,1559.27089343064,1958.45518036538,2415.15602773403,1052.45333198199,1971.22908062457,1272.20681302216,1119.84664700128,1539.35760903696,2114.61046304042,2562.0652157976,1607.11065291099,1922.00066188854,2354.40908233892,2255.7707805094,2064.67775630969,2094.079458927,2456.61380133305,1771.58956671685,1925.21945925653,1941.73007660694,1687.01099385866,1429.39984252133,1506.73218409909,1584.79038080751,1624.65265503122,1857.90702178554,2106.69181315161,2306.02922999688,2050.34193277609,2319.16961658694,2201.71163325264
5145.39080281566,2039.40918672541,2603.18289065521,2882.41142188273,3098.79823544548,1401.40829400286,3399.36987891874,2372.75826094864,1151.92250481532,1e+09,2555.5523749671,3172.16914213287,2287.02590997566,2704.06371616869,3487.68087745998,2958.28903782237,2439.82565303343,1985.00769623193,2558.47663804069,2305.02395232674,2762.92478969298,2944.95641373518,2622.81138500274,1539.15989611216,1501.96457374999,2186.6765089057,1966.75534373241,2752.15769395578,1939.35946394679,1437.51031053694,2060.1538245966,2599.85990878355,3254.16660752027,2266.27785913378,2637.12458450487,2874.32008135837,2761.34119139595,2789.6907850692,2788.06147955887,3073.67708528401,2423.12030043908,2642.93076927868,2487.31089261073,2434.47878292254,2200.11913147902,2276.70815066402,2440.75508881985,2530.6427633706,2730.7618103196,2568.00568509885,2911.32007905349,2333.22844959511,2723.33459049747,2429.57633448715
4103.5209682296,3558.29907918095,4011.19747516873,4219.22454534006,4446.56647200961,1754.513555861,1802.43313570851,1664.47628853643,1884.13107253715,2555.5523749671,1e+09,1769.39664849349,1033.94398054247,1511.58694189253,2434.72660670557,1871.59545065166,2241.8048436918,1587.70103983716,1338.83785552994,1242.13112375465,1604.74064318818,1801.05447241331,1548.42156672529,2248.68571445634,2643.34427175122,2869.16160729925,1508.30590720185,2268.80870947729,2165.50389300043,2120.87208706702,992.589358395505,1180.87420451969,1334.15929487449,1558.10551298685,1227.21238960499,978.079247351665,2230.01161452132,1819.95790091419,850.895187199928,1453.96055262858,1165.51483130847,1178.02194385334,1535.24593147157,1082.02516435617,1134.37484523415,1084.7665526278,1524.75086555148,923.853265946492,1041.69351553132,2335.46390785642,1384.9404744248,1130.0813115878,1101.22179228346,1372.88823947909
4175.91150670126,4038.12171673911,4617.48618604323,4766.59227777036,4912.75140241189,2514.74063764039,2230.79956486458,2951.34431403725,2758.38735387182,3172.16914213287,1769.39664849349,1e+09,1426.82197214649,2033.21338309583,2529.26282483652,2969.25192370065,2793.92600240235,2046.87224486532,1497.87142542342,1485.15407177168,1639.68520826407,1791.69380673708,1797.86743782738,2685.07065521561,2985.58323821326,3364.67169817502,2583.50014151345,2713.53804345913,2954.58392091002,2970.57876916267,2061.43148891735,1673.69242843481,966.296787327786,1575.91998841946,1938.18627487143,2072.624516742,1560.93490421606,1625.27354768359,1262.44165683013,1104.96205830789,1885.6345987757,2048.71018636117,1389.33453840319,1742.83497996798,1711.11883538228,1921.33715833531,1971.17950788354,2063.83337377318,1851.7062531082,1726.65768981579,1526.92500739231,1189.80900471462,1152.50194060574,1379.40423640063
4149.12965774751,3375.66828853192,4000.28049825259,4182.79252145023,4261.41267399674,1462.21752396831,1771.37466539408,2134.69666796011,1783.16820788169,2287.02590997566,1033.94398054247,1426.82197214649,1e+09,1345.29285369395,2452.86789948012,2216.43419604553,2301.76571607538,1641.24596084804,998.941993461082,883.623570701914,1241.89818737286,1630.28502461993,1460.346306326,1972.76858341266,2351.86848516238,2828.50152686895,1549.23793530884,2101.50433711187,1989.67671587623,1957.40023398384,1169.79956048034,1562.32673752964,1363.66341411655,1217.95147083125,1317.08734391459,1550.69357830617,1815.71576707369,1501.68914466344,1190.3418286778,929.020479268353,1214.62710825175,1297.18808339423,1203.21180886825,1082.025572988,925.515338176521,1269.67931407895,1384.93271464718,1331.719309652,1228.12654217715,1774.90121218055,1348.04734293718,915.927226312222,852.227647580152,856.492076087105
3661.82476475869,4075.89873765284,4696.54961552628,4915.20144837422,5071.50790742753,2019.22763575581,1081.26814777834,2221.92716577299,1808.80389650177,2704.06371616869,1511.58694189253,2033.21338309583,1345.29285369395,1e+09,3497.32327552087,2253.92547445562,2992.47131349659,2094.18878680982,1019.28674998746,784.78411356245,1160.44039562573,1520.83137221061,1397.67058007243,2609.58237660741,3091.40195721941,3625.18418110032,1351.7304914812,1117.40971237053,1454.58305727105,2125.50980656406,1787.5134645367,1803.47441417948,1604.47242755991,1053.45366480923,1102.89748884472,1879.47990215378,2087.13999856263,1588.38640676631,1570.25174685462,1330.58845309134,1034.80720759956,963.116202179156,1157.21863068307,673.627522745323,766.161120130747,1031.03701136283,1251.02725609796,912.104281702482,778.314455602618,1609.69139831211,1324.1254099971,1895.18201545392,1695.38403021262,2008.7206567863
4542.25340654834,3142.63853923737,3494.35410346462,3462.71150761943,3646.34250256336,3149.271551248,3660.41658903737,2974.9587721345,3462.86048712621,3487.68087745998,2434.72660670557,2529.26282483652,2452.86789948012,3497.32327552087,1e+09,2859.50372622593,2665.33252495819,2438.62596043346,3157.73205779084,2926.48368562,3050.83085560311,3100.37194771853,3020.41182114294,2558.96100431406,2503.56271137753,2826.03310422932,3457.53325628258,4387.52891112982,4054.13844766061,3244.15407628861,2596.50291519189,2999.68107196415,2849.13826538833,3341.94266704263,3451.75626413569,2384.82701735367,3427.96574826821,3222.62535016095,2510.43212610897,2881.71162380971,3035.89050649064,3165.07086505184,2805.24677721943,3055.77828235296,3116.87714167562,3143.10745691266,3294.12514079232,3092.93660387665,3206.07038598656,3554.39109824735,3009.89615530171,1983.97552530267,2070.22555070698,2280.43416732428
4041.34946167737,3758.04893360903,4025.03242495014,4245.8828779301,4762.77162140911,2828.0260259057,2868.35009895933,1191.28860701343,2235.03902395462,2958.28903782237,1871.59545065166,2969.25192370065,2216.43419604553,2253.92547445562,2859.50372622593,1e+09,2010.48620490169,1883.32057924295,2613.68022234932,2244.07324281094,2765.87192075121,1868.47927184114,1860.65142313116,2071.38195480698,2599.29831671934,3183.27130098897,2261.43012149392,3117.04390150347,2530.7247277608,2111.21891096115,1891.78374427417,2593.28613723978,2704.79553389901,2522.06848128674,2682.50615028186,1747.3730875231,2880.4711699998,2183.68930129723,2081.34854094647,2661.25804748431,2212.58380363321,2493.51348696974,2337.76053080721,2122.73518112835,2333.43039347652,2127.63534159404,2533.42875879706,1688.49299438878,2270.50779976639,2909.01223868172,2622.81868252459,2353.84989464069,2373.9088115806,2839.06690220572
4970.23789852156,3335.30475073868,3580.25316588087,3737.21576824245,4248.32175130369,2675.73235240373,3581.28601319414,1872.76510403734,2149.15714090431,2439.82565303343,2241.8048436918,2793.92600240235,2301.76571607538,2992.47131349659,2665.33252495819,2010.48620490169,1e+09,1465.52613006388,2693.56302747866,2633.15896671659,3085.6260260926,2490.63495394247,1956.10975931822,1375.75279203787,1886.72289873208,1830.25835154494,2624.41682422972,3641.68233150559,3018.56628004091,2130.19215403212,1749.19399307224,2648.86312902347,2810.96327412864,2643.43998581394,3039.80839422487,2560.16081211708,2311.4007007224,2164.31420216659,2228.89193641145,2909.21176468816,2880.8803221932,3140.76962488496,2788.04191960953,2754.82503188497,2624.80028708853,2640.21902521363,2551.28522709634,2522.81395409967,2786.56247313783,2981.89429851227,3148.91402593021,2243.77318795818,2637.11433165117,2579.22161798865
4035.16454487298,2934.92877991954,3408.34800043951,3586.60663230581,3956.27150568562,2150.19621588356,2612.65107478974,1766.62099336558,1572.51958658708,1985.00769623193,1587.70103983716,2046.87224486532,1641.24596084804,2094.18878680982,2438.62596043346,1883.32057924295,1465.52613006388,1e+09,1781.24939738937,1587.37159187759,2082.77105621333,1977.52213163342,1312.88587752325,1166.64090734896,1635.48315610403,1933.80183573705,2043.74076423601,2736.03864101003,2256.25475133018,1403.57083105912,1156.68269343844,1861.69736407398,2121.80976065245,1817.45479974056,2273.09503261522,1888.34343714273,1998.42643732513,1849.28661845588,1623.50878454661,2259.82638468091,2024.15104730354,2153.72317963567,1714.29749436905,1758.04994348852,1716.02190096747,1837.79382238596,1736.98856924851,1749.10314084104,1862.55327150662,2156.01869908403,2345.36533819361,1552.76104513863,1891.43436621523,2026.31147753745
3893.4907707737,3917.33909335151,4585.10760048224,4759.94112074929,4814.80211377373,1852.002023622,1201.93863424885,2475.8036741834,1847.41384332261,2558.47663804069,1338.83785552994,1497.87142542342,998.941993461082,1019.28674998746,3157.73205779084,2613.68022234932,2693.56302747866,1781.24939738937,1e+09,797.544494683526,911.607489383452,1871.10273245485,1287.66847818062,2436.25885529432,2886.79790130865,3090.95744470868,1583.89581320868,1561.75785933672,1867.78018481833,2093.2382218706,1433.79779864526,1545.00872576824,1182.51570852146,1036.01269673687,1084.65274009703,1990.75213833867,1742.6066755582,1572.99599042719,1353.40467037764,1073.4338360607,1416.90120015476,1127.77696571618,1288.84912363705,1003.17888698876,700.437586869808,1325.33059577601,838.884804010658,1355.44906625074,728.735887341909,1683.50486773873,1497.46560551486,1551.95250127058,1481.22910111839,1474.21334287138
3784.07673977418,3521.43695997813,4153.64823864516,4373.05886262694,4524.79331981031,1685.97671511204,1438.72989671446,2161.22717035947,1644.6540528938,2305.02395232674,1242.13112375465,1485.15407177168,883.623570701914,784.78411356245,2926.48368562,2244.07324281094,2633.15896671659,1587.37159187759,797.544494683526,1e+09,988.208412785481,1392.52651306896,1285.11995934232,2143.05885882773,2537.93538727841,3142.37374486231,1450.03853428107,1520.64580372946,1585.82002200754,1880.12714508886,1420.35986158438,1398.88958224014,1365.33410801166,743.696486074797,1119.52237664104,1591.484114561,1761.17029082937,1438.85366570058,1241.46029658624,1116.97396048431,863.202144691497,985.491738067854,605.590591323875,474.619843348337,538.138680917847,902.930830628792,1214.57349946391,1004.35153636563,897.051854521242,1293.93893422371,1122.29949572296,1242.12713447537,1157.46417033099,1463.16640027715
3268.06861926123,3818.97193972409,4579.97744320865,4637.43894908601,4635.13372058455,1987.21450663988,1121.89044322518,2570.25680502941,2108.62422252046,2762.92478969298,1604.74064318818,1639.68520826407,1241.89818737286,1160.44039562573,3050.83085560311,2765.87192075121,3085.6260260926,2082.77105621333,911.607489383452,988.208412785481,1e+09,2103.20255241857,1565.04364162793,2605.53099998829,2949.74638070801,3267.25912747979,1634.32298906917,1820.27291247769,2240.21880022912,2378.7551168626,1998.84244319056,2028.54969877497,1327.54562399942,1443.5246864879,1484.11111858243,2215.66528654488,2203.92017709354,1974.44632016168,1547.74979389435,1216.79601910098,1443.38895350491,1019.9480116653,1150.84405511781,1204.42447990731,963.898638550755,1499.67183643623,981.604167829375,1573.63276017627,1072.9879918247,1774.772889527,1368.72394397117,1644.53596491533,1427.16752040537,1543.84912734373
4192.05049887284,4085.8018293231,4516.34028762227,4799.66720221309,5204.02597189907,2531.66494250325,2365.04835009773,2132.62070704099,2255.49711955037,2944.95641373518,1801.05447241331,1791.69380673708,1630.28502461993,1520.83137221061,3100.37194771853,1868.47927184114,2490.63495394247,1977.52213163342,1871.10273245485,1392.52651306896,2103.20255241857,1e+09,1426.08004905054,2351.78014571941,2846.5732052417,3688.84782139356,2164.32044395002,2306.82092135476,2183.91630526447,2514.1956556919,1977.23394195022,1870.13968507703,1767.57734583243,1322.40285178156,1937.04970736427,1730.91096671666,1565.75550246518,886.134391444097,1441.72849788024,1555.94707403562,1491.74709833805,2096.12198814859,1299.2417207356,1421.0635770788,1655.6205799941,1477.18583350234,2152.23436576968,1397.77628524739,1837.27595366075,1426.08616636583,1584.78791606322,1710.1234112192,1666.32730146271,2195.0061606975
3583.30504598757,3918.12311263952,4481.80871011916,4608.08990805301,4918.01111175036,2347.037170136,1948.62628192273,1832.48841142311,1742.93427196782,2622.81138500274,1548.42156672529,1797.86743782738,1460.346306326,1397.67058007243,3020.41182114294,1860.65142313116,1956.10975931822,1312.88587752325,1287.66847818062,1285.11995934232,1565.04364162793,1426.08004905054,1e+09,1927.67311982608,2551.74994360733,2810.74886069531,1726.49941112066,2207.05462073325,2154.07766863222,1972.28135792031,1559.55172338079,1981.8493985669,1505.95847107415,1397.31695291369,1897.26445022828,2084.13794370718,1484.81060037973,1046.54363492403,1256.3723345012,1634.21842778131,1787.07855358963,1858.92694985575,1466.43790683411,1454.8168534905,1324.42449124139,1560.44615286783,1112.47465962151,1360.67374616401,1343.80698048492,1705.27614561396,1929.0040071498,1761.66882174261,1836.10642994898,2053.99780467263
4497.7696061826,2323.03177862465,2831.64164554769,2971.51042623108,3365.30396107098,2101.68135408296,3287.65054941975,1903.28722637967,1559.27089343064,1539.15989611216,2248.68571445634,2685.07065521561,1972.76858341266,2609.58237660741,2558.96100431406,2071.38195480698,1375.75279203787,1166.64090734896,2436.25885529432,2143.05885882773,2605.53099998829,2351.78014571941,1927.67311982608,1e+09,741.561771803267,1700.30401646294,2246.14026167112,3188.35513909602,2430.8233071945,1317.12491385593,1731.9995334295,2632.89575078468,2869.7018872524,2294.51785549819,2857.13500493064,2485.4227831699,2362.04971410426,2219.60935993251,2331.13311361664,2742.51126805342,2469.94777685683,2732.63256520155,2208.5478371319,2361.49990084692,2238.2584556972,2344.40584509167,2303.06308502394,2347.24445105319,2601.78655417773,2419.31455803085,2849.61462343595,1962.24659693934,2338.73061283253,2300.16333465691
4787.73733622679,1652.09109715536,2201.86444178564,2306.951451158,2706.16206931514,2223.83368062902,3729.36571619089,2339.64503506408,1958.45518036538,1501.96457374999,2643.34427175122,2985.58323821326,2351.86848516238,3091.40195721941,2503.56271137753,2599.29831671934,1886.72289873208,1635.48315610403,2886.79790130865,2537.93538727841,2949.74638070801,2846.5732052417,2551.74994360733,741.561771803267,1e+09,1685.97487330031,2636.64235270922,3599.23420404952,2826.88763299853,1717.09239760125,2189.77895404993,2939.09351965874,3283.52569118927,2707.79692761477,3238.44204036447,2797.86530553206,2834.12831860168,2789.60220269844,2751.21288961796,3147.64603403877,2785.54162442423,3065.04558321732,2519.5528493961,2760.74748705853,2646.83947471319,2719.05940131877,2782.94170517458,2817.17927892422,3073.00146343929,2763.5067787686,3142.40868533996,2166.74487939859,2579.28935414389,2480.79586687418
4998.38081097269,2526.05806221868,2974.80012995831,2867.74907615712,3074.08002299875,2709.76835602234,3955.47986518703,2725.85624886934,2415.15602773403,2186.6765089057,2869.16160729925,3364.67169817502,2828.50152686895,3625.18418110032,2826.03310422932,3183.27130098897,1830.25835154494,1933.80183573705,3090.95744470868,3142.37374486231,3267.25912747979,3688.84782139356,2810.74886069531,1700.30401646294,1685.97487330031,1e+09,2984.45621859326,4083.73586254057,3504.36812917821,2233.8976871155,2363.33709305296,3277.40625255704,3460.93087340675,3306.63231134035,3576.7796452116,3369.98952732794,3248.72435123388,3335.27755821011,3033.50975785475,3593.64839443149,3479.62117030001,3439.97035865137,3305.31776489039,3342.16364403361,3068.72495914834,3283.5511784804,2793.90607862899,3304.24493054011,3291.02793769667,3615.41942127051,3755.31671930611,2730.20394989092,3159.90781036409,2817.8795982263
4132.45117055241,3431.41143339006,4003.57051534003,4163.25972337782,4363.82675631148,1245.16437067562,1971.85721901967,1587.31669045594,1052.45333198199,1966.75534373241,1508.30590720185,2583.50014151345,1549.23793530884,1351.7304914812,3457.53325628258,2261.43012149392,2624.41682422972,2043.74076423601,1583.89581320868,1450.03853428107,1634.32298906917,2164.32044395002,1726.49941112066,2246.14026167112,2636.64235270922,2984.45621859326,1e+09,1630.76592143079,1485.51481180768,1858.35358600025,1715.2637691329,1977.83887114193,2105.05554734311,1492.67543293912,1362.61367580837,2140.2634221983,2384.25065695702,2030.88585932346,1743.88313034446,2007.92872146897,1282.33479438874,1285.51687460725,1767.84527003921,1339.17382366891,1027.53633629181,1053.9277014103,1264.99296721365,1183.91655216911,1379.77890214338,2161.73699422478,1716.5059917169,1926.66301337312,1986.21843594807,1928.89299024078
4335.25446564559,4379.70408974168,4997.61742921565,5281.38832605594,5381.52181197847,2144.99347605069,1633.60818689795,2868.54923532785,1971.22908062457,2752.15769395578,2268.80870947729,2713.53804345913,2101.50433711187,1117.40971237053,4387.52891112982,3117.04390150347,3641.68233150559,2736.03864101003,1561.75785933672,1520.64580372946,1820.27291247769,2306.82092135476,2207.05462073325,3188.35513909602,3599.23420404952,4083.73586254057,1630.76592143079,1e+09,1226.78596291285,2470.81441409508,2362.32428789953,2132.29370957661,2329.74933851262,1384.48673825357,1309.11182058677,2632.19479186097,2491.41010600423,2259.28978294065,2363.25581907672,2097.65443803311,1601.16455412928,1497.90214233107,1883.09116946047,1404.62661526115,1326.66711593376,1519.35965653298,1751.84658443598,1668.49992304465,1484.72310640739,1925.45125082408,1915.79109578785,2592.0817935397,2500.61685457809,2577.46055168649
4645.02323751992,3618.49194793909,4140.72085687988,4510.57345786542,4699.13869533556,1776.83071571267,2268.5477570243,2337.7422341011,1272.20681302216,1939.35946394679,2165.50389300043,2954.58392091002,1989.67671587623,1454.58305727105,4054.13844766061,2530.7247277608,3018.56628004091,2256.25475133018,1867.78018481833,1585.82002200754,2240.21880022912,2183.91630526447,2154.07766863222,2430.8233071945,2826.88763299853,3504.36812917821,1485.51481180768,1226.78596291285,1e+09,1570.65883389742,1882.05692453762,2153.95146242899,2746.80911409949,1530.8513558148,1698.33767325582,2356.2791161278,2536.78573574908,2228.05770268636,2456.78705906719,2424.27673803962,1655.36879872734,1809.0395418564,1970.68627257106,1491.71300285946,1489.35806027295,1544.86525901128,1994.6346561714,1605.8331119391,1789.47383381261,2063.40877615173,2274.62563110944,2456.16589928286,2516.41978020361,2579.10607026931
4338.29427531144,2716.77082099319,3281.50034918481,3528.50680261495,3725.21019912971,1920.57889423996,2714.76039789886,2003.77009574452,1119.84664700128,1437.51031053694,2120.87208706702,2970.57876916267,1957.40023398384,2125.50980656406,3244.15407628861,2111.21891096115,2130.19215403212,1403.57083105912,2093.2382218706,1880.12714508886,2378.7551168626,2514.1956556919,1972.28135792031,1317.12491385593,1717.09239760125,2233.8976871155,1858.35358600025,2470.81441409508,1570.65883389742,1e+09,1467.62866355901,2494.59983344023,2936.93062648746,2139.46378340462,2445.27451618423,2377.89394847626,2708.22819452128,2453.23513654929,2502.93142045482,2741.3146202689,2239.31455363019,2241.52035094487,2192.05746945649,1982.72653555653,1901.74442331245,2112.22023075247,2001.29748350914,2013.17207915767,2124.01606651174,2518.5656943586,2815.40815680427,2300.19682590425,2513.7856075847,2506.75205199876
4510.95361382712,3259.66593332814,3698.3294125321,3982.21509366332,4198.23224071751,1698.64096650823,2223.42571238618,1803.33361874613,1539.35760903696,2060.1538245966,992.589358395505,2061.43148891735,1169.79956048034,1787.5134645367,2596.50291519189,1891.78374427417,1749.19399307224,1156.68269343844,1433.79779864526,1420.35986158438,1998.84244319056,1977.23394195022,1559.55172338079,1731.9995334295,2189.77895404993,2363.33709305296,1715.2637691329,2362.32428789953,1882.05692453762,1467.62866355901,1e+09,1420.03874337991,1922.21149900317,1638.00916352748,1626.02852545704,1407.16045819231,2119.48686617775,1842.07681199781,1476.71160190472,1875.40466971798,1675.64754504042,1714.21259603353,1835.32239851749,1425.14899112338,1383.38973152904,1519.64757819042,1656.46214879785,1383.05718645326,1425.23891467361,2368.83961607788,2074.99705640755,1428.11082966274,1635.30441508607,1639.98755717841
4730.43881097727,3750.8473843653,4117.53587201132,4462.24540639575,4746.25035678692,1928.80980850886,2224.54457154717,2317.23651805335,2114.61046304042,2599.85990878355,1180.87420451969,1673.69242843481,1562.32673752964,1803.47441417948,2999.68107196415,2593.28613723978,2648.86312902347,1861.69736407398,1545.00872576824,1398.88958224014,2028.54969877497,1870.13968507703,1981.8493985669,2632.89575078468,2939.09351965874,3277.40625255704,1977.83887114193,2132.29370957661,2153.95146242899,2494.59983344023,1420.03874337991,1e+09,1510.61811752673,1308.28099653706,1151.31827272045,1346.66467630216,1992.43579364556,1894.57908211824,1203.87593202124,1728.29210601102,1290.2716807324,1594.7859550736,1606.00023661269,1251.27478101335,1367.28082477595,1151.33278924905,1972.91618689188,1361.18285939105,1468.00249339025,2106.87801887058,1419.62109120709,1325.90608027115,1482.3740768443,1663.53007246638
3898.47681352602,4331.68180165626,4896.17956654982,5027.47325296714,5201.10919669064,2403.57394926805,1663.26179490783,2569.06954864986,2562.0652157976,3254.16660752027,1334.15929487449,966.296787327786,1363.66341411655,1604.47242755991,2849.13826538833,2704.79553389901,2810.96327412864,2121.80976065245,1182.51570852146,1365.33410801166,1327.54562399942,1767.57734583243,1505.95847107415,2869.7018872524,3283.52569118927,3460.93087340675,2105.05554734311,2329.74933851262,2746.80911409949,2936.93062648746,1922.21149900317,1510.61811752673,1e+09,1464.95875808843,1441.84304225529,1901.23349207824,1737.27190497055,1546.5875309209,805.284288621106,903.332415503839,1587.50674231639,1568.40380262865,1456.20468863412,1436.59126880265,1355.05931656146,1531.91644987578,1495.59497160829,1567.70876367392,1267.07550398546,1954.11772618745,1204.05004771396,1398.354029529,1229.88064985998,1478.85216583673
4298.67002033187,3740.39989034595,4309.70532936998,4580.07118604067,4805.06951104768,1683.98346811957,1864.71401445369,2287.2929985684,1607.11065291099,2266.27785913378,1558.10551298685,1575.91998841946,1217.95147083125,1053.45366480923,3341.94266704263,2522.06848128674,2643.43998581394,1817.45479974056,1036.01269673687,743.696486074797,1443.5246864879,1322.40285178156,1397.31695291369,2294.51785549819,2707.79692761477,3306.63231134035,1492.67543293912,1384.48673825357,1530.8513558148,2139.46378340462,1638.00916352748,1308.28099653706,1464.95875808843,1e+09,1074.97948808338,1927.78452200966,1304.44438551438,1158.68856346302,1336.3489281621,1282.6719835562,1043.72066818666,1433.61802011554,985.24352629185,887.577484561207,752.780795384686,892.561952527666,1395.27280895171,1216.32474939878,1255.04230809164,985.957121025047,1209.80293639088,1445.46748783914,1522.12927499605,1632.64458082585
4435.05911089131,4031.24271056705,4564.38676203058,4838.49440264221,4964.25739169516,1619.20918824592,1468.1050184166,2370.03756229727,1922.00066188854,2637.12458450487,1227.21238960499,1938.18627487143,1317.08734391459,1102.89748884472,3451.75626413569,2682.50615028186,3039.80839422487,2273.09503261522,1084.65274009703,1119.52237664104,1484.11111858243,1937.04970736427,1897.26445022828,2857.13500493064,3238.44204036447,3576.7796452116,1362.61367580837,1309.11182058677,1698.33767325582,2445.27451618423,1626.02852545704,1151.31827272045,1441.84304225529,1074.97948808338,1e+09,1721.45123849036,2135.35497660225,1873.28804947344,1407.36417717661,1339.36342670688,936.211067655152,906.748934380405,1534.3475067598,886.020417428402,800.914617609143,855.003744962559,1486.66548375887,1082.64277617319,912.603976158334,1992.14079028065,1112.48487149264,1657.76279575819,1553.734822806,1608.04932153837
4357.75900926153,3600.222613506,3907.71420967552,4235.21296204807,4557.28919564032,2239.9526461959,2276.20496449683,1915.36743942252,2354.40908233892,2874.32008135837,978.079247351665,2072.624516742,1550.69357830617,1879.47990215378,2384.82701735367,1747.3730875231,2560.16081211708,1888.34343714273,1990.75213833867,1591.484114561,2215.66528654488,1730.91096671666,2084.13794370718,2485.4227831699,2797.86530553206,3369.98952732794,2140.2634221983,2632.19479186097,2356.2791161278,2377.89394847626,1407.16045819231,1346.66467630216,1901.23349207824,1927.78452200966,1721.45123849036,1e+09,2633.95074593281,2143.43163585872,1397.79506226771,1877.83086429529,1338.17855837702,1657.69536776212,1704.26429663946,1351.93280202827,1730.90505135319,1440.75628931475,2340.16335030271,1235.55983873708,1655.20070879637,2563.1067300056,1632.01392248963,1413.35096034212,1312.35242953256,1905.51319423404
4734.8981584824,4171.51808031561,4683.30898640053,4900.71908136959,5212.33532214688,2481.00688455312,2745.99579788462,2731.52217633319,2255.7707805094,2761.34119139595,2230.01161452132,1560.93490421606,1815.71576707369,2087.13999856263,3427.96574826821,2880.4711699998,2311.4007007224,1998.42643732513,1742.6066755582,1761.17029082937,2203.92017709354,1565.75550246518,1484.81060037973,2362.04971410426,2834.12831860168,3248.72435123388,2384.25065695702,2491.41010600423,2536.78573574908,2708.22819452128,2119.48686617775,1992.43579364556,1737.27190497055,1304.44438551438,2135.35497660225,2633.95074593281,1e+09,853.609703553093,1680.66617271248,1740.62087253371,2174.51172903252,2550.91438349075,1817.27476524603,2020.53032370217,1821.97371484882,1970.86049450488,1945.68346148596,2147.93578235011,2156.68512843206,1307.08655887818,2099.65078720248,1860.05027950859,2093.97039518232,2055.36587852382
4340.18257740386,4162.78551232225,4656.06285946614,4882.70228866147,5229.4576200501,2389.12373919812,2352.32361931772,2215.08950288696,2064.67775630969,2789.6907850692,1819.95790091419,1625.27354768359,1501.68914466344,1588.38640676631,3222.62535016095,2183.68930129723,2164.31420216659,1849.28661845588,1572.99599042719,1438.85366570058,1974.44632016168,886.134391444097,1046.54363492403,2219.60935993251,2789.60220269844,3335.27755821011,2030.88585932346,2259.28978294065,2228.05770268636,2453.23513654929,1842.07681199781,1894.57908211824,1546.5875309209,1158.68856346302,1873.28804947344,2143.43163585872,853.609703553093,1e+09,1343.69350936142,1425.52691833581,1760.92738530014,2182.5410902203,1524.33137722741,1600.65010380158,1534.15280164656,1590.32594036569,1757.73408589013,1587.42362421,1764.00863830084,1335.57239586628,1776.84965036437,1716.33944233068,1801.78107929349,2006.61879628394
3998.44739021286,3825.07390782191,4289.58226259854,4456.26976434327,4767.37654688614,2065.70732653491,1965.89252511423,1846.8192889127,2094.079458927,2788.06147955887,850.895187199928,1262.44165683013,1190.3418286778,1570.25174685462,2510.43212610897,2081.34854094647,2228.89193641145,1623.50878454661,1353.40467037764,1241.46029658624,1547.74979389435,1441.72849788024,1256.3723345012,2331.13311361664,2751.21288961796,3033.50975785475,1743.88313034446,2363.25581907672,2456.78705906719,2502.93142045482,1476.71160190472,1203.87593202124,805.284288621106,1336.3489281621,1407.36417717661,1397.79506226771,1680.66617271248,1343.69350936142,1e+09,1225.20132859869,1272.38888332145,1516.01921135585,1311.61799084185,1225.47010469452,1214.2759964275,1126.88994320652,1497.47995272057,1127.58389408505,1255.6656230462,1926.00282619211,1154.16398345296,1015.81501573859,1051.41237143188,1402.19702620566
4071.57521906448,4184.67190624307,4810.72353192324,4982.24276875385,5060.2285336534,2140.10555601821,1553.11177604833,2678.49169681371,2456.61380133305,3073.67708528401,1453.96055262858,1104.96205830789,929.020479268353,1330.58845309134,2881.71162380971,2661.25804748431,2909.21176468816,2259.82638468091,1073.4338360607,1116.97396048431,1216.79601910098,1555.94707403562,1634.21842778131,2742.51126805342,3147.64603403877,3593.64839443149,2007.92872146897,2097.65443803311,2424.27673803962,2741.3146202689,1875.40466971798,1728.29210601102,903.332415503839,1282.6719835562,1339.36342670688,1877.83086429529,1740.62087253371,1425.52691833581,1225.20132859869,1e+09,1396.80387191617,1465.10667413673,1278.86657134355,1269.46450793238,1207.31345561126,1503.4076818681,1607.93395361874,1568.0091969118,1312.46248407335,1693.85267248955,1108.80258211279,1349.46315555483,1025.40640079921,1251.66992226385
4085.67276706052,3545.39943951313,4062.07319973434,4326.41297973275,4555.22564543185,1556.91060401681,1723.35547009316,1953.78592253604,1771.58956671685,2423.12030043908,1165.51483130847,1885.6345987757,1214.62710825175,1034.80720759956,3035.89050649064,2212.58380363321,2880.8803221932,2024.15104730354,1416.90120015476,863.202144691497,1443.38895350491,1491.74709833805,1787.07855358963,2469.94777685683,2785.54162442423,3479.62117030001,1282.33479438874,1601.16455412928,1655.36879872734,2239.31455363019,1675.64754504042,1290.2716807324,1587.50674231639,1043.72066818666,936.211067655152,1338.17855837702,2174.51172903252,1760.92738530014,1272.38888332145,1396.80387191617,1e+09,900.511954723534,979.26580319135,577.791152493702,833.442295962954,457.352135339937,1679.82319272,786.055831986507,1168.77097170489,1701.77335908751,726.318155425018,1321.96697734853,1187.69025583272,1582.45169938927
3703.37548373102,3752.32429511363,4376.33197422225,4556.05693656258,4617.91336254807,1706.48957427228,1054.68403377505,2243.90971179769,1925.21945925653,2642.93076927868,1178.02194385334,2048.71018636117,1297.18808339423,963.116202179156,3165.07086505184,2493.51348696974,3140.76962488496,2153.72317963567,1127.77696571618,985.491738067854,1019.9480116653,2096.12198814859,1858.92694985575,2732.63256520155,3065.04558321732,3439.97035865137,1285.51687460725,1497.90214233107,1809.0395418564,2241.52035094487,1714.21259603353,1594.7859550736,1568.40380262865,1433.61802011554,906.748934380405,1657.69536776212,2550.91438349075,2182.5410902203,1516.01921135585,1465.10667413673,900.511954723534,1e+09,1319.68629821636,761.774216484124,794.438713117633,1007.63627152857,1328.59340311474,1035.35199473416,737.972169055175,2132.95929222758,1159.3763648186,1664.72554578825,1428.88834798244,1664.73887228598
3624.36341359417,3465.39899059257,4092.25472436651,4281.33385029712,4491.41879618234,1956.58595456474,1779.69756852112,2271.40928619217,1941.73007660694,2487.31089261073,1535.24593147157,1389.33453840319,1203.21180886825,1157.21863068307,2805.24677721943,2337.76053080721,2788.04191960953,1714.29749436905,1288.84912363705,605.590591323875,1150.84405511781,1299.2417207356,1466.43790683411,2208.5478371319,2519.5528493961,3305.31776489039,1767.84527003921,1883.09116946047,1970.68627257106,2192.05746945649,1835.32239851749,1606.00023661269,1456.20468863412,985.24352629185,1534.3475067598,1704.26429663946,1817.27476524603,1524.33137722741,1311.61799084185,1278.86657134355,979.26580319135,1319.68629821636,1e+09,851.637274078583,1010.11105726054,1112.09175448791,1579.59673008651,1284.02965398,1363.48559317655,1112.83476006099,1041.34359699381,1211.53379379199,1112.70399356702,1600.22151216636
3855.6058777318,3658.34985486626,4219.81583687014,4476.80453315755,4670.65399691521,1722.8909984674,1362.52106831417,2018.0301017081,1687.01099385866,2434.47878292254,1082.02516435617,1742.83497996798,1082.025572988,673.627522745323,3055.77828235296,2122.73518112835,2754.82503188497,1758.04994348852,1003.17888698876,474.619843348337,1204.42447990731,1421.0635770788,1454.8168534905,2361.49990084692,2760.74748705853,3342.16364403361,1339.17382366891,1404.62661526115,1491.71300285946,1982.72653555653,1425.14899112338,1251.27478101335,1436.59126880265,887.577484561207,886.020417428402,1351.93280202827,2020.53032370217,1600.65010380158,1225.47010469452,1269.46450793238,577.791152493702,761.774216484124,851.637274078583,1e+09,580.025537886049,632.630222800018,1366.36506201674,655.026362293916,745.949152958833,1596.31205783832,1011.01739015706,1389.64006436919,1251.89440628992,1644.04980368601
