1e+09,1988.7337000212,2365.5335512311,2066.32370731209,1697.16500028724,2356.92757701631,1649.02057118764,1157.31446646968,2052.11681512043,1290.55211336079,1765.88245933867,1289.30889859645,1082.59504266369,1166.86266222722,1539.7300146779,2363.16190310778,1403.91745391244,2431.7860786056,1766.28286689873,973.997073250223,1375.42892666252,1242.20972190689,1800.92582676245,1464.63943364912,1941.18312492665,1582.5005493522,2480.23715559621,1072.04738547324,1774.81716438624,1411.22288243211,2284.68379429189,2021.47403104764,1368.01188328172,1373.23291826259,1412.61459273221,1849.43744073705,1157.85913150089,1174.92372480089,1390.01784535307,1113.35148219239,1426.06795139643,2736.88046134646,1534.19288728634,1598.64310748209,1934.89512855348,3008.51581810699,2509.28204710033,1848.37078030897,2703.01136852955,2408.41401307998,2039.0919129848,1511.77963010486,1458.44008601656,1820.0199011824
1988.7337000212,1e+09,1805.35568157635,1626.98088482932,1170.14680173045,1415.61910812902,2933.54140543473,2326.83646702986,1402.90471925217,1609.70541382577,1550.00810578526,1375.57781030373,1466.76832096961,1959.76812003359,2635.52638664461,1567.44629065879,979.498892087173,1494.46112920343,1226.86261402816,1547.69159527989,2022.33253603358,1864.0009474783,1815.4663454055,862.434224970229,1001.63599630804,1370.74268756029,997.483979620726,2154.83348542295,3082.54677216746,2576.76157160495,1470.24286208096,1405.66815870603,2107.85585531838,2333.18689049977,2499.91308484915,2929.10180161086,1990.73569717328,1492.45188287596,1936.1910124262,1943.51627240422,2050.71688709095,3332.63613298842,2398.7398186131,1972.30874426394,2134.7869562324,2875.35963809747,2824.42451949065,1799.79498524137,2961.51781051541,2747.87894940807,2436.85439762001,2559.28145275192,1935.3126230922,2185.2813138587
2365.5335512311,1805.35568157635,1e+09,935.744724377327,1040.4374649156,1010.98935162543,2412.16586195892,2873.84100191712,1299.19338818361,1505.63262647301,1277.6456117406,1310.06839974102,1431.15077884897,2580.59947208008,2898.78090170678,2338.08305389265,1626.29611313561,2663.73764434488,1622.90926292877,1838.49658588206,2529.08396062685,1907.22159918558,1488.37031316135,1608.21340816448,1808.01710580957,2273.28285545376,2151.13294517099,2346.28113053402,3232.56687123407,2753.55243162356,2147.01731946904,1947.8980957432,2272.85910865588,2930.45531735258,2952.93213650433,3125.86638050957,2374.11343612726,2319.81020350804,2787.30622013442,2256.65456295375,2383.47876118081,3825.53740448319,2640.80256577428,2317.38960615172,2149.76463653582,2924.12439752484,2912.20214911328,2445.12382608734,3554.55394380223,3370.92758768265,2834.09326977783,2630.66739961554,2418.4102659185,2531.45919103982
2066.32370731209,1626.98088482932,935.744724377327,1e+09,985.726458202274,1075.46257977672,2236.92438562415,2495.73231952067,1147.32155566781,1139.99503626112,735.582618337328,993.465591855098,1144.0678911673,2136.89386907726,2551.23274514498,1832.94582093962,1232.49418343455,2568.94650771479,1284.48354263494,1529.47755233609,2265.79942274245,1726.3905691355,975.38592131525,1267.6551064071,1469.74056986259,1989.34266728988,1930.56566425491,2036.96395679943,2664.30759538008,2351.81709499272,1950.6225206072,1616.41529434734,1856.53579130595,2639.27727345954,2571.27487554326,2534.10135045937,1923.2122383658,1802.5385422509,2482.08859197249,1999.29982961536,1999.90084594212,3314.62677547563,2234.85066897097,1870.05225223789,1662.89335217265,2306.85293246015,2419.87938213871,2002.59436279542,3170.97624882307,2947.71703974449,2305.40810482656,2223.62989101154,2192.12607408881,2235.78532330365
1697.16500028724,1170.14680173045,1040.4374649156,985.726458202274,1e+09,1182.23557927344,2213.08492209404,2221.57532474143,1080.56008287369,1024.12547107276,1065.04710111807,871.039028746703,796.104020213439,1989.77466862457,2600.97641217678,1956.03225783728,801.424291496084,2068.85278574866,1125.27307667961,1354.92465476867,2094.67168212587,1521.86561121539,1130.11628892782,843.790037272306,1020.75396756515,1820.04524781666,1723.52362571564,1881.78592919067,2894.32810375742,2345.39924292219,1889.72096731237,1782.72359719616,1959.04904502159,2233.68653691605,2456.372625967,2833.22679706373,1905.8259870198,1672.98402493867,2253.37603271181,1879.51893720175,2009.79411826187,3522.08645906088,2276.42168431071,2018.54811701381,1975.83866337816,2853.30029348472,2812.40874086609,2086.55215714825,3201.65413066434,3001.20930406395,2610.02437126553,2383.60440669168,2041.22205046389,2250.55532993526
2356.92757701631,1415.61910812902,1010.98935162543,1075.46257977672,1182.23557927344,1e+09,2564.63678588216,2647.496038184,1213.58813532434,1613.18746920499,1092.19911724007,1256.07291336928,1432.62749963136,2120.72664782616,2646.80247695214,1728.50036285793,1337.55621964088,2445.82848491058,1658.24770260658,1594.12763861618,2216.90016171229,1943.84952233963,1299.63807361896,1317.87100859682,1348.77604857144,1865.75959346321,1725.96851150304,2123.10501549028,3130.76770430193,2755.26553678588,1731.44850434542,1634.2001134806,2247.8955009297,2855.29336049731,2735.44513315475,2914.16106066566,2137.19632053305,1870.96021785606,2314.48153120737,2101.11431892698,2022.75186691299,3347.2307968827,2423.02485965373,1870.84866410942,1783.17122021414,2253.62057966731,2367.03319875324,1856.40996258908,3039.62535976064,2868.48530494754,2341.60821037594,2335.38653042703,2073.7267558191,1982.23019586525
1649.02057118764,2933.54140543473,2412.16586195892,2236.92438562415,2213.08492209404,2564.63678588216,1e+09,2194.95572112514,2515.30258821876,1852.67380369562,2184.10262693858,1968.26835121637,1680.55853673712,1981.46048794822,1850.32561537152,2780.53299831165,2070.54240999792,3457.98519052641,2296.32790979424,1775.08712859397,2407.53735266974,1879.62464481609,2023.04593608252,2222.90068927966,2561.33310166796,2315.21757372822,3078.13872783538,1649.39640671974,2262.11308921548,2233.58428045597,3114.65212771828,2834.58472362355,2388.80905674773,2482.43655632929,2327.17422502055,2215.06736701167,2007.47442643736,2234.57161561226,2411.49747580212,1667.46953822251,2031.512216552,3289.39082209761,2198.41028172632,2283.78506797378,2323.72994495918,2949.84566226777,2581.07988158058,2382.89243930564,3348.27121822591,2997.88342218306,2564.2897522706,1929.07628921202,2273.215919463,2248.54094854864
1157.31446646968,2326.83646702986,2873.84100191712,2495.73231952067,2221.57532474143,2647.496038184,2194.95572112514,1e+09,2214.82039398232,1656.51653007146,1965.82136942806,1853.93475777871,1774.6545789815,1335.83377918063,1505.79603652022,2696.86582936564,1871.48344884479,2402.56831469992,2160.07875916597,1329.58930433424,1007.00530356101,1504.9920828031,2188.12338724305,1740.79725531149,2063.88338410871,1868.68030583083,2778.47320237212,816.128026476239,1696.22999339712,1104.25039289103,2005.24557498577,2122.37480650803,1633.31365166033,988.726614540137,576.887713424372,1888.1871545215,872.021912626053,1248.50984801883,1246.48826889787,1359.62817674539,1421.30731472824,1967.11298140193,952.128499993567,1370.0089261753,1568.6821615611,2746.47209348648,2192.70485100024,1601.90681083514,1763.57070878942,1606.60636831179,1803.50718692774,1506.2350478262,1080.57393416647,1463.63206988642
2052.11681512043,1402.90471925217,1299.19338818361,1147.32155566781,1080.56008287369,1213.58813532434,2515.30258821876,2214.82039398232,1e+09,899.00795524845,873.087931482277,1195.15386896416,1418.21720088991,2142.49663369631,2608.8545082852,1833.55207621709,1264.41656399305,1699.64089583653,1349.54130266546,1656.35062598473,2105.08781774063,1191.37290639833,1472.94302096178,987.043425944371,1258.89604439763,1887.53145065188,1775.14476330805,1781.33080268658,2694.63268233353,2068.61279692455,1458.16301187487,1268.2530328369,2079.95459193224,2052.77623176517,2276.58058721847,2616.17735727148,1902.15052535282,1691.0532015877,2314.29166988519,1917.99067364782,1663.32028842914,3062.01941417751,1912.23677270886,1890.12235593361,1597.24536524605,2613.51512781158,2687.70477113838,1850.62500091185,2849.68901122561,2719.26935313514,2302.78329468928,2330.65839270795,1832.28371689539,2150.39478487091
1290.55211336079,1609.70541382577,1505.63262647301,1139.99503626112,1024.12547107276,1613.18746920499,1852.67380369562,1656.51653007146,899.00795524845,1e+09,824.07932439784,814.604393862444,890.92731269167,1674.50300632755,2071.07026819468,1943.97820738814,1052.2746968829,1988.24345576692,1210.77225331604,1178.54881129294,1733.57278110843,691.014789494407,1238.39751517839,915.462829338254,1409.51918759554,1696.67897452641,2045.16076553898,1237.67536236285,2029.51860343777,1445.16703754272,1752.2665294983,1417.39377037576,1534.99919384344,1561.19021522043,1761.08722404656,2038.00407636982,1373.63958238688,1312.13178332056,1966.63284613575,1413.48685080548,1312.0163953625,2813.20571046626,1469.74707344495,1593.50389883426,1440.68731999695,2614.95138010251,2474.61408979259,1732.63475724112,2735.95270889319,2524.28521247105,2036.66250878735,1813.69822420931,1562.30582927927,1936.65562834491
1765.88245933867,1550.00810578526,1277.6456117406,735.582618337328,1065.04710111807,1092.19911724007,2184.10262693858,1965.82136942806,873.087931482277,824.07932439784,1e+09,723.128315031295,1011.28999273206,1705.79264850685,2233.56248770882,1779.89627835444,1137.48476719471,2300.634454732,1447.22236055832,1205.2531979215,1756.06364773604,1308.93183703354,822.521345072576,1053.61049643595,1317.16151314104,1825.3271531153,2033.93114573724,1510.38321617396,2251.03602556689,1858.72204885507,1580.06661248822,1298.74796808311,1516.69579731731,2140.56271671727,2025.05404688369,2159.16643341823,1483.54384074081,1333.36289497646,2041.45528190063,1737.90292516585,1446.22521779977,2749.42316126492,1659.78816106153,1365.10013482528,1125.98267335692,2069.78685902679,2093.83730015013,1620.98668190087,2631.38157863887,2476.38834939111,1849.26607366274,1751.19395990279,1681.83498307652,1768.95509013089
1289.30889859645,1375.57781030373,1310.06839974102,993.465591855098,871.039028746703,1256.07291336928,1968.26835121637,1853.93475777871,1195.15386896416,814.604393862444,723.128315031295,1e+09,483.595344063609,1419.11468821234,2064.92820453884,1787.20804113567,913.32917067178,2284.29385060241,1414.46923865456,874.375697912516,1600.61001568152,1195.13663570322,865.324292909889,979.751809184346,1392.48322298691,1599.80217642682,2005.46898704518,1426.59472391426,2202.20276555089,1843.43519829149,1808.42819229849,1403.33447253319,1270.15092701616,2019.47789906203,1985.08355960146,2111.47818662661,1428.07735350716,1151.41141079112,1781.18610493121,1515.53462609734,1391.59022373686,2938.20822660682,1761.60948090092,1407.19513810274,1523.75225686461,2480.68042319038,2298.53545265241,1725.98089847484,2848.88556495343,2634.03121750673,1937.61221491815,1622.15819308722,1624.1596337491,1792.97061752277
1082.59504266369,1466.76832096961,1431.15077884897,1144.0678911673,796.104020213439,1432.62749963136,1680.55853673712,1774.6545789815,1418.21720088991,890.92731269167,1011.28999273206,483.595344063609,1e+09,1359.29607183277,2011.74185061106,1880.20861371817,758.928287916586,2374.24386613928,1342.05082396309,809.548842071928,1671.97520899683,1286.07480373422,891.532034702063,957.078406819421,1316.98861843981,1580.84312887143,2016.38474572687,1381.78036854632,2284.00940006822,1929.64368241911,2026.81749580469,1748.85183780674,1466.95972194195,1982.12405050743,2007.04674962991,2213.45468659288,1434.99887742116,1214.87880749481,1777.24696815046,1436.08261374477,1540.62621878248,3088.91721396026,1867.75153813349,1567.72469276337,1709.19792777197,2588.48225595618,2377.661642728,1797.13714515615,2938.10412545233,2683.50562343365,2129.6211209039,1717.16343928002,1703.43570236742,1835.5539290089
1166.86266222722,1959.76812003359,2580.59947208008,2136.89386907726,1989.77466862457,2120.72664782616,1981.46048794822,1335.83377918063,2142.49663369631,1674.50300632755,1705.79264850685,1419.11468821234,1359.29607183277,1e+09,1400.15245212798,1808.36536147981,1410.00456314864,2624.09998307991,2093.11194636121,994.738153284572,1313.7280621194,1650.10702461992,1644.02650611236,1530.62661197955,1816.85999845888,1410.84293037886,2362.04643419642,1096.04759832774,1788.92519930264,1826.03598781623,2191.52868669338,1912.61801933894,1602.85335670485,1874.38007221054,1522.77184486055,1585.47624078698,1189.47109687457,672.62769300706,936.153471338968,1324.82379371749,1036.14092048331,2221.8883372933,1527.46497639062,1140.8691558632,1651.42009688631,2224.09322302371,1837.51341878094,1301.74842561841,2309.30891534675,2006.90916568239,1397.4411833419,1084.64095298859,1362.12122162457,1247.7349954217
1539.7300146779,2635.52638664461,2898.78090170678,2551.23274514498,2600.97641217678,2646.80247695214,1850.32561537152,1505.79603652022,2608.8545082852,2071.07026819468,2233.56248770882,2064.92820453884,2011.74185061106,1400.15245212798,1e+09,2568.13672856412,2163.08140255978,3039.14073984737,2267.29051795309,1357.43293425495,1327.89333238781,1868.35555639177,2461.79277263542,2132.06143211212,2583.34786143872,1509.07669732191,2772.77951476492,1234.76816220698,1581.83884068511,1663.25391891918,2314.52308975305,2118.32826197924,1747.10212692332,2129.68516276468,1301.29416585951,1453.80348902457,1094.03081158622,1581.70522392764,1172.72488261314,883.94605457573,1486.35376128969,1895.39732736965,1355.82312736581,1261.69671878784,1688.94358544032,2440.34406051688,1589.30727519885,1332.28628274857,2019.19469445123,1563.38356493216,1301.41210878799,1110.73251185873,1206.39428123645,1167.14612247139
2363.16190310778,1567.44629065879,2338.08305389265,1832.94582093962,1956.03225783728,1728.50036285793,2780.53299831165,2696.86582936564,1833.55207621709,1943.97820738814,1779.89627835444,1787.20804113567,1880.20861371817,1808.36536147981,2568.13672856412,1e+09,1386.5182289101,2354.5622057614,1838.85071977037,1966.98762060161,2568.0474980031,2133.88425330429,1846.19559879228,1502.53191763104,1598.13651600857,1565.23128086555,1416.17057937948,2300.40635553808,2817.47293298445,2813.12612554077,2261.60093730083,1716.245642296,2545.00677348804,2785.81040315022,2789.29524265539,2426.01408885027,2299.31073165416,1571.28427975335,2189.72188957867,2142.54545655396,1802.71934041325,3106.44088236039,2528.23066928237,2093.21551995966,2219.09285772362,2244.82318958532,2542.29926924428,1699.49133731243,3184.84264768293,2858.93457230137,2092.46969031812,2407.11299512507,2326.7472742436,2266.58182909861
1403.91745391244,979.498892087173,1626.29611313561,1232.49418343455,801.424291496084,1337.55621964088,2070.54240999792,1871.48344884479,1264.41656399305,1052.2746968829,1137.48476719471,913.32917067178,758.928287916586,1410.00456314864,2163.08140255978,1386.5182289101,1e+09,1921.66383993143,999.923043788871,1056.46674112345,1833.88923850379,1432.22599627294,1156.57930385253,446.793630438036,721.707675516895,1265.12779374259,1372.31017346663,1567.90531286172,2545.66264414592,2160.75162767496,1787.20725107638,1601.00926855531,1864.10240732638,1990.12327934729,2129.59544012472,2399.24111731189,1563.34551990275,1099.04872553495,1736.91975433524,1498.05224731983,1600.84640562422,3078.79613457923,1995.30742919481,1674.02414943752,1778.57863022696,2476.48115987181,2435.53932797235,1552.15376458004,2839.57962969873,2558.368903579,2153.98676151921,2051.82296317202,1727.70122593578,1860.18387674445
2431.7860786056,1494.46112920343,2663.73764434488,2568.94650771479,2068.85278574866,2445.82848491058,3457.98519052641,2402.56831469992,1699.64089583653,1988.24345576692,2300.634454732,2284.29385060241,2374.24386613928,2624.09998307991,3039.14073984737,2354.5622057614,1921.66383993143,1e+09,1822.35350857072,2348.61126527997,2427.10349787561,1895.65646088631,2791.19416494088,1570.29529092461,1779.30160967724,1967.63467107083,1704.42349482164,2396.12419014541,3307.36264254466,2521.48414030309,1647.31870310514,1794.93826242019,2769.12990004081,1915.47313567693,2505.44235832717,3276.32558685794,2414.04666829372,2109.96416443503,2387.16708671597,2303.30237181313,2314.87287069938,3349.39550540094,2441.82867677075,2584.32799814575,2571.97649619898,3619.26494458474,3521.19644070024,2252.67834636905,2957.33573719657,2838.65918280092,2908.67155724052,3133.82993681853,2115.6830127408,2710.32115927246
1766.28286689873,1226.86261402816,1622.90926292877,1284.48354263494,1125.27307667961,1658.24770260658,2296.32790979424,2160.07875916597,1349.54130266546,1210.77225331604,1447.22236055832,1414.46923865456,1342.05082396309,2093.11194636121,2267.29051795309,1838.85071977037,999.923043788871,1822.35350857072,1e+09,1444.33908276416,2073.75758183062,1581.56849390091,1804.58970816083,858.511783553377,1236.78729003819,1330.21641878305,1217.92397706097,1916.4086090915,2718.65274669274,2195.08874718085,1642.08767226357,1540.77467077441,2019.70680736091,2162.4323221086,2272.90097529567,2630.63157916497,1697.66693620981,1668.57192239352,2116.02890715132,1502.91616246549,2043.43527372413,3236.4241472959,2122.78183643539,1956.51976289533,1906.15610730076,2763.63740619134,2647.32601649287,1716.8095978879,2910.4124038184,2589.1438767863,2387.63224096593,2454.02726885827,1874.56251525523,2172.69987089796
973.997073250223,1547.69159527989,1838.49658588206,1529.47755233609,1354.92465476867,1594.12763861618,1775.08712859397,1329.58930433424,1656.35062598473,1178.54881129294,1205.2531979215,874.375697912516,809.548842071928,994.738153284572,1357.43293425495,1966.98762060161,1056.46674112345,2348.61126527997,1444.33908276416,1e+09,966.510461609185,1310.79135483112,1366.12016382162,1072.0503330068,1495.48353952827,1157.83600557246,2024.70839833789,981.327639680041,1987.4411533175,1641.87669457849,1652.99507234595,1522.82895017792,1162.51505869817,1825.36643880071,1456.30851185455,1903.979961633,804.290295540112,879.15824889493,1088.48828937201,908.197561547046,1269.5914731519,2481.09948482523,1400.87072540617,922.924142928334,1300.11946204955,2292.14483671953,1802.25918102808,1216.21190193157,2265.03493935524,1976.71991215245,1566.37924216966,1234.60218422778,1045.21295648303,1132.35673380786
1375.42892666252,2022.33253603358,2529.08396062685,2265.79942274245,2094.67168212587,2216.90016171229,2407.53735266974,1007.00530356101,2105.08781774063,1733.57278110843,1756.06364773604,1600.61001568152,1671.97520899683,1313.7280621194,1327.89333238781,2568.0474980031,1833.88923850379,2427.10349787561,2073.75758183062,966.510461609185,1e+09,1618.46789368835,2097.2002831394,1678.89162107028,2054.71350912968,1557.44309738751,2553.11480323545,1056.08767637919,1922.8580680071,1431.52386847024,1526.16768921374,1672.89144073966,1197.43622539992,1671.60315281469,925.958445557899,1971.75010543933,715.611893486966,1167.69177285789,853.580880116231,1217.27117496472,1419.6284572028,1927.20846962647,1090.68618809445,809.399324190476,1296.99724965013,2513.3122157623,1783.97911316248,1302.63186434234,1593.70470122291,1441.54469701775,1435.4743742401,1240.66444774564,654.577248764422,972.979134925308
1242.20972190689,1864.0009474783,1907.22159918558,1726.3905691355,1521.86561121539,1943.84952233963,1879.62464481609,1504.9920828031,1191.37290639833,691.014789494407,1308.93183703354,1195.13663570322,1286.07480373422,1650.10702461992,1868.35555639177,2133.88425330429,1432.22599627294,1895.65646088631,1581.56849390091,1310.79135483112,1618.46789368835,1e+09,1750.5692520149,1234.48316748346,1794.72895220978,1651.16197143103,2256.94342184291,1021.45072122937,1880.92641248934,1201.71945573832,1809.61212614748,1436.13580653084,1660.88003154954,1249.88409254618,1513.81907888625,1904.29521261804,1385.64787143055,1377.53454355962,1787.86524128638,1227.31359712993,1028.02856915555,2593.80955258862,1232.44294220869,1616.65762222556,1565.47304579159,2851.49840220892,2560.24544583132,1705.73244827552,2603.74654703564,2394.24076245477,1947.47211692491,1706.09822073643,1302.66895291935,1851.23442083924
1800.92582676245,1815.4663454055,1488.37031316135,975.38592131525,1130.11628892782,1299.63807361896,2023.04593608252,2188.12338724305,1472.94302096178,1238.39751517839,822.521345072576,865.324292909889,891.532034702063,1644.02650611236,2461.79277263542,1846.19559879228,1156.57930385253,2791.19416494088,1804.58970816083,1366.12016382162,2097.2002831394,1750.5692520149,1e+09,1353.93652779589,1409.49013724822,2125.9466085958,2317.61105086682,1755.39092962223,2476.07887380431,2289.75048889612,2251.31459787387,1980.28044117494,1805.96093404592,2463.06489506468,2394.31715904556,2354.79642820775,1824.46285456843,1508.15076832524,2253.14272262101,2056.92045675082,1753.72454493287,3156.73140213101,2125.38094601885,1726.76631180945,1659.1070843077,2162.22725833803,2282.85463260366,2011.75959155163,3076.68984717342,2895.83096366138,2207.30060737091,1883.06534302451,2141.1461225241,2040.79968742648
1464.63943364912,862.434224970229,1608.21340816448,1267.6551064071,843.790037272306,1317.87100859682,2222.90068927966,1740.79725531149,987.043425944371,915.462829338254,1053.61049643595,979.751809184346,957.078406819421,1530.62661197955,2132.06143211212,1502.53191763104,446.793630438036,1570.29529092461,858.511783553377,1072.0503330068,1678.89162107028,1234.48316748346,1353.93652779589,1e+09,664.72479440743,1194.56208524296,1282.77038436347,1463.00355607907,2512.29129127178,1974.79178525231,1407.95486103071,1332.92809776072,1819.38111092756,1777.74634714855,1944.46993424943,2404.68225917688,1438.38476521409,1088.68974235087,1674.54469220741,1405.6321635122,1512.3970444298,2901.65398104254,1786.21647982544,1570.53056541412,1590.9611105555,2489.08898004873,2411.93569580534,1401.55897004015,2593.97830742665,2348.64470420709,2069.91201571468,2065.17244524519,1494.90325389304,1761.10219831218
1941.18312492665,1001.63599630804,1808.01710580957,1469.74056986259,1020.75396756515,1348.77604857144,2561.33310166796,2063.88338410871,1258.89604439763,1409.51918759554,1317.16151314104,1392.48322298691,1316.98861843981,1816.85999845888,2583.34786143872,1598.13651600857,721.707675516895,1779.30160967724,1236.78729003819,1495.48353952827,2054.71350912968,1794.72895220978,1409.49013724822,664.72479440743,1e+09,1631.8028554945,1342.73381587715,1865.30784247534,2978.39006214767,2471.83582529261,1640.31197587532,1802.94136030543,2282.17616416875,2165.48549062329,2350.36652845891,2858.27195338372,1852.31119823317,1439.81026243044,2028.58654296532,1942.32017159891,1953.3829198854,3192.23640449764,2213.00372686085,1913.18132329374,1859.73887156235,2461.57408608801,2581.13579948828,1687.79102877104,2756.97295737554,2569.91392149621,2433.33799191563,2463.95897743855,1927.10743836456,2013.91056494572
1582.5005493522,1370.74268756029,2273.28285545376,1989.34266728988,1820.04524781666,1865.75959346321,2315.21757372822,1868.68030583083,1887.53145065188,1696.67897452641,1825.3271531153,1599.80217642682,1580.84312887143,1410.84293037886,1509.07669732191,1565.23128086555,1265.12779374259,1967.63467107083,1330.21641878305,1157.83600557246,1557.44309738751,1651.16197143103,2125.9466085958,1194.56208524296,1631.8028554945,1e+09,1342.32331623197,1597.84199087394,2414.3953816432,2139.92828725637,1622.2192816016,1397.07739066238,1919.70262798695,2112.15223132709,1892.42706921561,2171.30898687865,1410.14248517659,1192.90341905789,1131.69824896038,947.454146014466,1530.60548708673,2603.55673135809,1849.92334330372,1462.62984914161,1837.34031621798,2523.6135216986,2138.78145106039,1002.14333316148,2402.00413003392,1980.78818395607,1696.04631714467,1893.43164595398,1281.36940575308,1464.37754742416
2480.23715559621,997.483979620726,2151.13294517099,1930.56566425491,1723.52362571564,1725.96851150304,3078.13872783538,2778.47320237212,1775.14476330805,2045.16076553898,2033.93114573724,2005.46898704518,2016.38474572687,2362.04643419642,2772.77951476492,1416.17057937948,1372.31017346663,1704.42349482164,1217.92397706097,2024.70839833789,2553.11480323545,2256.94342184291,2317.61105086682,1282.77038436347,1342.73381587715,1342.32331623197,1e+09,2534.0096049739,3401.73158256203,2998.67088292463,1796.77586161992,1725.98773761577,2724.65449905121,2778.1192133528,2895.67947504554,3157.2550221672,2369.14787550292,1961.99862382724,2294.23756917195,2093.21140076677,2392.43782422867,3533.22908712413,2754.32673036443,2370.64815097053,2451.89817200878,2882.47208586657,2948.63111912969,1843.17607485015,3171.98439091368,2856.30008535518,2649.38253881919,2964.79260060464,2287.04535663375,2442.57980150086
1072.04738547324,2154.83348542295,2346.28113053402,2036.96395679943,1881.78592919067,2123.10501549028,1649.39640671974,816.128026476239,1781.33080268658,1237.67536236285,1510.38321617396,1426.59472391426,1381.78036854632,1096.04759832774,1234.76816220698,2300.40635553808,1567.90531286172,2396.12419014541,1916.4086090915,981.327639680041,1056.08767637919,1021.45072122937,1755.39092962223,1463.00355607907,1865.30784247534,1597.84199087394,2534.0096049739,1e+09,1584.76849479664,1115.23151829564,1884.17121313324,1806.21538197968,1552.82931943598,1279.41569370553,890.736075670005,1618.27556290639,808.582065532003,1100.48499008392,1224.83560182581,971.73580195442,880.193312914839,2009.36280342799,770.965282032855,1094.0103761848,1212.25896895012,2383.89423433591,1886.60278368288,1302.27730088488,1950.89668924318,1723.15154414811,1510.95586543751,1097.2881782376,853.074403789025,1126.94339627153
1774.81716438624,3082.54677216746,3232.56687123407,2664.30759538008,2894.32810375742,3130.76770430193,2262.11308921548,1696.22999339712,2694.63268233353,2029.51860343777,2251.03602556689,2202.20276555089,2284.00940006822,1788.92519930264,1581.83884068511,2817.47293298445,2545.66264414592,3307.36264254466,2718.65274669274,1987.4411533175,1922.8580680071,1880.92641248934,2476.07887380431,2512.29129127178,2978.39006214767,2414.3953816432,3401.73158256203,1584.76849479664,1e+09,1132.6132016271,2781.26887040789,2279.65182534527,1614.64546610084,1991.27071248487,1432.49802994629,591.865223340584,1535.34465459714,1787.85986399941,2049.22545231119,1842.67504034217,1490.72153207767,1801.28056340482,1295.0277623279,1697.47247550586,1843.77919119942,2694.30727657407,2200.00839668852,2095.02016350679,2506.46105383666,2250.15824590183,1492.63882289052,1249.57785431721,1928.62812804854,2109.4630092277
1411.22288243211,2576.76157160495,2753.55243162356,2351.81709499272,2345.39924292219,2755.26553678588,2233.58428045597,1104.25039289103,2068.61279692455,1445.16703754272,1858.72204885507,1843.43519829149,1929.64368241911,1826.03598781623,1663.25391891918,2813.12612554077,2160.75162767496,2521.48414030309,2195.08874718085,1641.87669457849,1431.52386847024,1201.71945573832,2289.75048889612,1974.79178525231,2471.83582529261,2139.92828725637,2998.67088292463,1115.23151829564,1132.6132016271,1e+09,2098.2915063451,1865.01439015896,1397.15627146715,1130.18610808132,835.401031182031,1481.55344847899,1125.5170634424,1588.66052056442,1830.69287077325,1491.55611272255,1352.0761159417,1947.6693692719,715.209055381712,1531.39325138907,1508.72623726109,2899.07590616389,2390.87669142514,1891.7403840908,2149.83891003489,1997.70899449845,1739.48081113302,1502.55897225367,1361.99462282345,1906.23740845677
2284.68379429189,1470.24286208096,2147.01731946904,1950.6225206072,1889.72096731237,1731.44850434542,3114.65212771828,2005.24557498577,1458.16301187487,1752.2665294983,1580.06661248822,1808.42819229849,2026.81749580469,2191.52868669338,2314.52308975305,2261.60093730083,1787.20725107638,1647.31870310514,1642.08767226357,1652.99507234595,1526.16768921374,1809.61212614748,2251.31459787387,1407.95486103071,1640.31197587532,1622.2192816016,1796.77586161992,1884.17121313324,2781.26887040789,2098.2915063451,1e+09,1076.96015975522,1963.02361414732,2151.94231960339,1912.04267439302,2723.59889567095,1588.18195081672,1670.86899666012,1817.41140155442,1813.77620824621,1911.30800764817,2459.63766839752,1735.32789820829,1489.65253404947,1393.27551101711,2494.68512880884,2255.047878117,1373.12823130253,1882.38365969852,1824.71153761355,1940.28514144185,2300.77575915168,1320.04194145489,1663.39031270475
2021.47403104764,1405.66815870603,1947.8980957432,1616.41529434734,1782.72359719616,1634.2001134806,2834.58472362355,2122.37480650803,1268.2530328369,1417.39377037576,1298.74796808311,1403.33447253319,1748.85183780674,1912.61801933894,2118.32826197924,1716.245642296,1601.00926855531,1794.93826242019,1540.77467077441,1522.82895017792,1672.89144073966,1436.13580653084,1980.28044117494,1332.92809776072,1802.94136030543,1397.07739066238,1725.98773761577,1806.21538197968,2279.65182534527,1865.01439015896,1076.96015975522,1e+09,1595.0044549781,2144.07070265885,1962.72336884239,2113.31960625931,1578.01236484382,1383.47534712405,1784.49141908836,1619.37133292522,1434.43393992195,2432.90598953186,1650.17281252601,1382.10250339836,1426.45246997578,2441.39256069154,2258.05029343901,1367.30758225792,2394.17977875514,2193.25797447542,1559.97975288143,1942.37437632399,1436.56063126483,1801.21689390812
1368.01188328172,2107.85585531838,2272.85910865588,1856.53579130595,1959.04904502159,2247.8955009297,2388.80905674773,1633.31365166033,2079.95459193224,1534.99919384344,1516.69579731731,1270.15092701616,1466.95972194195,1602.85335670485,1747.10212692332,2545.00677348804,1864.10240732638,2769.12990004081,2019.70680736091,1162.51505869817,1197.43622539992,1660.88003154954,1805.96093404592,1819.38111092756,2282.17616416875,1919.70262798695,2724.65449905121,1552.82931943598,1614.64546610084,1397.15627146715,1963.02361414732,1595.0044549781,1e+09,2027.62515939214,1533.86629449897,1709.05761570522,1109.48559657167,1352.65627300508,1652.6849296221,1593.2831859089,1625.14431919138,2409.68212138033,1475.58416357726,1165.81969853833,1506.43344788278,2656.94554746611,2101.47999664522,1864.16533169674,2469.59989982183,2283.1819805701,1608.25918029402,1291.45100565217,1538.72174206385,1787.13242047141
1373.23291826259,2333.18689049977,2930.45531735258,2639.27727345954,2233.68653691605,2855.29336049731,2482.43655632929,988.726614540137,2052.77623176517,1561.19021522043,2140.56271671727,2019.47789906203,1982.12405050743,1874.38007221054,2129.68516276468,2785.81040315022,1990.12327934729,1915.47313567693,2162.4323221086,1825.36643880071,1671.60315281469,1249.88409254618,2463.06489506468,1777.74634714855,2165.48549062329,2112.15223132709,2778.1192133528,1279.41569370553,1991.27071248487,1130.18610808132,2151.94231960339,2144.07070265885,2027.62515939214,1e+09,1176.12322951296,2221.49178954143,1535.32799505513,1619.10345558893,1830.74052044521,1695.72567406995,1592.97111882168,2474.57629167096,1323.58522906536,2007.41512226545,2048.77469368889,3352.12895963148,2966.40929601766,2077.70864143652,2374.31418839209,2257.1871471369,2336.82880562526,2129.77108112586,1521.51931321952,2174.97753788401
1412.61459273221,2499.91308484915,2952.93213650433,2571.27487554326,2456.372625967,2735.44513315475,2327.17422502055,576.887713424372,2276.58058721847,1761.08722404656,2025.05404688369,1985.08355960146,2007.04674962991,1522.77184486055,1301.29416585951,2789.29524265539,2129.59544012472,2505.44235832717,2272.90097529567,1456.30851185455,925.958445557899,1513.81907888625,2394.31715904556,1944.46993424943,2350.36652845891,1892.42706921561,2895.67947504554,890.736075670005,1432.49802994629,835.401031182031,1912.04267439302,1962.72336884239,1533.86629449897,1176.12322951296,1e+09,1647.74355674662,801.321756599682,1389.06364962157,1274.49082946877,1305.33933599658,1345.8783763773,1559.74364582774,590.152447423545,1222.94640279123,1403.95025592077,2677.78765745158,2020.13487888804,1511.2034559582,1506.98907985426,1343.45595700045,1514.73553322024,1351.4480114307,910.907778262981,1376.23515210883
1849.43744073705,2929.10180161086,3125.86638050957,2534.10135045937,2833.22679706373,2914.16106066566,2215.06736701167,1888.1871545215,2616.17735727148,2038.00407636982,2159.16643341823,2111.47818662661,2213.45468659288,1585.47624078698,1453.80348902457,2426.01408885027,2399.24111731189,3276.32558685794,2630.63157916497,1903.979961633,1971.75010543933,1904.29521261804,2354.79642820775,2404.68225917688,2858.27195338372,2171.30898687865,3157.2550221672,1618.27556290639,591.865223340584,1481.55344847899,2723.59889567095,2113.31960625931,1709.05761570522,2221.49178954143,1647.74355674662,1e+09,1582.25391754927,1638.01864571195,1916.75289028085,1747.02982101051,1297.13789768089,1775.0792686807,1431.77320522491,1572.69620699613,1792.01118068499,2384.23653147082,1962.42759048582,1851.23921260868,2537.76851016794,2214.64662129198,1178.64930458555,1111.78321412045,1902.15889091842,1948.23038332226
1157.85913150089,1990.73569717328,2374.11343612726,1923.2122383658,1905.8259870198,2137.19632053305,2007.47442643736,872.021912626053,1902.15052535282,1373.63958238688,1483.54384074081,1428.07735350716,1434.99887742116,1189.47109687457,1094.03081158622,2299.31073165416,1563.34551990275,2414.04666829372,1697.66693620981,804.290295540112,715.611893486966,1385.64787143055,1824.46285456843,1438.38476521409,1852.31119823317,1410.14248517659,2369.14787550292,808.582065532003,1535.34465459714,1125.5170634424,1588.18195081672,1578.01236484382,1109.48559657167,1535.32799505513,801.321756599682,1582.25391754927,1e+09,973.167435079904,1067.43850061725,920.602129532623,1238.08741872293,1858.56365306653,818.129296505143,716.019054983874,1003.86379569143,2214.11023189904,1594.22739115222,1083.04135087263,1686.44139815174,1396.77464481569,1261.83136813126,1116.81842902058,794.314099522349,1035.28311108605
1174.92372480089,1492.45188287596,2319.81020350804,1802.5385422509,1672.98402493867,1870.96021785606,2234.57161561226,1248.50984801883,1691.0532015877,1312.13178332056,1333.36289497646,1151.41141079112,1214.87880749481,672.62769300706,1581.70522392764,1571.28427975335,1099.04872553495,2109.96416443503,1668.57192239352,879.15824889493,1167.69177285789,1377.53454355962,1508.15076832524,1088.68974235087,1439.81026243044,1192.90341905789,1961.99862382724,1100.48499008392,1787.85986399941,1588.66052056442,1670.86899666012,1383.47534712405,1352.65627300508,1619.10345558893,1389.06364962157,1638.01864571195,973.167435079904,1e+09,987.851017664101,1260.30794903468,949.830563469085,2148.87437762192,1321.30290172239,959.233450313322,1359.91627882013,2176.34725503537,1899.44141736459,1073.91039933507,2138.53165370541,1869.99110278632,1310.20417733268,1301.51770464331,1168.78377615366,1300.24118401164
1390.01784535307,1936.1910124262,2787.30622013442,2482.08859197249,2253.37603271181,2314.48153120737,2411.49747580212,1246.48826889787,2314.29166988519,1966.63284613575,2041.45528190063,1781.18610493121,1777.24696815046,936.153471338968,1172.72488261314,2189.72188957867,1736.91975433524,2387.16708671597,2116.02890715132,1088.48828937201,853.580880116231,1787.86524128638,2253.14272262101,1674.54469220741,2028.58654296532,1131.69824896038,2294.23756917195,1224.83560182581,2049.22545231119,1830.69287077325,1817.41140155442,1784.49141908836,1652.6849296221,1830.74052044521,1274.49082946877,1916.75289028085,1067.43850061725,987.851017664101,1e+09,1115.99804663808,1329.77055366706,2005.77061193448,1454.81387118765,1069.4634675855,1702.41286693328,2514.41009272553,1856.62668792086,1090.43332785641,1830.8706368829,1510.76062498332,1380.70275541117,1351.29992237105,881.489239242318,982.310389286401
1113.35148219239,1943.51627240422,2256.65456295375,1999.29982961536,1879.51893720175,2101.11431892698,1667.46953822251,1359.62817674539,1917.99067364782,1413.48685080548,1737.90292516585,1515.53462609734,1436.08261374477,1324.82379371749,883.94605457573,2142.54545655396,1498.05224731983,2303.30237181313,1502.91616246549,908.197561547046,1217.27117496472,1227.31359712993,2056.92045675082,1405.6321635122,1942.32017159891,947.454146014466,2093.21140076677,971.73580195442,1842.67504034217,1491.55611272255,1813.77620824621,1619.37133292522,1593.2831859089,1695.72567406995,1305.33933599658,1747.02982101051,920.602129532623,1260.30794903468,1115.99804663808,1e+09,1261.06446223022,2311.7283316601,1273.49602720228,1249.71643023528,1541.63890506175,2564.94700703543,1959.91828814367,1142.08589571888,2199.38634625661,1786.40028333518,1560.56338881187,1408.80958276837,912.954735898774,1248.86043952077
1426.06795139643,2050.71688709095,2383.47876118081,1999.90084594212,2009.79411826187,2022.75186691299,2031.512216552,1421.30731472824,1663.32028842914,1312.0163953625,1446.22521779977,1391.59022373686,1540.62621878248,1036.14092048331,1486.35376128969,1802.71934041325,1600.84640562422,2314.87287069938,2043.43527372413,1269.5914731519,1419.6284572028,1028.02856915555,1753.72454493287,1512.3970444298,1953.3829198854,1530.60548708673,2392.43782422867,880.193312914839,1490.72153207767,1352.0761159417,1911.30800764817,1434.43393992195,1625.14431919138,1592.97111882168,1345.8783763773,1297.13789768089,1238.08741872293,949.830563469085,1329.77055366706,1261.06446223022,1e+09,1915.33945349121,1022.86774501888,1130.51887330553,1313.92715905411,2247.76408771027,1948.86987495317,1241.84804130779,2201.59133773732,1962.63433068924,1173.77628226166,1071.21216329913,1131.60463267875,1343.6451853447
2736.88046134646,3332.63613298842,3825.53740448319,3314.62677547563,3522.08645906088,3347.2307968827,3289.39082209761,1967.11298140193,3062.01941417751,2813.20571046626,2749.42316126492,2938.20822660682,3088.91721396026,2221.8883372933,1895.39732736965,3106.44088236039,3078.79613457923,3349.39550540094,3236.4241472959,2481.09948482523,1927.20846962647,2593.80955258862,3156.73140213101,2901.65398104254,3192.23640449764,2603.55673135809,3533.22908712413,2009.36280342799,1801.28056340482,1947.6693692719,2459.63766839752,2432.90598953186,2409.68212138033,2474.57629167096,1559.74364582774,1775.0792686807,1858.56365306653,2148.87437762192,2005.77061193448,2311.7283316601,1915.33945349121,1e+09,1477.11237537975,1691.47407281341,1776.83915535425,2316.06163762971,1774.32143153376,1812.74211287762,1244.36644309464,1213.41563913607,1293.04444954534,1803.18999084955,1821.89081511489,1765.53375034294
1534.19288728634,2398.7398186131,2640.80256577428,2234.85066897097,2276.42168431071,2423.02485965373,2198.41028172632,952.128499993567,1912.23677270886,1469.74707344495,1659.78816106153,1761.60948090092,1867.75153813349,1527.46497639062,1355.82312736581,2528.23066928237,1995.30742919481,2441.82867677075,2122.78183643539,1400.87072540617,1090.68618809445,1232.44294220869,2125.38094601885,1786.21647982544,2213.00372686085,1849.92334330372,2754.32673036443,770.965282032855,1295.0277623279,715.209055381712,1735.32789820829,1650.17281252601,1475.58416357726,1323.58522906536,590.152447423545,1431.77320522491,818.129296505143,1321.30290172239,1454.81387118765,1273.49602720228,1022.86774501888,1477.11237537975,1e+09,1040.45386139896,995.485614210472,2354.83585729452,1826.12486979943,1338.84808701361,1580.1749277849,1423.56002311107,1260.563963153,1190.55452491686,882.880228513472,1291.9445016331
1598.64310748209,1972.30874426394,2317.38960615172,1870.05225223789,2018.54811701381,1870.84866410942,2283.78506797378,1370.0089261753,1890.12235593361,1593.50389883426,1365.10013482528,1407.19513810274,1567.72469276337,1140.8691558632,1261.69671878784,2093.21551995966,1674.02414943752,2584.32799814575,1956.51976289533,922.924142928334,809.399324190476,1616.65762222556,1726.76631180945,1570.53056541412,1913.18132329374,1462.62984914161,2370.64815097053,1094.0103761848,1697.47247550586,1531.39325138907,1489.65253404947,1382.10250339836,1165.81969853833,2007.41512226545,1222.94640279123,1572.69620699613,716.019054983874,959.233450313322,1069.4634675855,1249.71643023528,1130.51887330553,1691.47407281341,1040.45386139896,1e+09,768.382869668501,1780.78442257899,1172.78304890547,892.958951464176,1624.64874871463,1394.09473555422,815.063218713739,899.82856917304,888.499573550826,730.283492761544
