1e+09,2187.64750332406,1258.4646118187,1881.22379498028,2400.89921179545,2741.1620294138,1868.74867713666,2340.25326877242,1381.41464969791,1944.39854998917,1633.6909425286,1460.64776441824,1967.4131779827,1553.22650502108,1823.03349629128,1766.54815637729,1726.22737230644,1859.64433583414,1281.18059332008,2714.4680599705,1891.83866143495,1789.15687979003,1660.39937042267,1790.26294990429,2306.15052505252,1951.95721856295,1849.45613338084,1915.78379435154,1607.91452241716,1794.43759420605,719.370330080411,1870.88754186349,2293.20951716148,2228.91351590859,1776.64266742077,2142.01120617984,2128.95861025996,1773.41575661208,1878.46716204995,1739.75164652889,1508.44041433528,1265.87961418138,1260.28296993175,1980.34252802388,1465.28486462531,1571.54879574259,1854.8280134557,1306.93668331714,1280.08301449554,1968.5166640392,1550.05662551405,1166.89545401463,1574.48986757616,1519.65374036324
2187.64750332406,1e+09,1052.094825194,1207.19886994646,1784.30023785236,1886.71113440823,2082.06529727096,2853.77827404303,2354.09896971219,1912.00599664332,1940.89173394602,2793.54862816096,3023.49846351871,2341.77167941283,1969.24632176881,2806.30179125482,1687.59912405168,1569.98064777882,2579.80084818577,2878.70874577474,2330.96647670017,2850.94598480925,2592.17108951165,1579.92035571417,1546.80555455429,1431.50944247672,1579.01049917345,2194.54320415434,2248.23612985825,1736.77107187447,2085.71529025416,2993.54101440084,2923.12222306903,2901.0710943374,1959.68797768931,3039.61625054874,2499.19303572173,2491.32373725295,2650.05541215651,2603.24540118676,2442.11056993741,2635.39093767889,2388.67024314785,3007.54629425716,3109.19480684308,2644.6832408816,2522.72991156406,2875.57439444713,2371.50539265674,2305.90478077478,2692.58069158568,2439.77493507086,2169.33665208976,2620.20385405411
1258.4646118187,1052.094825194,1e+09,1367.06627140018,1772.6150095833,2000.42248255212,1665.23464757973,2286.24277932157,1441.57311247123,1428.76739863422,1240.33919630882,1956.21586776613,2245.21941246284,1697.72465450084,1525.76905631226,1989.46991301703,1225.3695512375,1121.92999139875,1636.23386076074,2525.91682365038,1645.52810589792,2059.85191004111,1742.48718781516,1306.38749787343,1670.07384315784,1243.37022495313,1289.15598307575,1563.75703442063,1595.16299154663,1202.56187171388,1116.15304909318,2110.15862898977,2324.96508029691,2177.30196252151,1495.65621795251,2498.55668516846,1899.64295676846,1795.2453936997,1952.61119537403,1952.47312462938,1761.38873375527,1713.66052116515,1601.86822195211,2277.5268084701,2189.19888504905,1769.67229915598,1847.27473205801,1970.3493808967,1560.12302649503,1831.16796995797,1897.77331114651,1763.31104334998,1771.33327188872,1878.24390636573
1881.22379498028,1207.19886994646,1367.06627140018,1e+09,1400.72911856647,1697.85314921521,2024.11458586217,3151.89856489704,2424.52269533614,2218.33658591297,2273.72781249208,2693.74224949233,3109.63583316439,2181.91052431121,2096.00200882537,2840.87931352249,1964.67046180778,1823.87894570884,2564.86490024329,3236.68835673131,2590.20136535753,2883.47560424915,2859.60627393003,1895.80093670195,1658.9313900219,1559.09553296134,1818.14466665884,2516.81861712361,2562.72529066227,2098.1166843386,2099.36215503662,3007.40778596784,3122.44882235082,3142.31064460534,2269.44485460652,2841.88301511515,2692.9644666798,2609.02144579151,2785.92793627186,2684.58394411499,2392.71853087654,2534.73777973186,2162.34720794326,2986.4384430455,2902.57082361482,2675.49394643307,2627.76044515097,2706.04619554065,2291.31104344216,2580.09478597202,2622.24857740451,2103.21923041798,1942.70906213463,2401.8929267559
2400.89921179545,1784.30023785236,1772.6150095833,1400.72911856647,1e+09,1612.7507238566,2633.53073653983,3340.08001502958,2435.69431427673,2209.9567936048,2206.66719790276,2905.9889609047,3252.56063585293,2547.53988696939,2330.87174216,3019.51437261027,2500.04854046877,1625.67431190875,2618.00465131367,3654.81248350719,2412.36949908176,2835.24507750212,2903.21074644952,2540.22947857078,2144.9030458741,1946.62246188109,2454.32010302242,2605.97751937733,3157.67537682391,2245.70866478713,2458.6932002997,2951.0744881314,3193.73606545688,3106.06095564784,2743.8200365731,3492.25915473065,2710.65386514029,2785.51775072427,2931.4731048229,3073.34357259321,2784.72141450451,2580.35928645606,2490.71295437672,2942.17074213921,3060.93962732034,2692.15660042279,2824.27514649334,2860.59097296345,2571.01721623952,3163.41456394827,2757.74111564157,2674.25343664358,2686.25413419877,2599.02291121106
2741.1620294138,1886.71113440823,2000.42248255212,1697.85314921521,1612.7507238566,1e+09,2135.04980607011,3614.58504759537,2628.87535526126,2502.73945521702,2811.6975408461,3293.23152784617,3512.12374332113,2639.27332892976,2643.82346405731,2995.69209988276,2099.37913812632,1965.2230727579,2926.88905317574,3604.42534122986,2929.34375357349,3484.4815116456,3344.8764778987,2535.18777700982,2206.45418699324,1541.34214618299,1959.66035368377,2617.03002902145,3093.99099353893,2262.63888868728,2780.31911695402,2995.62810084964,3657.1109951299,3230.73024186483,2881.99689128909,3314.97364322856,2773.68682624769,3009.26761423772,3214.23624564219,3388.33899199888,3062.69678481237,3001.53215196839,2564.04031766273,3626.41858626386,3389.55480873226,2909.23908981369,2852.27974381897,3325.07117525325,2780.3461882111,3009.93307997038,3177.57663640077,3081.7381138734,3073.19500813079,2922.41281435392
1868.74867713666,2082.06529727096,1665.23464757973,2024.11458586217,2633.53073653983,2135.04980607011,1e+09,2231.25225425096,1572.52595453938,1663.19602293296,2045.62975775188,2234.83881629079,3072.08194008558,1337.4279439282,1842.90439727621,1691.99150769145,1285.32780542553,1992.82171603483,2169.23497256521,2582.21710247221,2252.04916189678,2515.58041747824,2522.46761398437,1251.43154726897,1737.88971891199,1717.2574383592,1569.05461479198,1658.36334390266,1699.17276099283,1716.01278899663,1859.70338659153,2428.20965528103,2932.55612783456,2037.42363736656,1574.09631528696,1459.72245844887,2119.63621296203,1962.52729502038,2213.50661697678,1999.06637981334,1781.67975727963,2104.00883660217,1560.02013288291,2854.68670554231,2507.20656261107,1790.89212815848,1856.58490718846,2276.88220808631,1574.80478094905,1755.9324104589,2221.15947820052,1978.59697515689,2268.76691046039,1991.80588278577
2340.25326877242,2853.77827404303,2286.24277932157,3151.89856489704,3340.08001502958,3614.58504759537,2231.25225425096,1e+09,1734.42423991364,1284.71773779301,1640.75801351083,1834.5063650203,2866.0017943993,1756.53874910291,1469.38496827754,1455.16763639108,2240.44356485496,2338.42853989597,2028.78386751768,1971.14021398783,1373.62443509862,1652.37557749441,1880.44176806941,1819.73530272949,2100.14231793943,2879.79774805454,2546.65177024657,1498.36267375425,1569.62419674265,1817.84507505453,2005.17679469916,2301.17728636887,1934.11308960981,1552.16332684418,1489.97386906617,1924.00746677345,2764.20920735027,1965.46054541932,1896.20123017047,1215.98520188364,1500.06515045181,1853.99089404452,1999.83391147865,1793.23300273556,2123.4728662971,1770.46581672734,1666.99040330171,1713.05591700913,1585.77592874908,1650.2983246068,2131.34866774538,1989.72767674373,2372.51864500577,1996.17919816834
1381.41464969791,2354.09896971219,1441.57311247123,2424.52269533614,2435.69431427673,2628.87535526126,1572.52595453938,1734.42423991364,1e+09,1182.02956756589,1074.16118636823,1366.01444476257,2138.22245365163,1184.4326730127,1540.69562172416,1196.12736980641,1512.33325775108,1452.82230530784,1008.4945907143,2406.30801461492,1199.55537266939,1296.47689493488,1340.7705991332,1578.68725433507,2201.89305689445,1926.79158621269,1908.66987263382,1020.4324848318,1514.27165264361,1345.92665814301,1023.45273891861,1436.89865853511,2040.43144418037,1038.20056260821,1429.35251351792,1966.25688977814,1438.59943319883,1176.3270780697,1355.30757959218,1478.01231030056,1304.19364068378,910.471643710006,1117.81100920504,1830.85635517918,1584.73397966346,588.088313265958,1292.99453699542,1283.96533177497,902.572474652313,1789.82088941883,1237.70942668302,1659.43524730554,2175.76800769292,1304.71970468756
1944.39854998917,1912.00599664332,1428.76739863422,2218.33658591297,2209.9567936048,2502.73945521702,1663.19602293296,1284.71773779301,1182.02956756589,1e+09,1053.85902591381,1794.32219985709,2540.3498871809,1318.99260820522,813.874361557114,1487.30350755991,1511.48563271372,1181.60405356448,1606.76522046626,2070.81882307458,835.954757208786,1532.49237985055,1751.40465378507,1193.63634813958,1376.14025288122,1838.85698576589,1804.06914299314,858.936630200389,1573.69827082576,942.900085427931,1568.85834268107,1950.51499120104,1885.21840198954,1328.25746389772,1050.29687150824,2024.17981261547,2011.55232261058,1526.59544071113,1489.57272138691,1392.65856605271,1315.9098711538,1515.033838698,1489.63987376144,1751.11211140235,2064.79993507846,1324.0029796039,1259.09266064893,1734.56690882768,1250.7980075136,1558.06306881333,1679.87621921974,1761.19331505658,2063.53787653631,1573.27699226805
1633.6909425286,1940.89173394602,1240.33919630882,2273.72781249208,2206.66719790276,2811.6975408461,2045.62975775188,1640.75801351083,1074.16118636823,1053.85902591381,1e+09,1575.50330872391,2453.11385597978,1591.94873661183,1537.12085650413,1842.93930282579,1846.05779963684,1463.575997241,1571.99469700123,2437.24232174398,1115.78320564525,1285.67782752912,1200.79776565415,1548.14797616378,1983.92404408536,2176.87038442807,2159.13791352012,1344.26548144331,1717.52515425539,1514.83690607273,1259.15614603591,2140.36588166603,1971.15953395457,1545.60638051866,1476.1194156978,2505.83584608011,1761.85954556542,1439.88316779522,1744.18892027211,1542.5692867745,1551.00166263612,1383.18830775133,1748.22514225142,1889.64257789668,2127.82170108306,1424.01400923586,1817.42904532749,1596.46178905103,1357.40862907969,2015.19877801174,1678.94589996224,1848.89067353914,2054.46791179614,1735.30787922489
1460.64776441824,2793.54862816096,1956.21586776613,2693.74224949233,2905.9889609047,3293.23152784617,2234.83881629079,1834.5063650203,1366.01444476257,1794.32219985709,1575.50330872391,1e+09,2032.57274649642,1109.66297288862,1782.86785486194,1891.52551204048,1914.93192166197,2189.30803175341,1322.51417436638,1888.9655451331,1696.5886221474,957.977344199747,1024.34561257419,1951.95931143556,2306.04704615929,2603.73289590157,2199.43024785966,1506.73219876659,1518.86730490191,2002.75424233729,1167.97470165239,1789.99300283549,1394.97042767938,1573.22249942594,1847.6180748737,1975.32093070974,1959.30340828061,1048.24195236596,1712.21169532275,1008.81096995423,970.368198932756,770.186623682858,1145.46812299601,1799.65232220004,1389.6140883713,1573.85695261672,1558.3947159818,613.856893990774,760.267697130426,1691.16037616188,1427.23530862994,1208.14210476252,1483.41748270674,913.304682293921
1967.4131779827,3023.49846351871,2245.21941246284,3109.63583316439,3252.56063585293,3512.12374332113,3072.08194008558,2866.0017943993,2138.22245365163,2540.3498871809,2453.11385597978,2032.57274649642,1e+09,2453.70097644354,2215.28874932818,2437.79092809453,2144.2755972589,2101.25896769056,1215.65496272585,2515.09259056203,2040.53457182181,2042.19142325101,1785.78422716744,2612.28210465486,3141.42138206577,2339.62751334481,2175.47333713838,2087.660009149,2006.05087425519,1961.85940841845,1556.46156460736,1323.78916946771,1716.9340341143,2361.11847879347,2302.70087862058,3034.24014941138,2421.38617719273,2071.62080070171,1634.35050787767,2252.41567755599,2070.71810087708,1645.96660145338,1840.87254909187,1853.59858151651,1434.53410980708,2016.0068456977,1746.69009174496,1899.34554099563,2036.05437881703,2140.17467079208,1614.13525164405,2062.2780960627,2311.16159820122,1887.76946661927
1553.22650502108,2341.77167941283,1697.72465450084,2181.91052431121,2547.53988696939,2639.27332892976,1337.4279439282,1756.53874910291,1184.4326730127,1318.99260820522,1591.94873661183,1109.66297288862,2453.70097644354,1e+09,1349.60456523383,1663.04642042849,1347.75159506491,1813.24844439476,1532.30981377788,1848.8106768677,1682.24203365628,1436.92442403907,1719.8648534696,1242.30871690575,1611.6599735366,2018.06953834599,1702.16661252652,1130.6338042001,1394.02644340055,1602.23801022195,1332.34032668084,1943.31810972882,1867.49400264097,1391.58428645196,1329.39932984788,1260.62185579182,1724.76170594665,982.184978351838,1566.17607158327,1007.78701435373,713.127856208128,1147.940491881,753.600766453963,2070.74210523667,1774.46423007059,1370.27521538558,1237.77787134849,1282.98334638451,525.609265424422,1354.45927140686,1417.3204125391,1123.41319482192,1471.98067894929,817.692829673833
1823.03349629128,1969.24632176881,1525.76905631226,2096.00200882537,2330.87174216,2643.82346405731,1842.90439727621,1469.38496827754,1540.69562172416,813.874361557114,1537.12085650413,1782.86785486194,2215.28874932818,1349.60456523383,1e+09,1589.61457749984,1467.93185723997,1241.18247127487,1488.21695390827,1883.08407937617,994.377025830746,1600.28199455596,1918.78918724804,1189.65978178637,1283.34009950597,1719.73522680092,1610.82863983107,1107.92700621476,1448.01908412838,851.587101651968,1499.05337456676,1838.57206573471,1627.63457833753,1687.11473036068,916.85879507152,1859.25918671927,2320.43777611036,1661.0440045947,1281.94451490694,1256.68284829546,1084.31208339666,1496.1127501629,1285.17838493339,1411.53052744176,1754.24037363755,1501.64045097353,991.848578513878,1634.57381264965,1253.12122406414,1269.4226899658,1514.3105118502,1333.74138992535,1666.80049721015,1369.7929918057
1766.54815637729,2806.30179125482,1989.46991301703,2840.87931352249,3019.51437261027,2995.69209988276,1691.99150769145,1455.16763639108,1196.12736980641,1487.30350755991,1842.93930282579,1891.52551204048,2437.79092809453,1663.04642042849,1589.61457749984,1e+09,1891.68597814225,2007.46705312939,1440.73913797745,2553.902716119,1449.64177543971,1926.85157038626,2026.69179894231,1937.93900167162,2367.19512330522,2298.95262163012,2154.43409866721,1484.00788613134,1590.55911521704,1505.81647809419,1635.93781098182,1483.66215092925,2384.64420733995,1581.88279938812,1644.18977332302,1726.44725914231,2531.61165303844,2047.72755604841,1734.97825009422,1722.30781104888,1638.15259496788,1550.41331470031,1501.31553968511,1802.42955393547,1509.0947362906,1138.06320747136,1388.69549048739,1557.2997123868,1420.82563279243,1779.41634605283,1855.74215021915,1888.23468832664,2555.32556127394,1836.02512983891
1726.22737230644,1687.59912405168,1225.3695512375,1964.67046180778,2500.04854046877,2099.37913812632,1285.32780542553,2240.44356485496,1512.33325775108,1511.48563271372,1846.05779963684,1914.93192166197,2144.2755972589,1347.75159506491,1467.93185723997,1891.68597814225,1e+09,1413.14466941641,1640.74088923267,1833.32297599196,1867.526699943,2181.06660118393,1933.89743130291,1045.56988513442,1626.66603016723,1099.72631786277,531.826986528514,1102.71540870707,1145.44589261126,1064.28240500348,1376.13563223252,1864.32347831593,2137.09625550652,1813.2506615744,1268.33915148906,1923.81598031101,1682.72708835984,1466.8897963719,1672.62765007637,1734.29238327913,1487.53277210958,1736.6546657007,1227.47072698293,2476.89853009767,2146.39329662576,1702.08324276458,1288.42152745132,2051.7719902806,1356.88744430037,1086.81281143535,1794.95322902855,1762.18844823702,1785.90021736938,1614.23339015769
1859.64433583414,1569.98064777882,1121.92999139875,1823.87894570884,1625.67431190875,1965.2230727579,1992.82171603483,2338.42853989597,1452.82230530784,1181.60405356448,1463.575997241,2189.30803175341,2101.25896769056,1813.24844439476,1241.18247127487,2007.46705312939,1413.14466941641,1e+09,1468.31409960539,2569.38270991303,1238.2990635949,1946.52136322723,1983.37785479721,1561.05725282579,1785.8652616589,1065.61924386715,1515.4115335776,1320.6916629933,1973.15068203115,811.524390576155,1510.58326245196,1785.2087035134,2134.96050230443,1893.03247299142,1498.85080294871,2649.44342762777,1830.89877901538,1790.24354292929,1526.21757534763,2081.55145394007,1809.63124674614,1670.36881562127,1578.27479879139,1949.23771554421,2123.90942243308,1527.79624374456,1483.26566646033,2104.89549194253,1682.29990108779,1975.06502338531,1623.03728549285,1976.73373042502,2192.24007446721,1752.08250313734
1281.18059332008,2579.80084818577,1636.23386076074,2564.86490024329,2618.00465131367,2926.88905317574,2169.23497256521,2028.78386751768,1008.4945907143,1606.76522046626,1571.99469700123,1322.51417436638,1215.65496272585,1532.30981377788,1488.21695390827,1440.73913797745,1640.74088923267,1468.31409960539,1e+09,2311.82958093801,1187.15911182958,1237.40640599603,1287.31162381142,1912.27995102705,2466.47691420374,1925.963609002,1868.29163799445,1285.55756611674,1521.94227870179,1319.50466835097,835.732209323058,803.005328873975,1585.49969627875,1454.0008762377,1592.25965577226,2213.39670739341,1816.1472627791,1369.96244047054,1008.60386049231,1527.98625186878,1284.72014536241,650.019064412729,986.678012322156,1291.20269051764,844.348562502477,885.135918319893,1044.3349679102,1057.51420902984,1081.65349225156,1723.89312316628,863.750315658408,1419.49895530078,1986.32791894994,1109.02532536457
2714.4680599705,2878.70874577474,2525.91682365038,3236.68835673131,3654.81248350719,3604.42534122986,2582.21710247221,1971.14021398783,2406.30801461492,2070.81882307458,2437.24232174398,1888.9655451331,2515.09259056203,1848.8106768677,1883.08407937617,2553.902716119,1833.32297599196,2569.38270991303,2311.82958093801,1e+09,2227.37267997522,2148.27395396863,2015.12144232054,1923.37108624415,2119.24454936187,2746.79745756763,2007.11187548178,1592.30292278197,1457.34414844264,2060.95897273575,2220.91431451103,2455.43698736091,1417.29381414017,2011.94734742239,1861.62940568202,2212.97021746792,2592.1211767971,1728.6487867696,2081.91775017651,1464.28712416657,1598.46136155992,2155.85546686229,1980.73295229317,2542.95792963627,2468.73643905136,2495.74729954777,1669.54863819537,2178.91562507592,1804.43819888629,1061.90952119284,2326.9007733249,2116.92678598009,1904.92857060311,1904.45748668748
1891.83866143495,2330.96647670017,1645.52810589792,2590.20136535753,2412.36949908176,2929.34375357349,2252.04916189678,1373.62443509862,1199.55537266939,835.954757208786,1115.78320564525,1696.5886221474,2040.53457182181,1682.24203365628,994.377025830746,1449.64177543971,1867.526699943,1238.2990635949,1187.15911182958,2227.37267997522,1e+09,1204.35162739127,1466.53669282429,1745.76646379176,2012.95967125524,2099.97460875126,2108.99099149333,1079.96637410616,1704.86220888962,1050.25771408736,1441.21580101663,1522.98722115453,1543.66291926055,1339.68466069445,1360.7552568335,2387.04531329005,2162.08465738509,1627.63913184096,1232.90599868765,1472.6538283996,1419.46198825471,1241.07977443031,1556.5421152028,1103.25713557629,1620.37254543515,1168.20609144962,1197.46299992943,1464.51682369988,1362.56799415662,1783.14089148895,1429.38099791483,1776.10653422029,2207.58584421988,1544.48100049823
1789.15687979003,2850.94598480925,2059.85191004111,2883.47560424915,2835.24507750212,3484.4815116456,2515.58041747824,1652.37557749441,1296.47689493488,1532.49237985055,1285.67782752912,957.977344199747,2042.19142325101,1436.92442403907,1600.28199455596,1926.85157038626,2181.06660118393,1946.52136322723,1237.40640599603,2148.27395396863,1204.35162739127,1e+09,1076.13071204199,1986.68356436046,2430.18902085825,2663.55253115083,2512.66854248625,1432.1354884228,1799.58707905453,1883.85017360723,1336.97275824902,1812.24698399528,1245.45049893603,1271.92390255864,1682.09010329411,2278.93468157822,1908.2140287452,1101.63614360641,1299.49425046824,1072.88780396647,1088.91567602822,790.412419879647,1448.68477848012,1291.82685457456,1501.52462950163,1298.62397956452,1490.38607964514,917.655004617748,1079.22095314166,1958.01432826729,1083.13986197536,1455.17529043755,1892.38898215985,1076.92445682137
1660.39937042267,2592.17108951165,1742.48718781516,2859.60627393003,2903.21074644952,3344.8764778987,2522.46761398437,1880.44176806941,1340.7705991332,1751.40465378507,1200.79776565415,1024.34561257419,1785.78422716744,1719.8648534696,1918.78918724804,2026.69179894231,1933.89743130291,1983.37785479721,1287.31162381142,2015.12144232054,1466.53669282429,1076.13071204199,1e+09,2038.62622545184,2540.65364347445,2548.01732074176,2219.81044902487,1440.5491341846,1515.92762106243,1844.25948797885,1115.74805547668,1753.44594190982,1365.40194093168,1544.26024992551,1869.14420529824,2621.95710249043,1795.68334973068,1206.12024222297,1705.57278478522,1424.60631491651,1495.78643278377,1072.17785935916,1657.06568946436,1849.36528538848,1711.8112237043,1610.36756459511,1728.63228114021,1210.51024171628,1288.64972288826,1855.09972661849,1584.86378720696,1819.19008003562,1938.50105215344,1543.62997609531
1790.26294990429,1579.92035571417,1306.38749787343,1895.80093670195,2540.22947857078,2535.18777700982,1251.43154726897,1819.73530272949,1578.68725433507,1193.63634813958,1548.14797616378,1951.95931143556,2612.28210465486,1242.30871690575,1189.65978178637,1937.93900167162,1045.56988513442,1561.05725282579,1912.27995102705,1923.37108624415,1745.76646379176,1986.68356436046,2038.62622545184,1e+09,1289.43098132471,1573.38923947636,1350.6574390644,1253.46853933396,1181.12242760859,1261.84019618175,1485.44985980679,2389.85014013431,2188.5550276381,1789.90993170048,646.731686791362,1665.82142320238,1886.28448442964,1488.20002761726,1614.15015407489,1376.02873407498,1250.1395062952,1848.49213062972,1480.12657110803,2323.54144208792,2360.09135422763,1708.00133594796,1487.11188667834,2056.16450518921,1359.53771959442,1191.70913842263,1749.55825793256,1546.67316851363,1617.18428124317,1675.48501133254
2306.15052505252,1546.80555455429,1670.07384315784,1658.9313900219,2144.9030458741,2206.45418699324,1737.88971891199,2100.14231793943,2201.89305689445,1376.14025288122,1983.92404408536,2306.04704615929,3141.42138206577,1611.6599735366,1283.34009950597,2367.19512330522,1626.66603016723,1785.8652616589,2466.47691420374,2119.24454936187,2012.95967125524,2430.18902085825,2540.65364347445,1289.43098132471,1e+09,1880.06334906566,1637.51406433655,1746.09135852051,1975.12987780551,1613.06995989015,2170.09805248519,2784.53620750386,2404.85422252576,2433.68626203132,1620.36967723418,2152.26834646612,2666.84654702891,2154.58875101491,2378.0252913079,1902.19928141086,1769.54405336516,2310.88460382599,1904.00174781958,2588.92856477347,2740.97752692356,2419.29833327765,1968.93271015035,2392.05485748132,1829.49582912889,1708.34587065969,2479.7648024964,1919.94657639217,1743.71623227519,2032.94518332394
1951.95721856295,1431.50944247672,1243.37022495313,1559.09553296134,1946.62246188109,1541.34214618299,1717.2574383592,2879.79774805454,1926.79158621269,1838.85698576589,2176.87038442807,2603.73289590157,2339.62751334481,2018.06953834599,1719.73522680092,2298.95262163012,1099.72631786277,1065.61924386715,1925.963609002,2746.79745756763,2099.97460875126,2663.55253115083,2548.01732074176,1573.38923947636,1880.06334906566,1e+09,971.248611530539,1770.20202858318,2027.89350723848,1198.14391639736,1784.07654137932,2130.5112758209,2710.5519275417,2439.04406206612,1743.61077617684,2591.28992038714,2060.46970249504,2171.68765569545,1992.77730175752,2476.73437249536,2140.67186081847,2189.62191149522,1724.02318366082,2656.6662667712,2479.82426324931,2015.68907530403,1804.38676408358,2582.68473207629,2018.62476659235,1980.6445609195,2074.17984953089,2170.14104594609,2264.83561580085,2110.33202262109
1849.45613338084,1579.01049917345,1289.15598307575,1818.14466665884,2454.32010302242,1959.66035368377,1569.05461479198,2546.65177024657,1908.66987263382,1804.06914299314,2159.13791352012,2199.43024785966,2175.47333713838,1702.16661252652,1610.82863983107,2154.43409866721,531.826986528514,1515.4115335776,1868.29163799445,2007.11187548178,2108.99099149333,2512.66854248625,2219.81044902487,1350.6574390644,1637.51406433655,971.248611530539,1e+09,1502.65930090623,1423.41309011123,1202.09397577727,1609.21151192129,2021.23492434699,2310.1710831235,2277.90586945554,1586.23549071378,2211.63642764809,2099.47670334776,1889.99484271783,1984.26890763324,2059.43784307757,1798.19242638267,2029.73525064231,1481.48128142073,2635.36780708121,2290.50611987831,2084.81121838405,1562.43993855764,2298.05809841701,1702.12234580831,1289.05826024273,2104.56856367285,1912.67201953184,1813.92850680505,1885.20123660579
1915.78379435154,2194.54320415434,1563.75703442063,2516.81861712361,2605.97751937733,2617.03002902145,1658.36334390266,1498.36267375425,1020.4324848318,858.936630200389,1344.26548144331,1506.73219876659,2087.660009149,1130.6338042001,1107.92700621476,1484.00788613134,1102.71540870707,1320.6916629933,1285.55756611674,1592.30292278197,1079.96637410616,1432.1354884228,1440.5491341846,1253.46853933396,1746.09135852051,1770.20202858318,1502.65930090623,1e+09,1194.25128867421,921.372888248835,1365.76066794296,1506.99599534969,1549.22763688878,866.40032069477,1082.9018950025,1886.90143592611,1572.06637471196,1023.45514493797,1167.11533406086,1233.33010200027,1113.56948947966,1241.32076245425,1152.93194777489,1862.70485745864,1825.75575014841,1138.20112963395,782.706721064793,1583.79096256419,978.858955570209,1141.90924582473,1408.7892407312,1730.02483487955,2000.0833835618,1267.44058681265
1607.91452241716,2248.23612985825,1595.16299154663,2562.72529066227,3157.67537682391,3093.99099353893,1699.17276099283,1569.62419674265,1514.27165264361,1573.69827082576,1717.52515425539,1518.86730490191,2006.05087425519,1394.02644340055,1448.01908412838,1590.55911521704,1145.44589261126,1973.15068203115,1521.94227870179,1457.34414844264,1704.86220888962,1799.58707905453,1515.92762106243,1181.12242760859,1975.12987780551,2027.89350723848,1423.41309011123,1194.25128867421,1e+09,1381.10586896878,1181.90496149225,1864.42064709121,1744.51450799356,1643.12254028724,1043.46795767767,1649.49668323401,2084.5642648285,1420.67041357241,1506.70428024214,1092.37622767982,1129.14780927919,1546.17789700927,1353.82361181212,2070.8077786941,1794.54952968705,1619.20399820406,1242.78571696813,1603.72939269691,1179.61969371489,654.443568537426,1680.74898890346,1478.30348352427,1631.27683790949,1586.07791454266
1794.43759420605,1736.77107187447,1202.56187171388,2098.1166843386,2245.70866478713,2262.63888868728,1716.01278899663,1817.84507505453,1345.92665814301,942.900085427931,1514.83690607273,2002.75424233729,1961.85940841845,1602.23801022195,851.587101651968,1505.81647809419,1064.28240500348,811.524390576155,1319.50466835097,2060.95897273575,1050.25771408736,1883.85017360723,1844.25948797885,1261.84019618175,1613.06995989015,1198.14391639736,1202.09397577727,921.372888248835,1381.10586896878,1e+09,1382.18992613172,1518.44566376278,1885.2671317084,1633.36691545409,1066.08261480994,2181.01856839872,2023.64943547542,1695.64190662416,1299.28033326146,1695.23516896624,1493.62488513683,1574.69781751929,1361.17500924753,1764.96148637867,1850.29991990488,1369.74012838202,993.003984080628,1891.43763415556,1430.65933425816,1334.94752245173,1597.07538726261,1777.27186116812,2049.47547728681,1642.82093701657
719.370330080411,2085.71529025416,1116.15304909318,2099.36215503662,2458.6932002997,2780.31911695402,1859.70338659153,2005.17679469916,1023.45273891861,1568.85834268107,1259.15614603591,1167.97470165239,1556.46156460736,1332.34032668084,1499.05337456676,1635.93781098182,1376.13563223252,1510.58326245196,835.732209323058,2220.91431451103,1441.21580101663,1336.97275824902,1115.74805547668,1485.44985980679,2170.09805248519,1784.07654137932,1609.21151192129,1365.76066794296,1181.90496149225,1382.18992613172,1e+09,1519.76499962988,1748.94151840477,1687.49151826017,1360.87089273744,2084.91898135155,1663.65662767291,1225.98650808237,1331.45485988072,1344.06889220754,1144.39529071034,867.388549843725,1023.81109102217,1689.95553417834,1323.37756044902,1194.97208327224,1379.908679406,1117.0607160759,942.735070526179,1557.38633132566,1099.47680116499,1142.32693148678,1496.11942100221,1198.11930491083
1870.88754186349,2993.54101440084,2110.15862898977,3007.40778596784,2951.0744881314,2995.62810084964,2428.20965528103,2301.17728636887,1436.89865853511,1950.51499120104,2140.36588166603,1789.99300283549,1323.78916946771,1943.31810972882,1838.57206573471,1483.66215092925,1864.32347831593,1785.2087035134,803.005328873975,2455.43698736091,1522.98722115453,1812.24698399528,1753.44594190982,2389.85014013431,2784.53620750386,2130.5112758209,2021.23492434699,1506.99599534969,1864.42064709121,1518.44566376278,1519.76499962988,1e+09,1865.65447119771,1677.99495657764,2072.62366521277,2467.98357998995,2228.29236557953,1859.50124611413,1452.30307374184,2021.41451966191,1796.4434235177,1234.94449960312,1352.07719239694,1651.52376077367,1035.4238432642,1293.61051236452,1182.26386361083,1526.40780124448,1556.56892436538,1936.11478386484,1504.18578859129,1998.80299982264,2527.72154866789,1566.693898469
2293.20951716148,2923.12222306903,2324.96508029691,3122.44882235082,3193.73606545688,3657.1109951299,2932.55612783456,1934.11308960981,2040.43144418037,1885.21840198954,1971.15953395457,1394.97042767938,1716.9340341143,1867.49400264097,1627.63457833753,2384.64420733995,2137.09625550652,2134.96050230443,1585.49969627875,1417.29381414017,1543.66291926055,1245.45049893603,1365.40194093168,2188.5550276381,2404.85422252576,2710.5519275417,2310.1710831235,1549.22763688878,1744.51450799356,1885.2671317084,1748.94151840477,1865.65447119771,1e+09,1787.60316222589,1889.69678057089,2590.91788179402,2392.59375210252,1489.90745283054,1528.10302574794,1318.72468347263,1375.14734861396,1430.56398409858,1726.80381621654,1521.14586673994,1719.35806645969,2027.58207572468,1449.26939369463,1488.61522577193,1555.06397141725,1635.38870669942,1625.63597305793,1738.13625628142,1782.71750221397,1407.63747328636
2228.91351590859,2901.0710943374,2177.30196252151,3142.31064460534,3106.06095564784,3230.73024186483,2037.42363736656,1552.16332684418,1038.20056260821,1328.25746389772,1545.60638051866,1573.22249942594,2361.11847879347,1391.58428645196,1687.11473036068,1581.88279938812,1813.2506615744,1893.03247299142,1454.0008762377,2011.94734742239,1339.68466069445,1271.92390255864,1544.26024992551,1789.90993170048,2433.68626203132,2439.04406206612,2277.90586945554,866.40032069477,1643.12254028724,1633.36691545409,1687.49151826017,1677.99495657764,1787.60316222589,1e+09,1502.54562775977,1994.12098985994,1561.72217016984,1068.94252474116,1225.44235927276,1373.45238650635,1354.05324348786,1290.55676411385,1493.09313510578,1952.22532518662,1930.54083404107,983.67090767187,1179.97129316776,1622.59384381921,1212.57821916774,1723.67634490933,1383.22249500939,2033.98653545199,2490.89505806648,1439.44649973523
1776.64266742077,1959.68797768931,1495.65621795251,2269.44485460652,2743.8200365731,2881.99689128909,1574.09631528696,1489.97386906617,1429.35251351792,1050.29687150824,1476.1194156978,1847.6180748737,2302.70087862058,1329.39932984788,916.85879507152,1644.18977332302,1268.33915148906,1498.85080294871,1592.25965577226,1861.62940568202,1360.7552568335,1682.09010329411,1869.14420529824,646.731686791362,1620.36967723418,1743.61077617684,1586.23549071378,1082.9018950025,1043.46795767767,1066.08261480994,1360.87089273744,2072.62366521277,1889.69678057089,1502.54562775977,1e+09,1636.86580338768,1968.14587632624,1436.65509886681,1124.3434724318,1131.88843138359,1051.62843176666,1616.89867848916,1395.91654628778,1832.50808085531,2010.53855615852,1374.16644715988,1130.66831997717,1820.39520195478,1266.36206043138,1092.92972038462,1404.46223373931,1431.27795682739,1749.22145664864,1535.35239000693
2142.01120617984,3039.61625054874,2498.55668516846,2841.88301511515,3492.25915473065,3314.97364322856,1459.72245844887,1924.00746677345,1966.25688977814,2024.17981261547,2505.83584608011,1975.32093070974,3034.24014941138,1260.62185579182,1859.25918671927,1726.44725914231,1923.81598031101,2649.44342762777,2213.39670739341,2212.97021746792,2387.04531329005,2278.93468157822,2621.95710249043,1665.82142320238,2152.26834646612,2591.28992038714,2211.63642764809,1886.90143592611,1649.49668323401,2181.01856839872,2084.91898135155,2467.98357998995,2590.91788179402,1994.12098985994,1636.86580338768,1e+09,2644.87184816202,1967.90262411533,2031.39510310033,1485.5455319848,1364.28748422024,2022.61742591129,1498.90516074233,2522.71720910212,2157.72622176679,1907.02962777194,1679.36086345371,1953.85867963883,1478.25355477333,1546.77099274586,2053.85403495477,1581.58922833965,2098.41648151648,1709.14143604326
2128.95861025996,2499.19303572173,1899.64295676846,2692.9644666798,2710.65386514029,2773.68682624769,2119.63621296203,2764.20920735027,1438.59943319883,2011.55232261058,1761.85954556542,1959.30340828061,2421.38617719273,1724.76170594665,2320.43777611036,2531.61165303844,1682.72708835984,1830.89877901538,1816.1472627791,2592.1211767971,2162.08465738509,1908.2140287452,1795.68334973068,1886.28448442964,2666.84654702891,2060.46970249504,2099.47670334776,1572.06637471196,2084.5642648285,2023.64943547542,1663.65662767291,2228.29236557953,2392.59375210252,1561.72217016984,1968.14587632624,2644.87184816202,1e+09,1101.98069102866,1786.87426874417,2119.00616421944,1917.54478607411,1703.04419977874,1753.5951018693,2776.75896064098,2536.93154269089,1634.61584887704,1953.32939093743,2225.38420831101,1678.29413971449,2262.09674784259,1610.41939658587,2302.57626844368,2449.78243162531,1761.05520452938
1773.41575661208,2491.32373725295,1795.2453936997,2609.02144579151,2785.51775072427,3009.26761423772,1962.52729502038,1965.46054541932,1176.3270780697,1526.59544071113,1439.88316779522,1048.24195236596,2071.62080070171,982.184978351838,1661.0440045947,2047.72755604841,1466.8897963719,1790.24354292929,1369.96244047054,1728.6487867696,1627.63913184096,1101.63614360641,1206.12024222297,1488.20002761726,2154.58875101491,2171.68765569545,1889.99484271783,1023.45514493797,1420.67041357241,1695.64190662416,1225.98650808237,1859.50124611413,1489.90745283054,1068.94252474116,1436.65509886681,1967.90262411533,1101.98069102866,1e+09,1283.21391525342,1103.95087816442,963.267487980364,1018.81592782995,1127.37366347631,2069.60198306341,1873.89576793908,1332.50469327504,1296.74518734407,1392.64549703074,847.42163271892,1514.34955799511,1128.6900153275,1514.40674225916,1696.72403492731,931.405615508088
1878.46716204995,2650.05541215651,1952.61119537403,2785.92793627186,2931.4731048229,3214.23624564219,2213.50661697678,1896.20123017047,1355.30757959218,1489.57272138691,1744.18892027211,1712.21169532275,1634.35050787767,1566.17607158327,1281.94451490694,1734.97825009422,1672.62765007637,1526.21757534763,1008.60386049231,2081.91775017651,1232.90599868765,1299.49425046824,1705.57278478522,1614.15015407489,2378.0252913079,1992.77730175752,1984.26890763324,1167.11533406086,1506.70428024214,1299.28033326146,1331.45485988072,1452.30307374184,1528.10302574794,1225.44235927276,1124.3434724318,2031.39510310033,1786.87426874417,1283.21391525342,1e+09,1345.34751261524,1146.64123050761,1191.26007324178,1252.50524805288,1356.93571144694,1483.09836356191,988.993693053702,814.202878648805,1573.53975866516,1297.40434780372,1543.76710533033,639.086591003129,1521.42592797021,2069.08644212851,1212.05944619066
1739.75164652889,2603.24540118676,1952.47312462938,2684.58394411499,3073.34357259321,3388.33899199888,1999.06637981334,1215.98520188364,1478.01231030056,1392.65856605271,1542.5692867745,1008.81096995423,2252.41567755599,1007.78701435373,1256.68284829546,1722.30781104888,1734.29238327913,2081.55145394007,1527.98625186878,1464.28712416657,1472.6538283996,1072.88780396647,1424.60631491651,1376.02873407498,1902.19928141086,2476.73437249536,2059.43784307757,1233.33010200027,1092.37622767982,1695.23516896624,1344.06889220754,2021.41451966191,1318.72468347263,1373.45238650635,1131.88843138359,1485.5455319848,2119.00616421944,1103.95087816442,1345.34751261524,1e+09,474.032866793011,1190.70853469688,1235.76726736874,1624.76729155286,1642.78132102237,1507.3133073784,1222.46773253939,1107.82353802399,826.152108270626,1142.02298715919,1362.84975389806,1066.14942705045,1406.51982812188,1066.13635947753
1508.44041433528,2442.11056993741,1761.38873375527,2392.71853087654,2784.72141450451,3062.69678481237,1781.67975727963,1500.06515045181,1304.19364068378,1315.9098711538,1551.00166263612,970.368198932756,2070.71810087708,713.127856208128,1084.31208339666,1638.15259496788,1487.53277210958,1809.63124674614,1284.72014536241,1598.46136155992,1419.46198825471,1088.91567602822,1495.78643278377,1250.1395062952,1769.54405336516,2140.67186081847,1798.19242638267,1113.56948947966,1129.14780927919,1493.62488513683,1144.39529071034,1796.4434235177,1375.14734861396,1354.05324348786,1051.62843176666,1364.28748422024,1917.54478607411,963.267487980364,1146.64123050761,474.032866793011,1e+09,967.331892682134,812.475244115167,1564.04163138326,1444.99847948017,1303.80478722852,976.653355034426,1022.46007276568,551.678895735554,1109.82559224411,1078.74664750348,774.930431329161,1256.26098224055,675.65362664608
1265.87961418138,2635.39093767889,1713.66052116515,2534.73777973186,2580.35928645606,3001.53215196839,2104.00883660217,1853.99089404452,910.471643710006,1515.033838698,1383.18830775133,770.186623682858,1645.96660145338,1147.940491881,1496.1127501629,1550.41331470031,1736.6546657007,1670.36881562127,650.019064412729,2155.85546686229,1241.07977443031,790.412419879647,1072.17785935916,1848.49213062972,2310.88460382599,2189.62191149522,2029.73525064231,1241.32076245425,1546.17789700927,1574.69781751929,867.388549843725,1234.94449960312,1430.56398409858,1290.55676411385,1616.89867848916,2022.61742591129,1703.04419977874,1018.81592782995,1191.26007324178,1190.70853469688,967.331892682134,1e+09,844.511689853965,1372.61917992574,991.063463608663,963.460285429555,1166.18230937534,612.392715665365,684.631332178129,1724.25666186911,867.462035538155,1189.30793220259,1736.21442877889,716.381741112935
1260.28296993175,2388.67024314785,1601.86822195211,2162.34720794326,2490.71295437672,2564.04031766273,1560.02013288291,1999.83391147865,1117.81100920504,1489.63987376144,1748.22514225142,1145.46812299601,1840.87254909187,753.600766453963,1285.17838493339,1501.31553968511,1227.47072698293,1578.27479879139,986.678012322156,1980.73295229317,1556.5421152028,1448.68477848012,1657.06568946436,1480.12657110803,1904.00174781958,1724.02318366082,1481.48128142073,1152.93194777489,1353.82361181212,1361.17500924753,1023.81109102217,1352.07719239694,1726.80381621654,1493.09313510578,1395.91654628778,1498.90516074233,1753.5951018693,1127.37366347631,1252.50524805288,1235.76726736874,812.475244115167,844.511689853965,1e+09,1756.22376421685,1215.57235087016,1144.95796800581,900.877876740238,1107.32254745399,591.39654217792,1335.41478736009,1066.05824672013,968.049719229338,1502.35541613827,591.800846315718
1980.34252802388,3007.54629425716,2277.5268084701,2986.4384430455,2942.17074213921,3626.41858626386,2854.68670554231,1793.23300273556,1830.85635517918,1751.11211140235,1889.64257789668,1799.65232220004,1853.59858151651,2070.74210523667,1411.53052744176,1802.42955393547,2476.89853009767,1949.23771554421,1291.20269051764,2542.95792963627,1103.25713557629,1291.82685457456,1849.36528538848,2323.54144208792,2588.92856477347,2656.6662667712,2635.36780708121,1862.70485745864,2070.8077786941,1764.96148637867,1689.95553417834,1651.52376077367,1521.14586673994,1952.22532518662,1832.50808085531,2522.71720910212,2776.75896064098,2069.60198306341,1356.93571144694,1624.76729155286,1564.04163138326,1372.61917992574,1756.22376421685,1e+09,1196.20516785374,1579.21595499159,1507.11305806831,1347.83770265563,1693.97292867979,2131.17324314566,1408.70480804177,1603.56411031801,2219.0773447539,1610.91757489327
