1e+09,2006.97794913148,1084.25350135473,2229.74933990348,2431.4114392262,2598.73173265345,1861.45670599668,2574.55427317041,1387.2199022145,1942.68946185436,1665.51882117855,1471.64674786445,1824.23838927373,1503.95519969845,1800.58449474053,1792.98942863587,1668.31672979084,1717.067744907,1226.1361184632,2818.96270835568,1774.64045907897,1778.58049705376,1626.83115697358,1789.35010070696,2305.93150709209,1773.61313098432,1837.8744509079,1896.22453309201,1739.70497421258,1574.03976391958,693.790750370744,1713.55848056026,2308.48336751643,2230.46151444045,1776.26669754291,1929.64532152932,2129.57137839989,1753.55905771662,1916.97196946121,1719.07254937074,1448.97210587368,1267.59068373825,1263.33203568975,1962.88562160407,1472.19214727562,1568.01325782023,1860.77606677966,1287.34803938174,1256.26896901102,1980.33628169561,1535.02001778478,1048.34522543864,1514.95690017901,1458.17074013985
2006.97794913148,1e+09,1034.40162108342,1352.31634253972,1864.58163122455,1897.82969093647,1806.21235783614,2851.31573351672,2244.41641786902,1848.92186711608,1891.51962411179,2488.77434561673,3109.42654867421,1952.0648214647,1882.64150442935,2758.46466348583,1648.9452771393,1589.76152327951,2564.70951975073,2795.79818280934,2321.12887231623,2627.61665605925,2547.83612071106,1278.0262330641,1401.08719446721,1496.26058235188,1600.72576945584,2133.85120006059,2170.94504803784,1744.21536219012,1971.62014140655,3041.29106883902,2849.11513838946,2790.79305938294,1781.41417371144,2446.64404738409,2350.43398950066,2198.43514359646,2518.85150225256,2310.95357138563,2073.51260422984,2466.4105505775,2116.0248688756,2946.24156311053,3005.48645387065,2533.58611264745,2490.16903627043,2653.93021204402,2081.89410840225,2242.37193357837,2463.88736298963,2006.04278493755,1734.90746949225,2272.81003977455
1084.25350135473,1034.40162108342,1e+09,1548.57732438519,1846.79723180429,1987.30718971678,1457.88236408155,2328.52158746704,1349.61391616269,1398.00080236028,1219.54320214579,1634.68623695803,2370.22976803938,1341.48392226668,1492.40708826379,1963.40161311944,1244.62846066607,1127.42832747807,1674.72628868123,2482.00097612793,1650.64918416967,1856.01971802565,1720.35487353627,1103.10299931602,1633.03860150335,1331.09937953558,1325.75108851549,1531.95316126179,1552.77621378613,1211.75432427535,1023.45966774466,2190.91499960633,2278.9902309795,2110.8138540383,1380.13465328569,1944.26763782664,1800.13228483353,1516.85530387707,1848.14375217406,1711.76191428598,1403.72507244118,1559.40654093152,1321.08709523634,2246.22254037751,2108.89062264974,1692.54330033237,1879.68792667826,1759.19715373235,1260.51154080397,1838.08141827287,1693.26156685847,1335.54924630281,1413.28057872455,1533.88525431337
2229.74933990348,1352.31634253972,1548.57732438519,1e+09,1341.57853515924,1655.98788156798,2362.48018122904,3153.29313526351,2613.2761704994,2352.87687268161,2366.45577666264,2755.91037675393,3464.49099506695,2587.26496062927,2403.22597661976,2931.33446914541,2310.20420549786,1823.61860502683,2899.2657762268,3265.26053733848,2743.91130082589,3070.96526849458,2998.29785743512,2239.40858574312,2137.50408299025,1984.47550970023,1849.74830722993,2672.51424974686,2615.19522454826,2275.20840179532,2393.8244189372,3300.94098461333,3234.84794491179,3398.99736292925,2579.94783916265,3040.00105833863,2968.65033580919,2805.83990992002,2902.44541814312,3038.23820465085,2662.33215508509,2768.45545738052,2348.32607501599,3177.6226213476,3079.59772913606,2937.24528010515,3019.66762069934,2931.33687949713,2538.05036007956,2972.79298596455,2886.49614203796,2451.18523190313,2307.18078554759,2640.0562314466
2431.4114392262,1864.58163122455,1846.79723180429,1341.57853515924,1e+09,1628.18720523778,2625.95061185469,3285.4507774581,2448.93011449898,2227.65376394089,2203.7914984635,2720.65112568664,3498.32870844065,2509.30409765337,2422.98837514752,3016.99543188252,2628.65522294195,1649.95732466025,2778.95340691419,3592.34200244075,2498.40352541378,2774.68035432913,2940.00452324482,2553.59953119122,2276.83553648479,2190.79588451321,2461.64695992338,2640.22463799958,3112.39980929507,2359.19100990149,2519.90204291754,3154.10290994127,3190.59810523043,3164.85834397055,2789.11042803974,3263.6182377386,2754.7041450036,2700.83147425011,2889.90191672659,3073.81245673837,2696.14840548513,2574.53463878426,2387.84154909827,2993.4089559397,3065.85806933394,2746.90462952393,2992.18236955905,2815.46738750425,2503.85747739363,3297.30234819314,2734.88222898172,2572.86547275601,2609.48886546772,2481.89837120701
2598.73173265345,1897.82969093647,1987.30718971678,1655.98788156798,1628.18720523778,1e+09,1865.00201158068,3547.1476808557,2516.72856387017,2432.84299244731,2748.45235985636,2997.30610168531,3636.27220103226,2313.48092760671,2586.69818873405,2925.55529629847,2090.34095228506,1961.8479780299,2937.60270811082,3491.1574321706,2928.15423792873,3292.48325605462,3303.22134953139,2356.62868203712,2126.7293808334,1670.83971514326,1935.01719976852,2554.54804769846,2992.16599639793,2292.25720579083,2696.86389408142,3087.05358013106,3581.3954589238,3139.42411504085,2766.73582998088,2780.50198597304,2644.38771801716,2755.68975619535,3080.51851551001,3180.60959231088,2772.08405263982,2846.69271668018,2282.56180619496,3575.04440615778,3285.03603404894,2811.7829066626,2852.31276773779,3127.63090303188,2525.24773208491,2985.76220652282,2983.78007877591,2753.00809588348,2783.67862647612,2604.07648457183
1861.45670599668,1806.21235783614,1457.88236408155,2362.48018122904,2625.95061185469,1865.00201158068,1e+09,2489.85132640485,1555.60997245454,1624.02063555239,2044.93802443986,2275.24325987355,2916.8167670596,1323.78149178783,1786.30239422109,1691.45265748114,1126.38965167477,1785.08955649289,2092.87174200905,2699.56048770906,2097.11147955944,2519.33097801778,2471.14817556536,1247.04206689269,1710.65013790079,1394.23179884121,1494.98685352079,1594.82696227522,1821.39875139959,1372.13102832783,1825.48386725273,2233.87841253726,2932.38586536629,2026.20573242206,1559.19038122354,1243.51239044893,2112.0840903714,1964.87635356528,2244.52052790791,2002.19816584173,1763.58558099685,2103.84732963207,1584.26010083572,2822.46011451004,2502.44874904562,1769.64205024632,1823.97709437372,2277.42855075631,1576.02299621547,1736.95253881619,2220.61916012179,1948.22494984537,2253.48998717545,1975.45579133019
2574.55427317041,2851.31573351672,2328.52158746704,3153.29313526351,3285.4507774581,3547.1476808557,2489.85132640485,1e+09,1924.31672621739,1418.77041895438,1703.69193365467,1898.33337862452,3158.08649200746,2178.12087722422,1792.54182461665,1554.39952563683,2474.13262926627,2270.46984042951,2354.06507206152,1995.78837996417,1530.62237168415,1904.84921859973,2014.53318925254,2112.04903787767,2425.30424699665,3051.36800273255,2522.19879632832,1665.15711462913,1613.60274237496,1912.32741592542,2245.09936501706,2575.871151863,2055.22128818286,1942.75024712391,1851.93442931979,2161.74359270474,2984.28548600833,2173.11862741085,2016.72956347647,1792.55864403372,1840.06466791252,2103.12792811089,2157.31425765928,2022.30642816562,2305.24075406453,2073.93480037344,2142.71217273809,1992.49151496311,1866.22222154812,2126.39485465423,2396.54173072367,2302.95100434204,2633.39087468989,2230.46419691059
1387.2199022145,2244.41641786902,1349.61391616269,2613.2761704994,2448.93011449898,2516.72856387017,1555.60997245454,1924.31672621739,1e+09,1174.99093039053,1091.48512962843,1255.0739418855,2147.06476017842,1106.87002868449,1551.76891978155,1208.6245903919,1516.06451920754,1313.00523841301,1063.22295004387,2459.50280821145,1100.51302477526,1239.38917277827,1320.95325450979,1576.28372731561,2232.57536824628,1865.48804678561,1892.95390720429,1002.44091776024,1580.81900013885,1176.52113635922,1038.3232099881,1403.51999850376,2043.80972186747,1077.39695456224,1444.47633400482,1674.46010970701,1453.92376168766,1087.09776680849,1358.53024618519,1455.08723618208,1191.83242249068,893.636450241372,1044.54245193769,1832.28373506944,1583.18486204233,628.032266209309,1390.70205133954,1232.25244296776,808.76471584757,1858.296245893,1200.82323665892,1549.46062086134,2114.45210929451,1177.07637114165
1942.68946185436,1848.92186711608,1398.00080236028,2352.87687268161,2227.65376394089,2432.84299244731,1624.02063555239,1418.77041895438,1174.99093039053,1e+09,1060.94835241872,1619.67706080564,2641.16859721223,1198.52139175736,884.374338671131,1488.20793694967,1570.48906010198,1088.0419246518,1699.86214523414,2074.7484933119,818.903258388926,1437.86279926146,1755.30963163198,1171.53580137356,1452.37692642096,1878.03072930131,1800.71823800949,865.779678151434,1585.83941441118,874.555273038817,1591.20567837725,2026.97948951143,1879.02054062748,1367.86955357593,1072.19293030685,1650.45726733533,2021.37179501941,1402.1554772207,1452.96575936944,1334.40599039423,1133.66435852945,1484.02921800752,1373.19686731364,1768.92109069342,2054.9934354883,1350.33125332268,1417.8898792572,1661.0608117405,1125.6480576539,1674.4816172177,1623.91487689472,1604.02183990742,1959.88708312494,1404.66073540909
1665.51882117855,1891.51962411179,1219.54320214579,2366.45577666264,2203.7914984635,2748.45235985636,2044.93802443986,1703.69193365467,1091.48512962843,1060.94835241872,1e+09,1377.33753314139,2601.19130553675,1557.99821373453,1608.36907082921,1842.91961243566,1926.05669947694,1384.22502148314,1711.6859164286,2425.14676203318,1133.70619584617,1209.54806576671,1224.76863268129,1567.59261684916,2072.93704426835,2245.11379370846,2146.80015967952,1364.00759418707,1712.06423191421,1503.09199335902,1324.04008156853,2251.05954150484,1971.05951386558,1621.74926566964,1530.68042938427,2261.5475531149,1807.74655397265,1341.80655893463,1717.77062939148,1554.00952059503,1448.18515470226,1383.20474124404,1667.62870714677,1927.66317768432,2134.2668566981,1486.8960085359,1976.86419574031,1551.64346839085,1283.55495340091,2148.08836105501,1661.55034606238,1750.37870947975,1990.69366535889,1622.17339729759
1471.64674786445,2488.77434561673,1634.68623695803,2755.91037675393,2720.65112568664,2997.30610168531,2275.24325987355,1898.33337862452,1255.0739418855,1619.67706080564,1377.33753314139,1e+09,1833.03541586081,1334.53608531205,1700.98751647389,1749.35919430516,1789.39661757812,1801.78152335404,1214.90819179887,1873.36758848871,1354.63532365726,999.828280856268,653.888378853761,1971.18013103826,2314.70366809663,2383.21199210226,1956.97460055055,1304.32938002638,1441.90454795038,1607.48229032235,1078.82941988064,1521.31309065557,1252.43959463121,1599.96308829298,1852.59665629084,2035.05223058279,1978.10258510523,1094.74888636618,1653.75421728865,1254.42434666264,1098.35555076669,771.632280817748,1149.0829779002,1700.40143777874,1325.50057585804,1556.79212196105,1593.02811236965,717.274758652499,838.089832774507,1744.28976592194,1496.35572739239,1364.77687392482,1598.55220768669,1018.1390150171
1824.23838927373,3109.42654867421,2370.22976803938,3464.49099506695,3498.32870844065,3636.27220103226,2916.8167670596,3158.08649200746,2147.06476017842,2641.16859721223,2601.19130553675,1833.03541586081,1e+09,2024.11651102401,2193.47194479437,2558.38428487591,2145.40125957826,2317.97098456818,1163.25948829141,2678.54247627324,2130.71087398079,1816.34777870319,1882.53155777002,2484.58772205773,3072.9320623307,2356.66501075142,2423.98625734553,2167.37324367539,2210.44516177172,2040.35525654235,1499.08820847874,1334.21263147971,1801.23381269618,2241.49576419408,2193.64983465912,2380.20473644601,2298.23649709946,1808.81512416278,1663.95569826844,1841.88098304424,1647.0860746482,1474.90621552694,1645.67265545126,1854.27854191327,1375.06314160478,1921.07249316625,1637.33318509093,1622.3014938044,1773.0731981506,2026.71701090705,1252.01720391535,1486.22278121418,1900.76098815711,1430.65594630575
1503.95519969845,1952.0648214647,1341.48392226668,2587.26496062927,2509.30409765337,2313.48092760671,1323.78149178783,2178.12087722422,1106.87002868449,1198.52139175736,1557.99821373453,1334.53608531205,2024.11651102401,1e+09,1145.35621751488,1632.79537741261,991.745069057568,1437.99144458512,1236.10605050699,2076.75597203908,1290.61408263663,1467.76539964669,1561.66373544371,1202.36392643825,1484.2149835856,1504.48949258544,1566.0041711311,916.440958927524,1587.41865517575,915.243563156824,1192.69416985244,1423.86933178575,1844.2034409468,1298.32706291597,1246.1959323076,1162.19507088956,1669.49907942472,1043.32488612129,1624.84050491117,1003.85942457099,746.768194890489,1124.10173845609,885.920188561024,1962.48603521146,1740.6100910313,1266.30444522634,982.909491051948,1299.32123579968,591.606817743001,1176.37694481828,1414.92529742739,1125.75284525512,1479.01428738873,867.1980427215
1800.58449474053,1882.64150442935,1492.40708826379,2403.22597661976,2422.98837514752,2586.69818873405,1786.30239422109,1792.54182461665,1551.76891978155,884.374338671131,1608.36907082921,1700.98751647389,2193.47194479437,1145.35621751488,1e+09,1647.42456777238,1460.79215838531,1192.75292801988,1495.64030391669,2007.70094187357,925.501485412098,1521.68107315561,1928.95854615904,1139.32589174476,1286.11441796599,1643.61204154143,1676.43763582186,1131.95494662994,1587.71320634427,626.857112666037,1496.80667495839,1792.5369539287,1660.78977194587,1673.65091064415,885.735846683423,1398.08609441622,2304.56154094439,1563.32679872124,1314.51566274427,1095.20404313534,822.543308343093,1461.17044358282,1204.17719057454,1414.36916079219,1751.47041408069,1491.03388962156,1037.3479918523,1552.22748133126,1133.00541455017,1296.97151707352,1428.48358699006,1059.03778138459,1501.52975778038,1169.53960681116
1792.98942863587,2758.46466348583,1963.40161311944,2931.33446914541,3016.99543188252,2925.55529629847,1691.45265748114,1554.39952563683,1208.6245903919,1488.20793694967,1842.91961243566,1749.35919430516,2558.38428487591,1632.79537741261,1647.42456777238,1e+09,1954.71994717913,1937.82126817723,1570.52951853825,2554.01810896086,1442.11862917029,1881.94440032111,2034.3271526232,1952.08224906124,2434.2723988494,2339.50784448354,2138.52604873076,1494.44104778342,1597.03061783424,1463.78730121558,1678.92714776431,1601.97862011326,2384.62010473367,1648.99515360113,1688.09530572181,1366.73055833987,2560.55658174156,1986.38010317764,1714.38885166114,1732.28295979612,1548.35109442271,1550.60814163347,1417.71991338205,1834.58748008919,1516.8580278655,1206.75623474669,1571.89716218969,1515.70449992734,1357.12665226942,1914.74495006515,1841.5519820521,1797.89912628601,2507.82025452384,1737.66838890509
1668.31672979084,1648.9452771393,1244.62846066607,2310.20420549786,2628.65522294195,2090.34095228506,1126.38965167477,2474.13262926627,1516.06451920754,1570.48906010198,1926.05669947694,1789.39661757812,2145.40125957826,991.745069057568,1460.79215838531,1954.71994717913,1e+09,1451.27007241933,1645.11125237778,1961.05910079222,1864.6396819493,2083.32630521481,1958.24963025657,917.611897808654,1601.61666902539,1038.6638042697,818.435719894971,1147.01859400796,1328.98157007537,985.277988234793,1357.32474146757,1846.83161111131,2164.463224035,1768.8043410451,1203.37951316283,1309.25772237555,1624.08702014393,1282.32356345815,1685.24634086533,1527.73384406447,1203.30147880737,1671.83651335889,1074.36031316314,2476.68274165263,2130.45922415802,1668.20241427712,1294.66616005826,1939.69939093665,1168.57798567319,1073.37150842567,1665.9701215508,1455.80841493653,1541.88827516782,1356.71450242857
1717.067744907,1589.76152327951,1127.42832747807,1823.61860502683,1649.95732466025,1961.8479780299,1785.08955649289,2270.46984042951,1313.00523841301,1088.0419246518,1384.22502148314,1801.78152335404,2317.97098456818,1437.99144458512,1192.75292801988,1937.82126817723,1451.27007241933,1e+09,1543.54667930711,2447.77446916582,1267.30721815983,1668.47285285077,1946.71826490122,1352.00386874447,1751.76682089826,1270.5847913461,1503.30675648718,1249.69854184919,1855.16235745015,912.82701537586,1422.91982813509,1954.30957135762,2044.86846948649,1802.22536298877,1355.38167938039,2067.48407469078,1704.17583761184,1433.44266767109,1303.21987665167,1827.61058155177,1392.30727987754,1462.84189395163,1188.47565932164,1898.69760744043,2007.0407426607,1415.07749720643,1552.68682460437,1860.10401002202,1335.706389406,1996.16303998446,1321.91096515613,1546.09467831048,1866.39597454559,1290.57149395142
1226.1361184632,2564.70951975073,1674.72628868123,2899.2657762268,2778.95340691419,2937.60270811082,2092.87174200905,2354.06507206152,1063.22295004387,1699.86214523414,1711.6859164286,1214.90819179887,1163.25948829141,1236.10605050699,1495.64030391669,1570.52951853825,1645.11125237778,1543.54667930711,1e+09,2464.93280332345,1202.98879196774,1100.49850327022,1358.42129970786,1862.13173537749,2452.53461251824,1877.33364727744,2010.21642305002,1360.66675027356,1728.71753959402,1261.6733698545,839.485401957652,708.094944128257,1661.88110925541,1409.50744276148,1556.81023898226,1718.05996865651,1774.76153758751,1212.77737540737,1100.30489406346,1291.80808474014,975.570265229522,531.438598993336,866.642809928058,1315.94813974564,860.15104307325,847.567575771985,1037.33217770394,866.560524314373,884.591526355527,1709.22153678217,600.496709233281,1033.86002345579,1783.49920695245,739.567160168703
2818.96270835568,2795.79818280934,2482.00097612793,3265.26053733848,3592.34200244075,3491.1574321706,2699.56048770906,1995.78837996417,2459.50280821145,2074.7484933119,2425.14676203318,1873.36758848871,2678.54247627324,2076.75597203908,2007.70094187357,2554.01810896086,1961.05910079222,2447.77446916582,2464.93280332345,1e+09,2218.07620777556,2236.77919562929,2039.6061696808,2067.64620382695,2301.19815233282,2798.70732097874,1920.71227991076,1627.5818501077,1453.80691778516,2010.3055462541,2325.14993503645,2564.09846620601,1460.58583383518,2186.17399639187,2021.02854707696,2257.85270631191,2716.34326637853,1827.466824651,2115.01437905278,1765.0974981853,1752.62408596367,2260.50506170634,2037.67987345903,2612.95758285511,2536.33955928618,2610.40506672815,1959.52777944075,2286.76866228309,1920.19872961108,1475.53963576042,2452.4506349568,2262.97062897423,2064.8808561997,2009.58694793234
1774.64045907897,2321.12887231623,1650.64918416967,2743.91130082589,2498.40352541378,2928.15423792873,2097.11147955944,1530.62237168415,1100.51302477526,818.903258388926,1133.70619584617,1354.63532365726,2130.71087398079,1290.61408263663,925.501485412098,1442.11862917029,1864.6396819493,1267.30721815983,1202.98879196774,2218.07620777556,1e+09,816.276052999229,1448.77869224392,1593.2907384718,1965.28394620218,2124.4960061624,2155.82934391848,1047.85626080107,1710.04239272013,1036.60480222696,1364.09654918558,1586.93262494033,1493.67206317183,1208.592728507,1220.10471230956,1780.72631465366,2066.62209145746,1320.87074534187,1095.83494190503,1096.26718695763,927.06530406439,1018.09134290593,1285.12113032196,1033.37832099382,1516.53931597569,1033.65355032525,1201.67870568634,1163.29253057862,1007.75294388059,1761.36384066439,1133.41078749057,1332.19070560487,1920.73643158035,1097.30670571176
1778.58049705376,2627.61665605925,1856.01971802565,3070.96526849458,2774.68035432913,3292.48325605462,2519.33097801778,1904.84921859973,1239.38917277827,1437.86279926146,1209.54806576671,999.828280856268,1816.34777870319,1467.76539964669,1521.68107315561,1881.94440032111,2083.32630521481,1668.47285285077,1100.49850327022,2236.77919562929,816.276052999229,1e+09,884.113022978397,1982.67822538101,2414.59265382383,2463.62347108888,2418.79668819023,1312.84321424913,1857.11698726817,1544.78690300637,1272.49134739691,1546.1291940197,1191.00882314112,1258.98284098712,1666.09307810218,2187.5206249542,1900.80828596679,1099.69473391483,1303.8961763116,1131.63024698883,1083.25080544627,771.166435732261,1454.9235939045,1191.76750677303,1470.18727494153,1262.39897425497,1467.19666643569,920.286643171572,1079.55985901663,1954.83409354861,1092.80881745162,1449.99903296519,1895.00021918205,1062.1709109649
1626.83115697358,2547.83612071106,1720.35487353627,2998.29785743512,2940.00452324482,3303.22134953139,2471.14817556536,2014.53318925254,1320.95325450979,1755.30963163198,1224.76863268129,653.888378853761,1882.53155777002,1561.66373544371,1928.95854615904,2034.3271526232,1958.24963025657,1946.71826490122,1358.42129970786,2039.6061696808,1448.77869224392,884.113022978397,1e+09,1998.91039003753,2557.63893153432,2556.76869515019,2235.70124855715,1440.15388747175,1551.98804937409,1801.14280930192,1112.34532228081,1802.96953274314,1355.79772562134,1538.77033812717,1852.85921183991,2290.42753485021,1774.33680004671,995.393803577258,1671.95493342375,1289.10357834427,1279.52945433077,984.404195236896,1533.06700182999,1850.37092400416,1683.81040642942,1601.52942064765,1804.35081672052,1050.02271404003,1120.16750122471,1912.74321342411,1481.84709950116,1607.27878826295,1778.84308478854,1320.06390780901
1789.35010070696,1278.0262330641,1103.10299931602,2239.40858574312,2553.59953119122,2356.62868203712,1247.04206689269,2112.04903787767,1576.28372731561,1171.53580137356,1567.59261684916,1971.18013103826,2484.58772205773,1202.36392643825,1139.32589174476,1952.08224906124,917.611897808654,1352.00386874447,1862.13173537749,2067.64620382695,1593.2907384718,1982.67822538101,1998.91039003753,1e+09,1280.90967117123,1307.75712259578,1307.31213189506,1204.49721983905,1348.59865230542,864.891003017143,1464.5347568426,2247.01894518048,2198.18767883909,1789.34611663032,639.053323205505,1420.94935053998,1885.85588659367,1474.45759498196,1656.38469480975,1365.55723882231,1196.80207006004,1850.16302346577,1490.08961103016,2301.05292672724,2361.44401326815,1700.2243629592,1483.43224112192,2049.33225544322,1346.69327903573,1201.26314698321,1742.52695746723,1479.70489240254,1574.85871312318,1633.9587370861
2305.93150709209,1401.08719446721,1633.03860150335,2137.50408299025,2276.83553648479,2126.7293808334,1710.65013790079,2425.30424699665,2232.57536824628,1452.37692642096,2072.93704426835,2314.70366809663,3072.9320623307,1484.2149835856,1286.11441796599,2434.2723988494,1601.61666902539,1751.76682089826,2452.53461251824,2301.19815233282,1965.28394620218,2414.59265382383,2557.63893153432,1280.90967117123,1e+09,1748.06258091637,1730.95592298013,1778.83803723105,2140.94165121332,1459.47872851919,2178.35089604499,2708.74172502659,2454.1116061622,2432.03574373404,1621.41631328909,1835.91288205623,2664.70203398054,2124.9168959044,2434.94332149642,1824.97952706325,1673.87657561721,2313.81438250781,1906.70614180581,2597.56515027054,2759.03054377801,2422.74087737422,1971.70151440323,2368.46705413016,1796.00197057242,1713.10650159294,2453.82466826789,1785.90312354842,1633.63143064768,1953.16611182971
1773.61313098432,1496.26058235188,1331.09937953558,1984.47550970023,2190.79588451321,1670.83971514326,1394.23179884121,3051.36800273255,1865.48804678561,1878.03072930131,2245.11379370846,2383.21199210226,2356.66501075142,1504.48949258544,1643.61204154143,2339.50784448354,1038.6638042697,1270.5847913461,1877.33364727744,2798.70732097874,2124.4960061624,2463.62347108888,2556.76869515019,1307.75712259578,1748.06258091637,1e+09,1249.03357653027,1777.28288702165,2108.50473765178,1228.9433326236,1684.35613570884,2132.88658749123,2701.29906754139,2307.95656995534,1561.67695238164,1831.20599198998,1889.89209165497,1883.83790860573,1928.57601143953,2134.57173990475,1726.18077593281,2024.46713821193,1435.32499030707,2617.12307897432,2398.0870929764,1887.35661333517,1704.56803240586,2362.73774365671,1717.10096601802,1862.55273627353,1787.37084238274,1653.04148263133,1850.6282641849,1694.64775950638
1837.8744509079,1600.72576945584,1325.75108851549,1849.74830722993,2461.64695992338,1935.01719976852,1494.98685352079,2522.19879632832,1892.95390720429,1800.71823800949,2146.80015967952,1956.97460055055,2423.98625734553,1566.0041711311,1676.43763582186,2138.52604873076,818.435719894971,1503.30675648718,2010.21642305002,1920.71227991076,2155.82934391848,2418.79668819023,2235.70124855715,1307.31213189506,1730.95592298013,1249.03357653027,1e+09,1517.76570266955,1343.91786415688,1296.92727232486,1642.5351480562,2212.02915428346,2288.45945421806,2307.16898221608,1599.96755807735,1774.85911626811,2106.37115903157,1730.18321076122,1911.34415378288,1995.54263354607,1606.3978591557,1984.10457935059,1274.12274287056,2657.73134537711,2267.81484808615,2106.21789409358,1754.21238383498,2207.9162517179,1555.68057093993,1484.32436761646,2030.46008788649,1708.70057997298,1639.18917941158,1678.48194750495
1896.22453309201,2133.85120006059,1531.95316126179,2672.51424974686,2640.22463799958,2554.54804769846,1594.82696227522,1665.15711462913,1002.44091776024,865.779678151434,1364.00759418707,1304.32938002638,2167.37324367539,916.440958927524,1131.95494662994,1494.44104778342,1147.01859400796,1249.69854184919,1360.66675027356,1627.5818501077,1047.85626080107,1312.84321424913,1440.15388747175,1204.49721983905,1778.83803723105,1777.28288702165,1517.76570266955,1e+09,1242.54934920107,814.672574044321,1370.3832468328,1559.55906935262,1544.00054799213,876.743357944615,1070.17689626529,1431.28450169769,1559.4405720001,798.245238758115,1127.03815152816,1107.9309141368,841.980566462196,1182.00213620788,989.327494968173,1867.06742941973,1806.19252761161,1138.19325652545,951.573478823364,1482.28905096138,777.788788168099,1245.74332287996,1312.2164947523,1532.73693581123,1865.61701318893,1016.65269207336
1739.70497421258,2170.94504803784,1552.77621378613,2615.19522454826,3112.39980929507,2992.16599639793,1821.39875139959,1613.60274237496,1580.81900013885,1585.83941441118,1712.06423191421,1441.90454795038,2210.44516177172,1587.41865517575,1587.71320634427,1597.03061783424,1328.98157007537,1855.16235745015,1728.71753959402,1453.80691778516,1710.04239272013,1857.11698726817,1551.98804937409,1348.59865230542,2140.94165121332,2108.50473765178,1343.91786415688,1242.54934920107,1e+09,1339.85066261132,1338.84513592872,2010.90883796357,1773.71797527115,1814.09737795412,1256.23065250773,1572.51532176955,2204.82666343638,1474.8826829277,1532.34784190797,1367.5202901237,1236.99141860403,1648.47216779659,1380.79018243178,2145.20729301389,1864.16721621211,1759.57111200429,1574.13430456235,1691.69865549394,1276.27628646779,1157.9102295515,1795.18296496485,1583.27014163724,1735.68061874874,1635.81731250773
1574.03976391958,1744.21536219012,1211.75432427535,2275.20840179532,2359.19100990149,2292.25720579083,1372.13102832783,1912.32741592542,1176.52113635922,874.555273038817,1503.09199335902,1607.48229032235,2040.35525654235,915.243563156824,626.857112666037,1463.78730121558,985.277988234793,912.82701537586,1261.6733698545,2010.3055462541,1036.60480222696,1544.78690300637,1801.14280930192,864.891003017143,1459.47872851919,1228.9433326236,1296.92727232486,814.672574044321,1339.85066261132,1e+09,1210.87509079178,1564.15488699169,1800.6518721563,1421.73180966032,687.975082106903,1213.16075426961,1836.24458983546,1251.95585684959,1071.77521817777,1173.29544932212,763.033636349015,1288.98171302001,854.170880679036,1667.66581877185,1689.77471270581,1142.88532132494,852.033570406706,1546.13375174983,897.695843089406,1186.10277143256,1176.86777532567,1099.34306660842,1579.43135792601,1017.83870087554
693.790750370744,1971.62014140655,1023.45966774466,2393.8244189372,2519.90204291754,2696.86389408142,1825.48386725273,2245.09936501706,1038.3232099881,1591.20567837725,1324.04008156853,1078.82941988064,1499.08820847874,1192.69416985244,1496.80667495839,1678.92714776431,1357.32474146757,1422.91982813509,839.485401957652,2325.14993503645,1364.09654918558,1272.49134739691,1112.34532228081,1464.5347568426,2178.35089604499,1684.35613570884,1642.5351480562,1370.3832468328,1338.84513592872,1210.87509079178,1e+09,1436.83519326331,1774.2542578785,1686.99713399282,1354.57113844198,1757.99454629416,1655.87651290789,1129.89208723665,1365.99352736387,1252.0391772225,968.456072054897,834.436561998574,955.818213521797,1688.66171437621,1325.56800844016,1192.98901310951,1420.32411371489,1034.07235037013,829.77472629624,1590.64410648643,1021.95058544922,899.125631711164,1361.57989464445,1024.69421726679
1713.55848056026,3041.29106883902,2190.91499960633,3300.94098461333,3154.10290994127,3087.05358013106,2233.87841253726,2575.871151863,1403.51999850376,2026.97948951143,2251.05954150484,1521.31309065557,1334.21263147971,1423.86933178575,1792.5369539287,1601.97862011326,1846.83161111131,1954.30957135762,708.094944128257,2564.09846620601,1586.93262494033,1546.1291940197,1802.96953274314,2247.01894518048,2708.74172502659,2132.88658749123,2212.02915428346,1559.55906935262,2010.90883796357,1564.15488699169,1436.83519326331,1e+09,1895.26378971372,1507.23769986688,1946.0436816526,1676.15770666128,2093.05933690376,1557.35274462788,1426.65208624948,1601.41872110326,1314.99201301757,973.652069684033,1036.88369632278,1620.69186004003,897.120085161401,1124.99672941747,1036.64274636926,1165.96217923224,1191.84012543629,1824.63289631093,1120.93677105357,1449.31561179751,2184.89487804333,995.500595429254
2308.48336751643,2849.11513838946,2278.9902309795,3234.84794491179,3190.59810523043,3581.3954589238,2932.38586536629,2055.22128818286,2043.80972186747,1879.02054062748,1971.05951386558,1252.43959463121,1801.23381269618,1844.2034409468,1660.78977194587,2384.62010473367,2164.463224035,2044.86846948649,1661.88110925541,1460.58583383518,1493.67206317183,1191.00882314112,1355.79772562134,2198.18767883909,2454.1116061622,2701.29906754139,2288.45945421806,1544.00054799213,1773.71797527115,1800.6518721563,1774.2542578785,1895.26378971372,1e+09,1833.12151536662,1918.0966009302,2388.81732173057,2415.87986924019,1422.70859040072,1518.62620851874,1330.2929831056,1284.43315197795,1430.82731222185,1673.99055448351,1539.88160655292,1723.53736309951,2055.53928101606,1584.55144662456,1454.18457040363,1509.25792666462,1749.76965018256,1612.66976114144,1652.70156719233,1724.05497148438,1299.13062380193
2230.46151444045,2790.79305938294,2110.8138540383,3398.99736292925,3164.85834397055,3139.42411504085,2026.20573242206,1942.75024712391,1077.39695456224,1367.86955357593,1621.74926566964,1599.96308829298,2241.49576419408,1298.32706291597,1673.65091064415,1648.99515360113,1768.8043410451,1802.22536298877,1409.50744276148,2186.17399639187,1208.592728507,1258.98284098712,1538.77033812717,1789.34611663032,2432.03574373404,2307.95656995534,2307.16898221608,876.743357944615,1814.09737795412,1421.73180966032,1686.99713399282,1507.23769986688,1833.12151536662,1e+09,1504.1073943705,1720.96317767116,1561.82828707256,1035.27464911491,1316.51769965314,1312.84490630082,1268.34871317,1299.13162477864,1505.97998652041,1948.12393350629,1948.40462951103,985.584309686391,1178.60554822214,1603.94036706481,1184.62650320681,1728.60341651866,1357.88353278181,1945.90726631564,2439.82490523398,1360.96963081474
1776.26669754291,1781.41417371144,1380.13465328569,2579.94783916265,2789.11042803974,2766.73582998088,1559.19038122354,1851.93442931979,1444.47633400482,1072.19293030685,1530.68042938427,1852.59665629084,2193.64983465912,1246.1959323076,885.735846683423,1688.09530572181,1203.37951316283,1355.38167938039,1556.81023898226,2021.02854707696,1220.10471230956,1666.09307810218,1852.85921183991,639.053323205505,1621.41631328909,1561.67695238164,1599.96755807735,1070.17689626529,1256.23065250773,687.975082106903,1354.57113844198,1946.0436816526,1918.0966009302,1504.1073943705,1e+09,1305.9467769783,1967.92722672867,1404.37891806307,1197.65462020568,1074.34425720995,941.022807056237,1617.93326021193,1395.69291873248,1821.8008273409,2019.73992476754,1372.93406123528,1142.95105595122,1800.69642308191,1233.68052238009,1113.82962655875,1379.18522903923,1312.24077093344,1680.44173549695,1460.50407188751
1929.64532152932,2446.64404738409,1944.26763782664,3040.00105833863,3263.6182377386,2780.50198597304,1243.51239044893,2161.74359270474,1674.46010970701,1650.45726733533,2261.5475531149,2035.05223058279,2380.20473644601,1162.19507088956,1398.08609441622,1366.73055833987,1309.25772237555,2067.48407469078,1718.05996865651,2257.85270631191,1780.72631465366,2187.5206249542,2290.42753485021,1420.94935053998,1835.91288205623,1831.20599198998,1774.85911626811,1431.28450169769,1572.51532176955,1213.16075426961,1757.99454629416,1676.15770666128,2388.81732173057,1720.96317767116,1305.9467769783,1e+09,2466.7136738584,1887.48744027609,1888.25941358702,1368.81637216246,1269.10762069259,1835.14780320278,1403.04507386613,2223.16854961562,1932.53004519982,1595.19951366592,1131.79833353827,1835.39990508881,1338.98983185086,1023.51575488607,1926.46221579869,1526.20587326874,2037.77957323652,1645.73019784532
2129.57137839989,2350.43398950066,1800.13228483353,2968.65033580919,2754.7041450036,2644.38771801716,2112.0840903714,2984.28548600833,1453.92376168766,2021.37179501941,1807.74655397265,1978.10258510523,2298.23649709946,1669.49907942472,2304.56154094439,2560.55658174156,1624.08702014393,1704.17583761184,1774.76153758751,2716.34326637853,2066.62209145746,1900.80828596679,1774.33680004671,1885.85588659367,2664.70203398054,1889.89209165497,2106.37115903157,1559.4405720001,2204.82666343638,1836.24458983546,1655.87651290789,2093.05933690376,2415.87986924019,1561.82828707256,1967.92722672867,2466.7136738584,1e+09,1073.8344813797,1839.07037711992,2093.62997177152,1867.95036901412,1707.27692083036,1762.45320383266,2767.42899052532,2545.21027323874,1632.14624559198,1952.82686749235,2214.41970136648,1661.56450955116,2267.21966467742,1594.22998833293,2238.54473584961,2407.60469967559,1706.74761388437
1753.55905771662,2198.43514359646,1516.85530387707,2805.83990992002,2700.83147425011,2755.68975619535,1964.87635356528,2173.11862741085,1087.09776680849,1402.1554772207,1341.80655893463,1094.74888636618,1808.81512416278,1043.32488612129,1563.32679872124,1986.38010317764,1282.32356345815,1433.44266767109,1212.77737540737,1827.466824651,1320.87074534187,1099.69473391483,995.393803577258,1474.45759498196,2124.9168959044,1883.83790860573,1730.18321076122,798.245238758115,1474.8826829277,1251.95585684959,1129.89208723665,1557.35274462788,1422.70859040072,1035.27464911491,1404.37891806307,1887.48744027609,1073.8344813797,1e+09,1271.86670244959,1170.8193167607,969.263516645499,990.416352247882,1133.10777082323,1991.29213999353,1836.48468967209,1279.33046958165,1244.46532816306,1393.40904633205,848.082014666035,1492.30284483412,1136.54381011028,1523.13987479811,1707.98215666909,927.219395774269
1916.97196946121,2518.85150225256,1848.14375217406,2902.44541814312,2889.90191672659,3080.51851551001,2244.52052790791,2016.72956347647,1358.53024618519,1452.96575936944,1717.77062939148,1653.75421728865,1663.95569826844,1624.84050491117,1314.51566274427,1714.38885166114,1685.24634086533,1303.21987665167,1100.30489406346,2115.01437905278,1095.83494190503,1303.8961763116,1671.95493342375,1656.38469480975,2434.94332149642,1928.57601143953,1911.34415378288,1127.03815152816,1532.34784190797,1071.77521817777,1365.99352736387,1426.65208624948,1518.62620851874,1316.51769965314,1197.65462020568,1888.25941358702,1839.07037711992,1271.86670244959,1e+09,1443.28137662065,1142.06032743459,1226.64346449977,1233.73462782723,1367.03507306872,1497.62969601968,1063.97746780653,1040.83752949248,1589.83595524821,1304.71222206278,1675.42899064687,723.040999736529,1520.53647401172,2079.3669746103,1183.90884307028
1719.07254937074,2310.95357138563,1711.76191428598,3038.23820465085,3073.81245673837,3180.60959231088,2002.19816584173,1792.55864403372,1455.08723618208,1334.40599039423,1554.00952059503,1254.42434666264,1841.88098304424,1003.85942457099,1095.20404313534,1732.28295979612,1527.73384406447,1827.61058155177,1291.80808474014,1765.0974981853,1096.26718695763,1131.63024698883,1289.10357834427,1365.55723882231,1824.97952706325,2134.57173990475,1995.54263354607,1107.9309141368,1367.5202901237,1173.29544932212,1252.0391772225,1601.41872110326,1330.2929831056,1312.84490630082,1074.34425720995,1368.81637216246,2093.62997177152,1170.8193167607,1443.28137662065,1e+09,526.703840502421,1197.77249129373,1335.54296733576,1527.02604159196,1635.57859899792,1447.71092318183,1026.7853000019,1143.69231583499,889.001295668347,982.342925459333,1375.03131178894,1059.74480621516,1413.29315019921,1105.9362228447
1448.97210587368,2073.51260422984,1403.72507244118,2662.33215508509,2696.14840548513,2772.08405263982,1763.58558099685,1840.06466791252,1191.83242249068,1133.66435852945,1448.18515470226,1098.35555076669,1647.0860746482,746.768194890489,822.543308343093,1548.35109442271,1203.30147880737,1392.30727987754,975.570265229522,1752.62408596367,927.06530406439,1083.25080544627,1279.52945433077,1196.80207006004,1673.87657561721,1726.18077593281,1606.3978591557,841.980566462196,1236.99141860403,763.033636349015,968.456072054897,1314.99201301757,1284.43315197795,1268.34871317,941.022807056237,1269.10762069259,1867.95036901412,969.263516645499,1142.06032743459,526.703840502421,1e+09,901.957518012905,844.274940881227,1406.28969458643,1370.19675641858,1191.95670806452,732.181669191465,1008.48745103744,540.008092068998,953.829080915444,1059.31871691196,776.478389847393,1258.62440354539,678.711588526378
1267.59068373825,2466.4105505775,1559.40654093152,2768.45545738052,2574.53463878426,2846.69271668018,2103.84732963207,2103.12792811089,893.636450241372,1484.02921800752,1383.20474124404,771.632280817748,1474.90621552694,1124.10173845609,1461.17044358282,1550.60814163347,1671.83651335889,1462.84189395163,531.438598993336,2260.50506170634,1018.09134290593,771.166435732261,984.404195236896,1850.16302346577,2313.81438250781,2024.46713821193,1984.10457935059,1182.00213620788,1648.47216779659,1288.98171302001,834.436561998574,973.652069684033,1430.82731222185,1299.13162477864,1617.93326021193,1835.14780320278,1707.27692083036,990.416352247882,1226.64346449977,1197.77249129373,901.957518012905,1e+09,840.950754741323,1333.98942229689,985.61099628606,956.076227086523,1187.79381224184,586.313218851494,652.536457985299,1747.20615317712,858.411565101496,1112.95733844564,1702.96109089433,611.364307021599
1263.33203568975,2116.0248688756,1321.08709523634,2348.32607501599,2387.84154909827,2282.56180619496,1584.26010083572,2157.31425765928,1044.54245193769,1373.19686731364,1667.62870714677,1149.0829779002,1645.67265545126,885.920188561024,1204.17719057454,1417.71991338205,1074.36031316314,1188.47565932164,866.642809928058,2037.67987345903,1285.12113032196,1454.9235939045,1533.06700182999,1490.08961103016,1906.70614180581,1435.32499030707,1274.12274287056,989.327494968173,1380.79018243178,854.170880679036,955.818213521797,1036.88369632278,1673.99055448351,1505.97998652041,1395.69291873248,1403.04507386613,1762.45320383266,1133.10777082323,1233.73462782723,1335.54296733576,844.274940881227,840.950754741323,1e+09,1689.79346521994,1176.44388472209,1125.60966880176,932.115947669602,1126.04343437542,616.586466361369,1375.41388672646,1102.12504980152,1011.93065913629,1534.36596429926,605.246453273375
1962.88562160407,2946.24156311053,2246.22254037751,3177.6226213476,2993.4089559397,3575.04440615778,2822.46011451004,2022.30642816562,1832.28373506944,1768.92109069342,1927.66317768432,1700.40143777874,1854.27854191327,1962.48603521146,1414.36916079219,1834.58748008919,2476.68274165263,1898.69760744043,1315.94813974564,2612.95758285511,1033.37832099382,1191.76750677303,1850.37092400416,2301.05292672724,2597.56515027054,2617.12307897432,2657.73134537711,1867.06742941973,2145.20729301389,1667.66581877185,1688.66171437621,1620.69186004003,1539.88160655292,1948.12393350629,1821.8008273409,2223.16854961562,2767.42899052532,1991.29213999353,1367.03507306872,1527.02604159196,1406.28969458643,1333.98942229689,1689.79346521994,1e+09,1184.05671029727,1573.44031129242,1557.8177564144,1250.52144291891,1608.70577117135,2161.78557102688,1324.69107323179,1403.86432036718,2108.67336581558,1451.06593795734
