1e+09,8382.08506961126,9396.53508095936,9653.21500119002,12222.1396077364,4213.2907680458,9189.82303420474,3555.31117899685,3019.63171413336,4543.04333204076,1924.36060698093,1789.17948481979,2228.19457626573,1889.87048998073,4976.3761234758,2180.82658427946,2851.9588979682,5809.89480820436,1892.4749499531,2516.34143976925,4105.70169191577,1561.09863371922,1542.6819408744,3537.21709093462,4830.02291223344,4655.40408497479,2308.13786542312,2509.55391637638,2191.61773779097,3376.50648986493,2332.65910687781,5026.98579302747,6129.29985939667,2018.08713947144,2977.22947483059,1473.19746785691,2960.48066323697,2463.43738420525,2324.9125538609,1541.80623510219,4700.18031538153,2941.32530086354,4698.15060616409,2214.95727742094,2098.25000579054,2766.49360977032,5238.297135778,1679.99960624995,2240.57913915131,3730.81971988731,1918.45386241108,3428.05189927166,5637.11073032986,6064.16318388613
8382.08506961126,1e+09,1153.23061765633,1947.85357293612,4899.11514643206,8565.98895826396,15744.57227621,9321.65007758283,7743.88401222539,5232.5871466226,8612.47144381333,8321.14503858093,8329.07844695318,9439.25180838503,9820.41547591037,7247.4906774483,5696.93887598419,11925.068856883,8540.59327830333,9017.10817494722,10861.1165732626,8847.20048302286,7836.23091900054,6597.18920483565,4584.94965844773,4736.44338785971,8242.34544040712,9667.75312212719,7273.6837309028,7982.03311554769,8335.16596444846,11425.3545954294,12963.6384678222,8482.09932793173,10077.4131644783,7996.15677373199,9545.08006591878,9829.92700687548,9458.88565083118,9028.92452939994,11336.7143695032,9922.08561051052,11233.7196751299,9252.78884059287,8814.91052832642,9336.75872348108,11798.4170912161,9090.76785721646,9652.15329136457,10149.7733318188,9142.52032106027,8511.69106621592,11157.3860018465,11741.9451801139
9396.53508095936,1153.23061765633,1e+09,1931.34310662295,4574.54943137573,9626.50345981343,16664.7248360031,10307.6817168265,8756.17607943673,6244.83129668849,9677.60113891867,9323.11360560409,9316.04940019105,10514.2383887755,10742.4121803718,8300.96049183467,6749.04747390326,12959.0020994558,9553.19300059933,10026.3531999925,11892.7982078525,9898.80352187576,8830.06569841924,7555.90870419303,5579.53683147625,5756.15067741455,9303.55351870993,10745.035464162,8281.35813811358,9002.543009639,9324.98231706634,12394.3644973996,13941.6937834002,9508.46537990227,11093.6154470263,8982.56984903541,10548.3443885427,10867.3408629342,10511.4696775094,10040.0564458822,12326.0885948057,10959.7934138559,12239.6289971102,10326.0403147334,9853.97079430927,10351.1247141168,12791.8392860448,10131.6317643063,10689.5215951183,11112.2764924564,10193.8269342725,9443.16583840398,12029.739961483,12676.1633869361
9653.21500119002,1947.85357293612,1931.34310662295,1e+09,3828.05124161106,9290.32829231024,16751.4353484231,10491.9538362738,8945.5649882833,6384.6334697616,9860.06827008312,9574.26343594639,9571.03344447714,10670.9493599539,10781.0227943781,8497.69522591273,7036.46832485587,12829.8211857999,9758.75276917086,10235.3754043953,11958.0729642865,10129.8345565068,9239.77569794311,7877.11740818937,5710.82706750082,5767.45363024273,9315.92823104601,10859.0266193154,8641.28189439507,9075.15320433215,9584.57138980664,12474.9207334676,14031.1511199972,9798.03825647257,11305.3163373698,9300.42098810048,10784.5227688201,11081.6113724629,10605.9358662826,10386.8677560273,12461.3426265591,11065.0445796888,12256.454350994,10389.579403614,9953.35286027779,10518.9239105101,12873.9360155432,10325.1518809943,10852.6325099028,11394.4340398152,10329.6082949258,9652.23319745747,12209.1455907611,12712.0483690631
12222.1396077364,4899.11514643206,4574.54943137573,3828.05124161106,1e+09,12252.8411346634,20051.3224344032,13537.3947751441,11993.996358437,9551.04054560549,12343.5141364159,12389.7860252024,12572.9800078223,13146.699493854,14097.1194582475,10669.0485452312,9579.51202947728,15844.1207716553,12681.1655560993,13198.6079560952,14921.8950611844,12685.8332916762,11919.2196345944,11083.135224836,8978.5539890508,8950.97287201788,12149.3345907585,13452.5657960182,11379.423085192,12159.0573167865,12618.7419179925,15661.3696478341,17156.3750253485,12597.6614022484,14221.134960586,12180.9571890841,13723.5790413944,13846.5493947012,13387.6345819379,13070.5958882218,15559.5434367818,13955.1795398734,15355.0290655212,13111.4750750631,12860.8496922326,13511.4502085935,15983.3768401518,13080.7049688998,13668.5576558758,14510.0841187879,13079.6741068652,12904.5899428653,15606.0640844064,16020.928581802
4213.2907680458,8565.98895826396,9626.50345981343,9290.32829231024,12252.8411346634,1e+09,8146.81539338532,3492.89915562989,2724.06044747542,3949.50708095327,3969.7903146388,3918.60389177064,3164.46680851609,3878.73104277675,3470.41153386742,4834.67276059094,4534.43910710024,3823.99089197399,3137.22724033501,3301.29418801173,3559.84662982831,4083.03485315764,4441.23498209676,3514.96691721274,4391.22171783662,4002.25564786909,2235.09392990541,3552.9835743358,4079.10132148001,2127.98026250245,3095.88287785569,4045.22128383603,5511.07653132308,3622.69703577321,3642.82697284678,3701.33492583419,3676.64913652364,3833.00672832699,3153.92949886328,4315.01634649279,4092.61035269667,3049.18075262848,3603.45745520882,2932.35861130592,2606.21642775499,2976.96769633129,4229.5766378445,3385.89631960283,3351.26328910457,4013.54448384467,3197.13192112869,3263.55074751412,4790.83969221472,4449.20177792601
9189.82303420474,15744.57227621,16664.7248360031,16751.4353484231,20051.3224344032,8146.81539338532,1e+09,7045.40618253483,8333.16899897032,10710.4150428823,9037.73343665877,8634.80900132134,7977.65371257113,8430.94761007919,6229.11532430569,10958.9226300809,11216.1354969214,4848.25051982671,7934.17815025602,7411.00675153518,5621.89966045286,8737.63969417371,9355.29364469657,9265.08054367581,11247.1488772711,11201.3405713513,8364.13648700211,7873.78715353673,9623.65130828211,8041.11201559212,7822.54297759367,4525.4110801451,3410.08019281072,8282.54923740873,6503.61902340535,8595.53639006316,7133.95041514868,7302.45542371195,7444.52966308148,8305.39516300098,4776.27502037938,6643.088425898,4942.2604390299,7720.35514754341,7642.16229083105,6910.18071832423,4300.42892919997,7832.34718237132,7164.14634282411,6132.80508856266,7789.96851019309,7445.47853791145,4880.34527762125,4156.30001335322
3555.31117899685,9321.65007758283,10307.6817168265,10491.9538362738,13537.3947751441,3492.89915562989,7045.40618253483,1e+09,2011.71928481585,4293.06684507707,2863.80471869155,3020.75703687006,2722.29687701397,3243.29460067999,2994.45191268786,4578.67819668515,4800.33075912483,3672.40958672913,2459.11675523957,1531.87466256218,2180.67549894522,3067.78025805304,3166.04224807566,3103.94745234194,5094.0192032618,5193.10197170246,2519.40802044845,2613.13601775721,3087.59062948766,2118.96641492969,1917.25744082531,3275.68705092535,4192.2029639439,2319.2146247383,1766.3202694019,2792.02855995421,2600.31680302612,2529.87146993676,2300.32880975742,2846.77607298151,2654.65017341269,1896.9267790297,2987.71615691652,2215.86870773067,2159.18405989392,1625.41742454054,3213.28791330624,2201.79820608066,2080.64476422574,2442.10168789099,2563.20782003723,2677.88491847577,3762.11193750266,3814.90742615073
3019.63171413336,7743.88401222539,8756.17607943673,8945.5649882833,11993.996358437,2724.06044747542,8333.16899897032,2011.71928481585,1e+09,2712.4079476362,2752.49941487732,2658.98339740962,1812.97082510999,3058.92619360128,3474.13514263622,3690.74598466218,3251.53286541902,4598.33568402743,1855.24109161047,1822.64270072332,3339.0368157,2852.07386208703,2488.94518724298,1533.81769040522,3487.30672176968,3414.85857367476,1546.95344364334,2729.39381977024,1932.41156273709,710.063016992154,1219.17665582146,4094.86943290015,5515.91614163957,1875.51782302915,2591.58243569445,2098.97279594091,2600.28301182775,2802.31931576328,2544.10161127656,2790.5118277119,3765.66926355728,2474.91043601582,3826.81761535613,2319.07468077248,1750.85628445055,1896.86895633304,4208.32638873222,2168.9980416312,2425.60261708302,2910.32127953255,2435.8478016083,2273.42297795637,4465.74457543196,4677.82945505712
4543.04333204076,5232.5871466226,6244.83129668849,6384.6334697616,9551.04054560549,3949.50708095327,10710.4150428823,4293.06684507707,2712.4079476362,1e+09,4398.25838191664,4132.77363218698,3826.26673360601,5122.57963720429,5097.56580435211,4168.16957302603,2799.72897329367,6876.78653687898,3935.10202043098,4178.08816868433,5822.64961619708,4587.5098639894,3795.90631808795,1823.4966304877,1225.82854400605,1619.61753830959,3586.06154325327,5013.72628915859,3082.54725725333,2903.10541849586,3581.63818040014,6475.70014782186,7940.10901834477,3867.3656222421,5186.86104820632,3745.54184527419,4821.39966758617,5153.48293775191,4781.81021866197,4740.58604313855,6304.27103548856,5042.90106328689,6245.67672445509,4539.93181528093,4079.94568471199,4414.93981892166,6724.51522298076,4487.78119090047,4908.50047823161,5298.63731267767,4591.87489914523,3896.97490139467,6422.28422180146,6797.89053543818
1924.36060698093,8612.47144381333,9677.60113891867,9860.06827008312,12343.5141364159,3969.7903146388,9037.73343665877,2863.80471869155,2752.49941487732,4398.25838191664,1e+09,2341.682014493,2844.81714892188,1507.42128656856,4856.70308997781,2260.24188794032,3304.14416425797,5156.04502060446,2460.38455069528,2281.3561504947,3548.85307603738,1454.71760341999,2016.99714893205,3624.90596075264,5029.0762933167,4920.63431499436,2188.44637555961,1710.32220786026,2230.53515011533,3093.3981421731,2518.38592479389,5002.52150841953,5871.38470116718,1865.80532585798,2662.41066537452,2319.79158331088,3051.80175337455,2294.41292826727,1994.24581629247,1799.95709684981,4388.75452635483,2557.27861974404,4501.38139413891,1665.1604872504,2262.3325149279,2643.51224022133,4953.34983904832,1598.46160926686,2119.27563905689,3827.2401166637,1855.75480139484,3873.7095419249,5865.62492732872,5900.02192432367
1789.17948481979,8321.14503858093,9323.11360560409,9574.26343594639,12389.7860252024,3918.60389177064,8634.80900132134,3020.75703687006,2658.98339740962,4132.77363218698,2341.682014493,1e+09,1757.26505752547,2617.5005858261,3900.54600793274,3229.34559497741,3199.79196033117,5292.48653888699,1391.33353977398,1728.95316194511,3550.79876282788,1495.4682527222,1536.79129877807,2878.47311290205,4380.67533136159,4454.16728452132,2509.69488358645,2801.46365714424,2522.56638019696,3005.22065732285,1913.5425704175,4356.49344872685,5420.92953229425,1386.56896142961,2627.71909813435,1359.42226515531,1976.60182963084,2025.70402270421,1884.4140550845,1364.4383560645,4151.66718088047,2755.26259641436,4045.37307885194,2154.66816533312,1888.92425298105,2203.90635118646,4743.63106780028,1924.54729926287,2204.5462737035,2848.90672321858,1623.15808308988,2393.03957969775,4676.96798985197,5204.38136774199
2228.19457626573,8329.07844695318,9316.04940019105,9571.03344447714,12572.9800078223,3164.46680851609,7977.65371257113,2722.29687701397,1812.97082510999,3826.26673360601,2844.81714892188,1757.26505752547,1e+09,2691.06513042698,3266.50582678188,3788.81652453639,3355.39998387674,4656.80870344703,857.49495514551,1604.896495728,3179.69401831371,2365.912328997,2182.97110338181,2273.08294787058,4140.80689395195,3956.04633376557,1846.08396095627,2742.97181328938,2463.39783467876,1996.73955111827,908.530586276544,3555.74145227124,5047.92167885953,1572.56427614263,2207.39163147367,1190.67307654116,1735.1565584984,2127.15898681786,1971.3461837029,1987.07999962256,3463.05499800393,2176.25155103908,3401.76413487179,2163.26910954232,1277.66701338807,1524.89910053092,3951.6844228759,1767.74393912127,1904.00936507676,2248.33043132009,1638.54187590675,1590.93700440967,3920.50513608897,4401.80949679788
1889.87048998073,9439.25180838503,10514.2383887755,10670.9493599539,13146.699493854,3878.73104277675,8430.94761007919,3243.29460067999,3058.92619360128,5122.57963720429,1507.42128656856,2617.5005858261,2691.06513042698,1e+09,4948.41036224766,2879.10664620121,3866.17961804674,4715.00411530043,2284.18555745806,2420.34567795594,3183.85081995058,1488.26941764588,2482.39182012027,4143.26374066387,5676.18908617393,5442.66406513391,2146.31115444616,1037.07019314027,2763.55746043031,3249.94940376,2618.05355304279,4487.99176273754,5386.04781361064,2045.87989921207,2289.44966009301,2507.81939856123,2714.91255017542,1756.57468597267,1787.61456718164,1747.02539858469,3933.29900335583,2134.03338521214,3976.75989766795,1380.09867440702,1975.93201246905,2443.35288020376,4373.61443149714,1272.63362045013,1604.050147751,3442.08506341723,1547.25959105122,3924.26659206533,5611.56932578579,5567.38519404756
4976.3761234758,9820.41547591037,10742.4121803718,10781.0227943781,14097.1194582475,3470.41153386742,6229.11532430569,2994.45191268786,3474.13514263622,5097.56580435211,4856.70308997781,3900.54600793274,3266.50582678188,4948.41036224766,1e+09,6398.75087308453,5989.11444896489,3397.99592329067,3426.13461508739,3099.77697607425,2833.66696820569,4671.90434800414,4873.59620311326,3797.67258387292,5404.26129599597,5468.83251254781,3921.37769064649,4575.78108616442,5079.1570369206,3159.30195264714,3134.05986353165,2377.08193804925,3687.96975148929,3858.82007976532,3191.35815340428,3820.24555718608,3246.67369831032,3871.31305383587,3438.41874692423,4306.11116671412,2720.6548025797,3117.44184952984,2527.45748223388,3742.87176690573,3304.19923199253,2732.1604940047,3061.92645414615,3914.7388733222,3575.22325824556,2728.79068523036,3625.20824710802,2108.05678562035,2053.69895123409,2206.37735523641
2180.82658427946,7247.4906774483,8300.96049183467,8497.69522591273,10669.0485452312,4834.67276059094,10958.9226300809,4578.67819668515,3690.74598466218,4168.16957302603,2260.24188794032,3229.34559497741,3788.81652453639,2879.10664620121,6398.75087308453,1e+09,2050.98911489067,7072.64951947288,3496.55715295775,3898.55627528961,5543.92585115458,2672.12575813714,2387.12552120746,4010.03447031319,4532.73682825288,4356.44227234793,3101.87596284893,3412.5642755412,2254.83749638416,4100.08280696866,3686.05838423647,6765.6086090462,7853.85365135486,3189.75684001148,4542.6392822345,3034.75793650828,4542.84170280013,3999.07612420669,3773.2228258347,3135.10059039578,6312.29751700599,4402.0059590146,6314.47489771715,3384.37036432185,3537.37517808049,4278.67547514415,6831.62103244903,3150.88004413053,3828.30969187447,5418.93341931786,3443.06242140627,4921.98563596035,7415.04728690923,7685.14797257021
2851.9588979682,5696.93887598419,6749.04747390326,7036.46832485587,9579.51202947728,4534.43910710024,11216.1354969214,4800.33075912483,3251.53286541902,2799.72897329367,3304.14416425797,3199.79196033117,3355.39998387674,3866.17961804674,5989.11444896489,2050.98911489067,1e+09,7347.76236204601,3384.91520048878,4008.74488761757,5934.05782493733,3355.54728333546,2520.00730177514,2854.8593490223,2864.47387343645,2631.4729654131,3189.04752183156,4255.24217156909,2183.82746074409,3658.42864314722,3453.20059507119,6783.86898448076,8167.40085010525,3263.51677829301,4934.51014708654,2886.72709731973,4477.4512916502,4444.69161078696,4194.66624183617,3619.40086040494,6536.97573169734,4800.65621041541,6459.5649190406,3978.24968144283,3662.70922904071,4357.03342945633,7036.30020587524,3711.824954453,4334.04631667683,5338.31623379507,3789.52465210348,4298.3843643397,7088.73550216821,7534.76141251334
5809.89480820436,11925.068856883,12959.0020994558,12829.8211857999,15844.1207716553,3823.99089197399,4848.25051982671,3672.40958672913,4598.33568402743,6876.78653687898,5156.04502060446,5292.48653888699,4656.80870344703,4715.00411530043,3397.99592329067,7072.64951947288,7347.76236204601,1e+09,4554.71982839779,3964.41595376923,2038.30616110534,5180.28100110409,6001.61449352589,5773.92244876912,7525.67507243702,7345.76094567472,4353.46559412154,4048.89853905973,6019.13193776312,4172.47161959192,4421.85509664213,2212.80364729906,2552.89823827743,4767.17494477599,3252.67481706979,5310.28075081723,3974.55197062512,3957.3141833951,3719.26670701363,5081.57892224454,2023.89613629257,2957.74434928038,1724.94299424648,3816.2974002035,3954.17869687246,3446.14471908827,1712.01052482162,4275.65926453454,3698.43228903815,3527.8945450084,4105.0510361261,4499.17802013879,3734.29112475179,2362.24609094819
1892.4749499531,8540.59327830333,9553.19300059933,9758.75276917086,12681.1655560993,3137.22724033501,7934.17815025602,2459.11675523957,1855.24109161047,3935.10202043098,2460.38455069528,1391.33353977398,857.49495514551,2284.18555745806,3426.13461508739,3496.55715295775,3384.91520048878,4554.71982839779,1e+09,1223.03569526813,2910.35732603404,1774.97766284537,1844.29268336129,2545.76162415101,4325.37763286629,4239.04812251524,1676.55377134168,2259.85168150478,2326.69630467751,2064.4295997442,1032.26612193756,3571.28339784173,4886.94827351385,1120.27261302774,1918.43687120531,1135.87280339834,1478.77469798479,1655.45783434674,1504.64545308853,1589.4849937637,3399.2322843401,1937.85120576891,3320.000672018,1632.83747899171,918.551834574402,1256.18740309717,3884.56374957343,1313.12078507653,1455.15550495471,2238.32984452694,1227.2836664765,1849.68193327934,4049.70937191794,4483.89286607073
2516.34143976925,9017.10817494722,10026.3531999925,10235.3754043953,13198.6079560952,3301.29418801173,7411.00675153518,1531.87466256218,1822.64270072332,4178.08816868433,2281.3561504947,1728.95316194511,1604.896495728,2420.34567795594,3099.77697607425,3898.55627528961,4008.74488761757,3964.41595376923,1223.03569526813,1e+09,2226.89453906107,1929.02224665762,2160.11064795302,2774.88546039292,4787.51355904085,4789.88670737628,1908.86397841753,2004.93030459914,2519.09250761063,2065.08749364282,1150.86293901576,3209.09094638965,4277.9846758842,1144.32691718757,1302.75835729425,1832.49367136697,1309.6314798828,1355.82587879123,1218.06548945449,1713.20480623304,2801.3100199728,1494.49024339405,2864.76691308386,1497.97323323883,1214.07867179191,858.127791765306,3379.31303545558,1343.15752951767,1249.67856007055,1855.94154072805,1351.17168431699,2095.64094104882,3779.27960641972,4028.1678691559
4105.70169191577,10861.1165732626,11892.7982078525,11958.0729642865,14921.8950611844,3559.84662982831,5621.89966045286,2180.67549894522,3339.0368157,5822.64961619708,3548.85307603738,3550.79876282788,3179.69401831371,3183.85081995058,2833.66696820569,5543.92585115458,5934.05782493733,2038.30616110534,2910.35732603404,2226.89453906107,1e+09,3395.96221851775,4204.2453013472,4516.61036982381,6457.86730280981,6402.13340462381,3167.19761221178,2563.1538303036,4475.75903142696,3152.73399082447,2875.85323413765,1848.47402159186,2502.01980351875,3003.41924451116,1363.25006136072,3606.9377029691,2345.70393630569,2165.30937426964,2043.32286394001,3190.84057853099,1151.65886680909,1344.12276563564,1291.05078482607,2213.92503048319,2455.48051672173,1759.59840710885,1597.77477345839,2550.58056755712,1928.73507024682,2040.24789525685,2450.22848591718,3202.13911651259,3217.59927669684,2681.77565079557
1561.09863371922,8847.20048302286,9898.80352187576,10129.8345565068,12685.8332916762,4083.03485315764,8737.63969417371,3067.78025805304,2852.07386208703,4587.5098639894,1454.71760341999,1495.4682527222,2365.912328997,1488.26941764588,4671.90434800414,2672.12575813714,3355.54728333546,5180.28100110409,1774.97766284537,1929.02224665762,3395.96221851775,1e+09,1484.57978899755,3568.27950186081,5058.67389183173,5039.3213823887,2369.54389408595,1751.17143312698,2380.85404306942,3203.36238363692,2341.58753329872,4637.94953828737,5497.67991694678,1218.09218686436,2414.1932166668,1955.76003893627,2183.69865361501,1531.52984890925,1618.85129950221,1001.75222565263,4192.66303553004,2517.88195114465,4193.71130744595,1577.08373797969,1971.56616099993,2315.21512268299,4724.34236988599,1441.57454479468,1819.13942346374,3220.6628131023,1364.71065907759,3403.8509647016,5387.55964624059,5621.38399627708
1542.6819408744,7836.23091900054,8830.06569841924,9239.77569794311,11919.2196345944,4441.23498209676,9355.29364469657,3166.04224807566,2488.94518724298,3795.90631808795,2016.99714893205,1536.79129877807,2182.97110338181,2482.39182012027,4873.59620311326,2387.12552120746,2520.00730177514,6001.61449352589,1844.29268336129,2160.11064795302,4204.2453013472,1484.57978899755,1e+09,2754.76313495371,4235.17204755604,4291.6311301998,2517.1336518151,2698.97218494374,1415.08064353237,3063.99643811803,2078.50873531963,5183.66371885754,6244.12057848822,1363.14987958038,3019.85667548975,1515.96767313818,2649.52024281756,2452.23875709524,2541.55162225755,1498.37984960423,4790.99091508218,3203.71674525074,4889.9286098572,2510.75868615445,2338.24303225734,2698.88448563476,5365.76202938595,2005.49801283871,2540.00158139715,3506.85292038317,2227.82225208835,3202.99591367207,5550.66431637691,6072.79705444699
3537.21709093462,6597.18920483565,7555.90870419303,7877.11740818937,11083.135224836,3514.96691721274,9265.08054367581,3103.94745234194,1533.81769040522,1823.4966304877,3624.90596075264,2878.47311290205,2273.08294787058,4143.26374066387,3797.67258387292,4010.03447031319,2854.8593490223,5773.92244876912,2545.76162415101,2774.88546039292,4516.61036982381,3568.27950186081,2754.76313495371,1e+09,2308.53044989664,2487.4068229383,2713.50530447243,4032.82551092903,2337.22912839114,1888.29342150525,2038.8269671799,4989.25027024101,6484.58830762601,2593.70721429771,3750.04018559802,2379.46466544473,3332.8521662084,3807.39167981178,3565.82009763533,3422.61327923562,4837.10173094385,3732.76463949979,4852.15757058651,3487.40768184622,2812.00931093764,2981.09188967734,5319.21012738734,3262.0900172742,3595.01027928989,3642.54277195203,3354.14472236962,2301.68666879313,4879.73675945742,5410.44445717725
4830.02291223344,4584.94965844773,5579.53683147625,5710.82706750082,8978.5539890508,4391.22171783662,11247.1488772711,5094.0192032618,3487.30672176968,1225.82854400605,5029.0762933167,4380.67533136159,4140.80689395195,5676.18908617393,5404.26129599597,4532.73682825288,2864.47387343645,7525.67507243702,4325.37763286629,4787.51355904085,6457.86730280981,5058.67389183173,4235.17204755604,2308.53044989664,1e+09,1131.94975219751,4200.02344737503,5724.76506418386,3748.7093734911,3631.24289220647,4104.82327658573,6933.81779413045,8481.96747390015,4421.43545052961,5807.43066602607,4018.3676405227,5286.27539357344,5703.21612308354,5307.94510749688,5161.81819886172,6897.98827965081,5656.92736474493,6758.33909429676,5124.59100622674,4572.68093810404,4984.34598494125,7324.79268595365,5046.67747153511,5477.65737240839,5768.99816273155,5049.77683088075,4091.9844973069,6725.11786284077,7248.82545290615
4655.40408497479,4736.44338785971,5756.15067741455,5767.45363024273,8950.97287201788,4002.25564786909,11201.3405713513,5193.10197170246,3414.85857367476,1619.61753830959,4920.63431499436,4454.16728452132,3956.04633376557,5442.66406513391,5468.83251254781,4356.44227234793,2631.4729654131,7345.76094567472,4239.04812251524,4789.88670737628,6402.13340462381,5039.3213823887,4291.6311301998,2487.4068229383,1131.94975219751,1e+09,3855.76811006575,5537.18372449389,3682.37541339826,3477.85698482557,4017.379727845,6831.24740687233,8463.91133433001,4441.70768447227,5737.47564205723,3969.37779374803,5257.64208523174,5628.00617193158,5175.65071349487,5164.27952219862,6820.51524051519,5480.9483989817,6637.26707264368,4998.38493085517,4401.60116189552,4911.66279098026,7205.39727092823,4911.01366945766,5339.81611984907,5803.86769483075,4885.08365314249,4168.31864498145,6795.49756633023,7209.99948804436
2308.13786542312,8242.34544040712,9303.55351870993,9315.92823104601,12149.3345907585,2235.09392990541,8364.13648700211,2519.40802044845,1546.95344364334,3586.06154325327,2188.44637555961,2509.69488358645,1846.08396095627,2146.31115444616,3921.37769064649,3101.87596284893,3189.04752183156,4353.46559412154,1676.55377134168,1908.86397841753,3167.19761221178,2369.54389408595,2517.1336518151,2713.50530447243,4200.02344737503,3855.76811006575,1e+09,1958.68048650105,2115.60871765079,1542.58803680698,1598.36994619519,4083.342030237,5444.19595108405,1982.00976665101,2444.14183618709,2081.57611451035,2612.5446942397,2408.06518094922,1920.74860101472,2553.76216559021,3777.11757260745,2019.93587158108,3640.71877691755,1585.17088283882,1142.19525773836,1896.18087067136,4164.70520945961,1573.02679818241,1872.26079321231,3207.87118461761,1781.27488928576,2824.33390842868,4881.46650442262,4904.84830941794
2509.55391637638,9667.75312212719,10745.035464162,10859.0266193154,13452.5657960182,3552.9835743358,7873.78715353673,2613.13601775721,2729.39381977024,5013.72628915859,1710.32220786026,2801.46365714424,2742.97181328938,1037.07019314027,4575.78108616442,3412.5642755412,4255.24217156909,4048.89853905973,2259.85168150478,2004.93030459914,2563.1538303036,1751.17143312698,2698.97218494374,4032.82551092903,5724.76506418386,5537.18372449389,1958.68048650105,1e+09,2817.73250050462,2860.47180816382,2469.31457277116,4024.10944382729,4831.07133954778,1938.56093479158,1825.93633826593,2784.99835868892,2409.58780064143,1477.76635091614,1523.4479421037,2065.1394072556,3389.78841335267,1670.77360240698,3458.4661848571,1106.16098068952,1825.29253962207,2030.19436461143,3783.8683273206,1280.22938889872,1322.28510064963,3088.8134361434,1579.91276759193,3781.70920194824,5209.55030700348,5028.82926359605
2191.61773779097,7273.6837309028,8281.35813811358,8641.28189439507,11379.423085192,4079.10132148001,9623.65130828211,3087.59062948766,1932.41156273709,3082.54725725333,2230.53515011533,2522.56638019696,2463.39783467876,2763.55746043031,5079.1570369206,2254.83749638416,2183.82746074409,6019.13193776312,2326.69630467751,2519.09250761063,4475.75903142696,2380.85404306942,1415.08064353237,2337.22912839114,3748.7093734911,3682.37541339826,2115.60871765079,2817.73250050462,1e+09,2548.43201602476,2098.73795689219,5459.54039863247,6683.44915466558,1996.17461393035,3364.01037985914,2054.94097158532,3282.01834641429,3088.79006960654,3058.64785235241,2464.02607133123,5011.46578458838,3382.40427242221,5128.46048550635,2775.22096003183,2460.4257311693,2967.17005540633,5532.93711320669,2304.50233069962,2907.85241540901,3899.07952364401,2788.61455246149,3482.28425943374,5877.43341074997,6261.05632972584
3376.50648986493,7982.03311554769,9002.543009639,9075.15320433215,12159.0573167865,2127.98026250245,8041.11201559212,2118.96641492969,710.063016992154,2903.10541849586,3093.3981421731,3005.22065732285,1996.73955111827,3249.94940376,3159.30195264714,4100.08280696866,3658.42864314722,4172.47161959192,2064.4295997442,2065.08749364282,3152.73399082447,3203.36238363692,3063.99643811803,1888.29342150525,3631.24289220647,3477.85698482557,1542.58803680698,2860.47180816382,2548.43201602476,1e+09,1529.0802934444,3799.69149608228,5303.29185000222,2286.76312765446,2650.75018666415,2467.79321487843,2731.29203859639,2981.7597364979,2605.85703625506,3180.23597113485,3558.84946048579,2388.21949338833,3522.79310909682,2363.74061425953,1784.10617063559,1902.06245828048,3917.68791049006,2391.56112209159,2516.73538360711,2947.72436564208,2554.46776838151,2250.01048237558,4246.90124397778,4312.22564691367
2332.65910687781,8335.16596444846,9324.98231706634,9584.57138980664,12618.7419179925,3095.88287785569,7822.54297759367,1917.25744082531,1219.17665582146,3581.63818040014,2518.38592479389,1913.5425704175,908.530586276544,2618.05355304279,3134.05986353165,3686.05838423647,3453.20059507119,4421.85509664213,1032.26612193756,1150.86293901576,2875.85323413765,2341.58753329872,2078.50873531963,2038.8269671799,4104.82327658573,4017.379727845,1598.36994619519,2469.31457277116,2098.73795689219,1529.0802934444,1e+09,3499.63952995162,4908.09003418845,1401.07245758383,1867.7779158401,1249.59013552444,1893.71270870214,2089.15254679978,1892.17865583565,1963.72445752962,3213.10358500936,1878.47417874189,3299.13438575939,1913.35887498922,1111.56866306135,1200.77024321891,3757.49147168693,1484.70409156168,1676.68670385973,2160.83172301778,1715.60591888114,1671.18849828498,3877.69346634053,4281.62711556016
5026.98579302747,11425.3545954294,12394.3644973996,12474.9207334676,15661.3696478341,4045.22128383603,4525.4110801451,3275.68705092535,4094.86943290015,6475.70014782186,5002.52150841953,4356.49344872685,3555.74145227124,4487.99176273754,2377.08193804925,6765.6086090462,6783.86898448076,2212.80364729906,3571.28339784173,3209.09094638965,1848.47402159186,4637.94953828737,5183.66371885754,4989.25027024101,6933.81779413045,6831.24740687233,4083.342030237,4024.10944382729,5459.54039863247,3799.69149608228,3499.63952995162,1e+09,1883.67043489566,4050.18441844319,2511.38747836729,4278.79564078492,2945.57393811461,3296.1687663407,3248.85424308324,4233.73183733925,1075.93892057124,2527.57648264103,862.135211495274,3579.81898233696,3293.92517648777,2601.16696815103,1040.47658032269,3697.30299744287,3069.48196086897,2096.77596013499,3512.61859203358,3133.09757569087,1824.90961367954,1278.59612032103
6129.29985939667,12963.6384678222,13941.6937834002,14031.1511199972,17156.3750253485,5511.07653132308,3410.08019281072,4192.2029639439,5515.91614163957,7940.10901834477,5871.38470116718,5420.92953229425,5047.92167885953,5386.04781361064,3687.96975148929,7853.85365135486,8167.40085010525,2552.89823827743,4886.94827351385,4277.9846758842,2502.01980351875,5497.67991694678,6244.12057848822,6484.58830762601,8481.96747390015,8463.91133433001,5444.19595108405,4831.07133954778,6683.44915466558,5303.29185000222,4908.09003418845,1883.67043489566,1e+09,5124.43555926894,3437.72158971607,5592.17500270691,3983.23262137676,4101.98068565663,4194.07193826,5149.05308090721,1947.31891432811,3617.47869363456,2043.64570422566,4581.26508508294,4633.09051551985,3861.4791880185,1760.93880924352,4776.24066470692,4085.0958678102,3260.37165677473,4585.02873781616,4674.26329109733,2886.11595387296,2143.83379318454
2018.08713947144,8482.09932793173,9508.46537990227,9798.03825647257,12597.6614022484,3622.69703577321,8282.54923740873,2319.2146247383,1875.51782302915,3867.3656222421,1865.80532585798,1386.56896142961,1572.56427614263,2045.87989921207,3858.82007976532,3189.75684001148,3263.51677829301,4767.17494477599,1120.27261302774,1144.32691718757,3003.41924451116,1218.09218686436,1363.14987958038,2593.70721429771,4421.43545052961,4441.70768447227,1982.00976665101,1938.56093479158,1996.17461393035,2286.76312765446,1401.07245758383,4050.18441844319,5124.43555926894,1e+09,1946.16440191984,1483.66630621579,1542.23117615356,1446.00302938825,1517.87310714697,1179.12892675059,3641.92310281258,2128.08549790651,3718.52586247561,1583.45018832295,1506.11960697018,1557.95208141971,4187.38211597652,1323.25693291212,1607.69864200353,2489.87003387727,1293.0770511845,2506.10185235956,4600.21434501698,4910.00410485572
2977.22947483059,10077.4131644783,11093.6154470263,11305.3163373698,14221.134960586,3642.82697284678,6503.61902340535,1766.3202694019,2591.58243569445,5186.86104820632,2662.41066537452,2627.71909813435,2207.39163147367,2289.44966009301,3191.35815340428,4542.6392822345,4934.51014708654,3252.67481706979,1918.43687120531,1302.75835729425,1363.25006136072,2414.1932166668,3019.85667548975,3750.04018559802,5807.43066602607,5737.47564205723,2444.14183618709,1825.93633826593,3364.01037985914,2650.75018666415,1867.7779158401,2511.38747836729,3437.72158971607,1946.16440191984,1e+09,2500.49338401444,1623.19882669992,1234.80105519067,1363.73656558002,2025.79424700536,1864.61013992202,762.62269812798,2170.44008583513,1547.83592541329,1623.95557457709,936.890920278343,2451.54177600546,1441.04580877917,867.282345029576,1597.94123280551,1588.1011419302,2687.9979851741,3529.04537706729,3522.4718062179
1473.19746785691,7996.15677373199,8982.56984903541,9300.42098810048,12180.9571890841,3701.33492583419,8595.53639006316,2792.02855995421,2098.97279594091,3745.54184527419,2319.79158331088,1359.42226515531,1190.67307654116,2507.81939856123,3820.24555718608,3034.75793650828,2886.72709731973,5310.28075081723,1135.87280339834,1832.49367136697,3606.9377029691,1955.76003893627,1515.96767313818,2379.46466544473,4018.3676405227,3969.37779374803,2081.57611451035,2784.99835868892,2054.94097158532,2467.79321487843,1249.59013552444,4278.79564078492,5592.17500270691,1483.66630621579,2500.49338401444,1e+09,2354.64323584275,2352.82362143872,2140.90456274912,1517.46632315185,4041.70101115855,2543.9195157473,4092.32857020303,2151.43325485593,1602.28832807956,2001.1812234278,4621.76608588102,1607.57193067682,2043.46696799826,2885.15028024538,1756.07462805543,2122.5080852614,4576.46711729692,5149.28307948786
2960.48066323697,9545.08006591878,10548.3443885427,10784.5227688201,13723.5790413944,3676.64913652364,7133.95041514868,2600.31680302612,2600.28301182775,4821.39966758617,3051.80175337455,1976.60182963084,1735.1565584984,2714.91255017542,3246.67369831032,4542.84170280013,4477.4512916502,3974.55197062512,1478.77469798479,1309.6314798828,2345.70393630569,2183.69865361501,2649.52024281756,3332.8521662084,5286.27539357344,5257.64208523174,2612.5446942397,2409.58780064143,3282.01834641429,2731.29203859639,1893.71270870214,2945.57393811461,3983.23262137676,1542.23117615356,1623.19882669992,2354.64323584275,1e+09,1161.24662001661,1528.4006206162,1957.4085065208,2760.73467890343,1918.080604641,2678.02091354791,2055.75160148302,1773.81814642877,1329.49355963088,3216.88357195283,1993.48689491554,1680.58559579689,1483.37485245638,1551.73933655108,2249.7122125063,3566.05116365427,3843.52297162382
2463.43738420525,9829.92700687548,10867.3408629342,11081.6113724629,13846.5493947012,3833.00672832699,7302.45542371195,2529.87146993676,2802.31931576328,5153.48293775191,2294.41292826727,2025.70402270421,2127.15898681786,1756.57468597267,3871.31305383587,3999.07612420669,4444.69161078696,3957.3141833951,1655.45783434674,1355.82587879123,2165.30937426964,1531.52984890925,2452.23875709524,3807.39167981178,5703.21612308354,5628.00617193158,2408.06518094922,1477.76635091614,3088.79006960654,2981.7597364979,2089.15254679978,3296.1687663407,4101.98068565663,1446.00302938825,1234.80105519067,2352.82362143872,1161.24662001661,1e+09,1014.14553570974,1414.28490400626,2829.8266547264,1509.54388694069,2858.81971248626,1379.80304815579,1627.05070016272,1442.6684972647,3325.15202882515,1318.40837319095,1006.91451270701,2019.28384299979,1081.28924257111,2977.53788815525,4259.54552194245,4342.29422304615
2324.9125538609,9458.88565083118,10511.4696775094,10605.9358662826,13387.6345819379,3153.92949886328,7444.52966308148,2300.32880975742,2544.10161127656,4781.81021866197,1994.24581629247,1884.4140550845,1971.3461837029,1787.61456718164,3438.41874692423,3773.2228258347,4194.66624183617,3719.26670701363,1504.64545308853,1218.06548945449,2043.32286394001,1618.85129950221,2541.55162225755,3565.82009763533,5307.94510749688,5175.65071349487,1920.74860101472,1523.4479421037,3058.64785235241,2605.85703625506,1892.17865583565,3248.85424308324,4194.07193826,1517.87310714697,1363.73656558002,2140.90456274912,1528.4006206162,1014.14553570974,1e+09,1671.14690189103,2864.60901419374,1200.72163801607,2758.72223438678,875.190640089346,1253.67093405726,1232.6322780132,3369.4976338024,1175.49708766122,904.917451981119,2378.1694932868,574.545687391351,2722.99299811806,4218.15357713538,4210.52049223134
1541.80623510219,9028.92452939994,10040.0564458822,10386.8677560273,13070.5958882218,4315.01634649279,8305.39516300098,2846.77607298151,2790.5118277119,4740.58604313855,1799.95709684981,1364.4383560645,1987.07999962256,1747.02539858469,4306.11116671412,3135.10059039578,3619.40086040494,5081.57892224454,1589.4849937637,1713.20480623304,3190.84057853099,1001.75222565263,1498.37984960423,3422.61327923562,5161.81819886172,5164.27952219862,2553.76216559021,2065.1394072556,2464.02607133123,3180.23597113485,1963.72445752962,4233.73183733925,5149.05308090721,1179.12892675059,2025.79424700536,1517.46632315185,1957.4085065208,1414.28490400626,1671.14690189103,1e+09,3780.05791044264,2295.4990870179,3913.72340024177,1772.37594364175,1876.95349777239,2032.08784950356,4387.6982946529,1271.14355798234,1605.91329442159,2683.79561902541,1354.84589315538,2981.69087188796,4860.61463341829,5236.91200044454
4700.18031538153,11336.7143695032,12326.0885948057,12461.3426265591,15559.5434367818,4092.61035269667,4776.27502037938,2654.65017341269,3765.66926355728,6304.27103548856,4388.75452635483,4151.66718088047,3463.05499800393,3933.29900335583,2720.6548025797,6312.29751700599,6536.97573169734,2023.89613629257,3399.2322843401,2801.3100199728,1151.65886680909,4192.66303553004,4790.99091508218,4837.10173094385,6897.98827965081,6820.51524051519,3777.11757260745,3389.78841335267,5011.46578458838,3558.84946048579,3213.10358500936,1075.93892057124,1947.31891432811,3641.92310281258,1864.61013992202,4041.70101115855,2760.73467890343,2829.8266547264,2864.60901419374,3780.05791044264,1e+09,1974.43478028523,996.065456835042,3097.73584169148,3023.429502684,2249.44747758199,776.04997558147,3199.76954696741,2575.01854752544,1906.05846232481,3171.94599280946,3296.13835841277,2519.0346954141,1943.66316534013
2941.32530086354,9922.08561051052,10959.7934138559,11065.0445796888,13955.1795398734,3049.18075262848,6643.088425898,1896.9267790297,2474.91043601582,5042.90106328689,2557.27861974404,2755.26259641436,2176.25155103908,2134.03338521214,3117.44184952984,4402.0059590146,4800.65621041541,2957.74434928038,1937.85120576891,1494.49024339405,1344.12276563564,2517.88195114465,3203.71674525074,3732.76463949979,5656.92736474493,5480.9483989817,2019.93587158108,1670.77360240698,3382.40427242221,2388.21949338833,1878.47417874189,2527.57648264103,3617.47869363456,2128.08549790651,762.62269812798,2543.9195157473,1918.080604641,1509.54388694069,1200.72163801607,2295.4990870179,1974.43478028523,1e+09,2069.97244157984,1257.53665016174,1365.30717089599,975.838014938955,2466.67982587931,1379.53645667666,829.004415006338,2032.79967532465,1442.13743336064,2738.59721956333,3712.82656727997,3520.86117373293
4698.15060616409,11233.7196751299,12239.6289971102,12256.454350994,15355.0290655212,3603.45745520882,4942.2604390299,2987.71615691652,3826.81761535613,6245.67672445509,4501.38139413891,4045.37307885194,3401.76413487179,3976.75989766795,2527.45748223388,6314.47489771715,6459.5649190406,1724.94299424648,3320.000672018,2864.76691308386,1291.05078482607,4193.71130744595,4889.9286098572,4852.15757058651,6758.33909429676,6637.26707264368,3640.71877691755,3458.4661848571,5128.46048550635,3522.79310909682,3299.13438575939,862.135211495274,2043.64570422566,3718.52586247561,2170.44008583513,4092.32857020303,2678.02091354791,2858.81971248626,2758.72223438678,3913.72340024177,996.065456835042,2069.97244157984,1e+09,3042.32973479207,2896.71763276989,2308.2574499609,1076.61185517344,3292.1403441834,2659.50676201434,2043.79915043039,3079.2124599644,3171.29902789062,2490.23060936131,1781.83721450642
2214.95727742094,9252.78884059287,10326.0403147334,10389.579403614,13111.4750750631,2932.35861130592,7720.35514754341,2215.86870773067,2319.07468077248,4539.93181528093,1665.1604872504,2154.66816533312,2163.26910954232,1380.09867440702,3742.87176690573,3384.37036432185,3978.24968144283,3816.2974002035,1632.83747899171,1497.97323323883,2213.92503048319,1577.08373797969,2510.75868615445,3487.40768184622,5124.59100622674,4998.38493085517,1585.17088283882,1106.16098068952,2775.22096003183,2363.74061425953,1913.35887498922,3579.81898233696,4581.26508508294,1583.45018832295,1547.83592541329,2151.43325485593,2055.75160148302,1379.80304815579,875.190640089346,1772.37594364175,3097.73584169148,1257.53665016174,3042.32973479207,1e+09,1111.54746565318,1426.97413455886,3568.39431494055,878.561310097366,924.384033938276,2696.07715955979,935.919192665692,2960.96010896804,4599.04454290236,4526.32541605219
