1e+09,6586.97778267849,6941.23450959554,8283.10899856449,9432.17210970517,21386.7024099392,26006.3810213148,14129.4911120358,13948.1182081025,11033.7771344857,19637.0790064409,20844.0163224365,18421.943257116,19804.4324079106,15683.86073414,11039.4502717028,11072.4771759169,19622.6542128123,19679.1058336729,18343.9920596499,20026.5234566287,19081.3852369633,13882.3478680373,9846.86555448484,7038.98048728649,7488.17653972581,16239.1193295573,19810.4215508303,15045.7612973688,12708.544589716,18351.3195564624,24812.7499981864,24890.7709931231,18868.9128323362,22702.1685294401,17895.2080332557,20833.3838511102,20990.7545572759,20982.1874838635,21733.2709364145,20754.353942337,19497.3293998717,19963.7603407449,19564.1445382823,18704.6807539183,19837.5479312843,20310.4798595036,17618.5958322592,19467.0840711623,18885.26340506,20777.9672599872,18688.6006562851,22165.7334256889,23123.5474080579
6586.97778267849,1e+09,3600.08377292807,6031.03751432538,6602.41488179893,20752.7614497493,26752.7834845591,14053.6376217974,13801.4223338792,10254.7693942282,19652.2305978049,20953.9870447917,18800.960916392,20064.6363001027,16601.7141666275,11647.8832614729,11702.9616167575,20198.8794500017,19782.5600016934,18686.3351011267,20378.2345385708,19269.6913291651,14312.6641578464,10306.640038286,7218.17487335268,7512.03675230626,16048.0419937729,20291.9769812875,15341.4811528711,13202.8443531119,18652.2397907624,25031.4840075094,25516.3595278637,19186.5479793005,23022.5969920033,18209.8391333367,21277.3191243587,21430.2343986318,21061.5234235489,22038.5171954308,21377.2799842005,19843.2559871005,20458.4214930478,19764.5075310846,18797.1173731001,19757.1059328258,20734.0272095076,18067.9773563507,19966.8486572068,19410.928770283,20819.7850746928,18754.718173601,22305.5794243772,23697.2130518802
6941.23450959554,3600.08377292807,1e+09,2703.1815670613,3714.08898766575,23850.3204818866,29622.3507194078,16958.9692868435,16672.615964467,13132.1987989026,22624.9509202871,23946.3003321139,21616.6228188448,22972.8051905139,19282.8999604753,14293.8169083699,14136.9071146344,23079.8440925237,22751.8692584522,21563.6669537233,23327.1621528874,22228.002647539,17113.411424494,12922.8985214889,9534.83531196003,9913.13783268951,18945.8720986499,23037.4848856641,18040.4070925742,15960.770928962,21496.2115212379,27946.6272228135,28344.8412242387,21977.5989396863,25833.5694385987,21022.978942217,24087.267018537,24273.7275173303,24010.2636474071,24936.5236770565,24092.4888104322,22698.5453508303,23346.8831640864,22694.3273498908,21717.2538124138,22713.0012402456,23622.059960793,20815.0600781189,22762.0408528739,22216.3638345815,23756.4537979241,21662.3139308085,25282.6908812907,26453.7285776032
8283.10899856449,6031.03751432538,2703.1815670613,1e+09,1593.5841200263,26459.6840380417,32167.6047371777,19549.9407137515,19261.8963114928,15740.700741244,25223.7966394692,26536.1639833662,24175.9445643909,25532.155594117,21806.4394194467,16808.5399733201,16631.0184731693,25638.5760078695,25330.860046773,24118.6554681267,25893.1064503431,24819.4954633026,19657.0372312386,15432.7883726564,11989.4830389179,12397.3444033551,21521.9155962916,25594.7324297423,20593.2211816437,18490.5312344373,24078.5981023626,30545.1358889202,30902.4234515871,24534.9304358541,28415.153323352,23590.8872946102,26656.8052993565,26831.4086575211,26593.2431462411,27514.5302104197,26635.6943072844,25262.0889084296,25906.5539307296,25278.017472114,24307.7613319594,25306.4710298987,26181.7968238049,23353.3062267594,25303.6096617103,24772.4340059874,26343.7290406844,24237.4046119299,27861.8745518244,29001.0999080242
9432.17210970517,6602.41488179893,3714.08898766575,1593.5841200263,1e+09,27232.2199641013,33111.0990936317,20467.4881907722,20173.9235856613,16625.4168023662,26110.5150958441,27415.714198224,25123.5673970458,26434.1718449548,22830.9435780215,17836.9363598321,17718.5445014059,26593.2415201814,26213.5995698721,25046.620141029,26786.3662705116,25722.2419219612,20622.7275038415,16456.2531120969,13052.4989800383,13443.9266778349,22401.9536189302,26549.3293838752,21564.6184027008,19477.364705306,25029.6370785855,31459.3446111771,31858.8687443387,25480.9786907568,29348.4549470735,24548.4842886318,27616.9991501285,27781.7503014029,27483.98779997,28425.3275267656,27615.0434351587,26184.6119201526,26837.5047443126,26178.7483216769,25197.7967811295,26177.5970971459,27104.1064377743,24322.2474514055,26256.7331038117,25725.1628125227,27222.8497568862,25142.2885236686,28741.7594937853,29968.0807933541
21386.7024099392,20752.7614497493,23850.3204818866,26459.6840380417,27232.2199641013,1e+09,7391.18950078403,7559.06709083866,7633.78170499393,10888.7774203994,3091.47327342482,2882.22556273793,4323.54306157577,3162.02211254128,7217.60491875248,10724.9182252873,11184.0617330333,4645.36435157674,2885.71601152989,4126.92025428164,3320.69184282432,3852.30261839591,7858.07592646572,11879.5998517206,15030.6069568431,14715.3081793892,5376.4383036821,4400.82927490945,6994.34860997792,8986.71213499687,4499.4236636596,5371.78402495856,6345.94217866819,4135.15717239381,4310.68368537985,4620.6864990605,4139.50905156638,3890.85609344525,2557.33079715941,3443.63188370941,4743.26790136294,3620.11205279616,3842.20011199313,3223.08826492543,3558.54809250908,2413.05057143442,3593.13173858126,5139.8521449746,4199.92389473905,4341.0184397443,2460.8233138525,3461.49035985946,2967.43407947001,5275.30297179224
26006.3810213148,26752.7834845591,29622.3507194078,32167.6047371777,33111.0990936317,7391.18950078403,1e+09,12807.7621927525,13013.0229404163,16595.758494287,7370.40983538908,6094.7853902332,8062.77218119178,6845.91387453129,10691.6977852397,15512.2534641554,15828.1571424155,6881.88572325929,7100.31176844369,8096.09087284104,6449.37767417136,7730.51993260479,12570.7465210941,16848.452961744,20270.1878898199,19947.856613248,10881.0120158467,6906.43248241811,11691.6829489,13740.5700482913,8301.67376664489,2873.6522715005,1642.39117889131,7792.31295401436,4400.67004617479,8665.28750884239,5716.80380913146,5474.55680500258,5974.15105337989,4905.62361236571,5864.4293975629,7004.61890133218,6307.96586480143,7064.26520340226,8094.76858593252,7271.11197196137,6068.57696081215,8936.11723703869,6968.91272079799,7449.90416474601,6246.13691485385,8126.11854745548,4780.15316492056,3716.47085164138
14129.4911120358,14053.6376217974,16958.9692868435,19549.9407137515,20467.4881907722,7559.06709083866,12807.7621927525,1e+09,1064.69616694154,3996.95199991193,5731.81929196132,7046.92396244631,4969.03327854624,6369.74243549926,3197.71329377729,3307.88048201564,3986.40034802076,6222.56732387043,5943.14669293969,4891.75121955318,6518.76940161255,5291.97219523119,1253.63163269758,4454.58472172211,7915.19594570469,7473.35603492835,2915.43628297722,6701.35856270204,2660.93500512508,1836.33709386376,4651.38029781483,11098.7729401497,11547.8258582124,5538.41315809863,9221.46087031767,4369.43984787524,7311.65464024389,7506.9423144247,7229.65304874999,8127.66980987171,7689.80113419717,6070.3597819075,6533.6532623028,5860.79849765371,4959.38457751564,6043.17795207952,6827.29301221209,4566.25378790973,6253.00688486747,5596.20439146034,7087.77278219329,4980.92756572508,8461.10690250395,9879.05348603802
13948.1182081025,13801.4223338792,16672.615964467,19261.8963114928,20173.9235856613,7633.78170499393,13013.0229404163,1064.69616694154,1e+09,3596.10875362523,6007.51517268163,7316.64529840008,5039.66664506691,6427.86549009078,3619.31803367706,3326.34913988294,3820.59684410695,6630.39138128361,6109.68831390767,4986.094613272,6702.13923465486,5694.27445678552,1418.41509989142,4337.84521714411,7594.77651118188,7225.15772881811,2574.67344088527,6620.55401751243,2124.34520085602,1852.39305747997,4913.25451559351,11307.4487802996,11727.6641569197,5484.60327087566,9269.44502807477,4488.5031466069,7485.53365955294,7682.40703722473,7389.56600367031,8283.21411688724,7698.04121727079,6106.2257728895,6744.72433607927,6050.57225931564,5096.54735979173,6133.20771997818,6989.48691724221,4510.41529007031,6282.72732097295,5672.39510357838,7155.28054837125,5060.98954917909,8664.78577719611,9949.29334245905
11033.7771344857,10254.7693942282,13132.1987989026,15740.700741244,16625.4168023662,10888.7774203994,16595.758494287,3996.95199991193,3596.10875362523,1e+09,9519.72379004244,10841.5340933329,8611.24258481318,9972.29633373377,6751.32722970825,2805.46593536617,3139.00695951761,10152.1418614448,9650.73658313188,8548.14775712259,10266.3320698875,9187.40311286601,4335.29478034655,2360.44568922905,4530.02579547843,4134.64017084921,5930.76247131008,10118.180574545,5263.08796258432,3473.1008196279,8470.64488653019,14844.2404592286,15308.3054042503,9005.7730043456,12806.3483401241,8043.28314011138,11055.1003094047,11261.5697392104,10934.7040171145,11854.683667028,11211.1244893588,9666.96374757866,10323.700502533,9605.99342915141,8620.5279399524,9626.34284709931,10572.0818674375,7956.41619234439,9819.26377872598,9243.77149057678,10673.5467999442,8603.70388494397,12200.8993157472,13495.6589843179
19637.0790064409,19652.2305978049,22624.9509202871,25223.7966394692,26110.5150958441,3091.47327342482,7370.40983538908,5731.81929196132,6007.51517268163,9519.72379004244,1e+09,1380.85861260304,2168.81088737585,2169.21140825416,4632.06218998623,8816.95744674998,9236.75103962427,2046.53950897607,962.490440627854,2046.66440646726,1597.43279073018,1085.78876610508,5826.63062424589,10082.7046555624,13531.5470317403,13107.7976022328,4160.49786898155,3017.60583164866,5292.99577556983,7037.03102077858,1731.6822003474,5437.34866523198,6128.50056247856,2521.29102392009,4051.03664793346,2455.53800119241,2360.21862362367,2544.62144811365,1940.96199653677,2745.81060523118,3572.73686778078,2018.85005007801,1838.22135329236,1140.42364505477,1614.99843157819,1554.33566053153,1945.62974080373,3343.56057960672,2632.99551740978,2251.04451721862,2020.27211219182,1781.01569322115,2982.90416508811,4880.35410503172
20844.0163224365,20953.9870447917,23946.3003321139,26536.1639833662,27415.714198224,2882.22556273793,6094.7853902332,7046.92396244631,7316.64529840008,10841.5340933329,1380.85861260304,1e+09,3034.5671562844,2250.34023292035,5711.01364166643,10087.0370740669,10512.8911247192,2152.80720548776,1396.65534528029,2895.7293600922,1367.6951790878,2024.07440841487,7072.39835334521,11362.8907666359,14817.9381735382,14402.3367064897,5352.33734697282,3204.45943622321,6497.07516393338,8285.10290091801,2852.95759716123,4234.35103000448,4938.56682351267,3156.74724757938,3229.80200242987,3490.65099958446,1980.57453671908,1987.17358039,1304.03366965734,1795.18026922089,3340.05165301377,2330.09108236137,1693.11082847521,1619.8047753356,2563.7859118499,1953.06025529168,1561.00004308136,4207.54504549862,2840.12305256304,2807.21159592575,1696.6394676831,2708.22422312112,1807.08128303627,3999.01307318443
18421.943257116,18800.960916392,21616.6228188448,24175.9445643909,25123.5673970458,4323.54306157577,8062.77218119178,4969.03327854624,5039.66664506691,8611.24258481318,2168.81088737585,3034.5671562844,1e+09,1895.55648301495,3415.78811633567,7677.43254740802,7968.42719112122,2644.0294123175,1925.60032828726,887.125314090405,2221.84117544437,2193.95805803119,4728.062154583,8968.81092442582,12314.2835685394,12011.4471679602,3052.02798620851,2025.15256728968,3739.74351465445,5915.77847178205,1352.51013822448,6563.70719335499,6749.2761646787,959.556537104511,4413.15364786906,987.501906479172,2603.75384372256,2733.73597909528,2836.31789960152,3423.48174404363,2827.81731750833,1337.45133432959,2036.80033697464,1714.4642143247,1512.73299012086,2090.19534264145,2212.7218537584,1486.64656697549,1556.18261348082,896.038562507217,2626.31080150465,1128.30274585326,4024.69757004175,4947.37130382388
19804.4324079106,20064.6363001027,22972.8051905139,25532.155594117,26434.1718449548,3162.02211254128,6845.91387453129,6369.74243549926,6427.86549009078,9972.29633373377,2169.21140825416,2250.34023292035,1895.55648301495,1e+09,5020.62656364721,9155.85753653365,9564.15572464711,2718.07270574207,1424.98550968071,1720.86930485729,1396.83166437477,2545.55248213428,6215.28126490668,10451.428776421,13707.392893096,13469.545006072,4156.84740856578,1986.6575238576,5185.45271235791,7367.90332522761,2618.23234016769,5456.20607602022,5673.8288006601,1645.66150401594,3429.42177945496,2375.13834784418,2314.39156505549,1905.68460583067,1549.8947278767,2335.10461540806,2357.2822357325,983.635771004695,1432.12078457091,1394.54288356436,2057.29560557058,1354.72071361591,1431.26141148289,2722.94115984903,1397.12739154309,1572.01924784654,1413.85526536488,1597.64320691449,2613.76862040235,4014.04790880727
15683.86073414,16601.7141666275,19282.8999604753,21806.4394194467,22830.9435780215,7217.60491875248,10691.6977852397,3197.71329377729,3619.31803367706,6751.32722970825,4632.06218998623,5711.01364166643,3415.78811633567,5020.62656364721,1e+09,5065.55363830056,5419.5831793506,4245.77363872593,4807.10633264961,3620.82532657956,4987.53722329969,4025.38147713978,2599.87813727875,6440.54065364081,9942.63012176859,9539.23781335805,3653.72578679627,4983.26914263117,3034.16711542064,3610.385427444,3082.72253962305,9364.52998023926,9447.63510565475,4162.57629513262,7430.36529151831,3047.54953646368,5381.32179231088,5645.53971899056,5882.3774207288,6414.26433936894,5705.78650858057,4582.91025127047,4766.4659722482,4561.87860692281,3987.75823751892,5157.66077365505,5099.4189207595,3304.22406546529,4564.32878942786,3798.77578627642,5874.84248343732,4032.9783090168,7013.49042403282,7837.75037822716
11039.4502717028,11647.8832614729,14293.8169083699,16808.5399733201,17836.9363598321,10724.9182252873,15512.2534641554,3307.88048201564,3326.34913988294,2805.46593536617,8816.95744674998,10087.0370740669,7677.43254740802,9155.85753653365,5065.55363830056,1e+09,1627.62396166928,8933.16795824415,8948.81232017412,7645.74122060772,9408.58615123973,8288.13169156958,3102.72528503572,1522.24262504372,5009.90302463032,4701.21119849981,5651.36859447338,9286.50499045793,4525.2138096669,1936.208161588,7504.47408782254,14035.6706472509,14274.4474684837,8189.55776931209,12021.7335204495,7062.4104029361,10074.3165305097,10239.9376264702,10186.4329129288,11010.068042342,10195.7098095032,8843.48146613651,9302.20852896236,8812.94875161543,7964.23326509213,9065.65902667865,9639.69659024079,6973.48619668097,8846.96976879089,8237.73798779131,10053.3281482751,7888.03093845986,11414.1439775526,12513.7582763253
11072.4771759169,11702.9616167575,14136.9071146344,16631.0184731693,17718.5445014059,11184.0617330333,15828.1571424155,3986.40034802076,3820.59684410695,3139.00695951761,9236.75103962427,10512.8911247192,7968.42719112122,9564.15572464711,5419.5831793506,1627.62396166928,1e+09,9335.07610395331,9358.451644909,8045.71421646954,9867.29147270415,8820.00071954646,3636.02727861054,1847.90698248045,4845.04429189249,4370.99217735516,6034.68474492247,9504.23158057504,4765.46122101523,2663.26032445197,7802.45485678706,14308.8889161353,14503.7191509316,8421.42390288602,12228.8766596078,7393.55478315404,10283.9776936796,10516.8002779172,10539.0451988498,11345.2124251157,10395.9903128658,9188.28265628023,9734.63447972753,9254.02274007364,8383.69067191771,9471.62944627797,9975.00996824063,7222.16699347917,9104.6016017671,8579.36998250454,10434.7842088037,8244.98739706132,11825.9648219458,12671.9687051026
19622.6542128123,20198.8794500017,23079.8440925237,25638.5760078695,26593.2415201814,4645.36435157674,6881.88572325929,6222.56732387043,6630.39138128361,10152.1418614448,2046.53950897607,2152.80720548776,2644.0294123175,2718.07270574207,4245.77363872593,8933.16795824415,9335.07610395331,1e+09,2176.44977201405,2555.68448394946,2051.47708866075,1819.4822005175,6030.48644104271,10271.3544869068,13806.7593505645,13363.1238377447,5123.6901185181,3402.30203280073,5788.08074746716,7193.66335496734,2067.86921201511,5467.80763693274,5732.89389161355,3078.8389150295,4301.01419682614,2820.12330189657,2251.88760148015,2374.84782350365,2593.26664155462,3036.00551382899,3479.68944803987,2590.8603262816,1725.08012686368,2037.52121952141,2669.81392973368,2900.29534196088,1918.40520722292,3573.37368145287,2636.20183144235,2413.64101500202,3133.95231002324,2774.92230887641,3328.49062568907,4694.05870002709
19679.1058336729,19782.5600016934,22751.8692584522,25330.860046773,26213.5995698721,2885.71601152989,7100.31176844369,5943.14669293969,6109.68831390767,9650.73658313188,962.490440627854,1396.65534528029,1925.60032828726,1424.98550968071,4807.10633264961,8948.81232017412,9358.451644909,2176.44977201405,1e+09,1646.76177997912,1102.99952556653,1645.80532065612,5911.22566507996,10200.7618028655,13588.7591425303,13217.1382613787,4032.00590486919,2596.65370284526,5218.77261245401,7114.50094215329,2010.54625062444,5375.26676467317,5895.93274771685,2051.08082059191,3783.85016029969,2346.15730585142,2220.64098881382,2192.3042620266,1517.98388321484,2471.71077278471,3130.81508542105,1418.5284174101,1451.80474065902,797.783838329657,1489.33478690991,1077.23644317299,1397.80106574577,2996.62272613688,2004.42669589087,1905.33336636926,1567.337719957,1423.85310850523,2653.03974990953,4517.83511157723
18343.9920596499,18686.3351011267,21563.6669537233,24118.6554681267,25046.620141029,4126.92025428164,8096.09087284104,4891.75121955318,4986.094613272,8548.14775712259,2046.66440646726,2895.7293600922,887.125314090405,1720.86930485729,3620.82532657956,7645.74122060772,8045.71421646954,2555.68448394946,1646.76177997912,1e+09,2086.77708608275,2025.87663926015,4670.45393233891,8930.64197490864,12286.2721646845,11996.527062271,2961.45941571044,2420.20425131847,3815.00858894184,5822.26449547768,1574.89046860409,6618.92357358808,6876.31641207704,1232.86853362392,4668.82751823196,1022.48550855257,2881.32493509496,2845.13197287929,2767.97779884522,3551.1251325601,3154.97648541158,1392.4441137798,1919.80448129491,1513.4550134378,1439.8876033566,1900.34458635796,2218.20130511187,1539.97061251181,1629.06438841441,1225.85557085653,2609.01005716728,913.807620235244,3916.63270001158,5201.74485410425
20026.5234566287,20378.2345385708,23327.1621528874,25893.1064503431,26786.3662705116,3320.69184282432,6449.37767417136,6518.76940161255,6702.13923465486,10266.3320698875,1597.43279073018,1367.6951790878,2221.84117544437,1396.83166437477,4987.53722329969,9408.58615123973,9867.29147270415,2051.47708866075,1102.99952556653,2086.77708608275,1e+09,1922.24813385265,6391.92538253538,10704.9632607777,14102.0080844786,13762.9150373022,4679.60190874181,2364.30174210061,5685.76936740315,7606.01526787187,2450.91902454977,5006.38576805663,5324.17982297743,2385.39400510691,3336.7952867984,2831.53355816243,1980.67903891569,1898.27006358421,1580.18117635289,1925.62317396213,2744.77822818165,1409.34883680372,913.938470467241,1113.9525484059,2012.22546770982,1733.8392783358,994.99341957623,3398.13834635967,2043.98409215923,1799.45515298381,1533.40214294881,2156.57366199256,2356.45617391879,4023.85542436604
19081.3852369633,19269.6913291651,22228.002647539,24819.4954633026,25722.2419219612,3852.30261839591,7730.51993260479,5291.97219523119,5694.27445678552,9187.40311286601,1085.78876610508,2024.07440841487,2193.95805803119,2545.55248213428,4025.38147713978,8288.13169156958,8820.00071954646,1819.4822005175,1645.80532065612,2025.87663926015,1922.24813385265,1e+09,5374.87600085807,9596.3739582459,13119.4181547735,12710.4839786335,4096.3492867186,3340.09519226623,5044.35590443418,6554.66722206399,1633.17166635966,6006.35678508195,6565.80774725395,2766.5762175476,4645.52319418384,2287.16289439559,2794.86762675802,2956.99115098439,2658.61532802322,3273.6386205261,3833.10774244607,2313.97276827105,1910.62143845923,1378.23942695019,1647.50409207383,2124.79998093938,2343.59130696886,3216.78077464101,2839.62984459243,2240.12774008537,2694.22932496475,2053.95559282571,3517.60245850778,5349.11102211386
13882.3478680373,14312.6641578464,17113.411424494,19657.0372312386,20622.7275038415,7858.07592646572,12570.7465210941,1253.63163269758,1418.41509989142,4335.29478034655,5826.63062424589,7072.39835334521,4728.062154583,6215.28126490668,2599.87813727875,3102.72528503572,3636.02727861054,6030.48644104271,5911.22566507996,4670.45393233891,6391.92538253538,5374.87600085807,1e+09,4329.71294451491,7835.51506959179,7424.11101362985,2982.6102168738,6413.50978578812,2228.24734879232,1285.53859763136,4540.56767613919,11054.956334717,11325.6923378529,5281.62970096352,9076.55801597169,4172.05117673549,7114.21850383442,7304.41593307774,7199.50542576363,8024.6016646934,7364.08136159562,5868.03334403444,6338.58498710083,5814.10795262696,4959.08066625257,6099.02280108871,6617.85951102772,4173.64106651494,5919.02715250572,5310.52678442544,7080.53781112,4926.00330317591,8434.60483703297,9612.14631920988
9846.86555448484,10306.640038286,12922.8985214889,15432.7883726564,16456.2531120969,11879.5998517206,16848.452961744,4454.58472172211,4337.84521714411,2360.44568922905,10082.7046555624,11362.8907666359,8968.81092442582,10451.428776421,6440.54065364081,1522.24262504372,1847.90698248045,10271.3544869068,10200.7618028655,8930.64197490864,10704.9632607777,9596.3739582459,4329.71294451491,1e+09,3733.73098796633,3285.45927568734,6743.43841505949,10556.228241228,5682.03019753503,3146.78719603026,8805.83796109717,15340.3453594696,15597.998271913,9442.25960032873,13313.1585348406,8371.95611947411,11375.3343850104,11567.0267242408,11471.6571885888,12318.7111425303,11496.3765245968,10119.67124717,10632.430435747,10092.856208839,9185.77878926441,10297.2981266592,10926.4804318683,8216.83023190817,10116.2385556886,9555.50579747614,11321.0314353243,9143.17588658339,12709.6939205789,13814.1026587397
7038.98048728649,7218.17487335268,9534.83531196003,11989.4830389179,13052.4989800383,15030.6069568431,20270.1878898199,7915.19594570469,7594.77651118188,4530.02579547843,13531.5470317403,14817.9381735382,12314.2835685394,13707.392893096,9942.63012176859,5009.90302463032,4845.04429189249,13806.7593505645,13588.7591425303,12286.2721646845,14102.0080844786,13119.4181547735,7835.51506959179,3733.73098796633,1e+09,1518.96077352248,9853.76468688998,13769.2988134618,8775.26441266587,6667.95923700798,12267.285689149,18767.8686407461,19004.8503703528,12694.1957380253,16598.2819472649,11732.540627558,14795.8459901589,14941.7487118008,14807.3860721668,15693.0863603754,14752.3871629713,13435.6123151012,14060.0546730836,13513.3791965814,12592.3613373585,13608.0986328657,14330.4473693008,11485.6781148394,13421.2714491027,12896.8576996918,14610.4767660368,12452.2646195019,16090.3858381675,17109.1872830389
7488.17653972581,7512.03675230626,9913.13783268951,12397.3444033551,13443.9266778349,14715.3081793892,19947.856613248,7473.35603492835,7225.15772881811,4134.64017084921,13107.7976022328,14402.3367064897,12011.4471679602,13469.545006072,9539.23781335805,4701.21119849981,4370.99217735516,13363.1238377447,13217.1382613787,11996.527062271,13762.9150373022,12710.4839786335,7424.11101362985,3285.45927568734,1518.96077352248,1e+09,9609.08216969238,13527.1412972032,8592.63605575728,6298.2100002858,11839.6499509952,18369.5339558792,18657.630091204,12436.232298136,16294.1414811643,11438.9638429798,14413.6084498921,14625.5508724116,14471.4993672494,15365.0567827229,14525.9958480477,13157.4813756889,13744.7028975384,13168.5950109076,12222.6106701269,13295.6528593409,13973.6478890231,11252.7423619045,13148.8009851089,12620.1795352047,14325.4825141285,12146.8577616682,15767.3035516223,16827.9056941855
16239.1193295573,16048.0419937729,18945.8720986499,21521.9155962916,22401.9536189302,5376.4383036821,10881.0120158467,2915.43628297722,2574.67344088527,5930.76247131008,4160.49786898155,5352.33734697282,3052.02798620851,4156.84740856578,3653.72578679627,5651.36859447338,6034.68474492247,5123.6901185181,4032.00590486919,2961.45941571044,4679.60190874181,4096.3492867186,2982.6102168738,6743.43841505949,9853.76468688998,9609.08216969238,1e+09,4518.87916983847,1903.59700661668,3955.87365847293,3386.58739509259,9209.8697081392,9604.11788168492,3288.35249343801,7068.02908811926,2654.60780528876,5517.89616179029,5589.09701077017,5191.93461503513,6123.07243662853,5572.1092981922,3918.81840317971,4774.18951487056,4013.99894200285,3097.88744333941,3861.3456373135,4929.2332937182,2590.87389255054,4148.87087756416,3711.99263268396,4862.75147940958,2853.88935200719,6450.58006327338,7747.62278726191
19810.4215508303,20291.9769812875,23037.4848856641,25594.7324297423,26549.3293838752,4400.82927490945,6906.43248241811,6701.35856270204,6620.55401751243,10118.180574545,3017.60583164866,3204.45943622321,2025.15256728968,1986.6575238576,4983.26914263117,9286.50499045793,9504.23158057504,3402.30203280073,2596.65370284526,2420.20425131847,2364.30174210061,3340.09519226623,6413.50978578812,10556.228241228,13769.2988134618,13527.1412972032,4518.87916983847,1e+09,5031.00745729918,7558.68991032176,2847.65713122209,5563.01354714331,5583.35299841413,1569.9000627747,2979.40483565091,2704.43860863951,2159.68950011338,2372.87911588433,2729.38887789923,2636.7649551676,1470.46795265997,1352.83167833253,2161.34989761029,2308.82033774826,2621.46112410617,2506.08875006453,2144.35681128398,2802.1395868336,1647.02173249171,1474.36933639438,2173.62841716334,2546.01382339138,3584.0576391431,3639.24476823145
15045.7612973688,15341.4811528711,18040.4070925742,20593.2211816437,21564.6184027008,6994.34860997792,11691.6829489,2660.93500512508,2124.34520085602,5263.08796258432,5292.99577556983,6497.07516393338,3739.74351465445,5185.45271235791,3034.16711542064,4525.2138096669,4765.46122101523,5788.08074746716,5218.77261245401,3815.00858894184,5685.76936740315,5044.35590443418,2228.24734879232,5682.03019753503,8775.26441266587,8592.63605575728,1903.59700661668,5031.00745729918,1e+09,2968.23802997671,4020.20671515782,10170.4378697134,10388.6627950232,4002.84247595381,7875.40033549406,3245.36582528072,6240.60091661853,6406.93632264283,6346.24950916681,7085.84839586623,6072.146480496,4780.12047675579,5581.5970984746,5049.84137839992,4205.14365010281,5147.35984050076,5840.36221661808,2968.59705563082,4841.57115158912,4283.03628066586,6008.99108717096,4014.63718775433,7610.70539151924,8451.46270030816
12708.544589716,13202.8443531119,15960.770928962,18490.5312344373,19477.364705306,8986.71213499687,13740.5700482913,1836.33709386376,1852.39305747997,3473.1008196279,7037.03102077858,8285.10290091801,5915.77847178205,7367.90332522761,3610.385427444,1936.208161588,2663.26032445197,7193.66335496734,7114.50094215329,5822.26449547768,7606.01526787187,6554.66722206399,1285.53859763136,3146.78719603026,6667.95923700798,6298.2100002858,3955.87365847293,7558.68991032176,2968.23802997671,1e+09,5755.85741595464,12253.309419365,12511.6161521564,6411.66094846725,10273.7745506557,5299.58511807292,8315.13196913314,8477.95692008399,8391.32204053688,9240.39840986307,8484.17193563403,7042.6198770841,7513.87369557807,7002.20280378968,6157.8958672748,7261.46097081021,7824.93626177875,5213.26383559282,7048.8407939391,6482.72668981965,8266.70344693095,6089.77587174602,9616.72139324521,10779.0417473957
18351.3195564624,18652.2397907624,21496.2115212379,24078.5981023626,25029.6370785855,4499.4236636596,8301.67376664489,4651.38029781483,4913.25451559351,8470.64488653019,1731.6822003474,2852.95759716123,1352.51013822448,2618.23234016769,3082.72253962305,7504.47408782254,7802.45485678706,2067.86921201511,2010.54625062444,1574.89046860409,2450.91902454977,1633.17166635966,4540.56767613919,8805.83796109717,12267.285689149,11839.6499509952,3386.58739509259,2847.65713122209,4020.20671515782,5755.85741595464,1e+09,6568.29023301346,6969.73629629558,2050.18229908952,4786.32699985072,1366.25816392803,2734.2312225377,3074.43711130997,3037.6673789933,3718.52832378617,3596.04985218503,2158.1907463197,2321.32633339218,1878.80076378524,1668.82099908888,2457.28934987315,2512.84674015349,2341.67492430098,2429.08319089734,1733.11628199033,3092.81507644735,1661.54886942876,4258.4156477615,5441.69003316984
24812.7499981864,25031.4840075094,27946.6272228135,30545.1358889202,31459.3446111771,5371.78402495856,2873.6522715005,11098.7729401497,11307.4487802996,14844.2404592286,5437.34866523198,4234.35103000448,6563.70719335499,5456.20607602022,9364.52998023926,14035.6706472509,14308.8889161353,5467.80763693274,5375.26676467317,6618.92357358808,5006.38576805663,6006.35678508195,11054.956334717,15340.3453594696,18767.8686407461,18369.5339558792,9209.8697081392,5563.01354714331,10170.4378697134,12253.309419365,6568.29023301346,1e+09,1908.83020690684,6313.9580869689,2876.69632929859,7104.56932507524,4129.76920074234,4079.04120166737,4218.20355415668,3346.6597436698,4842.34391386031,5567.40874236839,4969.52744622665,5429.4671356681,6426.39031882596,5496.73378399391,4684.73744739233,7595.87063523333,5737.52981775259,6095.16684785577,4504.16724371998,6455.97820388204,3203.52331600692,3047.51741245231
24890.7709931231,25516.3595278637,28344.8412242387,30902.4234515871,31858.8687443387,6345.94217866819,1642.39117889131,11547.8258582124,11727.6641569197,15308.3054042503,6128.50056247856,4938.56682351267,6749.2761646787,5673.8288006601,9447.63510565475,14274.4474684837,14503.7191509316,5732.89389161355,5895.93274771685,6876.31641207704,5324.17982297743,6565.80774725395,11325.6923378529,15597.998271913,19004.8503703528,18657.630091204,9604.11788168492,5583.35299841413,10388.6627950232,12511.6161521564,6969.73629629558,1908.83020690684,1e+09,6468.67132208771,2975.98053777238,7369.27267293048,4297.23593243378,4154.32456532948,4734.41031716728,3627.68877398544,4547.70130233946,5754.64351570104,5155.03629630287,5863.61703269407,6854.5910530753,6047.34294161494,4838.48472863148,7662.62666126962,5708.33465902272,6188.99061110938,5020.67589159069,6848.72631773237,3719.16125297089,2287.91280353951
18868.9128323362,19186.5479793005,21977.5989396863,24534.9304358541,25480.9786907568,4135.15717239381,7792.31295401436,5538.41315809863,5484.60327087566,9005.7730043456,2521.29102392009,3156.74724757938,959.556537104511,1645.66150401594,4162.57629513262,8189.55776931209,8421.42390288602,3078.8389150295,2051.08082059191,1232.86853362392,2385.39400510691,2766.5762175476,5281.62970096352,9442.25960032873,12694.1957380253,12436.232298136,3288.35249343801,1569.9000627747,4002.84247595381,6411.66094846725,2050.18229908952,6313.9580869689,6468.67132208771,1e+09,4028.23075639914,1419.12378107056,2533.21077042555,2573.99811971571,2669.85842184562,3266.55464572384,2350.91704896196,1075.04439536235,2139.99501349886,1843.79788412396,1803.78865361217,1905.0960310966,2179.44578560697,1461.11310766826,1096.06055954952,1113.91306833164,2357.37188865058,1282.47444684095,3827.09681069084,4546.93741791109
22702.1685294401,23022.5969920033,25833.5694385987,28415.153323352,29348.4549470735,4310.68368537985,4400.67004617479,9221.46087031767,9269.44502807477,12806.3483401241,4051.03664793346,3229.80200242987,4413.15364786906,3429.42177945496,7430.36529151831,12021.7335204495,12228.8766596078,4301.01419682614,3783.85016029969,4668.82751823196,3336.7952867984,4645.52319418384,9076.55801597169,13313.1585348406,16598.2819472649,16294.1414811643,7068.02908811926,2979.40483565091,7875.40033549406,10273.7745506557,4786.32699985072,2876.69632929859,2975.98053777238,4028.23075639914,1e+09,5080.59136902389,2338.08144079713,2384.72763864136,2722.27353061738,1624.62446168338,2357.32165982922,3382.80764759098,3275.74596805064,3705.81815826141,4529.09403992675,3706.05236345899,2914.71374807201,5391.97608045511,3573.54182513651,3884.39620345299,2602.54640742485,4512.71795938988,2440.00994883218,1502.92114503722
17895.2080332557,18209.8391333367,21022.978942217,23590.8872946102,24548.4842886318,4620.6864990605,8665.28750884239,4369.43984787524,4488.5031466069,8043.28314011138,2455.53800119241,3490.65099958446,987.501906479172,2375.13834784418,3047.54953646368,7062.4104029361,7393.55478315404,2820.12330189657,2346.15730585142,1022.48550855257,2831.53355816243,2287.16289439559,4172.05117673549,8371.95611947411,11732.540627558,11438.9638429798,2654.60780528876,2704.43860863951,3245.36582528072,5299.58511807292,1366.25816392803,7104.56932507524,7369.27267293048,1419.12378107056,5080.59136902389,1e+09,3219.67688105499,3294.50404050443,3306.80108350956,4095.36635309956,3432.25811326887,1988.18982222523,2543.47088994547,2083.0117366208,1716.35225053018,2388.77194786359,2832.09920013406,1152.96936602843,2040.08767135141,1549.35584453669,3201.87662491858,1248.57461162719,4527.22475103678,5610.55778695844
20833.3838511102,21277.3191243587,24087.267018537,26656.8052993565,27616.9991501285,4139.50905156638,5716.80380913146,7311.65464024389,7485.53365955294,11055.1003094047,2360.21862362367,1980.57453671908,2603.75384372256,2314.39156505549,5381.32179231088,10074.3165305097,10283.9776936796,2251.88760148015,2220.64098881382,2881.32493509496,1980.67903891569,2794.86762675802,7114.21850383442,11375.3343850104,14795.8459901589,14413.6084498921,5517.89616179029,2159.68950011338,6240.60091661853,8315.13196913314,2734.2312225377,4129.76920074234,4297.23593243378,2533.21077042555,2338.08144079713,3219.67688105499,1e+09,987.823794155618,1812.07709468996,1516.5663169476,1854.09434460601,1983.3224422166,1626.48302720932,2093.55438150051,2904.99880304622,2536.62776754888,1311.95386237474,3688.97362915486,2044.09778357103,2231.0676440664,2041.51255999075,2862.32138625277,2386.7351610097,2790.0689136292
20990.7545572759,21430.2343986318,24273.7275173303,26831.4086575211,27781.7503014029,3890.85609344525,5474.55680500258,7506.9423144247,7682.40703722473,11261.5697392104,2544.62144811365,1987.17358039,2733.73597909528,1905.68460583067,5645.53971899056,10239.9376264702,10516.8002779172,2374.84782350365,2192.3042620266,2845.13197287929,1898.27006358421,2956.99115098439,7304.41593307774,11567.0267242408,14941.7487118008,14625.5508724116,5589.09701077017,2372.87911588433,6406.93632264283,8477.95692008399,3074.43711130997,4079.04120166737,4154.32456532948,2573.99811971571,2384.72763864136,3294.50404050443,987.823794155618,1e+09,1414.59033815448,1354.04366982753,1806.6885337545,1971.81161039791,1486.35220513174,2133.74996060926,3103.47726316788,2433.88872773593,1229.99139635202,3710.56380717271,1918.24021730856,2340.36683220815,1851.91725665592,2803.98466591742,1882.24135745127,2624.61369258411
20982.1874838635,21061.5234235489,24010.2636474071,26593.2431462411,27483.98779997,2557.33079715941,5974.15105337989,7229.65304874999,7389.56600367031,10934.7040171145,1940.96199653677,1304.03366965734,2836.31789960152,1549.8947278767,5882.3774207288,10186.4329129288,10539.0451988498,2593.26664155462,1517.98388321484,2767.97779884522,1580.18117635289,2658.61532802322,7199.50542576363,11471.6571885888,14807.3860721668,14471.4993672494,5191.93461503513,2729.38887789923,6346.24950916681,8391.32204053688,3037.6673789933,4218.20355415668,4734.41031716728,2669.85842184562,2722.27353061738,3306.80108350956,1812.07709468996,1414.59033815448,1e+09,1490.53341297671,2696.16447239407,1959.15925036736,1744.06840390508,1741.44722050368,2667.51853020743,1595.82106628532,1346.8601060615,3860.33064282064,2281.95147649988,2593.54696762947,1148.93415577221,2408.65170693066,1461.14162965128,3418.5302464217
21733.2709364145,22038.5171954308,24936.5236770565,27514.5302104197,28425.3275267656,3443.63188370941,4905.62361236571,8127.66980987171,8283.21411688724,11854.683667028,2745.81060523118,1795.18026922089,3423.48174404363,2335.10461540806,6414.26433936894,11010.068042342,11345.2124251157,3036.00551382899,2471.71077278471,3551.1251325601,1925.62317396213,3273.6386205261,8024.6016646934,12318.7111425303,15693.0863603754,15365.0567827229,6123.07243662853,2636.7649551676,7085.84839586623,9240.39840986307,3718.52832378617,3346.6597436698,3627.68877398544,3266.55464572384,1624.62446168338,4095.36635309956,1516.5663169476,1354.04366982753,1490.53341297671,1e+09,2238.77736525989,2403.47300806562,1968.93002930526,2434.07118975596,3396.07794301014,2598.98400214391,1650.96949629604,4552.65734246495,2744.37016502876,2938.76772690528,1553.58542388245,3413.51232066035,1315.88723707619,2354.14277007577
20754.353942337,21377.2799842005,24092.4888104322,26635.6943072844,27615.0434351587,4743.26790136294,5864.4293975629,7689.80113419717,7698.04121727079,11211.1244893588,3572.73686778078,3340.05165301377,2827.81731750833,2357.2822357325,5705.78650858057,10195.7098095032,10395.9903128658,3479.68944803987,3130.81508542105,3154.97648541158,2744.77822818165,3833.10774244607,7364.08136159562,11496.3765245968,14752.3871629713,14525.9958480477,5572.1092981922,1470.46795265997,6072.146480496,8484.17193563403,3596.04985218503,4842.34391386031,4547.70130233946,2350.91704896196,2357.32165982922,3432.25811326887,1854.09434460601,1806.6885337545,2696.16447239407,2238.77736525989,1e+09,2021.6154190894,2261.9604888459,2792.62386862248,3411.15945484816,3010.3597188376,2159.3316320797,3442.75731022389,1803.72379202028,2243.86414314682,2447.93611601692,3262.6844168721,3105.25337734298,2495.91972112486
19497.3293998717,19843.2559871005,22698.5453508303,25262.0889084296,26184.6119201526,3620.11205279616,7004.61890133218,6070.3597819075,6106.2257728895,9666.96374757866,2018.85005007801,2330.09108236137,1337.45133432959,983.635771004695,4582.91025127047,8843.48146613651,9188.28265628023,2590.8603262816,1418.5284174101,1392.4441137798,1409.34883680372,2313.97276827105,5868.03334403444,10119.67124717,13435.6123151012,13157.4813756889,3918.81840317971,1352.83167833253,4780.12047675579,7042.6198770841,2158.1907463197,5567.40874236839,5754.64351570104,1075.04439536235,3382.80764759098,1988.18982222523,1983.3224422166,1971.81161039791,1959.15925036736,2403.47300806562,2021.6154190894,1e+09,1269.52641949666,1120.7785849578,1595.38509504759,1423.29725191191,1337.09392272944,2285.35708443998,997.583775429412,906.409561732444,1564.95191900582,1480.96212922546,2985.37519618557,4002.50561703541
19963.7603407449,20458.4214930478,23346.8831640864,25906.5539307296,26837.5047443126,3842.20011199313,6307.96586480143,6533.6532623028,6744.72433607927,10323.700502533,1838.22135329236,1693.11082847521,2036.80033697464,1432.12078457091,4766.4659722482,9302.20852896236,9734.63447972753,1725.08012686368,1451.80474065902,1919.80448129491,913.938470467241,1910.62143845923,6338.58498710083,10632.430435747,14060.0546730836,13744.7028975384,4774.18951487056,2161.34989761029,5581.5970984746,7513.87369557807,2321.32633339218,4969.52744622665,5155.03629630287,2139.99501349886,3275.74596805064,2543.47088994547,1626.48302720932,1486.35220513174,1744.06840390508,1968.93002930526,2261.9604888459,1269.52641949666,1e+09,1113.28886273959,2134.43938768474,1923.08552682922,913.960996760803,3069.951465903,1621.32080089043,1491.73755272166,1779.72074652177,2164.92571373708,2431.49351177419,3770.03743957537
19564.1445382823,19764.5075310846,22694.3273498908,25278.017472114,26178.7483216769,3223.08826492543,7064.26520340226,5860.79849765371,6050.57225931564,9605.99342915141,1140.42364505477,1619.8047753356,1714.4642143247,1394.54288356436,4561.87860692281,8812.94875161543,9254.02274007364,2037.52121952141,797.783838329657,1513.4550134378,1113.9525484059,1378.23942695019,5814.10795262696,10092.856208839,13513.3791965814,13168.5950109076,4013.99894200285,2308.82033774826,5049.84137839992,7002.20280378968,1878.80076378524,5429.4671356681,5863.61703269407,1843.79788412396,3705.81815826141,2083.0117366208,2093.55438150051,2133.74996060926,1741.44722050368,2434.07118975596,2792.62386862248,1120.7785849578,1113.28886273959,1e+09,1173.64450716561,1057.01565589162,1353.35352539534,2722.77955000033,1752.54623850556,1514.83185776508,1601.26191577143,1452.63296014513,2733.95644707446,4417.36667449058
