1e+09,2585.63178544432,2640.47755038743,3511.42979031334,3891.6116755401,1845.21012258767,929.709459777623,2438.01972787342,1349.84341821561,1816.38017551393,1839.30032199747,1612.98171524044,1439.5616918354,1684.71612751229,2651.61519334914,1737.80433464185,1108.43319532573,1730.34204627293,1271.76648768553,2419.2377970551,1730.12944850956,1757.89524158864,1712.19578687719,1140.4670285896,1974.08577237667,1659.74185607281,1227.35587553081,2057.12264430199,1657.02919738911,1211.67496359378,710.912263503732,1716.54805682801,2004.631043509,2222.42415780607,1295.90969542634,1542.74019112098,2098.53862239893,1842.68417424148,1720.34748176059,1581.28357706643,1407.46451262545,1333.42359226166,1203.89758281176,1533.67341513766,1233.69510726922,1558.47181735827,1706.71932923958,1252.15917778052,1257.28778288823,1425.28133833289,1484.40474173993,1193.02155403832,1531.36098311273,1684.16897854699
2585.63178544432,1e+09,796.135886391262,1671.91030022546,1779.69550864748,2351.69755695753,3211.08698529018,3449.96640186539,3101.69213262696,2543.22459666857,2386.82101867735,2477.0503622252,2890.07837490612,3444.83838744287,1598.60019382584,3545.50780814258,2568.06128782006,2358.35883512242,3164.62381895542,3417.22284944954,2809.14565807827,3205.61608482675,3274.49301255935,2127.88334266707,1812.05945691636,1816.68006894445,2933.59698597132,3860.39150584497,3688.76911837811,2843.72913859601,2475.28330566422,3154.39541026486,2884.0415753418,3627.05921284723,2902.906004851,2912.7010094069,3391.58851596122,3396.66456590874,2808.35936569735,2951.55526558457,2742.9884283387,2773.97752090748,2690.89968516108,3007.4795338622,3217.23883325438,3145.79892749044,3402.98129731857,3094.17419302792,3060.24288707612,3287.31696316312,2649.84396880269,1929.20120451445,1885.64265652323,2198.65011582107
2640.47755038743,796.135886391262,1e+09,1718.82245621821,1884.09694089768,2562.95524315194,3225.7817404003,3348.95563404474,3078.41874390084,2564.25920302531,2511.05249710156,2380.63340445353,2797.11109570214,3534.3935091045,1234.32837928162,3369.0621110036,2559.71891859243,2504.48769643614,3121.710607007,3380.59127760219,2826.27429771068,3280.36190431788,3339.01671701416,2195.87360856676,1998.77478085951,1816.93645769465,3009.41601093966,3926.71825416594,3692.75606696408,2886.33242480834,2492.63930762154,2933.96536780856,2899.34681773326,3549.18188839344,2955.58951080829,2669.4716345749,3484.40331198901,3478.77106756107,2699.68658593919,2950.40417180426,2742.76448894177,2744.53430397581,2623.61596648595,3009.22311200084,3092.72227466354,3041.87413884927,3356.63571566829,3083.61370858932,3079.30635460326,3268.12526224134,2598.89347269179,1867.91225085655,2055.91374096775,2081.2310800101
3511.42979031334,1671.91030022546,1718.82245621821,1e+09,1225.04155190753,2743.45743564576,4110.63176510619,4169.16092272774,4075.89918543136,3400.72602799755,3616.63751288403,3300.48332115162,3939.34106861795,4600.59876505222,2476.62678365151,4297.51614400691,3613.88364458514,3337.23527030984,4022.36235651389,4200.52586077029,3842.75208116527,4230.34472906169,4261.78237038214,3336.56059579322,2733.80200672982,2734.95774886926,3660.44094121187,4834.22222174364,4547.68256289948,3809.57316649779,3570.56074664751,4017.12253533546,3796.39827529989,4658.7023762095,4065.23405390145,3895.53631321799,4404.50662717176,4450.20091801483,3705.84539862364,4183.87250553838,3924.44914050367,3852.23743861928,3545.89844423102,3929.40751024884,3960.58585141138,4089.57605778399,4436.47430033129,4105.11591380804,4066.68776729908,4359.6507796038,3726.97345270932,2898.48296450057,2838.67520105771,3195.11088784099
3891.6116755401,1779.69550864748,1884.09694089768,1225.04155190753,1e+09,2887.71503405374,4361.52921737319,4354.67822539163,4219.78537239751,3433.1938728828,3636.60769645284,3581.77125999135,4102.99600365392,4632.23751218566,2183.73316094252,4490.32746546396,3808.47937737623,3264.06383437886,4228.34396883697,4454.15555903698,3797.46249969634,4319.04477552618,4550.85360810475,3473.258191684,2717.18838137881,2781.18316879705,4021.68096148862,4941.81684878143,4937.27220138813,3902.26887518018,3830.63338744391,4076.83500289134,3909.87406912294,4670.81318080696,4160.73434144743,3993.62180604273,4550.81264814319,4591.46932471513,3774.18328434113,4243.36409018835,3959.38250553038,3916.08428801015,3700.79126916123,3951.21859034653,4196.58293063535,4167.76542320942,4450.32947202789,4263.00604499923,4221.65794028839,4555.06367004897,3745.58284467184,3099.51737475369,3172.37309492437,3178.84338027214
1845.21012258767,2351.69755695753,2562.95524315194,2743.45743564576,2887.71503405374,1e+09,2057.71198220256,3049.93814373341,2190.80160731181,1984.65201108406,2445.72031921068,2047.74269692264,2149.90304523251,2449.77039569018,2473.89538640986,2640.10832133835,1785.97441594218,1539.16250084259,1997.97914330956,2751.35755360876,2165.40853302558,2361.40587034504,2587.1749070173,1923.7982236191,1722.76876051315,1406.68665810834,1583.39783633173,2657.54567020023,2761.84446728993,1753.77958737693,1932.50062403612,2184.65545139274,2190.67511806292,2844.32244446722,2293.74354752226,2443.81431500022,2518.47596947043,2445.79050380444,2067.74742241406,2548.12858659056,2167.67403587348,1993.63474741488,1566.011294723,2059.42257475245,1988.26781370116,2282.65742125269,2315.58489878907,2204.71491939434,2064.51906440701,2457.51739239013,1970.73789429239,1663.55837940843,1769.78333422484,1712.54654056466
929.709459777623,3211.08698529018,3225.7817404003,4110.63176510619,4361.52921737319,2057.71198220256,1e+09,2097.45840995716,784.963541637444,1571.28421299267,1908.76495250201,1599.28552594588,1471.54681250717,1235.69299807841,2932.49065178391,1241.02768216507,1161.33170201282,1761.06096938749,677.783767288654,2139.79643113545,1357.08627728675,1180.3069312683,1357.70615333363,1307.78167577773,2171.17105012479,2061.85433171211,1241.29272019133,1327.68565183932,1268.9446355141,762.365580414016,974.515397928632,1382.04226925228,1714.46308913316,1551.22033322156,983.164789900452,1405.43330225948,1771.19067197747,1345.37643936558,1429.74505146897,1304.51754572332,1226.84315586794,1086.43590818787,1046.07598686711,1029.50369911914,744.481314943499,1022.4065840457,1084.99752737045,806.721780975325,730.604838746637,993.976684434801,1320.93845280543,1547.74577718694,1971.79207838961,1717.53400365175
2438.01972787342,3449.96640186539,3348.95563404474,4169.16092272774,4354.67822539163,3049.93814373341,2097.45840995716,1e+09,1695.42219532481,1395.36732866296,1782.7215045542,1719.3597604341,2940.41603381222,2427.42478680597,2873.23868234089,1525.68061559423,2399.4723035701,2409.21073598803,2215.93649193744,1895.11725568631,1524.98504199222,1639.51529206043,1781.45480080186,2032.58462436377,2449.83880600337,3166.3853692973,2430.05748847635,2019.38088809417,1859.22095316829,1926.79368301331,2187.13192864537,2479.03585458137,1779.77787319092,1888.76227162129,1904.2538768242,2188.75868002848,2806.6027461684,2203.21882828284,1987.48258862814,1892.25558574945,2021.51682723642,1986.99465880007,2150.25173707638,1626.98002476982,2016.84928128009,1950.14527146057,2261.56152971791,1769.41256884877,1846.25600995637,2119.87942777414,2354.2297957931,2426.05063259199,2746.37865526588,2358.98196775643
1349.84341821561,3101.69213262696,3078.41874390084,4075.89918543136,4219.78537239751,2190.80160731181,784.963541637444,1695.42219532481,1e+09,1185.89111089509,1431.97296790128,1451.52823189906,1517.64575705268,1238.40579601357,2687.3621575999,1113.72239539304,1123.93779098311,1405.25173502828,829.969640348369,1887.68635456211,840.247935968902,793.243135173573,1186.79088692996,1075.50940395703,2167.36497420255,2054.10699173631,1376.77055964311,1038.11599756482,1244.42767596193,510.58538551353,961.279150663323,1316.26766005247,1390.50674780815,1012.67277464144,568.267250508069,1416.81876074535,1514.67050925276,1055.77464560388,846.737653762959,1086.62880285772,974.509403648831,764.652338321148,994.779694605796,754.25474715112,967.611202601541,575.183415616271,890.858190566827,830.90312684452,652.362402120171,1063.06722473228,932.801352914971,1671.21737643551,2149.14880012995,1514.66683980339
1816.38017551393,2543.22459666857,2564.25920302531,3400.72602799755,3433.1938728828,1984.65201108406,1571.28421299267,1395.36732866296,1185.89111089509,1e+09,1340.95987654366,1205.4645645974,2160.51837830647,1947.75948723142,2050.62675672586,1655.04564181777,1621.53553673671,1452.41098587831,1471.91237945742,1893.73732853846,746.328318235346,1054.39135666032,1556.10058235321,1115.63474287062,1408.30790692235,2030.14948139293,1867.63179647381,1805.22293623253,2011.19936038176,1080.86075291871,1519.67399622419,1820.10122026221,1208.04273136342,1508.88882400262,1295.72874148102,1716.46291812553,2037.29432824519,1677.27499546139,1188.53008367479,1445.06397370497,1410.93275860333,1336.61184709698,1395.56611871312,943.328781867701,1592.65271208133,1290.18298271989,1672.18382667696,1414.68628250224,1310.98829453203,1751.0757232627,1421.8025276036,1468.23268632734,1859.0875410803,1383.46181136307
1839.30032199747,2386.82101867735,2511.05249710156,3616.63751288403,3636.60769645284,2445.72031921068,1908.76495250201,1782.7215045542,1431.97296790128,1340.95987654366,1e+09,1733.05853882666,2201.73762671668,1800.45979849593,2223.66152831316,1985.48709575258,1670.2004125254,1264.32820572824,2074.52229583102,2228.08634944878,1079.76132293206,1525.78347759438,1782.65863947644,1049.67349647402,1926.92781764134,2174.43407568498,2028.21697258947,1976.11215602759,2048.22929436623,1432.34020243097,1376.14685927774,2235.6914601304,1717.8750740668,1933.70373576202,1129.23025907031,1979.51162679081,2256.34332720001,1841.80682795455,1573.65389635078,1348.72647249174,1227.0355868515,1305.42342904515,1726.73672364956,1448.49578577226,2071.53506907317,1723.31860066559,1899.9683755526,1552.26101200797,1558.43609984497,1875.65849794146,1528.48789291901,1865.40565113865,2150.48561959851,1710.31246156952
1612.98171524044,2477.0503622252,2380.63340445353,3300.48332115162,3581.77125999135,2047.74269692264,1599.28552594588,1719.3597604341,1451.52823189906,1205.4645645974,1733.05853882666,1e+09,1743.67143341284,1970.66972702176,2140.57586501857,1858.27949022745,1192.75685669796,1895.87455529104,1463.63230249267,1180.37214614714,1506.60035739409,1414.93738988692,1270.91641019384,1186.37147496052,1477.22833793561,1977.19644160614,1437.21884092159,1966.77215945315,1711.1872199441,1396.72467798776,1298.20752474325,1640.21501343574,821.439420225253,1761.69078033008,1615.70029943675,1516.34574658948,2017.95811735526,1585.34469844889,1474.1673397888,1381.6853979832,1368.22761498224,1313.45758793347,1157.4605081816,1614.85220599286,1442.78773865042,1668.74284663635,1748.24941741732,1308.71565628291,1215.92335001019,1348.99011074952,1611.54957466409,1201.66945658946,1284.19877040122,1151.90333969479
1439.5616918354,2890.07837490612,2797.11109570214,3939.34106861795,4102.99600365392,2149.90304523251,1471.54681250717,2940.41603381222,1517.64575705268,2160.51837830647,2201.73762671668,1743.67143341284,1e+09,1577.85671114332,2615.24843580873,2146.0911036347,709.20970093478,1806.35448960053,1256.94701670357,2303.91931301858,1929.9097297024,1894.49179095609,1927.84120253718,1413.18529184959,2328.05044346122,1447.53318573358,1461.90284157327,2031.28207280525,2065.19605200088,1395.68452882448,1084.63216880194,1054.5477491323,1860.04893677559,1873.95265468474,1525.33487972314,1427.47297939401,1642.57849203623,1592.56265622424,1472.5890881709,1560.62899668691,1291.01964342143,1164.27031715148,1066.50473974568,1899.62464100148,1430.61309287312,1491.66461749952,1271.60890819465,1518.74233407119,1361.57904375765,1291.37273534793,1050.95957624449,1492.46347419292,1877.01591026821,1266.25716388892
1684.71612751229,3444.83838744287,3534.3935091045,4600.59876505222,4632.23751218566,2449.77039569018,1235.69299807841,2427.42478680597,1238.40579601357,1947.75948723142,1800.45979849593,1970.66972702176,1577.85671114332,1e+09,3057.61825813819,1791.84518940672,1318.26438190524,1752.26990460945,1501.08188800611,2151.85030362244,1413.65071807006,1335.02917829537,1646.55909565979,1574.07104680824,2341.09057150722,2363.90786358098,1665.67080766279,1160.91221580273,1707.60890542887,1133.15885801594,1387.50418323694,1593.53293863039,1726.94542337041,1558.73988602974,1117.20305513367,1624.88163876634,1959.94936128462,1278.94390959885,1814.68701943338,988.670247858203,868.529729255136,963.583481022791,1355.28756461498,1359.12697876247,1463.81905247882,1539.27434422847,831.814309025759,864.50088849,873.746872326305,927.492524012997,1503.58467802781,2009.77421734383,2301.73205284629,1765.64814212798
2651.61519334914,1598.60019382584,1234.32837928162,2476.62678365151,2183.73316094252,2473.89538640986,2932.49065178391,2873.23868234089,2687.3621575999,2050.62675672586,2223.66152831316,2140.57586501857,2615.24843580873,3057.61825813819,1e+09,2853.44802102649,2375.64067760678,2177.12929540255,2795.90593028449,3098.23212860173,2214.41836909831,2843.59840504949,3152.54317724595,2005.46810807352,1614.54838982918,1800.60312823232,2965.50683887257,3484.61256045776,3544.17905157175,2475.8030703188,2398.52146869691,2378.48236638408,2503.87489136338,2973.1377160838,2607.84942443002,2094.1170198678,3341.07687084569,3178.41392974546,2314.98720756725,2468.13297524667,2267.10042558772,2293.68318688523,2256.48839782083,2422.43735586702,2689.01821029535,2566.59375123918,2788.89613750674,2640.53005873821,2679.6599519342,2911.01930264985,2227.1312481531,1667.07616814589,2174.74127454279,1565.91778254799
1737.80433464185,3545.50780814258,3369.0621110036,4297.51614400691,4490.32746546396,2640.10832133835,1241.02768216507,1525.68061559423,1113.72239539304,1655.04564181777,1985.48709575258,1858.27949022745,2146.0911036347,1791.84518940672,2853.44802102649,1e+09,1854.36946227013,2061.73952530382,1486.29928840056,2332.15482822218,1368.45970649486,1647.99447477836,1935.02960956674,1835.87513426159,2565.58371147776,2595.10913633704,1960.50346714817,1708.88820395016,1618.7547433444,1344.33556104865,1646.7065802079,1521.49615283773,2049.80726428121,1665.95308196239,1455.23637956175,1355.9829742294,2563.11865554445,2029.60725902821,1584.38296200761,1635.4063281032,1555.188078015,1404.27750394998,1466.81230810216,1066.12027332755,964.326461215288,1185.76927089548,1449.41730398805,1170.28706862889,1345.41410900139,1611.2680748094,1743.75729131092,2032.66564016318,2684.72019743213,2005.54655298749
1108.43319532573,2568.06128782006,2559.71891859243,3613.88364458514,3808.47937737623,1785.97441594218,1161.33170201282,2399.4723035701,1123.93779098311,1621.53553673671,1670.2004125254,1192.75685669796,709.20970093478,1318.26438190524,2375.64067760678,1854.36946227013,1e+09,1388.44732489209,1059.98005750108,1801.48756698457,1466.05035626339,1420.97523162791,1428.81154555106,913.811745054746,1849.16660358119,1396.89859986328,974.739662012375,1670.08392022677,1644.75525404238,942.77189950698,620.566954888834,1147.86604092115,1308.63033340207,1657.11083627499,1141.00561909221,1340.16461481417,1504.47624806775,1224.80945583385,1193.2874269429,1185.56107417543,874.629337491031,728.865415766176,631.132233846442,1488.39216095759,1171.60515883125,1308.13338058472,1139.76284844699,1070.11726834025,875.379487479573,980.910353651138,898.529270196581,1175.83870530783,1458.20182097678,958.661745977172
1730.34204627293,2358.35883512242,2504.48769643614,3337.23527030984,3264.06383437886,1539.16250084259,1761.06096938749,2409.21073598803,1405.25173502828,1452.41098587831,1264.32820572824,1895.87455529104,1806.35448960053,1752.26990460945,2177.12929540255,2061.73952530382,1388.44732489209,1e+09,1769.54568070451,2474.78733502497,1209.18926124077,1703.53805226065,2128.49063533294,1223.39233281887,1892.97586894287,1446.0669013915,1617.92624544508,1960.27537233931,2297.82898434588,1108.00967752994,1367.52143416474,1822.48671740016,1817.52446000047,2029.25413167006,1325.04029999091,2006.74610117972,2005.77189007125,1832.57719545453,1239.48713769042,1777.33042504763,1328.59958151431,1166.05343526787,1267.99278065768,1360.69327557683,1791.11571407321,1531.02371470856,1633.01436567472,1669.42157473779,1541.48396576156,1998.65546473123,1087.72079735564,1723.32189584535,2125.90053142192,1361.25238695842
1271.76648768553,3164.62381895542,3121.710607007,4022.36235651389,4228.34396883697,1997.97914330956,677.783767288654,2215.93649193744,829.969640348369,1471.91237945742,2074.52229583102,1463.63230249267,1256.94701670357,1501.08188800611,2795.90593028449,1486.29928840056,1059.98005750108,1769.54568070451,1e+09,2019.43728818203,1394.3060714922,1119.36883420971,1353.68863775981,1302.86149275355,2135.27270031254,1874.36060148521,1306.52610766108,1404.50746801147,1519.03145201145,790.970951805438,1112.33690157254,1116.12097767222,1512.31367500264,1279.56263934205,1143.42004482167,1419.86656982267,1392.10298530676,1194.4198318012,1095.25909710899,1424.25680293267,1345.06739901761,1135.37915094474,962.414883457233,1171.86316688426,844.822907182328,805.645600807204,1017.93217927326,1123.92924212336,870.152782446853,1096.06504250432,1073.05067890571,1482.43784355365,1928.13239436508,1493.34727518418
2419.2377970551,3417.22284944954,3380.59127760219,4200.52586077029,4454.15555903698,2751.35755360876,2139.79643113545,1895.11725568631,1887.68635456211,1893.73732853846,2228.08634944878,1180.37214614714,2303.91931301858,2151.85030362244,3098.23212860173,2332.15482822218,1801.48756698457,2474.78733502497,2019.43728818203,1e+09,2045.85569693955,1615.67654785851,1231.1118269678,2018.33430189352,2372.28079931529,2907.05045406852,1755.48327138142,1777.45623316019,1628.93204066345,1960.91813202387,2023.18165257102,2234.4367200035,854.834300025449,1836.62500432179,2115.17701278167,2304.86607945017,2110.90167104013,1494.59329655261,2024.85419047891,1799.29308329688,1874.22003569485,1828.93473401869,1818.02236014852,2206.16314124772,2018.07367447276,2237.55269926766,2044.75530885727,1736.97941565236,1588.68530178258,1574.11594842947,2253.73230912635,2308.49844745454,2163.83248637689,1974.73849889042
1730.12944850956,2809.14565807827,2826.27429771068,3842.75208116527,3797.46249969634,2165.40853302558,1357.08627728675,1524.98504199222,840.247935968902,746.328318235346,1079.76132293206,1506.60035739409,1929.9097297024,1413.65071807006,2214.41836909831,1368.45970649486,1466.05035626339,1209.18926124077,1394.3060714922,2045.85569693955,1e+09,922.582463522909,1589.59024034498,1055.43736057617,1747.80546500462,2048.14694292182,1850.4406898358,1453.11228482179,1882.90539316239,779.270679930921,1338.43283910699,1566.8977953268,1376.3210592736,1223.2056960299,832.777595700076,1466.77232278906,1973.92459311393,1492.58875729385,1076.11194157485,1059.24801746333,950.771830724912,907.515510390869,1248.90168712353,522.949885839934,1421.14635998549,977.848334303434,1187.89643285936,1067.87068903496,1029.56647527005,1481.42110259035,1123.87423482345,1618.065586866,2139.33191524831,1365.8829273038
1757.89524158864,3205.61608482675,3280.36190431788,4230.34472906169,4319.04477552618,2361.40587034504,1180.3069312683,1639.51529206043,793.243135173573,1054.39135666032,1525.78347759438,1414.93738988692,1894.49179095609,1335.02917829537,2843.59840504949,1647.99447477836,1420.97523162791,1703.53805226065,1119.36883420971,1615.67654785851,922.582463522909,1e+09,864.45236317567,1227.15736289198,2016.24017807899,2382.34335556401,1643.70503503518,928.866972337805,1406.2171488074,880.393591753143,1375.54378730741,1755.13449131398,1051.17981573088,883.92030285541,900.526591112112,1793.34637198172,1414.47775136267,805.829099871679,1248.95762514186,1054.61656828442,1197.35782700912,1151.18979990269,1400.09235784644,1023.45237002022,1476.52348057862,1116.49187972864,1180.29184102916,1062.06738877531,805.538569529728,1127.88634188024,1357.51979628291,1853.39649379187,2081.60267481573,1688.66189413393
1712.19578687719,3274.49301255935,3339.01671701416,4261.78237038214,4550.85360810475,2587.1749070173,1357.70615333363,1781.45480080186,1186.79088692996,1556.10058235321,1782.65863947644,1270.91641019384,1927.84120253718,1646.55909565979,3152.54317724595,1935.02960956674,1428.81154555106,2128.49063533294,1353.68863775981,1231.1118269678,1589.59024034498,864.45236317567,1e+09,1412.39283342135,2272.86873015139,2606.47542946409,1458.25754131429,1209.52557273503,947.159139954844,1361.01775557852,1367.49336407896,2054.87935665333,1075.41820609473,1376.09920332802,1293.15435540387,2040.62947050659,1425.60963594527,818.111479078493,1619.01390840227,1301.68402221891,1498.67591369849,1465.42108433037,1600.76444566338,1665.72893632187,1659.81982440866,1607.47968854975,1630.20464255258,1269.84664747362,1036.68976902447,1067.88530282985,1744.17698456894,1990.4189797628,1953.0889392959,1957.51873919511
1140.4670285896,2127.88334266707,2195.87360856676,3336.56059579322,3473.258191684,1923.7982236191,1307.78167577773,2032.58462436377,1075.50940395703,1115.63474287062,1049.67349647402,1186.37147496052,1413.18529184959,1574.07104680824,2005.46810807352,1835.87513426159,913.811745054746,1223.39233281887,1302.86149275355,2018.33430189352,1055.43736057617,1227.15736289198,1412.39283342135,1e+09,1473.22498437951,1453.54128352104,1509.2118122053,1852.41795337877,1829.05902756035,935.232106003638,652.098352627884,1605.41233840406,1372.19142684248,1654.61721739501,834.710514969112,1429.18629324522,1690.64031071071,1448.97877793293,1141.88499381505,1045.63134803811,917.364787421013,925.45416909753,1116.02333954089,1230.38383019284,1516.9362870602,1242.33643510927,1480.83361080845,1199.54276355618,1085.27158421291,1349.74103216136,928.636553555803,1010.797383109,1380.38032567115,1091.47445146462
1974.08577237667,1812.05945691636,1998.77478085951,2733.80200672982,2717.18838137881,1722.76876051315,2171.17105012479,2449.83880600337,2167.36497420255,1408.30790692235,1926.92781764134,1477.22833793561,2328.05044346122,2341.09057150722,1614.54838982918,2565.58371147776,1849.16660358119,1892.97586894287,2135.27270031254,2372.28079931529,1747.80546500462,2016.24017807899,2272.86873015139,1473.22498437951,1e+09,1768.54436905044,2194.14544223942,2721.31957858683,2808.89753161271,1823.37543865766,1883.86881605381,2236.79228134845,1722.30779441423,2540.35505992765,2082.17720240137,1968.59292175909,2708.36071330981,2401.35332745933,2151.6886957225,1880.04142863927,1797.60303315276,1873.36550494024,1771.04199430731,1859.11097786012,2172.42193875868,2264.90205907452,2307.81100008211,1937.55473476235,1919.53635888982,2182.39037559736,2034.12514683832,1100.18872649196,1113.37454996061,1365.29721745853
1659.74185607281,1816.68006894445,1816.93645769465,2734.95774886926,2781.18316879705,1406.68665810834,2061.85433171211,3166.3853692973,2054.10699173631,2030.14948139293,2174.43407568498,1977.19644160614,1447.53318573358,2363.90786358098,1800.60312823232,2595.10913633704,1396.89859986328,1446.0669013915,1874.36060148521,2907.05045406852,2048.14694292182,2382.34335556401,2606.47542946409,1453.54128352104,1768.54436905044,1e+09,1894.63871701177,2814.62577777224,2871.63248769755,1717.55465298779,1522.45836159811,1732.4506748534,2255.79611889018,2603.78974389254,1988.05540186887,1908.03090947186,2293.3864667997,2403.28656543493,1702.63510212846,2202.43968223877,1825.9080342394,1704.75284806919,1453.99265730608,2065.82819762438,1994.09796266382,1946.21720871541,2100.60823158437,2156.91747336332,2038.05738506059,2280.24661047879,1356.84664693546,1179.64516003754,1645.28943818405,1195.32274173129
1227.35587553081,2933.59698597132,3009.41601093966,3660.44094121187,4021.68096148862,1583.39783633173,1241.29272019133,2430.05748847635,1376.77055964311,1867.63179647381,2028.21697258947,1437.21884092159,1461.90284157327,1665.67080766279,2965.50683887257,1960.50346714817,974.739662012375,1617.92624544508,1306.52610766108,1755.48327138142,1850.4406898358,1643.70503503518,1458.25754131429,1509.2118122053,2194.14544223942,1894.63871701177,1e+09,1633.76678889614,1358.48243006673,1220.81859160155,1123.83698550991,1725.29713394534,1519.89037209925,2076.24632103226,1585.07564403091,1997.93763964244,1715.52539232155,1394.87708877879,1588.56681313692,1812.67735217826,1524.71251424654,1308.25257110391,986.082293472507,1751.52802937892,1261.34846299506,1730.21785319075,1612.56963217096,1359.08697709161,1156.5891825536,1382.95523564575,1568.43737997409,1712.45363943086,1740.21726626304,1647.74313996448
2057.12264430199,3860.39150584497,3926.71825416594,4834.22222174364,4941.81684878143,2657.54567020023,1327.68565183932,2019.38088809417,1038.11599756482,1805.22293623253,1976.11215602759,1966.77215945315,2031.28207280525,1160.91221580273,3484.61256045776,1708.88820395016,1670.08392022677,1960.27537233931,1404.50746801147,1777.45623316019,1453.11228482179,928.866972337805,1209.52557273503,1852.41795337877,2721.31957858683,2814.62577777224,1633.76678889614,1e+09,1212.26418090283,1206.28938339853,1712.68045679864,1900.32998237148,1517.59794751443,1110.10098698272,1264.46283053319,2139.59482692401,1568.15076660377,825.86855570363,1611.23037654458,1465.42920060984,1469.48678047814,1355.73658064537,1605.40230372328,1417.20308135426,1555.31067378836,1429.53444036861,1120.76601523244,1223.89008509751,1009.09999638292,1216.93157773969,1694.45813657346,2459.12926282861,2681.52996994253,2153.42198642068
1657.02919738911,3688.76911837811,3692.75606696408,4547.68256289948,4937.27220138813,2761.84446728993,1268.9446355141,1859.22095316829,1244.42767596193,2011.19936038176,2048.22929436623,1711.1872199441,2065.19605200088,1707.60890542887,3544.17905157175,1618.7547433444,1644.75525404238,2297.82898434588,1519.03145201145,1628.93204066345,1882.90539316239,1406.2171488074,947.159139954844,1829.05902756035,2808.89753161271,2871.63248769755,1358.48243006673,1212.26418090283,1e+09,1533.41316024091,1479.66939280368,2122.09640219289,1702.02352292793,1735.27138494242,1484.91364883619,2137.91541626417,1882.13142413063,1283.64610504609,1843.06525804161,1668.23239768924,1718.42143611513,1603.61745226223,1682.92147080605,1793.27169556094,1486.16077922276,1720.15461459137,1724.55655656751,1299.02196190057,1210.29335956205,1241.52244208472,1988.09432414561,2334.6833552754,2446.36111945886,2329.85992409415
1211.67496359378,2843.72913859601,2886.33242480834,3809.57316649779,3902.26887518018,1753.77958737693,762.365580414016,1926.79368301331,510.58538551353,1080.86075291871,1432.34020243097,1396.72467798776,1395.68452882448,1133.15885801594,2475.8030703188,1344.33556104865,942.77189950698,1108.00967752994,790.970951805438,1960.91813202387,779.270679930921,880.393591753143,1361.01775557852,935.232106003638,1823.37543865766,1717.55465298779,1220.81859160155,1206.28938339853,1533.41316024091,1e+09,891.425935341798,1230.33776077954,1330.65341603289,1266.68004523637,682.961660783385,1384.29076262901,1549.60504468074,1138.42636722803,913.077934680277,1112.26283588907,858.188456634089,639.752126217647,741.87138204678,649.450365232017,938.252141644239,758.975781102401,850.516205842076,812.769985481748,598.727932536975,1114.85594549251,816.285355313937,1400.66007817743,1871.55341943531,1245.10544095671
710.912263503732,2475.28330566422,2492.63930762154,3570.56074664751,3830.63338744391,1932.50062403612,974.515397928632,2187.13192864537,961.279150663323,1519.67399622419,1376.14685927774,1298.20752474325,1084.63216880194,1387.50418323694,2398.52146869691,1646.7065802079,620.566954888834,1367.52143416474,1112.33690157254,2023.18165257102,1338.43283910699,1375.54378730741,1367.49336407896,652.098352627884,1883.86881605381,1522.45836159811,1123.83698550991,1712.68045679864,1479.66939280368,891.425935341798,1e+09,1428.1655358536,1550.69340032129,1735.44122631681,840.377280214072,1342.56842212976,1663.09937475185,1375.69741833006,1224.07449658916,1128.18340171268,904.475570648539,815.666223034888,901.886129896674,1328.58070432323,1192.8995625366,1211.35421883939,1327.1915225769,1005.01460153572,913.830352855496,1093.38927907676,963.909350354067,1157.05305133343,1524.89463603227,1274.90729949279
1716.54805682801,3154.39541026486,2933.96536780856,4017.12253533546,4076.83500289134,2184.65545139274,1382.04226925228,2479.03585458137,1316.26766005247,1820.10122026221,2235.6914601304,1640.21501343574,1054.5477491323,1593.53293863039,2378.48236638408,1521.49615283773,1147.86604092115,1822.48671740016,1116.12097767222,2234.4367200035,1566.8977953268,1755.13449131398,2054.87935665333,1605.41233840406,2236.79228134845,1732.4506748534,1725.29713394534,1900.32998237148,2122.09640219289,1230.33776077954,1428.1655358536,1e+09,1756.84889811275,1536.99073952968,1557.51106195109,899.157228353307,2050.33554056403,1773.71930969925,1260.8525698114,1504.89150788354,1243.70224792753,1045.57640839874,867.945291190637,1435.50648577427,940.848818939579,1108.06157613194,925.467949309969,1298.72284391243,1250.36035493773,1341.95959760345,1095.1615501377,1510.31205987372,2193.65661177861,1117.37618217859
2004.631043509,2884.0415753418,2899.34681773326,3796.39827529989,3909.87406912294,2190.67511806292,1714.46308913316,1779.77787319092,1390.50674780815,1208.04273136342,1717.8750740668,821.439420225253,1860.04893677559,1726.94542337041,2503.87489136338,2049.80726428121,1308.63033340207,1817.52446000047,1512.31367500264,854.834300025449,1376.3210592736,1051.17981573088,1075.41820609473,1372.19142684248,1722.30779441423,2255.79611889018,1519.89037209925,1517.59794751443,1702.02352292793,1330.65341603289,1550.69340032129,1756.84889811275,1e+09,1384.77917842521,1553.24887036817,1852.44945056539,1678.26488436718,1121.73783942595,1432.79546830662,1308.44595520793,1323.73025103304,1276.20396575156,1302.32522869673,1592.16330465816,1660.78866629683,1667.60144114234,1537.52809353195,1340.75990277902,1115.94688332375,1287.45179171882,1594.31358022818,1713.58808591797,1710.04885076421,1315.54457670578
2222.42415780607,3627.05921284723,3549.18188839344,4658.7023762095,4670.81318080696,2844.32244446722,1551.22033322156,1888.76227162129,1012.67277464144,1508.88882400262,1933.70373576202,1761.69078033008,1873.95265468474,1558.73988602974,2973.1377160838,1665.95308196239,1657.11083627499,2029.25413167006,1279.56263934205,1836.62500432179,1223.2056960299,883.92030285541,1376.09920332802,1654.61721739501,2540.35505992765,2603.78974389254,2076.24632103226,1110.10098698272,1735.27138494242,1266.68004523637,1735.44122631681,1536.99073952968,1384.77917842521,1e+09,1229.63112887565,1746.38736341626,1496.01318440046,1067.94561060009,1184.06932584203,1275.04004466526,1407.43470665605,1314.486133742,1604.82813008122,1338.78878935402,1607.49663150502,1003.07692112819,1048.43397541285,1397.42546953317,1191.81508557326,1318.93069992324,1356.8236787807,2206.68118132185,2616.87536134222,1809.6245838571
1295.90969542634,2902.906004851,2955.58951080829,4065.23405390145,4160.73434144743,2293.74354752226,983.164789900452,1904.2538768242,568.267250508069,1295.72874148102,1129.23025907031,1615.70029943675,1525.33487972314,1117.20305513367,2607.84942443002,1455.23637956175,1141.00561909221,1325.04029999091,1143.42004482167,2115.17701278167,832.777595700076,900.526591112112,1293.15435540387,834.710514969112,2082.17720240137,1988.05540186887,1585.07564403091,1264.46283053319,1484.91364883619,682.961660783385,840.377280214072,1557.51106195109,1553.24887036817,1229.63112887565,1e+09,1478.72082639016,1571.5488832359,1155.32423808211,1098.22134576778,880.529171010251,814.678941915157,781.019387531449,1219.68570664741,899.198707072024,1348.18384065379,867.5717571475,1052.16402613851,924.894675300923,816.966797672953,1129.94368634016,917.91103926252,1630.03296773409,2067.33326754541,1548.59862236798
1542.74019112098,2912.7010094069,2669.4716345749,3895.53631321799,3993.62180604273,2443.81431500022,1405.43330225948,2188.75868002848,1416.81876074535,1716.46291812553,1979.51162679081,1516.34574658948,1427.47297939401,1624.88163876634,2094.1170198678,1355.9829742294,1340.16461481417,2006.74610117972,1419.86656982267,2304.86607945017,1466.77232278906,1793.34637198172,2040.62947050659,1429.18629324522,1968.59292175909,1908.03090947186,1997.93763964244,2139.59482692401,2137.91541626417,1384.29076262901,1342.56842212976,899.157228353307,1852.44945056539,1746.38736341626,1478.72082639016,1e+09,2463.16538113055,2033.27558331378,1597.96806222778,1182.51583634216,1101.35063344967,1114.90676771648,1160.71692147569,1357.88895451727,1104.87874103903,1315.03126624427,1269.35042683256,1116.98056581124,1289.70619557324,1306.18151024274,1397.45223539125,1232.96832939861,1996.0029225179,1219.43934674915
2098.53862239893,3391.58851596122,3484.40331198901,4404.50662717176,4550.81264814319,2518.47596947043,1771.19067197747,2806.6027461684,1514.67050925276,2037.29432824519,2256.34332720001,2017.95811735526,1642.57849203623,1959.94936128462,3341.07687084569,2563.11865554445,1504.47624806775,2005.77189007125,1392.10298530676,2110.90167104013,1973.92459311393,1414.47775136267,1425.60963594527,1690.64031071071,2708.36071330981,2293.3864667997,1715.52539232155,1568.15076660377,1882.13142413063,1549.60504468074,1663.09937475185,2050.33554056403,1678.26488436718,1496.01318440046,1571.5488832359,2463.16538113055,1e+09,924.702784087947,1436.46428667754,1928.44750740071,1889.7767114662,1737.85897192494,1800.87074861024,2068.01455449424,2073.44488168844,1610.99622960453,1691.1929893717,1988.43385381561,1605.43233469991,1701.22117736055,1435.41544780597,2299.25970131693,2365.03110641277,2043.08747688394
1842.68417424148,3396.66456590874,3478.77106756107,4450.20091801483,4591.46932471513,2445.79050380444,1345.37643936558,2203.21882828284,1055.77464560388,1677.27499546139,1841.80682795455,1585.34469844889,1592.56265622424,1278.94390959885,3178.41392974546,2029.60725902821,1224.80945583385,1832.57719545453,1194.4198318012,1494.59329655261,1492.58875729385,805.829099871679,818.111479078493,1448.97877793293,2401.35332745933,2403.28656543493,1394.87708877879,825.86855570363,1283.64610504609,1138.42636722803,1375.69741833006,1773.71930969925,1121.73783942595,1067.94561060009,1155.32423808211,2033.27558331378,924.702784087947,1e+09,1374.24658798922,1281.92094159507,1313.59855043312,1220.72270872627,1420.47712318784,1586.5299086686,1621.1201313598,1395.88671506681,1177.02074977462,1280.08971197334,921.340089869099,1007.02171138462,1384.59810020814,2089.89882903455,2167.75107966759,1789.93992008112
1720.34748176059,2808.35936569735,2699.68658593919,3705.84539862364,3774.18328434113,2067.74742241406,1429.74505146897,1987.48258862814,846.737653762959,1188.53008367479,1573.65389635078,1474.1673397888,1472.5890881709,1814.68701943338,2314.98720756725,1584.38296200761,1193.2874269429,1239.48713769042,1095.25909710899,2024.85419047891,1076.11194157485,1248.95762514186,1619.01390840227,1141.88499381505,2151.6886957225,1702.63510212846,1588.56681313692,1611.23037654458,1843.06525804161,913.077934680277,1224.07449658916,1260.8525698114,1432.79546830662,1184.06932584203,1098.22134576778,1597.96806222778,1436.46428667754,1374.24658798922,1e+09,1534.18212377149,1303.32893603265,1028.8408330738,1066.1592376845,1189.44808449129,1345.94856569633,709.595596730983,1248.83637519092,1469.12476709774,1241.82274371184,1595.73271828336,642.400392979332,1651.54112113504,2189.64849503294,1254.09294643579
1581.28357706643,2951.55526558457,2950.40417180426,4183.87250553838,4243.36409018835,2548.12858659056,1304.51754572332,1892.25558574945,1086.62880285772,1445.06397370497,1348.72647249174,1381.6853979832,1560.62899668691,988.670247858203,2468.13297524667,1635.4063281032,1185.56107417543,1777.33042504763,1424.25680293267,1799.29308329688,1059.24801746333,1054.61656828442,1301.68402221891,1045.63134803811,1880.04142863927,2202.43968223877,1812.67735217826,1465.42920060984,1668.23239768924,1112.26283588907,1128.18340171268,1504.89150788354,1308.44595520793,1275.04004466526,880.529171010251,1182.51583634216,1928.44750740071,1281.92094159507,1534.18212377149,1e+09,565.340170870601,826.600894325672,1301.86474981082,1207.54025589212,1463.85401683365,1331.56806975836,1068.77209380672,743.617024011689,805.00210564942,790.823924713966,1323.75942210056,1544.81737428733,1883.99090632094,1389.50011219863
1407.46451262545,2742.9884283387,2742.76448894177,3924.44914050367,3959.38250553038,2167.67403587348,1226.84315586794,2021.51682723642,974.509403648831,1410.93275860333,1227.0355868515,1368.22761498224,1291.01964342143,868.529729255136,2267.10042558772,1555.188078015,874.629337491031,1328.59958151431,1345.06739901761,1874.22003569485,950.771830724912,1197.35782700912,1498.67591369849,917.364787421013,1797.60303315276,1825.9080342394,1524.71251424654,1469.48678047814,1718.42143611513,858.188456634089,904.475570648539,1243.70224792753,1323.73025103304,1407.43470665605,814.678941915157,1101.35063344967,1889.7767114662,1313.59855043312,1303.32893603265,565.340170870601,1e+09,363.756239671569,914.833032634918,1078.69070237951,1260.70418449373,1214.64271405216,880.035923300862,683.374301536135,717.442209728421,903.582703409046,1010.28665892409,1392.99892630971,1824.52025516298,1072.50698794926
1333.42359226166,2773.97752090748,2744.53430397581,3852.23743861928,3916.08428801015,1993.63474741488,1086.43590818787,1986.99465880007,764.652338321148,1336.61184709698,1305.42342904515,1313.45758793347,1164.27031715148,963.583481022791,2293.68318688523,1404.27750394998,728.865415766176,1166.05343526787,1135.37915094474,1828.93473401869,907.515510390869,1151.18979990269,1465.42108433037,925.45416909753,1873.36550494024,1704.75284806919,1308.25257110391,1355.73658064537,1603.61745226223,639.752126217647,815.666223034888,1045.57640839874,1276.20396575156,1314.486133742,781.019387531449,1114.90676771648,1737.85897192494,1220.72270872627,1028.8408330738,826.600894325672,363.756239671569,1e+09,642.172326949706,972.608628431807,1032.71361727248,995.622399054983,741.338010491841,691.274130211742,622.186870803298,933.213331344982,796.684764696803,1387.14448576924,1871.13277390997,998.290442055818
1203.89758281176,2690.89968516108,2623.61596648595,3545.89844423102,3700.79126916123,1566.011294723,1046.07598686711,2150.25173707638,994.779694605796,1395.56611871312,1726.73672364956,1157.4605081816,1066.50473974568,1355.28756461498,2256.48839782083,1466.81230810216,631.132233846442,1267.99278065768,962.414883457233,1818.02236014852,1248.90168712353,1400.09235784644,1600.76444566338,1116.02333954089,1771.04199430731,1453.99265730608,986.082293472507,1605.40230372328,1682.92147080605,741.87138204678,901.886129896674,867.945291190637,1302.32522869673,1604.82813008122,1219.68570664741,1160.71692147569,1800.87074861024,1420.47712318784,1066.1592376845,1301.86474981082,914.833032634918,642.172326949706,1e+09,1155.93687085411,749.743363558491,1127.388083226,996.09837541279,926.345019093858,805.061403434545,1121.85880087469,947.17951276408,1170.49416739256,1661.55225421893,865.144068696076
1533.67341513766,3007.4795338622,3009.22311200084,3929.40751024884,3951.21859034653,2059.42257475245,1029.50369911914,1626.98002476982,754.25474715112,943.328781867701,1448.49578577226,1614.85220599286,1899.62464100148,1359.12697876247,2422.43735586702,1066.12027332755,1488.39216095759,1360.69327557683,1171.86316688426,2206.16314124772,522.949885839934,1023.45237002022,1665.72893632187,1230.38383019284,1859.11097786012,2065.82819762438,1751.52802937892,1417.20308135426,1793.27169556094,649.450365232017,1328.58070432323,1435.50648577427,1592.16330465816,1338.78878935402,899.198707072024,1357.88895451727,2068.01455449424,1586.5299086686,1189.44808449129,1207.54025589212,1078.69070237951,972.608628431807,1155.93687085411,1e+09,1098.2285321371,850.882715537224,1089.20589674313,935.968149458089,949.011083971099,1431.84217800008,1209.30820066681,1589.31022770886,2185.52877915163,1503.40129745853
