1e+09,4192.88696636339,2014.31249015638,6167.9149194278,9082.45561358271,4721.76022783877,9178.91744434495,5812.85913229454,3940.42351193371,2803.06258617249,1937.89425887998,2938.60358231593,3434.51246444091,1375.04096091716,5911.88656540364,2580.05707254704,1359.50408123698,4956.55803937571,3454.75470433141,3819.49551472443,4861.05604697169,2725.68080612899,2976.44478053936,2917.11080571171,2499.67822253185,2538.72982977709,2106.60726672059,2494.33170616901,2254.01750940404,3182.60935840389,2972.50964846205,7074.35284336313,6840.05641152176,4921.44711917135,3613.61191244992,3374.41523504444,3831.93177059561,3100.45191899504,3432.14439145558,2948.65846072413,5390.91209585169,3777.25819247242,4979.0991346829,2940.20542967664,3525.82232337366,4888.67511034432,6198.66816759052,2942.9813900363,2898.04347565733,4958.9525046324,2776.4839299553,3996.89102980054,6016.65894673281,7168.79777822614
4192.88696636339,1e+09,2269.78534709783,2417.36874369634,5539.5158139137,3791.64822865993,12210.1901907382,9377.19720334387,7663.05569830339,6008.08758508895,4867.77876359434,6844.71695763236,7287.91233879086,4707.56797218054,8785.17416841009,5816.30715224875,3442.87375586152,7054.36640508558,7347.95056239493,7328.61284826126,8241.34541572552,6549.25128090227,6944.53234678189,5975.41355071764,3581.41445396927,3328.92674231501,3604.71003417751,5992.96440951388,5990.43509346358,6295.41759157405,6665.0755989786,10667.8263980672,10221.2999078444,8759.7778990052,6975.62026339594,7159.01501161997,7454.62675311112,6851.73781227069,6964.58049496881,6809.2204120369,8761.0295936779,7415.68405069283,8168.09344369296,6538.00431622678,7366.81721800535,8625.61522210445,9607.16135388597,6865.81153258666,6632.73691410265,8502.47043556754,6430.67694341739,7329.65828700083,8822.14198760143,10334.0880235655
2014.31249015638,2269.78534709783,1e+09,4340.45769516303,7227.93368463629,3931.23661747802,10642.9942092768,7374.66376680998,5598.89789413952,4065.04688155008,2783.37255576755,4692.05683629259,5235.38410776134,2560.88425829829,7200.17574117466,3653.83517999923,1357.53000692434,5744.62521069042,5247.58493849314,5337.51859232359,6342.63147318209,4340.75730944498,4728.33003236872,4199.48288414181,2401.15757121435,2252.6245849675,2126.10719014823,3876.85680976226,3831.32741139412,4478.99450723039,4662.7398031415,8756.88069858212,8398.52783549593,6611.26172538949,5080.78091889426,5090.99564375182,5466.14218023095,4753.89533359749,4928.1110777863,4661.12944868516,6930.87912146793,5390.14304053241,6417.44730644514,4451.86590138337,5265.37526504997,6580.5115784337,7766.47094981369,4698.27399927889,4559.37025555065,6607.43553639383,4353.24160187555,5548.19378393545,7360.21004786548,8645.81476990457
6167.9149194278,2417.36874369634,4340.45769516303,1e+09,3960.19897323354,4120.29828914121,13721.7136360806,11180.0443912178,9480.14387108656,7792.27438388177,6808.19166309968,8673.43856758667,9099.37862098836,6656.83474079836,10287.2861713233,7713.00549100673,5501.85248804437,8312.32402099437,9163.95243347542,9156.94715241384,9926.89950998296,8453.59584704639,8927.20309286733,7885.93241049529,5252.74169885594,4910.34130385048,5266.77639528203,7873.35091771604,8030.50012295623,8015.14946861879,8522.22518767839,12283.2057992651,11813.8740913258,10682.5402178274,8884.24057730879,9124.41508783988,9306.49196769653,8745.02575064819,8758.50641578232,8837.96872746787,10461.5796368283,9143.84551247997,9703.62817881539,8284.92163002161,9079.82187330236,10430.3259105457,11267.7951815606,8701.3036088508,8468.65916884721,10358.5250462457,8254.78795613794,9020.87172195681,10313.8844472972,11812.8909825749
9082.45561358271,5539.5158139137,7227.93368463629,3960.19897323354,1e+09,7755.34294936723,17343.6773854393,14274.545255685,12554.5442923071,10910.4343700652,9560.21100891084,11629.2505618333,12198.1893930985,9445.09670760972,13778.2216098486,9999.87022560293,8282.77399790674,11785.3389605645,12206.622111985,12292.0343847591,13130.6533553856,11163.9947999182,11674.127180372,11235.7323435591,8709.60362227237,8351.95653733303,8642.83670804326,10740.4576625533,10912.0516625243,11310.3624494045,11732.1627932151,15548.0660632151,15163.1349588434,13518.6333364767,12133.1684746772,12167.4471156525,12464.8382808683,11755.3137304582,11797.532544846,11731.9665561363,13802.9480355357,12227.1399283602,13089.5333095837,11220.7263936788,12093.2482221899,13525.1701804598,14587.5168124805,11601.9622321399,11541.0875076182,13676.1163214233,11257.9981616893,12438.9807304538,13968.4925237622,15260.9397295907
4721.76022783877,3791.64822865993,3931.23661747802,4120.29828914121,7755.34294936723,1e+09,9993.30755623482,8272.91748656422,6658.13290427579,5134.43820356229,5139.77152093359,6240.2205203342,6297.58631716946,4846.08068818504,6643.72179485264,6494.03187549923,4443.30718788382,4585.46850139656,6462.19780758064,6390.50434920437,6733.30512287985,6388.37949628073,6949.55484857843,5125.29067989319,2810.81687119599,2435.34134198884,2935.5651425918,5591.65684971816,6125.79202032684,4958.39406156873,5778.1477789167,8817.64838248838,8332.95399387276,8102.3455550106,6041.56594983453,6570.17042816242,6460.00977207465,6177.72913014159,6004.83207482108,6582.18331862612,7111.77239190063,6210.80478153999,6207.02035173077,5698.81332827283,6304.08382726626,7457.02907410854,7812.4042872665,6255.71254492244,5800.43851228508,7270.33131265694,5631.68372704824,5810.47215094436,6749.39219596106,8117.07139980301
9178.91744434495,12210.1901907382,10642.9942092768,13721.7136360806,17343.6773854393,9993.30755623482,1e+09,5081.94967194678,5934.08666993498,7043.39060259333,8857.03762850198,7049.96965496306,6253.10781878099,8822.80443372174,3688.00648208487,9617.78210324501,9907.30774581067,5825.34992736059,6367.54116010254,6140.88014770684,4997.07573587794,7896.32598087237,7787.65793355743,6570.40941997529,8777.64597372781,9106.77951489438,8864.16964161336,7715.61955781258,7970.99838096835,6328.10840581133,6343.28848493429,3331.38678623483,3155.42816037697,6349.24527679472,5923.36158988289,6544.88814523213,5892.73627507629,6746.85032646345,6516.81297733025,7222.98746809795,4096.70770635397,6056.09319671519,4543.40692812123,7122.14637948421,6434.59348295601,5232.27228962714,3517.15853472658,7112.55098681198,6690.48343638186,4595.05408341404,6991.00048842796,5233.73397061792,3672.87599627322,2583.22901872831
5812.85913229454,9377.19720334387,7374.66376680998,11180.0443912178,14274.545255685,8272.91748656422,5081.94967194678,1e+09,2112.57669728225,3490.44251052786,4925.95716923117,3176.95269538279,3255.91396174715,5183.72156419498,3179.74169134853,5233.25060623892,6482.03809595408,4543.11086380247,2909.98347799433,2402.83280993497,1862.95443001164,3679.43386060954,3589.01876304652,3773.40242639186,6241.42873631511,6701.750958466,6129.8225546014,3745.37719423558,3960.63951270499,3479.90827081692,3193.2875641727,2867.6420536915,2558.75045193938,1998.7142225691,2745.96517721911,2934.21298552099,2777.02726968966,2987.66734291152,2780.48004454267,3209.72986799512,2186.32136510166,2618.21329942768,2920.74306995669,3289.05542987649,2885.44104484912,1650.13732737612,2321.62924624067,3199.78315327773,3104.22298066682,2210.25149933215,3428.51381140575,3263.59932212887,4256.62446621733,3501.01022195023
3940.42351193371,7663.05569830339,5598.89789413952,9480.14387108656,12554.5442923071,6658.13290427579,5934.08666993498,2112.57669728225,1e+09,1860.46301925085,3321.03615114319,1429.47327320241,1337.43127815974,3349.92241014624,3037.78268962742,3788.77040164748,4675.10858283527,3546.21520104181,1015.19082999208,1249.01500991782,1297.0644952353,2030.19104886708,2151.39719150137,2246.94727793066,4586.27714448222,4886.96290726664,4377.22587849885,2018.9550187659,2446.1595530341,1814.34365366653,1320.11031122403,3417.8022198483,3245.51846412865,1662.77506037347,1361.04630575157,1440.70996661368,1123.67383412626,1094.11742367993,929.146505563035,1642.51934265627,1998.12009548976,805.193632240097,2127.10294377118,1455.43558287545,1050.59704073446,1037.27140030949,2601.56655969053,1376.01890993547,1146.90844839508,1829.09405285786,1385.74808212027,1941.69550586594,3862.0065222498,3855.77995999512
2803.06258617249,6008.08758508895,4065.04688155008,7792.27438388177,10910.4343700652,5134.43820356229,7043.39060259333,3490.44251052786,1860.46301925085,1e+09,2092.81107728337,1696.09401284245,2219.36129681492,2151.78072749061,3627.56007117732,3112.43798656295,3283.10508395635,3087.66867754622,1930.36353941427,1726.52133308569,2409.31528169312,1861.19533356926,2405.95958104038,1420.49963231252,2920.12872209428,3353.49605814589,2826.92114067584,1144.15708108633,1935.69526958662,1042.48308456301,1548.42003816794,4962.89157030455,4555.95709191823,3098.63590891218,1554.21809319027,1966.50108235414,1993.97381349405,1423.9679164925,1208.24885267895,1870.79169406965,3196.78010579395,1825.96790979469,2857.12958897562,1116.60797243258,1941.92614833829,2769.90747930324,3938.30757007372,1749.8943183804,1189.3284467295,3030.34279361263,1169.74202775655,2310.3540901126,4346.89358446926,4971.73742022847
1937.89425887998,4867.77876359434,2783.37255576755,6808.19166309968,9560.21100891084,5139.77152093359,8857.03762850198,4925.95716923117,3321.03615114319,2092.81107728337,1e+09,2618.78872126027,3409.56400379873,1268.97458634915,5432.48291575777,2119.76973079625,2193.83615370428,4432.29462054363,3299.05814236427,3237.91267254075,4108.1782719108,2105.06529231281,2645.92142827409,2722.78840694609,2971.07722275945,3198.66914097098,2613.24421089955,1647.85126932014,1936.62207410222,2790.50736368855,2783.40899865614,6652.7770343519,6301.57829863281,4226.17808259425,3098.7075005234,3153.9373210798,3518.46252233841,2613.1856682601,2720.68471712545,2487.30415116447,4875.12071622847,3186.29202792211,4620.77326717077,2208.75628526553,3215.8368421299,4323.83569948027,5700.51594844712,2495.8115340506,2502.67077175565,4672.55145439834,2272.45323536041,4001.73238089455,6047.4257179977,6748.97126736364
2938.60358231593,6844.71695763236,4692.05683629259,8673.43856758667,11629.2505618333,6240.2205203342,7049.96965496306,3176.95269538279,1429.47327320241,1696.09401284245,2618.78872126027,1e+09,1401.73080710955,2492.33385067089,4060.85188597171,2932.93476265668,3762.01828420597,4095.9264398546,1054.46353910413,1462.40915827275,2515.02305245896,1120.48588598875,1193.45826211058,2304.44553565494,4005.7625289575,4358.27895077862,3745.82862827439,1459.77489860595,1671.65001734813,2060.15738947295,1328.94989551901,4516.18133909612,4296.86756540157,2311.89513365118,2023.85934679266,1569.39399135462,1674.83810241468,829.80120510879,1426.76043111659,1182.17166206943,3135.32716219536,1441.91146732384,3006.97905659484,1210.09244303896,1097.73000879087,2307.16822587778,3806.60047686909,618.626760575389,848.482366228079,2746.64205705804,1230.31491322344,2383.96553844639,4494.23287753316,4920.26020402377
3434.51246444091,7287.91233879086,5235.38410776134,9099.37862098836,12198.1893930985,6297.58631716946,6253.10781878099,3255.91396174715,1337.43127815974,2219.36129681492,3409.56400379873,1401.73080710955,1e+09,3053.76870201396,3430.25364589851,3845.23545942248,4273.16868788257,3709.23677921753,832.83059976204,1788.32893333413,2209.2307460743,2165.95115404295,2170.15896896978,2233.31861976745,4282.83214242632,4436.80350590377,4005.43319874393,2198.29870645461,2470.43025570446,1912.53874062723,1069.62385753124,3758.74395909059,3734.9459879361,2428.92684397863,1810.02620478268,1530.01924951943,1189.27053007295,1220.27296954411,1560.8840251601,1759.02594472054,2456.88009646381,1197.1630776966,2305.05339430565,1789.30971407971,1065.28352920713,1890.21259590026,3060.98189565048,1374.30871651896,1152.13302981904,2104.89172020795,1360.71356519291,1704.53990979971,3744.25887781547,4149.76464174777
1375.04096091716,4707.56797218054,2560.88425829829,6656.83474079836,9445.09670760972,4846.08068818504,8822.80443372174,5183.72156419498,3349.92241014624,2151.78072749061,1268.97458634915,2492.33385067089,3053.76870201396,1e+09,5424.98270730884,2038.6971967411,1555.18300636935,4480.12074150909,3048.54049028383,3190.68327860977,4217.04304794248,2115.28244537225,2642.58237744824,2612.71450189262,2590.74885367146,2714.41488612187,2180.5172129566,1561.29818317963,1881.73013205932,2642.3663143478,2660.10444355104,6548.67621951185,6325.53600296449,4246.58940221444,3106.3469657461,2838.09675280812,3408.45510351831,2507.18886504388,2729.51259370606,2366.44372107177,4855.35339304978,3138.97254833489,4496.70830723986,2208.9978994784,2998.83555907956,4317.22141877157,5622.753471841,2355.93934839164,2311.62221904878,4521.45381015885,2116.63878030712,3769.11532647915,5887.3398677756,6696.35262811779
5911.88656540364,8785.17416841009,7200.17574117466,10287.2861713233,13778.2216098486,6643.72179485264,3688.00648208487,3179.74169134853,3037.78268962742,3627.56007117732,5432.48291575777,4060.85188597171,3430.25364589851,5424.98270730884,1e+09,6473.65715136352,6539.61545997163,2345.45258146482,3547.95659884672,3207.600607027,1948.69466494882,4841.73590292779,5015.64454747344,3357.80848858299,5337.32263154477,5678.27220201709,5408.13724206404,4424.82516732582,4968.56857604884,2864.71129850811,3254.94829645572,2751.50919947581,2081.69480299106,4156.14879906868,2858.68851258755,3779.85080442337,3095.70793885664,3714.68675430379,3345.98999896892,4335.63286946669,1428.27303727264,2927.54340237681,1297.18188454819,3817.8674659946,3467.91716582158,2852.45213900251,1702.90548842266,4069.2381084547,3514.38753913111,2390.18617601224,3746.50066425992,2207.65610372177,1915.82844156255,1762.31716001973
2580.05707254704,5816.30715224875,3653.83517999923,7713.00549100673,9999.87022560293,6494.03187549923,9617.78210324501,5233.25060623892,3788.77040164748,3112.43798656295,2119.76973079625,2932.93476265668,3845.23545942248,2038.6971967411,6473.65715136352,1e+09,2705.60854339648,5897.56829816323,3539.68969409749,3777.54982227899,4875.08282194262,2126.09435263349,2503.83787282643,3880.81809475786,4318.23422259608,4454.7314323537,3866.59103707646,2194.50432412424,2067.89803605013,3873.5899672526,3632.39621888912,7034.69031262926,6970.662767241,4045.9318760948,3963.4019332639,3253.28493334045,4129.81172492161,3132.15076383625,3300.50784343864,2674.13793694342,5664.50832701304,3858.6276852788,5504.1439546945,2817.47846531256,3478.45487925314,4613.7979748901,6289.40369220326,2783.76507164308,3124.13681406561,5196.24036611087,2955.46038188638,4900.47248465901,7126.75378290144,7557.0484569771
1359.50408123698,3442.87375586152,1357.53000692434,5501.85248804437,8282.77399790674,4443.30718788382,9907.30774581067,6482.03809595408,4675.10858283527,3283.10508395635,2193.83615370428,3762.01828420597,4273.16868788257,1555.18300636935,6539.61545997163,2705.60854339648,1e+09,5364.13338327824,4274.95867753128,4375.7979737072,5538.40071481831,3383.92725811298,3751.06951835073,3445.16232591441,2377.5176977049,2291.41670673407,1913.94010488834,2873.08092964678,2797.66600583415,3714.20634554679,3824.82272887254,7850.67435565251,7587.52554528155,5542.23775351617,4214.04257896144,4008.04492424923,4536.74778866977,3771.25832776011,3995.95171723834,3621.03520456513,6110.15944956431,4524.77694892246,5669.08854509259,3606.32911285146,4335.55409823243,5623.14334946211,6884.28482080746,3758.30568554502,3623.93134309965,5664.18509197042,3425.78293238203,4810.11803173269,6782.2218934653,7902.40364644834
4956.55803937571,7054.36640508558,5744.62521069042,8312.32402099437,11785.3389605645,4585.46850139656,5825.34992736059,4543.11086380247,3546.21520104181,3087.66867754622,4432.29462054363,4095.9264398546,3709.23677921753,4480.12074150909,2345.45258146482,5897.56829816323,5364.13338327824,1e+09,3910.0823950142,3598.91666701245,2883.03523566744,4656.59273422102,5113.17182528614,3017.13617735428,3887.18707847976,4030.01439648793,3880.28987704527,3925.48903729204,4717.56791056578,2355.45553426508,3262.99265342415,4707.10225596385,4118.3493653283,5053.9823704184,3132.5058546314,4183.96339950531,3562.65251216001,3778.35230939361,3296.95618000907,4477.97578056202,3073.37459313049,3122.71033410081,2274.32870937778,3471.37752352002,3666.778716244,3955.94974743108,3671.69394094878,4047.211419805,3442.78726198701,3813.26440978068,3413.06907591979,2746.35822281071,3273.75293844847,3824.84834044436
3454.75470433141,7347.95056239493,5247.58493849314,9163.95243347542,12206.622111985,6462.19780758064,6367.54116010254,2909.98347799433,1015.19082999208,1930.36353941427,3299.05814236427,1054.46353910413,832.83059976204,3048.54049028383,3547.95659884672,3539.68969409749,4274.95867753128,3910.0823950142,1e+09,1562.80578399877,2082.74342642103,1747.32881919804,1800.22618020625,2266.34958898666,4327.43512220576,4585.22138958415,4119.66860204798,1954.12923403239,2244.91646512738,1927.11446102716,1224.940158171,3809.98848393273,3752.1963602269,1970.07803066275,1742.49814677089,1302.86424004959,1057.18372414638,947.446569522525,1243.94858394549,1503.25450849149,2590.46320188108,1231.88103877769,2494.16101791765,1478.89692554958,839.137010803361,1610.51819542655,3124.24169381948,1162.88310547535,1003.72654926529,2153.93111767763,1247.03263878697,1897.02188606247,3995.23969771527,4300.25648783884
3819.49551472443,7328.61284826126,5337.51859232359,9156.94715241384,12292.0343847591,6390.50434920437,6140.88014770684,2402.83280993497,1249.01500991782,1726.52133308569,3237.91267254075,1462.40915827275,1788.32893333413,3190.68327860977,3207.600607027,3777.54982227899,4375.7979737072,3598.91666701245,1562.80578399877,1e+09,1864.93743315962,2189.62647940237,2201.18923807109,1994.21416974206,4200.84170127845,4652.11616606894,4011.02274266801,1897.31197487393,2171.74414535875,1768.36627914016,1527.72908481838,3916.08972369122,3504.05765032483,2165.02991577484,1422.34127191754,1495.02368961164,1458.57857405763,1175.86696875114,1346.29421970088,1675.58251059147,2333.47954788552,1474.26170356555,2369.87632373506,1838.7507972262,1632.05808064542,1901.77706771851,2988.96612525134,1694.23318858415,1250.46873627452,1882.47432322462,1741.7910639052,2056.2575443509,3841.91004104729,4159.8636149398
4861.05604697169,8241.34541572552,6342.63147318209,9926.89950998296,13130.6533553856,6733.30512287985,4997.07573587794,1862.95443001164,1297.0644952353,2409.31528169312,4108.1782719108,2515.02305245896,2209.2307460743,4217.04304794248,1948.69466494882,4875.08282194262,5538.40071481831,2883.03523566744,2082.74342642103,1864.93743315962,1e+09,3148.47993623907,3362.43683750342,2677.35440549061,4952.07449554225,5305.58509896882,4874.28031442592,2944.0578479371,3557.0334035682,2056.92846846943,2104.78930294697,2735.79940372097,2327.94494127331,2412.1842295314,1794.0888505311,2443.35443955641,1827.79386953234,2181.16457210363,1773.79039043513,2781.70231980347,1151.75571923911,1358.91828290004,1381.69465816439,2252.32220512519,1949.54329785209,1270.65333435206,1743.53234839506,2459.63436264417,2096.73352717984,1789.22352208996,2305.33282514695,1911.12784446776,3211.15193089645,2827.24392592857
2725.68080612899,6549.25128090227,4340.75730944498,8453.59584704639,11163.9947999182,6388.37949628073,7896.32598087237,3679.43386060954,2030.19104886708,1861.19533356926,2105.06529231281,1120.48588598875,2165.95115404295,2115.28244537225,4841.73590292779,2126.09435263349,3383.92725811298,4656.59273422102,1747.32881919804,2189.62647940237,3148.47993623907,1e+09,942.425442196888,2710.29010688893,4075.04463471261,4379.53935645063,3813.80309091857,1174.69078258919,1488.91028332805,2565.81040790235,2051.93766730376,5287.84847764192,5117.23042532775,2465.36307096947,2508.30458331918,1980.82086484366,2273.21096214144,1303.5309916147,1736.55615420291,1201.0350117711,3935.74317844801,2140.67725430528,3863.40589753394,1331.9870807932,1861.99518079398,2872.84431200161,4567.42724388687,1111.7764517204,1498.22186284275,3543.20054675148,1429.13965685653,3259.45031065056,5425.17230583509,5770.25006050864
2976.44478053936,6944.53234678189,4728.33003236872,8927.20309286733,11674.127180372,6949.55484857843,7787.65793355743,3589.01876304652,2151.39719150137,2405.95958104038,2645.92142827409,1193.45826211058,2170.15896896978,2642.58237744824,5015.64454747344,2503.83787282643,3751.06951835073,5113.17182528614,1800.22618020625,2201.18923807109,3362.43683750342,942.425442196888,1e+09,2885.58901325189,4527.22686043012,4863.86373069805,4256.03580497157,1816.60476956326,1429.90295352517,2964.91301363126,2112.35266458989,5233.98759790277,5075.16753337267,2331.55736884169,2616.84782014545,1928.70286832887,2275.54507450413,1470.06366562813,2149.88804964352,1106.3336930601,3964.50433595424,2409.011069547,4046.37902011168,1999.97323189587,2088.60538470052,2873.94818514531,4591.25903461131,1377.07975117638,1782.31901717958,3363.54401095036,1932.93272492863,3318.68278298785,5383.2611818395,5810.25035277311
2917.11080571171,5975.41355071764,4199.48288414181,7885.93241049529,11235.7323435591,5125.29067989319,6570.40941997529,3773.40242639186,2246.94727793066,1420.49963231252,2722.78840694609,2304.44553565494,2233.31861976745,2612.71450189262,3357.80848858299,3880.81809475786,3445.16232591441,3017.13617735428,2266.34958898666,1994.21416974206,2677.35440549061,2710.29010688893,2885.58901325189,1e+09,2813.06527873066,3213.79783689018,2803.94095494181,2056.76418745563,2188.01814729677,1090.84668711969,1363.01051888824,4956.04254491424,4518.48340260313,3544.69113650259,1122.50023367481,1952.86130144975,1969.5925521031,1860.24594588995,1898.69842823972,2138.66819951109,2995.86241162708,2280.22463818809,2767.75039813925,2173.82137626347,2512.9150023031,2995.21924598184,3825.2292397842,2391.4048223377,1660.70085530176,2600.99796247517,1796.27836581639,1842.41670609556,3671.61317991152,4789.08722379328
2499.67822253185,3581.41445396927,2401.15757121435,5252.74169885594,8709.60362227237,2810.81687119599,8777.64597372781,6241.42873631511,4586.27714448222,2920.12872209428,2971.07722275945,4005.7625289575,4282.83214242632,2590.74885367146,5337.32263154477,4318.23422259608,2377.5176977049,3887.18707847976,4327.43512220576,4200.84170127845,4952.07449554225,4075.04463471261,4527.22686043012,2813.06527873066,1e+09,1139.58388677622,1120.87839973835,3335.43412496784,3638.50197533271,2990.96762276023,3619.13414186322,7285.43742141815,6798.46642948246,5870.10699314757,3833.40535712048,4205.79642977403,4358.854701031,3922.01928335392,3962.31368881869,4113.46144170576,5398.39429517704,4315.87840083569,4764.50655094523,3649.81807468537,4351.19045204873,5464.95396010799,6201.10549177322,4075.09498827941,3601.46171880252,5210.44092683143,3540.3963607907,3954.26183588037,5442.85821737991,6884.72115353265
2538.72982977709,3328.92674231501,2252.6245849675,4910.34130385048,8351.95653733303,2435.34134198884,9106.77951489438,6701.750958466,4886.96290726664,3353.49605814589,3198.66914097098,4358.27895077862,4436.80350590377,2714.41488612187,5678.27220201709,4454.7314323537,2291.41670673407,4030.01439648793,4585.22138958415,4652.11616606894,5305.58509896882,4379.53935645063,4863.86373069805,3213.79783689018,1139.58388677622,1e+09,969.837029814803,3607.05437131186,3953.0220447526,3294.36800570307,3894.81150863556,7544.15632320805,7173.97712729836,6196.43011042649,4193.22545127256,4531.47731185979,4621.8137971039,4229.73250650677,4197.28443622779,4473.81210852669,5732.19452859025,4567.53252844465,5021.51896676693,3927.2032501387,4580.03109554946,5753.06398286165,6497.38740080196,4361.90586197135,3917.26994543394,5592.18926686141,3706.10373687786,4300.90578509923,5811.89456937237,7174.76024414057
2106.60726672059,3604.71003417751,2126.10719014823,5266.77639528203,8642.83670804326,2935.5651425918,8864.16964161336,6129.8225546014,4377.22587849885,2826.92114067584,2613.24421089955,3745.82862827439,4005.43319874393,2180.5172129566,5408.13724206404,3866.59103707646,1913.94010488834,3880.28987704527,4119.66860204798,4011.02274266801,4874.28031442592,3813.80309091857,4256.03580497157,2803.94095494181,1120.87839973835,969.837029814803,1e+09,2995.3575504103,3273.25937479754,2879.28730567132,3409.65103595661,7173.86903218898,6771.12184606067,5666.54845780039,3748.77785001992,4017.46413428919,4203.74026180258,3686.50424920412,3692.87869226705,3910.64762953657,5337.89827778687,4071.64292122971,4666.93826468703,3411.4226209457,4056.89855330399,5301.16695504867,6134.50660161842,3784.62106973737,3370.47742217627,5150.56608046145,3237.17919870062,3969.30485353544,5609.6324283771,6883.1833548221
2494.33170616901,5992.96440951388,3876.85680976226,7873.35091771604,10740.4576625533,5591.65684971816,7715.61955781258,3745.37719423558,2018.9550187659,1144.15708108633,1647.85126932014,1459.77489860595,2198.29870645461,1561.29818317963,4424.82516732582,2194.50432412424,2873.08092964678,3925.48903729204,1954.12923403239,1897.31197487393,2944.0578479371,1174.69078258919,1816.60476956326,2056.76418745563,3335.43412496784,3607.05437131186,2995.3575504103,1e+09,1314.42800468493,1837.68727459271,1829.50582251055,5321.36232419857,5077.76833390418,2863.68260049888,2050.15292161341,1827.42706024071,2250.37145922623,1274.09604253369,1340.01905143173,1400.20087923126,3718.63242684727,1998.15045579656,3496.81488826618,1086.88919550247,1917.80233454858,2968.63702680203,4406.86701030335,1374.76365332373,1229.25831020172,3403.58388969627,1050.69060760054,2992.5098533004,5148.06496778158,5591.74484594031
2254.01750940404,5990.43509346358,3831.32741139412,8030.50012295623,10912.0516625243,6125.79202032684,7970.99838096835,3960.63951270499,2446.1595530341,1935.69526958662,1936.62207410222,1671.65001734813,2470.43025570446,1881.73013205932,4968.56857604884,2067.89803605013,2797.66600583415,4717.56791056578,2244.91646512738,2171.74414535875,3557.0334035682,1488.91028332805,1429.90295352517,2188.01814729677,3638.50197533271,3953.0220447526,3273.25937479754,1314.42800468493,1e+09,2497.30176580645,1994.86262847846,5725.0131523255,5495.26226104815,3054.31509142394,2275.9979468576,1767.99460689223,2550.3796770285,1671.55548842986,2089.42558596855,1229.04984044586,4126.89150612177,2644.80038012323,4071.32887039355,2014.24363993038,2423.54135543423,3325.73626272439,4854.20062725059,1756.69665258405,1734.38196880041,3483.62684690826,1834.21535295068,3276.79700417954,5380.90652453655,6080.95016111792
3182.60935840389,6295.41759157405,4478.99450723039,8015.14946861879,11310.3624494045,4958.39406156873,6328.10840581133,3479.90827081692,1814.34365366653,1042.48308456301,2790.50736368855,2060.15738947295,1912.53874062723,2642.3663143478,2864.71129850811,3873.5899672526,3714.20634554679,2355.45553426508,1927.11446102716,1768.36627914016,2056.92846846943,2565.81040790235,2964.91301363126,1090.84668711969,2990.96762276023,3294.36800570307,2879.28730567132,1837.68727459271,2497.30176580645,1e+09,1280.95287985156,4433.40737390554,4050.82563569453,3305.60493649801,1234.53034608308,1989.12155317366,1788.8034638551,1666.4650305962,1352.61179242235,2264.03760255876,2575.9179806042,1615.34254082532,2079.06465334775,1584.75204864988,1906.50019113558,2579.44021506605,3342.73917422523,2059.33181515267,1300.1254330256,2537.31937126567,1353.48138963933,1575.00982952488,3538.94270737745,4273.50038639287
2972.50964846205,6665.0755989786,4662.7398031415,8522.22518767839,11732.1627932151,5778.1477789167,6343.28848493429,3193.2875641727,1320.11031122403,1548.42003816794,2783.40899865614,1328.94989551901,1069.62385753124,2660.10444355104,3254.94829645572,3632.39621888912,3824.82272887254,3262.99265342415,1224.940158171,1527.72908481838,2104.78930294697,2051.93766730376,2112.35266458989,1363.01051888824,3619.13414186322,3894.81150863556,3409.65103595661,1829.50582251055,1994.86262847846,1280.95287985156,1e+09,4210.07836395001,3934.70048191727,2754.14846655005,1139.78079015221,1447.33959487744,1263.51890745647,1065.88557903745,1337.09158504569,1534.02373847343,2471.9889561242,1250.81911442063,2306.40432734592,1516.90568905915,1396.87597695715,2166.45363294486,3297.3120171285,1362.13378458212,804.56015387291,2146.04110822696,1129.21865247613,1446.8708591647,3594.92223850531,4330.49577911121
7074.35284336313,10667.8263980672,8756.88069858212,12283.2057992651,15548.0660632151,8817.64838248838,3331.38678623483,2867.6420536915,3417.8022198483,4962.89157030455,6652.7770343519,4516.18133909612,3758.74395909059,6548.67621951185,2751.50919947581,7034.69031262926,7850.67435565251,4707.10225596385,3809.98848393273,3916.08972369122,2735.79940372097,5287.84847764192,5233.98759790277,4956.04254491424,7285.43742141815,7544.15632320805,7173.86903218898,5321.36232419857,5725.0131523255,4433.40737390554,4210.07836395001,1e+09,1295.71612076103,3587.44901326834,4059.77010233338,4246.94492225882,3633.93779799545,4319.01937881737,4113.37252657719,4819.97834835386,2138.98999450675,3510.86200081974,2662.45941456391,4627.36922433255,3751.32926752638,2576.013170405,1303.12426610051,4496.36317853663,4315.54384012027,2712.9357624168,4573.92345616977,3513.55608250388,3470.46528224963,1647.55190865114
6840.05641152176,10221.2999078444,8398.52783549593,11813.8740913258,15163.1349588434,8332.95399387276,3155.42816037697,2558.75045193938,3245.51846412865,4555.95709191823,6301.57829863281,4296.86756540157,3734.9459879361,6325.53600296449,2081.69480299106,6970.662767241,7587.52554528155,4118.3493653283,3752.1963602269,3504.05765032483,2327.94494127331,5117.23042532775,5075.16753337267,4518.48340260313,6798.46642948246,7173.97712729836,6771.12184606067,5077.76833390418,5495.26226104815,4050.82563569453,3934.70048191727,1295.71612076103,1e+09,3663.89969251343,3703.68227708587,4195.57304440049,3376.88246335285,4076.75092062294,3896.49860608213,4659.81742247483,1704.23213665275,3316.50529316629,2264.39103928628,4422.6801315605,3719.79385299777,2596.78290542356,1197.16988882113,4372.34254022944,4083.47864742795,2473.27107159729,4397.20453321198,3138.20661488373,2819.66832579649,1192.61741321348
4921.44711917135,8759.7778990052,6611.26172538949,10682.5402178274,13518.6333364767,8102.3455550106,6349.24527679472,1998.7142225691,1662.77506037347,3098.63590891218,4226.17808259425,2311.89513365118,2428.92684397863,4246.58940221444,4156.14879906868,4045.9318760948,5542.23775351617,5053.9823704184,1970.07803066275,2165.02991577484,2412.1842295314,2465.36307096947,2331.55736884169,3544.69113650259,5870.10699314757,6196.43011042649,5666.54845780039,2863.68260049888,3054.31509142394,3305.60493649801,2754.14846655005,3587.44901326834,3663.89969251343,1e+09,2602.47079799179,2081.15468629797,2118.31702190678,2078.92122053723,2159.40087751209,2137.67946760032,2938.9394361572,2270.21960514837,3425.38052493442,2614.66531634548,2205.53747852989,1433.6044791713,3125.595147024,2294.82042781129,2434.82118735648,2474.37408364216,2592.80057981712,3337.39045394752,4986.24857183233,4537.79144334554
3613.61191244992,6975.62026339594,5080.78091889426,8884.24057730879,12133.1684746772,6041.56594983453,5923.36158988289,2745.96517721911,1361.04630575157,1554.21809319027,3098.7075005234,2023.85934679266,1810.02620478268,3106.3469657461,2858.68851258755,3963.4019332639,4214.04257896144,3132.5058546314,1742.49814677089,1422.34127191754,1794.0888505311,2508.30458331918,2616.84782014545,1122.50023367481,3833.40535712048,4193.22545127256,3748.77785001992,2050.15292161341,2275.9979468576,1234.53034608308,1139.78079015221,4059.77010233338,3703.68227708587,2602.47079799179,1e+09,1405.70648696661,1352.32414675624,1441.74594093412,1327.90662947362,1771.05623394629,2168.81725412724,1636.33803231484,2252.79854656381,1912.28879620731,1993.96503183983,1974.92656169793,2949.82668614615,2033.32673171333,1369.64610202782,1766.77467454115,1588.92315613437,1641.65908711279,3508.72522507819,4110.76638447139
3374.41523504444,7159.01501161997,5090.99564375182,9124.41508783988,12167.4471156525,6570.17042816242,6544.88814523213,2934.21298552099,1440.70996661368,1966.50108235414,3153.9373210798,1569.39399135462,1530.01924951943,2838.09675280812,3779.85080442337,3253.28493334045,4008.04492424923,4183.96339950531,1302.86424004959,1495.02368961164,2443.35443955641,1980.82086484366,1928.70286832887,1952.86130144975,4205.79642977403,4531.47731185979,4017.46413428919,1827.42706024071,1767.99460689223,1989.12155317366,1447.33959487744,4246.94492225882,4195.57304440049,2081.15468629797,1405.70648696661,1e+09,1656.74234822437,1264.14645168192,1527.67257699417,1053.37902546994,2807.94468273504,1804.09463429721,2924.06707859105,1843.39163684769,1611.44262035606,2006.29698982977,3389.68941358939,1511.76534587878,1233.11325696385,2038.05374543951,1588.52704018534,2242.48818146273,4294.13634068598,4725.88784236359
3831.93177059561,7454.62675311112,5466.14218023095,9306.49196769653,12464.8382808683,6460.00977207465,5892.73627507629,2777.02726968966,1123.67383412626,1993.97381349405,3518.46252233841,1674.83810241468,1189.27053007295,3408.45510351831,3095.70793885664,4129.81172492161,4536.74778866977,3562.65251216001,1057.18372414638,1458.57857405763,1827.79386953234,2273.21096214144,2275.54507450413,1969.5925521031,4358.854701031,4621.8137971039,4203.74026180258,2250.37145922623,2550.3796770285,1788.8034638551,1263.51890745647,3633.93779799545,3376.88246335285,2118.31702190678,1352.32414675624,1656.74234822437,1e+09,1101.5287539143,1292.64249686447,1858.20498301452,2199.73036086244,1436.46299454598,2223.481445279,1962.07264906272,1621.34511332412,1540.3845112179,2776.98520258931,1865.09449562214,1384.43558510319,1773.69552215142,1512.36525284073,1677.11528178596,3526.90012906518,3914.2894464002
3100.45191899504,6851.73781227069,4753.89533359749,8745.02575064819,11755.3137304582,6177.72913014159,6746.85032646345,2987.66734291152,1094.11742367993,1423.9679164925,2613.1856682601,829.80120510879,1220.27296954411,2507.18886504388,3714.68675430379,3132.15076383625,3771.25832776011,3778.35230939361,947.446569522525,1175.86696875114,2181.16457210363,1303.5309916147,1470.06366562813,1860.24594588995,3922.01928335392,4229.73250650677,3686.50424920412,1274.09604253369,1671.55548842986,1666.4650305962,1065.88557903745,4319.01937881737,4076.75092062294,2078.92122053723,1441.74594093412,1264.14645168192,1101.5287539143,1e+09,905.956342877514,1004.73558033942,2797.28699264126,1252.96989532869,2744.33533082238,1194.99599518157,1253.65233753222,1990.44798402269,3470.51141835033,972.625968448303,628.64470569631,2379.30433627142,843.579306941558,2159.25110668028,4264.47613831992,4664.17691545893
3432.14439145558,6964.58049496881,4928.1110777863,8758.50641578232,11797.532544846,6004.83207482108,6516.81297733025,2780.48004454267,929.146505563035,1208.24885267895,2720.68471712545,1426.76043111659,1560.8840251601,2729.51259370606,3345.98999896892,3300.50784343864,3995.95171723834,3296.95618000907,1243.94858394549,1346.29421970088,1773.79039043513,1736.55615420291,2149.88804964352,1898.69842823972,3962.31368881869,4197.28443622779,3692.87869226705,1340.01905143173,2089.42558596855,1352.61179242235,1337.09158504569,4113.37252657719,3896.49860608213,2159.40087751209,1327.90662947362,1527.67257699417,1292.64249686447,905.956342877514,1e+09,1613.0315993805,2589.35091619502,1098.77208009669,2422.64435177762,1001.21075478642,1257.07680799544,1789.81716555072,3198.71460416524,1377.26836531593,926.275671709022,2435.68789281386,796.988897601466,2180.20236370388,4229.28009998156,4399.2114112077
2948.65846072413,6809.2204120369,4661.12944868516,8837.96872746787,11731.9665561363,6582.18331862612,7222.98746809795,3209.72986799512,1642.51934265627,1870.79169406965,2487.30415116447,1182.17166206943,1759.02594472054,2366.44372107177,4335.63286946669,2674.13793694342,3621.03520456513,4477.97578056202,1503.25450849149,1675.58251059147,2781.70231980347,1201.0350117711,1106.3336930601,2138.66819951109,4113.46144170576,4473.81210852669,3910.64762953657,1400.20087923126,1229.04984044586,2264.03760255876,1534.02373847343,4819.97834835386,4659.81742247483,2137.67946760032,1771.05623394629,1053.37902546994,1858.20498301452,1004.73558033942,1613.0315993805,1e+09,3321.87947321994,1911.53008833238,3454.916440813,1614.3271232622,1783.10279277444,2428.23880755168,4001.18597886927,1116.3579471209,1191.08100396237,2698.36982339338,1437.53037098351,2728.49608753614,4833.0226888046,5289.02258441955
5390.91209585169,8761.0295936779,6930.87912146793,10461.5796368283,13802.9480355357,7111.77239190063,4096.70770635397,2186.32136510166,1998.12009548976,3196.78010579395,4875.12071622847,3135.32716219536,2456.88009646381,4855.35339304978,1428.27303727264,5664.50832701304,6110.15944956431,3073.37459313049,2590.46320188108,2333.47954788552,1151.75571923911,3935.74317844801,3964.50433595424,2995.86241162708,5398.39429517704,5732.19452859025,5337.89827778687,3718.63242684727,4126.89150612177,2575.9179806042,2471.9889561242,2138.98999450675,1704.23213665275,2938.9394361572,2168.81725412724,2807.94468273504,2199.73036086244,2797.28699264126,2589.35091619502,3321.87947321994,1e+09,2016.02777049325,1144.25489546692,3125.35149906375,2551.98476594199,1681.78950760789,1012.55522629632,3112.16707535119,2701.93207109283,1302.88075386814,3011.27123177239,1812.2939975898,2440.58408101422,2042.59093469544
3777.25819247242,7415.68405069283,5390.14304053241,9143.84551247997,12227.1399283602,6210.80478153999,6056.09319671519,2618.21329942768,805.193632240097,1825.96790979469,3186.29202792211,1441.91146732384,1197.1630776966,3138.97254833489,2927.54340237681,3858.6276852788,4524.77694892246,3122.71033410081,1231.88103877769,1474.26170356555,1358.91828290004,2140.67725430528,2409.011069547,2280.22463818809,4315.87840083569,4567.53252844465,4071.64292122971,1998.15045579656,2644.80038012323,1615.34254082532,1250.81911442063,3510.86200081974,3316.50529316629,2270.21960514837,1636.33803231484,1804.09463429721,1436.46299454598,1252.96989532869,1098.77208009669,1911.53008833238,2016.02777049325,1e+09,1863.85698979294,1271.98855069533,853.670195567351,1569.34160000301,2703.84416793942,1266.79615925373,1047.31687220249,2156.25476416865,1257.63448390222,1813.20914279076,3753.33540181263,3785.7885171388
4979.0991346829,8168.09344369296,6417.44730644514,9703.62817881539,13089.5333095837,6207.02035173077,4543.40692812123,2920.74306995669,2127.10294377118,2857.12958897562,4620.77326717077,3006.97905659484,2305.05339430565,4496.70830723986,1297.18188454819,5504.1439546945,5669.08854509259,2274.32870937778,2494.16101791765,2369.87632373506,1381.69465816439,3863.40589753394,4046.37902011168,2767.75039813925,4764.50655094523,5021.51896676693,4666.93826468703,3496.81488826618,4071.32887039355,2079.06465334775,2306.40432734592,2662.45941456391,2264.39103928628,3425.38052493442,2252.79854656381,2924.06707859105,2223.481445279,2744.33533082238,2422.64435177762,3454.916440813,1144.25489546692,1863.85698979294,1e+09,2846.80563553257,2317.2292710908,2137.48790324062,1687.26396236629,3010.54372868092,2502.70123178936,1934.12376377521,2742.33139986764,1427.24414782475,2269.5153346695,2275.7880281564
2940.20542967664,6538.00431622678,4451.86590138337,8284.92163002161,11220.7263936788,5698.81332827283,7122.14637948421,3289.05542987649,1455.43558287545,1116.60797243258,2208.75628526553,1210.09244303896,1789.30971407971,2208.9978994784,3817.8674659946,2817.47846531256,3606.32911285146,3471.37752352002,1478.89692554958,1838.7507972262,2252.32220512519,1331.9870807932,1999.97323189587,2173.82137626347,3649.81807468537,3927.2032501387,3411.4226209457,1086.88919550247,2014.24363993038,1584.75204864988,1516.90568905915,4627.36922433255,4422.6801315605,2614.66531634548,1912.28879620731,1843.39163684769,1962.07264906272,1194.99599518157,1001.21075478642,1614.3271232622,3125.35149906375,1271.98855069533,2846.80563553257,1e+09,1208.83869705598,2391.28545293112,3796.70386877881,966.950567919581,911.80372147738,3064.14046491018,777.263009283215,2479.44995799472,4629.42509128293,4895.69980321506
