1e+09,10042.0873655232,11575.3029155958,12115.766894159,14092.4023122852,7392.49473642694,13880.3267297496,5984.77906846193,5459.11339512196,5733.10817943461,7515.4855612595,8130.06162076893,7337.18139781892,7287.47459526275,8654.03080486198,4965.24511016324,6169.84011419259,10531.4701175477,7373.97544778934,7119.0734962634,8486.65097296926,7526.10112133766,5629.29169913054,5282.55094958865,5764.61213539125,6048.90157793132,5474.28530879603,7603.96788156684,5480.02825077572,6008.90358672029,7841.17961749379,10934.1245423948,12184.3097813376,7101.09019153398,9046.59953495235,7040.09463536535,9130.73716844374,8992.01727041825,8177.37628020749,8489.38748664472,9185.17715722457,7628.04761790329,9005.35224478199,7497.41931681162,6914.24667532914,7099.92638773107,9409.07404616948,6860.38489682612,7897.05199634649,7836.69621025978,7284.00135183952,7280.14856048968,9284.1491733761,10946.2116479812
10042.0873655232,1e+09,1628.45539595041,2606.58148501059,4446.13725853128,13038.1854428789,21704.3706210846,12509.8277939027,11082.9999574123,7774.32043037203,14245.4801904218,14626.7258312002,13763.3491224011,14805.0060564324,14803.4732329376,11104.4725973006,10284.2571127184,17581.8165528878,14070.7259524731,14091.8450975662,16037.7355529015,14557.018561134,12180.3683756404,9718.90843147521,6866.28904900602,7439.63370741463,11923.4572421718,15017.6593875843,11439.563276074,11849.7039774376,14013.6766459199,17820.4249858919,19641.0069382097,13761.7580942444,16127.7358083954,13391.2013880346,15810.6506424752,16091.0310559423,15165.1548824105,15463.9386200799,16542.8674668692,14995.7839347798,16425.0592888915,14672.8504371611,13778.4174612435,14014.2356279891,16813.1885927477,14003.2082173551,15188.4000449883,15042.6245790919,14432.3646991891,13293.7524573613,16059.5208827007,17654.2449124283
11575.3029155958,1628.45539595041,1e+09,1740.45478579594,3050.87704352371,14522.3816615079,23225.2299223452,14001.3911573779,12589.9815403201,9262.44754814299,15711.4476608141,16085.7070914119,15242.5695964198,16311.4119633157,16271.8795069439,12551.2607802643,11679.9807379079,19078.872539157,15561.9024023543,15599.364288092,17571.9900164666,16028.4153013203,13660.6713452487,11216.4383717738,8359.22890229117,8900.04118464066,13435.3363715056,16532.1743830417,12923.2411313764,13360.2665376144,15471.7516040234,19291.5661632746,21136.19945265,15248.9196158449,17613.8839787368,14843.5261597337,17276.5730475578,17566.1846500514,16646.9347595015,16932.7580799467,18051.906646446,16514.910814025,17947.5768029782,16178.7896244466,15284.7720993903,15515.5959645448,18334.0878866635,15497.4310691805,16690.8234185255,16559.7816935762,15932.0191143872,14768.6880035161,17547.3542599362,19134.6510267577
12115.766894159,2606.58148501059,1740.45478579594,1e+09,2705.36667339198,15079.1190622032,23751.0580750795,14587.6974750952,13256.1290375584,9898.57883490857,16541.4535523666,16917.7353800413,16052.9910266498,17125.2827083409,16851.5575691655,13453.0544918022,12645.2965373731,19625.8659065785,16343.7412087257,16317.858614757,18183.5667536488,16868.147259969,14515.3636510251,11934.1603088194,9017.88877743011,9605.34622740378,14102.9606907521,17283.019234558,13766.7703784911,13999.0686606538,16275.3403370867,19960.2502287321,21760.1140938415,16052.6975550497,18369.115095257,15700.2968127453,18062.6755133452,18366.6899190001,17388.2242084665,17806.9110743104,18689.9299857276,17200.5074933445,18542.8428273876,16910.2090670606,16011.8740630165,16211.2599421575,18927.5249409821,16271.6018628038,17442.1244948544,17271.2228782938,16690.3109556054,15480.721632256,18157.167699746,19718.7696433931
14092.4023122852,4446.13725853128,3050.87704352371,2705.36667339198,1e+09,17405.7820820152,26088.0882501631,16899.3144838363,15496.3805236933,12161.6575133409,18619.0853552477,18962.8884161143,18156.7292742057,19205.3284177621,19154.1281495191,15448.324093833,14621.5867625645,21969.9983093968,18453.1500823112,18487.5780880271,20438.3626645311,18942.4878487991,16543.9888725482,14146.1387617929,11269.3304882855,11809.7616536237,16322.0009460483,19420.236587493,15815.627475279,16262.6178285908,18400.7297740253,22212.1423085055,24029.2390144195,18159.3989037358,20527.4738607287,17769.0426132699,20196.4677299646,20489.7703556824,19557.8190486209,19827.3713624096,20958.2990839882,19402.7273544907,20830.7667639552,19082.2962216605,18183.583577326,18428.0803359031,21217.4148523141,18410.0020034735,19588.6304033462,19461.7574170012,18832.6866841059,17677.6782047502,20436.4936735194,22022.8466232887
7392.49473642694,13038.1854428789,14522.3816615079,15079.1190622032,17405.7820820152,1e+09,8811.81814587092,2119.89278224159,2565.9311199056,5323.55273968428,3610.89647021346,4134.75287844389,2939.16074705008,4048.04147294713,2590.88025030104,4784.02378345886,4681.87419232939,4685.50496312831,3068.98972769542,2731.86966586988,3600.16036816417,4081.99242220022,3934.5032502973,3634.39585619123,6268.20444497465,5719.13291356303,2446.72575635276,3607.31906490125,3801.1728016232,1806.60727990341,2788.84337270848,5048.09764441022,6834.78513436231,3070.84213189151,4002.68974806942,3459.32849541642,4075.00670533191,4441.47588997171,3383.7741416649,4685.73518269012,3928.67092448579,3022.34009193208,3843.38895506297,3017.5447384256,2441.25097927272,2265.14377161804,4073.82470086772,3139.56899983103,3519.37640290151,3241.20906585799,3217.7150755,2118.55468475562,3480.63657183568,4747.82662498327
13880.3267297496,21704.3706210846,23225.2299223452,23751.0580750795,26088.0882501631,8811.81814587092,1e+09,9483.58782616052,10806.9725893888,14045.3036294023,8552.52650704457,8517.4687949942,8650.05948945439,7974.66627783257,7313.44189674739,11789.4033840733,12479.2735095958,4383.49974513516,8366.70427702569,8094.67258104984,5839.1469119213,8404.65215945312,10540.6275860643,12112.3578456715,14910.4080657606,14446.7137100968,10075.5382771393,7474.96599217013,11080.8248499424,9957.55586049609,8448.03561121756,4568.81296844158,2876.14729928771,8702.73620354541,6379.73887199155,9282.433320283,7061.55981464435,6841.02308328952,7253.83269388673,7880.26551297607,5373.61475533928,7051.72061360914,5412.90048208906,7519.45442907263,8328.00680515452,7983.73539453807,5029.31180881639,8381.20908623571,7198.86439370822,7153.16133070547,7926.72636978217,8817.77563589594,5973.69627149724,4505.44902352696
5984.77906846193,12509.8277939027,14001.3911573779,14587.6974750952,16899.3144838363,2119.89278224159,9483.58782616052,1e+09,1822.71115010031,5000.22854183686,3270.2974539329,4389.38725994871,3172.45801601849,3598.99846939395,3809.35711200722,3468.68157969278,4125.36390227577,5446.5662486653,3299.26384005584,2694.30065298957,3991.6061921863,3798.31117141553,3091.17015238566,3203.36025068989,5949.99678137728,5482.22911695599,1221.16562373824,3358.50994627082,2839.03027338562,1620.08011561157,3109.18391168808,5922.52496620318,7532.73321723928,3022.28811525308,4352.49063297097,3266.32699061193,4609.35554991151,4618.159325857,3547.14207764504,4754.81784222067,4370.75276739602,3047.34952525962,4377.34825344066,3008.35657826661,2389.97382868516,2263.23295701083,4645.60689720945,2602.09967409014,3523.74588909303,3526.06555753009,3119.38496205582,2861.3179774887,4507.21761254102,5891.98038118764
5459.11339512196,11082.9999574123,12589.9815403201,13256.1290375584,15496.3805236933,2565.9311199056,10806.9725893888,1822.71115010031,1e+09,3468.5515121301,3876.84606548932,4775.72999139399,3433.32937165953,4264.7221629316,4686.69906257059,2894.45610161909,2943.8842085415,6731.21998414849,3668.37372215536,3446.45138442428,5157.78123696614,4360.91871733469,2754.60107120795,1665.65719456315,4481.43054821783,3940.26690348509,1097.18721232978,4186.51217637068,2024.79034635688,1125.04178389071,3531.22093766448,7017.90761314225,8778.16048356374,3333.58647487957,5296.88965031366,3474.85636262853,5295.836599443,5462.17272184796,4491.34754040477,5285.13221043713,5597.39840140042,4102.57438962415,5592.87413809751,3892.64682981901,3014.53192849238,3147.66963082214,5836.19061322538,3337.89082934119,4413.26802739195,4318.42627144426,3868.56835945806,3125.13273014123,5515.0721267541,6980.46354202928
5733.10817943461,7774.32043037203,9262.44754814299,9898.57883490857,12161.6575133409,5323.55273968428,14045.3036294023,5000.22854183686,3468.5515121301,1e+09,6975.16548681105,7490.1660223923,6390.71743094623,7534.33394836597,7356.97013567406,4650.07873108617,3719.61034249557,9906.35429719228,6673.97817544379,6624.77390594577,8458.14857099945,7362.49657783961,5234.47965230547,2238.35319730824,1348.75154457743,962.854861129132,4429.10959629585,7555.50925423297,4379.16017327524,4196.01399733128,6547.44486622835,10170.6186028137,12001.5590901974,6384.61401754249,8580.26929896143,6234.92240003033,8343.33917192032,8657.76117509602,7689.82728279381,8283.08859034479,8918.41851088521,7465.76780243667,8828.43452843708,7182.14286904681,6265.1474394303,6448.59368604504,9144.98825187873,6622.62924637187,7717.57165289056,7536.16872534048,7051.69129570346,5835.01062551732,8491.9356405239,10003.2466428605
7515.4855612595,14245.4801904218,15711.4476608141,16541.4535523666,18619.0853552477,3610.89647021346,8552.52650704457,3270.2974539329,3876.84606548932,6975.16548681105,1e+09,2024.10601352795,1478.04853208547,1492.68368146101,3766.2655288495,3675.40072349941,4305.12104928537,4993.98755772379,1656.07244071629,1545.47359488928,3261.10787035633,1543.97095370995,2554.4489663722,4889.85667956639,7814.05840644924,7218.01974056597,3070.29427410468,1732.34275026624,3141.89386014232,3562.34814289676,1309.61180534539,4519.9945525299,6117.43561210905,1386.94329264033,2293.46732139353,1586.74911917417,2510.91274155435,2279.04859812159,1624.42188497939,1850.67742821379,3465.45922360948,2021.75361542894,3736.71882491846,1538.10770091044,1565.11371823264,1861.50665411113,4055.64104708491,1166.78844633464,1603.22359360758,2345.71632901338,1360.56681838857,2565.25401188654,3804.18591199221,5029.95000506963
8130.06162076893,14626.7258312002,16085.7070914119,16917.7353800413,18962.8884161143,4134.75287844389,8517.4687949942,4389.38725994871,4775.72999139399,7490.1660223923,2024.10601352795,1e+09,1658.42999170903,2518.53411287201,3607.91075754376,4543.83676677541,4761.47611017844,5333.89800280245,1526.8101418644,2003.46756382528,3597.29464338133,1492.56406405219,3040.03324389718,5421.67865998161,8147.74962737565,7666.36659096081,4135.89481902043,2737.24986901087,4069.63772129658,4393.57838382337,1967.01703325111,4362.65370164766,5864.01574860607,1693.35774212067,2634.24067531803,1911.9325397095,1851.71962702241,2139.14198313249,1837.2786403265,1428.49661067151,3882.24434464138,2873.76183051066,3874.88044709769,2189.32665127888,2273.12660096177,2571.24842096208,4455.16485977792,2384.47535644636,2229.00233344427,2379.39638093362,1766.60471297345,2354.70912651648,3423.2459256092,4856.86796374989
7337.18139781892,13763.3491224011,15242.5695964198,16052.9910266498,18156.7292742057,2939.16074705008,8650.05948945439,3172.45801601849,3433.32937165953,6390.71743094623,1478.04853208547,1658.42999170903,1e+09,1951.95229816202,3083.7322705449,3718.61402155427,3958.56384861985,5023.01151958663,754.728230623448,1273.50212300569,3214.79901376431,1548.60009618365,2348.20404688349,4259.39311185291,7141.07819398444,6616.70014085571,2864.57624719608,2129.13018742396,3034.30547568962,2957.14423743584,857.625478457817,4460.12700264241,6230.44753043471,694.017579892613,2532.53754157762,1002.42963004891,2273.88370760248,2478.08244568255,1729.55253421225,2027.66819585947,3508.02478826761,2108.72940400138,3600.6424492443,1448.99201260738,1097.01529013957,1436.15346592904,4026.67192723718,1361.98915014034,1791.40836865858,1935.6704331058,1187.04749984994,1386.53027759945,3249.3186386995,4793.18112859299
7287.47459526275,14805.0060564324,16311.4119633157,17125.2827083409,19205.3284177621,4048.04147294713,7974.66627783257,3598.99846939395,4264.7221629316,7534.33394836597,1492.68368146101,2518.53411287201,1951.95229816202,1e+09,4083.98899617763,4111.04734643132,5084.96148613733,4738.016490748,1859.4672737104,1716.20978088344,2739.28426454795,1485.71659787457,2924.11728548976,5400.18147965418,8341.93272589153,7852.21833811949,3413.12810185906,985.494801153208,3585.51281669722,3857.12437477715,2134.7220406882,4377.81623867426,5759.71567400683,1682.22422670107,2111.8724478055,2251.10127637563,2533.11163421591,2016.29100987432,1818.51461019701,1796.17834275998,3036.07871396642,1645.27042749817,3279.70149714879,1312.07990995213,1743.43770926867,1928.45557236873,3549.72183077773,1155.66347324816,1208.30817459785,1832.4008480952,1335.35668695671,3082.41787854924,3724.50891674325,4932.32051083463
8654.03080486198,14803.4732329376,16271.8795069439,16851.5575691655,19154.1281495191,2590.88025030104,7313.44189674739,3809.35711200722,4686.69906257059,7356.97013567406,3766.2655288495,3607.91075754376,3083.7322705449,4083.98899617763,1e+09,5998.87693821935,6106.41176862485,3513.42243977293,3220.15617846402,2904.54885720657,2802.37745143298,3856.6415619422,4945.49788878734,5454.28413450381,8039.29549729328,7632.4736674947,4306.12404324353,3810.42691828619,5355.16671901072,3822.88772568591,3045.20666889786,3531.57091406926,5210.98495329818,3445.12469992016,3305.12137802835,3606.27010757653,3333.65347333822,3704.9316346729,2825.37224747466,4085.38431549591,2879.63303458965,2838.34571201255,2629.84159920327,2869.04918354496,2996.4857436337,2668.48818447825,3297.00935837313,3514.29927457808,3249.27982056024,2791.34411407838,3009.06148360249,2314.44063157818,1729.82280780431,3111.79229118847
4965.24511016324,11104.4725973006,12551.2607802643,13453.0544918022,15448.324093833,4784.02378345886,11789.4033840733,3468.68157969278,2894.45610161909,4650.07873108617,3675.40072349941,4543.83676677541,3718.61402155427,4111.04734643132,5998.87693821935,1e+09,2155.22645708055,8034.15512495247,3987.9845364294,3934.34670414289,6148.21298490871,3904.56778952549,1771.29257490117,2974.09598664872,5236.86839535805,4899.81990753742,2720.5626437375,4539.11905236027,1492.23723244664,3410.95105844396,3969.28947268904,7896.15449572765,9527.34143418824,3521.02796258422,5759.0112866012,3101.87893569365,5648.15752294498,5548.49486490706,4857.14378087575,4913.79807196022,6537.75291802925,4847.05614361955,6616.12202041347,4365.60094833461,3717.27899799033,4048.24429487648,7037.15388384395,3472.72061225777,4744.1150354729,4991.33231972186,4099.85411418504,4093.94367775132,6601.93255840288,8221.60391443178
6169.84011419259,10284.2571127184,11679.9807379079,12645.2965373731,14621.5867625645,4681.87419232939,12479.2735095958,4125.36390227577,2943.8842085415,3719.61034249557,4305.12104928537,4761.47611017844,3958.56384861985,5084.96148613733,6106.41176862485,2155.22645708055,1e+09,8539.64911785607,4319.70007645207,4563.87216691046,6853.61773889528,4631.3586689545,2534.98540102305,2383.22273182764,4308.16857395344,3712.79773672092,3275.3247806897,5384.145504386,2180.24703490224,3589.97163629464,4127.65452249822,8213.75729771096,10056.5653476771,3917.66096361081,6275.64807895567,3490.88223900492,5879.17123525927,6098.35629462563,5370.36346140557,5434.0699435414,7186.32123376767,5601.67434511325,7267.36066306744,5061.55574022454,4245.60142333215,4587.0394947395,7628.73729480836,4312.27568516903,5451.05284735894,5563.19000236375,4747.21616336354,4015.610537851,6893.11869155029,8459.96514423671
10531.4701175477,17581.8165528878,19078.872539157,19625.8659065785,21969.9983093968,4685.50496312831,4383.49974513516,5446.5662486653,6731.21998414849,9906.35429719228,4993.98755772379,5333.89800280245,5023.01151958663,4738.016490748,3513.42243977293,8034.15512495247,8539.64911785607,1e+09,4914.92770905127,4414.35821874483,2388.54877605629,5147.88465636129,6914.55798089075,8007.49085273283,10815.6238533013,10322.2278281047,6108.64348770658,4105.97575393475,7227.0611804315,5877.87321648741,4717.84235041825,2099.19556630629,2890.09263595477,5101.04577671089,3217.8434434882,5718.15180399227,3969.91054750608,3889.36334349209,3802.8270953463,4989.56435711576,1789.63791533371,3442.18777047389,1875.17716011048,3939.63200204029,4587.23386729955,4187.32741717196,1642.76743901868,4784.35554521192,3879.37186905303,3631.51196427879,4424.03560010541,5016.58567141039,2657.23331694829,1629.76481395323
7373.97544778934,14070.7259524731,15561.9024023543,16343.7412087257,18453.1500823112,3068.98972769542,8366.70427702569,3299.26384005584,3668.37372215536,6673.97817544379,1656.07244071629,1526.8101418644,754.728230623448,1859.4672737104,3220.15617846402,3987.9845364294,4319.70007645207,4914.92770905127,1e+09,1118.27545962522,2969.96180450187,1474.93660677332,2441.99398023419,4594.38793941043,7445.98088010572,6926.98443359735,2993.62494245689,1878.18762404079,3257.53325326082,3213.48986774503,1203.08756871643,4286.94243966489,5949.98251486507,712.450620815225,2323.99891635087,1451.05685109164,2028.6764179632,2251.68004829727,1527.1207290519,1899.19045816895,3368.63931827081,1967.8184337484,3413.19474425354,1301.81835910391,1022.52841080334,1390.92776555794,3796.31895874148,1380.27600783322,1507.08430421128,1762.25549603342,1074.25148452306,1615.89580654199,3081.75359850524,4651.11761693897
7119.0734962634,14091.8450975662,15599.364288092,16317.858614757,18487.5780880271,2731.86966586988,8094.67258104984,2694.30065298957,3446.45138442428,6624.77390594577,1545.47359488928,2003.46756382528,1273.50212300569,1716.20978088344,2904.54885720657,3934.34670414289,4563.87216691046,4414.35821874483,1118.27545962522,1e+09,2462.06936531041,1597.38430798603,2601.431431174,4515.89119534561,7443.4579410043,6983.28838321174,2655.90079108765,1508.70826016828,3186.87062773185,2884.39384077487,1424.62340834341,4206.22336380274,5778.00674305595,1079.83127834861,2275.64587346098,1840.85959342368,2292.99113373776,2292.6730380715,1365.24188666331,2299.4062771072,2933.91392801493,1422.90022355751,2896.64093753437,810.023304417842,679.468306619227,967.417556073901,3434.33747012433,1096.58055736913,1355.14609027957,1422.32507855975,906.665158479138,1792.37985549939,2929.5401013299,4451.24372662293
8486.65097296926,16037.7355529015,17571.9900164666,18183.5667536488,20438.3626645311,3600.16036816417,5839.1469119213,3991.6061921863,5157.78123696614,8458.14857099945,3261.10787035633,3597.29464338133,3214.79901376431,2739.28426454795,2802.37745143298,6148.21298490871,6853.61773889528,2388.54877605629,2969.96180450187,2462.06936531041,1e+09,3298.76535631136,4891.79195572543,6437.62363680885,9312.05945866434,8846.24505780277,4375.95284930037,2174.43234318753,5400.9513221191,4401.8198110895,3185.4106721426,2682.55580288649,3869.83301986016,3195.80751377488,1886.20851498449,3919.32732956818,2695.80905477372,2513.17422139811,2092.05276613665,3281.82989083834,995.176922562014,1401.68349344636,850.316272336358,1963.38926942672,2639.95465462951,2337.66137911375,1217.78054266768,2833.38006674008,1919.34972165054,1736.19965415847,2401.50477392821,3415.73766560021,1938.85996505679,2720.47586061704
7526.10112133766,14557.018561134,16028.4153013203,16868.147259969,18942.4878487991,4081.99242220022,8404.65215945312,3798.31117141553,4360.91871733469,7362.49657783961,1543.97095370995,1492.56406405219,1548.60009618365,1485.71659787457,3856.6415619422,3904.56778952549,4631.3586689545,5147.88465636129,1474.93660677332,1597.38430798603,3298.76535631136,1e+09,2571.11689662294,5196.0408402552,8060.56707866761,7642.7063444895,3627.11990442831,1930.64768927425,3531.21668209415,3978.03892335156,1846.46145115461,4463.94283433379,5936.29129448682,1270.26531311376,2418.29006188257,1596.49563898559,2042.40631251473,1803.16143672717,1654.38730468412,1376.68242002286,3520.67172269725,2346.7038487632,3609.08531766707,1580.05735633236,1834.72085639751,2065.85162961913,4158.02617369107,1484.20489744509,1683.79554536767,1927.92057442728,1276.65828145201,2572.83049391133,3590.55498753326,5051.03828263061
5629.29169913054,12180.3683756404,13660.6713452487,14515.3636510251,16543.9888725482,3934.5032502973,10540.6275860643,3091.17015238566,2754.60107120795,5234.47965230547,2554.4489663722,3040.03324389718,2348.20404688349,2924.11728548976,4945.49788878734,1771.29257490117,2534.98540102305,6914.55798089075,2441.99398023419,2601.431431174,4891.79195572543,2571.11689662294,1e+09,3271.34597511483,5919.40627951824,5476.47752596502,2254.73368915267,3290.16329594748,1477.14119812562,3004.37107598246,2754.44969010146,6575.95557710817,8178.57228351624,2021.32137993937,4431.74097804689,1968.98650884154,4151.54876255838,4170.76646509967,3494.09542122135,3523.77564105605,5358.70127108239,3661.61987845544,5390.06395820124,3080.93136502584,2381.69200754422,2820.03682307519,5801.22589479155,2291.47076453094,3412.08068795273,3612.03086730997,2724.39426069356,2854.58555904355,5288.56272514565,6926.63176801684
5282.55094958865,9718.90843147521,11216.4383717738,11934.1603088194,14146.1387617929,3634.39585619123,12112.3578456715,3203.36025068989,1665.65719456315,2238.35319730824,4889.85667956639,5421.67865998161,4259.39311185291,5400.18147965418,5454.28413450381,2974.09598664872,2383.22273182764,8007.49085273283,4594.38793941043,4515.89119534561,6437.62363680885,5196.0408402552,3271.34597511483,1e+09,3010.34015083014,2637.61859299255,2563.55799877826,5489.69568436175,2568.46941945977,2302.45800389497,4481.54254637842,8168.05870521264,9988.378093104,4259.44019132796,6498.47236978045,4099.39187942553,6264.43978486504,6522.94369191549,5582.27102927653,6150.38484335737,6873.24535880977,5390.75322655378,6798.03480909005,5049.74430153647,4167.75574223106,4357.28952680448,7194.65829118381,4491.36270550487,5610.6804079541,5404.19538716912,4897.97150704248,3788.59559322449,6508.81001929692,8096.82730911312
5764.61213539125,6866.28904900602,8359.22890229117,9017.88877743011,11269.3304882855,6268.20444497465,14910.4080657606,5949.99678137728,4481.43054821783,1348.75154457743,7814.05840644924,8147.74962737565,7141.07819398444,8341.93272589153,8039.29549729328,5236.86839535805,4308.16857395344,10815.6238533013,7445.98088010572,7443.4579410043,9312.05945866434,8060.56707866761,5919.40627951824,3010.34015083014,1e+09,1275.35749576344,5401.88032027738,8462.06163974241,5233.65420483624,5138.31023166177,7393.99790518634,11016.7640213404,12843.0212188215,7168.10899361889,9455.33826660369,6897.4735676478,9133.12185090618,9461.36685744718,8504.19621355246,9003.45026898577,9782.80620660044,8334.13568170689,9647.28655786175,8006.79926200226,7113.50445395236,7295.00629952435,10053.358237415,7448.15850127399,8561.67527673761,8319.31664015741,7814.46618515302,6531.93205041969,9233.69257036425,10839.8275639006
6048.90157793132,7439.63370741463,8900.04118464066,9605.34622740378,11809.7616536237,5719.13291356303,14446.7137100968,5482.22911695599,3940.26690348509,962.854861129132,7218.01974056597,7666.36659096081,6616.70014085571,7852.21833811949,7632.4736674947,4899.81990753742,3712.79773672092,10322.2278281047,6926.98443359735,6983.28838321174,8846.24505780277,7642.7063444895,5476.47752596502,2637.61859299255,1275.35749576344,1e+09,4857.52320091217,7935.06371510652,4748.83389939046,4691.39577518248,6794.94039477169,10462.4123915998,12330.1615887425,6657.49070971939,8871.65236668458,6412.03666942104,8603.22760999033,8951.97762585452,7966.9217195602,8484.84368854842,9293.03552866877,7820.89227142914,9231.93650076191,7522.2158666712,6595.33848705281,6790.02443338019,9531.25640360179,6939.79960502463,8029.43363024441,7897.3137421151,7327.35042434167,6057.16965777747,8799.20708365248,10319.1063134896
5474.28530879603,11923.4572421718,13435.3363715056,14102.9606907521,16322.0009460483,2446.72575635276,10075.5382771393,1221.16562373824,1097.18721232978,4429.10959629585,3070.29427410468,4135.89481902043,2864.57624719608,3413.12810185906,4306.12404324353,2720.5626437375,3275.3247806897,6108.64348770658,2993.62494245689,2655.90079108765,4375.95284930037,3627.11990442831,2254.73368915267,2563.55799877826,5401.88032027738,4857.52320091217,1e+09,3310.56197776148,1865.97950476419,1365.62930087195,2951.63620043189,6353.97275328593,8016.59768306356,2669.82231056675,4504.62088370376,2924.92223031656,4634.71084382834,4690.75926674989,3681.4921634848,4540.26127694211,4860.25654313638,3257.13248147815,4884.89248416994,3079.96565506825,2235.8985720287,2386.98043165419,5118.55649239119,2473.39401998549,3554.70659240675,3630.40740680712,3060.04422858559,2771.44090669457,4938.38836293785,6405.64515794467
7603.96788156684,15017.6593875843,16532.1743830417,17283.019234558,19420.236587493,3607.31906490125,7474.96599217013,3358.50994627082,4186.51217637068,7555.50925423297,1732.34275026624,2737.24986901087,2129.13018742396,985.494801153208,3810.42691828619,4539.11905236027,5384.145504386,4105.97575393475,1878.18762404079,1508.70826016828,2174.43234318753,1930.64768927425,3290.16329594748,5489.69568436175,8462.06163974241,7935.06371510652,3310.56197776148,1e+09,3768.91216368862,3689.569505918,2074.82017430427,3922.40651701223,5310.5587408012,1823.89622626947,1721.99416012366,2680.36427990674,2329.37345784226,1903.07878933059,1609.43692476593,2186.62295270584,2523.79442215486,1190.52642032842,2763.04284061974,1079.33811328981,1573.35352276594,1669.98099531102,2912.71678764002,1335.01157279628,921.451246512804,1569.13941165213,1479.4278328124,3044.25327016331,3323.14226529651,4392.76226282507
5480.02825077572,11439.563276074,12923.2411313764,13766.7703784911,15815.627475279,3801.1728016232,11080.8248499424,2839.03027338562,2024.79034635688,4379.16017327524,3141.89386014232,4069.63772129658,3034.30547568962,3585.51281669722,5355.16671901072,1492.23723244664,2180.24703490224,7227.0611804315,3257.53325326082,3186.87062773185,5400.9513221191,3531.21668209415,1477.14119812562,2568.46941945977,5233.65420483624,4748.83389939046,1865.97950476419,3768.91216368862,1e+09,2448.65463134351,3190.21685966644,7170.75407191601,8857.61808389253,2805.99381677865,5056.13259342553,2781.95432917221,4956.07788380086,4961.43229821792,4257.88904014654,4461.02580184199,5833.07121063167,4135.71579974978,5900.10777039708,3685.90241335823,2913.19399165246,3316.84531307989,6233.68247953006,2906.03501240092,4087.21686301327,4264.11663151936,3554.35741786051,3420.34710631831,5901.05290696499,7414.65500483333
6008.90358672029,11849.7039774376,13360.2665376144,13999.0686606538,16262.6178285908,1806.60727990341,9957.55586049609,1620.08011561157,1125.04178389071,4196.01399733128,3562.34814289676,4393.57838382337,2957.14423743584,3857.12437477715,3822.88772568591,3410.95105844396,3589.97163629464,5877.87321648741,3213.48986774503,2884.39384077487,4401.8198110895,3978.03892335156,3004.37107598246,2302.45800389497,5138.31023166177,4691.39577518248,1365.62930087195,3689.569505918,2448.65463134351,1e+09,3019.53683860621,6232.13855305705,8000.82148001691,2972.3068544146,4671.31938273332,3163.72463368733,4737.74972993509,4910.3908515107,3951.23618081734,4854.17289639543,4809.33443583413,3443.65335858591,4767.65071735546,3279.88359235507,2508.07597751743,2560.23439214069,5070.21875656268,2949.02407424897,3853.57229914011,3656.26348191702,3390.14772540962,2560.77893467984,4669.68314899416,6119.62768999063
7841.17961749379,14013.6766459199,15471.7516040234,16275.3403370867,18400.7297740253,2788.84337270848,8448.03561121756,3109.18391168808,3531.22093766448,6547.44486622835,1309.61180534539,1967.01703325111,857.625478457817,2134.7220406882,3045.20666889786,3969.28947268904,4127.65452249822,4717.84235041825,1203.08756871643,1424.62340834341,3185.4106721426,1846.46145115461,2754.44969010146,4481.54254637842,7393.99790518634,6794.94039477169,2951.63620043189,2074.82017430427,3190.21685966644,3019.53683860621,1e+09,4172.90142533945,6017.16273727078,1147.69326324589,2274.08394264592,1404.75811658093,2186.18407239647,2375.9894191894,1625.0748663677,2190.10581940691,3327.73037101866,2073.47547788731,3536.52798637308,1509.54529779666,1283.52291343006,1498.43964943537,3855.28354821017,1494.43109724069,1765.68381099222,2137.66616755283,1510.21364574685,1691.74824350433,3196.7640666305,4539.64212074036
10934.1245423948,17820.4249858919,19291.5661632746,19960.2502287321,22212.1423085055,5048.09764441022,4568.81296844158,5922.52496620318,7017.90761314225,10170.6186028137,4519.9945525299,4362.65370164766,4460.12700264241,4377.81623867426,3531.57091406926,7896.15449572765,8213.75729771096,2099.19556630629,4286.94243966489,4206.22336380274,2682.55580288649,4463.94283433379,6575.95557710817,8168.05870521264,11016.7640213404,10462.4123915998,6353.97275328593,3922.40651701223,7170.75407191601,6232.13855305705,4172.90142533945,1e+09,2085.64465544829,4609.9326798013,2380.79330165388,5105.35195457669,2837.05393332591,2900.10210490941,3165.26605919629,3934.02602347773,2014.93587788793,3445.429049596,2295.95384369983,3663.33537955509,4389.49189117602,4079.78270926284,2165.93862666974,4528.53511546504,3387.3570675971,3384.79897085484,3983.04016161022,4637.14096115268,2160.92062933834,1246.93380706435
12184.3097813376,19641.0069382097,21136.19945265,21760.1140938415,24029.2390144195,6834.78513436231,2876.14729928771,7532.73321723928,8778.16048356374,12001.5590901974,6117.43561210905,5864.01574860607,6230.44753043471,5759.71567400683,5210.98495329818,9527.34143418824,10056.5653476771,2890.09263595477,5949.98251486507,5778.00674305595,3869.83301986016,5936.29129448682,8178.57228351624,9988.378093104,12843.0212188215,12330.1615887425,8016.59768306356,5310.5587408012,8857.61808389253,8000.82148001691,6017.16273727078,2085.64465544829,1e+09,6287.35674706788,3940.86482594874,6839.56843013505,4426.90969047258,4288.98009105895,4753.38031235667,5320.77717135382,3358.31262964007,4934.98617659665,3450.87756120092,5238.40059144965,6053.98644490554,5763.81179526188,3275.67865797303,6114.8593798713,4880.99205590421,4890.63178232629,5543.26839137345,6458.40611231595,3758.66657655345,2481.82218851392
7101.09019153398,13761.7580942444,15248.9196158449,16052.6975550497,18159.3989037358,3070.84213189151,8702.73620354541,3022.28811525308,3333.58647487957,6384.61401754249,1386.94329264033,1693.35774212067,694.017579892613,1682.22422670107,3445.12469992016,3521.02796258422,3917.66096361081,5101.04577671089,712.450620815225,1079.83127834861,3195.80751377488,1270.26531311376,2021.32137993937,4259.44019132796,7168.10899361889,6657.49070971939,2669.82231056675,1823.89622626947,2805.99381677865,2972.3068544146,1147.69326324589,4609.9326798013,6287.35674706788,1e+09,2553.04327893203,1244.51365151211,2241.76532021084,2364.29744994153,1688.0049359525,2011.46533310917,3552.2055015863,2073.70971037414,3624.82330776274,1356.66684274364,913.574319144316,1348.47705531092,4030.71469106907,1087.58399312421,1687.4783204237,1805.3580146885,1062.75409211162,1708.72195938953,3467.62762510625,4990.05862227088
9046.59953495235,16127.7358083954,17613.8839787368,18369.115095257,20527.4738607287,4002.68974806942,6379.73887199155,4352.49063297097,5296.88965031366,8580.26929896143,2293.46732139353,2634.24067531803,2532.53754157762,2111.8724478055,3305.12137802835,5759.0112866012,6275.64807895567,3217.8434434882,2323.99891635087,2275.64587346098,1886.20851498449,2418.29006188257,4431.74097804689,6498.47236978045,9455.33826660369,8871.65236668458,4504.62088370376,1721.99416012366,5056.13259342553,4671.31938273332,2274.08394264592,2380.79330165388,3940.86482594874,2553.04327893203,1e+09,3150.94021623705,1457.70206859975,1116.94276957237,1241.25954735502,1944.87408389335,1735.67306339644,1635.14685542308,2185.89143678271,1652.89397067689,2429.75485530948,2309.03498267133,2250.79564960927,2374.60220841302,1175.44674519946,1804.74053877559,1960.64574418736,3245.04168919291,2387.58427782141,3089.2916205823
7040.09463536535,13391.2013880346,14843.5261597337,15700.2968127453,17769.0426132699,3459.32849541642,9282.433320283,3266.32699061193,3474.85636262853,6234.92240003033,1586.74911917417,1911.9325397095,1002.42963004891,2251.10127637563,3606.27010757653,3101.87893569365,3490.88223900492,5718.15180399227,1451.05685109164,1840.85959342368,3919.32732956818,1596.49563898559,1968.98650884154,4099.39187942553,6897.4735676478,6412.03666942104,2924.92223031656,2680.36427990674,2781.95432917221,3163.72463368733,1404.75811658093,5105.35195457669,6839.56843013505,1244.51365151211,3150.94021623705,1e+09,2909.04167190847,2967.23301700423,2263.71479541925,2304.93193945071,4155.93750988871,2716.7726798354,4281.31749881973,2045.28273698284,1707.04279589002,1997.05602738131,4755.52591899151,1579.55929610129,2350.77935125779,2678.45607961004,1674.07247785154,1823.8930511683,3907.92014237753,5516.1431872369
9130.73716844374,15810.6506424752,17276.5730475578,18062.6755133452,20196.4677299646,4075.00670533191,7061.55981464435,4609.35554991151,5295.836599443,8343.33917192032,2510.91274155435,1851.71962702241,2273.88370760248,2533.11163421591,3333.65347333822,5648.15752294498,5879.17123525927,3969.91054750608,2028.6764179632,2292.99113373776,2695.80905477372,2042.40631251473,4151.54876255838,6264.43978486504,9133.12185090618,8603.22760999033,4634.71084382834,2329.37345784226,4956.07788380086,4737.74972993509,2186.18407239647,2837.05393332591,4426.90969047258,2241.76532021084,1457.70206859975,2909.04167190847,1e+09,970.577675562343,1403.64091195006,1670.21821514436,2669.07727493979,2440.13357847475,2796.11295501451,2001.2870808807,2505.2483243982,2494.93328479942,3154.08866687352,2629.01876330315,1804.91003598517,1761.98353860074,2014.6574377298,2859.87569544552,2488.67733643797,3497.7076825258
8992.01727041825,16091.0310559423,17566.1846500514,18366.6899190001,20489.7703556824,4441.47588997171,6841.02308328952,4618.159325857,5462.17272184796,8657.76117509602,2279.04859812159,2139.14198313249,2478.08244568255,2016.29100987432,3704.9316346729,5548.49486490706,6098.35629462563,3889.36334349209,2251.68004829727,2292.6730380715,2513.17422139811,1803.16143672717,4170.76646509967,6522.94369191549,9461.36685744718,8951.97762585452,4690.75926674989,1903.07878933059,4961.43229821792,4910.3908515107,2375.9894191894,2900.10210490941,4288.98009105895,2364.29744994153,1116.94276957237,2967.23301700423,970.577675562343,1e+09,1333.01672877725,1386.28668481667,2424.21330024814,2188.6555153564,2673.00591015059,1820.87217838046,2568.59257434884,2547.69109393192,3021.84590702438,2404.31773297541,1460.93633629258,1757.05130306431,1919.46665282312,3311.86264704622,2809.60044678954,3705.06929453418
8177.37628020749,15165.1548824105,16646.9347595015,17388.2242084665,19557.8190486209,3383.7741416649,7253.83269388673,3547.14207764504,4491.34754040477,7689.82728279381,1624.42188497939,1837.2786403265,1729.55253421225,1818.51461019701,2825.37224747466,4857.14378087575,5370.36346140557,3802.8270953463,1527.1207290519,1365.24188666331,2092.05276613665,1654.38730468412,3494.09542122135,5582.27102927653,8504.19621355246,7966.9217195602,3681.4921634848,1609.43692476593,4257.88904014654,3951.23618081734,1625.0748663677,3165.26605919629,4753.38031235667,1688.0049359525,1241.25954735502,2263.71479541925,1403.64091195006,1333.01672877725,1e+09,1733.21972124137,2258.16828245815,1376.38854597821,2427.37630998986,977.664588087346,1584.75173210191,1496.89331072725,2843.5969906089,1608.7641737371,890.358328595852,1384.31053568193,994.780947596002,2308.9508246171,2364.37456152785,3657.96701241277
8489.38748664472,15463.9386200799,16932.7580799467,17806.9110743104,19827.3713624096,4685.73518269012,7880.26551297607,4754.81784222067,5285.13221043713,8283.08859034479,1850.67742821379,1428.49661067151,2027.66819585947,1796.17834275998,4085.38431549591,4913.79807196022,5434.0699435414,4989.56435711576,1899.19045816895,2299.4062771072,3281.82989083834,1376.68242002286,3523.77564105605,6150.38484335737,9003.45026898577,8484.84368854842,4540.26127694211,2186.62295270584,4461.02580184199,4854.17289639543,2190.10581940691,3934.02602347773,5320.77717135382,2011.46533310917,1944.87408389335,2304.93193945071,1670.21821514436,1386.28668481667,1733.21972124137,1e+09,3408.41658624646,2565.95199238022,3615.68927478565,2027.28716305806,2510.83988073712,2732.29528631149,4006.67736898044,2258.51010796941,1730.36782557929,2256.74564958039,1780.50569928883,3157.45041101202,3537.03685543422,4669.97804885633
9185.17715722457,16542.8674668692,18051.906646446,18689.9299857276,20958.2990839882,3928.67092448579,5373.61475533928,4370.75276739602,5597.39840140042,8918.41851088521,3465.45922360948,3882.24434464138,3508.02478826761,3036.07871396642,2879.63303458965,6537.75291802925,7186.32123376767,1789.63791533371,3368.63931827081,2933.91392801493,995.176922562014,3520.67172269725,5358.70127108239,6873.24535880977,9782.80620660044,9293.03552866877,4860.25654313638,2523.79442215486,5833.07121063167,4809.33443583413,3327.73037101866,2014.93587788793,3358.31262964007,3552.2055015863,1735.67306339644,4155.93750988871,2669.07727493979,2424.21330024814,2258.16828245815,3408.41658624646,1e+09,1834.0698820383,832.703194301547,2315.1422119818,3088.84744011419,2710.33175408473,940.333630845989,3159.26688635196,2199.02142836308,2104.19659212251,2779.41173628522,3752.17342778822,1882.25916916348,2221.83392435168
7628.04761790329,14995.7839347798,16514.910814025,17200.5074933445,19402.7273544907,3022.34009193208,7051.72061360914,3047.34952525962,4102.57438962415,7465.76780243667,2021.75361542894,2873.76183051066,2108.72940400138,1645.27042749817,2838.34571201255,4847.05614361955,5601.67434511325,3442.18777047389,1967.8184337484,1422.90022355751,1401.68349344636,2346.7038487632,3661.61987845544,5390.75322655378,8334.13568170689,7820.89227142914,3257.13248147815,1190.52642032842,4135.71579974978,3443.65335858591,2073.47547788731,3445.429049596,4934.98617659665,2073.70971037414,1635.14685542308,2716.7726798354,2440.13357847475,2188.6555153564,1376.38854597821,2565.95199238022,1834.0698820383,1e+09,2019.7493075627,828.422787530618,1459.60594617177,1241.12419942567,2281.47166629349,1510.07386011413,955.80048001662,1353.15233041221,1334.32190029243,2601.67570504089,2505.44227718381,3695.28532687261
9005.35224478199,16425.0592888915,17947.5768029782,18542.8428273876,20830.7667639552,3843.38895506297,5412.90048208906,4377.34825344066,5592.87413809751,8828.43452843708,3736.71882491846,3874.88044709769,3600.6424492443,3279.70149714879,2629.84159920327,6616.12202041347,7267.36066306744,1875.17716011048,3413.19474425354,2896.64093753437,850.316272336358,3609.08531766707,5390.06395820124,6798.03480909005,9647.28655786175,9231.93650076191,4884.89248416994,2763.04284061974,5900.10777039708,4767.65071735546,3536.52798637308,2295.95384369983,3450.87756120092,3624.82330776274,2185.89143678271,4281.31749881973,2796.11295501451,2673.00591015059,2427.37630998986,3615.68927478565,832.703194301547,2019.7493075627,1e+09,2425.08058593936,3137.08733973092,2773.4834431451,1216.76351847843,3340.70916785643,2444.70831311222,2009.93340429478,2854.13599329114,3662.23935378342,1610.49084390443,2215.79571878817
7497.41931681162,14672.8504371611,16178.7896244466,16910.2090670606,19082.2962216605,3017.5447384256,7519.45442907263,3008.35657826661,3892.64682981901,7182.14286904681,1538.10770091044,2189.32665127888,1448.99201260738,1312.07990995213,2869.04918354496,4365.60094833461,5061.55574022454,3939.63200204029,1301.81835910391,810.023304417842,1963.38926942672,1580.05735633236,3080.93136502584,5049.74430153647,8006.79926200226,7522.2158666712,3079.96565506825,1079.33811328981,3685.90241335823,3279.88359235507,1509.54529779666,3663.33537955509,5238.40059144965,1356.66684274364,1652.89397067689,2045.28273698284,2001.2870808807,1820.87217838046,977.664588087346,2027.28716305806,2315.1422119818,828.422787530618,2425.08058593936,1e+09,974.788008851155,935.134063811173,2860.90826661744,1007.7235594646,694.996645675359,1060.95451457638,706.223999521398,2138.40643496507,2605.42254012665,4014.65880733345
