1e+09,3213.43943173043,2716.10792850726,5147.9436945056,8370.70476716865,4377.51237874892,9507.27365109998,5403.90733176468,3699.57402289777,2799.7498661309,2029.79698987362,2256.26170846824,2910.1189478267,1942.57693126939,5776.90158979708,2399.68925554956,1001.48648842608,5707.73884385927,2917.39737187103,3718.827388062,4797.27617825991,2151.13518278141,2245.18859332574,2980.49098524052,2025.54465309951,2006.07645704245,2204.91358576703,3025.28822142618,2404.18171168487,3537.3300113221,2840.82041011043,6361.44531641199,6459.1805016426,4181.08209716097,3841.7367238529,3164.5841816106,3659.1269207285,3004.63403906366,3241.31209293397,2633.25161175304,5419.78022557188,3511.58647038628,5075.93047613933,2765.56715492501,2987.6956124746,4391.16411336447,6248.42646373469,2437.64599813016,2838.93611164464,4957.19813966519,2540.04851160367,3829.8133071078,5998.9418285311,6900.43051387375
3213.43943173043,1e+09,1437.31281699566,2313.92582538853,5498.81792954631,5005.49093235619,12036.2791642393,8034.39198227844,6480.11251356796,5195.96556975698,4113.59917946559,4813.24275532619,5672.50404476718,4526.00821244284,7829.61154803992,4473.84496316088,3052.46598308646,7674.55843918723,5740.42929643768,6378.98320424188,7327.66308325513,4847.85828105567,5043.04611140926,5602.66523673332,3508.74595300087,3367.15601107225,4331.85020739407,5726.26437609197,5366.55960430889,6112.40745529943,5615.833569124,8956.60869428268,8935.85467925705,6934.86606254223,6616.80430235019,5912.69764714043,6379.2140134816,5831.5536091594,5821.52280830368,5466.70694339838,8025.90505055349,6161.87898900977,7525.55497085763,5356.4945513834,5779.18067237909,7134.78386745527,8901.86775317967,5318.06471500677,5657.06034438382,7777.24406892956,5176.64227300864,6204.20984537918,8175.71519722281,9222.05065804781
2716.10792850726,1437.31281699566,1e+09,3465.64585979295,6496.26075161704,5443.17917697002,11482.5461092564,7252.29306392123,5821.2709198078,4566.69202767167,3694.38182544793,3954.93194821352,4957.46728245381,4193.78757678545,7200.102531763,3711.95657677996,2522.6949494935,7525.5314646874,4990.54818899688,5651.35636532505,6766.30538339794,4144.10773936924,4203.67236933375,4930.86929737546,3198.77163626915,3189.23490875163,4228.75207294067,5259.7274086211,4663.42931964236,5642.11439027073,4983.22256494731,8267.42900355364,8336.9086379125,6039.18899923657,5972.1424865872,4945.94561567351,5710.08631298162,5203.60421857774,5118.42408074009,4624.27508594591,7453.18681410845,5614.50677836442,7049.29758532721,4825.41982110365,5142.63555684243,6370.914495926,8312.97198761069,4693.07654106557,5060.06828844236,7052.42750261213,4526.0818318939,5537.83749342647,7665.9723965587,8673.59453614821
5147.9436945056,2313.92582538853,3465.64585979295,1e+09,4009.93131052142,5316.64860763809,13361.1705035562,9710.66069094683,8172.07935769716,6841.03586195103,5934.1244672403,6644.18989115302,7414.2226465962,6248.66092726274,9158.82064700472,6323.48870112061,4981.99719778123,8692.81582756129,7485.34876027831,8073.27160069572,8843.70945739965,6739.42405782572,7050.76034199149,7356.56921650983,4998.04757709448,4743.95084602486,5665.03210440153,7388.18395958709,7268.30267124313,7620.96862519457,7358.07987490622,10424.7569171804,10361.6325300698,8803.15678906153,8349.28443018921,7798.1747747598,8107.86264614787,7603.59485908475,7496.93061537854,7446.97521720061,9549.89657833529,7757.14576525413,8864.47786420611,6979.11044517853,7393.32124704453,8831.75773591531,10377.3014060545,7088.55981283928,7361.19817425126,9480.01881116804,6908.23109242156,7758.50083041176,9491.94846677435,10517.9928974211
8370.70476716865,5498.81792954631,6496.26075161704,4009.93131052142,1e+09,8743.06728057151,17125.4023125356,13096.0968413264,11562.8127004808,10223.8230633457,8954.064328393,10026.6362949097,10892.1240190975,9235.67615612414,12887.7002474957,8869.08721608374,7952.41243852455,12215.9483533699,10900.9489406794,11473.6745836763,12326.6959210082,9825.13636974572,10170.0496669535,10884.2171608527,8597.60627891275,8317.98400141525,9063.09303420196,10459.4919913923,10372.8879414125,11097.5620296036,10874.7653936533,14043.0419814227,14020.2212541208,11969.3823546455,11784.161332352,11098.7502370402,11558.4981442357,10911.0345078366,10839.1245960686,10635.3197067272,13135.8764067952,11191.0453780377,12498.6288491618,10259.266628395,10805.7337147415,12257.9417006282,13931.8469896278,10375.4462205681,10735.5855796738,13020.1583161957,10246.8690623136,11472.7135420789,13354.3941249613,14247.0109150551
4377.51237874892,5005.49093235619,5443.17917697002,5316.64860763809,8743.06728057151,1e+09,8979.7505527715,6608.90773857526,5039.70450139688,4288.86330453653,4427.6031723044,4883.12019110732,4732.67305333889,4111.0420644406,5633.72288337827,5752.49215631799,4534.4317514767,3942.82137262139,4880.86461769839,5237.45103432004,5120.44956200137,4944.86009445161,5568.16951012629,4672.18655147673,3199.22487177754,2810.57878231513,2696.30482408796,4556.81435050848,5333.71860625399,4041.0427992908,4566.98297686777,6542.83779450477,6374.86862538359,6336.77178018114,5187.80563623002,5759.19906247388,5106.2732915601,4811.38857551539,4731.87960156427,5512.2964742383,5649.49627720915,4380.50265559787,4731.19809311553,4134.89487441942,4401.98577770306,5690.87576464291,6264.16313997329,4542.1469182205,4449.48676708899,6109.37737906245,4345.42818072051,4790.53873020561,5819.62817174775,6358.96268653151
9507.27365109998,12036.2791642393,11482.5461092564,13361.1705035562,17125.4023125356,8979.7505527715,1e+09,5443.12656624848,6248.62514354958,7384.94999073115,9047.07922736393,7908.68380790382,6870.83243228941,8790.29902022679,4638.3911274816,10062.803934903,9993.17838458816,5465.07299049153,6938.42161612423,6520.32494209453,5231.43709188976,8364.23883833431,8386.78741708051,6722.43058121094,8676.64795118484,8916.15157059367,8372.11180958544,7717.61403751185,8136.48215556945,6307.32162786234,6745.67903258078,3571.31781778099,3414.87844499625,6852.37624297586,6009.57414941358,7303.80771786881,6279.15132595958,7022.92320390876,6951.47061220142,7757.45043309334,4306.77479471588,6356.24949539428,4732.15666630977,7419.13039683897,6847.67485925697,5692.46807446471,3637.72541685048,7488.88268719039,6970.52793169212,4896.16921837879,7435.49300103228,6004.9685767038,4220.20628069292,3024.49663542547
5403.90733176468,8034.39198227844,7252.29306392123,9710.66069094683,13096.0968413264,6608.90773857526,5443.12656624848,1e+09,2018.6951797634,3000.71913140834,4460.95870924625,3511.59347242815,3312.59172754507,4593.52598292423,3094.9952782678,5142.23407087814,5667.47759270383,4139.01865789465,2956.61808840777,2093.04946422678,1802.4155608516,3689.30918971289,3725.33840437349,2814.43269921311,5009.33629533893,5470.35017749321,4815.29702141,3357.83981476187,3485.84754507423,2775.64179023519,2948.88260532697,2721.04632367771,2578.70930771578,2094.33258397514,2001.79993308522,2968.87556997595,2615.20557545674,2786.41608120539,2589.82976206931,3150.55860664423,2168.69420804317,2554.68956824503,2800.2381657102,3133.04962110401,2878.79136543446,1667.90205323934,2531.64414264722,3162.54393005062,2856.58769809365,1954.08644762713,3274.49786223781,3178.16077890971,4010.07395672449,3518.91155343524
3699.57402289777,6480.11251356796,5821.2709198078,8172.07935769716,11562.8127004808,5039.70450139688,6248.62514354958,2018.6951797634,1e+09,1519.29550265905,2999.19104246462,2157.58634969727,1603.71251831493,2838.39239873559,3133.34730518339,3869.23385303861,3981.87071618354,3417.10028717332,1285.64978750047,1152.90965201095,1358.57961268378,2182.31017916794,2434.84533330148,1262.67575750863,3427.47152956812,3685.08272246364,3018.47571986259,1764.75668198197,2104.47580373356,1065.26655016479,1230.13286786428,3053.70889031682,3127.66585307638,1600.72200750161,527.336229079702,1887.75169325841,1103.56288787726,998.408796034971,950.796816517599,1832.14507676112,2088.27870046122,804.430021381599,2158.84639831091,1415.09316834617,1092.57904853608,950.818273593856,2783.88482462907,1428.25667794693,989.758871493456,1786.11602965765,1429.76018254811,2127.0283428295,3786.02675904437,3813.15471061692
2799.7498661309,5195.96556975698,4566.69202767167,6841.03586195103,10223.8230633457,4288.86330453653,7384.94999073115,3000.71913140834,1519.29550265905,1e+09,2082.34014618169,1360.68665915412,1805.65600649736,2253.16421088211,3560.28453414892,3124.98176268278,2987.0283398053,3803.40033704053,1383.54993429945,1622.65450521668,2328.79624840818,1448.17035216856,2005.47649352965,1252.60508373549,2184.91219613054,2634.82290122126,2302.73832842553,1731.60096159594,1992.91878677983,1456.08610236483,1444.49422324909,4162.6395131695,4120.50478416177,2278.26597185228,1788.60417887804,1985.744105921,1810.44499284016,1311.34704148063,946.845808408106,1705.66288184389,3237.29012057925,1450.22910262482,2973.82374045605,843.088288437219,1267.04872877881,2150.7493097988,4004.04339854103,1210.40051516017,1120.3313027404,3033.41222632203,939.858407527432,2268.48905273973,4338.17746976769,4691.22500642423
2029.79698987362,4113.59917946559,3694.38182544793,5934.1244672403,8954.064328393,4427.6031723044,9047.07922736393,4460.95870924625,2999.19104246462,2082.34014618169,1e+09,2314.70024569057,3051.79576878926,1425.98815787509,5355.58009439687,2112.79993617474,1951.41243605753,4917.80495015815,2894.1953093563,3108.03462350406,3938.34424947845,1568.90609511851,2147.25842927674,2689.99110225294,2490.2190421728,2656.97316023328,2187.17446478327,1983.45670640929,1947.48365197246,2932.78277656222,2652.56813367725,5939.14649719975,5868.31550730702,3513.88240191672,3176.39540276396,3139.2832455833,3323.44534624838,2427.59156086851,2524.16266264676,2283.66241596695,4797.27335704356,2829.85122328012,4603.60418923043,1926.38451190306,2699.23818572945,3820.24794268644,5630.51602093449,1961.30509750523,2358.45219109907,4597.70814776232,2069.07734553351,3948.6000148407,6011.28092161729,6444.78745577385
2256.26170846824,4813.24275532619,3954.93194821352,6644.18989115302,10026.6362949097,4883.12019110732,7908.68380790382,3511.59347242815,2157.58634969727,1360.68665915412,2314.70024569057,1e+09,1580.5951809366,2407.24223027098,4068.1950434683,2801.11923500232,2492.10058950276,4830.21151102102,1339.72951646965,1797.55406085603,3225.98537541633,1369.44874482399,1282.86725147226,1465.71398355887,2168.58719096097,2669.78998844478,2623.74742481055,2355.08004802385,1704.46389826831,2355.24329925806,1562.01500978704,4611.27658329014,4683.80365170232,2383.41539025408,2348.84219829686,1403.39513309688,2109.48581547732,1653.72603535168,1674.03225503573,1241.27597813701,3844.08533724214,2190.74410260532,3664.45103098677,1808.73793632466,1652.58076943307,2624.90310274494,4634.58045932963,1379.81160166887,1558.74479928563,3234.57544620619,1392.57562832329,2313.67209841844,4575.28705405464,5259.98474553872
2910.1189478267,5672.50404476718,4957.46728245381,7414.2226465962,10892.1240190975,4732.67305333889,6870.83243228941,3312.59172754507,1603.71251831493,1805.65600649736,3051.79576878926,1580.5951809366,1e+09,2665.77512723785,3383.48534569015,3748.32511771591,3269.23876399384,4047.55840785528,836.821498708058,1753.74370701651,2557.86996053357,2163.46159182455,2183.6064348458,1069.85813330553,2729.29691843889,2837.20229176561,2663.42548384594,2382.58037169788,2208.28726226911,1680.04427438684,892.871454017878,3579.65047187571,3849.23442321977,2303.39475294618,1660.61823111153,1460.14563985926,1290.42517276284,1376.4996366872,1501.44733577305,1687.92819506637,2875.27310306343,1507.58561584409,2673.44163865606,1873.92350294776,1163.47972096638,1918.73070403327,3602.4194615286,1463.09651475902,1222.5494241543,2309.16836237638,1234.49185772933,1566.79437425592,3681.64777367417,4276.23035318492
1942.57693126939,4526.00821244284,4193.78757678545,6248.66092726274,9235.67615612414,4111.0420644406,8790.29902022679,4593.52598292423,2838.39239873559,2253.16421088211,1425.98815787509,2407.24223027098,2665.77512723785,1e+09,5390.5536236921,2256.89611149915,1851.80432978217,4710.64874046028,2593.31745332113,3006.64494932475,3837.89602363066,1598.1832110556,2236.16501987219,2712.67180919477,2527.03370828329,2514.94241763107,1679.40649766517,1503.24706844883,1845.07868718383,2635.8574006763,2503.00761872592,5642.89361551323,5700.28097803082,3454.07931053993,3063.57548833059,3015.37908203927,3113.81001294234,2138.38137033598,2514.6262936866,2247.17884969132,4568.84143600979,2551.44245706228,4287.85280086665,1745.14861209583,2283.81543674177,3682.77085423462,5301.03727872197,1600.26837602322,2002.96532933049,4313.11822233057,1926.93086274521,3813.1110275207,5832.12106228943,6237.56832351358
5776.90158979708,7829.61154803992,7200.102531763,9158.82064700472,12887.7002474957,5633.72288337827,4638.3911274816,3094.9952782678,3133.34730518339,3560.28453414892,5355.58009439687,4068.1950434683,3383.48534569015,5390.5536236921,1e+09,6469.20027834971,6163.16546011058,3196.37751022935,3497.83394780255,3258.33097984229,2308.77188511555,4823.7723375176,4975.45241225358,3064.24940301863,4582.74611039058,4913.45030917175,4872.66103191059,4648.31433985483,4967.79966482144,2987.90755315488,3282.91607594529,2080.6976912805,1987.68072406008,3934.43014115132,2986.69465342542,3804.10132206018,3161.81734004354,3810.35170068329,3368.13307830911,4335.08139176187,2056.85083749406,3027.67995640226,1951.50660588172,3887.71328248368,3428.3705553805,2727.57868984563,2469.40787236536,4068.15151032997,3603.58208220654,2631.5366134447,3755.23662115984,2209.34769112967,1981.48353429949,1807.55807347925
2399.68925554956,4473.84496316088,3711.95657677996,6323.48870112061,8869.08721608374,5752.49215631799,10062.803934903,5142.23407087814,3869.23385303861,3124.98176268278,2112.79993617474,2801.11923500232,3748.32511771591,2256.89611149915,6469.20027834971,1e+09,1957.92426904107,6446.71540183837,3431.20925604954,3854.74621885799,5053.01654221516,2013.79195171696,2292.74077605821,3773.58157284297,3581.25507551473,3680.90979363798,3430.14289651321,2819.59607037959,2247.25723876907,4116.56928609249,3692.38661915298,6728.63354070498,6912.6970238974,3703.061976581,4175.90850998917,3251.22833770561,4195.06433562109,3290.12256405442,3339.52761003708,2653.63227720044,5886.45102793695,3936.35548953597,5740.92777313911,2945.56335165279,3393.82202759662,4486.14307710978,6563.62834781952,2750.81025208937,3280.13377913158,5348.92129456959,2982.47417224358,4896.94039262272,7174.56875540962,7550.24131717656
1001.48648842608,3052.46598308646,2522.6949494935,4981.99719778123,7952.41243852455,4534.4317514767,9993.17838458816,5667.47759270383,3981.87071618354,2987.0283398053,1951.41243605753,2492.10058950276,3269.23876399384,1851.80432978217,6163.16546011058,1957.92426904107,1e+09,6009.37509676339,3244.51435812819,3914.17184761988,5093.77810091881,2155.5023991404,2411.0425913907,3413.47117992814,2314.12644572418,2204.98231557534,2405.93912067617,3028.95227922132,2585.53623890674,3848.13766984759,3307.72171241778,6713.27975858298,6824.35946297526,4275.12987364127,4199.97589037128,3415.8601360126,3967.3503288593,3211.07953657333,3384.87031451723,2831.96160240565,5800.92746538,3780.32621442912,5446.69273002434,2925.29961103132,3270.76538985908,4678.62567592237,6584.94708376613,2680.87374930264,3118.26178719812,5357.11319753466,2713.03840780038,4344.36550893223,6569.20447011661,7301.69649122038
5707.73884385927,7674.55843918723,7525.5314646874,8692.81582756129,12215.9483533699,3942.82137262139,5465.07299049153,4139.01865789465,3417.10028717332,3803.40033704053,4917.80495015815,4830.21151102102,4047.55840785528,4710.64874046028,3196.37751022935,6446.71540183837,6009.37509676339,1e+09,4157.51932785646,3902.55557214756,2519.45497371952,4939.5568972834,5454.61536269057,3736.79093110653,4605.35385050921,4601.95962439915,3883.81998792426,3986.52821643093,5021.9351336213,2644.95298852361,3692.08555209654,3584.69198950203,3204.35053059118,4856.40259456524,3384.11933898614,4993.66961249941,3723.28579667207,3892.5199052028,3701.40561366895,4957.62630811359,2690.75210121631,2928.53906081172,2030.71408639917,3619.06313057675,3605.040573461,3692.33295684449,3029.84396746763,4095.24297746788,3645.43255113848,3813.78567229466,3901.34736159189,3668.96055901396,3673.12053082934,3148.70016300378
2917.39737187103,5740.42929643768,4990.54818899688,7485.34876027831,10900.9489406794,4880.86461769839,6938.42161612423,2956.61808840777,1285.64978750047,1383.54993429945,2894.1953093563,1339.72951646965,836.821498708058,2593.31745332113,3497.83394780255,3431.20925604954,3244.51435812819,4157.51932785646,1e+09,1473.88950535649,2400.37212013054,1738.59821534476,1834.08675492737,1033.69421643927,2758.32136091863,3020.89723193292,2742.79005778787,2069.6269559754,1891.78521597987,1586.25488431084,1010.96377338656,3627.81185307342,3845.80067424197,1824.50073137831,1485.42926886473,1235.64417187959,1107.44265666444,1057.09064932956,1123.0159401362,1409.38807835174,2942.69523972497,1481.44426678833,2785.92908197607,1528.56165737598,923.484028340501,1625.87086735079,3611.27846183315,1231.64157976255,993.062361183828,2304.41345676074,1068.15800137433,1769.61641513069,3914.83437929371,4404.05780493399
3718.827388062,6378.98320424188,5651.35636532505,8073.27160069572,11473.6745836763,5237.45103432004,6520.32494209453,2093.04946422678,1152.90965201095,1622.65450521668,3108.03462350406,1797.55406085603,1753.74370701651,3006.64494932475,3258.33097984229,3854.74621885799,3914.17184761988,3902.55557214756,1473.88950535649,1e+09,1930.43333101664,2177.82713083477,2220.15829151887,1485.62580197707,3344.98370451935,3794.5798593652,3136.81373854107,2060.14525466046,2072.82684066952,1676.67190362337,1530.65950299209,3311.89485873269,3231.98839539996,1662.59148722709,1373.34864014933,1808.19503165449,1438.01993553636,1199.06381485724,1356.74579535004,1766.85443118555,2473.82722410034,1381.1276109759,2521.8636528171,1834.61019881609,1405.63872691385,1543.05255830772,3175.97895111098,1574.77210332162,1270.130347799,1948.06838327098,1770.2414013631,2183.74464823614,3834.59528507247,4023.74921651437
4797.27617825991,7327.66308325513,6766.30538339794,8843.70945739965,12326.6959210082,5120.44956200137,5231.43709188976,1802.4155608516,1358.57961268378,2328.79624840818,3938.34424947845,3225.98537541633,2557.86996053357,3837.89602363066,2308.77188511555,5053.01654221516,5093.77810091881,2519.45497371952,2400.37212013054,1930.43333101664,1e+09,3372.54697747859,3700.3933868847,2106.55246376633,4066.24253105985,4361.21702170392,3710.67452331783,2723.2927051641,3388.93995846784,1417.86228206409,2187.30328500645,2270.21600060435,2106.59883278711,2511.14662907207,1303.57522287745,2960.22170798067,1920.03179023161,2192.56771174803,1953.6180220043,3055.66916607476,1168.78621946017,1407.77814484385,1339.86840805357,2299.74034579993,2085.70568630859,1352.4994473936,1827.38383822338,2582.4555031791,2087.94234113397,1757.72374063731,2484.6459436306,2342.41472433897,3195.19431941158,2746.44549028376
2151.13518278141,4847.85828105567,4144.10773936924,6739.42405782572,9825.13636974572,4944.86009445161,8364.23883833431,3689.30918971289,2182.31017916794,1448.17035216856,1568.90609511851,1369.44874482399,2163.46159182455,1598.1832110556,4823.7723375176,2013.79195171696,2155.5023991404,4939.5568972834,1738.59821534476,2177.82713083477,3372.54697747859,1e+09,975.145567697459,1990.60918180842,2573.34777589427,2907.75244315949,2497.47449594585,1512.11313978154,1100.61201783371,2437.9422495211,1993.82452951608,5107.75614739976,5156.38954401236,2288.11828439878,2435.28787986143,1989.17063699925,2325.00044799996,1447.24351803696,1706.29382182554,1150.82950874576,4183.65529931662,2294.05225720776,4078.37794548274,1439.74471980279,1882.36622866009,2851.9078890981,4908.19771654525,1183.04278544776,1564.11807827926,3660.42729135548,1352.78608401329,3221.79200369918,5394.29257524098,5830.72744610825
2245.18859332574,5043.04611140926,4203.67236933375,7050.76034199149,10170.0496669535,5568.16951012629,8386.78741708051,3725.33840437349,2434.84533330148,2005.47649352965,2147.25842927674,1282.86725147226,2183.6064348458,2236.16501987219,4975.45241225358,2292.74077605821,2411.0425913907,5454.61536269057,1834.08675492737,2220.15829151887,3700.3933868847,975.145567697459,1e+09,2072.19728850802,2967.42823739682,3359.82077356814,3031.26243022606,2179.57574548351,983.532202319782,2890.24542902502,2059.06332741371,5192.00584933222,5250.41509557102,2272.21037278682,2587.0888544849,1781.9010906052,2395.64221669264,1716.75268355695,2136.50205382536,953.968801376649,4332.43151282279,2680.56513392232,4350.27879759447,2156.19735126449,2224.02856622841,2971.61686273651,5079.59197161544,1571.27974721244,1915.21345875597,3568.47705553784,1858.30549046705,3219.79265476832,5355.32966229905,5970.14256077692
2980.49098524052,5602.66523673332,4930.86929737546,7356.56921650983,10884.2171608527,4672.18655147673,6722.43058121094,2814.43269921311,1262.67575750863,1252.60508373549,2689.99110225294,1465.71398355887,1069.85813330553,2712.67180919477,3064.24940301863,3773.58157284297,3413.47117992814,3736.79093110653,1033.69421643927,1485.62580197707,2106.55246376633,1990.60918180842,2072.19728850802,1e+09,2556.78474659092,2916.20805163143,2669.07957176252,2251.90774189353,2112.28494803613,1378.42107039177,507.682802742027,3586.18715214362,3597.53495909352,2205.62438848957,1193.15064979239,1647.00279252951,1177.31729168479,1217.70961119636,1239.07897476311,1577.36338555832,2632.22313959132,1264.14079140735,2540.70209566175,1565.03433083751,1268.15856457306,1727.99611579425,3503.91432429505,1363.16836828765,1062.29663253726,2243.05744144014,1161.39631134252,1420.40862592424,3507.38589801579,4120.24029933935
2025.54465309951,3508.74595300087,3198.77163626915,4998.04757709448,8597.60627891275,3199.22487177754,8676.64795118484,5009.33629533893,3427.47152956812,2184.91219613054,2490.2190421728,2168.58719096097,2729.29691843889,2527.03370828329,4582.74611039058,3581.25507551473,2314.12644572418,4605.35385050921,2758.32136091863,3344.98370451935,4066.24253105985,2573.34777589427,2967.42823739682,2556.78474659092,1e+09,1146.38771582742,1889.33200549824,3166.43978019479,3192.29497116103,2885.02143369854,2620.42467512424,5616.99389914214,5556.79587318987,4222.65757310488,3560.58584327074,3271.41647550415,3352.63512996866,2946.56602759891,2908.79340106856,3008.28262217831,4718.43633355373,3017.96911009705,4166.52023186016,2451.83229032901,2701.41311000373,4036.12048135335,5552.56346229379,2520.94785576775,2631.5950570519,4576.88982471722,2345.74461610807,2969.60049804683,4940.46557255488,5853.79389240004
2006.07645704245,3367.15601107225,3189.23490875163,4743.95084602486,8317.98400141525,2810.57878231513,8916.15157059367,5470.35017749321,3685.08272246364,2634.82290122126,2656.97316023328,2669.78998844478,2837.20229176561,2514.94241763107,4913.45030917175,3680.90979363798,2204.98231557534,4601.95962439915,3020.89723193292,3794.5798593652,4361.21702170392,2907.75244315949,3359.82077356814,2916.20805163143,1146.38771582742,1e+09,1663.22753380288,3305.47571765397,3446.16922885397,3065.24544767625,2864.97980554837,5834.5648356497,5897.53496945122,4561.84374794885,3838.55846420241,3618.37707786239,3568.58394648354,3207.77962157627,3104.19495868091,3393.42820461845,4978.41857983035,3210.69868497497,4331.8868479105,2689.31544990542,2898.29072449608,4301.35707866715,5761.56472158389,2806.3064345684,2905.70811058165,4907.70330924762,2452.36719681209,3338.12062181701,5274.33882040204,6090.89811857825
2204.91358576703,4331.85020739407,4228.75207294067,5665.03210440153,9063.09303420196,2696.30482408796,8372.11180958544,4815.29702141,3018.47571986259,2302.73832842553,2187.17446478327,2623.74742481055,2663.42548384594,1679.40649766517,4872.66103191059,3430.14289651321,2405.93912067617,3883.81998792426,2742.79005778787,3136.81373854107,3710.67452331783,2497.47449594585,3031.26243022606,2669.07957176252,1889.33200549824,1663.22753380288,1e+09,2232.35382742073,2699.40024699932,2345.20902516172,2442.68042473837,5405.14087263228,5349.23099152579,4123.51829833457,3225.29230841175,3529.59593052803,3143.55987579368,2507.7705927377,2684.38698855065,3068.69543446397,4355.23068091691,2492.50169711076,3739.24232741073,2014.43445400936,2293.37351133652,3846.02835837179,5115.06475092936,2117.61788165382,2201.45805354088,4354.05457269428,2151.21383223519,3374.11035791659,5135.40954841968,5713.2751766128
3025.28822142618,5726.26437609197,5259.7274086211,7388.18395958709,10459.4919913923,4556.81435050848,7717.61403751185,3357.83981476187,1764.75668198197,1731.60096159594,1983.45670640929,2355.08004802385,2382.58037169788,1503.24706844883,4648.31433985483,2819.59607037959,3028.95227922132,3986.52821643093,2069.6269559754,2060.14525466046,2723.2927051641,1512.11313978154,2179.57574548351,2251.90774189353,3166.43978019479,3305.47571765397,2232.35382742073,1e+09,1551.2845926844,1822.41519223804,2082.03417748124,4617.29369278152,4612.9701205514,2444.96459726925,2089.71943458925,2656.10576732178,2273.0546676444,1273.17535304451,1655.58431271258,1974.08589222962,3558.6265448906,1697.92119943771,3410.11192691677,1112.63824242204,1655.74726226559,2619.78743465954,4184.45108510065,1221.02201425691,1328.15711627051,3354.46175733157,1563.12185097644,3415.69868568643,5227.92387568909,5297.32329076676
2404.18171168487,5366.55960430889,4663.42931964236,7268.30267124313,10372.8879414125,5333.71860625399,8136.48215556945,3485.84754507423,2104.47580373356,1992.91878677983,1947.48365197246,1704.46389826831,2208.28726226911,1845.07868718383,4967.79966482144,2247.25723876907,2585.53623890674,5021.9351336213,1891.78521597987,2072.82684066952,3388.93995846784,1100.61201783371,983.532202319782,2112.28494803613,3192.29497116103,3446.16922885397,2699.40024699932,1551.2845926844,1e+09,2549.53449433421,1926.93454961501,5001.35449596407,5061.81334679579,2277.83796969846,2312.79113410615,2023.49509920336,2376.49484649136,1468.05227798604,1977.95808585521,1182.01855086966,4038.29178233817,2309.48770709004,4042.82137295231,1813.91758870132,1915.34279224373,2812.15780078217,4765.66325542416,1204.73451946892,1601.75606763327,3403.4084712388,1763.05804581131,3342.61300633202,5365.61169022694,5794.28512225624
3537.3300113221,6112.40745529943,5642.11439027073,7620.96862519457,11097.5620296036,4041.0427992908,6307.32162786234,2775.64179023519,1065.26655016479,1456.08610236483,2932.78277656222,2355.24329925806,1680.04427438684,2635.8574006763,2987.90755315488,4116.56928609249,3848.13766984759,2644.95298852361,1586.25488431084,1676.67190362337,1417.86228206409,2437.9422495211,2890.24542902502,1378.42107039177,2885.02143369854,3065.24544767625,2345.20902516172,1822.41519223804,2549.53449433421,1e+09,1288.5430619502,3229.13560410522,3202.22423068716,2562.41149049094,1221.09733248419,2491.7380062318,1485.82572356249,1362.48452934336,1285.65056131128,2388.91795920245,2156.81625979127,536.322453939792,1753.00456382749,1244.38963994402,1069.83416116705,1729.15239186718,2899.37236320208,1558.41911127912,1046.80206954324,2302.53649940669,1424.75198757538,1974.30643525771,3544.88918434695,3683.3855691741
2840.82041011043,5615.833569124,4983.22256494731,7358.07987490622,10874.7653936533,4566.98297686777,6745.67903258078,2948.88260532697,1230.13286786428,1444.49422324909,2652.56813367725,1562.01500978704,892.871454017878,2503.00761872592,3282.91607594529,3692.38661915298,3307.72171241778,3692.08555209654,1010.96377338656,1530.65950299209,2187.30328500645,1993.82452951608,2059.06332741371,507.682802742027,2620.42467512424,2864.97980554837,2442.68042473837,2082.03417748124,1926.93454961501,1288.5430619502,1e+09,3623.91208670961,3688.11734855332,2314.55924048187,1191.17464920137,1700.31540027137,1235.88732848104,1115.98676622978,1327.88876909928,1584.63572416502,2636.74048036586,1140.22717425082,2501.61756263822,1517.66191541463,1064.71206469167,1816.81060686027,3498.21672796298,1169.02112175101,872.096847087524,2229.34703763232,1140.80285623766,1571.81915168381,3594.15038277477,4196.95038723357
6361.44531641199,8956.60869428268,8267.42900355364,10424.7569171804,14043.0419814227,6542.83779450477,3571.31781778099,2721.04632367771,3053.70889031682,4162.6395131695,5939.14649719975,4611.27658329014,3579.65047187571,5642.89361551323,2080.6976912805,6728.63354070498,6713.27975858298,3584.69198950203,3627.81185307342,3311.89485873269,2270.21600060435,5107.75614739976,5192.00584933222,3586.18715214362,5616.99389914214,5834.5648356497,5405.14087263228,4617.29369278152,5001.35449596407,3229.13560410522,3623.91208670961,1e+09,1215.07569513179,3602.50909746249,2933.86225274807,3930.85491495171,3132.69239302233,3835.68495246938,3623.81195700053,4502.49845855609,1492.61576991535,3179.11385818438,1897.57960952894,4216.54514567317,3546.91575999487,2395.94217188145,1002.42327636583,4260.88730478758,3758.41930860568,1870.09016098155,4127.37422558217,2979.05896974196,2567.98923825627,1410.24182057546
6459.1805016426,8935.85467925705,8336.9086379125,10361.6325300698,14020.2212541208,6374.86862538359,3414.87844499625,2578.70930771578,3127.66585307638,4120.50478416177,5868.31550730702,4683.80365170232,3849.23442321977,5700.28097803082,1987.68072406008,6912.6970238974,6824.35946297526,3204.35053059118,3845.80067424197,3231.98839539996,2106.59883278711,5156.38954401236,5250.41509557102,3597.53495909352,5556.79587318987,5897.53496945122,5349.23099152579,4612.9701205514,5061.81334679579,3202.22423068716,3688.11734855332,1215.07569513179,1e+09,3831.3110138959,2958.36261320346,4277.92899180199,3190.88954004992,3854.61195316727,3736.29640515846,4640.54275011016,1352.99156017323,3211.01191495765,1819.46862033947,4254.73987921706,3735.07230366428,2660.79643751641,1145.6907416489,4347.03871908222,3814.69059547429,2056.45533389374,4263.53964481392,3083.03508200929,2301.24890794108,1156.12049199035
4181.08209716097,6934.86606254223,6039.18899923657,8803.15678906153,11969.3823546455,6336.77178018114,6852.37624297586,2094.33258397514,1600.72200750161,2278.26597185228,3513.88240191672,2383.41539025408,2303.39475294618,3454.07931053993,3934.43014115132,3703.061976581,4275.12987364127,4856.40259456524,1824.50073137831,1662.59148722709,2511.14662907207,2288.11828439878,2272.21037278682,2205.62438848957,4222.65757310488,4561.84374794885,4123.51829833457,2444.96459726925,2277.83796969846,2562.41149049094,2314.55924048187,3602.50909746249,3831.3110138959,1e+09,1781.30581832542,1628.13736125058,1821.32032218388,1746.64437499452,1701.38934115622,1720.26099316354,3085.20848256645,2251.70431131621,3431.06311486688,2369.70453917783,2146.54598487896,1452.50897136644,3527.50317923315,2172.65550053385,2053.42801081509,2300.1999189853,2179.95635137495,3009.41535938461,4713.28286718504,4646.44557710515
3841.7367238529,6616.80430235019,5972.1424865872,8349.28443018921,11784.161332352,5187.80563623002,6009.57414941358,2001.79993308522,527.336229079702,1788.60417887804,3176.39540276396,2348.84219829686,1660.61823111153,3063.57548833059,2986.69465342542,4175.90850998917,4199.97589037128,3384.11933898614,1485.42926886473,1373.34864014933,1303.57522287745,2435.28787986143,2587.0888544849,1193.15064979239,3560.58584327074,3838.55846420241,3225.29230841175,2089.71943458925,2312.79113410615,1221.09733248419,1191.17464920137,2933.86225274807,2958.36261320346,1781.30581832542,1e+09,2016.09564721022,1082.94337672844,1222.40834433507,1322.14562669927,1943.78651137413,1859.71215759321,985.371757257128,2095.93542615225,1740.50413777158,1434.97189247734,985.415119886031,2642.00726401348,1671.91303619536,1238.2677248479,1553.93920058025,1676.83892574689,2005.39499797421,3524.45576988845,3633.6924315082
3164.5841816106,5912.69764714043,4945.94561567351,7798.1747747598,11098.7502370402,5759.19906247388,7303.80771786881,2968.87556997595,1887.75169325841,1985.744105921,3139.2832455833,1403.39513309688,1460.14563985926,3015.37908203927,3804.10132206018,3251.22833770561,3415.8601360126,4993.66961249941,1235.64417187959,1808.19503165449,2960.22170798067,1989.17063699925,1781.9010906052,1647.00279252951,3271.41647550415,3618.37707786239,3529.59593052803,2656.10576732178,2023.49509920336,2491.7380062318,1700.31540027137,3930.85491495171,4277.92899180199,1628.13736125058,2016.09564721022,1e+09,1973.58955254126,1799.32508191266,1732.76327710972,1128.84523549511,3395.72544384849,2183.30024465258,3481.65420467053,2179.45920808351,1685.45668716227,1962.75261981738,4054.23974138185,1682.51532423928,1748.57667847309,2550.27314286137,1735.19853544198,2259.55170863603,4411.693610803,4851.75144881722
3659.1269207285,6379.2140134816,5710.08631298162,8107.86264614787,11558.4981442357,5106.2732915601,6279.15132595958,2615.20557545674,1103.56288787726,1810.44499284016,3323.44534624838,2109.48581547732,1290.42517276284,3113.81001294234,3161.81734004354,4195.06433562109,3967.3503288593,3723.28579667207,1107.44265666444,1438.01993553636,1920.03179023161,2325.00044799996,2395.64221669264,1177.31729168479,3352.63512996866,3568.58394648354,3143.55987579368,2273.0546676444,2376.49484649136,1485.82572356249,1235.88732848104,3132.69239302233,3190.88954004992,1821.32032218388,1082.94337672844,1973.58955254126,1e+09,1109.83839620911,1312.57796271307,1972.07078914526,2353.55770825786,1414.95705072628,2360.38385395257,1962.85503840707,1523.21414561446,1284.72560895313,3000.04684231763,1833.38228354045,1366.09584422177,1823.53614466508,1549.34589117472,1843.39197776816,3492.32143960146,3830.92302807039
3004.63403906366,5831.5536091594,5203.60421857774,7603.59485908475,10911.0345078366,4811.38857551539,7022.92320390876,2786.41608120539,998.408796034971,1311.34704148063,2427.59156086851,1653.72603535168,1376.4996366872,2138.38137033598,3810.35170068329,3290.12256405442,3211.07953657333,3892.5199052028,1057.09064932956,1199.06381485724,2192.56771174803,1447.24351803696,1716.75268355695,1217.70961119636,2946.56602759891,3207.77962157627,2507.7705927377,1273.17535304451,1468.05227798604,1362.48452934336,1115.98676622978,3835.68495246938,3854.61195316727,1746.64437499452,1222.40834433507,1799.32508191266,1109.83839620911,1e+09,1017.18909249952,1317.40657008381,2858.14252219864,1153.71498217714,2811.17746193655,1197.67543136695,1090.48754926409,1752.70102761424,3569.51266298356,897.1842143618,615.127880932087,2392.65855253105,1023.68583149324,2375.82106072827,4255.44903362736,4547.99047284622
3241.31209293397,5821.52280830368,5118.42408074009,7496.93061537854,10839.1245960686,4731.87960156427,6951.47061220142,2589.82976206931,950.796816517599,946.845808408106,2524.16266264676,1674.03225503573,1501.44733577305,2514.6262936866,3368.13307830911,3339.52761003708,3384.87031451723,3701.40561366895,1123.0159401362,1356.74579535004,1953.6180220043,1706.29382182554,2136.50205382536,1239.07897476311,2908.79340106856,3104.19495868091,2684.38698855065,1655.58431271258,1977.95808585521,1285.65056131128,1327.88876909928,3623.81195700053,3736.29640515846,1701.38934115622,1322.14562669927,1732.76327710972,1312.57796271307,1017.18909249952,1e+09,1658.01622953456,2805.25379092516,1110.38252615934,2649.17990570667,1057.48463969932,1030.12580493841,1488.44549718826,3478.2411710087,1279.27496348518,1010.5875277283,2538.45781369319,804.279992850749,2242.39555874962,4221.57154160628,4330.01152240961
2633.25161175304,5466.70694339838,4624.27508594591,7446.97521720061,10635.3197067272,5512.2964742383,7757.45043309334,3150.55860664423,1832.14507676112,1705.66288184389,2283.66241596695,1241.27597813701,1687.92819506637,2247.17884969132,4335.08139176187,2653.63227720044,2831.96160240565,4957.62630811359,1409.38807835174,1766.85443118555,3055.66916607476,1150.82950874576,953.968801376649,1577.36338555832,3008.28262217831,3393.42820461845,3068.69543446397,1974.08589222962,1182.01855086966,2388.91795920245,1584.63572416502,4502.49845855609,4640.54275011016,1720.26099316354,1943.78651137413,1128.84523549511,1972.07078914526,1317.40657008381,1658.01622953456,1e+09,3644.65337505503,2079.87664465949,3752.14381534077,1777.54124824151,1734.25336707184,2310.77141009231,4394.96430100405,1144.58857568997,1428.41435347031,2915.98297338993,1456.48124996513,2725.50643787535,4854.62087064479,5319.3079393094
5419.78022557188,8025.90505055349,7453.18681410845,9549.89657833529,13135.8764067952,5649.49627720915,4306.77479471588,2168.69420804317,2088.27870046122,3237.29012057925,4797.27335704356,3844.08533724214,2875.27310306343,4568.84143600979,2056.85083749406,5886.45102793695,5800.92746538,2690.75210121631,2942.69523972497,2473.82722410034,1168.78621946017,4183.65529931662,4332.43151282279,2632.22313959132,4718.43633355373,4978.41857983035,4355.23068091691,3558.6265448906,4038.29178233817,2156.81625979127,2636.74048036586,1492.61576991535,1352.99156017323,3085.20848256645,1859.71215759321,3395.72544384849,2353.55770825786,2858.14252219864,2805.25379092516,3644.65337505503,1e+09,2094.32474867199,1107.23825940942,3211.42227617297,2719.64922916541,1819.96761174478,1033.52297187823,3265.90772339024,2756.22056503104,1331.00848006314,3237.53913913021,2420.82849392517,2510.64854649152,1927.53760930883
3511.58647038628,6161.87898900977,5614.50677836442,7757.14576525413,11191.0453780377,4380.50265559787,6356.24949539428,2554.68956824503,804.430021381599,1450.22910262482,2829.85122328012,2190.74410260532,1507.58561584409,2551.44245706228,3027.67995640226,3936.35548953597,3780.32621442912,2928.53906081172,1481.44426678833,1381.1276109759,1407.77814484385,2294.05225720776,2680.56513392232,1264.14079140735,3017.96911009705,3210.69868497497,2492.50169711076,1697.92119943771,2309.48770709004,536.322453939792,1140.22717425082,3179.11385818438,3211.01191495765,2251.70431131621,985.371757257128,2183.30024465258,1414.95705072628,1153.71498217714,1110.38252615934,2079.87664465949,2094.32474867199,1e+09,1881.60662094924,1214.99065000518,928.585784297822,1535.03774438937,2873.00398379466,1332.70138335638,844.204360329891,2107.6550096019,1300.82358615609,2011.36177717983,3667.20046009214,3747.73620392364
5075.93047613933,7525.55497085763,7049.29758532721,8864.47786420611,12498.6288491618,4731.19809311553,4732.15666630977,2800.2381657102,2158.84639831091,2973.82374045605,4603.60418923043,3664.45103098677,2673.44163865606,4287.85280086665,1951.50660588172,5740.92777313911,5446.69273002434,2030.71408639917,2785.92908197607,2521.8636528171,1339.86840805357,4078.37794548274,4350.27879759447,2540.70209566175,4166.52023186016,4331.8868479105,3739.24232741073,3410.11192691677,4042.82137295231,1753.00456382749,2501.61756263822,1897.57960952894,1819.46862033947,3431.06311486688,2095.93542615225,3481.65420467053,2360.38385395257,2811.17746193655,2649.17990570667,3752.14381534077,1107.23825940942,1881.60662094924,1e+09,2935.95311304523,2412.7279870719,2112.51450373719,1630.06659946764,3119.83388657153,2581.161214105,1966.76997844181,2989.56840040498,2145.66541499368,2389.76513387822,2036.96972147354
2765.56715492501,5356.4945513834,4825.41982110365,6979.11044517853,10259.266628395,4134.89487441942,7419.13039683897,3133.04962110401,1415.09316834617,843.088288437219,1926.38451190306,1808.73793632466,1873.92350294776,1745.14861209583,3887.71328248368,2945.56335165279,2925.29961103132,3619.06313057675,1528.56165737598,1834.61019881609,2299.74034579993,1439.74471980279,2156.19735126449,1565.03433083751,2451.83229032901,2689.31544990542,2014.43445400936,1112.63824242204,1813.91758870132,1244.38963994402,1517.66191541463,4216.54514567317,4254.73987921706,2369.70453917783,1740.50413777158,2179.45920808351,1962.85503840707,1197.67543136695,1057.48463969932,1777.54124824151,3211.42227617297,1214.99065000518,2935.95311304523,1e+09,1056.02047754767,2217.69302201635,3930.46893661558,895.48124424803,889.532439993056,3084.70515425705,898.409590721292,2626.03166441306,4610.3643425981,4809.99407234562
