1e+09,4259.35684267003,4517.61728184228,5032.75650682606,5481.77276146139,2793.52884805223,776.368851191237,2555.97795264357,2597.22292119872,3619.32754740435,1934.01130653365,2102.64516894791,1786.19173354934,1729.01796699745,2763.35263527839,1308.51284154952,2043.13558669022,2427.00467727197,1541.41999493973,2009.65623017968,1918.2635724269,2177.98015491418,1936.06317118011,2738.05051100231,3373.61849738526,3147.69372947878,1932.08985937508,2284.10005947638,2506.13801006648,2642.8561394446,1460.42211223331,1412.33560154802,1795.9528828452,2450.10894951633,1508.13797707637,998.527580490394,3104.14344315787,2361.10706838974,1732.48285841448,1736.3853167428,1545.89122773887,1334.66148277382,1717.26147615906,1663.40489448601,1360.58944965041,1597.71467571654,1776.81054350204,1126.44740285554,1125.86808472396,2527.84692554751,1659.7460482857,1773.07089243493,1499.55338431148,1982.40661263021
4259.35684267003,1e+09,507.946918486568,1707.31040692664,1869.59409340637,2626.23033028331,4270.35955866716,3521.76659527573,2796.99246623941,2069.41836040951,3627.50456865322,3919.20446288529,3471.03646843418,4036.47297298025,2989.38049396526,3670.38121043305,2832.42532152218,2891.9837152204,3703.31703047417,3549.79619915003,3503.17850577158,4150.73464140988,3935.70722061487,2218.79237158415,1734.98609593852,1718.49879953406,3288.14380888367,4010.78753532271,3607.22030559543,2637.26219640748,3121.86450264902,3485.68600728752,4161.81528674688,3736.3321911602,3723.19750275217,3627.17619993846,4303.1808283292,4200.82342466331,3759.02546161901,4070.43591432171,3417.57145926753,3504.47608712058,3372.59057567028,3566.38527938303,3395.17355157288,3412.97954746289,3538.82449074548,3731.52039035029,3845.62454576627,3795.48263405328,3725.86214412181,3035.80135160389,3416.44162613676,2904.19551432062
4517.61728184228,507.946918486568,1e+09,1583.84346057305,1847.74846202074,2995.91875312065,4585.76166104389,3802.75219034846,3162.36117415453,2485.36461634908,3939.72981357859,4237.00694281942,3765.39636335937,4409.70436410424,3238.41117542229,3977.83562198088,3172.19935644026,3306.61058482852,4053.13829401366,3874.18645208255,3895.59881657493,4542.52061124658,4267.59575534047,2606.86118821083,2190.22143412487,2046.61208141651,3578.29021772969,4395.41486525447,3897.00160858319,3021.96881770809,3421.94928499825,3820.18243883718,4503.13817611674,4128.01144001564,4069.57773122716,3903.82995211113,4668.58991650584,4579.14214653793,4095.75457532553,4419.33039690404,3767.69545449204,3829.00344912354,3737.64040476074,3956.96626538564,3736.95079607693,3771.99577733062,3915.61992390733,4063.44636009878,4182.25553260439,4168.67772928059,4069.86955201269,3353.69822959669,3704.67121969008,3257.58870227658
5032.75650682606,1707.31040692664,1583.84346057305,1e+09,1238.43128897004,3092.128517203,5124.35105051362,4296.4262962141,3919.65143968185,3108.97973084419,4669.91660486566,4717.71128717093,4537.65323064687,5181.6278402255,3752.95025292103,4514.50869790944,3937.8719067283,3895.45074291795,4621.6023147389,4439.17313472903,4538.90588667578,5170.63599169387,4933.20444469921,3520.12815457051,2793.22368067794,2762.5018705514,4025.47848739749,5057.44950997042,4548.72069436012,3716.74793250766,4173.42121304572,4452.93031012164,5022.88423438168,4900.76684104641,4829.99493245076,4601.0278180424,5339.12537435674,5266.63964637795,4661.38249630944,5215.70424700251,4560.70388869964,4526.9460667651,4279.52299057967,4527.30629531513,4251.95163176864,4449.39577061875,4660.71898422336,4724.28444645324,4813.75823431132,4938.13388200442,4747.29524224058,3933.19402056395,4214.91339083023,3900.3663181809
5481.77276146139,1869.59409340637,1847.74846202074,1238.43128897004,1e+09,3376.04914274067,5513.82899611513,4652.18650912665,4220.49030813957,3285.27535167145,4859.84456569344,5157.55897660899,4876.20646028242,5386.15958212343,3834.65277340726,4905.12497802044,4295.92053377387,4021.98564492714,5004.62970163628,4881.85654295576,4712.41684957942,5448.17893003708,5360.38444666985,3806.23063564204,2942.69815478924,2960.73325324995,4498.67477708714,5326.73031650749,5071.30970621988,3955.19109817718,4565.80098571981,4750.63836170467,5332.51651235137,5125.43641049228,5091.73100935232,4911.26446043175,5645.59523341871,5578.6563796581,4944.81588282112,5474.01015741659,4786.8201887161,4773.78681483579,4634.68578259627,4754.84361804886,4684.56833514039,4731.42594847473,4871.27000105722,5050.44972950925,5133.98940303737,5312.07719333031,4981.17716218767,4303.67123994155,4639.41304032094,4125.78214661172
2793.52884805223,2626.23033028331,2995.91875312065,3092.128517203,3376.04914274067,1e+09,2619.53778258684,2897.45724815743,1936.8604811137,2115.04861558783,2859.38370130698,2920.56921691646,2298.97848060829,2619.84453189498,2840.49128190882,2358.89533086994,1767.00927527277,1631.96771616353,2134.25396827557,2458.59426526623,2362.73149316633,2888.52448542504,2801.75932897528,1983.63887860165,1845.45853201853,1429.69484691664,1620.05020885157,2542.8030795561,2614.67773329716,1597.77019589802,2059.01427746386,2067.09986969667,2857.92925071633,2727.71517563693,2553.69286277735,2598.30144088403,3186.43350653987,2908.46993584256,2456.8054844452,3083.44364908782,2336.00994015437,2216.2908902714,1898.20675596733,2156.54190543564,1774.64872507209,2104.99250879902,2109.33641461006,2373.82038631822,2364.42459158671,2842.18366765767,2456.27744660492,2106.68288351617,2329.9304785551,1906.60997450973
776.368851191237,4270.35955866716,4585.76166104389,5124.35105051362,5513.82899611513,2619.53778258684,1e+09,2319.72034355437,2192.06047783815,3277.83555080178,1835.40928430146,2075.34199567204,1738.78201379586,1269.29302357651,2998.35452306761,1096.47532876942,1847.14505291274,2179.49846799671,1094.56323805434,1703.99906467111,1560.95012886383,1681.08378182053,1477.94829270174,2489.08645938625,3179.31456310948,3083.82829941941,1708.26831651237,1640.44927778947,2118.26970369686,2258.23697040412,1330.53870007603,1338.97673396516,1574.19493662634,1948.72453666494,1108.56082124528,1242.93326349406,2696.10611178418,1883.88591408822,1538.14386043699,1522.86805288574,1336.57036122308,1154.22212641242,1555.1736784681,1233.22127394073,1087.59067134653,1178.20414967017,1318.44337345219,767.11520405999,633.104569956654,2199.92534548334,1499.89438431511,1836.41734741861,1623.72662720669,1949.6981185045
2555.97795264357,3521.76659527573,3802.75219034846,4296.4262962141,4652.18650912665,2897.45724815743,2319.72034355437,1e+09,1930.88426452753,2301.60494403362,1618.32310395669,2787.93907069362,3096.94964957456,2556.3863711106,3074.45792017064,1444.33712113897,2517.56550381514,2356.91893562337,2446.88888104875,1854.1913316322,1806.41470756302,2398.85425338848,2020.70821119725,2276.06518417202,2751.00055854229,3224.95908581799,2274.26991104838,2147.70746907022,1996.88288136786,2119.34734232027,2042.93971768626,2742.28823105814,2441.88911431293,2394.81823658916,1923.65094622179,2431.89901702353,3547.129169131,2825.21730739425,2360.36908484669,2545.76317496345,2159.76595213463,2056.79487358365,2600.22683616257,1797.53830607306,2187.05358436871,1968.41739349153,2381.25490544377,1898.07682394575,2007.70284648899,3049.29837946371,2662.72075407843,2648.01595999722,2665.09014984484,2629.16616367243
2597.22292119872,2796.99246623941,3162.36117415453,3919.65143968185,4220.49030813957,1936.8604811137,2192.06047783815,1930.88426452753,1e+09,1416.71884267839,2084.08815216631,2745.25920843552,2035.71580452675,1836.8179958831,3197.37698911154,1715.20027638174,1216.0440446793,1535.20898261442,1728.1811100692,1659.38765293104,1754.84715935605,2149.57509480362,1725.10466436098,987.184778853483,1930.03267311722,1919.93955342349,1341.7808896761,1346.50605891693,1162.44595095858,467.852625086148,1301.13001260443,2035.99734906507,2520.22843603511,1689.85291291875,1615.29143720259,2323.71312157934,2584.2052107176,2107.45256667855,2155.28313682913,2350.17572491931,1646.35034187745,1676.85675953553,1881.23755977282,1662.58363248289,1515.78217178459,1382.89599486006,1381.0133836064,1674.67161389927,1722.37166529179,2079.43555331729,2167.30281077656,2211.49654098757,2415.89469042009,2008.72560231606
3619.32754740435,2069.41836040951,2485.36461634908,3108.97973084419,3285.27535167145,2115.04861558783,3277.83555080178,2301.60494403362,1416.71884267839,1e+09,2831.12830949076,3248.19661958755,3030.08452406859,2987.25693555141,3258.11381859198,2672.31562426671,2163.02648055913,2104.89476789221,2667.26127782788,2446.82681534677,2411.38751363193,2869.35461300969,2670.37502699527,1322.01647364925,1223.45552975987,1991.44726568393,2431.52729211498,2511.2444561014,2289.01978254885,1357.03546526979,2397.30513950561,2912.00416960553,3232.79685315981,2438.48732805811,2676.87581211755,3160.83891645873,3244.08908652337,2999.03783987465,2941.52569019888,3192.59138290512,2623.00739686338,2728.14940848187,2659.74616956205,2420.40081544359,2487.20223140379,2356.10521539256,2503.55741334206,2752.8334437085,2820.09432250058,2812.6156811054,3027.62678783234,2670.54279639926,2981.12431431499,2523.61103282578
1934.01130653365,3627.50456865322,3939.72981357859,4669.91660486566,4859.84456569344,2859.38370130698,1835.40928430146,1618.32310395669,2084.08815216631,2831.12830949076,1e+09,2203.30185637375,2237.0694954337,1691.13945054806,2258.15435927219,1338.92205116653,2009.62709914054,1660.6515490915,2035.10299822884,1655.669927099,1027.69885944278,1869.47487541288,1829.55322081649,2148.4068920947,2885.43936725415,2967.46483268126,2222.19229102704,1919.38853140785,2385.10544100256,2218.57060257275,1514.67626623645,1850.24334961648,1659.71009926433,1879.08125420377,1072.61527133451,1558.13787316784,2996.21651358843,2209.57039856168,1456.48961599457,1522.60673399273,1117.61612380996,1098.66587623353,1891.62236218015,1278.56020280627,1869.57957292542,1383.26113955392,1660.71954769612,1302.12591380404,1361.4743380615,2541.21064424026,1558.61513447034,2078.18947350813,2109.1075389842,1772.93541918481
2102.64516894791,3919.20446288529,4237.00694281942,4717.71128717093,5157.55897660899,2920.56921691646,2075.34199567204,2787.93907069362,2745.25920843552,3248.19661958755,2203.30185637375,1e+09,2034.22329297941,2373.81385995195,2289.47468821999,2285.97860576166,2051.15007025327,2206.45154340629,1619.64096641818,1471.52947432255,1734.55862466508,1410.01501357255,1646.00281308994,2368.94465712055,2884.43329290174,3166.31989503588,2630.03275496713,2510.04497521459,2813.32258310347,2885.7191898208,2005.69774233308,1631.53191642088,1092.9452726921,1811.67310163837,1918.42627713446,1963.35822093168,2039.18282412343,1661.53305814239,1356.51349657864,1479.68358404762,1909.1614651726,2134.41125308597,1343.37679881707,1841.8222407985,1822.41653668968,1768.9114181609,2212.17117913601,2054.32950820943,1937.6370251159,1712.97233033695,1489.41263184519,1380.91369958445,1223.34354655591,1560.24643716946
1786.19173354934,3471.03646843418,3765.39636335937,4537.65323064687,4876.20646028242,2298.97848060829,1738.78201379586,3096.94964957456,2035.71580452675,3030.08452406859,2237.0694954337,2034.22329297941,1e+09,1570.06740212005,2642.26482860822,2107.82292280448,923.425900546438,1760.02974494751,1227.06810014767,1832.80301786635,1930.83889314981,2030.80251762696,1853.65711343819,1858.08682595836,2734.39009823032,2087.1802288734,1705.92874889311,2044.30401474438,2336.38760330986,2050.83255030731,1123.04241678576,772.829369007157,1928.08701235188,1814.22186589733,1534.75305065669,1533.5603645765,2056.1265529388,1730.23824174592,1514.39457615907,1715.30436972568,1299.67585643498,1375.00570166091,1132.93957010072,1880.00545196018,1355.01803999061,1324.25827956634,1222.51028695058,1613.32308066301,1486.52035115568,1719.75427663373,1115.12956009605,1466.48102019767,1500.16632244561,1239.47372937066
1729.01796699745,4036.47297298025,4409.70436410424,5181.6278402255,5386.15958212343,2619.84453189498,1269.29302357651,2556.3863711106,1836.8179958831,2987.25693555141,1691.13945054806,2373.81385995195,1570.06740212005,1e+09,3049.68384667985,1486.25426865661,1562.57985184758,1684.81539976936,1394.31999878077,1911.83128301113,1324.58351911082,1596.42455944526,1666.56624500798,2091.8716842101,2939.16347172116,2819.33143695451,1888.25069932464,1233.72641841698,2091.98112398272,1895.62019128305,1320.82648447856,1345.27698463922,1899.47865463132,1564.33225949604,869.099155965532,1547.57232619351,2443.6327048679,1622.73929847034,1691.29647681889,1281.74913419124,864.339547284515,1033.86042829775,1486.99286605552,1161.05953973084,1331.28527029334,1136.85350401888,683.301534829244,909.14540520205,933.11250950783,1784.44909868564,1383.76538582232,2021.91860543396,2099.21366206492,1823.56675243875
2763.35263527839,2989.38049396526,3238.41117542229,3752.95025292103,3834.65277340726,2840.49128190882,2998.35452306761,3074.45792017064,3197.37698911154,3258.11381859198,2258.15435927219,2289.47468821999,2642.26482860822,3049.68384667985,1e+09,2782.95979647569,2597.25448947538,2306.65093423344,2782.2811818542,2771.7360513945,2210.72277877621,2905.80872992357,3127.94598931951,2624.24566420524,2533.64631943766,2680.29889256777,3208.9277185066,3536.01074619408,3833.29471410691,3110.10063121758,2511.61627479199,2188.23956190816,2416.4352390867,2949.20725022844,2616.07036461178,2033.64171655186,3613.56485850192,3252.52745069123,2252.99404144796,2482.50787005802,2280.70819779734,2389.17491785344,2300.20371967354,2401.242691587,2664.31166450173,2479.21357690297,2786.50507044218,2670.38088082955,2706.2976955058,3185.22047467675,2191.80513853308,1704.81795676254,1874.10561017783,1587.33479723088
1308.51284154952,3670.38121043305,3977.83562198088,4514.50869790944,4905.12497802044,2358.89533086994,1096.47532876942,1444.33712113897,1715.20027638174,2672.31562426671,1338.92205116653,2285.97860576166,2107.82292280448,1486.25426865661,2782.95979647569,1e+09,1777.48492919068,1859.02978529124,1574.92224408064,1603.29929445503,1344.85072123266,1949.47966357692,1615.30691743086,2086.60975179836,2724.97736974089,2797.85699897261,1485.11285954974,1618.66656405821,1719.36358720313,1803.46392675318,1141.00368614654,1708.50639018413,1920.74327344911,2074.43423819604,1115.05139182013,1382.61619197086,3099.28782429125,2256.54156870641,1768.90808964174,1789.01115052422,1247.73815895003,1057.57355569246,1699.89878463396,1044.27224979887,1095.15470706197,1241.41747220667,1453.99702317439,671.126913556594,916.541142175298,2382.61423673661,1848.75371937422,1905.13954725107,1885.44067965555,1959.08826077336
2043.13558669022,2832.42532152218,3172.19935644026,3937.8719067283,4295.92053377387,1767.00927527277,1847.14505291274,2517.56550381514,1216.0440446793,2163.02648055913,2009.62709914054,2051.15007025327,923.425900546438,1562.57985184758,2597.25448947538,1777.48492919068,1e+09,1240.70710488012,1175.00126246741,1453.36835127919,1624.85240058905,1898.42607441006,1603.83026683,1038.86503435239,2035.37098861608,1576.34036134332,1239.88770156817,1655.56667093174,1715.76950296361,1250.19503454461,770.103422340143,1083.06069672941,2007.15743109503,1542.20561835963,1394.19934374536,1715.34382734191,2067.59461764148,1689.79212449342,1559.10947360986,1832.81169872958,1174.74494014658,1291.58447667971,1009.91721992448,1566.37808692538,1034.85128221402,1058.57586057873,1037.87882158757,1461.23784292633,1426.94866873339,1539.29813135728,1374.64693568931,1410.11403297748,1613.54434732982,1148.64307824494
2427.00467727197,2891.9837152204,3306.61058482852,3895.45074291795,4021.98564492714,1631.96771616353,2179.49846799671,2356.91893562337,1535.20898261442,2104.89476789221,1660.6515490915,2206.45154340629,1760.02974494751,1684.81539976936,2306.65093423344,1859.02978529124,1240.70710488012,1e+09,1731.56023080342,1669.98787109368,1242.51701485332,1914.05058802008,2029.14798876277,1456.34555799783,2037.04204492691,1874.12622202988,1684.79301363699,1723.97723459447,2255.65821036787,1453.55010147569,1453.40621761433,1468.38537009193,1945.13840759469,1683.82940121617,1531.74795250394,2034.73497706704,2407.811548066,1934.64215091577,1485.74976816421,1985.49003716967,1263.01851233464,1342.66498170616,1210.02653822137,1344.65212895381,1497.36283512047,1301.84175102045,1281.1642035274,1679.32122564446,1649.74040694286,2064.33079846715,1440.17767164333,1791.46396533673,2047.58869031356,1170.54361469362
1541.41999493973,3703.31703047417,4053.13829401366,4621.6023147389,5004.62970163628,2134.25396827557,1094.56323805434,2446.88888104875,1728.1811100692,2667.26127782788,2035.10299822884,1619.64096641818,1227.06810014767,1394.31999878077,2782.2811818542,1574.92224408064,1175.00126246741,1731.56023080342,1e+09,1206.33723680404,1391.7599569969,1224.01864454754,1059.87509669772,1807.24525933809,2532.81816889804,2467.01582301371,1509.74254603227,1414.63552991575,1894.49814908857,1797.13492287029,1117.84649907758,941.547627260565,1336.55471941855,1263.80512291255,1141.45875987703,1531.84566468036,1810.7401560964,1227.42566430721,1181.30525060206,1453.10169251846,1270.90040105431,1303.39348502285,973.663748683292,1191.6076156185,827.610400188398,745.599255498556,1018.6037618721,1165.76365906645,922.479207570555,1507.82608247768,1132.24127305093,1362.9468828975,1250.31792101049,1393.96323251368
2009.65623017968,3549.79619915003,3874.18645208255,4439.17313472903,4881.85654295576,2458.59426526623,1703.99906467111,1854.1913316322,1659.38765293104,2446.82681534677,1655.669927099,1471.52947432255,1832.80301786635,1911.83128301113,2771.7360513945,1603.29929445503,1453.36835127919,1669.98787109368,1206.33723680404,1e+09,1341.20477250866,1221.56190137872,717.660609550225,1722.57305937949,2632.41050613311,2720.42441095135,1655.22721461436,1441.01341104099,1606.06164682431,1922.14482401821,1305.09999839093,1632.51477068356,1211.86089733929,1189.41647457903,1262.99904813899,1998.48668529465,1846.95790986151,1265.90495223773,1059.60069431838,1654.58949697501,1508.82639422168,1534.15078388664,1342.70691314225,1425.24542977692,1366.83464925352,1046.78282413307,1578.14264013111,1513.09315916106,1331.63871530532,1742.26285465196,1426.04847634995,1796.7530586867,1709.01841765968,1648.00743526842
1918.2635724269,3503.17850577158,3895.59881657493,4538.90588667578,4712.41684957942,2362.73149316633,1560.95012886383,1806.41470756302,1754.84715935605,2411.38751363193,1027.69885944278,1734.55862466508,1930.83889314981,1324.58351911082,2210.72277877621,1344.85072123266,1624.85240058905,1242.51701485332,1391.7599569969,1341.20477250866,1e+09,1122.47234919173,1424.65680312839,1744.80133129821,2338.69345426031,2656.95500795554,2036.24182006951,1479.98868826758,2229.81285192278,1828.10867693909,1380.8358837313,1395.84675014845,1234.78176529296,1215.20685531312,824.59515121058,1500.21596855253,2370.15564223112,1602.91691802788,1118.50451514511,1144.45446239682,876.78772487986,1077.61646029559,1307.64998864375,507.178437337393,1387.15379745723,845.552256398148,1162.71818958852,1091.78589929528,1059.43831509909,1902.48012060573,1168.51824619901,1577.31134469388,1671.83310916491,1312.7156143278
2177.98015491418,4150.73464140988,4542.52061124658,5170.63599169387,5448.17893003708,2888.52448542504,1681.08378182053,2398.85425338848,2149.57509480362,2869.35461300969,1869.47487541288,1410.01501357255,2030.80251762696,1596.42455944526,2905.80872992357,1949.47966357692,1898.42607441006,1914.05058802008,1224.01864454754,1221.56190137872,1122.47234919173,1e+09,971.763533582116,2130.31741118548,2857.49547647936,3214.37185770408,2384.24006729608,1446.49395183665,2282.2180459588,2336.98573174934,1820.29274093482,1653.7454085197,991.99578154345,786.42581334796,1238.790572494,2040.67070993828,1597.23584717474,812.294671040011,1227.46343802983,1090.88189974901,1511.0668318774,1759.79686378855,1448.62692398699,1236.34483183293,1656.15270186659,1194.53172942371,1510.92785132183,1586.23606313814,1391.04388967423,1426.05254664756,1330.66761259151,1883.55024716624,1827.38810634194,1791.6441540105
1936.06317118011,3935.70722061487,4267.59575534047,4933.20444469921,5360.38444666985,2801.75932897528,1477.94829270174,2020.70821119725,1725.10466436098,2670.37502699527,1829.55322081649,1646.00281308994,1853.65711343819,1666.56624500798,3127.94598931951,1615.30691743086,1603.83026683,2029.14798876277,1059.87509669772,717.660609550225,1424.65680312839,971.763533582116,1e+09,1889.48051908454,2859.60229582717,3020.51479658683,1860.72192068025,1215.8812372514,1525.14204607309,2026.91330278332,1380.71275495666,1703.05165611616,1322.46504626776,991.222185334852,1113.71642732789,1971.08220564237,1758.88736509761,1028.13907405565,1336.31735845195,1425.26706886815,1506.88193910472,1607.50054556756,1540.47652267083,1423.02859486379,1406.20850577004,1041.90233764974,1467.86133408439,1382.9270071844,1197.98877382052,1526.06856405602,1530.2551397071,1941.84342520194,1824.43862335788,1932.84691747691
2738.05051100231,2218.79237158415,2606.86118821083,3520.12815457051,3806.23063564204,1983.63887860165,2489.08645938625,2276.06518417202,987.184778853483,1322.01647364925,2148.4068920947,2368.94465712055,1858.08682595836,2091.8716842101,2624.24566420524,2086.60975179836,1038.86503435239,1456.34555799783,1807.24525933809,1722.57305937949,1744.80133129821,2130.31741118548,1889.48051908454,1e+09,1342.68779487266,1543.29148504098,1855.41489271268,1956.23176395334,1819.34350316261,1072.18326166752,1381.28361841441,1871.37249888952,2440.91627885923,1649.40809313523,1794.73085918196,2206.4130021825,2417.39512163403,2116.08099121938,2093.1247037623,2174.66972002647,1624.1580519149,1861.07399643324,1679.60950053874,1794.08032445596,1658.71291352663,1508.38945879372,1612.17946088517,1934.74577580622,1999.02228291733,1777.61150120042,2019.34606172394,1729.39483299795,2066.47882234491,1557.72596023819
3373.61849738526,1734.98609593852,2190.22143412487,2793.22368067794,2942.69815478924,1845.45853201853,3179.31456310948,2751.00055854229,1930.03267311722,1223.45552975987,2885.43936725415,2884.43329290174,2734.39009823032,2939.16347172116,2533.64631943766,2724.97736974089,2035.37098861608,2037.04204492691,2532.81816889804,2632.41050613311,2338.69345426031,2857.49547647936,2859.60229582717,1342.68779487266,1e+09,1584.78684077702,2616.13544657,2905.60159230408,2837.35298043793,1736.50034825796,2338.90401188249,2521.66846534195,3095.57639186953,2568.10404941077,2704.88398985982,2752.58230163968,3273.56785159556,3061.03140815314,2838.80816202857,2954.95276322651,2467.11516855213,2662.16218166738,2330.62299636814,2318.03367911254,2317.87475986085,2342.11025434329,2474.34365446678,2693.28976901855,2795.14939169627,2627.08789215359,2787.27099961593,2007.09015310723,2428.05806831303,2021.86537125992
3147.69372947878,1718.49879953406,2046.61208141651,2762.5018705514,2960.73325324995,1429.69484691664,3083.82829941941,3224.95908581799,1919.93955342349,1991.44726568393,2967.46483268126,3166.31989503588,2087.1802288734,2819.33143695451,2680.29889256777,2797.85699897261,1576.34036134332,1874.12622202988,2467.01582301371,2720.42441095135,2656.95500795554,3214.37185770408,3020.51479658683,1543.29148504098,1584.78684077702,1e+09,2056.80659851625,2911.34206339619,2790.91224045114,1634.87159410151,2031.02544614783,2194.49005078629,3216.01543214581,2794.0111450923,2699.63337571975,2638.00673657214,3235.09708211361,3110.74308669167,2720.1885508729,3147.20553040312,2367.96687932919,2377.36083197314,2208.21848092529,2608.47508598415,2223.20722176319,2305.37437306829,2256.78982727679,2671.51890010159,2702.687571992,2841.6878995414,2563.81157162534,2130.4311105971,2468.88387920534,1859.47473115394
1932.08985937508,3288.14380888367,3578.29021772969,4025.47848739749,4498.67477708714,1620.05020885157,1708.26831651237,2274.26991104838,1341.7808896761,2431.52729211498,2222.19229102704,2630.03275496713,1705.92874889311,1888.25069932464,3208.9277185066,1485.11285954974,1239.88770156817,1684.79301363699,1509.74254603227,1655.22721461436,2036.24182006951,2384.24006729608,1860.72192068025,1855.41489271268,2616.13544657,2056.80659851625,1e+09,1622.50961155859,1391.86100505762,1331.6960284164,1135.35322741427,1704.41289179001,2358.47313737087,2201.32446150039,1725.39290192118,2088.69411118526,2750.47808986002,2242.48455907727,1932.31494994993,2501.60295096964,1732.71543661964,1453.83749274119,1624.69518279584,1796.17904750612,1109.59295257315,1446.24561928464,1470.70276310341,1524.99400048,1478.17748477644,2397.18382839114,1992.7211673739,2129.65473481032,2149.40255966629,1966.42128047374
2284.10005947638,4010.78753532271,4395.41486525447,5057.44950997042,5326.73031650749,2542.8030795561,1640.44927778947,2147.70746907022,1346.50605891693,2511.2444561014,1919.38853140785,2510.04497521459,2044.30401474438,1233.72641841698,3536.01074619408,1618.66656405821,1655.56667093174,1723.97723459447,1414.63552991575,1441.01341104099,1479.98868826758,1446.49395183665,1215.8812372514,1956.23176395334,2905.60159230408,2911.34206339619,1622.50961155859,1e+09,1396.33041297538,1562.73470317261,1543.78917977812,1918.35728515311,1952.46031004474,1231.09162973355,1172.5685856273,2305.74745089309,2110.11063397159,1358.40697322268,1748.32308827631,1879.66892805622,1508.48716815888,1508.66429894129,1774.4438811639,1373.88741587511,1509.87176091216,1170.47774464105,1085.54642019584,1381.07735275762,1241.39509290959,1887.42601553015,1803.71421502964,2460.58055493008,2488.10297409492,2206.19029761714
2506.13801006648,3607.22030559543,3897.00160858319,4548.72069436012,5071.30970621988,2614.67773329716,2118.26970369686,1996.88288136786,1162.44595095858,2289.01978254885,2385.10544100256,2813.32258310347,2336.38760330986,2091.98112398272,3833.29471410691,1719.36358720313,1715.76950296361,2255.65821036787,1894.49814908857,1606.06164682431,2229.81285192278,2282.2180459588,1525.14204607309,1819.34350316261,2837.35298043793,2790.91224045114,1391.86100505762,1396.33041297538,1e+09,1529.43317673575,1559.08284218639,2411.13111242421,2645.07236583425,2025.5892937612,1850.14844312558,2609.6818698646,2695.5316608417,2142.1705008939,2406.29191753619,2532.46723435862,2064.74742535255,2033.604379298,2182.3355277317,2072.28775774505,1663.61587176848,1778.31205284674,1863.77523966813,1811.69631337595,1848.7927775984,2167.35131183203,2517.74326524767,2643.71962414701,2691.30072409235,2613.86933145098
2642.8561394446,2637.26219640748,3021.96881770809,3716.74793250766,3955.19109817718,1597.77019589802,2258.23697040412,2119.34734232027,467.852625086148,1357.03546526979,2218.57060257275,2885.7191898208,2050.83255030731,1895.62019128305,3110.10063121758,1803.46392675318,1250.19503454461,1453.55010147569,1797.13492287029,1922.14482401821,1828.10867693909,2336.98573174934,2026.91330278332,1072.18326166752,1736.50034825796,1634.87159410151,1331.6960284164,1562.73470317261,1529.43317673575,1e+09,1406.92057903067,2006.13478679774,2652.00945126521,1907.92451881619,1771.16913655924,2323.94546923976,2768.87464232312,2324.89278299022,2253.61601620596,2504.74935245026,1712.29493026172,1702.44555642758,1899.42729476545,1687.3018267044,1532.78231751935,1476.16740954405,1393.68040342828,1756.40785132611,1811.82003775209,2268.6036316642,2220.9078151963,2178.09209506853,2420.51864859579,1951.80177933109
1460.42211223331,3121.86450264902,3421.94928499825,4173.42121304572,4565.80098571981,2059.01427746386,1330.53870007603,2042.93971768626,1301.13001260443,2397.30513950561,1514.67626623645,2005.69774233308,1123.04241678576,1320.82648447856,2511.61627479199,1141.00368614654,770.103422340143,1453.40621761433,1117.84649907758,1305.09999839093,1380.8358837313,1820.29274093482,1380.71275495666,1381.28361841441,2338.90401188249,2031.02544614783,1135.35322741427,1543.78917977812,1559.08284218639,1406.92057903067,1e+09,1056.05189602595,1798.6753226472,1627.97928242346,939.903357585236,1203.34294101889,2437.10445016212,1805.30205696997,1410.45075100125,1566.79221376033,826.320030920224,788.955729493107,1158.74826627702,1262.28663539626,819.552972052448,806.115168880973,956.260253905808,870.692025287932,916.688084737661,1809.25725006147,1299.67958147383,1402.68879681132,1471.58902167011,1298.80698423592
1412.33560154802,3485.68600728752,3820.18243883718,4452.93031012164,4750.63836170467,2067.09986969667,1338.97673396516,2742.28823105814,2035.99734906507,2912.00416960553,1850.24334961648,1631.53191642088,772.829369007157,1345.27698463922,2188.23956190816,1708.50639018413,1083.06069672941,1468.38537009193,941.547627260565,1632.51477068356,1395.84675014845,1653.7454085197,1703.05165611616,1871.37249888952,2521.66846534195,2194.49005078629,1704.41289179001,1918.35728515311,2411.13111242421,2006.13478679774,1056.05189602595,1e+09,1441.49819437972,1663.84005844913,1222.04826471789,1084.85941706748,2166.30551919622,1646.12038040965,1104.43658582102,1342.60542148466,954.823749076237,1036.17679640108,704.251925733967,1303.68817790145,1008.81041613378,983.026528533183,1037.2559888957,1221.48120132894,1092.90873507352,1722.46795871505,708.593742422271,1010.84264205662,1023.26427603039,814.484340794837
1795.9528828452,4161.81528674688,4503.13817611674,5022.88423438168,5332.51651235137,2857.92925071633,1574.19493662634,2441.88911431293,2520.22843603511,3232.79685315981,1659.71009926433,1092.9452726921,1928.08701235188,1899.47865463132,2416.4352390867,1920.74327344911,2007.15743109503,1945.13840759469,1336.55471941855,1211.86089733929,1234.78176529296,991.99578154345,1322.46504626776,2440.91627885923,3095.57639186953,3216.01543214581,2358.47313737087,1952.46031004474,2645.07236583425,2652.00945126521,1798.6753226472,1441.49819437972,1e+09,1423.35371447156,1349.60175077687,1751.99172395306,1971.78165315027,1346.76294959432,635.277923510648,1234.24051748434,1539.7343337732,1594.80977241801,1389.62465712868,1394.87391731296,1715.33324345446,1271.86986968007,1749.51666676828,1630.02068808957,1363.02544877196,2018.31458499412,987.156555668856,1702.52705546784,1465.08319647725,1546.71847477167
2450.10894951633,3736.3321911602,4128.01144001564,4900.76684104641,5125.43641049228,2727.71517563693,1948.72453666494,2394.81823658916,1689.85291291875,2438.48732805811,1879.08125420377,1811.67310163837,1814.22186589733,1564.33225949604,2949.20725022844,2074.43423819604,1542.20561835963,1683.82940121617,1263.80512291255,1189.41647457903,1215.20685531312,786.42581334796,991.222185334852,1649.40809313523,2568.10404941077,2794.0111450923,2201.32446150039,1231.09162973355,2025.5892937612,1907.92451881619,1627.97928242346,1663.84005844913,1423.35371447156,1e+09,1194.78300557047,2156.88276619291,1365.32060015221,778.391685913975,1329.54589119744,1350.06682060556,1420.7677209523,1686.37293814269,1520.54287266095,1403.77517961389,1714.17807248839,1050.59012278814,1277.13800076578,1677.53461475464,1487.23266589327,1358.8766792833,1348.68033547613,1958.84812471513,2007.84155014782,1693.33952097623
1508.13797707637,3723.19750275217,4069.57773122716,4829.99493245076,5091.73100935232,2553.69286277735,1108.56082124528,1923.65094622179,1615.29143720259,2676.87581211755,1072.61527133451,1918.42627713446,1534.75305065669,869.099155965532,2616.07036461178,1115.05139182013,1394.19934374536,1531.74795250394,1141.45875987703,1262.99904813899,824.59515121058,1238.790572494,1113.71642732789,1794.73085918196,2704.88398985982,2699.63337571975,1725.39290192118,1172.5685856273,1850.14844312558,1771.16913655924,939.903357585236,1222.04826471789,1349.60175077687,1194.78300557047,1e+09,1253.37521449086,2286.7473528136,1438.49060139439,1136.0103433508,1000.86156939909,569.211228192136,674.789645667448,1339.42638491259,826.4457546022,1188.05290496678,588.363888677747,790.15426924114,626.750862065622,534.051742905124,1796.62562853256,1057.21440942696,1703.83840921022,1697.86995859518,1505.92942985387
998.527580490394,3627.17619993846,3903.82995211113,4601.0278180424,4911.26446043175,2598.30144088403,1242.93326349406,2431.89901702353,2323.71312157934,3160.83891645873,1558.13787316784,1963.35822093168,1533.5603645765,1547.57232619351,2033.64171655186,1382.61619197086,1715.34382734191,2034.73497706704,1531.84566468036,1998.48668529465,1500.21596855253,2040.67070993828,1971.08220564237,2206.4130021825,2752.58230163968,2638.00673657214,2088.69411118526,2305.74745089309,2609.6818698646,2323.94546923976,1203.34294101889,1084.85941706748,1751.99172395306,2156.88276619291,1253.37521449086,1e+09,2998.84628357307,2308.34650613811,1597.62294716244,1345.7749291765,1042.16158910219,1056.39624885741,1517.68125247036,1373.15612251484,1367.05834692598,1334.08650544108,1500.96844420527,1035.73333788191,1148.09430901821,2289.36220620504,1350.23702771032,1216.17258076311,1157.78546985182,1395.98264674028
3104.14344315787,4303.1808283292,4668.58991650584,5339.12537435674,5645.59523341871,3186.43350653987,2696.10611178418,3547.129169131,2584.2052107176,3244.08908652337,2996.21651358843,2039.18282412343,2056.1265529388,2443.6327048679,3613.56485850192,3099.28782429125,2067.59461764148,2407.811548066,1810.7401560964,1846.95790986151,2370.15564223112,1597.23584717474,1758.88736509761,2417.39512163403,3273.56785159556,3235.09708211361,2750.47808986002,2110.11063397159,2695.5316608417,2768.87464232312,2437.10445016212,2166.30551919622,1971.78165315027,1365.32060015221,2286.7473528136,2998.84628357307,1e+09,973.73667759821,1912.90446577972,2187.58343957436,2404.55402361852,2622.36216238337,1941.54165178087,2498.02398040932,2389.94772156213,2043.38745364162,2157.81884457431,2673.00723551209,2409.98559026812,1530.4090699875,1905.56156722894,2518.78015422148,2493.92795808139,2264.88199650666
2361.10706838974,4200.82342466331,4579.14214653793,5266.63964637795,5578.6563796581,2908.46993584256,1883.88591408822,2825.21730739425,2107.45256667855,2999.03783987465,2209.57039856168,1661.53305814239,1730.23824174592,1622.73929847034,3252.52745069123,2256.54156870641,1689.79212449342,1934.64215091577,1227.42566430721,1265.90495223773,1602.91691802788,812.294671040011,1028.13907405565,2116.08099121938,3061.03140815314,3110.74308669167,2242.48455907727,1358.40697322268,2142.1705008939,2324.89278299022,1805.30205696997,1646.12038040965,1346.76294959432,778.391685913975,1438.49060139439,2308.34650613811,973.73667759821,1e+09,1334.26019227885,1412.95108613143,1652.1783797157,1874.07853250604,1425.64631949863,1693.6754454145,1730.29022545352,1337.47818367254,1469.84301675383,1822.99180354713,1576.38110480937,1188.68507368436,1337.20063281469,2107.97214867749,2063.2632054103,1889.34206791677
1732.48285841448,3759.02546161901,4095.75457532553,4661.38249630944,4944.81588282112,2456.8054844452,1538.14386043699,2360.36908484669,2155.28313682913,2941.52569019888,1456.48961599457,1356.51349657864,1514.39457615907,1691.29647681889,2252.99404144796,1768.90808964174,1559.10947360986,1485.74976816421,1181.30525060206,1059.60069431838,1118.50451514511,1227.46343802983,1336.31735845195,2093.1247037623,2838.80816202857,2720.1885508729,1932.31494994993,1748.32308827631,2406.29191753619,2253.61601620596,1410.45075100125,1104.43658582102,635.277923510648,1329.54589119744,1136.0103433508,1597.62294716244,1912.90446577972,1334.26019227885,1e+09,1340.1528140104,1222.83859797604,1194.76967491647,1112.0326205647,1293.58886787882,1477.31918040754,953.635317666035,1395.35318109789,1453.128645475,1166.27492629311,1982.79513200431,604.376202129105,1564.44557153645,1414.39488428798,1167.38452264025
1736.3853167428,4070.43591432171,4419.33039690404,5215.70424700251,5474.01015741659,3083.44364908782,1522.86805288574,2545.76317496345,2350.17572491931,3192.59138290512,1522.60673399273,1479.68358404762,1715.30436972568,1281.74913419124,2482.50787005802,1789.01115052422,1832.81169872958,1985.49003716967,1453.10169251846,1654.58949697501,1144.45446239682,1090.88189974901,1425.26706886815,2174.66972002647,2954.95276322651,3147.20553040312,2501.60295096964,1879.66892805622,2532.46723435862,2504.74935245026,1566.79221376033,1342.60542148466,1234.24051748434,1350.06682060556,1000.86156939909,1345.7749291765,2187.58343957436,1412.95108613143,1340.1528140104,1e+09,1027.64390096959,1425.52112786868,1419.51174792603,1271.80261644644,1638.34096069774,1264.7481788878,1427.92394534863,1283.49520450993,1253.21685473824,1522.28064088065,1099.22490683208,1585.60087493669,1573.58425557706,1572.54207517637
1545.89122773887,3417.57145926753,3767.69545449204,4560.70388869964,4786.8201887161,2336.00994015437,1336.57036122308,2159.76595213463,1646.35034187745,2623.00739686338,1117.61612380996,1909.1614651726,1299.67585643498,864.339547284515,2280.70819779734,1247.73815895003,1174.74494014658,1263.01851233464,1270.90040105431,1508.82639422168,876.78772487986,1511.0668318774,1506.88193910472,1624.1580519149,2467.11516855213,2367.96687932919,1732.71543661964,1508.48716815888,2064.74742535255,1712.29493026172,826.320030920224,954.823749076237,1539.7343337732,1420.7677209523,569.211228192136,1042.16158910219,2404.55402361852,1652.1783797157,1222.83859797604,1027.64390096959,1e+09,563.760266070606,1116.93422738315,894.455916297724,1123.52008985153,755.73513111407,742.960396185423,746.37334330749,810.092883193032,1745.84508780132,948.647138297481,1430.73073958729,1554.26727379817,1156.85069857782
1334.66148277382,3504.47608712058,3829.00344912354,4526.9460667651,4773.78681483579,2216.2908902714,1154.22212641242,2056.79487358365,1676.85675953553,2728.14940848187,1098.66587623353,2134.41125308597,1375.00570166091,1033.86042829775,2389.17491785344,1057.57355569246,1291.58447667971,1342.66498170616,1303.39348502285,1534.15078388664,1077.61646029559,1759.79686378855,1607.50054556756,1861.07399643324,2662.16218166738,2377.36083197314,1453.83749274119,1508.66429894129,2033.604379298,1702.44555642758,788.955729493107,1036.17679640108,1594.80977241801,1686.37293814269,674.789645667448,1056.39624885741,2622.36216238337,1874.07853250604,1194.76967491647,1425.52112786868,563.760266070606,1e+09,1294.54850851561,998.170253313532,1113.17357069776,775.647394116682,825.727243162051,678.115440172247,645.854114951666,2159.66579678431,1058.11036947948,1636.37611300092,1652.17411854804,1329.76539660197
1717.26147615906,3372.59057567028,3737.64040476074,4279.52299057967,4634.68578259627,1898.20675596733,1555.1736784681,2600.22683616257,1881.23755977282,2659.74616956205,1891.62236218015,1343.37679881707,1132.93957010072,1486.99286605552,2300.20371967354,1699.89878463396,1009.91721992448,1210.02653822137,973.663748683292,1342.70691314225,1307.64998864375,1448.62692398699,1540.47652267083,1679.60950053874,2330.62299636814,2208.21848092529,1624.69518279584,1774.4438811639,2182.3355277317,1899.42729476545,1158.74826627702,704.251925733967,1389.62465712868,1520.54287266095,1339.42638491259,1517.68125247036,1941.54165178087,1425.64631949863,1112.0326205647,1419.51174792603,1116.93422738315,1294.54850851561,1e+09,1234.14946805482,865.758178939131,1058.72301774355,1187.43144425268,1351.23410921276,1262.3628740184,1383.56477271576,949.735797840642,1063.72086691011,1176.86518798884,876.639455933852
1663.40489448601,3566.38527938303,3956.96626538564,4527.30629531513,4754.84361804886,2156.54190543564,1233.22127394073,1797.53830607306,1662.58363248289,2420.40081544359,1278.56020280627,1841.8222407985,1880.00545196018,1161.05953973084,2401.242691587,1044.27224979887,1566.37808692538,1344.65212895381,1191.6076156185,1425.24542977692,507.178437337393,1236.34483183293,1423.02859486379,1794.08032445596,2318.03367911254,2608.47508598415,1796.17904750612,1373.88741587511,2072.28775774505,1687.3018267044,1262.28663539626,1303.68817790145,1394.87391731296,1403.77517961389,826.4457546022,1373.15612251484,2498.02398040932,1693.6754454145,1293.58886787882,1271.80261644644,894.455916297724,998.170253313532,1234.14946805482,1e+09,1058.14147867854,784.755558629565,1023.31735678625,800.390354764474,824.12902387915,1900.41412402666,1301.11673088928,1515.44352141543,1590.6200651947,1412.63065547934
