1e+09,10046.6065077269,11591.9869451315,12250.5487797078,14300.1521281698,9959.59851580876,16605.2426196819,7681.84278388981,7438.11236401414,6905.03667221978,10307.4257954302,10973.6590030946,9908.33976211959,10103.2216174001,10009.7232419033,6231.025546449,7413.98133530157,12531.2334565597,10145.1892552973,9810.69722555945,10935.5649070773,10107.2008335345,7526.10486923349,6232.70184038191,6027.34195657588,6427.96091915625,7915.8946727202,11074.5940437336,8171.82622279745,7528.07972626486,10426.7105196318,14438.0148375253,15237.7364109011,10150.6919206673,12657.3886229743,9749.07600595051,12032.8070976975,11725.3304468872,10964.1157789992,11519.6577214777,12181.9464331731,10554.6222860792,11482.0593591524,10385.4086172331,9722.10041407205,10031.7691348635,11746.9559273669,9609.39359211079,10769.4739995322,10539.4656705357,10476.9862752082,9697.94713219246,11742.4882318016,13721.091989266
10046.6065077269,1e+09,1657.87044855743,3009.14870195875,4927.88354473805,14788.3149618542,23661.3963751804,13516.002874885,12308.3078477913,8813.48184077099,16033.8284165199,16516.8122383921,15423.2100436939,16506.8893820429,15739.6776302757,11830.0476610452,11192.0485037771,18960.0376375813,15837.4630489198,15757.8708029892,17579.466347964,16173.662590202,13283.2535094005,10368.6056819324,7181.03823440594,7846.50511242426,13356.6960843878,17184.7060145875,13092.8473213774,12799.797954628,15743.1935540696,20304.531378121,21797.6104718201,15699.0622023992,18544.5027003881,15131.4696106789,17782.2657506545,17893.4761739468,16965.1648913649,17451.7241978866,18510.2381272419,16809.9225136911,18026.1771652561,16472.9899049565,15516.6559214993,15842.7277139797,18344.7662538066,15668.9362073818,16994.398763831,16741.942179147,16420.5097889195,14891.6881508612,17723.7394499553,19628.8717263729
11591.9869451315,1657.87044855743,1e+09,2069.31530992742,3545.01649156954,16252.2020085341,25183.5092281,15022.7594146315,13811.51357736,10285.1465289319,17499.8651039258,17969.1426090034,16895.0310194951,18011.4370341791,17227.6762209417,13316.9783402918,12613.4038914125,20468.3757953117,17317.0353722541,17259.4721352219,19113.6177633435,17648.4335241318,14781.1034529226,11884.8599182237,8701.29645436817,9331.58141154542,14861.5590001285,18678.0757126852,14567.2477369509,14320.9423889666,17196.012562193,21753.3008827925,23286.5891674114,17168.0140957771,20005.5716821315,16575.5650180952,19239.3909980254,19368.9256543361,18441.8964966622,18913.8570956719,20007.1016061298,18317.6531236209,19547.671328657,17968.6101325395,17010.4364280109,17327.4129176487,19867.8410453728,17158.5030538215,18489.6581898828,18251.1092396846,17901.6521645685,16356.1368922402,19207.6953063844,21101.1580878823
12250.5487797078,3009.14870195875,2069.31530992742,1e+09,2693.00613337586,17345.5096292066,26199.4781296937,16036.1362425118,14946.229251818,11434.4719103813,18768.7274950514,19255.9393443062,18167.9373386249,19263.280049828,18260.9655092961,14565.8912336355,13964.5169380326,21468.8585952724,18569.697715068,18436.703249898,20188.7785111557,18920.4110547313,16033.5108190284,13016.4424467863,9799.61126464208,10462.3134580264,15995.9533882729,19905.1220510224,15859.6514757607,15403.9721971704,18459.0619723213,22943.5688432293,24397.7725830392,18446.2768716156,21253.4164472444,17891.6667756417,20495.2642808918,20613.0637645135,19644.3967796901,20234.8359276472,21138.2214309033,19478.2897072869,20617.9814639043,19168.6620624315,18211.5220260444,18514.3909167383,20933.6098369751,18384.7809948365,19700.812272442,19433.7788564448,19139.5214265744,17565.9412946588,20324.9186541988,22202.0724840205
14300.1521281698,4927.88354473805,3545.01649156954,2693.00613337586,1e+09,19642.7455415759,28531.5368374839,18389.7214742693,17209.4878478559,13686.0960757588,20923.9887896237,21358.3998220653,20307.3348440508,21409.4020772487,20569.2783224327,16693.9261619339,16039.5392474722,23827.1971230861,20711.4330202669,20650.5502696853,22465.4372466974,21061.6354250376,18155.2680795217,15265.4962241488,12058.4911745915,12688.3111185295,18251.1752959309,22084.4986572777,17989.7529917895,17691.1416662351,20625.1154151825,25178.9575686882,26673.660009232,20588.2539981539,23431.3230754603,20004.4937341238,22659.703601795,22788.7293252015,21852.6079332491,22319.8457705245,23410.8837218824,21707.101381207,22916.4615028215,21373.7958363857,20412.4962129354,20742.0648094398,23232.3016448199,20572.4537552986,21888.6655396806,21647.3835657384,21311.5326996089,19763.0377929912,22591.2413933321,24488.0572452961
9959.59851580876,14788.3149618542,16252.2020085341,17345.5096292066,19642.7455415759,1e+09,9127.04880019823,2726.08969802903,2976.07145855068,6025.50765683689,3007.56229105899,3932.24103278271,2825.68963078042,3753.66644983275,2867.64377860989,5105.42770022258,5107.31959130227,4683.95419058513,2964.49506821988,2433.53162693646,3590.42814396835,3806.93179561967,3947.37303311962,4953.49588628072,7834.09673797816,7228.10767437093,2368.16036646592,3492.0425673236,3191.07614880936,2799.97854593567,2570.42313565296,5742.66402669528,7262.71131440594,2879.50068640381,4381.96086451032,3277.32141632462,4137.0051757884,4337.25173422065,3251.01135054924,4543.74233608157,4122.99764411769,2943.95384225025,3867.88914817889,2879.03573545033,2244.96040673327,2195.23823556807,4087.33395471914,2859.76678202961,3393.56868510128,3210.76155242024,3124.50938993628,2134.87423111995,3476.69417313344,4996.4404403335
16605.2426196819,23661.3963751804,25183.5092281,26199.4781296937,28531.5368374839,9127.04880019823,1e+09,10330.0972065368,11485.1302521042,14989.0690575499,8288.8233396303,8389.88011652729,8866.91909803512,7901.31927305814,8338.31428343883,12567.2442888487,13255.7194886321,4948.29726086661,8497.47083160042,8190.47191848553,6171.8066728147,8429.4920805408,11058.2066215097,13428.7487522852,16566.9219565676,16013.0210029432,10472.5262512204,7113.08019985716,11082.0532099923,10951.9493641497,8543.83639303211,4467.64069274824,2693.4478065112,8673.63610560185,6031.54013751878,9400.12166422861,6979.69427421431,6708.01034352214,7232.11416346562,7602.86925488661,5371.9350127119,7092.60630539296,5725.13616084369,7554.85506653834,8466.93957515937,8121.22992631658,5428.07987533345,8465.10674493831,7170.27671603405,7341.74764120233,7849.86005259967,9205.26867622559,6275.76987290803,4579.72354510619
7681.84278388981,13516.002874885,15022.7594146315,16036.1362425118,18389.7214742693,2726.08969802903,10330.0972065368,1e+09,1834.27694329401,5074.64762247587,3838.46744048976,5055.84242137747,3668.80872537667,4168.64352329388,3483.93984312301,3341.56394218336,4117.33593749648,5728.39557900814,3938.93741082541,3300.0685703785,4480.20180142591,4227.73592874484,2997.66569275161,3495.64134557594,6494.66902929626,5979.73882978178,1488.08804383343,4623.57993568836,2883.42912262466,1526.06832776255,3722.1856087788,7483.39394355262,8671.94393215846,3872.42891886991,5931.57106635333,3786.54078615298,5511.15833423428,5344.33008365876,4327.50144500265,5576.66618746362,5393.40460875132,3928.05650679824,4905.95695381645,3827.65188272131,3126.87901823847,3202.84397272174,5076.38277141313,3207.12745582398,4319.07156826557,4165.65804909621,4129.67940807758,3205.54712986722,4949.10569287018,6740.35475893517
7438.11236401414,12308.3078477913,13811.51357736,14946.229251818,17209.4878478559,2976.07145855068,11485.1302521042,1834.27694329401,1e+09,3655.84610414607,4208.96145247257,5270.50207463198,3789.24717883381,4629.85630954137,4449.23612504439,2767.23227348194,2963.82566985644,6911.66350166876,4136.55529917104,3812.21196201103,5469.04648416888,4628.86371183037,2599.5065028578,2363.64812740814,5335.53676184505,4758.73827373391,1207.64699200553,5091.56027769484,1853.1786116562,1126.44209771297,3957.50951838401,8258.75746650185,9678.38698711722,3971.42533788563,6507.08347620499,3847.78789484296,5981.5494389581,5976.89661689074,5011.43002726767,5904.46388241134,6321.50628442304,4672.15422308596,5941.37390910554,4430.4212109234,3493.90013217321,3748.2090501865,6119.46945115343,3698.09350998592,4949.89409221046,4755.83972815527,4579.94636123612,3361.88245578277,5812.8978878783,7624.33012281079
6905.03667221978,8813.48184077099,10285.1465289319,11434.4719103813,13686.0960757588,6025.50765683689,14989.0690575499,5074.64762247587,3655.84610414607,1e+09,7546.69889880337,8220.53152321065,6964.81783429402,8099.63205853204,7390.99322564972,4350.88250714726,3571.53952159289,10330.8384285062,7349.52639877564,7187.04868221303,8989.73043089725,7850.73770818386,5237.06650303393,2298.16525263089,2198.03885447915,1793.40468246852,4750.25705884429,8575.12218408578,4669.73694341555,4249.84094374131,7178.09767687094,11600.6591468545,13120.2683954712,7193.37177550278,9900.95273792881,6837.9299874231,9231.1629164315,9369.4035970813,8399.74379399753,9109.36566647206,9836.31288684942,8203.60541010476,9416.09023462499,7893.22458209571,6914.16838564118,7205.64873413213,9680.54050510611,7171.64215526681,8432.54635651059,8181.4143256591,7921.44558754272,6370.53824167943,9108.97673360186,10929.8399890483
10307.4257954302,16033.8284165199,17499.8651039258,18768.7274950514,20923.9887896237,3007.56229105899,8288.8233396303,3838.46744048976,4208.96145247257,7546.69889880337,1e+09,1947.34100000488,955.700400073161,1412.60426071848,3134.02410938397,4863.4573739265,5214.9848285206,4477.88153290147,1141.9244441293,1378.52017123436,2781.79945711405,1484.38277445543,3280.18870978485,5974.13648655603,9084.49011827301,8469.70408396303,3272.57713215441,1925.84640259809,3283.49941914111,4017.66282842401,942.037387315387,4653.21786333931,6131.59308418294,1100.91978263632,2718.82392690295,1344.06789266763,2311.72076161893,2171.05353314929,1333.69680107587,1912.48683710503,3129.20482806735,1665.25368682973,3167.27608600829,1143.67213081372,1178.46382812541,1253.13355110299,3388.28382854802,985.599568384646,1313.8079136236,1811.87083918805,1065.00551519699,1791.40495273961,2707.79387492844,4447.45141898144
10973.6590030946,16516.8122383921,17969.1426090034,19255.9393443062,21358.3998220653,3932.24103278271,8389.88011652729,5055.84242137747,5270.50207463198,8220.53152321065,1947.34100000488,1e+09,1701.30890475539,2542.26220050175,3553.09115901914,5651.39143849548,5749.92609463809,5106.60893895352,1462.37614914905,2091.39035141697,3452.84234515565,1615.49350571273,3829.15604256343,6685.76479018668,9625.69435389988,9099.09497872179,4451.26373282914,2817.59949086097,4185.52375893388,5083.62567453584,2003.70194280487,4613.61088825228,5972.78108487998,1680.29046878806,3001.08271542122,1990.06586936212,1809.41750461302,2135.45538663302,1807.96710830148,1484.21803984455,3769.34798307347,2821.78308801368,3627.61033807381,2157.10224484144,2291.78655016125,2470.17394278217,4157.12653905315,2467.36421257584,2205.01894631316,2232.27482483676,1741.90302712292,2137.93479764936,2721.9750799741,4513.12115052322
9908.33976211959,15423.2100436939,16895.0310194951,18167.9373386249,20307.3348440508,2825.68963078042,8866.91909803512,3668.80872537667,3789.24717883381,6964.81783429402,955.700400073161,1701.30890475539,1e+09,1846.81275388167,2988.22916174446,4403.47535518254,4618.84680083676,4927.4315036741,815.24998325667,1203.07272465134,3188.13369934512,1404.7389071283,2719.02501777751,5382.11561270287,8457.18845026526,7885.52221755795,2990.39593960399,2429.52928208326,2770.55419759297,3574.78369149799,839.261053427359,5208.95497751708,6680.35062132969,836.242512851386,3335.47030830736,962.014888034484,2560.61655587087,2591.50381143845,1824.15281462382,2206.21632602064,3730.460781874,2201.16986800201,3557.82445324386,1529.31067049831,1100.50504256001,1492.11684013016,3926.91836292786,1275.89770322703,1888.75079542008,1958.11685596136,1443.99560903072,1194.22435044677,2988.27723181769,4896.13481692447
10103.2216174001,16506.8893820429,18011.4370341791,19263.280049828,21409.4020772487,3753.66644983275,7901.31927305814,4168.64352329388,4629.85630954137,8099.63205853204,1412.60426071848,2542.26220050175,1846.81275388167,1e+09,3797.06258112768,5096.26680838043,5835.57894919604,4413.22022422403,1717.18621381026,1710.60469474978,2454.90824292885,1506.07775054942,3527.22335666456,6436.7381665561,9579.01933518249,9046.0676935285,3635.29243870421,1442.71828338037,3634.55547514411,4387.22494696819,2091.75816061513,4768.58298808986,5965.63149624581,1660.71980917914,2765.76287698349,2226.14136426688,2564.89908840484,2057.37573996584,1785.29963798798,1961.44582007763,2948.34971585801,1530.87804906204,2927.21612294002,1209.73454964302,1655.64274896488,1716.66756959523,3099.58385226146,1164.66503862699,1164.32235970113,1538.47098084429,1360.371689135,2771.61393889914,3034.93682624532,4639.72015647496
10009.7232419033,15739.6776302757,17227.6762209417,18260.9655092961,20569.2783224327,2867.64377860989,8338.31428343883,3483.93984312301,4449.23612504439,7390.99322564972,3134.02410938397,3553.09115901914,2988.22916174446,3797.06258112768,1e+09,5430.1380950764,5762.89715139009,3812.26348878196,3267.90622076277,2571.31290509343,3056.84955563731,3479.244040952,4328.94988818305,5675.53003593497,8652.19780363348,8148.41246553585,3871.70893473412,4081.52661326617,4597.29655161596,3753.24593088436,2894.78155740636,5419.87629204763,6458.93718495543,3459.21303044493,4472.14107911412,3415.07316333047,3879.02840890602,3840.69163141224,2934.08644985113,4200.02867081881,3822.74382382602,3063.51379224903,3129.34736764713,2951.50940483001,2900.07259029839,2889.92870339391,3724.98644185452,3201.99957382883,3352.96194197011,3034.78661913816,3257.32296129813,2454.30963513164,2686.51925265761,4404.48530057713
6231.025546449,11830.0476610452,13316.9783402918,14565.8912336355,16693.9261619339,5105.42770022258,12567.2442888487,3341.56394218336,2767.23227348194,4350.88250714726,4863.4573739265,5651.39143849548,4403.47535518254,5096.26680838043,5430.1380950764,1e+09,2090.20873266284,8228.60175244251,4823.7567450795,4746.98100296388,6581.61547140214,4766.78142323518,2026.23178920873,2502.60872910649,5107.73191042756,4760.19484776621,3102.60448502544,6112.59729480031,2681.11275844564,2926.63603748399,4815.02833124583,9390.82885574538,10666.557769665,4733.51639817588,7495.89011773118,4044.03529827572,6729.39125510622,6540.70937978443,5808.36506717682,6221.98145783962,7480.96274095788,5750.99190106368,7058.10833264835,5313.43196502976,4553.64365221962,4904.2638063322,7357.11238626949,4370.6464134725,5726.21108177999,5657.75913491375,5342.93550019088,4338.20755461285,6888.06383226085,8935.12017415547
7413.98133530157,11192.0485037771,12613.4038914125,13964.5169380326,16039.5392474722,5107.31959130227,13255.7194886321,4117.33593749648,2963.82566985644,3571.53952159289,5214.9848285206,5749.92609463809,4618.84680083676,5835.57894919604,5762.89715139009,2090.20873266284,1e+09,8787.86037178561,5097.22955755379,5240.20339778906,7282.48318114776,5313.74194719691,2684.39200529654,2239.09966421774,4502.13614462068,3886.64174657248,3608.14924344878,6659.65979610821,2918.19820937509,3374.08465356162,4915.80229053204,9652.86377269461,11139.0317865109,4978.6899599493,7824.81340134064,4318.69794241274,6894.53667316376,6959.83839065966,6204.75681248669,6547.10540678856,8060.5933842925,6381.12802601546,7720.14876016648,5869.79523708451,4979.99457229624,5366.34543267576,7990.37599742966,5016.10586360575,6284.61825598023,6187.32017939916,5803.70823505972,4381.05722448361,7268.41394609581,9209.87104370631
12531.2334565597,18960.0376375813,20468.3757953117,21468.8585952724,23827.1971230861,4683.95419058513,4948.29726086661,5728.39557900814,6911.66350166876,10330.8384285062,4477.88153290147,5106.60893895352,4927.4315036741,4413.22022422403,3812.26348878196,8228.60175244251,8787.86037178561,1e+09,4809.89451339632,4178.45477436337,2333.75683632636,4873.87708018986,6910.95079110682,8732.21273684397,11850.5333453014,11282.4579925475,6063.76586762715,3877.15252445658,6878.0247414792,6295.01306956546,4541.42505037791,3332.63803158999,3695.13436628494,4926.73732180842,3533.15672163011,5571.24154899067,3952.83392658988,3674.65891294689,3604.36379666371,4761.54051775263,2065.83095230467,3297.80266104569,1882.52292615522,3765.87064901332,4440.59149317971,4105.79318663276,1660.05859014072,4550.8849665642,3685.55777862727,3560.89974551377,4280.54487778133,5026.91610403436,2661.10923902045,2195.32256506874
10145.1892552973,15837.4630489198,17317.0353722541,18569.697715068,20711.4330202669,2964.49506821988,8497.47083160042,3938.93741082541,4136.55529917104,7349.52639877564,1141.9244441293,1462.37614914905,815.24998325667,1717.18621381026,3267.90622076277,4823.7567450795,5097.22955755379,4809.89451339632,1e+09,1059.64763275345,2927.23294558189,1340.62491353846,2992.60114494064,5836.26118146712,8882.18923624688,8315.05938708799,3222.08121728798,2034.1304802544,3083.49558352205,3965.30379529741,1177.57256982319,4894.07097702925,6302.33736228869,679.487351096398,2976.9219511435,1440.87714216029,2206.95806829219,2283.46207323441,1540.40806862987,1941.01344209668,3492.19106632212,1993.9455176609,3331.3979965624,1307.3806717632,1022.06365227416,1386.55576541299,3660.69659858612,1318.34645055843,1523.99145338811,1742.09974634061,1180.96143311287,1520.16447399615,2737.04271395242,4647.40187551066
9810.69722555945,15757.8708029892,17259.4721352219,18436.703249898,20650.5502696853,2433.53162693646,8190.47191848553,3300.0685703785,3812.21196201103,7187.04868221303,1378.52017123436,2091.39035141697,1203.07272465134,1710.60469474978,2571.31290509343,4746.98100296388,5240.20339778906,4178.45477436337,1059.64763275345,1e+09,2290.15765769521,1580.50641308411,3084.45415123973,5599.57908420803,8710.9963936567,8201.04887258941,2849.57068240112,1971.03106578765,3111.62557995013,3482.43505782951,1421.39380932942,4847.10424816715,6152.23494584692,1188.81352452771,3093.14157926856,1835.99616121603,2501.85959785916,2419.77949109005,1463.88676894765,2508.61284155208,3056.41925240959,1477.72276500026,2675.60624253645,886.703992378517,624.931371672122,843.063389668891,3142.62004841502,1095.41050346434,1462.19963548074,1276.59916747584,1184.97667002351,1397.45923704414,2322.58886094806,4364.51052766516
10935.5649070773,17579.466347964,19113.6177633435,20188.7785111557,22465.4372466974,3590.42814396835,6171.8066728147,4480.20180142591,5469.04648416888,8989.73043089725,2781.79945711405,3452.84234515565,3188.13369934512,2454.90824292885,3056.84955563731,6581.61547140214,7282.48318114776,2333.75683632636,2927.23294558189,2290.15765769521,1e+09,3095.4281101166,5065.21249362749,7363.81770054094,10507.1253153277,9972.02098075912,4454.3635830161,2094.8658407163,5140.07992995245,4985.80382747857,3091.87690736549,3687.48129357967,4477.54264739042,3094.92424382246,2573.26378175655,3844.04290417004,2799.98705180935,2416.5948333554,1980.8972275209,3163.24251196458,1485.514422414,1338.06268623708,846.045081895758,1858.36968044574,2562.41362578332,2319.21081471694,1121.99824759221,2667.47113075287,1799.5730553384,1726.99147881511,2350.74722026848,3438.14560795496,1737.17919608197,2953.18190584326
10107.2008335345,16173.662590202,17648.4335241318,18920.4110547313,21061.6354250376,3806.93179561967,8429.4920805408,4227.73592874484,4628.86371183037,7850.73770818386,1484.38277445543,1615.49350571273,1404.7389071283,1506.07775054942,3479.244040952,4766.78142323518,5313.74194719691,4873.87708018986,1340.62491353846,1580.50641308411,3095.4281101166,1e+09,3087.64833413716,6131.80031614696,9212.71299312532,8742.28106476794,3763.65668498071,2330.10864744544,3517.15130410962,4379.28077743366,1809.43553314286,5003.31836054833,6247.85873823184,1330.85028553177,3176.78550522379,1554.12156628753,2215.46538348041,1944.42944323007,1698.11044608412,1725.52803790608,3551.70589749489,2331.11918764357,3343.8416040985,1567.18334259269,1763.82109957331,1926.83291117834,3826.90465116391,1473.81963296056,1733.82093268019,1714.99183356656,1441.79888913121,2185.00942350371,2960.45549130535,4877.34097593146
7526.10486923349,13283.2535094005,14781.1034529226,16033.5108190284,18155.2680795217,3947.37303311962,11058.2066215097,2997.66569275161,2599.5065028578,5237.06650303393,3280.18870978485,3829.15604256343,2719.02501777751,3527.22335666456,4328.94988818305,2026.23178920873,2684.39200529654,6910.95079110682,2992.60114494064,3084.45415123973,5065.21249362749,3087.64833413716,1e+09,3473.20980624551,6403.77692191101,5926.10287230149,2305.61819200405,4474.30735041749,1798.91184116954,2708.2930354561,3255.30992344815,7747.9427239042,9023.04279644068,2956.95437465646,5818.99549610584,2540.567651707,4933.07736123203,4836.02782700844,4121.35380881089,4477.91547634611,5979.11158017644,4224.70770282395,5568.44843327116,3693.41743825417,2894.63822955478,3336.4345054414,5875.99931010888,2824.00682318581,4063.32134317482,3980.49920991074,3645.03887274196,2767.11246701322,5292.30021124086,7353.37803750086
6232.70184038191,10368.6056819324,11884.8599182237,13016.4424467863,15265.4962241488,4953.49588628072,13428.7487522852,3495.64134557594,2363.64812740814,2298.16525263089,5974.13648655603,6685.76479018668,5382.11561270287,6436.7381665561,5675.53003593497,2502.60872910649,2239.09966421774,8732.21273684397,5836.26118146712,5599.57908420803,7363.81770054094,6131.80031614696,3473.20980624551,1e+09,3240.96575992404,2816.75988577301,3411.09904439903,7149.54614801527,3417.84448369144,2608.76354208272,5664.079399417,10202.7984682096,11567.8314416316,5731.91318231531,8488.62348748606,5281.30661911425,7696.72317897039,7706.36699284429,6810.16081391622,7513.70610643642,8314.30417952098,6666.10537284703,7794.19178457908,6316.82965872913,5407.63340719395,5740.90549424914,8101.75295595959,5559.987294338,6843.98850962653,6554.62065199047,6406.6502287701,4893.80686738862,7572.09046824587,9496.43700312912
6027.34195657588,7181.03823440594,8701.29645436817,9799.61126464208,12058.4911745915,7834.09673797816,16566.9219565676,6494.66902929626,5335.53676184505,2198.03885447915,9084.49011827301,9625.69435389988,8457.18845026526,9579.01933518249,8652.19780363348,5107.73191042756,4502.13614462068,11850.5333453014,8882.18923624688,8710.9963936567,10507.1253153277,9212.71299312532,6403.77692191101,3240.96575992404,1e+09,1284.95763941851,6411.68662351023,10255.2725596154,6288.88246922297,5720.82172689379,8754.7556337056,13292.3529938796,14701.8278394763,8773.48640270218,11590.4245505288,8263.56694197488,10778.2987274384,10857.9545560294,9931.58740380409,10565.2799156908,11462.785268712,9804.51957470125,10929.3065612966,9454.6587901415,8513.44605153518,8842.06496748921,11264.9655747454,8696.24484735797,9990.28622304186,9694.89614360567,9476.53616126694,7887.38693389008,10643.2932731228,12567.5148697028
6427.96091915625,7846.50511242426,9331.58141154542,10462.3134580264,12688.3111185295,7228.10767437093,16013.0210029432,5979.73882978178,4758.73827373391,1793.40468246852,8469.70408396303,9099.09497872179,7885.52221755795,9046.0676935285,8148.41246553585,4760.19484776621,3886.64174657248,11282.4579925475,8315.05938708799,8201.04887258941,9972.02098075912,8742.28106476794,5926.10287230149,2816.75988577301,1284.95763941851,1e+09,5838.63580167491,9694.37543289406,5784.29514720679,5207.42776750672,8125.62595017762,12676.8217945824,14118.5456458836,8223.46513281962,10974.5806055539,7732.05714213236,10198.0590785796,10300.4804519644,9350.39456947674,10006.6893974281,10905.5520970146,9240.52034319497,10432.842867354,8918.19084697676,7951.05558002835,8284.37466656355,10669.0211838341,8146.18648474855,9413.28790572136,9201.92195466795,8941.44992208199,7340.23781862686,10112.2758235028,11964.5379328038
7915.8946727202,13356.6960843878,14861.5590001285,15995.9533882729,18251.1752959309,2368.16036646592,10472.5262512204,1488.08804383343,1207.64699200553,4750.25705884429,3272.57713215441,4451.26373282914,2990.39593960399,3635.29243870421,3871.70893473412,3102.60448502544,3608.14924344878,6063.76586762715,3222.08121728798,2849.57068240112,4454.3635830161,3763.65668498071,2305.61819200405,3411.09904439903,6411.68662351023,5838.63580167491,1e+09,4041.05813812422,1668.66537957734,1530.91185618245,3166.59039829909,7280.23376630174,8658.52845742855,3079.28542157105,5485.94755640263,3097.55250412322,5081.92613539394,5026.81968736695,4005.94069770135,4983.23852790532,5305.49523218144,3603.41604830749,4969.24112736543,3405.25378007279,2486.79548895763,2700.78650759367,5124.09892298148,2671.35862663552,3897.60543528972,3814.4169870899,3553.87062422087,2646.68201221832,4870.01924259032,6706.5866156712
11074.5940437336,17184.7060145875,18678.0757126852,19905.1220510224,22084.4986572777,3492.0425673236,7113.08019985716,4623.57993568836,5091.56027769484,8575.12218408578,1925.84640259809,2817.59949086097,2429.52928208326,1442.71828338037,4081.52661326617,6112.59729480031,6659.65979610821,3877.15252445658,2034.1304802544,1971.03106578765,2094.8658407163,2330.10864744544,4474.30735041749,7149.54614801527,10255.2725596154,9694.37543289406,4041.05813812422,1e+09,4188.24951371095,4905.2957928651,2341.23053877656,3827.54470258676,5187.37760032948,1953.79298949505,1826.31602333769,2950.24295560552,2207.3142091918,1944.71861255041,1708.45820867822,2202.43647365821,2156.10403570885,1221.39471158999,2451.01462182501,1261.84541905893,1897.27131533684,1687.91584716182,2476.0776867861,1865.34729876235,1074.07184401231,1535.78955449632,1491.8728829897,3085.6323424705,2539.70955510665,3784.54762200187
8171.82622279745,13092.8473213774,14567.2477369509,15859.6514757607,17989.7529917895,3191.07614880936,11082.0532099923,2883.42912262466,1853.1786116562,4669.73694341555,3283.49941914111,4185.52375893388,2770.55419759297,3634.55547514411,4597.29655161596,2681.11275844564,2918.19820937509,6878.0247414792,3083.49558352205,3111.62557995013,5140.07992995245,3517.15130410962,1798.91184116954,3417.84448369144,6288.88246922297,5784.29514720679,1668.66537957734,4188.24951371095,1e+09,2256.59596551975,3091.54455607549,7590.59878620916,9114.5785121255,2850.41390329545,5631.51301683659,2644.51894755927,5060.24390020876,5063.03966677134,4278.49868022651,4715.76221455238,5836.64477832085,4094.13454815545,5608.80792759923,3649.50059732835,2744.4473738988,3105.72501013853,5857.83542325149,2836.15366708153,4115.1428939467,4051.30354863716,3659.25226704856,2746.28898264549,5335.86220717889,7230.59799744807
7528.07972626486,12799.797954628,14320.9423889666,15403.9721971704,17691.1416662351,2799.97854593567,10951.9493641497,1526.06832776255,1126.44209771297,4249.84094374131,4017.66282842401,5083.62567453584,3574.78369149799,4387.22494696819,3753.24593088436,2926.63603748399,3374.08465356162,6295.01306956546,3965.30379529741,3482.43505782951,4985.80382747857,4379.28077743366,2708.2930354561,2608.76354208272,5720.82172689379,5207.42776750672,1530.91185618245,4905.2957928651,2256.59596551975,1e+09,3703.45256256915,7919.0546776746,9232.23047057969,3895.18507048125,6272.3624773605,3742.76233375832,5721.6579333791,5646.6995749287,4728.94826193944,5686.5533340856,5915.7416603246,4342.50049611972,5423.70017559046,4124.57458706956,3301.12290081724,3565.42142168356,5651.47579358702,3509.26098922551,4657.93731864223,4407.83900785861,4417.99164871325,3171.56741372464,5354.99932380948,7165.8950148673
10426.7105196318,15743.1935540696,17196.012562193,18459.0619723213,20625.1154151825,2570.42313565296,8543.83639303211,3722.1856087788,3957.50951838401,7178.09767687094,942.037387315387,2003.70194280487,839.261053427359,2091.75816061513,2894.78155740636,4815.02833124583,4915.80229053204,4541.42505037791,1177.57256982319,1421.39380932942,3091.87690736549,1809.43553314286,3255.30992344815,5664.079399417,8754.7556337056,8125.62595017762,3166.59039829909,2341.23053877656,3091.54455607549,3703.45256256915,1e+09,4790.81723946969,6360.77564653085,1206.22156045231,3015.29017731296,1410.48610570966,2375.3054665874,2460.49569544431,1681.25791278435,2333.97914185196,3432.9128577201,2105.33344147667,3395.11304452444,1539.38267825125,1277.88864792673,1451.99691411518,3644.61630632087,1486.49211195351,1822.09344886589,2075.36005825495,1647.3632815199,1418.67037376552,2729.678367647,4473.68818413845
14438.0148375253,20304.531378121,21753.3008827925,22943.5688432293,25178.9575686882,5742.66402669528,4467.64069274824,7483.39394355262,8258.75746650185,11600.6591468545,4653.21786333931,4613.61088825228,5208.95497751708,4768.58298808986,5419.87629204763,9390.82885574538,9652.86377269461,3332.63803158999,4894.07097702925,4847.10424816715,3687.48129357967,5003.31836054833,7747.9427239042,10202.7984682096,13292.3529938796,12676.8217945824,7280.23376630174,3827.54470258676,7590.59878620916,7919.0546776746,4790.81723946969,1e+09,2104.04815541375,4971.82573631659,2170.41442088832,5678.79393198943,3162.8767942808,3255.92248097217,3672.47317576317,3964.60608572907,2461.10945593649,3977.26418013689,3248.69431555202,4195.82301770463,5027.86919307772,4676.13332089666,3194.9062524118,5125.82417182837,3853.50058790705,4121.4451597225,4286.96916985648,5529.34897050277,2960.0351615817,1512.57032157186
15237.7364109011,21797.6104718201,23286.5891674114,24397.7725830392,26673.660009232,7262.71131440594,2693.4478065112,8671.94393215846,9678.38698711722,13120.2683954712,6131.59308418294,5972.78108487998,6680.35062132969,5965.63149624581,6458.93718495543,10666.557769665,11139.0317865109,3695.13436628494,6302.33736228869,6152.23494584692,4477.54264739042,6247.85873823184,9023.04279644068,11567.8314416316,14701.8278394763,14118.5456458836,8658.52845742855,5187.37760032948,9114.5785121255,9232.23047057969,6360.77564653085,2104.04815541375,1e+09,6475.91752475277,3795.62710922714,7183.84405054147,4559.11936780559,4436.67165501347,5002.03519073987,5276.26312127248,3544.86501926378,5218.58302721151,3997.5819995092,5523.45276610564,6429.8524382446,6102.51258878669,3870.65849198815,6466.43276006176,5115.47320480716,5311.81612135624,5685.73704618847,7012.25335651102,4128.93284267255,2513.64925162601
10150.6919206673,15699.0622023992,17168.0140957771,18446.2768716156,20588.2539981539,2879.50068640381,8673.63610560185,3872.42891886991,3971.42533788563,7193.37177550278,1100.91978263632,1680.29046878806,836.242512851386,1660.71980917914,3459.21303044493,4733.51639817588,4978.6899599493,4926.73732180842,679.487351096398,1188.81352452771,3094.92424382246,1330.85028553177,2956.95437465646,5731.91318231531,8773.48640270218,8223.46513281962,3079.28542157105,1953.79298949505,2850.41390329545,3895.18507048125,1206.22156045231,4971.82573631659,6475.91752475277,1e+09,3011.12605237642,1343.20927546678,2288.74163463245,2379.4315079447,1686.26330654498,2051.14714925575,3525.9917071088,2051.46964094037,3444.66860017041,1346.82872444866,981.863362489914,1252.7734849924,3790.56722167013,1200.24411000429,1686.63168578679,1699.75308668642,1094.68391401354,1526.23509542272,2947.61118007447,4788.08794773028
12657.3886229743,18544.5027003881,20005.5716821315,21253.4164472444,23431.3230754603,4381.96086451032,6031.54013751878,5931.57106635333,6507.08347620499,9900.95273792881,2718.82392690295,3001.08271542122,3335.47030830736,2765.76287698349,4472.14107911412,7495.89011773118,7824.81340134064,3533.15672163011,2976.9219511435,3093.14157926856,2573.26378175655,3176.78550522379,5818.99549610584,8488.62348748606,11590.4245505288,10974.5806055539,5485.94755640263,1826.31602333769,5631.51301683659,6272.3624773605,3015.29017731296,2170.41442088832,3795.62710922714,3011.12605237642,1e+09,3791.33381793268,1751.51667682612,1728.78938292089,1984.97313148063,2164.16065813054,1733.09980817609,2245.2652409014,2533.44184059946,2344.71982272936,3155.08819770541,2865.29746497637,2510.23081781337,3177.07700364659,1929.52204517077,2476.81834380319,2364.67598154589,3889.93151777766,2181.68594320998,2564.09627469407
9749.07600595051,15131.4696106789,16575.5650180952,17891.6667756417,20004.4937341238,3277.32141632462,9400.12166422861,3786.54078615298,3847.78789484296,6837.9299874231,1344.06789266763,1990.06586936212,962.014888034484,2226.14136426688,3415.07316333047,4044.03529827572,4318.69794241274,5571.24154899067,1440.87714216029,1835.99616121603,3844.04290417004,1554.12156628753,2540.567651707,5281.30661911425,8263.56694197488,7732.05714213236,3097.55250412322,2950.24295560552,2644.51894755927,3742.76233375832,1410.48610570966,5678.79393198943,7183.84405054147,1343.20927546678,3791.33381793268,1e+09,3095.07188711345,3066.40207130441,2331.72316334937,2497.2813305673,4274.06556146487,2762.38405038112,4172.29248549284,2089.87491556313,1703.30150751416,1977.02009094496,4590.33182729746,1568.31556043419,2420.81405217336,2637.48961961938,1849.55643047191,1534.19882440315,3547.60457762699,5494.28705559693
12032.8070976975,17782.2657506545,19239.3909980254,20495.2642808918,22659.703601795,4137.0051757884,6979.69427421431,5511.15833423428,5981.5494389581,9231.1629164315,2311.72076161893,1809.41750461302,2560.61655587087,2564.89908840484,3879.02840890602,6729.39125510622,6894.53667316376,3952.83392658988,2206.95806829219,2501.85959785916,2799.98705180935,2215.46538348041,4933.07736123203,7696.72317897039,10778.2987274384,10198.0590785796,5081.92613539394,2207.3142091918,5060.24390020876,5721.6579333791,2375.3054665874,3162.8767942808,4559.11936780559,2288.74163463245,1751.51667682612,3095.07188711345,1e+09,932.841805827762,1478.28182499143,1500.38786925248,2622.73274317076,2499.32557118916,2765.07336269763,2097.26266454634,2695.45002619229,2598.00213695062,3067.18634557798,2812.08024243619,1857.53223595177,1904.89708420166,2019.68310873265,3082.02491018486,2058.24668647857,3225.56201529284
11725.3304468872,17893.4761739468,19368.9256543361,20613.0637645135,22788.7293252015,4337.25173422065,6708.01034352214,5344.33008365876,5976.89661689074,9369.4035970813,2171.05353314929,2135.45538663302,2591.50381143845,2057.37573996584,3840.69163141224,6540.70937978443,6959.83839065966,3674.65891294689,2283.46207323441,2419.77949109005,2416.5948333554,1944.42944323007,4836.02782700844,7706.36699284429,10857.9545560294,10300.4804519644,5026.81968736695,1944.71861255041,5063.03966677134,5646.6995749287,2460.49569544431,3255.92248097217,4436.67165501347,2379.4315079447,1728.78938292089,3066.40207130441,932.841805827762,1e+09,1344.14623014016,1376.12859809685,2290.005789556,2171.62653513444,2421.00764992596,1838.41684032757,2646.82159644355,2519.04388363919,2691.84785234976,2531.13918680898,1468.77979176594,1681.33123759121,1914.55839968385,3280.49322805276,2090.40982649336,3314.29022555358
10964.1157789992,16965.1648913649,18441.8964966622,19644.3967796901,21852.6079332491,3251.01135054924,7232.11416346562,4327.50144500265,5011.43002726767,8399.74379399753,1333.69680107587,1807.96710830148,1824.15281462382,1785.29963798798,2934.08644985113,5808.36506717682,6204.75681248669,3604.36379666371,1540.40806862987,1463.88676894765,1980.8972275209,1698.11044608412,4121.35380881089,6810.16081391622,9931.58740380409,9350.39456947674,4005.94069770135,1708.45820867822,4278.49868022651,4728.94826193944,1681.25791278435,3672.47317576317,5002.03519073987,1686.26330654498,1984.97313148063,2331.72316334937,1478.28182499143,1344.14623014016,1e+09,1742.80974282909,2234.66638190133,1359.54795513068,2196.49265862648,980.922271130593,1647.87058120473,1447.93168433459,2542.32820450075,1694.03462101576,890.546927960565,1294.17699666622,1020.35824453963,2238.35027922352,1602.74849539783,3408.58169396011
11519.6577214777,17451.7241978866,18913.8570956719,20234.8359276472,22319.8457705245,4543.74233608157,7602.86925488661,5576.66618746362,5904.46388241134,9109.36566647206,1912.48683710503,1484.21803984455,2206.21632602064,1961.44582007763,4200.02867081881,6221.98145783962,6547.10540678856,4761.54051775263,1941.01344209668,2508.61284155208,3163.24251196458,1725.52803790608,4477.91547634611,7513.70610643642,10565.2799156908,10006.6893974281,4983.23852790532,2202.43647365821,4715.76221455238,5686.5533340856,2333.97914185196,3964.60608572907,5276.26312127248,2051.14714925575,2164.16065813054,2497.2813305673,1500.38786925248,1376.12859809685,1742.80974282909,1e+09,3172.47822058718,2525.59071506054,3344.1803545114,2046.20855816312,2625.63808776076,2675.55814057553,3664.98166067717,2485.91863062732,1735.86011389167,2148.27165186342,1741.50828987404,3094.41392492989,2796.54636063842,4160.07985825994
12181.9464331731,18510.2381272419,20007.1016061298,21138.2214309033,23410.8837218824,4122.99764411769,5371.9350127119,5393.40460875132,6321.50628442304,9836.31288684942,3129.20482806735,3769.34798307347,3730.460781874,2948.34971585801,3822.74382382602,7480.96274095788,8060.5933842925,2065.83095230467,3492.19106632212,3056.41925240959,1485.514422414,3551.70589749489,5979.11158017644,8314.30417952098,11462.785268712,10905.5520970146,5305.49523218144,2156.10403570885,5836.64477832085,5915.7416603246,3432.9128577201,2461.10945593649,3544.86501926378,3525.9917071088,1733.09980817609,4274.06556146487,2622.73274317076,2290.005789556,2234.66638190133,3172.47822058718,1e+09,1888.72839887052,1162.90086533634,2360.12862996914,3244.64066303189,2844.68984110746,1206.8894559155,3264.8456486027,2166.88648163673,2303.84174159164,2707.31311816716,4058.62332530379,1757.27692931422,2050.06325448753
10554.6222860792,16809.9225136911,18317.6531236209,19478.2897072869,21707.101381207,2943.95384225025,7092.60630539296,3928.05650679824,4672.15422308596,8203.60541010476,1665.25368682973,2821.78308801368,2201.16986800201,1530.87804906204,3063.51379224903,5750.99190106368,6381.12802601546,3297.80266104569,1993.9455176609,1477.72276500026,1338.06268623708,2331.11918764357,4224.70770282395,6666.10537284703,9804.51957470125,9240.52034319497,3603.41604830749,1221.39471158999,4094.13454815545,4342.50049611972,2105.33344147667,3977.26418013689,5218.58302721151,2051.46964094037,2245.2652409014,2762.38405038112,2499.32557118916,2171.62653513444,1359.54795513068,2525.59071506054,1888.72839887052,1e+09,1846.76711983401,825.67715609674,1528.20112985824,1238.06167616965,2021.31751095665,1555.07016777379,930.657663375744,1332.2035482613,1336.74931034207,2611.53985828285,1989.55945058196,3551.8408467582
11482.0593591524,18026.1771652561,19547.671328657,20617.9814639043,22916.4615028215,3867.88914817889,5725.13616084369,4905.95695381645,5941.37390910554,9416.09023462499,3167.27608600829,3627.61033807381,3557.82445324386,2927.21612294002,3129.34736764713,7058.10833264835,7720.14876016648,1882.52292615522,3331.3979965624,2675.60624253645,846.045081895758,3343.8416040985,5568.44843327116,7794.19178457908,10929.3065612966,10432.842867354,4969.24112736543,2451.01462182501,5608.80792759923,5423.70017559046,3395.11304452444,3248.69431555202,3997.5819995092,3444.66860017041,2533.44184059946,4172.29248549284,2765.07336269763,2421.00764992596,2196.49265862648,3344.1803545114,1162.90086533634,1846.76711983401,1e+09,2229.75211456341,3022.02222559663,2707.85227235534,1192.95634404617,3132.68328692832,2214.51891549835,1952.65939060042,2677.70764696223,3731.06765254933,1462.90317803332,2444.80477326923
10385.4086172331,16472.9899049565,17968.6101325395,19168.6620624315,21373.7958363857,2879.03573545033,7554.85506653834,3827.65188272131,4430.4212109234,7893.22458209571,1143.67213081372,2157.10224484144,1529.31067049831,1209.73454964302,2951.50940483001,5313.43196502976,5869.79523708451,3765.87064901332,1307.3806717632,886.703992378517,1858.36968044574,1567.18334259269,3693.41743825417,6316.82965872913,9454.6587901415,8918.19084697676,3405.25378007279,1261.84541905893,3649.50059732835,4124.57458706956,1539.38267825125,4195.82301770463,5523.45276610564,1346.82872444866,2344.71982272936,2089.87491556313,2097.26266454634,1838.41684032757,980.922271130593,2046.20855816312,2360.12862996914,825.67715609674,2229.75211456341,1e+09,1035.48150181449,873.171988384877,2598.17450953549,1064.97896138844,702.410124855842,963.482533780452,780.388041681829,2058.22029906908,2022.56718976157,3863.91652798039
