1e+09,15828.6697862012,11519.0007215557,16654.5140304934,19787.3105767939,17458.8237246786,7012.23301438992,8363.49763087191,4580.56985774696,3204.97187369874,4972.39749361412,5213.02090705572,5965.14472528538,1405.60809506064,4504.43726326608,3292.56706012194,5820.02400311202,6317.15816389775,4713.08391327801,5068.87985832176,4524.24468642005,4869.81574336237,4838.17669007654,3311.97451874256,6977.85489274462,9213.62095650782,8664.54195310404,2277.10045790694,2740.41163623278,3148.42262156782,4623.24450614501,7438.56069586718,9539.75377809616,7237.36403103368,2817.51245393876,5398.46703529808,2921.98620782166,4113.45531292124,4807.91511321695,5341.12624616756,6249.70251036799,4914.79836211009,4174.62646398453,5187.31516703969,5795.31350147686,5850.04320837889,6753.19739349443,5301.65077158992,3400.71907335787,4824.21442520956,3984.98302622483,5079.00363725997,4006.8721158904,7913.06722895743
15828.6697862012,1e+09,5327.66501884268,1870.17435393067,4637.14791119498,2484.37970008612,22129.5122617671,23751.7188242241,15982.4606605335,14239.6798317097,12055.5738257082,20011.6740284115,20989.8439867332,16680.6581255747,19672.6637125505,15096.0612465239,10226.956606029,10814.0322654919,19351.3003448347,19964.5867837454,18823.2766807535,19962.8264574258,19338.1706930051,13598.3631453495,9079.84059720213,6782.06863874143,7613.10832955239,16237.0445837966,17731.0229395204,14230.1677966354,14400.1438050667,20609.3544327303,24616.3870921242,22510.8751764586,17575.8501251376,20739.5593350486,17301.5931031885,19292.7439012962,20048.9792522836,20749.5321058741,21370.2874036944,19621.1189835697,19049.6156823386,20037.9899981311,20407.6607193965,20010.4883135195,21339.4397347986,20304.3922845502,17322.4081866668,19226.7764124619,18630.6834098725,20463.107764758,18913.0975498277,22999.7974263427
11519.0007215557,5327.66501884268,1e+09,6307.18152208259,9586.34846757096,6308.03663678327,17471.510968365,19120.2806915903,11008.818149688,9526.26188273239,7180.33280234976,15137.2190024918,16146.0691082319,12267.6454791496,15105.9837053235,10324.9863438844,5870.62484163313,6313.93692618955,14506.3627011184,15203.9919037173,14084.6388668933,15206.873015183,14429.0515118285,8959.99182587797,4842.284610326,3471.51758618619,3232.1932138565,11691.8781579693,13341.7466844488,9857.10149445566,9517.67166075821,15655.2080150249,19758.5595102553,17905.3660958468,13136.3475862319,16230.8758978251,12690.1141552903,14629.1102336745,15422.384381849,16095.1556043705,16639.0444304443,15072.2947072899,14413.3742198973,15263.1532084036,15555.825596991,15134.37246891,16522.6409927439,15561.0469466132,12775.409576084,14645.3256293126,13952.5263361479,15809.3781412458,14238.6860779392,18199.2950676997
16654.5140304934,1870.17435393067,6307.18152208259,1e+09,3437.39199193226,3197.41404620984,23076.6287122231,24728.7177400548,17025.6106297366,15244.4703644797,13036.9387994728,20895.9270840492,21887.8158883498,17536.0705173765,20647.0372704221,16075.8475307307,11174.676295343,12015.1827358305,20293.5058613267,20911.0088363283,19861.7343399236,20875.9003271763,20234.1338642775,14565.9370177308,10001.1689797693,7924.08690483011,8725.73753925707,17237.6113378478,18691.1319982739,15316.9544593336,15471.0952512193,21706.0544240864,25570.7590215817,23510.069740088,18571.4937057847,21646.4397737573,18299.9486522394,20220.2297155868,20997.2300114848,21654.9753380834,22316.1835409418,20632.1529602293,20035.9973958798,20962.590126492,21355.1981459808,20981.5414286463,22334.4153298312,21233.5027742481,18349.9350196942,20279.5772187563,19570.1667244763,21337.2863684021,19855.9611143959,23950.2040296591
19787.3105767939,4637.14791119498,9586.34846757096,3437.39199193226,1e+09,4841.78032007856,26304.0779956569,27932.2319950931,20315.651316106,18504.1418385533,16322.7702991618,24163.8826920075,25125.8983429787,20732.0548917757,23865.8169303169,19368.1725521924,14420.50621772,15214.5793328899,23546.7213066129,24176.8491895946,23095.8256416934,24108.8769493687,23498.9368185988,17840.4916469166,13263.1030771347,11106.277704015,12018.3432120488,20448.8226946663,21881.4243646455,18498.5002956915,18745.6841484994,24990.2532814536,28833.5330231763,26699.9727154767,21764.7485521519,24877.194923554,21519.5433698255,23456.6076564515,24218.1758082437,24884.2382199777,25574.3450342565,23836.3243573648,23264.4618021286,24209.0769427977,24617.4208933613,24277.3920884967,25617.876769955,24477.4173395275,21561.9876812737,23512.3462412687,22823.5142140732,24574.0561104837,23099.8599746535,27210.0320399021
17458.8237246786,2484.37970008612,6308.03663678327,3197.41404620984,4841.78032007856,1e+09,23456.5334185403,25143.3998377149,17085.0157517077,15567.3693091479,13310.1590090014,21323.7688016495,22334.4132492036,18230.5962804375,21106.420451538,16383.1567589522,11721.6428379046,12073.8765590137,20655.1823012192,21310.2182904235,20126.569584969,21349.1342564353,20612.9451007662,14978.1511112687,10599.938246622,8399.01011072138,8955.65362568808,17656.8125111527,19250.0363833319,15671.3804790963,15567.5657871743,21663.683537185,25904.391776139,23897.9478022758,19057.7206256074,22210.6657321927,18670.9436272862,20698.0910175601,21482.7214815232,22186.6410035837,22729.5110077912,21026.1227131442,20436.3569142546,21409.3093359501,21701.0246812403,21214.1348602129,22588.056682289,21670.7728451594,18711.4002767805,20579.7915767775,20025.982940957,21914.8539723472,20323.2945237651,24306.4331746968
7012.23301438992,22129.5122617671,17471.510968365,23076.6287122231,26304.0779956569,23456.5334185403,1e+09,2562.839324909,7126.09691591407,8056.77896475384,10438.0848752537,3614.66529411784,3277.36831993293,5956.55527000296,3256.5255403881,7442.08862143552,11934.0046389592,11807.5122922401,3835.80429382157,2989.98285292742,4315.59806806658,3585.98213545467,4014.96676704802,8623.48396019266,13120.0656258839,15445.4025221714,14635.324091198,6107.00469583085,5054.29856527095,8251.41590244365,8713.89343131416,5114.8294236074,4083.957406487,2172.72691482386,5079.36096362525,2764.03764686735,5127.02855624971,3506.81900905935,3329.56733267252,2722.94568098594,2558.89465046922,4310.5491368386,3845.7213389298,4034.39780880617,3836.79337164513,3806.26941140535,3002.72798038717,3547.82924019745,5700.9883816405,4003.4117617727,4737.02005229026,3248.22179205793,4191.67364082654,2909.42925253391
8363.49763087191,23751.7188242241,19120.2806915903,24728.7177400548,27932.2319950931,25143.3998377149,2562.839324909,1e+09,8547.5640958755,9621.701147583,11983.8791122199,4602.41843677865,3742.97467044595,7386.60316033696,4163.11371486535,8954.5004314367,13582.7808221954,13236.556964124,4883.65339687411,4112.48055247681,5219.02719372107,4260.22712780669,5237.42845467124,10237.8460844945,14771.1949086321,17013.2976705752,16240.0234691672,7519.12273418914,6232.30486184686,9619.30028164211,9975.62744340425,5502.29833888531,2581.02261689045,1461.05264877759,6238.96731897996,3611.07880279564,6511.04382406539,4632.81608223335,3911.99329481787,3309.3299076248,2843.24208200779,4630.03965846946,4797.88625242408,4425.72477320947,4220.13056238785,4747.50905923306,3362.27178325905,3989.66519493804,6660.68274567255,4777.56079293608,5565.64715707886,3858.24164703301,5071.80707425864,2069.14386778687
4580.56985774696,15982.4606605335,11008.818149688,17025.6106297366,20315.651316106,17085.0157517077,7126.09691591407,8547.5640958755,1e+09,2470.27942931564,4053.38491757198,4697.481697942,5708.43899940255,4224.18608486889,5045.59586677332,1978.20544223799,6304.51795963022,5459.8828667106,3932.26923143622,4802.75937252742,3576.09606390824,4826.30129428323,3999.29849314852,3278.87549319885,7405.03593812346,9539.98147620319,8424.17745141922,2886.21093679932,4343.14773470809,3469.81248033665,1985.64800251706,4802.88586970376,8959.65538039271,7374.5636985655,3959.50561565456,6295.6321693139,2999.12975071103,4487.78037545288,5260.24291760371,5873.09167939681,6054.62835710005,4943.42968014111,4153.05202569147,4918.05014857515,4896.51130104894,4407.96951983563,5773.42481717741,5124.19264105088,3280.0563868324,4435.58158217161,3929.06306246158,5751.90351019556,4146.31503417191,7469.65598205834
3204.97187369874,14239.6798317097,9526.26188273239,15244.4703644797,18504.1418385533,15567.3693091479,8056.77896475384,9621.701147583,2470.27942931564,1e+09,2499.35616871626,5955.09288753752,6917.57975825361,3402.14945199355,5661.18825872272,1393.54365765842,4170.16004218064,3894.04448209057,5191.64967132799,5825.88077542787,4743.61065240393,5870.58622746485,5288.15404943918,1015.01411300533,5364.00553914703,7609.05752224282,6680.58882459473,2293.81184271945,4078.59290145511,1606.94516975533,2092.25762395552,6880.22740466476,10458.4942898918,8395.55199447303,3804.55321562204,6859.03605917041,3265.39717285662,5217.88520784043,6041.87848726702,6699.67179278955,7219.25203057076,5793.91481186943,4954.58111008388,6061.37963168452,6345.53212805672,5981.40632315679,7235.30778577525,6261.38743782079,3629.70678742788,5282.57482939901,4740.30355531162,6518.344236453,4907.36743726206,8858.23132389305
4972.39749361412,12055.5738257082,7180.33280234976,13036.9387994728,16322.7702991618,13310.1590090014,10438.0848752537,11983.8791122199,4053.38491757198,2499.35616871626,1e+09,8038.02818547559,9050.69947876406,5462.80041370724,8005.75187039918,3220.12080719031,2539.168834422,2301.36043243991,7360.03470451736,8098.71760047231,6956.52096885361,8065.0433880792,7337.61044566281,2191.45766130674,3529.89528191702,5641.44558634576,4530.97890213583,4676.34409896235,6399.64700922637,3285.81536911312,2693.46240484251,8751.36435871573,12636.8840409731,10778.4888448613,6167.5709613591,9184.8693068274,5589.58297321008,7492.59670893209,8302.91354153468,8978.42222460049,9484.17906524334,7970.50833282922,7270.20788780486,8141.96589882935,8419.46508462978,8026.0859114764,9400.31554072521,8404.10751089014,5744.93591309773,7576.69079476654,6830.40918771343,8716.66401117997,7125.61457837849,11053.5968725976
5213.02090705572,20011.6740284115,15137.2190024918,20895.9270840492,24163.8826920075,21323.7688016495,3614.66529411784,4602.41843677865,4697.481697942,5955.09288753752,8038.02818547559,1e+09,1417.21525238758,4260.10327676454,2443.88810556048,5125.3868964206,9917.16820240536,9679.96337305571,1150.57370298473,1430.98293151945,2361.83266591857,1202.32125328466,1030.08821631936,6575.60653482247,11085.7174263103,13425.8198579156,12486.514731137,4367.82107353312,3820.80716624119,6499.71533521277,6145.92056512285,3537.85204830558,4785.70148179972,3819.08177313605,3773.67823181839,2978.54212547011,3412.46214219294,1739.47771224583,1991.49189993331,1915.44721219354,2074.51019011718,2977.91462604286,2286.45142651227,1396.00281940976,1382.45937444831,1867.834192561,2355.75496809409,1448.89102961541,3823.57012171871,3044.16840368597,2242.14843364573,1792.42560858185,1983.74201314082,3311.15855660825
5965.14472528538,20989.8439867332,16146.0691082319,21887.8158883498,25125.8983429787,22334.4132492036,3277.36831993293,3742.97467044595,5708.43899940255,6917.57975825361,9050.69947876406,1417.21525238758,1e+09,5111.80152195877,2660.80943306731,6147.92042121562,10884.0887146789,10609.5522298116,1855.75369890511,1807.67186427736,2907.75309460759,1575.24464426958,1908.36023947262,7575.66113363052,12065.5342346537,14383.4686196967,13477.2692300443,5187.38111424252,4412.71040241709,7314.02225126503,7138.27587434109,3733.51922157902,3860.86129332562,3160.99359200553,4404.38770340441,3113.55532303507,4274.8045086413,2410.4667161776,2105.29590212397,1816.07271189785,1812.72528517147,3258.91714175123,2865.15491486935,1583.70212003394,1532.0627955146,2439.32820450631,2179.3411699181,1695.60504342845,4600.46794079689,3429.21978750269,3052.41848079519,1946.34868183992,2720.90590757931,2638.41713589796
1405.60809506064,16680.6581255747,12267.6454791496,17536.0705173765,20732.0548917757,18230.5962804375,5956.55527000296,7386.60316033696,4224.18608486889,3402.14945199355,5462.80041370724,4260.10327676454,5111.80152195877,1e+09,3437.43562714998,3072.24386351409,6555.14853223785,6910.51606815294,3836.43095062325,3989.30260912857,3644.09611296135,3991.92624037569,3973.36423798524,3593.93407948727,7723.22817972511,10004.4700151532,9360.74087146952,1853.1920061073,1862.69369808887,3490.04608059836,4622.90894633455,6540.84013560949,8543.87561798509,6309.45631787716,1969.19307458664,4255.90553214002,2070.72155453117,3032.96617997959,3789.26983465153,4312.22309258229,5178.5222927395,3974.89452507862,3173.82673470056,4264.30762460918,4849.51065113791,4756.68612103006,5627.45323321305,4296.54487629304,2638.31918743734,3774.72885793139,2974.87324721575,4026.85388677066,2983.57252135758,6847.88474164833
4504.43726326608,19672.6637125505,15105.9837053235,20647.0372704221,23865.8169303169,21106.420451538,3256.5255403881,4163.11371486535,5045.59586677332,5661.18825872272,8005.75187039918,2443.88810556048,2660.80943306731,3437.43562714998,1e+09,4977.42835686261,9527.8607837279,9281.12860300944,2083.10694634241,1469.24453254045,1882.99469300898,1806.94943277337,2656.4765253433,6223.30970711727,10725.9054232964,12925.0621347791,12175.775326278,3516.23763757514,2249.21021696506,5630.90007205775,6187.13232529417,4284.68481610958,5382.42615077996,3121.8724226656,2258.72628293027,1742.78066345137,2596.69035608792,1025.47957624713,843.695374765087,1501.45344623135,2092.68776056057,1662.20388746387,1127.75637444441,2003.09894206452,2425.51824583943,2629.41821530923,2631.83858961753,1750.94064291169,2836.1265772176,1467.01076079898,1890.12697890909,1642.98902479597,1437.66815962516,3732.53165477535
3292.56706012194,15096.0612465239,10324.9863438844,16075.8475307307,19368.1725521924,16383.1567589522,7442.08862143552,8954.5004314367,1978.20544223799,1393.54365765842,3220.12080719031,5125.3868964206,6147.92042121562,3072.24386351409,4977.42835686261,1e+09,5122.53884028223,4812.13491815223,4429.58576392872,5097.17788666435,4043.62295069657,5129.00606179209,4473.78006971733,2024.42433121122,6314.06041938149,8478.72444627138,7520.06099545077,2134.00825078068,3581.0430615674,2348.77313557525,2098.87935703794,5997.48724346288,9611.16375159117,7782.85498008925,3466.23405411406,6113.47954672296,2742.15998973437,4469.21347095884,5311.42181394963,5979.91790610038,6400.70937342886,5009.75071629318,4280.76834556602,5206.30440556447,5483.06969417679,5009.20433842542,6344.92528839387,5405.4459628693,3108.7256759161,4632.9345835658,3814.13993134756,5723.61167230098,4206.70186199355,8025.70910564294
5820.02400311202,10226.956606029,5870.62484163313,11174.676295343,14420.50621772,11721.6428379046,11934.0046389592,13582.7808221954,6304.51795963022,4170.16004218064,2539.168834422,9917.16820240536,10884.0887146789,6555.14853223785,9527.8607837279,5122.53884028223,1e+09,2530.22913391258,9252.97404461939,9804.28651687108,8799.53772476714,9854.96649095774,9258.3706010183,3454.13109600664,1293.57268176164,3659.61365922689,2941.57954291568,6098.85883330644,7649.42016116254,4357.6958724996,4992.37410949941,10947.0923442392,14522.0786706415,12375.3775359098,7482.85931617721,10599.1531894204,7179.16499539466,9126.24540479819,9922.4289195388,10579.0098606675,11231.3867009421,9658.83147537009,8938.5148122381,9997.31178245432,10383.8856028078,10004.803336393,11278.9846327185,10220.7985337693,7374.35967515146,9205.41438630548,8603.03181810343,10321.8967018228,8811.53620692215,12881.3645017754
6317.15816389775,10814.0322654919,6313.93692618955,12015.1827358305,15214.5793328899,12073.8765590137,11807.5122922401,13236.556964124,5459.8828667106,3894.04448209057,2301.36043243991,9679.96337305571,10609.5522298116,6910.51606815294,9281.12860300944,4812.13491815223,2530.22913391258,1e+09,8869.36390914817,9560.86690335139,8210.32393477261,9525.18740866551,9012.11062559154,3628.68362306498,3127.98822061401,4392.77543255969,3458.36287725855,5875.71466852331,7539.54027497035,3839.70663211397,3913.93887536584,9948.21947789653,14055.1555887368,11954.2132678316,7256.30803957495,10527.3482034604,6874.26359529514,8936.73393015032,9660.34194983801,10411.7868139335,10879.1767843344,9107.97666987021,8534.19685666437,9625.84044182637,9889.38989106507,9533.7559114863,10799.598992083,9862.41126734228,6849.55164956072,8673.55905180221,8260.76490566098,10226.8039123961,8517.48693765949,12481.7128047196
4713.08391327801,19351.3003448347,14506.3627011184,20293.5058613267,23546.7213066129,20655.1823012192,3835.80429382157,4883.65339687411,3932.26923143622,5191.64967132799,7360.03470451736,1150.57370298473,1855.75369890511,3836.43095062325,2083.10694634241,4429.58576392872,9252.97404461939,8869.36390914817,1e+09,1398.13075665333,1468.20840387188,1161.31060302574,857.854724530908,5897.14979536725,10436.6898865301,12728.1069303648,11798.0300434479,3546.47656120832,3192.14942751745,5634.52450009759,5399.6489686275,3230.15422066811,5344.96306229519,3874.84970884033,3040.37204626342,3163.75294430523,2620.95075255145,1454.98190971572,1893.44083828885,2216.07172697546,2408.37282776152,2482.83305842338,1611.14568205361,1439.04978788088,1411.36810520856,1709.0676511771,2509.47181177633,1560.94094881901,3031.73743591031,2369.49672466539,1826.9593088791,2226.31120333614,1569.91045518526,3831.99684644964
5068.87985832176,19964.5867837454,15203.9919037173,20911.0088363283,24176.8491895946,21310.2182904235,2989.98285292742,4112.48055247681,4802.75937252742,5825.88077542787,8098.71760047231,1430.98293151945,1807.67186427736,3989.30260912857,1469.24453254045,5097.17788666435,9804.28651687108,9560.86690335139,1398.13075665333,1e+09,1903.16717134885,1473.28965665276,1755.72206721337,6402.85091518614,10976.9788409972,13296.3444969623,12411.6935742227,3978.47785957142,3233.24655473411,6155.24022357373,6185.67003750604,3645.5681656499,4810.02582138599,3270.55659370083,3082.62400707579,2307.88043531289,3046.65421021159,1310.65997630965,1305.23274307688,1431.44862506483,1738.135695048,2542.306780485,1696.95584865959,1579.18718969602,1721.97105669637,1917.45091827666,1969.0343518588,1523.48681051068,3405.89819971179,2079.02448338157,2159.7211564459,1582.77610697155,1548.05122227916,3205.54121297793
4524.24468642005,18823.2766807535,14084.6388668933,19861.7343399236,23095.8256416934,20126.569584969,4315.59806806658,5219.02719372107,3576.09606390824,4743.61065240393,6956.52096885361,2361.83266591857,2907.75309460759,3644.09611296135,1882.99469300898,4043.62295069657,8799.53772476714,8210.32393477261,1468.20840387188,1903.16717134885,1e+09,2034.3411185197,2131.89634977876,5459.44417163506,9988.77614683601,12140.771472703,11267.7181343385,2941.65565792463,2747.1021353783,4903.21304001774,4811.85734618141,3160.91767455276,5930.59092896315,4103.14823954729,2355.34885923508,3426.04883791811,1988.91755990539,1719.66822340822,1972.17219326812,2751.45501287955,2934.85250394292,1933.8455949222,1241.06895569908,2001.72241222403,2105.99801267713,2125.54803970647,2798.39999394297,2077.88836025904,2092.99557130444,1453.58570369965,1682.84385250088,2815.60838038602,1476.20773399275,4342.92116723295
4869.81574336237,19962.8264574258,15206.873015183,20875.9003271763,24108.8769493687,21349.1342564353,3585.98213545467,4260.22712780669,4826.30129428323,5870.58622746485,8065.0433880792,1202.32125328466,1575.24464426958,3991.92624037569,1806.94943277337,5129.00606179209,9854.96649095774,9525.18740866551,1161.31060302574,1473.28965665276,2034.3411185197,1e+09,1692.14586620067,6526.87308434138,11039.4381304168,13312.0942333616,12453.8384620405,4046.55018344021,3187.70949424505,6146.85421949309,6142.65744004173,3705.80640535903,4842.93006381467,3258.65684609472,3182.66961225949,2485.98375439181,3106.63962779721,1286.36322238317,1342.73521634014,1420.80967557235,1765.14518264079,2144.0453561667,1589.25563604475,1100.99109455981,1347.54681696036,2241.94741115843,2490.74335169242,1010.57284180805,3360.12930700591,2494.36359889652,1861.97699266129,1445.98069724322,1502.32953888286,3334.61615579665
4838.17669007654,19338.1706930051,14429.0515118285,20234.1338642775,23498.9368185988,20612.9451007662,4014.96676704802,5237.42845467124,3999.29849314852,5288.15404943918,7337.61044566281,1030.08821631936,1908.36023947262,3973.36423798524,2656.4765253433,4473.78006971733,9258.3706010183,9012.11062559154,857.854724530908,1755.72206721337,2131.89634977876,1692.14586620067,1e+09,5953.95296649209,10429.9231892186,12775.8237292943,11806.8092663132,3848.12350344944,3653.16437193839,5926.85705945402,5514.58493926787,3527.43434752512,5494.70806697681,4367.19779553205,3557.91168826603,3542.03076796349,2985.00434152113,1907.80459502539,2426.81747684081,2592.22666935205,2806.29816557329,3174.43330640289,2321.798585752,1824.77495237084,1783.84390572718,1824.57154622668,2787.05835164964,1994.05286637541,3530.46974887195,3058.76023558565,2252.64742005934,2484.36187808862,2123.41103743482,4041.50978667626
3311.97451874256,13598.3631453495,8959.99182587797,14565.9370177308,17840.4916469166,14978.1511112687,8623.48396019266,10237.8460844945,3278.87549319885,1015.01411300533,2191.45766130674,6575.60653482247,7575.66113363052,3593.93407948727,6223.30970711727,2024.42433121122,3454.13109600664,3628.68362306498,5897.14979536725,6402.85091518614,5459.44417163506,6526.87308434138,5953.95296649209,1e+09,4613.21215449712,6969.76745551815,6073.28872301491,2861.68349507768,4556.77458327708,1934.47813779324,2561.95488094541,7694.3926448096,11127.788744189,9052.15474447383,4283.76892351817,7336.98677729489,3886.69330692557,5792.93357615984,6608.83551988548,7247.53504967724,7842.04319769408,6432.3830134873,5590.07832982687,6686.92922655833,7027.5723139787,6645.01037634254,7878.10545916339,6885.61104912992,4175.53075341327,5877.0108246795,5323.29659655556,7027.81404773205,5456.65433214346,9481.08130767794
6977.85489274462,9079.84059720213,4842.284610326,10001.1689797693,13263.1030771347,10599.938246622,13120.0656258839,14771.1949086321,7405.03593812346,5364.00553914703,3529.89528191702,11085.7174263103,12065.5342346537,7723.22817972511,10725.9054232964,6314.06041938149,1293.57268176164,3127.98822061401,10436.6898865301,10976.9788409972,9988.77614683601,11039.4381304168,10429.9231892186,4613.21215449712,1e+09,2729.68211753677,2064.55890463314,7303.33620485871,8855.94241034798,5545.74172510765,6004.26227195315,12091.6046514638,15706.7696172096,13573.9791446613,8660.19701142532,11781.597632817,8384.39628520146,10321.6142572565,11109.7355333734,11757.9020005144,12418.1773887274,10840.6373376938,10127.21252926,11164.5697092185,11544.2673946856,11160.7782742647,12446.2832663611,11396.4679469781,8514.51227053553,10365.3239327577,9780.31408312126,11494.4310844295,9972.48027611486,14051.4818303195
9213.62095650782,6782.06863874143,3471.51758618619,7924.08690483011,11106.277704015,8399.01011072138,15445.4025221714,17013.2976705752,9539.98147620319,7609.05752224282,5641.44558634576,13425.8198579156,14383.4686196967,10004.4700151532,12925.0621347791,8478.72444627138,3659.61365922689,4392.77543255969,12728.1069303648,13296.3444969623,12140.771472703,13312.0942333616,12775.8237292943,6969.76745551815,2729.68211753677,1e+09,1558.36045012057,9506.71707260714,10975.5256275041,7490.26742495887,7973.9750804351,14121.6079960853,17961.4872879419,15774.0175122795,10825.8103307189,14011.0945360596,10579.182903443,12587.1418501422,13330.8112770791,14050.9616236648,14670.9202429398,12891.2918298517,12326.3023449695,13400.2713585509,13791.0069787525,13401.9809260982,14675.8358836456,13633.2194153069,10613.8193049769,12494.7074836108,11951.481661656,13784.8649017863,12229.794650218,16323.883710055
8664.54195310404,7613.10832955239,3232.1932138565,8725.73753925707,12018.3432120488,8955.65362568808,14635.324091198,16240.0234691672,8424.17745141922,6680.58882459473,4530.97890213583,12486.514731137,13477.2692300443,9360.74087146952,12175.775326278,7520.06099545077,2941.57954291568,3458.36287725855,11798.0300434479,12411.6935742227,11267.7181343385,12453.8384620405,11806.8092663132,6073.28872301491,2064.55890463314,1558.36045012057,1e+09,8747.36493056623,10331.3428174899,6809.80688948666,6887.86170223387,13062.3602847954,17047.3226531852,15012.8164986388,10139.7793496802,13292.6369642859,9789.91325206715,11782.3995448083,12554.6581253892,13258.6714237362,13817.8639200421,12145.6053909428,11523.0133046135,12522.5865362273,12853.4897388803,12422.0249127829,13747.6160030385,12779.0074037853,9843.98061202886,11697.2751786431,11120.3528160306,12993.5580562292,11401.8753578085,15437.1418116535
2277.10045790694,16237.0445837966,11691.8781579693,17237.6113378478,20448.8226946663,17656.8125111527,6107.00469583085,7519.12273418914,2886.21093679932,2293.81184271945,4676.34409896235,4367.82107353312,5187.38111424252,1853.1920061073,3516.23763757514,2134.00825078068,6098.85883330644,5875.71466852331,3546.47656120832,3978.47785957142,2941.65565792463,4046.55018344021,3848.12350344944,2861.68349507768,7303.33620485871,9506.71707260714,8747.36493056623,1e+09,1989.85852853915,2278.43279005548,3382.18400297796,5706.15334228761,8616.82838744628,6297.59435171082,1574.30764525235,4797.76749194873,1229.74397323183,3219.85766641943,3971.89189373276,4672.46586501175,5286.64977959577,3772.23307665367,2907.66304952964,4293.50625358809,4666.0345235328,4438.70524129503,5447.48542020077,4380.44529532101,1800.69569242002,3257.99915500296,2981.76857504066,4558.9298608226,2987.13598162186,6948.34592000139
2740.41163623278,17731.0229395204,13341.7466844488,18691.1319982739,21881.4243646455,19250.0363833319,5054.29856527095,6232.30486184686,4343.14773470809,4078.59290145511,6399.64700922637,3820.80716624119,4412.71040241709,1862.69369808887,2249.21021696506,3581.0430615674,7649.42016116254,7539.54027497035,3192.14942751745,3233.24655473411,2747.1021353783,3187.70949424505,3653.16437193839,4556.77458327708,8855.94241034798,10975.5256275041,10331.3428174899,1989.85852853915,1e+09,3776.77007859891,5050.08621328389,5555.13005494021,7518.48736804818,5052.58171097707,1013.68970237445,3203.72117110712,1740.91221263451,2245.99504028838,2819.12118744477,3445.0663015826,4124.90523286293,2674.67094035883,2059.72175849069,3519.39507080407,4050.68345781301,4043.46755138458,4658.25390294475,3463.64973787766,2149.60754308781,2548.46678679554,2265.92618964078,3324.75608517377,2293.70835720237,5905.82196253832
3148.42262156782,14230.1677966354,9857.10149445566,15316.9544593336,18498.5002956915,15671.3804790963,8251.41590244365,9619.30028164211,3469.81248033665,1606.94516975533,3285.81536911312,6499.71533521277,7314.02225126503,3490.04608059836,5630.90007205775,2348.77313557525,4357.6958724996,3839.70663211397,5634.52450009759,6155.24022357373,4903.21304001774,6146.85421949309,5926.85705945402,1934.47813779324,5545.74172510765,7490.26742495887,6809.80688948666,2278.43279005548,3776.77007859891,1e+09,2864.34759420012,7269.49780318421,10708.1961522891,8339.57512486697,3531.59562720592,6863.48666773674,3376.52322096265,5417.18044375485,6106.67531245112,6855.40543509281,7405.69629246974,5620.07282410113,4999.69763817773,6343.98582897219,6702.80928911154,6441.59555010248,7516.24371154236,6492.32640401729,3486.66393044985,5179.80769546515,4930.91763365603,6724.49109925056,5098.11523099469,9095.16134727691
4623.24450614501,14400.1438050667,9517.67166075821,15471.0952512193,18745.6841484994,15567.5657871743,8713.89343131416,9975.62744340425,1985.64800251706,2092.25762395552,2693.46240484251,6145.92056512285,7138.27587434109,4622.90894633455,6187.13232529417,2098.87935703794,4992.37410949941,3913.93887536584,5399.6489686275,6185.67003750604,4811.85734618141,6142.65744004173,5514.58493926787,2561.95488094541,6004.26227195315,7973.9750804351,6887.86170223387,3382.18400297796,5050.08621328389,2864.34759420012,1e+09,6318.45505794732,10461.5945447384,8794.49555843313,4635.81222058228,7502.07845644126,3947.79996006637,5711.64121999973,6396.07048515727,7136.75501792657,7459.96892216717,5909.00265036326,5330.21125344953,6096.76502570011,6257.63252027474,5903.36072180076,7222.01645119284,6372.91015496845,3800.91516810097,5499.12700269779,4895.09274101115,6929.87153010069,5197.16166278287,8911.37554874667
7438.56069586718,20609.3544327303,15655.2080150249,21706.0544240864,24990.2532814536,21663.683537185,5114.8294236074,5502.29833888531,4802.88586970376,6880.22740466476,8751.36435871573,3537.85204830558,3733.51922157902,6540.84013560949,4284.68481610958,5997.48724346288,10947.0923442392,9948.21947789653,3230.15422066811,3645.5681656499,3160.91767455276,3705.80640535903,3527.43434752512,7694.3926448096,12091.6046514638,14121.6079960853,13062.3602847954,5706.15334228761,5555.13005494021,7269.49780318421,6318.45505794732,1e+09,5063.33732796858,4743.95521686282,5341.08566499359,5089.0859105246,4815.25536371645,4148.12713340611,4115.54453638884,4404.50697915215,3649.12849102358,3895.59635548911,3861.68209076045,3470.50568025756,2793.65994711239,2571.43689224527,2815.56383866536,3513.70427845031,4815.98595859664,3766.18564230443,3980.15355218866,4555.06342634216,4072.68153522958,4152.67665407506
9539.75377809616,24616.3870921242,19758.5595102553,25570.7590215817,28833.5330231763,25904.391776139,4083.957406487,2581.02261689045,8959.65538039271,10458.4942898918,12636.8840409731,4785.70148179972,3860.86129332562,8543.87561798509,5382.42615077996,9611.16375159117,14522.0786706415,14055.1555887368,5344.96306229519,4810.02582138599,5930.59092896315,4842.93006381467,5494.70806697681,11127.788744189,15706.7696172096,17961.4872879419,17047.3226531852,8616.82838744628,7518.48736804818,10708.1961522891,10461.5945447384,5063.33732796858,1e+09,3392.30430554218,7540.15996196367,4947.03394606304,7568.73928153163,5574.89959878203,4884.22931234806,4306.62908518948,3480.5349232266,5616.75192212546,5831.53965058114,4717.78724896535,4329.01282498678,4932.12779777653,3552.6132230796,4506.10246075253,7677.17641588364,5895.949592466,6180.28994361915,4631.52059213818,5884.74448381576,1945.19064780293
7237.36403103368,22510.8751764586,17905.3660958468,23510.069740088,26699.9727154767,23897.9478022758,2172.72691482386,1461.05264877759,7374.5636985655,8395.55199447303,10778.4888448613,3819.08177313605,3160.99359200553,6309.45631787716,3121.8724226656,7782.85498008925,12375.3775359098,11954.2132678316,3874.84970884033,3270.55659370083,4103.14823954729,3258.65684609472,4367.19779553205,9052.15474447383,13573.9791446613,15774.0175122795,15012.8164986388,6297.59435171082,5052.58171097707,8339.57512486697,8794.49555843313,4743.95521686282,3392.30430554218,1e+09,5046.89265409915,2828.8344573163,5295.88206379258,3586.92695173738,2988.23286769957,2523.48861840112,2124.75984755925,3526.4215649437,3612.250057305,3638.66699016274,3440.47279249524,3976.7125700005,2870.32836699915,3142.75404141018,5490.7054526536,3691.92617132304,4550.88339134283,3159.19103863632,4046.95028212604,2318.85229436892
2817.51245393876,17575.8501251376,13136.3475862319,18571.4937057847,21764.7485521519,19057.7206256074,5079.36096362525,6238.96731897996,3959.50561565456,3804.55321562204,6167.5709613591,3773.67823181839,4404.38770340441,1969.19307458664,2258.72628293027,3466.23405411406,7482.85931617721,7256.30803957495,3040.37204626342,3082.62400707579,2355.34885923508,3182.66961225949,3557.91168826603,4283.76892351817,8660.19701142532,10825.8103307189,10139.7793496802,1574.30764525235,1013.68970237445,3531.59562720592,4635.81222058228,5341.08566499359,7540.15996196367,5046.89265409915,1e+09,3507.32046760772,1308.73265650399,2264.29994238838,2789.57004945207,3493.89234556533,4174.011529572,2655.53983206805,1861.16606134434,3461.2734698807,3918.93687934623,3911.50919308647,4541.50474246147,3437.05510956691,1511.89354783993,2151.82945427838,2295.83082891575,3456.20386988384,2039.35464473446,5856.58446413095
5398.46703529808,20739.5593350486,16230.8758978251,21646.4397737573,24877.194923554,22210.6657321927,2764.03764686735,3611.07880279564,6295.6321693139,6859.03605917041,9184.8693068274,2978.54212547011,3113.55532303507,4255.90553214002,1742.78066345137,6113.47954672296,10599.1531894204,10527.3482034604,3163.75294430523,2307.88043531289,3426.04883791811,2485.98375439181,3542.03076796349,7336.98677729489,11781.597632817,14011.0945360596,13292.6369642859,4797.76749194873,3203.72117110712,6863.48666773674,7502.07845644126,5089.0859105246,4947.03394606304,2828.8344573163,3507.32046760772,1e+09,3901.82068910144,2053.73600241122,1857.4132747722,1489.04025677616,1906.47798725818,2643.98936575017,2460.7563719312,2848.08124922728,3155.27744203263,3361.94250788142,2982.17130710159,2372.71908992616,4194.93892390581,2825.68810678036,2942.31724501285,1604.15119440158,2632.95614564694,3418.80535810391
2921.98620782166,17301.5931031885,12690.1141552903,18299.9486522394,21519.5433698255,18670.9436272862,5127.02855624971,6511.04382406539,2999.12975071103,3265.39717285662,5589.58297321008,3412.46214219294,4274.8045086413,2070.72155453117,2596.69035608792,2742.15998973437,7179.16499539466,6874.26359529514,2620.95075255145,3046.65421021159,1988.91755990539,3106.63962779721,2985.00434152113,3886.69330692557,8384.39628520146,10579.182903443,9789.91325206715,1229.74397323183,1740.91221263451,3376.52322096265,3947.79996006637,4815.25536371645,7568.73928153163,5295.88206379258,1308.73265650399,3901.82068910144,1e+09,2215.01117773703,3018.63760597393,3714.29505874264,4251.5172930849,2830.70628227303,1903.60095747507,3385.85016864303,3681.95513100038,3414.51302296535,4389.00463613335,3350.32335934906,1359.16215684516,2371.42503750382,2147.83642547565,3634.50435831352,2119.16717905879,5861.83305170831
4113.45531292124,19292.7439012962,14629.1102336745,20220.2297155868,23456.6076564515,20698.0910175601,3506.81900905935,4632.81608223335,4487.78037545288,5217.88520784043,7492.59670893209,1739.47771224583,2410.4667161776,3032.96617997959,1025.47957624713,4469.21347095884,9126.24540479819,8936.73393015032,1454.98190971572,1310.65997630965,1719.66822340822,1286.36322238317,1907.80459502539,5792.93357615984,10321.6142572565,12587.1418501422,11782.3995448083,3219.85766641943,2245.99504028838,5417.18044375485,5711.64121999973,4148.12713340611,5574.89959878203,3586.92695173738,2264.29994238838,2053.73600241122,2215.01117773703,1e+09,1082.19228989122,1559.7070845194,2204.09399937934,1879.68230273097,948.043935690746,1680.60086897514,2097.36352142398,2271.32677884535,2735.43816769818,1450.36435715306,2640.3651465091,1877.92085163353,1377.9887670442,1463.39561845046,976.984499621156,3886.83746470058
4807.91511321695,20048.9792522836,15422.384381849,20997.2300114848,24218.1758082437,21482.7214815232,3329.56733267252,3911.99329481787,5260.24291760371,6041.87848726702,8302.91354153468,1991.49189993331,2105.29590212397,3789.26983465153,843.695374765087,5311.42181394963,9922.4289195388,9660.34194983801,1893.44083828885,1305.23274307688,1972.17219326812,1342.73521634014,2426.81747684081,6608.83551988548,11109.7355333734,13330.8112770791,12554.6581253892,3971.89189373276,2819.12118744477,6106.67531245112,6396.07048515727,4115.54453638884,4884.22931234806,2988.23286769957,2789.57004945207,1857.4132747722,3018.63760597393,1082.19228989122,1e+09,1004.81561741446,1685.46626106843,1687.1199434243,1400.06504309621,1368.02080660347,1900.48048853441,2469.10911767787,2326.06405651263,1141.46988624317,3129.80365930516,1861.50395264152,1830.01262782528,1078.85229480221,1342.34367238796,3232.01145760655
5341.12624616756,20749.5321058741,16095.1556043705,21654.9753380834,24884.2382199777,22186.6410035837,2722.94568098594,3309.3299076248,5873.09167939681,6699.67179278955,8978.42222460049,1915.44721219354,1816.07271189785,4312.22309258229,1501.45344623135,5979.91790610038,10579.0098606675,10411.7868139335,2216.07172697546,1431.44862506483,2751.45501287955,1420.80967557235,2592.22666935205,7247.53504967724,11757.9020005144,14050.9616236648,13258.6714237362,4672.46586501175,3445.0663015826,6855.40543509281,7136.75501792657,4404.50697915215,4306.62908518948,2523.48861840112,3493.89234556533,1489.04025677616,3714.29505874264,1559.7070845194,1004.81561741446,1e+09,1181.31187203041,2403.00435840221,2066.34890120231,1732.83798991712,2048.47489271897,2702.87026322019,2271.45672166564,1351.57491497882,3949.08710767438,2593.20328163837,2540.42259901773,704.964101213672,2005.27602249665,2687.99060699624
6249.70251036799,21370.2874036944,16639.0444304443,22316.1835409418,25574.3450342565,22729.5110077912,2558.89465046922,2843.24208200779,6054.62835710005,7219.25203057076,9484.17906524334,2074.51019011718,1812.72528517147,5178.5222927395,2092.68776056057,6400.70937342886,11231.3867009421,10879.1767843344,2408.37282776152,1738.135695048,2934.85250394292,1765.14518264079,2806.29816557329,7842.04319769408,12418.1773887274,14670.9202429398,13817.8639200421,5286.64977959577,4124.90523286293,7405.69629246974,7459.96892216717,3649.12849102358,3480.5349232266,2124.75984755925,4174.011529572,1906.47798725818,4251.5172930849,2204.09399937934,1685.46626106843,1181.31187203041,1e+09,2539.4562461086,2472.51708105323,1914.65048677298,1770.07093838072,2351.5943221993,1493.13368490568,1453.57281138579,4421.39837345607,2769.13517559183,2932.2324980465,1562.33961365639,2590.28149003154,1895.00864728898
4914.79836211009,19621.1189835697,15072.2947072899,20632.1529602293,23836.3243573648,21026.1227131442,4310.5491368386,4630.03965846946,4943.42968014111,5793.91481186943,7970.50833282922,2977.91462604286,3258.91714175123,3974.89452507862,1662.20388746387,5009.75071629318,9658.83147537009,9107.97666987021,2482.83305842338,2542.306780485,1933.8455949222,2144.0453561667,3174.43330640289,6432.3830134873,10840.6373376938,12891.2918298517,12145.6053909428,3772.23307665367,2674.67094035883,5620.07282410113,5909.00265036326,3895.59635548911,5616.75192212546,3526.4215649437,2655.53983206805,2643.98936575017,2830.70628227303,1879.68230273097,1687.1199434243,2403.00435840221,2539.4562461086,1e+09,1390.10707558806,2098.83120297941,2356.55005815705,2668.12865658686,2861.14104620866,1790.99769790472,2487.89326360678,1509.49923941683,1725.61841630762,2422.51962066358,1844.89578461766,3985.88753381226
4174.62646398453,19049.6156823386,14413.3742198973,20035.9973958798,23264.4618021286,20436.3569142546,3845.7213389298,4797.88625242408,4153.05202569147,4954.58111008388,7270.20788780486,2286.45142651227,2865.15491486935,3173.82673470056,1127.75637444441,4280.76834556602,8938.5148122381,8534.19685666437,1611.14568205361,1696.95584865959,1241.06895569908,1589.25563604475,2321.798585752,5590.07832982687,10127.21252926,12326.3023449695,11523.0133046135,2907.66304952964,2059.72175849069,4999.69763817773,5330.21125344953,3861.68209076045,5831.53965058114,3612.250057305,1861.16606134434,2460.7563719312,1903.60095747507,948.043935690746,1400.06504309621,2066.34890120231,2472.51708105323,1390.10707558806,1e+09,1940.48533284846,2196.79426305697,2357.37485850257,2851.33675880279,1732.98116461201,2064.03849326993,1202.53627737378,1378.49707721852,2137.83005360576,954.172745104365,4145.73893630557
5187.31516703969,20037.9899981311,15263.1532084036,20962.590126492,24209.0769427977,21409.3093359501,4034.39780880617,4425.72477320947,4918.05014857515,6061.37963168452,8141.96589882935,1396.00281940976,1583.70212003394,4264.30762460918,2003.09894206452,5206.30440556447,9997.31178245432,9625.84044182637,1439.04978788088,1579.18718969602,2001.72241222403,1100.99109455981,1824.77495237084,6686.92922655833,11164.5697092185,13400.2713585509,12522.5865362273,4293.50625358809,3519.39507080407,6343.98582897219,6096.76502570011,3470.50568025756,4717.78724896535,3638.66699016274,3461.2734698807,2848.08124922728,3385.85016864303,1680.60086897514,1368.02080660347,1732.83798991712,1914.65048677298,2098.83120297941,1940.48533284846,1e+09,937.123423568102,1947.10206442806,2157.91306972732,780.901664167775,3373.61207878144,2462.22744863264,1704.59888762723,1553.98594469191,1590.39997758426,3204.8056273353
