1e+09,8752.4170377045,4613.21243372772,10112.3444871157,13866.9110995888,8522.8221803696,8109.05106653054,7106.9194449283,4092.3665091729,2167.87970699483,1724.76865811041,4819.70136961825,5460.62642913796,1518.93961061656,4987.5541524579,2727.58161984202,2859.30364382659,3044.02319598587,4683.80413514485,4930.32358372146,5004.13562090397,4574.03515178885,4575.07105375425,2407.9962545029,3453.85313661424,4618.96660875569,3516.51121267941,2441.80963799392,2631.67928270145,2521.48119509149,3185.45319822784,8168.88134388057,8877.4496506936,6228.44415725147,3493.08831037808,4628.33752737417,3754.09929437142,4069.46484541887,4593.60802996947,4715.48900377257,6233.75037331461,4722.1262107233,4578.50589413184,5024.46712946756,5619.84478186008,6181.03444971794,7116.47669257759,5000.95529081195,3357.6540960915,5488.31787254528,4131.48186152378,4966.81729923701,5592.0417368793,7845.49364019881
8752.4170377045,1e+09,4210.88644047782,2300.24713328807,6196.01397043293,1970.40966707434,15505.4067585762,15402.0641579497,12152.6392837811,9659.23423957096,8638.95046913108,13487.6949121264,14047.3300909639,9763.77866063134,13168.8361475189,10506.9692206364,6199.39027967267,8431.17228754104,13216.142792937,13345.7982290195,13292.1614193516,13066.5702357007,13115.5472624592,9379.52878627706,5600.1024713839,4543.14564486986,5610.98594190005,10326.1580969255,10871.9869505027,9429.46946610996,11282.8806010522,16437.2607779125,17390.562859393,14433.6963905335,11367.9280156236,13079.736384553,11706.3915182818,12575.0462312232,13115.621288841,13275.8141137333,14679.0611419293,13271.476777891,12894.1106997458,13639.5494827945,14270.7419562299,14657.8918868062,15528.5794267312,13677.7715990215,11763.6955205284,13558.9460584147,12753.1917674596,13506.2698389785,13504.8219388521,16296.7049516367
4613.21243372772,4210.88644047782,1e+09,5823.73212392191,9637.41724818429,4224.526261689,11767.779153141,11280.3892029309,8026.00265294624,5532.75269520516,4476.65334584888,9309.71813905233,9897.2464144377,5640.80534884869,9135.44647169475,6361.74531362267,2125.29586234482,4617.60579945928,9041.11548897037,9220.65633746861,9153.14097524451,8875.37643211261,8932.97028147973,5437.84282540421,1850.64415958336,1416.91925207473,1790.01188537954,6160.44986028618,6722.0130621935,5402.74136624177,7179.28535857156,12342.4637696248,13271.333667552,10288.6405614007,7319.13090876233,8974.38309875392,7639.56293525356,8416.55103531132,8945.94862566849,9116.25539814457,10579.7849997011,9090.38796576362,8803.08803623479,9453.31062380794,10082.1698156052,10511.342544171,11430.4852683384,9487.25564195463,7599.30820500787,9529.91843530678,8578.94475278866,9437.1567950787,9620.85816247698,12221.1899640379
10112.3444871157,2300.24713328807,5823.73212392191,1e+09,4384.26488456161,3443.60346092578,17233.0621485997,17028.5367626934,13800.7796610807,11317.7635277337,10203.943848694,14884.9569464006,15481.1249094212,11088.9135231636,14776.3671768673,11911.2735526391,7723.43504064739,10235.2617538976,14719.092653547,14862.8562564434,14912.4677089441,14489.9564008971,14587.9944795301,11073.7734310035,7213.54777613624,6223.68014548466,7245.0427445806,11899.3421954031,12428.7118826892,11158.9700586613,12891.4181657877,18053.1367975624,18915.535130075,16054.3569945327,13037.5963213163,14546.2906076154,13348.7757436291,14065.9509540521,14587.8780442428,14737.696537268,16222.2477047942,14760.276952588,14446.1270825471,15010.3802311734,15671.5902112166,16197.498591724,17089.0699014165,15064.8860975316,13291.032660388,15212.1828121542,14161.7850265,14931.3114607291,15054.8030346365,17815.1431732136
13866.9110995888,6196.01397043293,9637.41724818429,4384.26488456161,1e+09,7265.82537836549,21324.2002003803,20718.1661466115,17517.92513322,15040.7993436087,13792.4487180305,18512.3606958918,19170.7220659447,14716.266444761,18689.405889835,15316.8611683726,11488.6049307346,14116.2406362246,18404.2826891868,18583.2020532227,18633.8808509849,17993.2158669344,18188.5415921178,15030.3725059627,11222.4169393585,10233.0403947458,11187.0872271561,15515.8160474304,16147.6648843262,14980.0639680043,16702.6680972772,21813.0668632749,22675.3240719929,19654.2314685388,16887.8873882259,18312.3195087515,17159.4159377847,17757.7527643731,18223.6531626867,18401.7410886796,20049.4387381517,18424.3708308181,18287.0052349394,18533.7857695885,19274.0152736813,19908.9848189881,20898.9095740208,18655.0713612412,17005.4121799591,19100.7278004845,17792.2111070378,18793.1097428472,19094.9987491359,21673.2009528196
8522.8221803696,1970.40966707434,4224.526261689,3443.60346092578,7265.82537836549,1e+09,14777.3632347723,15054.9088399532,11716.6702917681,9351.67696905748,8535.79108356103,13191.6686646118,13644.0034257911,9568.16456197844,12692.6477059162,10335.9838546749,5968.88116343423,7876.27901875626,12816.4533935329,13009.5535938325,12900.8985369702,12868.1188965054,12847.0660320908,8985.27201075738,5359.41083792799,4039.98978590293,5183.79147237811,10029.813425832,10589.5026195379,8967.75441017427,10865.3619006225,15858.4588529151,16963.0337107429,14053.224792545,10992.4057384496,12709.8240790854,11230.3481059582,12245.9692780319,12818.4487526533,13018.3500395749,14247.5446184316,12901.6007812674,12384.8037486752,13428.9270548804,13914.8934858015,14240.330841557,15035.2928844968,13391.2435757961,11400.3023877878,13061.5798216104,12470.8446959178,13112.001832146,12979.5996574317,15782.7204648121
8109.05106653054,15505.4067585762,11767.779153141,17233.0621485997,21324.2002003803,14777.3632347723,1e+09,4453.9329540194,5107.74884079082,6942.10218295582,8359.12520882419,5667.79241535009,5145.78716615835,7745.91025507655,3599.12125095835,7858.57288496455,10018.7682355767,7629.60905778927,5082.52710568276,4959.60648414771,4601.57477392251,6433.74326331103,5714.44936872311,6491.42184983383,10176.0074763386,11166.2295559065,10206.9679694462,6900.07843517739,6215.07993657362,6784.23295689351,5514.95691684894,4023.64677709165,4819.62095289661,4983.48300932189,5155.2600606468,4857.626234685,4938.60174919987,5378.39657214862,5531.53254514515,5445.05619255669,3759.56591943804,5260.25108007213,4293.57637190722,6341.12702887271,5621.87447494161,4289.78201394896,3556.83575375642,5842.11066602645,5673.42783960456,3426.03163130465,5878.38863947426,4491.24758315549,3495.44356921979,3626.0913572606
7106.9194449283,15402.0641579497,11280.3892029309,17028.5367626934,20718.1661466115,15054.9088399532,4453.9329540194,1e+09,3486.26948744643,5776.74387925413,6960.50876731723,2986.51200871518,2989.75830462932,6274.90589185208,2986.54235677313,5673.47668813401,9389.2718430185,7485.44220669694,2841.46397716036,2606.42691999987,2325.7834708115,3321.93529968601,2963.06470303974,6233.53292210766,9935.31785595207,11134.2539388546,9977.85517611876,5269.80953542915,4628.89188911342,6179.71074822277,4447.55977129032,2575.11137302836,2862.92522272238,1615.8066236094,4193.00148838514,3026.15245326471,4124.40952727781,3296.33476506862,2955.24519170576,2708.91469529773,1908.98464800008,2805.97429719162,3267.40933081547,3182.68823176258,2726.92391193814,1657.71841604659,1872.01797926729,2924.30606941202,3919.40950436415,2589.79709795961,3519.80794356738,3316.67533797024,4112.72236657181,2687.52730507059
4092.3665091729,12152.6392837811,8026.00265294624,13800.7796610807,17517.92513322,11716.6702917681,5107.74884079082,3486.26948744643,1e+09,2587.68162098818,3898.72488842185,2571.44757486907,2902.89592372858,3590.60289891545,2124.5832384023,3190.76446625256,6179.55471554383,4135.49534777879,1699.45363837911,2234.14342032914,1375.63903332233,2388.92447348174,2160.43692592494,3210.71964750895,6765.85980726027,7827.12385320432,6697.5798146868,2220.88666977854,1846.33405590646,2864.10500114783,1342.79880052821,4475.20625336978,5579.43692831096,2433.12794624533,1449.14258370252,2283.64649871647,1261.99415925748,1684.80541745924,2048.45253520798,2259.63447422365,3024.15849293651,1766.24358088006,1633.06912303185,2958.87729034173,2964.50461652533,2854.52558909532,3759.29722025274,2686.60978039238,1173.46872621302,2141.87388800088,2189.94370404812,2913.08545566381,3477.32415106789,4652.52135474949
2167.87970699483,9659.23423957096,5532.75269520516,11317.7635277337,15040.7993436087,9351.67696905748,6942.10218295582,5776.74387925413,2587.68162098818,1e+09,1554.08556141546,4218.59239129594,4826.74473971848,2102.10303279835,3936.14712691231,2210.41128912698,3685.84805793728,2395.77641675929,3768.00164479794,3924.35309068896,3699.38259324445,3802.74647224871,3743.89181586488,1502.68653627428,4302.8335151967,5434.48556492701,4285.5026414996,989.772526997997,1428.04433369556,1137.8684552267,2076.75197645265,6989.77444141083,7930.01558164926,4796.96016397885,2014.58946634296,3777.47253677641,2434.98725360114,3170.29804057915,3695.71820056671,3870.80608143834,5255.30899373196,3825.69692341147,3618.47329831243,4450.78172595557,4949.07945967733,5114.55349085333,6066.86893201098,4396.06316215998,2326.44735749597,4217.46456607522,3524.53487034814,4494.52955460302,4958.53381708747,6967.57039110478
1724.76865811041,8638.95046913108,4476.65334584888,10203.943848694,13792.4487180305,8535.79108356103,8359.12520882419,6960.50876731723,3898.72488842185,1554.08556141546,1e+09,5088.65898200105,5850.38089823218,2023.7514130693,5270.46571172795,2317.42089489588,2789.3324590303,2830.96596378339,4873.63990815899,5049.32371780618,4934.96113960384,4535.33058140198,4602.66333699305,2435.68356349917,3564.45383624196,4706.60233427469,3613.0997876754,1963.88662539364,2552.67128385149,2246.81614477019,3321.71774684424,8288.54106327525,9090.57093743842,5967.27633574984,3422.5112482065,4913.44028107598,3728.43337059951,4192.79865780602,4696.41862669843,4839.71360761151,6485.653426402,4882.37608233942,4919.246250799,5208.16797368326,5912.78240905244,6273.92955720735,7334.02374772539,5249.67573475734,3465.82113326698,5621.88148431644,4394.43682499817,5564.11122866896,6181.23378917187,8199.61823785718
4819.70136961825,13487.6949121264,9309.71813905233,14884.9569464006,18512.3606958918,13191.6686646118,5667.79241535009,2986.51200871518,2571.44757486907,4218.59239129594,5088.65898200105,1e+09,1566.98940535665,3934.06500393677,2540.16918716057,3757.56362123118,7398.390631313,6087.72654244588,1287.33545857325,1361.54174335567,1951.80917240902,1265.403063494,946.787158446924,4799.86945451645,8031.36286900299,9247.58280418727,8069.5254817864,3533.0029695572,2883.97932424974,4779.5477776773,2948.44919332181,4153.75084054159,4335.50068048663,2499.97415952645,3155.51706343033,1724.80298503916,2927.8073645819,1305.54967933051,1271.89476431818,876.242813151697,2244.93198580714,1066.06566237732,2143.71316339197,1167.17205766759,1279.27804159221,2097.09052758816,3014.26472283043,466.891248365184,2075.40450141653,2743.64959045429,1172.61668024977,1824.95951793458,3533.91287321858,3662.73107236936
5460.62642913796,14047.3300909639,9897.2464144377,15481.1249094212,19170.7220659447,13644.0034257911,5145.78716615835,2989.75830462932,2902.89592372858,4826.74473971848,5850.38089823218,1566.98940535665,1e+09,4812.49669470016,2298.55125300699,4643.85047357255,8000.12702056661,6324.00284935894,1262.18590682989,1863.22498238941,1957.057573706,2274.56236656637,1868.31884679784,5257.80740774137,8611.88206689455,9683.36564298798,8548.49292768614,4212.07836123689,3583.46576196843,5096.88861598917,3214.92345369217,3274.28488931553,3650.27933394145,2615.84546087876,3505.49056790915,2408.48765313422,3189.43250152751,2097.81284553699,1730.02073571388,1918.65924913727,1887.63965141655,1421.40272076565,2005.68822587161,1757.53596609003,1125.35713620166,1897.10609228899,2341.90823039674,1521.03672601946,2712.23281356892,2486.8622432093,1850.0178956702,1782.11600582005,3144.54195564314,2942.44051494673
1518.93961061656,9763.77866063134,5640.80534884869,11088.9135231636,14716.266444761,9568.16456197844,7745.91025507655,6274.90589185208,3590.60289891545,2102.10303279835,2023.7514130693,3934.06500393677,4812.49669470016,1e+09,4504.15929063349,1814.11650893762,3682.37333839197,3886.66502528839,4007.83910406843,4032.16215424182,4377.01765195207,3683.30226108312,3711.80501459869,2689.45114876623,4448.02390186923,5682.7998408619,4545.31812752419,1833.4793630963,1975.43472271295,2899.41454723191,3063.23910098445,7561.52922810591,8125.26526115302,5379.96794519261,3133.76126461478,3695.76464364277,3291.0779367101,3183.83866573041,3696.86125770227,3789.61576891378,5537.53692593557,4012.10451981251,4096.30030934013,4162.78098314096,4848.97774147294,5340.65333874986,6363.73164766554,4136.74191189153,2742.51109877426,4955.73820408221,3265.25944623088,4373.71896119309,5395.05136475085,7171.03630006849
4987.5541524579,13168.8361475189,9135.44647169475,14776.3671768673,18689.405889835,12692.6477059162,3599.12125095835,2986.54235677313,2124.5832384023,3936.14712691231,5270.46571172795,2540.16918716057,2298.55125300699,4504.15929063349,1e+09,4593.30358095347,7261.92261112028,5228.49420824007,1863.56545098368,1806.30335478291,1575.85610209181,3155.91286414882,2497.9020054838,3877.4794445361,7640.20710967968,8773.76501009117,7667.98800079917,3696.05329446154,2881.25288916124,4039.60706298274,2345.83958671517,3700.7164360837,4424.27778186452,2819.6338231586,2092.72758628542,1859.72351794561,2067.5254193117,2038.39007861597,2250.40035822518,2213.55836756115,1750.80716793712,2079.10670863715,1163.21635704627,3140.71549415098,2815.81404895636,2211.21836617282,2490.46898304315,2751.58635539574,2296.50255891432,854.183855735989,2495.98715525541,1581.89552736582,1833.89812658719,3251.59520175867
2727.58161984202,10506.9692206364,6361.74531362267,11911.2735526391,15316.8611683726,10335.9838546749,7858.57288496455,5673.47668813401,3190.76446625256,2210.41128912698,2317.42089489588,3757.56362123118,4643.85047357255,1814.11650893762,4593.30358095347,1e+09,4483.40935036051,4337.5948719077,3689.48512184288,3895.92107346902,3935.04014666941,3155.59386190619,3343.93002082879,3458.33957294538,5430.324156991,6521.83681518481,5404.62008827633,1576.78688988081,2014.31777088423,3141.55318950674,3201.80697260157,7106.34883301545,7837.52166876112,4661.67413978069,3233.04718660276,3660.55223432203,3433.29148778545,3126.2383976594,3345.85088599298,3560.90070614164,5430.67774415864,3705.07324787244,4153.92543834143,3674.45997117944,4440.50616188065,4929.35664598333,6112.63992475428,3806.77045399378,2674.85443946021,4887.58107791574,3117.09152643935,4675.69524439949,5898.20767931242,7083.29190517375
2859.30364382659,6199.39027967267,2125.29586234482,7723.43504064739,11488.6049307346,5968.88116343423,10018.7682355767,9389.2718430185,6179.55471554383,3685.84805793728,2789.3324590303,7398.390631313,8000.12702056661,3682.37333839197,7261.92261112028,4483.40935036051,1e+09,3292.90816545193,7135.87365553791,7255.09015110081,7282.45242300971,7017.8043371556,7041.34508987452,3679.47052466792,1321.92631205374,2157.06375051828,1176.65489192881,4222.89116011768,4793.42852876728,3673.50877290364,5404.8079128957,10472.2616313287,11368.8332343561,8384.46125232862,5473.9840110563,6987.19906863258,5759.00027004688,6466.85820487043,6994.49647853225,7189.0868337293,8674.44172112534,7200.20432221198,6918.41718150908,7576.04385933054,8182.07052063229,8562.18852685457,9482.61014409008,7589.07372522497,5703.70240940041,7654.18005809244,6649.95463386781,7556.90573623887,7898.79718973718,10316.4521444438
3044.02319598587,8431.17228754104,4617.60579945928,10235.2617538976,14116.2406362246,7876.27901875626,7629.60905778927,7485.44220669694,4135.49534777879,2395.77641675929,2830.96596378339,6087.72654244588,6324.00284935894,3886.66502528839,5228.49420824007,4337.5948719077,3292.90816545193,1e+09,5397.27226308809,5741.23877694527,5304.26126991309,5761.50761685689,5700.13231151699,2142.3607679847,3491.43440113086,4159.12089698051,3213.67985082522,3184.69501075064,3564.56365858432,1471.43205487036,3284.40092400425,8160.49652814705,9372.71126441544,6485.70308241905,3510.28571520895,5627.96078221944,3808.95231864354,5058.81262038831,5583.5223269456,5825.2244948328,6726.65094445223,5493.10372043893,4875.77246420503,6361.81267147973,6628.30538592633,6820.32249120964,7523.94643866502,6261.25003734877,4080.52679742457,5460.45150596542,5386.0250712933,5956.24435946847,5717.22299761869,8279.76323259911
4683.80413514485,13216.142792937,9041.11548897037,14719.092653547,18404.2826891868,12816.4533935329,5082.52710568276,2841.46397716036,1699.45363837911,3768.00164479794,4873.63990815899,1287.33545857325,1262.18590682989,4007.83910406843,1863.56545098368,3689.48512184288,7135.87365553791,5397.27226308809,1e+09,1414.76499143851,1044.23235680571,1619.35419887065,1252.55058656327,4326.06092034081,7769.24371524668,8859.17432302808,7711.40958670333,3161.30005361718,2571.26881620728,4108.87626496589,2236.49642094505,3631.67584883343,4376.79688297275,2037.20883784653,2494.48766785887,1751.31243029335,2209.82510258165,1209.92754390501,1031.31729608302,1327.79647826766,2022.07133291583,478.561612125335,1315.0919824864,1639.69520457309,1386.4890035626,1818.07010277382,2719.88345967249,1307.73704876019,1619.86071882739,2016.89785757732,1217.69330625573,1865.12392821496,3140.02486343659,3546.01545179939
4930.32358372146,13345.7982290195,9220.65633746861,14862.8562564434,18583.2020532227,13009.5535938325,4959.60648414771,2606.42691999987,2234.14342032914,3924.35309068896,5049.32371780618,1361.54174335567,1863.22498238941,4032.16215424182,1806.30335478291,3895.92107346902,7255.09015110081,5741.23877694527,1414.76499143851,1e+09,1491.4985224934,1940.87786127824,1382.94983159188,4339.26596291354,7816.15489325154,9052.15387098562,7862.12770085172,3324.18783416341,2588.81589036378,4385.57617398216,2714.70128671646,3938.3374828473,4255.41435387907,2199.96746075936,2547.96439443333,1362.67095841219,2472.83977479335,1211.31154766229,1313.85850029598,977.497695802911,1895.89756579832,1397.97000504303,1772.22045908516,1989.482559436,1977.71748776209,1945.81943252708,2630.84425574757,1617.74314639253,1968.53398101227,1859.93812512675,1644.16021892637,1812.2048362699,3092.31374818274,3508.22671319856
5004.13562090397,13292.1614193516,9153.14097524451,14912.4677089441,18633.8808509849,12900.8985369702,4601.57477392251,2325.7834708115,1375.63903332233,3699.38259324445,4934.96113960384,1951.80917240902,1957.057573706,4377.01765195207,1575.85610209181,3935.04014666941,7282.45242300971,5304.26126991309,1044.23235680571,1491.4985224934,1e+09,2085.318093673,1594.0275433944,4209.76168452562,7852.24927396603,8963.14451926332,7821.71799778668,3229.15168404954,2618.56895544112,4007.58663442227,2233.64380712324,3440.24922047807,4322.20141573712,1608.07373835903,2197.4404733007,1963.58456749385,2061.5031379069,1567.24290513628,1505.76997605876,1626.4845764716,1935.16064170394,1192.39813787174,1476.65823628895,2275.15777881447,2090.94371593307,1743.15968666098,2593.42626033593,2008.68656835754,1851.13460023846,1507.05406017833,1938.28297632209,2273.70999364475,3094.48236634174,3544.80385415047
4574.03515178885,13066.5702357007,8875.37643211261,14489.9564008971,17993.2158669344,12868.1188965054,6433.74326331103,3321.93529968601,2388.92447348174,3802.74647224871,4535.33058140198,1265.403063494,2274.56236656637,3683.30226108312,3155.91286414882,3155.59386190619,7017.8043371556,5761.50761685689,1619.35419887065,1940.87786127824,2085.318093673,1e+09,1147.7250544011,4672.12115809297,7748.00298298213,8926.13094100686,7754.99562302262,3046.22156301869,2615.60647590573,4464.48492894757,2830.82361529291,4689.86504916719,5041.51330310652,2438.81121475197,3066.17307464859,2308.73065170019,2975.73046588565,1530.73064243844,1300.56350325542,1274.96570710745,3039.01177717363,1344.31517747885,2642.49433940737,1079.09075841655,1810.44499866746,2710.88329520103,3799.88369914133,1163.91817525976,1928.93456960053,3258.46256751555,1204.88121194581,2790.66312019204,4298.27071066958,4546.88506164385
4575.07105375425,13115.5472624592,8932.97028147973,14587.9944795301,18188.5415921178,12847.0660320908,5714.44936872311,2963.06470303974,2160.43692592494,3743.89181586488,4602.66333699305,946.787158446924,1868.31884679784,3711.80501459869,2497.9020054838,3343.93002082879,7041.34508987452,5700.13231151699,1252.55058656327,1382.94983159188,1594.0275433944,1147.7250544011,1e+09,4446.2767157027,7710.30257456865,8902.59184283431,7736.49832164397,3060.0221047731,2477.70485907826,4360.65390498948,2676.38541798449,4343.31126217083,4677.06141647723,2326.0853966482,2798.45235403428,1952.07566431222,2544.05850139104,1080.62158344168,1139.90999113965,1012.10100078994,2561.45753806305,1176.13878428526,2255.12831978582,1368.1531301722,1806.87715628374,2147.58075035608,3246.70508825486,1109.97676363066,1872.40879059569,2726.75801185217,1221.55871803201,2277.27955563211,3772.57588190085,4070.67014201593
2407.9962545029,9379.52878627706,5437.84282540421,11073.7734310035,15030.3725059627,8985.27201075738,6491.42184983383,6233.53292210766,3210.71964750895,1502.68653627428,2435.68356349917,4799.86945451645,5257.80740774137,2689.45114876623,3877.4794445361,3458.33957294538,3679.47052466792,2142.3607679847,4326.06092034081,4339.26596291354,4209.76168452562,4672.12115809297,4446.2767157027,1e+09,3908.47503916809,5078.10815642007,4008.43308505955,2266.26057480158,2183.93966200992,1381.64266223217,2416.32289535153,7310.47399569276,8195.99139664629,5461.10037608722,2104.28235843007,4040.36470816683,2624.22173280003,3687.37967554197,4295.57096834635,4402.74666634364,5422.18456770885,4425.2559687435,3783.13486287497,5196.95748568333,5564.84930686357,5513.36237788702,6262.16612490438,5050.61959729695,2962.3724462498,4257.32917585662,4119.77137360801,4508.88510482359,4542.84684385243,7057.20049833502
3453.85313661424,5600.1024713839,1850.64415958336,7213.54777613624,11222.4169393585,5359.41083792799,10176.0074763386,9935.31785595207,6765.85980726027,4302.8335151967,3564.45383624196,8031.36286900299,8611.88206689455,4448.02390186923,7640.20710967968,5430.324156991,1321.92631205374,3491.43440113086,7769.24371524668,7816.15489325154,7852.24927396603,7748.00298298213,7710.30257456865,3908.47503916809,1e+09,1654.80161194628,895.482607759637,4999.38786237875,5403.3894969084,4132.57431024537,5864.11256012366,10998.5426195246,11868.0513181103,9050.53622936785,5900.83275553544,7529.63077951369,6285.74109738064,7096.73751378759,7683.82842608423,7791.79953273953,9132.87979214114,7827.0816700032,7384.69863304522,8292.46504083074,8845.60581123193,9171.04962628052,9992.19893072091,8251.52054537829,6298.62258685977,8042.13388369032,7339.59170349414,7968.38900280979,8051.93626505451,10755.0644316201
4618.96660875569,4543.14564486986,1416.91925207473,6223.68014548466,10233.0403947458,4039.98978590293,11166.2295559065,11134.2539388546,7827.12385320432,5434.48556492701,4706.60233427469,9247.58280418727,9683.36564298798,5682.7998408619,8773.76501009117,6521.83681518481,2157.06375051828,4159.12089698051,8859.17432302808,9052.15387098562,8963.14451926332,8926.13094100686,8902.59184283431,5078.10815642007,1654.80161194628,1e+09,1265.82030987814,6108.85889817403,6622.47089565519,5084.24743137074,6947.81827444414,12005.7723402787,13024.4057304124,10148.6555157124,7047.43043124939,8760.47977203874,7327.8526573615,8279.91061208393,8818.28082699797,9041.50996103527,10306.2697592873,8955.16369628161,8473.7469563824,9456.0192298398,9966.1735670818,10289.1682841326,11104.5555413983,9444.3404739717,7458.71382362938,9171.64886401022,8479.19979399589,9168.2386146304,9182.10347851733,11879.3398241569
3516.51121267941,5610.98594190005,1790.01188537954,7245.0427445806,11187.0872271561,5183.79147237811,10206.9679694462,9977.85517611876,6697.5798146868,4285.5026414996,3613.0997876754,8069.5254817864,8548.49292768614,4545.31812752419,7667.98800079917,5404.62008827633,1176.65489192881,3213.67985082522,7711.40958670333,7862.12770085172,7821.71799778668,7754.99562302262,7736.49832164397,4008.43308505955,895.482607759637,1265.82030987814,1e+09,4941.0445761701,5444.80674032605,3980.99024154795,5815.85410246853,10892.6367891204,11876.5342303595,9000.95981910263,5933.87147410525,7610.05294768703,6240.30181033738,7121.36945105364,7674.98871520343,7865.24936601504,9167.16031102871,7791.31061807319,7341.2488813757,8296.80805558379,8801.74086670927,9166.40502224836,9981.97954518541,8268.88342389709,6282.03379959866,8045.6263420942,7338.60801829611,8046.39160546515,8121.75022213193,10763.7301441043
2441.80963799392,10326.1580969255,6160.44986028618,11899.3421954031,15515.8160474304,10029.813425832,6900.07843517739,5269.80953542915,2220.88666977854,989.772526997997,1963.88662539364,3533.0029695572,4212.07836123689,1833.4793630963,3696.05329446154,1576.78688988081,4222.89116011768,3184.69501075064,3161.30005361718,3324.18783416341,3229.15168404954,3046.22156301869,3060.0221047731,2266.26057480158,4999.38786237875,6108.85889817403,4941.0445761701,1e+09,1015.49150651298,1859.04942736873,2007.75212117931,6509.1228292144,7385.11218735369,4188.00891333818,2023.34915788156,3257.32712092292,2214.62525182027,2532.83486790987,2999.37707989509,3238.38733812063,4804.20070442524,3202.39155725842,3260.20630457645,3712.16893232245,4257.06976893732,4539.15665475427,5566.22528638574,3688.86366932962,1810.77301962449,3945.17853569392,2825.93903966452,4102.96594911535,4889.2115279869,6504.47120836121
2631.67928270145,10871.9869505027,6722.0130621935,12428.7118826892,16147.6648843262,10589.5026195379,6215.07993657362,4628.89188911342,1846.33405590646,1428.04433369556,2552.67128385149,2883.97932424974,3583.46576196843,1975.43472271295,2881.25288916124,2014.31777088423,4793.42852876728,3564.56365858432,2571.26881620728,2588.81589036378,2618.56895544112,2615.60647590573,2477.70485907826,2183.93966200992,5403.3894969084,6622.47089565519,5444.80674032605,1015.49150651298,1e+09,2163.2404384164,1530.21058946146,5952.32058296594,6683.29832899894,3768.95168119731,1365.74800512393,2470.92309947113,1824.41641458303,1880.67787515566,2396.98222233708,2499.22494723864,4031.60668666972,2620.24794143608,2586.84782505659,3155.81604129582,3677.3287833698,3901.12434849237,4864.34656199576,3079.15805971373,1221.61323994135,3215.20339560346,2234.44663921518,3228.89084402059,4065.31263683373,5764.42737516919
2521.48119509149,9429.46946610996,5402.74136624177,11158.9700586613,14980.0639680043,8967.75441017427,6784.23295689351,6179.71074822277,2864.10500114783,1137.8684552267,2246.81614477019,4779.5477776773,5096.88861598917,2899.41454723191,4039.60706298274,3141.55318950674,3673.50877290364,1471.43205487036,4108.87626496589,4385.57617398216,4007.58663442227,4464.48492894757,4360.65390498948,1381.64266223217,4132.57431024537,5084.24743137074,3980.99024154795,1859.04942736873,2163.2404384164,1e+09,2128.69568766886,7051.62205900175,8176.80404350013,5198.39648574443,2229.25647373738,4276.94350232733,2631.59144583653,3728.10801086825,4227.00428731744,4468.23131575571,5507.42578383041,4219.64603991851,3706.89630742485,5038.05861161817,5349.44264605202,5505.10657197479,6285.80477477626,4949.0799513546,2773.49014806255,4284.95089837678,4081.00478609129,4773.94586104619,4848.65229450411,7134.64079670449
3185.45319822784,11282.8806010522,7179.28535857156,12891.4181657877,16702.6680972772,10865.3619006225,5514.95691684894,4447.55977129032,1342.79880052821,2076.75197645265,3321.71774684424,2948.44919332181,3214.92345369217,3063.23910098445,2345.83958671517,3201.80697260157,5404.8079128957,3284.40092400425,2236.49642094505,2714.70128671646,2233.64380712324,2830.82361529291,2676.38541798449,2416.32289535153,5864.11256012366,6947.81827444414,5815.85410246853,2007.75212117931,1530.21058946146,2128.69568766886,1e+09,5249.9402277645,6223.52060056846,3569.24879184682,1190.05616968276,2719.18536826749,1413.76167846635,2071.69256898798,2581.30408168042,2717.36890933123,3568.28972527456,2289.39654815412,1809.91573729276,3340.10007445885,3459.57308835931,3729.64146648173,4472.6944201566,3115.74113186574,1114.66234945835,2608.16688388608,2423.4766612039,2892.9513719902,3165.4318086953,5197.08728372922
8168.88134388057,16437.2607779125,12342.4637696248,18053.1367975624,21813.0668632749,15858.4588529151,4023.64677709165,2575.11137302836,4475.20625336978,6989.77444141083,8288.54106327525,4153.75084054159,3274.28488931553,7561.52922810591,3700.7164360837,7106.34883301545,10472.2616313287,8160.49652814705,3631.67584883343,3938.3374828473,3440.24922047807,4689.86504916719,4343.31126217083,7310.47399569276,10998.5426195246,12005.7723402787,10892.6367891204,6509.1228292144,5952.32058296594,7051.62205900175,5249.9402277645,1e+09,2173.42219354639,2960.92457647945,5341.8322533846,4368.6643135059,4994.5266143049,4540.48788432477,4211.23504292981,4243.7472289122,2542.98740201362,3699.56359923708,3727.36611311527,4397.67318047851,3349.27275733106,2738.67405176301,1890.50101851335,4053.08400032617,4983.01171555918,3231.00147856667,4645.89131092194,4013.92099546067,4180.69873789059,1933.75218205436
8877.4496506936,17390.562859393,13271.333667552,18915.535130075,22675.3240719929,16963.0337107429,4819.62095289661,2862.92522272238,5579.43692831096,7930.01558164926,9090.57093743842,4335.50068048663,3650.27933394145,8125.26526115302,4424.27778186452,7837.52166876112,11368.8332343561,9372.71126441544,4376.79688297275,4255.41435387907,4322.20141573712,5041.51330310652,4677.06141647723,8195.99139664629,11868.0513181103,13024.4057304124,11876.5342303595,7385.11218735369,6683.29832899894,8176.80404350013,6223.52060056846,2173.42219354639,1e+09,3831.23014166468,6220.97156580064,4786.91620370568,5944.74512814469,5036.18441114898,4662.53217385146,4467.39373414746,2841.94591845095,4359.08860524766,4657.53150338245,4549.49105754699,3702.69543670554,3199.73395769086,2215.50862945735,4265.38635608781,5787.55612800429,4132.83470248932,5046.92510121757,4180.27208317832,4651.26185943127,1607.15747871825
6228.44415725147,14433.6963905335,10288.6405614007,16054.3569945327,19654.2314685388,14053.224792545,4983.48300932189,1615.8066236094,2433.12794624533,4796.96016397885,5967.27633574984,2499.97415952645,2615.84546087876,5379.96794519261,2819.6338231586,4661.67413978069,8384.46125232862,6485.70308241905,2037.20883784653,2199.96746075936,1608.07373835903,2438.81121475197,2326.0853966482,5461.10037608722,9050.53622936785,10148.6555157124,9000.95981910263,4188.00891333818,3768.95168119731,5198.39648574443,3569.24879184682,2960.92457647945,3831.23014166468,1e+09,3449.5549193338,2644.21831808571,3189.13812344339,2489.09279371019,2162.10904373484,2243.61538154382,2217.4111929455,1975.08276555693,2636.24432464064,2654.21145843733,2292.38809292842,1652.46674859133,2464.0485606822,2425.9296581517,2968.48576361754,2410.80809632372,2719.58895432747,3268.90849654743,4183.80502602595,3414.41086367766
3493.08831037808,11367.9280156236,7319.13090876233,13037.5963213163,16887.8873882259,10992.4057384496,5155.2600606468,4193.00148838514,1449.14258370252,2014.58946634296,3422.5112482065,3155.51706343033,3505.49056790915,3133.76126461478,2092.72758628542,3233.04718660276,5473.9840110563,3510.28571520895,2494.48766785887,2547.96439443333,2197.4404733007,3066.17307464859,2798.45235403428,2104.28235843007,5900.83275553544,7047.43043124939,5933.87147410525,2023.34915788156,1365.74800512393,2229.25647373738,1190.05616968276,5341.8322533846,6220.97156580064,3449.5549193338,1e+09,2383.59937040603,1250.04031075002,2050.27012200832,2511.71969114788,2632.42704229386,3481.41507423347,2603.337608667,2035.63142093553,3532.72189477179,3756.68467482966,3562.79150404567,4320.98751753578,3361.33982730101,1486.47282561774,2362.96898557725,2554.55694119352,2940.11871142986,3249.93388171206,5182.60644700135
4628.33752737417,13079.736384553,8974.38309875392,14546.2906076154,18312.3195087515,12709.8240790854,4857.626234685,3026.15245326471,2283.64649871647,3777.47253677641,4913.44028107598,1724.80298503916,2408.48765313422,3695.76464364277,1859.72351794561,3660.55223432203,6987.19906863258,5627.96078221944,1751.31243029335,1362.67095841219,1963.58456749385,2308.73065170019,1952.07566431222,4040.36470816683,7529.63077951369,8760.47977203874,7610.05294768703,3257.32712092292,2470.92309947113,4276.94350232733,2719.18536826749,4368.6643135059,4786.91620370568,2644.21831808571,2383.59937040603,1e+09,2419.02879422714,1366.36217351038,1483.94181998487,1256.06700641327,2172.48871327333,1779.91277086828,1790.33025984035,2322.66189941627,2331.49605354588,2099.47212477327,2926.13635483721,1931.20705544486,1943.40857868334,2120.74555097966,1641.43265143593,1681.69032491122,3159.67928241143,3772.12752996237
3754.09929437142,11706.3915182818,7639.56293525356,13348.7757436291,17159.4159377847,11230.3481059582,4938.60174919987,4124.40952727781,1261.99415925748,2434.98725360114,3728.43337059951,2927.8073645819,3189.43250152751,3291.0779367101,2067.5254193117,3433.29148778545,5759.00027004688,3808.95231864354,2209.82510258165,2472.83977479335,2061.5031379069,2975.73046588565,2544.05850139104,2624.22173280003,6285.74109738064,7327.8526573615,6240.30181033738,2214.62525182027,1824.41641458303,2631.59144583653,1413.76167846635,4994.5266143049,5944.74512814469,3189.13812344339,1250.04031075002,2419.02879422714,1e+09,1742.72522667803,2377.21141861636,2631.21217664026,3293.10078054104,2345.09757988874,1796.94774882299,3495.12964041393,3555.19069294461,3217.01332194941,4023.13961661785,3186.68997056507,1525.39644414165,2344.96103901536,2390.64236511863,2854.80853704763,3233.88826835437,4853.0688942565
4069.46484541887,12575.0462312232,8416.55103531132,14065.9509540521,17757.7527643731,12245.9692780319,5378.39657214862,3296.33476506862,1684.80541745924,3170.29804057915,4192.79865780602,1305.54967933051,2097.81284553699,3183.83866573041,2038.39007861597,3126.2383976594,6466.85820487043,5058.81262038831,1209.92754390501,1211.31154766229,1567.24290513628,1530.73064243844,1080.62158344168,3687.37967554197,7096.73751378759,8279.91061208393,7121.36945105364,2532.83486790987,1880.67787515566,3728.10801086825,2071.69256898798,4540.48788432477,5036.18441114898,2489.09279371019,2050.27012200832,1366.36217351038,1742.72522667803,1e+09,967.317883376504,1031.16347666119,2514.84678024328,1191.17723286671,1675.65816403585,1929.6768778736,2203.51067052102,2309.99983313852,3324.65784403448,1600.87949152958,1213.77870202933,2329.87151444023,926.123584841678,1969.66480155888,3329.97835081551,4160.45372608565
4593.60802996947,13115.621288841,8945.94862566849,14587.8780442428,18223.6531626867,12818.4487526533,5531.53254514515,2955.24519170576,2048.45253520798,3695.71820056671,4696.41862669843,1271.89476431818,1730.02073571388,3696.86125770227,2250.40035822518,3345.85088599298,6994.49647853225,5583.5223269456,1031.31729608302,1313.85850029598,1505.76997605876,1300.56350325542,1139.90999113965,4295.57096834635,7683.82842608423,8818.28082699797,7674.98871520343,2999.37707989509,2396.98222233708,4227.00428731744,2581.30408168042,4211.23504292981,4662.53217385146,2162.10904373484,2511.71969114788,1483.94181998487,2377.21141861636,967.317883376504,1e+09,904.640005361249,2363.08175554719,1110.04302096811,1965.58687271766,1320.75521074119,1700.99591122378,1941.76050031923,3024.22231838203,1315.98880986884,1763.2087630794,2469.24275637289,706.431579772592,2084.86973252527,3651.62763208408,3937.28720705005
4715.48900377257,13275.8141137333,9116.25539814457,14737.696537268,18401.7410886796,13018.3500395749,5445.05619255669,2708.91469529773,2259.63447422365,3870.80608143834,4839.71360761151,876.242813151697,1918.65924913727,3789.61576891378,2213.55836756115,3560.90070614164,7189.0868337293,5825.2244948328,1327.79647826766,977.497695802911,1626.4845764716,1274.96570710745,1012.10100078994,4402.74666634364,7791.79953273953,9041.50996103527,7865.24936601504,3238.38733812063,2499.22494723864,4468.23131575571,2717.36890933123,4243.7472289122,4467.39373414746,2243.61538154382,2632.42704229386,1256.06700641327,2631.21217664026,1031.16347666119,904.640005361249,1e+09,2130.70999943681,1172.25867968636,2029.64738136948,1355.25734331159,1704.57816127627,1988.53474264344,2970.47535379441,1054.95695021171,1844.30950946418,2390.43748661202,1091.84505823858,1826.52796192667,3438.08845937681,3769.76461775798
6233.75037331461,14679.0611419293,10579.7849997011,16222.2477047942,20049.4387381517,14247.5446184316,3759.56591943804,1908.98464800008,3024.15849293651,5255.30899373196,6485.653426402,2244.93198580714,1887.63965141655,5537.53692593557,1750.80716793712,5430.67774415864,8674.44172112534,6726.65094445223,2022.07133291583,1895.89756579832,1935.16064170394,3039.01177717363,2561.45753806305,5422.18456770885,9132.87979214114,10306.2697592873,9167.16031102871,4804.20070442524,4031.60668666972,5507.42578383041,3568.28972527456,2542.98740201362,2841.94591845095,2217.4111929455,3481.41507423347,2172.48871327333,3293.10078054104,2514.84678024328,2363.08175554719,2130.70999943681,1e+09,2036.13533921496,1981.02837092254,2804.11505593119,2085.26448883589,1361.47636997489,1200.25640569005,2330.54255861162,3156.63631655596,1584.49571059691,2713.78721640073,1703.73461196279,2469.20960414461,1789.82213412395
4722.1262107233,13271.476777891,9090.38796576362,14760.276952588,18424.3708308181,12901.6007812674,5260.25108007213,2805.97429719162,1766.24358088006,3825.69692341147,4882.37608233942,1066.06566237732,1421.40272076565,4012.10451981251,2079.10670863715,3705.07324787244,7200.20432221198,5493.10372043893,478.561612125335,1397.97000504303,1192.39813787174,1344.31517747885,1176.13878428526,4425.2559687435,7827.0816700032,8955.16369628161,7791.31061807319,3202.39155725842,2620.24794143608,4219.64603991851,2289.39654815412,3699.56359923708,4359.08860524766,1975.08276555693,2603.337608667,1779.91277086828,2345.09757988874,1191.17723286671,1110.04302096811,1172.25867968636,2036.13533921496,1e+09,1438.65024908767,1530.20239586141,1288.00881596362,1942.50722274075,2840.15046129602,1085.06911646217,1577.63837960415,2148.57939804421,1203.01416870293,1922.5883778906,3209.54928471273,3580.42692331515
4578.50589413184,12894.1106997458,8803.08803623479,14446.1270825471,18287.0052349394,12384.8037486752,4293.57637190722,3267.40933081547,1633.06912303185,3618.47329831243,4919.246250799,2143.71316339197,2005.68822587161,4096.30030934013,1163.21635704627,4153.92543834143,6918.41718150908,4875.77246420503,1315.0919824864,1772.22045908516,1476.65823628895,2642.49433940737,2255.12831978582,3783.13486287497,7384.69863304522,8473.7469563824,7341.2488813757,3260.20630457645,2586.84782505659,3706.89630742485,1809.91573729276,3727.36611311527,4657.53150338245,2636.24432464064,2035.63142093553,1790.33025984035,1796.94774882299,1675.65816403585,1965.58687271766,2029.64738136948,1981.02837092254,1438.65024908767,1e+09,2786.01733381183,2345.92865160047,2369.29625619085,2827.36123174949,2316.37027366093,1629.25413125148,1309.65810778997,2035.14990757438,1652.72161067737,2154.14620362686,3500.39206058407
5024.46712946756,13639.5494827945,9453.31062380794,15010.3802311734,18533.7857695885,13428.9270548804,6341.12702887271,3182.68823176258,2958.87729034173,4450.78172595557,5208.16797368326,1167.17205766759,1757.53596609003,4162.78098314096,3140.71549415098,3674.45997117944,7576.04385933054,6361.81267147973,1639.69520457309,1989.482559436,2275.15777881447,1079.09075841655,1368.1531301722,5196.95748568333,8292.46504083074,9456.0192298398,8296.80805558379,3712.16893232245,3155.81604129582,5038.05861161817,3340.10007445885,4397.67318047851,4549.49105754699,2654.21145843733,3532.72189477179,2322.66189941627,3495.12964041393,1929.6768778736,1320.75521074119,1355.25734331159,2804.11505593119,1530.20239586141,2786.01733381183,1e+09,1249.24556156906,2439.93462865299,3413.13912929139,844.727266518608,2508.22676229642,3326.24731419659,1313.48456907571,2510.97135620859,4247.64341781417,4129.56774949873
