1e+09,18534.2301176661,16377.0758024441,19838.8635702149,22938.4163597642,22757.0453158489,5226.14176727918,8357.35341937865,4180.33386264782,3739.81042579701,6767.30836939621,4138.63075349807,4662.74644380327,1279.30090678464,3162.68774969961,2985.48591212553,7158.63866253214,7299.12442399772,3368.51964399794,3629.37014716052,2280.64779192229,3759.62809792405,3465.91214678041,3913.74227019358,8309.57466618479,11451.0571612887,10806.76162105,1662.73029710173,2738.1564929894,3006.62717866715,5189.35513430137,3980.64876530196,8705.03749289456,7283.56207136316,1812.81454109349,5829.38106987354,1227.29403970687,3904.51912027589,4114.10663321942,4556.51632517651,5352.11681954907,4233.46208014197,2893.48635540242,3965.22276871048,4157.50563333353,3940.22797040983,4680.46867777149,4280.02096533416,2198.3227571037,3039.06572656795,3069.55613802713,4653.46115824555,2932.34061178097,6460.9180102908
18534.2301176661,1e+09,4710.15804843107,2243.49228119911,4688.78363449413,4996.39423412525,23140.760367933,26825.0828145078,15887.366510835,15161.3072002153,12356.3609606186,21626.1327429663,22586.3927196841,19493.0114023488,21274.9915681182,16665.8489560028,11443.643729796,11600.0951960663,20871.7529715451,21498.1652887799,19912.3727197589,21685.0188428994,20684.679340744,14955.0116154987,10338.6234168916,7166.01741731766,7967.13770942865,17525.9289251412,20803.6022311354,15850.1057802306,14487.0371422558,20608.5391038642,26889.7594570071,25694.6277070792,19961.0281601425,24159.9142721741,19010.4305854681,22126.3297412065,22360.2506861954,22697.5825485799,23510.4515478733,22135.1412736445,20979.2969005422,21733.9506452117,21647.1795357363,20999.6032732478,22196.8315810883,22171.6214558994,19046.967654086,20930.148283985,20626.7781293759,22716.6877137909,20511.9827538953,24376.0204500427
16377.0758024441,4710.15804843107,1e+09,4572.35948280535,7769.35303115388,6809.40273317712,20403.1471592375,24530.2730339921,13195.0606917589,12770.7517465222,9772.28081968074,18954.6963612135,19962.6248868279,17275.4820607038,18814.2826842933,14453.3928546656,9441.88577279454,10022.1543846919,18394.7847574034,18913.4330850298,17460.2009353272,19125.4730157322,18009.8868683843,12683.7444789029,8452.12541597083,5862.36815591617,6382.19042928053,15152.9241870439,18740.063520498,13879.6487781896,11987.8970849144,18036.5985158649,24348.637293592,23521.9137666772,17805.1511816834,21896.3402825997,16709.7825037162,19867.29206127,20005.284318267,20153.9835221179,21017.0205456934,19954.6798150309,18608.303132008,19180.2792312808,18999.869504994,18342.9354280497,19497.2471313722,19685.2681138485,16802.6967332628,18653.3190129746,18213.1581268406,20142.9174181224,17979.1806012371,21680.921042887
19838.8635702149,2243.49228119911,4572.35948280535,1e+09,3363.93192691231,3148.85710250561,24234.9385610176,28136.3245963576,17031.0336643024,16375.2082082366,13471.4714836613,22799.2557501468,23775.2981933056,20792.1591898509,22492.5815283062,17984.8075122226,12748.3037805702,13100.6509077603,22130.0688428663,22698.956402771,21152.7823656464,22892.0182759472,21835.6114087012,16238.2434621883,11673.2612749951,8544.20446828726,9381.68469380633,18743.4926402498,22124.2356577193,17171.3990174272,15711.5815515784,21836.6848097668,28126.5458690025,27048.1515436157,21277.033692524,25450.2074524079,20284.311858954,23447.6900670493,23652.7100272273,23915.60025332,24744.3229908903,23453.3787277569,22233.78995774,22945.5310037641,22819.5494662406,22154.2621180214,23339.7399225184,23421.2513712334,20346.3172653382,22232.095418462,21873.4924796133,23899.1696996925,21730.3281468481,25545.9511269027
22938.4163597642,4688.78363449413,7769.35303115388,3363.93192691231,1e+09,2292.68000150479,27402.3013556416,31261.4232638391,20271.9085108852,19555.2491690185,16710.479752748,26021.6944443074,26974.5134338045,23922.0082397779,25651.8741075657,21165.6513672034,15874.6415761491,16164.3637039662,25318.4415813474,25893.7713403127,24328.6243505855,26084.2372095026,25055.8460500639,19402.3264269726,14790.5847602047,11604.7225346322,12504.160528764,21886.3306041785,25229.0155843862,20261.3038244334,18935.8818641541,25073.927764409,31331.623216297,30150.6998376605,24386.6867627011,28600.2983152292,23434.8586487608,26600.1407855729,26807.4256248712,27094.5627585555,27933.704370885,26593.5435345179,25396.3169835667,26153.7621079454,26044.7567180402,25393.7539110762,26567.1360604356,26615.7518227045,23490.8477752954,25378.7425975973,25071.2274597196,27095.2029855397,24917.9989699815,28757.2428341592
22757.0453158489,4996.39423412525,6809.40273317712,3148.85710250561,2292.68000150479,1e+09,27020.7300884284,31020.7595371906,19803.8514710649,19246.4677014745,16289.0688322537,25592.8905129257,26588.1741983574,23685.8070852378,25324.5608216312,20860.1811409082,15676.4595637504,16027.9384988775,24968.805647155,25510.7377405182,23981.829895573,25711.0595639328,24639.5921592911,19115.7453884775,14601.4832243064,11476.1345192142,12276.3312040365,21600.7672050022,25060.5324447566,20111.2046368113,18487.5511409191,24619.371822183,30953.3993733919,29958.5286933888,24177.8849461734,28344.256480797,23162.5286512872,26333.8588058568,26501.4597230172,26731.9309035468,27571.7227389929,26329.0890995568,25091.6721532444,25754.0696514066,25607.5917936342,24935.4015866118,26105.946669872,26238.0039722746,23195.3360517239,25086.7108969032,24707.6558463465,26711.5239434762,24533.5015862942,28307.8050380297
5226.14176727918,23140.760367933,20403.1471592375,24234.9385610176,27402.3013556416,27020.7300884284,1e+09,5034.52439673302,7749.34915629048,8133.71868489438,10975.9917560738,2916.32896726347,2195.03739687961,4467.45634523719,2682.25575928173,7237.27894102473,11792.1747077204,12142.4242567248,3676.62035174969,2571.15478339986,3982.94897829485,2611.39819089315,3342.75053865825,8438.358302798,12933.6843114791,16064.8495712098,15393.493664789,5837.29512216061,4430.99299857267,7930.14497823338,9251.60662238727,4526.33330937968,5027.97783308558,4720.3074295749,4435.40156656644,3646.2606724561,4748.51779571268,3455.55972662896,2923.51575894504,2024.74639303296,2687.73949500319,4136.72194918875,3401.35291074008,2951.91181301204,3008.97213584639,3535.63979221583,2596.0724671511,2950.58138037235,5256.8289199954,3882.51123226965,3928.5679078005,2158.52403887471,3482.18026190489,2663.0507636919
8357.35341937865,26825.0828145078,24530.2730339921,28136.3245963576,31261.4232638391,31020.7595371906,5034.52439673302,1e+09,11495.923648546,11808.3021985085,14811.5798013007,6006.14501636449,4967.28849637305,7395.83575901331,5879.77385555771,10420.3929975265,15432.5697309586,15366.8068913031,6431.52839004851,5788.7453968455,7128.38439101035,5573.06953476269,6870.75796028357,11966.0590228822,16546.2027730262,19741.2759457564,19005.1789379579,9458.7357550309,6307.77036153822,11098.7609198009,12778.5306261753,7106.67158439871,2333.96451003438,1426.0649746067,6935.69621726615,3087.85141792801,7871.10065871985,4819.83674540954,4626.73513664874,4587.68093964696,3823.63393743439,5106.66470900528,6004.04265455368,5592.83230475401,5898.30884384668,6674.59787125786,5611.51758295383,5092.67777304828,7992.74188350906,6077.21711907679,6566.87161140676,4712.83099108169,6676.65650739201,3815.43278049817
4180.33386264782,15887.366510835,13195.0606917589,17031.0336643024,20271.9085108852,19803.8514710649,7749.34915629048,11495.923648546,1e+09,1680.75532945756,3618.76927588649,5857.23201464651,6905.44903779617,4683.40790703735,6032.78310421484,2292.75020272598,4837.30705538733,5085.23079513605,5318.6518595787,5872.47913854958,4540.25746426345,6034.65202311616,4986.87983649095,1871.83994735127,5822.67439557631,9008.9563061378,8071.33840536996,2998.48633098435,6297.87324126963,3366.60694547195,1799.81030775468,4919.64151790555,11219.4644656552,10535.7837336764,5273.67654626258,8955.75367049586,4020.26234560632,6857.70855774726,7015.60315139761,7139.24523019065,7922.42591086215,7181.93243671924,5689.51312831775,6099.50882541373,5904.05883824001,5336.28655446838,6543.38385095969,6584.05444805099,4272.16850706992,5832.20925493933,5254.96268583327,7172.80441920035,4983.46044576457,8656.2816898308
3739.81042579701,15161.3072002153,12770.7517465222,16375.2082082366,19555.2491690185,19246.4677014745,8133.71868489438,11808.3021985085,1680.75532945756,1e+09,3072.79076241777,6557.16095776976,7479.8273110614,4584.63971022806,6263.67448462961,2256.4623740271,3808.22632478691,4184.59619637307,5874.51743538991,6394.62974215083,4875.96875251473,6548.37724287476,5634.04776175176,794.181192927659,4928.88562405337,8141.19054336649,7380.60652160105,2613.85317938862,6106.67999066596,2070.18436188664,2003.36649672495,5772.30466936734,11804.9528944846,10763.9821981412,5138.79831525815,9191.55228323812,4008.84770127277,7143.19732228503,7348.54800505515,7598.95649363121,8409.20998966015,7353.913788895,5934.06464509783,6664.21627642741,6581.48807101403,6042.43290930897,7190.40234888841,7125.56767659953,4340.11137070237,6047.7058799267,5658.99989595335,7624.33342891036,5464.06219550986,9309.17396013202
6767.30836939621,12356.3609606186,9772.28081968074,13471.4714836613,16710.479752748,16289.0688322537,10975.9917560738,14811.5798013007,3618.76927588649,3072.79076241777,1e+09,9342.37927194673,10343.0859045306,7578.17645970322,9194.25602798834,4808.85663575033,1888.80067752,2873.55403016891,8747.44249008246,9269.20190281774,7775.06126287761,9461.27073885955,8397.91874106317,3050.06711791724,2593.41402745493,5535.30007688834,4722.4832916274,5547.00091689194,9077.52656510572,4503.66563026164,2571.55086047311,8427.97180605156,14679.1977557971,13794.7167885354,8136.94502136398,12163.8248614365,6999.35338413485,10115.1568577605,10302.6922764198,10520.7027119627,11321.8277720163,10256.2484503009,8895.60193448425,9502.70753587629,9361.55436951044,8725.07407518698,9923.63762119012,10000.6735962734,7160.60320561753,8967.38528626377,8501.99995175253,10495.6444090203,8330.46009641724,12112.8535088558
4138.63075349807,21626.1327429663,18954.6963612135,22799.2557501468,26021.6944443074,25592.8905129257,2916.32896726347,6006.14501636449,5857.23201464651,6557.16095776976,9342.37927194673,1e+09,1192.96559279805,3236.80309591115,2330.72635392918,5277.81799886089,10281.9503244521,10419.0458929597,1535.91992825147,931.901355884838,2359.90117441388,1209.93493291995,1156.7564609718,6756.53484939581,11381.0669652059,14628.3264212862,13755.6486448441,4667.14227915756,3758.85228756066,6619.72619251733,7340.64533501653,1854.47170248025,5440.10241334665,5350.92702243265,3480.28608490739,3914.95082523395,3313.69257096973,2308.96371400678,2251.44081976409,1906.48351946719,2494.84190406927,3460.56106893088,2297.60964410842,1205.05389327615,1098.94654510581,1554.0664124805,1642.01334221132,1595.14609948431,3812.45438052706,2786.58039435434,2184.04024218877,1987.88555568473,1916.79494936209,3063.68278986255
4662.74644380327,22586.3927196841,19962.6248868279,23775.2981933056,26974.5134338045,26588.1741983574,2195.03739687961,4967.28849637305,6905.44903779617,7479.8273110614,10343.0859045306,1192.96559279805,1e+09,3727.08602032473,2424.46318728497,6197.763823001,11186.6485873071,11336.9409789325,2072.27625465332,1267.46588289389,3073.03579360866,1447.42523471853,2055.27779757385,7668.30904952976,12298.5057582822,15559.1103790512,14714.5156799332,5422.47424431873,3880.26603099581,7388.66659460961,8379.7589785208,2884.25994409311,4537.26819316425,4399.02223254214,3825.28470213656,3206.77155619168,3977.96323362849,2059.02657530203,1884.96411162123,1289.87133939785,1835.33448741639,3406.78216896825,2608.50411057755,1587.30974718232,1707.02776509347,2358.92493059868,1799.81227415528,1545.59979687499,4481.77224773861,3043.6221498734,2841.90503893075,1614.73108185233,2593.06823957643,2312.70997565627
1279.30090678464,19493.0114023488,17275.4820607038,20792.1591898509,23922.0082397779,23685.8070852378,4467.45634523719,7395.83575901331,4683.40790703735,4584.63971022806,7578.17645970322,3236.80309591115,3727.08602032473,1e+09,2238.41788935846,3367.48264206365,8105.88896134163,8200.93488728572,2636.72823830974,2692.88065862563,1534.20633270105,2828.74875437887,2705.2452053557,4740.41355816136,9247.29134420453,12402.1213657019,11714.3894069772,2341.73787196603,1991.82212006996,3950.39667544919,5808.97026375588,3163.51426461143,7664.64442376814,6370.62970693636,1208.55006205784,4781.89137485368,995.212700280699,2824.11916333217,3035.83345521456,3584.4162407148,4257.80843939696,3182.87153066221,1915.71425760733,2904.4835305782,3180.04406049665,2945.49807789786,3644.49220047183,3190.70268398671,1848.09634962574,2064.01684743609,1986.51767467596,3589.78678517262,2088.11317150197,5409.96451790582
3162.68774969961,21274.9915681182,18814.2826842933,22492.5815283062,25651.8741075657,25324.5608216312,2682.25575928173,5879.77385555771,6032.78310421484,6263.67448462961,9194.25602798834,2330.72635392918,2424.46318728497,2238.41788935846,1e+09,5189.83963910254,9918.96938411446,10055.0974982195,2401.98678649571,1496.58771770986,1730.65860420246,1554.64945122687,2492.57345201701,6505.17995312966,11063.4563171551,14141.4006850382,13485.6557517275,3827.70213687011,2357.31181649777,5752.28182558887,7281.6920303457,2951.96319878822,6041.26206119218,5088.95190630645,2040.98462279852,3443.85434554076,2464.54649653846,2145.08870620774,1643.13092819775,1729.77520536629,2649.82216316492,2311.06564339917,1166.41868143476,1612.45448003967,1967.43666706199,2295.47458668137,2003.61045153493,1801.34832078641,2782.78044220165,1476.7608965232,1666.11870585502,1791.41150677336,1395.40764259051,3511.72196513335
2985.48591212553,16665.8489560028,14453.3928546656,17984.8075122226,21165.6513672034,20860.1811409082,7237.27894102473,10420.3929975265,2292.75020272598,2256.4623740271,4808.85663575033,5277.81799886089,6197.763823001,3367.48264206365,5189.83963910254,1e+09,5399.39915590615,5399.91146963541,4465.38937467944,5174.43034826057,3813.54784995547,5339.31538240625,4456.26101608737,2099.67925779153,6474.07204834793,9694.14268480715,8775.13455944124,2543.84526644212,4930.92965368601,2783.6886192245,3072.47881154614,4296.77235266194,10347.7406281758,9362.2042493368,4132.18134934807,7755.15265405524,3016.35914406756,5619.44691489296,5956.38251056797,6352.46735682286,7019.57002556424,6005.9369040059,4777.36441900762,5352.39905864651,5362.59578140102,4728.79730055117,5991.85599751029,5694.96015759549,3400.39108852203,4799.63983772741,4276.82976151729,6407.71637337359,4363.55502417467,8034.72813548785
7158.63866253214,11443.643729796,9441.88577279454,12748.3037805702,15874.6415761491,15676.4595637504,11792.1747077204,15432.5697309586,4837.30705538733,3808.22632478691,1888.80067752,10281.9503244521,11186.6485873071,8105.88896134163,9918.96938411446,5399.39915590615,1e+09,1870.26173625512,9503.9641985805,10108.6337351791,8566.48625078568,10308.6768106872,9331.72154295766,3571.68586994993,1216.93614088826,4469.09842919128,3735.74878096748,6189.55549946844,9555.39608348079,4736.84587083008,3718.07923086639,9418.94787294207,15517.8216288047,14341.0371274291,8653.46791740167,12815.1894338671,7631.1933082841,10743.6067942614,10982.265827615,11306.4540744877,12134.0599631698,10907.6446835465,9628.84428371339,10389.6036614878,10333.8137020802,9718.5122858028,10900.8839890488,10812.3807080772,7829.10505782749,9628.13060453066,9328.92387300915,11356.4060186663,9182.90131062074,13036.1275931927
7299.12442399772,11600.0951960663,10022.1543846919,13100.6509077603,16164.3637039662,16027.9384988775,12142.4242567248,15366.8068913031,5085.23079513605,4184.59619637307,2873.55403016891,10419.0458929597,11336.9409789325,8200.93488728572,10055.0974982195,5399.91146963541,1870.26173625512,1e+09,9520.91176607577,10247.1316599573,8629.56524502828,10364.2531651682,9575.84690107355,3804.70639864629,2085.94689316387,4815.79564872722,3916.46425960968,6447.726557966,9520.66732972537,4756.76401242483,3707.24940400562,9329.80769004914,15492.7503668942,14199.2102442777,8613.36174738993,12775.6434729606,7702.82657607582,10681.4589667142,10961.9215150401,11384.1802896651,12138.7984255238,10756.0937679066,9626.53793120351,10444.5744933291,10411.5934800395,9880.46449029599,11067.0601299984,10802.0576131448,7727.87691928385,9545.76097109078,9324.7239680057,11486.5617019411,9232.98685820033,13124.3702502596
3368.51964399794,20871.7529715451,18394.7847574034,22130.0688428663,25318.4415813474,24968.805647155,3676.62035174969,6431.52839004851,5318.6518595787,5874.51743538991,8747.44249008246,1535.91992825147,2072.27625465332,2636.72823830974,2401.98678649571,4465.38937467944,9503.9641985805,9520.91176607577,1e+09,1441.97915765104,2019.97136420297,1716.15902424571,1599.88928104416,5955.74584626476,10586.9011525422,13867.4869889212,12948.8391202996,4100.689749091,3418.51912329008,5870.4273197528,6674.03411903925,1835.5308547393,6186.52299655469,5566.85874839662,2896.13378268339,4309.52266925236,2614.69804059666,2180.45709240058,2380.10809920474,2400.69878189664,3220.94484825493,3467.32187170444,2181.44928047846,1847.11399564293,1909.03379708165,2065.73511985443,2593.99455685628,1900.25360404868,3193.02595157008,2371.76727901369,2159.52548058596,2892.55379108151,1836.90959791167,4003.50758441894
3629.37014716052,21498.1652887799,18913.4330850298,22698.956402771,25893.7713403127,25510.7377405182,2571.15478339986,5788.7453968455,5872.47913854958,6394.62974215083,9269.20190281774,931.901355884838,1267.46588289389,2692.88065862563,1496.58771770986,5174.43034826057,10108.6337351791,10247.1316599573,1441.97915765104,1e+09,1843.18620456534,886.820812565876,1412.56763140743,6587.9095111879,11224.5803692432,14438.1068610535,13635.1086674108,4264.36193489718,3188.49430662813,6259.59657733628,7271.01755196616,2157.06775475412,5537.70496124523,5076.89013975091,2818.6769867617,3621.25435664218,2821.60100194907,1915.476867545,1645.55501603562,1413.83368700141,2347.78750886872,2940.01466739539,1676.50258067204,882.429281132488,1090.69494208968,1603.54651728598,1459.05632122273,1233.77439339613,3293.64350258191,2084.39463852218,1820.9213963266,1648.69462157187,1379.8905331221,3012.33891204161
2280.64779192229,19912.3727197589,17460.2009353272,21152.7823656464,24328.6243505855,23981.829895573,3982.94897829485,7128.38439101035,4540.25746426345,4875.96875251473,7775.06126287761,2359.90117441388,3073.03579360866,1534.20633270105,1730.65860420246,3813.54784995547,8566.48625078568,8629.56524502828,2019.97136420297,1843.18620456534,1e+09,2040.79532249072,2030.50710459235,5076.2787813811,9678.15174013613,12831.1239374226,12092.7032439897,2665.54620303232,2651.07686423838,4559.36347330414,5744.12046523225,2159.86191644281,7100.04520031387,6231.34587338883,1646.49760619322,4665.78757731211,1220.77309558329,2698.78618697369,2608.07611428424,2909.54491981134,3726.33409440163,2995.34082665062,1393.55244942557,1968.86271326875,2097.62477802871,2071.15440969523,2663.92111200764,2443.18011830892,1593.89336443816,1577.82181959814,1326.00946938549,2941.63583607829,808.186649295817,4586.64558631905
3759.62809792405,21685.0188428994,19125.4730157322,22892.0182759472,26084.2372095026,25711.0595639328,2611.39819089315,5573.06953476269,6034.65202311616,6548.37724287476,9461.27073885955,1209.93493291995,1447.42523471853,2828.74875437887,1554.64945122687,5339.31538240625,10308.6768106872,10364.2531651682,1716.15902424571,886.820812565876,2040.79532249072,1e+09,1805.72603816304,6782.22908437927,11425.9498256994,14621.4690671218,13832.9981011168,4387.28063736525,2980.8622312009,6305.24584126583,7450.85783270625,2162.72599887272,5384.14303485708,4771.78789718277,2752.19250444078,3305.26760842447,2972.47977611287,1807.50233468729,1591.33614789585,1322.50080941374,1997.55006670671,2619.78153018529,1430.04968668924,982.526099907784,1107.53918309918,1898.17258048366,1683.44230809969,1194.41489006124,3349.84627606999,2053.69252141113,1785.97303484683,1506.9189065109,1457.31031403747,2952.12318123753
3465.91214678041,20684.679340744,18009.8868683843,21835.6114087012,25055.8460500639,24639.5921592911,3342.75053865825,6870.75796028357,4986.87983649095,5634.04776175176,8397.91874106317,1156.7564609718,2055.27779757385,2705.2452053557,2492.57345201701,4456.26101608737,9331.72154295766,9575.84690107355,1599.88928104416,1412.56763140743,2030.50710459235,1805.72603816304,1e+09,5850.93010495767,10427.8878872809,13708.2666068362,12841.184677373,3857.7670900276,3672.17899772056,5828.382641857,6529.969059429,2044.35413519772,6450.86507077152,6148.22687284716,3212.7639004446,4635.78589462456,2712.28328717706,2787.23058034315,2893.15783041645,2722.86403039153,3396.43720997459,3855.59503117223,2377.26389685706,1851.49108901447,1681.03817957832,1452.40914338901,2251.67081141982,2355.5520638483,3396.4548281701,2892.28135989568,2195.53065273523,2707.99266740145,1889.73693203578,4041.50428638892
3913.74227019358,14955.0116154987,12683.7444789029,16238.2434621883,19402.3264269726,19115.7453884775,8438.358302798,11966.0590228822,1871.83994735127,794.181192927659,3050.06711791724,6756.53484939581,7668.30904952976,4740.41355816136,6505.17995312966,2099.67925779153,3571.68586994993,3804.70639864629,5955.74584626476,6587.9095111879,5076.2787813811,6782.22908437927,5850.93010495767,1e+09,4661.2146475141,7946.79109792122,7090.67795147263,2961.52519942006,6330.93112611407,2316.13026611199,1823.87516162702,5901.95044437007,11979.7973846973,10905.0468899359,5330.48415081595,9393.99379573459,4194.98535294225,7256.70785769277,7489.31397381629,7797.2542803156,8618.64380548355,7537.78369102616,6167.45055839121,6863.2712139329,6808.6485155646,6246.282273873,7425.9820263922,7271.55821600845,4485.34753437234,6188.89011252422,5860.80949482237,7885.91842985964,5677.36921455704,9516.92975921331
8309.57466618479,10338.6234168916,8452.12541597083,11673.2612749951,14790.5847602047,14601.4832243064,12933.6843114791,16546.2027730262,5822.67439557631,4928.88562405337,2593.41402745493,11381.0669652059,12298.5057582822,9247.29134420453,11063.4563171551,6474.07204834793,1216.93614088826,2085.94689316387,10586.9011525422,11224.5803692432,9678.15174013613,11425.9498256994,10427.8878872809,4661.2146475141,1e+09,3500.08820197435,2654.91019541151,7328.2055317929,10693.0767627377,5839.55925711864,4572.39097545256,10474.048511736,16626.7682467279,15447.3619853585,9772.58478688725,13953.2282340289,8756.69249970558,11854.8785242321,12102.1511146242,12432.5719132085,13255.9234882976,12007.494847057,10748.1359555227,11495.2893322004,11421.8864591144,10797.1715782838,12001.2248488019,11912.0321336034,8895.89539126332,10721.4885130144,10442.5597041913,12491.6043372099,10288.7251454298,14138.5360026984
11451.0571612887,7166.01741731766,5862.36815591617,8544.20446828726,11604.7225346322,11476.1345192142,16064.8495712098,19741.2759457564,9008.9563061378,8141.19054336649,5535.30007688834,14628.3264212862,15559.1103790512,12402.1213657019,14141.4006850382,9694.14268480715,4469.09842919128,4815.79564872722,13867.4869889212,14438.1068610535,12831.1239374226,14621.4690671218,13708.2666068362,7946.79109792122,3500.08820197435,1e+09,1747.69912024353,10418.7428810102,13736.1566218502,8793.67582087264,7618.39289035424,13652.8120102051,19852.1591192444,18634.5723645352,12864.8742515463,17073.1035244592,11918.1778539758,15072.3505664213,15261.7126061461,15596.2584361026,16430.360280779,15056.8829634324,13885.9148638972,14675.3276063943,14616.5703698063,13990.8717926189,15140.3708950574,15099.3991437275,11967.4377433225,13830.4115490068,13553.8409182342,15626.3313789066,13427.5058017265,17305.4828209675
10806.76162105,7967.13770942865,6382.19042928053,9381.68469380633,12504.160528764,12276.3312040365,15393.493664789,19005.1789379579,8071.33840536996,7380.60652160105,4722.4832916274,13755.6486448441,14714.5156799332,11714.3894069772,13485.6557517275,8775.13455944124,3735.74878096748,3916.46425960968,12948.8391202996,13635.1086674108,12092.7032439897,13832.9981011168,12841.184677373,7090.67795147263,2654.91019541151,1747.69912024353,1e+09,9811.44184336329,13138.2185599152,8282.9536009385,6672.83651696188,12721.5231227829,19012.328868408,17897.9152485702,12234.8375204741,16375.2733847957,11209.9266389526,14273.9688525091,14511.299760907,14835.5698298448,15659.910757482,14396.8329431441,13184.5998271734,13878.5430864518,13797.4159003706,13153.7756761928,14369.2323914049,14281.4294307223,11289.8707496322,13123.1649761633,12802.7488331725,14911.9145347973,12674.7731361354,16517.7799498813
1662.73029710173,17525.9289251412,15152.9241870439,18743.4926402498,21886.3306041785,21600.7672050022,5837.29512216061,9458.7357550309,2998.48633098435,2613.85317938862,5547.00091689194,4667.14227915756,5422.47424431873,2341.73787196603,3827.70213687011,2543.84526644212,6189.55549946844,6447.726557966,4100.689749091,4264.36193489718,2665.54620303232,4387.28063736525,3857.7670900276,2961.52519942006,7328.2055317929,10418.7428810102,9811.44184336329,1e+09,3862.31617882327,2276.95207863495,3990.4884939566,4229.05689417865,9638.60147669775,8460.24396658276,2774.80733938412,6881.62573885706,1785.79512055555,4992.06984827937,5047.88575272856,5319.73168207759,6155.37195404145,5047.94775617775,3597.73257691563,4528.36751430358,4537.86099882974,4149.15094961608,5043.47391502127,4970.31296590064,2226.35407015596,3735.25446103743,3543.5648809638,5316.2678191754,3257.00429391796,7075.94930296988
2738.1564929894,20803.6022311354,18740.063520498,22124.2356577193,25229.0155843862,25060.5324447566,4430.99299857267,6307.77036153822,6297.87324126963,6106.67999066596,9077.52656510572,3758.85228756066,3880.26603099581,1991.82212006996,2357.31181649777,4930.92965368601,9555.39608348079,9520.66732972537,3418.51912329008,3188.49430662813,2651.07686423838,2980.8622312009,3672.17899772056,6330.93112611407,10693.0767627377,13736.1566218502,13138.2185599152,3862.31617882327,1e+09,5015.62263151844,7339.98445221787,3852.46962700551,6834.8121508934,5201.73219494237,1458.87766029232,3525.20620955711,2514.25571599231,2394.89990147814,2711.93133272213,3423.42117752111,3661.74898167529,2030.02775815997,1835.94934554306,3069.94368179613,3466.94456236323,3604.77922257383,3817.47528595799,3193.52478812988,2808.90278580445,2078.51401152362,2315.86125568869,3239.43716907737,2871.99796531961,5095.53930388139
3006.62717866715,15850.1057802306,13879.6487781896,17171.3990174272,20261.3038244334,20111.2046368113,7930.14497823338,11098.7609198009,3366.60694547195,2070.18436188664,4503.66563026164,6619.72619251733,7388.66659460961,3950.39667544919,5752.28182558887,2783.6886192245,4736.84587083008,4756.76401242483,5870.4273197528,6259.59657733628,4559.36347330414,6305.24584126583,5828.382641857,2316.13026611199,5839.55925711864,8793.67582087264,8282.9536009385,2276.95207863495,5015.62263151844,1e+09,3459.15149861928,5866.22261464735,11398.830811807,9969.30318268534,4190.47154383609,8424.75246517665,3491.7980574197,6587.90450030205,6812.74537495715,7261.12718868772,7971.2350900974,6442.20165324713,5328.71721736104,6418.83105055742,6470.30667159602,6076.00521427525,7054.90008197848,6822.58404066964,3630.64120156482,5362.45822140369,5234.72009310909,7232.3156070238,5220.93142414263,9069.36673542315
5189.35513430137,14487.0371422558,11987.8970849144,15711.5815515784,18935.8818641541,18487.5511409191,9251.60662238727,12778.5306261753,1799.81030775468,2003.36649672495,2571.55086047311,7340.64533501653,8379.7589785208,5808.97026375588,7281.6920303457,3072.47881154614,3718.07923086639,3707.24940400562,6674.03411903925,7271.01755196616,5744.12046523225,7450.85783270625,6529.969059429,1823.87516162702,4572.39097545256,7618.39289035424,6672.83651696188,3990.4884939566,7339.98445221787,3459.15149861928,1e+09,6205.07836055275,12578.8056666124,11774.3815749151,6278.09607015535,10211.1565862002,5115.05210006702,8095.24444770509,8243.57213170359,8493.94788866167,9282.76652397334,8223.08503539274,6910.53017149915,7424.83378253009,7283.27907962478,6717.17884708305,7898.49925112993,7876.0068765714,5101.92449347303,6881.72026879181,6451.3347108641,8540.79006318502,6254.63840842938,10030.4925427618
3980.64876530196,20608.5391038642,18036.5985158649,21836.6848097668,25073.927764409,24619.371822183,4526.33330937968,7106.67158439871,4919.64151790555,5772.30466936734,8427.97180605156,1854.47170248025,2884.25994409311,3163.51426461143,2951.96319878822,4296.77235266194,9418.94787294207,9329.80769004914,1835.5308547393,2157.06775475412,2159.86191644281,2162.72599887272,2044.35413519772,5901.95044437007,10474.048511736,13652.8120102051,12721.5231227829,4229.05689417865,3852.46962700551,5866.22261464735,6205.07836055275,1e+09,6507.52360814773,6300.52278058734,3374.57462556394,4748.39030547195,2957.55047770955,2905.68383168231,3000.92569388181,3089.172498081,3513.74892028443,3529.34199557085,2500.08966775194,1912.42127717718,1787.42569291705,1774.84615769931,2566.61243336426,2254.98152409283,3110.76781436674,2702.20647899083,1809.14168300882,3139.83231603218,1899.18735589725,4249.77461741208
8705.03749289456,26889.7594570071,24348.637293592,28126.5458690025,31331.623216297,30953.3993733919,5027.97783308558,2333.96451003438,11219.4644656552,11804.9528944846,14679.1977557971,5440.10241334665,4537.26819316425,7664.64442376814,6041.26206119218,10347.7406281758,15517.8216288047,15492.7503668942,6186.52299655469,5537.70496124523,7100.04520031387,5384.14303485708,6450.86507077152,11979.7973846973,16626.7682467279,19852.1591192444,19012.328868408,9638.60147669775,6834.8121508934,11398.830811807,12578.8056666124,6507.52360814773,1e+09,3055.60939753431,7375.56522587252,3558.6271736865,8026.22364434234,4979.6214764277,4784.27821950187,4496.57709840496,3624.03398005593,5505.27598262794,6161.27543875454,5259.81538826222,5444.83530510336,6208.36523082365,5117.99375405051,4872.5555920687,8193.01669769445,6338.65188772029,6427.53299383208,4495.566533753,6570.81157959959,3130.75591121378
7283.56207136316,25694.6277070792,23521.9137666772,27048.1515436157,30150.6998376605,29958.5286933888,4720.3074295749,1426.0649746067,10535.7837336764,10763.9821981412,13794.7167885354,5350.92702243265,4399.02223254214,6370.62970693636,5088.95190630645,9362.2042493368,14341.0371274291,14199.2102442777,5566.85874839662,5076.89013975091,6231.34587338883,4771.78789718277,6148.22687284716,10905.0468899359,15447.3619853585,18634.5723645352,17897.9152485702,8460.24396658276,5201.73219494237,9969.30318268534,11774.3815749151,6300.52278058734,3055.60939753431,1e+09,5860.74798158051,2317.0128854195,6865.08863991573,3834.38089946734,3790.98985212306,3958.03092079888,3221.72769009114,4143.86174192624,5055.64129642323,4889.33011277619,5243.85095179106,6028.0261256899,5150.97044806122,4367.54032944173,6997.9622697754,5134.1489314978,5690.27056317184,4156.27665331604,5842.45279666854,3783.41431364581
1812.81454109349,19961.0281601425,17805.1511816834,21277.033692524,24386.6867627011,24177.8849461734,4435.40156656644,6935.69621726615,5273.67654626258,5138.79831525815,8136.94502136398,3480.28608490739,3825.28470213656,1208.55006205784,2040.98462279852,4132.18134934807,8653.46791740167,8613.36174738993,2896.13378268339,2818.6769867617,1646.49760619322,2752.19250444078,3212.7639004446,5330.48415081595,9772.58478688725,12864.8742515463,12234.8375204741,2774.80733938412,1458.87766029232,4190.47154383609,6278.09607015535,3374.57462556394,7375.56522587252,5860.74798158051,1e+09,4386.33644619288,1365.42862365632,2676.73687780477,2782.72078834726,3397.12660114397,4017.11817940424,2519.08168172451,1470.02762902607,2860.37864355403,3150.25978065302,3232.84472209848,3632.84083744389,3076.33784472707,1595.06813515912,1498.77896729304,2008.88783059184,3426.08315379239,2064.33617109714,5204.48490722185
5829.38106987354,24159.9142721741,21896.3402825997,25450.2074524079,28600.2983152292,28344.256480797,3646.2606724561,3087.85141792801,8955.75367049586,9191.55228323812,12163.8248614365,3914.95082523395,3206.77155619168,4781.89137485368,3443.85434554076,7755.15265405524,12815.1894338671,12775.6434729606,4309.52266925236,3621.25435664218,4665.78757731211,3305.26760842447,4635.78589462456,9393.99379573459,13953.2282340289,17073.1035244592,16375.2733847957,6881.62573885706,3525.20620955711,8424.75246517665,10211.1565862002,4748.39030547195,3558.6271736865,2317.0128854195,4386.33644619288,1e+09,5304.76291816138,2402.57146815657,2369.42707904253,2650.96878446352,1761.54709250136,2454.43232935846,3438.11833407461,3268.97389743326,3689.83618219021,4311.92583064691,3525.27343869947,2898.38400935763,5473.15442497286,3642.04454920584,3855.42798528257,2436.9238068721,4293.31384679713,2962.07730211418
1227.29403970687,19010.4305854681,16709.7825037162,20284.311858954,23434.8586487608,23162.5286512872,4748.51779571268,7871.10065871985,4020.26234560632,4008.84770127277,6999.35338413485,3313.69257096973,3977.96323362849,995.212700280699,2464.54649653846,3016.35914406756,7631.1933082841,7702.82657607582,2614.69804059666,2821.60100194907,1220.77309558329,2972.47977611287,2712.28328717706,4194.98535294225,8756.69249970558,11918.1778539758,11209.9266389526,1785.79512055555,2514.25571599231,3491.7980574197,5115.05210006702,2957.55047770955,8026.22364434234,6865.08863991573,1365.42862365632,5304.76291816138,1e+09,3302.40662591692,3431.20322373945,3839.48931954498,4633.20403837345,3521.32523463823,2063.01568496219,3017.40723217798,3149.3936530545,2911.23363093724,3715.59156763765,3396.98499104721,1267.51509320402,2147.28289382186,2061.52932052882,3894.51493572691,1918.69724375682,5644.91704052416
3904.51912027589,22126.3297412065,19867.29206127,23447.6900670493,26600.1407855729,26333.8588058568,3455.55972662896,4819.83674540954,6857.70855774726,7143.19732228503,10115.1568577605,2308.96371400678,2059.02657530203,2824.11916333217,2145.08870620774,5619.44691489296,10743.6067942614,10681.4589667142,2180.45709240058,1915.476867545,2698.78618697369,1807.50233468729,2787.23058034315,7256.70785769277,11854.8785242321,15072.3505664213,14273.9688525091,4992.06984827937,2394.89990147814,6587.90450030205,8095.24444770509,2905.68383168231,4979.6214764277,3834.38089946734,2676.73687780477,2402.57146815657,3302.40662591692,1e+09,1012.49050588141,1852.26054285028,1927.32374044943,1904.50475084732,1802.21729280906,1752.46277903412,2266.59471772084,2721.67981691455,2590.25513724035,1449.68704157139,3612.12060332985,1952.88792182245,2143.5608837866,2011.35092261395,2483.10017319076,3298.45537379241
4114.10663321942,22360.2506861954,20005.284318267,23652.7100272273,26807.4256248712,26501.4597230172,2923.51575894504,4626.73513664874,7015.60315139761,7348.54800505515,10302.6922764198,2251.44081976409,1884.96411162123,3035.83345521456,1643.13092819775,5956.38251056797,10982.265827615,10961.9215150401,2380.10809920474,1645.55501603562,2608.07611428424,1591.33614789585,2893.15783041645,7489.31397381629,12102.1511146242,15261.7126061461,14511.299760907,5047.88575272856,2711.93133272213,6812.74537495715,8243.57213170359,3000.92569388181,4784.27821950187,3790.98985212306,2782.72078834726,2369.42707904253,3431.20322373945,1012.49050588141,1e+09,1162.74711261736,1570.2556805183,1847.77832639632,1728.75077839462,1460.14587415094,2032.8191366917,2659.53953117828,2088.47606897948,1063.48204159732,3620.55206393997,1782.80446120712,2148.87701528031,1464.81533102299,2212.66961573571,2686.74443097962
4556.51632517651,22697.5825485799,20153.9835221179,23915.60025332,27094.5627585555,26731.9309035468,2024.74639303296,4587.68093964696,7139.24523019065,7598.95649363121,10520.7027119627,1906.48351946719,1289.87133939785,3584.4162407148,1729.77520536629,6352.46735682286,11306.4540744877,11384.1802896651,2400.69878189664,1413.83368700141,2909.54491981134,1322.50080941374,2722.86403039153,7797.2542803156,12432.5719132085,15596.2584361026,14835.5698298448,5319.73168207759,3423.42117752111,7261.12718868772,8493.94788866167,3089.172498081,4496.57709840496,3958.03092079888,3397.12660114397,2650.96878446352,3839.48931954498,1852.26054285028,1162.74711261736,1e+09,1371.7289261002,2648.41732712199,2148.79053439371,1456.38885168076,1775.30967692963,2577.53600005897,1634.8493945315,1125.01903241679,4133.54480970026,2424.72071397924,2572.34274117972,1111.83208619827,2317.4387644337,2018.39726181443
5352.11681954907,23510.4515478733,21017.0205456934,24744.3229908903,27933.704370885,27571.7227389929,2687.73949500319,3823.63393743439,7922.42591086215,8409.20998966015,11321.8277720163,2494.84190406927,1835.33448741639,4257.80843939696,2649.82216316492,7019.57002556424,12134.0599631698,12138.7984255238,3220.94484825493,2347.78750886872,3726.33409440163,1997.55006670671,3396.43720997459,8618.64380548355,13255.9234882976,16430.360280779,15659.910757482,6155.37195404145,3661.74898167529,7971.2350900974,9282.76652397334,3513.74892028443,3624.03398005593,3221.72769009114,4017.11817940424,1761.54709250136,4633.20403837345,1927.32374044943,1570.2556805183,1371.7289261002,1e+09,2471.05618420545,2703.65811181813,1988.85567927892,2291.47644240564,3075.02250237295,2145.51263065497,1617.62578849374,4809.85198943793,3025.99184868367,3014.25623333518,1226.90345268077,3163.26485878119,1698.77315678109
4233.46208014197,22135.1412736445,19954.6798150309,23453.3787277569,26593.5435345179,26329.0890995568,4136.72194918875,5106.66470900528,7181.93243671924,7353.913788895,10256.2484503009,3460.56106893088,3406.78216896825,3182.87153066221,2311.06564339917,6005.9369040059,10907.6446835465,10756.0937679066,3467.32187170444,2940.01466739539,2995.34082665062,2619.78153018529,3855.59503117223,7537.78369102616,12007.494847057,15056.8829634324,14396.8329431441,5047.94775617775,2030.02775815997,6442.20165324713,8223.08503539274,3529.34199557085,5505.27598262794,4143.86174192624,2519.08168172451,2454.43232935846,3521.32523463823,1904.50475084732,1847.77832639632,2648.41732712199,2471.05618420545,1e+09,1820.74300155184,2388.20454708134,2813.76841719428,3241.65947323281,2965.83238386798,2252.70455619462,3293.79663853129,1701.83837516963,2186.94309685918,2390.77479652518,2786.9018429611,3769.71744547254
2893.48635540242,20979.2969005422,18608.303132008,22233.78995774,25396.3169835667,25091.6721532444,3401.35291074008,6004.04265455368,5689.51312831775,5934.06464509783,8895.60193448425,2297.60964410842,2608.50411057755,1915.71425760733,1166.41868143476,4777.36441900762,9628.84428371339,9626.53793120351,2181.44928047846,1676.50258067204,1393.55244942557,1430.04968668924,2377.26389685706,6167.45055839121,10748.1359555227,13885.9148638972,13184.5998271734,3597.73257691563,1835.94934554306,5328.71721736104,6910.53017149915,2500.08966775194,6161.27543875454,5055.64129642323,1470.02762902607,3438.11833407461,2063.01568496219,1802.21729280906,1728.75077839462,2148.79053439371,2703.65811181813,1820.74300155184,1e+09,1516.89449000252,1804.81308142976,2180.27878205976,2306.38777210165,1784.94763211698,2237.38236743298,970.139906353718,1154.0734185484,2087.89451907897,1217.20166702153,3852.72844311664
3965.22276871048,21733.9506452117,19180.2792312808,22945.5310037641,26153.7621079454,25754.0696514066,2951.91181301204,5592.83230475401,6099.50882541373,6664.21627642741,9502.70753587629,1205.05389327615,1587.30974718232,2904.4835305782,1612.45448003967,5352.39905864651,10389.6036614878,10444.5744933291,1847.11399564293,882.429281132488,1968.86271326875,982.526099907784,1851.49108901447,6863.2712139329,11495.2893322004,14675.3276063943,13878.5430864518,4528.36751430358,3069.94368179613,6418.83105055742,7424.83378253009,1912.42127717718,5259.81538826222,4889.33011277619,2860.37864355403,3268.97389743326,3017.40723217798,1752.46277903412,1460.14587415094,1456.38885168076,1988.85567927892,2388.20454708134,1516.89449000252,1e+09,659.535826850976,1388.95698252322,1091.06337767336,817.443762958651,3219.77988693327,1847.11927029632,1440.76656117499,1342.00703627067,1436.0633389931,2768.0965795651
