1e+09,1968.85746815253,1041.62447172674,2297.42172669713,2323.99910352823,2175.45347888664,1601.28518884051,2559.57478929607,1321.75606599705,1972.79170872142,1807.70348002652,1520.10167268509,1431.65716336,1679.72494519192,1740.87025754362,1796.00577927801,1664.31970119926,1826.86529035394,1246.90406579656,2737.97892855296,1749.93446408716,1724.99775431738,1661.6187118891,1792.41149842886,2324.86345203326,1758.938599639,1837.17503131846,1903.82078316211,1708.40210518484,1565.15377420239,707.969401598685,1685.84774715868,2004.34354792286,2228.31143296892,1773.86461704381,1950.35525125552,2058.17704175321,1754.5204416307,1771.8513874476,1689.66683828499,1521.94462524101,1348.79770013891,1266.93965081215,1533.26708185495,1255.41136166597,1566.83221842672,1842.02306956238,1261.03816599657,1261.30711981658,1922.37756777903,1456.61444857587,871.568001936739,1454.06538676911,1431.2713878926
1968.85746815253,1e+09,1030.84836886906,1578.71811404063,1861.5276800252,1626.49694389507,1732.20746826124,2767.34558747186,2244.24799393917,1877.75720440636,1995.62602197907,2471.43642107176,2692.62175797122,2063.73874703171,1643.74645846006,2745.87450239446,1643.35068713285,1635.42036284253,2499.26714658517,2582.86116283861,2188.07221752391,2493.43794534775,2521.09255601614,1227.91533633227,1435.76612388648,1489.97946945587,1579.71958315392,2104.75294557342,2048.64192300656,1642.57151905176,1889.95660460763,2948.46969302722,2400.49178957146,2781.51436591652,1628.81196038708,2421.96647140294,2383.80211332652,2170.03116157349,2253.71684665576,2139.27738629192,1975.14587522036,2423.77496150117,2059.54027086144,2453.7475673345,2772.42748000737,2514.75451927221,2349.78616173898,2541.21542904178,2042.86344316012,2054.88776793284,2277.98642934939,1753.22888075117,1497.83807205585,2155.21913486773
1041.62447172674,1030.84836886906,1e+09,1725.09224959131,1815.85862244284,1660.09334602004,1316.39995012914,2249.56896611329,1344.28564579854,1440.99495554287,1401.90503301757,1627.96084682648,1872.13961554688,1525.76488739255,1252.63509846244,1958.49130125717,1250.67673085414,1234.25834313567,1603.84828222622,2278.41003726283,1510.10093394448,1700.84681829376,1701.06871736565,1073.68664888784,1666.13878224474,1332.25391191019,1314.6589048875,1513.60156880865,1418.73787927862,1107.71197068552,919.085561794983,2093.90937003014,1760.65686577482,2106.26193461307,1242.35424163159,1934.64900335952,1816.97754650408,1493.25482935767,1531.77508737412,1537.54165429753,1328.84589106487,1538.32990388928,1263.78014832486,1639.77516062416,1816.99926304333,1677.86367282923,1742.89986794996,1633.26250119202,1223.99584925767,1655.44853746651,1474.31053028187,997.098271836834,1173.1037798507,1402.86681687892
2297.42172669713,1578.71811404063,1725.09224959131,1e+09,1394.64051321479,1400.31171097724,2386.61963712277,3085.04418070471,2735.05534000685,2352.07041508115,2777.85045767406,2690.35228131931,3218.86004400626,2985.3081902209,2401.44411925408,3044.24090152209,2475.94982160382,2226.25159813531,2781.30061999777,3045.2097821825,2784.83267025148,2962.96298679211,2937.17288425452,2353.6905206505,2148.29616224114,2148.52737413327,1923.69349497263,2787.02056065254,2561.90385894943,2324.02474573745,2493.79642759789,3320.0588647643,2816.82616435591,3443.97020550411,2669.42543561344,3169.14484926139,2980.81563473825,2847.84469337778,2728.6337334461,3092.72031271824,2850.89307382792,2952.64824633752,2436.39363258485,2813.02885011868,2890.768004614,2991.55913951237,3080.20113685779,2981.7071645284,2631.07592809482,2944.67200845867,2877.29995163869,2245.78890688773,2025.5122159839,2671.53189662785
2323.99910352823,1861.5276800252,1815.85862244284,1394.64051321479,1e+09,1472.96967035985,2620.83897666377,3091.74695782174,2449.36765680451,2129.74056542106,2363.77686203669,2554.13235093642,2971.12714403137,2661.36359276593,2115.25461309035,2979.27313215825,2613.26123194755,1719.67496315437,2538.215362356,3257.00208489341,2275.72657720562,2481.70422270665,2778.96330610895,2479.05015925455,2189.78964382426,2165.87802124219,2376.35792592362,2575.83054745455,2914.64937833009,2187.69123911488,2388.09518775948,2982.88320294309,2535.39954758614,3105.39596468792,2622.87323479424,3219.87541524513,2756.98017925411,2604.17760521436,2484.98318597933,2870.12916364403,2575.96233782639,2500.28602489795,2265.51879895092,2267.60699767398,2662.22113578117,2668.12384339633,2800.93612951099,2627.2857663566,2413.39619256764,3074.93091621584,2455.27050534152,2168.28233133972,2207.47543610342,2272.03491914187
2175.45347888664,1626.49694389507,1660.09334602004,1400.31171097724,1472.96967035985,1e+09,1805.97937518677,3053.16965525992,2330.39430959655,2019.82095067855,2681.91133397434,2505.86487430987,2589.41193980409,2241.32661142904,1750.77537462691,2648.58345709551,1764.99620056248,1635.83470488311,2291.09677532399,2699.04503211784,2340.94783653972,2663.73737237739,2853.56787469652,1934.40070634292,1665.0204186736,1243.24097957717,1393.48065652165,2179.69412239424,2400.40975827045,1647.06860849814,2211.53980619839,2549.32822873007,2427.99483765926,2852.04503276158,2183.28313917366,2443.38601049855,2528.18189677879,2363.88191678434,2186.2603779971,2585.83168040768,2235.83042373522,2441.38012560519,1738.41444632746,2398.19815488629,2426.17581320893,2461.98976628661,2210.78290064855,2594.5317901502,2104.83550656577,2303.77885264623,2279.04301758435,1803.97032126363,1827.41234865041,1958.74841038863
1601.28518884051,1732.20746826124,1316.39995012914,2386.61963712277,2620.83897666377,1805.97937518677,1e+09,2117.29200943091,1478.35861603334,1393.72186393125,2108.96792367736,1982.24822489516,2041.35990981502,1434.40999881484,1059.95099773527,1502.44136870628,918.53017402805,1702.05798640939,1630.35368668887,2092.49595908809,1651.01611839497,2067.02513308378,2191.55700320571,883.83806904885,1508.33974660883,1233.11363178744,1219.46292887484,1338.78295089234,1273.20830188937,786.079538278411,1473.29114732968,1835.55977107802,2012.11726146863,1845.99781746892,953.419685238353,898.670777927045,2108.38260778256,1725.86153491524,1478.51166792826,1444.90501348705,1327.58893483638,1857.65924434488,1218.64396999288,1798.49893091433,1807.58391650291,1532.84604285623,1241.24977131921,1883.00955757001,1273.47678875588,986.156067618103,1673.70086747901,1135.48794410157,1613.80687828501,1530.97563573037
2559.57478929607,2767.34558747186,2249.56896611329,3085.04418070471,3091.74695782174,3053.16965525992,2117.29200943091,1e+09,1783.40498832991,1352.28377428704,1863.66132440956,1903.12391722137,3094.90833773797,2326.0565394891,1851.39149998049,1527.32058088667,2440.56071942494,2392.18951337472,2365.16932609486,1958.77847609167,1603.77907898813,1900.44051903763,2017.61562883023,2100.8179827153,2378.7090682553,3008.81859820429,2486.58060711894,1665.58836355205,1617.86552599405,1929.23378907275,2282.55766901956,2605.04210188626,1883.24973965218,1889.67341249751,1940.1425280118,2190.78594264707,2807.25200044456,2147.22930105287,1989.11300035971,1900.91303635911,2028.68963040185,2222.85149618682,2169.19848091409,1853.65742851801,2271.42073104038,2039.24771690445,2228.14466523159,2057.70055063899,1862.73655525949,2154.37279222979,2438.96216981732,2286.71904518242,2630.89158153657,2264.11814802143
1321.75606599705,2244.24799393917,1344.28564579854,2735.05534000685,2449.36765680451,2330.39430959655,1478.35861603334,1783.40498832991,1e+09,1208.72549944146,1264.48631843132,1201.56553774649,1450.31195527031,1294.65583082918,1230.3739935483,1173.11849785092,1507.07899766402,1363.49612588375,861.248428677812,2196.97890740899,753.299881587672,889.287277767989,1250.37541886427,1529.08453719865,2249.07511911008,1858.21390412945,1869.37579023053,928.102186830739,1391.08299119787,1002.44651144088,854.967236097384,1170.87852854171,1312.29832755361,1043.5420064856,1235.18011156268,1632.02766658534,1509.21804971979,1015.73641182149,714.838898354028,1142.10648155065,991.624831929899,749.166989195333,909.300016056307,776.262012918319,1042.87173679221,526.269080319184,1099.31920750981,943.349679440238,685.104881970637,1611.1043669173,712.400055586747,1176.26787068252,1905.49639228207,907.351530995567
1972.79170872142,1877.75720440636,1440.99495554287,2352.07041508115,2129.74056542106,2019.82095067855,1393.72186393125,1352.28377428704,1208.72549944146,1e+09,1521.70034109873,1594.7244134646,2409.08284311686,1647.72323091592,884.967390246669,1576.20788793864,1659.67470861009,1463.36206480146,1631.27193425866,1889.06430779897,900.689686073955,1323.27960061357,1728.34954650383,1261.34782241062,1452.35934410187,1931.450574853,1822.32478683137,1013.87018932406,1544.51904643484,937.55933364241,1672.58116143881,2045.75473740133,1381.71217961629,1397.14042332902,1201.35263340953,1767.736720018,1937.68091191507,1430.87440619364,1234.72522959564,1416.86190971456,1410.97101788095,1689.60147250764,1445.07898566134,1262.4622016916,1883.05935764118,1388.72481856558,1501.39916151568,1716.05103685759,1215.53349443773,1646.2463336026,1615.58161198994,1436.87890860712,1815.54282169273,1439.2362160535
1807.70348002652,1995.62602197907,1401.90503301757,2777.85045767406,2363.77686203669,2681.91133397434,2108.96792367736,1863.66132440956,1264.48631843132,1521.70034109873,1e+09,1754.16486414476,2227.3512210022,1558.32416589104,1480.32937500409,1928.59871313345,2002.55951155016,1372.19573407003,1988.93792009706,2467.32439519006,1054.03663166894,1360.70114150757,1612.07783447326,1677.68357576749,2328.98619744729,2329.53591575661,2293.36108556852,1463.81312383104,1816.67765789641,1583.48261783955,1356.56017452231,2245.81383576199,1704.78818883755,1810.94294200563,1453.49965961468,2295.20962558979,2092.36158216022,1547.80963480655,1614.76676405604,1373.82939745079,1281.95422312967,1322.42206915946,1745.78224372343,1386.58078055337,2047.48411620213,1667.58837373016,1869.0063952004,1483.84339234301,1408.96443333393,2098.63625295095,1527.86094383619,1804.51864310126,2167.14453493531,1623.06667703456
1520.10167268509,2471.43642107176,1627.96084682648,2690.35228131931,2554.13235093642,2505.86487430987,1982.24822489516,1903.12391722137,1201.56553774649,1594.7244134646,1754.16486414476,1e+09,1714.98504381234,1751.02589261267,1809.74675982581,1818.4310512912,1847.24494220447,2074.68741486519,1199.34170051741,1787.15594034208,1506.63225270801,980.911997123085,654.270953351897,2030.14415709821,2294.02288652489,2403.48410504418,1967.33529150473,1417.46702631843,1470.79186566285,1687.22143194069,1262.32320793844,1626.86581373511,789.207880219147,1608.44249552168,2005.09732743825,2146.73486858531,1777.43242113449,1135.1726192082,1611.798591543,1485.61836603483,1511.73027329613,1215.63989371853,1272.74084891623,1456.0043645539,1243.96487301692,1584.77114694835,1774.38526230918,999.483650791748,978.468358098513,1813.97569371808,1613.85809664295,1309.44316153852,1532.66261437408,1173.47059524302
1431.65716336,2692.62175797122,1872.13961554688,3218.86004400626,2971.12714403137,2589.41193980409,2041.35990981502,3094.90833773797,1450.31195527031,2409.08284311686,2227.3512210022,1714.98504381234,1e+09,1542.78016505917,2100.48300354942,2210.13643483836,1631.54648337092,2011.28592241382,1145.39448448995,2728.33350520057,1984.74501163248,1758.80146383837,1765.84571316409,2175.75802264406,2853.33889087854,1882.82712241459,2103.7449636541,1803.87008207354,2089.53026434173,1801.15842326543,1127.11650187547,1061.07496153665,1892.50042813734,1869.79066595702,2043.6512973597,2071.62740542309,1537.98217954565,1412.23454649007,1640.91203475384,1737.30535945757,1513.21415447385,1149.89487445592,1251.64609990205,1861.83962593452,1369.28910029986,1505.79142655947,1489.94708771822,1424.20299609992,1347.66003461556,1918.46509384456,1092.53615445897,1482.53557050076,1996.48160807957,1163.05376315973
1679.72494519192,2063.73874703171,1525.76488739255,2985.3081902209,2661.36359276593,2241.32661142904,1434.40999881484,2326.0565394891,1294.65583082918,1647.72323091592,1558.32416589104,1751.02589261267,1542.78016505917,1e+09,990.965948204074,1742.96547174636,1151.78198974459,1432.81002906875,1633.4869820724,2154.28769938001,1246.13056904162,1625.75342377004,1908.18201202087,1363.28879977795,1847.9240042545,1642.07680112716,1780.74877408353,1083.25128622125,1724.98577973849,1073.51552154592,1251.14563312989,1438.89810149989,1598.1486157426,1549.67920867514,1173.00898415144,1244.45587981254,1991.59352255926,1324.16314327201,1547.10521403685,730.742629589926,372.611365097738,1065.53439212444,1054.08445226177,1470.35737560635,1663.68314834887,1496.31914363213,778.114506933266,1241.47401978455,863.212709591327,1116.77218419873,1281.46723910524,1251.7268514736,1746.15180276515,905.842668292899
1740.87025754362,1643.74645846006,1252.63509846244,2401.44411925408,2115.25461309035,1750.77537462691,1059.95099773527,1851.39149998049,1230.3739935483,884.967390246669,1480.32937500409,1809.74675982581,2100.48300354942,990.965948204074,1e+09,1512.21477601563,1247.33876024118,1106.15308384509,1657.81152086116,2094.79795541241,914.432663786678,1598.6183688423,2018.68147014332,993.2828479844,1253.04944427584,1446.31444917763,1593.80260418284,980.104886427978,1621.13552598171,554.759957549209,1454.05822104894,1786.08926630222,1630.53573192985,1577.82608062486,873.543115707519,1289.64054685792,2072.53260432737,1500.55037972739,1338.02260055651,1107.0954350913,892.244359634736,1445.73435779191,1126.87934118964,1242.26165259176,1771.44329691921,1397.08795653674,1043.59216641368,1545.57436647351,1012.31381078201,1302.19985843188,1428.33943661862,1172.20544820437,1686.40495551928,1155.43808973047
1796.00577927801,2745.87450239446,1958.49130125717,3044.24090152209,2979.27313215825,2648.58345709551,1502.44136870628,1527.32058088667,1173.11849785092,1576.20788793864,1928.59871313345,1818.4310512912,2210.13643483836,1742.96547174636,1512.21477601563,1e+09,1952.36808378953,1989.41801582774,1605.58308919221,2451.42901908254,1348.67589931755,1820.1753107874,2083.43323528737,1951.00359669069,2482.51367218793,2336.10770888245,2151.7159325292,1491.89724445084,1549.19522378556,1432.02770304907,1652.26307929458,1529.50074043787,2044.45879388654,1665.59169093148,1625.18991493302,1366.39833939448,2562.54183591215,1995.95685522007,1497.48816128876,1621.94493124767,1518.58956301563,1550.57681167364,1401.89679163625,1234.54630844695,1245.1607421534,1220.98361401781,1469.05635385441,1430.17655382124,1351.98609574951,1809.317702699,1713.57945500056,1679.76280492217,2473.24253663081,1677.68907995492
1664.31970119926,1643.35068713285,1250.67673085414,2475.94982160382,2613.26123194755,1764.99620056248,918.53017402805,2440.56071942494,1507.07899766402,1659.67470861009,2002.55951155016,1847.24494220447,1631.54648337092,1151.78198974459,1247.33876024118,1952.36808378953,1e+09,1499.95420966775,1656.40822718918,1782.50636385961,1759.39880669506,2000.86627329265,1998.88399580866,902.929820030328,1680.9212242696,1040.75859347881,851.972168031327,1131.55367340661,1236.34111700614,900.730480054939,1295.57125786272,1754.3959547947,1712.81179301755,1785.66589475747,1057.10117074952,1292.78255027673,1668.91155385778,1290.58292174505,1404.82338498475,1342.24582167351,1096.79087892816,1640.97355393071,1029.2488409515,2002.79944460248,1900.7580344168,1676.04567124527,1102.48227650153,1840.58968683952,1148.80251875594,789.961646600644,1471.60773299137,1253.99973819774,1442.45857937065,1238.80775489985
1826.86529035394,1635.42036284253,1234.25834313567,2226.25159813531,1719.67496315437,1635.83470488311,1702.05798640939,2392.18951337472,1363.49612588375,1463.36206480146,1372.19573407003,2074.68741486519,2011.28592241382,1432.81002906875,1106.15308384509,1989.41801582774,1499.95420966775,1e+09,1834.63507935502,2517.71223508565,1249.49147572122,1796.37113913022,2186.48397240867,1445.13161504411,1989.12088493887,1346.29439232287,1657.5301027734,1328.27698222171,1957.44491245603,1038.55829975982,1462.76718328653,1970.85698514631,1882.79294007599,1929.48657383253,1322.70833735181,2095.25457980647,1876.61124495725,1588.57698107457,1249.24383452551,1746.39281929926,1312.81919821429,1445.8108729706,1282.1533106848,1507.73483842485,1969.58050982944,1558.98817718416,1482.87606309496,1841.64511646517,1430.07333070721,1981.31117490413,1235.30333720103,1641.93024574736,2068.45579713466,1321.70677213216
1246.90406579656,2499.26714658517,1603.84828222622,2781.30061999777,2538.215362356,2291.09677532399,1630.35368668887,2365.16932609486,861.248428677812,1631.27193425866,1988.93792009706,1199.34170051741,1145.39448448995,1633.4869820724,1657.81152086116,1605.58308919221,1656.40822718918,1834.63507935502,1e+09,2438.6467127692,1398.08905041846,1121.92001662329,1347.72901222761,1896.82615107447,2399.93465058947,1852.73154212908,1987.06372630573,1434.94209071307,1763.10369397265,1355.76206976003,1058.94032886655,940.722727428226,1473.00775462996,1367.3573063395,1755.01687937752,1826.93386809704,1421.56960635067,1207.48042625957,1124.46377633964,1562.48237964465,1462.18998710838,1087.3448102603,998.698249472782,1163.42569234137,857.303994216754,827.337536680163,1342.01805490835,1144.25704009195,974.774859749676,1810.72311395199,929.250471024901,1030.15851581201,1764.41872884528,964.058792968562
2737.97892855296,2582.86116283861,2278.41003726283,3045.2097821825,3257.00208489341,2699.04503211784,2092.49595908809,1958.77847609167,2196.97890740899,1889.06430779897,2467.32439519006,1787.15594034208,2728.33350520057,2154.28769938001,2094.79795541241,2451.42901908254,1782.50636385961,2517.71223508565,2438.6467127692,1e+09,2273.74537365115,2224.21634190562,1964.88173305673,1962.26369418078,2121.69226769577,2650.55240697105,1743.87134734762,1514.90849994315,1416.31092836284,1977.23389949191,2326.42775542246,2585.61832163991,1401.82607783562,2020.96381127916,2109.10084694877,2220.0651969931,2306.79161538272,1680.5373698017,2139.09713842079,1925.5782497733,1990.75977121801,2362.04100906398,1984.52594913748,2615.03822234016,2552.13810284632,2496.79939680784,2084.93787044123,2350.17044694635,1826.07956959712,1541.24713122199,2525.60541043133,2262.60326358821,2066.7840190015,2032.31849132955
1749.93446408716,2188.07221752391,1510.10093394448,2784.83267025148,2275.72657720562,2340.94783653972,1651.01611839497,1603.77907898813,753.299881587672,900.689686073955,1054.03663166894,1506.63225270801,1984.74501163248,1246.13056904162,914.432663786678,1348.67589931755,1759.39880669506,1249.49147572122,1398.08905041846,2273.74537365115,1e+09,940.285205243601,1581.84281883504,1538.9221065733,1982.13966985175,2026.5625481835,2127.32697865185,958.563671750604,1747.38272293164,1030.96741379153,1347.45615097487,1588.98954666165,1380.89901538816,1142.72174325161,1223.81885465129,1736.26155958715,1886.6623687878,1295.9175876189,1084.2179369481,1100.90182723075,1000.14685226721,1034.49008351941,1255.02139726779,620.596779801507,1506.56278833642,969.570596140374,1206.9890551285,1163.81525978138,940.388208720207,1761.23428274037,1121.5794680717,1401.10151901995,2048.65931935986,1098.99158067749
1724.99775431738,2493.43794534775,1700.84681829376,2962.96298679211,2481.70422270665,2663.73737237739,2067.02513308378,1900.44051903763,889.287277767989,1323.27960061357,1360.70114150757,980.911997123085,1758.80146383837,1625.75342377004,1598.6183688423,1820.1753107874,2000.86627329265,1796.37113913022,1121.92001662329,2224.21634190562,940.285205243601,1e+09,861.755415822842,1939.12178134845,2337.76577855866,2373.27299889836,2353.35696588937,1265.86759702585,1855.28769941484,1545.36343262677,1312.2397910443,1587.41432921591,969.016503213438,1113.6293255388,1758.35741554441,2190.26211515882,1518.71082672114,991.452305711172,1291.91676659141,1306.11746332403,1378.01113039772,1026.68303575154,1441.80469259883,986.831665533692,1448.09332938178,1150.11198841678,1592.55357398111,1048.32851411187,1020.32806072361,1989.58674354751,1195.93809371556,1442.97763031864,1908.42599872251,1118.71618795832
1661.6187118891,2521.09255601614,1701.06871736565,2937.17288425452,2778.96330610895,2853.56787469652,2191.55700320571,2017.61562883023,1250.37541886427,1728.34954650383,1612.07783447326,654.270953351897,1765.84571316409,1908.18201202087,2018.68147014332,2083.43323528737,1998.88399580866,2186.48397240867,1347.72901222761,1964.88173305673,1581.84281883504,861.755415822842,1e+09,2047.68634653845,2535.63370463874,2566.62719435449,2238.21388915358,1529.77320368086,1574.80276482485,1864.93560290966,1276.57677830203,1885.48432157364,958.544441118929,1537.61831304131,1995.84063063663,2380.41366917601,1537.17757376954,1026.26938149786,1629.58761860171,1502.87195279571,1632.35569561294,1341.48240376085,1617.06672122705,1630.29665852568,1620.60817173677,1619.13921489167,1956.95914614997,1246.35057347441,1213.63506623696,1970.92932638388,1592.00734995163,1561.98475143005,1725.82191326336,1433.2330701948
1792.41149842886,1227.91533633227,1073.68664888784,2353.6905206505,2479.05015925455,1934.40070634292,883.83806904885,2100.8179827153,1529.08453719865,1261.34782241062,1677.68357576749,2030.14415709821,2175.75802264406,1363.28879977795,993.2828479844,1951.00359669069,902.929820030328,1445.13161504411,1896.82615107447,1962.26369418078,1538.9221065733,1939.12178134845,2047.68634653845,1e+09,1350.74522308983,1290.10964658048,1320.26136526068,1205.99821620929,1309.37523479711,833.82122016653,1451.92308387876,2212.77812432697,1868.29140066532,1797.2306155861,544.431071027362,1430.44040239361,1848.64922657058,1484.44345914555,1470.74203689838,1275.65545461931,1214.98582148106,1873.61951414902,1484.30748057806,1914.92392047308,2223.7180580955,1706.21352884098,1416.77506164528,2010.38197494904,1345.88319218274,1071.42517349556,1643.28526285,1363.19098284136,1538.05661023904,1592.30849049423
2324.86345203326,1435.76612388648,1666.13878224474,2148.29616224114,2189.78964382426,1665.0204186736,1508.33974660883,2378.7090682553,2249.07511911008,1452.35934410187,2328.98619744729,2294.02288652489,2853.33889087854,1847.9240042545,1253.04944427584,2482.51367218793,1680.9212242696,1989.12088493887,2399.93465058947,2121.69226769577,1982.13966985175,2337.76577855866,2535.63370463874,1350.74522308983,1e+09,1799.56152028765,1748.03061600763,1844.85631201999,2099.41687456303,1481.81460361949,2225.63251139985,2710.84019344557,2075.95705955109,2445.08420233333,1686.30508716543,1929.42114389264,2609.73279800826,2138.12084487758,2294.58925866919,1860.47537941248,1845.39703801106,2434.550078495,1947.66155971719,2256.19941199797,2618.72007973361,2439.53449963308,2010.40290240539,2391.44030995967,1843.43412572839,1663.29904187431,2430.63185731612,1619.84321012868,1442.99085333206,1962.04745905903
1758.938599639,1489.97946945587,1332.25391191019,2148.52737413327,2165.87802124219,1243.24097957717,1233.11363178744,3008.81859820429,1858.21390412945,1931.450574853,2329.53591575661,2403.48410504418,1882.82712241459,1642.07680112716,1446.31444917763,2336.10770888245,1040.75859347881,1346.29439232287,1852.73154212908,2650.55240697105,2026.5625481835,2373.27299889836,2566.62719435449,1290.10964658048,1799.56152028765,1e+09,1253.84802603824,1764.3234540469,2033.00567679975,1145.83905588874,1629.9595970146,2044.62906638344,2322.14422764823,2311.98622435342,1448.73815456762,1820.30522731766,1914.57608187818,1877.17658934902,1662.1477115768,2003.95645708683,1661.95539386591,2004.63252318224,1392.90987874306,2151.40934631232,2174.09615166855,1884.02925683228,1560.50729543312,2277.69286169141,1697.17561401288,1701.14266015523,1597.43686063018,1440.09793670431,1724.99956031878,1591.11311379801
1837.17503131846,1579.71958315392,1314.6589048875,1923.69349497263,2376.35792592362,1393.48065652165,1219.46292887484,2486.58060711894,1869.37579023053,1822.32478683137,2293.36108556852,1967.33529150473,2103.7449636541,1780.74877408353,1593.80260418284,2151.7159325292,851.972168031327,1657.5301027734,1987.06372630573,1743.87134734762,2127.32697865185,2353.35696588937,2238.21388915358,1320.26136526068,1748.03061600763,1253.84802603824,1e+09,1537.43830851843,1271.45414510316,1276.75038312115,1648.42284790645,2181.22995309986,1913.80523335056,2306.99418395452,1592.39570926953,1808.84016037902,2049.10342533021,1728.61605997399,1724.68339132143,1961.42812060498,1677.02785295892,2045.54988465205,1278.17078416775,2313.20909824426,2096.46472002273,2106.58016391496,1725.84204175817,2185.94401396742,1564.32831170442,1380.68087761075,1955.88331321171,1557.74934341183,1518.6907109415,1644.08566933113
1903.82078316211,2104.75294557342,1513.60156880865,2787.02056065254,2575.83054745455,2179.69412239424,1338.78295089234,1665.58836355205,928.102186830739,1013.87018932406,1463.81312383104,1417.46702631843,1803.87008207354,1083.25128622125,980.104886427978,1491.89724445084,1131.55367340661,1328.27698222171,1434.94209071307,1514.90849994315,958.563671750604,1265.86759702585,1529.77320368086,1205.99821620929,1844.85631201999,1764.3234540469,1537.43830851843,1e+09,1214.11117728155,787.932847963581,1354.14196065257,1510.37113359598,1052.82273412954,906.640143000518,1006.12669629625,1435.00385264291,1533.03613864775,831.712827423024,849.172905714731,980.448908816773,835.92425201091,1201.32651186095,982.263924207746,1369.69665258407,1633.17850732858,1156.16866792869,828.835871327973,1423.36289325667,779.156044383922,1123.33079050652,1173.47961746253,1439.29687778443,1857.9615300646,948.94175669532
1708.40210518484,2048.64192300656,1418.73787927862,2561.90385894943,2914.64937833009,2400.40975827045,1273.20830188937,1617.86552599405,1391.08299119787,1544.51904643484,1816.67765789641,1470.79186566285,2089.53026434173,1724.98577973849,1621.13552598171,1549.19522378556,1236.34111700614,1957.44491245603,1763.10369397265,1416.31092836284,1747.38272293164,1855.28769941484,1574.80276482485,1309.37523479711,2099.41687456303,2033.00567679975,1271.45414510316,1214.11117728155,1e+09,1343.68237708917,1368.9113901199,2029.07647036774,1574.95953062293,1753.75237097488,1337.81987830948,1581.59828006356,1977.57464400209,1430.71855754373,1483.59962975191,1457.69978987444,1438.6995442065,1754.82672811306,1376.47060615184,1965.76258477467,1814.3891695003,1712.03668947251,1647.85305922585,1737.10969184447,1248.30736146992,1175.9530516564,1822.23683971102,1563.17501585715,1752.95845780783,1658.2013745019
1565.15377420239,1642.57151905176,1107.71197068552,2324.02474573745,2187.69123911488,1647.06860849814,786.079538278411,1929.23378907275,1002.44651144088,937.55933364241,1583.48261783955,1687.22143194069,1801.15842326543,1073.51552154592,554.759957549209,1432.02770304907,900.730480054939,1038.55829975982,1355.76206976003,1977.23389949191,1030.96741379153,1545.36343262677,1864.93560290966,833.82122016653,1481.81460361949,1145.83905588874,1276.75038312115,787.932847963581,1343.68237708917,1e+09,1219.26217324249,1557.91006162102,1546.53105355179,1396.62508906292,717.549180265715,1214.63363085335,1690.94111432066,1243.73486338528,930.804497571858,1173.46737257582,909.179585230553,1357.44625713138,849.560527037362,1300.69551502264,1593.24416826173,1119.93945157763,860.79293671591,1546.83547153535,878.903799741473,1146.20272622255,1133.40363000125,1056.12745087892,1617.28400477467,1011.86941010192
707.969401598685,1889.95660460763,919.085561794983,2493.79642759789,2388.09518775948,2211.53980619839,1473.29114732968,2282.55766901956,854.967236097384,1672.58116143881,1356.56017452231,1262.32320793844,1127.11650187547,1251.14563312989,1454.05822104894,1652.26307929458,1295.57125786272,1462.76718328653,1058.94032886655,2326.42775542246,1347.45615097487,1312.2397910443,1276.57677830203,1451.92308387876,2225.63251139985,1629.9595970146,1648.42284790645,1354.14196065257,1368.9113901199,1219.26217324249,1e+09,1427.76345821008,1550.91333332975,1686.8204024436,1347.3327413078,1749.52758060569,1549.52177409677,1149.5512508366,1276.72176812335,1216.82543867229,1019.8279009225,880.393627816558,956.503979500347,1324.51274991976,1223.38818475576,1195.4640745334,1398.62241680877,1013.9256290774,818.93123465893,1559.40547103696,950.306632198261,904.876310442483,1467.6867795957,1015.61730922627
1685.84774715868,2948.46969302722,2093.90937003014,3320.0588647643,2982.88320294309,2549.32822873007,1835.55977107802,2605.04210188626,1170.87852854171,2045.75473740133,2245.81383576199,1626.86581373511,1061.07496153665,1438.89810149989,1786.08926630222,1529.50074043787,1754.3959547947,1970.85698514631,940.722727428226,2585.61832163991,1588.98954666165,1587.41432921591,1885.48432157364,2212.77812432697,2710.84019344557,2044.62906638344,2181.22995309986,1510.37113359598,2029.07647036774,1557.91006162102,1427.76345821008,1e+09,1762.66189398307,1451.62482477395,1955.17571629764,1642.62527683583,1910.15092445597,1530.78014512209,1390.04349413966,1612.85823406771,1393.61083890016,1024.27318265197,1003.86028569717,1360.97182788624,828.553993895389,1063.17586376855,1054.81652451979,1172.04380587929,1141.30851889399,1818.48621768217,1106.8340764541,1478.08596847409,2264.09766255787,995.217017237949
2004.34354792286,2400.49178957146,1760.65686577482,2816.82616435591,2535.39954758614,2427.99483765926,2012.11726146863,1883.24973965218,1312.29832755361,1381.71217961629,1704.78818883755,789.207880219147,1892.50042813734,1598.1486157426,1630.53573192985,2044.45879388654,1712.81179301755,1882.79294007599,1473.00775462996,1401.82607783562,1380.89901538816,969.016503213438,958.544441118929,1868.29140066532,2075.95705955109,2322.14422764823,1913.80523335056,1052.82273412954,1574.95953062293,1546.53105355179,1550.91333332975,1762.66189398307,1e+09,1309.12582764225,1852.97671213105,2151.37098850942,1554.8433040342,801.707658688627,1471.5118411688,1372.3008367337,1393.82535957702,1326.32736916645,1333.96119122709,1590.63315261565,1687.33330995983,1652.63571612137,1579.67461076641,1352.10526217451,1023.53874982826,1670.81098847236,1589.09087345564,1558.54446561527,1656.90117807309,1078.74882122763
2228.31143296892,2781.51436591652,2106.26193461307,3443.97020550411,3105.39596468792,2852.04503276158,1845.99781746892,1889.67341249751,1043.5420064856,1397.14042332902,1810.94294200563,1608.44249552168,1869.79066595702,1549.67920867514,1577.82608062486,1665.59169093148,1785.66589475747,1929.48657383253,1367.3573063395,2020.96381127916,1142.72174325161,1113.6293255388,1537.61831304131,1797.2306155861,2445.08420233333,2311.98622435342,2306.99418395452,906.640143000518,1753.75237097488,1396.62508906292,1686.8204024436,1451.62482477395,1309.12582764225,1e+09,1485.1240132393,1753.10500130483,1495.9332118447,1030.0528557312,1002.74199149133,1243.02629590045,1342.0157843334,1381.88560112623,1504.89969203931,1415.21283021318,1731.34232695328,984.98811150186,1118.37596267981,1562.98632290881,1192.42605062117,1628.90582195534,1226.40165953084,1803.54703390291,2352.2216529698,1307.69941932388
1773.86461704381,1628.81196038708,1242.35424163159,2669.42543561344,2622.87323479424,2183.28313917366,953.419685238353,1940.1425280118,1235.18011156268,1201.35263340953,1453.49965961468,2005.09732743825,2043.6512973597,1173.00898415144,873.543115707519,1625.18991493302,1057.10117074952,1322.70833735181,1755.01687937752,2109.10084694877,1223.81885465129,1758.35741554441,1995.84063063663,544.431071027362,1686.30508716543,1448.73815456762,1592.39570926953,1006.12669629625,1337.81987830948,717.549180265715,1347.3327413078,1955.17571629764,1852.97671213105,1485.1240132393,1e+09,1253.8617357189,1829.84081613675,1413.56146930369,1208.73552276749,1063.64327619743,979.458670337856,1618.38722575903,1385.82409987704,1622.81250244753,2026.49678070309,1358.09310008556,1138.3296160603,1801.66446901192,1202.94369099306,1124.62851444377,1368.83999853891,1416.0491954731,1864.79164927345,1471.9907234762
1950.35525125552,2421.96647140294,1934.64900335952,3169.14484926139,3219.87541524513,2443.38601049855,898.670777927045,2190.78594264707,1632.02766658534,1767.736720018,2295.20962558979,2146.73486858531,2071.62740542309,1244.45587981254,1289.64054685792,1366.39833939448,1292.78255027673,2095.25457980647,1826.93386809704,2220.0651969931,1736.26155958715,2190.26211515882,2380.41366917601,1430.44040239361,1929.42114389264,1820.30522731766,1808.84016037902,1435.00385264291,1581.59828006356,1214.63363085335,1749.52758060569,1642.62527683583,2151.37098850942,1753.10500130483,1253.8617357189,1e+09,2468.21240514264,1918.50494865142,1768.88451604394,1265.54890458646,1242.47771625893,1835.59032782372,1408.55736528549,1856.32131076492,1806.44898380774,1624.58912971865,1029.62845478357,1792.36317223938,1349.83480744867,900.5038769489,1843.20908420613,1482.85931136437,2081.23278147832,1616.5091002837
2058.17704175321,2383.80211332652,1816.97754650408,2980.81563473825,2756.98017925411,2528.18189677879,2108.38260778256,2807.25200044456,1509.21804971979,1937.68091191507,2092.36158216022,1777.43242113449,1537.98217954565,1991.59352255926,2072.53260432737,2562.54183591215,1668.91155385778,1876.61124495725,1421.56960635067,2306.79161538272,1886.6623687878,1518.71082672114,1537.17757376954,1848.64922657058,2609.73279800826,1914.57608187818,2049.10342533021,1533.03613864775,1977.57464400209,1690.94111432066,1549.52177409677,1910.15092445597,1554.8433040342,1495.9332118447,1829.84081613675,2468.21240514264,1e+09,912.362953927876,1237.25452595656,1897.31897813731,1822.25624068077,1712.05535620201,1673.36064026856,2072.36857510917,2118.31649792943,1558.45959841762,1764.31984197877,2059.30722246585,1599.94347215769,2015.84658937629,1214.22371736019,1829.12529095194,2010.68692406352,1493.36769906142
1754.5204416307,2170.03116157349,1493.25482935767,2847.84469337778,2604.17760521436,2363.88191678434,1725.86153491524,2147.22930105287,1015.73641182149,1430.87440619364,1547.80963480655,1135.1726192082,1412.23454649007,1324.16314327201,1500.55037972739,1995.95685522007,1290.58292174505,1588.57698107457,1207.48042625957,1680.5373698017,1295.9175876189,991.452305711172,1026.26938149786,1484.44345914555,2138.12084487758,1877.17658934902,1728.61605997399,831.712827423024,1430.71855754373,1243.73486338528,1149.5512508366,1530.78014512209,801.707658688627,1030.0528557312,1413.56146930369,1918.50494865142,912.362953927876,1e+09,1027.95294206496,1144.167465234,1105.55542013958,1118.57200483474,1144.19951734826,1562.17630439077,1658.27567801617,1278.61898499905,1231.04586084353,1378.60909702497,865.348963366803,1416.46096423445,1037.04241046353,1391.06264362896,1630.28227417831,891.670445792614
1771.8513874476,2253.71684665576,1531.77508737412,2728.6337334461,2484.98318597933,2186.2603779971,1478.51166792826,1989.11300035971,714.838898354028,1234.72522959564,1614.76676405604,1611.798591543,1640.91203475384,1547.10521403685,1338.02260055651,1497.48816128876,1404.82338498475,1249.24383452551,1124.46377633964,2139.09713842079,1084.2179369481,1291.91676659141,1629.58761860171,1470.74203689838,2294.58925866919,1662.1477115768,1724.68339132143,849.172905714731,1483.59962975191,930.804497571858,1276.72176812335,1390.04349413966,1471.5118411688,1002.74199149133,1208.73552276749,1768.88451604394,1237.25452595656,1027.95294206496,1e+09,1508.6609082892,1294.25674697874,1243.810906569,1065.16592913968,1282.79977724507,1497.56620314429,700.33008710179,1103.39996972993,1588.65046983281,1091.71310750581,1670.64320269171,769.256829283953,1529.16040571289,2128.16868217724,1131.47344811975
1689.66683828499,2139.27738629192,1537.54165429753,3092.72031271824,2870.12916364403,2585.83168040768,1444.90501348705,1900.91303635911,1142.10648155065,1416.86190971456,1373.82939745079,1485.61836603483,1737.30535945757,730.742629589926,1107.0954350913,1621.94493124767,1342.24582167351,1746.39281929926,1562.48237964465,1925.5782497733,1100.90182723075,1306.11746332403,1502.87195279571,1275.65545461931,1860.47537941248,2003.95645708683,1961.42812060498,980.448908816773,1457.69978987444,1173.46737257582,1216.82543867229,1612.85823406771,1372.3008367337,1243.02629590045,1063.64327619743,1265.54890458646,1897.31897813731,1144.167465234,1508.6609082892,1e+09,552.793070958745,1156.46874998852,1293.65425025391,1399.2875386067,1699.61005604227,1394.70958579197,1025.6859372147,1143.09556857684,778.580667432733,1021.77647883478,1384.61051592135,1252.14528917374,1692.79034319079,1117.84154914728
1521.94462524101,1975.14587522036,1328.84589106487,2850.89307382792,2575.96233782639,2235.83042373522,1327.58893483638,2028.68963040185,991.624831929899,1410.97101788095,1281.95422312967,1511.73027329613,1513.21415447385,372.611365097738,892.244359634736,1518.58956301563,1096.79087892816,1312.81919821429,1462.18998710838,1990.75977121801,1000.14685226721,1378.01113039772,1632.35569561294,1214.98582148106,1845.39703801106,1661.95539386591,1677.02785295892,835.92425201091,1438.6995442065,909.179585230553,1019.8279009225,1393.61083890016,1393.82535957702,1342.0157843334,979.458670337856,1242.47771625893,1822.25624068077,1105.55542013958,1294.25674697874,552.793070958745,1e+09,885.195656225221,921.815565772243,1269.98165632422,1508.39496263412,1270.39259774292,767.190215200898,1064.27507158629,615.910490737088,1066.97528837363,1112.74706636324,1150.86955607488,1681.8701556006,817.23859251751
1348.79770013891,2423.77496150117,1538.32990388928,2952.64824633752,2500.28602489795,2441.38012560519,1857.65924434488,2222.85149618682,749.166989195333,1689.60147250764,1322.42206915946,1215.63989371853,1149.89487445592,1065.53439212444,1445.73435779191,1550.57681167364,1640.97355393071,1445.8108729706,1087.3448102603,2362.04100906398,1034.49008351941,1026.68303575154,1341.48240376085,1873.61951414902,2434.550078495,2004.63252318224,2045.54988465205,1201.32651186095,1754.82672811306,1357.44625713138,880.393627816558,1024.27318265197,1326.32736916645,1381.88560112623,1618.38722575903,1835.59032782372,1712.05535620201,1118.57200483474,1243.810906569,1156.46874998852,885.195656225221,1e+09,913.797308323898,955.48552746758,1007.05335434623,1060.34137899075,1163.7813631864,601.159644853179,732.615200634003,1761.21167319547,824.27824373812,1275.98204716994,1932.11356268207,692.581761743695
1266.93965081215,2059.54027086144,1263.78014832486,2436.39363258485,2265.51879895092,1738.41444632746,1218.64396999288,2169.19848091409,909.300016056307,1445.07898566134,1745.78224372343,1272.74084891623,1251.64609990205,1054.08445226177,1126.87934118964,1401.89679163625,1029.2488409515,1282.1533106848,998.698249472782,1984.52594913748,1255.02139726779,1441.80469259883,1617.06672122705,1484.30748057806,1947.66155971719,1392.90987874306,1278.17078416775,982.263924207746,1376.47060615184,849.560527037362,956.503979500347,1003.86028569717,1333.96119122709,1504.89969203931,1385.82409987704,1408.55736528549,1673.36064026856,1144.19951734826,1065.16592913968,1293.65425025391,921.815565772243,913.797308323898,1e+09,1243.85922414878,978.426330185365,1126.27724371045,887.865450617378,1096.51872327836,610.882577341996,1312.28815398905,1007.64824289035,929.563703250079,1557.87473848188,557.622200777552
1533.26708185495,2453.7475673345,1639.77516062416,2813.02885011868,2267.60699767398,2398.19815488629,1798.49893091433,1853.65742851801,776.262012918319,1262.4622016916,1386.58078055337,1456.0043645539,1861.83962593452,1470.35737560635,1242.26165259176,1234.54630844695,2002.79944460248,1507.73483842485,1163.42569234137,2615.03822234016,620.596779801507,986.831665533692,1630.29665852568,1914.92392047308,2256.19941199797,2151.40934631232,2313.20909824426,1369.69665258407,1965.76258477467,1300.69551502264,1324.51274991976,1360.97182788624,1590.63315261565,1415.21283021318,1622.81250244753,1856.32131076492,2072.36857510917,1562.17630439077,1282.79977724507,1399.2875386067,1269.98165632422,955.48552746758,1243.85922414878,1e+09,1109.32721723574,899.568490110675,1395.11823638715,943.741661685019,1037.81981586401,2034.70823461252,1151.06817117841,1315.54156327347,2121.00031082034,1135.25855922781
