1e+09,2258.96081378142,1328.30105593574,1717.68772109484,1457.58418823751,2504.38448943049,1917.33387994893,1932.6004589154,1697.43998865939,1591.05391759676,1573.86938422475,1508.36166757181,1734.82518874381,1679.28087942428,1799.48479657373,2015.26623082411,1660.09042326013,2147.02324980425,1249.1896918803,2801.06405389095,1885.06219783327,1821.28773536748,1732.98202751789,1827.29047674419,1962.26093664935,1917.07888056282,2000.44293827642,1884.36015458829,1749.9608204757,1885.99167662532,2019.20167754487,2387.78952638209,2338.83510508971,2378.49280036749,1982.18209375425,2346.7847720019,2058.35890104228,1887.64214630316,2089.21481020981,1800.37285904892,1729.24326536205,2429.75693944888,1588.2023164572,2160.1204555302,1997.19118411333,2602.39694852649,2678.4399381543,1951.19844536633,2438.32484866147,2739.16663761079,2252.25756959545,1585.14212507901,2038.7229503785,1972.72812551553
2258.96081378142,1e+09,1075.39663008585,1213.45438744108,1472.78910044853,1593.89719916311,2477.18771686766,2583.54050601108,2445.21947552771,1922.49173306415,1857.46802481227,2797.32416902296,2896.61796191697,2460.58408139206,1985.03169055308,2828.9796567844,1642.06855350195,1911.96638432793,2582.87349920587,2879.19870015947,2275.92897984537,2948.66004327389,2645.98034643117,1596.34475299041,1437.01355230214,1166.19948966718,1365.57726368741,2208.06373639893,2047.97828455284,1868.64561608134,2248.95564340429,3039.87985593181,2927.89134801823,3131.26308022817,1976.42055231168,3040.86756125616,2287.74680672928,2473.58533252847,2666.04647720178,2565.30060211274,2442.55133542777,2920.02840746456,2387.51644773392,3029.13147268322,3136.65723835104,3075.63943753165,2895.28077510628,2943.71501521462,2672.30951691603,2458.74868910997,2838.60232840037,2506.7596609368,2187.36028582399,2698.87103937924
1328.30105593574,1075.39663008585,1e+09,1279.9390901914,989.299517739699,1703.31450668982,2012.46847031202,1869.03194846958,1561.94207949591,1164.7948536545,1088.43931066459,1970.96417846698,2075.66955281904,1884.7148030405,1552.94551691294,2132.16757491057,1165.68054097167,1391.95798887754,1597.98197796471,2574.86301499711,1568.67416211908,2081.63421585061,1850.46892486742,1302.00685397582,1395.98336970753,1056.82325915926,1223.77483578475,1525.74801838311,1482.59528934905,1255.33079023021,1681.17317049732,2303.46284478391,2343.73000945075,2338.46594659833,1548.40578680138,2585.15824798019,1692.07142464495,1838.31007218587,2062.79129332078,1931.43962199184,1815.65208060355,2347.4021421563,1652.89450528459,2363.06484790409,2355.94907973411,2574.99574191881,2525.05528309778,2230.84350450676,2216.35196852847,2276.20895565412,2287.43577422406,1969.31827404815,1924.30615329266,2115.70823390183
1717.68772109484,1213.45438744108,1279.9390901914,1e+09,1137.49894188962,1624.14973062831,2180.9606669539,2780.42556494505,2547.26981713756,2197.92865860109,2138.04843429703,2599.68027634169,2916.08668782326,2226.04767842021,2108.88845406769,2764.52971619044,1826.43893311548,2360.76815502921,2544.3379666428,3166.08591390063,2583.74520080832,2984.74118167723,2746.13211865344,1833.86379265201,1512.35517729798,1483.84020072918,1683.62210121512,2526.25180423488,2247.66850567427,2273.03565983906,2380.81556622935,3180.28171662512,3126.42962527545,3367.87650141747,2290.13449469676,2769.2881119703,2561.58859270961,2582.98667965981,2844.49489301704,2568.89124047711,2399.39744581843,2968.06294532309,2266.54914431609,3041.14836698245,2975.45829002861,3124.26361735049,3041.54738623287,2781.5520262616,2740.98624246821,2777.21580886326,2876.31283274264,2129.23923003029,2016.00293080144,2575.75789133995
1457.58418823751,1472.78910044853,989.299517739699,1137.49894188962,1e+09,1741.82260844783,2265.29107101052,2707.63614217273,2193.31174393883,1988.67437256581,1782.23212320954,2440.72192566052,2602.22138625829,2427.54272226052,2386.39720991707,2763.00403888594,1897.24193681249,2066.89108537436,2214.57359320028,3333.71178298305,2419.36536800459,2672.48613062818,2342.67717594636,2109.84224173278,1973.71918065869,1754.35393262021,1984.78349144182,2377.81183279922,2359.53802423271,2119.37961420318,2357.99205740817,2984.60067354077,3067.47823395701,3019.77886915582,2473.26619553982,3209.58890680723,2308.63472634802,2532.63090210556,2911.42052610062,2685.59823443493,2570.94300808089,2986.55970621717,2328.04389108109,3057.1024916741,2943.74267613526,3206.4315602707,3294.31612051728,2793.77094469106,2908.31223382222,3140.62944493616,3005.738622136,2511.15740416645,2450.13232675299,2762.81555804943
2504.38448943049,1593.89719916311,1703.31450668982,1624.14973062831,1741.82260844783,1e+09,2280.79083032618,2944.03519854977,2553.05538690409,2378.83537950822,2386.08455288156,3043.50156850625,3393.59745090663,2508.82436800586,2419.32581803278,2520.14285186376,1927.29290417933,2482.27354441448,2858.24424145313,3369.36148142345,2658.77477534296,3475.53646090787,3062.91267632625,2287.90471460242,1936.85528225523,1415.21333904115,1614.85341861111,2515.18720541832,2491.30124844428,2338.93841239995,2603.21706326998,2974.92337376948,3535.27471049988,3433.60245725972,2650.63468744752,2968.59310115078,2627.5785946761,2859.5391291605,3127.29217987383,3046.39387392701,2845.50965348916,3018.09098366832,2507.72411351408,3420.13005260034,3201.5124690371,2986.97846446874,2952.29429681392,3032.1246884157,2743.77632541357,2747.71519806912,3168.93259264062,2847.11287082195,2844.42118932833,2870.48507787447
1917.33387994893,2477.18771686766,2012.46847031202,2180.9606669539,2265.29107101052,2280.79083032618,1e+09,2159.09265919738,2305.35162630346,1806.00533196887,2340.43798238706,2433.10038428339,2950.25047863737,1712.09496687538,2194.78698399184,2171.26222472091,1383.24569249284,2839.10748003664,2387.05977112011,2803.35393109753,2662.61145293488,2878.938909529,2606.83480027024,1689.13366907418,1765.72226952599,2043.54287953544,2043.85615900435,2009.26924801033,1990.72763762399,2285.62885523875,3033.95375571217,3206.59975944925,3188.39682608674,2579.61067108973,2222.45789327942,1991.3831035991,2316.24658361324,2300.76109505094,2668.24111777778,2315.5049228624,2329.36860827135,3334.35923040695,2288.58819921802,3287.12533706885,3131.35891914357,2957.97926782796,2925.83846240697,2972.96323653691,3041.06232159093,2917.12154782758,3055.77070723574,2464.61878823075,2922.94065468322,2683.94048205246
1932.6004589154,2583.54050601108,1869.03194846958,2780.42556494505,2707.63614217273,2944.03519854977,2159.09265919738,1e+09,1302.44594617205,884.525752875517,1516.5538514672,1415.10658015571,1770.91116996308,1483.22935347167,1287.77778086904,1615.73795947858,1302.02950834457,1887.31007431212,1170.70461675864,1541.44540039536,1175.50536557687,1346.88124272335,1622.80561975241,1358.7935160281,1827.64897239596,2017.54609322811,1679.60853376613,570.959562491075,709.812542999911,1230.94777033796,1811.56731566895,1730.29788236014,1466.43282307783,1173.95657551717,1064.85356598924,1745.61905096731,1651.37313527258,1189.09799373306,1225.08143941536,879.0835898821,987.56168009902,2009.61103838529,1165.22135322007,1831.85177369786,1796.05529923218,2246.63138144645,1899.28230800479,1768.47998880395,1828.79594919718,1635.98444870359,1837.077641473,1795.87625907243,2060.34415513525,1582.18921927815
1697.43998865939,2445.21947552771,1561.94207949591,2547.26981713756,2193.31174393883,2553.05538690409,2305.35162630346,1302.44594617205,1e+09,1063.57918586253,1124.81702472002,1612.13208841583,2170.91040091479,1836.58225541357,1870.35444362827,1741.56588482894,1721.63999189726,1358.0414972673,1131.81529447167,2613.68886153268,1268.53231161055,1290.69194306775,1828.709522915,1697.64926769342,2208.27660015678,1972.56398552747,1938.35252051839,1157.05578340026,1511.26490745336,1317.50804111398,1310.15625354383,1561.26023071108,2207.28904348751,1210.41590434858,1464.96348538112,2245.54356123412,1302.97547206385,1493.76907351839,1716.31707481456,1613.01740477281,1460.49087306289,1754.08534578566,1085.68281431549,2099.69559500895,1809.58780947485,2246.58213898357,2390.71503475425,1761.39604237661,1665.05450682553,2190.40143496575,1895.76745443633,2096.2493560643,2258.2548250585,1797.68412990158
1591.05391759676,1922.49173306415,1164.7948536545,2197.92865860109,1988.67437256581,2378.83537950822,1806.00533196887,884.525752875517,1063.57918586253,1e+09,1133.79959679831,1646.73780794029,1907.70483099456,1633.04897088238,1415.32834685101,1836.83869759976,914.885426651884,1336.83087767301,1226.11391860626,1993.82180284498,1286.42430542959,1512.90995644156,1671.34221373123,974.283862588312,1470.85616978684,1566.46105843714,1377.03356829091,648.641944604263,903.634763994834,783.336844403479,1736.54002122036,1993.21717341588,1935.21396767903,1304.38797897711,989.143602971783,2099.65183594805,1438.13846885479,1404.64866824413,1632.82439530404,1344.05249119966,1344.33028185041,2262.79772293062,1283.40770571943,2208.01907847283,2157.35974468794,2495.07195639725,2316.95076382732,2106.19213935956,2049.37114430256,1958.96325521945,2146.90432951727,1988.95343112905,2055.49298006585,1936.26590170359
1573.86938422475,1857.46802481227,1088.43931066459,2138.04843429703,1782.23212320954,2386.08455288156,2340.43798238706,1516.5538514672,1124.81702472002,1133.79959679831,1e+09,1492.58628983386,1922.9858638846,1642.63219802852,1558.90215257405,1962.88898527145,1480.13547758305,1597.49323378849,1293.22761697236,2353.48806672139,1092.45426398545,1446.76594672393,1218.60747605617,1469.47154895901,1924.99628719122,1653.04222290297,1713.50748387627,1178.36443165941,1363.82955181357,1505.66680208471,1373.97156309729,1994.68376187806,1871.68218049967,1822.2134925963,1450.76205698936,2490.76066909288,807.194296127023,1095.90266013912,1541.1031573519,1509.26100241145,1467.32038962184,1781.21280766785,1497.80690077193,1979.82286217732,2067.9890772197,2051.16356941615,2187.78065292204,1733.80764976972,1788.6319231189,2132.58846662923,1686.66282593766,1860.91921847779,1981.68722935785,1658.14264935198
1508.36166757181,2797.32416902296,1970.96417846698,2599.68027634169,2440.72192566052,3043.50156850625,2433.10038428339,1415.10658015571,1612.13208841583,1646.73780794029,1492.58628983386,1e+09,1740.26116927891,1197.50028283922,1710.36896127707,1985.83071426041,1801.71879010016,2443.92582166481,1260.62228891131,1904.81987484381,1618.35372131682,1167.51809322169,1093.47363676497,1963.01968808262,2089.43632487329,2433.75510988678,2120.44165845231,1459.34679648122,1432.02420524236,2101.82555149089,1835.66151711038,2042.0089699852,1365.51691348002,1913.28295957498,1951.39983611765,2046.7117255002,1676.22892908457,987.501639441677,1739.77974445043,995.294599402609,1082.94569863867,1789.06535911911,1266.95111428973,1858.28426786646,1647.96570537739,2304.41603121051,2174.9642037744,1185.46558364214,1799.81778205462,2184.82518838465,1814.55729278521,1387.87630050376,1714.75303807866,1191.00368034696
1734.82518874381,2896.61796191697,2075.66955281904,2916.08668782326,2602.22138625829,3393.59745090663,2950.25047863737,1770.91116996308,2170.91040091479,1907.70483099456,1922.9858638846,1740.26116927891,1e+09,2292.50977884501,1757.47111293472,2102.02111207285,2103.38758556287,2417.75523494418,1096.48847773244,2383.00535708588,1497.28841463494,1787.49413282953,1401.33591618855,2419.32007487641,2593.36979198879,2416.78782829606,2329.39654108097,1872.56605749971,1753.90984776869,1927.81778194932,2259.93648452783,1974.10359991567,1479.47545268585,2416.11963811811,2190.35539986094,2902.23779770025,2511.68827265646,2067.08115684895,1735.25239204561,1858.70344867061,1953.61834760528,2419.17821375359,2049.22643641448,1453.15145628389,1710.37633151304,2596.26093476754,2375.81989877179,1948.61115959547,2660.12040928602,2610.72664545716,2179.415339099,2006.03990174672,2456.93476333825,2123.41936185484
1679.28087942428,2460.58408139206,1884.7148030405,2226.04767842021,2427.54272226052,2508.82436800586,1712.09496687538,1483.22935347167,1836.58225541357,1633.04897088238,1642.63219802852,1197.50028283922,2292.50977884501,1e+09,1299.7535832226,1567.38295087703,1309.99535251084,2647.65052878963,1737.65434079969,1836.29664144985,1773.78138796753,2009.29596973666,1665.79955964096,1474.35634661367,1588.2427220359,1911.38239054879,1671.64045419462,1409.08551720611,1190.76637733856,2129.84867591573,2060.78033671714,2342.47171955181,1950.6115148845,2260.19607932586,1704.88870440272,1233.95771536143,1579.01353930231,997.520697780251,1631.11517312543,1084.91877318074,1090.82154489174,1984.43721744982,1365.97502627244,2138.57906952257,2027.18927189841,1867.3847671811,1704.54051688424,1525.60277372585,1751.90827202796,1841.34414789849,1740.04946067633,1174.65085353053,1821.89661956984,1116.70458779393
1799.48479657373,1985.03169055308,1552.94551691294,2108.88845406769,2386.39720991707,2419.32581803278,2194.78698399184,1287.77778086904,1870.35444362827,1415.32834685101,1558.90215257405,1710.36896127707,1757.47111293472,1299.7535832226,1e+09,1402.22409656945,1135.88563838971,2103.8932584378,1483.26821074275,1697.14163395398,1110.14827478135,2068.69368522747,1786.96016866633,1251.10009987211,1439.23575282161,1238.12589085278,1061.10876096657,1239.64773492311,678.244090353908,1455.41739483902,1660.57330115235,1861.37028675113,1594.05557032997,2364.08805459949,1118.14178228881,1666.72755926096,1902.41048514772,1417.43056507188,1034.13207130424,1165.49787588824,1080.8048254426,1819.05271757033,1332.37295585733,1463.08258027358,1680.4381628611,1757.83841737516,1221.16454738909,1577.3223984652,1670.74521040762,1216.26720078279,1436.09759191359,1144.17017440589,1638.43147018726,1254.87995963757
2015.26623082411,2828.9796567844,2132.16757491057,2764.52971619044,2763.00403888594,2520.14285186376,2171.26222472091,1615.73795947858,1741.56588482894,1836.83869759976,1962.88898527145,1985.83071426041,2102.02111207285,1567.38295087703,1402.22409656945,1e+09,1723.82312802097,2518.81650683411,1500.83035876811,2526.17942824733,1420.40632982256,2379.12444682913,2105.37902093661,2089.1526475344,2353.7506416356,1777.58448046781,1837.28649747392,1572.60668779578,1522.59732132301,1912.99245419317,2031.85807444811,1511.33205464583,2335.28489912901,2351.52007699275,1900.11186225969,1705.82158445718,2096.82220881981,1853.20765447372,1432.73041717554,1843.22272102424,1714.8756655513,1874.78245529981,1556.63874669109,1734.65723210668,1543.1829159241,1323.6725925243,1355.30731917156,1635.88499342099,1880.94808702952,1947.01023528383,1665.64856752558,1809.90233277931,2647.22415286277,1594.84717095401
1660.09042326013,1642.06855350195,1165.68054097167,1826.43893311548,1897.24193681249,1927.29290417933,1383.24569249284,1302.02950834457,1721.63999189726,914.885426651884,1480.13547758305,1801.71879010016,2103.38758556287,1309.99535251084,1135.88563838971,1723.82312802097,1e+09,1950.05801441906,1666.54717866012,1790.49437368566,1599.57002857018,2175.3342177238,1806.60414997309,898.054567829817,894.063948775477,1182.5756448955,879.710384217442,993.408720316064,861.606174072586,1263.70012340745,2101.76187985223,2318.829755782,2092.2282707678,2082.42457707356,1312.62541221782,1875.18466431976,1722.63587873352,1531.82253603347,1818.25214219591,1501.45437599682,1508.65071166258,2468.06232166046,1548.68660541764,2388.95390076912,2371.7014480537,2401.82841874685,2075.19476331741,2209.64879145986,2190.92311197815,1831.81706963332,2281.71152786675,1831.80356880862,2022.7448883139,1912.12931518765
2147.02324980425,1911.96638432793,1391.95798887754,2360.76815502921,2066.89108537436,2482.27354441448,2839.10748003664,1887.31007431212,1358.0414972673,1336.83087767301,1597.49323378849,2443.92582166481,2417.75523494418,2647.65052878963,2103.8932584378,2518.81650683411,1950.05801441906,1e+09,1774.65365119507,2892.75631790858,1638.37184836044,1943.03720602566,2477.72425529961,1783.47467237413,2143.72529907635,1822.0867468647,1815.26817971891,1702.62315296134,1849.9615644656,932.085213754622,1448.25874829051,1999.07397779572,2533.06921571441,1943.67058695655,1516.77122111411,2958.93915488305,2100.21055842027,2304.75581389873,2247.75040954284,2221.90464597381,2043.12329740523,2347.27668513961,1694.77483371686,2481.0406998677,2372.48529434852,3020.65879878877,2914.09566495337,2517.42549029758,2191.9907153088,2318.02273923273,2512.63444117922,2584.65427105832,2262.24402653648,2511.14450205479
1249.1896918803,2582.87349920587,1597.98197796471,2544.3379666428,2214.57359320028,2858.24424145313,2387.05977112011,1170.70461675864,1131.81529447167,1226.11391860626,1293.22761697236,1260.62228891131,1096.48847773244,1737.65434079969,1483.26821074275,1500.83035876811,1666.54717866012,1774.65365119507,1e+09,2346.35265488801,981.582616797995,1167.43214822104,1318.21763908696,1863.1729723512,2226.86215060565,1986.85240679825,1936.20279098032,1241.99676114715,1298.49020570045,1375.25895357929,1549.41227131451,1401.06933211744,1625.14549948612,1643.20196351514,1588.23675511556,2264.95960158233,1786.04623019674,1505.01212978501,1341.52681072724,1373.3716232324,1335.09416607968,1810.79339288059,1196.41679556081,1385.17060591827,1260.62723990877,2127.78037127895,2111.90481897267,1441.97589317575,1949.2764128517,2210.93875874028,1698.93716396458,1663.22452759692,2131.80810888316,1603.55467861249
2801.06405389095,2879.19870015947,2574.86301499711,3166.08591390063,3333.71178298305,3369.36148142345,2803.35393109753,1541.44540039536,2613.68886153268,1993.82180284498,2353.48806672139,1904.81987484381,2383.00535708588,1836.29664144985,1697.14163395398,2526.17942824733,1790.49437368566,2892.75631790858,2346.35265488801,1e+09,2097.54682257632,2327.00899783392,2041.95322240741,1969.51399797006,1859.59349506821,2588.18344092918,1945.50682047121,1594.33750153473,1377.84463485547,2244.74421476034,2634.27604400146,2652.54661156029,1358.81306587772,2426.03467155768,1985.30602457153,2218.22416236502,2430.08551843346,1684.28619946255,2056.98206676675,1424.28676059282,1655.01188261595,2609.72442683131,2105.19146468914,2481.29170917085,2594.73017184832,2860.09578295903,2079.43962049875,2307.92779644425,2351.88938345323,1633.23697135474,2497.67241158644,2150.66281190241,2086.88143458128,1965.32767491836
1885.06219783327,2275.92897984537,1568.67416211908,2583.74520080832,2419.36536800459,2658.77477534296,2662.61145293488,1175.50536557687,1268.53231161055,1286.42430542959,1092.45426398545,1618.35372131682,1497.28841463494,1773.78138796753,1110.14827478135,1420.40632982256,1599.57002857018,1638.37184836044,981.582616797995,2097.54682257632,1e+09,1539.57246847948,1454.9258190712,1707.28744114751,2118.5464304093,1626.57055764575,1588.15319103668,1048.32741121274,1073.31628865866,1242.98061288179,1171.94282023484,1151.79162360212,1458.88853799733,1855.46781553871,1281.07053611423,2275.58410462017,1545.90229581303,1339.45759611867,900.356818322603,1368.95372204469,1272.80576542535,1362.60080746343,1272.70358862541,1175.34173860201,1356.11375356199,1658.28591105394,1516.75903274053,1361.46999449125,1484.04306227953,1574.85766915617,1246.34562971112,1698.18299596952,2019.58141536805,1380.93506100034
1821.28773536748,2948.66004327389,2081.63421585061,2984.74118167723,2672.48613062818,3475.53646090787,2878.938909529,1346.88124272335,1290.69194306775,1512.90995644156,1446.76594672393,1167.51809322169,1787.49413282953,2009.29596973666,2068.69368522747,2379.12444682913,2175.3342177238,1943.03720602566,1167.43214822104,2327.00899783392,1539.57246847948,1e+09,1491.31262641339,2040.38222188883,2511.7020507815,2683.97920936433,2475.60288392545,1514.87052562257,1671.52332565238,1857.86997814702,1653.85982271775,1979.48532197135,1544.82868144011,1302.70507260853,1747.98258378051,2536.14290253921,1695.4885927956,1381.72664420282,1727.32759597015,1276.02390980734,1334.16493598056,1927.29566678286,1425.70143480323,1897.9801647541,1807.47622686994,2672.7610548083,2638.66355280471,1680.81691132616,1988.02953946867,2427.50018537589,1936.34255590275,1978.33903360875,2023.49740691704,1771.80622524022
1732.98202751789,2645.98034643117,1850.46892486742,2746.13211865344,2342.67717594636,3062.91267632625,2606.83480027024,1622.80561975241,1828.709522915,1671.34221373123,1218.60747605617,1093.47363676497,1401.33591618855,1665.79955964096,1786.96016866633,2105.37902093661,1806.60414997309,2477.72425529961,1318.21763908696,2041.95322240741,1454.9258190712,1491.31262641339,1e+09,2122.47735514422,2322.60227128968,2361.66510962075,2210.29920454223,1466.28261419823,1590.05048029929,2106.75363438633,2119.96573955807,2198.60411388681,1362.40777900745,2080.86081867577,2125.16209304138,2698.72112219844,1531.16082662795,1160.90070927707,1729.2119897514,1515.83869422178,1691.55582062786,2120.61122177074,1918.02687522881,1921.89379698775,2065.5173339384,2257.25348230986,2234.23699409888,1689.72571777197,2288.53164686443,2477.06367324298,1975.94169506592,1932.63281856642,2284.07477992731,1731.36276080433
1827.29047674419,1596.34475299041,1302.00685397582,1833.86379265201,2109.84224173278,2287.90471460242,1689.13366907418,1358.7935160281,1697.64926769342,974.283862588312,1469.47154895901,1963.01968808262,2419.32007487641,1474.35634661367,1251.10009987211,2089.1526475344,898.054567829817,1783.47467237413,1863.1729723512,1969.51399797006,1707.28744114751,2040.38222188883,2122.47735514422,1e+09,994.672253307591,1362.62856402616,1207.50791960136,1210.29503237847,975.891486283183,1330.80766209847,1912.20738028071,2532.4157794288,2204.82346037047,2007.89051075999,777.681124883458,1781.31241563629,1609.82778510622,1501.33612295848,1712.37025102634,1362.15955548533,1321.60036970334,2422.69910104412,1507.22046370131,2422.41293957079,2496.17320943479,2502.94706622014,2236.81783556462,2298.21749806236,2058.21257070304,1760.30717603491,2123.2408476666,1758.39974434143,1762.57208573153,1906.20327961107
1962.26093664935,1437.01355230214,1395.98336970753,1512.35517729798,1973.71918065869,1936.85528225523,1765.72226952599,1827.64897239596,2208.27660015678,1470.85616978684,1924.99628719122,2089.43632487329,2593.36979198879,1588.2427220359,1439.23575282161,2353.7506416356,894.063948775477,2143.72529907635,2226.86215060565,1859.59349506821,2118.5464304093,2511.7020507815,2322.60227128968,994.672253307591,1e+09,1402.89514027243,886.769895181382,1611.20287024943,1282.34719522444,1660.31699039671,2240.3445788762,2767.32896974682,2332.32235745833,2595.36073486905,1548.33490036878,2003.22806395078,2176.36350010746,1901.8467542891,2293.97720653454,1731.11260364541,1675.1871096985,2695.35946743658,1744.88524003729,2749.89926388222,2700.55602641382,2892.13316211408,2424.75483465855,2473.32194315661,2290.05562227209,1835.27405313212,2599.97678506944,1868.34553651085,1628.19104692908,2098.19468827371
1917.07888056282,1166.19948966718,1056.82325915926,1483.84020072918,1754.35393262021,1415.21333904115,2043.54287953544,2017.54609322811,1972.56398552747,1566.46105843714,1653.04222290297,2433.75510988678,2416.78782829606,1911.38239054879,1238.12589085278,1777.58448046781,1182.5756448955,1822.0867468647,1986.85240679825,2588.18344092918,1626.57055764575,2683.97920936433,2361.66510962075,1362.62856402616,1402.89514027243,1e+09,825.498210658267,1698.45623314232,1473.82463247837,1423.11602576881,1856.21906473886,2262.50823194083,2592.88923494622,2761.72705745879,1519.68820417216,2296.25696284192,2055.20883644461,2105.94051050831,1937.77075277237,2121.52214202445,1944.08308929943,2336.17962684807,1809.93488587297,2320.7557418005,2378.35105045492,2198.33723077239,2021.58763698238,2323.64949979553,2126.72254097708,1870.79771132531,2164.66352962764,1962.87573559816,2148.38340756486,2095.52275890767
2000.44293827642,1365.57726368741,1223.77483578475,1683.62210121512,1984.78349144182,1614.85341861111,2043.85615900435,1679.60853376613,1938.35252051839,1377.03356829091,1713.50748387627,2120.44165845231,2329.39654108097,1671.64045419462,1061.10876096657,1837.28649747392,879.710384217442,1815.26817971891,1936.20279098032,1945.50682047121,1588.15319103668,2475.60288392545,2210.29920454223,1207.50791960136,886.769895181382,825.498210658267,1e+09,1378.10297906216,1089.15629388073,1266.15014378232,1816.38326134657,2132.56128676294,2180.81270018771,2530.0921223742,1397.69181134469,2046.09293288453,2073.58189430753,1872.29803231216,1937.42437036907,1767.96783723573,1619.45745998467,2233.61212651167,1522.96070234921,2303.20575683112,2255.7859491982,2393.9577401032,1909.21086766234,2149.4578396191,1902.48275737259,1405.95811086248,2222.32869285801,1823.96262088893,1763.53533979334,1867.97524788205
1884.36015458829,2208.06373639893,1525.74801838311,2526.25180423488,2377.81183279922,2515.18720541832,2009.26924801033,570.959562491075,1157.05578340026,648.641944604263,1178.36443165941,1459.34679648122,1872.56605749971,1409.08551720611,1239.64773492311,1572.60668779578,993.408720316064,1702.62315296134,1241.99676114715,1594.33750153473,1048.32741121274,1514.87052562257,1466.28261419823,1210.29503237847,1611.20287024943,1698.45623314232,1378.10297906216,1e+09,668.233600023225,1079.9345314879,1708.85903075707,1734.28307242503,1596.8976746805,1294.15931816759,1093.87241879481,1917.4739702275,1321.59542073208,1072.01514592845,1360.18438794158,1105.09393582627,1154.47582373993,1962.56028855167,1219.31220522063,1992.72035509251,1957.26242908303,2144.99673069681,1868.46119245223,1809.51365830712,1761.74858053015,1603.59267215836,1880.34746863445,1892.03683782848,2066.73707868224,1612.55313171381
1749.9608204757,2047.97828455284,1482.59528934905,2247.66850567427,2359.53802423271,2491.30124844428,1990.72763762399,709.812542999911,1511.26490745336,903.634763994834,1363.82955181357,1432.02420524236,1753.90984776869,1190.76637733856,678.244090353908,1522.59732132301,861.606174072586,1849.9615644656,1298.49020570045,1377.84463485547,1073.31628865866,1671.52332565238,1590.05048029929,975.891486283183,1282.34719522444,1473.82463247837,1089.15629388073,668.233600023225,1e+09,1149.70703037774,1648.30734985924,1822.54466186703,1425.54743779364,1778.79706667174,863.972358238387,1606.02424748196,1624.02516689243,1116.61430391161,1143.0565859134,819.971368768447,833.755037166193,1898.65264427172,1095.25129125694,1725.08979916989,1785.16960138246,2055.12717764619,1580.89851448472,1651.69561318059,1660.98309268939,1267.95708042504,1669.29699179026,1401.64940077753,1645.26013918772,1340.34118007319
1885.99167662532,1868.64561608134,1255.33079023021,2273.03565983906,2119.37961420318,2338.93841239995,2285.62885523875,1230.94777033796,1317.50804111398,783.336844403479,1505.66680208471,2101.82555149089,1927.81778194932,2129.84867591573,1455.41739483902,1912.99245419317,1263.70012340745,932.085213754622,1375.25895357929,2244.74421476034,1242.98061288179,1857.86997814702,2106.75363438633,1330.80766209847,1660.31699039671,1423.11602576881,1266.15014378232,1079.9345314879,1149.70703037774,1e+09,1613.26749403191,1740.39258973371,2087.33514321491,1708.38564203168,1072.32542341399,2391.25939847604,1980.751468004,1940.06767036617,1755.72673901721,1739.4261835157,1631.59504237418,2273.99423070948,1398.5925404849,2121.08031255302,2067.53931203254,2638.77200303475,2350.02265150785,2250.94088778448,2084.6654331331,1854.30220614117,2257.70500391437,2186.96737863188,2133.6852885325,2158.71732033168
2019.20167754487,2248.95564340429,1681.17317049732,2380.81556622935,2357.99205740817,2603.21706326998,3033.95375571217,1811.56731566895,1310.15625354383,1736.54002122036,1373.97156309729,1835.66151711038,2259.93648452783,2060.78033671714,1660.57330115235,2031.85807444811,2101.76187985223,1448.25874829051,1549.41227131451,2634.27604400146,1171.94282023484,1653.85982271775,2119.96573955807,1912.20738028071,2240.3445788762,1856.21906473886,1816.38326134657,1708.85903075707,1648.30734985924,1613.26749403191,1e+09,1416.38408466771,1998.35074508956,2211.5619418411,1515.1267399132,2414.71630886529,1778.85284346401,1706.83334239169,1613.43755435406,1681.71999387532,1369.17557340175,999.805960274293,1093.63427488352,1609.16176234709,1450.13495161657,2084.3536947217,2055.37919039286,1350.55568541249,986.988645122121,1694.01629691098,1383.3957373073,1711.61860258061,1585.7256093032,1413.74965619801
2387.78952638209,3039.87985593181,2303.46284478391,3180.28171662512,2984.60067354077,2974.92337376948,3206.59975944925,1730.29788236014,1561.26023071108,1993.21717341588,1994.68376187806,2042.0089699852,1974.10359991567,2342.47171955181,1861.37028675113,1511.33205464583,2318.829755782,1999.07397779572,1401.06933211744,2652.54661156029,1151.79162360212,1979.48532197135,2198.60411388681,2532.4157794288,2767.32896974682,2262.50823194083,2132.56128676294,1734.28307242503,1822.54466186703,1740.39258973371,1416.38408466771,1e+09,2005.29696351937,2176.44923834672,2047.76672677822,2540.13875672177,2345.87918930196,2109.18302245206,1677.99388279576,2010.62864902995,1811.58302865201,1338.59224967874,1440.91573025628,1438.28256177289,1014.13668132062,2002.18375015881,1857.89946692495,1449.77070507719,1548.9093420533,1892.16185288151,1742.22288089096,2192.07273081894,2492.56114422495,1742.01555558497
2338.83510508971,2927.89134801823,2343.73000945075,3126.42962527545,3067.47823395701,3535.27471049988,3188.39682608674,1466.43282307783,2207.28904348751,1935.21396767903,1871.68218049967,1365.51691348002,1479.47545268585,1950.6115148845,1594.05557032997,2335.28489912901,2092.2282707678,2533.06921571441,1625.14549948612,1358.81306587772,1458.88853799733,1544.82868144011,1362.40777900745,2204.82346037047,2332.32235745833,2592.88923494622,2180.81270018771,1596.8976746805,1425.54743779364,2087.33514321491,1998.35074508956,2005.29696351937,1e+09,2235.76790960064,1937.31342456506,2548.57601073619,2198.9533565085,1439.91092123784,1538.38432675323,1200.25559278014,1385.69050029218,1920.75631135238,1797.999211457,1520.45211729932,1777.06134140046,2481.40988599224,1948.94929238808,1565.03279812277,2008.305717066,1832.25236482314,1838.77436598404,1769.46328622552,1831.73232695173,1529.47105817665
2378.49280036749,3131.26308022817,2338.46594659833,3367.87650141747,3019.77886915582,3433.60245725972,2579.61067108973,1173.95657551717,1210.41590434858,1304.38797897711,1822.2134925963,1913.28295957498,2416.11963811811,2260.19607932586,2364.08805459949,2351.52007699275,2082.42457707356,1943.67058695655,1643.20196351514,2426.03467155768,1855.46781553871,1302.70507260853,2080.86081867577,2007.89051075999,2595.36073486905,2761.72705745879,2530.0921223742,1294.15931816759,1778.79706667174,1708.38564203168,2211.5619418411,2176.44923834672,2235.76790960064,1e+09,1753.27573524532,2510.84766959288,1764.22016724104,1757.50731984251,2057.20749940301,1736.29852790354,1811.73051980696,2513.3481708669,1757.37395081411,2608.04229076141,2438.34097063967,2919.8232798065,2870.92454583885,2421.43134100474,2372.07656099039,2554.32665029358,2517.95257187263,2688.4367184853,2775.82719948487,2376.1354596908
1982.18209375425,1976.42055231168,1548.40578680138,2290.13449469676,2473.26619553982,2650.63468744752,2222.45789327942,1064.85356598924,1464.96348538112,989.143602971783,1450.76205698936,1951.39983611765,2190.35539986094,1704.88870440272,1118.14178228881,1900.11186225969,1312.62541221782,1516.77122111411,1588.23675511556,1985.30602457153,1281.07053611423,1747.98258378051,2125.16209304138,777.681124883458,1548.33490036878,1519.68820417216,1397.69181134469,1093.87241879481,863.972358238387,1072.32542341399,1515.1267399132,2047.76672677822,1937.31342456506,1753.27573524532,1e+09,1801.84692993051,1664.73334155954,1487.32625684481,1233.70205835931,1196.23533102814,1088.00922091681,2030.74069639627,1265.14821242414,1936.66076244654,2067.68110227375,2265.2245379432,1971.66838730553,2025.69904428076,1732.66003030023,1456.60504289941,1715.47734523077,1701.87186289098,1760.72785796102,1710.9994302746
2346.7847720019,3040.86756125616,2585.15824798019,2769.2881119703,3209.58890680723,2968.59310115078,1991.3831035991,1745.61905096731,2245.54356123412,2099.65183594805,2490.76066909288,2046.7117255002,2902.23779770025,1233.95771536143,1666.72755926096,1705.82158445718,1875.18466431976,2958.93915488305,2264.95960158233,2218.22416236502,2275.58410462017,2536.14290253921,2698.72112219844,1781.31241563629,2003.22806395078,2296.25696284192,2046.09293288453,1917.4739702275,1606.02424748196,2391.25939847604,2414.71630886529,2540.13875672177,2548.57601073619,2510.84766959288,1801.84692993051,1e+09,2379.7400673603,1866.20650047094,1894.64967286831,1528.18413887201,1414.32328231561,2335.32049254487,1572.87222879037,2431.76985590742,2216.43705938157,2194.78490636326,1874.24185355039,2027.0921768632,1943.5886816145,1816.43883995581,2050.67867300072,1567.1693660227,2208.35906652428,1598.7176782972
2058.35890104228,2287.74680672928,1692.07142464495,2561.58859270961,2308.63472634802,2627.5785946761,2316.24658361324,1651.37313527258,1302.97547206385,1438.13846885479,807.194296127023,1676.22892908457,2511.68827265646,1579.01353930231,1902.41048514772,2096.82220881981,1722.63587873352,2100.21055842027,1786.04623019674,2430.08551843346,1545.90229581303,1695.4885927956,1531.16082662795,1609.82778510622,2176.36350010746,2055.20883644461,2073.58189430753,1321.59542073208,1624.02516689243,1980.751468004,1778.85284346401,2345.87918930196,2198.9533565085,1764.22016724104,1664.73334155954,2379.7400673603,1e+09,962.670119719107,1727.0721905873,1620.6756894271,1625.42376034682,1944.26747360028,1755.42991500658,2402.37509109215,2450.63883185589,2005.38964857207,2267.05923067749,1959.22515946994,1847.82963091839,2262.93810655528,1810.89750237279,2136.83335307178,2333.05044602555,1765.79693331368
1887.64214630316,2473.58533252847,1838.31007218587,2582.98667965981,2532.63090210556,2859.5391291605,2300.76109505094,1189.09799373306,1493.76907351839,1404.64866824413,1095.90266013912,987.501639441677,2067.08115684895,997.520697780251,1417.43056507188,1853.20765447372,1531.82253603347,2304.75581389873,1505.01212978501,1684.28619946255,1339.45759611867,1381.72664420282,1160.90070927707,1501.33612295848,1901.8467542891,2105.94051050831,1872.29803231216,1072.01514592845,1116.61430391161,1940.06767036617,1706.83334239169,2109.18302245206,1439.91092123784,1757.50731984251,1487.32625684481,1866.20650047094,962.670119719107,1e+09,1306.3312694336,814.166535851235,942.574443160857,1655.53641467048,1366.60930792235,1902.72132943844,1962.70701802383,1859.66910384617,1774.11714066462,1390.36164593965,1544.89565909805,1780.47528213677,1453.60862555916,1492.97255547448,1803.57093087574,1089.63600972985
2089.21481020981,2666.04647720178,2062.79129332078,2844.49489301704,2911.42052610062,3127.29217987383,2668.24111777778,1225.08143941536,1716.31707481456,1632.82439530404,1541.1031573519,1739.77974445043,1735.25239204561,1631.11517312543,1034.13207130424,1432.73041717554,1818.25214219591,2247.75040954284,1341.52681072724,2056.98206676675,900.356818322603,1727.32759597015,1729.2119897514,1712.37025102634,2293.97720653454,1937.77075277237,1937.42437036907,1360.18438794158,1143.0565859134,1755.72673901721,1613.43755435406,1677.99388279576,1538.38432675323,2057.20749940301,1233.70205835931,1894.64967286831,1727.0721905873,1306.3312694336,1e+09,1166.18654939937,1147.47785189955,1556.50495906695,1498.01361001828,1050.31671747145,1496.9327834943,1409.63646019107,1241.77452506484,1430.64128005591,1632.39350770579,1578.8726403355,874.025735547873,1452.0570583486,2106.29208776941,1248.57893326774
1800.37285904892,2565.30060211274,1931.43962199184,2568.89124047711,2685.59823443493,3046.39387392701,2315.5049228624,879.0835898821,1613.01740477281,1344.05249119966,1509.26100241145,995.294599402609,1858.70344867061,1084.91877318074,1165.49787588824,1843.22272102424,1501.45437599682,2221.90464597381,1373.3716232324,1424.28676059282,1368.95372204469,1276.02390980734,1515.83869422178,1362.15955548533,1731.11260364541,2121.52214202445,1767.96783723573,1105.09393582627,819.971368768447,1739.4261835157,1681.71999387532,2010.62864902995,1200.25559278014,1736.29852790354,1196.23533102814,1528.18413887201,1620.6756894271,814.166535851235,1166.18654939937,1e+09,407.692353374453,1747.24579633204,1071.7666442841,1655.98918498884,1687.30046971486,2126.80337264638,1759.8696258246,1365.72647971693,1559.36500525053,1532.1330781626,1487.66147634467,1157.62760329045,1458.53303294783,1029.61589274836
1729.24326536205,2442.55133542777,1815.65208060355,2399.39744581843,2570.94300808089,2845.50965348916,2329.36860827135,987.56168009902,1460.49087306289,1344.33028185041,1467.32038962184,1082.94569863867,1953.61834760528,1090.82154489174,1080.8048254426,1714.8756655513,1508.65071166258,2043.12329740523,1335.09416607968,1655.01188261595,1272.80576542535,1334.16493598056,1691.55582062786,1321.60036970334,1675.1871096985,1944.08308929943,1619.45745998467,1154.47582373993,833.755037166193,1631.59504237418,1369.17557340175,1811.58302865201,1385.69050029218,1811.73051980696,1088.00922091681,1414.32328231561,1625.42376034682,942.574443160857,1147.47785189955,407.692353374453,1e+09,1486.09031495397,744.219310553012,1554.99061501991,1477.83319508664,2006.30389604865,1669.09843571312,1180.03385866678,1240.05912399369,1357.22363757783,1322.1345246986,994.142178513717,1270.45127706654,835.904260785887
2429.75693944888,2920.02840746456,2347.4021421563,2968.06294532309,2986.55970621717,3018.09098366832,3334.35923040695,2009.61103838529,1754.08534578566,2262.79772293062,1781.21280766785,1789.06535911911,2419.17821375359,1984.43721744982,1819.05271757033,1874.78245529981,2468.06232166046,2347.27668513961,1810.79339288059,2609.72442683131,1362.60080746343,1927.29566678286,2120.61122177074,2422.69910104412,2695.35946743658,2336.17962684807,2233.61212651167,1962.56028855167,1898.65264427172,2273.99423070948,999.805960274293,1338.59224967874,1920.75631135238,2513.3481708669,2030.74069639627,2335.32049254487,1944.26747360028,1655.53641467048,1556.50495906695,1747.24579633204,1486.09031495397,1e+09,1397.41930793874,1419.53751172697,1223.94166237611,1571.65569133319,1602.86005405962,823.638302776164,689.045677731165,1676.00779294131,997.879789654044,1692.11906711673,1936.34051783254,1018.37536331158
1588.2023164572,2387.51644773392,1652.89450528459,2266.54914431609,2328.04389108109,2507.72411351408,2288.58819921802,1165.22135322007,1085.68281431549,1283.40770571943,1497.80690077193,1266.95111428973,2049.22643641448,1365.97502627244,1332.37295585733,1556.63874669109,1548.68660541764,1694.77483371686,1196.41679556081,2105.19146468914,1272.70358862541,1425.70143480323,1918.02687522881,1507.22046370131,1744.88524003729,1809.93488587297,1522.96070234921,1219.31220522063,1095.25129125694,1398.5925404849,1093.63427488352,1440.91573025628,1797.999211457,1757.37395081411,1265.14821242414,1572.87222879037,1755.42991500658,1366.60930792235,1498.01361001828,1071.7666442841,744.219310553012,1397.41930793874,1e+09,1695.57101142948,1274.05758500156,2115.87169055687,1900.45914933734,1204.00232873529,1127.20327110952,1523.29473924123,1572.71685391872,1304.12230273851,1458.84809846673,1112.47496610036
2160.1204555302,3029.13147268322,2363.06484790409,3041.14836698245,3057.1024916741,3420.13005260034,3287.12533706885,1831.85177369786,2099.69559500895,2208.01907847283,1979.82286217732,1858.28426786646,1453.15145628389,2138.57906952257,1463.08258027358,1734.65723210668,2388.95390076912,2481.0406998677,1385.17060591827,2481.29170917085,1175.34173860201,1897.9801647541,1921.89379698775,2422.41293957079,2749.89926388222,2320.7557418005,2303.20575683112,1992.72035509251,1725.08979916989,2121.08031255302,1609.16176234709,1438.28256177289,1520.45211729932,2608.04229076141,1936.66076244654,2431.76985590742,2402.37509109215,1902.72132943844,1050.31671747145,1655.98918498884,1554.99061501991,1419.53751172697,1695.57101142948,1e+09,906.398952945115,1729.10801296507,1531.89279053725,1185.93061466512,1781.57888991759,1938.29377427675,1066.05761767364,1490.14101678331,2126.6071664038,1380.59510958137
