1e+09,5414.84130894895,6121.06611917401,6149.72465813714,6120.55967518494,4471.8601722773,2946.40591285383,4246.60320062989,4272.18096498732,4983.59098442077,4003.51099372788,4043.9137385706,3932.77285476799,3337.11543740998,4513.65906796249,4031.58721457195,4964.28404303178,4072.69957756523,3703.20368659354,3547.04143908695,2950.05577672694,3939.39045051389,3573.10598405645,4485.00508033157,4778.89133745475,4975.73039450491,3791.12826796984,3615.4694216934,4229.26338661947,4272.83836437795,4424.6709603314,4316.21011379196,3703.2680921721,3899.31315568524,3890.88642895163,4095.70757427822,4628.48252180993,4187.07213110785,3828.48907757355,3742.85982379784,3533.99887705132,3213.90811506801,3243.65169053337,3418.18022203336,3561.50389902917,3648.50574770001,3467.22610458274,3551.46757631264,3395.51726499807,3832.21242936766,3384.83412010101,4099.10012946744,3778.1611843991,4211.90471142214
5414.84130894895,1e+09,998.694622394654,1601.30016036969,1382.1760760482,2565.41378687727,4583.64501917415,3418.77549226328,2893.19093008049,2071.60018152635,3621.03671486496,4070.59233747375,3407.34182114152,4135.63320292068,2974.96775853117,3719.23083868157,3063.95540009968,2859.15963716614,3974.1576615303,3552.64514832258,3795.42471192619,4085.00383817445,3908.76587147401,2189.25617315562,1607.37839113881,1988.16679664962,3371.33338872026,4176.84586041908,3518.22598681495,2681.38467896719,3258.67591658023,3661.6833944649,4339.746729868,3695.72050723536,3912.58675388802,3639.20854504108,4208.49425533646,4153.83988593687,3825.47174309261,4169.39480381746,3455.05928830462,3694.62351321484,3425.44753528645,3595.41515664047,3537.20985217162,3481.40570587514,3878.1749370548,3758.70939513818,4021.55140208353,3836.53577857681,3765.14378462496,3121.63344585811,3463.46308220544,3181.17818158619
6121.06611917401,998.694622394654,1e+09,1351.87052590106,1615.38427323037,3126.77099108649,5259.60120294305,3633.74862698289,3420.24243554459,2607.76880138942,4053.0021956076,4621.1367543387,3978.27269883551,4744.91145488512,3267.7691186343,3954.367434698,3281.66565960032,3370.71699524003,4619.26945917858,4163.69000641258,4526.4293474327,4492.0440364382,4444.72587802668,2672.05911066728,2105.34503036913,2494.96938424102,3900.48983748196,4835.24680901606,4063.20564969336,3260.19103366659,3699.95742593074,4089.27443677971,4875.11549409858,4269.59722966933,4460.4520208943,3965.22704238988,4690.10843514305,4609.43266033902,4266.52535274314,4751.3765819497,3981.57265621262,4323.48413247927,4053.0022383907,4170.7467714787,4152.13931985669,3979.16145474144,4541.27946706652,4226.04815179619,4614.73426970611,4461.41561644956,4306.65463768573,3602.51242414235,3972.31839187143,3749.01703762466
6149.72465813714,1601.30016036969,1351.87052590106,1e+09,1320.66559681094,3389.41340572377,5534.07766792263,3786.24544990153,3839.56052840686,2945.04309837734,4487.85508504898,4823.05405063016,4545.28499611411,5284.42996737586,3715.82146781839,4394.06225395135,3919.36729210213,3841.40320312773,4927.89337856452,4332.67517828189,4791.76426714629,4906.34354438211,4707.58712505674,3286.94305619979,2680.26002684441,3043.10874421208,4117.15632388424,5168.0125248397,4389.25365110061,3772.62991614603,4246.48337419329,4607.41442282979,5083.85596408868,4686.15677505565,4909.54421386548,4573.96763673509,5060.1307800886,5033.78915049091,4557.45361167835,5246.63034976736,4513.22003417737,4713.31527576928,4388.78218889933,4562.41076842057,4474.95722905817,4375.93742488395,4951.2179930195,4682.88762025099,4977.08643173896,4904.03880477102,4703.71583107441,4036.19023797194,4307.12612699001,4181.74620389617
6120.55967518494,1382.1760760482,1615.38427323037,1320.66559681094,1e+09,3424.98447948308,5433.1715952287,4317.99141739536,3969.4294528937,3054.58503006546,4535.72137373979,4916.74989222556,4458.53750264591,5234.13672499105,3713.56583193297,4781.36050519097,4219.92863458614,3938.90428835228,4889.30705747757,4449.86712883655,4675.85216033399,5223.24399329574,4935.63470090727,3443.74025168856,2841.42352899036,2935.37457376397,4284.80526697539,5160.7719518789,4506.24515958686,3752.83891748633,4260.85505649981,4676.01867298453,5201.58579858105,4784.23963346319,4889.82472402642,4666.03111694511,5283.50398932375,5284.91170811774,4772.01877068815,5189.29059117911,4548.71432893955,4609.9577675072,4463.81772459405,4616.4723011841,4512.1014812945,4537.19993691043,4867.90879248985,4823.54126323182,4966.35281753119,4991.70555935544,4778.04380893478,4107.67795927334,4372.43400233783,4075.0742207474
4471.8601722773,2565.41378687727,3126.77099108649,3389.41340572377,3424.98447948308,1e+09,2568.43349851617,1996.74112808847,1108.24360823783,1147.27331957123,1865.24425845518,2359.02901508226,1719.31400855108,2406.64383305881,2703.24972964023,2461.75357534015,1640.33406064131,1361.64868225986,1788.28742622656,1562.33651714347,1999.63554834375,2490.2275510483,1834.21049432719,1390.28017147624,1680.25874269411,1223.19736674013,1240.86530437433,2033.49287822702,1617.45758021656,1336.52916612396,1306.2532726849,1780.55085891979,2285.95063553437,1706.60323751597,1746.95242642723,2336.55984519978,2349.91532866612,2266.63472176264,1897.38733834186,2382.37096632745,1867.24475058842,1878.66339174957,1919.70032195132,1680.8003869288,1371.09606490574,1515.28270596612,1884.46669238276,1903.8705269004,1897.24628114012,2402.38358727327,2065.56412265512,1694.88546362284,1951.38326058722,1536.68962126384
2946.40591285383,4583.64501917415,5259.60120294305,5534.07766792263,5433.1715952287,2568.43349851617,1e+09,3023.86084664953,2574.42310568795,3430.6605784455,2067.84807377138,2262.60153206436,1779.74507857165,1440.05516717242,3381.72611790192,2744.39588000711,3096.97801913414,2433.9908480929,1210.1747687421,1671.68532448544,1171.49639696416,2364.48576610222,1708.51387152695,3032.3555672612,3547.21279972037,3359.23144589652,2062.85077494714,1458.17442972369,2324.95862563186,2561.95939530665,2129.63371059438,2113.84976450551,1694.87727479013,1847.80174477675,1437.74081457681,2316.13915408811,2704.7758450563,2284.9465121092,1984.66569356151,1577.9738725657,1803.44172212467,1200.06979472029,1815.52170364334,1365.73065777993,1399.57170416524,1746.48079809084,1431.88307630197,1656.92642096745,927.085296291555,2413.88269377366,1674.78503316097,2332.29538856038,2008.19312492599,2191.19105543081
4246.60320062989,3418.77549226328,3633.74862698289,3786.24544990153,4317.99141739536,1996.74112808847,3023.86084664953,1e+09,1804.17402481025,2410.70050516442,1962.35922549874,3021.29961010159,2616.09288577451,2708.55632232376,3091.3835761031,1342.42071553593,1892.24071626736,1832.37139616946,2742.15066095939,2075.20183543674,2711.28018880381,2295.32380447727,1970.0071382358,2131.08972598528,2592.12375865814,2648.3511918928,1423.63681555374,2564.0066880178,2040.04228461079,2185.85807281717,2083.82850119678,2392.30401926678,2638.91210931702,2398.17389930339,2360.34009757069,2360.25710684239,2957.28338687722,2425.40821774397,1953.40348000612,3001.42137598172,2108.38490840738,2356.38452106188,2335.19595809431,2051.69400727789,2092.20008871045,1738.10778118044,2627.47913816647,1769.61434470904,2329.10667821377,3011.6354146211,2343.55506540811,2485.14299407499,2575.39106379983,2704.5529293582
4272.18096498732,2893.19093008049,3420.24243554459,3839.56052840686,3969.4294528937,1108.24360823783,2574.42310568795,1804.17402481025,1e+09,1239.00541992358,2016.98997392154,2805.60561718856,1836.66051114516,1978.82316329681,3251.97664216704,2118.17390884224,1524.76997940673,1327.36417335259,1961.58664504018,1760.75554839393,2082.605512189,2268.74723246112,1648.52494852216,1211.75363733723,1832.1084727712,1652.32268724968,959.400535751362,1613.81748143958,1117.35609713287,933.820489334004,1494.90247227035,2002.10245092503,2582.51078319143,1563.02534256486,1756.92157485757,2428.59479399096,2303.73809889492,2030.81974057276,2098.31473313705,2447.50488326377,1683.35853263647,1879.33415280519,1911.49162051525,1611.42821692435,1388.16903351141,1374.30203077781,1654.71484223113,1621.09159297061,1862.36624317023,2119.34742824295,2121.64203304893,2120.78299729133,2383.51160561471,2099.38661387082
4983.59098442077,2071.60018152635,2607.76880138942,2945.04309837734,3054.58503006546,1147.27331957123,3430.6605784455,2410.70050516442,1239.00541992358,1e+09,2781.25710675946,3163.13865775751,2450.94508938899,3009.18889028256,3307.10867387209,2878.63250226562,1933.45712672922,1915.68557621025,2616.49465411264,2325.82773949405,2810.06560030189,2957.96786960237,2485.26614745785,1230.54254148323,1253.53867957874,1303.67673700193,1914.61058709075,2607.62191484885,1857.75850648032,1357.28758260731,2106.57606988212,2627.98570806616,3243.79409486792,2299.32462821151,2655.84721092912,3048.63685321817,2770.41766517253,2777.29020638823,2795.89069008429,3181.46007326825,2557.87314102948,2750.99051570521,2529.66972225625,2462.04578164176,2207.86987578526,2264.08885704603,2601.19987676841,2633.3387290662,2795.29490564055,2677.26923718927,2880.68022977213,2416.0054254906,2753.52456929296,2415.09462843591
4003.51099372788,3621.03671486496,4053.0021956076,4487.85508504898,4535.72137373979,1865.24425845518,2067.84807377138,1962.35922549874,2016.98997392154,2781.25710675946,1e+09,2125.03668535393,1403.82172247761,1695.4499981126,2233.49920597703,1817.89429159124,1818.63091593649,1176.27258881604,1920.21445263283,1654.01347754485,1680.62663923312,2082.18088208013,1799.3269521685,2181.67851524921,2796.65792568559,2420.2745606439,1624.63413576719,2043.5313125323,2184.13863870863,2162.11077269413,1122.5785915917,1234.38595880705,1687.09451922529,1784.68791310974,1090.72646025482,1380.64858370984,2556.6344485671,2008.86433115828,1164.00804584848,1595.94280715194,1020.38205849574,1119.31199984633,1643.67183087136,1195.76606909546,1394.70594287828,1259.22576947107,1724.51821753207,1094.51054508397,1297.60227697088,2494.77976597134,1252.33862405501,1685.34154849989,1766.85425488352,1454.69794899147
4043.9137385706,4070.59233747375,4621.1367543387,4823.05405063016,4916.74989222556,2359.02901508226,2262.60153206436,3021.29961010159,2805.60561718856,3163.13865775751,2125.03668535393,1e+09,1746.60631746252,2426.17471036197,2418.87025443698,2960.72920279785,2515.94083807629,2068.12913825515,1590.52110234351,1477.52665194236,1760.05294551045,1814.2548457149,1685.20055729281,2620.30501682533,2935.47542915965,3002.83842885361,2544.88972491933,2479.31765580774,2843.02367531472,2966.85414742619,2150.18432423827,1609.54944335364,967.325873994901,1563.07508108216,1899.11412600718,2285.06915794687,1618.05402471611,1673.74033747771,1320.32383160344,1444.78483000065,2010.80478172298,2159.2659398277,1435.03877247272,1730.14331715613,1697.13464138824,1842.01220962294,2230.25076498137,2172.68276828441,1938.19585911744,1860.25781852946,1398.29163388758,1361.18587195137,1219.70726237897,1423.418988176
3932.77285476799,3407.34182114152,3978.27269883551,4545.28499611411,4458.53750264591,1719.31400855108,1779.74507857165,2616.09288577451,1836.66051114516,2450.94508938899,1403.82172247761,1746.60631746252,1e+09,1297.02922488277,2238.15711830068,2246.53579506315,1722.7868036121,1327.87811537806,1175.54032674341,1502.94745197562,1379.15937244395,1739.92046921691,1537.3442500299,1719.66576258295,2251.04681977075,2115.7680017431,1881.44609898875,1778.66875061097,2054.43341522669,1777.60474782782,959.585399221977,865.154674032338,1652.80361673733,1062.11504748779,947.605884848759,1297.15884355001,1927.2350202557,1600.34466303356,1420.5030039039,903.804002425304,878.004808301185,1170.58424203472,1205.37756205265,904.553822555629,1029.78214230001,1066.71656038518,1309.52601001278,1216.52714190847,1146.09357754941,1671.04451879655,1033.04175772328,1023.59106141076,1159.78345500356,918.338197452333
3337.11543740998,4135.63320292068,4744.91145488512,5284.42996737586,5234.13672499105,2406.64383305881,1440.05516717242,2708.55632232376,1978.82316329681,3009.18889028256,1695.4499981126,2426.17471036197,1297.02922488277,1e+09,3180.23295370009,2185.67183563773,2352.14878090226,1725.7668026996,1553.17926454096,1773.93863805939,1328.13557523319,1847.96245622036,1543.81219269055,2306.62225672085,3018.78025593119,2924.67956237944,1863.59631454883,1216.81590275604,1945.19522105109,2014.73898123305,1701.8543985312,1744.07760658751,2010.60248067588,1370.3887375121,1148.51853376426,1900.61018007376,2316.96529419411,1713.50722709302,1855.52508608749,1250.11420062329,987.863600402404,1074.43183874083,1436.82554087126,1033.57736348084,1272.37631689685,1333.50784639611,1067.41518196998,1074.95426191071,1033.02706368226,1730.35126127616,1352.78916043854,2118.83016922074,2101.644900905,2028.46755593971
4513.65906796249,2974.96775853117,3267.7691186343,3715.82146781839,3713.56583193297,2703.24972964023,3381.72611790192,3091.3835761031,3251.97664216704,3307.10867387209,2233.49920597703,2418.87025443698,2238.15711830068,3180.23295370009,1e+09,2848.16129653852,2609.60621839771,2283.60039724554,3015.35045104213,2702.04951801406,2803.26973347197,2859.88280043081,3052.60838243297,2538.73160030752,2542.46238748973,2693.19453994694,3184.82564562018,3723.06042884077,3607.21045734789,3105.21065325688,2397.51746379458,2225.31106769368,2691.39536963635,2890.80866466461,2793.14243288809,1851.26662569172,3366.68484644762,3112.5336852635,2304.99661954199,2570.46346412471,2315.41202065637,2625.20636234564,2350.95607579129,2526.86282597612,2746.53720397158,2554.99290331695,3199.54717807067,2677.70780414891,2893.41719859062,3187.41374421332,2221.57753607656,1679.73968471308,1773.79232766973,1873.69197967542
4031.58721457195,3719.23083868157,3954.367434698,4394.06225395135,4781.36050519097,2461.75357534015,2744.39588000711,1342.42071553593,2118.17390884224,2878.63250226562,1817.89429159124,2960.72920279785,2246.53579506315,2185.67183563773,2848.16129653852,1e+09,1914.62742730799,1815.30301569738,2654.15884010358,2081.69387122603,2643.55918343055,1734.94620138493,1952.57815730895,2112.28811772921,2711.24100996204,3061.1271352069,1944.93869659175,2482.9312350325,2041.29585697419,2092.89476046934,1877.20180718537,2221.3123469922,2643.65179670092,2261.33584639699,2210.68989586961,1646.48062985873,2937.83109596178,2158.287444202,1986.00488851362,2564.64179723017,1711.63730249723,2155.31463795892,2080.58893138457,1737.84622472761,2091.17812510078,1664.20246181166,2618.78422543745,1378.90490640218,2126.12929804375,2758.01635446565,2099.18118010333,2362.81317244932,2349.54919331348,2678.066615751
4964.28404303178,3063.95540009968,3281.66565960032,3919.36729210213,4219.92863458614,1640.33406064131,3096.97801913414,1892.24071626736,1524.76997940673,1933.45712672922,1818.63091593649,2515.94083807629,1722.7868036121,2352.14878090226,2609.60621839771,1914.62742730799,1e+09,1339.35825998872,2309.08792840377,2135.35269698006,2622.63682276064,1889.83263785447,1908.75565528959,1270.48422575804,1845.90315929628,1804.93644045989,1885.04546228997,2489.04703537318,2089.69375251495,1854.41407943318,1284.72238444732,1411.93003654572,2442.18745828407,1675.21726614789,1869.81254517666,1820.06396769454,2003.72325134985,1729.06085572486,1756.5586030076,2277.30505090996,1674.49297558993,2310.43310342455,2067.2400202202,1846.14842209396,1848.21418323202,1459.48398617457,2268.36101632875,1690.74368361973,2214.93130069535,2246.96605303685,1974.31617916179,1639.13329875883,2071.81916657801,1846.08619733749
4072.69957756523,2859.15963716614,3370.71699524003,3841.40320312773,3938.90428835228,1361.64868225986,2433.9908480929,1832.37139616946,1327.36417335259,1915.68557621025,1176.27258881604,2068.12913825515,1327.87811537806,1725.7668026996,2283.60039724554,1815.30301569738,1339.35825998872,1e+09,1912.17406187303,1374.33581052813,1673.27697124535,1795.95286717107,1565.93460521185,1200.16593406912,1893.66389190374,1855.79282192275,1413.76380025095,1873.1080038001,1681.18487112512,1504.05899285899,1157.14705223666,1443.72132065021,2003.78501950683,1373.30885440967,1443.30235505247,1774.15205208009,2106.52136025249,1684.63370469666,1419.05600636479,1777.82478858295,1008.30567899819,1480.4639311378,1208.71841303093,1169.88660365011,1242.68716195992,1155.03310130056,1695.74426491733,1306.43940934894,1644.69203852879,1818.41170264052,1392.32072371993,1496.92768592875,1789.86682057632,1403.56879532141
3703.20368659354,3974.1576615303,4619.26945917858,4927.89337856452,4889.30705747757,1788.28742622656,1210.1747687421,2742.15066095939,1961.58664504018,2616.49465411264,1920.21445263283,1590.52110234351,1175.54032674341,1553.17926454096,3015.35045104213,2654.15884010358,2309.08792840377,1912.17406187303,1e+09,1181.85273481936,1161.51178504568,1889.06748079575,1140.70924275207,2294.75540461288,2753.05517797955,2572.36549786379,1716.61317110175,1310.55885682407,1919.68197834954,2077.06222403182,1535.13145945225,1412.71287401227,1291.59110205204,971.984346633216,1048.01749708676,2103.43633252828,1725.1162362867,1589.27832744929,1510.58669373856,1237.73782829806,1569.08817795559,1367.14604000451,1416.85133119181,1063.1517164074,777.003253017644,1225.04709664568,1152.87920811332,1516.27486327513,917.818028097073,1737.42121645846,1363.90565597478,1557.082676225,1415.11499599856,1449.64946393947
3547.04143908695,3552.64514832258,4163.69000641258,4332.67517828189,4449.86712883655,1562.33651714347,1671.68532448544,2075.20183543674,1760.75554839393,2325.82773949405,1654.01347754485,1477.52665194236,1502.94745197562,1773.93863805939,2702.04951801406,2081.69387122603,2135.35269698006,1374.33581052813,1181.85273481936,1e+09,1228.5140216538,1540.98250671447,915.480546543726,1938.25548914481,2429.80938330561,2573.91159160528,1399.87017155163,1440.29565312126,1522.81400170868,1836.80045505765,1542.47186483255,1683.09699025338,1375.50738351344,1144.94160728834,1428.30579246883,2078.1117744722,1861.34125825975,1498.03090732468,1280.07085128129,1628.73821641171,1475.27698761961,1444.57867335081,953.28896516219,894.856599740987,826.844451151485,1163.66859216875,1654.23925703025,1418.16309802505,1243.31642428627,1719.13023433363,1352.93579448546,1588.80940883418,1450.79551353731,1601.7417259034
2950.05577672694,3795.42471192619,4526.4293474327,4791.76426714629,4675.85216033399,1999.63554834375,1171.49639696416,2711.28018880381,2082.605512189,2810.06560030189,1680.62663923312,1760.05294551045,1379.15937244395,1328.13557523319,2803.26973347197,2643.55918343055,2622.63682276064,1673.27697124535,1161.51178504568,1228.5140216538,1e+09,2151.70693227493,1453.25888550526,2369.67297136124,2856.8269970721,2652.56981608402,1696.55455833286,1405.70745455802,2148.94095661095,2200.86030712992,1864.68541850898,1767.67937228447,1433.21071350308,1394.59542495306,1250.80657257627,2213.19512262249,2278.98693192831,1978.95371631072,1559.11748694574,1300.24894831721,1300.60591510265,870.430408418732,1065.98896068393,1040.00822415017,955.785398612052,1378.83148832626,999.541686924563,1510.05548017283,994.118156508571,1783.29120173908,1126.96082576104,1776.70500815414,1659.98603756176,1526.38531200349
3939.39045051389,4085.00383817445,4492.0440364382,4906.34354438211,5223.24399329574,2490.2275510483,2364.48576610222,2295.32380447727,2268.74723246112,2957.96786960237,2082.18088208013,1814.2548457149,1739.92046921691,1847.96245622036,2859.88280043081,1734.94620138493,1889.83263785447,1795.95286717107,1889.06748079575,1540.98250671447,2151.70693227493,1e+09,1148.04703732034,2083.69736761364,2668.82705052238,3150.26128271926,2209.63731105356,2104.32002542389,2150.5521814641,2386.1680428461,1919.18713939001,1707.39302411601,1786.08033769481,1269.72332769781,1883.98946281554,1816.45058297769,1533.43081888294,801.986747334393,1467.13323345223,1667.54212618452,1575.97645616932,2164.25746525223,1321.15136244868,1383.88990526703,1648.97371034228,1380.41445312631,2218.39093080999,1457.76432759208,1845.97529206108,1479.73401373355,1468.62613588347,1743.20938444009,1694.79476624752,2170.38469242206
3573.10598405645,3908.76587147401,4444.72587802668,4707.58712505674,4935.63470090727,1834.21049432719,1708.51387152695,1970.0071382358,1648.52494852216,2485.26614745785,1799.3269521685,1685.20055729281,1537.3442500299,1543.81219269055,3052.60838243297,1952.57815730895,1908.75565528959,1565.93460521185,1140.70924275207,915.480546543726,1453.25888550526,1148.04703732034,1e+09,1998.15172409404,2583.27630552754,2687.47880488386,1324.39831663288,1289.25018700794,1608.64416503464,1998.21302768248,1638.84082811602,1521.10101239201,1317.84843187675,774.149254601463,1298.6401229363,2048.36937369704,1434.7303669331,948.546059503702,1132.36665537272,1562.96301181442,1375.37334585923,1576.69233872687,1117.38947847203,912.419373205107,807.37934114021,806.110951358434,1416.7790204545,1117.62875388029,1151.9349531115,1455.77074503508,1223.04967760921,1657.72059391805,1600.0819267775,1847.02414602517
4485.00508033157,2189.25617315562,2672.05911066728,3286.94305619979,3443.74025168856,1390.28017147624,3032.3555672612,2131.08972598528,1211.75363733723,1230.54254148323,2181.67851524921,2620.30501682533,1719.66576258295,2306.62225672085,2538.73160030752,2112.28811772921,1270.48422575804,1200.16593406912,2294.75540461288,1938.25548914481,2369.67297136124,2083.69736761364,1998.15172409404,1e+09,860.661754814283,1489.04070965169,1856.46305171959,2374.96836538932,1801.43665300782,1167.44106570739,1590.08488792265,1969.78620027657,2749.02765175252,1719.46488155472,2174.75810374395,2145.55489195686,2293.31814293177,2077.29631114581,2184.75561468554,2434.62687198675,1718.29221181963,2238.05503120455,1756.92358140586,1807.92654223008,1797.34999808051,1641.18743347614,2235.71268129427,1930.64564086732,2324.25767958288,1959.74586719809,2111.39380017087,1697.2503665046,2075.58271743142,1899.21081844539
4778.89133745475,1607.37839113881,2105.34503036913,2680.26002684441,2841.42352899036,1680.25874269411,3547.21279972037,2592.12375865814,1832.1084727712,1253.53867957874,2796.65792568559,2935.47542915965,2251.04681977075,3018.78025593119,2542.46238748973,2711.24100996204,1845.90315929628,1893.66389190374,2753.05517797955,2429.80938330561,2856.8269970721,2668.82705052238,2583.27630552754,860.661754814283,1e+09,1462.22782705022,2425.06897543142,3049.41284174511,2442.0481046859,1704.1003156798,2191.06700837743,2488.6151528109,3207.34493035907,2328.54173097671,2815.38405536438,2612.31760159442,2764.17997813095,2722.93869686778,2701.29490050605,2997.99548782182,2386.65978891002,2811.47533382386,2272.2348605943,2435.31064447639,2374.77717443132,2254.66450133939,2825.52778324688,2617.16198306486,2928.10602296092,2479.84825531725,2645.65313520121,1951.51114493359,2321.33856765876,2228.51018106268
4975.73039450491,1988.16679664962,2494.96938424102,3043.10874421208,2935.37457376397,1223.19736674013,3359.23144589652,2648.3511918928,1652.32268724968,1303.67673700193,2420.2745606439,3002.83842885361,2115.7680017431,2924.67956237944,2693.19453994694,3061.1271352069,1804.93644045989,1855.79282192275,2572.36549786379,2573.91159160528,2652.56981608402,3150.26128271926,2687.47880488386,1489.04070965169,1462.22782705022,1e+09,2107.72521581918,2879.6768416265,2551.74469827998,1863.26283736353,1904.90525837901,2172.66887136535,3021.95154430047,2356.57617438945,2390.95668099612,2665.50075948217,2885.62193762454,2919.31810491765,2555.57670773155,2882.09815162496,2295.74197086694,2480.01084265775,2536.20839571594,2434.83240875014,2201.86107363748,2164.49496539031,2374.52907863854,2532.54635487685,2659.06686578205,2830.52475191439,2565.96636603054,1991.38186493701,2450.644082624,1852.03073940472
3791.12826796984,3371.33338872026,3900.48983748196,4117.15632388424,4284.80526697539,1240.86530437433,2062.85077494714,1423.63681555374,959.400535751362,1914.61058709075,1624.63413576719,2544.88972491933,1881.44609898875,1863.59631454883,3184.82564562018,1944.93869659175,1885.04546228997,1413.76380025095,1716.61317110175,1399.87017155163,1696.55455833286,2209.63731105356,1324.39831663288,1856.46305171959,2425.06897543142,2107.72521581918,1e+09,1385.55870622648,1272.41133577157,1506.03988476401,1523.96563104291,1897.15417006631,2077.62856239993,1589.87579140636,1452.2621096758,2312.55189001242,2402.36820510512,2012.59666682125,1658.79698453427,2282.92833667638,1556.96501123179,1457.85192125264,1768.8727401088,1327.06825208804,1074.29235201597,1114.8646350118,1437.58123078315,1294.02847132511,1393.8421216551,2327.33056719496,1817.18651987076,2104.28647336811,2195.15341917143,2039.04338553646
3615.4694216934,4176.84586041908,4835.24680901606,5168.0125248397,5160.7719518789,2033.49287822702,1458.17442972369,2564.0066880178,1613.81748143958,2607.62191484885,2043.5313125323,2479.31765580774,1778.66875061097,1216.81590275604,3723.06042884077,2482.9312350325,2489.04703537318,1873.1080038001,1310.55885682407,1440.29565312126,1405.70745455802,2104.32002542389,1289.25018700794,2374.96836538932,3049.41284174511,2879.6768416265,1385.55870622648,1e+09,1263.08717949317,1813.82732279013,1828.37591266129,2092.02151834057,2050.29553150272,1319.94962824344,1316.06220491282,2595.45019636286,2159.15224629946,1760.76904269129,2025.33963198768,1840.45561397171,1670.00181502895,1445.32105094335,1709.63491164049,1270.18625417692,1079.97665159947,1485.37023007734,1105.57618050499,1496.36957507161,1144.5751513553,1865.15447714124,1872.42136395631,2434.29367842091,2407.09339700395,2256.46776633304
4229.26338661947,3518.22598681495,4063.20564969336,4389.25365110061,4506.24515958686,1617.45758021656,2324.95862563186,2040.04228461079,1117.35609713287,1857.75850648032,2184.13863870863,2843.02367531472,2054.43341522669,1945.19522105109,3607.21045734789,2041.29585697419,2089.69375251495,1681.18487112512,1919.68197834954,1522.81400170868,2148.94095661095,2150.5521814641,1608.64416503464,1801.43665300782,2442.0481046859,2551.74469827998,1272.41133577157,1263.08717949317,1e+09,1055.52999336826,1658.07840128264,2335.04956696855,2629.22703875112,1693.52850932602,1875.95287883251,2595.05397936151,2435.93838959445,2013.48651679121,2307.72009032725,2487.5297538723,1953.72668149872,1981.72131706252,1990.35513336188,1587.73831442716,1486.18653015024,1679.01742206566,1962.54628309755,1734.17197226803,1818.28379668851,2244.43608044426,2356.03131031826,2510.2149861715,2569.21262695402,2467.23427701951
4272.83836437795,2681.38467896719,3260.19103366659,3772.62991614603,3752.83891748633,1336.52916612396,2561.95939530665,2185.85807281717,933.820489334004,1357.28758260731,2162.11077269413,2966.85414742619,1777.60474782782,2014.73898123305,3105.21065325688,2092.89476046934,1854.41407943318,1504.05899285899,2077.06222403182,1836.80045505765,2200.86030712992,2386.1680428461,1998.21302768248,1167.44106570739,1704.1003156798,1863.26283736353,1506.03988476401,1813.82732279013,1055.52999336826,1e+09,1462.17175663463,2223.894754052,2876.4340335909,1842.92602629623,1979.98550694191,2300.97268486612,2696.76978387107,2344.68681763685,2442.18836927048,2506.44596696199,1790.39916479538,1920.8441280333,1978.96659309853,1664.7813833654,1621.33042779688,1698.03996145556,1995.00479984385,1805.94479923944,1996.66376989217,2310.50906154899,2330.66195328709,2202.45034734043,2373.24697513765,2187.65368927534
4424.6709603314,3258.67591658023,3699.95742593074,4246.48337419329,4260.85505649981,1306.2532726849,2129.63371059438,2083.82850119678,1494.90247227035,2106.57606988212,1122.5785915917,2150.18432423827,959.585399221977,1701.8543985312,2397.51746379458,1877.20180718537,1284.72238444732,1157.14705223666,1535.13145945225,1542.47186483255,1864.68541850898,1919.18713939001,1638.84082811602,1590.08488792265,2191.06700837743,1904.90525837901,1523.96563104291,1828.37591266129,1658.07840128264,1462.17175663463,1e+09,992.786494066071,1935.85729579946,1390.41276148488,1016.10416769148,1335.34627516611,2175.74769219687,1771.94223074569,1474.37739914175,1607.9453335235,1168.81465031886,1391.59185291521,1681.25948172791,1116.23424177007,1166.66877638857,1102.32498021228,1657.01178731474,1176.72737573322,1323.88983057504,2224.97965626655,1533.18151567256,1399.30918306141,1586.53474449821,1258.75539629429
4316.21011379196,3661.6833944649,4089.27443677971,4607.41442282979,4676.01867298453,1780.55085891979,2113.84976450551,2392.30401926678,2002.10245092503,2627.98570806616,1234.38595880705,1609.54944335364,865.154674032338,1744.07760658751,2225.31106769368,2221.3123469922,1411.93003654572,1443.72132065021,1412.71287401227,1683.09699025338,1767.67937228447,1707.39302411601,1521.10101239201,1969.78620027657,2488.6151528109,2172.66887136535,1897.15417006631,2092.02151834057,2335.04956696855,2223.894754052,992.786494066071,1e+09,1356.26462731283,1196.75143028952,944.311590525077,1270.28318165675,1735.04623791414,1457.5770650981,968.451764364132,1126.51403160369,1131.44437017469,1515.89891711156,1542.89923063692,1207.25136417401,1236.17011143289,1022.9152082162,1572.81045091263,1248.88238493463,1330.90265823613,1975.17708765569,1020.87736981481,946.445662782603,1190.93184981341,938.750287509943
3703.2680921721,4339.746729868,4875.11549409858,5083.85596408868,5201.58579858105,2285.95063553437,1694.87727479013,2638.91210931702,2582.51078319143,3243.79409486792,1687.09451922529,967.325873994901,1652.80361673733,2010.60248067588,2691.39536963635,2643.65179670092,2442.18745828407,2003.78501950683,1291.59110205204,1375.50738351344,1433.21071350308,1786.08033769481,1317.84843187675,2749.02765175252,3207.34493035907,3021.95154430047,2077.62856239993,2050.29553150272,2629.22703875112,2876.4340335909,1935.85729579946,1356.26462731283,1e+09,1437.51020232901,1359.76707891462,2070.13813314474,1775.6131396788,1568.80015973992,832.907181503437,1254.8652108892,1689.57012955959,1662.68430028072,1462.54675494495,1384.03452579768,1329.26861074051,1426.17289270972,1738.92200152853,1654.13696038146,1327.25541302343,2047.65876163486,1040.76101863012,1537.08335528689,1337.18974203364,1513.81471574298
3899.31315568524,3695.72050723536,4269.59722966933,4686.15677505565,4784.23963346319,1706.60323751597,1847.80174477675,2398.17389930339,1563.02534256486,2299.32462821151,1784.68791310974,1563.07508108216,1062.11504748779,1370.3887375121,2890.80866466461,2261.33584639699,1675.21726614789,1373.30885440967,971.984346633216,1144.94160728834,1394.59542495306,1269.72332769781,774.149254601463,1719.46488155472,2328.54173097671,2356.57617438945,1589.87579140636,1319.94962824344,1693.52850932602,1842.92602629623,1390.41276148488,1196.75143028952,1437.51020232901,1e+09,1104.92150042435,1959.80751720673,1088.51169557336,815.416870809036,1279.51220142678,1187.31993754843,1208.75103859314,1550.58962862519,1035.38805681735,928.308348125772,771.865735280431,885.299829153943,1202.96002286028,1258.26046433161,1213.72432751428,1015.44664660434,1142.15728168234,1369.02884772382,1492.60899347418,1441.47507470646
3890.88642895163,3912.58675388802,4460.4520208943,4909.54421386548,4889.82472402642,1746.95242642723,1437.74081457681,2360.34009757069,1756.92157485757,2655.84721092912,1090.72646025482,1899.11412600718,947.605884848759,1148.51853376426,2793.14243288809,2210.68989586961,1869.81254517666,1443.30235505247,1048.01749708676,1428.30579246883,1250.80657257627,1883.98946281554,1298.6401229363,2174.75810374395,2815.38405536438,2390.95668099612,1452.2621096758,1316.06220491282,1875.95287883251,1979.98550694191,1016.10416769148,944.311590525077,1359.76707891462,1104.92150042435,1e+09,1641.04945446504,1969.4637260686,1551.42308894125,1186.85133706796,1062.30652186645,979.056884762065,890.529323436348,1478.83018223865,839.905494028941,783.274973173534,917.576463516801,918.06349034258,936.88053998362,592.293141020559,1970.78021382396,1078.03142662911,1578.90197954148,1622.84449985203,1310.35760710579
4095.70757427822,3639.20854504108,3965.22704238988,4573.96763673509,4666.03111694511,2336.55984519978,2316.13915408811,2360.25710684239,2428.59479399096,3048.63685321817,1380.64858370984,2285.06915794687,1297.15884355001,1900.61018007376,1851.26662569172,1646.48062985873,1820.06396769454,1774.15205208009,2103.43633252828,2078.1117744722,2213.19512262249,1816.45058297769,2048.36937369704,2145.55489195686,2612.31760159442,2665.50075948217,2312.55189001242,2595.45019636286,2595.05397936151,2300.97268486612,1335.34627516611,1270.28318165675,2070.13813314474,1959.80751720673,1641.04945446504,1e+09,2663.59902877667,2084.24121514282,1573.90867406594,1645.5038124538,1239.50527509971,1683.41309567794,1810.78409063588,1447.11267926862,1832.34607053362,1462.22498829694,2230.94992639907,1294.75431182908,1714.35858702315,2543.16473784142,1429.68873213717,1415.51748862386,1389.59556105365,1693.47835519088
4628.48252180993,4208.49425533646,4690.10843514305,5060.1307800886,5283.50398932375,2349.91532866612,2704.7758450563,2957.28338687722,2303.73809889492,2770.41766517253,2556.6344485671,1618.05402471611,1927.2350202557,2316.96529419411,3366.68484644762,2937.83109596178,2003.72325134985,2106.52136025249,1725.1162362867,1861.34125825975,2278.98693192831,1533.43081888294,1434.7303669331,2293.31814293177,2764.17997813095,2885.62193762454,2402.36820510512,2159.15224629946,2435.93838959445,2696.76978387107,2175.74769219687,1735.04623791414,1775.6131396788,1088.51169557336,1969.4637260686,2663.59902877667,1e+09,903.026590749132,1764.59513957168,1821.60401292378,2142.1978807057,2566.72838457831,1806.46216943505,1933.54178548073,1762.43248004002,1774.67690718621,2111.09607663886,2169.1957736221,2165.98296927746,1256.49307172782,1868.91789747436,1851.53868911778,2034.04918441025,2019.4039118017
4187.07213110785,4153.83988593687,4609.43266033902,5033.78915049091,5284.91170811774,2266.63472176264,2284.9465121092,2425.40821774397,2030.81974057276,2777.29020638823,2008.86433115828,1673.74033747771,1600.34466303356,1713.50722709302,3112.5336852635,2158.287444202,1729.06085572486,1684.63370469666,1589.27832744929,1498.03090732468,1978.95371631072,801.986747334393,948.546059503702,2077.29631114581,2722.93869686778,2919.31810491765,2012.59666682125,1760.76904269129,2013.48651679121,2344.68681763685,1771.94223074569,1457.5770650981,1568.80015973992,815.416870809036,1551.42308894125,2084.24121514282,903.026590749132,1e+09,1350.0701399557,1465.22123220352,1551.8007003156,2072.66876195884,1382.51950365989,1356.88534534057,1401.73597695857,1263.26705787019,1838.38848745307,1470.85837887269,1672.20005453893,1195.66441291025,1413.69697124242,1730.67218753293,1820.23361533623,1954.52014018787
3828.48907757355,3825.47174309261,4266.52535274314,4557.45361167835,4772.01877068815,1897.38733834186,1984.66569356151,1953.40348000612,2098.31473313705,2795.89069008429,1164.00804584848,1320.32383160344,1420.5030039039,1855.52508608749,2304.99661954199,1986.00488851362,1756.5586030076,1419.05600636479,1510.58669373856,1280.07085128129,1559.11748694574,1467.13323345223,1132.36665537272,2184.75561468554,2701.29490050605,2555.57670773155,1658.79698453427,2025.33963198768,2307.72009032725,2442.18836927048,1474.37739914175,968.451764364132,832.907181503437,1279.51220142678,1186.85133706796,1573.90867406594,1764.59513957168,1350.0701399557,1e+09,1363.0222321371,1211.20695469437,1487.55103777988,1258.0714807196,1097.75394866063,1150.53894549468,916.879081722339,1678.39300117702,1154.92704769609,1279.66530061575,1975.2152838868,776.551174682004,1211.59343184915,1216.78036440436,1338.0294061791
3742.85982379784,4169.39480381746,4751.3765819497,5246.63034976736,5189.29059117911,2382.37096632745,1577.9738725657,3001.42137598172,2447.50488326377,3181.46007326825,1595.94280715194,1444.78483000065,903.804002425304,1250.11420062329,2570.46346412471,2564.64179723017,2277.30505090996,1777.82478858295,1237.73782829806,1628.73821641171,1300.24894831721,1667.54212618452,1562.96301181442,2434.62687198675,2997.99548782182,2882.09815162496,2282.92833667638,1840.45561397171,2487.5297538723,2506.44596696199,1607.9453335235,1126.51403160369,1254.8652108892,1187.31993754843,1062.30652186645,1645.5038124538,1821.60401292378,1465.22123220352,1363.0222321371,1e+09,1169.20744840255,1351.23268140613,1249.97465810312,1119.31976311508,1298.73609590247,1398.48482980689,1424.61324319971,1434.94549568964,1169.49652077293,1607.74131949142,878.943751783924,1438.95918392427,1375.41791776173,1311.64965814047
3533.99887705132,3455.05928830462,3981.57265621262,4513.22003417737,4548.71432893955,1867.24475058842,1803.44172212467,2108.38490840738,1683.35853263647,2557.87314102948,1020.38205849574,2010.80478172298,878.004808301185,987.863600402404,2315.41202065637,1711.63730249723,1674.49297558993,1008.30567899819,1569.08817795559,1475.27698761961,1300.60591510265,1575.97645616932,1375.37334585923,1718.29221181963,2386.65978891002,2295.74197086694,1556.96501123179,1670.00181502895,1953.72668149872,1790.39916479538,1168.81465031886,1131.44437017469,1689.57012955959,1208.75103859314,979.056884762065,1239.50527509971,2142.1978807057,1551.8007003156,1211.20695469437,1169.20744840255,1e+09,898.112098070169,1025.43762418784,696.732079281556,1027.85195529317,787.68793109962,1230.06125087331,666.701319782705,1053.82678306257,1725.78243651974,782.609893497392,1380.75375719206,1492.66262487543,1389.67846824364
3213.90811506801,3694.62351321484,4323.48413247927,4713.31527576928,4609.9577675072,1878.66339174957,1200.06979472029,2356.38452106188,1879.33415280519,2750.99051570521,1119.31199984633,2159.2659398277,1170.58424203472,1074.43183874083,2625.20636234564,2155.31463795892,2310.43310342455,1480.4639311378,1367.14604000451,1444.57867335081,870.430408418732,2164.25746525223,1576.69233872687,2238.05503120455,2811.47533382386,2480.01084265775,1457.85192125264,1445.32105094335,1981.72131706252,1920.8441280333,1391.59185291521,1515.89891711156,1662.68430028072,1550.58962862519,890.529323436348,1683.41309567794,2566.72838457831,2072.66876195884,1487.55103777988,1351.23268140613,898.112098070169,1e+09,1351.09356004682,831.215296659055,960.393605611783,1142.81673898311,1000.12538783894,1012.25920657705,672.627997038482,2181.37919557788,1123.32289129172,1766.33989999094,1692.58135272725,1518.7828679571
3243.65169053337,3425.44753528645,4053.0022383907,4388.78218889933,4463.81772459405,1919.70032195132,1815.52170364334,2335.19595809431,1911.49162051525,2529.66972225625,1643.67183087136,1435.03877247272,1205.37756205265,1436.82554087126,2350.95607579129,2080.58893138457,2067.2400202202,1208.71841303093,1416.85133119181,953.28896516219,1065.98896068393,1321.15136244868,1117.38947847203,1756.92358140586,2272.2348605943,2536.20839571594,1768.8727401088,1709.63491164049,1990.35513336188,1978.96659309853,1681.25948172791,1542.89923063692,1462.54675494495,1035.38805681735,1478.83018223865,1810.78409063588,1806.46216943505,1382.51950365989,1258.0714807196,1249.97465810312,1025.43762418784,1351.09356004682,1e+09,835.65983198907,1023.03249708892,1095.90616281687,1522.77494752179,1310.08954850422,1358.17659389344,1201.24391923539,860.406871834483,1300.97857257528,1266.23834525732,1444.99312289021
3418.18022203336,3595.41515664047,4170.7467714787,4562.41076842057,4616.4723011841,1680.8003869288,1365.73065777993,2051.69400727789,1611.42821692435,2462.04578164176,1195.76606909546,1730.14331715613,904.553822555629,1033.57736348084,2526.86282597612,1737.84622472761,1846.14842209396,1169.88660365011,1063.1517164074,894.856599740987,1040.00822415017,1383.88990526703,912.419373205107,1807.92654223008,2435.31064447639,2434.83240875014,1327.06825208804,1270.18625417692,1587.73831442716,1664.7813833654,1116.23424177007,1207.25136417401,1384.03452579768,928.308348125772,839.905494028941,1447.11267926862,1933.54178548073,1356.88534534057,1097.75394866063,1119.31976311508,696.732079281556,831.215296659055,835.65983198907,1e+09,550.429348327285,630.157165396062,1157.87012294126,665.513446370545,661.073999488711,1628.78013031225,844.274876861796,1378.15105663349,1301.01586723606,1400.38499706331
