1e+09,1752.92288823553,2475.80518167323,2075.7521553885,1904.26488632753,2884.76250599594,1763.19131457707,1195.9610242395,2052.25162599521,1353.91441025642,1827.30603922824,1349.31094311133,1800.63051751324,1210.76009316462,1615.05186625693,2037.26669812767,1244.24093575159,2030.12862838787,1447.3854575406,1236.79100688031,1569.49492194145,1321.09823650628,1862.33282114127,1218.17605320413,1625.90303425512,1535.17649688888,1748.9863809647,1034.35323376495,1463.02569020506,1493.38606307947,2178.39454417697,2132.86890455086,1602.67743616737,1370.83084051242,1386.26766098759,1959.65786110739,1281.91526475037,1161.36295971587,1519.76024530187,1304.15805652536,1427.259052625,2633.1772473003,1450.75719832783,2018.2343062935,2032.79289963341,2997.37116452067,2492.82491071876,1858.28607138406,2698.40386906779,2456.51844259309,2094.04603160962,1500.86676090851,1660.90291498329,1861.52377763487
1752.92288823553,1e+09,1444.19805064956,1313.84099193928,988.318825885656,1503.32043660026,2435.51083567698,2022.60743981624,1268.9718960245,1126.58459859879,861.377520777041,1491.48313369612,1785.06385048267,1983.40677660938,2280.95398918961,1580.29674504506,937.191744361847,1507.58791979108,1422.9055242004,1665.04962874985,1522.43033571326,1854.88451187668,1339.3041069899,1225.99493616409,1247.33243616127,1303.58551576028,939.197205649592,1382.64279620588,2172.97042950428,1674.2295818973,1556.38142696448,1313.58819342289,1878.54664474961,2142.67317027119,2077.65873121646,2800.20848611313,1547.61660830452,1625.52985844616,2099.11690691586,2240.38407080125,1961.84680915713,2788.30986735693,1890.12501041598,2064.87073057855,1834.75585659237,2506.33057843534,2318.31298551339,2044.33576948602,2768.31694343332,2626.28238719678,2267.32949246465,2201.01424154865,2202.45982844183,2141.73258648226
2475.80518167323,1444.19805064956,1e+09,1021.48893591659,1073.83113733026,1484.84434079805,2452.45163760674,2969.19780929126,1374.45312346402,1539.25990602627,1282.14582290783,1758.42032062872,2054.43602523904,2805.50018189271,2981.57091005731,2121.59857883154,1547.56473066557,2315.14577394168,1560.99708664046,2211.60528257191,2582.93534646146,2215.41680130399,1555.23268898901,1715.61202700377,1717.00816107554,2165.03001184741,1431.2976118893,2260.92894788846,3065.06592297784,2632.00504361219,2211.9701028947,2038.46198409487,2572.23868250985,3001.21585320017,3021.64716714245,3433.66567300895,2453.61293165813,2533.16858155947,3017.38471972004,2670.12952580956,2628.65314225746,3792.75779876596,2704.0382931645,2762.58589895409,2381.03678409217,2944.27133184087,2933.51067155039,2702.17335940905,3660.14807419044,3496.17577069575,3043.94084576228,2855.84624995815,2840.77968371361,2787.44377476928
2075.7521553885,1313.84099193928,1021.48893591659,1e+09,1031.87659431736,1464.22709556954,1990.70244652484,2556.52664333857,988.481149744394,1160.6056211737,695.550926963655,1255.83835154052,2051.27065469187,2085.6133258109,2640.10129894669,1353.56244942744,1015.79496937128,2249.64075238692,1342.47272854982,1925.69921719359,2413.03092462571,1877.1594698107,1056.14734724848,1151.40303699443,1134.15769732432,1899.28320816038,1102.11380809788,1855.33058811631,2479.9179387633,2366.25500709454,2010.05702085787,1879.56221737936,2361.08915138755,2607.51286184747,2609.27072188763,2649.074466526,1899.69145689504,1848.79116668162,2667.28487942327,2289.32499706791,2015.35289517742,3214.43691714428,2176.45039366855,2461.44513387969,1965.88101699976,2243.86632139707,2448.31534029014,2153.18127659981,3193.08705409045,3081.7381919949,2457.41595243866,2285.84662989449,2481.62978431514,2307.82929960168
1904.26488632753,988.318825885656,1073.83113733026,1031.87659431736,1e+09,1339.38445395637,2004.89423967949,2419.64940571976,1232.29225717765,1139.95047155567,1040.46794121684,1617.77091446842,2034.21583429586,2296.58341879846,2767.71103423027,1949.79218087467,981.954739130068,1959.85103400743,1524.77165057592,2072.90770889589,2242.24091870165,2058.96994849366,1342.30510302241,1358.26284227317,1262.98672213923,1855.15419841586,1359.81606759885,1746.69303499499,2656.89197222996,2159.73339083786,2163.29961715894,2084.84257086716,2484.23807077744,2360.64456236003,2580.20085931309,3123.34277550512,1864.54009195297,2070.10888759505,2738.34909953059,2533.88174177486,2404.54870597374,3463.73711479379,2329.80264589085,2727.33417618744,2353.79746267601,2862.10175004314,2867.73600932861,2559.82807606292,3325.48546637931,3235.73296711889,2917.15724691008,2669.49440001286,2689.1896928443,2618.14248493087
2884.76250599594,1503.32043660026,1484.84434079805,1464.22709556954,1339.38445395637,1e+09,2632.81961497555,3230.60560215883,1769.90357437912,2109.37148352299,1585.97174287564,2425.13320681566,2958.11595982984,2850.69160415503,3259.86826259897,2172.54342246594,1865.14656995101,2611.92944230888,2351.54373765406,2828.2873334405,2781.09714756605,2951.88629955491,2096.86302416252,2167.09902468715,2000.36997417978,2171.08465302484,1719.17273361347,2473.68763820334,3297.06279545901,2911.74131996646,2423.69686737018,2377.35820552983,3236.73476092806,3262.90886732989,3258.78397892527,3587.33999687791,2298.29304584946,2670.60332119916,3306.34909632967,3207.6077266399,3025.91492089583,3648.39947060351,2905.63193833975,3228.46729549797,2789.2845793859,2660.66345656492,2921.02334165614,2885.54204445196,3483.15628538256,3493.78244460069,3188.30261645597,3229.1652178543,3265.85199594225,2949.07898834534
1763.19131457707,2435.51083567698,2452.45163760674,1990.70244652484,2004.89423967949,2632.81961497555,1e+09,2508.66613460221,2346.65575289602,1944.66357838573,2228.7521695783,2133.68767930079,2762.60120763023,2033.90931931588,2377.86055097855,2356.20831712733,1747.29471629717,2994.74579108144,1951.54305074216,2342.24513048912,2809.71839766906,2292.05139399185,2332.97559522169,1893.28523123168,2102.82250720312,2078.70692768365,2116.41998095841,1956.08832183008,2494.69975804705,2604.65275754754,2988.52656292361,3005.98077645217,3016.39056662097,2517.55377573151,2623.88632206123,2499.35471724203,1833.83563167477,2220.28952733647,2814.98110370212,2085.43206017362,2437.25921832291,3466.19469362297,2386.69456795376,3132.54009294374,2831.44538372189,3049.37691453517,2931.51136874821,2528.98024691772,3414.44682392331,3245.46443132566,2936.2839803568,2509.02102326784,2725.83268859261,2562.11606577454
1195.9610242395,2022.60743981624,2969.19780929126,2556.52664333857,2419.64940571976,3230.60560215883,2508.66613460221,1e+09,2247.91126397374,1714.04717309647,2064.37040302849,1894.80785888702,2050.38114249522,1498.95717900813,1519.43311376316,2329.7254063945,1694.81250765387,1783.61892249998,1706.09102553176,1358.46464885914,1150.64325640052,1509.94885449806,2209.65857435035,1465.19970553505,1678.34078836808,1735.54752406841,1948.6721109258,876.20005289888,1455.2575560704,1224.27916722453,1781.22610883627,2100.52676738479,1661.07874223349,1051.02267891801,520.475849775953,2158.97758313976,1305.96211725302,1248.08191465945,1166.65261877733,1432.27434086491,1414.68732114203,1896.80263195726,984.171287327567,1630.83239709052,1595.43611514219,2778.02647777159,2163.65214357576,1515.58549386038,1827.32222164018,1593.90947500164,1840.87763471666,1546.50022622048,1240.78765592667,1527.42253302745
2052.25162599521,1268.9718960245,1374.45312346402,988.481149744394,1232.29225717765,1769.90357437912,2346.65575289602,2247.91126397374,1e+09,881.350373971668,742.985459615463,1407.26826248587,2214.44748824622,2209.00040805791,2657.17439215043,1689.53345646069,1252.6771220071,1487.55984222484,1327.68487936709,2002.14082014727,2202.91627521338,1469.68225018199,1534.61569518235,1026.9782966548,1143.05114679965,1935.2215898961,1193.14634710081,1631.33988530901,2331.86001067817,1906.71898789518,1497.77325423443,1557.57885732954,2306.27876719186,2047.6788435934,2229.72498988104,2634.10260874553,1759.77737444257,1799.34751468414,2580.2943722374,2221.7521583651,1810.57480461316,2882.13698208465,1747.84765677676,2399.21733402791,1766.89122076035,2530.45090545144,2624.56117274869,2068.64514779602,2816.83088544556,2810.5822188294,2400.57045118447,2333.45486607305,2186.57814079442,2271.1185517053
1353.91441025642,1126.58459859879,1539.25990602627,1160.6056211737,1139.95047155567,2109.37148352299,1944.66357838573,1714.04717309647,881.350373971668,1e+09,831.464034038755,1157.61446470749,1601.55509218384,1843.57452290381,2119.96955171531,1512.40966500482,744.33990374022,1345.92346190265,781.098998078989,1494.69306989763,1799.84096500219,1029.85928640761,1254.74671324535,713.644328710038,1019.57244367431,1514.72562852155,993.995441186729,1077.41574617229,1750.31105855502,1328.41733468816,1671.53191366483,1471.42366798281,1811.91532619491,1591.88382365046,1783.75812598009,2340.4595950582,1502.53155471025,1454.01783293741,2115.26672656193,1764.91277334037,1485.01186439705,2733.67785691731,1475.83795878816,2047.95737592363,1630.06674792783,2605.60094193259,2457.40328668292,1873.58141045432,2796.82870110059,2601.68863753909,2186.19732357352,1963.42495835721,1931.57750973136,2099.20471969744
1827.30603922824,861.377520777041,1282.14582290783,695.550926963655,1040.46794121684,1585.97174287564,2228.7521695783,2064.37040302849,742.985459615463,831.464034038755,1e+09,1139.86531432446,1777.8124027017,1855.69416833701,2340.33945322041,1192.67532660821,744.476974257767,1692.28606411564,1120.49934872806,1603.45683817807,1879.68444889029,1575.97700595535,916.19728896128,812.117086016542,762.308370936592,1588.31261198796,772.892861915544,1410.14559205778,2096.68406518483,1841.41844847932,1491.56956689924,1386.6739370162,1946.70953858042,2160.77854601067,2107.94726876647,2491.24875598564,1575.30129645094,1466.80279001644,2229.81012375493,2079.84582880559,1660.65816732403,2718.75697540255,1721.46935549257,2001.60774041769,1495.56179604856,2078.79509242734,2150.19739035745,1795.66180382053,2716.1416541484,2600.01308139017,2085.28951201026,2007.89315482672,2089.17363232451,1986.98493806571
1349.31094311133,1491.48313369612,1758.42032062872,1255.83835154052,1617.77091446842,2425.13320681566,2133.68767930079,1894.80785888702,1407.26826248587,1157.61446470749,1139.86531432446,1e+09,1626.58440838464,1408.35668997595,2142.15254711237,1556.32036146161,1057.20378073482,2124.52931926109,1208.32431701923,1129.51184088526,1895.91462524028,1197.90376328819,1160.08533880056,759.575969735747,1143.33615179439,1851.83550694979,1393.22247082079,1531.82245237495,1958.40019132965,2058.4862971611,1775.88828429606,1764.32286370721,1457.89141001653,2077.40713686557,1958.6326497585,2042.12530688007,1656.85839612201,1146.58169608624,1876.89821013288,1554.02953575535,1250.26332342431,2825.71155525471,1656.93410602232,1826.42977809167,1605.65394465931,2509.19653927308,2287.07510779598,1710.09561419822,2834.25270006046,2689.6903242195,1922.10520854089,1392.2480924749,1679.96786921655,1746.26509284816
1800.63051751324,1785.06385048267,2054.43602523904,2051.27065469187,2034.21583429586,2958.11595982984,2762.60120763023,2050.38114249522,2214.44748824622,1601.55509218384,1777.8124027017,1626.58440838464,1e+09,2348.21452465485,2116.28374002637,2069.17863528019,1513.51547002335,2242.86213053768,1254.18744639707,1187.63338109873,1807.69537439249,1776.8688118429,1346.75821634769,1679.8901389079,1770.78850414159,1986.40554922705,1664.0886229405,1786.80679727832,2175.79366916994,1961.55066592734,2271.23050166644,1888.28066097177,1227.87641137046,2498.87776097591,2218.74023294752,2977.97331284214,2432.10757122295,2035.06050666805,1965.29118493927,2035.9998018664,2035.24620832468,3212.80327936523,2289.70974363564,1601.72367126792,1793.7269238655,2929.23401702561,2430.46908445674,2226.00838365447,3316.82408041186,2837.52184840928,2405.81616835119,2054.93469137099,2211.9573146876,2351.45505989377
1210.76009316462,1983.40677660938,2805.50018189271,2085.6133258109,2296.58341879846,2850.69160415503,2033.90931931588,1498.95717900813,2209.00040805791,1843.57452290381,1855.69416833701,1408.35668997595,2348.21452465485,1e+09,1686.89375945849,1687.68400753814,1486.56828366544,2537.50617961809,1906.75569774945,1443.6105600542,1782.95365093992,1812.99123867161,1917.89839676141,1347.46871466465,1612.78946518137,1703.26047632181,1849.1807336764,1391.2618054845,1501.88646095502,2069.04509752688,2114.96969209963,2245.56208201866,1853.68333730441,1930.37343493429,1547.21783563272,1338.66954189598,1082.87691248821,597.952862690697,1448.0821798503,1465.8750875842,1203.26718043002,2112.00092128294,1386.25349272779,1913.12702706851,1854.1161669108,2247.61952574274,1918.47612429762,1389.12476088363,2230.01624348344,2137.56327050219,1501.01751185654,1012.07141595838,1594.5853025787,1343.20703247861
1615.05186625693,2280.95398918961,2981.57091005731,2640.10129894669,2767.71103423027,3259.86826259897,2377.86055097855,1519.43311376316,2657.17439215043,2119.96955171531,2340.33945322041,2142.15254711237,2116.28374002637,1686.89375945849,1e+09,2123.15950521858,1974.09218738639,2458.19473347821,1712.17499695563,1318.21921363634,1375.44515285052,1890.03050515064,2469.54593830526,1900.55135071379,2253.23192479159,1219.32679126639,1780.33350698682,1329.19362423238,1404.77037394017,1730.4572631244,2077.24885678149,1997.48950592988,1693.88586277234,2196.29905295249,1322.45720407127,1982.68586233422,1601.61799518487,1632.20733704392,983.888072953423,1021.32730361036,1554.97224791956,1903.42482630652,1494.85626379261,1429.43964748429,1694.37505184065,2519.56357736811,1567.25078369736,1217.1850027009,2144.63158917796,1524.50441885224,1398.73580243018,1315.20190765525,1382.07368967794,1340.29837707878
2037.26669812767,1580.29674504506,2121.59857883154,1353.56244942744,1949.79218087467,2172.54342246594,2356.20831712733,2329.7254063945,1689.53345646069,1512.40966500482,1192.67532660821,1556.32036146161,2069.17863528019,1687.68400753814,2123.15950521858,1e+09,1291.49039566696,2351.18615436975,1596.48030899225,1815.46697590455,2183.19148104329,1945.20034196995,1361.02827972089,1455.94255982164,1573.20802314888,1577.86052295505,1143.68464259165,1731.68370446222,1649.10721643561,2065.44420934093,2075.8597076874,1536.10163866197,2012.01664816671,2563.15170116792,2276.31575054956,1925.91475473345,1799.97757011025,1422.50194506018,2190.93345738751,2114.89389022239,1528.110067698,2433.41818354347,1889.37144500493,1958.69854112367,1676.86610810166,1671.0703676985,1845.41174278262,1667.81622129058,2853.00482763349,2584.58897651058,1617.93728197356,1768.07282471622,2294.84352736739,2043.38699917563
1244.24093575159,937.191744361847,1547.56473066557,1015.79496937128,981.954739130068,1865.14656995101,1747.29471629717,1694.81250765387,1252.6771220071,744.33990374022,744.476974257767,1057.20378073482,1513.51547002335,1486.56828366544,1974.09218738639,1291.49039566696,1e+09,1819.16125986676,958.907833266576,1292.13197866936,1656.54932579745,1495.05346837496,864.29487936699,693.013075922814,747.027261885401,1316.59573066299,887.990119877468,1038.81164548728,1811.59812469543,1632.89859942374,1790.48102176482,1670.91105993108,1775.48577775211,1896.37555418224,1850.80755490678,2315.59123517084,1288.48277574828,1230.94116731873,1934.77260333094,1783.34126975181,1584.1626866266,2713.26661695824,1622.46325816642,1935.65118616449,1632.13947302306,2248.21689036,2111.26680997452,1749.92241739455,2721.18713189667,2514.90650283465,2073.85069677159,1791.37707906515,1983.45232163518,1872.39925894559
2030.12862838787,1507.58791979108,2315.14577394168,2249.64075238692,1959.85103400743,2611.92944230888,2994.74579108144,1783.61892249998,1487.55984222484,1345.92346190265,1692.28606411564,2124.52931926109,2242.86213053768,2537.50617961809,2458.19473347821,2351.18615436975,1819.16125986676,1e+09,1701.30842391966,2107.84319661117,1676.31870895722,1543.13789626851,2290.24153165119,1654.60997198736,1860.85582310936,1868.9760273476,1685.41352682361,1460.18682112941,2094.38765647623,1028.99436723434,1451.1537316563,1399.21932976928,2110.40316920725,1445.12579518186,1703.7197277428,2939.68217615442,1902.89261993419,2035.98950228138,2272.16388392211,2303.03463056898,1974.82790326145,2538.99522510382,1589.45940014207,2252.17309350325,1913.03096477815,3183.11948071385,2865.6784239513,2244.29087849592,2556.30034158743,2454.87076001976,2481.18148878715,2530.44267850509,2056.4663080148,2458.97036653556
1447.3854575406,1422.9055242004,1560.99708664046,1342.47272854982,1524.77165057592,2351.54373765406,1951.54305074216,1706.09102553176,1327.68487936709,781.098998078989,1120.49934872806,1208.32431701923,1254.18744639707,1906.75569774945,1712.17499695563,1596.48030899225,958.907833266576,1701.30842391966,1e+09,1084.39666155886,1650.54182209964,1045.18157886561,1298.09550696395,867.511188688653,1179.92161726955,1393.00912879277,874.452900446902,1085.44873204588,1787.12406953183,1504.31268082803,1614.51910673116,1467.08870675907,1577.14509938052,1930.79462703831,1731.10789346014,2373.18818804999,1645.19694283086,1572.41565570303,1850.55241198405,1378.69114579735,1451.13591665288,2679.27703323117,1509.18766029941,1647.4679323738,1308.53797526094,2431.91690038949,2069.41870205138,1578.62200409091,2701.32932766444,2344.03680412659,1978.8918278673,1728.21912751248,1668.8391997733,1794.2338851443
1236.79100688031,1665.04962874985,2211.60528257191,1925.69921719359,2072.90770889589,2828.2873334405,2342.24513048912,1358.46464885914,2002.14082014727,1494.69306989763,1603.45683817807,1129.51184088526,1187.63338109873,1443.6105600542,1318.21921363634,1815.46697590455,1292.13197866936,2107.84319661117,1084.39666155886,1e+09,1163.8623413875,1331.04916723613,1501.99812316794,1127.44776309149,1422.7319269982,1474.52757020681,1383.36959482996,1174.47949352043,1681.05950064238,1735.8946235587,1631.32328659895,1671.13988908769,875.850891248048,2021.76979327519,1413.90049041649,2163.5094719691,1597.45005064321,1196.8342405279,1016.78669980483,1065.69233285222,1237.61100916241,2393.60299231096,1453.35700252897,996.154741393123,1189.13793426162,2410.22943086338,1700.83498047283,1260.16002634586,2386.8122985899,1985.01493019574,1546.88438313922,1030.5818654042,1169.17655813825,1240.35025367837
1569.49492194145,1522.43033571326,2582.93534646146,2413.03092462571,2242.24091870165,2781.09714756605,2809.71839766906,1150.64325640052,2202.91627521338,1799.84096500219,1879.68444889029,1895.91462524028,1807.69537439249,1782.95365093992,1375.44515285052,2183.19148104329,1656.54932579745,1676.31870895722,1650.54182209964,1163.8623413875,1e+09,1802.5697147406,2105.19625553059,1586.82801380616,1770.60066886918,1235.10382640489,1555.01957904073,1067.98088681399,1784.89085946452,1363.06994244609,1353.51803818789,1529.16543074973,1331.98382197383,1827.82637558932,1099.24106241534,2570.66755050123,1434.72877450757,1465.29062359656,897.759390037219,1620.2066624971,1671.22354928956,1977.39046794001,1389.5069772045,1227.69829652892,1446.56593351288,2615.08258682207,1800.5646387453,1458.08127252907,1885.88286248112,1533.90830625563,1695.92038371499,1632.60309071127,1316.57228757102,1413.03254537891
1321.09823650628,1854.88451187668,2215.41680130399,1877.1594698107,2058.96994849366,2951.88629955491,2292.05139399185,1509.94885449806,1469.68225018199,1029.85928640761,1575.97700595535,1197.90376328819,1776.8688118429,1812.99123867161,1890.03050515064,1945.20034196995,1495.05346837496,1543.13789626851,1045.18157886561,1331.04916723613,1802.5697147406,1e+09,1877.19587800528,1022.81258268561,1575.39916360902,1836.06819870614,1557.93962633345,1260.18233129179,1540.61455656501,1384.40552010601,1638.80789752796,1598.06062647823,1500.29901236387,1398.38291694371,1427.53753057494,1957.32638410154,1703.29590755688,1416.26213022166,1801.72413740284,1212.44708787642,994.769615338145,2488.44475574605,1147.14956269878,1793.63721521382,1498.05868713479,2899.14562480052,2504.85008717089,1647.44926598666,2603.85667687375,2376.58619189374,1899.24261235894,1547.78599305589,1336.3295791458,1865.24811421966
1862.33282114127,1339.3041069899,1555.23268898901,1056.14734724848,1342.30510302241,2096.86302416252,2332.97559522169,2209.65857435035,1534.61569518235,1254.74671324535,916.19728896128,1160.08533880056,1346.75821634769,1917.89839676141,2469.54593830526,1361.02827972089,864.29487936699,2290.24153165119,1298.09550696395,1501.99812316794,2105.19625553059,1877.19587800528,1e+09,1163.4205243591,943.652770620634,1964.71133683806,1291.16166265112,1733.45234687891,2260.22594947939,2211.43656877153,2099.29671342571,1908.87625908543,1838.89245354371,2513.01551666519,2393.17350290362,2681.33816462974,2025.85470715449,1640.29856431687,2302.91796503914,2248.69029056916,1907.60814644937,3111.55068138059,2166.96463819786,1989.13527267504,1718.38721093355,2194.28482996169,2238.44089566823,2074.7303211261,3144.62691569286,2910.95768085007,2309.8745937388,2034.83242496772,2368.5793926529,2206.63494126237
1218.17605320413,1225.99493616409,1715.61202700377,1151.40303699443,1358.26284227317,2167.09902468715,1893.28523123168,1465.19970553505,1026.9782966548,713.644328710038,812.117086016542,759.575969735747,1679.8901389079,1347.46871466465,1900.55135071379,1455.94255982164,693.013075922814,1654.60997198736,867.511188688653,1127.44776309149,1586.82801380616,1022.81258268561,1163.4205243591,1e+09,642.39682019761,1496.32842056816,1017.8772881836,946.027808259355,1729.79990183836,1583.40034356444,1392.48968193664,1571.9661167468,1634.14793088019,1619.89182574023,1535.13647663652,2032.96676254188,1157.46051146465,985.97409793564,1752.8460295759,1424.56014741393,1149.85708638074,2438.37882670023,1175.24571596752,1740.23205633617,1285.28528996484,2237.42646697048,2042.15256043715,1412.44393648031,2367.09110137316,2246.53070751325,1810.14132732779,1477.66848751674,1484.95930004832,1520.59465298942
1625.90303425512,1247.33243616127,1717.00816107554,1134.15769732432,1262.98672213923,2000.36997417978,2102.82250720312,1678.34078836808,1143.05114679965,1019.57244367431,762.308370936592,1143.33615179439,1770.78850414159,1612.78946518137,2253.23192479159,1573.20802314888,747.027261885401,1860.85582310936,1179.92161726955,1422.7319269982,1770.60066886918,1575.39916360902,943.652770620634,642.39682019761,1e+09,1772.79345959985,1182.30042831761,1225.015335904,2116.14204074301,1882.28998222909,1549.26731783124,1850.2586519187,1953.62996358062,1928.84282109767,1852.54435544739,2457.62216986257,1401.60151212818,1295.94639449323,2052.46941219595,1926.63370301674,1626.49666722683,2628.31939255867,1559.35059300338,1922.31502124392,1395.35645711051,2052.28361210141,2054.11359493578,1671.12060806514,2439.62265988001,2373.16576037158,2108.25530534136,1862.43941394076,1883.30670545188,1734.06152367787
1535.17649688888,1303.58551576028,2165.03001184741,1899.28320816038,1855.15419841586,2171.08465302484,2078.70692768365,1735.54752406841,1935.2215898961,1514.72562852155,1588.31261198796,1851.83550694979,1986.40554922705,1703.26047632181,1219.32679126639,1577.86052295505,1316.59573066299,1868.9760273476,1393.00912879277,1474.52757020681,1235.10382640489,1836.06819870614,1964.71133683806,1496.32842056816,1772.79345959985,1e+09,974.203285459457,1023.05519108208,1579.82094308184,1420.19015121215,1715.68224951475,1409.53841153762,1838.92198763297,2087.36155188793,1618.49692637953,2275.5450647702,1177.38516153381,1516.32673167758,1529.01910295457,1588.86795952338,1697.52246503544,2184.82997372793,1536.76840568122,1771.87644696237,1732.42261604956,2324.79414067138,1753.08062162012,1495.03077148934,2347.72555632041,1969.32515933758,1710.60581371045,1767.98834883039,1809.62237629844,1666.47281126936
1748.9863809647,939.197205649592,1431.2976118893,1102.11380809788,1359.81606759885,1719.17273361347,2116.41998095841,1948.6721109258,1193.14634710081,993.995441186729,772.892861915544,1393.22247082079,1664.0886229405,1849.1807336764,1780.33350698682,1143.68464259165,887.990119877468,1685.41352682361,874.452900446902,1383.36959482996,1555.01957904073,1557.93962633345,1291.16166265112,1017.8772881836,1182.30042831761,974.203285459457,1e+09,1163.15898302855,1841.50772156948,1600.44214072237,1389.27061204792,1082.27401474858,1783.87480188493,2198.9240593754,1890.90194000112,2390.46321778855,1432.69666391738,1502.01899481997,1898.01634350182,1740.5683291385,1579.19178046873,2446.60866631752,1577.60010043737,1699.464045898,1324.1530064158,1977.39385295393,1754.86541794521,1478.25434012554,2522.63915937258,2234.24472715054,1783.86127310954,1827.29341852916,1867.98805188898,1730.72945312085
1034.35323376495,1382.64279620588,2260.92894788846,1855.33058811631,1746.69303499499,2473.68763820334,1956.08832183008,876.20005289888,1631.33988530901,1077.41574617229,1410.14559205778,1531.82245237495,1786.80679727832,1391.2618054845,1329.19362423238,1731.68370446222,1038.81164548728,1460.18682112941,1085.44873204588,1174.47949352043,1067.98088681399,1260.18233129179,1733.45234687891,946.027808259355,1225.015335904,1023.05519108208,1163.15898302855,1e+09,1332.78644080738,959.519951955143,1467.19021578662,1587.85076080846,1650.67531247063,1242.6354953485,921.506716470368,2068.1131396517,840.898666665609,1085.1822856092,1340.61995942176,1280.66099401832,1277.44512277436,1996.15642731225,878.821512083085,1611.91790668756,1370.29620454849,2378.71384039779,1891.03698316559,1295.00232204425,1990.32344014735,1718.22874024386,1704.40228405738,1531.05795037288,1355.57978341372,1438.70051459642
1463.02569020506,2172.97042950428,3065.06592297784,2479.9179387633,2656.89197222996,3297.06279545901,2494.69975804705,1455.2575560704,2331.86001067817,1750.31105855502,2096.68406518483,1958.40019132965,2175.79366916994,1501.88646095502,1404.77037394017,1649.10721643561,1811.59812469543,2094.38765647623,1787.12406953183,1681.05950064238,1784.89085946452,1540.61455656501,2260.22594947939,1729.79990183836,2116.14204074301,1579.82094308184,1841.50772156948,1332.78644080738,1e+09,1267.43420468283,2215.47356524514,1803.46258447465,1680.4058019419,1664.02438699077,1300.9223955717,1363.72947529926,1643.62672149123,1252.99657317967,1501.49796243618,1520.45685358053,1066.68960728977,1775.81146946966,1258.58088508447,1744.4103662556,1788.77545382309,2601.53783733775,2150.78556688016,1533.93478013245,2441.21247375152,2029.989154306,1384.12674719478,1396.26134888852,1730.36799039973,1919.3241804604
1493.38606307947,1674.2295818973,2632.00504361219,2366.25500709454,2159.73339083786,2911.74131996646,2604.65275754754,1224.27916722453,1906.71898789518,1328.41733468816,1841.41844847932,2058.4862971611,1961.55066592734,2069.04509752688,1730.4572631244,2065.44420934093,1632.89859942374,1028.99436723434,1504.31268082803,1735.8946235587,1363.06994244609,1384.40552010601,2211.43656877153,1583.40034356444,1882.28998222909,1420.19015121215,1600.44214072237,959.519951955143,1267.43420468283,1e+09,1769.52660745749,1487.48390969449,1770.62588256243,1136.87914304908,1148.70741953728,2392.16894303057,1590.88044396806,1653.68501438454,1721.85944420559,1806.18665973371,1587.54417944824,2116.15231098804,1243.46260792193,1887.06235601795,1765.70091391493,2963.32534118345,2481.79196346108,1871.74049892072,2387.68912947226,2055.58760027395,2040.00393717757,2051.34962480802,1789.57838570989,2154.62841364816
2178.39454417697,1556.38142696448,2211.9701028947,2010.05702085787,2163.29961715894,2423.69686737018,2988.52656292361,1781.22610883627,1497.77325423443,1671.53191366483,1491.56956689924,1775.88828429606,2271.23050166644,2114.96969209963,2077.24885678149,2075.8597076874,1790.48102176482,1451.1537316563,1614.51910673116,1631.32328659895,1353.51803818789,1638.80789752796,2099.29671342571,1392.48968193664,1549.26731783124,1715.68224951475,1389.27061204792,1467.19021578662,2215.47356524514,1769.52660745749,1e+09,1226.12288376818,1852.16949383689,2048.47133292121,1570.98640560636,2606.92204695499,1607.92796464891,1655.25530100344,1755.08513397499,1855.65967469792,1595.73653489541,1983.75199463038,1287.12818025246,1561.10746401393,1068.74901866622,2296.69303460432,1890.02278129127,1354.06132697157,1710.94013545185,1703.68251417334,1713.34332683207,1881.874892999,1317.35845224449,1432.88178940204
2132.86890455086,1313.58819342289,2038.46198409487,1879.56221737936,2084.84257086716,2377.35820552983,3005.98077645217,2100.52676738479,1557.57885732954,1471.42366798281,1386.6739370162,1764.32286370721,1888.28066097177,2245.56208201866,1997.48950592988,1536.10163866197,1670.91105993108,1399.21932976928,1467.08870675907,1671.13988908769,1529.16543074973,1598.06062647823,1908.87625908543,1571.9661167468,1850.2586519187,1409.53841153762,1082.27401474858,1587.85076080846,1803.46258447465,1487.48390969449,1226.12288376818,1e+09,1542.82999789348,2256.08712316258,1885.67187805832,2502.556213994,1928.70786917045,1743.65163137595,1870.27374622006,2000.70217868627,1559.87368870047,2232.15681678058,1639.71858149501,1538.8361006618,1370.52581150448,2439.61088698587,2067.40780904494,1664.6793435674,2530.8622649603,2226.93861141254,1657.29145104294,1941.58579352034,1834.99579819682,1997.31565619959
1602.67743616737,1878.54664474961,2572.23868250985,2361.08915138755,2484.23807077744,3236.73476092806,3016.39056662097,1661.07874223349,2306.27876719186,1811.91532619491,1946.70953858042,1457.89141001653,1227.87641137046,1853.68333730441,1693.88586277234,2012.01664816671,1775.48577775211,2110.40316920725,1577.14509938052,875.850891248048,1331.98382197383,1500.29901236387,1838.89245354371,1634.14793088019,1953.62996358062,1838.92198763297,1783.87480188493,1650.67531247063,1680.4058019419,1770.62588256243,1852.16949383689,1542.82999789348,1e+09,2191.82820323583,1640.51563689591,2331.48157213391,2118.0499037086,1493.12247936999,1153.62863201292,1565.91609417619,1371.40638364418,2487.81124985398,1760.27102791019,967.611041224727,1480.65367145731,2835.63693844963,2125.59990560312,1690.05596993117,2713.16749446104,2283.61034416995,1634.47889857899,1286.03898230186,1468.62338970888,1780.48506118417
1370.83084051242,2142.67317027119,3001.21585320017,2607.51286184747,2360.64456236003,3262.90886732989,2517.55377573151,1051.02267891801,2047.6788435934,1591.88382365046,2160.77854601067,2077.40713686557,2498.87776097591,1930.37343493429,2196.29905295249,2563.15170116792,1896.37555418224,1445.12579518186,1930.79462703831,2021.76979327519,1827.82637558932,1398.38291694371,2513.01551666519,1619.89182574023,1928.84282109767,2087.36155188793,2198.9240593754,1242.6354953485,1664.02438699077,1136.87914304908,2048.47133292121,2256.08712316258,2191.82820323583,1e+09,1133.44572529963,2297.71103568312,1541.15185990869,1636.0686602646,2003.34886699746,1878.35342715369,1669.78737939895,2342.9965034545,1197.361693725,2396.6195052198,2152.59830430575,3331.24800043467,2946.69282722173,2133.5579125489,2354.84367640402,2318.41887472907,2402.55506500892,2146.69117315463,1782.15221305589,2246.32956860742
1386.26766098759,2077.65873121646,3021.64716714245,2609.27072188763,2580.20085931309,3258.78397892527,2623.88632206123,520.475849775953,2229.72498988104,1783.75812598009,2107.94726876647,1958.6326497585,2218.74023294752,1547.21783563272,1322.45720407127,2276.31575054956,1850.80755490678,1703.7197277428,1731.10789346014,1413.90049041649,1099.24106241534,1427.53753057494,2393.17350290362,1535.13647663652,1852.54435544739,1618.49692637953,1890.90194000112,921.506716470368,1300.9223955717,1148.70741953728,1570.98640560636,1885.67187805832,1640.51563689591,1133.44572529963,1e+09,1966.80293479037,1270.40183127229,1248.36995474098,1026.43316806307,1258.69406556955,1218.2765305135,1526.95834566631,683.40629350336,1506.4072250225,1459.36010850646,2705.50464098659,2026.0065079856,1264.98110246754,1565.7505017403,1297.13362777318,1543.24351014349,1415.59200227325,952.737421066266,1354.1206746077
1959.65786110739,2800.20848611313,3433.66567300895,2649.074466526,3123.34277550512,3587.33999687791,2499.35471724203,2158.97758313976,2634.10260874553,2340.4595950582,2491.24875598564,2042.12530688007,2977.97331284214,1338.66954189598,1982.68586233422,1925.91475473345,2315.59123517084,2939.68217615442,2373.18818804999,2163.5094719691,2570.66755050123,1957.32638410154,2681.33816462974,2032.96676254188,2457.62216986257,2275.5450647702,2390.46321778855,2068.1131396517,1363.72947529926,2392.16894303057,2606.92204695499,2502.556213994,2331.48157213391,2297.71103568312,1966.80293479037,1e+09,1887.62606439941,1415.19527104919,2040.03119863398,1668.50756156513,1199.65937027975,2042.16613841773,1638.13802999015,2335.03749466684,2224.00451631736,2588.81182763445,2368.41472641512,1669.86425433327,2596.65098956329,2446.52146501926,1468.16778302073,1321.41382579418,1919.61756305781,1924.30307023088
1281.91526475037,1547.61660830452,2453.61293165813,1899.69145689504,1864.54009195297,2298.29304584946,1833.83563167477,1305.96211725302,1759.77737444257,1502.53155471025,1575.30129645094,1656.85839612201,2432.10757122295,1082.87691248821,1601.61799518487,1799.97757011025,1288.48277574828,1902.89261993419,1645.19694283086,1597.45005064321,1434.72877450757,1703.29590755688,2025.85470715449,1157.46051146465,1401.60151212818,1177.38516153381,1432.69666391738,840.898666665609,1643.62672149123,1590.88044396806,1607.92796464891,1928.70786917045,2118.0499037086,1541.15185990869,1270.40183127229,1887.62606439941,1e+09,1007.54954438975,1581.42226992034,1503.73697041737,1449.42998019911,1943.96553253909,1032.76254458612,2039.41874569692,1743.1343089963,2266.32908848208,1924.57654674996,1348.58500618241,1822.87449090715,1818.33475894842,1734.4362459024,1590.34307965294,1529.87044516848,1342.09791405098
1161.36295971587,1625.52985844616,2533.16858155947,1848.79116668162,2070.10888759505,2670.60332119916,2220.28952733647,1248.08191465945,1799.34751468414,1454.01783293741,1466.80279001644,1146.58169608624,2035.06050666805,597.952862690697,1632.20733704392,1422.50194506018,1230.94116731873,2035.98950228138,1572.41565570303,1196.8342405279,1465.29062359656,1416.26213022166,1640.29856431687,985.97409793564,1295.94639449323,1516.32673167758,1502.01899481997,1085.1822856092,1252.99657317967,1653.68501438454,1655.25530100344,1743.65163137595,1493.12247936999,1636.0686602646,1248.36995474098,1415.19527104919,1007.54954438975,1e+09,1276.71047038865,1377.397027222,802.383046244124,1879.18538454832,1007.84603968066,1555.08429523933,1410.53358293945,2125.76137797731,1800.22934458363,1146.96047434077,2048.02633567052,1929.425982203,1255.74792864651,918.99412207043,1324.7529416461,1244.30656355257
1519.76024530187,2099.11690691586,3017.38471972004,2667.28487942327,2738.34909953059,3306.34909632967,2814.98110370212,1166.65261877733,2580.2943722374,2115.26672656193,2229.81012375493,1876.89821013288,1965.29118493927,1448.0821798503,983.888072953423,2190.93345738751,1934.77260333094,2272.16388392211,1850.55241198405,1016.78669980483,897.759390037219,1801.72413740284,2302.91796503914,1752.8460295759,2052.46941219595,1529.01910295457,1898.01634350182,1340.61995942176,1501.49796243618,1721.85944420559,1755.08513397499,1870.27374622006,1153.62863201292,2003.34886699746,1026.43316806307,2040.03119863398,1581.42226992034,1276.71047038865,1e+09,1214.93397573695,1348.14007525183,1756.20293739078,1348.36043664148,983.123396578477,1464.63857029644,2561.90785819865,1609.46605627456,1165.89096372688,1873.8605332308,1411.80162926666,1233.88042593276,995.688086802288,999.356623833554,1092.10589509443
1304.15805652536,2240.38407080125,2670.12952580956,2289.32499706791,2533.88174177486,3207.6077266399,2085.43206017362,1432.27434086491,2221.7521583651,1764.91277334037,2079.84582880559,1554.02953575535,2035.9998018664,1465.8750875842,1021.32730361036,2114.89389022239,1783.34126975181,2303.03463056898,1378.69114579735,1065.69233285222,1620.2066624971,1212.44708787642,2248.69029056916,1424.56014741393,1926.63370301674,1588.86795952338,1740.5683291385,1280.66099401832,1520.45685358053,1806.18665973371,1855.65967469792,2000.70217868627,1565.91609417619,1878.35342715369,1258.69406556955,1668.50756156513,1503.73697041737,1377.397027222,1214.93397573695,1e+09,1084.85912850471,2176.20262271232,1182.00367651713,1541.74795725501,1531.863299123,2655.53071236241,1925.50295920313,1144.5118222631,2228.37886002358,1856.43106761334,1485.91528375611,985.323006429871,896.848297651281,1187.43259223419
1427.259052625,1961.84680915713,2628.65314225746,2015.35289517742,2404.54870597374,3025.91492089583,2437.25921832291,1414.68732114203,1810.57480461316,1485.01186439705,1660.65816732403,1250.26332342431,2035.24620832468,1203.26718043002,1554.97224791956,1528.110067698,1584.1626866266,1974.82790326145,1451.13591665288,1237.61100916241,1671.22354928956,994.769615338145,1907.60814644937,1149.85708638074,1626.49666722683,1697.52246503544,1579.19178046873,1277.44512277436,1066.68960728977,1587.54417944824,1595.73653489541,1559.87368870047,1371.40638364418,1669.78737939895,1218.2765305135,1199.65937027975,1449.42998019911,802.383046244124,1348.14007525183,1084.85912850471,1e+09,1788.49170878704,847.59034621685,1399.15589317274,1205.28748807079,2297.02187077093,1895.77178215101,1012.45627224093,2126.51851289849,1895.28206278116,1031.59991304769,801.689376691496,1059.65165252549,1324.91818864411
2633.1772473003,2788.30986735693,3792.75779876596,3214.43691714428,3463.73711479379,3648.39947060351,3466.19469362297,1896.80263195726,2882.13698208465,2733.67785691731,2718.75697540255,2825.71155525471,3212.80327936523,2112.00092128294,1903.42482630652,2433.41818354347,2713.26661695824,2538.99522510382,2679.27703323117,2393.60299231096,1977.39046794001,2488.44475574605,3111.55068138059,2438.37882670023,2628.31939255867,2184.82997372793,2446.60866631752,1996.15642731225,1775.81146946966,2116.15231098804,1983.75199463038,2232.15681678058,2487.81124985398,2342.9965034545,1526.95834566631,2042.16613841773,1943.96553253909,1879.18538454832,1756.20293739078,2176.20262271232,1788.49170878704,1e+09,1471.76038674779,1927.14470977143,1817.79405183866,2285.77975566326,1799.06362305506,1401.90059440746,1155.02041968963,1015.53376590835,1284.85132128196,1914.67102038444,1755.23250986871,1673.52565041591
1450.75719832783,1890.12501041598,2704.0382931645,2176.45039366855,2329.80264589085,2905.63193833975,2386.69456795376,984.171287327567,1747.84765677676,1475.83795878816,1721.46935549257,1656.93410602232,2289.70974363564,1386.25349272779,1494.85626379261,1889.37144500493,1622.46325816642,1589.45940014207,1509.18766029941,1453.35700252897,1389.5069772045,1147.14956269878,2166.96463819786,1175.24571596752,1559.35059300338,1536.76840568122,1577.60010043737,878.821512083085,1258.58088508447,1243.46260792193,1287.12818025246,1639.71858149501,1760.27102791019,1197.361693725,683.40629350336,1638.13802999015,1032.76254458612,1007.84603968066,1348.36043664148,1182.00367651713,847.59034621685,1471.76038674779,1e+09,1595.73049102911,1228.17196959546,2364.44633459929,1912.8151252016,994.808021781087,1551.79007803891,1435.65613929659,1333.63363432391,1304.13890629028,924.950014595384,1225.55095789608
2018.2343062935,2064.87073057855,2762.58589895409,2461.44513387969,2727.33417618744,3228.46729549797,3132.54009294374,1630.83239709052,2399.21733402791,2047.95737592363,2001.60774041769,1826.42977809167,1601.72367126792,1913.12702706851,1429.43964748429,1958.69854112367,1935.65118616449,2252.17309350325,1647.4679323738,996.154741393123,1227.69829652892,1793.63721521382,1989.13527267504,1740.23205633617,1922.31502124392,1771.87644696237,1699.464045898,1611.91790668756,1744.4103662556,1887.06235601795,1561.10746401393,1538.8361006618,967.611041224727,2396.6195052198,1506.4072250225,2335.03749466684,2039.41874569692,1555.08429523933,983.123396578477,1541.74795725501,1399.15589317274,1927.14470977143,1595.73049102911,1e+09,893.202166085596,2208.2067954338,1354.48830581884,1133.10275985896,2106.94140172431,1565.49780846222,1168.67347364437,1220.96900873855,1251.17292525854,1291.19591658276
