1e+09,5511.7268660829,6226.88877706997,6069.91851538388,6103.231127321,4784.31194024804,3310.95553212362,4189.52029045092,4444.22647061331,5147.90519531974,4151.74293763475,4177.51037642039,4065.81683558175,3701.81963184324,4513.78314380521,4033.31890574004,4972.20368970339,4065.42547641695,3901.43523416704,3782.61223258478,3201.19554544861,4162.18186040687,3597.67182113655,4491.27929693757,4790.93432752944,4998.42282713258,4041.20386491451,4319.74048405688,4638.21504679333,4338.53216413109,4516.20296514672,4731.21744965289,3872.04881689268,4277.81923164128,4412.59920946827,4364.24353959538,4729.61333979851,4292.79589163054,3976.06123407324,3959.13772897584,4085.07089767118,3699.7782250562,3605.01946899042,3843.11996074804,3889.05891660181,4115.76867431832,3569.8573728792,3887.92460797531,3675.44677579475,4166.4924317464,3964.2481955473,4280.93542037251,4015.3608847151,4397.68253456295
5511.7268660829,1e+09,1005.14381095443,1352.62340394509,1310.33465404835,2651.74069205494,4591.64544774529,3334.52938973403,2898.40518202683,2087.63798272114,3616.12556818759,4069.39156390731,3329.03735193824,4124.5627733858,3134.24129144519,3758.70165202028,3333.82246806875,2908.19370283343,3953.8346355279,3549.33270689013,3799.10114462619,4089.03452993491,3948.60477137178,2323.08632508566,1703.19981264677,2493.56864066342,3385.53790283021,4378.77640028581,3623.70312178026,2693.65135637484,3255.14095819213,3727.23295832176,4340.66026637654,3741.06967132397,4029.72870385836,3603.04932117228,4195.91726011131,4150.02203325476,3824.76123014235,4129.0868493288,3569.27419211525,3767.226086831,3463.78188061835,3658.12323638775,3571.46005559351,3568.86825170109,3841.74269809939,3783.22725323235,4027.62629751073,3842.23383581739,3878.46490671245,3077.10756378454,3441.61488754916,3168.72464100307
6226.88877706997,1005.14381095443,1e+09,1129.11055313464,1601.3822274835,3176.04359393885,5254.59717625433,3574.4392933298,3419.54363567714,2611.74612805303,4048.26156842663,4621.13793932836,3903.20460328433,4715.78459884461,3448.24312714461,4012.75827218635,3579.20631834769,3438.43857343708,4594.57677546039,4154.21187181155,4524.94148313545,4487.5661913447,4496.43666069033,2816.62877548675,2212.92573406791,2974.27985206503,3903.70904504934,4980.02960127749,4132.54953205645,3281.42005046596,3701.27274612396,4117.6194041339,4874.9625403689,4286.8758930018,4534.82996785988,3910.22091213527,4679.47889900147,4608.4909369337,4266.35919815714,4704.50041183971,4048.73916166503,4363.68886120447,4070.71602045635,4204.75690573189,4167.06474374949,4029.15128151079,4510.9530723008,4231.70602708884,4610.03077088429,4446.27361924567,4376.32412651303,3552.17218360822,3939.91964053837,3729.68713577962
6069.91851538388,1352.62340394509,1129.11055313464,1e+09,1269.15200882321,3483.05009843384,5443.38358827485,3785.56817538662,3752.43409286559,2903.7663325068,4464.27755844101,4771.21697625459,4252.40508304418,5128.82514356846,3585.28336965155,4337.07019961633,3849.00467301613,3788.08504821367,4764.49207460774,4384.61445517163,4714.03445725633,4814.51108050444,4619.45693111214,3087.36022917638,2340.91740245144,2973.52750392526,4160.86297524925,5353.77003998117,4552.86603621279,3610.10947870006,4092.45252070198,4537.77386070527,5035.80886956604,4621.21744534922,4944.6022794963,4353.70747013393,4905.95676947932,4908.19318303589,4503.11228708546,5046.3598932696,4514.82592949053,4709.22757241567,4361.73781651305,4553.72941059304,4438.49110018258,4369.77116692625,4725.92232453095,4607.09766563506,4883.77853143445,4770.68384483818,4723.27620296548,3791.95588972235,4118.97856715715,4021.98509676503
6103.231127321,1310.33465404835,1601.3822274835,1269.15200882321,1e+09,3569.55703429711,5414.44727686954,4313.3743080331,3958.25307432458,3088.59852494623,4552.37319123773,4912.79172735829,4286.54597369491,5175.37768453666,3684.05686649921,4772.02516951661,4247.66793327821,3933.53699339411,4814.43662593039,4521.19756018248,4661.53380994925,5203.92550244525,4907.74033552102,3369.36990833598,2688.26959708285,3013.53195388733,4358.52046317325,5395.02886858819,4690.58439766305,3681.18407337911,4192.2769528384,4707.57010182536,5200.93122418476,4805.67320433881,5001.19442238552,4567.56626644869,5212.33208106506,5232.62987931499,4769.02756970433,5086.39868292882,4640.40682680948,4679.81531489224,4503.1684815805,4677.84236002027,4543.80854705609,4612.40316375314,4740.01639676489,4827.33767588305,4946.66440812392,4956.0688937201,4878.90805383746,3988.69438206288,4293.27551661898,4010.68489568802
4784.31194024804,2651.74069205494,3176.04359393885,3483.05009843384,3569.55703429711,1e+09,2516.69945688793,2137.49524282512,1197.14005049535,1218.3068285945,1946.30803065702,2445.57446921986,1572.7475437908,2245.84535747678,3171.64466570579,2776.26186862839,2576.80052182935,1879.82330560614,1746.92647733097,1563.1367282167,2041.21360406009,2489.30323606828,2218.17676301958,2007.72673073304,2096.78147356848,2496.66631819312,1256.38704275394,2110.95025706434,1626.68551610322,1631.29801354627,1503.94248187888,1612.28806405679,2355.67995041771,1595.7967741539,1690.30576056523,2149.21127549155,2418.04267547122,2372.2301701985,1996.79031300234,2263.12707738651,1777.72193196799,1827.66384119181,1905.40842802796,1636.06336206762,1345.94353581419,1431.07525452018,1927.94662548007,1845.24758655851,1871.49110927624,2276.96410713915,2002.69893456306,1586.06355093357,1856.95872600874,1515.64581601375
3310.95553212362,4591.64544774529,5254.59717625433,5443.38358827485,5414.44727686954,2516.69945688793,1e+09,2882.08349608404,2569.87458013032,3401.91349309473,2002.22369996462,2248.72587689118,1782.45178425673,1414.94520070567,3682.32746267901,2876.97817539515,3578.27145490669,2574.06326429635,1238.1618846096,1452.01366784201,1169.95198264715,2366.09524127834,1949.73447671728,3288.7217513192,3727.30490166823,3914.86365339842,1937.99089670205,1659.58515126522,2257.35406026613,2663.19946543626,2210.00631820364,2150.72330484421,1669.81430371763,1864.42725621034,1545.99678198242,2288.13635966041,2757.6387759277,2349.04595810725,1966.60481256403,1561.42770569117,1881.95353149327,1234.93118443904,1795.92808038073,1375.04643208875,1379.16884125911,1789.05645042296,1546.26319913526,1656.95644813013,928.19192896728,2410.05302615938,1763.7117757162,2335.97688077173,2007.63868567031,2204.9135372844
4189.52029045092,3334.52938973403,3574.4392933298,3785.56817538662,4313.3743080331,2137.49524282512,2882.08349608404,1e+09,1652.24347884929,2374.12206714398,1924.46866015012,2958.60017913878,2149.37710534936,2434.1838400581,3012.44790139182,1245.90427300816,1897.05878359106,1784.64044104128,2486.19541973273,2165.3223647762,2599.66271821942,2129.35671304739,1831.68929753384,1925.97983857568,2336.73770034208,2692.31457082935,1531.79201306835,2895.61503413351,2335.60155056465,1965.00527065451,1822.57434649454,2279.36158794519,2567.55020949932,2292.24169870893,2435.31728994396,1961.97018111897,2736.6567834312,2210.38882079602,1855.54912206603,2687.87034759863,2123.08071196081,2357.75886050716,2298.10824520952,2043.97209477038,2031.98124275299,1736.77865918487,2254.59307729799,1596.92782648434,2159.05314089302,2821.10619972024,2388.96848346729,2130.13133282904,2297.13525191705,2493.50981303463
4444.22647061331,2898.40518202683,3419.54363567714,3752.43409286559,3958.25307432458,1197.14005049535,2569.87458013032,1652.24347884929,1e+09,1232.30351500757,1996.44301278549,2803.97033657633,1710.00857354576,1925.61576509957,3459.41102403285,2236.39523897275,2143.71288949803,1504.38222875704,1922.65447558837,1702.98879655739,2082.15733067893,2264.946783834,1806.11913181274,1558.35032698043,1998.99296587057,2372.94627168421,918.601625025778,1971.93318231121,1284.29639250447,1045.92432532187,1523.27754677209,2062.70904278815,2579.95623383421,1611.26139043297,1926.56103736684,2356.53674806908,2301.4909416941,2045.76672743986,2095.54141090077,2376.5938750447,1830.27725771261,1961.62475919835,1941.19048980259,1687.38074583065,1424.41670100431,1503.78131940785,1613.09236877496,1638.37221399778,1857.24530980697,2098.81142180521,2252.17745046877,2057.4922439951,2344.31194020762,2078.27890123054
5147.90519531974,2087.63798272114,2611.74612805303,2903.7663325068,3088.59852494623,1218.3068285945,3401.91349309473,2374.12206714398,1232.30351500757,1e+09,2781.71882993231,3171.57480881344,2311.15148272457,2923.70809779294,3535.01469279832,3003.64919612794,2495.23452623195,2101.01810246842,2559.58810377764,2304.253439034,2803.77242207708,2939.55719078571,2622.00125144898,1608.5639212975,1501.61735482113,2195.09410609204,1909.16458384289,2801.4590963282,1955.23578089703,1452.3496704995,2126.05574917498,2611.59398308772,3247.68622539186,2281.51530987631,2720.1892099264,2940.1122248819,2758.39328457709,2786.50721466857,2803.75630376465,3089.96446461768,2598.74304632066,2772.97100056961,2533.09345615198,2480.02370643911,2207.35611318156,2294.38123878749,2553.06445678522,2612.69184353991,2770.33496009057,2609.98716004505,2928.93560781046,2319.88187759636,2684.07388126706,2371.79775794649
4151.74293763475,3616.12556818759,4048.26156842663,4464.27755844101,4552.37319123773,1946.30803065702,2002.22369996462,1924.46866015012,1996.44301278549,2781.71882993231,1e+09,2123.36001142058,1019.09147209659,1502.79959079712,2472.83066947577,1957.53452163685,2293.45177740889,1389.73994542144,1796.78298873292,1664.46599914207,1647.76237133878,2036.37041819508,1919.73645087028,2332.03765344816,2848.3089013132,2889.55695053757,1651.9280218581,2339.51840433026,2322.49563510892,2171.9077084904,1069.29712129043,1198.32867215134,1679.80179092654,1758.49416763321,1275.14022428908,1054.10571296241,2501.95556587242,1975.02446005107,1158.46570441252,1336.43275947576,1144.83491036918,1192.94119930531,1654.14297677075,1249.46599149397,1395.95233500288,1331.41688020695,1562.05324765195,1026.99319827348,1212.24486235249,2405.66123454654,1386.88391183257,1482.396875334,1613.07250590294,1332.2313203044
4177.51037642039,4069.39156390731,4621.13793932836,4771.21697625459,4912.79172735829,2445.57446921986,2248.72587689118,2958.60017913878,2803.97033657633,3171.57480881344,2123.36001142058,1e+09,1531.01002354655,2361.76429289631,2620.4731445676,3025.83087371056,2849.85928922815,2160.87472649388,1497.68414637399,1486.20046507865,1753.64122570724,1799.41899678757,1789.67927805515,2735.46459732163,2984.10920229136,3367.51079643407,2567.55253732032,2779.7294523928,2969.09460954009,2975.4754131903,2134.9366132745,1687.2512726325,969.258843085788,1616.01142381482,2085.50575067536,2176.27581942179,1560.96460719005,1650.61149896031,1320.4664140371,1253.41127308637,2153.82989302777,2250.52729903461,1497.16001232333,1824.46689994639,1742.5417970023,1961.07096893509,2139.21003078239,2185.77346209528,1924.00592301583,1818.8843870076,1620.26464387766,1191.67817790711,1087.64241200865,1356.06440108868
4065.81683558175,3329.03735193824,3903.20460328433,4252.40508304418,4286.54597369491,1572.7475437908,1782.45178425673,2149.37710534936,1710.00857354576,2311.15148272457,1019.09147209659,1531.01002354655,1e+09,1395.39122263256,2434.46197813809,2144.41149187837,2181.71121086179,1102.73211252779,1144.22499286635,981.854093946753,1230.52501660876,1675.91262707815,1486.13818438933,1884.38868288896,2354.97078300348,2651.21239599923,1593.32036568293,2051.22630962554,1936.50711839642,1724.93174946141,842.644057535565,1188.16030955423,1441.84444913451,1189.69744241971,1282.20545292086,1371.19122218602,1893.1735454786,1525.1896135563,1150.87642759768,924.749783292756,1238.88087405529,1269.54920333952,1114.5605264408,950.431638677922,935.717545576655,1247.81470202911,1318.67977416809,1221.46874826989,1082.9542906328,1745.18951076953,1348.102462278,1019.79415172867,1164.07836669186,846.320880576629
3701.81963184324,4124.5627733858,4715.78459884461,5128.82514356846,5175.37768453666,2245.84535747678,1414.94520070567,2434.1838400581,1925.61576509957,2923.70809779294,1502.79959079712,2361.76429289631,1395.39122263256,1e+09,3533.71976214866,2322.63237235254,3019.45500036016,1875.95717712319,1591.04101050224,1375.84484256038,1264.8167146666,1819.39150058474,1802.01239071767,2677.47213826774,3270.08014421665,3620.21241516296,1572.4524099317,1262.30629694223,1677.86781362538,2145.57911364275,1803.99761205496,1769.17503944635,1926.74395436965,1348.76953060929,1181.92866743302,1901.01062811337,2391.35945907344,1796.33866030323,1767.75132001082,1286.76578175673,1042.15139826227,1000.2643924983,1318.06536215015,917.897806621195,1152.40938867227,1310.24222691837,1301.6658088004,1011.90263919015,984.253259989521,1727.52630524111,1386.46349443467,2150.50941213937,2112.95818605102,2040.41629808723
4513.78314380521,3134.24129144519,3448.24312714461,3585.28336965155,3684.05686649921,3171.64466570579,3682.32746267901,3012.44790139182,3459.41102403285,3535.01469279832,2472.83066947577,2620.4731445676,2434.46197813809,3533.71976214866,1e+09,2848.44594933799,2630.00577273131,2269.17558818175,3234.76331160411,2988.76674596731,3048.15454160382,3139.10147816218,3076.67958183819,2545.17547890121,2555.98564272181,2742.21256697945,3463.44644726896,4385.33063254072,4060.34412260833,3184.46459372686,2545.6444339106,2913.52717200304,2903.54192394393,3356.57964655987,3452.70158344158,2346.88905954244,3489.84038146446,3239.51553530771,2525.79064227422,2848.00527181745,3056.57863564804,3173.48288870446,2803.16326693612,3049.96622082934,3136.7045659896,3156.43822306092,3293.75209777542,3084.42505494946,3195.53299316405,3556.10131904309,2996.53910596875,2048.59684611199,2200.02641356871,2231.16767408906
4033.31890574004,3758.70165202028,4012.75827218635,4337.07019961633,4772.02516951661,2776.26186862839,2876.97817539515,1245.90427300816,2236.39523897275,3003.64919612794,1957.53452163685,3025.83087371056,2144.41149187837,2322.63237235254,2848.44594933799,1e+09,2004.00306778707,1814.34391274091,2684.489514675,2303.87156289147,2737.85062923455,1891.45726605176,1943.33049592703,2071.67768291788,2644.34673295693,3155.05304817526,2203.09922917693,3115.36179783344,2544.61893722813,2079.46970595871,1877.73682362572,2554.50891204161,2731.91060018442,2529.82859336359,2676.0350212955,1745.14317249331,2929.64722251673,2168.75682265209,2087.91599737633,2569.95155222817,2237.18210313778,2506.68433652903,2336.17141481528,2123.06277846417,2335.06549175821,2129.48419376618,2540.85472270651,1692.89239495604,2270.86557710931,2900.4982597478,2565.07340130843,2369.37070594705,2414.43734433097,2735.8093497903
4972.20368970339,3333.82246806875,3579.20631834769,3849.00467301613,4247.66793327821,2576.80052182935,3578.27145490669,1897.05878359106,2143.71288949803,2495.23452623195,2293.45177740889,2849.85928922815,2181.71121086179,3019.45500036016,2630.00577273131,2004.00306778707,1e+09,1435.82900813433,2760.387098778,2681.26652871362,3033.41388222906,2491.77938899093,2042.71709800941,1372.21047744142,1952.44328178823,1813.13241162911,2535.96420300051,3631.91227673522,3030.4976676777,2122.92386992563,1747.89236153145,2633.9481655492,2824.13233579802,2640.99237713781,3013.09354453193,2561.58370595224,2364.33134583544,2120.40141428457,2223.21311479579,2774.37769052809,2870.68682731154,3131.2533761898,2776.94336044148,2749.20049723551,2610.05171157585,2628.34956316697,2541.51065431566,2515.96246216036,2784.66220292516,2956.95179715531,3065.77669959833,2238.6553377195,2646.11381036417,2408.44794178741
4065.42547641695,2908.19370283343,3438.43857343708,3788.08504821367,3933.53699339411,1879.82330560614,2574.06326429635,1784.64044104128,1504.38222875704,2101.01810246842,1389.73994542144,2160.87472649388,1102.73211252779,1875.95717712319,2269.17558818175,1814.34391274091,1435.82900813433,1e+09,1938.46204185174,1708.63145019633,1813.46176846935,1939.62942893739,1545.98876726191,1096.510834055,1774.07539039354,1980.78660200941,1764.01259204689,2658.9802506036,2279.21694719919,1471.7668261311,1139.29888146175,1902.28050891555,2118.99939379416,1769.55653571735,2081.39573077779,1842.8249853418,2081.81503546785,1685.89509890147,1559.15569524022,1762.17859994383,1747.715225287,1952.09262016432,1606.62299924407,1685.62618768219,1615.88830780472,1752.89380727984,1545.77965544899,1624.07315235491,1818.34959663977,2012.1366014016,2020.08787363322,1482.12071738438,1856.94120106157,1494.54640881439
3901.43523416704,3953.8346355279,4594.57677546039,4764.49207460774,4814.43662593039,1746.92647733097,1238.1618846096,2486.19541973273,1922.65447558837,2559.58810377764,1796.78298873292,1497.68414637399,1144.22499286635,1591.04101050224,3234.76331160411,2684.489514675,2760.387098778,1938.46204185174,1e+09,802.64303790664,1109.41887761116,1878.73307473414,1281.16175910773,2498.89406688239,2887.7405485431,3104.20189978036,1553.16685182243,1682.90019074216,1897.24626922812,2113.82401500219,1555.48639254736,1580.88848572567,1184.15596878114,1103.26203152288,1340.29202332924,2110.79130666677,1742.28572375486,1599.73740276334,1413.927289255,1225.18921591728,1768.3558953446,1475.32688147407,1414.32485950011,1152.95046593512,779.571199570636,1387.57511800263,1196.9029489896,1547.48032165194,916.326493723716,1783.674069386,1593.5804159502,1552.26651210416,1420.63956706126,1447.05199775267
3782.61223258478,3549.33270689013,4154.21187181155,4384.61445517163,4521.19756018248,1563.1367282167,1452.01366784201,2165.3223647762,1702.98879655739,2304.253439034,1664.46599914207,1486.20046507865,981.854093946753,1375.84484256038,2988.76674596731,2303.87156289147,2681.26652871362,1708.63145019633,802.64303790664,1e+09,1120.34941812811,1390.25911714328,1278.16523716615,2192.65411070693,2536.02146970407,3140.29351333598,1394.77246449018,1612.50346216683,1603.41047514353,1879.74617906248,1505.67223514947,1402.15409844995,1358.47728700188,797.432686124666,1317.04442761055,1703.13070220697,1759.90957895569,1446.31549314111,1281.55634788331,1200.97106871898,1294.35148700034,1307.51176648625,780.249808394722,673.363996810046,589.076049334889,956.98541535386,1434.37085706591,1199.7464688008,1009.66980394582,1385.54996889322,1196.82560133045,1229.6730927771,1086.21927988781,1398.57600483492
3201.19554544861,3799.10114462619,4524.94148313545,4714.03445725633,4661.53380994925,2041.21360406009,1169.95198264715,2599.66271821942,2082.15733067893,2803.77242207708,1647.76237133878,1753.64122570724,1230.52501660876,1264.8167146666,3048.15454160382,2737.85062923455,3033.41388222906,1813.46176846935,1109.41887761116,1120.34941812811,1e+09,2150.17880012338,1632.66558737544,2572.23139641441,2974.96348591037,3163.26496651798,1660.7346613472,1797.18889730601,2227.25977607014,2254.91476646014,1892.98551130219,1843.7467751565,1424.35824868605,1454.34891150645,1481.15662628906,2145.77330468528,2283.23261885424,1999.08743960838,1551.16612305066,1182.12252647515,1490.48389109041,1036.61025684681,1115.53027713281,1153.16692247914,1006.06573115279,1509.94908698936,956.057327099165,1532.55843082735,991.359909972155,1768.5951151691,1360.08236835127,1713.39771179957,1614.19159609385,1505.27746359268
4162.18186040687,4089.03452993491,4487.5661913447,4814.51108050444,5203.92550244525,2489.30323606828,2366.09524127834,2129.35671304739,2264.946783834,2939.55719078571,2036.37041819508,1799.41899678757,1675.91262707815,1819.39150058474,3139.10147816218,1891.45726605176,2491.77938899093,1939.62942893739,1878.73307473414,1390.25911714328,2150.17880012338,1e+09,1405.11903207522,2358.6156785284,2835.46922564855,3644.06887524097,2144.7224480804,2335.57670345035,2169.7867333911,2456.26001536889,1968.65081106325,1780.75792930988,1768.8741494804,1325.38063547797,2020.07052765491,1758.9284127559,1572.55173100919,894.430510939782,1447.36168624156,1611.68288062509,1715.82199102937,2218.72567152859,1336.25003981291,1444.04368327277,1661.24017483927,1487.24381740184,2237.23288577654,1475.0769350783,1846.40017748049,1473.32465325874,1628.62735719378,1709.46302513392,1670.86443363907,2167.71819217813
3597.67182113655,3948.60477137178,4496.43666069033,4619.45693111214,4907.74033552102,2218.17676301958,1949.73447671728,1831.68929753384,1806.11913181274,2622.00125144898,1919.73645087028,1789.67927805515,1486.13818438933,1802.01239071767,3076.67958183819,1943.33049592703,2042.71709800941,1545.98876726191,1281.16175910773,1278.16523716615,1632.66558737544,1405.11903207522,1e+09,1994.9138211211,2552.71748901049,2836.3022582581,1640.60360581098,2274.57108035779,2174.2187708922,2007.13508783041,1671.91326425745,2025.7430323464,1481.08471243207,1423.13679553302,2015.81187152968,2191.84975979194,1469.80634635996,1023.85817758125,1293.44676415383,1649.92909338553,2026.88400733737,2048.8660949413,1551.35043964928,1541.34975281407,1331.48829773303,1585.97682085836,1357.09473313398,1523.77426658282,1438.07454094007,1770.16687032607,1946.75470193345,1733.26356691647,1750.97637554023,1966.34324877423
4491.27929693757,2323.08632508566,2816.62877548675,3087.36022917638,3369.36990833598,2007.72673073304,3288.7217513192,1925.97983857568,1558.35032698043,1608.5639212975,2332.03765344816,2735.46459732163,1884.38868288896,2677.47213826774,2545.17547890121,2071.67768291788,1372.21047744142,1096.510834055,2498.89406688239,2192.65411070693,2572.23139641441,2358.6156785284,1994.9138211211,1e+09,860.703197740081,1655.23671796514,2172.88729461516,3185.90826771582,2440.50922137164,1273.47341122616,1723.80579860378,2601.17807610321,2884.82570906805,2296.23966956849,2851.29851771083,2488.65097102828,2408.34900541844,2194.55990100521,2330.98550690475,2649.36507154073,2496.89507138366,2748.16093282399,2204.85067478503,2360.62506951019,2231.15265369719,2339.52662711926,2314.51090556947,2352.7536841327,2601.78369750446,2405.80617928793,2791.60012842097,1965.72441178818,2358.53056147255,2159.2683442546
4790.93432752944,1703.19981264677,2212.92573406791,2340.91740245144,2688.26959708285,2096.78147356848,3727.30490166823,2336.73770034208,1998.99296587057,1501.61735482113,2848.3089013132,2984.10920229136,2354.97078300348,3270.08014421665,2555.98564272181,2644.34673295693,1952.44328178823,1774.07539039354,2887.7405485431,2536.02146970407,2974.96348591037,2835.46922564855,2552.71748901049,860.703197740081,1e+09,1699.1824433827,2580.33963642386,3630.9570038903,2835.40976326174,1731.18289764542,2248.26933802425,2950.65524702565,3273.14468361849,2714.98977104887,3295.53845838582,2860.45507966827,2829.31109486037,2777.29189558822,2761.35665447258,3144.31864468282,2923.05919209653,3165.42107086877,2556.84747407819,2794.96287359958,2645.48088877996,2727.03578553711,2870.99797659281,2882.96015400838,3103.73521154753,2792.87690274742,3143.92938250846,2144.25919326466,2530.66225221779,2402.51774542874
4998.42282713258,2493.56864066342,2974.27985206503,2973.52750392526,3013.53195388733,2496.66631819312,3914.86365339842,2692.31457082935,2372.94627168421,2195.09410609204,2889.55695053757,3367.51079643407,2651.21239599923,3620.21241516296,2742.21256697945,3155.05304817526,1813.13241162911,1980.78660200941,3104.20189978036,3140.29351333598,3163.26496651798,3644.06887524097,2836.3022582581,1655.23671796514,1699.1824433827,1e+09,2822.94400188881,4049.80906920314,3489.56754688887,2233.66004844068,2358.2506459238,3277.62675597756,3422.42527319443,3266.23744005239,3516.72029880114,3362.44736153594,3239.04751870052,3251.71165855769,2988.44004609428,3412.94235503619,3433.58730938941,3398.52871360535,3264.53151416861,3311.28008834952,3005.57231614879,3232.27908190181,2750.58180138312,3275.07888416447,3267.49112395122,3557.10436529489,3627.45400498752,2658.55665728606,3086.02804156087,2557.66809195408
4041.20386491451,3385.53790283021,3903.70904504934,4160.86297524925,4358.52046317325,1256.38704275394,1937.99089670205,1531.79201306835,918.601625025778,1909.16458384289,1651.9280218581,2567.55253732032,1593.32036568293,1572.4524099317,3463.44644726896,2203.09922917693,2535.96420300051,1764.01259204689,1553.16685182243,1394.77246449018,1660.7346613472,2144.7224480804,1640.60360581098,2172.88729461516,2580.33963642386,2822.94400188881,1e+09,1584.16332327194,1361.34621492844,1612.50967656011,1545.92509850898,1717.39563185074,2089.16502876149,1426.90250472834,1399.09368206707,2049.96870266353,2368.39293513555,2018.49816645941,1687.18548840962,2065.0448272132,1449.75655508089,1374.12558239777,1716.2669308706,1242.56088386042,970.629117634537,979.916086866626,1284.29547203905,1126.78645612201,1258.75160413006,2147.00780059133,1752.05647269145,1913.94031829626,2029.97276614737,1934.65828460739
4319.74048405688,4378.77640028581,4980.02960127749,5353.77003998117,5395.02886858819,2110.95025706434,1659.58515126522,2895.61503413351,1971.93318231121,2801.4590963282,2339.51840433026,2779.7294523928,2051.22630962554,1262.30629694223,4385.33063254072,3115.36179783344,3631.91227673522,2658.9802506036,1682.90019074216,1612.50346216683,1797.18889730601,2335.57670345035,2274.57108035779,3185.90826771582,3630.9570038903,4049.80906920314,1584.16332327194,1e+09,1250.67121430854,2426.14572744508,2338.10494845719,2060.22830596514,2371.02771928124,1405.80289101993,1311.43670758447,2622.42778819551,2554.23064416665,2259.08012035873,2373.00770367481,2014.79199268808,1649.97990842313,1529.69289519171,1883.59928355264,1403.82484673124,1344.96253732214,1531.52665164534,1766.31780008582,1671.79414632903,1479.88664954448,1921.83268876351,1863.55607071534,2617.27551327712,2559.86296154697,2492.63587473181
4638.21504679333,3623.70312178026,4132.54953205645,4552.86603621279,4690.58439766305,1626.68551610322,2257.35406026613,2335.60155056465,1284.29639250447,1955.23578089703,2322.49563510892,2969.09460954009,1936.50711839642,1677.86781362538,4060.34412260833,2544.61893722813,3030.4976676777,2279.21694719919,1897.24626922812,1603.41047514353,2227.25977607014,2169.7867333911,2174.2187708922,2440.50922137164,2835.40976326174,3489.56754688887,1361.34621492844,1250.67121430854,1e+09,1544.28630600028,1899.52882381395,2130.74523718815,2740.16282839177,1523.14051653155,1734.04621798267,2384.93482229599,2546.75183673243,2197.44002350462,2452.81931466629,2360.17666934067,1775.40258507754,1892.09302575217,1980.51916145742,1506.73184654735,1467.05180430004,1532.98515283091,2050.81883197907,1652.52521172901,1802.46637006076,2063.8818600637,2229.21995666646,2438.30791847543,2492.09583487473,2470.24856597469
4338.53216413109,2693.65135637484,3281.42005046596,3610.10947870006,3681.18407337911,1631.29801354627,2663.19946543626,1965.00527065451,1045.92432532187,1452.3496704995,2171.9077084904,2975.4754131903,1724.93174946141,2145.57911364275,3184.46459372686,2079.46970595871,2122.92386992563,1471.7668261311,2113.82401500219,1879.74617906248,2254.91476646014,2456.26001536889,2007.13508783041,1273.47341122616,1731.18289764542,2233.66004844068,1612.50967656011,2426.14572744508,1544.28630600028,1e+09,1468.40388755955,2494.92363849077,2897.33192975883,2086.11835253899,2375.31042543917,2375.63408522862,2699.7365086245,2351.76385038975,2456.67344307297,2528.37619526842,2194.16955147044,2199.63389103732,2142.37226583057,1941.83614687234,1811.85687790178,2043.41449419837,1960.6328846319,1980.342635884,2096.55359084856,2448.02125374761,2663.55890351612,2224.63470439531,2429.36447411664,2238.12342461268
4516.20296514672,3255.14095819213,3701.27274612396,4092.45252070198,4192.2769528384,1503.94248187888,2210.00631820364,1822.57434649454,1523.27754677209,2126.05574917498,1069.29712129043,2134.9366132745,842.644057535565,1803.99761205496,2545.6444339106,1877.73682362572,1747.89236153145,1139.29888146175,1555.48639254736,1505.67223514947,1892.98551130219,1968.65081106325,1671.91326425745,1723.80579860378,2248.26933802425,2358.2506459238,1545.92509850898,2338.10494845719,1899.52882381395,1468.40388755955,1e+09,1405.94552678971,1932.62577453577,1624.44877857075,1550.44767754349,1405.41528919391,2173.63322881299,1772.43965798557,1457.02973638152,1611.59121045009,1625.90782727681,1672.21817631552,1807.78328767582,1404.20740579873,1338.21647777929,1485.27108027457,1622.36379006066,1355.29288779216,1414.78385610665,2324.65236945226,1916.42059749419,1403.7678833055,1631.41797694521,1303.19576104283
4731.21744965289,3727.23295832176,4117.6194041339,4537.77386070527,4707.57010182536,1612.28806405679,2150.72330484421,2279.36158794519,2062.70904278815,2611.59398308772,1198.32867215134,1687.2512726325,1188.16030955423,1769.17503944635,2913.52717200304,2554.50891204161,2633.9481655492,1902.28050891555,1580.88848572567,1402.15409844995,1843.7467751565,1780.75792930988,2025.7430323464,2601.17807610321,2950.65524702565,3277.62675597756,1717.39563185074,2060.22830596514,2130.74523718815,2494.92363849077,1405.94552678971,1e+09,1423.15177268624,1200.1673924499,921.936426821286,1318.33218332862,1982.04006389881,1738.67755719685,1081.59147500339,1281.93330953681,1126.69449510504,1482.71952752367,1513.0997399709,1158.58352689826,1215.10111772642,990.057938304623,1898.50752250287,1275.44374560386,1409.18704358222,1997.74718873535,1008.12589104734,1171.8891890021,1323.52943465569,1146.31198244632
3872.04881689268,4340.66026637654,4874.9625403689,5035.80886956604,5200.93122418476,2355.67995041771,1669.81430371763,2567.55020949932,2579.95623383421,3247.68622539186,1679.80179092654,969.258843085788,1441.84444913451,1926.74395436965,2903.54192394393,2731.91060018442,2824.13233579802,2118.99939379416,1184.15596878114,1358.47728700188,1424.35824868605,1768.8741494804,1481.08471243207,2884.82570906805,3273.14468361849,3422.42527319443,2089.16502876149,2371.02771928124,2740.16282839177,2897.33192975883,1932.62577453577,1423.15177268624,1e+09,1476.69587315737,1577.95883761269,1947.44698615906,1738.38687920727,1559.11270317447,833.949552131302,1037.9797954681,1832.58065797934,1758.70964584834,1507.53475661425,1477.73984066885,1370.5647569524,1551.70532057475,1643.477236076,1660.64846216772,1301.41444663105,2002.77882288584,1287.05772842557,1397.97098746719,1220.14654074828,1454.54523436021
4277.81923164128,3741.06967132397,4286.8758930018,4621.21744534922,4805.67320433881,1595.7967741539,1864.42725621034,2292.24169870893,1611.26139043297,2281.51530987631,1758.49416763321,1616.01142381482,1189.69744241971,1348.76953060929,3356.57964655987,2529.82859336359,2640.99237713781,1769.55653571735,1103.26203152288,797.432686124666,1454.34891150645,1325.38063547797,1423.13679553302,2296.23966956849,2714.98977104887,3266.23744005239,1426.90250472834,1405.80289101993,1523.14051653155,2086.11835253899,1624.44877857075,1200.1673924499,1476.69587315737,1e+09,1148.22167537458,1940.73465195528,1342.89931409618,1138.85810933584,1336.66196575649,1233.94705567135,1242.92921069544,1543.33580986122,1004.80967879494,901.962747290596,746.019071740127,892.17908936491,1473.36697360162,1267.25507680972,1258.52012169055,1006.60764431828,1181.44078806346,1445.16575353833,1537.37748464715,1523.92364395333
4412.59920946827,4029.72870385836,4534.82996785988,4944.6022794963,5001.19442238552,1690.30576056523,1545.99678198242,2435.31728994396,1926.56103736684,2720.1892099264,1275.14022428908,2085.50575067536,1282.20545292086,1181.92866743302,3452.70158344158,2676.0350212955,3013.09354453193,2081.39573077779,1340.29202332924,1317.04442761055,1481.15662628906,2020.07052765491,2015.81187152968,2851.29851771083,3295.53845838582,3516.72029880114,1399.09368206707,1311.43670758447,1734.04621798267,2375.31042543917,1550.44767754349,921.936426821286,1577.95883761269,1148.22167537458,1e+09,1671.80976648062,2259.23113177913,1917.96468033173,1455.37832947313,1254.88371572827,974.55989102774,918.997739931933,1541.21018469254,886.123390787084,911.187232790276,934.186051651383,1481.73865209085,1061.26301014405,895.86956154342,2001.95601570064,1077.19519925592,1760.07924509097,1760.08498428343,1543.04428581943
4364.24353959538,3603.04932117228,3910.22091213527,4353.70747013393,4567.56626644869,2149.21127549155,2288.13635966041,1961.97018111897,2356.53674806908,2940.1122248819,1054.10571296241,2176.27581942179,1371.19122218602,1901.01062811337,2346.88905954244,1745.14317249331,2561.58370595224,1842.8249853418,2110.79130666677,1703.13070220697,2145.77330468528,1758.9284127559,2191.84975979194,2488.65097102828,2860.45507966827,3362.44736153594,2049.96870266353,2622.42778819551,2384.93482229599,2375.63408522862,1405.41528919391,1318.33218332862,1947.44698615906,1940.73465195528,1671.80976648062,1e+09,2702.6742701443,2115.23936870038,1409.38564154741,1659.62512577389,1295.77368876668,1629.02495975353,1694.09879915547,1350.58272386404,1728.17153416552,1439.05911386572,2325.46516456386,1220.31818801491,1659.89132318956,2539.38544795783,1470.95111434745,1439.25619494932,1385.46438849939,1679.56709526592
4729.61333979851,4195.91726011131,4679.47889900147,4905.95676947932,5212.33208106506,2418.04267547122,2757.6387759277,2736.6567834312,2301.4909416941,2758.39328457709,2501.95556587242,1560.96460719005,1893.1735454786,2391.35945907344,3489.84038146446,2929.64722251673,2364.33134583544,2081.81503546785,1742.28572375486,1759.90957895569,2283.23261885424,1572.55173100919,1469.80634635996,2408.34900541844,2829.31109486037,3239.04751870052,2368.39293513555,2554.23064416665,2546.75183673243,2699.7365086245,2173.63322881299,1982.04006389881,1738.38687920727,1342.89931409618,2259.23113177913,2702.6742701443,1e+09,894.732408265175,1716.33173486363,1833.17087332305,2397.33424928607,2704.08555748519,1889.38651143698,2079.90000723592,1846.64342827737,2003.21499877073,2101.16629582239,2252.05108341263,2207.34518920354,1413.95141712861,2163.73309377566,1860.90753563953,2067.31861837986,2040.36898109141
4292.79589163054,4150.02203325476,4608.4909369337,4908.19318303589,5232.62987931499,2372.2301701985,2349.04595810725,2210.38882079602,2045.76672743986,2786.50721466857,1975.02446005107,1650.61149896031,1525.1896135563,1796.33866030323,3239.51553530771,2168.75682265209,2120.40141428457,1685.89509890147,1599.73740276334,1446.31549314111,1999.08743960838,894.430510939782,1023.85817758125,2194.55990100521,2777.29189558822,3251.71165855769,2018.49816645941,2259.08012035873,2197.44002350462,2351.76385038975,1772.43965798557,1738.67755719685,1559.11270317447,1138.85810933584,1917.96468033173,2115.23936870038,894.732408265175,1e+09,1326.04291163597,1455.13979129154,1893.88023913868,2253.56193968571,1516.15442709508,1580.12190096207,1530.12576568072,1581.90260999216,1806.66376791588,1599.63725972484,1733.13234748533,1347.61142285156,1794.87238691223,1724.5094541927,1848.07874250531,1975.6821258492
3976.06123407324,3824.76123014235,4266.35919815714,4503.11228708546,4769.02756970433,1996.79031300234,1966.60481256403,1855.54912206603,2095.54141090077,2803.75630376465,1158.46570441252,1320.4664140371,1150.87642759768,1767.75132001082,2525.79064227422,2087.91599737633,2223.21311479579,1559.15569524022,1413.927289255,1281.55634788331,1551.16612305066,1447.36168624156,1293.44676415383,2330.98550690475,2761.35665447258,2988.44004609428,1687.18548840962,2373.00770367481,2452.81931466629,2456.67344307297,1457.02973638152,1081.59147500339,833.949552131302,1336.66196575649,1455.37832947313,1409.38564154741,1716.33173486363,1326.04291163597,1e+09,1159.48329548122,1425.5514208544,1609.61940454879,1322.38325272971,1232.15392244638,1210.29661864355,1125.74819857728,1561.89437517394,1173.93767270669,1255.74031471479,1933.26670278573,1114.13016546542,1019.81657767463,1083.96563635569,1266.68666082027
3959.13772897584,4129.0868493288,4704.50041183971,5046.3598932696,5086.39868292882,2263.12707738651,1561.42770569117,2687.87034759863,2376.5938750447,3089.96446461768,1336.43275947576,1253.41127308637,924.749783292756,1286.76578175673,2848.00527181745,2569.95155222817,2774.37769052809,1762.17859994383,1225.18921591728,1200.97106871898,1182.12252647515,1611.68288062509,1649.92909338553,2649.36507154073,3144.31864468282,3412.94235503619,2065.0448272132,2014.79199268808,2360.17666934067,2528.37619526842,1611.59121045009,1281.93330953681,1037.9797954681,1233.94705567135,1254.88371572827,1659.62512577389,1833.17087332305,1455.13979129154,1159.48329548122,1e+09,1351.23701274055,1375.3843233802,1143.43479735401,1097.0146165389,1207.60886797009,1468.07699263356,1490.47974608849,1411.29867402333,1107.8930129304,1636.60905704447,1105.39048290638,1438.74617420864,1368.52145416139,1280.23254465742
4085.07089767118,3569.27419211525,4048.73916166503,4514.82592949053,4640.40682680948,1777.72193196799,1881.95353149327,2123.08071196081,1830.27725771261,2598.74304632066,1144.83491036918,2153.82989302777,1238.88087405529,1042.15139826227,3056.57863564804,2237.18210313778,2870.68682731154,1747.715225287,1768.3558953446,1294.35148700034,1490.48389109041,1715.82199102937,2026.88400733737,2496.89507138366,2923.05919209653,3433.58730938941,1449.75655508089,1649.97990842313,1775.40258507754,2194.16955147044,1625.90782727681,1126.69449510504,1832.58065797934,1242.92921069544,974.55989102774,1295.77368876668,2397.33424928607,1893.88023913868,1425.5514208544,1351.23701274055,1e+09,903.264821965297,1075.34821281295,712.984469886967,1093.10206129163,792.398905413176,1684.371764457,806.07273871531,1226.44859015778,1765.14463379067,780.945836085961,1582.60385479121,1636.78790919899,1595.58469609106
3699.7782250562,3767.226086831,4363.68886120447,4709.22757241567,4679.81531489224,1827.66384119181,1234.93118443904,2357.75886050716,1961.62475919835,2772.97100056961,1192.94119930531,2250.52729903461,1269.54920333952,1000.2643924983,3173.48288870446,2506.68433652903,3131.2533761898,1952.09262016432,1475.32688147407,1307.51176648625,1036.61025684681,2218.72567152859,2048.8660949413,2748.16093282399,3165.42107086877,3398.52871360535,1374.12558239777,1529.69289519171,1892.09302575217,2199.63389103732,1672.21817631552,1482.71952752367,1758.70964584834,1543.33580986122,918.997739931933,1629.02495975353,2704.08555748519,2253.56193968571,1609.61940454879,1375.3843233802,903.264821965297,1e+09,1366.50201024367,832.731053642171,989.58195224044,1142.47397716534,1329.64433428643,1040.93055469613,795.526047530815,2162.57051048053,1137.68375364158,1823.04430906108,1730.73274300222,1616.32083275568
3605.01946899042,3463.78188061835,4070.71602045635,4361.73781651305,4503.1684815805,1905.40842802796,1795.92808038073,2298.10824520952,1941.19048980259,2533.09345615198,1654.14297677075,1497.16001232333,1114.5605264408,1318.06536215015,2803.16326693612,2336.17141481528,2776.94336044148,1606.62299924407,1414.32485950011,780.249808394722,1115.53027713281,1336.25003981291,1551.35043964928,2204.85067478503,2556.84747407819,3264.53151416861,1716.2669308706,1883.59928355264,1980.51916145742,2142.37226583057,1807.78328767582,1513.0997399709,1507.53475661425,1004.80967879494,1541.21018469254,1694.09879915547,1889.38651143698,1516.15442709508,1322.38325272971,1143.43479735401,1075.34821281295,1366.50201024367,1e+09,849.294682486591,1022.67528257996,1120.68790039868,1602.41680523514,1293.66163315606,1357.88139920245,1105.5177787806,942.733656288986,1249.18142645494,1212.96053080881,1455.63110821389
3843.11996074804,3658.12323638775,4204.75690573189,4553.72941059304,4677.84236002027,1636.06336206762,1375.04643208875,2043.97209477038,1687.38074583065,2480.02370643911,1249.46599149397,1824.46689994639,950.431638677922,917.897806621195,3049.96622082934,2123.06277846417,2749.20049723551,1685.62618768219,1152.95046593512,673.363996810046,1153.16692247914,1444.04368327277,1541.34975281407,2360.62506951019,2794.96287359958,3311.28008834952,1242.56088386042,1403.82484673124,1506.73184654735,1941.83614687234,1404.20740579873,1158.58352689826,1477.73984066885,901.962747290596,886.123390787084,1350.58272386404,2079.90000723592,1580.12190096207,1232.15392244638,1097.0146165389,712.984469886967,832.731053642171,849.294682486591,1e+09,579.28017081547,633.310309721861,1391.54510584458,678.319782108704,743.52083575378,1584.90112022801,875.342218335206,1408.92078574347,1314.788785623,1473.89694704209
