1e+09,1761.13753923423,2461.54925819087,2074.56171356747,1762.72430575516,2497.25952365788,1589.00002636879,1143.95070977731,2006.93676524698,1354.62743394632,1814.1443366502,1335.37651900129,1370.0256176802,1269.16563615629,1528.80904680735,2038.38565202957,1230.22957312853,2051.40737753378,1614.05785680068,975.212151431677,1520.61862973594,1258.95269093004,1853.21716630836,1232.91991994614,1629.38300485184,1521.89592899777,1833.06502514232,1120.47292791928,1422.1958383781,1490.53953701336,2229.08123189802,2136.3204566497,1228.93187622423,1369.21790442574,1336.25048115988,1964.4280468625,1127.11200490457,1161.35074800854,1347.55008604504,1186.90022411321,1490.93399562154,2632.02705147573,1451.70750941779,1599.70748213541,1882.89893940169,2998.11014931073,2446.26329392402,1816.52917749757,2699.7857009585,2410.64915423211,2020.71266834253,1428.42759578496,1533.88595827721,1869.02977161949
1761.13753923423,1e+09,1468.66542119027,1312.30054671177,943.350659299076,1225.05219913275,2577.91832816713,1941.73536495064,1338.37296192056,1133.58519719517,905.523570372413,1423.18387406547,946.933318560499,2162.56543029338,2154.90299890738,1660.3870243109,969.807290187077,1467.92725729172,1241.65768841497,1250.73963229763,1353.65493874916,1777.23527280436,1308.7543122374,1197.5672832455,1246.55845069535,1324.11082164598,895.56687226583,1591.58134253327,2081.47064908444,1591.4261556541,1446.90005304444,1080.66504264735,1026.2351292467,2190.80528119228,1977.18517162657,2830.27305703884,1531.31668047468,1642.48107550742,1880.44062924092,2077.30663030281,2061.04287548804,2792.91815640917,1903.39362755054,1326.70911367187,1449.31858074752,2540.15302627617,2196.56745434781,1935.9862044963,2761.02755994938,2482.18188723147,2121.72675241182,2128.33390282164,2021.93470119586,2168.31410305334
2461.54925819087,1468.66542119027,1e+09,1055.81684761137,977.616682754545,991.644353586507,2473.98133592394,2902.90247777978,1376.35771331438,1525.55069961637,1281.33142898315,1688.90589317463,1436.89644741714,2866.97482236939,2873.95478991928,2134.527085258,1545.753386443,2303.215170821,1546.04829834,1938.94342052573,2488.60039299201,2112.80561195298,1488.89670911047,1696.26945338882,1708.02170138438,2164.56607351219,1472.10901461135,2319.83696623276,2997.89823706543,2585.57544653023,2187.32292414723,1942.70357610213,2142.86883767999,3006.11568731145,2949.00712523724,3432.47973424462,2429.51151713673,2522.14579273285,2855.82855954275,2536.52181770629,2635.35407666598,3773.10894099283,2687.32110537613,2298.60630145747,2123.36305772235,2945.04510911123,2832.62649802264,2615.51245693841,3647.79702968792,3402.17851855249,2929.31458271385,2760.22214861413,2690.94837116954,2763.91634676233
2074.56171356747,1312.30054671177,1055.81684761137,1e+09,1018.21697859543,1251.33382280669,2194.10218909694,2476.94285198508,1088.28481864813,1155.86450356432,745.560232845073,1146.3281500949,1310.59126332354,2262.40338021318,2511.83498785251,1443.8215211722,1041.32158443009,2212.46624299671,1086.20350731343,1534.68503475469,2290.0902651424,1776.57412127949,988.541475659974,1103.32592464783,1121.84293495123,1911.54178408425,1038.99446620278,2015.44217520623,2382.53367483022,2293.14660800395,1903.0212587357,1693.83127669199,1691.97146169786,2645.21509752988,2512.8817213709,2676.18787376746,1898.03487539086,1855.50166787853,2473.78387107686,2103.82578199812,2098.37688037683,3210.30662845467,2178.85246680449,1828.93457362476,1565.08415780111,2277.56957575394,2311.9957023749,2028.84625112402,3180.58120155735,2940.48679276068,2300.63971403608,2194.11835400919,2297.63381486259,2320.20095776206
1762.72430575516,943.350659299076,977.616682754545,1018.21697859543,1e+09,1208.91883416547,2153.33626066622,2169.51496595437,1208.84957691187,936.9078493107,914.834268433358,1320.87250588389,688.600176444938,2335.27371010338,2473.4258766941,1883.0600436789,833.390489326582,1820.92575320907,1158.74418609113,1420.77118270325,1933.03138458743,1718.54725716228,987.641531731021,1157.10822359017,1097.8181720121,1788.43373128556,1229.35035921417,1725.60330728125,2426.39905295893,1943.77212633066,1969.7551855751,1772.17105111217,1593.13839709549,2297.58608881147,2332.54761325466,3053.50416335069,1863.199269885,1948.92342491951,2339.4274408282,2187.77620274561,2252.93343217238,3351.81657881215,2197.02681121556,1876.96718157244,1793.32191268049,2797.26371697414,2601.06361431242,2300.12289823827,3241.00685583971,2982.40100960619,2624.55859563089,2375.43304003712,2320.98143398434,2457.76987749057
2497.25952365788,1225.05219913275,991.644353586507,1251.33382280669,1208.91883416547,1e+09,2620.24148755415,2679.34083212644,1453.19926995578,1635.63812266039,1067.15065838896,1788.17714055403,1382.46389486308,2590.78577707614,2582.86762461803,1721.11264968334,1435.99015285621,2236.49231389245,1751.87149916882,1771.06846908865,2091.57154623025,2230.56727526878,1272.86873274505,1684.63785048894,1534.60285794078,1841.49815872838,1269.52546516405,2048.68274535127,2770.49437415058,2427.34553924652,1911.34976037877,1637.32910699102,2021.09511876606,2979.23835610714,2706.94619327758,3281.68669162673,2205.25681291318,2255.94493833515,2481.65191642583,2518.69328595206,2409.00459119529,3242.62831770772,2464.63614945493,1805.18598579205,1701.20436071038,2272.97763444782,2192.09319931886,2224.12320297235,3174.20920785004,2914.85559091698,2476.26496686037,2484.31767825695,2493.086734131,2361.81797975627
1589.00002636879,2577.91832816713,2473.98133592394,2194.10218909694,2153.33626066622,2620.24148755415,1e+09,2198.49712426467,2360.18605332292,1871.79548284528,2223.89795273974,1896.66493664537,1862.17031200156,1903.37321216833,1903.05217248503,2247.03011630908,1738.87431437698,2978.36931350026,1981.26958360037,1710.57105415122,2544.06557354562,1807.10176420699,2070.46638646948,1829.88253743239,2071.38083898157,2093.22012432998,2239.64843397351,1732.69424908147,2212.41888233219,2453.90386506888,2968.84215444338,2867.8698226907,2421.43746910797,2421.68673882482,2337.4965955911,2351.5731177448,2004.49684180345,2087.87254642136,2280.60205537924,1564.72614907529,2000.42852241713,3280.81045080328,2197.71578460455,2323.72195539828,2341.74123066576,2956.30143158643,2609.35135395753,2213.26565628711,3343.37651692118,2992.75453737857,2561.93328203527,1949.75042710599,2234.97601020682,2227.11411943798
1143.95070977731,1941.73536495064,2902.90247777978,2476.94285198508,2169.51496595437,2679.34083212644,2198.49712426467,1e+09,2108.11859654527,1662.56364954849,1982.68352779762,1891.00350938331,1883.87439780363,1431.91193667767,1509.91420908607,2280.80855636768,1603.49371479903,1778.6532048716,1919.0273278148,1301.30597504968,1156.35875311255,1518.70774463028,2205.6686235924,1433.39738021248,1623.67583522697,1639.19604693886,1995.82380319506,865.037986911558,1458.19092457058,1233.77927839626,1861.63173726707,2144.99094126292,1578.26906679438,938.027352906087,524.974715010161,2130.28812616979,877.661215731902,1192.62974593962,1112.9953883103,1422.11074779709,1514.87606915549,1897.34057794061,947.880514674714,1379.18919434572,1548.70408638965,2745.812563013,2160.05957334514,1516.19324945734,1799.27077475849,1603.53241894263,1829.94823347547,1564.73406903537,1207.26778388227,1556.72471837509
2006.93676524698,1338.37296192056,1376.35771331438,1088.28481864813,1208.84957691187,1453.19926995578,2360.18605332292,2108.11859654527,1e+09,821.452101890305,728.737394196291,1260.69583809894,1533.48322592717,2245.93495406701,2479.38336452837,1669.18666316862,1242.60603994186,1461.61052264275,1318.78116334743,1609.58973536737,2044.50992181501,1185.13724323388,1398.2415925011,970.633738698589,1114.50037783753,1933.95951736328,1269.08013029123,1644.17365065251,2199.97246460041,1811.11977155019,1456.71448853233,1396.73377649429,1747.81111922885,2027.27392764273,2082.028621249,2603.54748721816,1764.04043771678,1751.56624076853,2314.05379516121,1999.05887824746,1708.01390480289,2816.204718695,1673.48021984127,1732.41214539151,1298.5267674176,2506.73994345245,2462.13290370362,1898.91879078596,2784.77615136298,2657.18501104082,2191.07708451802,2125.31913780025,1905.34299303301,2174.47837255283
1354.62743394632,1133.58519719517,1525.55069961637,1155.86450356432,936.9078493107,1635.63812266039,1871.79548284528,1662.56364954849,821.452101890305,1e+09,817.390298694571,1122.09837362862,987.154695729094,1918.9422847496,2037.14357221085,1532.36374754821,732.890872367776,1357.86057435953,936.249068090324,1224.93670142583,1733.10262318768,931.186766336378,1234.78070810165,717.575059209836,1020.92217034405,1506.9530948573,1091.7348887894,1202.70040184578,1695.90606299406,1299.3887418321,1696.91571929781,1427.40781793431,1371.32554595909,1604.91374235502,1725.12470111584,2351.12152933446,1398.50455258465,1456.85974043488,1971.43280230395,1649.15413888454,1561.6167151065,2733.15633469804,1479.03031135268,1561.80109322538,1379.5816481818,2613.14193502764,2393.29995140601,1812.66718977864,2795.20038517814,2533.36994440212,2095.87168023236,1901.23497553564,1798.8101163269,2109.82669743275
1814.1443366502,905.523570372413,1281.33142898315,745.560232845073,914.834268433358,1067.15065838896,2223.89795273974,1982.68352779762,728.737394196291,817.390298694571,1e+09,1052.31200938695,1078.26435427496,1938.46784837923,2218.58156442354,1214.67954465365,744.359298457405,1687.70908535802,1154.62288670371,1246.28557060571,1768.11998079881,1448.69092286795,822.745589535429,790.202202856965,754.709437399586,1588.94954479367,875.449076531582,1498.77126914016,2013.16257855644,1789.90799271918,1481.31077644092,1276.68332937342,1401.14256947678,2167.94943414278,2018.64847955259,2492.13510029051,1526.00361736137,1454.40384271357,2028.62494512909,1927.50881948696,1680.14335885364,2697.48284363404,1702.56667214532,1350.76894759985,1092.86991641275,2081.8159684756,2028.89892799025,1682.39630328291,2704.78200857297,2490.54494073084,1934.88469423891,1886.66393096386,1903.29026561899,1962.63268234278
1335.37651900129,1423.18387406547,1688.90589317463,1146.3281500949,1320.87250588389,1788.17714055403,1896.66493664537,1891.00350938331,1260.69583809894,1122.09837362862,1052.31200938695,1e+09,1304.64322203428,1426.28172487065,2121.67649822022,1533.03902934661,972.500907917314,2128.14063480307,1423.32698421691,977.854004951659,1885.88644806627,1203.65728631534,1169.34097926995,737.051753745963,1103.41169143706,1799.11448462848,1458.2570653009,1584.94649736198,1952.87224482299,2062.23724976056,1836.19997219802,1788.84275602972,1204.6251140085,2057.62821527603,1951.33366821259,2039.75133852144,1431.35705402251,1127.79807669636,1815.53892839014,1515.8579574947,1388.93073851794,2836.13310537429,1659.18945428182,1505.51886547462,1500.22586882776,2498.68261495933,2270.73886598614,1699.58438919637,2827.94375315352,2675.53006862192,1892.5407051633,1403.08113717632,1627.95840730038,1787.80637970111
1370.0256176802,946.933318560499,1436.89644741714,1310.59126332354,688.600176444938,1382.46389486308,1862.17031200156,1883.87439780363,1533.48322592717,987.154695729094,1078.26435427496,1304.64322203428,1e+09,1943.59522599228,2025.25861012859,1621.95952745437,593.437210242162,1915.76276315728,1264.96049479816,1116.61555210377,1633.0710032941,1665.97464761622,959.39277358129,1174.65652277591,1213.45082487919,1388.26297163038,1211.02849235681,1393.04218288607,2013.64262956464,1704.04138690937,2100.13508225066,1736.77662311536,1348.17019522759,2144.01832284615,2069.71018157132,2742.17846202613,1610.72959577329,1654.84935586294,1930.05922942795,1936.72647617055,2001.08324914282,3078.09276052558,2022.04750226101,1600.59637269988,1751.44586804731,2657.85308143622,2332.13547687522,2086.25412100252,3105.53250351691,2761.23931137814,2329.43695563971,2032.62209889099,2159.68176324661,2229.25860426735
1269.16563615629,2162.56543029338,2866.97482236939,2262.40338021318,2335.27371010338,2590.78577707614,1903.37321216833,1431.91193667767,2245.93495406701,1918.9422847496,1938.46784837923,1426.28172487065,1943.59522599228,1e+09,1535.89285082,1711.18626566485,1594.1682170963,2635.76695730104,2198.88381896361,1162.04679505603,1744.45799224286,1675.567166902,1895.6319105512,1480.08302314431,1721.9645499545,1807.95815374693,2098.0441879522,1378.26908323448,1466.43057875237,2115.68994770028,2282.21183166681,2317.49621857297,1579.85251254666,1957.68460937915,1496.19093714673,1354.84585355678,1225.20891704231,704.345548363869,1107.96516479536,1327.68815058356,1017.82875254141,2077.32779067243,1392.41128051305,1327.10565110695,1653.22210014263,2268.84103599172,1826.94441234538,1317.12603273187,2280.5962419727,2099.26209268876,1326.74085465098,538.614196805097,1355.72383766016,1225.69815876504
1528.80904680735,2154.90299890738,2873.95478991928,2511.83498785251,2473.4258766941,2582.86762461803,1903.05217248503,1509.91420908607,2479.38336452837,2037.14357221085,2218.58156442354,2121.67649822022,2025.25861012859,1535.89285082,1e+09,2016.97719645017,1838.63233671118,2429.64727905102,1949.90786174629,1311.72982801338,1380.45535172276,1894.7500523288,2448.52855872665,1838.33665872168,2172.97325710649,969.056796013526,1801.33145300914,1236.02333893823,1400.49135673877,1719.70215932876,2142.06328874756,2050.4370064696,1719.10764136514,2095.85694111025,1318.72307714698,1907.76828254901,1128.07954223095,1539.92356923972,967.319020178969,1030.72916646421,1625.01730738476,1878.57315085147,1426.03953405928,1260.50288845365,1693.75949733131,2446.15787250128,1568.70586095673,1214.64118294252,2088.10172091783,1551.86456264714,1399.10417146115,1345.38451581695,1377.17313893352,1344.75853445888
2038.38565202957,1660.3870243109,2134.527085258,1443.8215211722,1883.0600436789,1721.11264968334,2247.03011630908,2280.80855636768,1669.18666316862,1532.36374754821,1214.67954465365,1533.03902934661,1621.95952745437,1711.18626566485,2016.97719645017,1e+09,1316.59251919491,2389.98679594679,1788.34274989444,1595.16117157483,2129.92168665892,1851.21603655543,1318.01597133722,1492.61611494718,1603.6534862931,1601.89204789212,1340.44953705837,1753.42841399357,1589.73244343191,2064.32898245411,2153.39454954265,1548.08965034329,1691.58279868294,2563.50218630685,2226.67895041023,1921.97815869484,1767.00472432872,1423.9897588466,2016.30654742775,2012.72921392819,1496.55104968056,2409.35213754652,1877.67307449939,1423.35282590087,1436.37426793994,1670.74381106141,1745.30560429972,1590.98168081848,2859.36545941578,2526.18473793981,1467.39792503601,1623.785579564,2156.93531247462,2005.03717521646
1230.22957312853,969.807290187077,1545.753386443,1041.32158443009,833.390489326582,1435.99015285621,1738.87431437698,1603.49371479903,1242.60603994186,732.890872367776,744.359298457405,972.500907917314,593.437210242162,1594.1682170963,1838.63233671118,1316.59251919491,1e+09,1815.77930316435,1000.81348587037,832.996042427574,1537.68395202005,1375.14471863873,780.796470855241,671.379523220659,741.333953424501,1316.60070792173,974.906620861711,1166.88683581571,1721.86340256711,1579.60840438382,1783.4048981653,1585.9188032494,1170.04661214842,1907.54589769159,1756.37445284313,2320.26056319113,1218.70436587386,1221.5001915268,1713.31798642284,1613.82792478009,1619.78316724801,2697.19516859644,1608.56349134873,1275.25569883063,1289.43848608609,2253.98232983313,1996.0760004068,1642.39417780873,2711.82962984403,2407.46091199837,1932.48276597749,1669.76728444415,1798.98420687898,1856.61198417979
2051.40737753378,1467.92725729172,2303.215170821,2212.46624299671,1820.92575320907,2236.49231389245,2978.36931350026,1778.6532048716,1461.61052264275,1357.86057435953,1687.70908535802,2128.14063480307,1915.76276315728,2635.76695730104,2429.64727905102,2389.98679594679,1815.77930316435,1e+09,1727.87936769324,1968.04689839953,1639.85701739511,1562.23832279201,2313.14985482999,1657.61252571281,1862.64060003534,1859.60743741791,1704.25007707202,1631.89756253265,2078.02193782934,1014.79690076389,1451.35594999986,1348.87819327766,1752.14608357865,1495.87977618524,1681.7109655348,2971.29185599463,1791.27592933082,2059.66459810815,2199.02434897843,2249.64806456477,2123.54271035456,2576.11764504263,1634.37491497514,1883.94535037511,1747.24933910418,3206.8715225902,2839.95861026178,2225.2237514686,2564.7009631729,2400.76707125035,2441.80150425869,2548.24263515074,1991.61924694456,2521.73425856096
1614.05785680068,1241.65768841497,1546.04829834,1086.20350731343,1158.74418609113,1751.87149916882,1981.26958360037,1919.0273278148,1318.78116334743,936.249068090324,1154.62288670371,1423.32698421691,1264.96049479816,2198.88381896361,1949.90786174629,1788.34274989444,1000.81348587037,1727.87936769324,1e+09,1271.03652488825,1816.46212495609,1505.56676228588,1583.98053510768,972.357013910015,1240.75431427821,1393.27584146141,772.705731245731,1596.41180636451,1951.89528904601,1626.76443337688,1629.95011791772,1532.46355441165,1386.70249776223,2074.44589336526,1910.81574451856,2526.13746704331,1363.79205933309,1730.63947978775,2086.94124390219,1589.69114343007,2034.77683872212,2862.11788967541,1739.32949230443,1616.6290570505,1440.27716495819,2555.52938329811,2238.06579346989,1780.13083558485,2770.48946058273,2430.56842995625,2170.255950827,2115.08564656375,1915.03053685836,2147.21842542858
975.212151431677,1250.73963229763,1938.94342052573,1534.68503475469,1420.77118270325,1771.06846908865,1710.57105415122,1301.30597504968,1609.58973536737,1224.93670142583,1246.28557060571,977.854004951659,1116.61555210377,1162.04679505603,1311.72982801338,1595.16117157483,832.996042427574,1968.04689839953,1271.03652488825,1e+09,1103.49382979698,1342.34948828537,1408.11498209486,799.153387341879,1114.06144902335,1068.4823761766,1197.65487345061,987.462690485064,1628.4137516,1641.11181133401,1587.8089743102,1649.55797679257,930.624216158166,1825.25709583609,1358.91763904219,2032.44205742747,737.73392188512,911.322596778989,1049.98776111915,1043.28451934264,1367.30777851953,2346.00088559233,1296.4953792436,879.303622248879,1190.03751382047,2267.49999005513,1680.24245003511,1206.00305638087,2262.541034766,1970.49251343414,1540.12385628559,1129.94401865756,1184.33790182532,1235.21939423732
1520.61862973594,1353.65493874916,2488.60039299201,2290.0902651424,1933.03138458743,2091.57154623025,2544.06557354562,1156.35875311255,2044.50992181501,1733.10262318768,1768.11998079881,1885.88644806627,1633.0710032941,1744.45799224286,1380.45535172276,2129.92168665892,1537.68395202005,1639.85701739511,1816.46212495609,1103.49382979698,1e+09,1830.07381329279,2104.23185119891,1531.62114613895,1695.54527577414,1054.4651142641,1559.86379434231,1092.46732587295,1784.45554974059,1351.60724779797,1409.58694322131,1560.38916511234,1194.30220961865,1761.26926689249,1100.16382257371,2547.30916592392,987.445238430972,1408.86570956923,871.958588752929,1614.12478851544,1799.49713881406,1987.30648320786,1364.75567967311,897.012327730227,1396.45660423087,2578.61445367469,1801.07592174789,1459.49542993461,1845.1938711691,1533.87691993197,1694.40882643475,1686.34518290295,1307.97045666177,1473.45900109233
1258.95269093004,1777.23527280436,2112.80561195298,1776.57412127949,1718.54725716228,2230.56727526878,1807.10176420699,1518.70774463028,1185.13724323388,931.186766336378,1448.69092286795,1203.65728631534,1665.97464761622,1675.567166902,1894.7500523288,1851.21603655543,1375.14471863873,1562.23832279201,1505.56676228588,1342.34948828537,1830.07381329279,1e+09,1864.77933378188,992.48427050508,1516.22399001599,1734.35664726146,1668.04570003343,1157.50548750319,1563.52683888061,1420.36736571917,1787.82296209664,1717.17102406837,1578.19976935748,1272.33061678166,1449.81806486193,1900.4095429933,1367.4042133912,1349.48954375349,1785.67328954655,1243.63375195433,1049.89395278761,2475.28981573876,1089.68555147804,1660.21181437791,1517.19964895857,2851.50722422371,2515.44153388625,1666.03553416486,2583.82884760195,2416.1731765335,1906.51508795498,1548.81477498118,1329.82916632175,1860.87397413151
1853.21716630836,1308.7543122374,1488.89670911047,988.541475659974,987.641531731021,1272.86873274505,2070.46638646948,2205.6686235924,1398.2415925011,1234.78070810165,822.745589535429,1169.34097926995,959.39277358129,1895.6319105512,2448.52855872665,1318.01597133722,780.796470855241,2313.14985482999,1583.98053510768,1408.11498209486,2104.23185119891,1864.77933378188,1e+09,1174.55453977242,921.603159608299,1926.22699508651,1420.36581340864,1744.91324176877,2260.73762108742,2228.00413035973,2187.21904278012,1963.67698448599,1709.56159704762,2490.58610421322,2390.97019397984,2672.60817285288,1863.01479363423,1626.73017356905,2245.94279546475,2228.13798758066,1960.24464758866,3113.03082368293,2163.24971355597,1716.0973924868,1638.95360236341,2176.05755280048,2223.50373728042,2069.66253920778,3143.58222154281,2909.78437450269,2284.43155452292,2017.39297800404,2327.4123863424,2218.67843282888
1232.91991994614,1197.5672832455,1696.26945338882,1103.32592464783,1157.10822359017,1684.63785048894,1829.88253743239,1433.39738021248,970.633738698589,717.575059209836,790.202202856965,737.051753745963,1174.65652277591,1480.08302314431,1838.33665872168,1492.61611494718,671.379523220659,1657.61252571281,972.357013910015,799.153387341879,1531.62114613895,992.48427050508,1174.55453977242,1e+09,637.430808088219,1481.25200918007,1079.01183765518,1135.39334135796,1693.66826294289,1566.70003765877,1409.03547513893,1531.68622416603,1147.48060672065,1644.97594353231,1490.41651144906,2059.50947050505,976.548721774802,1007.85510937833,1621.87108593747,1311.92731109616,1320.7060096403,2456.94268677558,1205.02224116404,1193.73404274151,995.842540665943,2256.09980687912,1987.41613070841,1358.52783692496,2369.13463355294,2179.72986707069,1731.10246825542,1455.31965856302,1356.26112353042,1578.05892969813
1629.38300485184,1246.55845069535,1708.02170138438,1121.84293495123,1097.8181720121,1534.60285794078,2071.38083898157,1623.67583522697,1114.50037783753,1020.92217034405,754.709437399586,1103.41169143706,1213.45082487919,1721.9645499545,2172.97325710649,1603.6534862931,741.333953424501,1862.64060003534,1240.75431427821,1114.06144902335,1695.54527577414,1516.22399001599,921.603159608299,637.430808088219,1e+09,1768.0351428634,1244.0865331238,1361.04948774833,2067.11660885399,1855.55760398323,1555.60058565816,1798.66891155654,1506.99635550322,1947.38130783368,1791.58715124328,2473.19103592909,1297.20009401017,1303.91587220955,1900.11200867212,1813.32066185217,1713.26403149077,2631.617418661,1567.5491908071,1364.28525378676,1066.35995203308,2068.13328808856,1972.39874034131,1597.44319110258,2437.44020862051,2288.25038470444,2010.19891406298,1802.33965869367,1742.53380526749,1756.34133672814
1521.89592899777,1324.11082164598,2164.56607351219,1911.54178408425,1788.43373128556,1841.49815872838,2093.22012432998,1639.19604693886,1933.95951736328,1506.9530948573,1588.94954479367,1799.11448462848,1388.26297163038,1807.95815374693,969.056796013526,1601.89204789212,1316.60070792173,1859.60743741791,1393.27584146141,1068.4823761766,1054.4651142641,1734.35664726146,1926.22699508651,1481.25200918007,1768.0351428634,1e+09,1037.26756880759,1163.06370818627,1466.1558001113,1348.33463876739,1694.00656967439,1288.07380316502,1217.67774813372,2099.39560376314,1499.88428470332,2280.9227754135,1108.87630207341,1507.36630690751,1221.2805847552,1381.47173358705,1732.3635261688,2163.28510404893,1520.4497116314,966.512592416674,1392.69381240099,2331.28909483573,1602.15975604807,1356.66011904235,2334.4196739661,1817.16814920909,1524.77656287733,1639.08874595002,1593.82218296145,1647.72619336466
1833.06502514232,895.56687226583,1472.10901461135,1038.99446620278,1229.35035921417,1269.52546516405,2239.64843397351,1995.82380319506,1269.08013029123,1091.7348887894,875.449076531582,1458.2570653009,1211.02849235681,2098.0441879522,1801.33145300914,1340.44953705837,974.906620861711,1704.25007707202,772.705731245731,1197.65487345061,1559.86379434231,1668.04570003343,1420.36581340864,1079.01183765518,1244.0865331238,1037.26756880759,1e+09,1525.83555411453,1865.31925613285,1624.44718012006,1363.82111583594,1005.55299805629,1250.95406182641,2294.8504175218,1914.79366528094,2487.39709939929,1338.80547653496,1605.44387441604,1872.65619476721,1711.26767876916,1892.64493994516,2543.61480977368,1700.03202866887,1185.80465237745,1100.49091500112,2081.89463042681,1763.24630389518,1506.50844474898,2564.34115606719,2190.03213382818,1783.45800920571,1946.21350509136,1855.57079724811,1916.37129361718
1120.47292791928,1591.58134253327,2319.83696623276,2015.44217520623,1725.60330728125,2048.68274535127,1732.69424908147,865.037986911558,1644.17365065251,1202.70040184578,1498.77126914016,1584.94649736198,1393.04218288607,1378.26908323448,1236.02333893823,1753.42841399357,1166.88683581571,1631.89756253265,1596.41180636451,987.462690485064,1092.46732587295,1157.50548750319,1744.91324176877,1135.39334135796,1361.04948774833,1163.06370818627,1525.83555411453,1e+09,1357.22295018173,1106.28757084223,1727.61163471424,1736.24552010941,1503.45797879422,1283.55485601512,935.284646832182,2088.84156428869,902.475781170886,1162.3430814953,1118.93912881801,1224.75415655551,1200.01807890548,1992.14983178977,930.441668295224,1098.73597410843,1226.89344598461,2402.3197393353,1859.53611919747,1293.06490421015,2056.4535722695,1736.94951101061,1632.99341792917,1378.15885971103,1194.60405792045,1393.23991731503
1422.1958383781,2081.47064908444,2997.89823706543,2382.53367483022,2426.39905295893,2770.49437415058,2212.41888233219,1458.19092457058,2199.97246460041,1695.90606299406,2013.16257855644,1952.87224482299,2013.64262956464,1466.43057875237,1400.49135673877,1589.73244343191,1721.86340256711,2078.02193782934,1951.89528904601,1628.4137516,1784.45554974059,1563.52683888061,2260.73762108742,1693.66826294289,2067.11660885399,1466.1558001113,1865.31925613285,1357.22295018173,1e+09,1264.72361237545,2259.977920224,1835.50127779852,1558.02758823456,1602.92333768649,1300.89166009318,1328.9585435972,1316.01885469016,1200.73888835167,1469.57196445087,1507.8706855364,1241.01219583048,1786.96565853964,1238.93440197615,1502.26374884705,1738.26164207233,2571.5934003454,2147.57985339312,1533.6327661471,2417.76158642659,2028.49966534382,1372.96315474961,1441.04855459488,1712.41525533382,1959.46500854187
1490.53953701336,1591.4261556541,2585.57544653023,2293.14660800395,1943.77212633066,2427.34553924652,2453.90386506888,1233.77927839626,1811.11977155019,1299.3887418321,1789.90799271918,2062.23724976056,1704.04138690937,2115.68994770028,1719.70215932876,2064.32898245411,1579.60840438382,1014.79690076389,1626.76443337688,1641.11181133401,1351.60724779797,1420.36736571917,2228.00413035973,1566.70003765877,1855.55760398323,1348.33463876739,1624.44718012006,1106.28757084223,1264.72361237545,1e+09,1802.32645034134,1493.04626864006,1523.61641038681,1125.71059264804,1144.97794921998,2403.3127491652,1344.31901861128,1650.77751647519,1674.55486312035,1777.80100601839,1749.00329219244,2147.7820290942,1267.37341099614,1576.69199883807,1666.65350358135,2963.56687098503,2472.733102945,1868.26795414898,2381.73470191371,2031.61497572744,2022.16241860044,2088.28871950217,1756.76295743051,2214.25324238218
2229.08123189802,1446.90005304444,2187.32292414723,1903.0212587357,1969.7551855751,1911.34976037877,2968.84215444338,1861.63173726707,1456.71448853233,1696.91571929781,1481.31077644092,1836.19997219802,2100.13508225066,2282.21183166681,2142.06328874756,2153.39454954265,1783.4048981653,1451.35594999986,1629.95011791772,1587.8089743102,1409.58694322131,1787.82296209664,2187.21904278012,1409.03547513893,1555.60058565816,1694.00656967439,1363.82111583594,1727.61163471424,2259.977920224,1802.32645034134,1e+09,1221.49470146211,1559.27171442312,2115.19755129397,1637.30351303599,2678.64910798335,1383.44020427339,1724.25634367399,1811.28371162554,1886.02345287645,1930.85238112601,2106.94530524644,1420.1478846585,1243.0395471585,974.48272924665,2361.06585177119,1944.01401275814,1431.97236869292,1752.60259588419,1707.49801235609,1774.04974924606,2051.15255293213,1396.13866503295,1670.48763515328
2136.3204566497,1080.66504264735,1942.70357610213,1693.83127669199,1772.17105111217,1637.32910699102,2867.8698226907,2144.99094126292,1396.73377649429,1427.40781793431,1276.68332937342,1788.84275602972,1736.77662311536,2317.49621857297,2050.4370064696,1548.08965034329,1585.9188032494,1348.87819327766,1532.46355441165,1649.55797679257,1560.38916511234,1717.17102406837,1963.67698448599,1531.68622416603,1798.66891155654,1288.07380316502,1005.55299805629,1736.24552010941,1835.50127779852,1493.04626864006,1221.49470146211,1e+09,1316.80155327217,2256.19560874052,1920.47052497559,2528.86039531644,1638.42333085805,1747.8671829404,1919.73567157044,2023.89765815863,1841.34265230565,2301.719861799,1686.01609600858,1304.18874673109,1330.59201902762,2448.20664648636,2103.95294512496,1706.49257390708,2522.8700054105,2231.46739982909,1707.75340705267,2080.26880746215,1885.38820005324,2128.65000563738
1228.93187622423,1026.2351292467,2142.86883767999,1691.97146169786,1593.13839709549,2021.09511876606,2421.43746910797,1578.26906679438,1747.81111922885,1371.32554595909,1401.14256947678,1204.6251140085,1348.17019522759,1579.85251254666,1719.10764136514,1691.58279868294,1170.04661214842,1752.14608357865,1386.70249776223,930.624216158166,1194.30220961865,1578.19976935748,1709.56159704762,1147.48060672065,1506.99635550322,1217.67774813372,1250.95406182641,1503.45797879422,1558.02758823456,1523.61641038681,1559.27171442312,1316.80155327217,1e+09,1890.23541258754,1536.66093507969,2132.21651252869,1070.0408052967,1072.53926813893,1322.54102960929,1538.2213163261,1655.68751360273,2425.56872087764,1538.48011521111,1106.75034583234,1500.82814858997,2633.66304006416,2101.09219017158,1605.66671432773,2493.01617417537,2219.09696651588,1652.59016377322,1536.06377081162,1558.69317724817,1825.60880464573
1369.21790442574,2190.80528119228,3006.11568731145,2645.21509752988,2297.58608881147,2979.23835610714,2421.68673882482,938.027352906087,2027.27392764273,1604.91374235502,2167.94943414278,2057.62821527603,2144.01832284615,1957.68460937915,2095.85694111025,2563.50218630685,1907.54589769159,1495.87977618524,2074.44589336526,1825.25709583609,1761.26926689249,1272.33061678166,2490.58610421322,1644.97594353231,1947.38130783368,2099.39560376314,2294.8504175218,1283.55485601512,1602.92333768649,1125.71059264804,2115.19755129397,2256.19560874052,1890.23541258754,1e+09,1027.68546851651,2294.99995544662,1488.7981938463,1634.96352910394,1815.57615593508,1761.57929801641,1655.70265660837,2320.4300617127,1179.15036025945,1983.85265299618,1968.86448101437,3330.83861230171,2885.12033260313,2073.17366303453,2359.08240693283,2249.35493837678,2305.05789523821,2038.12942523285,1604.61465872651,2217.43801599955
1336.25048115988,1977.18517162657,2949.00712523724,2512.8817213709,2332.54761325466,2706.94619327758,2337.4965955911,524.974715010161,2082.028621249,1725.12470111584,2018.64847955259,1951.33366821259,2069.71018157132,1496.19093714673,1318.72307714698,2226.67895041023,1756.37445284313,1681.7109655348,1910.81574451856,1358.91763904219,1100.16382257371,1449.81806486193,2390.97019397984,1490.41651144906,1791.58715124328,1499.88428470332,1914.79366528094,935.284646832182,1300.89166009318,1144.97794921998,1637.30351303599,1920.47052497559,1536.66093507969,1027.68546851651,1e+09,1936.45588338593,778.269144705095,1187.56599408201,983.312832012275,1246.96414166567,1364.33745880556,1534.3938782138,631.847349048803,1235.78765230925,1405.71165862705,2671.84203859435,2023.45060428961,1264.84714669402,1524.24456243085,1300.10753262951,1534.83257445234,1457.37907491497,923.322657579678,1403.64121462716
1964.4280468625,2830.27305703884,3432.47973424462,2676.18787376746,3053.50416335069,3281.68669162673,2351.5731177448,2130.28812616979,2603.54748721816,2351.12152933446,2492.13510029051,2039.75133852144,2742.17846202613,1354.84585355678,1907.76828254901,1921.97815869484,2320.26056319113,2971.29185599463,2526.13746704331,2032.44205742747,2547.30916592392,1900.4095429933,2672.60817285288,2059.50947050505,2473.19103592909,2280.9227754135,2487.39709939929,2088.84156428869,1328.9585435972,2403.3127491652,2678.64910798335,2528.86039531644,2132.21651252869,2294.99995544662,1936.45588338593,1e+09,1813.91039996467,1420.3315331288,1903.85111768226,1584.14051002428,1213.7566764389,2031.04685795281,1635.99529730375,1989.71608464625,2097.8133794263,2588.33506194619,2320.20001178778,1627.54602497134,2606.22474840525,2412.9189168101,1357.83004573474,1196.43708931979,1802.5770693926,1909.74432039999
1127.11200490457,1531.31668047468,2429.51151713673,1898.03487539086,1863.199269885,2205.25681291318,2004.49684180345,877.661215731902,1764.04043771678,1398.50455258465,1526.00361736137,1431.35705402251,1610.72959577329,1225.20891704231,1128.07954223095,1767.00472432872,1218.70436587386,1791.27592933082,1363.79205933309,737.73392188512,987.445238430972,1367.4042133912,1863.01479363423,976.548721774802,1297.20009401017,1108.87630207341,1338.80547653496,902.475781170886,1316.01885469016,1344.31901861128,1383.44020427339,1638.42333085805,1070.0408052967,1488.7981938463,778.269144705095,1813.91039996467,1e+09,820.299917042541,875.211383266922,929.673210004462,1293.43556233003,1794.2801541844,797.625416784094,772.052703252829,991.045395125773,2216.49362927124,1574.07721646684,877.559533080235,1704.80716748259,1395.29298844365,1279.21716874032,1157.30380479803,876.952110779146,1106.18447286156
1161.35074800854,1642.48107550742,2522.14579273285,1855.50166787853,1948.92342491951,2255.94493833515,2087.87254642136,1192.62974593962,1751.56624076853,1456.85974043488,1454.40384271357,1127.79807669636,1654.84935586294,704.345548363869,1539.92356923972,1423.9897588466,1221.5001915268,2059.66459810815,1730.63947978775,911.322596778989,1408.86570956923,1349.48954375349,1626.73017356905,1007.85510937833,1303.91587220955,1507.36630690751,1605.44387441604,1162.3430814953,1200.73888835167,1650.77751647519,1724.25634367399,1747.8671829404,1072.53926813893,1634.96352910394,1187.56599408201,1420.3315331288,820.299917042541,1e+09,1051.53708974054,1260.03837469341,892.423510671923,1873.93937297875,1006.21435559229,930.011195255197,1174.94967173067,2126.62781005516,1730.24785377702,1071.89973402366,2050.47678611585,1867.64172177107,1119.84993936688,773.646414003193,1150.0629235394,1246.69401430343
1347.55008604504,1880.44062924092,2855.82855954275,2473.78387107686,2339.4274408282,2481.65191642583,2280.60205537924,1112.9953883103,2314.05379516121,1971.43280230395,2028.62494512909,1815.53892839014,1930.05922942795,1107.96516479536,967.319020178969,2016.30654742775,1713.31798642284,2199.02434897843,2086.94124390219,1049.98776111915,871.958588752929,1785.67328954655,2245.94279546475,1621.87108593747,1900.11200867212,1221.2805847552,1872.65619476721,1118.93912881801,1469.57196445087,1674.55486312035,1811.28371162554,1919.73567157044,1322.54102960929,1815.57615593508,983.312832012275,1903.85111768226,875.211383266922,1051.53708974054,1e+09,1219.25115419261,1375.33520863097,1679.76372734382,1188.53953165219,882.660475607694,1496.76417915449,2436.05609114404,1598.35637259029,1132.75787390775,1750.38336529459,1441.12695859872,1226.84765460101,1014.05484733322,997.592285856301,1025.75881707154
1186.90022411321,2077.30663030281,2536.52181770629,2103.82578199812,2187.77620274561,2518.69328595206,1564.72614907529,1422.11074779709,1999.05887824746,1649.15413888454,1927.50881948696,1515.8579574947,1936.72647617055,1327.68815058356,1030.72916646421,2012.72921392819,1613.82792478009,2249.64806456477,1589.69114343007,1043.28451934264,1614.12478851544,1243.63375195433,2228.13798758066,1311.92731109616,1813.32066185217,1381.47173358705,1711.26767876916,1224.75415655551,1507.8706855364,1777.80100601839,1886.02345287645,2023.89765815863,1538.2213163261,1761.57929801641,1246.96414166567,1584.14051002428,929.673210004462,1260.03837469341,1219.25115419261,1e+09,1245.92199832092,2163.33099952365,1097.35779620869,1378.7323191976,1516.98378000557,2586.94871012164,1925.29057469256,1134.93997695913,2163.6641019576,1862.31953198156,1489.25174010306,1074.2306423669,905.493329958868,1226.98538141251
1490.93399562154,2061.04287548804,2635.35407666598,2098.37688037683,2252.93343217238,2409.00459119529,2000.42852241713,1514.87606915549,1708.01390480289,1561.6167151065,1680.14335885364,1388.93073851794,2001.08324914282,1017.82875254141,1625.01730738476,1496.55104968056,1619.78316724801,2123.54271035456,2034.77683872212,1367.30777851953,1799.49713881406,1049.89395278761,1960.24464758866,1320.7060096403,1713.26403149077,1732.3635261688,1892.64493994516,1200.01807890548,1241.01219583048,1749.00329219244,1930.85238112601,1841.34265230565,1655.68751360273,1655.70265660837,1364.33745880556,1213.7566764389,1293.43556233003,892.423510671923,1375.33520863097,1245.92199832092,1e+09,1821.42153177127,926.353375661793,1321.39678859153,1359.85944600904,2300.13669448144,1979.06102712877,1178.31460416987,2196.08469581663,2046.67144639778,1149.14029704819,799.655251155146,1129.95485427516,1343.11603299938
2632.02705147573,2792.91815640917,3773.10894099283,3210.30662845467,3351.81657881215,3242.62831770772,3280.81045080328,1897.34057794061,2816.204718695,2733.15633469804,2697.48284363404,2836.13310537429,3078.09276052558,2077.32779067243,1878.57315085147,2409.35213754652,2697.19516859644,2576.11764504263,2862.11788967541,2346.00088559233,1987.30648320786,2475.28981573876,3113.03082368293,2456.94268677558,2631.617418661,2163.28510404893,2543.61480977368,1992.14983178977,1786.96565853964,2147.7820290942,2106.94530524644,2301.719861799,2425.56872087764,2320.4300617127,1534.3938782138,2031.04685795281,1794.2801541844,1873.93937297875,1679.76372734382,2163.33099952365,1821.42153177127,1e+09,1469.43837638739,1658.95491478822,1759.1261104594,2270.19768278007,1787.58666942333,1405.46397854943,1171.30531732764,1043.8692062227,1245.34287122061,1883.74180595431,1700.65426342335,1677.85947954529
1451.70750941779,1903.39362755054,2687.32110537613,2178.85246680449,2197.02681121556,2464.63614945493,2197.71578460455,947.880514674714,1673.48021984127,1479.03031135268,1702.56667214532,1659.18945428182,2022.04750226101,1392.41128051305,1426.03953405928,1877.67307449939,1608.56349134873,1634.37491497514,1739.32949230443,1296.4953792436,1364.75567967311,1089.68555147804,2163.24971355597,1205.02224116404,1567.5491908071,1520.4497116314,1700.03202866887,930.441668295224,1238.93440197615,1267.37341099614,1420.1478846585,1686.01609600858,1538.48011521111,1179.15036025945,631.847349048803,1635.99529730375,797.625416784094,1006.21435559229,1188.53953165219,1097.35779620869,926.353375661793,1469.43837638739,1e+09,1121.49767119687,1039.32423819518,2359.33463542161,1872.74169518917,951.737320798129,1560.83795558668,1400.42459215054,1248.30146042533,1230.45377145994,731.058141258272,1230.84912613204
1599.70748213541,1326.70911367187,2298.60630145747,1828.93457362476,1876.96718157244,1805.18598579205,2323.72195539828,1379.18919434572,1732.41214539151,1561.80109322538,1350.76894759985,1505.51886547462,1600.59637269988,1327.10565110695,1260.50288845365,1423.35282590087,1275.25569883063,1883.94535037511,1616.6290570505,879.303622248879,897.012327730227,1660.21181437791,1716.0973924868,1193.73404274151,1364.28525378676,966.512592416674,1185.80465237745,1098.73597410843,1502.26374884705,1576.69199883807,1243.0395471585,1304.18874673109,1106.75034583234,1983.85265299618,1235.78765230925,1989.71608464625,772.052703252829,930.011195255197,882.660475607694,1378.7323191976,1321.39678859153,1658.95491478822,1121.49767119687,1e+09,769.463789921267,1790.47040103991,1130.92798064245,762.614191908333,1711.89663049496,1389.84264764037,963.284481344945,1159.20846261576,1129.42869195005,1005.89126837845
