1e+09,9932.59174318063,11398.8775003857,12212.5272992694,14235.326636523,17755.3572725642,23540.9976879252,11630.7271206447,11887.6764212734,9883.36524321043,16494.9443599456,17578.6745117657,16284.5322404145,17372.6630657939,13790.7882191664,9551.0267781637,10352.3019968846,16877.5825358136,16763.4421273198,16013.028447227,17243.0240157056,15913.473227938,11885.1097185133,8744.8023520146,7752.88401295286,7732.77604735841,14059.2418045355,17911.3424481193,13598.7919925264,10965.5552890312,15874.6480798851,21633.4018564372,22439.3563621798,16857.05707804,20320.5732421283,15734.0898722456,18450.2236860587,18624.1458421078,18130.8013716162,18993.533593168,18923.6149476494,17172.9930054024,17419.0707889313,16709.8290225125,15854.152634474,16938.6422841502,17777.6797272226,15730.11508319,17361.1606930211,16767.6814664401,18025.8577200864,16229.4959480478,19023.6411285274,21010.0084539583
9932.59174318063,1e+09,2525.60139010494,4388.09008411404,6026.36355743661,20024.1354494795,28197.9469155859,15381.3088549772,14629.3194206429,10562.0897310144,19888.218338353,20864.0414516819,19447.7715720285,20946.0625225578,17869.8958225839,13274.2990402469,12760.4603176766,21333.3816123675,20003.9119627912,19498.6921736613,21329.717703929,19659.8531903471,15519.4239719198,11422.7994158481,8076.10187882743,8407.71468851673,16909.0419217737,21448.9534168103,16250.8381218847,14329.6154707131,19106.5161679386,25216.0454648028,26632.0415657756,19957.2078748005,23706.2444832791,18898.2113886791,21940.0142145875,22284.9620933131,21566.7814519483,22407.3793667555,22771.0219204014,20859.4672564354,21563.2437009672,20328.9827422304,19234.5233214473,20162.9158151518,21909.6737922909,19295.2149123481,21052.61113361,20495.2968900258,21315.8308697245,19106.3357814941,22501.7971213701,24563.8745707492
11398.8775003857,2525.60139010494,1e+09,2245.14771166621,3928.39668036465,22323.5884517431,30457.3011284799,17577.3274468931,16859.8016747677,12772.2739245015,22125.475521717,23117.3220515742,21690.9396876876,23243.4423082469,20024.7373977763,15432.6985723301,14873.1479303038,23545.375720349,22277.8314169131,21773.6450793499,23603.5866980762,21882.9683641662,17737.5534527651,13577.7342516268,10296.5567522109,10509.4416080209,19190.7194732975,23682.8288894718,18483.6076866017,16540.6286477268,21305.1176217593,27439.3653737782,28870.4838249569,22212.7636821963,25931.0906906073,21133.7827499598,24152.9700331781,24539.258038757,23842.605416615,24657.9076460595,25006.373707891,23121.9648009679,23820.9967307667,22581.9517041331,21474.2740166181,22434.4202185303,24168.9322331563,21550.0455049172,23316.8650063318,22740.4093251903,23589.7681273937,21377.9459175315,24785.0292245622,26801.7227052106
12212.5272992694,4388.09008411404,2245.14771166621,1e+09,2229.86840735053,24339.2887552821,32370.6045424317,19443.6492936408,18804.5617344808,14774.4101209659,24094.6027711374,25103.9649444824,23677.2268754367,25191.2232832509,21931.7956544032,17266.5096257814,16808.9222881808,25440.4179702575,24251.246061545,23723.2534407678,25519.1487754706,23830.4531444935,19629.0889088185,15450.5154346902,12202.4215242262,12388.5261109948,21138.4462963767,25661.524394751,20474.1569502776,18431.5242754472,23293.0810820037,29441.3500687027,30825.9805397931,24204.7279331601,27940.4856716575,23117.5717899632,26142.5448525387,26504.7414027849,25810.5312646795,26650.8114753679,26969.3206649982,25070.8235087203,25742.2678603615,24538.584324606,23441.7970006141,24407.7254119551,26084.9951266758,23493.0112311343,25267.020069658,24695.6992783885,25569.8481926272,23369.9723400414,26758.3155561444,28798.9917620114
14235.326636523,6026.36355743661,3928.39668036465,2229.86840735053,1e+09,25986.3964513185,34190.2174427394,21340.8665980602,20615.5547135021,16531.0127088573,25883.3726803637,26855.0773721004,25435.3082565791,26952.77580682,23807.3127612421,19197.8526783466,18679.061725697,27314.3054588708,26000.9319501763,25503.5510236908,27321.3127157188,25653.7033184139,21491.6672838196,17347.5915473907,14041.8987709284,14267.2444969693,22897.9578300621,27426.3195933085,22236.9491540386,20296.6307907766,25085.8976386834,31206.4322682616,32626.1930823288,25952.2314445136,29680.990639576,24900.4250579985,27921.819670539,28289.058698868,27574.6352937786,28393.6395220778,28762.3338197755,26852.5739379505,27562.6375421675,26328.945073734,25222.1137949598,26164.8282802945,27901.4033992773,25298.186540187,27053.189549323,26488.3985527495,27311.0266554097,25106.6550260285,28507.1050794096,30546.6455191515
17755.3572725642,20024.1354494795,22323.5884517431,24339.2887552821,25986.3964513185,1e+09,9240.53089672341,6527.98307657886,6177.73435604834,9745.268310452,2980.67314328492,3185.75313852157,2832.90838392278,2721.10221039196,5747.6403859236,8676.29543361682,8715.65380539521,5146.73661871287,2550.04791343222,3055.71724334893,3853.08282698413,3949.0951629329,6303.01965106408,9915.73515125329,12489.6108011859,12595.7036345176,3792.54355002022,3250.34999730798,4538.53959896793,7211.20902372133,3570.32323435848,5975.60736078769,7562.05325885107,2387.6211852595,4428.71098845928,3120.01634282579,4000.39105173482,3899.05630837771,2873.87147092559,3596.68881692592,4225.34445560359,3066.52859481206,4202.50336777973,3104.213775145,3033.35386821254,2149.03971578005,4156.01408615274,3201.4262674002,3172.61145028823,3538.65862984832,2512.36243002478,2331.2841004691,3482.10358320944,5271.89226378916
23540.9976879252,28197.9469155859,30457.3011284799,32370.6045424317,34190.2174427394,9240.53089672341,1e+09,13032.2771328114,13624.3679981935,17758.7173661613,8454.8095831426,7772.08679759175,8976.03658298026,7430.6463894267,10773.9030562373,15285.9669305576,15847.4287424995,7167.56716373834,8404.82962177699,8776.07320968781,6908.08710893978,8716.80755553316,12813.9877213145,17042.7781120362,20245.0386351274,20164.0205953302,11452.6259120998,7069.54384720118,12082.9948758369,14000.2718521213,9369.49302782707,4026.02450591151,2181.62002805255,8540.16698965541,5335.46250891148,9476.59338575841,6811.43376258626,6231.10742443107,6946.5827028475,6284.68573157799,5643.08859783364,7426.01335006206,6688.86583174607,7942.41982619277,9086.11762011146,8278.88849598181,6338.95602499339,8951.6398804409,7219.62245706796,7893.88629124464,7266.5920738748,9405.01881002904,6081.22077115278,4446.50631992129
11630.7271206447,15381.3088549772,17577.3274468931,19443.6492936408,21340.8665980602,6527.98307657886,13032.2771328114,1e+09,1697.41947555694,5289.93930067255,5118.65808356057,6477.2996828694,5010.33014119828,6262.95104798848,3264.80438660573,2550.81274790997,3498.81802430478,6170.27291058508,5551.43763206433,4860.58472130669,6358.81463182408,4840.03789559545,1468.82231968336,4314.20857858078,7456.45554662535,7360.91954346059,2918.11421515677,6747.92229607751,2680.39225030591,1720.20091137634,4550.04416586257,10429.6744370953,11583.9849046172,5572.09731090547,9051.89770025048,4372.18580570405,7299.18298973933,7481.70326812017,6869.35849212283,7820.78632464153,7808.07779553969,6005.47738484627,6546.77599331915,5502.50546643072,4574.95316055804,5595.30167734502,6819.06494548923,4409.59590093015,6181.09592300589,5767.78153690828,6789.35962259328,4955.06520586763,7849.1928373241,9819.61501891495
11887.6764212734,14629.3194206429,16859.8016747677,18804.5617344808,20615.5547135021,6177.73435604834,13624.3679981935,1697.41947555694,1e+09,4185.87322830016,5333.12118534728,6537.36431941039,5015.08425630119,6506.05244982701,3928.8759153478,2819.47900508232,2973.56370128504,6914.17601444308,5581.67462981317,5035.9434803818,6803.12710200978,5224.20014741013,1729.18175782652,3888.19256167953,6763.31077319385,6740.83674171835,2583.80796935453,6928.13415697906,1916.97115776425,1610.76545905976,4663.10469261628,10712.2393788414,12050.9006628384,5543.48744955736,9223.62410132807,4448.50656380318,7511.51603464307,7807.79577947579,7101.81977519143,7972.04258426283,8189.38061264709,6296.82129451837,7046.64581298791,5774.93617506722,4678.09877530392,5694.70853395501,7330.68410990407,4724.42291154168,6492.44199564386,6033.33605441467,6891.79848728182,4811.92170879785,8072.87792121868,10067.1428384771
9883.36524321043,10562.0897310144,12772.2739245015,14774.4101209659,16531.0127088573,9745.268310452,17758.7173661613,5289.93930067255,4185.87322830016,1e+09,9379.93414352148,10416.6801089071,8951.94710590942,10553.1821758037,7684.38937067871,3894.56546470848,3028.43492348771,11015.2426791469,9538.5100414635,9064.76563820599,10928.0708257999,9240.94962615856,5326.20677591473,2465.23102099986,3087.29916739535,3242.9887510289,6510.6084113161,10945.4895968294,5745.88003420712,4266.37600835885,8603.22811829955,14687.9714025865,16130.2097909048,9466.0676738443,13180.3598708609,8420.07970674863,11443.8785434616,11827.2678909036,11121.8533568061,11921.5282433965,12273.4428411591,10391.165202772,11159.8140175766,9853.42957192571,8729.03691820008,9698.99286131813,11479.9469855309,8839.25225462539,10584.0268465457,10058.134548936,10856.2344892278,8660.68559412013,12061.4998682792,14045.6519047675
16494.9443599456,19888.218338353,22125.475521717,24094.6027711374,25883.3726803637,2980.67314328492,8454.8095831426,5118.65808356057,5333.12118534728,9379.93414352148,1e+09,1741.48061990365,933.618310124646,1842.79890842707,3401.09390952382,7367.22250233424,7616.15954743597,2606.29437000121,956.874671469571,993.35992117661,2105.28051586956,1367.93637198519,4791.38873841395,8899.37292908326,11982.7838812273,11920.625992988,3330.0063526516,2130.2143714894,3756.78152514889,5923.2119452287,1235.06534705658,5415.78523453433,6778.84208326171,1069.14557231464,4100.75270137081,1179.54903111316,2431.61592314658,2586.00959944081,2034.3552907248,2831.35264891182,3064.80622973134,1455.18822985207,2215.00394864208,860.571379317253,1043.26442520581,1198.81798305664,2412.28130333094,961.902033213362,1382.44670573589,1545.92241522659,2056.26773298129,1430.09462630974,2897.95226849926,4799.38094665343
17578.6745117657,20864.0414516819,23117.3220515742,25103.9649444824,26855.0773721004,3185.75313852157,7772.08679759175,6477.2996828694,6537.36431941039,10416.6801089071,1741.48061990365,1e+09,1708.12724283058,1939.68199579209,4349.52956110198,8545.86301102469,8653.31012823994,2949.45204338026,1278.30622559698,1859.63269155497,2197.91414850535,2008.25842791708,5868.601455807,9956.95776896739,12980.7647610878,12966.0709310415,4585.70465250435,2168.33016803254,4898.1112218691,7098.47015436425,2374.87779348749,4578.92426162521,5941.92597798896,1341.57097534942,3445.99631484133,2360.62863040759,1371.50028705794,1716.52496197987,1620.77087992103,1829.07870765585,2745.97516261528,1994.11577943709,2098.11897188887,1619.87443828218,2237.82442550795,1900.3263393428,2479.96621829815,2410.09362950903,1641.96216634245,1435.12380107083,1726.09123715984,1985.11116517438,2068.71825317031,3919.30827325435
16284.5322404145,19447.7715720285,21690.9396876876,23677.2268754367,25435.3082565791,2832.90838392278,8976.03658298026,5010.33014119828,5015.08425630119,8951.94710590942,933.618310124646,1708.12724283058,1e+09,2169.96613086472,3227.7285842524,7119.57051244666,7266.92286522982,3224.72218832879,979.233157067304,1044.72599594343,2551.02211454546,1411.90916393371,4516.67945517501,8544.58526114053,11563.8326721896,11549.3848181581,3085.9777876874,2457.82923717251,3341.84475245335,5659.18790070625,1163.74313939976,5868.60671384614,7248.37848527517,931.140197070237,4444.62453932838,992.142257844106,2680.15789697174,2979.67478604629,2461.7461431878,3009.88193607324,3545.61885673009,1954.94305126773,2698.22096602558,1335.0226313063,918.712080850143,1495.44241390299,3032.83354689967,1320.68946005486,1968.43211201199,1615.50164292705,2274.30016684254,952.227709951774,3229.49342601901,5143.02823253966
17372.6630657939,20946.0625225578,23243.4423082469,25191.2232832509,26952.77580682,2721.10221039196,7430.6463894267,6262.95104798848,6506.05244982701,10553.1821758037,1842.79890842707,1939.68199579209,2169.96613086472,1e+09,4652.55156731229,8527.1099983875,8981.0645254168,2804.99274819027,1553.21529557238,1793.42164453873,1291.81684444816,2402.32177051701,5980.26182151752,10120.4848717934,13088.7266542204,13136.0864705437,4209.77141975666,1693.03640368422,4916.40575044412,7131.69441057313,2904.41851619218,4748.15336345616,5906.12757817675,1716.29574861094,3366.19297603391,2554.32044412991,2525.78811930059,2013.91391774822,1143.00301005728,2158.1516365631,2274.79269739025,997.319373119764,1626.9898305767,1264.58282156607,2175.12896748676,1208.92645409057,1740.04793327655,2025.86813998345,968.816947260936,1623.43207557323,1190.33762773425,2301.28575889654,1854.94846462105,4020.60597156697
13790.7882191664,17869.8958225839,20024.7373977763,21931.7956544032,23807.3127612421,5747.6403859236,10773.9030562373,3264.80438660573,3928.8759153478,7684.38937067871,3401.09390952382,4349.52956110198,3227.7285842524,4652.55156731229,1e+09,4871.20758893521,5324.38563764872,3825.39838114934,3879.58927873815,3285.75075390694,4434.77830337662,2660.26773081207,2654.83410287724,6517.71669449509,9815.46306423696,9678.99320998315,3665.1320391904,4962.62774843127,3267.16928375314,3791.72502184692,2623.72355725599,8235.78232277906,9245.35121969955,3977.92165297408,7023.85026536016,2857.69109751212,4958.47926557125,5281.39298149645,5062.85925211239,5642.77995244365,5778.38028438766,4341.15319528118,4439.39792432487,3706.03011799688,3083.66203302178,4281.80727928056,4855.26013035347,3077.57817514032,4339.44741069644,3678.80913262702,5160.32879773179,3633.38141644942,5859.52709072157,7585.33033293211
9551.0267781637,13274.2990402469,15432.6985723301,17266.5096257814,19197.8526783466,8676.29543361682,15285.9669305576,2550.81274790997,2819.47900508232,3894.56546470848,7367.22250233424,8545.86301102469,7119.57051244666,8527.1099983875,4871.20758893521,1e+09,2068.06494586123,8271.83919848542,7718.08360383586,7027.73960134409,8624.15772672323,6916.17599250482,2781.87406722519,2080.0608908395,5313.11979922343,5243.12415311711,5090.62376142649,9055.695851264,4433.08255578441,1719.81535956625,6615.31761369022,12698.0997050307,13843.3365872141,7755.79097519396,11359.2968933689,6476.65129143912,9436.82746246852,9675.89426122981,9141.71223388704,10015.0826003184,10120.7512864263,8329.99694412909,8755.56518201995,7754.46355554012,6819.97923683056,7904.8197219924,9129.21666381623,6710.17062355347,8466.01215375338,7920.11639146799,9074.40879955273,7034.78093076821,10074.2986362625,12079.9880069477
10352.3019968846,12760.4603176766,14873.1479303038,16808.9222881808,18679.061725697,8715.65380539521,15847.4287424995,3498.81802430478,2973.56370128504,3028.43492348771,7616.15954743597,8653.31012823994,7266.92286522982,8981.0645254168,5324.38563764872,2068.06494586123,1e+09,8828.53292078021,7909.24432943502,7387.57443343889,9172.44155012721,7297.3776399197,3284.36937137101,1781.56682173305,4809.18002549291,4527.43194794797,5411.23611291357,9397.26808773167,4534.85525262935,2372.80575941226,6695.77041333557,12902.095793126,14215.9850611205,7909.53770561845,11571.0397299206,6690.40903840714,9548.90541824036,9960.32503679473,9428.50131272728,10225.1944548111,10547.580924942,8776.88213629988,9302.58364289728,8147.34412224622,7108.05615261304,8211.1949622147,9633.91724149632,7144.78819328467,8855.38577335849,8292.82371878843,9369.9565286665,7120.52761672898,10378.4122046438,12299.2281935291
16877.5825358136,21333.3816123675,23545.375720349,25440.4179702575,27314.3054588708,5146.73661871287,7167.56716373834,6170.27291058508,6914.17601444308,11015.2426791469,2606.29437000121,2949.45204338026,3224.72218832879,2804.99274819027,3825.39838114934,8271.83919848542,8828.53292078021,1e+09,3003.62739593312,2849.80239902699,2071.85289405402,2421.43491205112,5870.60847206659,10034.1709028798,13297.7928990002,13158.8164228475,5317.79912224973,3127.5151840079,5691.04123350025,7045.03397072009,3066.88733924153,5056.20387849422,5784.78604625098,3310.01676187599,4372.10652401105,3287.35201965047,2811.47418120814,2568.00483330931,2777.65405282947,3360.26733150802,2979.21112925889,2556.91851954653,1754.38311596983,2384.71028076788,3176.97905491994,3226.94908459988,1859.30285997198,2818.16405526719,2187.55075225696,2469.82764532264,3405.09041982735,3745.13141979023,3246.10884839064,4634.73104315666
16763.4421273198,20003.9119627912,22277.8314169131,24251.246061545,26000.9319501763,2550.04791343222,8404.82962177699,5551.43763206433,5581.67462981317,9538.5100414635,956.874671469571,1278.30622559698,979.233157067304,1553.21529557238,3879.58927873815,7718.08360383586,7909.24432943502,3003.62739593312,1e+09,923.37855341133,2078.64593959626,1769.24278365068,5066.45782584835,9153.2411040243,12144.8152082813,12129.8895884505,3476.82064489959,2129.13382228549,3945.42926827994,6214.77107744123,1755.85709110964,5328.73956502849,6709.63626739185,710.945286572743,3996.82774403651,1534.01505543459,2370.7531476727,2470.8560214023,1801.80122244381,2574.82304067678,3129.67337661616,1519.935120918,2281.69034608117,1058.11139952275,1327.72771907496,1091.51496581586,2508.15667367491,1439.70940303938,1375.85967376764,1500.97657003699,1748.80434331574,1137.93976584879,2603.794817838,4660.86872342485
16013.028447227,19498.6921736613,21773.6450793499,23723.2534407678,25503.5510236908,3055.71724334893,8776.07320968781,4860.58472130669,5035.9434803818,9064.76563820599,993.35992117661,1859.63269155497,1044.72599594343,1793.42164453873,3285.75075390694,7027.73960134409,7387.57443343889,2849.80239902699,923.37855341133,1e+09,2132.01050215518,1242.7442707975,4413.78616258196,8551.42444400347,11602.245161416,11612.7177742206,3023.42112509984,2508.87772661403,3478.20761247801,5575.58667296097,1646.23415397081,5906.41996513963,7176.27757360318,1169.09033047066,4614.22655219702,1151.25973403051,2892.23042831998,2914.6221068262,2336.5486966678,3180.36734392428,3477.95454576393,1681.59780931708,2266.68647318062,1013.41801922997,1051.71052286264,1342.44870699033,2700.5144132924,798.030930415608,1677.76159569827,1467.59067845909,2239.48979142572,1228.34450053721,3141.68460073573,5264.75593224415
17243.0240157056,21329.717703929,23603.5866980762,25519.1487754706,27321.3127157188,3853.08282698413,6908.08710893978,6358.81463182408,6803.12710200978,10928.0708257999,2105.28051586956,2197.91414850535,2551.02211454546,1291.81684444816,4434.77830337662,8624.15772672323,9172.44155012721,2071.85289405402,2078.64593959626,2132.01050215518,1e+09,2318.9300413984,6053.35922906447,10290.2713443718,13400.6295041278,13377.0810264871,4699.01525824295,1678.44323025833,5328.63478769187,7284.10194154365,3098.06484683584,4604.53947526786,5463.45987239771,2306.54404126607,3369.14950753154,3007.95419587799,2364.53244896322,1946.81172276623,1714.67108601038,2231.94886401996,1935.50742708469,1057.7601230903,806.453972400161,1417.98862703479,2409.32502257375,2028.28365550778,892.14537598981,2282.43524915823,1010.40046392507,1489.1345248835,1835.09802005234,3015.24951390428,2150.24050738516,3883.19534932251
15913.473227938,19659.8531903471,21882.9683641662,23830.4531444935,25653.7033184139,3949.0951629329,8716.80755553316,4840.03789559545,5224.20014741013,9240.94962615856,1367.93637198519,2008.25842791708,1411.90916393371,2402.32177051701,2660.26773081207,6916.17599250482,7297.3776399197,2421.43491205112,1769.24278365068,1242.7442707975,2318.9300413984,1e+09,4359.46561927033,8513.72073447914,11684.2087554785,11667.1188759651,3594.25634034358,2745.47600756226,3774.79030065248,5609.92628034451,1593.68254671374,5920.22763879904,7075.99853028532,1765.14069756493,4730.89983768416,1442.53853501388,2674.70364543439,2879.46192046361,2701.94714624472,3269.51773827578,3468.43586615062,2129.72031537007,2162.49780441507,1379.84731079203,1478.88516798973,2094.21751016937,2805.65080845782,1349.72401212248,2067.4104081193,1301.37616863842,2701.19182930424,1945.6777234681,3408.23831914671,5292.63534516596
11885.1097185133,15519.4239719198,17737.5534527651,19629.0889088185,21491.6672838196,6303.01965106408,12813.9877213145,1468.82231968336,1729.18175782652,5326.20677591473,4791.38873841395,5868.601455807,4516.67945517501,5980.26182151752,2654.83410287724,2781.87406722519,3284.36937137101,5870.60847206659,5066.45782584835,4413.78616258196,6053.35922906447,4359.46561927033,1e+09,4270.42342897048,7497.58534309547,7413.57238840358,2932.30076242189,6486.27629862466,2363.7862118432,1527.29093603675,4087.12325988586,10116.0712633907,11281.1351215026,5126.60386825431,8777.45349977999,3969.53000419445,6792.03144541455,7076.68099160899,6546.57910873305,7388.43125965858,7587.22775684242,5773.07555740439,6209.8005345341,5170.68366062942,4213.80443389344,5354.12097624811,6576.40654795611,4173.05776426591,5875.22453935167,5288.93541413582,6481.17258132354,4458.57317551254,7485.6356734415,9482.0203886039
8744.8023520146,11422.7994158481,13577.7342516268,15450.5154346902,17347.5915473907,9915.73515125329,17042.7781120362,4314.20857858078,3888.19256167953,2465.23102099986,8899.37292908326,9956.95776896739,8544.58526114053,10120.4848717934,6517.71669449509,2080.0608908395,1781.56682173305,10034.1709028798,9153.2411040243,8551.42444400347,10290.2713443718,8513.72073447914,4270.42342897048,1e+09,3434.61961994338,3317.34093930666,6411.57145409766,10600.806800711,5617.36218257289,3123.34879893361,8068.32071677868,14260.0242325846,15508.2038475866,9167.7009748846,12886.8710234991,7960.80896448973,10914.6388440663,11254.9939512956,10695.8676508267,11515.3443060206,11772.1464287232,9936.99506436428,10445.0969212832,9340.68459970681,8314.29782628696,9412.08996752581,10818.1678944126,8312.40007741446,10067.3689585462,9478.92194587549,10575.2028455155,8384.70123499341,11628.8786413222,13631.7256969395
7752.88401295286,8076.10187882743,10296.5567522109,12202.4215242262,14041.8987709284,12489.6108011859,20245.0386351274,7456.45554662535,6763.31077319385,3087.29916739535,11982.7838812273,12980.7647610878,11563.8326721896,13088.7266542204,9815.46306423696,5313.11979922343,4809.18002549291,13297.7928990002,12144.8152082813,11602.245161416,13400.6295041278,11684.2087554785,7497.58534309547,3434.61961994338,1e+09,1366.54651779586,9176.56088305962,13619.4360293112,8454.14577161407,6341.22452995476,11172.5304310662,17351.6055940481,18681.5807184564,12127.4957272637,15891.4875339221,10995.8090271612,14020.0262525753,14350.5387840666,13690.2558969327,14537.9091419468,14873.7903828513,12988.8184208457,13604.9120590065,12422.1525598948,11351.0020592941,12350.7730531129,13962.0095469456,11390.7648516814,13145.3606910499,12564.2618279667,13517.8615022162,11282.534096638,14637.8126496448,16693.7611159529
7732.77604735841,8407.71468851673,10509.4416080209,12388.5261109948,14267.2444969693,12595.7036345176,20164.0205953302,7360.91954346059,6740.83674171835,3242.9887510289,11920.625992988,12966.0709310415,11549.3848181581,13136.0864705437,9678.99320998315,5243.12415311711,4527.43194794797,13158.8164228475,12129.8895884505,11612.7177742206,13377.0810264871,11667.1188759651,7413.57238840358,3317.34093930666,1366.54651779586,1e+09,9228.07585051185,13598.2102747678,8494.5627035416,6247.67939006156,11061.3327968378,17269.8258237337,18592.0840751676,12138.7031632502,15848.3791029714,10988.3104373739,13943.2290636352,14321.8844083417,13683.6433486481,14532.4900837193,14844.4263609309,12972.7998174874,13587.3322240755,12407.9866873075,11323.5522198911,12376.2018004798,13880.9568704791,11371.6095652375,13105.8524853327,12573.1240758532,13562.0877389508,11318.0617060387,14657.2867187962,16642.3517925562
14059.2418045355,16909.0419217737,19190.7194732975,21138.4462963767,22897.9578300621,3792.54355002022,11452.6259120998,2918.11421515677,2583.80796935453,6510.6084113161,3330.0063526516,4585.70465250435,3085.9777876874,4209.77141975666,3665.1320391904,5090.62376142649,5411.23611291357,5317.79912224973,3476.82064489959,3023.42112509984,4699.01525824295,3594.25634034358,2932.30076242189,6411.57145409766,9176.56088305962,9228.07585051185,1e+09,4738.99352595042,1476.36998892554,3715.06474896468,3145.85665512591,8539.61279073589,9892.67611412099,3414.24748076351,6982.77218964646,2667.67393912749,5585.2836213213,5715.99274136173,4854.91691741476,5807.92839737199,6005.44610843358,4075.04784570685,5046.88837651478,3693.92126126153,2669.14870923296,3361.21826800938,5236.14872270641,2686.74567962805,4336.15074769086,4095.17704782101,4556.55301066497,2763.59290734001,5817.28507974296,7854.00477038307
17911.3424481193,21448.9534168103,23682.8288894718,25661.524394751,27426.3195933085,3250.34999730798,7069.54384720118,6747.92229607751,6928.13415697906,10945.4895968294,2130.2143714894,2168.33016803254,2457.82923717251,1693.03640368422,4962.62774843127,9055.695851264,9397.26808773167,3127.5151840079,2129.13382228549,2508.87772661403,1678.44323025833,2745.47600756226,6486.27629862466,10600.806800711,13619.4360293112,13598.2102747678,4738.99352595042,1e+09,5234.02742998162,7652.27701994642,3054.49207892245,4153.48353714084,5429.16723987206,1953.62589271846,2470.80165446359,3019.9474622748,2113.97050845086,2170.04356797277,1789.66842504415,1760.11653438061,1563.18648615576,1110.81150183098,1902.32553470745,1599.0962016089,2328.64138965192,1767.85041754103,1879.61808575572,2581.7474563946,1399.40228129727,1765.03816899239,1229.81161638684,2942.86710734617,2135.124369586,3434.81575741698
13598.7919925264,16250.8381218847,18483.6076866017,20474.1569502776,22236.9491540386,4538.53959896793,12082.9948758369,2680.39225030591,1916.97115776425,5745.88003420712,3756.78152514889,4898.1112218691,3341.84475245335,4916.40575044412,3267.16928375314,4433.08255578441,4534.85525262935,5691.04123350025,3945.42926827994,3478.20761247801,5328.63478769187,3774.79030065248,2363.7862118432,5617.36218257289,8454.14577161407,8494.5627035416,1476.36998892554,5234.02742998162,1e+09,2977.03460762551,3140.00970619519,9032.95775803806,10457.9037403822,3830.9246455784,7496.86459147423,2821.76432873123,5902.81079842476,6223.45752868131,5511.35726011298,6264.25534778077,6558.35317505088,4698.08534320099,5560.08321110395,4168.58488955185,3053.16102713237,4045.92723884155,5893.55014000051,3239.22984411418,4921.36017985882,4455.2676703426,5193.1449643352,3158.33415944228,6415.08058231539,8374.61848931639
10965.5552890312,14329.6154707131,16540.6286477268,18431.5242754472,20296.6307907766,7211.20902372133,14000.2718521213,1720.20091137634,1610.76545905976,4266.37600835885,5923.2119452287,7098.47015436425,5659.18790070625,7131.69441057313,3791.72502184692,1719.81535956625,2372.80575941226,7045.03397072009,6214.77107744123,5575.58667296097,7284.10194154365,5609.92628034451,1527.29093603675,3123.34879893361,6341.22452995476,6247.67939006156,3715.06474896468,7652.27701994642,2977.03460762551,1e+09,5156.13120562307,11284.9241900998,12516.4577790164,6291.02409080588,9946.31853065746,5024.59489416809,8053.06926259796,8310.27721898012,7738.70252724577,8603.00444250728,8781.92162115445,6925.64065563613,7445.54853243198,6343.97106995295,5388.19608806139,6476.45916797134,7792.91080719522,5308.52132475702,7044.87461664862,6579.92739017689,7661.16289882939,5557.03558279952,8660.13619463343,10679.4907632902
15874.6480798851,19106.5161679386,21305.1176217593,23293.0810820037,25085.8976386834,3570.32323435848,9369.49302782707,4550.04416586257,4663.10469261628,8603.22811829955,1235.06534705658,2374.87779348749,1163.74313939976,2904.41851619218,2623.72355725599,6615.31761369022,6695.77041333557,3066.88733924153,1755.85709110964,1646.23415397081,3098.06484683584,1593.68254671374,4087.12325988586,8068.32071677868,11172.5304310662,11061.3327968378,3145.85665512591,3054.49207892245,3140.00970619519,5156.13120562307,1e+09,6255.14278518884,7652.59941283352,1812.73255713577,4967.05790104162,956.598957609719,3086.11629842428,3491.71022547691,3066.68446309691,3689.29246907859,4049.18932033315,2555.85343906884,3153.5396562593,1898.01455837409,1375.5347698259,2234.22956492837,3400.33697375716,1564.42249651429,2472.57218173707,2260.52860583537,3132.44793900872,1653.12869949681,3902.3787892515,5658.85353003592
21633.4018564372,25216.0454648028,27439.3653737782,29441.3500687027,31206.4322682616,5975.60736078769,4026.02450591151,10429.6744370953,10712.2393788414,14687.9714025865,5415.78523453433,4578.92426162521,5868.60671384614,4748.15336345616,8235.78232277906,12698.0997050307,12902.095793126,5056.20387849422,5328.73956502849,5906.41996513963,4604.53947526786,5920.22763879904,10116.0712633907,14260.0242325846,17351.6055940481,17269.8258237337,8539.61279073589,4153.48353714084,9032.95775803806,11284.9241900998,6255.14278518884,1e+09,2080.81746018242,5330.11314395858,2037.19100709776,6391.41915283296,3551.92078460373,3265.54379786889,3937.344968821,3129.17325718791,2970.71299175804,4704.12918405734,4341.52260783011,5087.93382338057,6130.3045624096,5236.85627844607,4052.75480622749,6129.10065605877,4425.95527153178,5110.14149511538,4207.38869619863,6205.51807405313,3103.06967590159,1277.22764521443
22439.3563621798,26632.0415657756,28870.4838249569,30825.9805397931,32626.1930823288,7562.05325885107,2181.62002805255,11583.9849046172,12050.9006628384,16130.2097909048,6778.84208326171,5941.92597798896,7248.37848527517,5906.12757817675,9245.35121969955,13843.3365872141,14215.9850611205,5784.78604625098,6709.63626739185,7176.27757360318,5463.45987239771,7075.99853028532,11281.1351215026,15508.2038475866,18681.5807184564,18592.0840751676,9892.67611412099,5429.16723987206,10457.9037403822,12516.4577790164,7652.59941283352,2080.81746018242,1e+09,6782.53751379231,3498.90887037659,7803.69975093865,4874.84282906639,4439.34069749101,5234.14777182494,4437.73403201454,4018.74105231974,5888.36779025393,5207.23063454078,6335.95205393002,7436.34499922509,6629.85886226095,4877.93016325572,7387.65327616964,5630.02539830861,6226.43900163649,5566.7138450885,7663.61210691147,4371.91163722461,2493.60056241973
16857.05707804,19957.2078748005,22212.7636821963,24204.7279331601,25952.2314445136,2387.6211852595,8540.16698965541,5572.09731090547,5543.48744955736,9466.0676738443,1069.14557231464,1341.57097534942,931.140197070237,1716.29574861094,3977.92165297408,7755.79097519396,7909.53770561845,3310.01676187599,710.945286572743,1169.09033047066,2306.54404126607,1765.14069756493,5126.60386825431,9167.7009748846,12127.4957272637,12138.7031632502,3414.24748076351,1953.62589271846,3830.9246455784,6291.02409080588,1812.73255713577,5330.11314395858,6782.53751379231,1e+09,3887.39652410196,1503.23650261694,2327.23858340738,2567.81039662199,1903.22015465894,2537.87596905365,3084.74968550124,1597.8912488965,2447.08483843532,1133.80639877362,1209.49433347164,912.604656847641,2752.47019246349,1516.16950856426,1615.38807746003,1416.12469609848,1559.09477880596,1061.84791999608,2700.46701614739,4658.68088680691
20320.5732421283,23706.2444832791,25931.0906906073,27940.4856716575,29680.990639576,4428.71098845928,5335.46250891148,9051.89770025048,9223.62410132807,13180.3598708609,4100.75270137081,3445.99631484133,4444.62453932838,3366.19297603391,7023.85026536016,11359.2968933689,11571.0397299206,4372.10652401105,3996.82774403651,4614.22655219702,3369.14950753154,4730.89983768416,8777.45349977999,12886.8710234991,15891.4875339221,15848.3791029714,6982.77218964646,2470.80165446359,7496.86459147423,9946.31853065746,4967.05790104162,2037.19100709776,3498.90887037659,3887.39652410196,1e+09,5058.22179116337,2604.05027180736,2455.7470855933,2723.97277308346,1789.18448727346,1699.24002395188,3248.00869812567,3337.58966457832,3731.36320265128,4615.24749608296,3748.01862651455,3012.69519414095,4782.99416592787,3151.79634805296,3758.96141503208,2675.20134623546,4818.24232692794,2130.51375867418,1294.01479949033
15734.0898722456,18898.2113886791,21133.7827499598,23117.5717899632,24900.4250579985,3120.01634282579,9476.59338575841,4372.18580570405,4448.50656380318,8420.07970674863,1179.54903111316,2360.62863040759,992.142257844106,2554.32044412991,2857.69109751212,6476.65129143912,6690.40903840714,3287.35201965047,1534.01505543459,1151.25973403051,3007.95419587799,1442.53853501388,3969.53000419445,7960.80896448973,10995.8090271612,10988.3104373739,2667.67393912749,3019.9474622748,2821.76432873123,5024.59489416809,956.598957609719,6391.41915283296,7803.69975093865,1503.23650261694,5058.22179116337,1e+09,3298.03982130295,3501.41004571016,2924.48044303599,3716.28669740374,4056.86013549888,2386.7402549712,3065.45981453028,1682.51532275341,1145.13815790934,1802.19976276216,3452.17255319024,1095.25414105586,2392.01098835269,2118.20456384647,2859.89321421273,1100.43394040715,3780.81551727931,5782.34711663871
18450.2236860587,21940.0142145875,24152.9700331781,26142.5448525387,27921.819670539,4000.39105173482,6811.43376258626,7299.18298973933,7511.51603464307,11443.8785434616,2431.61592314658,1371.50028705794,2680.15789697174,2525.78811930059,4958.47926557125,9436.82746246852,9548.90541824036,2811.47418120814,2370.7531476727,2892.23042831998,2364.53244896322,2674.70364543439,6792.03144541455,10914.6388440663,14020.0262525753,13943.2290636352,5585.2836213213,2113.97050845086,5902.81079842476,8053.06926259796,3086.11629842428,3551.92078460373,4874.84282906639,2327.23858340738,2604.05027180736,3298.03982130295,1e+09,1169.49488169038,1785.56796129411,1322.34212267476,2056.45908189295,2349.6935051619,2082.75807586959,2255.08173621268,3056.30089807924,2648.74206868091,2247.5041076047,3208.25032252784,1970.84286377682,2009.78833582047,2054.8958034898,3139.56891147495,1855.12749033591,2947.82613761395
18624.1458421078,22284.9620933131,24539.258038757,26504.7414027849,28289.058698868,3899.05630837771,6231.10742443107,7481.70326812017,7807.79577947579,11827.2678909036,2586.00959944081,1716.52496197987,2979.67478604629,2013.91391774822,5281.39298149645,9675.89426122981,9960.32503679473,2568.00483330931,2470.8560214023,2914.6221068262,1946.81172276623,2879.46192046361,7076.68099160899,11254.9939512956,14350.5387840666,14321.8844083417,5715.99274136173,2170.04356797277,6223.45752868131,8310.27721898012,3491.71022547691,3265.54379786889,4439.34069749101,2567.81039662199,2455.7470855933,3501.41004571016,1169.49488169038,1e+09,1211.82500646752,1165.35266932375,1612.89884878129,2138.34655940051,1622.20361511741,2233.76157516867,3311.06679864662,2556.62180603624,1719.53008272609,3224.0721940273,1679.76493403095,2159.75885554383,1825.01428342356,3313.96559191552,979.12853645474,2631.16774586874
18130.8013716162,21566.7814519483,23842.605416615,25810.5312646795,27574.6352937786,2873.87147092559,6946.5827028475,6869.35849212283,7101.81977519143,11121.8533568061,2034.3552907248,1620.77087992103,2461.7461431878,1143.00301005728,5062.85925211239,9141.71223388704,9428.50131272728,2777.65405282947,1801.80122244381,2336.5486966678,1714.67108601038,2701.94714624472,6546.57910873305,10695.8676508267,13690.2558969327,13683.6433486481,4854.91691741476,1789.66842504415,5511.35726011298,7738.70252724577,3066.68446309691,3937.344968821,5234.14777182494,1903.22015465894,2723.97277308346,2924.48044303599,1785.56796129411,1211.82500646752,1e+09,1548.05715275632,1924.42638240594,1529.50491068188,1784.64546439902,1717.18025640874,2674.46336766836,1626.34010575894,1666.91736912782,2577.91126837213,1130.42778446922,1927.01807723747,1149.65933241113,2588.37961402496,1184.35820172784,3275.02738309163
18993.533593168,22407.3793667555,24657.9076460595,26650.8114753679,28393.6395220778,3596.68881692592,6284.68573157799,7820.78632464153,7972.04258426283,11921.5282433965,2831.35264891182,1829.07870765585,3009.88193607324,2158.1516365631,5642.77995244365,10015.0826003184,10225.1944548111,3360.26733150802,2574.82304067678,3180.36734392428,2231.94886401996,3269.51773827578,7388.43125965858,11515.3443060206,14537.9091419468,14532.4900837193,5807.92839737199,1760.11653438061,6264.25534778077,8603.00444250728,3689.29246907859,3129.17325718791,4437.73403201454,2537.87596905365,1789.18448727346,3716.28669740374,1322.34212267476,1165.35266932375,1548.05715275632,1e+09,1491.68945793017,2192.60913160554,2156.87298346472,2439.39925465267,3355.75422201925,2606.75939921582,2186.35599976308,3526.1377543142,1967.57453609768,2308.8677002375,1553.69340643513,3401.633247324,1048.72418871694,2232.57072398614
18923.6149476494,22771.0219204014,25006.373707891,26969.3206649982,28762.3338197755,4225.34445560359,5643.08859783364,7808.07779553969,8189.38061264709,12273.4428411591,3064.80622973134,2745.97516261528,3545.61885673009,2274.79269739025,5778.38028438766,10120.7512864263,10547.580924942,2979.21112925889,3129.67337661616,3477.95454576393,1935.50742708469,3468.43586615062,7587.22775684242,11772.1464287232,14873.7903828513,14844.4263609309,6005.44610843358,1563.18648615576,6558.35317505088,8781.92162115445,4049.18932033315,2970.71299175804,4018.74105231974,3084.74968550124,1699.24002395188,4056.86013549888,2056.45908189295,1612.89884878129,1924.42638240594,1491.68945793017,1e+09,2018.31752375586,1801.71277241962,2520.37279256462,3574.20715058599,2825.86305204269,1626.6883637624,3571.8346870901,1962.44669221867,2559.90783117283,1927.45181244564,4022.88821617007,1609.39773974615,2293.44446148146
17172.9930054024,20859.4672564354,23121.9648009679,25070.8235087203,26852.5739379505,3066.52859481206,7426.01335006206,6005.47738484627,6296.82129451837,10391.165202772,1455.18822985207,1994.11577943709,1954.94305126773,997.319373119764,4341.15319528118,8329.99694412909,8776.88213629988,2556.91851954653,1519.935120918,1681.59780931708,1057.7601230903,2129.72031537007,5773.07555740439,9936.99506436428,12988.8184208457,12972.7998174874,4075.04784570685,1110.81150183098,4698.08534320099,6925.64065563613,2555.85343906884,4704.12918405734,5888.36779025393,1597.8912488965,3248.00869812567,2386.7402549712,2349.6935051619,2138.34655940051,1529.50491068188,2192.60913160554,2018.31752375586,1e+09,1437.0373810726,816.51127132453,1766.31923150941,1179.67095361376,1484.99910636337,1722.66638720328,658.184022367605,1406.32160447033,1291.78651742461,2387.06246874689,2181.81689795455,4012.30596121482
17419.0707889313,21563.2437009672,23820.9967307667,25742.2678603615,27562.6375421675,4202.50336777973,6688.86583174607,6546.77599331915,7046.64581298791,11159.8140175766,2215.00394864208,2098.11897188887,2698.22096602558,1626.9898305767,4439.39792432487,8755.56518201995,9302.58364289728,1754.38311596983,2281.69034608117,2266.68647318062,806.453972400161,2162.49780441507,6209.8005345341,10445.0969212832,13604.9120590065,13587.3322240755,5046.88837651478,1902.32553470745,5560.08321110395,7445.54853243198,3153.5396562593,4341.52260783011,5207.23063454078,2447.08483843532,3337.58966457832,3065.45981453028,2082.75807586959,1622.20361511741,1784.64546439902,2156.87298346472,1801.71277241962,1437.0373810726,1e+09,1536.68631014921,2669.62336092566,2291.4711228379,1081.18576900549,2455.53058714405,1220.19591439244,1469.90827883919,2005.87885342062,3179.08395103055,2041.97006785114,3733.90850340498
16709.8290225125,20328.9827422304,22581.9517041331,24538.584324606,26328.945073734,3104.213775145,7942.41982619277,5502.50546643072,5774.93617506722,9853.42957192571,860.571379317253,1619.87443828218,1335.0226313063,1264.58282156607,3706.03011799688,7754.46355554012,8147.34412224622,2384.71028076788,1058.11139952275,1013.41801922997,1417.98862703479,1379.84731079203,5170.68366062942,9340.68459970681,12422.1525598948,12407.9866873075,3693.92126126153,1599.0962016089,4168.58488955185,6343.97106995295,1898.01455837409,5087.93382338057,6335.95205393002,1133.80639877362,3731.36320265128,1682.51532275341,2255.08173621268,2233.76157516867,1717.18025640874,2439.39925465267,2520.37279256462,816.51127132453,1536.68631014921,1e+09,1244.29679779384,1059.04364933651,1910.57320485241,1158.28398106855,868.520153537038,976.883575867667,1596.5283331028,1820.20184564789,2479.64704226227,4437.73102691004
