1e+09,10043.5110114442,11611.1150410846,12281.7943755585,14424.3955729556,12515.9321331813,19211.1561312796,9159.11316487028,9158.08602286526,8011.18078772412,12715.3014860993,13434.7115855942,12481.5446510398,12622.8488691262,11492.5734372898,7473.67573149919,8545.10501291822,13979.9001596399,12539.0658893994,12067.8795988525,13304.1014672093,12460.4359614702,9165.47780201338,7190.92176080369,6404.70377293127,6766.81646467525,10247.8798259591,13924.0084951963,10344.0974199782,8732.92555088499,12519.6072161909,17195.1573687652,18015.6459222338,12735.5973221322,15783.4938121476,11960.5699333226,14616.5409122131,14287.2909120904,13386.7582413443,14521.7181805598,14956.7962148717,13139.3737165247,13701.6566348125,12813.0212148619,12184.6679934826,12567.3927904757,13970.2176438129,11934.3311014904,13176.3949015579,13006.5259429988,13430.2041377561,12008.1844699313,14263.4006018516,16631.3991811242
10043.5110114442,1e+09,1781.27559487576,3220.72349047539,5276.87591941482,16660.5733841726,25594.7157344285,14442.9137395022,13443.9691801789,9744.9327928724,17689.8608030928,18263.5521235356,17204.9071064014,18164.5736796821,16763.6301276036,12528.8724845694,11973.3019982543,19984.5153307379,17487.1387477397,17279.7177738122,19171.8467099025,17752.0231135299,14285.0815188364,10996.8506362958,7541.95985460013,8157.58182132426,14883.9082039194,19161.299035329,14559.5431275641,13573.5125271869,17218.9895744698,22378.1424518346,23855.6476138817,17497.6657733625,20822.8288175814,16653.1716135186,19643.6817445559,19684.0171724448,18645.4286809609,19571.6217625571,20469.6949178243,18563.7463992455,19547.6085694619,18122.2001019551,17189.3030182785,17582.4260497833,19870.9248355808,17207.1820897845,18630.6056524151,18416.1585346863,18463.0706765912,16518.2539256575,19522.7801954204,21800.7655304923
11611.1150410846,1781.27559487576,1e+09,1916.92581478783,3749.1969855157,18261.6349395913,27251.9086456802,16084.4348562951,15082.276251803,11355.0013384984,19296.9259697523,19856.0645912578,18815.3234969798,19809.1969181161,18389.3121855495,14155.5835733784,13540.5329283563,21625.3809653009,19104.2946813433,18916.4415258922,20838.5890982979,19366.8186940396,15920.9540823564,12644.0346602776,9193.91718776605,9768.19500519415,16522.1464832267,20790.828731698,16173.8759099017,15225.7418421435,18812.1203920079,23966.5637321186,25481.3349075083,19105.4066623351,22421.7792206149,18240.7250452826,21240.1828318991,21298.1987926867,20259.6473522641,21175.5226069417,22101.5161558229,20206.0098043429,21203.1718804805,19753.8855199477,18818.599146682,19203.0852414189,21527.527384579,18834.9213669901,20262.6043345543,20060.0703778526,20080.0857821798,18120.4597008685,21144.0793272396,23410.7486157406
12281.7943755585,3220.72349047539,1916.92581478783,1e+09,2478.31684148738,19774.5513701146,28664.5344728482,17455.540296456,16530.3555459131,12864.8752770829,20820.1104324521,21427.5521592085,20359.7893930512,21292.6538505208,19812.2325860616,15578.8539164118,15073.5294663692,22993.5925227486,20645.1193074247,20415.2849443475,22260.0295300006,20893.8776522311,17397.8559286109,14056.8986509009,10611.984172345,11169.9089858557,17983.4956009281,22301.195063709,17714.0868932243,16623.6028514519,20352.807411657,25503.6631871326,26966.4788187223,20657.4561688655,23968.4654507793,19799.84809019,22794.6858042417,22821.0261924261,21770.6026461626,22738.061933839,23571.1674892929,21676.0437138469,22634.2011673132,21252.017394511,20326.2945547362,20708.8122637152,22937.1113854644,20326.8100895271,21757.6697130575,21545.723070902,21608.8178531427,19664.1935420754,22649.5018218194,24913.3511278912
14424.3955729556,5276.87591941482,3749.1969855157,2478.31684148738,1e+09,21871.0859906659,30842.7017916573,19691.3714166281,18698.9085965759,14980.634326533,22922.3400212347,23452.4904765613,22425.2239560634,23410.011378547,21983.1807056804,17746.3807594704,17176.6146590211,25231.8549763033,22706.7837201,22525.2609168662,24417.5404407016,22985.4672903293,19509.7228414373,16251.5187514737,12793.5060247963,13355.8598149464,20120.3938850809,24396.0549382149,19793.6548951552,18829.3414208888,22450.4867952924,27607.3410470567,29096.4645329188,22723.3211958112,26040.9987759802,21871.4061136316,24866.9430395314,24923.8997507693,23882.286882045,24772.2785820663,25717.6739363633,23805.7419205955,24804.4159374092,23369.2167188547,22428.4165559475,22824.8283806692,25121.1038834284,22454.980938765,23872.0635628699,23667.8671302802,23683.7758166746,21739.4256219708,24756.3503980332,27021.8137627362
12515.9321331813,16660.5733841726,18261.6349395913,19774.5513701146,21871.0859906659,1e+09,9360.78364890462,3751.7165655337,3666.71449174871,6976.0644200724,2307.10440496307,3647.47559743722,2214.33981599483,2914.2798106908,3377.83600606957,5826.66800171419,5794.90517704992,4835.64624453651,2627.00091128648,2351.46193705108,3540.49550839992,3348.29581938335,4283.24981211696,6358.82761485166,9483.25900515218,9046.17468205208,2433.86436131926,3111.43619364113,2913.1685636777,4217.21614661853,2275.14551453308,5949.5893350886,7530.48953612579,2308.64304917412,4426.80103484446,2739.09080074028,3963.08712301408,4044.16543245946,3043.62833036493,4019.14977752758,4145.30237148028,2663.08910126943,3860.60107733239,2571.17556640926,1906.54617877459,1897.81589172923,4054.25048233333,2362.56054610247,3049.54886699656,2951.95882100344,2734.75886611599,2058.66288855169,3512.10837416786,5312.18571050561
19211.1561312796,25594.7157344285,27251.9086456802,28664.5344728482,30842.7017916573,9360.78364890462,1e+09,11335.6216781481,12243.2337595833,16000.4799854504,8270.89041419363,8420.7715624698,8864.60331820325,7690.37121494145,9223.59491254359,13530.5434277859,14145.4259472877,6001.34024347062,8641.98668327486,8540.65696161601,6468.24022097201,8484.55448729631,11750.9728450712,14735.286371184,18159.8579761352,17693.6465427057,10879.152108216,6892.48403810267,11372.6425977606,12138.5351581194,8820.16824647353,4357.65784501262,2633.19586109731,8655.8272884283,5668.711968384,9525.82562019167,6912.92784727282,6578.59369849666,7367.63845924866,7078.97164254809,5317.12354989049,7161.71390250267,6115.34251043227,7699.62493354709,8655.57166910424,8277.74372336448,5779.59765356551,8621.46090462632,7247.61103427881,7465.52035471741,7682.22775964108,9512.97271787847,6462.53665967939,4572.35593355329
9159.11316487028,14442.9137395022,16084.4348562951,17455.540296456,19691.3714166281,3751.7165655337,11335.6216781481,1e+09,1709.33978444896,5157.56832422994,4168.67392561472,5568.55343846138,4164.50155367962,4382.44147560467,3526.77413719677,2921.7444383279,3800.69575942353,5846.60978242947,4385.08450272056,3763.3657755658,5118.76633034758,4479.57753133038,2561.77141944788,3747.89549065872,7059.34243709002,6628.06381264544,1880.61077254173,5497.00621700576,2687.44806600984,1614.30611130603,3969.43943495804,8601.81545075806,9806.68865593275,4415.15922700416,7208.11834947235,3847.79015300991,6271.55892381631,5995.69388061132,4951.96841553942,6376.54231900801,6439.37888058313,4663.67448664677,5479.90711693182,4384.67834108729,3710.56509738072,3944.25543833054,5648.91983655283,3460.53505728522,4820.24916381923,4753.70211330075,5086.45966765687,3726.96241099907,5831.11449714375,8040.2733988839
9158.08602286526,13443.9691801789,15082.276251803,16530.3555459131,18698.9085965759,3666.71449174871,12243.2337595833,1709.33978444896,1e+09,3829.57152104514,4601.6859495624,5764.59380628852,4327.75020377794,4959.7538766959,4300.01984789605,2771.84979856413,2959.78519855749,6867.07027087243,4575.7426712065,4167.08204325281,5906.09030449078,4938.62669703836,2457.89822417447,2933.52739469056,6115.73255832856,5696.03066041608,1669.96666544575,5901.40272029456,1896.28633170205,1360.56862888279,4231.5855870938,9174.77134783205,10570.7890871354,4544.95260033589,7648.28900300584,4043.47174736018,6653.84948307369,6568.43464249284,5521.14028687915,6725.63109942851,7145.62325511218,5274.56229731909,6298.65541912717,4909.46217385367,4009.09481978164,4350.91477010295,6505.9241452925,4007.37536477431,5403.43799753453,5257.49299418459,5454.99127740824,3784.85014880378,6408.8032417059,8620.01352168893
8011.18078772412,9744.9327928724,11355.0013384984,12864.8752770829,14980.634326533,6976.0644200724,16000.4799854504,5157.56832422994,3829.57152104514,1e+09,8124.50931894351,8927.6821942148,7677.8638889277,8626.28992911785,7546.73165686312,4058.33358498288,3251.81291617461,10542.2894756263,7977.21472777937,7739.66173371938,9635.80226421236,8358.70707288514,5199.90154676029,2333.06213890672,2847.4399217894,2628.03035796773,5284.43959234089,9516.71733732278,4994.15918330604,4264.52028034807,7647.88081912238,12722.5807683819,14238.5855103904,7935.38382027612,11172.2068815566,7255.60070947265,10090.9407576895,10136.829227796,9094.28209021471,10100.9035012716,10829.804137915,8962.18083793783,10010.9620942894,8543.13717769415,7586.46049795292,7958.92893877688,10280.9553980406,7659.35222477724,9059.50177776902,8859.41979459716,8923.78969458604,7017.12314504313,9959.75749715323,12159.0661455681
12715.3014860993,17689.8608030928,19296.9259697523,20820.1104324521,22922.3400212347,2307.10440496307,8270.89041419363,4168.67392561472,4601.6859495624,8124.50931894351,1e+09,1910.00167808827,946.894234167682,1357.79180267079,2689.14976222969,5861.36136841946,6101.83549044056,3960.21875813698,1016.21143277371,1006.63032976361,2441.90715212516,1490.78001499215,3957.55195369562,7025.40112460492,10332.8787926018,9886.19561764787,3287.36209710765,2152.74866412687,3463.94171795658,4798.25215674416,951.904056877583,4844.90808302903,6256.48042905115,1102.80630116988,3337.87292207178,1439.14290120891,2377.87446640902,2260.18263489922,1088.11630940814,2341.59241111685,3190.49788371658,1560.72315081824,2696.08350547605,953.03433909802,951.446232532349,942.33058472067,3081.34182996629,1034.01268638252,1240.3686764023,1687.24965796411,1393.57292360321,1445.74508399648,2073.95190665068,4460.23207632742
13434.7115855942,18263.5521235356,19856.0645912578,21427.5521592085,23452.4904765613,3647.47559743722,8420.7715624698,5568.55343846138,5764.59380628852,8927.6821942148,1910.00167808827,1e+09,1683.46448308243,2381.76214263725,3594.2417334954,6648.25169706292,6684.01950714538,4934.96075066459,1510.38002873449,2136.13907012161,3344.96926151796,1631.53328124191,4561.91490599069,7836.68001098042,11001.4751313222,10621.0697034197,4599.75179799954,2888.88061927107,4391.99655485976,5964.68514635936,2164.88236521064,4811.88923472891,6129.02405816783,1662.24094553106,3436.95230150202,2089.81122123507,1884.89307115815,2169.46993549116,1779.3645948765,1612.77309182042,3841.29454354909,2815.04657812264,3432.18688818077,2165.2639813196,2315.70579001306,2450.31154908922,4051.40827582213,2542.60802647597,2210.57721695036,2226.61554265661,1851.05666469182,2138.97342980225,2368.08316779627,4592.13033303716
12481.5446510398,17204.9071064014,18815.3234969798,20359.7893930512,22425.2239560634,2214.33981599483,8864.60331820325,4164.50155367962,4327.75020377794,7677.8638889277,946.894234167682,1683.46448308243,1e+09,1743.98054091782,2752.43661630927,5557.42183251371,5671.42452899622,4585.90753380397,774.090038173855,1019.60242786098,2971.47646117212,1432.47904598985,3594.35233978251,6635.724236502,9881.6255337925,9487.91409420954,3099.73950576496,2573.33090752045,3032.78604261824,4576.63627423024,1020.60322819399,5378.6236352528,6800.83801215703,841.274593578102,3802.60497638132,1143.57539532818,2618.81423333157,2650.04587096148,1719.17125077754,2472.11724711835,3788.50423638406,2156.15889113024,3236.09960622352,1465.36161045661,1002.40092652591,1344.53905224058,3729.0555602726,1375.18576966896,1870.01724604347,1895.20192085171,1651.96964539304,895.711742694044,2527.3832812219,4926.84311106006
12622.8488691262,18164.5736796821,19809.1969181161,21292.6538505208,23410.011378547,2914.2798106908,7690.37121494145,4382.44147560467,4959.7538766959,8626.28992911785,1357.79180267079,2381.76214263725,1743.98054091782,1e+09,3207.57359424535,6143.36558011974,6711.96863030512,3650.28447246239,1452.38685056702,1073.79678189125,1707.5571730399,1454.11935242607,4219.69611543296,7437.2159502061,10784.8690825526,10409.4965570483,3565.60998311649,1539.25572004784,3818.05303093082,5077.64887176142,1994.91168789498,4758.68731101341,5889.42549956276,1531.44410668493,3212.1284262775,2289.74236404448,2437.628483424,1995.89912067218,1300.54979550958,2337.54667084959,2762.836737377,1076.29210844454,2053.371981376,603.082054533212,1244.37753234298,1171.61376933698,2494.97521805328,1115.04712088772,770.317254642527,1074.22657558822,1401.00681961224,2363.14267853213,2046.01187877783,4371.83613431473
11492.5734372898,16763.6301276036,18389.3121855495,19812.2325860616,21983.1807056804,3377.83600606957,9223.59491254359,3526.77413719677,4300.01984789605,7546.73165686312,2689.14976222969,3594.2417334954,2752.43661630927,3207.57359424535,1e+09,5151.10956483164,5505.28272842549,3850.96939416558,3145.73431109495,2539.61306531133,3389.21999954267,3068.58051750317,3831.98186904636,5996.70511543631,9319.49340316844,8880.77905148529,3680.65771426793,4353.20190282969,4075.50525273861,3907.75916169357,2540.73562095705,6375.86141539322,7485.06456616107,3333.85194854241,5371.34031664351,2772.9339596175,4261.45060690606,4019.29687328518,3116.96557983883,4380.27221899507,4584.19569919304,3265.78249327784,3495.31358899313,2948.1833408389,2851.9928476944,3027.92469559598,4015.4754166848,2746.17738263573,3300.07873759097,3118.88064167259,3610.56552934578,2491.00735976432,3525.77583677692,5694.29362901142
7473.67573149919,12528.8724845694,14155.5835733784,15578.8539164118,17746.3807594704,5826.66800171419,13530.5434277859,2921.7444383279,2771.84979856413,4058.33358498288,5861.36136841946,6648.25169706292,5557.42183251371,6143.36558011974,5151.10956483164,1e+09,2091.22327239346,8158.2609560065,5734.27081234397,5406.09462697426,7264.80471202083,5686.83112069455,2265.21360555688,2253.44196086786,5190.29081385619,4956.7542357676,3728.3151025765,7440.09257347649,3440.79677022634,2501.45304587154,5496.80932384415,10617.8378156478,11832.782478272,5878.6889792623,9132.47070382928,4894.17257898616,7844.48338604908,7639.66639216007,6708.28681777993,7799.04565310398,8644.40579345972,6750.36782035616,7601.91808752896,6210.57115923326,5470.60158953291,5873.55469204978,7956.27777229403,5228.06465755733,6631.53438649005,6562.67310475693,6791.64276015752,5064.1001882763,7701.7916712217,10166.7426185824
8545.10501291822,11973.3019982543,13540.5329283563,15073.5294663692,17176.6146590211,5794.90517704992,14145.4259472877,3800.69575942353,2959.78519855749,3251.81291617461,6101.83549044056,6684.01950714538,5671.42452899622,6711.96863030512,5505.28272842549,2091.22327239346,1e+09,8718.89048962654,5919.39914605359,5809.52020344193,7875.44889608205,6102.26062944709,2839.30081914545,2040.07039334431,4668.05488258225,4204.52962275211,4120.80745855712,7842.16398634331,3570.53273072801,3045.716836789,5543.61092098823,10811.2616021166,12226.5391585886,6021.81845303393,9349.48335029803,5068.77528052882,7940.19867381163,7953.60600533494,7013.26663656815,7995.06263152453,9109.61136587067,7251.54817349371,8195.65589645515,6650.26126218362,5785.41562430911,6220.62396467589,8518.45675356164,5730.92363213819,7075.83858305148,6982.60131991653,7102.30328786374,5061.53752975319,8012.35876054611,10372.3923737246
13979.9001596399,19984.5153307379,21625.3809653009,22993.5925227486,25231.8549763033,4835.64624453651,6001.34024347062,5846.60978242947,6867.07027087243,10542.2894756263,3960.21875813698,4934.96075066459,4585.90753380397,3650.28447246239,3850.96939416558,8158.2609560065,8718.89048962654,1e+09,4556.56752457373,4017.9228621142,2418.88115423226,4413.84140285987,6662.48733488477,9089.27609266547,12510.4866928229,11997.8467184366,5893.27533039141,3807.43904447596,6498.59122017226,6519.66115254466,4194.299843335,4326.15952746775,4900.44340008126,4628.42337302888,4176.92263294402,5084.53713201113,4017.51096407963,3522.2268034299,3493.35343501055,4559.05295008733,2775.84317790109,3175.9465612003,2084.58732817793,3526.97632047622,4231.44467732948,3988.1302469453,1812.76357586973,4083.40073528181,3374.0799974067,3369.3160288106,4240.20672725989,4923.87940845427,3161.402999619,3758.66646977356
12539.0658893994,17487.1387477397,19104.2946813433,20645.1193074247,22706.7837201,2627.00091128648,8641.98668327486,4385.08450272056,4575.7426712065,7977.21472777937,1016.21143277371,1510.38002873449,774.090038173855,1452.38685056702,3145.73431109495,5734.27081234397,5919.39914605359,4556.56752457373,1e+09,988.120948619146,2823.54662778924,1267.58958925987,3646.64269572713,6915.91842166317,10167.9617811487,9754.85831333803,3312.57696303044,2277.7346517099,3211.74096712359,4818.73471245305,1256.71342811319,5224.78252886185,6587.33294965421,690.166584238907,3616.51056174318,1400.78312554085,2392.89266877978,2408.9515374951,1548.74200520939,2254.2285031691,3697.16516721934,2040.02380951792,3137.84746095154,1310.32151428571,1007.09316694137,1368.53817856865,3559.86880938048,1311.86503288258,1538.26962743857,1754.15043590908,1552.06999652078,1426.59732426498,2517.45872021767,4896.52715268689
12067.8795988525,17279.7177738122,18916.4415258922,20415.2849443475,22525.2609168662,2351.46193705108,8540.65696161601,3763.3657755658,4167.08204325281,7739.66173371938,1006.63032976361,2136.13907012161,1019.60242786098,1073.79678189125,2539.61306531133,5406.09462697426,5809.52020344193,4017.9228621142,988.120948619146,1e+09,2340.76780971544,1293.78850423862,3454.05899089752,6562.46678298641,9892.56056972107,9512.15481069353,2894.58415464122,2270.18876869304,3037.38849082563,4297.03392522098,1330.10272013104,5368.38856289297,6650.1227488596,1089.9398226049,3845.47139371755,1516.33676018884,2767.95167598714,2568.46750041732,1581.37755763764,2726.70505291643,3472.70968962279,1635.7322243876,2650.27405056534,916.480699251217,612.801538509818,976.484140629022,3170.12964812167,733.273701969462,1449.7187230632,1356.4540415731,1641.71070971715,1396.11671163266,2451.1152328073,4916.33131598146
13304.1014672093,19171.8467099025,20838.5890982979,22260.0295300006,24417.5404407016,3540.49550839992,6468.24022097201,5118.76633034758,5906.09030449078,9635.80226421236,2441.90715212516,3344.96926151796,2971.47646117212,1707.5571730399,3389.21999954267,7264.80471202083,7875.44889608205,2418.88115423226,2823.54662778924,2340.76780971544,1e+09,2848.11006488513,5460.27189733259,8373.53055500486,11758.7468064586,11338.5211866804,4566.70861471367,1939.48883912746,5137.06646449119,5878.97987787847,3058.73996343266,4083.69549190436,4910.71813728909,2887.16706989741,2984.02798755307,3661.02298205024,2789.2506264228,2253.86100376665,1907.18369508551,2882.08147428209,1811.22962597237,1183.99458930352,783.948777727219,1722.06238165172,2497.15525108072,2263.32002887351,1119.48126661414,2477.16783246513,1564.33619628263,1594.89734939274,2240.52633182473,3469.20189955846,1749.58086835105,3442.51784110119
12460.4359614702,17752.0231135299,19366.8186940396,20893.8776522311,22985.4672903293,3348.29581938335,8484.55448729631,4479.57753133038,4938.62669703836,8358.70707288514,1490.78001499215,1631.53328124191,1432.47904598985,1454.11935242607,3068.58051750317,5686.83112069455,6102.26062944709,4413.84140285987,1267.58958925987,1293.78850423862,2848.11006488513,1e+09,3708.38232916996,7085.97265365172,10378.1941198698,10047.2153007637,3758.79899845682,2594.1634182526,3641.05682200924,5035.01701506559,1796.57955944066,5266.42992410418,6454.5037917101,1382.00836082854,3816.26469435756,1590.337546812,2370.49489813836,2116.43597054104,1587.76932905885,2281.71620814246,3689.07973244006,2314.05037866508,2960.02771581619,1483.21561736654,1652.86166078713,1797.82104181701,3602.20339428523,1484.11059429545,1720.07781791988,1641.73134379532,1806.39548811992,1937.29339832665,2515.76908916538,4994.7807257176
9165.47780201338,14285.0815188364,15920.9540823564,17397.8559286109,19509.7228414373,4283.24981211696,11750.9728450712,2561.77141944788,2457.89822417447,5199.90154676029,3957.55195369562,4561.91490599069,3594.35233978251,4219.69611543296,3831.98186904636,2265.21360555688,2839.30081914545,6662.48733488477,3646.64269572713,3454.05899089752,5460.27189733259,3708.38232916996,1e+09,3722.51688917592,6912.57967083201,6563.44384627461,2518.95948020209,5500.29524626633,2114.19708556227,2517.77991212497,3643.95734268391,8693.17016452571,9912.83603517681,3839.43531732207,7163.98241989049,3055.73000726504,5779.63037120887,5646.03591349719,4740.99646587086,5746.70510945185,6838.28421537157,4918.98301065373,5831.0898073602,4299.43791706544,3529.19913566804,4007.17942976104,6201.8349797701,3368.06240057989,4680.46719648797,4602.87619647759,4821.36236400045,3183.03204324116,5802.59161009113,8288.74462345777
7190.92176080369,10996.8506362958,12644.0346602776,14056.8986509009,16251.5187514737,6358.82761485166,14735.286371184,3747.89549065872,2933.52739469056,2333.06213890672,7025.40112460492,7836.68001098042,6635.724236502,7437.2159502061,5996.70511543631,2253.44196086786,2040.07039334431,9089.27609266547,6915.91842166317,6562.46678298641,8373.53055500486,7085.97265365172,3722.51688917592,1e+09,3465.27625556751,3141.0766675457,4471.66565430601,8582.78776304646,4267.74342619141,2734.53889101984,6537.53470743368,11708.4740790677,13042.6658040717,6984.57687832985,10261.5202516343,6152.40809607913,8995.49556455897,8916.04408937618,7926.13047529499,9053.34778722214,9738.71739166919,7872.97517041048,8710.89199900332,7403.01201018207,6557.05622994038,6966.99223687669,9023.36693334035,6496.7704249727,7889.46027503783,7670.08485816813,7958.82046138748,6006.04053760046,8812.59160849407,11133.5451552549
6404.70377293127,7541.95985460013,9193.91718776605,10611.984172345,12793.5060247963,9483.25900515218,18159.8579761352,7059.34243709002,6115.73255832856,2847.4399217894,10332.8787926018,11001.4751313222,9881.6255337925,10784.8690825526,9319.49340316844,5190.29081385619,4668.05488258225,12510.4866928229,10167.9617811487,9892.56056972107,11758.7468064586,10378.1941198698,6912.57967083201,3465.27625556751,1e+09,1274.29861688695,7634.56678648501,11872.6352996418,7339.76580543276,6116.35452845075,9843.46220310212,15038.7752979889,16436.1672640339,10209.9792959193,13544.561387402,9353.87947613716,12289.3744303931,12272.4033236486,11261.5928756904,12289.243561424,13100.8349163174,11211.2841128882,12109.9385615494,10744.5712498964,9850.48653326322,10259.0074270224,12437.7904702041,9832.62655985673,11244.971362169,11015.7935987064,11193.8795674333,9210.00442641045,12145.4070933872,14459.1843870842
6766.81646467525,8157.58182132426,9768.19500519415,11169.9089858557,13355.8598149464,9046.17468205208,17693.6465427057,6628.06381264544,5696.03066041608,2628.03035796773,9886.19561764787,10621.0697034197,9487.91409420954,10409.4965570483,8880.77905148529,4956.7542357676,4204.52962275211,11997.8467184366,9754.85831333803,9512.15481069353,11338.5211866804,10047.2153007637,6563.44384627461,3141.0766675457,1274.29861688695,1e+09,7241.57919146784,11475.2944656902,7017.95733150323,5683.62454313267,9364.72456182775,14554.8185492228,15964.6812129432,9829.52965283182,13101.3208407893,8979.73411943249,11855.9278857372,11858.1647146133,10821.4527969307,11909.2972643309,12680.2211138923,10794.4285188471,11711.2040080472,10349.0181832626,9445.57458447076,9856.17976246882,11951.8733463294,9433.93045663365,10810.221126286,10656.1829720074,10831.2805141036,8815.57291462671,11732.727172448,13989.2548547626
10247.8798259591,14883.9082039194,16522.1464832267,17983.4956009281,20120.3938850809,2433.86436131926,10879.152108216,1880.61077254173,1669.96666544575,5284.43959234089,3287.36209710765,4599.75179799954,3099.73950576496,3565.60998311649,3680.65771426793,3728.3151025765,4120.80745855712,5893.27533039141,3312.57696303044,2894.58415464122,4566.70861471367,3758.79899845682,2518.95948020209,4471.66565430601,7634.56678648501,7241.57919146784,1e+09,4423.03840288551,1458.95786248267,2483.96163500969,3170.9375517345,7807.15916651505,9174.66020526101,3228.72841378769,6186.84872900575,2994.58986129987,5377.73530281103,5258.14936358792,4171.51173541439,5348.31310976648,5731.83595587836,3828.11268825775,5018.67191593553,3535.81914076498,2614.43668645848,2899.84549098741,5213.52908824723,2645.35525253226,4018.62911340422,3965.38809260834,3977.41814318032,2701.80964011161,5057.64104246239,7258.69759146915
13924.0084951963,19161.299035329,20790.828731698,22301.195063709,24396.0549382149,3111.43619364113,6892.48403810267,5497.00621700576,5901.40272029456,9516.71733732278,2152.74866412687,2888.88061927107,2573.33090752045,1539.25572004784,4353.20190282969,7440.09257347649,7842.16398634331,3807.43904447596,2277.7346517099,2270.18876869304,1939.48883912746,2594.1634182526,5500.29524626633,8582.78776304646,11872.6352996418,11475.2944656902,4423.03840288551,1e+09,4677.87120142272,6182.38512826563,2771.1201501198,3765.29233211712,5071.45075736717,2092.21911687089,2069.63465505388,3301.67418677252,2171.39475648718,1961.37454617929,1769.72123785075,2142.55477841291,1991.24629026648,1279.6706059764,2153.04199596757,1512.62135724708,2133.22633035035,1789.44833722575,2310.31986820007,2309.70294161392,1348.58404636122,1674.64900883737,1490.03760606905,3236.22608116306,1904.29202256377,3482.87544227467
10344.0974199782,14559.5431275641,16173.8759099017,17714.0868932243,19793.6548951552,2913.1685636777,11372.6425977606,2687.44806600984,1896.28633170205,4994.15918330604,3463.94171795658,4391.99655485976,3032.78604261824,3818.05303093082,4075.50525273861,3440.79677022634,3570.53273072801,6498.59122017226,3211.74096712359,3037.38849082563,5137.06646449119,3641.05682200924,2114.19708556227,4267.74342619141,7339.76580543276,7017.95733150323,1458.95786248267,4677.87120142272,1e+09,2614.24698880959,3111.64878279988,8066.20855502757,9541.59356353539,3145.23795921708,6409.03285628183,2708.67706120534,5390.91706517546,5370.42959913823,4418.8386121016,5328.18521076361,6207.58064493729,4305.53213251278,5509.57621545433,3783.22347052087,2846.39970482011,3246.60496840931,5836.7341416155,2923.67893343301,4278.81828812582,4199.71012124647,4187.61451189099,2645.58091819169,5344.68278874434,7643.63891836212
8732.92555088499,13573.5125271869,15225.7418421435,16623.6028514519,18829.3414208888,4217.21614661853,12138.5351581194,1614.30611130603,1360.56862888279,4264.52028034807,4798.25215674416,5964.68514635936,4576.63627423024,5077.64887176142,3907.75916169357,2501.45304587154,3045.716836789,6519.66115254466,4818.73471245305,4297.03392522098,5878.97987787847,5035.01701506559,2517.77991212497,2734.53889101984,6116.35452845075,5683.62454313267,2483.96163500969,6182.38512826563,2614.24698880959,1e+09,4343.72886372987,9296.68719798079,10583.4285265409,4904.29908729066,7909.15442556283,4252.74351587302,6823.87901081929,6646.34215070214,5670.63712752809,6943.44731885394,7242.08750058296,5424.51557450064,6218.85748326813,5046.84192270771,4304.87467402943,4674.91454987147,6449.61804583806,4199.58726649417,5512.16305735779,5354.82005068331,5792.55872913689,4093.63128464204,6491.02082587939,8719.90933118
12519.6072161909,17218.9895744698,18812.1203920079,20352.807411657,22450.4867952924,2275.14551453308,8820.16824647353,3969.43943495804,4231.5855870938,7647.88081912238,951.904056877583,2164.88236521064,1020.60322819399,1994.91168789498,2540.73562095705,5496.80932384415,5543.61092098823,4194.299843335,1256.71342811319,1330.10272013104,3058.73996343266,1796.57955944066,3643.95734268391,6537.53470743368,9843.46220310212,9364.72456182775,3170.9375517345,2771.1201501198,3111.64878279988,4343.72886372987,1e+09,5313.34050780674,6807.41615105173,1399.50255262361,3913.73515636917,1309.17058812059,2739.30192715224,2746.15504857246,1820.96600333449,2885.25339859431,3821.14425552085,2282.41052657054,3256.92882212676,1639.17095319555,1330.90353388215,1557.2892166197,3597.14684782259,1463.96193246273,1937.62395311887,2182.00126970632,2199.53561982979,1297.34109755299,2682.19074601342,4942.84753347703
17195.1573687652,22378.1424518346,23966.5637321186,25503.6631871326,27607.3410470567,5949.5893350886,4357.65784501262,8601.81545075806,9174.77134783205,12722.5807683819,4844.90808302903,4811.88923472891,5378.6236352528,4758.68731101341,6375.86141539322,10617.8378156478,10811.2616021166,4326.15952746775,5224.78252886185,5368.38856289297,4083.69549190436,5266.42992410418,8693.17016452571,11708.4740790677,15038.7752979889,14554.8185492228,7807.15916651505,3765.29233211712,8066.20855502757,9296.68719798079,5313.34050780674,1e+09,2067.88641184665,5124.36672195697,1922.37643771973,6023.01393600413,3259.93410016215,3313.67711186531,4004.83863470178,3544.78401782111,2536.82242157389,4215.21884718931,3707.26997645168,4536.9990261295,5382.72010671185,4983.34191812081,3647.94780545172,5498.20514077094,4149.20636500524,4427.42960577579,4262.52965566223,5972.32677547872,3134.37575882344,1362.73686443862
18015.6459222338,23855.6476138817,25481.3349075083,26966.4788187223,29096.4645329188,7530.48953612579,2633.19586109731,9806.68865593275,10570.7890871354,14238.5855103904,6256.48042905115,6129.02405816783,6800.83801215703,5889.42549956276,7485.06456616107,11832.782478272,12226.5391585886,4900.44340008126,6587.33294965421,6650.1227488596,4910.71813728909,6454.5037917101,9912.83603517681,13042.6658040717,16436.1672640339,15964.6812129432,9174.66020526101,5071.45075736717,9541.59356353539,10583.4285265409,6807.41615105173,2067.88641184665,1e+09,6578.67295476831,3489.7739902177,7462.60180175788,4606.47880953554,4432.58339743315,5288.56564014289,4793.61960244031,3597.6192665567,5419.18778294312,4530.47229321624,5816.49133318361,6749.61987885985,6380.33203125041,4376.20349142953,6779.84035039912,5351.27185198996,5580.67132072836,5613.72973477527,7440.66447949375,4390.10255105732,2515.24334985703
12735.5973221322,17497.6657733625,19105.4066623351,20657.4561688655,22723.3211958112,2308.64304917412,8655.8272884283,4415.15922700416,4544.95260033589,7935.38382027612,1102.80630116988,1662.24094553106,841.274593578102,1531.44410668493,3333.85194854241,5878.6889792623,6021.81845303393,4628.42337302888,690.166584238907,1089.9398226049,2887.16706989741,1382.00836082854,3839.43531732207,6984.57687832985,10209.9792959193,9829.52965283182,3228.72841378769,2092.21911687089,3145.23795921708,4904.29908729066,1399.50255262361,5124.36672195697,6578.67295476831,1e+09,3472.36900325988,1519.55267029478,2332.80590322041,2423.55765497749,1584.08635519027,2269.33379904764,3567.34725720668,2003.27849736376,3131.74211572409,1297.42997074987,924.94886382978,1101.27353059991,3598.94562254002,1347.85024134731,1674.53740534513,1639.39889923106,1302.7836029441,1372.04735472213,2482.44342706939,4795.2014024022
15783.4938121476,20822.8288175814,22421.7792206149,23968.4654507793,26040.9987759802,4426.80103484446,5668.711968384,7208.11834947235,7648.28900300584,11172.2068815566,3337.87292207178,3436.95230150202,3802.60497638132,3212.1284262775,5371.34031664351,9132.47070382928,9349.48335029803,4176.92263294402,3616.51056174318,3845.47139371755,2984.02798755307,3816.26469435756,7163.98241989049,10261.5202516343,13544.561387402,13101.3208407893,6186.84872900575,2069.63465505388,6409.03285628183,7909.15442556283,3913.73515636917,1922.37643771973,3489.7739902177,3472.36900325988,1e+09,4517.28190059022,2067.36656161891,2141.71033064698,2603.19466945905,2068.44410533618,1741.54311812829,2738.02475876315,2857.54824137756,3020.37536389105,3763.95295540473,3378.07218732815,2907.5018888386,3947.76524842853,2663.18347601137,3048.07316988946,2576.42361379102,4465.53765790862,1960.77009024516,1938.47415525717
11960.5699333226,16653.1716135186,18240.7250452826,19799.84809019,21871.4061136316,2739.09080074028,9525.82562019167,3847.79015300991,4043.47174736018,7255.60070947265,1439.14290120891,2089.81122123507,1143.57539532818,2289.74236404448,2772.9339596175,4894.17257898616,5068.77528052882,5084.53713201113,1400.78312554085,1516.33676018884,3661.02298205024,1590.337546812,3055.73000726504,6152.40809607913,9353.87947613716,8979.73411943249,2994.58986129987,3301.67418677252,2708.67706120534,4252.74351587302,1309.17058812059,6023.01393600413,7462.60180175788,1519.55267029478,4517.28190059022,1e+09,3316.88146256389,3283.19040632736,2306.61024234698,3132.41137587323,4490.7172513642,2814.20477680641,3870.60278768049,2064.81503467018,1596.63912350287,1895.04998350967,4413.46096923945,1557.9167280378,2461.93093865364,2633.71176555066,2336.13757760539,1054.02617235057,3248.7785962112,5713.34543308909
14616.5409122131,19643.6817445559,21240.1828318991,22794.6858042417,24866.9430395314,3963.08712301408,6912.92784727282,6271.55892381631,6653.84948307369,10090.9407576895,2377.87446640902,1884.89307115815,2618.81423333157,2437.628483424,4261.45060690606,7844.48338604908,7940.19867381163,4017.51096407963,2392.89266877978,2767.95167598714,2789.2506264228,2370.49489813836,5779.63037120887,8995.49556455897,12289.3744303931,11855.9278857372,5377.73530281103,2171.39475648718,5390.91706517546,6823.87901081929,2739.30192715224,3259.93410016215,4606.47880953554,2332.80590322041,2067.36656161891,3316.88146256389,1e+09,890.42211040607,1589.9451343993,1179.03494155178,2615.69358006629,2542.5212258111,2664.04972752011,2242.21545889328,2857.19139582913,2688.1638533207,3040.20674930176,3036.15827986619,1980.01225885094,2020.2036477296,1993.92663215074,3267.28635364273,1619.31484014073,3149.33436422683
14287.2909120904,19684.0171724448,21298.1987926867,22821.0261924261,24923.8997507693,4044.16543245946,6578.59369849666,5995.69388061132,6568.43464249284,10136.829227796,2260.18263489922,2169.46993549116,2650.04587096148,1995.89912067218,4019.29687328518,7639.66639216007,7953.60600533494,3522.2268034299,2408.9515374951,2568.46750041732,2253.86100376665,2116.43597054104,5646.03591349719,8916.04408937618,12272.4033236486,11858.1647146133,5258.14936358792,1961.37454617929,5370.42959913823,6646.34215070214,2746.15504857246,3313.67711186531,4432.58339743315,2423.55765497749,2141.71033064698,3283.19040632736,890.42211040607,1e+09,1341.08201885642,1339.73757195206,2227.90280530817,2166.25496467983,2097.20330502314,1927.23744017181,2742.8687254588,2534.40081782657,2516.52749243874,2751.07975102504,1570.91866317133,1728.56918704459,1929.26562181054,3352.65951477331,1367.90610891245,3143.02355199575
13386.7582413443,18645.4286809609,20259.6473522641,21770.6026461626,23882.286882045,3043.62833036493,7367.63845924866,4951.96841553942,5521.14028687915,9094.28209021471,1088.11630940814,1779.3645948765,1719.17125077754,1300.54979550958,3116.96557983883,6708.28681777993,7013.26663656815,3493.35343501055,1548.74200520939,1581.37755763764,1907.18369508551,1587.76932905885,4740.99646587086,7926.13047529499,11261.5928756904,10821.4527969307,4171.51173541439,1769.72123785075,4418.8386121016,5670.63712752809,1820.96600333449,4004.83863470178,5288.56564014289,1584.08635519027,2603.19466945905,2306.61024234698,1589.9451343993,1341.08201885642,1e+09,1689.59274033715,2438.07254354746,1361.86243736289,2023.73049907837,982.98988677402,1679.49465149491,1451.73640489588,2467.9415170745,1699.35108638562,823.883943526029,1289.81895578411,1135.53354067592,2290.72607103076,1285.47089515866,3671.24529936369
14521.7181805598,19571.6217625571,21175.5226069417,22738.061933839,24772.2785820663,4019.14977752758,7078.97164254809,6376.54231900801,6725.63109942851,10100.9035012716,2341.59241111685,1612.77309182042,2472.11724711835,2337.54667084959,4380.27221899507,7799.04565310398,7995.06263152453,4559.05295008733,2254.2285031691,2726.70505291643,2882.08147428209,2281.71620814246,5746.70510945185,9053.34778722214,12289.243561424,11909.2972643309,5348.31310976648,2142.55477841291,5328.18521076361,6943.44731885394,2885.25339859431,3544.78401782111,4793.61960244031,2269.33379904764,2068.44410533618,3132.41137587323,1179.03494155178,1339.73757195206,1689.59274033715,1e+09,2778.09348240839,2482.01519767708,2889.66495585561,2209.28393510205,2808.71252541089,2678.18039655659,3386.63659170865,2997.44850758107,1961.09016126235,2211.29746142395,1639.73162456544,3198.13264676436,1622.96395995105,3374.7623826723
14956.7962148717,20469.6949178243,22101.5161558229,23571.1674892929,25717.6739363633,4145.30237148028,5317.12354989049,6439.37888058313,7145.62325511218,10829.804137915,3190.49788371658,3841.29454354909,3788.50423638406,2762.836737377,4584.19569919304,8644.40579345972,9109.61136587067,2775.84317790109,3697.16516721934,3472.70968962279,1811.22962597237,3689.07973244006,6838.28421537157,9738.71739166919,13100.8349163174,12680.2211138923,5731.83595587836,1991.24629026648,6207.58064493729,7242.08750058296,3821.14425552085,2536.82242157389,3597.6192665567,3567.34725720668,1741.54311812829,4490.7172513642,2615.69358006629,2227.90280530817,2438.07254354746,2778.09348240839,1e+09,2043.86023218321,1506.1080816794,2607.94821465074,3495.17117071539,3048.10794836732,1580.38551926421,3540.87961879531,2353.42407215529,2511.8195266181,2608.751771365,4358.01717976192,1620.63988051016,1987.58916527033
13139.3737165247,18563.7463992455,20206.0098043429,21676.0437138469,23805.7419205955,2663.08910126943,7161.71390250267,4663.67448664677,5274.56229731909,8962.18083793783,1560.72315081824,2815.04657812264,2156.15889113024,1076.29210844454,3265.78249327784,6750.36782035616,7251.54817349371,3175.9465612003,2040.02380951792,1635.7322243876,1183.99458930352,2314.05037866508,4918.98301065373,7872.97517041048,11211.2841128882,10794.4285188471,3828.11268825775,1279.6706059764,4305.53213251278,5424.51557450064,2282.41052657054,4215.21884718931,5419.18778294312,2003.27849736376,2738.02475876315,2814.20477680641,2542.5212258111,2166.25496467983,1361.86243736289,2482.01519767708,2043.86023218321,1e+09,1587.45727558256,884.818043554719,1601.79587004712,1254.53479553179,1896.14120492119,1658.55960094897,931.129720984139,1347.75514794046,1399.81584142344,2674.72221985761,1625.63816127698,3697.97787827348
13701.6566348125,19547.6085694619,21203.1718804805,22634.2011673132,24804.4159374092,3860.60107733239,6115.34251043227,5479.90711693182,6298.65541912717,10010.9620942894,2696.08350547605,3432.18688818077,3236.09960622352,2053.371981376,3495.31358899313,7601.91808752896,8195.65589645515,2084.58732817793,3137.84746095154,2650.27405056534,783.948777727219,2960.02771581619,5831.0898073602,8710.89199900332,12109.9385615494,11711.2040080472,5018.67191593553,2153.04199596757,5509.57621545433,6218.85748326813,3256.92882212676,3707.26997645168,4530.47229321624,3131.74211572409,2857.54824137756,3870.60278768049,2664.04972752011,2097.20330502314,2023.73049907837,2889.66495585561,1506.1080816794,1587.45727558256,1e+09,1977.64257144713,2873.61476212453,2577.0711612992,1168.0167808726,2818.31477658192,1852.71081043427,1686.61008303638,2443.11274240466,3718.71379888262,1583.82247142791,3109.39894465152
12813.0212148619,18122.2001019551,19753.8855199477,21252.017394511,23369.2167188547,2571.17556640926,7699.62493354709,4384.67834108729,4909.46217385367,8543.13717769415,953.03433909802,2165.2639813196,1465.36161045661,603.082054533212,2948.1833408389,6210.57115923326,6650.26126218362,3526.97632047622,1310.32151428571,916.480699251217,1722.06238165172,1483.21561736654,4299.43791706544,7403.01201018207,10744.5712498964,10349.0181832626,3535.81914076498,1512.62135724708,3783.22347052087,5046.84192270771,1639.17095319555,4536.9990261295,5816.49133318361,1297.42997074987,3020.37536389105,2064.81503467018,2242.21545889328,1927.23744017181,982.98988677402,2209.28393510205,2607.94821465074,884.818043554719,1977.64257144713,1e+09,1045.04567579604,852.89900597902,2479.58642962894,1066.38008547609,683.995882663046,969.600680383425,1138.89829076173,2040.13689452448,1731.90009382759,4128.15558669971
