1e+09,3836.76167148808,4463.61061545471,3796.66179958131,3602.00839919898,4606.60901918103,3440.85428540646,4037.64088248324,3829.02159973015,4078.32952443767,4043.60054050842,3751.83326099388,4045.794248241,3851.98611978288,4040.27921526471,3951.55068962806,4641.21189091815,3751.86753185664,3751.72149959189,3673.4290602923,3195.42543040829,3964.25277520241,3331.03220077501,3744.90915855111,3852.79254531048,4142.53632593608,3865.50079924969,4327.65903741272,4230.43269275142,3612.25267336049,4375.91617959028,4667.22933854766,3924.75108661683,4114.0434031376,4724.23371100542,4372.85833111479,4179.05640019371,4129.15861118219,4130.19662397567,4036.5012797471,4225.22210056466,3735.16257838933,3345.87453079161,3753.35492658235,3903.12728298732,4059.60339455716,3437.55274385718,3882.20178611313,3755.26353557244,3632.09450798021,4037.96838758057,4094.6768287131,3910.98223195913,4502.04258530503
3836.76167148808,1e+09,1191.94565354298,1067.19813455609,743.657203084863,2193.29773391576,2789.35751688449,1475.21885518726,1515.18919511723,1317.70355349752,1526.72478010937,1667.7949883304,2338.42343691214,2555.79039023156,2075.71409536574,1567.96394113513,2538.40413973032,1477.21129287587,2118.03423681016,2237.04446169494,2331.06456064606,1173.51583495921,1550.09822224271,1330.79701359749,1951.43486680955,2365.36248374324,2162.43389438845,3275.71368915234,2442.52329554909,1349.56529727168,1912.79351860048,2508.52263725086,2698.43519809167,2526.81201051839,3156.09130584019,1918.89945281143,2342.25815114389,2430.48426600544,2202.7686784817,2400.50155971622,2772.896245751,2380.36149242085,1859.49980489378,1523.4791884696,1736.6547531965,1730.20162614072,2277.54910326869,2013.71221978216,2299.367725702,2294.2848512554,2433.5844733027,2017.64946519459,1778.1226748737,3125.07604251481
4463.61061545471,1191.94565354298,1e+09,1013.02345915581,1612.10221850229,2545.29074960013,3267.50067446053,1148.68113351791,1626.89556499488,1432.13250200531,1709.87870716025,2138.29221237417,2531.52907893629,2888.42407952849,1907.86319333961,1186.56258869897,2222.15075757699,1626.57612487089,2658.8831285899,2621.48110357485,2883.65697302921,1048.43003977376,1875.32333073526,1414.28842956449,1982.38973231804,2527.68594301191,2430.36341060344,3331.82571319389,2422.94974762169,1719.58453767182,1837.19024970197,2410.67216365063,2864.76427262349,2643.33270132611,3083.76381718834,1760.52218827256,2299.05034064067,2486.21285768134,2368.60057533979,2628.72918357902,2684.39718829014,2690.55396998462,2193.52453403193,1838.76402964056,2040.78733531939,1907.13277684067,2733.41769351118,2120.32494714843,2638.56514772708,2404.11656674547,2604.69319373703,2241.58328513575,2199.44739120989,3204.55219412947
3796.66179958131,1067.19813455609,1013.02345915581,1e+09,1264.37182256645,2521.64457336874,2862.52314806361,844.035434149538,1416.10622588844,1395.22712319536,1457.9224551395,1781.59078211019,2209.82724494473,2629.35220231144,1798.36567969365,764.741552225325,1820.09989846711,1371.37460272531,2287.58488544141,2175.01298230608,2514.2012072028,980.953677652517,1271.5434441654,817.96152061084,1550.0723856001,2135.74537164429,2056.44925213339,3308.20378823615,2403.86835253098,1326.97954784541,1811.20111445416,2344.3176691737,2457.69777008891,2371.14584492393,3134.76864715723,1715.90609760558,1950.12062283337,1981.05138936374,2046.44258837134,2422.90992218035,2592.30517036479,2474.12274893547,1834.32369488049,1757.67827991928,2083.45641240704,1821.34970757952,2313.9181801438,1755.48216285441,2311.68038205977,2197.07694837937,2387.38334443801,1875.0765464375,1844.81544759903,2935.94714807675
3602.00839919898,743.657203084863,1612.10221850229,1264.37182256645,1e+09,2188.10738861236,2472.60689910467,1630.37742710085,1445.66805909932,1232.78920744789,1354.70498829081,1369.6219770433,1988.64168406478,2502.57265195239,1746.20839729971,1653.38786411417,2389.4811442445,1509.07564061581,1832.12496587978,2082.55776234418,2005.03751411289,1227.17157488267,1286.23681618122,1080.97169699303,1890.98583656779,2111.91045638777,2041.27797472564,3164.46094196152,2406.15132612228,1163.18547201209,1738.82305324607,2528.50897429691,2429.96013136018,2432.54908267028,3036.35182735796,2005.2108293394,2122.27825642633,2298.63959071447,2207.32835672448,2062.13183470408,2703.8616958713,2207.79825172048,1758.21127186126,1475.02496433111,1562.36745444214,1835.42288108218,1988.35329333094,1998.77837790987,2134.27200981974,2188.71029179286,2365.81673174403,1904.45533722899,1613.5924067744,2806.0975060393
4606.60901918103,2193.29773391576,2545.29074960013,2521.64457336874,2188.10738861236,1e+09,2168.32005644923,2413.60048444228,1518.8536884111,1752.55403411707,1597.1241442042,1535.64595493232,1709.15661543932,1455.14359628182,2563.90005466282,2700.76335492394,2940.19328612933,2130.1335846843,1557.44841009261,1898.27037326088,1694.60520838926,2265.03487308695,2048.59922610549,2577.43128858948,2105.24126009348,2704.44566551077,1282.16775283112,2088.43764946431,1743.31804278508,2190.93341500832,1811.90052226937,1954.86686431583,1879.62297003947,1620.89460450086,1752.28166337493,1832.35139151856,1896.73885308442,1928.2124913764,1269.37433883784,1442.10034061434,1872.17844152207,1514.8969896993,1765.76244529099,1513.54542485516,1690.95723091981,1149.06208592051,1621.87646064674,1725.3131515467,1499.49918466133,1643.01637968098,1432.84120268088,1364.76556213879,1250.28805612947,1942.58517684554
3440.85428540646,2789.35751688449,3267.50067446053,2862.52314806361,2472.60689910467,2168.32005644923,1e+09,3053.17603961842,1930.30633838259,2188.9473640314,1851.48779315447,1484.45712861638,1316.59498020462,1401.67922064929,2813.73694976983,2987.80327456478,3221.84078147881,2459.90055998205,1056.85920013027,992.276756555347,1029.98840677942,2599.12236870448,2005.2366711189,2688.32554442352,2354.28576957004,3002.24221969181,1523.99289755563,1618.06491214043,1502.6652521104,1944.79024771311,2102.10768063865,1933.4077740094,1246.85412919876,1265.12208545263,1935.8664511789,2053.87384773262,1887.76633405726,1863.63651222549,1971.20734518214,1363.32930944801,1676.41639305395,914.475565447213,1219.45355344105,1606.44163494974,2129.0347856247,1878.38696559042,1404.10960284445,1541.84469240582,974.29247774988,1403.86150730761,1452.56303715192,1570.76144834281,1440.92843142885,1568.91222836078
4037.64088248324,1475.21885518726,1148.68113351791,844.035434149538,1630.37742710085,2413.60048444228,3053.17603961842,1e+09,1285.14323244532,1341.48000849808,1524.95373270798,1896.30578051115,2307.41940903686,2746.17919136753,1781.61661925342,1174.66562391176,1853.54763167824,1588.51336749176,2462.8016067885,2475.4775951521,2530.98239136506,1051.41904861953,1355.36578203081,1202.71294684143,1818.41583783798,2144.31600656247,1949.0662987954,3198.60515715835,2492.57103906789,1856.89004442913,1905.8449408858,2390.41866929206,2412.87429307869,2416.28720863229,2923.69079238896,1985.1136513812,1812.94527013366,2099.41746744186,2010.26336941208,2365.43080666081,2500.39356950061,2504.83710909512,2012.40708473708,1836.73520905981,1879.26286897283,1725.05380704487,2261.72151528432,1911.44179001088,2436.85507732815,2128.91402583571,2311.1793511106,2021.31519172543,2043.59727979854,2876.80959839194
3829.02159973015,1515.18919511723,1626.89556499488,1416.10622588844,1445.66805909932,1518.8536884111,1930.30633838259,1285.14323244532,1e+09,624.609316212943,581.047736765234,809.636752933067,1333.55189164127,1761.92860752075,1700.96284800698,1687.76055579576,2023.92206287693,1208.0470774767,1308.63320028952,1514.29376628183,1454.67117236164,1175.87256022921,847.1195216733,1403.79897193295,1523.64305695264,1941.3202110162,1005.75618824842,2093.3509257886,1476.55355652953,1273.0289330569,1073.5872238435,1453.63788310569,1372.6575383904,1363.47789784067,1855.64240035628,1334.60600807879,1001.81588627851,1485.60503529707,1220.04059026739,1301.92199597365,1603.51059706508,1325.96200322634,1083.41898405003,796.309088796555,1037.85264483933,785.733847368179,1206.35705452407,1079.78259158962,1268.23224087704,1145.93547850653,1345.34362387458,1114.8768080824,1117.22591775343,1890.17108027289
4078.32952443767,1317.70355349752,1432.13250200531,1395.22712319536,1232.78920744789,1752.55403411707,2188.9473640314,1341.48000849808,624.609316212943,1e+09,561.086145346684,916.517875766753,1559.32125612396,2209.58148691104,1780.17158976319,1767.6631881668,2151.27358824953,1410.84470616011,1502.98089628578,1768.20531469058,1794.88450335948,938.025381746144,1141.06453608023,1321.85262238269,1894.35266217777,2090.41533710409,1452.19874070321,2413.69329642355,1726.77681615199,1270.25367738102,1120.25193135294,1566.46592988804,1768.8897015925,1737.21534606392,2168.65939762333,1489.53083945919,1319.43447434876,1881.91571516899,1733.12862211666,1565.03078560775,1964.546448471,1648.9417873594,1402.83574979397,859.709171755193,939.383474785458,1091.45568467071,1635.18119457753,1421.13892086594,1656.94910830116,1602.59895033037,1701.49888498347,1455.53513399712,1360.40312959064,2200.56529582742
4043.60054050842,1526.72478010937,1709.87870716025,1457.9224551395,1354.70498829081,1597.1241442042,1851.48779315447,1524.95373270798,581.047736765234,561.086145346684,1e+09,579.348297054544,1126.94117952092,1887.35585828428,1785.62022275175,1746.13293162348,1925.17799094006,1344.49430114077,1121.33948681922,1340.06483955068,1607.734355514,1204.98506841371,981.740858984692,1317.6969370079,1593.74959990583,1954.66091573449,1138.96728513158,2258.85536984996,1491.51889029271,1061.85555185251,876.853594621132,1267.9472682253,1345.0416478682,1335.36963717916,2000.95591390715,1204.44818169982,934.349752715759,1387.21866138688,1373.43022716846,1292.49325406363,1749.61134372752,1406.39456391156,1185.03017792797,883.758717467613,1260.1709368177,1019.9250402358,1375.98413900742,1042.2491327413,1259.43214997871,1424.33546873621,1460.05355549035,961.295190459206,955.094065786193,1791.49108970712
3751.83326099388,1667.7949883304,2138.29221237417,1781.59078211019,1369.6219770433,1535.64595493232,1484.45712861638,1896.30578051115,809.636752933067,916.517875766753,579.348297054544,1e+09,1095.50766094994,1714.89966589885,1969.30845648923,2100.43544604446,2211.26941110757,1400.89323165615,636.232139238501,1186.15670705856,1191.4290478245,1598.00982199735,948.644010416974,1556.77016399339,1710.43500364673,1914.56532664728,1096.61202560432,2171.21383774146,1585.27477580387,1096.24925272494,1105.21137647963,1468.92143292281,1210.07914046975,1328.28935680446,2014.00597528905,1520.71877456024,1114.16392164708,1502.86476237884,1369.99185216555,1186.97585539892,1857.9763320344,1207.63378459697,1112.81670993026,914.186506682307,1231.48519313064,1151.21266619161,968.461597638234,1185.31254342473,996.655548170982,1407.66352911482,1468.96758167088,1004.73497455797,893.348695415178,1741.4685530896
4045.794248241,2338.42343691214,2531.52907893629,2209.82724494473,1988.64168406478,1709.15661543932,1316.59498020462,2307.41940903686,1333.55189164127,1559.32125612396,1126.94117952092,1095.50766094994,1e+09,1489.41932513983,1881.35696198249,2176.58537489344,2242.13607430504,1977.70896941385,1116.97287084333,1112.31351681979,1380.73342553876,1922.82037288978,1521.85152682514,1940.56306166535,1624.00980283371,2386.99210162078,1136.11526664331,1837.97016907239,1217.04954837509,1512.37648305572,1225.5597414651,1556.34128149966,927.552624598734,1026.98759437493,1620.74406755046,1353.70682974564,1057.49755210119,1113.8667521746,1467.54226303708,643.08000194377,1343.12913303226,1108.17214208804,1213.61333096666,1364.31531729289,1809.60430672012,1508.84674264817,1383.75614517154,1138.53739016336,1023.77036687921,1210.81220492692,1257.36843828688,879.497541724819,887.353888817759,875.568860912721
3851.98611978288,2555.79039023156,2888.42407952849,2629.35220231144,2502.57265195239,1455.14359628182,1401.67922064929,2746.17919136753,1761.92860752075,2209.58148691104,1887.35585828428,1714.89966589885,1489.41932513983,1e+09,2657.92775663674,2633.19165320339,3043.91229771819,2157.18760426626,1440.88018346426,1228.99566321448,1349.6111281773,2519.36696217522,2031.54046486896,2697.77718186658,1765.98183388165,2932.34776885348,1253.26827056301,1558.77080685391,1217.566231833,2013.70966765321,1996.35934996683,1920.22451031123,1522.30947060708,1093.68776453794,1663.79163370898,1600.79950306089,1938.940072617,1533.95496905874,1198.07267863849,1420.46946788729,1346.81178629384,1025.6933130327,1214.12183836714,1586.30401093233,2207.65063431694,1430.61426593614,1502.5892211779,1310.08542893202,916.785642994043,1101.38924822244,1158.48594549092,1204.46933950184,1177.32695259218,1670.44935717908
4040.27921526471,2075.71409536574,1907.86319333961,1798.36567969365,1746.20839729971,2563.90005466282,2813.73694976983,1781.61661925342,1700.96284800698,1780.17158976319,1785.62022275175,1969.30845648923,1881.35696198249,2657.92775663674,1e+09,1483.34719543335,1728.67156773634,1631.83714417218,2386.06673112887,2572.02632014138,2344.75201170614,1774.40149819594,1543.64750778797,1299.20544568594,1537.94760999847,1820.7906945061,2323.19973108211,3031.48194320864,2399.7427144592,1721.91722899215,1489.39440662975,2719.43100671813,2341.6787687042,2538.0480642809,2684.48217596988,2087.22594960392,1896.97016405108,2201.4939152312,2260.04436518401,1934.05705487196,2499.31184664899,2458.59262292475,2207.31155428952,2086.94098905551,2026.34145224836,2313.93098064744,2179.85925442447,2287.71404095879,2369.71241240367,2144.68950918309,2598.88604767504,2128.3656738681,2115.82082700781,2418.66919164238
3951.55068962806,1567.96394113513,1186.56258869897,764.741552225325,1653.38786411417,2700.76335492394,2987.80327456478,1174.66562391176,1687.76055579576,1767.6631881668,1746.13293162348,2100.43544604446,2176.58537489344,2633.19165320339,1483.34719543335,1e+09,1667.30937402151,1561.84183555826,2547.07041292541,2323.15625094396,2695.17259595745,1272.08501343267,1553.45399561751,1013.82566109761,1291.40253991542,2272.49601420993,2245.7525522862,3315.5392468496,2368.91561812573,1501.44387291034,1829.66331665145,2525.16114663995,2544.07309128492,2444.05438495137,3105.15923789747,1646.14970300395,2042.8988171958,1927.21002451731,2141.36016741696,2427.17998951458,2515.36766266882,2598.16363870715,1990.31992682081,2027.12068338321,2396.48509561399,2092.49070898774,2533.07053156836,1876.93468788874,2442.31537183469,2214.65169794259,2500.93116570609,1963.79731064588,1987.4762940473,2850.03334313829
4641.21189091815,2538.40413973032,2222.15075757699,1820.09989846711,2389.4811442445,2940.19328612933,3221.84078147881,1853.54763167824,2023.92206287693,2151.27358824953,1925.17799094006,2211.26941110757,2242.13607430504,3043.91229771819,1728.67156773634,1667.30937402151,1e+09,1727.91942757757,2588.92123427887,2661.89523798364,3010.94187647321,2289.78479130682,1716.51875084428,1464.97837868004,1575.47756931033,1445.90071827218,2493.9132116415,3613.59795670465,2835.60308102174,1974.24350767579,1692.69749057532,2486.21234378723,2347.82484949368,2600.6140243604,3171.33066399579,2175.07830847535,1691.5543968788,1845.72692674187,2139.07781871067,2595.22479592809,2937.88319640179,2973.3103195933,2660.62671259987,2666.65671444601,2847.75971949882,2614.97383832038,2493.51694844852,2290.93184789509,2573.78844853263,2720.70160368608,2936.27841600554,2090.56414118295,2381.51693017287,2628.61581454955
3751.86753185664,1477.21129287587,1626.57612487089,1371.37460272531,1509.07564061581,2130.1335846843,2459.90055998205,1588.51336749176,1208.0470774767,1410.84470616011,1344.49430114077,1400.89323165615,1977.70896941385,2157.18760426626,1631.83714417218,1561.84183555826,1727.91942757757,1e+09,1738.10593189828,1998.56682099949,2044.46914628223,1774.23548321524,966.588812784423,1239.38537315881,1186.3286371828,1304.18462270493,1936.44358616511,2863.70709223203,2138.9442296376,1056.53411691246,1207.70038304209,2054.80688031747,2055.65317038162,2085.3294957632,2640.66917060809,1666.89262365637,1687.66276560218,1876.73127013433,1526.89014820975,2109.49607233576,2453.63106825374,2113.57514524561,1760.25725614184,1627.78267336276,1859.705784795,1720.09931001091,1631.40266225111,1741.65134837602,1740.09442893195,1950.19715077733,2318.2897388161,1629.62205974269,1717.26561268198,2577.19262118686
3751.72149959189,2118.03423681016,2658.8831285899,2287.58488544141,1832.12496587978,1557.44841009261,1056.85920013027,2462.8016067885,1308.63320028952,1502.98089628578,1121.33948681922,636.232139238501,1116.97287084333,1440.88018346426,2386.06673112887,2547.07041292541,2588.92123427887,1738.10593189828,1e+09,960.362079790742,1038.56822375807,2144.05984879154,1395.74158894116,2081.0529507199,1899.58947651855,2219.21374081002,1190.77907149059,1992.49651332192,1543.33065575722,1379.03584547321,1420.95535696939,1519.46734117585,1117.1641379851,1192.93784188448,1948.39033571305,1683.51622507774,1396.66963004857,1551.01752885001,1400.70505310718,1217.25278685243,1861.31712655313,1036.59115590478,1181.79277587063,1202.62108596183,1637.51603976877,1392.44339202712,918.011048571857,1283.16021291186,680.393586609986,1461.66227159354,1456.7486367936,1036.45158010396,939.668928931887,1609.05348935329
3673.4290602923,2237.04446169494,2621.48110357485,2175.01298230608,2082.55776234418,1898.27037326088,992.276756555347,2475.4775951521,1514.29376628183,1768.20531469058,1340.06483955068,1186.15670705856,1112.31351681979,1228.99566321448,2572.02632014138,2323.15625094396,2661.89523798364,1998.56682099949,960.362079790742,1e+09,1419.65780563487,2059.0240372322,1639.05327137345,2170.18821888794,1780.90998526034,2724.37794259534,1163.28028978402,1926.43199539979,1198.82537456462,1404.00518346622,1704.42611139351,1395.05674336208,1184.71363902844,840.736229563114,2049.04774146431,1291.59091534433,1520.99402865363,1195.59966640176,1462.38103047735,1434.98873870146,1509.34250231682,1022.00163453881,818.884578191579,1284.41114667384,2090.42554672488,1399.99302944693,1500.99557427729,755.104922576989,770.235671596687,1290.93984875361,1190.53102466924,884.866998480563,847.053289409822,1628.84974049174
3195.42543040829,2331.06456064606,2883.65697302921,2514.2012072028,2005.03751411289,1694.60520838926,1029.98840677942,2530.98239136506,1454.67117236164,1794.88450335948,1607.734355514,1191.4290478245,1380.73342553876,1349.6111281773,2344.75201170614,2695.17259595745,3010.94187647321,2044.46914628223,1038.56822375807,1419.65780563487,1e+09,2245.30812722887,1536.64855978848,2346.98942543421,2106.36593580033,2548.26028062284,1206.22164368743,1688.74344576078,1671.21505839314,1857.63507813026,1925.10788287306,2142.26401008373,1317.24512213938,1479.70873667759,1825.41714835267,2121.38356241864,1738.20102580225,1929.06209563093,1664.94499783026,1090.69712684136,1711.75990203066,871.683191245535,1123.79945679823,1291.99304208653,1460.89664476992,1503.84635445248,775.993665631363,1613.58626840959,1038.89644888218,1119.87542985816,1362.05136467022,1542.65318121086,1326.12254154735,1723.75610165708
3964.25277520241,1173.51583495921,1048.43003977376,980.953677652517,1227.17157488267,2265.03487308695,2599.12236870448,1051.41904861953,1175.87256022921,938.025381746144,1204.98506841371,1598.00982199735,1922.82037288978,2519.36696217522,1774.40149819594,1272.08501343267,2289.78479130682,1774.23548321524,2144.05984879154,2059.0240372322,2245.30812722887,1e+09,1467.94150813307,1208.85000537701,1960.87863063985,2564.76003676757,1823.47435202692,2821.95528983009,2004.23599628387,1479.5919866301,1699.59926162022,2108.24605890774,2281.29326282265,2139.71549664903,2669.76704513708,1600.87028290864,1824.49529495146,2093.44671085748,2164.92118452382,1995.57680987227,2154.01970826638,2082.78215800405,1565.19786675679,1265.28325224038,1496.75073432419,1478.71188715043,2244.26531615582,1628.61679753096,2183.3252945679,1846.09078568742,1974.00019275582,1833.90714947622,1674.99925146252,2634.6820281013
3331.03220077501,1550.09822224271,1875.32333073526,1271.5434441654,1286.23681618122,2048.59922610549,2005.2366711189,1355.36578203081,847.1195216733,1141.06453608023,981.740858984692,948.644010416974,1521.85152682514,2031.54046486896,1543.64750778797,1553.45399561751,1716.51875084428,966.588812784423,1395.74158894116,1639.05327137345,1536.64855978848,1467.94150813307,1e+09,1004.07013081756,1315.81496632315,1434.73465125089,1407.79860157623,2617.18259227361,2011.50407111196,1074.78912052551,1311.35650873437,1961.05667653946,1525.45040315967,1768.97405286228,2449.01611150274,1732.18887469006,1200.03589512981,1529.82577357685,1447.54354155583,1651.87088769068,2141.3250684331,1743.62190001158,1348.30566230362,1366.46922274159,1539.21628655625,1500.3646427119,1158.4267034215,1417.99688874835,1484.93637729029,1580.77998706335,1890.86295894229,1364.85920563258,1382.93748054639,2147.55505775754
3744.90915855111,1330.79701359749,1414.28842956449,817.96152061084,1080.97169699303,2577.43128858948,2688.32554442352,1202.71294684143,1403.79897193295,1321.85262238269,1317.6969370079,1556.77016399339,1940.56306166535,2697.77718186658,1299.20544568594,1013.82566109761,1464.97837868004,1239.38537315881,2081.0529507199,2170.18821888794,2346.98942543421,1208.85000537701,1004.07013081756,1e+09,1489.21896126795,1635.91261774583,2115.43852134729,3285.5850079552,2444.26610230965,1094.04089320281,1486.60941958539,2375.53691573084,2264.3685436121,2390.30914270519,3055.23431612045,1851.72124046791,1732.01305901543,1958.31750160693,2117.51651457551,2191.73481749047,2657.88869392607,2432.87064391019,1916.9888415429,1809.17323142368,1973.68990750827,2039.23442593048,2096.92751386403,1898.10245179232,2224.09444075561,2232.86810356098,2504.25057262647,1859.97331152896,1834.81563060161,2683.92428453189
3852.79254531048,1951.43486680955,1982.38973231804,1550.0723856001,1890.98583656779,2105.24126009348,2354.28576957004,1818.41583783798,1523.64305695264,1894.35266217777,1593.74959990583,1710.43500364673,1624.00980283371,1765.98183388165,1537.94760999847,1291.40253991542,1575.47756931033,1186.3286371828,1899.58947651855,1780.90998526034,2106.36593580033,1960.87863063985,1315.81496632315,1489.21896126795,1e+09,1816.01970432592,1765.46404817544,2767.9091168064,1933.65184262835,1323.04068267004,1422.51027286273,2173.15681891575,1889.34059743075,1836.33834613886,2526.69674310155,1368.736841471,1636.00539687374,1229.05730814312,1269.36956663534,1894.35120112402,2115.89424331652,2060.35033001672,1680.33189441848,1896.25522261641,2364.6916877682,1843.67561547578,1819.87086662763,1502.51770368938,1668.44253320275,1770.20269966465,2093.82312722446,1287.5869783436,1461.39451008275,2147.02979399449
4142.53632593608,2365.36248374324,2527.68594301191,2135.74537164429,2111.91045638777,2704.44566551077,3002.24221969181,2144.31600656247,1941.3202110162,2090.41533710409,1954.66091573449,1914.56532664728,2386.99210162078,2932.34776885348,1820.7906945061,2272.49601420993,1445.90071827218,1304.18462270493,2219.21374081002,2724.37794259534,2548.26028062284,2564.76003676757,1434.73465125089,1635.91261774583,1816.01970432592,1e+09,2505.33073579119,3548.54584592055,3014.71732618499,1907.85104746152,1724.13582820496,2723.94114952948,2358.95546130062,2753.05198414414,3171.53056281979,2603.4003088077,1925.38505678734,2308.7049492302,2096.78192909992,2534.26332098699,3196.57684938123,2833.4912502953,2652.56097368185,2543.78963147506,2461.14634768028,2592.54482206191,1927.84972378554,2558.31981038337,2390.65372467449,2727.61682378592,3042.10152598496,2246.63854763066,2408.26433187887,2802.63978505979
3865.50079924969,2162.43389438845,2430.36341060344,2056.44925213339,2041.27797472564,1282.16775283112,1523.99289755563,1949.0662987954,1005.75618824842,1452.19874070321,1138.96728513158,1096.61202560432,1136.11526664331,1253.26827056301,2323.19973108211,2245.7525522862,2493.9132116415,1936.44358616511,1190.77907149059,1163.28028978402,1206.22164368743,1823.47435202692,1407.79860157623,2115.43852134729,1765.46404817544,2505.33073579119,1e+09,1745.02286119695,1352.24983257533,1815.78550440298,1666.06648450775,1495.68453699301,961.997652855765,854.239817674171,1606.7275755398,1522.80961081811,1107.25801428574,1148.23951443068,975.645640435092,1061.53665231117,1232.56473765072,953.410936689946,975.430971007175,1159.31502892872,1587.71731457461,818.223862582851,1108.67058985075,866.604871611048,961.763747289323,907.753517261156,663.22673023635,840.083979849634,860.407834982923,1425.74537618047
4327.65903741272,3275.71368915234,3331.82571319389,3308.20378823615,3164.46094196152,2088.43764946431,1618.06491214043,3198.60515715835,2093.3509257886,2413.69329642355,2258.85536984996,2171.21383774146,1837.97016907239,1558.77080685391,3031.48194320864,3315.5392468496,3613.59795670465,2863.70709223203,1992.49651332192,1926.43199539979,1688.74344576078,2821.95528983009,2617.18259227361,3285.5850079552,2767.9091168064,3548.54584592055,1745.02286119695,1e+09,1190.38069330782,2704.81746332354,2320.64815702424,1914.70704889808,1651.96368628369,1388.43807272777,815.869762339554,2172.99833568735,2116.87460684378,2313.86967178361,2130.75780463196,1518.80810127547,1009.65426508286,1086.26121945875,1712.279378869,1809.69352250595,2132.65625877683,1808.45682187881,1968.92569359537,1882.34566517417,1548.48715018885,1204.74806279155,1292.6045665245,2036.18850293876,2040.17363216958,1640.03577893898
4230.43269275142,2442.52329554909,2422.94974762169,2403.86835253098,2406.15132612228,1743.31804278508,1502.6652521104,2492.57103906789,1476.55355652953,1726.77681615199,1491.51889029271,1585.27477580387,1217.04954837509,1217.566231833,2399.7427144592,2368.91561812573,2835.60308102174,2138.9442296376,1543.33065575722,1198.82537456462,1671.21505839314,2004.23599628387,2011.50407111196,2444.26610230965,1933.65184262835,3014.71732618499,1352.24983257533,1190.38069330782,1e+09,1785.37283358407,1535.66112495563,1229.52203652476,1418.49918110657,823.53271556144,1228.56526065977,1022.33755125203,1598.07352280801,1567.88221266778,1590.33885156592,1240.21186661796,726.574783625196,885.5755296416,1052.6929592716,1157.78512004603,1877.77387043808,1223.81418703985,1827.19818500895,1011.93501856592,1089.22264459568,899.281324058273,978.094869631776,1227.07328945748,1249.95418820051,1490.99785023319
3612.25267336049,1349.56529727168,1719.58453767182,1326.97954784541,1163.18547201209,2190.93341500832,1944.79024771311,1856.89004442913,1273.0289330569,1270.25367738102,1061.85555185251,1096.24925272494,1512.37648305572,2013.70966765321,1721.91722899215,1501.44387291034,1974.24350767579,1056.53411691246,1379.03584547321,1404.00518346622,1857.63507813026,1479.5919866301,1074.78912052551,1094.04089320281,1323.04068267004,1907.85104746152,1815.78550440298,2704.81746332354,1785.37283358407,1e+09,1138.71010454812,1828.96847556211,1875.14629277291,1806.25653490859,2618.00520908573,1291.70836716342,1645.33393109119,1671.29278868186,1764.31392164206,1828.07321221006,2229.67710023223,1803.68049487707,1333.02264316852,1298.47322471432,1842.03683057641,1675.61689872715,1728.30186605234,1389.69517395003,1506.70966294107,1810.29267973441,2067.26937792345,1355.84136763856,1281.4413198036,2311.54852631304
4375.91617959028,1912.79351860048,1837.19024970197,1811.20111445416,1738.82305324607,1811.90052226937,2102.10768063865,1905.8449408858,1073.5872238435,1120.25193135294,876.853594621132,1105.21137647963,1225.5597414651,1996.35934996683,1489.39440662975,1829.66331665145,1692.69749057532,1207.70038304209,1420.95535696939,1704.42611139351,1925.10788287306,1699.59926162022,1311.35650873437,1486.60941958539,1422.51027286273,1724.13582820496,1666.06648450775,2320.64815702424,1535.66112495563,1138.71010454812,1e+09,1415.25758136108,1548.30215400612,1576.5092959764,1926.90638989028,1199.43102152646,1117.2311463614,1545.38434193569,1494.94817973734,1426.70088827336,1898.72283498672,1698.94239078316,1636.63278349176,1373.91000014557,1645.45331832903,1535.24000960762,1613.82783084194,1458.48959691182,1427.15420659437,1668.65866548555,1898.35015576684,1221.86504713082,1367.06235399121,1759.51633521829
4667.22933854766,2508.52263725086,2410.67216365063,2344.3176691737,2528.50897429691,1954.86686431583,1933.4077740094,2390.41866929206,1453.63788310569,1566.46592988804,1267.9472682253,1468.92143292281,1556.34128149966,1920.22451031123,2719.43100671813,2525.16114663995,2486.21234378723,2054.80688031747,1519.46734117585,1395.05674336208,2142.26401008373,2108.24605890774,1961.05667653946,2375.53691573084,2173.15681891575,2723.94114952948,1495.68453699301,1914.70704889808,1229.52203652476,1828.96847556211,1415.25758136108,1e+09,1379.16200009281,1017.27447746417,1712.2698110403,1233.24353126218,1273.19664961859,1537.87022420619,1584.22051536394,1768.97887788408,1545.8275711411,1502.39509211126,1571.79839279724,1470.31972172722,2059.35234940503,1354.05990151839,1920.53682635871,1102.597644973,1323.84484105956,1635.01596839297,1466.62484954401,1260.28064993477,1523.69353345743,1774.2711169097
3924.75108661683,2698.43519809167,2864.76427262349,2457.69777008891,2429.96013136018,1879.62297003947,1246.85412919876,2412.87429307869,1372.6575383904,1768.8897015925,1345.0416478682,1210.07914046975,927.552624598734,1522.30947060708,2341.6787687042,2544.07309128492,2347.82484949368,2055.65317038162,1117.1641379851,1184.71363902844,1317.24512213938,2281.29326282265,1525.45040315967,2264.3685436121,1889.34059743075,2358.95546130062,961.997652855765,1651.96368628369,1418.49918110657,1875.14629277291,1548.30215400612,1379.16200009281,1e+09,811.849625608092,1494.48096424812,1723.44961681507,815.118956287976,1118.09120593984,1302.84773576961,1063.48077251072,1339.99968888056,1077.77343996779,1316.50009886061,1575.91234546849,1944.51846705039,1522.68478202155,1061.18385810377,1146.83565675296,865.680416377776,1169.65863319175,1193.72413010712,1067.33401177888,1294.14126045034,928.405776048383
4114.0434031376,2526.81201051839,2643.33270132611,2371.14584492393,2432.54908267028,1620.89460450086,1265.12208545263,2416.28720863229,1363.47789784067,1737.21534606392,1335.36963717916,1328.28935680446,1026.98759437493,1093.68776453794,2538.0480642809,2444.05438495137,2600.6140243604,2085.3294957632,1192.93784188448,840.736229563114,1479.70873667759,2139.71549664903,1768.97405286228,2390.30914270519,1836.33834613886,2753.05198414414,854.239817674171,1388.43807272777,823.53271556144,1806.25653490859,1576.5092959764,1017.27447746417,811.849625608092,1e+09,1342.97639275603,1220.97396421873,1178.03864049529,1055.80336843562,1158.17943160807,1170.71373174658,907.419557206037,811.793223733729,1012.32548091017,1308.96961882238,1979.24031160948,1142.79076632601,1433.43754593634,682.174872301817,695.300066230401,934.920261305744,734.98058368912,808.218202158303,1019.77439250062,1171.30348817034
4724.23371100542,3156.09130584019,3083.76381718834,3134.76864715723,3036.35182735796,1752.28166337493,1935.8664511789,2923.69079238896,1855.64240035628,2168.65939762333,2000.95591390715,2014.00597528905,1620.74406755046,1663.79163370898,2684.48217596988,3105.15923789747,3171.33066399579,2640.66917060809,1948.39033571305,2049.04774146431,1825.41714835267,2669.76704513708,2449.01611150274,3055.23431612045,2526.69674310155,3171.53056281979,1606.7275755398,815.869762339554,1228.56526065977,2618.00520908573,1926.90638989028,1712.2698110403,1494.48096424812,1342.97639275603,1e+09,1992.08712876721,1746.71675379839,2080.59004407404,1840.76776071834,1274.88812764101,1029.32587439547,1272.0792950127,1871.03478193218,1805.43135601994,1983.38593269187,1673.05995197423,1866.23849885271,1839.97947328224,1550.74303828842,1278.26357481546,1325.36991036465,1816.51464992716,1917.79581178498,1303.67783040903
4372.85833111479,1918.89945281143,1760.52218827256,1715.90609760558,2005.2108293394,1832.35139151856,2053.87384773262,1985.1136513812,1334.60600807879,1489.53083945919,1204.44818169982,1520.71877456024,1353.70682974564,1600.79950306089,2087.22594960392,1646.14970300395,2175.07830847535,1666.89262365637,1683.51622507774,1291.59091534433,2121.38356241864,1600.87028290864,1732.18887469006,1851.72124046791,1368.736841471,2603.4003088077,1522.80961081811,2172.99833568735,1022.33755125203,1291.70836716342,1199.43102152646,1233.24353126218,1723.44961681507,1220.97396421873,1992.08712876721,1e+09,1508.69503836925,1250.94380541254,1421.89112315254,1654.8022979196,1464.25258944623,1571.94809348146,1272.60829951718,1300.71203411824,2073.37427031397,1278.74990091886,2043.51221787392,876.040154273764,1398.22066155525,1450.0800943741,1496.37801931865,982.283101758348,1119.47448032548,1900.31386215541
4179.05640019371,2342.25815114389,2299.05034064067,1950.12062283337,2122.27825642633,1896.73885308442,1887.76633405726,1812.94527013366,1001.81588627851,1319.43447434876,934.349752715759,1114.16392164708,1057.49755210119,1938.940072617,1896.97016405108,2042.8988171958,1691.5543968788,1687.66276560218,1396.66963004857,1520.99402865363,1738.20102580225,1824.49529495146,1200.03589512981,1732.01305901543,1636.00539687374,1925.38505678734,1107.25801428574,2116.87460684378,1598.07352280801,1645.33393109119,1117.2311463614,1273.19664961859,815.118956287976,1178.03864049529,1746.71675379839,1508.69503836925,1e+09,1056.41921693048,1267.5488518002,1269.57959372384,1577.47017946458,1517.85073719388,1495.44469005042,1519.74884665197,1773.00326790449,1423.77814033648,1320.34707770343,1156.76756364449,1289.61149126394,1403.63770770808,1476.56076688364,1054.5870596589,1350.09026064926,1311.8454608299
4129.15861118219,2430.48426600544,2486.21285768134,1981.05138936374,2298.63959071447,1928.2124913764,1863.63651222549,2099.41746744186,1485.60503529707,1881.91571516899,1387.21866138688,1502.86476237884,1113.8667521746,1533.95496905874,2201.4939152312,1927.21002451731,1845.72692674187,1876.73127013433,1551.01752885001,1195.59966640176,1929.06209563093,2093.44671085748,1529.82577357685,1958.31750160693,1229.05730814312,2308.7049492302,1148.23951443068,2313.86967178361,1567.88221266778,1671.29278868186,1545.38434193569,1537.87022420619,1118.09120593984,1055.80336843562,2080.59004407404,1250.94380541254,1056.41921693048,1e+09,1022.61320595815,1529.87443167732,1582.90921034657,1633.98025499086,1438.07946306871,1798.98245994785,2390.72660747732,1584.78907378869,1649.75232671453,905.207704010522,1248.74001949966,1495.33575547433,1451.506908492,700.126434938719,1110.54745697786,1402.41163885644
4130.19662397567,2202.7686784817,2368.60057533979,2046.44258837134,2207.32835672448,1269.37433883784,1971.20734518214,2010.26336941208,1220.04059026739,1733.12862211666,1373.43022716846,1369.99185216555,1467.54226303708,1198.07267863849,2260.04436518401,2141.36016741696,2139.07781871067,1526.89014820975,1400.70505310718,1462.38103047735,1664.94499783026,2164.92118452382,1447.54354155583,2117.51651457551,1269.36956663534,2096.78192909992,975.645640435092,2130.75780463196,1590.33885156592,1764.31392164206,1494.94817973734,1584.22051536394,1302.84773576961,1158.17943160807,1840.76776071834,1421.89112315254,1267.5488518002,1022.61320595815,1e+09,1527.9776093582,1654.91741951071,1482.87387990348,1447.76596261274,1588.59212279301,2027.76092454214,1166.93774204111,1251.12084216514,1128.97073629036,1062.92706047969,1355.4704409171,1377.63203686616,804.271669711174,1115.65903850594,1699.86343045552
4036.5012797471,2400.50155971622,2628.72918357902,2422.90992218035,2062.13183470408,1442.10034061434,1363.32930944801,2365.43080666081,1301.92199597365,1565.03078560775,1292.49325406363,1186.97585539892,643.08000194377,1420.46946788729,1934.05705487196,2427.17998951458,2595.22479592809,2109.49607233576,1217.25278685243,1434.98873870146,1090.69712684136,1995.57680987227,1651.87088769068,2191.73481749047,1894.35120112402,2534.26332098699,1061.53665231117,1518.80810127547,1240.21186661796,1828.07321221006,1426.70088827336,1768.97887788408,1063.48077251072,1170.71373174658,1274.88812764101,1654.8022979196,1269.57959372384,1529.87443167732,1527.9776093582,1e+09,1224.99786444712,903.15113984316,1264.52890081643,1268.20412903444,1478.34302203514,1385.31980571275,1238.53387059055,1399.29058608282,1104.63904285518,1009.11447482434,1105.82535244043,1183.22776387304,1070.50033362909,941.860366455665
4225.22210056466,2772.896245751,2684.39718829014,2592.30517036479,2703.8616958713,1872.17844152207,1676.41639305395,2500.39356950061,1603.51059706508,1964.546448471,1749.61134372752,1857.9763320344,1343.12913303226,1346.81178629384,2499.31184664899,2515.36766266882,2937.88319640179,2453.63106825374,1861.31712655313,1509.34250231682,1711.75990203066,2154.01970826638,2141.3250684331,2657.88869392607,2115.89424331652,3196.57684938123,1232.56473765072,1009.65426508286,726.574783625196,2229.67710023223,1898.72283498672,1545.8275711411,1339.99968888056,907.419557206037,1029.32587439547,1464.25258944623,1577.47017946458,1582.90921034657,1654.91741951071,1224.99786444712,1e+09,1007.63603394281,1240.57374843255,1471.12755436094,2000.45985515831,1346.6221978714,1875.40224333341,1188.43124731724,1352.2695128191,734.580773638951,770.306076439749,1442.80223076484,1510.47696678897,1342.19315584606
3735.16257838933,2380.36149242085,2690.55396998462,2474.12274893547,2207.79825172048,1514.8969896993,914.475565447213,2504.83710909512,1325.96200322634,1648.9417873594,1406.39456391156,1207.63378459697,1108.17214208804,1025.6933130327,2458.59262292475,2598.16363870715,2973.3103195933,2113.57514524561,1036.59115590478,1022.00163453881,871.683191245535,2082.78215800405,1743.62190001158,2432.87064391019,2060.35033001672,2833.4912502953,953.410936689946,1086.26121945875,885.5755296416,1803.68049487707,1698.94239078316,1502.39509211126,1077.77343996779,811.793223733729,1272.0792950127,1571.94809348146,1517.85073719388,1633.98025499086,1482.87387990348,903.15113984316,1007.63603394281,1e+09,792.690794572512,978.215116679353,1523.35332671052,1104.45431689138,1194.25849521785,1107.48012456206,703.851854014749,678.464475341193,732.975167723982,1200.70290205363,1070.10029142132,1386.43595838394
3345.87453079161,1859.49980489378,2193.52453403193,1834.32369488049,1758.21127186126,1765.76244529099,1219.45355344105,2012.40708473708,1083.41898405003,1402.83574979397,1185.03017792797,1112.81670993026,1213.61333096666,1214.12183836714,2207.31155428952,1990.31992682081,2660.62671259987,1760.25725614184,1181.79277587063,818.884578191579,1123.79945679823,1565.19786675679,1348.30566230362,1916.9888415429,1680.33189441848,2652.56097368185,975.430971007175,1712.279378869,1052.6929592716,1333.02264316852,1636.63278349176,1571.79839279724,1316.50009886061,1012.32548091017,1871.03478193218,1272.60829951718,1495.44469005042,1438.07946306871,1447.76596261274,1264.52890081643,1240.57374843255,792.690794572512,1e+09,762.581024219722,1550.05404841251,990.234927024895,1348.15732323791,744.436553710254,928.149079404812,754.725968746273,951.441856920327,1085.44616393444,901.895178887214,1800.69554358864
3753.35492658235,1523.4791884696,1838.76402964056,1757.67827991928,1475.02496433111,1513.54542485516,1606.44163494974,1836.73520905981,796.309088796555,859.709171755193,883.758717467613,914.186506682307,1364.31531729289,1586.30401093233,2086.94098905551,2027.12068338321,2666.65671444601,1627.78267336276,1202.62108596183,1284.41114667384,1291.99304208653,1265.28325224038,1366.46922274159,1809.17323142368,1896.25522261641,2543.78963147506,1159.31502892872,1809.69352250595,1157.78512004603,1298.47322471432,1373.91000014557,1470.31972172722,1575.91234546849,1308.96961882238,1805.43135601994,1300.71203411824,1519.74884665197,1798.98245994785,1588.59212279301,1268.20412903444,1471.12755436094,978.215116679353,762.581024219722,1e+09,953.072648804906,731.942565779584,1436.13246244906,1089.40578225012,1186.91945215335,1045.55339069796,1164.30229820266,1263.61340239015,1024.70371278726,1988.02990480526
