1e+09,9973.69837929742,11443.1938815306,11870.5863266521,13921.0408105177,5361.54847856475,11590.3388776817,4428.05601626718,3858.02263395382,5115.55688980193,4849.68503482443,5185.4774462435,4878.95983484185,4948.83216310677,6780.77130585452,3893.17326108151,4336.66251912689,8255.36138048481,4593.57246263733,4813.74611465956,6200.80768566483,5261.7954618362,3408.74247526856,4225.51097945562,5468.44478566804,5321.8356893369,3538.36393669447,5071.20044331714,3699.77429285896,4558.77945280313,5087.53788312186,7949.59484883349,9119.74000556485,4462.62250524285,5954.7140682068,4743.49235435243,6005.26450572329,6108.94312112169,5332.22661316077,5512.80404756055,6934.07867691159,5275.7008229713,7051.5902069675,5130.70143426803,4450.02032676256,4778.67108464268,7007.65891996749,4514.56216178269,5191.82179918572,5694.58854288877,4774.19737251195,5071.92170487676,7219.03856395019,8282.3989578141
9973.69837929742,1e+09,1564.8758414328,2336.26323733008,4364.45429391809,11386.2481367306,19825.9991522924,11287.1788501645,9815.07669345991,6689.29502732538,12291.7314830255,12503.3973245154,12014.833712399,13190.1831233914,13246.7388513815,10072.2109296122,8531.13804793944,15754.4566594789,12179.2619929165,12478.7945539223,14379.7257444223,12882.5135821081,10688.5252148601,8654.90922218714,6116.71441962922,6207.00684927123,10603.4193959637,13265.9653483001,10085.1941281911,10657.3897815976,11995.8683246358,15532.2121469738,17280.4727917699,11928.2685201374,13934.6456150596,11708.1172579625,13549.781412986,14010.9571669926,13169.3342088163,13346.5012970141,14858.6781064535,13365.3711814338,14939.0293396994,12983.3303526329,12107.7507449072,12400.9261114805,15041.7125308523,12403.5717076413,13339.7757908782,13508.9605059013,12726.0305487179,11623.7310900416,14439.812088438,15541.9643902565
11443.1938815306,1564.8758414328,1e+09,1603.82483900206,3245.10933886672,12801.5916185488,21246.1193660631,12710.889880331,11253.213108797,8128.14378335546,13716.0844289651,13913.1710829056,13417.4366896848,14637.3190678997,14627.3210379823,11454.4161659728,9884.40672125039,17175.158338161,13610.5803769861,13921.5125190728,15847.9468016996,14295.5515287484,12111.4170718211,10073.0980865769,7534.54530592258,7602.90188921309,12044.0688982835,14726.3957415588,11508.7369154569,12090.2294188324,13394.8806136113,16925.4814851425,18704.8543885431,13363.8140225012,15367.5209623283,13093.5602254047,14956.0656474221,15427.9731268628,14595.7937505845,14765.9600495633,16287.9255895863,14816.6746086023,16373.3775944825,14432.7650416163,13549.8457080773,13832.9407255182,16481.6991041064,13835.4578567209,14782.565732876,14943.2375240742,14162.7019492892,13018.8905349381,15824.3101513494,16937.2934047297
11870.5863266521,2336.26323733008,1603.82483900206,1e+09,3087.49808718969,13062.6851843294,21512.2891171209,13033.0609065752,11651.5891449536,8470.37332696145,14274.9607744575,14478.0056806108,13969.1681007317,15204.0636652936,14934.6607813971,12120.4163720105,10594.7894248116,17449.0390373367,14125.630905464,14378.9171806399,16195.1368805546,14885.3589118805,12715.92520059,10533.4553561972,7928.52884912453,8007.9478720706,12447.3955269044,15215.9510019387,12103.7080892593,12470.2739508641,13928.6435942449,17312.2490595272,19049.1646277993,13903.4046129788,15849.6688237578,13699.9351139011,15469.798689718,15966.7884613093,15064.7551581564,15383.131803079,16665.9785582755,15242.112712121,16714.8103358519,14901.6853394406,14011.7956442527,14264.0186333621,16805.4763233269,14355.1248538597,15271.0711814856,15402.811382449,14662.0770409516,13458.1371780384,16164.9951676795,17234.0171016075
13921.0408105177,4364.45429391809,3245.10933886672,3087.49808718969,1e+09,15575.1557453561,24048.0228465294,15400.6979572388,14031.6728959593,10867.4666891369,16323.5261541341,16608.1179820352,16260.6803033053,17299.7598452493,17419.6404502447,14030.9656223405,12668.6966434792,19925.9121812503,16375.0824042751,16647.178756465,18532.7407666459,16962.3482435039,14791.3278187119,12916.3580067757,10346.110063507,10507.0736822866,14803.2847376114,17381.5418184521,14208.2116846843,14873.4903754431,16209.3965656683,19776.4993454479,21474.8861585062,16084.8539488862,18113.7217996744,15873.6849963296,17764.3052404309,18176.662469568,17329.0367073476,17445.6287430204,19077.4725412225,17547.3244483027,19159.4833187302,17110.8919316878,16309.4300033968,16611.8329457799,19266.8608284873,16558.5466640735,17506.2787471124,17750.5918893061,16897.4752167003,15864.5345942041,18683.9737649918,19763.4827535356
5361.54847856475,11386.2481367306,12801.5916185488,13062.6851843294,15575.1557453561,1e+09,8543.80491616587,2079.35856960746,2271.83054352652,4798.01043894238,3957.97562263842,4025.51715324876,2941.08911027871,4182.01401946478,2612.02794336125,4861.15847279226,4713.96665732799,4455.60721814659,2997.21851080297,2760.6983453467,3563.1462884086,4264.24336920397,3999.92217413039,3086.36624234714,5370.48270749474,5280.43621640296,2277.86759037921,3722.09611819738,3762.5851605379,1375.31381607981,2651.76450892609,4473.88498752483,6149.14737378281,3140.7304632999,3648.5743151675,3478.61189832956,3661.62508650189,4214.67320845875,3255.02719725965,4582.05568392616,3822.48370447802,3008.69211613618,3846.36552553186,3169.70913018845,2444.97367147379,2265.26597259571,3923.98553562574,3222.4937725929,3452.57193681754,3252.73128822533,3225.69886268077,2166.13057344196,3630.70130630433,4350.6943213239
11590.3388776817,19825.9991522924,21246.1193660631,21512.2891171209,24048.0228465294,8543.80491616587,1e+09,9097.23040256209,10242.2758293165,13284.577330924,9088.29239393738,8731.58316247403,8425.98268253027,8112.89470924528,7007.72022714948,11514.4271971254,12278.3778547372,4509.11643436938,8318.81333544635,7964.1303769401,5904.81392957475,8622.4982653811,10348.783230989,11307.3086414938,13800.2542759038,13656.161422867,9574.50374897833,7725.28049695285,10735.1677910036,9326.44501331563,8445.60271755071,4653.19495221294,3194.17455477937,8773.73159625937,6694.09181153052,9145.12831550766,7202.74193533268,7121.7066008928,7459.5330675988,8247.70766603061,5264.42670283289,6957.1725053214,5073.66023266241,7687.46966030436,8166.26571418663,7780.69626744934,4931.80304050152,8323.92289454317,7311.10226615659,6848.45652055264,7888.83217287578,8517.95198132157,5697.30704176105,4521.14141691012
4428.05601626718,11287.1788501645,12710.889880331,13033.0609065752,15400.6979572388,2079.35856960746,9097.23040256209,1e+09,1910.75835643862,4791.74514833583,2830.45989952163,3806.27273942633,3139.21524196733,3347.16813900945,3827.39038428274,3534.72727932439,4111.08779232456,4960.38066892048,2942.84830331093,2479.9848532602,3631.32290508569,3550.42390742289,3058.72517348323,3186.16647024288,5530.1809156392,5449.93322442578,1410.23070130387,2931.80702408941,2839.98511945045,1794.65192237938,2598.94377888403,5098.23567419161,6505.07246930424,2644.39790143238,3414.88671268902,3115.65224477957,3789.12014988968,3884.79785246285,2853.4328458017,4095.13070082018,4088.5375810918,2764.45618042681,4353.25631018896,2642.41637801464,2172.87696241642,2084.13420220484,4332.81208124701,2363.41930460932,3010.52190553399,3530.12924494274,2813.15938501536,2959.30906256849,4675.87328386902,5337.9645582188
3858.02263395382,9815.07669345991,11253.213108797,11651.5891449536,14031.6728959593,2271.83054352652,10242.2758293165,1910.75835643862,1e+09,3288.20800441517,3601.30532661423,4139.08254015307,3097.78709027912,4048.87005441024,4486.86383109628,3250.20614627749,2940.51300002228,6185.20914272913,3138.76938550764,3157.97629720364,4783.60288860813,4166.62434441839,2740.40405747036,1534.39358464509,3997.72529589015,3842.14474732538,1055.71130845511,3831.63815585449,2083.56900192914,1137.43567422514,2841.30582523248,6062.28431745823,7717.45024323448,2915.87468821964,4401.86299091646,3206.44693006137,4364.49619378915,4730.2519374342,3841.33597562098,4632.48771166206,5188.19327696068,3757.54748967994,5370.90578041544,3598.15230407219,2655.27382164251,2828.78372617986,5361.7480669927,3092.28750799469,3890.71410812977,4092.97191291365,3505.96761647908,2899.93562226819,5342.03136113033,6243.21176912172
5115.55688980193,6689.29502732538,8128.14378335546,8470.37332696145,10867.4666891369,4798.01043894238,13284.577330924,4791.74514833583,3288.20800441517,1e+09,6225.60646610433,6552.89360808643,5844.60993317775,7013.60825085063,6933.06819897944,4691.01888160771,3265.43461456511,9151.33688138515,5938.58600108645,6106.31184563972,7857.15744137789,6812.8857478898,4886.33898311405,2296.57226428867,1138.3872291536,1305.84674870369,4200.55576935957,6904.70062714525,4136.58537950083,4057.50659855286,5686.32617539655,9048.03950819182,10758.4329422969,5687.16669469957,7508.05420057021,5704.16278365195,7241.05190370156,7705.06108555279,6817.97393193169,7336.12014536294,8319.17940191219,6915.45281446559,8415.78849815037,6585.13439542429,5709.8371302341,5936.64102131837,8485.27159535863,6117.28212202119,6978.93458687642,7115.51485971325,6456.67850910203,5371.20979026141,8087.00660880155,9066.60455211321
4849.68503482443,12291.7314830255,13716.0844289651,14274.9607744575,16323.5261541341,3957.97562263842,9088.29239393738,2830.45989952163,3601.30532661423,6225.60646610433,1e+09,2291.66425693207,2678.9493480094,1574.80413715484,4382.15219759652,2705.56058575667,4141.88820682065,5317.03161600531,2364.56428851068,1967.78313286805,3528.38221192093,1566.17118310867,2309.30592341076,4387.8721497669,6783.49715513318,6818.11233357885,2981.76635820113,1862.09827074191,2710.23391722929,3378.97805404238,2155.04048602341,5007.29806224874,6149.1677837818,1681.93641600983,2512.77873357365,2016.14276379427,3003.65323705983,2527.83868502324,2010.08296990448,1953.75512897599,4063.79651062895,2499.81380776649,4443.6604414604,1667.16135703776,2135.06690644579,2404.53899161565,4703.58093592531,1409.89472096324,2070.19108149465,3217.03873364932,1874.99059946977,3391.2679874053,5006.55830276648,5657.31253973121
5185.4774462435,12503.3973245154,13913.1710829056,14478.0056806108,16608.1179820352,4025.51715324876,8731.58316247403,3806.27273942633,4139.08254015307,6552.89360808643,2291.66425693207,1e+09,1873.78847949815,2397.2972318217,3698.77708709244,3744.60508244862,4390.89590859314,5386.34394508,1550.37816302991,1741.6848254779,3572.8120166194,1388.0375447732,2494.40649285557,4489.97847273236,6833.89926902643,6927.94567000926,3596.99604236646,2712.17110842956,3431.85130939556,3749.09269114542,2029.80709337119,4451.56800142377,5682.78004951802,1531.52196549707,2588.17876925069,1615.51193517721,1911.68196920931,2119.32763403868,1838.1879909846,1441.27447555974,4002.94198587739,2799.78838807507,4040.71629878911,2085.51404054252,2102.07830527314,2421.74192900482,4637.84265303384,2120.47943982016,2213.60899704532,2498.04950485374,1607.12890777311,2443.80252453016,4029.1383584707,5077.19943123175
4878.95983484185,12014.833712399,13417.4366896848,13969.1681007317,16260.6803033053,2941.08911027871,8425.98268253027,3139.21524196733,3097.78709027912,5844.60993317775,2678.9493480094,1873.78847949815,1e+09,2483.17205803384,3082.27028683404,3849.02165405704,4021.76419582253,4930.41683049212,918.060746410606,1515.68882901472,3332.37402231502,2323.66120344598,2523.45491053437,3591.42899042985,6176.89189363874,6082.48670181037,2611.91990193038,2629.45114609494,2968.92188888492,2548.42675505889,925.344170889945,3975.4473069832,5669.834291926,1422.24265289015,2371.52882771852,1256.49565729452,1861.20081724139,2444.8281129969,1911.07595770027,2291.2365484166,3471.8838825629,2234.53422424003,3600.91148030606,2087.42389825354,1269.18637922096,1532.09899464754,3946.77245961811,1765.92418104516,1988.61375980858,1933.28123706821,1495.189964553,1364.69960694653,3349.45979737032,4504.92204711691
4948.83216310677,13190.1831233914,14637.3190678997,15204.0636652936,17299.7598452493,4182.01401946478,8112.89470924528,3347.16813900945,4048.87005441024,7013.60825085063,1574.80413715484,2397.2972318217,2483.17205803384,1e+09,4373.63748869291,3695.96019824348,4994.20516807229,4750.18096886845,2063.0291442682,1835.32275145272,2782.19164954537,1496.9588236154,2792.23698723801,5017.28328836433,7562.29735028318,7532.98101385501,3300.92584535006,933.772496435829,3339.16393456506,3681.5289577158,2280.76353929994,4278.81594046764,5309.63605284769,1702.90148537724,1692.68729034633,2352.79892889299,2365.03452251759,1713.62591101442,1702.88897685668,1435.33929445271,3277.71041280343,1826.78454342596,3679.11986953402,1307.90274271446,1939.91574832517,2139.01137000251,3816.39129144274,1190.48213703524,1222.90774022409,2385.36627548056,1473.53103757607,3462.42450840448,4448.61231199124,5056.74830941782
6780.77130585452,13246.7388513815,14627.3210379823,14934.6607813971,17419.6404502447,2612.02794336125,7007.72022714948,3827.39038428274,4486.86383109628,6933.06819897944,4382.15219759652,3698.77708709244,3082.27028683404,4373.63748869291,1e+09,6122.95489853551,6169.93062289196,3351.19068277232,3258.176981166,3033.6742293628,2934.03449896214,4238.65033251152,5056.74638359489,4998.6813662405,7249.43605025936,7210.92748438091,4177.33512514857,4114.92811431743,5350.51347722814,3564.07642937129,3054.05786001182,2818.54549530427,4468.39462816345,3668.97508702362,3149.64787412815,3698.2011645258,3024.84214047609,3659.73252924309,2924.97238892951,4207.59288682971,2817.02267969216,2938.62212613327,2621.75773085539,3249.49005924007,3075.53888830884,2735.30425091981,3171.32880160667,3705.81545316277,3355.59400610384,2791.60183301631,3150.18617472047,2309.61106359924,1866.48460992851,2571.87331902254
3893.17326108151,10072.2109296122,11454.4161659728,12120.4163720105,14030.9656223405,4861.15847279226,11514.4271971254,3534.72727932439,3250.20614627749,4691.01888160771,2705.56058575667,3744.60508244862,3849.02165405704,3695.96019824348,6122.95489853551,1e+09,2162.84829167466,7666.29607924192,3676.25586306231,3783.73671066051,5850.42551031974,3390.73437765331,1693.59667084581,3443.95068491115,5169.30879138594,5239.67951996112,3090.18458492369,4000.87836399709,1680.53636054088,3787.39863952819,3529.77162944007,7260.07699041822,8619.83108781721,3023.82130240859,4876.12166822158,2956.7617769445,4882.05711149511,4751.63917976734,4189.60441685131,3956.52853395499,6374.17412184512,4659.24046296175,6697.49408592497,3928.04361470185,3614.46007530862,4005.31546929827,6867.67826321239,3214.58103490953,4248.18082886075,5122.17437518482,3813.70194523641,4349.18036340182,6888.71051487867,7846.80473855441
4336.66251912689,8531.13804793944,9884.40672125039,10594.7894248116,12668.6966434792,4713.96665732799,12278.3778547372,4111.08779232456,2940.51300002228,3265.43461456511,4141.88820682065,4390.89590859314,4021.76419582253,4994.20516807229,6169.93062289196,2162.84829167466,1e+09,8327.05092514751,4170.62843591946,4511.31196039467,6726.70040200989,4531.24415700589,2533.67266664421,2170.75677290202,3463.10210904905,3515.27054721255,3329.2008443619,5230.85739542764,2152.95788149699,3626.35922088532,3901.39155489423,7777.07540238617,9446.10113111754,3754.67525127008,5816.77082406553,3438.05234954327,5421.10055124419,5705.30579987611,5072.41843022636,5026.88658752115,7096.13145196733,5525.66743609313,7307.351462671,4945.56503653526,4203.97296753916,4567.6085548348,7526.67622906685,4247.30479768053,5243.99059571049,5623.68725538681,4640.73591919428,4150.93385753134,7073.66456059375,8198.00920859449
8255.36138048481,15754.4566594789,17175.158338161,17449.0390373367,19925.9121812503,4455.60721814659,4509.11643436938,4960.38066892048,6185.20914272913,9151.33688138515,5317.03161600531,5386.34394508,4930.41683049212,4750.18096886845,3351.19068277232,7666.29607924192,8327.05092514751,1e+09,4857.94221195559,4249.31299428508,2336.76316557755,5220.66682955348,6688.54956542149,7264.31424153031,9748.22675805708,9654.96589829814,5637.79594134978,4199.13292210428,6859.32434994147,5260.54624938323,4686.67038518819,1984.19414261811,2454.6709708024,5080.31501386479,3258.76631001672,5577.39925192737,3955.65373367033,3942.31946038116,3853.40174249974,5106.82951054762,1730.73090629364,3304.109131415,1728.63332821047,3973.70701461494,4423.70923633098,3989.08430412294,1701.77742434197,4659.0639274644,3882.15681843225,3471.37626082221,4334.84104563247,4868.88417900858,2937.05696608016,1760.76155001181
4593.57246263733,12179.2619929165,13610.5803769861,14125.630905464,16375.0824042751,2997.21851080297,8318.81333544635,2942.84830331093,3138.76938550764,5938.58600108645,2364.56428851068,1550.37816302991,918.060746410606,2063.0291442682,3258.176981166,3676.25586306231,4170.62843591946,4857.94221195559,1e+09,1030.51325430583,2989.42318143484,1851.09978971961,2243.31284162508,3791.94626124896,6327.90232448321,6307.61624809246,2536.18317485153,2117.79488581874,2879.51613497824,2625.29019378811,1186.67854834407,4009.40232270347,5498.4964377546,949.037463222606,2106.51278030778,1358.40418723589,1705.62543473062,2133.64690269969,1540.89424283434,1956.50555851498,3384.09230738466,1957.26333501652,3487.62307919018,1578.32734022445,909.768746935176,1291.16862341834,3821.5366417843,1386.12280238801,1544.9966966955,1818.95886520284,1092.82122325658,1659.31783787796,3440.2516596755,4562.83762795697
4813.74611465956,12478.7945539223,13921.5125190728,14378.9171806399,16647.178756465,2760.6983453467,7964.1303769401,2479.9848532602,3157.97629720364,6106.31184563972,1967.78313286805,1741.6848254779,1515.68882901472,1835.32275145272,3033.6742293628,3783.73671066051,4511.31196039467,4249.31299428508,1030.51325430583,1e+09,2400.225711303,1802.05226433642,2547.83300769497,4026.78561831891,6614.25915146209,6596.62629372773,2439.7959396843,1586.93158652161,2998.30941943956,2575.08180776844,1265.87918049078,3726.02304155516,5089.44680159838,1102.12020365294,1651.62442186473,1840.87300876513,1676.70160669691,1852.40950858605,987.626812465113,2013.80724032863,2911.99252763464,1404.40751347321,3040.5956378644,991.205992314413,703.591903165464,1003.86536218758,3409.24881875759,1136.94386545687,1159.13578906874,1650.07778871179,870.301226989828,2010.70180146137,3364.03487805938,4235.18078128904
6200.80768566483,14379.7257444223,15847.9468016996,16195.1368805546,18532.7407666459,3563.1462884086,5904.81392957475,3631.32290508569,4783.60288860813,7857.15744137789,3528.38221192093,3572.8120166194,3332.37402231502,2782.19164954537,2934.03449896214,5850.42551031974,6726.70040200989,2336.76316557755,2989.42318143484,2400.225711303,1e+09,3382.66482205967,4744.40265143042,5892.06074003824,8425.7984663354,8376.72460401439,4073.06161074197,2264.94570828972,5136.09315946469,3993.76934878568,3200.68785422759,2409.11197058169,3229.4325385894,3202.43539424295,1589.18537411467,3875.12984884378,2524.83950786976,2381.59624485344,2056.16381825476,3249.04017402063,1232.27212838723,1383.34468188518,1357.09268194917,2029.99021549366,2601.99512528367,2295.31488249434,1520.54095854074,2778.36532417895,1913.39250016822,1923.67560170628,2383.56481697058,3510.28138909119,2701.22980262694,2760.14381657913
5261.7954618362,12882.5135821081,14295.5515287484,14885.3589118805,16962.3482435039,4264.24336920397,8622.4982653811,3550.42390742289,4166.62434441839,6812.8857478898,1566.17118310867,1388.0375447732,2323.66120344598,1496.9588236154,4238.65033251152,3390.73437765331,4531.24415700589,5220.66682955348,1851.09978971961,1802.05226433642,3382.66482205967,1e+09,2417.80337002412,4811.2569318942,7238.68182227262,7326.11450716545,3552.33086177231,1922.35821784079,3274.21391022334,3835.87382515379,2130.23150493086,4488.81290456619,5587.78488289412,1360.12892907253,2168.37138006846,1816.9614501139,2005.19445812619,1586.8240882026,1628.04622474302,969.068485505539,3817.74421812148,2548.22578412903,4065.13738436968,1596.10015030386,2107.44659699837,2345.54028070293,4478.45751999503,1559.03218594101,1787.94323095002,2584.05992709148,1519.08249397457,3120.39097396464,4461.82134714065,5279.57965105178
3408.74247526856,10688.5252148601,12111.4170718211,12715.92520059,14791.3278187119,3999.92217413039,10348.783230989,3058.72517348323,2740.40405747036,4886.33898311405,2309.30592341076,2494.40649285557,2523.45491053437,2792.23698723801,5056.74638359489,1693.59667084581,2533.67266664421,6688.54956542149,2243.31284162508,2547.83300769497,4744.40265143042,2417.80337002412,1e+09,3092.9215530304,5291.70708543094,5325.52957858653,2335.33249731168,3069.00600266601,1410.92155657216,3043.07199050565,2479.01089818097,6087.83361994232,7472.30956901546,1747.82922569684,3819.95665538236,1925.63482869936,3554.39084955496,3634.31597008295,3076.63508265118,2922.48991384059,5278.57533058874,3581.61105601934,5479.82404369885,2918.54605968451,2356.01576851684,2829.43280427368,5712.30888626482,2202.42107197965,3123.62042213839,3748.69415080772,2582.56032185117,3091.79500903601,5572.65418642679,6661.59699976665
4225.51097945562,8654.90922218714,10073.0980865769,10533.4553561972,12916.3580067757,3086.36624234714,11307.3086414938,3186.16647024288,1534.39358464509,2296.57226428867,4387.8721497669,4489.97847273236,3591.42899042985,5017.28328836433,4998.6813662405,3443.95068491115,2170.75677290202,7264.31424153031,3791.94626124896,4026.78561831891,5892.06074003824,4811.2569318942,3092.9215530304,1e+09,2718.74768939672,2629.163951221,2363.19662046982,4967.00880730043,2521.78592013676,2180.47422456676,3504.84361461393,6937.0499686322,8699.44384031531,3607.67263911237,5399.31435180431,3574.72436832548,5049.48066004812,5568.70739678428,4715.76231237326,5256.06701006561,6254.87439313533,4863.74623819952,6361.34253656412,4575.00238632725,3593.43699787543,3831.16087627497,6497.74066454641,4067.39724564739,4892.60832687433,4939.11636521149,4325.27739450316,3204.08672855464,6018.65850635339,7074.63659802396
5468.44478566804,6116.71441962922,7534.54530592258,7928.52884912453,10346.110063507,5370.48270749474,13800.2542759038,5530.1809156392,3997.72529589015,1138.3872291536,6783.49715513318,6833.89926902643,6176.89189363874,7562.29735028318,7249.43605025936,5169.30879138594,3463.10210904905,9748.22675805708,6327.90232448321,6614.25915146209,8425.7984663354,7238.68182227262,5291.70708543094,2718.74768939672,1e+09,887.259059125349,4872.21455342435,7541.25918361118,4741.73461718389,4707.0506973263,6138.19387171015,9483.686438063,11238.5007615874,6139.57832705146,8037.02937990151,6018.35011019632,7625.249332553,8170.72171118317,7293.46208478525,7720.721050582,8858.49902937851,7480.92730094338,8913.82006118028,7131.472007454,6219.52536559664,6450.71738755466,9047.4431670887,6656.52736757688,7503.93456643913,7553.4854347182,6898.09711782895,5628.6909293103,8411.46088892411,9494.32232296229
5321.8356893369,6207.00684927123,7602.90188921309,8007.9478720706,10507.0736822866,5280.43621640296,13656.161422867,5449.93322442578,3842.14474732538,1305.84674870369,6818.11233357885,6927.94567000926,6082.48670181037,7532.98101385501,7210.92748438091,5239.67951996112,3515.27054721255,9654.96589829814,6307.61624809246,6596.62629372773,8376.72460401439,7326.11450716545,5325.52957858653,2629.163951221,887.259059125349,1e+09,4696.22147597406,7510.52751044825,4694.8097541434,4585.33440095703,6065.31785436674,9382.02524297926,11179.5239942942,6171.65371802404,7981.84629066484,6001.96869464512,7623.07202962165,8174.43166598143,7280.92493085872,7760.9611463465,8744.45455137712,7382.25773185954,8821.05438723172,7142.62686462761,6154.34124610425,6373.72026781063,8902.95363196394,6603.32195243425,7449.74334987455,7488.33193410255,6870.76518863802,5584.29781361095,8311.71083813074,9393.12369037585
3538.36393669447,10603.4193959637,12044.0688982835,12447.3955269044,14803.2847376114,2277.86759037921,9574.50374897833,1410.23070130387,1055.71130845511,4200.55576935957,2981.76635820113,3596.99604236646,2611.91990193038,3300.92584535006,4177.33512514857,3090.18458492369,3329.2008443619,5637.79594134978,2536.18317485153,2439.7959396843,4073.06161074197,3552.33086177231,2335.33249731168,2363.19662046982,4872.21455342435,4696.22147597406,1e+09,3059.01856584755,1969.9414342056,1342.74752943359,2348.05352973479,5467.80942088329,7014.84389193373,2363.34414963204,3662.52752158943,2743.97946255069,3771.26211645385,4028.37028399823,3096.02424464021,3980.69142131113,4513.95523268674,2973.32576113012,4721.83075654984,2895.4954692591,1938.37477446958,2132.12953572244,4709.26306153097,2316.17309830246,3092.87731347365,3468.80708770321,2768.43315360873,2639.4039784959,4844.62069414108,5750.72393222801
5071.20044331714,13265.9653483001,14726.3957415588,15215.9510019387,17381.5418184521,3722.09611819738,7725.28049695285,2931.80702408941,3831.63815585449,6904.70062714525,1862.09827074191,2712.17110842956,2629.45114609494,933.772496435829,4114.92811431743,4000.87836399709,5230.85739542764,4199.13292210428,2117.79488581874,1586.93158652161,2264.94570828972,1922.35821784079,3069.00600266601,4967.00880730043,7541.25918361118,7510.52751044825,3059.01856584755,1e+09,3401.41641849392,3358.34195682929,2287.90166058334,3984.14517153931,4987.37460536102,1842.09792991578,1475.16683646291,2728.64404367811,2339.40996360193,1778.75152396281,1613.35923154144,2050.23448173617,2871.49761561802,1427.10532071042,3245.36678036551,1061.0990507488,1747.26951100853,1864.59711399004,3314.98163471534,1278.31731627949,1071.24660204829,2181.22308361616,1599.0807845134,3409.36132237403,4167.60299727553,4657.76854247825
3699.77429285896,10085.1941281911,11508.7369154569,12103.7080892593,14208.2116846843,3762.5851605379,10735.1677910036,2839.98511945045,2083.56900192914,4136.58537950083,2710.23391722929,3431.85130939556,2968.92188888492,3339.16393456506,5350.51347722814,1680.53636054088,2152.95788149699,6859.32434994147,2879.51613497824,2998.30941943956,5136.09315946469,3274.21391022334,1410.92155657216,2521.78592013676,4741.73461718389,4694.8097541434,1969.9414342056,3401.41641849392,1e+09,2545.45602067685,2677.63295806203,6489.13389853376,7992.38522718969,2394.37398494888,4271.94115764719,2591.00657025412,4190.54608243365,4284.35056406452,3697.34515324172,3755.32433900189,5610.87630067711,3922.53808070744,5864.97214492107,3399.57534826043,2722.39763996739,3182.13404445822,5987.92087704071,2692.05001991048,3649.07361654982,4246.11037759265,3281.47642657996,3475.27125987311,6004.0716933511,6963.91397384402
4558.77945280313,10657.3897815976,12090.2294188324,12470.2739508641,14873.4903754431,1375.31381607981,9326.44501331563,1794.65192237938,1137.43567422514,4057.50659855286,3378.97805404238,3749.09269114542,2548.42675505889,3681.5289577158,3564.07642937129,3787.39863952819,3626.35922088532,5260.54624938323,2625.29019378811,2575.08180776844,3993.76934878568,3835.87382515379,3043.07199050565,2180.47422456676,4707.0506973263,4585.33440095703,1342.74752943359,3358.34195682929,2545.45602067685,1e+09,2215.47593940896,5133.3799329584,6837.15233040774,2570.00271034877,3680.97513564001,2900.33728205876,3697.44220355099,4130.60528753354,3253.47718341469,4200.54761745418,4332.06205903147,3057.20606116107,4494.60954151748,3003.58881565037,2099.69153841701,2184.42166073769,4513.79713455313,2726.76390332937,3292.118666877,3377.39336303902,3012.99347420468,2258.23164956565,4425.1898461535,5254.29891727717
5087.53788312186,11995.8683246358,13394.8806136113,13928.6435942449,16209.3965656683,2651.76450892609,8445.60271755071,2598.94377888403,2841.30582523248,5686.32617539655,2155.04048602341,2029.80709337119,925.344170889945,2280.76353929994,3054.05786001182,3529.77162944007,3901.39155489423,4686.67038518819,1186.67854834407,1265.87918049078,3200.68785422759,2130.23150493086,2479.01089818097,3504.84361461393,6138.19387171015,6065.31785436674,2348.05352973479,2287.90166058334,2677.63295806203,2215.47593940896,1e+09,3970.77021289321,5649.01305975655,1265.77959507175,2143.20351126532,1206.57758905095,1992.82452210424,2330.64080246185,1682.93347049133,2300.36127601731,3352.30679505919,2029.74133605738,3594.40949075088,1721.75620591302,1097.0221534682,1316.66434758446,3901.35756295165,1412.61449348363,1810.78672098621,2140.5783786164,1478.48449613109,1658.80990755421,3549.16681160523,4507.99596863174
7949.59484883349,15532.2121469738,16925.4814851425,17312.2490595272,19776.4993454479,4473.88498752483,4653.19495221294,5098.23567419161,6062.28431745823,9048.03950819182,5007.29806224874,4451.56800142377,3975.4473069832,4278.81594046764,2818.54549530427,7260.07699041822,7777.07540238617,1984.19414261811,4009.40232270347,3726.02304155516,2409.11197058169,4488.81290456619,6087.83361994232,6937.0499686322,9483.686438063,9382.02524297926,5467.80942088329,3984.14517153931,6489.13389853376,5133.3799329584,3970.77021289321,1e+09,2073.59099904007,4458.98108413795,2632.93384529502,4683.32879511998,2865.48905216893,3081.03617812255,3216.56757427852,4219.35199306718,1420.31118843724,2984.26228493743,1279.70720932563,3590.44415436308,3900.19734677619,3497.36526356628,1787.77775760859,4159.53101635269,3278.87391887825,2639.81654995191,3648.05692276039,4035.62465122811,1634.51945610935,1224.16766466036
9119.74000556485,17280.4727917699,18704.8543885431,19049.1646277993,21474.8861585062,6149.14737378281,3194.17455477937,6505.07246930424,7717.45024323448,10758.4329422969,6149.1677837818,5682.78004951802,5669.834291926,5309.63605284769,4468.39462816345,8619.83108781721,9446.10113111754,2454.6709708024,5498.4964377546,5089.44680159838,3229.4325385894,5587.78488289412,7472.30956901546,8699.44384031531,11238.5007615874,11179.5239942942,7014.84389193373,4987.37460536102,7992.38522718969,6837.15233040774,5649.01305975655,2073.59099904007,1e+09,5869.60856308153,3830.5633706284,6242.66263353226,4269.13887190379,4132.58041591449,4478.67412699339,5264.67737232777,2655.84252562158,4254.88723084408,2443.95620625657,4789.03488883721,5398.25155478142,5038.66566282185,2759.47547079151,5492.28339000274,4479.59609784186,4091.02803205991,4972.35405718459,5804.79998484875,3320.63424925119,2433.01553404412
4462.62250524285,11928.2685201374,13363.8140225012,13903.4046129788,16084.8539488862,3140.7304632999,8773.73159625937,2644.39790143238,2915.87468821964,5687.16669469957,1681.93641600983,1531.52196549707,1422.24265289015,1702.90148537724,3668.97508702362,3023.82130240859,3754.67525127008,5080.31501386479,949.037463222606,1102.12020365294,3202.43539424295,1360.12892907253,1747.82922569684,3607.67263911237,6139.57832705146,6171.65371802404,2363.34414963204,1842.09792991578,2394.37398494888,2570.00271034877,1265.77959507175,4458.98108413795,5869.60856308153,1e+09,2239.03564996183,1266.5842269269,1995.60415734183,2129.35631442932,1563.68026264963,1785.33263094024,3682.41893459992,2133.30125589425,3880.01567828018,1381.30748969952,1041.25177286764,1463.65383404,4187.31220518604,1027.53266892104,1660.97705426655,2181.14118862122,1112.60368820169,2120.88131881536,4085.73013050299,5042.50774350422
5954.7140682068,13934.6456150596,15367.5209623283,15849.6688237578,18113.7217996744,3648.5743151675,6694.09181153052,3414.88671268902,4401.86299091646,7508.05420057021,2512.77873357365,2588.17876925069,2371.52882771852,1692.68729034633,3149.64787412815,4876.12166822158,5816.77082406553,3258.76631001672,2106.51278030778,1651.62442186473,1589.18537411467,2168.37138006846,3819.95665538236,5399.31435180431,8037.02937990151,7981.84629066484,3662.52752158943,1475.16683646291,4271.94115764719,3680.97513564001,2143.20351126532,2632.93384529502,3830.5633706284,2239.03564996183,1e+09,2710.34275956013,1557.69204299181,1099.18903424297,1091.91017240431,1985.57782010678,1744.13581108238,1004.608110459,2151.05992996476,1180.03164207575,1910.73601946998,1732.92794486672,2446.65953853412,1745.74693019922,803.892562970948,1478.73633440854,1459.64364246894,3020.10032732358,2971.47818583613,3433.69769229908
4743.49235435243,11708.1172579625,13093.5602254047,13699.9351139011,15873.6849963296,3478.61189832956,9145.12831550766,3115.65224477957,3206.44693006137,5704.16278365195,2016.14276379427,1615.51193517721,1256.49565729452,2352.79892889299,3698.2011645258,2956.7617769445,3438.05234954327,5577.39925192737,1358.40418723589,1840.87300876513,3875.12984884378,1816.9614501139,1925.63482869936,3574.72436832548,6018.35011019632,6001.96869464512,2743.97946255069,2728.64404367811,2591.00657025412,2900.33728205876,1206.57758905095,4683.32879511998,6242.66263353226,1266.5842269269,2710.34275956013,1e+09,2414.27268105738,2621.47988722019,2041.75361371053,2005.56400865193,4124.2398127655,2700.77125249437,4365.47302005178,2131.13409240245,1710.77711739431,2008.9441460628,4717.86340037522,1617.96198737795,2231.5384280581,2789.59526691597,1648.94737778378,2018.23059138444,4215.30750214026,5313.98490605685
6005.26450572329,13549.781412986,14956.0656474221,15469.798689718,17764.3052404309,3661.62508650189,7202.74193533268,3789.12014988968,4364.49619378915,7241.05190370156,3003.65323705983,1911.68196920931,1861.20081724139,2365.03452251759,3024.84214047609,4882.05711149511,5421.10055124419,3955.65373367033,1705.62543473062,1676.70160669691,2524.83950786976,2005.19445812619,3554.39084955496,5049.48066004812,7625.249332553,7623.07202962165,3771.26211645385,2339.40996360193,4190.54608243365,3697.44220355099,1992.82452210424,2865.48905216893,4269.13887190379,1995.60415734183,1557.69204299181,2414.27268105738,1e+09,1117.40733924563,1407.07803074314,1941.81955873866,2545.09004695315,2046.81922083998,2570.49700639779,1847.33662879834,1955.97610836636,1898.44299759039,3148.65814087525,2157.64260230929,1653.96588779817,1056.60428974143,1559.66941965277,2401.73139857479,2719.65045079326,3620.78392712131
6108.94312112169,14010.9571669926,15427.9731268628,15966.7884613093,18176.662469568,4214.67320845875,7121.7066008928,3884.79785246285,4730.2519374342,7705.06108555279,2527.83868502324,2119.32763403868,2444.8281129969,1713.62591101442,3659.73252924309,4751.63917976734,5705.30579987611,3942.31946038116,2133.64690269969,1852.40950858605,2381.59624485344,1586.8240882026,3634.31597008295,5568.70739678428,8170.72171118317,8174.43166598143,4028.37028399823,1778.75152396281,4284.35056406452,4130.60528753354,2330.64080246185,3081.03617812255,4132.58041591449,2129.35631442932,1099.18903424297,2621.47988722019,1117.40733924563,1e+09,1274.70323573764,1451.36166150963,2508.48538148023,1912.83509744045,2753.31642338835,1549.31854649068,2230.96937928336,2195.88753876422,3218.19966489029,1949.27625448524,1309.49532461937,1637.58429251749,1575.77121791204,3208.61945280209,3398.4755620572,3993.71869471299
5332.22661316077,13169.3342088163,14595.7937505845,15064.7551581564,17329.0367073476,3255.02719725965,7459.5330675988,2853.4328458017,3841.33597562098,6817.97393193169,2010.08296990448,1838.1879909846,1911.07595770027,1702.88897685668,2924.97238892951,4189.60441685131,5072.41843022636,3853.40174249974,1540.89424283434,987.626812465113,2056.16381825476,1628.04622474302,3076.63508265118,4715.76231237326,7293.46208478525,7280.92493085872,3096.02424464021,1613.35923154144,3697.34515324172,3253.47718341469,1682.93347049133,3216.56757427852,4478.67412699339,1563.68026264963,1091.91017240431,2041.75361371053,1407.07803074314,1274.70323573764,1e+09,1751.0583105368,2430.44803571276,1228.20514980194,2657.04748875514,824.277804323276,1347.42683189107,1240.09846177632,3084.36447342074,1246.36154959145,858.999068218354,1552.53675309153,718.423508384853,2384.26691091832,3123.54746355806,3888.36029008373
5512.80404756055,13346.5012970141,14765.9600495633,15383.131803079,17445.6287430204,4582.05568392616,8247.70766603061,4095.13070082018,4632.48771166206,7336.12014536294,1953.75512897599,1441.27447555974,2291.2365484166,1435.33929445271,4207.59288682971,3956.52853395499,5026.88658752115,5106.82951054762,1956.50555851498,2013.80724032863,3249.04017402063,969.068485505539,2922.48991384059,5256.06701006561,7720.721050582,7760.9611463465,3980.69142131113,2050.23448173617,3755.32433900189,4200.54761745418,2300.36127601731,4219.35199306718,5264.67737232777,1785.33263094024,1985.57782010678,2005.56400865193,1941.81955873866,1451.36166150963,1751.0583105368,1e+09,3618.03194587886,2470.50830520766,3861.51494372351,1779.35345083544,2331.08111776489,2574.1280043541,4304.65057478537,1858.64466765436,1711.69473776722,2449.43334324492,1571.59061135526,3269.65197811633,4268.56112883487,5051.81352442863
6934.07867691159,14858.6781064535,16287.9255895863,16665.9785582755,19077.4725412225,3822.48370447802,5264.42670283289,4088.5375810918,5188.19327696068,8319.17940191219,4063.79651062895,4002.94198587739,3471.8838825629,3277.71041280343,2817.02267969216,6374.17412184512,7096.13145196733,1730.73090629364,3384.09230738466,2911.99252763464,1232.27212838723,3817.74421812148,5278.57533058874,6254.87439313533,8858.49902937851,8744.45455137712,4513.95523268674,2871.49761561802,5610.87630067711,4332.06205903147,3352.30679505919,1420.31118843724,2655.84252562158,3682.41893459992,1744.13581108238,4124.2398127655,2545.09004695315,2508.48538148023,2430.44803571276,3618.03194587886,1e+09,1849.27765294993,796.443360823606,2629.49603996659,3041.01955360369,2629.13414971545,941.043680920285,3207.08413285339,2343.3434137787,2015.21498272517,2829.40167217382,3676.77385437288,2196.50378601996,2008.99516460344
5275.7008229713,13365.3711814338,14816.6746086023,15242.112712121,17547.3244483027,3008.69211613618,6957.1725053214,2764.45618042681,3757.54748967994,6915.45281446559,2499.81380776649,2799.78838807507,2234.53422424003,1826.78454342596,2938.62212613327,4659.24046296175,5525.66743609313,3304.109131415,1957.26333501652,1404.40751347321,1383.34468188518,2548.22578412903,3581.61105601934,4863.74623819952,7480.92730094338,7382.25773185954,2973.32576113012,1427.10532071042,3922.53808070744,3057.20606116107,2029.74133605738,2984.26228493743,4254.88723084408,2133.30125589425,1004.608110459,2700.77125249437,2046.81922083998,1912.83509744045,1228.20514980194,2470.50830520766,1849.27765294993,1e+09,2200.19285547881,1126.30901749919,1444.53291443982,1222.15717479382,2300.77630222932,1537.84232302925,874.649347796018,1534.23933585996,1345.09936331856,2707.03703545038,2986.64748591125,3522.35407270479
7051.5902069675,14939.0293396994,16373.3775944825,16714.8103358519,19159.4833187302,3846.36552553186,5073.66023266241,4353.25631018896,5370.90578041544,8415.78849815037,4443.6604414604,4040.71629878911,3600.91148030606,3679.11986953402,2621.75773085539,6697.49408592497,7307.351462671,1728.63332821047,3487.62307919018,3040.5956378644,1357.09268194917,4065.13738436968,5479.82404369885,6361.34253656412,8913.82006118028,8821.05438723172,4721.83075654984,3245.36678036551,5864.97214492107,4494.60954151748,3594.40949075088,1279.70720932563,2443.95620625657,3880.01567828018,2151.05992996476,4365.47302005178,2570.49700639779,2753.31642338835,2657.04748875514,3861.51494372351,796.443360823606,2200.19285547881,1e+09,2929.61109569171,3222.59060642211,2842.29422759151,1015.91764252817,3560.35108434548,2669.98703927566,2002.19476325357,3039.14423713321,3642.93871263298,1767.00037034518,1592.89672389644
5130.70143426803,12983.3303526329,14432.7650416163,14901.6853394406,17110.8919316878,3169.70913018845,7687.46966030436,2642.41637801464,3598.15230407219,6585.13439542429,1667.16135703776,2085.51404054252,2087.42389825354,1307.90274271446,3249.49005924007,3928.04361470185,4945.56503653526,3973.70701461494,1578.32734022445,991.205992314413,2029.99021549366,1596.10015030386,2918.54605968451,4575.00238632725,7131.472007454,7142.62686462761,2895.4954692591,1061.0990507488,3399.57534826043,3003.58881565037,1721.75620591302,3590.44415436308,4789.03488883721,1381.30748969952,1180.03164207575,2131.13409240245,1847.33662879834,1549.31854649068,824.277804323276,1779.35345083544,2629.49603996659,1126.30901749919,2929.61109569171,1e+09,1254.3593168626,1271.12417953558,3196.90937369204,1004.67604768901,765.451668951084,1827.3029564908,922.112466405265,2627.4004547461,3557.93619479046,4195.8226524485
