1e+09,10466.8990842943,5641.40998664341,11459.235225075,15154.9452027251,10490.8228394249,7983.44674730783,7369.98417296808,4085.06720788043,2231.06614514227,1957.84356688679,5152.1037311277,5743.74624845144,1476.27657730521,4863.19821498158,2469.15427515172,3453.20205564343,3930.30319237588,4799.21762819733,5090.10572434404,4997.58612591119,4744.14412408603,4843.82266855425,2526.96678165741,4232.16244274721,6016.35012923118,4778.64651657768,2464.81931960539,2624.01134231543,2885.40283016081,3433.81094348539,8002.38687707611,9227.68313547339,6432.03069470288,3497.09949869889,4755.39797898136,3641.65562274908,4139.39544262203,4644.16979859695,4914.48678879087,6311.41103655118,4728.61077564014,4379.94557520981,5087.23403596689,5679.53247507222,6181.76025356856,7033.45197447171,5059.76650132197,3574.27818373165,5385.28711119472,4122.21807069932,4983.85381241264,5141.05418421164,7786.87261311626
10466.8990842943,1e+09,4887.71930390852,2326.36488294506,6025.16911936918,1404.21367882527,17178.1641927215,17241.6771699275,13354.5096961626,10946.4579137363,9682.70790055137,15463.8400609583,16017.6473833144,11339.5454568999,14463.7709720322,11726.0068683632,7273.28284969724,8840.99285274001,14899.0678265722,15075.8204038984,14523.3293354554,14897.4832800879,15050.3125851724,10512.6967621348,6482.83105052106,4733.02588686139,6046.51104239462,11601.7715151911,12251.9497484033,10297.3086390717,12008.0560946391,17516.8824830733,19314.1119820327,16202.169856584,12527.3467183758,14763.8908397787,12859.8724707246,14164.1092771766,14607.3210801297,15082.5631107183,16274.9587589677,14230.7924215238,14085.6324972647,15164.5819825045,15737.2781047041,15927.8179398058,16771.7050934602,15150.5993333762,12567.652428632,14423.4220514759,13992.4284346071,15122.3253598149,14549.0549639418,17747.3024636957
5641.40998664341,4887.71930390852,1e+09,6202.26500178765,10016.8291662582,4931.53656861632,12631.1611687881,12449.7456983506,8574.46614218635,6142.09082208982,4841.61182929817,10603.7554387632,11154.691649974,6527.52629999298,9728.97642293371,6896.56830818778,2490.59154397103,4407.69065965387,10035.9548699962,10266.24244966,9743.03261408377,10030.1065626293,10188.7329730345,5853.44140578857,1957.95245677723,960.167310055909,1481.45760702087,6769.59529020015,7429.74796765005,5601.62439602121,7306.78785507011,12774.4361770452,14504.2543048962,11385.6560061246,7810.15060011009,9971.23887950239,8098.22330428718,9325.60302507028,9772.38352402319,10245.1683031271,11484.1044586637,9449.64766905624,9291.29174241128,10322.5217502944,10890.978822016,11144.1051777251,12012.4227005713,10306.9778618711,7823.32345328378,9770.45152747814,9171.58033297425,10336.0478832531,9906.4822373232,12967.9240362481
11459.235225075,2326.36488294506,6202.26500178765,1e+09,4216.26113958801,3215.2115096211,18603.8813410939,18567.471601971,14742.1957154184,12294.2359978243,10968.7477687838,16541.173968032,17132.4727122094,12341.9595312778,15807.787591994,12863.0358530131,8460.25004660619,10478.2789566608,16100.3848093951,16287.2774860626,15894.1827625172,16009.5044025947,16195.2233910743,11912.063057909,7778.49796314173,6270.33896280735,7479.44292168875,12884.2160042783,13511.6631510336,11780.3917593474,13423.5790993014,18924.7812009016,20555.075748795,17518.775504127,13931.047170432,15931.0212198371,14240.1741028999,15358.4784505692,15804.1689084368,16234.8127375896,17539.8702833772,15514.982746916,15387.4643348019,16271.0025262582,16883.3237253806,17230.9291647142,18101.8586488847,16278.1595756799,13899.2766582546,15876.6882897788,15157.9997829397,16261.1695673251,15868.0805920313,19017.5024172497
15154.9452027251,6025.16911936918,10016.8291662582,4216.26113958801,1e+09,6598.26364706655,22547.2645826561,22310.3246235146,18460.0348301378,16040.4732303944,14665.3099864953,20169.0802554083,20749.8259241132,15981.5830664706,19654.516323568,16416.2249929361,12189.8114664707,14271.0108975013,19754.7390731996,19998.5241989153,19625.387682344,19577.4369064722,19825.5846478685,15811.7314856786,11720.2153989933,10144.4837789066,11326.7748830812,16538.9712201001,17253.0517951347,15560.894579988,17201.3729259905,22630.7221266578,24270.3110454296,21154.4705949452,17761.9045643703,19679.8509768977,17995.2056620284,19040.9495702447,19451.1866425882,19924.0906131748,21318.7708486887,19183.2060051155,19155.6340944433,19854.1286845205,20488.4506187364,20944.1563628187,21865.9376152499,19902.6536017412,17617.6674358639,19718.5189492365,18796.3262927999,20046.4249904939,19789.4418517754,22797.0000801355
10490.8228394249,1404.21367882527,4931.53656861632,3215.2115096211,6598.26364706655,1e+09,16949.4821053712,17081.3088265507,13157.4622463262,10818.8770853911,9612.55635916898,15406.8917637562,15965.5333432053,11324.4038701514,14325.0712818959,11589.7184853861,7245.94724100997,8617.71022130589,14791.6787117555,14990.7760745333,14356.821358835,14856.5437392989,14982.6793431749,10411.1654102699,6478.03445744155,4625.54730194169,5930.5536589934,11475.22182471,12155.9242941868,10112.0008747577,11842.8657568597,17274.2197418465,19208.5070308106,16037.6462926515,12400.3843199798,14653.9163196362,12706.2194800853,14083.7664146066,14533.126031202,15024.9382098363,16158.3411351939,14078.8860595823,13931.0511345699,15115.5362991096,15627.9504179787,15753.2728400482,16594.7226329638,15059.7430224523,12402.4864404643,14221.4068840955,13927.9120076054,15070.2709895642,14453.7032897178,17605.5457843062
7983.44674730783,17178.1641927215,12631.1611687881,18603.8813410939,22547.2645826561,16949.4821053712,1e+09,3232.4441254413,5136.27740771466,6899.55430452576,8341.19723355706,5027.18660505058,4900.48411132002,7476.02324803769,3751.98653770239,7339.96253911422,10500.8424392617,8960.75058458275,4753.05207731832,4429.76709526585,4473.62188589961,5597.22268635079,4900.05289086761,6895.74075989665,10914.0725487098,12636.3807118019,11427.960394458,6788.50942829131,5985.62264070331,7463.14064896274,6380.97875977502,4227.12562501992,4639.57235037886,4174.74332450511,5350.79441153368,4380.66657124233,5269.37890582942,5019.84451325935,5167.70662850553,4683.29931523707,3481.2849048304,5542.26235118837,4581.61797712337,5743.5080749138,5330.93009056581,4098.53632006598,3604.87185174453,5380.55384195716,6258.36962091566,4198.11088275429,5809.77505040428,4352.72894874009,3998.06130987257,3597.10808444784
7369.98417296808,17241.6771699275,12449.7456983506,18567.471601971,22310.3246235146,17081.3088265507,3232.4441254413,1e+09,4043.03088070076,6332.90508292995,7699.65990180086,2961.63336844722,2590.00124223908,6580.4021293155,2963.103047145,6132.1875762651,10175.4159142956,8714.39656326243,2782.30173999874,2622.81363874752,2891.11676656271,3367.58340732639,2984.90290435049,6819.18896698134,10870.9447360752,12557.3900861963,11245.8533828963,5814.92611362346,5078.50719511157,7037.2652467347,5526.28659777974,1887.48895551736,2473.25453564731,1637.10520327803,4775.68432072305,3070.43160850393,4499.8427292851,3445.28065855309,3176.30799177284,2767.00675676804,1392.59609733045,3675.2226294607,3298.20598107517,3374.01336827524,2798.08621018009,1981.9168478521,1314.33128327678,3149.47674347661,5046.09590385478,3272.34720025244,3964.56651748965,3024.38858711972,3608.30462034457,1413.46764614546
4085.06720788043,13354.5096961626,8574.46614218635,14742.1957154184,18460.0348301378,13157.4622463262,5136.27740771466,4043.03088070076,1e+09,2555.37824662025,3866.45336336804,3240.87132265383,3593.02102296939,3534.82425000169,2023.02993732174,2803.75603325254,6414.16083187817,4788.57576708357,2163.35286088516,2667.79905542003,1410.50272839155,2710.40787550509,2738.06179639905,3289.72814927009,7135.64922576075,8671.58325914017,7381.33706056701,2152.18352395887,1771.51830058286,3149.59337470728,1822.7137555579,4309.88762877874,6255.22666187245,2985.90214168181,1468.59719320854,2628.02700199218,1085.75216030179,1942.95731757031,2222.05204594762,2702.68314108406,3340.41887074061,1795.07827935163,1302.49068937171,3068.8839188213,3160.97206053771,2934.56003129941,3741.43250160951,2825.82627502117,1606.10828582633,1982.33725367305,2200.5069037156,3115.96515404136,2933.9238996777,4730.32869416069
2231.06614514227,10946.4579137363,6142.09082208982,12294.2359978243,16040.4732303944,10818.8770853911,6899.55430452576,6332.90508292995,2555.37824662025,1e+09,1581.30984749985,4855.94300768656,5350.46813892018,2189.39105243901,3791.44416656767,1994.33221663293,3915.99082260161,2880.8436929483,4083.30590967662,4323.83861914387,3727.53408377442,4287.45061456106,4357.88083295081,1309.73951211682,4664.34830035237,6279.40382207579,4979.56180791041,998.953534805298,1511.665558581,1182.22819671162,2000.7048503465,6798.72441910981,8494.90360909999,5280.93910000863,1900.76900221989,4115.21573574217,2122.11553721752,3423.43740281606,3893.41352825512,4360.54852347729,5475.72881579247,3746.81119811234,3319.65045861759,4688.86781636036,5129.5025760594,5175.99918338479,6008.80497721469,4599.57043256215,2337.34150408108,3941.9476756294,3537.20177343617,4631.2801966303,4363.27387249529,6983.89528332864
1957.84356688679,9682.70790055137,4841.61182929817,10968.7477687838,14665.3099864953,9612.55635916898,8341.19723355706,7699.65990180086,3866.45336336804,1581.30984749985,1e+09,5911.48569927222,6461.59883158959,2357.1471234312,5124.9811414092,2457.68918736686,2716.40713437806,2381.07562500648,5272.12345674871,5564.39771486546,4995.2151591398,5291.51532441323,5442.53521587137,1978.1979885239,3570.26902140441,5065.0176357541,3791.77103438486,2050.38836084777,2738.10999300612,1656.16496989279,2842.31931591086,8076.79513257579,9745.13055606234,6605.87415326693,3266.46041497521,5355.06019937218,3372.59158121763,4547.12265732958,4996.72918941982,5517.92446057392,6762.05951311433,4728.59928237739,4597.61525445529,5627.09011032345,6175.71154442952,6375.89006994318,7282.38823075233,5584.37325866565,3209.85504213197,5237.85464804055,4434.34503420742,5747.32159863184,5532.0675878373,8239.30162306855
5152.1037311277,15463.8400609583,10603.7554387632,16541.173968032,20169.0802554083,15406.8917637562,5027.18660505058,2961.63336844722,3240.87132265383,4855.94300768656,5911.48569927222,1e+09,1171.20791821948,4314.23315030609,2641.17333942701,4220.74982210507,8298.11613910049,7512.75008793052,1315.79469739774,1445.53389683535,2561.09805513182,1173.39581437808,899.531927560106,5504.43216687244,9094.86515365126,10865.8587203037,9533.6978964985,4194.91825312485,3458.60445016484,5798.81913727269,4367.49793086385,3927.94733779617,4272.05496490857,2504.6642472595,3856.7398773446,1838.82987163033,3467.88481587841,1642.75131961597,1688.87266882379,936.719620324033,2047.30378239283,2548.53774643422,2345.8272523142,1457.71351074208,1495.13085089567,2394.15431467982,2872.54424357572,1147.11910375514,3708.81572068497,3442.72466260374,2112.20321761425,1543.34910652127,3171.92316973473,3142.11550837967
5743.74624845144,16017.6473833144,11154.691649974,17132.4727122094,20749.8259241132,15965.5333432053,4900.48411132002,2590.00124223908,3593.02102296939,5350.46813892018,6461.59883158959,1171.20791821948,1e+09,5037.72479038901,2826.52015658831,4762.0942820675,8875.73676375657,7935.62299015018,1458.86425639948,1839.58688596108,2643.72867993295,1652.42393122951,1289.83657367901,6028.27679785857,9683.22589658013,11403.24803563,10085.6794816115,4719.01449695803,3989.13220086775,6212.93788056021,4792.76341942725,3494.28792980773,3717.86079361506,2363.42229777076,4259.3343524781,2464.46709633138,3957.31437958876,2314.64585878704,2010.85036897329,1545.2173435475,2001.4033223466,2925.46235868794,2753.81939571207,1574.63437994348,1477.35001323315,2379.62301749668,2645.18980566613,1657.96522819388,4248.68762136027,3641.93825941627,2635.30211896094,1978.18634332057,3455.40943461119,2861.36622348486
1476.27657730521,11339.5454568999,6527.52629999298,12341.9595312778,15981.5830664706,11324.4038701514,7476.02324803769,6580.4021293155,3534.82425000169,2189.39105243901,2357.1471234312,4314.23315030609,5037.72479038901,1e+09,4251.23228157437,1652.0370066073,4159.82046713557,4522.79841247651,4073.01387781824,4187.38959425798,4330.5164713923,3928.65681290693,4048.09016286693,2711.29161985575,5061.64949301115,6821.44900029312,5536.89919900119,1894.25471713812,1974.36624254468,3144.54074220704,3224.78431733039,7284.84466043717,8442.49145879343,5608.03976220747,3073.69788959488,3807.15318824972,3033.06555164902,3223.14442793059,3725.54325712372,4035.86522551237,5545.26073071411,3962.16964924522,3729.07933853652,4250.91340076459,4870.23738424525,5291.8262195862,6180.65620767731,4194.68152307181,2947.33783937302,4739.4471884071,3202.5649329717,4279.8696813104,4748.39426896083,6998.59225083159
4863.19821498158,14463.7709720322,9728.97642293371,15807.787591994,19654.516323568,14325.0712818959,3751.98653770239,2963.103047145,2023.02993732174,3791.44416656767,5124.9811414092,2641.17333942701,2826.52015658831,4251.23228157437,1e+09,3995.59216976658,7529.91727005682,6100.6835557993,1915.1118956343,1751.71291631934,1328.3208010492,2759.73107684426,2304.00089986962,4050.86437269875,8094.92508259342,9799.25160686774,8504.46339826329,3491.31262104957,2566.97636942766,4437.43968343233,3000.47957610113,3662.07082539374,5019.65557622234,2752.99951888844,2121.632567152,1763.92158008796,2168.86004516197,1841.59458964236,2014.677094127,1946.91200997888,1998.71677315722,2186.1222751484,1180.94958791644,2767.76042108055,2760.26521765572,2116.91295276872,2514.57986645881,2477.90078419214,2730.42324922346,1326.59531983194,2357.27389431097,1766.44878881331,1530.58781113662,3394.16387437319
2469.15427515172,11726.0068683632,6896.56830818778,12863.0358530131,16416.2249929361,11589.7184853861,7339.96253911422,6132.1875762651,2803.75603325254,1994.33221663293,2457.68918736686,4220.74982210507,4762.0942820675,1652.0370066073,3995.59216976658,1e+09,4572.90991944954,4284.01531268272,3615.00661359008,4011.07887076532,3671.36320436973,3620.26790110898,3846.28391379264,3007.63128197258,5612.66526312589,7084.67771888037,5804.29885149791,1271.47534462922,1772.37997915233,2767.94791406919,2691.68739973646,6531.59226321576,8124.17691682056,4984.70021821774,2780.31417618585,3691.25101582106,2642.27101338981,3025.6945439849,3256.92493510366,3899.71354615951,5285.40258559365,3273.55675224976,3306.01226907887,3811.68891959981,4339.67319521874,4704.74806268093,5676.44280930408,3822.57964435014,2292.35266340064,4224.13085352478,2763.36189007158,4355.80224668201,4826.6649200768,6687.47467346232
3453.20205564343,7273.28284969724,2490.59154397103,8460.25004660619,12189.8114664707,7245.94724100997,10500.8424392617,10175.4159142956,6414.16083187817,3915.99082260161,2716.40713437806,8298.11613910049,8875.73676375657,4159.82046713557,7529.91727005682,4572.90991944954,1e+09,3168.38265998601,7763.45031157539,7932.61781568355,7562.65613943937,7756.31494787312,7889.61787806609,3768.32819137346,1400.06363516092,2792.25615755432,1648.98086547419,4467.53422162606,5131.71891417486,3639.72931968849,5355.84394967777,10629.7006743511,12246.1333482287,9105.04811751701,5655.84615113424,7620.74452425746,5904.84887488241,7012.79396040551,7471.45629473264,7927.7503761723,9232.87650384213,7310.89166118607,7088.44331327408,8077.29971574659,8654.21922612895,8892.93121655059,9767.33068042134,8058.28742645731,5725.86434360787,7662.55841554895,6928.38105684871,8094.79269372601,7863.52509507664,10734.2939363798
3930.30319237588,8840.99285274001,4407.69065965387,10478.2789566608,14271.0108975013,8617.71022130589,8960.75058458275,8714.39656326243,4788.57576708357,2880.8436929483,2381.07562500648,7512.75008793052,7935.62299015018,4522.79841247651,6100.6835557993,4284.01531268272,3168.38265998601,1e+09,6641.49723905687,6943.64239780535,5968.99502391316,6872.48712978788,7020.25986689952,2733.09307675388,3365.1558241187,4331.110978779,3229.83463613851,3636.43572255856,4219.50254430543,1826.04427824191,3489.75133475152,8808.97522575697,10874.768628256,7698.33518663613,4129.52255283828,6764.82446349497,4525.65244742678,6098.15625724694,6476.69046666583,7008.92372993172,7890.61022251765,5875.19091420015,5660.85595259233,7158.93405797958,7536.70640948684,7539.6860958398,8307.25814365968,7073.93182301752,4262.75181690185,5859.86087215388,5995.84766035629,7136.91439049818,6340.32378428736,9316.81980089236
4799.21762819733,14899.0678265722,10035.9548699962,16100.3848093951,19754.7390731996,14791.6787117555,4753.05207731832,2782.30173999874,2163.35286088516,4083.30590967662,5272.12345674871,1315.79469739774,1458.86425639948,4073.01387781824,1915.1118956343,3615.00661359008,7763.45031157539,6641.49723905687,1e+09,1375.8695459236,1456.97909851171,1112.01554481041,956.533212178229,4814.12661954378,8567.85014107973,10237.3574235493,8919.88984842302,3455.71364532711,2766.2170029121,4917.12555923682,3485.37298402911,3464.98465569474,4616.9967258273,1955.28965245562,2971.13320142332,1727.87798079031,2619.36188154673,1230.05645984239,1062.59434611709,1068.7480767702,1985.91890103801,1797.88954819255,1470.57970528632,1386.42754152534,1404.59638295134,1928.58289876272,2629.64790369357,1222.91907365124,2938.81036800608,2609.52810492625,1649.03717320138,1773.71108326582,2835.55990418118,3319.23211799055
5090.10572434404,15075.8204038984,10266.24244966,16287.2774860626,19998.5241989153,14990.7760745333,4429.76709526585,2622.81363874752,2667.79905542003,4323.83861914387,5564.39771486546,1445.53389683535,1839.58688596108,4187.38959425798,1751.71291631934,4011.07887076532,7932.61781568355,6943.64239780535,1375.8695459236,1e+09,1881.08273813248,1747.08983887492,1302.97897365997,4860.00548320678,8661.73895959697,10437.1004252474,9089.74135090763,3716.40640287092,2902.18340326727,5190.11306371066,3845.09469953602,3673.02936617719,4404.8308222337,2193.49374770023,3067.97943503538,1371.01373505155,2828.14318627965,1306.70520263753,1436.48892261653,863.340399031576,1731.39061101185,2288.00916766083,1767.98865347038,1944.43024125321,1997.83843145536,2057.77798958002,2420.74184249374,1673.83672790986,3225.12975535869,2447.32865287848,2060.7769783749,1562.68094571477,2585.49901009457,3106.6501397647
4997.58612591119,14523.3293354554,9743.03261408377,15894.1827625172,19625.387682344,14356.821358835,4473.62188589961,2891.11676656271,1410.50272839155,3727.53408377442,4995.2151591398,2561.09805513182,2643.72867993295,4330.5164713923,1328.3208010492,3671.36320436973,7562.65613943937,5968.99502391316,1456.97909851171,1881.08273813248,1e+09,2262.06755199751,2086.95639683727,4335.30242572534,8265.43694214045,9834.09698796997,8534.71911915676,3227.46943808923,2578.43004211865,4324.65360259062,2723.2878454361,3150.04728413718,4990.15511524442,2138.51751278777,2267.47279888867,2198.5295201566,1994.4054779307,1698.94410705591,1601.14297197346,1991.47549959823,2202.72508434439,1359.63886867065,1034.36279172252,2301.09174567204,2231.66150446254,1773.32572419733,2459.61032354721,2077.62852512185,2325.92996339099,1395.8081373527,1940.60345632486,2367.51716386598,2426.46082678044,3497.82055005685
4744.14412408603,14897.4832800879,10030.1065626293,16009.5044025947,19577.4369064722,14856.5437392989,5597.22268635079,3367.58340732639,2710.40787550509,4287.45061456106,5291.51532441323,1173.39581437808,1652.42393122951,3928.65681290693,2759.73107684426,3620.26790110898,7756.31494787312,6872.48712978788,1112.01554481041,1747.08983887492,2262.06755199751,1e+09,1135.78083823421,5094.23947100055,8621.8954022593,10303.6801016336,8983.00638741285,3561.37549323292,2992.54890053613,5199.15874279676,3805.46808207611,4094.68796582841,4890.09522866375,2398.48596862688,3424.94961418413,2142.80089831043,3027.28076940346,1400.8892116438,1259.84084133671,1217.02851038914,2560.591925122,2091.95123394404,2147.63514664386,1173.27291897495,1537.91025710215,2593.96132197456,3293.03017819455,1196.59509826842,3155.72703284045,3347.89392930839,1578.4226007315,2162.32240981774,3426.22002406442,3791.06958604033
4843.82266855425,15050.3125851724,10188.7329730345,16195.2233910743,19825.5846478685,14982.6793431749,4900.05289086761,2984.90290435049,2738.06179639905,4357.88083295081,5442.53521587137,899.531927560106,1289.83657367901,4048.09016286693,2304.00089986962,3846.28391379264,7889.61787806609,7020.25986689952,956.533212178229,1302.97897365997,2086.95639683727,1135.78083823421,1e+09,5052.94718775093,8709.57623801526,10436.288270918,9118.96919652654,3707.16951164902,3019.89993503096,5295.52465803909,3957.11678872383,3907.09328562808,4555.47163950123,2316.66877300144,3394.01518149227,1915.80173778499,2893.53548575095,1230.14457158498,1383.15172320321,1031.22804063893,2181.634708126,2325.75124377049,2080.70915862838,1562.2700713705,1768.51129688221,2234.55262497888,2877.63128902923,1371.61429662278,3382.92779750027,3146.73335108013,1901.16627542148,1764.48746419463,3091.64992005887,3396.6151172454
2526.96678165741,10512.6967621348,5853.44140578857,11912.063057909,15811.7314856786,10411.1654102699,6895.74075989665,6819.18896698134,3289.72814927009,1309.73951211682,1978.1979885239,5504.43216687244,6028.27679785857,2711.29161985575,4050.86437269875,3007.63128197258,3768.32819137346,2733.09307675388,4814.12661954378,4860.00548320678,4335.30242572534,5094.23947100055,5052.94718775093,1e+09,4177.80540348638,5901.31528013036,4655.90201260723,2157.14017924195,2213.10097370183,1500.89190486857,2469.90313150131,7375.48313871031,8973.93042372739,5984.59696873566,2157.50949939971,4523.72945339352,2669.36895443474,4058.47221205222,4577.07799177598,4922.05811570729,5882.07142271326,4441.2629225593,3849.60408592884,5428.86301369817,5864.88523456342,5705.56574470928,6444.14561121954,5296.42964449638,2977.97614924969,4213.55444744695,4224.59086359851,4950.59080810563,4371.93158265314,7377.42781007717
4232.16244274721,6482.83105052106,1957.95245677723,7778.49796314173,11720.2153989933,6478.03445744155,10914.0725487098,10870.9447360752,7135.64922576075,4664.34830035237,3570.26902140441,9094.86515365126,9683.22589658013,5061.64949301115,8094.92508259342,5612.66526312589,1400.06363516092,3365.1558241187,8567.85014107973,8661.73895959697,8265.43694214045,8621.8954022593,8709.57623801526,4177.80540348638,1e+09,2111.20029151665,1129.50886707454,5361.01904466865,5880.91975048121,4215.13963376067,5908.05131238719,11312.9964196317,12930.4774005332,9916.19487520289,6229.75885099897,8333.84583824899,6602.09879036205,7802.06493623323,8303.80260251892,8685.5227633344,9875.37246678321,8047.27769527683,7740.29120527128,8920.72550896507,9464.08920792698,9638.8338390077,10439.5669888746,8855.79565499905,6403.89700317705,8183.43414788681,7749.06501779408,8711.49440429712,8229.87215639465,11366.2678708668
6016.35012923118,4733.02588686139,960.167310055909,6270.33896280735,10144.4837789066,4625.54730194169,12636.3807118019,12557.3900861963,8671.58325914017,6279.40382207579,5065.0176357541,10865.8587203037,11403.24803563,6821.44900029312,9799.25160686774,7084.67771888037,2792.25615755432,4331.110978779,10237.3574235493,10437.1004252474,9834.09698796997,10303.6801016336,10436.288270918,5901.31528013036,2111.20029151665,1e+09,1405.09194321938,6934.85521315334,7582.48266439825,5630.69080587809,7369.20896106902,12830.4508250451,14664.2141066748,11528.9743680477,7862.47328807545,10107.3074038341,8199.5940956123,9522.40042038246,9943.15115321597,10450.2880342458,11614.754397455,9572.97622719288,9409.06753102028,10545.4821465213,11088.5038090132,11223.3420321088,12072.6082411341,10518.6417387037,7907.7407525285,9761.7956420886,9353.36302302546,10518.6107080546,10002.0877775842,13082.5321778393
4778.64651657768,6046.51104239462,1481.45760702087,7479.44292168875,11326.7748830812,5930.5536589934,11427.960394458,11245.8533828963,7381.33706056701,4979.56180791041,3791.77103438486,9533.6978964985,10085.6794816115,5536.89919900119,8504.46339826329,5804.29885149791,1648.98086547419,3229.83463613851,8919.88984842302,9089.74135090763,8534.71911915676,8983.00638741285,9118.96919652654,4655.90201260723,1129.50886707454,1405.09194321938,1e+09,5617.30551176452,6255.45498191778,4361.48335932857,6087.2798380886,11533.3588874967,13334.6962574818,10222.7769408317,6583.90498017704,8793.62348656684,6927.01097230978,8202.83379826752,8638.93677703455,9121.78114830651,10295.7849928065,8260.86924405053,8084.80109098548,9233.76147282894,9761.25656970454,9937.65251028632,10769.0071011027,9189.45180298042,6593.5486370315,8467.90915942064,8053.84751259918,9208.68976893565,8713.60037732968,11767.1838698603
2464.81931960539,11601.7715151911,6769.59529020015,12884.2160042783,16538.9712201001,11475.22182471,6788.50942829131,5814.92611362346,2152.18352395887,998.953534805298,2050.38836084777,4194.91825312485,4719.01449695803,1894.25471713812,3491.31262104957,1271.47534462922,4467.53422162606,3636.43572255856,3455.71364532711,3716.40640287092,3227.46943808923,3561.37549323292,3707.16951164902,2157.14017924195,5361.01904466865,6934.85521315334,5617.30551176452,1e+09,1073.89428590527,1943.92219592246,1980.77383708994,6267.37248774157,7925.06688591333,4670.6024382407,1891.9590234199,3575.38341163574,1825.36847513043,2772.27257478409,3182.67482628999,3738.84920066322,4983.13858458703,3100.82494178565,2874.77927109196,3945.92871995935,4415.08208905565,4570.41680955906,5459.99534956762,3881.1585283263,1869.87253913201,3639.0184888923,2807.57326670205,4184.94190014629,4241.77639376476,6466.00748289081
2624.01134231543,12251.9497484033,7429.74796765005,13511.6631510336,17253.0517951347,12155.9242941868,5985.62264070331,5078.50719511157,1771.51830058286,1511.665558581,2738.10999300612,3458.60445016484,3989.13220086775,1974.36624254468,2566.97636942766,1772.37997915233,5131.71891417486,4219.50254430543,2766.2170029121,2902.18340326727,2578.43004211865,2992.54890053613,3019.89993503096,2213.10097370183,5880.91975048121,7582.48266439825,6255.45498191778,1073.89428590527,1e+09,2459.20910605422,1816.93450465337,5660.03791853023,7140.32010545046,4139.30934524106,1259.22465930429,2713.38753102096,1405.25126945326,2030.78806954345,2499.48176112569,2918.92885970179,4125.65655421049,2560.79819405981,2074.25241511249,3300.69411562174,3761.48798070657,3880.25527015943,4690.63541230823,3196.07828131603,1594.17993322586,2917.81131528411,2181.42457765562,3207.32387561656,3271.06728637612,5634.92401364029
2885.40283016081,10297.3086390717,5601.62439602121,11780.3917593474,15560.894579988,10112.0008747577,7463.14064896274,7037.2652467347,3149.59337470728,1182.22819671162,1656.16496989279,5798.81913727269,6212.93788056021,3144.54074220704,4437.43968343233,2767.94791406919,3639.72931968849,1826.04427824191,4917.12555923682,5190.11306371066,4324.65360259062,5199.15874279676,5295.52465803909,1500.89190486857,4215.13963376067,5630.69080587809,4361.48335932857,1943.92219592246,2459.20910605422,1e+09,2119.60669990921,7281.29696880302,9220.0124449916,6023.14592596759,2470.970174992,5016.26596525743,2884.45721954755,4371.65962200856,4752.12509474446,5274.40251333741,6218.11830675487,4328.14426559467,3994.74331797426,5497.48458311617,5879.00940307974,5876.74889605639,6655.23273324833,5414.73461080042,2775.09555997627,4335.38852970527,4357.18438752596,5467.06017960293,4885.17715737106,7681.30640599631
3433.81094348539,12008.0560946391,7306.78785507011,13423.5790993014,17201.3729259905,11842.8657568597,6380.97875977502,5526.28659777974,1822.7137555579,2000.7048503465,2842.31931591086,4367.49793086385,4792.76341942725,3224.78431733039,3000.47957610113,2691.68739973646,5355.84394967777,3489.75133475152,3485.37298402911,3845.09469953602,2723.2878454361,3805.46808207611,3957.11678872383,2469.90313150131,5908.05131238719,7369.20896106902,6087.2798380886,1980.77383708994,1816.93450465337,2119.60669990921,1e+09,5585.92469190196,7544.8180505099,4641.8361875663,1550.61973617003,3741.96695478461,1859.19411807912,3040.12118199259,3329.26254939439,3841.47684223138,4591.42039498672,2461.64060429219,2386.04931378209,3936.07976805603,4210.13557019249,4243.36006167282,4996.40103802727,3762.33500933928,1056.48835511803,2723.28742599822,2826.43419951712,3942.72547696387,3303.99911122869,5955.18462305746
8002.38687707611,17516.8824830733,12774.4361770452,18924.7812009016,22630.7221266578,17274.2197418465,4227.12562501992,1887.48895551736,4309.88762877874,6798.72441910981,8076.79513257579,3927.94733779617,3494.28792980773,7284.84466043717,3662.07082539374,6531.59226321576,10629.7006743511,8808.97522575697,3464.98465569474,3673.02936617719,3150.04728413718,4094.68796582841,3907.09328562808,7375.48313871031,11312.9964196317,12830.4508250451,11533.3588874967,6267.37248774157,5660.03791853023,7281.29696880302,5585.92469190196,1e+09,2993.73471057474,2445.86461522301,5278.80117288007,4128.99664031106,5014.8951445768,4275.77445796665,3885.62253972256,3802.73558959862,2535.19569242692,3675.22649632645,3736.20894115947,3849.77251233109,3082.84021457487,2447.5996767854,1849.84082109786,3617.92983896869,5153.57501888737,3420.80629767311,4444.21766341389,4001.89202321852,4179.00092809274,2155.46911123774
9227.68313547339,19314.1119820327,14504.2543048962,20555.075748795,24270.3110454296,19208.5070308106,4639.57235037886,2473.25453564731,6255.22666187245,8494.90360909999,9745.13055606234,4272.05496490857,3717.86079361506,8442.49145879343,5019.65557622234,8124.17691682056,12246.1333482287,10874.768628256,4616.9967258273,4404.8308222337,4990.15511524442,4890.09522866375,4555.47163950123,8973.93042372739,12930.4774005332,14664.2141066748,13334.6962574818,7925.06688591333,7140.32010545046,9220.0124449916,7544.8180505099,2993.73471057474,1e+09,3770.51040257151,6962.17084798269,4981.406706584,6684.15517924292,5330.55212704088,4999.40606775445,4441.03065351952,3156.38449967681,5444.84457978371,5347.09314211937,4677.568523838,4072.57806654458,3853.39132914112,2971.84553792757,4545.91606237951,7021.70821042857,5343.26439567611,5673.56553765796,4469.68277986257,5214.03753936429,1874.07061985401
6432.03069470288,16202.169856584,11385.6560061246,17518.775504127,21154.4705949452,16037.6462926515,4174.74332450511,1637.10520327803,2985.90214168181,5280.93910000863,6605.87415326693,2504.6642472595,2363.42229777076,5608.03976220747,2752.99951888844,4984.70021821774,9105.04811751701,7698.33518663613,1955.28965245562,2193.49374770023,2138.51751278777,2398.48596862688,2316.66877300144,5984.59696873566,9916.19487520289,11528.9743680477,10222.7769408317,4670.6024382407,4139.30934524106,6023.14592596759,4641.8361875663,2445.86461522301,3770.51040257151,1e+09,3973.10572814266,2655.80960373668,3536.43443944604,2591.60151879104,2328.52239040126,2250.4540540522,1906.47141271512,2856.07214805579,2609.63889670583,2745.6946236062,2319.73163797022,1844.75730360392,2110.90347268652,2565.96525352546,4110.28484705136,2968.44919205298,3111.81456738669,3030.39687871077,3716.76114516389,2742.76542093924
3497.09949869889,12527.3467183758,7810.15060011009,13931.047170432,17761.9045643703,12400.3843199798,5350.79441153368,4775.68432072305,1468.59719320854,1900.76900221989,3266.46041497521,3856.7398773446,4259.3343524781,3073.69788959488,2121.632567152,2780.31417618585,5655.84615113424,4129.52255283828,2971.13320142332,3067.97943503538,2267.47279888867,3424.94961418413,3394.01518149227,2157.50949939971,6229.75885099897,7862.47328807545,6583.90498017704,1891.9590234199,1259.22465930429,2470.970174992,1550.61973617003,5278.80117288007,6962.17084798269,3973.10572814266,1e+09,2845.25620893796,1133.99417851239,2384.31211505541,2743.67885405709,3145.1660411177,3891.83590968324,2604.32017461371,1901.20034867449,3689.28739627316,3996.26127949612,3692.15608965818,4394.61549694624,3541.21788966734,1706.24410683231,2224.77961488324,2595.44973077885,3287.56247449383,2780.11007551859,5374.9714680266
4755.39797898136,14763.8908397787,9971.23887950239,15931.0212198371,19679.8509768977,14653.9163196362,4380.66657124233,3070.43160850393,2628.02700199218,4115.21573574217,5355.06019937218,1838.82987163033,2464.46709633138,3807.15318824972,1763.92158008796,3691.25101582106,7620.74452425746,6764.82446349497,1727.87798079031,1371.01373505155,2198.5295201566,2142.80089831043,1915.80173778499,4523.72945339352,8333.84583824899,10107.3074038341,8793.62348656684,3575.38341163574,2713.38753102096,5016.26596525743,3741.96695478461,4128.99664031106,4981.406706584,2655.80960373668,2845.25620893796,1e+09,2708.6348516919,1405.50041682669,1538.87374124715,1175.34244682135,2064.98743681408,2432.13774971731,1723.71370595584,2247.43014676764,2333.94984472675,2162.17856688572,2736.42963832436,1935.2481250217,3086.06383466059,2560.04262083661,1967.31880428669,1442.00069036045,2645.3394559678,3445.6535905108
3641.65562274908,12859.8724707246,8098.22330428718,14240.1741028999,17995.2056620284,12706.2194800853,5269.37890582942,4499.8427292851,1085.75216030179,2122.11553721752,3372.59158121763,3467.88481587841,3957.31437958876,3033.06555164902,2168.86004516197,2642.27101338981,5904.84887488241,4525.65244742678,2619.36188154673,2828.14318627965,1994.4054779307,3027.28076940346,2893.53548575095,2669.36895443474,6602.09879036205,8199.5940956123,6927.01097230978,1825.36847513043,1405.25126945326,2884.45721954755,1859.19411807912,5014.8951445768,6684.15517924292,3536.43443944604,1133.99417851239,2708.6348516919,1e+09,1913.28444767107,2437.883867353,2878.47306357034,3695.30569712439,2315.22550573373,1807.26466609072,3434.73758683251,3716.51065190186,3292.4878843361,4146.55484091312,3196.71190841465,1722.4158818938,2352.22977884815,2315.32527302321,3211.56879309785,3020.78830031169,5125.35202736358
4139.39544262203,14164.1092771766,9325.60302507028,15358.4784505692,19040.9495702447,14083.7664146066,5019.84451325935,3445.28065855309,1942.95731757031,3423.43740281606,4547.12265732958,1642.75131961597,2314.64585878704,3223.14442793059,1841.59458964236,3025.6945439849,7012.79396040551,6098.15625724694,1230.05645984239,1306.70520263753,1698.94410705591,1400.8892116438,1230.14457158498,4058.47221205222,7802.06493623323,9522.40042038246,8202.83379826752,2772.27257478409,2030.78806954345,4371.65962200856,3040.12118199259,4275.77445796665,5330.55212704088,2591.60151879104,2384.31211505541,1405.50041682669,1913.28444767107,1e+09,967.70996285044,1094.49246155467,2472.7952543023,1775.72853637599,1405.59026576026,1834.85730902978,2198.80274003831,2304.20373439503,3131.60611006557,1573.24191963601,2394.87420895128,2528.64868896413,1193.12262974097,1799.68538775532,2737.48109757858,3909.36512120574
4644.16979859695,14607.3210801297,9772.38352402319,15804.1689084368,19451.1866425882,14533.126031202,5167.70662850553,3176.30799177284,2222.05204594762,3893.41352825512,4996.72918941982,1688.87266882379,2010.85036897329,3725.54325712372,2014.677094127,3256.92493510366,7471.45629473264,6476.69046666583,1062.59434611709,1436.48892261653,1601.14297197346,1259.84084133671,1383.15172320321,4577.07799177598,8303.80260251892,9943.15115321597,8638.93677703455,3182.67482628999,2499.48176112569,4752.12509474446,3329.26254939439,3885.62253972256,4999.40606775445,2328.52239040126,2743.67885405709,1538.87374124715,2437.883867353,967.70996285044,1e+09,1076.94503155918,2313.54396727186,1633.11166828849,1646.71706391839,1230.29690493799,1692.09920170184,1908.57758590003,2774.97334599812,1301.77823476197,2638.00410437512,2573.59516991309,956.442439041681,1903.15397304054,3045.53129713027,3651.67956207825
4914.48678879087,15082.5631107183,10245.1683031271,16234.8127375896,19924.0906131748,15024.9382098363,4683.29931523707,2767.00675676804,2702.68314108406,4360.54852347729,5517.92446057392,936.719620324033,1545.2173435475,4035.86522551237,1946.91200997888,3899.71354615951,7927.7503761723,7008.92372993172,1068.7480767702,863.340399031576,1991.47549959823,1217.02851038914,1031.22804063893,4922.05811570729,8685.5227633344,10450.2880342458,9121.78114830651,3738.84920066322,2918.92885970179,5274.40251333741,3841.47684223138,3802.73558959862,4441.03065351952,2250.4540540522,3145.1660411177,1175.34244682135,2878.47306357034,1094.49246155467,1076.94503155918,1e+09,1720.59238452924,2154.5794142013,1761.40132150512,1451.25109981009,1630.67055612101,2018.66595458486,2567.59273740989,1216.34430466871,3198.10628245842,2748.53084752564,1666.01883422727,1194.88990107876,2664.29081727202,3111.34757802789
6311.41103655118,16274.9587589677,11484.1044586637,17539.8702833772,21318.7708486887,16158.3411351939,3481.2849048304,1392.59609733045,3340.41887074061,5475.72881579247,6762.05951311433,2047.30378239283,2001.4033223466,5545.26073071411,1998.71677315722,5285.40258559365,9232.87650384213,7890.61022251765,1985.91890103801,1731.39061101185,2202.72508434439,2560.591925122,2181.634708126,5882.07142271326,9875.37246678321,11614.754397455,10295.7849928065,4983.13858458703,4125.65655421049,6218.11830675487,4591.42039498672,2535.19569242692,3156.38449967681,1906.47141271512,3891.83590968324,2064.98743681408,3695.30569712439,2472.7952543023,2313.54396727186,1720.59238452924,1e+09,2774.07645777834,2311.77319149176,2504.43472160885,2062.60000758751,1542.74243906752,1292.90955155417,2169.5605386345,4088.68822247429,2540.42459335049,2951.03191712662,1709.15674705394,2448.63250985116,1572.07390150718
4728.61077564014,14230.7924215238,9449.64766905624,15514.982746916,19183.2060051155,14078.8860595823,5542.26235118837,3675.2226294607,1795.07827935163,3746.81119811234,4728.59928237739,2548.53774643422,2925.46235868794,3962.16964924522,2186.1222751484,3273.55675224976,7310.89166118607,5875.19091420015,1797.88954819255,2288.00916766083,1359.63886867065,2091.95123394404,2325.75124377049,4441.2629225593,8047.27769527683,9572.97622719288,8260.86924405053,3100.82494178565,2560.79819405981,4328.14426559467,2461.64060429219,3675.22649632645,5444.84457978371,2856.07214805579,2604.32017461371,2432.13774971731,2315.22550573373,1775.72853637599,1633.11166828849,2154.5794142013,2774.07645777834,1e+09,1358.13655163978,1907.65606580432,1958.08052788949,2227.21126813331,3026.34571909754,1617.21427992706,1731.35254064561,2023.1744942293,1322.38367083838,2522.69777317855,2817.62914140595,3946.62895509573
4379.94557520981,14085.6324972647,9291.29174241128,15387.4643348019,19155.6340944433,13931.0511345699,4581.61797712337,3298.20598107517,1302.49068937171,3319.65045861759,4597.61525445529,2345.8272523142,2753.81939571207,3729.07933853652,1180.94958791644,3306.01226907887,7088.44331327408,5660.85595259233,1470.57970528632,1767.98865347038,1034.36279172252,2147.63514664386,2080.70915862838,3849.60408592884,7740.29120527128,9409.06753102028,8084.80109098548,2874.77927109196,2074.25241511249,3994.74331797426,2386.04931378209,3736.20894115947,5347.09314211937,2609.63889670583,1901.20034867449,1723.71370595584,1807.26466609072,1405.59026576026,1646.71706391839,1761.40132150512,2311.77319149176,1358.13655163978,1e+09,2311.12460423492,2292.93419731138,2258.85549595365,2899.79498744308,1939.084143378,1932.38332328242,1506.95940323554,1739.06030338226,1945.08520936745,1972.44087754234,3752.64575569024
5087.23403596689,15164.5819825045,10322.5217502944,16271.0025262582,19854.1286845205,15115.5362991096,5743.5080749138,3374.01336827524,3068.8839188213,4688.86781636036,5627.09011032345,1457.71351074208,1574.63437994348,4250.91340076459,2767.76042108055,3811.68891959981,8077.29971574659,7158.93405797958,1386.42754152534,1944.43024125321,2301.09174567204,1173.27291897495,1562.2700713705,5428.86301369817,8920.72550896507,10545.4821465213,9233.76147282894,3945.92871995935,3300.69411562174,5497.48458311617,3936.07976805603,3849.77251233109,4677.568523838,2745.6946236062,3689.28739627316,2247.43014676764,3434.73758683251,1834.85730902978,1230.29690493799,1451.25109981009,2504.43472160885,1907.65606580432,2311.12460423492,1e+09,960.318371531025,2291.45129908973,2948.96793463408,794.297089759241,3225.95090681802,3275.07502917109,1416.99409931728,2036.74460951785,3434.98707789418,3541.92284430364
