1e+09,14060.8241758085,9378.95476671041,14966.680901733,18152.5647545244,15050.7690713565,7539.67920170348,8190.44423339174,4460.57328379436,2918.48008990982,3949.89375249512,5242.59061165375,6018.28760016502,1377.90829390058,4659.22565187607,3159.76743905307,4970.45628359208,5594.10281197084,4879.32820651573,5113.62728649635,4846.0409454626,4849.07078826449,4903.30528158303,2967.68260888863,5911.37726678817,8276.67237001683,7448.67479235736,2363.0646744006,2516.19793418562,3239.05943508297,4044.93187280083,7796.74322371207,9475.85391856059,7061.31302215105,3237.43624680085,4985.37504498909,3304.81176388308,4138.0771849133,4881.26622855177,5240.77457685408,6269.81827217504,4767.03504630499,4286.31199112944,5232.74577241241,5856.86326741542,6229.26459844178,7033.65713439317,5255.80156645017,3504.87344684512,5083.73278412625,4076.44206318451,5017.89779322975,4202.80048238077,7999.27578590087
14060.8241758085,1e+09,5332.90678555326,2135.89648787108,5109.20334455383,1960.37627161216,20617.2355023267,21736.0582166754,15293.7037824819,13213.7564970299,11376.6249249591,18623.0533548234,19525.3009128131,14871.8529095066,17898.2632124991,13848.1469289613,9313.74224576244,10190.8600556724,18025.7492063853,18474.3987011919,17582.2396992903,18287.0382956563,18097.9455430223,12706.4182826358,8361.26605758363,6014.45509636576,7086.0672871135,14757.5019597559,15561.1094022695,12805.4454974437,13767.5263694173,19631.9290909961,22905.2457223951,20468.9685622163,15933.8738136493,18430.0436934588,15920.7046921391,17580.2918622559,18342.8286654921,18909.2707688054,19587.5824825755,17605.5853042522,17366.3066739736,18508.2620667501,18972.1130809407,18813.6939018046,19967.0319364396,18605.9716819332,15838.4113274091,17664.6448598776,16972.2026777581,18642.9127397223,17435.8484212068,21420.4649704506
9378.95476671041,5332.90678555326,1e+09,6483.05994176361,9916.17997578705,5934.3873454216,15700.3845248835,16810.1863652876,10145.2379495456,8196.62785830856,6253.08693058077,13528.2081298079,14453.0811162292,10096.4759807866,12995.8515371598,8736.38624191376,4590.4391689358,5414.40979201796,12936.3120119723,13470.7666674024,12602.8185700938,13242.777214278,12975.8233455839,7785.08184231226,3817.50277549342,2268.17953504567,2310.41166385993,9875.25115731241,10701.0930376481,8015.63189147306,8711.92560170253,14503.8517583468,17817.2009010142,15541.6645959048,11138.1059613159,13507.5121566853,11001.4115435202,12599.9850482649,13415.7012125718,13952.2238382919,14550.5649412763,12684.7535145031,12404.5643272668,13476.8558963543,13886.0162530367,13710.6028117877,14918.4078300199,13583.2850394115,10992.9719819619,12787.0232076508,11961.9756447545,13678.4971114849,12482.2507126279,16386.1658513851
14966.680901733,2135.89648787108,6483.05994176361,1e+09,3580.87304953694,3199.0211667321,21758.8279518981,22858.1366572168,16503.7338719273,14376.3862734103,12497.9223955304,19585.8989749743,20519.3874417781,15802.1152055635,19030.6493544966,14955.300023149,10376.5780633694,11607.090358337,19089.4548403196,19517.9197637581,18775.2660031809,19294.5620417438,19089.1072827385,13854.9323322202,9399.65409876342,7381.5423038888,8353.1552228604,15888.9358761466,16661.6594302278,14081.3779164576,14997.8410463473,20890.0004437099,23973.9933481888,21614.5872444352,17107.0899583068,19470.799262642,17082.7288191846,18622.349165892,19422.6014830583,19920.4067439925,20670.0909282712,18746.418848068,18490.3128616365,19533.1621392185,20019.5336650507,19942.5438312343,21111.9756191812,19625.5516653061,16995.0131138372,18880.6520083047,18037.3925561041,19627.4041017349,18510.7936357683,22500.0651699412
18152.5647545244,5109.20334455383,9916.17997578705,3580.87304953694,1e+09,5551.74282886915,25099.2229160984,26136.5030001663,19886.1796484971,17729.7275037323,15869.036640477,22881.1958294579,23796.1340398078,19044.7926348385,22342.416934139,18323.8725498051,13705.2846708596,14928.7058126048,22402.9196125706,22824.4663983279,22089.3943316946,22569.7651467755,22394.5755363258,17240.4632281647,12749.550154429,10709.7314413668,11750.2529473412,19173.3704628842,19948.3153926792,17377.5158949776,18361.3519571463,24255.0594254869,27284.3113751749,24880.9503695739,20408.7354231344,22792.4539055759,20396.5791759966,21920.5754218428,22714.3972358634,23203.1100049239,24003.8135679542,22020.6295801165,21794.5848068528,22824.0542694566,23322.6894858676,23324.5424434736,24473.4707095867,22906.8102633802,20272.9696467439,22202.3887197436,21363.2130917823,22925.595391215,21826.7033010187,25821.8568396562
15050.7690713565,1960.37627161216,5934.3873454216,3199.0211667321,5551.74282886915,1e+09,21286.4337963103,22485.0100297776,15818.9041075038,13906.9379467768,12042.7470810484,19361.4008206612,20289.1321866018,15779.3843164396,18671.3672607927,14491.1631054377,10175.8558104663,10790.0353180516,18731.9724146444,19226.4135053083,18272.7603071293,19059.7933840244,18801.2947213244,13450.3994509606,9271.24005549419,6911.85581284072,7794.67919352683,15530.8402241572,16380.8777716367,13548.1488516439,14367.0181260866,20103.6361059983,23599.9997099025,21199.5686590529,16740.4952511567,19215.5466362969,16639.6745914276,18351.1502356446,19144.7599390303,19721.0754097412,20306.9078581748,18340.7752066972,18105.2947166402,19281.3270486863,19677.172257789,19406.4366953673,20605.3644229434,19360.3264150375,16592.7734421796,18366.907862569,17724.3570663988,19466.0406518069,18226.7416906094,22126.1067703652
7539.67920170348,20617.2355023267,15700.3845248835,21758.8279518981,25099.2229160984,21286.4337963103,1e+09,2626.11262509817,6267.68406426967,7635.24374298555,9650.89201476216,4219.1857776116,3821.3025654219,6652.93901705104,3569.61492944267,7360.45590466379,11457.6411376295,10950.9812868665,3983.00091565392,3651.09180163961,4194.26176468518,4311.95340167308,4229.22803759741,8015.37425335212,12425.2754914127,14679.171128916,13695.6202506677,6274.78977443866,5616.57227337101,8144.81944923275,7832.50595483974,4799.32078385057,4339.07501883754,2493.37213780855,5183.88383254293,3334.09506835063,5079.62928282173,4107.39444537532,3775.90635779014,3541.53692094266,3009.53579555054,4883.7132697467,4237.52600189073,4535.21919841809,4288.31791435756,3635.64113248269,3073.21711322191,4340.0678130762,5915.74927778384,4157.03047304203,5107.29006116747,3890.75213745363,4408.26579882611,3202.11184856182
8190.44423339174,21736.0582166754,16810.1863652876,22858.1366572168,26136.5030001663,22485.0100297776,2626.11262509817,1e+09,7139.58305994125,8629.12562225745,10606.4095298975,4120.68391460689,3290.47684392399,7299.28267370842,3917.21795875593,8226.03666516264,12511.4613713906,11899.7633307138,4173.80270793913,3666.89280024655,4408.01042539602,4078.10165558683,4474.22101482482,9126.14514380524,13496.9178996688,15746.9465263936,14752.0990509486,7001.63721388791,6224.1678305698,9010.16222844517,8497.90879549198,4632.01141306884,2526.90754951581,1460.09906872787,5859.49949691951,3699.03279483975,5887.44302085379,4393.46651606678,3632.69977348803,3253.65308161457,2652.865010663,4625.26826445775,4481.59766440496,4057.76420027088,3730.17345828582,3987.56996180631,2752.76451570054,3870.48978693912,6170.98371517054,4354.81701423837,5259.71064584355,3751.22600857373,4548.05708062245,1694.19757667162
4460.57328379436,15293.7037824819,10145.2379495456,16503.7338719273,19886.1796484971,15818.9041075038,6267.68406426967,7139.58305994125,1e+09,2541.32829042216,4071.1288524806,4328.69083147549,5124.79875325851,3959.18687297026,3856.39023575156,2072.44500211706,6485.44405779589,5363.22555496224,3391.08729073729,4238.63469078193,3031.38261174666,4025.07361866836,3716.02092401267,3299.60460870693,7447.83943109678,9463.29646894252,8266.24721492165,2569.293768587,2923.8144738509,3311.54853527772,1949.29216309408,4522.47871439988,7978.00077755073,5889.68347601974,3046.20867210374,4491.44630542323,2343.49693082795,3561.60316818143,4276.07079205899,4826.90168945878,4867.29066202133,3533.8452387449,3102.93363731808,4278.77301169389,4326.07877798128,3877.36261168594,5072.41698592496,4320.86187492727,2802.4077021911,3504.79836157517,3015.44785065171,4720.18672725985,3452.75661757385,6596.14645589377
2918.48008990982,13213.7564970299,8196.62785830856,14376.3862734103,17729.7275037323,13906.9379467768,7635.24374298555,8629.12562225745,2541.32829042216,1e+09,2123.42921629142,5686.86614310553,6528.29413506316,2978.70686852533,4893.77752872972,1337.80793251498,4111.19968684325,3604.2551734443,4905.14641103607,5434.96537166522,4530.70255226494,5311.67565907408,5106.13042377494,1014.4650494226,5108.48705660492,7295.78643426464,6191.53444820426,1901.89286412248,2754.03322416415,1349.74402469505,1905.24669190108,6861.10058016205,9788.53182350142,7362.84979145983,3166.80308312658,5496.98211459706,2917.78006719149,4574.55363257444,5385.99992020052,5939.14483857735,6464.57612773645,4821.77854496658,4298.69587541385,5635.28630311717,5990.48664715981,5806.338341709,6889.12934395922,5695.77876495392,3270.69228185716,4763.83355874237,4155.70823115627,5776.09177826149,4487.02980345573,8311.56072385325
3949.89375249512,11376.6249249591,6253.08693058077,12497.9223955304,15869.036640477,12042.7470810484,9650.89201476216,10606.4095298975,4071.1288524806,2123.42921629142,1e+09,7364.56197818988,8278.37610946132,4354.37205020425,6834.75726757725,2561.99591078909,2633.20040826748,2375.94181496517,6705.27689531909,7303.91260546017,6398.24357227044,7051.91229693053,6794.79996532643,2053.22662813923,3551.73639682058,5580.49484529822,4374.95359421103,3811.67394652271,4638.57758857174,2433.93370180866,2739.24416925545,8476.07134751118,11600.6828548969,9350.13672631582,5127.55169784762,7385.44016486492,4846.73281426777,6404.21862977054,7232.94758044049,7782.02242864925,8326.28762863138,6514.45196004238,6192.71917331151,7293.30222179912,7670.88268974308,7520.89169907399,8709.61961920267,7378.21958234505,4919.81868804126,6666.00481764002,5776.35199589672,7532.3334777677,6304.13304955566,10147.2561382622
5242.59061165375,18623.0533548234,13528.2081298079,19585.8989749743,22881.1958294579,19361.4008206612,4219.1857776116,4120.68391460689,4328.69083147549,5686.86614310553,7364.56197818988,1e+09,1406.51952567321,4301.22589748551,2465.77896197125,4966.16629964201,9420.68927325915,9117.46076273981,1336.38706110917,1420.36096679682,2621.34609216334,990.440965429035,971.747261071519,6265.88254780602,10419.7724928858,12764.0890342711,11637.8121365014,4340.94579399467,3635.74556579528,6451.87599437559,5553.85846467121,3937.28446608827,4536.79242047727,3310.99831676188,3913.50152488791,2034.66039849406,3538.41251251179,1641.06611277547,1930.45412403403,1485.13199615388,1845.45820567685,2662.76879159645,2295.78770540745,1369.61641611803,1405.11414212512,2439.86889307602,2742.35243960363,1207.67937288835,3826.10135166334,3215.19984168947,2245.90501003493,1430.32461333083,2107.72454298469,3300.03726489566
6018.28760016502,19525.3009128131,14453.0811162292,20519.3874417781,23796.1340398078,20289.1321866018,3821.3025654219,3290.47684392399,5124.79875325851,6528.29413506316,8278.37610946132,1406.51952567321,1e+09,5205.53544603243,2681.63024927002,5910.44781992025,10319.5152718042,9919.06178276958,1784.52071184394,1810.32867747821,2913.03154531495,1585.18913966126,1689.83585158441,7123.769677046,11326.8571397189,13641.2187357472,12548.6638721021,5103.35914714024,4357.34847136421,7177.01844019507,6393.22656822828,3871.91164225115,3650.47595735132,2713.97482123545,4455.11654238135,2539.41159359801,4246.54576704408,2400.77938532469,2084.40405667903,1624.23153771253,1660.73219725517,3125.11801953142,2870.19245316407,1587.26911221758,1521.01619685656,2651.44635150327,2440.86972804777,1698.92689295331,4548.77539765375,3509.12939446524,3052.73407567708,1804.89090867011,2723.54979914082,2640.67190597393
1377.90829390058,14871.8529095066,10096.4759807866,15802.1152055635,19044.7926348385,15779.3843164396,6652.93901705104,7299.28267370842,3959.18687297026,2978.70686852533,4354.37205020425,4301.22589748551,5205.53544603243,1e+09,3737.86272020522,2814.06265603664,5658.83782129334,6113.61034374125,4042.36566338326,4072.81244503108,4034.13112951228,4021.77267370994,4029.69225552026,3106.95700667067,6613.43124709859,9020.21856748494,8091.52365688317,1898.03083931742,1736.4518153407,3508.03010836566,3863.202065308,6940.54575219413,8543.00684230675,6221.00904278398,2597.96826626116,3897.43669724089,2574.47598584644,3139.01612651162,3960.68108332393,4279.78728571877,5291.23093465972,3900.51839291907,3386.58586513025,4353.3559479211,4945.00056788672,5229.67638291319,6003.08710854674,4298.07453233422,2757.98469444629,4154.50979892935,3148.9967467592,4042.84938565611,3271.59743842362,7011.30980132101
4659.22565187607,17898.2632124991,12995.8515371598,19030.6493544966,22342.416934139,18671.3672607927,3569.61492944267,3917.21795875593,3856.39023575156,4893.77752872972,6834.75726757725,2465.77896197125,2681.63024927002,3737.86272020522,1e+09,4509.17926328062,8711.0323897917,8185.21208336107,1755.68236489406,1531.34627694065,1306.21640060137,2031.92663487145,2334.87343642006,5326.74106280754,9697.23610592214,11906.1171900288,10922.9436287111,3281.04798701573,2437.05499751237,5279.29428972282,4880.96579052753,4056.31951801137,5319.03932121206,2890.23803498951,2140.07622817506,1361.24802534292,2209.87203588805,1218.90800005579,900.121666165191,1668.48339479301,2064.26954732176,1808.19894768247,1134.08764846462,2059.18002267893,2408.31483060251,2418.78110297315,2619.32892636645,2035.26526678957,2645.00715864816,1366.39484114219,1900.4520200205,1760.30108413305,1178.39616920627,3728.12058780292
3159.76743905307,13848.1469289613,8736.38624191376,14955.300023149,18323.8725498051,14491.1631054377,7360.45590466379,8226.03666516264,2072.44500211706,1337.80793251498,2561.99591078909,4966.16629964201,5910.44781992025,2814.06265603664,4509.17926328062,1e+09,4814.5386614088,4392.55938753251,4320.78407856722,4857.17113479647,4066.37964477003,4738.6030064883,4400.96445119703,1960.61901918756,5815.62735845412,7978.75011096976,6793.97422665114,1995.53825879135,2604.45245134174,2374.24844565601,1643.32312218261,6178.56490342215,9132.84574040315,7026.68645774806,3222.33445467723,5015.40118577766,2712.39376488739,4030.86731374279,4888.76730787016,5422.44062843477,5886.05984065742,4259.52757467304,3877.20602284686,4933.81477530318,5271.80538932347,5077.38917177913,6230.28585155609,4992.26212947598,2941.96967477573,4397.57979321581,3427.07121548415,5185.3503341433,4005.96064775979,7688.57603260838
4970.45628359208,9313.74224576244,4590.4391689358,10376.5780633694,13705.2846708596,10175.8558104663,11457.6411376295,12511.4613713906,6485.44405779589,4111.19968684325,2633.20040826748,9420.68927325915,10319.5152718042,5658.83782129334,8711.0323897917,4814.5386614088,1e+09,2839.67018975796,8839.28593595659,9219.31617006923,8506.11931000265,9101.07730081994,8897.28117084652,3605.39414871662,1100.70975602109,3519.91745049511,2589.0238719641,5549.54066741564,6343.92394003112,3943.16889256598,5165.88559506499,10877.2391814835,13724.8608880236,11276.3497729141,6826.08252487472,9190.91737933162,6774.76485800061,8337.60849360295,9154.08549923475,9659.90690578848,10390.3740922837,8581.16856741551,8195.838262472,9385.64489856717,9853.48524068007,9757.42505778548,10848.5403267122,9445.50526581823,6835.32255438615,8616.40819114903,7886.5797263833,9428.32172391248,8272.0213523177,12225.8698289324
5594.10281197084,10190.8600556724,5414.40979201796,11607.090358337,14928.7058126048,10790.0353180516,10950.9812868665,11899.7633307138,5363.22555496224,3604.2551734443,2375.94181496517,9117.46076273981,9919.06178276958,6113.61034374125,8185.21208336107,4392.55938753251,2839.67018975796,1e+09,8273.61276761247,8868.42107852914,7642.38717999815,8656.31834653163,8549.55506088475,3439.34901235685,3360.04687101237,4443.12099102647,3455.64768765567,5185.4116889115,6062.32026484085,3032.70576461021,3871.95273582982,9590.32312842482,13057.2518978535,10584.9048842821,6270.85432511392,8921.15870633967,6179.48446344839,7998.71235523569,8682.82841986988,9351.60895874608,9796.58502985607,7808.13515492656,7563.278574613,8883.44569622621,9223.28642709853,8998.09358681604,10098.1921091203,8980.71344737154,6133.91789429073,7781.5713150944,7355.87921006048,9182.93123085434,7772.18386071766,11599.7066223332
4879.32820651573,18025.7492063853,12936.3120119723,19089.4548403196,22402.9196125706,18731.9724146444,3983.00091565392,4173.80270793913,3391.08729073729,4905.14641103607,6705.27689531909,1336.38706110917,1784.52071184394,4042.36566338326,1755.68236489406,4320.78407856722,8839.28593595659,8273.61276761247,1e+09,1418.75816427607,1536.890492,1003.41025223983,894.56993840616,5538.09934986724,9845.62335265777,12114.3792294818,11004.1078031706,3564.52331007948,2953.60609294808,5573.57197313357,4723.97839960134,3394.96348607758,4966.09652503855,3098.39325943302,3029.44407715343,2069.65037030412,2631.48844435996,1259.15500634354,1584.49065535269,1753.63737388891,1879.82628548491,2003.92277715485,1422.14950775226,1393.59875186511,1396.89863537051,1920.30305303616,2543.34586694378,1408.59340499663,3056.46396476386,2323.1336343181,1750.9576519722,1812.25362275814,1543.58995228655,3597.14375681596
5113.62728649635,18474.3987011919,13470.7666674024,19517.9197637581,22824.4663983279,19226.4135053083,3651.09180163961,3666.89280024655,4238.63469078193,5434.96537166522,7303.91260546017,1420.36096679682,1810.32867747821,4072.81244503108,1531.34627694065,4857.17113479647,9219.31617006923,8868.42107852914,1418.75816427607,1e+09,2052.78316587505,1418.02508736623,1600.62543007413,5951.63678260863,10211.6962098419,12540.7291508508,11455.7718847531,3899.38894692489,3103.24440645593,6037.70701544883,5425.08310481969,3899.69419471579,4620.76068375111,2788.28896325327,3203.82278993393,1246.20402767765,3087.36722530703,1256.35473139556,1267.72120121106,1049.11045662504,1556.93229046738,2296.36085833651,1718.81491891943,1576.39252170898,1727.75077618272,2322.7770509457,2341.78339322833,1440.94953627808,3365.3311317016,2270.08114070841,2167.17190497201,1326.06272087711,1626.12407475568,3216.39089454314
4846.0409454626,17582.2396992903,12602.8185700938,18775.2660031809,22089.3943316946,18272.7603071293,4194.26176468518,4408.01042539602,3031.38261174666,4530.70255226494,6398.24357227044,2621.34609216334,2913.03154531495,4034.13112951228,1306.21640060137,4066.37964477003,8506.11931000265,7642.38717999815,1536.890492,2052.78316587505,1e+09,2073.32986340814,2303.34383748931,5139.27484713554,9509.82774064809,11604.9361408023,10565.5623023955,3100.42132902933,2523.95749760173,4894.35022752766,4153.90024501071,3215.57576670182,5515.21517101554,3222.13088432174,2269.69056578204,2350.6417000683,1997.95272506634,1645.1229509675,1619.20778997015,2411.50125538014,2390.43416474916,1287.32262350974,981.872485814731,2072.43851981187,2190.33712631184,2150.02057243646,2679.88041488795,2097.10240174389,2272.89053346174,1199.22817857987,1676.24352998006,2500.97803013141,1475.23779432334,4035.64775598664
4849.07078826449,18287.0382956563,13242.777214278,19294.5620417438,22569.7651467755,19059.7933840244,4311.95340167308,4078.10165558683,4025.07361866836,5311.67565907408,7051.91229693053,990.440965429035,1585.18913966126,4021.77267370994,2031.92663487145,4738.6030064883,9101.07730081994,8656.31834653163,1003.41025223983,1418.02508736623,2073.32986340814,1e+09,1264.52157624929,5914.23459804394,10095.7472689296,12398.5956155042,11312.9143862711,3863.79813287392,3149.40217679483,5935.77888489792,5134.2959281288,3898.55170370998,4798.66562832836,3060.78024768195,3311.61984975631,1992.24032340478,3069.13745128823,1307.62281882047,1476.26509882202,1324.2656820291,1863.19036083273,2044.27413183751,1679.13395507923,1078.14945434295,1299.37232593279,2566.25701674637,2859.30256531204,1006.81425253122,3230.13903109448,2701.3295871848,1876.92901482715,1407.83984866887,1533.25345253158,3479.94780341602
4903.30528158303,18097.9455430223,12975.8233455839,19089.1072827385,22394.5755363258,18801.2947213244,4229.22803759741,4474.22101482482,3716.02092401267,5106.13042377494,6794.79996532643,971.747261071519,1689.83585158441,4029.69225552026,2334.87343642006,4400.96445119703,8897.28117084652,8549.55506088475,894.56993840616,1600.62543007413,2303.34383748931,1264.52157624929,1e+09,5727.67046140925,9906.07736221053,12236.274295242,11098.3904747625,3849.38148561558,3269.58681279455,5910.3233516619,5036.51963307997,3834.10389406704,5041.88808627284,3554.10251363125,3560.96831627298,2306.06617320492,3061.63050104025,1544.92494338722,2069.39630351463,1949.95290102095,2233.5813247115,2599.46228560831,2092.23628715783,1615.42322451424,1640.54475306223,2196.77557929799,2867.25595041671,1573.57480594346,3525.01083362874,3027.51889255872,2077.8391127082,1887.06332625591,2083.07222666426,3771.33852281919
2967.68260888863,12706.4182826358,7785.08184231226,13854.9323322202,17240.4632281647,13450.3994509606,8015.37425335212,9126.14514380524,3299.60460870693,1014.4650494226,2053.22662813923,6265.88254780602,7123.769677046,3106.95700667067,5326.74106280754,1960.61901918756,3605.39414871662,3439.34901235685,5538.09934986724,5951.63678260863,5139.27484713554,5914.23459804394,5727.67046140925,1e+09,4540.60251896155,6781.18509007828,5743.99492982019,2431.38033962192,3160.16420562287,1545.74902041049,2494.45982980284,7565.85996169636,10367.0302679697,7911.86113413905,3482.75684881962,5856.09085174573,3415.83972729986,5074.09386513494,5852.67290950895,6404.32431520297,6980.76206811262,5394.25441270617,4847.70314099368,6198.99019326535,6614.86770965981,6345.96035418596,7414.08795028087,6264.90835733453,3752.45010976828,5233.28499119817,4658.94399522038,6192.52099274601,4940.02440267252,8830.42279615195
5911.37726678817,8361.26605758363,3817.50277549342,9399.65409876342,12749.550154429,9271.24005549419,12425.2754914127,13496.9178996688,7447.83943109678,5108.48705660492,3551.73639682058,10419.7724928858,11326.8571397189,6613.43124709859,9697.23610592214,5815.62735845412,1100.70975602109,3360.04687101237,9845.62335265777,10211.6962098419,9509.82774064809,10095.7472689296,9906.07736221053,4540.60251896155,1e+09,2718.91344689381,1938.51346067032,6551.78877544904,7337.14293837186,4892.99637730297,6072.53564454751,11861.624090798,14729.3232999211,12269.6299068106,7776.40603888454,10157.4234327363,7771.78637207689,9335.12423580961,10141.7890271638,10640.8724494611,11377.0597812616,9554.54264290029,9181.44166200494,10370.1846539394,10839.0594008106,10729.4680740519,11830.025741819,10431.8560703932,7776.45460226574,9568.89537079908,8862.66077281535,10400.6874131953,9237.92787903218,13211.4976284825
8276.67237001683,6014.45509636576,2268.17953504567,7381.5423038888,10709.7314413668,6911.85581284072,14679.171128916,15746.9465263936,9463.29646894252,7295.78643426464,5580.49484529822,12764.0890342711,13641.2187357472,9020.21856748494,11906.1171900288,7978.75011096976,3519.91745049511,4443.12099102647,12114.3792294818,12540.7291508508,11604.9361408023,12398.5956155042,12236.274295242,6781.18509007828,2718.91344689381,1e+09,1518.98306563964,8787.83501571348,9589.40523031538,6831.6980765107,7931.32864431931,13796.6109069112,16970.6412663193,14490.0155251401,9944.29032447766,12482.1235123836,9936.73465044227,11636.1244118521,12374.568953705,12975.0249099568,13636.692263973,11654.6171059928,11397.8634241116,12610.6272551884,13078.3667369592,12900.880053818,14009.2310936468,12697.4179247869,9881.92297201309,11674.5567780965,11054.0682132914,12728.6740667086,11488.3116325464,15460.179710647
7448.67479235736,7086.0672871135,2310.41166385993,8353.1552228604,11750.2529473412,7794.67919352683,13695.6202506677,14752.0990509486,8266.24721492165,6191.53444820426,4374.95359421103,11637.8121365014,12548.6638721021,8091.52365688317,10922.9436287111,6793.97422665114,2589.0238719641,3455.64768765567,11004.1078031706,11455.7718847531,10565.5623023955,11312.9143862711,11098.3904747625,5743.99492982019,1938.51346067032,1518.98306563964,1e+09,7787.8425745838,8616.63626103017,5888.56345273616,6774.37552796566,12619.3091609565,15866.5316242019,13491.7263408691,9022.33930498072,11468.263396465,8944.99370037788,10594.1280183505,11376.5100834966,11946.758993137,12559.5009096062,10633.9388934769,10359.5950827916,11528.7782070001,11950.9788343675,11766.7185853024,12911.5212208825,11616.0214676971,8889.59599172538,10666.7749138763,9983.44506535695,11701.8233243457,10457.2389926118,14390.123413008
2363.0646744006,14757.5019597559,9875.25115731241,15888.9358761466,19173.3704628842,15530.8402241572,6274.78977443866,7001.63721388791,2569.293768587,1901.89286412248,3811.67394652271,4340.94579399467,5103.35914714024,1898.03083931742,3281.04798701573,1995.53825879135,5549.54066741564,5185.4116889115,3564.52331007948,3899.38894692489,3100.42132902933,3863.79813287392,3849.38148561558,2431.38033962192,6551.78877544904,8787.83501571348,7787.8425745838,1e+09,1034.8740574582,2266.96441939436,2612.93650355304,5931.79054094967,8329.32028215388,5752.35904155852,1611.29762672822,3939.88318644094,1459.82067573384,2998.53668066609,3756.74593503473,4326.31500129151,5000.78269414899,3269.87848078488,2719.86692010841,4196.93747154994,4605.99581011533,4632.64855634442,5504.02615629686,4180.44604023303,1785.37205343872,3242.31599539588,2840.3119735515,4244.1205885672,2964.4633396114,6795.83509103186
2516.19793418562,15561.1094022695,10701.0930376481,16661.6594302278,19948.3153926792,16380.8777716367,5616.57227337101,6224.1678305698,2923.8144738509,2754.03322416415,4638.57758857174,3635.74556579528,4357.34847136421,1736.4518153407,2437.05499751237,2604.45245134174,6343.92394003112,6062.32026484085,2953.60609294808,3103.24440645593,2523.95749760173,3149.40217679483,3269.58681279455,3160.16420562287,7337.14293837186,9589.40523031538,8616.63626103017,1034.8740574582,1e+09,3126.38446404149,3224.95849176389,5544.5349392803,7545.46476274987,5045.66404495979,1080.44657059014,3051.4016757877,1213.2362424936,2193.9822282097,2867.4301411194,3449.59597831398,4212.01226086772,2673.3873525361,2041.42864741827,3433.07676358977,3947.12445755135,4093.44351669838,4813.10604296228,3444.43272047808,1602.45952972298,2655.1304812005,2158.56428982322,3338.61991486003,2124.35151571015,6009.59804798125
3239.05943508297,12805.4454974437,8015.63189147306,14081.3779164576,17377.5158949776,13548.1488516439,8144.81944923275,9010.16222844517,3311.54853527772,1349.74402469505,2433.93370180866,6451.87599437559,7177.01844019507,3508.03010836566,5279.29428972282,2374.24844565601,3943.16889256598,3032.70576461021,5573.57197313357,6037.70701544883,4894.35022752766,5935.77888489792,5910.3233516619,1545.74902041049,4892.99637730297,6831.6980765107,5888.56345273616,2266.96441939436,3126.38446404149,1e+09,2255.21771002269,7355.40059956628,10334.5418577071,7719.92291955043,3321.12114354475,6055.99173894747,3336.9047012014,5166.68073882062,5814.9749382435,6485.3506059426,7028.34351410772,5112.76088133408,4739.63460866975,6199.99681755564,6592.97829401857,6456.33657762667,7415.72992128219,6267.89159959711,3423.25180806204,4994.23978619369,4726.7909085023,6372.85104319095,4975.16641664377,8833.03291390335
4044.93187280083,13767.5263694173,8711.92560170253,14997.8410463473,18361.3519571463,14367.0181260866,7832.50595483974,8497.90879549198,1949.29216309408,1905.24669190108,2739.24416925545,5553.85846467121,6393.22656822828,3863.202065308,4880.96579052753,1643.32312218261,5165.88559506499,3871.95273582982,4723.97839960134,5425.08310481969,4153.90024501071,5134.2959281288,5036.51963307997,2494.45982980284,6072.53564454751,7931.32864431931,6774.37552796566,2612.93650355304,3224.95849176389,2255.21771002269,1e+09,5976.57001659815,9382.24374738261,7247.00006227404,3466.00046770049,5585.51208153738,3104.65220672139,4593.7260486777,5247.973770609,5918.14836515612,6194.19642314481,4255.20876074253,4127.60154953213,5242.96179220295,5505.28215854555,5312.62517975812,6446.56769772877,5344.7435509012,2908.94234102362,4429.35544365092,3729.01865507535,5717.52021506702,4309.28103946586,7944.66221662696
7796.74322371207,19631.9290909961,14503.8517583468,20890.0004437099,24255.0594254869,20103.6361059983,4799.32078385057,4632.01141306884,4522.47871439988,6861.10058016205,8476.07134751118,3937.28446608827,3871.91164225115,6940.54575219413,4056.31951801137,6178.56490342215,10877.2391814835,9590.32312842482,3394.96348607758,3899.69419471579,3215.57576670182,3898.55170370998,3834.10389406704,7565.85996169636,11861.624090798,13796.6109069112,12619.3091609565,5931.79054094967,5544.5349392803,7355.40059956628,5976.57001659815,1e+09,4529.81389472018,3931.94941695592,5324.77534632213,4450.21387817485,4879.58266061761,4239.96013389277,4011.95463372905,4294.04000001164,3210.13326720247,3724.86832865271,3871.9186276057,3676.20577008415,3053.49322057541,2548.16930110619,2623.70931246203,3711.70229549731,5040.60408811285,3684.80437053312,4097.46243850996,4445.44478031164,4161.81567244394,3781.62989011352
9475.85391856059,22905.2457223951,17817.2009010142,23973.9933481888,27284.3113751749,23599.9997099025,4339.07501883754,2526.90754951581,7978.00077755073,9788.53182350142,11600.6828548969,4536.79242047727,3650.47595735132,8543.00684230675,5319.03932121206,9132.84574040315,13724.8608880236,13057.2518978535,4966.09652503855,4620.76068375111,5515.21517101554,4798.66562832836,5041.88808627284,10367.0302679697,14729.3232999211,16970.6412663193,15866.5316242019,8329.32028215388,7545.46476274987,10334.5418577071,9382.24374738261,4529.81389472018,1e+09,3374.16131586799,7379.92269010997,4958.13674094412,7245.16852120087,5494.89149403335,4797.45550673479,4327.38377335544,3448.74010870637,5647.19454432022,5711.40866883119,4551.63030159524,4080.52706190022,4552.4240688341,3329.24627747783,4502.65847192523,7419.48977906837,5737.21086829655,6043.88264753709,4621.94233358661,5637.15699917964,1866.85699339826
7061.31302215105,20468.9685622163,15541.6645959048,21614.5872444352,24880.9503695739,21199.5686590529,2493.37213780855,1460.09906872787,5889.68347601974,7362.84979145983,9350.13672631582,3310.99831676188,2713.97482123545,6221.00904278398,2890.23803498951,7026.68645774806,11276.3497729141,10584.9048842821,3098.39325943302,2788.28896325327,3222.13088432174,3060.78024768195,3554.10251363125,7911.86113413905,12269.6299068106,14490.0155251401,13491.7263408691,5752.35904155852,5045.66404495979,7719.92291955043,7247.00006227404,3931.94941695592,3374.16131586799,1e+09,4674.42845343685,2887.3347557566,4644.90708786516,3332.69060410654,2704.9872358294,2468.73290033572,1959.95424449144,3522.91571163717,3271.67692287915,3261.69946311735,2927.84989683556,3258.14554598164,2361.64500092626,3018.73720835385,4972.85926153154,3267.50581137968,4240.69459448567,3059.68637992524,3495.53962181807,2125.3035353803
3237.43624680085,15933.8738136493,11138.1059613159,17107.0899583068,20408.7354231344,16740.4952511567,5183.88383254293,5859.49949691951,3046.20867210374,3166.80308312658,5127.55169784762,3913.50152488791,4455.11654238135,2597.96826626116,2140.07622817506,3222.33445467723,6826.08252487472,6270.85432511392,3029.44407715343,3203.82278993393,2269.69056578204,3311.61984975631,3560.96831627298,3482.75684881962,7776.40603888454,9944.29032447766,9022.33930498072,1611.29762672822,1080.44657059014,3321.12114354475,3466.00046770049,5324.77534632213,7379.92269010997,4674.42845343685,1e+09,2973.78555825735,1142.72422211135,2360.18639060562,2751.71843648655,3449.01873655392,4034.11086895241,2559.86338662828,1889.88330152949,3550.87916885382,3985.88822927839,3919.89295556652,4555.27692502882,3563.74621096958,1606.69991115329,2144.86362930141,2379.76433770237,3410.12490337231,2062.94974883054,5778.39201664269
4985.37504498909,18430.0436934588,13507.5121566853,19470.799262642,22792.4539055759,19215.5466362969,3334.09506835063,3699.03279483975,4491.44630542323,5496.98211459706,7385.44016486492,2034.66039849406,2539.41159359801,3897.43669724089,1361.24802534292,5015.40118577766,9190.91737933162,8921.15870633967,2069.65037030412,1246.20402767765,2350.6417000683,1992.24032340478,2306.06617320492,5856.09085174573,10157.4234327363,12482.1235123836,11468.263396465,3939.88318644094,3051.4016757877,6055.99173894747,5585.51208153738,4450.21387817485,4958.13674094412,2887.3347557566,2973.78555825735,1e+09,2962.10469097566,1330.38577378894,1278.56422193021,1133.71921056318,1762.13730790197,2506.83745976878,1838.49403004198,2180.6706719952,2450.4114025608,2609.69150069505,2626.32380018154,1956.68772155906,3375.67002753527,2297.82700758782,2315.68424935266,1192.9350670091,1584.8755234718,3353.15861105615
3304.81176388308,15920.7046921391,11001.4115435202,17082.7288191846,20396.5791759966,16639.6745914276,5079.62928282173,5887.44302085379,2343.49693082795,2917.78006719149,4846.73281426777,3538.41251251179,4246.54576704408,2574.47598584644,2209.87203588805,2712.39376488739,6774.76485800061,6179.48446344839,2631.48844435996,3087.36722530703,1997.95272506634,3069.13745128823,3061.63050104025,3415.83972729986,7771.78637207689,9936.73465044227,8944.99370037788,1459.82067573384,1213.2362424936,3336.9047012014,3104.65220672139,4879.58266061761,7245.16852120087,4644.90708786516,1142.72422211135,2962.10469097566,1e+09,2086.54491919057,2773.96253112763,3424.83024272737,3888.90469235233,2368.04075260541,1692.6387933047,3381.93937178064,3692.12901306279,3456.13804800966,4331.34539861462,3299.14106970284,1526.52219469617,2227.17047998127,2082.49138999421,3357.09280547917,2084.1769168667,5641.50883909615
4138.0771849133,17580.2918622559,12599.9850482649,18622.349165892,21920.5754218428,18351.1502356446,4107.39444537532,4393.46651606678,3561.60316818143,4574.55363257444,6404.21862977054,1641.06611277547,2400.77938532469,3139.01612651162,1218.90800005579,4030.86731374279,8337.60849360295,7998.71235523569,1259.15500634354,1256.35473139556,1645.1229509675,1307.62281882047,1544.92494338722,5074.09386513494,9335.12423580961,11636.1244118521,10594.1280183505,2998.53668066609,2193.9822282097,5166.68073882062,4593.7260486777,4239.96013389277,5494.89149403335,3332.69060410654,2360.18639060562,1330.38577378894,2086.54491919057,1e+09,1135.37917045364,1444.42971109708,2191.41988176616,1743.78997462424,996.416088589501,1659.19342356459,2055.5531875629,2472.34992270512,2974.90544543856,1476.35161387794,2473.91465101365,2041.66123744856,1362.32368283019,1378.98019623198,911.912761178393,3946.90368372475
4881.26622855177,18342.8286654921,13415.7012125718,19422.6014830583,22714.3972358634,19144.7599390303,3775.90635779014,3632.69977348803,4276.07079205899,5385.99992020052,7232.94758044049,1930.45412403403,2084.40405667903,3960.68108332393,900.121666165191,4888.76730787016,9154.08549923475,8682.82841986988,1584.49065535269,1267.72120121106,1619.20778997015,1476.26509882202,2069.39630351463,5852.67290950895,10141.7890271638,12374.568953705,11376.5100834966,3756.74593503473,2867.4301411194,5814.9749382435,5247.973770609,4011.95463372905,4797.45550673479,2704.9872358294,2751.71843648655,1278.56422193021,2773.96253112763,1135.37917045364,1e+09,1022.10697140759,1632.48488069568,1675.33194116868,1375.52729703921,1354.13774709222,1831.08752374101,2410.60656594974,2425.22574136924,1344.89997996134,2946.66856497299,1866.1116520723,1795.46973394151,1083.44139126212,1113.53333201122,3248.62904618241
5240.77457685408,18909.2707688054,13952.2238382919,19920.4067439925,23203.1100049239,19721.0754097412,3541.53692094266,3253.65308161457,4826.90168945878,5939.14483857735,7782.02242864925,1485.13199615388,1624.23153771253,4279.78728571877,1668.48339479301,5422.44062843477,9659.90690578848,9351.60895874608,1753.63737388891,1049.11045662504,2411.50125538014,1324.2656820291,1949.95290102095,6404.32431520297,10640.8724494611,12975.0249099568,11946.758993137,4326.31500129151,3449.59597831398,6485.3506059426,5918.14836515612,4294.04000001164,4327.38377335544,2468.73290033572,3449.01873655392,1133.71921056318,3424.83024272737,1444.42971109708,1022.10697140759,1e+09,1359.51969875394,2400.44444403531,1988.14624519928,1505.23390371729,1784.74054388866,2648.66017816556,2458.9741095831,1309.52735500256,3648.38285173034,2613.34823664968,2405.3411957766,708.910332623245,1712.54193796824,2842.93510655801
6269.81827217504,19587.5824825755,14550.5649412763,20670.0909282712,24003.8135679542,20306.9078581748,3009.53579555054,2652.865010663,4867.29066202133,6464.57612773645,8326.28762863138,1845.45820567685,1660.73219725517,5291.23093465972,2064.26954732176,5886.05984065742,10390.3740922837,9796.58502985607,1879.82628548491,1556.93229046738,2390.43416474916,1863.19036083273,2233.5813247115,6980.76206811262,11377.0597812616,13636.692263973,12559.5009096062,5000.78269414899,4212.01226086772,7028.34351410772,6194.19642314481,3210.13326720247,3448.74010870637,1959.95424449144,4034.11086895241,1762.13730790197,3888.90469235233,2191.41988176616,1632.48488069568,1359.51969875394,1e+09,2637.24471416666,2375.63471804905,1790.80764991665,1506.69742725605,1902.20498572052,1327.27686083198,1658.3740368204,4166.17914152764,2626.05658063569,2827.95970625467,1649.11304876288,2286.50901944427,1907.26512027038
4767.03504630499,17605.5853042522,12684.7535145031,18746.418848068,22020.6295801165,18340.7752066972,4883.7132697467,4625.26826445775,3533.8452387449,4821.77854496658,6514.45196004238,2662.76879159645,3125.11801953142,3900.51839291907,1808.19894768247,4259.52757467304,8581.16856741551,7808.13515492656,2003.92277715485,2296.36085833651,1287.32262350974,2044.27413183751,2599.46228560831,5394.25441270617,9554.54264290029,11654.6171059928,10633.9388934769,3269.87848078488,2673.3873525361,5112.76088133408,4255.20876074253,3724.86832865271,5647.19454432022,3522.91571163717,2559.86338662828,2506.83745976878,2368.04075260541,1743.78997462424,1675.33194116868,2400.44444403531,2637.24471416666,1e+09,1213.38831443195,1859.58917522124,2074.23310669269,2563.4717388924,2993.32496356476,1721.89265937224,1883.31460385672,1497.15826461333,1454.46633560217,2418.28529954594,1438.48984327315,4097.08714657133
4286.31199112944,17366.3066739736,12404.5643272668,18490.3128616365,21794.5848068528,18105.2947166402,4237.52600189073,4481.59766440496,3102.93363731808,4298.69587541385,6192.71917331151,2295.78770540745,2870.19245316407,3386.58586513025,1134.08764846462,3877.20602284686,8195.838262472,7563.278574613,1422.14950775226,1718.81491891943,981.872485814731,1679.13395507923,2092.23628715783,4847.70314099368,9181.44166200494,11397.8634241116,10359.5950827916,2719.86692010841,2041.42864741827,4739.63460866975,4127.60154953213,3871.9186276057,5711.40866883119,3271.67692287915,1889.88330152949,1838.49403004198,1692.6387933047,996.416088589501,1375.52729703921,1988.14624519928,2375.63471804905,1213.38831443195,1e+09,1961.16236324278,2186.25790269584,2432.4398811687,2978.58636485498,1830.23153354979,1905.40038881596,1300.16763646078,1380.53359249241,2073.21743620875,833.7524659034,4135.92506015281
5232.74577241241,18508.2620667501,13476.8558963543,19533.1621392185,22824.0542694566,19281.3270486863,4535.21919841809,4057.76420027088,4278.77301169389,5635.28630311717,7293.30222179912,1369.61641611803,1587.26911221758,4353.3559479211,2059.18002267893,4933.81477530318,9385.64489856717,8883.44569622621,1393.59875186511,1576.39252170898,2072.43851981187,1078.14945434295,1615.42322451424,6198.99019326535,10370.1846539394,12610.6272551884,11528.7782070001,4196.93747154994,3433.07676358977,6199.99681755564,5242.96179220295,3676.20577008415,4551.63030159524,3261.69946311735,3550.87916885382,2180.6706719952,3381.93937178064,1659.19342356459,1354.13774709222,1505.23390371729,1790.80764991665,1859.58917522124,1961.16236324278,1e+09,927.995473103183,2280.16357511912,2474.02803632053,716.643254067182,3309.93742449914,2606.67891123936,1711.76906958854,1356.83094503332,1629.66876456536,3227.39762406184
