1e+09,5116.77822773276,5708.98600506254,5320.57029374671,5276.82783030677,5054.88092203961,3306.13545094571,4210.06030873668,4457.03744588264,5131.51086033149,4088.84890099891,4144.71943482306,4141.39137927098,3789.64026575083,3955.26095743378,4040.50990779629,4966.36501268282,4100.82479491626,3910.8383414557,3791.42190167488,3306.68666016301,4170.55715993679,3553.99907357895,4476.2617171363,4752.67976837279,4909.1040948833,4148.97641398454,4202.48532097377,4564.99238959935,4342.3429427787,4518.82924507001,4719.006784388,3895.45249787493,4295.24207556454,4450.354344218,4342.9098391286,4710.62618987115,4307.11726723339,4139.35927360745,4079.6435227848,4087.80170858372,3720.82588936919,3627.93601842701,3865.13329794717,3928.70822430223,4192.77149923532,3609.57601979789,3890.90294715764,3715.28018574643,4195.07400118282,4053.35834531071,4256.8734123415,4023.2243891809,4428.79004603966
5116.77822773276,1e+09,1047.61079356792,977.138807386136,942.125782207452,2235.29709336365,3757.54150276481,2581.62038313149,1538.27068268234,1151.30023907754,3115.22118813416,3730.23422143972,2848.24303711955,2950.76378844529,3186.51642594229,2922.04155949227,2762.184048466,2284.8146356324,3066.30837894691,2754.4240409022,3204.76456806112,3239.19429508327,2874.48891126753,1709.33218061909,1221.19038667195,2300.04756302995,2390.55036801152,2913.5741183639,1918.34866791728,1426.57879140971,2569.01252486242,3327.8691594923,3887.65209405369,2776.92358204183,3243.42026199196,3226.22991201805,3301.07133892923,3074.10440787232,3348.76408861538,3595.94323634287,2927.82573909377,3125.36125137559,2880.46662698945,2866.38929503653,2741.07107279253,2775.53449000368,2873.37138742976,2904.08422171259,3152.45244957002,2887.69744031469,3451.08721702306,2806.61653944745,3152.40973315653,3069.81247927296
5708.98600506254,1047.61079356792,1e+09,799.96400775285,1573.04839636294,2817.2101062931,4324.74610353024,2602.43149001083,1969.37883105308,1527.27748274503,3397.89243979264,4192.23563641167,3320.00160492431,3542.28320398017,3489.93104848792,2947.76375905533,2753.13271786886,2655.15406490848,3644.25061920829,3262.52409126737,3891.35259449719,3448.71274551825,3301.1514471166,1974.75755810682,1721.63834108677,2647.69887336155,2857.28965808509,3440.03280589008,2325.74106944432,1886.60609563841,2832.42479637148,3507.19399846943,4304.93387932962,3216.36893249204,3649.16091926624,3384.63538875312,3625.37257788769,3419.02480706122,3737.87177982338,4100.32223984896,3283.26086299886,3635.52527822322,3380.49629042837,3291.70714048197,3244.78744374728,3144.09796412262,3501.73717813031,3196.45817310347,3646.80611532886,3414.12314977067,3871.86627396918,3227.57331964744,3620.29795628758,3551.4837283451
5320.57029374671,977.138807386136,799.96400775285,1e+09,1214.46219373021,2895.14497338216,4246.2259402321,2490.61398665068,1879.8190012073,1507.21530200566,3416.35217389835,4191.94237304141,3292.33266894462,3565.69018195636,3409.70306160229,2926.35136405388,2647.51998279522,2628.12913451756,3607.41354145876,3268.73139018794,3745.76752700965,3510.2132174556,3148.32469480198,1766.57826240447,1595.98988405315,2338.71016184135,2749.06907492336,3499.79683166037,2497.02108897782,1827.51348394478,2918.81402836837,3691.02099668913,4251.79870281978,3277.87140193144,3743.39085258272,3572.47486467015,3607.17158177983,3416.34648597006,3755.65412756553,4086.90727901918,3355.57820102587,3622.61878986735,3370.71154916881,3348.64032171268,3218.80570125008,3221.83282125252,3319.99082501744,3234.28495548862,3634.86063635183,3416.22095498813,3909.37116242497,3271.77012780544,3652.33334119437,3520.23851484526
5276.82783030677,942.125782207452,1573.04839636294,1214.46219373021,1e+09,2624.91759007783,3999.56123752344,3003.49812656842,1948.17705455639,1457.57679289978,3489.12462197899,4194.60186095176,3161.11601602978,3445.50697057777,3540.6677535883,3372.80666900728,3090.31603087775,2827.75293169329,3405.50396295468,3206.44899641332,3501.70346585772,3809.09893074465,3292.86400376633,2059.99634446278,1800.55610026458,2347.98094036132,2703.47334233205,3305.96194792076,2388.22881642442,1715.71032566689,2937.5045305497,3843.74915180478,4277.09403365182,3303.10175810555,3651.78812049659,3760.67677961029,3776.72065374182,3612.06129876003,3892.56239373244,3969.95802190653,3414.83975975447,3460.99589151735,3405.82492701842,3343.15169033653,3127.36162130317,3323.98090886515,3150.83244003866,3382.154687518,3533.37308156102,3464.68254016151,3944.40443689539,3321.23555394675,3623.46024076434,3357.77878240959
5054.88092203961,2235.29709336365,2817.2101062931,2895.14497338216,2624.91759007783,1e+09,2691.41676089007,2477.51927960208,1516.12351495516,1928.86591045101,2166.24097163727,2754.57749213922,1968.75601106384,1673.71772799358,2884.73233617956,2982.19418978711,2983.52688963917,2226.02436518561,1939.26838570632,1971.49557684008,2141.54526870202,2816.84167625729,2416.77182472818,2548.38696443456,2209.05703446063,2737.01314216794,1348.9024034377,1801.69140176668,1554.73181748493,2138.00812867959,1993.78979280665,2350.67580178552,2749.02374518664,1823.82566154224,1747.98757389748,2438.18726155314,2722.72079077161,2349.29347479194,2077.17084285333,2377.04623430004,1946.30270125179,1952.52527399775,2246.34190986145,1951.83033281584,1707.59931702376,1590.80667769531,1862.30788794442,2057.75214814613,1974.03891744818,2352.33569917221,2174.07287147878,1777.34591903208,1992.81117933938,1913.81280769567
3306.13545094571,3757.54150276481,4324.74610353024,4246.2259402321,3999.56123752344,2691.41676089007,1e+09,2829.54944943537,2566.57130935417,3276.25752615694,1566.95056182382,1948.09601667885,1588.9989320009,1521.96321420723,2401.76554771693,2855.5931924208,3507.42603098055,2564.86294764457,1226.27123011184,1369.07137845329,1021.12680118583,2376.97862049704,1953.83573705673,3146.35422886553,3467.72569842253,3630.24416671937,1992.21889264207,1539.15091729174,2244.27290896183,2696.32231869634,2132.57293317251,2054.39782600644,1520.42837858283,1868.5158047231,1475.2481331288,2027.85411003849,2751.90305684993,2363.30487379432,2053.59629839947,1471.75431883178,1602.65630385931,905.637072231476,1631.22635946088,1318.14599802146,1337.22262637902,1810.66101001816,1530.15479618893,1596.23194035203,1022.73944805116,2403.66782509564,1571.77631229765,1899.2146081736,1551.42533822933,1741.80112248787
4210.06030873668,2581.62038313149,2602.43149001083,2490.61398665068,3003.49812656842,2477.51927960208,2829.54944943537,1e+09,1596.93952665716,2350.07877384993,1631.96105161857,2901.3120333394,2126.89174856174,2325.94530081857,1993.00368499408,1162.29577010329,1871.08700519244,1841.54544787795,2470.72154796934,2159.74264020045,2588.23493464175,2106.92339682771,1748.50232953805,1874.60303395146,2211.11034616095,2529.6843965997,1577.4909436824,2634.08897211161,2141.89620782614,1994.09888553702,1802.93708212461,2302.84373957505,2572.08856103362,2257.22054671226,2367.28985092658,1854.72038043474,2697.06355292196,2115.34019493319,2041.55187335517,2678.82684464674,1952.19005609085,2249.600313878,2265.46085647049,2014.24988973563,2021.23925350266,1780.80757775791,2171.56186858676,1483.02119533067,2142.84721872559,2771.62759767614,2367.89004979116,1980.69051017568,2204.90989355574,2390.31234224735
4457.03744588264,1538.27068268234,1969.37883105308,1879.8190012073,1948.17705455639,1516.12351495516,2566.57130935417,1596.93952665716,1e+09,958.244499436339,1771.74372119672,2614.71471445739,1711.49158049346,1969.42752636394,2354.54801344122,2236.43569176491,2106.52269937924,1514.67441920698,1851.79737120453,1628.3303755995,2078.96833008586,2299.27016357365,1731.31154354149,1417.8647904155,1517.32362872922,1964.47118222691,1062.61617303709,1798.59445501202,1117.85596312763,1114.23558788077,1475.44601490532,2035.6634159163,2538.06120808778,1606.37595870332,1923.59786325001,2192.26324701209,2284.46502987023,2036.59208043732,2156.74923804322,2439.15068046236,1727.89945937256,1887.3194557361,1874.6740055807,1677.82626707892,1424.09254464027,1522.81689227563,1610.62965001269,1625.87207965449,1875.95516470943,2105.58655970255,2226.06922765219,1666.50956111869,2043.13067817504,1854.26557906358
5131.51086033149,1151.30023907754,1527.27748274503,1507.21530200566,1457.57679289978,1928.86591045101,3276.25752615694,2350.07877384993,958.244499436339,1e+09,2556.05793727372,3172.65823572285,2283.71426062894,2728.04748512558,2954.62412318386,2897.43112499676,2433.13485789424,2116.3687653384,2503.87922274618,2268.67645485204,2783.51945098287,2833.06271402523,2468.71322654131,1542.23027132786,1570.50725652574,2130.32599263587,1890.51676482913,2324.10274637332,1462.52329827596,1338.25875651908,2058.02878828261,2599.43955848179,3246.44044835263,2156.13756861662,2591.01743919257,2891.59854234643,2625.14534527138,2609.22720118429,2974.14238214985,3054.83651465999,2410.38082451715,2642.26504599747,2488.33539067787,2391.4481495529,2139.43411681688,2305.07382573747,2389.23713959079,2450.0545424337,2686.1892440221,2468.17904850924,2925.77710842778,2328.32680566969,2738.46901881325,2371.88826195502
4088.84890099891,3115.22118813416,3397.89243979264,3416.35217389835,3489.12462197899,2166.24097163727,1566.95056182382,1631.96105161857,1771.74372119672,2556.05793727372,1e+09,1763.18719102652,1030.18610342986,1527.4161336715,1557.33389297222,1775.79408215029,2236.88716192838,1727.76433815495,1224.19262152653,1172.62819644592,1629.10353136319,1627.84434787236,1275.17931499848,2253.62505952077,2663.07164914878,2811.84730268199,1400.92349691195,1731.85807068593,1756.87950175873,2055.10158719709,981.113467596893,1182.79111989396,1320.77427473433,1393.36898454788,1117.40872007516,1007.19086155505,2070.30994223087,1530.60751099033,1300.36527622049,1411.99706933124,1138.83372416697,1168.23353735458,1532.95725074119,978.63506288095,1012.29257504933,1123.51126207084,1429.81435371869,675.560079193553,902.465105031768,2224.27243614626,1405.51916589565,1088.48034125564,1107.76894951068,1262.31313694344
4144.71943482306,3730.23422143972,4192.23563641167,4191.94237304141,4194.60186095176,2754.57749213922,1948.09601667885,2901.3120333394,2614.71471445739,3172.65823572285,1763.18719102652,1e+09,1406.89081513101,1847.87972216809,1907.78828804456,2858.00274436537,2777.50037483346,2102.09000121308,1250.87114828027,1342.49463168387,1586.65905994325,1527.3339481266,1425.69211963874,2699.92021198775,3009.97156762319,3338.09474841563,2441.98478783141,2125.90654808719,2552.87300116947,2874.60273987555,2014.00414009008,1670.71939957014,903.513134602923,1272.43778735937,1771.39472396753,2078.88191665616,1196.48670009324,1075.72003314059,1488.60638296361,940.377224309479,1830.63384271678,1989.864795809,1339.02097563854,1595.11149149519,1545.21316616834,1849.22904216865,1771.06043157765,1879.63700942496,1646.38489588553,1437.47851816992,1505.18133216566,1181.60973409159,1171.72524130019,1353.42603983373
4141.39137927098,2848.24303711955,3320.00160492431,3292.33266894462,3161.11601602978,1968.75601106384,1588.9989320009,2126.89174856174,1711.49158049346,2283.71426062894,1030.18610342986,1406.89081513101,1e+09,1483.79507699008,1453.03652655396,2166.73825971205,2301.05776922267,1799.96528802641,934.289932676148,843.371590581518,1311.06576928848,1482.62160567017,1248.26045667561,1967.30241325527,2360.83138999802,2750.4891552413,1504.38419803586,1612.56933745498,1626.16480228789,1918.53808750309,1187.08161901362,1560.77963120999,1360.09559160377,1080.16029504884,1278.49752498783,1565.49031255387,1661.38448469943,1234.39641250289,1585.22463805607,911.537101219692,1211.0441186018,1320.48896841284,1218.386973215,1037.8983039778,845.332685041812,1358.94537355259,1358.11323401254,1233.8603213087,1197.8140270092,1681.20008080537,1382.63172580409,822.721969683562,832.10763726816,558.302846491042
3789.64026575083,2950.76378844529,3542.28320398017,3565.69018195636,3445.50697057777,1673.71772799358,1521.96321420723,2325.94530081857,1969.42752636394,2728.04748512558,1527.4161336715,1847.87972216809,1483.79507699008,1e+09,2187.45697393114,2413.52668831318,3078.91023977641,1874.49278675593,1186.65856521579,1061.78218147603,1099.20666632804,2008.42838047564,1676.72400591153,2660.88493067626,2582.68285956677,3190.35102899352,1480.59240697769,1345.09351035532,1682.06073377271,2265.68834999432,1824.21035637341,1881.88490840965,1798.41836901206,1331.96475324987,1258.50977227036,1606.23500852148,2433.69033097886,1788.73155819983,1244.91402956188,1478.65801698702,1213.86340240572,1015.24319746551,1192.65569180715,969.855041694376,1097.28007295312,993.654344125763,1337.73349703893,1241.32905742192,921.083305570131,1782.38959618822,1212.72529943924,1195.45229921566,986.639605479123,1667.27095821285
3955.26095743378,3186.51642594229,3489.93104848792,3409.70306160229,3540.6677535883,2884.73233617956,2401.76554771693,1993.00368499408,2354.54801344122,2954.62412318386,1557.33389297222,1907.78828804456,1453.03652655396,2187.45697393114,1e+09,1440.62910660586,1722.52099162826,1651.50532545312,1939.41269584377,1811.98059170069,2197.79530473154,1576.55554145739,1231.22168142053,1833.04508883442,2317.04041676014,2642.67208934442,2375.15473702241,2836.47269438646,2554.05014694309,2170.41777847031,1526.71362687965,2318.0222185087,1947.94026397115,2111.49515597361,2428.54312144133,1714.21190971245,2094.2613890582,1447.9900187156,1837.50607003079,1810.16307188054,2167.70732560925,2321.01302314313,1933.90437229973,1937.70304992793,1991.49288793608,2187.03486556571,2076.776328279,1800.9303300239,1964.19563786299,2404.46081935223,2310.17571732109,1535.64092713759,1572.46372361972,1855.52918174304
4040.50990779629,2922.04155949227,2947.76375905533,2926.35136405388,3372.80666900728,2982.19418978711,2855.5931924208,1162.29577010329,2236.43569176491,2897.43112499676,1775.79408215029,2858.00274436537,2166.73825971205,2413.52668831318,1440.62910660586,1e+09,1970.30136035075,1890.04453857575,2624.40414974523,2237.69873600089,2762.55164503761,1890.63218921608,1838.38413026223,1976.36969727326,2355.59341757019,2905.8686704323,2274.97133573151,2991.93414222305,2439.09774558135,2110.79704469662,1857.86810444122,2537.17302900295,2683.81868825001,2520.80779804808,2691.31067762531,1572.41582356576,2884.42473417144,2148.8969090908,2204.74996473523,2651.90904289721,2185.89996333318,2478.95755147199,2297.12865791187,2121.83669128894,2332.54147918102,2164.77394819875,2561.72593340896,1688.33049566724,2298.16475632188,2908.87495172962,2573.32303590125,2086.86657793449,2159.27040698936,2603.90375926223
4966.36501268282,2762.184048466,2753.13271786886,2647.51998279522,3090.31603087775,2983.52688963917,3507.42603098055,1871.08700519244,2106.52269937924,2433.13485789424,2236.88716192838,2777.50037483346,2301.05776922267,3078.91023977641,1722.52099162826,1970.30136035075,1e+09,1643.15596636473,2682.98677808893,2627.27044167516,3118.43245764599,2412.06491340926,1828.71672163843,1358.01845057422,1877.77982545878,1680.25555371795,2611.83511152599,3407.19482618767,2817.25287095426,2106.93227482518,1765.65791536753,2645.69360060836,2810.67949876894,2597.25216328719,3033.64903482588,2563.43225028476,2210.50606714843,2015.63371774239,2466.38031418514,2909.25019649393,2882.24932969027,3154.50269725673,2796.060843544,2746.50015042781,2607.26835463862,2693.46001874912,2552.97685310698,2485.48580341952,2787.39471553636,2940.65825624128,3163.829744961,2192.06501671369,2619.95640847324,2480.23588093955
4100.82479491626,2284.8146356324,2655.15406490848,2628.12913451756,2827.75293169329,2226.02436518561,2564.86294764457,1841.54544787795,1514.67441920698,2116.3687653384,1727.76433815495,2102.09000121308,1799.96528802641,1874.49278675593,1651.50532545312,1890.04453857575,1643.15596636473,1e+09,1711.35087869203,1636.50607756281,2089.31714813716,2048.95504838442,1141.6219147336,1438.7783669141,1471.60220518318,1769.20227147718,1973.59952112884,2372.64374300062,1944.46007151086,1418.6700794406,1246.21549793766,2010.23924941784,2253.17032920283,1752.26658163077,2233.22356626022,1911.74317997999,2025.2869919841,1628.35238001484,1651.08925203939,2300.28013633123,2108.2753647235,2182.28222872295,1793.61786610192,1769.64458298835,1735.02775992201,1799.77129247024,1604.31464074227,1728.21581858285,1754.00920316856,2078.08563548281,2384.74197990055,1457.01769464204,1838.45868533943,2078.34375291962
3910.8383414557,3066.30837894691,3644.25061920829,3607.41354145876,3405.50396295468,1939.26838570632,1226.27123011184,2470.72154796934,1851.79737120453,2503.87922274618,1224.19262152653,1250.87114828027,934.289932676148,1186.65856521579,1939.41269584377,2624.40414974523,2682.98677808893,1711.35087869203,1e+09,798.37756825953,837.457025225772,1957.15063602677,1280.25881320927,2383.41117915059,2601.05177512867,2759.71291727962,1583.81089212065,1322.47631630967,1759.87664962633,2100.64191025029,1384.52973680597,1481.23225116793,1184.73188477394,1042.64178935049,1084.09878327577,1809.70751023473,1810.27651791101,1530.0050030964,1395.94478178759,1059.22358980529,1392.83128220901,1076.50164978973,1214.1141389507,1005.29906023034,722.643149763422,1323.89806994345,849.495540011836,1370.2576264338,737.597281583928,1681.74849195711,1387.94348173836,1008.33176420264,1006.97726136194,966.476579074734
3791.42190167488,2754.4240409022,3262.52409126737,3268.73139018794,3206.44899641332,1971.49557684008,1369.07137845329,2159.74264020045,1628.3303755995,2268.67645485204,1172.62819644592,1342.49463168387,843.371590581518,1061.78218147603,1811.98059170069,2237.69873600089,2627.27044167516,1636.50607756281,798.37756825953,1e+09,1012.47184741108,1392.59903346225,1200.01201939814,2103.38721171353,2368.16801473206,2932.81553325469,1449.39527669301,1101.08741610283,1338.86483612051,1876.73683376226,1408.0199761367,1357.41370421843,1365.80739172842,685.956989467999,1123.03001910011,1477.42808654093,1739.27514867545,1319.37144390805,1473.01649593615,1115.68146677266,848.322841257973,983.754667841531,544.791626495856,473.172765699802,528.835291938804,988.985191446262,1235.22252829197,980.750210757051,921.291779676775,1258.37025215157,1070.93749985702,837.797087008543,824.202473425068,1109.665389025
3306.68666016301,3204.76456806112,3891.35259449719,3745.76752700965,3501.70346585772,2141.54526870202,1021.12680118583,2588.23493464175,2078.96833008586,2783.51945098287,1629.10353136319,1586.65905994325,1311.06576928848,1099.20666632804,2197.79530473154,2762.55164503761,3118.43245764599,2089.31714813716,837.457025225772,1012.47184741108,1e+09,2135.6808844488,1463.48381976023,2641.91024188938,2814.064042235,3100.06792578808,1588.42876771355,1376.65647853777,2011.3394153648,2377.52506855343,2009.86009373787,2068.16372040513,1413.05492642714,1386.33693400991,1450.65379543156,2167.8321634527,2207.10709268943,1836.05179491212,1647.36805131701,1239.48843967985,1482.42235203062,1029.99016058407,1172.97737041258,1202.77377083141,966.848462480031,1496.70862478306,877.372633377632,1550.6531346178,988.233058089032,1714.38412874711,1360.85465101898,1426.14431086058,1228.74630514195,1385.23216552317
4170.55715993679,3239.19429508327,3448.71274551825,3510.2132174556,3809.09893074465,2816.84167625729,2376.97862049704,2106.92339682771,2299.27016357365,2833.06271402523,1627.84434787236,1527.3339481266,1482.62160567017,2008.42838047564,1576.55554145739,1890.63218921608,2412.06491340926,2048.95504838442,1957.15063602677,1392.59903346225,2135.6808844488,1e+09,1477.27214023009,2179.30003005552,2626.92414660188,3422.12261879962,2244.87941397751,2257.58492360753,2181.67197268517,2531.02212854807,1940.76644540243,1710.41181082218,1669.98843214556,1395.66163592756,2009.60180553263,1519.73645106643,1566.67303532039,1002.05762069853,1763.72642478929,1544.52129525624,1418.24151166154,2092.9573148299,1194.15947012951,1454.01174286867,1676.79680772597,1632.64923247463,2281.00836061598,1443.76314439038,1973.28694362984,1514.40695438842,1489.77602826734,1259.57894075759,1304.77475741984,1737.21567400251
3553.99907357895,2874.48891126753,3301.1514471166,3148.32469480198,3292.86400376633,2416.77182472818,1953.83573705673,1748.50232953805,1731.31154354149,2468.71322654131,1275.17931499848,1425.69211963874,1248.26045667561,1676.72400591153,1231.22168142053,1838.38413026223,1828.71672163843,1141.6219147336,1280.25881320927,1200.01201939814,1463.48381976023,1477.27214023009,1e+09,1696.10668629659,2106.9395053252,2305.35552837301,1725.9623021955,2127.50083229126,2118.91658252514,1941.63779590839,1416.37436629586,1800.8465106999,1364.23538665437,1389.02549368253,1883.94717816079,1791.66980227943,1519.96362874248,1045.32339613155,1292.61247386833,1550.90938458699,1672.49865431934,1764.33682798949,1274.78626012363,1401.82043083271,1274.49951090614,1546.4471998746,1160.67707322063,1338.79614617013,1372.34789452238,1704.34114331609,1750.9148246274,1072.45153396319,1296.94859192645,1485.58747278644
4476.2617171363,1709.33218061909,1974.75755810682,1766.57826240447,2059.99634446278,2548.38696443456,3146.35422886553,1874.60303395146,1417.8647904155,1542.23027132786,2253.62505952077,2699.92021198775,1967.30241325527,2660.88493067626,1833.04508883442,1976.36969727326,1358.01845057422,1438.7783669141,2383.41117915059,2103.38721171353,2641.91024188938,2179.30003005552,1696.10668629659,1e+09,1015.2683494525,1694.65400577817,2184.85459651209,2808.2029481681,2049.56726525381,1202.784741423,1738.94891236057,2632.15795711428,2856.25996983818,2180.9722568616,2818.42645857578,2527.58546900001,2172.81657380461,1977.22701357229,2596.14097019018,2722.69031876561,2457.90981274741,2739.66344938571,2217.00898484873,2317.70007468611,2175.67223574692,2390.45682581803,2258.98715135788,2254.66702860977,2563.54209715776,2310.55852215433,2876.25369336573,2003.56757819645,2394.20010446078,2254.67435466854
4752.67976837279,1221.19038667195,1721.63834108677,1595.98988405315,1800.55610026458,2209.05703446063,3467.72569842253,2211.11034616095,1517.32362872922,1570.50725652574,2663.07164914878,3009.97156762319,2360.83138999802,2582.68285956677,2317.04041676014,2355.59341757019,1877.77982545878,1471.60220518318,2601.05177512867,2368.16801473206,2814.064042235,2626.92414660188,2106.9395053252,1015.2683494525,1e+09,1701.83405280891,2304.75142540362,2930.24611896339,2111.22030153179,1354.6373811467,2071.30354984488,2968.84856080602,3272.15912637207,2382.12241482255,3007.74982483584,2790.67225483395,2566.53446592872,2272.15303067377,2652.25893809409,3029.55914665814,2715.78879896799,2950.62219026767,2452.10656801453,2562.47783108459,2436.47508889379,2487.99476476539,2414.07064950469,2561.19965475166,2760.79454518079,2414.28918356936,3092.85288870971,2183.18729100368,2584.92706458035,2606.79481655154
4909.1040948833,2300.04756302995,2647.69887336155,2338.71016184135,2347.98094036132,2737.01314216794,3630.24416671937,2529.6843965997,1964.47118222691,2130.32599263587,2811.84730268199,3338.09474841563,2750.4891552413,3190.35102899352,2642.67208934442,2905.8686704323,1680.25555371795,1769.20227147718,2759.71291727962,2932.81553325469,3100.06792578808,3422.12261879962,2305.35552837301,1694.65400577817,1701.83405280891,1e+09,2626.95109196955,3425.51392299024,2863.4382883345,1850.43401300884,2167.80828416629,3231.66487809302,3375.07253581312,2970.00557068501,3313.3367454124,3327.06284993235,2905.2733844339,2833.34163508392,2951.07359823506,3429.30272941891,3358.31054765637,3284.62252461375,3193.95715465941,3113.04527726469,2809.46243479068,3055.35992622801,2362.90753384469,3011.88106999596,2948.41163879808,3291.05799095063,3670.75483135281,2722.08886770803,3145.07372544747,2865.7207210229
4148.97641398454,2390.55036801152,2857.28965808509,2749.06907492336,2703.47334233205,1348.9024034377,1992.21889264207,1577.4909436824,1062.61617303709,1890.51676482913,1400.92349691195,2441.98478783141,1504.38419803586,1480.59240697769,2375.15473702241,2274.97133573151,2611.83511152599,1973.59952112884,1583.81089212065,1449.39527669301,1588.42876771355,2244.87941397751,1725.9623021955,2184.85459651209,2304.75142540362,2626.95109196955,1e+09,1417.95856568519,1359.45489314651,1867.09030518076,1670.24896614247,1924.62012815516,2104.82642186951,1499.92543604674,1361.64728395426,1963.72986502727,2439.37623754516,2002.60082904707,1764.4929846276,1998.85476986198,1252.15595837739,1235.48785052707,1709.59025781033,1340.05777356799,1043.34280219878,1044.99625827081,1271.58773551022,1203.38251981654,1383.94104166326,2162.12017431964,1614.73037393244,1504.46161835389,1646.75066871096,1562.16241207501
4202.48532097377,2913.5741183639,3440.03280589008,3499.79683166037,3305.96194792076,1801.69140176668,1539.15091729174,2634.08897211161,1798.59445501202,2324.10274637332,1731.85807068593,2125.90654808719,1612.56933745498,1345.09351035532,2836.47269438646,2991.93414222305,3407.19482618767,2372.64374300062,1322.47631630967,1101.08741610283,1376.65647853777,2257.58492360753,2127.50083229126,2808.2029481681,2930.24611896339,3425.51392299024,1417.95856568519,1e+09,1210.55684629017,2286.71909671914,2006.85076428219,1593.25513396317,1977.10745231512,1159.62297894617,972.943691844497,2036.07103608887,2444.20944616046,2211.33960397312,2062.81342248881,1782.98280681559,1040.69711467843,911.793734788741,1347.63568949475,1002.33241447137,926.963232766004,1152.84179244162,1608.73438854896,1446.08840988371,1289.48177714925,1784.28979058896,1297.41763125834,1635.00209281212,1605.25482017654,1618.84142592781
4564.99238959935,1918.34866791728,2325.74106944432,2497.02108897782,2388.22881642442,1554.73181748493,2244.27290896183,2141.89620782614,1117.85596312763,1462.52329827596,1756.87950175873,2552.87300116947,1626.16480228789,1682.06073377271,2554.05014694309,2439.09774558135,2817.25287095426,1944.46007151086,1759.87664962633,1338.86483612051,2011.3394153648,2181.67197268517,2118.91658252514,2049.56726525381,2111.22030153179,2863.4382883345,1359.45489314651,1210.55684629017,1e+09,1387.0392025462,1563.8132967845,1777.8870612612,2546.59090222595,1425.83158402386,1559.45506546357,1843.34428035026,2530.5646887602,2212.80451328173,2289.03839371471,2248.55427065926,1305.78905639464,1515.1065957549,1623.98663322701,1268.45529286609,1286.651145105,1337.84185362097,1940.31363928619,1475.66434398206,1714.13834969643,1996.09204755192,1926.22790084663,1661.58859456846,1842.28530249796,1841.06008978523
4342.3429427787,1426.57879140971,1886.60609563841,1827.51348394478,1715.71032566689,2138.00812867959,2696.32231869634,1994.09888553702,1114.23558788077,1338.25875651908,2055.10158719709,2874.60273987555,1918.53808750309,2265.68834999432,2170.41777847031,2110.79704469662,2106.93227482518,1418.6700794406,2100.64191025029,1876.73683376226,2377.52506855343,2531.02212854807,1941.63779590839,1202.784741423,1354.6373811467,1850.43401300884,1867.09030518076,2286.71909671914,1387.0392025462,1e+09,1435.52261082854,2451.89702455058,2927.53332334578,2132.4610999969,2451.144581007,2268.5503258028,2710.9873816748,2409.62749934508,2604.07271056321,2736.11351228344,2222.27679851093,2230.23549252091,2159.13432164375,1982.68093116366,1901.71240738446,2145.66685906736,2025.22440489937,2010.52164362884,2143.75111244286,2512.10967688515,2777.87332925747,2051.20545967487,2331.62557603059,2268.40059923286
4518.82924507001,2569.01252486242,2832.42479637148,2918.81402836837,2937.5045305497,1993.78979280665,2132.57293317251,1802.93708212461,1475.44601490532,2058.02878828261,981.113467596893,2014.00414009008,1187.08161901362,1824.21035637341,1526.71362687965,1857.86810444122,1765.65791536753,1246.21549793766,1384.52973680597,1408.0199761367,2009.86009373787,1940.76644540243,1416.37436629586,1738.94891236057,2071.30354984488,2167.80828416629,1670.24896614247,2006.85076428219,1563.8132967845,1435.52261082854,1e+09,1428.96508984649,1941.52536426903,1563.04569587712,1590.68253426006,1347.68782449794,2061.72290621218,1669.40745200206,1677.24706775716,1870.68246281938,1680.13966014733,1714.67129004366,1834.37836514172,1400.82347595977,1352.65059479527,1545.62381978928,1613.19188443285,1321.10218836394,1377.57709355956,2311.86209733626,2069.74724031704,1227.60303983006,1511.63329217109,1463.88134635291
4719.006784388,3327.8691594923,3507.19399846943,3691.02099668913,3843.74915180478,2350.67580178552,2054.39782600644,2302.84373957505,2035.6634159163,2599.43955848179,1182.79111989396,1670.71939957014,1560.77963120999,1881.88490840965,2318.0222185087,2537.17302900295,2645.69360060836,2010.23924941784,1481.23225116793,1357.41370421843,2068.16372040513,1710.41181082218,1800.8465106999,2632.15795711428,2968.84856080602,3231.66487809302,1924.62012815516,1593.25513396317,1777.8870612612,2451.89702455058,1428.96508984649,1e+09,1500.43983801417,1144.6353866625,1078.21252515448,1381.67938889599,1821.44085157877,1653.32098516894,1605.26097582293,1708.30270025543,1278.25017269704,1607.19881411728,1615.39060994547,1191.42916365179,1291.73151583446,1235.61670598127,1934.77074921036,1235.48599534758,1417.39725140837,2006.91699925533,1456.05684758529,1304.1592180405,1501.98018375743,1559.91289744011
3895.45249787493,3887.65209405369,4304.93387932962,4251.79870281978,4277.09403365182,2749.02374518664,1520.42837858283,2572.08856103362,2538.06120808778,3246.44044835263,1320.77427473433,903.513134602923,1360.09559160377,1798.41836901206,1947.94026397115,2683.81868825001,2810.67949876894,2253.17032920283,1184.73188477394,1365.80739172842,1413.05492642714,1669.98843214556,1364.23538665437,2856.25996983818,3272.15912637207,3375.07253581312,2104.82642186951,1977.10745231512,2546.59090222595,2927.53332334578,1941.52536426903,1500.43983801417,1e+09,1402.54318824769,1448.67623743195,1901.26758500743,1618.10260128955,1365.01309601776,1343.62497691878,918.679974093264,1593.9775132981,1603.67456817149,1474.33826810539,1435.013712931,1336.49342942642,1638.09205437301,1524.28763319132,1524.41121381339,1297.69121550545,1908.69443625741,1244.51022547025,1297.4383752225,1178.56002549722,1272.52541070896
4295.24207556454,2776.92358204183,3216.36893249204,3277.87140193144,3303.10175810555,1823.82566154224,1868.5158047231,2257.22054671226,1606.37595870332,2156.13756861662,1393.36898454788,1272.43778735937,1080.16029504884,1331.96475324987,2111.49515597361,2520.80779804808,2597.25216328719,1752.26658163077,1042.64178935049,685.956989467999,1386.33693400991,1395.66163592756,1389.02549368253,2180.9722568616,2382.12241482255,2970.00557068501,1499.92543604674,1159.62297894617,1425.83158402386,2132.4610999969,1563.04569587712,1144.6353866625,1402.54318824769,1e+09,1074.49150382867,1700.72376454849,1355.38710610659,1122.69059094659,1418.10274229338,1235.07479032648,942.347678301379,1367.86080669782,812.062932351921,857.91636806859,729.759671535774,909.826020456659,1428.26323155082,1215.07911458473,1284.3123256825,987.145907604342,1019.47204885666,737.644017667059,1001.84173410774,1060.59344057938
4450.354344218,3243.42026199196,3649.16091926624,3743.39085258272,3651.78812049659,1747.98757389748,1475.2481331288,2367.28985092658,1923.59786325001,2591.01743919257,1117.40872007516,1771.39472396753,1278.49752498783,1258.50977227036,2428.54312144133,2691.31067762531,3033.64903482588,2233.22356626022,1084.09878327577,1123.03001910011,1450.65379543156,2009.60180553263,1883.94717816079,2818.42645857578,3007.74982483584,3313.3367454124,1361.64728395426,972.943691844497,1559.45506546357,2451.144581007,1590.68253426006,1078.21252515448,1448.67623743195,1074.49150382867,1e+09,1530.22672388767,2181.04275464742,1827.36061400042,1473.69591344348,1332.39978793904,909.210255771458,856.00418007157,1482.02538962732,890.390567447791,819.465777442841,866.736335398488,1492.26635310189,1096.18217067237,919.51811319843,1986.9350431003,981.622509827479,1207.80864072087,1153.13130111016,1193.88059151659
4342.9098391286,3226.22991201805,3384.63538875312,3572.47486467015,3760.67677961029,2438.18726155314,2027.85411003849,1854.72038043474,2192.26324701209,2891.59854234643,1007.19086155505,2078.88191665616,1565.49031255387,1606.23500852148,1714.21190971245,1572.41582356576,2563.43225028476,1911.74317997999,1809.70751023473,1477.42808654093,2167.8321634527,1519.73645106643,1791.66980227943,2527.58546900001,2790.67225483395,3327.06284993235,1963.72986502727,2036.07103608887,1843.34428035026,2268.5503258028,1347.68782449794,1381.67938889599,1901.26758500743,1700.72376454849,1530.22672388767,1e+09,2470.56877995736,1772.69308790326,1529.29811913832,1799.17995987061,1287.14648665177,1587.14025139557,1675.38285558854,1171.25970335362,1584.60889165119,1314.09504009413,2160.84262964706,925.43886162188,1404.46417241594,2382.72199482021,1612.03916227243,1375.83617146083,1295.87073402404,1908.19383153285
4710.62618987115,3301.07133892923,3625.37257788769,3607.17158177983,3776.72065374182,2722.72079077161,2751.90305684993,2697.06355292196,2284.46502987023,2625.14534527138,2070.30994223087,1196.48670009324,1661.38448469943,2433.69033097886,2094.2613890582,2884.42473417144,2210.50606714843,2025.2869919841,1810.27651791101,1739.27514867545,2207.10709268943,1566.67303532039,1519.96362874248,2172.81657380461,2566.53446592872,2905.2733844339,2439.37623754516,2444.20944616046,2530.5646887602,2710.9873816748,2061.72290621218,1821.44085157877,1618.10260128955,1355.38710610659,2181.04275464742,2470.56877995736,1e+09,948.063112034215,1908.16917973748,1706.35594372921,2105.65878878797,2527.93345606644,1715.10368138489,2024.3785913213,1822.16002326909,2058.84693401428,2062.33373463172,2163.81974579677,2251.27116947293,1378.17294136113,1999.02730751733,1388.58494525902,1766.78769913083,1516.01966379068
4307.11726723339,3074.10440787232,3419.02480706122,3416.34648597006,3612.06129876003,2349.29347479194,2363.30487379432,2115.34019493319,2036.59208043732,2609.22720118429,1530.60751099033,1075.72003314059,1234.39641250289,1788.73155819983,1447.9900187156,2148.8969090908,2015.63371774239,1628.35238001484,1530.0050030964,1319.37144390805,1836.05179491212,1002.05762069853,1045.32339613155,1977.22701357229,2272.15303067377,2833.34163508392,2002.60082904707,2211.33960397312,2212.80451328173,2409.62749934508,1669.40745200206,1653.32098516894,1365.01309601776,1122.69059094659,1827.36061400042,1772.69308790326,948.063112034215,1e+09,1221.32880990338,1277.37640376672,1599.51130624325,2058.84248802574,1268.49848880478,1515.46293270406,1459.51418931095,1508.71728130223,1752.1070858826,1547.5612627292,1749.31606449492,1309.98365482169,1504.44873717917,741.217683680038,1064.59701662178,1300.85955183486
4139.35927360745,3348.76408861538,3737.87177982338,3755.65412756553,3892.56239373244,2077.17084285333,2053.59629839947,2041.55187335517,2156.74923804322,2974.14238214985,1300.36527622049,1488.60638296361,1585.22463805607,1244.91402956188,1837.50607003079,2204.74996473523,2466.38031418514,1651.08925203939,1395.94478178759,1473.01649593615,1647.36805131701,1763.72642478929,1292.61247386833,2596.14097019018,2652.25893809409,2951.07359823506,1764.4929846276,2062.81342248881,2289.03839371471,2604.07271056321,1677.24706775716,1605.26097582293,1343.62497691878,1418.10274229338,1473.69591344348,1529.29811913832,1908.16917973748,1221.32880990338,1e+09,1463.68185545903,1569.02854253834,1674.15087551869,1559.5907801728,1408.96342305256,1420.44526381695,1164.83458619668,1439.22856159124,1297.31206400002,1213.55920185214,1950.74201538799,1369.61176918863,956.050322263426,1037.88009524222,1631.94995177548
4079.6435227848,3595.94323634287,4100.32223984896,4086.90727901918,3969.95802190653,2377.04623430004,1471.75431883178,2678.82684464674,2439.15068046236,3054.83651465999,1411.99706933124,940.377224309479,911.537101219692,1478.65801698702,1810.16307188054,2651.90904289721,2909.25019649393,2300.28013633123,1059.22358980529,1115.68146677266,1239.48843967985,1544.52129525624,1550.90938458699,2722.69031876561,3029.55914665814,3429.30272941891,1998.85476986198,1782.98280681559,2248.55427065926,2736.11351228344,1870.68246281938,1708.30270025543,918.679974093264,1235.07479032648,1332.39978793904,1799.17995987061,1706.35594372921,1277.37640376672,1463.68185545903,1e+09,1394.18432063339,1467.04096282278,1261.55753566772,1264.2652894468,1197.35955071983,1551.96202962573,1609.51100142248,1544.2275193766,1313.40895124101,1654.12198056854,1072.50693596825,1037.49130073461,690.559834988975,875.340513343236
4087.80170858372,2927.82573909377,3283.26086299886,3355.57820102587,3414.83975975447,1946.30270125179,1602.65630385931,1952.19005609085,1727.89945937256,2410.38082451715,1138.83372416697,1830.63384271678,1211.0441186018,1213.86340240572,2167.70732560925,2185.89996333318,2882.24932969027,2108.2753647235,1392.83128220901,848.322841257973,1482.42235203062,1418.24151166154,1672.49865431934,2457.90981274741,2715.78879896799,3358.31054765637,1252.15595837739,1040.69711467843,1305.78905639464,2222.27679851093,1680.13966014733,1278.25017269704,1593.9775132981,942.347678301379,909.210255771458,1287.14648665177,2105.65878878797,1599.51130624325,1569.02854253834,1394.18432063339,1e+09,920.464105818364,978.835836338249,539.77925599267,790.61673597262,631.784188865154,1671.84759975304,686.870665773405,1156.80626048617,1638.17169774722,729.311299377708,1125.69985235852,1039.89331750906,1371.87276756994
3720.82588936919,3125.36125137559,3635.52527822322,3622.61878986735,3460.99589151735,1952.52527399775,905.637072231476,2249.600313878,1887.3194557361,2642.26504599747,1168.23353735458,1989.864795809,1320.48896841284,1015.24319746551,2321.01302314313,2478.95755147199,3154.50269725673,2182.28222872295,1076.50164978973,983.754667841531,1029.99016058407,2092.9573148299,1764.33682798949,2739.66344938571,2950.62219026767,3284.62252461375,1235.48785052707,911.793734788741,1515.1065957549,2230.23549252091,1714.67129004366,1607.19881411728,1603.67456817149,1367.86080669782,856.00418007157,1587.14025139557,2527.93345606644,2058.84248802574,1674.15087551869,1467.04096282278,920.464105818364,1e+09,1317.94752975982,736.820506297158,767.692811546389,1035.09759684776,1279.56331594025,979.274053674455,652.513945291593,2081.85428515062,1138.09975489849,1453.40930955461,1238.63975880802,1473.20586236276
3627.93601842701,2880.46662698945,3380.49629042837,3370.71154916881,3405.82492701842,2246.34190986145,1631.22635946088,2265.46085647049,1874.6740055807,2488.33539067787,1532.95725074119,1339.02097563854,1218.386973215,1192.65569180715,1933.90437229973,2297.12865791187,2796.060843544,1793.61786610192,1214.1141389507,544.791626495856,1172.97737041258,1194.15947012951,1274.78626012363,2217.00898484873,2452.10656801453,3193.95715465941,1709.59025781033,1347.63568949475,1623.98663322701,2159.13432164375,1834.37836514172,1615.39060994547,1474.33826810539,812.062932351921,1482.02538962732,1675.38285558854,1715.10368138489,1268.49848880478,1559.5907801728,1261.55753566772,978.835836338249,1317.94752975982,1e+09,785.079280773604,942.060583455226,1144.93537983591,1518.34239751777,1190.22492378542,1295.67036903682,948.916313907607,1042.92607671877,1030.98386054293,982.346985591141,1449.69136491186
3865.13329794717,2866.38929503653,3291.70714048197,3348.64032171268,3343.15169033653,1951.83033281584,1318.14599802146,2014.24988973563,1677.82626707892,2391.4481495529,978.63506288095,1595.11149149519,1037.8983039778,969.855041694376,1937.70304992793,2121.83669128894,2746.50015042781,1769.64458298835,1005.29906023034,473.172765699802,1202.77377083141,1454.01174286867,1401.82043083271,2317.70007468611,2562.47783108459,3113.04527726469,1340.05777356799,1002.33241447137,1268.45529286609,1982.68093116366,1400.82347595977,1191.42916365179,1435.013712931,857.91636806859,890.390567447791,1171.25970335362,2024.3785913213,1515.46293270406,1408.96342305256,1264.2652894468,539.77925599267,736.820506297158,785.079280773604,1e+09,581.491804413441,719.375128218929,1383.57432138646,639.299949084935,772.661471991454,1576.67982016007,919.499779880343,958.927316849405,864.098305865716,1296.68774136258
