1e+09,2246.22611041275,1563.47467037365,1758.02784582611,1518.33366616169,2533.27589468656,1903.53549236677,1839.91590063242,1476.95916761433,1288.32660773579,1020.89533479197,1434.8344064386,1673.60929929897,1586.58232058724,1786.74297396128,2017.87809745782,1550.14771986414,2030.32585660529,1104.50715343994,2526.00354974018,1660.66959076753,1348.69823151808,1222.56578931361,1591.07203982095,1965.64650041659,1904.16891327949,1992.45152646181,1596.21429144085,1575.46524737933,1812.02544272976,1947.21794994808,2403.45607195139,2066.81393306219,1890.95541433425,1888.0574796335,2333.98747119602,1312.53588827125,1323.30497195469,1786.1219061699,1526.73420767991,1563.68919203913,2629.73161748495,1671.3010754499,2103.23398641235,2056.19736073656,2581.71989324946,2696.24120847894,1989.46492736112,2842.49532409466,3010.04080759713,2050.83307263171,1579.35107544206,2069.23977549727,1986.50036866344
2246.22611041275,1e+09,1202.46435423259,892.175166657311,1384.79343892871,1382.01276285713,2532.91138854086,2827.39421713705,2411.97798926524,1874.1193860851,1704.75753199685,2789.8041573917,2895.41869200294,2540.4599066114,2173.50422619787,2824.58693803183,1670.67525195653,1955.06840962152,2603.53186999891,2811.56994744929,2347.96774850082,2856.59802541415,2529.20781765754,1596.04074058277,1595.64089866737,1217.12144316005,1368.53753269686,2295.59753508754,2124.02504071868,2007.55367101356,2335.37240741172,3039.36440528279,2842.84758933714,3104.67760170038,2252.95163518883,3077.7698014309,2148.73852520496,2377.82383193121,2693.87545209499,2586.44210165238,2469.41865664776,3331.98298631611,2585.37453354442,3102.83006065431,3236.04122863106,3290.79340538114,3119.49209923667,3104.11136164604,3330.01603836979,3056.67442700396,2874.6900438656,2536.40736637473,2328.30165141891,2888.90016469936
1563.47467037365,1202.46435423259,1e+09,1072.13190354545,1003.30945271138,1572.87331311203,2286.64687383076,2545.71762748739,1635.61600386521,1298.53269681591,1037.40006858492,1990.46310420465,2156.87915943383,2220.85163455374,2106.70709271602,2220.40655905625,1448.62361940568,1700.70475835755,1822.32862302604,2636.20626605734,1970.83225587567,2077.22171830549,1796.89996012577,1559.64457175345,1869.597785755,1412.04420483213,1439.5402527196,1991.38468737208,1870.63226733637,1790.85764157847,2048.73504965869,2350.10165169509,2293.84325122708,2580.85655120543,2267.14152118918,2785.50940773856,1861.37874536592,1946.55737277379,2348.20490004599,2182.68323863084,2048.85751964357,3179.88633672652,2256.73597589528,2655.83521151068,2729.40749540995,3101.9622436935,3047.24208418038,2701.48815764571,3360.09169940346,3275.82391942852,2537.92246538384,2203.93609430945,2351.47827147095,2634.51850215556
1758.02784582611,892.175166657311,1072.13190354545,1e+09,1092.99725466261,1623.94001277757,2192.51285314363,2770.68613879306,2232.46495043035,1794.82405898183,1461.0492505388,2362.46156878795,2768.35334070635,2147.12916199748,2159.42594031377,2698.42153528688,1618.03012805695,2188.07528835276,2406.50323957812,2797.51000151921,2386.37721435652,2545.15746161215,2231.85062060614,1439.40706820552,1598.77478485871,1468.02235078353,1616.9281864078,2287.07255916816,2071.96887182216,2222.81419048017,2312.257697295,3092.51562924102,2727.84300314369,2985.0699985595,2265.02700851447,2769.70949451382,1870.65996757829,2046.95046811104,2572.84244531219,2309.24683145826,2206.51372599402,3276.17205224329,2440.51689039433,3004.16206618418,3115.06983722677,3165.25774759339,3127.67434580392,2884.51823168099,3315.01667244676,3224.28931141422,2670.00173376348,2152.13977506109,2145.17561654052,2657.63835214651
1518.33366616169,1384.79343892871,1003.30945271138,1092.99725466261,1e+09,1717.84926981386,2318.67058330846,2802.55063047931,1996.05132413974,1745.23706057372,1277.18318772211,2324.00334106903,2532.3887835599,2436.83675456523,2491.58462384885,2748.33476767296,1824.4765295284,1993.94300189348,2158.36161664351,3122.78108264092,2340.39069334588,2365.81596332006,1961.31324836192,1946.09046400726,2082.62415293783,1792.80736971377,1985.67039054824,2277.14230969432,2308.5131081066,2157.32590590759,2370.38190104464,2955.94710040623,2821.95292542239,2764.71327746658,2559.85915432861,3240.41712245507,1818.56101063451,2198.61185892372,2780.10263679239,2567.07489553772,2497.84194409895,3332.27426548296,2522.94450291718,3079.30182369316,3082.50034467151,3319.19804226864,3427.99113153754,2933.39033737415,3476.80417281445,3573.87244209975,2918.46083266505,2556.26769539108,2580.27431283963,2893.19041186369
2533.27589468656,1382.01276285713,1572.87331311203,1623.94001277757,1717.84926981386,1e+09,2295.62586405102,2942.13715363509,2254.14235100625,2029.21539388996,1828.53875168124,2855.12140552727,3275.21694644798,2446.0909550955,2468.08111151153,2453.82057441044,1743.61356555861,2328.47974927849,2744.01307828516,3038.576586578,2478.04031288839,3119.89301353428,2628.86027723042,2000.55452909937,2008.39659479895,1405.08421452239,1552.98942073023,2287.50232598789,2343.88119504808,2297.29064580431,2547.24069451632,2888.31156653849,3202.07292463804,3072.29968183444,2636.87385909907,2972.04758664797,1983.04498173894,2403.62606293076,2893.35652595735,2841.13911470382,2693.89088934574,3323.00719583934,2667.00024334457,3391.8640620756,3330.74141192318,3035.50498467718,3045.06552919638,3129.06126210402,3316.54833040316,3199.48457102078,2992.24244248356,2866.44650389642,2938.53863515524,2947.8569798245
1903.53549236677,2532.91138854086,2286.64687383076,2192.51285314363,2318.67058330846,2295.62586405102,1e+09,2138.72371485893,2269.05412559948,1710.41402271497,2179.53492307419,2495.99343636958,2978.28203016437,1683.57401325276,2204.6736184524,2218.5890523709,1365.03125542971,2808.99917545378,2376.8379690042,2648.60135026017,2581.53236342293,2735.16709310419,2453.86007667512,1576.80053323177,1772.43422442132,2047.25803747354,2066.8455138689,1856.74567776527,1922.98833256991,2266.73206700748,3019.54947521977,3265.95127056421,3114.0785896634,2280.29755994695,2197.38632764018,1991.89285118452,1889.0045577764,2032.99115760497,2532.35203228145,2208.77562097194,2285.83256158451,3474.62382618608,2331.15399214638,3276.80697538015,3141.38059387907,2971.19649678375,2959.29970966105,2999.04216847646,3343.09121128934,3154.01011734268,2978.7552989294,2462.81884774337,2934.9990141736,2708.03733083575
1839.91590063242,2827.39421713705,2545.71762748739,2770.68613879306,2802.55063047931,2942.13715363509,2138.72371485893,1e+09,1751.5562358086,1387.80685003353,1891.68559850732,1994.73604602213,2101.74935896267,1550.16790180935,1237.69945883482,1844.47471557623,1548.89712782999,2027.18010660129,1427.02831863982,1775.12101269181,1288.60319249178,1709.54650919476,1988.72368271713,1603.32355745807,1751.57420482262,2027.06133195323,1793.03952747841,691.474750081303,918.896021702129,1271.53114051525,1864.47642666782,2092.47227823931,1961.1381445732,1097.62848505312,1066.58403653908,1736.14118846942,1594.3308907501,1365.74338328985,1327.31371427406,1115.26520366234,1256.00915064342,1997.69423926686,923.141987995346,1865.59219670323,1535.90227433258,2241.12841640099,1869.89290075662,1678.59196411755,1905.57406702023,1677.53937312959,1936.52783135177,1744.90491715165,1941.40516515744,1529.1513864559
1476.95916761433,2411.97798926524,1635.61600386521,2232.46495043035,1996.05132413974,2254.14235100625,2269.05412559948,1751.5562358086,1e+09,1067.22217208977,1074.09743692088,1625.28064139705,2148.6366901596,1891.39590408777,1993.21211916845,1632.45535093613,1711.9011733158,1392.31378927309,1116.6480290584,2610.15149730815,1421.69356258654,1248.16370588958,1790.6743717382,1727.00616122236,2210.84350065761,1884.3941583172,1830.98046606183,1382.9976807645,1603.62457093298,1441.51364291151,1380.13607372607,1488.34224209353,2192.28212634688,1352.1163729502,1825.45146744579,2196.64912912827,1308.97309643858,1489.48836323081,1823.55659942323,1684.23310384875,1492.82490329576,2303.98406682859,1280.16899579704,2151.12909389465,1789.96312137988,2518.46700117353,2616.9507453332,1913.65951935029,2499.28181738275,2776.87096437699,1976.32611104544,2004.19380282946,2279.82305210295,2000.34762031503
1288.32660773579,1874.1193860851,1298.53269681591,1794.82405898183,1745.23706057372,2029.21539388996,1710.41402271497,1387.80685003353,1067.22217208977,1e+09,1102.64177736924,1672.85851120171,1876.49063751994,1650.66346109678,1506.30169561081,1713.39121446329,851.494061282872,1336.60357398894,1177.33821708123,1985.53291060612,1393.79274847446,1485.92067914139,1645.38326155337,994.809324694939,1404.39794823262,1402.15202852615,1176.31935787013,926.86831168187,990.978822528514,888.645259650891,1748.25864528107,1931.74156107902,1936.51670292306,1400.59336539911,1395.5909647171,2007.50700011233,1421.51613385146,1388.9942683827,1714.89652477927,1397.37533222109,1347.78038904712,2646.23175345622,1357.5679182273,2221.57125548563,2076.38617677445,2698.50780973485,2500.27877115733,2180.08879461365,2689.87229070452,2521.17175035736,2194.54905750589,1846.1177808309,2022.04774857074,2070.01059951393
1020.89533479197,1704.75753199685,1037.40006858492,1461.0492505388,1277.18318772211,1828.53875168124,2179.53492307419,1891.68559850732,1074.09743692088,1102.64177736924,1e+09,1439.81575942896,1811.86512718248,1597.19823002657,1575.74267975453,1721.870850093,1353.43565196133,1542.07754850397,1141.69608223905,2366.65292611739,1218.81179732558,1448.66338467568,1218.34516381853,1458.9389518071,1774.78085171099,1343.85934557899,1402.9793866269,1391.79193969501,1389.50843858539,1505.36930262976,1309.07264282774,1822.40438075637,1878.18714709158,1987.74736367578,1777.92044793911,2328.7555786514,1003.45931606618,1162.95249051713,1661.07128182387,1554.6115339531,1416.9802214216,2240.55411606147,1455.62041810357,1938.80055426029,1861.64011417352,2302.91495639765,2366.44353731501,1752.34529884952,2493.57334993379,2657.63790942258,1746.7427449971,1565.91607798758,1847.29843725912,1767.63528791999
1434.8344064386,2789.8041573917,1990.46310420465,2362.46156878795,2324.00334106903,2855.12140552727,2495.99343636958,1994.73604602213,1625.28064139705,1672.85851120171,1439.81575942896,1e+09,1746.36841176196,1433.14636715864,1991.44954736493,1952.42804469204,1861.60048466367,2521.44579067249,1348.70913991861,1923.99711995626,1840.92133194224,1116.78911975359,995.538890400571,2039.35740207547,2220.45374004954,2450.75161152655,2102.10914250426,1756.85723287352,1641.1200525251,2285.14227688343,1993.96654272332,2014.97174330064,1298.48484419342,2079.15759467627,2360.77777236656,2103.99871929619,1740.22935462542,1044.94705353908,1927.5719305904,1223.83820973199,1240.03647970534,2516.42705618502,1663.30461446483,2029.00225359658,1835.32411758795,2690.56906963936,2554.37151702723,1616.55483405296,2797.85189096921,2948.69026387988,1978.97859318892,1423.63223481347,1915.31935331944,1677.27357392883
1673.60929929897,2895.41869200294,2156.87915943383,2768.35334070635,2532.3887835599,3275.21694644798,2978.28203016437,2101.74935896267,2148.6366901596,1876.49063751994,1811.86512718248,1746.36841176196,1e+09,2366.03515943868,1942.13718426377,2082.10706681957,2121.00642646363,2448.8394545376,1133.57444806241,2321.73461648828,1605.67276224018,1668.33067291829,1224.06365965991,2425.31307917143,2660.38041830487,2419.50063967753,2312.83809774917,1979.70478185511,1837.57141999978,2047.16776430267,2333.18849965021,1969.03861295303,1354.92357777109,2401.77570178816,2434.34896958098,2922.20913625291,2412.92829294615,1978.7363757459,1788.63759314177,1894.2983671006,1985.72300414736,2876.0269780202,2241.0367234162,1579.58619432432,1833.17291563017,2836.20924698796,2626.03135491563,2152.97215627606,3288.084153181,3151.77477896185,2229.59397261026,2011.22375368829,2553.36258232159,2337.65829538879
1586.58232058724,2540.4599066114,2220.85163455374,2147.12916199748,2436.83675456523,2446.0909550955,1683.57401325276,1550.16790180935,1891.39590408777,1650.66346109678,1597.19823002657,1433.14636715864,2366.03515943868,1e+09,1320.05664545125,1626.21151650085,1346.61013868157,2651.60405773562,1762.96627171367,1748.79184298761,1740.77109784716,1950.86375826197,1614.66728009209,1460.19141967757,1559.19688294968,1886.44073612186,1678.04806727936,1335.48187857417,1173.74494030858,2132.27222002726,2060.71944043822,2438.58053887912,1977.35826781593,2076.52630269881,1748.88970927271,1195.56442841864,1197.58990075902,656.721927911654,1542.80218819523,1019.33387773585,1098.94820601337,2208.77397811546,1380.8370659857,2138.51992195537,1968.95832055938,1938.61597176955,1784.80211051534,1554.00231119519,2210.02324397279,2187.18639658352,1700.76392459389,1100.27255446094,1794.99516208262,1183.37887039612
1786.74297396128,2173.50422619787,2106.70709271602,2159.42594031377,2491.58462384885,2468.08111151153,2204.6736184524,1237.69945883482,1993.21211916845,1506.30169561081,1575.74267975453,1991.44954736493,1942.13718426377,1320.05664545125,1e+09,1585.77184569534,1261.69704953289,2138.0183647013,1577.36898162732,1627.19078835274,1031.43285544916,2051.79321699337,1797.75931158762,1280.15002976214,1429.65223246774,1285.27868927326,1201.75348274927,1090.0465362543,663.198238010325,1458.47042880547,1678.00092645982,2086.46359383527,1712.75182595144,2126.83272435798,1061.07878067559,1687.81112595575,1529.62214458343,1194.7227808994,835.609936812625,1113.44598661094,1145.48758993714,1954.65959844675,1318.41805562576,1477.42638104239,1613.03111485799,1754.46159160011,1242.91772410727,1577.49926820902,2001.16289714256,1529.97845004431,1382.90859683495,1153.24652520612,1613.50152677337,1262.38169485303
2017.87809745782,2824.58693803183,2220.40655905625,2698.42153528688,2748.33476767296,2453.82057441044,2218.5890523709,1844.47471557623,1632.45535093613,1713.39121446329,1721.870850093,1952.42804469204,2082.10706681957,1626.21151650085,1585.77184569534,1e+09,1709.3560179202,2509.73172422871,1488.89255065636,2367.40028227167,1406.88673712563,2181.94071493705,1864.41800736852,2021.10955949943,2431.57560503473,1805.39289050888,1842.48017500868,1550.56022888503,1531.64537791879,1988.47772205273,2078.61925282145,1517.67686475086,2161.90887025795,2169.01252306205,2072.76703172354,1754.30918326845,1764.51043164953,1577.39413863498,1324.50711719492,1778.11817247898,1687.96348737169,2375.2766628753,1797.88955923327,1804.52882936239,1719.45347232776,1632.84752717454,1677.30649378699,1851.01249714852,2641.83272295957,2567.6649652554,1619.40854233884,1847.2661296359,2744.30050211343,1820.80482323065
1550.14771986414,1670.67525195653,1448.62361940568,1618.03012805695,1824.4765295284,1743.61356555861,1365.03125542971,1548.89712782999,1711.9011733158,851.494061282872,1353.43565196133,1861.60048466367,2121.00642646363,1346.61013868157,1261.69704953289,1709.3560179202,1e+09,1952.06173765073,1666.56197310511,1684.0775401685,1614.74898046105,2082.23841519169,1693.88805863906,851.484797809098,922.530468765124,1125.40760078293,805.412284547485,1019.88015962661,896.392791526126,1330.38201021361,2123.88801484447,2343.21990414899,2041.57828982873,1966.38489904698,1523.10923862998,1855.03233397696,1468.00999022486,1351.53460140686,1789.93823940939,1478.2955836706,1506.70146999995,2781.35534320949,1662.20645823556,2413.52420431203,2376.74322220555,2551.88458422398,2240.88543073938,2297.89206874474,2748.24052046032,2363.02776128424,2277.07109454229,1786.41670914151,2051.56123942231,2037.48113328688
2030.32585660529,1955.06840962152,1700.70475835755,2188.07528835276,1993.94300189348,2328.47974927849,2808.99917545378,2027.18010660129,1392.31378927309,1336.60357398894,1542.07754850397,2521.44579067249,2448.8394545376,2651.60405773562,2138.0183647013,2509.73172422871,1952.06173765073,1e+09,1775.1156027707,2848.31243958594,1643.27005446457,1883.15660700325,2437.86577345842,1772.96672611191,2118.42433530207,1758.79124250151,1767.85435698193,1706.65248137985,1856.42106471027,970.7641481328,1453.52244881185,2045.0125804992,2534.94420019455,1824.59394348441,1658.89761263316,2927.57368417944,1916.45490455685,2211.96084770956,2224.85325509347,2209.07319102378,2042.82387716122,2613.47614211418,1732.36582077805,2486.07868129712,2322.965936018,3112.94477104879,3001.34852473018,2555.76530745685,2668.38276131817,2687.35478111842,2506.73396215075,2527.9939004871,2243.61707425755,2572.10500786807
1104.50715343994,2603.53186999891,1822.32862302604,2406.50323957812,2158.36161664351,2744.01307828516,2376.8379690042,1427.02831863982,1116.6480290584,1177.33821708123,1141.69608223905,1348.70913991861,1133.57444806241,1762.96627171367,1577.36898162732,1488.89255065636,1666.56197310511,1775.1156027707,1e+09,2262.53164377871,995.979427448178,976.825758003954,1154.56074348646,1838.52548682361,2237.72745422672,1955.01260438392,1906.4883149655,1252.05809122421,1316.63799667942,1432.51712998484,1576.72954364406,1446.72313695468,1558.07926066038,1479.20233078508,1756.56507274852,2248.94163950512,1528.61715507841,1311.75561062265,1293.09078022388,1341.90421696185,1330.39611916902,2210.43221963488,1335.81118995163,1424.07557538215,1269.05593718323,2288.68375998083,2269.07620685159,1569.38691354299,2550.63843256938,2659.51548282765,1687.28084117612,1614.96827451811,2157.98238711534,1745.63488350227
2526.00354974018,2811.56994744929,2636.20626605734,2797.51000151921,3122.78108264092,3038.576586578,2648.60135026017,1775.12101269181,2610.15149730815,1985.53291060612,2366.65292611739,1923.99711995626,2321.73461648828,1748.79184298761,1627.19078835274,2367.40028227167,1684.0775401685,2848.31243958594,2262.53164377871,1e+09,2111.96925157541,2333.39288504958,2059.6220358357,1944.85357479683,1645.73439160151,2392.60809126777,1690.25145862975,1667.89991087595,1339.14256350846,2195.07343357802,2569.45438272408,2563.79287324464,1420.08196833845,2477.31323310154,2130.93522578703,2011.60381904589,2437.78692311285,1685.75148444247,2089.90073807346,1418.59606428328,1587.44043667786,2829.06325922557,1992.10891587282,2411.19523915008,2375.71754247006,2966.56572536325,2167.32171515906,2249.2662432669,2776.73875328595,2103.07606621824,2500.7279529569,1880.14484340968,1894.96861662667,1968.70915744302
1660.66959076753,2347.96774850082,1970.83225587567,2386.37721435652,2340.39069334588,2478.04031288839,2581.53236342293,1288.60319249178,1421.69356258654,1393.79274847446,1218.81179732558,1840.92133194224,1605.67276224018,1740.77109784716,1031.43285544916,1406.88673712563,1614.74898046105,1643.27005446457,995.979427448178,2111.96925157541,1e+09,1603.29738907041,1555.14486267357,1737.59356271828,2010.58580247151,1487.63804112425,1501.05836841876,1046.37719064399,1066.67321546948,1197.88394997178,1116.4152906065,1293.14746517944,1634.41685135708,1772.1691391343,1356.87635608408,2181.75599552287,1384.97362274521,1293.46986833865,880.840524612713,1377.4402691224,1290.1086256591,1588.11611379647,1118.23364772305,1109.63068923854,1022.15826357761,1729.03522962952,1558.69253549249,1276.318724418,1902.25891896976,1885.85818249942,1248.95172632892,1522.55260079907,1887.90626335102,1359.54314061747
1348.69823151808,2856.59802541415,2077.22171830549,2545.15746161215,2365.81596332006,3119.89301353428,2735.16709310419,1709.54650919476,1248.16370588958,1485.92067914139,1448.66338467568,1116.78911975359,1668.33067291829,1950.86375826197,2051.79321699337,2181.94071493705,2082.23841519169,1883.15660700325,976.825758003954,2333.39288504958,1603.29738907041,1e+09,1494.43386661973,2021.99211002417,2376.98560237541,2493.22950443797,2264.19357255514,1653.38200265395,1668.64676867215,1830.69946233673,1573.96380717601,1810.55105719226,1561.99838495435,1487.1985749388,1988.34179111641,2361.7889017861,1770.76127817953,1416.92125543377,1810.36215222259,1303.41955118066,1258.23328886181,2309.38848055064,1327.38812134959,1830.68745166945,1523.22730221067,2841.23263984138,2759.24928036595,1658.34364650394,2585.47255816031,2854.44212193907,1968.86755377298,1682.34345940417,1859.73483201235,1836.01140001907
1222.56578931361,2529.20781765754,1796.89996012577,2231.85062060614,1961.31324836192,2628.86027723042,2453.86007667512,1988.72368271713,1790.6743717382,1645.38326155337,1218.34516381853,995.538890400571,1224.06365965991,1614.66728009209,1797.75931158762,1864.41800736852,1693.88805863906,2437.86577345842,1154.56074348646,2059.6220358357,1555.14486267357,1494.43386661973,1e+09,2112.78902910347,2190.88906496883,2143.29738195613,1962.90468619849,1651.11979541159,1610.20329086113,2103.28497662585,2073.1962754163,2026.50387149889,1366.88722047578,2241.69714801085,2367.84486240125,2540.19186446615,1662.6979286088,1235.81725348047,1843.38883600287,1562.08824350611,1641.98564424297,2525.00206637539,1878.8591855698,1873.87482132612,1846.38500846925,2494.13272658052,2412.2676417222,1704.04530861125,2881.18957173942,2948.34331047115,2029.06645864545,1632.77902745595,2159.97971034452,1835.74296008455
1591.07203982095,1596.04074058277,1559.64457175345,1439.40706820552,1946.09046400726,2000.55452909937,1576.80053323177,1603.32355745807,1727.00616122236,994.809324694939,1458.9389518071,2039.35740207547,2425.31307917143,1460.19141967757,1280.15002976214,2021.10955949943,851.484797809098,1772.96672611191,1838.52548682361,1944.85357479683,1737.59356271828,2021.99211002417,2112.78902910347,1e+09,837.90959554119,1183.32014239596,1023.9578431752,1281.45337250327,996.921895937691,1342.11508508026,1897.93223374809,2528.11489333456,2231.42997573305,1983.50169747848,1095.08172603692,1668.54409033744,1493.30701655755,1436.77195201605,1730.40134205912,1371.28896043102,1312.23748353718,2690.62279651013,1499.92180599523,2412.20699346055,2396.16140487238,2634.16989131301,2355.63294335089,2318.50382085085,2570.95060936612,2239.85488411638,2136.42713044466,1598.10360953225,1682.87791589289,1976.98449695489
1965.64650041659,1595.64089866737,1869.597785755,1598.77478485871,2082.62415293783,2008.39659479895,1772.43422442132,1751.57420482262,2210.84350065761,1404.39794823262,1774.78085171099,2220.45374004954,2660.38041830487,1559.19688294968,1429.65223246774,2431.57560503473,922.530468765124,2118.42433530207,2237.72745422672,1645.73439160151,2010.58580247151,2376.98560237541,2190.88906496883,837.90959554119,1e+09,1430.92191558449,999.781369350319,1394.34534746597,1177.6474268218,1626.10279745777,2222.33443783783,2874.49173823826,2278.72773237612,2278.84231635276,1458.79092004303,2013.13582221866,1700.97099346226,1582.43946449777,2128.92729403801,1594.07661249389,1635.1054702679,2815.40671505912,1768.70259636831,2736.50903791674,2696.48482089182,2875.54855883186,2432.46514197018,2483.83693454301,2600.39533515579,2109.03903747655,2509.96393946208,1877.20413309262,1631.3629785244,2101.52101857202
1904.16891327949,1217.12144316005,1412.04420483213,1468.02235078353,1792.80736971377,1405.08421452239,2047.25803747354,2027.06133195323,1884.3941583172,1402.15202852615,1343.85934557899,2450.75161152655,2419.50063967753,1886.44073612186,1285.27868927326,1805.39289050888,1125.40760078293,1758.79124250151,1955.01260438392,2392.60809126777,1487.63804112425,2493.22950443797,2143.29738195613,1183.32014239596,1430.92191558449,1e+09,843.836197256316,1519.70600495622,1374.47623908164,1402.43076021599,1833.2428737895,2310.17549824683,2452.8893320735,2483.74920132851,1519.1070327992,2297.52764113949,1542.48421927098,1780.91798589941,1739.59199066908,1991.8107654092,1874.34468180215,2582.45834539495,1898.71029878178,2309.41482430074,2418.58675850175,2245.5545355435,2102.2051503124,2380.69977063468,2610.52040662394,2291.38202932204,2047.04490260961,1963.08272800715,2185.9866306087,2151.86396842365
1992.45152646181,1368.53753269686,1439.5402527196,1616.9281864078,1985.67039054824,1552.98942073023,2066.8455138689,1793.03952747841,1830.98046606183,1176.31935787013,1402.9793866269,2102.10914250426,2312.83809774917,1678.04806727936,1201.75348274927,1842.48017500868,805.412284547485,1767.85435698193,1906.4883149655,1690.25145862975,1501.05836841876,2264.19357255514,1962.90468619849,1023.9578431752,999.781369350319,843.836197256316,1e+09,1242.02510832108,1013.45663597413,1303.20091167863,1824.34654660237,2151.0727282219,1987.27731713518,2283.41133791089,1507.99365711531,2062.82773832426,1638.05097457314,1532.41570512051,1789.10549856625,1643.87343466582,1551.84079338056,2580.64893305928,1698.30815404626,2319.32220372677,2339.44938808259,2505.17855213955,2070.45864319962,2262.75970449803,2549.63047432368,2064.11878987136,2139.7907555413,1838.58343939023,1856.25590380206,1995.48069802742
1596.21429144085,2295.59753508754,1991.38468737208,2287.07255916816,2277.14230969432,2287.50232598789,1856.74567776527,691.474750081303,1382.9976807645,926.86831168187,1391.79193969501,1756.85723287352,1979.70478185511,1335.48187857417,1090.0465362543,1550.56022888503,1019.88015962661,1706.65248137985,1252.05809122421,1667.89991087595,1046.37719064399,1653.38200265395,1651.11979541159,1281.45337250327,1394.34534746597,1519.70600495622,1242.02510832108,1e+09,638.788215373452,973.600641074152,1644.21543107952,1845.58173695992,1838.71743122754,1219.02621333587,1129.20640478169,1761.94430300733,1206.02557584821,1098.43897108579,1365.48828215404,1135.94149307964,1179.84908149305,2042.46365896679,911.301790297813,1926.97582237038,1644.20964536156,2162.28851340426,1847.54810354156,1676.44702964335,2011.71517285624,1800.84849818079,1888.20334095669,1682.99515712316,1871.02532925132,1528.74638220341
1575.46524737933,2124.02504071868,1870.63226733637,2071.96887182216,2308.5131081066,2343.88119504808,1922.98833256991,918.896021702129,1603.62457093298,990.978822528514,1389.50843858539,1641.1200525251,1837.57141999978,1173.74494030858,663.198238010325,1531.64537791879,896.392791526126,1856.42106471027,1316.63799667942,1339.14256350846,1066.67321546948,1668.64676867215,1610.20329086113,996.921895937691,1177.6474268218,1374.47623908164,1013.45663597413,638.788215373452,1e+09,1140.52715110163,1633.93436590948,1914.45556827522,1528.58247059163,1646.20771377734,1005.32690519055,1521.412445657,1399.69728509417,973.306709162122,1096.87611214758,803.082773816,855.425188079005,2126.33127962225,1036.48090937557,1708.81610025772,1640.53552469918,2137.06335748382,1666.74494557506,1643.84069608341,2126.22067373074,1725.12039240744,1660.95360907522,1257.63105209755,1555.81940147306,1377.7514460163
1812.02544272976,2007.55367101356,1790.85764157847,2222.81419048017,2157.32590590759,2297.29064580431,2266.73206700748,1271.53114051525,1441.51364291151,888.645259650891,1505.36930262976,2285.14227688343,2047.16776430267,2132.27222002726,1458.47042880547,1988.47772205273,1330.38201021361,970.7641481328,1432.51712998484,2195.07343357802,1197.88394997178,1830.69946233673,2103.28497662585,1342.11508508026,1626.10279745777,1402.43076021599,1303.20091167863,973.600641074152,1140.52715110163,1e+09,1616.48778804543,1907.0456126952,2154.10522830246,1450.76910978281,1102.61360670908,2375.88644964359,1696.6350520663,1807.50229800684,1677.30541011469,1710.73005146926,1654.71437650127,2433.49174999629,1384.0816247245,2121.34430215842,1992.69390193276,2670.94225772479,2388.5903521952,2254.81327756868,2426.80834863407,2144.29477015172,2232.85515452749,2152.34100662511,2099.40803227958,2177.33704565922
1947.21794994808,2335.37240741172,2048.73504965869,2312.257697295,2370.38190104464,2547.24069451632,3019.54947521977,1864.47642666782,1380.13607372607,1748.25864528107,1309.07264282774,1993.96654272332,2333.18849965021,2060.71944043822,1678.00092645982,2078.61925282145,2123.88801484447,1453.52244881185,1576.72954364406,2569.45438272408,1116.4152906065,1573.96380717601,2073.1962754163,1897.93223374809,2222.33443783783,1833.2428737895,1824.34654660237,1644.21543107952,1633.93436590948,1616.48778804543,1e+09,1569.87561086858,2017.7757973323,2016.41116814007,1562.12200368601,2397.29393948677,1439.50237846278,1524.09947057271,1518.47316996383,1636.09995950736,1373.0488127157,1395.9301007572,1118.41442515733,1609.5120558107,1375.2050169702,2147.57311665983,2122.88531256401,1385.93378319457,1674.42904809371,2067.22982210494,1329.00773526718,1665.29752173598,1559.28101691132,1468.58521506244
2403.45607195139,3039.36440528279,2350.10165169509,3092.51562924102,2955.94710040623,2888.31156653849,3265.95127056421,2092.47227823931,1488.34224209353,1931.74156107902,1822.40438075637,2014.97174330064,1969.03861295303,2438.58053887912,2086.46359383527,1517.67686475086,2343.21990414899,2045.0125804992,1446.72313695468,2563.79287324464,1293.14746517944,1810.55105719226,2026.50387149889,2528.11489333456,2874.49173823826,2310.17549824683,2151.0727282219,1845.58173695992,1914.45556827522,1907.0456126952,1569.87561086858,1e+09,1845.0195814408,2124.32134353539,2329.70188410449,2603.57416954079,2189.82584485616,1975.3929689558,1716.88599350685,2034.91971524677,1850.39550088623,2131.46546099157,1794.48323213119,1609.80676523613,1360.11403768214,2337.90728716945,2216.27832545915,1790.65958333794,2565.59899655032,2660.94802884235,1800.37650429014,2251.85056118296,2645.2126845492,2052.02930288532
2066.81393306219,2842.84758933714,2293.84325122708,2727.84300314369,2821.95292542239,3202.07292463804,3114.0785896634,1961.1381445732,2192.28212634688,1936.51670292306,1878.18714709158,1298.48484419342,1354.92357777109,1977.35826781593,1712.75182595144,2161.90887025795,2041.57828982873,2534.94420019455,1558.07926066038,1420.08196833845,1634.41685135708,1561.99838495435,1366.88722047578,2231.42997573305,2278.72773237612,2452.8893320735,1987.27731713518,1838.71743122754,1528.58247059163,2154.10522830246,2017.7757973323,1845.0195814408,1e+09,2429.56321035284,2281.20977608373,2441.13910873592,2326.48433325909,1539.72585868394,1728.965749574,1333.49071537825,1396.01123297773,2470.12295647403,1873.78896514522,1555.05566141537,1655.25258706942,2769.93184961291,2242.90769150226,1701.83870883818,2783.2131748754,2550.63582345658,1952.00770907802,1539.11184999661,1786.77437993721,1759.88664617924
1890.95541433425,3104.67760170038,2580.85655120543,2985.0699985595,2764.71327746658,3072.29968183444,2280.29755994695,1097.62848505312,1352.1163729502,1400.59336539911,1987.74736367578,2079.15759467627,2401.77570178816,2076.52630269881,2126.83272435798,2169.01252306205,1966.38489904698,1824.59394348441,1479.20233078508,2477.31323310154,1772.1691391343,1487.1985749388,2241.69714801085,1983.50169747848,2278.84231635276,2483.74920132851,2283.41133791089,1219.02621333587,1646.20771377734,1450.76910978281,2016.41116814007,2124.32134353539,2429.56321035284,1e+09,1669.84347883267,2206.67146514836,1766.5253623427,1802.88817723119,2027.86482254119,1684.0630731953,1708.19429541841,2425.76691295763,1217.99557511512,2430.74756073106,1916.88935974406,2852.66494176936,2747.6062732313,2138.51636664301,2382.91649503293,2529.86882237005,2469.88526757823,2350.92452267188,2443.25506632034,2164.38678380275
1888.0574796335,2252.95163518883,2267.14152118918,2265.02700851447,2559.85915432861,2636.87385909907,2197.38632764018,1066.58403653908,1825.45146744579,1395.5909647171,1777.92044793911,2360.77777236656,2434.34896958098,1748.88970927271,1061.07878067559,2072.76703172354,1523.10923862998,1658.89761263316,1756.56507274852,2130.93522578703,1356.87635608408,1988.34179111641,2367.84486240125,1095.08172603692,1458.79092004303,1519.1070327992,1507.99365711531,1129.20640478169,1005.32690519055,1102.61360670908,1562.12200368601,2329.70188410449,2281.20977608373,1669.84347883267,1e+09,1784.19615236106,1561.72658868318,1580.38979767651,1297.4522040137,1339.24484606064,1296.8173569551,2046.89012797463,1071.74009041372,1958.37784464592,1864.12551538248,2263.53232492934,1951.27184838505,1956.05387277549,1864.76194880204,1552.40077203021,1795.37693947539,1641.89683101588,1629.34274279539,1668.42293903554
2333.98747119602,3077.7698014309,2785.50940773856,2769.70949451382,3240.41712245507,2972.04758664797,1991.89285118452,1736.14118846942,2196.64912912827,2007.50700011233,2328.7555786514,2103.99871929619,2922.20913625291,1195.56442841864,1687.81112595575,1754.30918326845,1855.03233397696,2927.57368417944,2248.94163950512,2011.60381904589,2181.75599552287,2361.7889017861,2540.19186446615,1668.54409033744,2013.13582221866,2297.52764113949,2062.82773832426,1761.94430300733,1521.412445657,2375.88644964359,2397.29393948677,2603.57416954079,2441.13910873592,2206.67146514836,1784.19615236106,1e+09,1967.91744788749,1517.92936426568,1699.552935804,1358.30941975678,1335.11683563649,2549.6039254951,1647.13663188577,2419.32274111992,2238.87184943668,2224.58756008839,1939.32308623396,2074.35849840378,2415.15826268177,2201.94830622792,1933.85716429627,1563.6941509771,2230.48463760681,1650.97809949133
1312.53588827125,2148.73852520496,1861.37874536592,1870.65996757829,1818.56101063451,1983.04498173894,1889.0045577764,1594.3308907501,1308.97309643858,1421.51613385146,1003.45931606618,1740.22935462542,2412.92829294615,1197.58990075902,1529.62214458343,1764.51043164953,1468.00999022486,1916.45490455685,1528.61715507841,2437.78692311285,1384.97362274521,1770.76127817953,1662.6979286088,1493.30701655755,1700.97099346226,1542.48421927098,1638.05097457314,1206.02557584821,1399.69728509417,1696.6350520663,1439.50237846278,2189.82584485616,2326.48433325909,1766.5253623427,1561.72658868318,1967.91744788749,1e+09,970.465030075788,1653.23291084469,1497.36043032398,1411.0084509669,1829.70989613108,1119.04595571406,2148.80396211474,1854.17515372739,1892.23116204126,2084.2661388364,1530.49938052911,1884.57331979947,2247.61043790956,1688.56855993472,1576.34885837495,1851.12633844911,1411.31939039326
1323.30497195469,2377.82383193121,1946.55737277379,2046.95046811104,2198.61185892372,2403.62606293076,2032.99115760497,1365.74338328985,1489.48836323081,1388.9942683827,1162.95249051713,1044.94705353908,1978.7363757459,656.721927911654,1194.7227808994,1577.39413863498,1351.53460140686,2211.96084770956,1311.75561062265,1685.75148444247,1293.46986833865,1416.92125543377,1235.81725348047,1436.77195201605,1582.43946449777,1780.91798589941,1532.41570512051,1098.43897108579,973.306709162122,1807.50229800684,1524.09947057271,1975.3929689558,1539.72585868394,1802.88817723119,1580.38979767651,1517.92936426568,970.465030075788,1e+09,1307.06971960183,720.402424829345,722.484459694463,1841.9135752798,975.20611544432,1733.73914560409,1508.1197215407,1929.38866789457,1769.23444175723,1121.17931848567,1971.62273609836,2078.12423675775,1405.628448773,899.999914722218,1439.91031231115,905.793654482079
1786.1219061699,2693.87545209499,2348.20490004599,2572.84244531219,2780.10263679239,2893.35652595735,2532.35203228145,1327.31371427406,1823.55659942323,1714.89652477927,1661.07128182387,1927.5719305904,1788.63759314177,1542.80218819523,835.609936812625,1324.50711719492,1789.93823940939,2224.85325509347,1293.09078022388,2089.90073807346,880.840524612713,1810.36215222259,1843.38883600287,1730.40134205912,2128.92729403801,1739.59199066908,1789.10549856625,1365.48828215404,1096.87611214758,1677.30541011469,1518.47316996383,1716.88599350685,1728.965749574,2027.86482254119,1297.4522040137,1699.552935804,1653.23291084469,1307.06971960183,1e+09,1166.79992098046,1121.54784944736,1705.65414545271,1257.67522910329,879.393723595979,1032.70725358158,1466.11800954084,1235.59576480336,1256.63530465287,1965.64125109339,1839.36764527921,862.182065401502,1104.88791232414,1900.75489608734,1146.06525494843
1526.73420767991,2586.44210165238,2182.68323863084,2309.24683145826,2567.07489553772,2841.13911470382,2208.77562097194,1115.26520366234,1684.23310384875,1397.37533222109,1554.6115339531,1223.83820973199,1894.2983671006,1019.33387773585,1113.44598661094,1778.11817247898,1478.2955836706,2209.07319102378,1341.90421696185,1418.59606428328,1377.4402691224,1303.41955118066,1562.08824350611,1371.28896043102,1594.07661249389,1991.8107654092,1643.87343466582,1135.94149307964,803.082773816,1710.73005146926,1636.09995950736,2034.91971524677,1333.49071537825,1684.0630731953,1339.24484606064,1358.30941975678,1497.36043032398,720.402424829345,1166.79992098046,1e+09,365.713005237714,1999.3709038345,926.664357952759,1606.00137375408,1445.97810757978,2221.64975374157,1836.93941402541,1310.63514926924,2059.15620728492,1941.054448412,1489.40065183952,832.032956318438,1279.20674286841,1048.50488000772
1563.68919203913,2469.41865664776,2048.85751964357,2206.51372599402,2497.84194409895,2693.89088934574,2285.83256158451,1256.00915064342,1492.82490329576,1347.78038904712,1416.9802214216,1240.03647970534,1985.72300414736,1098.94820601337,1145.48758993714,1687.96348737169,1506.70146999995,2042.82387716122,1330.39611916902,1587.44043667786,1290.1086256591,1258.23328886181,1641.98564424297,1312.23748353718,1635.1054702679,1874.34468180215,1551.84079338056,1179.84908149305,855.425188079005,1654.71437650127,1373.0488127157,1850.39550088623,1396.01123297773,1708.19429541841,1296.8173569551,1335.11683563649,1411.0084509669,722.484459694463,1121.54784944736,365.713005237714,1e+09,1887.93832306567,817.543870321342,1561.4451772957,1383.67103771091,2152.16194077026,1823.76272409543,1257.81631357683,1973.96628598363,1932.23363134482,1320.91465466169,810.256782014196,1226.79160341111,1008.71106527092
2629.73161748495,3331.98298631611,3179.88633672652,3276.17205224329,3332.27426548296,3323.00719583934,3474.62382618608,1997.69423926686,2303.98406682859,2646.23175345622,2240.55411606147,2516.42705618502,2876.0269780202,2208.77397811546,1954.65959844675,2375.2766628753,2781.35534320949,2613.47614211418,2210.43221963488,2829.06325922557,1588.11611379647,2309.38848055064,2525.00206637539,2690.62279651013,2815.40671505912,2582.45834539495,2580.64893305928,2042.46365896679,2126.33127962225,2433.49174999629,1395.9301007572,2131.46546099157,2470.12295647403,2425.76691295763,2046.89012797463,2549.6039254951,1829.70989613108,1841.9135752798,1705.65414545271,1999.3709038345,1887.93832306567,1e+09,1478.16293520031,1698.45699857253,1276.96102998486,1598.69440450638,1659.23377114257,1008.80801176438,782.106426581447,1689.14510768021,1342.39406516864,1964.61682831538,2043.09971761047,1169.01303598377
1671.3010754499,2585.37453354442,2256.73597589528,2440.51689039433,2522.94450291718,2667.00024334457,2331.15399214638,923.141987995346,1280.16899579704,1357.5679182273,1455.62041810357,1663.30461446483,2241.0367234162,1380.8370659857,1318.41805562576,1797.88955923327,1662.20645823556,1732.36582077805,1335.81118995163,1992.10891587282,1118.23364772305,1327.38812134959,1878.8591855698,1499.92180599523,1768.70259636831,1898.71029878178,1698.30815404626,911.301790297813,1036.48090937557,1384.0816247245,1118.41442515733,1794.48323213119,1873.78896514522,1217.99557511512,1071.74009041372,1647.13663188577,1119.04595571406,975.20611544432,1257.67522910329,926.664357952759,817.543870321342,1478.16293520031,1e+09,1706.91306281251,1255.0178970437,2042.37892488147,1862.83576160111,1197.07760867874,1463.16383098408,1687.96383332108,1461.94496565363,1394.05121157725,1467.92778899372,1075.47198685042
2103.23398641235,3102.83006065431,2655.83521151068,3004.16206618418,3079.30182369316,3391.8640620756,3276.80697538015,1865.59219670323,2151.12909389465,2221.57125548563,1938.80055426029,2029.00225359658,1579.58619432432,2138.51992195537,1477.42638104239,1804.52882936239,2413.52420431203,2486.07868129712,1424.07557538215,2411.19523915008,1109.63068923854,1830.68745166945,1873.87482132612,2412.20699346055,2736.50903791674,2309.41482430074,2319.32220372677,1926.97582237038,1708.81610025772,2121.34430215842,1609.5120558107,1609.80676523613,1555.05566141537,2430.74756073106,1958.37784464592,2419.32274111992,2148.80396211474,1733.73914560409,879.393723595979,1606.00137375408,1561.4451772957,1698.45699857253,1706.91306281251,1e+09,782.329204299571,1788.26094907874,1606.70989344685,1217.93859139121,2212.96815108126,2250.47706689048,985.806401379094,1446.90825109956,2106.97697915758,1426.16185382305
