1e+09,8625.78706701597,9777.72717704375,10777.942932907,12485.2498963617,19783.207012656,25026.0598506217,12967.790816766,13027.2928774055,10582.1628540058,18103.1519951858,19283.748465677,17494.6077552228,18790.5896562295,14784.2051444743,10403.264342585,10782.8756298865,18376.1798441134,18359.2181611963,17357.2328994371,18742.7911138043,17603.8235631183,12996.2413578811,9452.4388514605,7474.47941624699,7767.49838522674,15369.5113013654,18988.9888659533,14479.0721587573,12023.4196530895,17147.411031112,23287.5933464366,23911.1697004413,18087.3229090515,21631.2887381473,17010.311054578,19787.073640526,19996.8654396658,19731.5385878978,20498.803382666,20111.0154375482,18545.8929731086,18882.5113479166,18370.254512619,17588.7934140037,18678.9749063593,19267.6867161707,17027.2847445064,18748.6615427235,17988.8369320087,19547.9963883437,17645.7504687928,20863.9003968745,22335.5381556881
8625.78706701597,1e+09,3004.6013114222,5148.93553468093,6307.78621434652,20605.3601109008,27824.5189306374,14821.5466760558,14345.5245528632,10520.1100479605,19922.9535952002,21294.3713993957,19404.6039590557,20814.9326359924,17509.6027408505,12626.4694995474,12429.5475810063,21042.9414798906,20180.169675974,19420.3966756913,21138.1788230254,19837.5014132652,15243.6581373435,11103.5436848017,7777.585734738,8030.53180293808,16667.5582991241,21106.2216264636,15958.5448078576,13901.8797231813,19020.1523749207,25361.5850584797,26511.8485487074,19952.0513748637,23600.11349285,18821.9215182723,22049.8263742166,22281.0536717275,21655.7636578487,22574.4198443304,22419.6708576063,20608.08482525,21405.3322643144,20374.257593775,19379.4000265953,20307.9616939392,21634.3995723061,19025.5367045453,20864.3428777496,20408.3448122747,21397.7577692991,19278.5386992687,22806.8920906554,24507.7877737404
9777.72717704375,3004.6013114222,1e+09,2463.5727716672,3866.12410228901,23294.5964617183,30402.302670857,17361.8981128706,16895.5877718711,13066.1144724053,22504.6013445629,23899.1536461231,21945.6569778214,23429.5912410033,19924.7947538538,15047.0879527037,14746.1520603275,23580.9315748954,22795.594448088,22007.5495500067,23736.9844416093,22410.0281738667,17758.484733873,13535.1959031519,10132.4298601569,10332.4875917661,19279.6148467831,23610.1785724632,18456.3929470577,16412.7940064573,21526.3289361888,27912.3981799576,29055.1153930319,22506.7139057571,26120.0325080349,21366.7910287296,24565.6988178944,24838.7490048915,24266.2871897536,25145.4387639767,24938.2709787748,23185.3980938111,23980.1029496852,22973.3213200943,21979.1815782845,22937.1390168587,24220.0138203264,21590.4987636692,23442.2027292125,22942.8748842097,23999.4131752049,21880.0899145456,25443.6108354455,27037.6644093661
10777.942932907,5148.93553468093,2463.5727716672,1e+09,1987.31562737276,25607.4584047109,32629.6755835681,19585.4465045656,19157.6950699373,15366.7538521608,24778.8964572961,26161.567373445,24208.4690261012,25676.307476041,22117.1076363818,17208.2690883511,16946.6277683792,25794.3926840661,25059.817227019,24248.1537060886,25962.2154677581,24654.677364119,19952.5450099555,15713.1872867219,12295.2179830249,12506.6669057627,21545.4538718125,25871.8959510141,20728.9978721235,18624.8892453217,23802.1150102318,30200.0391305276,31298.9797822181,24772.3325053314,28408.9198405026,23638.6514722075,26821.4794800846,27082.2021939373,26528.6967024598,27414.301121816,27192.517321938,25440.9406883354,26202.7880322419,25236.2769481673,24254.3151102541,25217.344075945,26452.615195604,23839.4293596323,25693.232720952,25173.2112576564,26268.4609686236,24151.850214878,27710.6232768825,29308.1510821683
12485.2498963617,6307.78621434652,3866.12410228901,1987.31562737276,1e+09,26843.6920396133,34054.5584058919,21047.244069089,20567.0605846557,16729.4396554368,26168.5190997466,27546.3830563125,25611.8703996545,27055.1715946175,23635.5199012905,18748.8863811881,18485.2095856769,27265.6604255426,26426.918189369,25654.628534935,27369.4142996685,26084.639504513,21433.1187076566,17228.3846329654,13812.1720875285,14023.1618303541,22899.947965133,27280.8721669066,22136.4714221418,20092.1684335639,25225.1309698106,31593.4104891511,32731.3123269829,26168.4715385347,29792.6922269992,25051.0554151257,28258.3206919697,28509.6311660376,27908.7586575415,28798.9569574455,28619.525764724,26833.7283607813,27638.1642459661,26625.8939460293,25626.1619706873,26568.1794079346,27868.0995950657,25257.3279854481,27095.9560139811,26614.8324720709,27633.94068707,25522.5545605353,29069.5085780359,30706.9360910365
19783.207012656,20605.3601109008,23294.5964617183,25607.4584047109,26843.6920396133,1e+09,8469.31066116364,7133.88147671378,7023.16092467629,10422.0829293717,3181.63750710228,3240.37911764966,3658.79344884349,2984.66467158373,6676.23495424629,9805.72444017779,10018.1366360816,5050.41631931468,2834.39400648534,3660.77320293132,3833.40453872273,4125.42438265447,7164.21481602136,10886.1765020507,13818.3607706233,13775.9470114145,4543.22160617331,3907.53590270134,5833.6056073324,8132.93293262031,4215.79520976767,5811.57064742398,7240.89760386791,3214.92551955718,4460.38517297554,3852.32265225799,4297.67390596355,4119.95493731424,2933.13158063187,3726.81677867319,4327.82961583517,3263.79323468874,4265.01068301124,3203.13867913957,3209.50862299823,2221.77949779,3921.41368415779,3801.04148802667,3391.04564286593,4171.44016409201,2721.24464414723,2886.20927784179,3408.8436612875,5270.31526535178
25026.0598506217,27824.5189306374,30402.302670857,32629.6755835681,34054.5584058919,8469.31066116364,1e+09,13140.2093429633,13538.3032710233,17416.8297689677,8038.02541356396,6645.63590042368,8550.19448020921,7163.62671209912,10837.3226559515,15593.5193969226,15957.2501057012,7087.96374685283,7760.27462327848,8430.5845364245,6720.83855269564,8111.78557646219,12735.0293539827,17031.0763163606,20406.1429800391,20300.4643199903,11322.3388009943,7102.93143893421,12054.6690249878,14067.1506294914,9038.30408006945,3316.9661587511,1702.54575562597,8040.42783135325,4972.04331690704,9131.28501821074,6011.53793967068,5686.71338764317,6413.69202601747,5463.95672785757,5666.98555457838,7303.29664565941,6448.93180909056,7517.03992217016,8586.2089141949,7787.93776239256,6241.98905160847,8852.31712134173,7019.14206239623,7513.18993705736,6711.35918734797,8705.32339793301,5324.75904615411,3914.84637802047
12967.790816766,14821.5466760558,17361.8981128706,19585.4465045656,21047.244069089,7133.88147671378,13140.2093429633,1e+09,1327.59003999729,4626.58604256962,5394.87518057647,6730.86127060275,4969.39084106895,6423.00694038236,3220.50363364179,2846.12726294872,3417.77252689526,6321.13156227586,5777.25628881046,4925.66365560013,6546.77447098188,5117.41564233354,1020.51821272332,4085.13562416231,7477.68825312342,7360.2653362294,2918.31164778541,6769.74436990792,2479.73650807903,1604.37758507778,4558.5434648032,10816.6302238821,11812.5838024668,5557.85368264585,9203.90811724563,4369.13020756992,7388.15505252834,7634.32850705941,7166.67486024725,8048.25873575148,7855.80792452947,6128.8073066299,6723.60453637779,5818.45661807322,4924.49105939893,5984.50406575182,6983.11837921283,4478.50379849119,6322.73063957338,5784.51680085727,7022.55298700551,4953.5260975491,8341.88214653624,9989.89666433042
13027.2928774055,14345.5245528632,16895.5877718711,19157.6950699373,20567.0605846557,7023.16092467629,13538.3032710233,1327.59003999729,1e+09,3910.39132816653,5648.52106811155,7033.23988035386,5117.46308780044,6630.03675696447,3903.93199656449,3066.08254455095,3272.81243054044,6914.21588921694,5953.66688630629,5170.95849060887,6893.37712305079,5630.52139385865,1730.3225996328,3969.68085869633,7076.68379813596,6988.94303964484,2632.91033544631,6863.46435086538,1942.49115035307,1657.43938151596,4774.12494002828,11076.7315687029,12178.601932488,5668.30949326164,9336.67867825599,4565.98299780015,7715.40093238841,7986.31266400208,7425.73574675264,8282.44406897505,8113.26677936822,6322.36216026099,7152.49202223253,6107.54415424891,5137.41717992612,6142.99102440334,7345.92227228141,4729.60033167709,6568.84445235994,6120.93988468274,7180.03372901548,5069.49598918867,8618.56006460476,10210.1284213226
10582.1628540058,10520.1100479605,13066.1144724053,15366.7538521608,16729.4396554368,10422.0829293717,17416.8297689677,4626.58604256962,3910.39132816653,1e+09,9465.5291623184,10864.6826884636,8948.01258813375,10464.1438232327,7417.24937373687,3423.44793694895,3123.23363953131,10754.9399050157,9759.64679118563,9028.98207638048,10774.0736442814,9469.69707411488,5109.21759671674,2430.8953544939,3775.01926074557,3695.46663922163,6291.09231703843,10662.9066968158,5541.38518693657,3870.91538375615,8559.58121445202,14874.7339394458,16052.3678455797,9495.67219662726,13117.1124560476,8386.20654389099,11573.5567631347,11860.6011846618,11256.3629205619,12116.786803658,11970.2294761629,10175.0507369005,11043.2131088782,9950.56040898702,8939.51198718364,9906.75851991457,11234.411597151,8604.90145501969,10435.7790562037,10014.9485202721,10979.4586916933,8859.92234829403,12420.9823929752,14029.4828978227
18103.1519951858,19922.9535952002,22504.6013445629,24778.8964572961,26168.5190997466,3181.63750710228,8038.02541356396,5394.87518057647,5648.52106811155,9465.5291623184,1e+09,1453.37627664002,1190.73935363706,1833.47819757967,3980.74501578536,8034.89758822725,8285.80144237116,2381.2370728258,808.050114411229,1207.78186635667,1962.6732600461,1289.0338607655,5163.41528952495,9321.89114372186,12650.5925536672,12507.921570313,3546.80254141671,2374.91715049178,4341.87733660222,6375.0283548938,1488.82845200513,5495.75679871299,6665.41344391329,1175.11977334228,4063.85751341013,1432.80831994374,2361.78791274746,2591.918140239,2057.36996587877,2825.42365584349,2965.26463046724,1369.79786713223,2140.8979438544,867.375818316374,1029.36316667151,1268.12336276878,2099.10834258263,1324.75046733338,1343.42438201783,1753.82349693463,2056.81629887066,1082.37588863574,3101.72998955422,4774.48684325342
19283.748465677,21294.3713993957,23899.1536461231,26161.567373445,27546.3830563125,3240.37911764966,6645.63590042368,6730.86127060275,7033.23988035386,10864.6826884636,1453.37627664002,1e+09,2287.83861458801,1537.65248034138,5053.71515679307,9353.11061213327,9655.40836113626,2104.32518064581,1239.92218767953,2126.2473535786,1311.98645610387,1959.61584533806,6444.18424261753,10671.3100066721,14017.5580739585,13877.8090892475,4846.86415585376,2270.5950009634,5709.30820073676,7704.69177779358,2740.39309793321,4240.45272598339,5328.99142009067,1905.97456924273,3076.78264172171,2748.1249910075,1533.35613746448,1524.3682323507,1094.40872858361,1675.71863279609,2124.98900891275,1358.04681778649,1422.65899733562,1106.99487790143,2097.45078554897,1539.60841985876,1057.79130285704,2500.91141134587,993.681363264905,1943.27320824942,1466.89900668042,2222.00874471727,1787.21809553283,3596.21165204441
17494.6077552228,19404.6039590557,21945.6569778214,24208.4690261012,25611.8703996545,3658.79344884349,8550.19448020921,4969.39084106895,5117.46308780044,8948.01258813375,1190.73935363706,2287.83861458801,1e+09,2033.37803300321,3394.60115230052,7467.4045426239,7681.09963642576,2841.26242897414,1437.83814231644,1002.59308924409,2287.77495820721,1777.95932914676,4644.49314642621,8778.79003241905,12027.4125961655,11940.6962028351,3057.88226374071,2174.4498526294,3598.99761203033,5840.81824764305,1141.82559806653,6103.39115745501,7161.39851237173,945.209292696596,4378.20207331731,977.420300689524,2781.07476862813,3022.74485701324,2685.46881084104,3248.11050278466,3152.91481699078,1524.82537455933,2523.12923741532,1582.27503212937,1422.90069400503,1943.51292923407,2601.79186900105,940.119256583972,1694.36419039709,1592.53306888742,2462.85695691,1060.98901671978,3789.30552399777,5130.17254995385
18790.5896562295,20814.9326359924,23429.5912410033,25676.307476041,27055.1715946175,2984.66467158373,7163.62671209912,6423.00694038236,6630.03675696447,10464.1438232327,1833.47819757967,1537.65248034138,2033.37803300321,1e+09,4936.07956290212,8976.98847545768,9362.89374099696,2716.45962219209,1336.93828114839,1732.42653728809,1240.47033164844,2292.29975867032,6130.20216132388,10334.0887842809,13513.4608427634,13501.9935339971,4276.56877482404,1891.07554801494,5177.59505060989,7378.07465396631,2864.85607343545,4958.45610040061,5911.22439784686,1468.62720671381,3370.4968405118,2493.94579197303,2324.8462914352,1981.43139474977,1277.86277569229,2126.4368103473,2206.66843864229,958.875212944834,1615.16154015628,1330.89728431611,2144.87186906351,1360.50332869861,1561.39473974393,2122.95630517917,960.811804777606,1566.82277172627,1175.41176602074,1846.07902162936,2308.35474394643,4040.02119110779
14784.2051444743,17509.6027408505,19924.7947538538,22117.1076363818,23635.5199012905,6676.23495424629,10837.3226559515,3220.50363364179,3903.93199656449,7417.24937373687,3980.74501578536,5053.71515679307,3394.60115230052,4936.07956290212,1e+09,5002.42155784576,5368.34196953771,4047.99556453561,4438.9378280057,3553.652318953,4732.04577782168,3449.2678238287,2613.61072223849,6468.38545818816,9907.23353295964,9745.80127200427,3761.80924416696,4981.6400529143,3231.81370938982,3795.98209740246,2866.34935239932,8796.44655010761,9532.86964650204,4160.31044168581,7261.87909041455,3075.39073439457,5282.28159521054,5610.59892654964,5593.66998669031,6119.52856936709,5810.63484905049,4529.42129024228,4746.90280204893,4317.69616034987,3826.50013795897,4951.52372799525,5067.55852076718,3229.27091951109,4586.86889033249,3864.33607258737,5606.19614872687,3947.85816718382,6667.22653321454,7856.13864114554
10403.264342585,12626.4694995474,15047.0879527037,17208.2690883511,18748.8863811881,9805.72444017779,15593.5193969226,2846.12726294872,3066.08254455095,3423.44793694895,8034.89758822725,9353.11061213327,7467.4045426239,8976.98847545768,5002.42155784576,1e+09,1680.19359691078,8682.39971665092,8401.69358561118,7458.12125772972,9085.85220215473,7686.52420617408,3004.09745820604,1665.70708298308,5067.42260114548,5029.54487103953,5464.15891852534,9237.28018296512,4511.05780189082,1898.83147198481,7007.38371105793,13386.7426784151,14299.2041389722,8123.08548434645,11751.9725206367,6873.34373498081,9901.60003711016,10139.773316697,9794.77097851706,10614.7102275239,10342.4100510471,8703.1281256971,9211.58593091874,8448.76771074338,7625.07695111335,8696.56192347873,9539.91452878903,7049.3967575389,8876.56752851574,8256.85075737112,9666.35038850755,7572.05446083162,10961.6420607042,12497.1824415546
10782.8756298865,12429.5475810063,14746.1520603275,16946.6277683792,18485.2095856769,10018.1366360816,15957.2501057012,3417.77252689526,3272.81243054044,3123.23363953131,8285.80144237116,9655.40836113626,7681.09963642576,9362.89374099696,5368.34196953771,1680.19359691078,1e+09,9072.77962779875,8680.78690724522,7820.9460102407,9516.4801840649,8135.81919005087,3531.61871658026,1836.12450552788,4852.64536846657,4548.65998325881,5731.75664223456,9464.06020711513,4647.47906257791,2424.43626237111,7123.45002743053,13570.0469145025,14567.3908429856,8348.22030069284,11909.865067443,7124.62456163832,10096.0442264978,10423.7994435858,10084.3248965957,10881.795984625,10627.021449856,9030.78944316608,9663.11781478421,8821.90629241776,7957.26836927724,9019.05770838617,9887.22655685102,7379.60701317489,9176.15337612662,8641.62703425692,9980.72272266393,7821.09117387721,11302.9525733545,12676.5852525986
18376.1798441134,21042.9414798906,23580.9315748954,25794.3926840661,27265.6604255426,5050.41631931468,7087.96374685283,6321.13156227586,6914.21588921694,10754.9399050157,2381.2370728258,2104.32518064581,2841.26242897414,2716.45962219209,4047.99556453561,8682.39971665092,9072.77962779875,1e+09,2559.38675764332,2575.91897572497,2050.35923518295,1886.40673016187,5886.02740930587,10117.9618234998,13577.7529904878,13399.944784681,5277.16930793394,3230.99480607753,5775.63168700187,7205.63548093435,2782.13637029172,5212.06535751424,5860.3970865548,2890.78481452702,4342.45594525725,2998.07950293184,2239.04065519141,2322.06677559023,2645.6050329367,3085.53080464286,3014.43985335584,2542.38119934836,1688.17112248729,2214.79989958461,2912.04103630083,3097.42561663715,1863.63173526853,2811.670215388,2125.05301750333,2132.79242234213,3209.53109483301,3116.32143610058,3325.77761338608,4607.81196717054
18359.2181611963,20180.169675974,22795.594448088,25059.817227019,26426.918189369,2834.39400648534,7760.27462327848,5777.25628881046,5953.66688630629,9759.64679118563,808.050114411229,1239.92218767953,1437.83814231644,1336.93828114839,4438.9378280057,8401.69358561118,8680.78690724522,2559.38675764332,1e+09,1204.44520228195,1642.33029586012,1768.94702181835,5497.92275765129,9670.17316798412,12936.491850641,12822.6730671612,3698.3784340708,2241.30481275975,4612.30855408655,6701.12605148568,2022.10535776453,5304.26217106583,6445.65843093629,1136.60190836546,3853.25836054371,1840.81681388996,2389.55705970793,2433.73830764526,1712.7788441302,2575.92822345655,2826.1025885661,1084.13660273971,2007.48608289074,844.460608791198,1302.90022469105,1021.69203060413,1839.74117801934,1580.46701715031,1026.48405813242,1787.86535997541,1698.12211236413,1126.59176363934,2748.95972907935,4548.45513283357
17357.2328994371,19420.3966756913,22007.5495500067,24248.1537060886,25654.628534935,3660.77320293132,8430.5845364245,4925.66365560013,5170.95849060887,9028.98207638048,1207.78186635667,2126.2473535786,1002.59308924409,1732.42653728809,3553.652318953,7458.12125772972,7820.9460102407,2575.91897572497,1204.44520228195,1e+09,1962.03530207792,1490.26097657424,4583.94353876659,8797.74826397641,12073.0928301575,12014.0617113531,3062.14810087625,2424.37557907186,3783.84010299061,5818.06028206996,1650.58008736323,6129.23690964055,7134.5745189885,1103.57129121774,4591.66205949436,1150.61343308689,2912.01344504108,2957.97270197005,2539.4288890221,3337.45503968218,3237.89213785759,1417.4694394942,2167.7263667954,1299.37656501108,1392.07308694623,1748.81369199237,2388.97850161947,622.470646536847,1525.12170219298,1473.84321387996,2388.28477958555,1033.88719017115,3631.42504617678,5276.59836721538
18742.7911138043,21138.1788230254,23736.9844416093,25962.2154677581,27369.4142996685,3833.40453872273,6720.83855269564,6546.77447098188,6893.37712305079,10774.0736442814,1962.6732600461,1311.98645610387,2287.77495820721,1240.47033164844,4732.04577782168,9085.85220215473,9516.4801840649,2050.35923518295,1642.33029586012,1962.03530207792,1e+09,1971.75697764709,6170.71553860652,10466.7717477215,13781.3695915609,13707.3271796656,4736.88062803993,1960.83554567944,5539.97958297682,7518.91454126192,2972.93379879203,4775.31568038177,5501.13232658514,1939.1657912618,3362.59500570616,2858.38233744193,1910.76700821947,1778.73463911849,1634.93748528805,1980.45392294292,1990.99273228206,1109.28561123815,789.961993959203,1294.57443698692,2204.90039747831,1947.59046236625,796.338421150204,2378.72143409017,1014.51871540154,1240.15658950795,1632.04277419435,2445.49525192751,2356.28837309868,3880.34544656787
17603.8235631183,19837.5014132652,22410.0281738667,24654.677364119,26084.639504513,4125.42438265447,8111.78557646219,5117.41564233354,5630.52139385865,9469.69707411488,1289.0338607655,1959.61584533806,1777.95932914676,2292.29975867032,3449.2678238287,7686.52420617408,8135.81919005087,1886.40673016187,1768.94702181835,1490.26097657424,1971.75697764709,1e+09,4866.76748558014,9073.46818443752,12510.1246392792,12391.1641272118,3824.93424283346,2865.11164147228,4482.13181897855,6157.64154417095,1903.4142116996,5901.37502580543,6836.15950056024,1987.24333072223,4622.04848608277,1785.8081328911,2693.33564042805,2858.71648651978,2650.92204281831,3270.80524907858,3227.07297774624,1884.07617632621,1903.18513697433,1245.38494273859,1462.80110367063,2064.51296275901,2265.17969558709,1546.3750722577,1887.63954482841,1648.49673848631,2675.43013945422,1935.03140390537,3517.33356622598,5202.83879679161
12996.2413578811,15243.6581373435,17758.484733873,19952.5450099555,21433.1187076566,7164.21481602136,12735.0293539827,1020.51821272332,1730.3225996328,5109.21759671674,5163.41528952495,6444.18424261753,4644.49314642621,6130.20216132388,2613.61072223849,3004.09745820604,3531.61871658026,5886.02740930587,5497.92275765129,4583.94353876659,6170.71553860652,4866.76748558014,1e+09,4330.05005554208,7761.63856737738,7622.57126019823,2989.93929424997,6422.69134400837,2377.07577552757,1558.45957663329,4229.07606268793,10518.7319630505,11430.5999207741,5276.04442615867,8908.19651792662,4116.96574139256,7033.17677672757,7288.11298234324,6916.77856875583,7740.88585253006,7513.17272990579,5814.39422938452,6345.12584098219,5562.85879970901,4747.14725720616,5853.81015994711,6608.47016190586,4191.67359158606,5973.90892947825,5401.10171410426,6805.80688914988,4758.86259333047,8094.82109949318,9645.98877118878
9452.4388514605,11103.5436848017,13535.1959031519,15713.1872867219,17228.3846329654,10886.1765020507,17031.0763163606,4085.13562416231,3969.68085869633,2430.8953544939,9321.89114372186,10671.3100066721,8778.79003241905,10334.0887842809,6468.38545818816,1665.70708298308,1836.12450552788,10117.9618234998,9670.17316798412,8797.74826397641,10466.7717477215,9073.46818443752,4330.05005554208,1e+09,3660.66573487665,3468.2717765625,6543.33652973772,10572.6497982341,5625.1842603865,3027.82778854743,8297.54462989504,14734.9641266547,15718.020610888,9428.58288092649,13083.7100292043,8198.68864379542,11273.0756242119,11546.7761338003,11134.2463111654,11967.937811929,11746.9283755074,10039.9311896646,10640.062851835,9778.00967193222,8876.39379000842,9959.26098439036,10915.6996098143,8392.59080251742,10226.9087240476,9673.71927564574,10981.6198597793,8835.80276846988,12301.9921558787,13865.5300848615
7474.47941624699,7777.585734738,10132.4298601569,12295.2179830249,13812.1720875285,13818.3607706233,20406.1429800391,7477.68825312342,7076.68379813596,3775.01926074557,12650.5925536672,14017.5580739585,12027.4125961655,13513.4608427634,9907.23353295964,5067.42260114548,4852.64536846657,13577.7529904878,12936.491850641,12073.0928301575,13781.3695915609,12510.1246392792,7761.63856737738,3660.66573487665,1e+09,1382.01083020358,9535.49284109112,13735.2843292303,8623.35453476198,6447.15551576042,11624.7399058732,18054.9225878235,19076.1465029445,12624.2761019712,16279.4256849681,11462.714987166,14622.4204015101,14859.4656460116,14374.0146537771,15243.7322948515,15002.392061968,13285.2538307441,14002.0080193842,13103.5712505141,12180.7746423042,13163.7708520735,14255.3397819133,11664.9420489431,13504.414030505,12966.1454032916,14171.243969765,12029.1017399389,15581.3398469002,17121.273946097
7767.49838522674,8030.53180293808,10332.4875917661,12506.6669057627,14023.1618303541,13775.9470114145,20300.4643199903,7360.2653362294,6988.94303964484,3695.46663922163,12507.921570313,13877.8090892475,11940.6962028351,13501.9935339971,9745.80127200427,5029.54487103953,4548.65998325881,13399.944784681,12822.6730671612,12014.0617113531,13707.3271796656,12391.1641272118,7622.57126019823,3468.2717765625,1382.01083020358,1e+09,9524.61261342948,13689.00300336,8621.69459359354,6320.65651537876,11447.6662542896,17904.1059527389,18943.895765428,12559.8249294646,16187.1242570693,11383.4274225384,14466.9418606318,14765.3458808929,14287.010313883,15152.9595305571,14947.6701233871,13225.3008406577,13931.7793994773,13007.6904660781,12054.2075844329,13093.6329514348,14134.2400018395,11600.7294774165,13415.2057460368,12913.110795006,14133.1584296858,11956.6148928616,15501.2630483132,17017.9974472351
15369.5113013654,16667.5582991241,19279.6148467831,21545.4538718125,22899.947965133,4543.22160617331,11322.3388009943,2918.31164778541,2632.91033544631,6291.09231703843,3546.80254141671,4846.86415585376,3057.88226374071,4276.56877482404,3761.80924416696,5464.15891852534,5731.75664223456,5277.16930793394,3698.3784340708,3062.14810087625,4736.88062803993,3824.93424283346,2989.93929424997,6543.33652973772,9535.49284109112,9524.61261342948,1e+09,4690.92166360727,1713.68974458622,3880.17505080634,3150.11544155131,8825.99381684578,9971.44373597424,3403.09530455731,7044.37164332632,2665.68004154662,5653.73133717901,5810.92734458967,5090.59566099096,5998.62004846115,5919.03363691236,4059.34072499464,5097.86838353051,3938.87796718812,3016.68213620527,3739.15798847816,5203.76912619113,2664.50134237159,4363.80551104194,4103.20039162116,4749.60281565733,2761.51640022289,6267.00341412864,7939.41748903533
18988.9888659533,21106.2216264636,23610.1785724632,25871.8959510141,27280.8721669066,3907.53590270134,7102.93143893421,6769.74436990792,6863.46435086538,10662.9066968158,2374.91715049178,2270.5950009634,2174.4498526294,1891.07554801494,4981.6400529143,9237.28018296512,9464.06020711513,3230.99480607753,2241.30481275975,2424.37557907186,1960.83554567944,2865.11164147228,6422.69134400837,10572.6497982341,13735.2843292303,13689.00300336,4690.92166360727,1e+09,5189.18123686194,7677.00552442162,2919.2915841005,4753.15010632949,5707.04903604306,1601.44180425016,2708.2358774671,2863.79039830083,2008.21644652662,2325.48599036847,2289.3375371928,2115.49458706469,1571.88498249713,1302.16059144024,2139.89153143331,2046.12976433559,2580.1054521085,2314.45007219858,2101.3374239755,2580.26096800304,1598.36930379059,1553.3955051113,1665.05668774369,2634.45686766741,3078.69190910685,3663.41582721645
14479.0721587573,15958.5448078576,18456.3929470577,20728.9978721235,22136.4714221418,5833.6056073324,12054.6690249878,2479.73650807903,1942.49115035307,5541.38518693657,4341.87733660222,5709.30820073676,3598.99761203033,5177.59505060989,3231.81370938982,4511.05780189082,4647.47906257791,5775.63168700187,4612.30855408655,3783.84010299061,5539.97958297682,4482.13181897855,2377.07577552757,5625.1842603865,8623.35453476198,8621.69459359354,1713.68974458622,5189.18123686194,1e+09,2968.17050099889,3413.06663395252,9562.56227818151,10678.3940432913,4114.73183179658,7709.84498654804,3125.02444105642,6259.0133071036,6535.65584093899,6045.51878916938,6767.5944226069,6515.34245063143,4821.35739586893,5785.14110459719,4763.42981148038,3906.71909699175,4818.90870431263,6001.51852840596,3338.69582954183,5113.23379554466,4654.35075097483,5691.09436124547,3703.74645160816,7228.75233765828,8619.17459595175
12023.4196530895,13901.8797231813,16412.7940064573,18624.8892453217,20092.1684335639,8132.93293262031,14067.1506294914,1604.37758507778,1657.43938151596,3870.91538375615,6375.0283548938,7704.69177779358,5840.81824764305,7378.07465396631,3795.98209740246,1898.83147198481,2424.43626237111,7205.63548093435,6701.12605148568,5818.06028206996,7518.91454126192,6157.64154417095,1558.45957663329,3027.82778854743,6447.15551576042,6320.65651537876,3880.17505080634,7677.00552442162,2968.17050099889,1e+09,5366.96605325579,11771.6389558421,12769.1732044326,6493.22346878652,10161.1917922653,5239.23144426737,8345.23951158383,8591.68305495495,8184.52798922455,9015.38841873715,8817.89211608988,7085.43813986828,7685.67079861608,6817.0225403544,5975.25379646756,7049.19967016824,7963.81375756616,5441.24159921245,7249.31105467961,6750.46109409572,8056.25206611611,5904.29618415269,9334.75825079579,10922.2269037271
17147.411031112,19020.1523749207,21526.3289361888,23802.1150102318,25225.1309698106,4215.79520976767,9038.30408006945,4558.5434648032,4774.12494002828,8559.58121445202,1488.82845200513,2740.39309793321,1141.82559806653,2864.85607343545,2866.34935239932,7007.38371105793,7123.45002743053,2782.13637029172,2022.10535776453,1650.58008736323,2972.93379879203,1903.4142116996,4229.07606268793,8297.54462989504,11624.7399058732,11447.6662542896,3150.11544155131,2919.2915841005,3413.06663395252,5366.96605325579,1e+09,6501.50261271193,7619.4628245041,1799.85390629351,4948.91454462491,955.047779328343,3155.36175788134,3550.22766179861,3272.5270072224,3881.18750347107,3800.56504885787,2354.51147304489,3077.50115991855,2123.46631772204,1756.75227878036,2574.92421280705,3135.06566317199,1400.68185238476,2352.34294019813,2260.07982170984,3285.2776264115,1634.0952198082,4380.73740500387,5679.3558854768
23287.5933464366,25361.5850584797,27912.3981799576,30200.0391305276,31593.4104891511,5811.57064742398,3316.9661587511,10816.6302238821,11076.7315687029,14874.7339394458,5495.75679871299,4240.45272598339,6103.39115745501,4958.45610040061,8796.44655010761,13386.7426784151,13570.0469145025,5212.06535751424,5304.26217106583,6129.23690964055,4775.31568038177,5901.37502580543,10518.7319630505,14734.9641266547,18054.9225878235,17904.1059527389,8825.99381684578,4753.15010632949,9562.56227818151,11771.6389558421,6501.50261271193,1e+09,1931.1094810238,5524.82156440369,2364.91415689872,6626.73112557768,3587.46714228855,3455.80141340616,3981.98471502591,3090.04250660084,3453.27235266783,4974.15318214066,4540.9039875778,5153.46839833136,6139.53608034842,5244.7943992496,4182.73964481415,6467.55955687306,4684.98106472161,5409.51009049803,4265.23440360551,6168.56810954536,3033.09438044714,1640.01881745302
23911.1697004413,26511.8485487074,29055.1153930319,31298.9797822181,32731.3123269829,7240.89760386791,1702.54575562597,11812.5838024668,12178.601932488,16052.3678455797,6665.41344391329,5328.99142009067,7161.39851237173,5911.22439784686,9532.86964650204,14299.2041389722,14567.3908429856,5860.3970865548,6445.65843093629,7134.5745189885,5501.13232658514,6836.15950056024,11430.5999207741,15718.020610888,19076.1465029445,18943.895765428,9971.44373597424,5707.04903604306,10678.3940432913,12769.1732044326,7619.4628245041,1931.1094810238,1e+09,6643.12597345557,3488.49481054509,7759.75234764616,4520.51358614262,4295.00181601824,5069.10283026494,4082.39708858656,4259.29154724116,5977.95459026748,5231.70965185378,6222.96381381894,7260.4434163073,6471.092027587,4943.29290752632,7505.80412619461,5681.08739064099,6194.29382343944,5383.48835425507,7345.70148557645,4119.11364679345,2402.54044188646
18087.3229090515,19952.0513748637,22506.7139057571,24772.3325053314,26168.4715385347,3214.92551955718,8040.42783135325,5557.85368264585,5668.30949326164,9495.67219662726,1175.11977334228,1905.97456924273,945.209292696596,1468.62720671381,4160.31044168581,8123.08548434645,8348.22030069284,2890.78481452702,1136.60190836546,1103.57129121774,1939.1657912618,1987.24333072223,5276.04442615867,9428.58288092649,12624.2761019712,12559.8249294646,3403.09530455731,1601.44180425016,4114.73183179658,6493.22346878652,1799.85390629351,5524.82156440369,6643.12597345557,1e+09,3771.49146450048,1496.4680376139,2398.15786638411,2569.37678852285,2087.84115995446,2745.94164786872,2600.836602903,941.05036129848,2193.70822802395,1281.27834442794,1511.04520759638,1389.54348319871,2194.47589506014,1197.53425061666,1189.41192834947,1387.9879416263,1726.85553182656,1089.89158671861,3248.52759452648,4606.21715027635
21631.2887381473,23600.11349285,26120.0325080349,28408.9198405026,29792.6922269992,4460.38517297554,4972.04331690704,9203.90811724563,9336.67867825599,13117.1124560476,4063.85751341013,3076.78264172171,4378.20207331731,3370.4968405118,7261.87909041455,11751.9725206367,11909.865067443,4342.45594525725,3853.25836054371,4591.66205949436,3362.59500570616,4622.04848608277,8908.19651792662,13083.7100292043,16279.4256849681,16187.1242570693,7044.37164332632,2708.2358774671,7709.84498654804,10161.1917922653,4948.91454462491,2364.91415689872,3488.49481054509,3771.49146450048,1e+09,5031.26273460252,2329.22645367513,2390.66611462161,2711.32274877042,1591.08105057536,1738.79796175404,3271.32359804101,3339.65764399586,3713.66054621313,4552.0488744081,3735.89665498124,2945.03744811505,4858.24822216815,3169.55519925115,3742.23602939473,2600.22243302376,4569.11256908823,2366.83599355764,1303.34479908426
17010.311054578,18821.9215182723,21366.7910287296,23638.6514722075,25051.0554151257,3852.32265225799,9131.28501821074,4369.13020756992,4565.98299780015,8386.20654389099,1432.80831994374,2748.1249910075,977.420300689524,2493.94579197303,3075.39073439457,6873.34373498081,7124.62456163832,2998.07950293184,1840.81681388996,1150.61343308689,2858.38233744193,1785.8081328911,4116.96574139256,8198.68864379542,11462.714987166,11383.4274225384,2665.68004154662,2863.79039830083,3125.02444105642,5239.23144426737,955.047779328343,6626.73112557768,7759.75234764616,1496.4680376139,5031.26273460252,1e+09,3368.09539421021,3555.42211173301,3134.40307717434,3908.54244972471,3788.31819474025,2143.13676388139,2970.42928522125,1922.88680823911,1583.24088280969,2205.99042629382,3165.77414320731,795.795362012119,2246.49213898024,2115.80175968828,3023.8238797258,1105.84200734101,4271.93415436147,5795.27364265916
19787.073640526,22049.8263742166,24565.6988178944,26821.4794800846,28258.3206919697,4297.67390596355,6011.53793967068,7388.15505252834,7715.40093238841,11573.5567631347,2361.78791274746,1533.35613746448,2781.07476862813,2324.8462914352,5282.28159521054,9901.60003711016,10096.0442264978,2239.04065519141,2389.55705970793,2912.01344504108,1910.76700821947,2693.33564042805,7033.17677672757,11273.0756242119,14622.4204015101,14466.9418606318,5653.73133717901,2008.21644652662,6259.0133071036,8345.23951158383,3155.36175788134,3587.46714228855,4520.51358614262,2398.15786638411,2329.22645367513,3368.09539421021,1e+09,1003.08975585438,1728.37779929621,1389.63527437958,1311.5727085831,1967.01487401595,1686.13056641531,2164.52546434548,3060.80228386284,2657.27849996947,1345.05589493523,3158.97862640759,1615.53838221195,2100.8904924341,2016.74251333679,3119.30431556461,2201.75696731043,2746.18864945582
19996.8654396658,22281.0536717275,24838.7490048915,27082.2021939373,28509.6311660376,4119.95493731424,5686.71338764317,7634.32850705941,7986.31266400208,11860.6011846618,2591.918140239,1524.3682323507,3022.74485701324,1981.43139474977,5610.59892654964,10139.773316697,10423.7994435858,2322.06677559023,2433.73830764526,2957.97270197005,1778.73463911849,2858.71648651978,7288.11298234324,11546.7761338003,14859.4656460116,14765.3458808929,5810.92734458967,2325.48599036847,6535.65584093899,8591.68305495495,3550.22766179861,3455.80141340616,4295.00181601824,2569.37678852285,2390.66611462161,3555.42211173301,1003.08975585438,1e+09,1304.6708492183,1211.45526417611,1326.74316218325,2041.3346960506,1499.39148326913,2254.98886070419,3322.30016774523,2623.74411555319,1232.43958221083,3302.54601375969,1607.43677751257,2253.424002557,1845.7019255557,3169.5503426196,1612.83742962519,2594.36727825881
19731.5385878978,21655.7636578487,24266.2871897536,26528.6967024598,27908.7586575415,2933.13158063187,6413.69202601747,7166.67486024725,7425.73574675264,11256.3629205619,2057.36996587877,1094.40872858361,2685.46881084104,1277.86277569229,5593.66998669031,9794.77097851706,10084.3248965957,2645.6050329367,1712.7788441302,2539.4288890221,1634.93748528805,2650.92204281831,6916.77856875583,11134.2463111654,14374.0146537771,14287.010313883,5090.59566099096,2289.3375371928,6045.51878916938,8184.52798922455,3272.5270072224,3981.98471502591,5069.10283026494,2087.84115995446,2711.32274877042,3134.40307717434,1728.37779929621,1304.6708492183,1e+09,1489.41801879123,1947.99281923728,1617.5060674693,1784.26472113865,1723.78234539631,2657.20820806349,1625.98564910641,1297.57857804451,2868.92105454298,1269.97795583231,2237.54288640464,1153.10136666297,2446.44481213045,1418.93828266067,3256.55947504418
20498.803382666,22574.4198443304,25145.4387639767,27414.301121816,28798.9569574455,3726.81677867319,5463.95672785757,8048.25873575148,8282.44406897505,12116.786803658,2825.42365584349,1675.71863279609,3248.11050278466,2126.4368103473,6119.52856936709,10614.7102275239,10881.795984625,3085.53080464286,2575.92822345655,3337.45503968218,1980.45392294292,3270.80524907858,7740.88585253006,11967.937811929,15243.7322948515,15152.9595305571,5998.62004846115,2115.49458706469,6767.5944226069,9015.38841873715,3881.18750347107,3090.04250660084,4082.39708858656,2745.94164786872,1591.08105057536,3908.54244972471,1389.63527437958,1211.45526417611,1489.41801879123,1e+09,1130.86159882631,2083.59180359302,2000.1726592472,2398.62944366153,3356.13970902583,2590.00400026718,1596.34328316312,3684.19631022832,1900.0131961647,2594.30403330065,1545.17652858824,3399.26439532144,1291.14984626108,2078.76013950624
20111.0154375482,22419.6708576063,24938.2709787748,27192.517321938,28619.525764724,4327.82961583517,5666.98555457838,7855.80792452947,8113.26677936822,11970.2294761629,2965.26463046724,2124.98900891275,3152.91481699078,2206.66843864229,5810.63484905049,10342.4100510471,10627.021449856,3014.43985335584,2826.1025885661,3237.89213785759,1990.99273228206,3227.07297774624,7513.17272990579,11746.9283755074,15002.392061968,14947.6701233871,5919.03363691236,1571.88498249713,6515.34245063143,8817.89211608988,3800.56504885787,3453.27235266783,4259.29154724116,2600.836602903,1738.79796175404,3788.31819474025,1311.5727085831,1326.74316218325,1947.99281923728,1130.86159882631,1e+09,1999.06989960331,1813.72469881733,2496.03390079141,3446.73151504436,2841.4252114212,1736.83093846235,3510.22239970632,1915.20814364914,2175.29880175115,1749.00961958475,3487.66742907061,2159.01672114877,2359.02636023848
18545.8929731086,20608.08482525,23185.3980938111,25440.9406883354,26833.7283607813,3263.79323468874,7303.29664565941,6128.8073066299,6322.36216026099,10175.0507369005,1369.79786713223,1358.04681778649,1524.82537455933,958.875212944834,4529.42129024228,8703.1281256971,9030.78944316608,2542.38119934836,1084.13660273971,1417.4694394942,1109.28561123815,1884.07617632621,5814.39422938452,10039.9311896646,13285.2538307441,13225.3008406577,4059.34072499464,1302.16059144024,4821.35739586893,7085.43813986828,2354.51147304489,4974.15318214066,5977.95459026748,941.05036129848,3271.32359804101,2143.13676388139,1967.01487401595,2041.3346960506,1617.5060674693,2083.59180359302,1999.06989960331,1e+09,1462.56768547647,873.223236406362,1637.93183481487,1303.06368025511,1468.0284281648,1744.35433083419,641.072537081413,1037.72935546799,1182.44114859895,1685.99763632693,2606.25842880172,4049.22458828848
18882.5113479166,21405.3322643144,23980.1029496852,26202.7880322419,27638.1642459661,4265.01068301124,6448.93180909056,6723.60453637779,7152.49202223253,11043.2131088782,2140.8979438544,1422.65899733562,2523.12923741532,1615.16154015628,4746.90280204893,9211.58593091874,9663.11781478421,1688.17112248729,2007.48608289074,2167.7263667954,789.961993959203,1903.18513697433,6345.12584098219,10640.062851835,14002.0080193842,13931.7793994773,5097.86838353051,2139.89153143331,5785.14110459719,7685.67079861608,3077.50115991855,4540.9039875778,5231.70965185378,2193.70822802395,3339.65764399586,2970.42928522125,1686.13056641531,1499.39148326913,1784.26472113865,2000.1726592472,1813.72469881733,1462.56768547647,1e+09,1503.71600849363,2558.92606342974,2289.54681384767,921.757049932356,2553.21988502753,1235.48045269846,1323.70360285073,1903.97874644125,2748.82873015035,2343.1789164509,3743.89362987252
18370.254512619,20374.257593775,22973.3213200943,25236.2769481673,26625.8939460293,3203.13867913957,7517.03992217016,5818.45661807322,6107.54415424891,9950.56040898702,867.375818316374,1106.99487790143,1582.27503212937,1330.89728431611,4317.69616034987,8448.76771074338,8821.90629241776,2214.79989958461,844.460608791198,1299.37656501108,1294.57443698692,1245.38494273859,5562.85879970901,9778.00967193222,13103.5712505141,13007.6904660781,3938.87796718812,2046.12976433559,4763.42981148038,6817.0225403544,2123.46631772204,5153.46839833136,6222.96381381894,1281.27834442794,3713.66054621313,1922.88680823911,2164.52546434548,2254.98886070419,1723.78234539631,2398.62944366153,2496.03390079141,873.223236406362,1503.71600849363,1e+09,1188.12822881203,1079.46818684017,1597.00985040794,1602.76347883897,958.845339770706,1363.97104851973,1581.66226575081,1525.38511258633,2649.40173256152,4422.32858331445
