1e+09,2208.43294659358,2541.9338620625,2313.51850370815,1920.46451787061,3142.55693725667,2009.4626384683,1401.97369686453,2049.24609471386,1603.27003389947,1806.91716329222,1340.57169506148,1810.006799048,1343.38932208798,1722.11244145091,2089.44855045536,1762.12967235672,2114.46926151694,1385.86847514474,1780.58212526129,1588.71719761574,1346.29581329662,1815.85338799695,1890.67944120626,2254.67717163677,1930.66322342867,2223.89289411608,1299.41377524636,1772.63192970227,1799.26275229606,2178.34315930709,2132.84303794255,1575.8296165195,1381.64365481842,1853.85972781114,2361.12853199482,1306.94954531535,1114.64059866847,1603.56649403759,1231.73325720304,1539.9396830071,2634.53206699027,1517.40807790785,2018.70528918909,2050.8724821646,2999.78912885556,2597.61676717333,1869.21467803995,2717.57682183963,2793.49357194535,2095.90006577127,1558.73622515165,1779.92060218988,1859.27435484922
2208.43294659358,1e+09,1463.42349916215,1312.69006578095,1462.71855584046,1463.76664011037,1995.08130325558,2111.35213019998,1777.89942238024,1204.11779365642,1519.70511047374,2180.97226841608,2386.98986650551,2113.79813707459,1986.53394282605,1803.94158353313,922.180089895678,1669.80304200825,1900.15477927457,1605.24984267247,1871.50502174052,2455.18539505676,2167.24723058999,1202.22027939975,1266.28589042917,969.565613303194,693.062491771125,1432.67524900097,2184.96593794961,1690.93834588964,1996.33072508039,1948.47505139276,2251.98894608744,2366.32293757636,2060.68353693623,2767.50996287276,1869.82259591652,1948.67625202341,2248.12342445872,2104.58436768403,2104.78387073353,3216.12489602005,2083.02999899185,2548.75944757445,2467.29910235869,2776.08440901929,2309.65937850151,2592.41455103153,2950.03864428926,2560.85435878341,2590.6463672798,2378.05708590017,2244.36426738175,2378.33119005743
2541.9338620625,1463.42349916215,1e+09,1035.75345951631,1028.09636391731,1563.68761714097,2465.52946668662,2912.12933146864,1386.20546478507,1507.00540088614,1232.53246914635,1871.72005713996,2190.52311028667,2732.74372135405,2961.57019631479,2059.76511440018,1588.22067059335,2222.9932743488,1732.38918413271,2285.37258255629,2571.22746455851,2404.80211476953,1631.44960253144,1835.47919593222,1821.26156485004,2243.29754696072,1609.28178098181,2253.6220119177,3061.010104704,2626.19561348731,2234.09069775602,2130.13123572234,2539.9207258889,2937.61393505001,3051.26284457764,3486.4286191603,2471.58677693097,2435.62013070594,3002.57244966712,2638.86039990751,2592.56931051033,3857.74106281124,2692.67794000694,2837.85272364512,2529.52948336247,2949.79839031416,2935.54871300069,2871.19443665872,3647.15776397183,3561.28772491075,3079.65684513713,2847.31233609873,2838.42095465067,2823.10632267012
2313.51850370815,1312.69006578095,1035.75345951631,1e+09,1252.06191819734,1481.39939533537,1752.04886878192,2553.38619681787,1317.39048702349,1170.55744532253,1079.07902768982,1734.19087819075,2391.47542533893,2092.83634866657,2513.19717941112,1431.86021321915,1030.38663374483,2252.43776155968,1696.10256016551,1941.82892912841,2521.07800815445,2288.05204816237,1621.82434064235,1222.16714650657,1209.73098459947,1849.04479212917,1135.89297105845,1867.07439517016,2479.30220711393,2365.30446002201,2200.19566982121,2174.76356726427,2494.27878175235,2659.68606957663,2616.94346155969,2665.05201757864,2045.780589555,1925.02699004456,2715.53372661803,2210.80020542337,2057.46912620822,3439.04504998117,2251.55508840002,2711.68639857193,2357.52376953023,2394.51375205907,2445.41692631338,2522.67617370918,3261.93474229636,3091.86704735181,2628.62284523665,2363.47084970388,2497.94473195465,2439.5448602557
1920.46451787061,1462.71855584046,1028.09636391731,1252.06191819734,1e+09,1635.75372532053,1964.81940824087,2465.26598100489,1242.7251470458,1268.07469559171,1041.21096930449,1689.39041171661,2095.88829544897,2320.40818131207,2688.87765415238,1960.86366435813,1375.51641218853,1989.33572076208,1461.47643155817,2284.25232494136,2242.14108842419,2120.86928991393,1429.20942758575,1783.95779888427,1810.04980657992,1990.94081878392,1700.72311188506,1798.40132253621,2747.69364314874,2271.98074740963,2170.11524682446,2115.81687385747,2482.42003381781,2354.74053528197,2743.78912090561,3279.71677402181,1852.65153442303,2048.79968093516,2743.07910254152,2390.95568601762,2422.32943319029,3501.14369159565,2329.74380456307,2758.64847158894,2421.99641851511,2864.42048931368,2876.49686318272,2600.89811092246,3325.63560586544,3382.52376229643,2920.53942026126,2668.04637973181,2691.22984066765,2592.3113435311
3142.55693725667,1463.76664011037,1563.68761714097,1481.39939533537,1635.75372532053,1e+09,2430.80238532465,3253.01800954129,2083.88819052271,2143.88167758857,1909.22990587828,2813.22890840756,3296.7499977857,2893.40514356355,3165.98561833436,2284.91829667934,1858.53462908282,2654.01407102525,2675.05891936982,2827.31850665962,2941.62737230602,3326.60935512422,2562.77284510352,2173.11265752607,1991.07752666741,2111.40817792297,1706.02154265414,2513.13091521313,3305.63157888171,2920.95220082425,2670.6903719825,2719.05925389647,3401.11279398376,3355.40837454996,3258.21357183657,3587.55407308378,2500.22025903719,2791.22246947462,3386.99121373233,3189.3641283491,3094.0693116994,3926.17653799469,3014.19637834034,3504.78790674985,3179.77356564898,2865.32011968995,2945.44569530657,3271.66859402049,3596.27812699463,3488.81833883623,3392.12521446364,3333.06413825177,3309.58731375983,3120.95775035485
2009.4626384683,1995.08130325558,2465.52946668662,1752.04886878192,1964.81940824087,2430.80238532465,1e+09,2238.96164873363,2386.40240950683,1710.78792011167,2190.99779748862,2346.60830527807,2995.7499746808,1704.66955176069,2401.5854994982,2199.66336556301,1296.06232257558,2772.13470756744,2391.70217982925,2148.34923208495,2798.3469152698,2712.37050948059,2454.41419974299,1504.71325799968,1545.53308754617,2017.47791346027,1974.07256145766,1828.69910305113,2285.3091837211,2399.59806496838,3046.72183247831,3165.59601340727,2973.69921079789,2342.14043389802,2394.67737183947,2307.7933017062,1933.37368628002,1983.00124528453,2766.31455684273,2218.34609267806,2302.8866641891,3626.5990537141,2357.95794888289,3294.50462009086,3107.77777543698,3080.19211430067,2902.15594947963,2956.60712506752,3388.22752432596,3142.6827722664,3049.0384764545,2492.19689904309,2701.75076757646,2715.0903752914
1401.97369686453,2111.35213019998,2912.12933146864,2553.38619681787,2465.26598100489,3253.01800954129,2238.96164873363,1e+09,2337.10293893958,1701.82241702829,2160.78796666864,2133.76635021269,2272.11377336171,1503.04699188016,1091.14815295633,2344.63135846555,1757.35171656103,1785.856137487,1787.35893297905,1405.44180359772,1247.14182766035,1807.16509904325,2453.6414688377,1605.45106593132,1869.72787057368,1629.73576257012,1974.47510032413,795.861480912351,1456.4815536422,1228.11587209839,1894.04576776803,2259.58693393284,1774.93429241761,1118.20767462936,658.102564118998,2200.60958702356,1367.18785091881,1318.41221053963,1168.83615211885,1037.82561531309,1419.22467023372,2141.99384431889,1005.60041507549,1857.13774241439,1906.59465146633,2839.42827144832,2094.49801814182,1798.03531380782,1872.60817409836,1621.98323110937,1948.72406471517,1565.11060877498,1151.21399557163,1557.73595840245
2049.24609471386,1777.89942238024,1386.20546478507,1317.39048702349,1242.7251470458,2083.88819052271,2386.40240950683,2337.10293893958,1e+09,1135.96243850754,731.01453084053,1444.27722771634,2240.28956206558,2266.88396615266,2618.3836388696,1730.45653620656,1683.42497061794,1575.82222886974,1205.73677479788,2295.00802013849,2207.3591264903,1498.41057237327,1560.80913227723,1670.56795111722,1857.12942720748,2142.1603744818,1684.01093844428,1738.71684934609,2485.86385771627,2094.18845921278,1496.87616735654,1568.43290784145,2301.08421923232,2056.1730989389,2483.61942964296,2879.12598680572,1749.4923889803,1786.68952028605,2602.92050045713,2080.19003353059,1866.55848678792,2903.27585094837,1767.55808057331,2412.0329689911,1812.35766503193,2530.39630589756,2665.98539324581,2075.53786742136,2824.19138344058,3037.2354984097,2395.19291014315,2344.99535954765,2219.98608522666,2237.65307496493
1603.27003389947,1204.11779365642,1507.00540088614,1170.55744532253,1268.07469559171,2143.88167758857,1710.78792011167,1701.82241702829,1135.96243850754,1e+09,1069.47143019344,1557.59853293459,1926.89483677756,1835.60912089148,1942.37567432256,1544.59161139765,836.965099033407,1330.55563510137,1140.44082003408,1547.8411908203,1889.56168515346,1535.04988182795,1654.27008160699,923.617583418592,1215.33958344983,1468.85278830113,1086.68546060946,1069.47002337606,1756.07336589335,1336.27548881209,1827.38215562591,1743.42065902065,1925.49517405264,1632.73114115582,1822.15313538682,2382.35787059795,1614.29263375635,1498.77925419323,2143.42262370257,1602.91759672792,1507.85641289216,2934.67676935638,1532.53890015882,2270.49953869187,1990.26328728136,2692.94738986858,2437.40802244926,2191.95706326561,2843.26611582525,2633.87112188505,2318.02222299529,2011.44530783216,1923.80381247673,2183.37076265118
1806.91716329222,1519.70511047374,1232.53246914635,1079.07902768982,1041.21096930449,1909.22990587828,2190.99779748862,2160.78796666864,731.01453084053,1069.47143019344,1e+09,1188.87877279393,1801.53803157191,1927.26894788973,2231.53142066161,1244.43212542911,1334.34553291117,1774.5155981563,878.693387137971,1930.49471721629,1876.64840207216,1573.19200967333,1000.94163681006,1531.65708205198,1657.98054207521,1775.15151125193,1363.02542239681,1500.34679561093,2253.01523146205,2020.30711437643,1479.98028287542,1384.3297150968,1946.60778748571,2174.68556368501,2361.52716401908,2731.28183844143,1537.87227213446,1469.88589108135,2241.20818194116,1857.62667511532,1710.10270320235,2740.22107662867,1722.20598590877,2009.60760080171,1536.87397658364,2071.40045592348,2167.1525148683,1769.69370830096,2717.33193507897,2819.14339151097,2064.2942664504,2004.62614250139,2094.14463385412,1916.6675967418
1340.57169506148,2180.97226841608,1871.72005713996,1734.19087819075,1689.39041171661,2813.22890840756,2346.60830527807,2133.76635021269,1444.27722771634,1557.59853293459,1188.87877279393,1e+09,1620.01597078547,1650.33408584444,2217.60326050446,1710.18010314703,1799.44651434823,2297.01209594116,1002.48926717447,1835.43133764246,1952.09873556642,1136.06006130838,1134.69213996573,1814.75010351288,2141.78144391532,2243.73597165531,2058.15286140267,1792.17927816946,2290.34388016298,2379.00932457189,1799.52827882754,1759.93450034369,1498.10717390312,2157.77579620775,2420.02213494009,2526.3752464351,1692.14998377803,1241.9926425708,1993.26394970661,1440.93321680777,1473.61086203244,2825.27015186159,1761.29420838768,1822.85560201569,1597.82819755442,2534.2549935632,2432.4337656553,1641.07409058823,2883.13204300462,3068.55667014641,1928.13654908048,1504.420970141,1837.16637393024,1728.21211394898
1810.006799048,2386.98986650551,2190.52311028667,2391.47542533893,2095.88829544897,3296.7499977857,2995.7499746808,2272.11377336171,2240.28956206558,1926.89483677756,1801.53803157191,1620.01597078547,1e+09,2496.94211088283,2263.92849357041,2188.99957665597,2109.5861129615,2402.14848610572,1139.62898462614,1900.97025715817,1873.26609145631,1761.82865957505,1285.8279858908,2364.56531438656,2527.21307548453,2405.19348392182,2286.70433569799,2039.99706678711,2491.58905335531,2308.81231939714,2295.22100219129,1893.0266543554,1261.31722294592,2558.99858559945,2647.55703183142,3344.40051913643,2472.40971289145,2073.8121732211,2092.40694627025,2022.95252556752,2187.84272170099,3211.4334324099,2380.13032443604,1604.26136561347,1794.79497439123,2954.77421499512,2597.67736043181,2201.05666910237,3363.15359215127,3222.17841177363,2422.51614366138,2147.89313388725,2361.82469444707,2365.00752869838
1343.38932208798,2113.79813707459,2732.74372135405,2092.83634866657,2320.40818131207,2893.40514356355,1704.66955176069,1503.04699188016,2266.88396615266,1835.60912089148,1927.26894788973,1650.33408584444,2496.94211088283,1e+09,1304.14408977689,1691.30386734614,1594.38339971915,2537.51528476185,1913.78387737487,1521.69638295555,1814.2692010559,1998.67279313048,2142.29343326259,1551.12668138357,1871.9865853686,1614.9957705827,1906.37438615819,1336.01079419292,1518.53390969711,2082.96898611093,2174.80489143279,2351.22805312458,1922.32301931803,1948.97120732965,1630.39475922244,1444.11546037704,1094.0792691117,675.347231059697,1424.17969087472,1027.82143565894,1189.43970044723,2284.71116771902,1369.01530984865,2057.60419850369,2066.50202990464,2291.94567765032,1830.71114351773,1604.26447535935,2244.13539415517,2182.9054831119,1576.98572276353,993.035343630829,1508.01201599987,1315.32092620014
1722.11244145091,1986.53394282605,2961.57019631479,2513.19717941112,2688.87765415238,3165.98561833436,2401.5854994982,1091.14815295633,2618.3836388696,1942.37567432256,2231.53142066161,2217.60326050446,2263.92849357041,1304.14408977689,1e+09,1927.59781795892,1737.49069522688,2204.80113037435,2002.79203398655,1131.8682997593,1238.45310536976,2193.67200586141,2465.16269704456,1711.0503044037,1983.62137871621,1210.13989269836,1737.0066699066,1141.05542612969,1105.09289437585,1491.3451597132,2058.91009427318,2091.76998255066,1517.01546798311,1963.98116139132,1016.64006285411,1860.51870917763,1597.51747032701,1240.47736553312,732.412860618927,1098.59248654813,1314.64018929135,2025.00008953086,1372.13917599491,1569.56072179448,1935.96792233239,2481.69428987537,1489.24476178364,1704.08342413158,2042.8398861389,1441.33871629815,1460.33821106619,1187.39368711477,1286.55146904428,1448.60118238251
2089.44855045536,1803.94158353313,2059.76511440018,1431.86021321915,1960.86366435813,2284.91829667934,2199.66336556301,2344.63135846555,1730.45653620656,1544.59161139765,1244.43212542911,1710.18010314703,2188.99957665597,1691.30386734614,1927.59781795892,1e+09,1492.06356231898,2354.15549114752,1584.80116639281,1952.32526045226,2193.86959977114,2075.47822467498,1560.57653432954,1732.52834124005,1912.93265602843,1602.11324078543,1370.71601424219,1727.95753312979,1714.55941839296,2119.56991618583,2110.34766934266,1638.03570531903,2039.94462682201,2562.04373454085,2384.14568837561,2071.85561533617,1797.700776047,1414.23373188451,2182.0496770697,1895.12251131688,1527.57485718376,2539.55781363607,1879.57611122827,2055.66663265229,1849.21620631553,1702.06013648167,1801.97464701921,1804.68810424405,2856.38897851816,2684.42665906521,1659.4093545295,1758.33316865718,2263.082312047,2021.20116772181
1762.12967235672,922.180089895678,1588.22067059335,1030.38663374483,1375.51641218853,1858.53462908282,1296.06232257558,1757.35171656103,1683.42497061794,836.965099033407,1334.34553291117,1799.44651434823,2109.5861129615,1594.38339971915,1737.49069522688,1492.06356231898,1e+09,1902.96468072847,1554.36941381385,1269.89324551318,1923.80363696506,2134.08054170877,1758.38676248998,718.907383881957,787.028317470216,1137.22616796308,795.878041473692,1109.38856155091,1826.62794115277,1649.66464810276,2121.83451298635,2135.91949185825,2084.88823064931,2076.73262296811,1848.55304354514,2306.14383046678,1615.23208295279,1520.87500978877,2068.4353936732,1680.00474103498,1718.62747333446,3088.21030138817,1808.36644773674,2376.78394150583,2242.31855633851,2494.95402186092,2121.45633499726,2318.22165450157,2870.32871058351,2489.31897214881,2375.99345388408,1971.20904934002,2035.96099311848,2116.19005313795
2114.46926151694,1669.80304200825,2222.9932743488,2252.43776155968,1989.33572076208,2654.01407102525,2772.13470756744,1785.856137487,1575.82222886974,1330.55563510137,1774.5155981563,2297.01209594116,2402.14848610572,2537.51528476185,2204.80113037435,2354.15549114752,1902.96468072847,1e+09,1710.11337907754,2155.8731297319,1711.41139890443,1762.00005300794,2487.6538477449,1817.05423878871,2083.77288244185,1778.60070178779,1738.15390066588,1402.83967458865,2102.64052617179,1049.36037694397,1540.43185191686,1567.8854306358,2174.29021075844,1472.74492007272,1773.45129966966,2984.62392161894,1909.87592337827,2063.20292615632,2256.31814864394,2046.49520488077,1965.74489931934,2688.40866036025,1574.00994107407,2379.68750534603,2124.33944156766,3215.97473467999,2804.58003508547,2386.32234203596,2569.4372589538,2488.10589686211,2529.54629603809,2522.73557094278,1986.87315327376,2443.82502915
1385.86847514474,1900.15477927457,1732.38918413271,1696.10256016551,1461.47643155817,2675.05891936982,2391.70217982925,1787.35893297905,1205.73677479788,1140.44082003408,878.693387137971,1002.48926717447,1139.62898462614,1913.78387737487,2002.79203398655,1584.80116639281,1554.36941381385,1710.11337907754,1e+09,1722.64353642882,1597.93756774162,1022.39313646953,911.38418490777,1687.62352324208,1902.54752510943,1955.4550670624,1725.57443336994,1364.81576262146,2042.67243037155,1799.64597946374,1533.99598027505,1377.60427884788,1405.48496559017,1833.23521685025,2127.83800088259,2739.53537998691,1642.10940013143,1365.50272097861,1898.30330822026,1513.62054871754,1510.53002879784,2606.90553139158,1544.05077529853,1555.48745986588,1221.0744669757,2383.20410892563,2242.83216993604,1582.02402175188,2681.82896259251,2745.41474635437,1939.42106152841,1752.11954078482,1824.7569193457,1807.28910210846
1780.58212526129,1605.24984267247,2285.37258255629,1941.82892912841,2284.25232494136,2827.31850665962,2148.34923208495,1405.44180359772,2295.00802013849,1547.8411908203,1930.49471721629,1835.43133764246,1900.97025715817,1521.69638295555,1131.8682997593,1952.32526045226,1269.89324551318,2155.8731297319,1722.64353642882,1e+09,1522.44223075951,2062.99702265902,2109.79764880426,1120.57496929032,1372.94995367639,1412.40415565092,1376.63722886605,1272.95086342718,1698.84490445714,1751.7474866544,1994.47919339862,2148.06122019369,1370.95879285265,2167.94620890372,1407.3377094358,2163.67300070967,1896.75791707851,1442.05242983742,1273.10079938707,1087.8289775052,1404.47134669953,2811.28125252526,1675.69334805029,1711.73264174053,1959.66915154064,2644.42824689951,1763.65902671123,2028.69924355485,2557.23201450318,1981.84773802126,1952.80811558637,1341.32245377463,1313.67665249102,1640.26791756713
1588.71719761574,1871.50502174052,2571.22746455851,2521.07800815445,2242.14108842419,2941.62737230602,2798.3469152698,1247.14182766035,2207.3591264903,1889.56168515346,1876.64840207216,1952.09873556642,1873.26609145631,1814.2692010559,1238.45310536976,2193.86959977114,1923.80363696506,1711.41139890443,1597.93756774162,1522.44223075951,1e+09,1872.14637421864,2152.80838550485,1972.88475198122,2200.59993226847,1453.27317813961,1875.27216720667,1162.75316550848,1924.36057821813,1543.22618303345,1362.96958898576,1568.73488509053,1323.38554930149,1818.11513895573,1453.44587267638,2766.20470956146,1422.63611665106,1429.68905346582,919.636658251508,1405.90334372602,1699.85094043566,2037.69277851201,1393.74249045511,1291.53743337156,1550.61623837106,2617.13447537569,1824.62548000953,1529.59150409513,1886.95177696729,1837.23232180908,1702.05867475243,1633.74677199375,1332.07393267041,1370.59967590832
1346.29581329662,2455.18539505676,2404.80211476953,2288.05204816237,2120.86928991393,3326.60935512422,2712.37050948059,1807.16509904325,1498.41057237327,1535.04988182795,1573.19200967333,1136.06006130838,1761.82865957505,1998.67279313048,2193.67200586141,2075.47822467498,2134.08054170877,1762.00005300794,1022.39313646953,2062.99702265902,1872.14637421864,1e+09,1758.22670244767,2005.32931203331,2413.15539541075,2386.85960077253,2296.42429659678,1663.06146278482,2003.93380706549,1887.66186699313,1670.13768097124,1598.67870611953,1493.68744448094,1478.18743277028,2079.98708339739,2534.46214236867,1789.27800743764,1423.85459787859,1967.85221744419,1380.47238364264,1305.80360345651,2466.49383110925,1356.63337685611,1784.11036146871,1482.84324727869,2924.83082917628,2721.72047190743,1644.35269832843,2668.3293165762,2886.72949321546,1931.88441678067,1698.82109484784,1647.31213089687,1927.972684376
1815.85338799695,2167.24723058999,1631.44960253144,1621.82434064235,1429.20942758575,2562.77284510352,2454.41419974299,2453.6414688377,1560.80913227723,1654.27008160699,1000.94163681006,1134.69213996573,1285.8279858908,2142.29343326259,2465.16269704456,1560.57653432954,1758.38676248998,2487.6538477449,911.38418490777,2109.79764880426,2152.80838550485,1758.22670244767,1e+09,2078.97785041111,2148.56465832425,2310.67342824554,1998.8376998646,1962.74377207011,2574.95765920529,2535.85068497733,2105.9529513738,1871.97127408516,1887.70096964535,2604.62520263473,2813.49322293479,3086.11354170581,2026.0195141459,1756.76722877563,2393.6511922375,2077.15638250951,2073.1237429541,3096.64528480419,2238.3149233296,1956.83516814779,1660.1804026069,2214.08306074998,2362.58470523281,1930.0983205267,3187.98251922748,3271.57942813559,2288.01879703817,2101.46390473403,2461.63159022629,2141.72271256108
1890.67944120626,1202.22027939975,1835.47919593222,1222.16714650657,1783.95779888427,2173.11265752607,1504.71325799968,1605.45106593132,1670.56795111722,923.617583418592,1531.65708205198,1814.75010351288,2364.56531438656,1551.12668138357,1711.0503044037,1732.52834124005,718.907383881957,1817.05423878871,1687.62352324208,1120.57496929032,1972.88475198122,2005.32931203331,2078.97785041111,1e+09,595.926608988054,1367.48051785025,943.006071825627,1131.07174586761,1785.71299586468,1643.81992639097,1927.63226345172,2190.76725744658,2078.30649700664,1923.93657741101,1549.37256823528,2028.7712492048,1650.68305001293,1467.21688328618,1985.51976877592,1421.29476270758,1436.67009960533,2954.06838160527,1542.72892087366,2346.2197090213,2157.40286434871,2575.68954293797,2112.39130657651,2231.01274196272,2613.45445527562,2223.50009226445,2262.78416736992,1797.39274611867,1643.87015335762,1937.55879348215
2254.67717163677,1266.28589042917,1821.26156485004,1209.73098459947,1810.04980657992,1991.07752666741,1545.53308754617,1869.72787057368,1857.12942720748,1215.33958344983,1657.98054207521,2141.78144391532,2527.21307548453,1871.9865853686,1983.62137871621,1912.93265602843,787.028317470216,2083.77288244185,1902.54752510943,1372.94995367639,2200.59993226847,2413.15539541075,2148.56465832425,595.926608988054,1e+09,1551.0872599567,992.794811227375,1383.98679849195,2173.53025033009,1947.46035387116,2134.6307966016,2484.02331289382,2440.60383704525,2285.14601607862,1858.42881728088,2429.13971864527,1892.1268183449,1835.60933912965,2295.43055192267,1851.08989776294,1899.97785050247,3198.01509466419,1906.81830796749,2574.48328844838,2331.56765323248,2491.0973562067,2107.90902526651,2467.39784361987,2735.68759219689,2304.20320106539,2571.41726746166,2174.34629691317,2012.7224800255,2145.3692426946
1930.66322342867,969.565613303194,2243.29754696072,1849.04479212917,1990.94081878392,2111.40817792297,2017.47791346027,1629.73576257012,2142.1603744818,1468.85278830113,1775.15151125193,2243.73597165531,2405.19348392182,1614.9957705827,1210.13989269836,1602.11324078543,1137.22616796308,1778.60070178779,1955.4550670624,1412.40415565092,1453.27317813961,2386.85960077253,2310.67342824554,1367.48051785025,1551.0872599567,1e+09,950.685566209985,1054.79840045385,1501.79654524173,1327.74090774518,1972.54459478107,1863.46531054377,1986.86628050304,2099.9271870234,1515.81734252515,2231.81091970176,1487.71586033758,1515.39704166928,1628.90733846343,1712.82834504804,1721.09824002002,2550.23831790286,1670.12988303305,2169.88188657816,2255.82363109353,2492.60346555564,1806.85336040311,2165.958049386,2447.15273088951,1948.42067921689,2018.04933978335,1896.48448981266,1883.72190006912,1962.05348599369
2223.89289411608,693.062491771125,1609.28178098181,1135.89297105845,1700.72311188506,1706.02154265414,1974.07256145766,1974.47510032413,1684.01093844428,1086.68546060946,1363.02542239681,2058.15286140267,2286.70433569799,1906.37438615819,1737.0066699066,1370.71601424219,795.878041473692,1738.15390066588,1725.57443336994,1376.63722886605,1875.27216720667,2296.42429659678,1998.8376998646,943.006071825627,992.794811227375,950.685566209985,1e+09,1301.14207364146,1856.89149615695,1615.24593282262,1850.15927557602,1796.9069638131,2094.93028829124,2340.93905418317,1870.3927640739,2383.37109236057,1817.83535780884,1707.2977635726,2077.03756362277,1856.89971414721,1733.09417366743,2895.54539644952,1823.85543769236,2249.25279790868,2112.62987283622,2292.20334222337,1860.58786871247,2261.93956499726,2707.5706019419,2234.28929398142,2196.8430711364,2055.33824902375,2003.33644952614,2103.80542063661
1299.41377524636,1432.67524900097,2253.6220119177,1867.07439517016,1798.40132253621,2513.13091521313,1828.69910305113,795.861480912351,1738.71684934609,1069.47002337606,1500.34679561093,1792.17927816946,2039.99706678711,1336.01079419292,1141.05542612969,1727.95753312979,1109.38856155091,1402.83967458865,1364.81576262146,1272.95086342718,1162.75316550848,1663.06146278482,1962.74377207011,1131.07174586761,1383.98679849195,1054.79840045385,1301.14207364146,1e+09,1340.60958242883,969.384604839586,1600.01865670373,1801.20314662172,1718.7539007083,1227.60470877233,1008.57807932753,2133.62747969274,994.131411987369,1048.87771026941,1365.39438006021,1128.05407920011,1275.42287120782,2217.34348496123,939.445081417748,1841.29317597714,1732.76882964809,2447.14068580047,1882.88009931594,1697.31427640847,2028.75890600633,1801.80552929555,1841.19226437654,1572.31971306729,1356.57983782747,1550.43505774992
1772.63192970227,2184.96593794961,3061.010104704,2479.30220711393,2747.69364314874,3305.63157888171,2285.3091837211,1456.4815536422,2485.86385771627,1756.07336589335,2253.01523146205,2290.34388016298,2491.58905335531,1518.53390969711,1105.09289437585,1714.55941839296,1826.62794115277,2102.64052617179,2042.67243037155,1698.84490445714,1924.36057821813,2003.93380706549,2574.95765920529,1785.71299586468,2173.53025033009,1501.79654524173,1856.89149615695,1340.60958242883,1e+09,1267.39561084927,2384.4343688808,2100.82949500906,1863.57368099574,1748.64729013601,1321.08780964779,1395.12102206224,1799.87396058724,1371.55086394927,1579.02900619336,1361.4493722133,1141.89278336453,2149.70304926053,1375.68751375449,2074.687772654,2202.07630950882,2728.84172794979,2137.24707441606,1999.6554103645,2527.69815246995,2041.68804808668,1657.97736374777,1511.66829403808,1742.21354187711,2061.33844960016
1799.26275229606,1690.93834588964,2626.19561348731,2365.30446002201,2271.98074740963,2920.95220082425,2399.59806496838,1228.11587209839,2094.18845921278,1336.27548881209,2020.30711437643,2379.00932457189,2308.81231939714,2082.96898611093,1491.3451597132,2119.56991618583,1649.66464810276,1049.36037694397,1799.64597946374,1751.7474866544,1543.22618303345,1887.66186699313,2535.85068497733,1643.81992639097,1947.46035387116,1327.74090774518,1615.24593282262,969.384604839586,1267.39561084927,1e+09,1978.76271970643,1838.76653876994,1948.20079978939,1261.49321674752,1170.87451018459,2409.25137484655,1752.54790924528,1748.87909622135,1790.49256239729,1670.38476702226,1640.21822112181,2440.65671014996,1362.80818066961,2197.93512838755,2185.38901120601,3076.80737976884,2468.96078662663,2269.69087560399,2477.17368083064,2065.22430038483,2235.98230648187,2132.2032105782,1800.10296708272,2281.91997975389
2178.34315930709,1996.33072508039,2234.09069775602,2200.19566982121,2170.11524682446,2670.6903719825,3046.72183247831,1894.04576776803,1496.87616735654,1827.38215562591,1479.98028287542,1799.52827882754,2295.22100219129,2174.80489143279,2058.91009427318,2110.34766934266,2121.83451298635,1540.43185191686,1533.99598027505,1994.47919339862,1362.96958898576,1670.13768097124,2105.9529513738,1927.63226345172,2134.6307966016,1972.54459478107,1850.15927557602,1600.01865670373,2384.4343688808,1978.76271970643,1e+09,1240.58118895943,1840.56406962648,2053.50668686518,1925.04467161154,2864.21714995564,1604.67793363653,1633.04924209284,1795.36173165744,1715.49733074698,1663.9680621935,2010.40820996632,1323.00772514751,1579.54975125825,1140.49738149634,2297.38536216717,1963.53138019233,1375.1151168175,1725.70117572539,2074.09742447167,1709.88792311075,1902.47006812197,1391.53859213462,1394.28041386946
2132.84303794255,1948.47505139276,2130.13123572234,2174.76356726427,2115.81687385747,2719.05925389647,3165.59601340727,2259.58693393284,1568.43290784145,1743.42065902065,1384.3297150968,1759.93450034369,1893.0266543554,2351.22805312458,2091.76998255066,1638.03570531903,2135.91949185825,1567.8854306358,1377.60427884788,2148.06122019369,1568.73488509053,1598.67870611953,1871.97127408516,2190.76725744658,2484.02331289382,1863.46531054377,1796.9069638131,1801.20314662172,2100.82949500906,1838.76653876994,1240.58118895943,1e+09,1538.73722564966,2287.22525777414,2294.74548081045,2861.25145356014,1953.304761142,1746.6005442287,1959.1756794887,1948.63537476871,1695.34711961887,2233.22089966488,1718.80878983091,1539.07868411592,1386.03403190542,2451.92178054276,2209.84510330475,1651.63335425875,2564.94263224346,2626.58800594992,1663.90552039471,2002.64541796595,1961.27122739309,1994.36316334313
1575.8296165195,2251.98894608744,2539.9207258889,2494.27878175235,2482.42003381781,3401.11279398376,2973.69921079789,1774.93429241761,2301.08421923232,1925.49517405264,1946.60778748571,1498.10717390312,1261.31722294592,1922.32301931803,1517.01546798311,2039.94462682201,2084.88823064931,2174.29021075844,1405.48496559017,1370.95879285265,1323.38554930149,1493.68744448094,1887.70096964535,2078.30649700664,2440.60383704525,1986.86628050304,2094.93028829124,1718.7539007083,1863.57368099574,1948.20079978939,1840.56406962648,1538.73722564966,1e+09,2204.64748057371,1946.55639972234,2578.04549178249,2085.68744353031,1496.97326940063,1166.10807307899,1232.59611471074,1424.26060698174,2511.78874694907,1755.0815357128,982.353334549235,1521.85470094881,2828.5766439501,2133.19175289049,1657.84301992076,2711.89293330323,2520.27890440721,1603.59285555904,1272.95626598089,1463.63384437502,1694.073047392
1381.64365481842,2366.32293757636,2937.61393505001,2659.68606957663,2354.74053528197,3355.40837454996,2342.14043389802,1118.20767462936,2056.1730989389,1632.73114115582,2174.68556368501,2157.77579620775,2558.99858559945,1948.97120732965,1963.98116139132,2562.04373454085,2076.73262296811,1472.74492007272,1833.23521685025,2167.94620890372,1818.11513895573,1478.18743277028,2604.62520263473,1923.93657741101,2285.14601607862,2099.9271870234,2340.93905418317,1227.60470877233,1748.64729013601,1261.49321674752,2053.50668686518,2287.22525777414,2204.64748057371,1e+09,1383.04307680564,2444.24421731954,1492.56590866199,1634.34202867698,1978.39453701733,1548.03092869619,1665.72676534899,2415.90484098608,1148.38796127441,2439.37451513703,2238.29965219137,3330.7519506712,2906.4959773583,2167.75973431098,2344.04699703312,2444.72468249494,2396.97865247065,2118.84626221442,1716.92781677041,2180.79414028468
1853.85972781114,2060.68353693623,3051.26284457764,2616.94346155969,2743.78912090561,3258.21357183657,2394.67737183947,658.102564118998,2483.61942964296,1822.15313538682,2361.52716401908,2420.02213494009,2647.55703183142,1630.39475922244,1016.64006285411,2384.14568837561,1848.55304354514,1773.45129966966,2127.83800088259,1407.3377094358,1453.44587267638,2079.98708339739,2813.49322293479,1549.37256823528,1858.42881728088,1515.81734252515,1870.3927640739,1008.57807932753,1321.08780964779,1170.87451018459,1925.04467161154,2294.74548081045,1946.55639972234,1383.04307680564,1e+09,1964.8425849925,1595.1420323595,1498.07262888019,1253.1474105627,1163.49297062767,1376.17224986555,2101.40390934251,1041.26050434077,2025.31639987435,2103.18298231514,2903.93354290349,2048.64908036979,1974.83026956749,1799.52025556813,1273.00128652724,1920.25855975179,1630.70545378373,1072.23698644469,1678.14782537177
2361.12853199482,2767.50996287276,3486.4286191603,2665.05201757864,3279.71677402181,3587.55407308378,2307.7933017062,2200.60958702356,2879.12598680572,2382.35787059795,2731.28183844143,2526.3752464351,3344.40051913643,1444.11546037704,1860.51870917763,2071.85561533617,2306.14383046678,2984.62392161894,2739.53537998691,2163.67300070967,2766.20470956146,2534.46214236867,3086.11354170581,2028.7712492048,2429.13971864527,2231.81091970176,2383.37109236057,2133.62747969274,1395.12102206224,2409.25137484655,2864.21714995564,2861.25145356014,2578.04549178249,2444.24421731954,1964.8425849925,1e+09,2163.8318370428,1655.93546045732,2192.57083320015,1688.45113168845,1392.14716344932,2542.13738672795,1855.35110491249,2738.17584753061,2736.6681048494,2823.66886592603,2419.56410477177,2328.29755984926,2767.74985546021,2442.01247054555,1914.18682001,1596.20374683184,2020.26745984288,2219.19413395944
1306.94954531535,1869.82259591652,2471.58677693097,2045.780589555,1852.65153442303,2500.22025903719,1933.37368628002,1367.18785091881,1749.4923889803,1614.29263375635,1537.87227213446,1692.14998377803,2472.40971289145,1094.0792691117,1597.51747032701,1797.700776047,1615.23208295279,1909.87592337827,1642.10940013143,1896.75791707851,1422.63611665106,1789.27800743764,2026.0195141459,1650.68305001293,1892.1268183449,1487.71586033758,1817.83535780884,994.131411987369,1799.87396058724,1752.54790924528,1604.67793363653,1953.304761142,2085.68744353031,1492.56590866199,1595.1420323595,2163.8318370428,1e+09,870.729018926095,1599.83935162253,1383.22040698509,1476.27154260319,1985.48044885866,1047.2539103293,2068.07862950131,1820.91751150347,2260.51254935689,1981.47582400089,1454.1966019765,1816.34180825086,2112.31829185376,1741.853916923,1597.30277323994,1577.14989170339,1333.16235845451
1114.64059866847,1948.67625202341,2435.62013070594,1925.02699004456,2048.79968093516,2791.22246947462,1983.00124528453,1318.41221053963,1786.68952028605,1498.77925419323,1469.88589108135,1241.9926425708,2073.8121732211,675.347231059697,1240.47736553312,1414.23373188451,1520.87500978877,2063.20292615632,1365.50272097861,1442.05242983742,1429.68905346582,1423.85459787859,1756.76722877563,1467.21688328618,1835.60933912965,1515.39704166928,1707.2977635726,1048.87771026941,1371.55086394927,1748.87909622135,1633.04924209284,1746.6005442287,1496.97326940063,1634.34202867698,1498.07262888019,1655.93546045732,870.729018926095,1e+09,1213.22421621067,750.033615313341,778.042588101705,1937.11694350135,911.714699947303,1579.55904220134,1484.70812178691,2105.22094013906,1710.67350675107,1109.04854185919,2020.6526687187,2083.5573401037,1195.14302386785,807.496911449202,1202.4945856427,1051.2587326629
1603.56649403759,2248.12342445872,3002.57244966712,2715.53372661803,2743.07910254152,3386.99121373233,2766.31455684273,1168.83615211885,2602.92050045713,2143.42262370257,2241.20818194116,1993.26394970661,2092.40694627025,1424.17969087472,732.412860618927,2182.0496770697,2068.4353936732,2256.31814864394,1898.30330822026,1273.10079938707,919.636658251508,1967.85221744419,2393.6511922375,1985.51976877592,2295.43055192267,1628.90733846343,2077.03756362277,1365.39438006021,1579.02900619336,1790.49256239729,1795.36173165744,1959.1756794887,1166.10807307899,1978.39453701733,1253.1474105627,2192.57083320015,1599.83935162253,1213.22421621067,1e+09,962.868656619375,1346.22469510108,1892.26044000291,1350.00955163288,1165.29703612427,1664.68059966469,2581.26992466886,1606.64579466042,1406.32924082521,1878.27031622182,1625.06903868728,1304.48252326354,999.8012569506,988.619870476008,1111.27260076005
1231.73325720304,2104.58436768403,2638.86039990751,2210.80020542337,2390.95568601762,3189.3641283491,2218.34609267806,1037.82561531309,2080.19003353059,1602.91759672792,1857.62667511532,1440.93321680777,2022.95252556752,1027.82143565894,1098.59248654813,1895.12251131688,1680.00474103498,2046.49520488077,1513.62054871754,1087.8289775052,1405.90334372602,1380.47238364264,2077.15638250951,1421.29476270758,1851.08989776294,1712.82834504804,1856.89971414721,1128.05407920011,1361.4493722133,1670.38476702226,1715.49733074698,1948.63537476871,1232.59611471074,1548.03092869619,1163.49297062767,1688.45113168845,1383.22040698509,750.033615313341,962.868656619375,1e+09,671.596957110438,2127.02709392711,933.788746130515,1474.2070512991,1569.08242154452,2546.76526658819,1878.40023296421,1376.57565840022,2073.74183501708,1932.85911323097,1384.55931906148,676.351102534771,728.355824717562,1141.3351866564
1539.9396830071,2104.78387073353,2592.56931051033,2057.46912620822,2422.32943319029,3094.0693116994,2302.8866641891,1419.22467023372,1866.55848678792,1507.85641289216,1710.10270320235,1473.61086203244,2187.84272170099,1189.43970044723,1314.64018929135,1527.57485718376,1718.62747333446,1965.74489931934,1510.53002879784,1404.47134669953,1699.85094043566,1305.80360345651,2073.1237429541,1436.67009960533,1899.97785050247,1721.09824002002,1733.09417366743,1275.42287120782,1141.89278336453,1640.21822112181,1663.9680621935,1695.34711961887,1424.26060698174,1665.72676534899,1376.17224986555,1392.14716344932,1476.27154260319,778.042588101705,1346.22469510108,671.596957110438,1e+09,1960.73917069558,852.667401863118,1570.04678685063,1487.13848830565,2334.12120792816,1864.74682217185,1309.26372725284,2140.74324861717,2014.06189031023,1141.7322827178,811.356113614731,1012.47583902037,1338.52985312245
2634.53206699027,3216.12489602005,3857.74106281124,3439.04504998117,3501.14369159565,3926.17653799469,3626.5990537141,2141.99384431889,2903.27585094837,2934.67676935638,2740.22107662867,2825.27015186159,3211.4334324099,2284.71116771902,2025.00008953086,2539.55781363607,3088.21030138817,2688.40866036025,2606.90553139158,2811.28125252526,2037.69277851201,2466.49383110925,3096.64528480419,2954.06838160527,3198.01509466419,2550.23831790286,2895.54539644952,2217.34348496123,2149.70304926053,2440.65671014996,2010.40820996632,2233.22089966488,2511.78874694907,2415.90484098608,2101.40390934251,2542.13738672795,1985.48044885866,1937.11694350135,1892.26044000291,2127.02709392711,1960.73917069558,1e+09,1602.26251360381,1927.57035420241,1814.62220809181,2318.21129998971,2001.81361072903,1334.07336177588,1281.70708876872,1819.18402634258,1306.47870748053,2008.68882204288,1925.55549276047,1672.83270562241
1517.40807790785,2083.02999899185,2692.67794000694,2251.55508840002,2329.74380456307,3014.19637834034,2357.95794888289,1005.60041507549,1767.55808057331,1532.53890015882,1722.20598590877,1761.29420838768,2380.13032443604,1369.01530984865,1372.13917599491,1879.57611122827,1808.36644773674,1574.00994107407,1544.05077529853,1675.69334805029,1393.74249045511,1356.63337685611,2238.3149233296,1542.72892087366,1906.81830796749,1670.12988303305,1823.85543769236,939.445081417748,1375.68751375449,1362.80818066961,1323.00772514751,1718.80878983091,1755.0815357128,1148.38796127441,1041.26050434077,1855.35110491249,1047.2539103293,911.714699947303,1350.00955163288,933.788746130515,852.667401863118,1602.26251360381,1e+09,1690.03773688637,1425.45170482903,2376.6319581921,1921.76068000154,1226.67294039609,1550.93331071971,1681.48147768567,1380.44490284835,1304.35754258562,928.674954976175,1228.66328361354
2018.70528918909,2548.75944757445,2837.85272364512,2711.68639857193,2758.64847158894,3504.78790674985,3294.50462009086,1857.13774241439,2412.0329689911,2270.49953869187,2009.60760080171,1822.85560201569,1604.26136561347,2057.60419850369,1569.56072179448,2055.66663265229,2376.78394150583,2379.68750534603,1555.48745986588,1711.73264174053,1291.53743337156,1784.11036146871,1956.83516814779,2346.2197090213,2574.48328844838,2169.88188657816,2249.25279790868,1841.29317597714,2074.687772654,2197.93512838755,1579.54975125825,1539.07868411592,982.353334549235,2439.37451513703,2025.31639987435,2738.17584753061,2068.07862950131,1579.55904220134,1165.29703612427,1474.2070512991,1570.04678685063,1927.57035420241,1690.03773688637,1e+09,906.566114025889,2228.14526945619,1580.59009819118,1093.06737011037,2157.84298200773,2121.99043416788,1182.61464057401,1331.68525207723,1447.14978620045,1288.18965692168
