1e+09,5906.18032327155,6414.75936853441,7135.29014033067,9879.01230756395,4270.0360740982,9255.94692329748,4209.2020802879,3131.86286514911,3468.65758263914,1962.23682569154,1803.95911267412,2445.01578843573,1785.8083173734,5293.53315696615,1998.73754602749,2183.13380066362,5737.5335989343,2278.04612181141,2640.53667995732,4291.03944971379,1587.85109333338,1721.76526495339,3234.94912236653,3692.66007658436,3329.58947588137,2199.9346658026,2553.97321025496,1938.77116119979,3263.68885689185,2522.56823433976,5388.65566600799,5858.41222780542,2843.3242013003,3356.74334303354,2005.58063475394,3186.21846255087,2372.51591404568,2618.49316346253,1726.92804091543,4877.53239651978,3085.37072415942,4657.57740721504,2360.64110209494,2312.03436972723,3502.45771480542,5519.32668870941,1811.41406172084,2328.47336323609,4010.78308343894,2109.68084880154,3609.87864107646,5731.95254297347,6289.15834570096
5906.18032327155,1e+09,1098.81951265893,2060.4575130053,5117.52727527661,6858.6113041271,13560.8532008978,8252.78763212165,6789.26787600107,4841.17813539225,6340.71580130351,5379.0795248072,6417.38190993025,6764.01497601831,8237.30243127567,5532.24698079361,3946.31595055439,9607.82198359753,6536.3378003971,6792.60178606107,8607.47376309681,6033.76155650851,5731.09058293446,5685.26921322992,3626.83993845882,3963.27704720475,6379.58897194796,7336.94160001972,5932.29893743564,6864.50297798755,6713.57632908869,9450.34373689127,10132.7014767188,6698.28139732126,8015.84742342318,6278.17683823098,7007.19833738849,6990.68372993658,7057.93581092234,6377.66672836548,9213.33246874875,7789.40816783278,8736.96517673042,6939.32433878833,6767.50977763608,7730.45123817491,9841.93888885213,6867.03660868355,7320.06222620409,7870.97018883949,6638.64815875943,6734.15512152044,9142.7387294016,9851.92192518292
6414.75936853441,1098.81951265893,1e+09,2633.86265311994,5476.20546453473,7602.7314438891,13857.3130443423,8550.14650152265,7135.24067011758,5182.60855627743,6884.47841554464,5757.54763132708,6765.62875600635,7380.32176182042,8501.71967580089,6005.21721271596,4507.08813787794,10136.0374169446,6890.44265964822,7214.79888017677,9021.26039144199,6490.48670913053,6080.32675135144,5947.39919471528,4132.60504004435,4484.04761244793,7023.32379831658,7887.07141880305,6323.82862444105,7304.00713299214,7078.03419962775,9756.65854526026,10504.7320001464,6967.51959162656,8388.90544162944,6559.60048136318,7327.24656793396,7431.54382203321,7466.55797624983,6744.23030185803,9594.56246762196,8262.0308025267,9165.28225190038,7442.67456197703,7212.94683317436,8034.34278825593,10215.0999175975,7352.5094085761,7797.40171083291,8148.83500304185,7074.55365343991,7008.85776056984,9423.8189795698,10171.053145604
7135.29014033067,2060.4575130053,2633.86265311994,1e+09,3911.02825046048,7221.02557732626,14547.2943500432,9490.64609008259,8059.16245730287,6090.51199132717,7563.88485585284,6694.69503724404,7695.84544483581,7908.99717149399,9189.79283531463,6808.96448670428,5309.21958531572,10376.187864317,7801.65542588238,8007.2173769731,9691.78325395796,7369.37838186505,7228.76987838871,7052.40897713682,4717.16338904007,4970.27852006304,7293.34371804182,8486.93129222807,7361.09160741802,7965.34210151077,7996.47615195594,10504.1325476357,11147.7395814667,8135.48734237845,9277.45606212716,7671.75079610906,8309.44126752214,8263.41887709319,8228.42543553747,7823.80566307727,10322.1507705517,8899.45525091283,9687.48812105078,8053.00293639584,7896.01011129672,8979.88298802941,10908.2816004997,8087.48756580806,8495.89505531936,9165.19404624365,7845.468909549,7888.18257685508,10135.7450468527,10785.5438850992
9879.01230756395,5117.52727527661,5476.20546453473,3911.02825046048,1e+09,10263.2549690291,18044.5380080428,12714.1422472654,11286.2918392579,9407.28118192499,10199.3671086936,9876.16228738674,10953.3822266504,10507.6506047736,12748.8441271082,9096.81176096879,8040.79639491015,13569.7905937748,10987.4985072354,11223.1689810053,12892.6926132674,10179.0573255582,10135.296064023,10456.4299459376,8208.87839700406,8344.28299754389,10265.7891111497,11240.8363916436,10267.8691815926,11224.2162399608,11250.2407500684,13934.1715114175,14536.5053792478,11184.7581261152,12419.6660712275,10794.0561556395,11560.8625898027,11298.896993707,11280.1423998591,10769.994424525,13642.0076156371,11995.3094565376,13044.5011343094,10998.6853124044,11046.8198990569,12204.0618370115,14226.9472674886,11044.5926282231,11524.9821630448,12567.7213605172,10864.5637875895,11416.9211496927,13768.6273421246,14319.768450841
4270.0360740982,6858.6113041271,7602.7314438891,7221.02557732626,10263.2549690291,1e+09,8363.07423331875,4904.53481971532,3870.67492169001,3951.57401865383,4163.6335318325,4030.25114868788,3810.40011549968,3729.97049962865,4457.132671438,5142.70567596475,4529.94460525733,3742.9316054665,3868.5200562489,3683.68756070598,4062.77969246426,4205.87986106356,4837.05584064315,4161.04282244247,3893.74281735453,3426.58654471181,2375.35834448194,3741.47677328084,4552.85972006606,3068.14351491256,3841.99754947866,4863.31479144626,5201.99631474303,4712.11178057143,4337.68797869326,4498.34853042758,4138.81396349244,3846.52271173589,3712.19882395865,4564.12203758839,4563.05211662107,3491.96692398425,3661.3822951858,3333.22256187612,3241.89220491675,4323.55740839647,4903.64625031211,3700.43986130028,3611.28404385476,4586.12486108915,3580.27143667907,3975.82133471815,5105.58536191493,5066.54236508489
9255.94692329748,13560.8532008978,13857.3130443423,14547.2943500432,18044.5380080428,8363.07423331875,1e+09,6134.83613223695,7208.18808421367,9021.8818956302,8962.97064271662,8678.33830717033,7554.16190945098,8716.4128021509,5635.93020946853,10492.0523588953,10671.6339447575,5082.54035515706,7559.15806621346,7250.82852772702,5510.19829615051,8775.02718130833,9034.27213743863,8047.55940647846,10035.8551325884,9827.9893732645,8253.69015009044,7874.72989352651,8851.52933684344,7017.31743050719,7216.91685781401,4242.38557883415,3674.92827731372,7801.9018820926,6246.31101099681,8038.88779891846,7031.56901777974,7416.91332461827,7307.32693663011,8262.31019475788,4630.33133764745,6501.62339098475,5065.68515418201,7615.68878446329,7351.84029808184,6348.06194310516,4045.3046162681,7716.32892394434,7128.67613508988,5955.42987398055,7708.92545578825,6927.84860769922,4737.68060654156,3853.2174698815
4209.2020802879,8252.78763212165,8550.14650152265,9490.64609008259,12714.1422472654,4904.53481971532,6134.83613223695,1e+09,1924.0140259364,3650.13067288008,3417.38308183323,3331.51177261915,2991.8808929167,3840.02868935897,2984.11921896562,4856.68746793532,5274.31233505374,3474.91557531978,2630.71720228534,2016.07111573476,1536.68552192698,3231.2309084465,3486.24246820269,2950.74063556931,5093.13338538272,5018.94160400378,3646.78689910721,2903.40544092622,3278.43151689951,2269.90962773851,2244.40821794967,2774.12494186906,2905.91114802225,2276.74464180768,1444.13110696363,2924.42342221505,2294.48498992693,2323.2552510002,2126.87266835605,2869.39082043559,2145.92139967893,2061.13896867727,2521.69089475693,2458.52309820347,2493.67032201532,1500.81240250073,2707.496308437,2638.34193498493,2327.18055204146,2003.90508470336,2619.56387146792,2900.51933649821,3668.855785773,3496.00820001899
3131.86286514911,6789.26787600107,7135.24067011758,8059.16245730287,11286.2918392579,3870.67492169001,7208.18808421367,1924.0140259364,1e+09,2196.93564486992,2691.18092450136,2120.25661666224,1555.40060826785,2835.24353781117,3157.67985185326,3816.87220357192,3733.27981149284,3777.31980946808,1318.43275899835,1192.57771994114,2144.92751614128,2134.66312876294,2390.0790312247,1487.70084741523,3599.79947259566,3348.16194748701,2426.97760589174,2167.83612540247,2062.2574067754,886.402737416802,1049.16672297591,3201.62941723429,3844.48222074183,1263.72024499096,1538.94533109529,1887.86963972622,1105.9899265364,1292.78140839819,1379.2512204091,1921.06474857044,2764.00943674221,1720.69624408261,2623.19601652259,1624.5235702199,1261.89896889569,1222.78164964151,3317.67347603709,1748.1843133091,1656.46122152014,1663.16253484138,1481.07522911566,2063.40195434627,3899.95994997385,3993.08444982072
3468.65758263914,4841.17813539225,5182.60855627743,6090.51199132717,9407.28118192499,3951.57401865383,9021.8818956302,3650.13067288008,2196.93564486992,1e+09,3206.77143527567,2031.48973721257,2608.03642733379,3670.45119891274,4074.01612202259,3654.44469126296,2811.49431768944,5272.2958380292,2489.0924006754,2569.15187596997,4023.49942525161,2596.34735861749,2617.92094372615,1405.8746239619,1811.52088886659,1961.63163598572,3048.18957205749,3495.4865239477,2548.00574777609,2349.66277997503,2570.98268794249,4970.99997829411,5621.54526231889,2463.75875200881,3604.85335377183,2688.6854345386,2647.43092074184,2874.99470288208,2860.83369347119,2821.58381496988,4699.75001412841,3555.0546891574,4323.73847692018,2883.28206925719,2670.70685598401,3200.5135302323,5254.69672145786,3070.64253559414,3290.88470182412,3444.43133460373,2696.29873148359,2758.71466761244,5108.45971810486,5456.94999853398
1962.23682569154,6340.71580130351,6884.47841554464,7563.88485585284,10199.3671086936,4163.6335318325,8962.97064271662,3417.38308183323,2691.18092450136,3206.77143527567,1e+09,2283.52287912777,2908.92075787568,1423.54935000512,5059.53098935069,2024.25088958854,2829.51671769226,5009.67538499253,2614.36628218006,2312.32422443307,3594.34603355047,1316.70746003051,2042.84797821571,3220.53979441335,4021.52269725038,3747.09124796822,2181.23390939624,1653.88339679676,1860.00852912023,2864.25872960178,2563.63782352344,5205.23663624431,5461.21055722996,2469.11675422609,2880.05901403079,2510.25345453402,3102.4468510516,2039.44825408736,2107.29946704307,1772.92969877545,4438.10177190654,2593.01282707973,4355.74153740784,1691.78848595207,2337.08473772347,3175.56649813856,5098.17946349479,1615.6911877893,2089.73632738678,3941.83672004562,1871.36053429049,3942.3474797638,5880.17107909285,6012.83649882483
1803.95911267412,5379.0795248072,5757.54763132708,6694.69503724404,9876.16228738674,4030.25114868788,8678.33830717033,3331.51177261915,2120.25661666224,2031.48973721257,2283.52287912777,1e+09,1623.75870821375,2684.40625286114,4065.30188513719,2817.46325979595,2299.62102473429,5246.32334599193,1449.50773481896,1716.75070531513,3672.15672889924,1496.62615933305,1293.93763620972,1685.49590925045,2578.26413984293,2454.53957737495,2333.03494238728,2804.05369033833,1706.30094312229,2371.68064342567,1644.8790431822,4633.1482816763,5175.85035599949,1933.77367944131,2853.7253143917,1276.7435739803,2148.15343420809,1958.89571136393,2053.85872126103,1434.55821474766,4267.10572469209,2795.3164009643,4007.89733601049,2178.19571221229,1853.42773999959,2686.37432551757,4943.21109546214,1899.07099014229,2220.12900465266,3057.30380557772,1695.97290727181,2312.42699402597,4726.98630022343,5363.87393141375
2445.01578843573,6417.38190993025,6765.62875600635,7695.84544483581,10953.3822266504,3810.40011549968,7554.16190945098,2991.8808929167,1555.40060826785,2608.03642733379,2908.92075787568,1623.75870821375,1e+09,2750.42753711128,3332.56245138782,3741.30494974681,3253.34588540782,4368.93694568828,845.991350192187,1541.80613499233,2896.5021800268,2169.69229258437,2192.63312897986,1619.39367215017,3323.14792170015,2876.46243055598,2264.64620470837,2645.54569644903,2227.56468485205,1671.66915072929,860.571998498673,3438.30873466883,4226.442211648,1806.24749162456,2074.87008304135,1241.56205998734,1279.8666965743,1532.8014169161,1706.49536958059,1711.47067447853,3213.65143243632,2032.90169791852,2946.22940574898,2048.84068321575,1248.13785340402,1826.952762033,3795.79422287352,1734.7664708254,1719.3725759125,1973.72137478926,1357.81408797376,1595.80532697444,3770.89168688256,4285.3974801178
1785.8083173734,6764.01497601831,7380.32176182042,7908.99717149399,10507.6506047736,3729.97049962865,8716.4128021509,3840.02868935897,2835.24353781117,3670.45119891274,1423.54935000512,2684.40625286114,2750.42753711128,1e+09,5249.27090570681,2424.12896350421,2980.56714505814,4764.40095492602,2543.58089206929,2532.40851972979,3586.16081739233,1678.43748695029,2446.64048535947,3528.34580083925,4271.46315292547,3822.87968608744,1658.29160318685,1260.28212964399,2139.61157323006,2787.82591217601,2591.49285607736,5021.57899230909,5354.55278671338,2827.00806286434,2867.9847695551,2698.22173994281,3108.12962237742,1944.21987280246,2298.90184116243,2053.65282219269,4282.4778775494,2386.15717581638,4108.82684979545,1658.0709050882,2122.32752674982,3243.43872493377,4841.93066089344,1403.32294365909,1821.65507132937,3870.4399423063,1900.42441728157,3993.18207520018,5767.28981707179,5902.41431826842
5293.53315696615,8237.30243127567,8501.71967580089,9189.79283531463,12748.8441271082,4457.132671438,5635.93020946853,2984.11921896562,3157.67985185326,4074.01612202259,5059.53098935069,4065.30188513719,3332.56245138782,5249.27090570681,1e+09,6415.72527789337,6040.13317256333,3275.6220577472,3466.32055545935,3248.71223263927,2613.20988845137,4749.35164847793,4951.20975014188,3287.37493356021,4852.57932331868,4749.46705875512,4392.25828064562,4688.29691564005,4957.04105573073,2891.27939384972,3134.38876787804,2122.01770456799,2710.91433992297,3863.79902189542,3131.15552454681,3802.20942679385,3133.79470415661,3801.492370333,3391.01138824393,4324.06263058249,2488.85945107393,3182.4034349529,2203.45219891424,3832.95475204182,3407.03113973148,2752.85772383899,2845.07774596759,4065.56567374086,3673.48004584209,2564.40292144195,3657.46235716788,2160.09323858948,1979.15501393903,1973.17042269541
1998.73754602749,5532.24698079361,6005.21721271596,6808.96448670428,9096.81176096879,5142.70567596475,10492.0523588953,4856.68746793532,3816.87220357192,3654.44469126296,2024.25088958854,2817.46325979595,3741.30494974681,2424.12896350421,6415.72527789337,1e+09,2075.31320163969,6673.42773187812,3414.36286935059,3698.95844787421,5200.75345901918,2030.37623373108,2293.40354288119,3975.12002432631,4133.34825640182,3825.03208501576,3228.85894434861,3036.2593637896,2254.99144158021,4116.51229043471,3698.37754925048,6588.70219793701,7077.93726291778,3310.81299659162,4336.6784133597,3092.8021759563,4175.54679844449,3340.78901807642,3414.09762458545,2632.81263340178,6020.87893905865,4152.32353777978,5851.67840345828,3069.28729854343,3402.81653576857,4392.38231153665,6616.05247816249,2898.65178220841,3486.78002360344,5153.26690412014,3048.4814146227,4905.85028664757,7214.60605186451,7515.36009886419
2183.13380066362,3946.31595055439,4507.08813787794,5309.21958531572,8040.79639491015,4529.94460525733,10671.6339447575,5274.31233505374,3733.27981149284,2811.49431768944,2829.51671769226,2299.62102473429,3253.34588540782,2980.56714505814,6040.13317256333,2075.31320163969,1e+09,6739.25734462634,3245.55127522275,3612.24594345402,5476.51312020706,2412.36881525193,2303.61497342763,3240.62875632183,2565.19709410408,2232.8754458993,3003.26252911729,3668.445220894,2428.45947017857,3875.97263130172,3511.14375073138,6559.38701466837,7179.99219436205,3494.34294076869,4661.39754949093,3047.36265956318,3913.72798496523,3479.47569127879,3694.26783042324,2876.35973951451,6138.01278163381,4398.07651360228,5780.72069503449,3479.27537776187,3401.90037041063,4563.91716991008,6759.58573144094,3249.14597394454,3774.34108611026,4954.37023267337,3170.48509597506,4277.16944697074,6759.08953280691,7299.55574025571
5737.5335989343,9607.82198359753,10136.0374169446,10376.187864317,13569.7905937748,3742.9316054665,5082.54035515706,3474.91557531978,3777.31980946808,5272.2958380292,5009.67538499253,5246.32334599193,4368.93694568828,4764.40095492602,3275.6220577472,6673.42773187812,6739.25734462634,1e+09,4360.19480573976,3806.05308151371,2171.42271976232,5146.21468117101,5767.88756153412,4800.07915697231,6204.75526556044,5847.45357671183,4029.09140572661,3975.4002044071,5390.92500840069,3177.57592316848,3988.51441682238,2598.33421651257,2393.56819109045,4714.89719457381,3280.31417466376,5029.83107290891,4000.50614407727,3954.98498415607,3707.36983930657,5046.49412980933,2172.85878965937,2838.18949318047,1753.05622576688,3706.97067396007,3723.54298016016,3461.24904936065,2086.327946321,4131.07657499834,3619.09230324401,3611.55430521265,4047.29942894024,4189.53773540709,3717.4439331347,2567.53160630984
2278.04612181141,6536.3378003971,6890.44265964822,7801.65542588238,10987.4985072354,3868.5200562489,7559.15806621346,2630.71720228534,1318.43275899835,2489.0924006754,2614.36628218006,1449.50773481896,845.991350192187,2543.58089206929,3466.32055545935,3414.36286935059,3245.55127522275,4360.19480573976,1e+09,1278.79393144478,2683.97685830187,1698.94708896422,1868.68219521137,1728.68405644294,3423.67508267067,3090.25231180239,2207.49378225625,2266.40573578519,1949.81095027185,1570.04358394918,876.045354305358,3488.27185335375,4170.31246071562,1336.99099667874,1823.67128707451,1070.01929711571,1115.28657456279,1160.12589010848,1286.55715527916,1417.80156093862,3213.39820734997,1880.66434527802,2983.82197630824,1609.94358298668,965.2361378958,1524.2994342648,3766.88840527563,1411.87549150058,1400.37678901073,2046.26329500873,1054.27197207362,1827.06258431396,3960.79045997134,4402.13114452534
2640.53667995732,6792.60178606107,7214.79888017677,8007.2173769731,11223.1689810053,3683.68756070598,7250.82852772702,2016.07111573476,1192.57771994114,2569.15187596997,2312.32422443307,1716.75070531513,1541.80613499233,2532.40851972979,3248.71223263927,3698.95844787421,3612.24594345402,3806.05308151371,1278.79393144478,1e+09,2191.54815073728,1867.04081738991,2089.99668884905,1856.34917391637,3628.63687160895,3448.13343928277,2014.12317478351,1985.43874856416,1977.99488116122,1341.82037441678,880.984410588519,3375.75268599464,3701.40236849495,1635.4989119226,1488.73389811611,1816.75540910162,1271.87753101468,951.041056527004,1237.60805827209,1651.30907806504,2786.66721463113,1485.19296769814,2632.62228042688,1486.0110191718,1203.81114108485,1580.87252003443,3471.45271923729,1348.64486229697,1200.85334704118,1927.46339736971,1308.6627436433,2055.77328338998,3762.41183172443,4099.38658275845
4291.03944971379,8607.47376309681,9021.26039144199,9691.78325395796,12892.6926132674,4062.77969246426,5510.19829615051,1536.68552192698,2144.92751614128,4023.49942525161,3594.34603355047,3672.15672889924,2896.5021800268,3586.16081739233,2613.20988845137,5200.75345901918,5476.51312020706,2171.42271976232,2683.97685830187,2191.54815073728,1e+09,3496.5678189905,4017.19759013669,3335.88523850866,5233.6091884473,4974.89864426402,3234.55868439576,2676.26312149983,3779.37404612192,1940.35331700183,2337.839075792,1941.75903690443,2076.92366337812,2801.10628157876,1278.27521739256,3232.06000654381,2344.23512393702,2287.07194451771,2021.6071206592,3225.16531298785,1152.39894962639,1329.53541099889,1339.62507239899,2226.60501079558,2274.44985691046,1503.86426275778,1653.03437674478,2560.23035112077,2023.42869513606,2034.65879586726,2470.80227804655,2872.74967205637,3221.36401912296,2693.81284596759
1587.85109333338,6033.76155650851,6490.48670913053,7369.37838186505,10179.0573255582,4205.87986106356,8775.02718130833,3231.2309084465,2134.66312876294,2596.34735861749,1316.70746003051,1496.62615933305,2169.69229258437,1678.43748695029,4749.35164847793,2030.37623373108,2412.36881525193,5146.21468117101,1698.94708896422,1867.04081738991,3496.5678189905,1e+09,1066.17494915234,2497.87046419545,3486.50932971647,3251.25608051719,2157.19188251764,1742.42279240717,1215.66280337107,2457.46998264475,1989.56370415727,4861.13152479955,5278.89621897419,1625.02887571268,2594.26848868809,1726.48489512651,2300.21234439345,1469.27416202695,1751.81041631222,1046.6974524188,4283.99927300414,2526.41013738862,4163.84834976011,1560.17148406834,1854.18384385152,2653.7584193743,4893.2755018188,1351.37076074629,1815.46016621131,3367.45714015784,1400.78655640322,3272.32440706908,5415.87016832014,5742.30253420177
1721.76526495339,5731.09058293446,6080.32675135144,7228.76987838871,10135.296064023,4837.05584064315,9034.27213743863,3486.24246820269,2390.0790312247,2617.92094372615,2042.84797821571,1293.93763620972,2192.63312897986,2446.64048535947,4951.20975014188,2293.40354288119,2303.61497342763,5767.88756153412,1868.68219521137,2089.99668884905,4017.19759013669,1066.17494915234,1e+09,2308.03886069971,3399.57148646708,3296.68660058854,2748.57310668645,2564.43245149877,987.21052187464,2890.85916031895,2083.53846422378,5145.61752039539,5610.13288971839,1749.21760701749,2962.24905553196,1625.18253519412,2402.13900686451,1926.059150857,2363.41772941222,1083.94037257591,4635.593013596,3103.00324261835,4582.15858398637,2395.84274903425,2318.43143228347,2960.00563627842,5285.92380933551,1938.22850593009,2378.15956325475,3371.53081302841,2021.94664875214,3221.22389282397,5450.62719355305,6014.52058143457
3234.94912236653,5685.26921322992,5947.39919471528,7052.40897713682,10456.4299459376,4161.04282244247,8047.55940647846,2950.74063556931,1487.70084741523,1405.8746239619,3220.53979441335,1685.49590925045,1619.39367215017,3528.34580083925,3287.37493356021,3975.12002432631,3240.62875632183,4800.07915697231,1728.68405644294,1856.34917391637,3335.88523850866,2497.87046419545,2308.03886069971,1e+09,2527.30686203714,2506.06536754331,2946.35915171589,3278.44293993353,2301.20104819201,1824.48345810533,1570.70412344273,3999.34349291231,4724.47783013107,1858.67088162482,2733.8856847169,1892.18130045723,1710.0777601618,2248.4769158477,2375.62333462188,2213.46630197977,3763.39790410209,2878.69400714977,3534.19573126617,2629.8797822334,2099.27158245426,2329.88657884885,4369.59330574368,2562.19869352476,2660.96695466141,2250.4697081054,2214.00244098781,1687.35389974955,4055.66540168195,4572.49286531975
3692.66007658436,3626.83993845882,4132.60504004435,4717.16338904007,8208.87839700406,3893.74281735453,10035.8551325884,5093.13338538272,3599.79947259566,1811.52088886659,4021.52269725038,2578.26413984293,3323.14792170015,4271.46315292547,4852.57932331868,4133.34825640182,2565.19709410408,6204.75526556044,3423.67508267067,3628.63687160895,5233.6091884473,3486.50932971647,3399.57148646708,2527.30686203714,1e+09,1145.71103403083,3480.0079059393,4537.58519921114,3527.83958378212,3491.55512833465,3550.84736240521,5987.67561531184,6643.61464598151,3862.63224857092,4818.84813485547,3481.37522951778,3823.82291942239,3958.51415819118,4019.10230938452,3716.50368433828,5782.52091692715,4570.10126906396,5252.36591813632,3909.97400808496,3592.01997310705,4499.53107450099,6371.22647629952,3941.42865141563,4225.26582779119,4546.65345373936,3663.91244982737,3355.16025049475,5696.25560085746,6344.02460451565
3329.58947588137,3963.27704720475,4484.04761244793,4970.27852006304,8344.28299754389,3426.58654471181,9827.9893732645,5018.94160400378,3348.16194748701,1961.63163598572,3747.09124796822,2454.53957737495,2876.46243055598,3822.87968608744,4749.46705875512,3825.03208501576,2232.8754458993,5847.45357671183,3090.25231180239,3448.13343928277,4974.89864426402,3251.25608051719,3296.68660058854,2506.06536754331,1145.71103403083,1e+09,2964.49949052112,4142.06859296174,3317.97817780648,3175.21245445088,3265.63322175042,5677.60982702228,6442.50023914629,3650.70459985466,4540.03253722922,3213.66428769403,3539.4445407719,3634.53885263316,3615.16529185043,3508.80236083482,5516.56548801879,4178.57098046689,4916.07393466575,3552.49390150075,3171.34185021104,4202.73306878988,6060.25413363169,3597.22892948169,3869.1661651834,4377.44106280142,3205.65061319851,3250.82701117731,5633.49285885764,6137.36844401573
2199.9346658026,6379.58897194796,7023.32379831658,7293.34371804182,10265.7891111497,2375.35834448194,8253.69015009044,3646.78689910721,2426.97760589174,3048.18957205749,2181.23390939624,2333.03494238728,2264.64620470837,1658.29160318685,4392.25828064562,3228.85894434861,3003.26252911729,4029.09140572661,2207.49378225625,2014.12317478351,3234.55868439576,2157.19188251764,2748.57310668645,2946.35915171589,3480.0079059393,2964.49949052112,1e+09,1806.54697865846,2385.71217700292,2017.37480072494,2171.27971871429,4427.35799864886,4813.2507447566,2961.44613537035,2825.67822609015,2720.88657075226,2697.72323315421,1926.06551274872,2112.10157243917,2502.36782777832,3855.97566725984,2107.59324379729,3326.16771101519,1639.45743119485,1567.35201470506,2996.01463317521,4406.48035689483,1625.26747712492,1774.18735580547,3412.11606572813,1798.87718135508,3181.20953863464,4906.58114286312,5104.16878009535
2553.97321025496,7336.94160001972,7887.07141880305,8486.93129222807,11240.8363916436,3741.47677328084,7874.72989352651,2903.40544092622,2167.83612540247,3495.4865239477,1653.88339679676,2804.05369033833,2645.54569644903,1260.28212964399,4688.29691564005,3036.2593637896,3668.445220894,3975.4002044071,2266.40573578519,1985.43874856416,2676.26312149983,1742.42279240717,2564.43245149877,3278.44293993353,4537.58519921114,4142.06859296174,1806.54697865846,1e+09,2118.20082060224,2174.76076875136,2248.9812536791,4271.71631453916,4514.53378720328,2292.94399787697,2075.47381253053,2715.93127402002,2506.47140885349,1346.31314332885,1669.82581798222,2086.23586562018,3488.34099663436,1707.2212659758,3387.12527215927,1123.0781949624,1770.54659461422,2474.59719649482,3982.37610725054,1239.37198842801,1329.30980264196,3236.66339369728,1620.91529713924,3717.23806897003,5237.78728246957,5160.21043198822
1938.77116119979,5932.29893743564,6323.82862444105,7361.09160741802,10267.8691815926,4552.85972006606,8851.52933684344,3278.43151689951,2062.2574067754,2548.00574777609,1860.00852912023,1706.30094312229,2227.56468485205,2139.61157323006,4957.04105573073,2254.99144158021,2428.45947017857,5390.92500840069,1949.81095027185,1977.99488116122,3779.37404612192,1215.66280337107,987.21052187464,2301.20104819201,3527.83958378212,3317.97817780648,2385.71217700292,2118.20082060224,1e+09,2555.34321371905,1970.37099532042,4995.9456464117,5484.74790467165,1794.56248868631,2779.36927800176,1920.45076172236,2398.00412914574,1759.99575263692,2268.37929504746,1342.14899806244,4408.34656416666,2842.43302506849,4327.32044007605,2137.42267401654,2060.32932350632,2842.54435323356,5033.55817699567,1718.05670357529,2195.40975514823,3223.5770792863,1971.40394036839,3341.20768959369,5478.96029759297,5869.40857869002
3263.68885689185,6864.50297798755,7304.00713299214,7965.34210151077,11224.2162399608,3068.14351491256,7017.31743050719,2269.90962773851,886.402737416802,2349.66277997503,2864.25872960178,2371.68064342567,1671.66915072929,2787.82591217601,2891.27939384972,4116.51229043471,3875.97263130172,3177.57592316848,1570.04358394918,1341.82037441678,1940.35331700183,2457.46998264475,2890.85916031895,1824.48345810533,3491.55512833465,3175.21245445088,2017.37480072494,2174.76076875136,2555.34321371905,1e+09,1310.03477148509,2988.47572608512,3603.00420847659,1998.79617302515,1743.98373461452,2309.14153687036,1447.9335681239,1517.06143455036,1513.00183942387,2386.46930692603,2557.81258126939,1486.71451667763,2135.18965340318,1541.79961522242,1140.58786930249,1536.36768489838,3078.4091676871,1837.69514751495,1625.43595293693,1853.29006305003,1576.29612167257,1991.54552112172,3641.06961346525,3649.75137097036
2522.56823433976,6713.57632908869,7078.03419962775,7996.47615195594,11250.2407500684,3841.99754947866,7216.91685781401,2244.40821794967,1049.16672297591,2570.98268794249,2563.63782352344,1644.8790431822,860.571998498673,2591.49285607736,3134.38876787804,3698.37754925048,3511.14375073138,3988.51441682238,876.045354305358,880.984410588519,2337.839075792,1989.56370415727,2083.53846422378,1570.70412344273,3550.84736240521,3265.63322175042,2171.27971871429,2248.9812536791,1970.37099532042,1310.03477148509,1e+09,3192.33351974696,3810.17492086649,1516.45219515816,1457.96979162807,1277.10344248224,1133.4280216229,1105.58862516761,1349.23396992516,1462.7744825502,2750.91231281551,1539.57894250344,2613.60176539962,1639.56715470883,957.631114521662,1382.54676893767,3421.43166814712,1329.42959990366,1257.2969781241,1585.78709589276,1207.27355711123,1651.34538265016,3617.67256202106,4031.16304922041
5388.65566600799,9450.34373689127,9756.65854526026,10504.1325476357,13934.1715114175,4863.31479144626,4242.38557883415,2774.12494186906,3201.62941723429,4970.99997829411,5205.23663624431,4633.1482816763,3438.30873466883,5021.57899230909,2122.01770456799,6588.70219793701,6559.38701466837,2598.33421651257,3488.27185335375,3375.75268599464,1941.75903690443,4861.13152479955,5145.61752039539,3999.34349291231,5987.67561531184,5677.60982702228,4427.35799864886,4271.71631453916,4995.9456464117,2988.47572608512,3192.33351974696,1e+09,1429.53929897013,3878.40270365263,2523.75001693908,4019.34316082864,3035.45249320427,3556.1563402359,3331.13539029863,4382.85401962009,1209.69547172005,2717.18215364741,1337.15496648668,3748.9025906657,3321.99532702862,2362.56764351838,1054.12772323851,3888.13503937299,3330.707204799,2147.9474981945,3669.45065201864,2924.02705762105,2030.28081951734,1307.56011674416
5858.41222780542,10132.7014767188,10504.7320001464,11147.7395814667,14536.5053792478,5201.99631474303,3674.92827731372,2905.91114802225,3844.48222074183,5621.54526231889,5461.21055722996,5175.85035599949,4226.442211648,5354.55278671338,2710.91433992297,7077.93726291778,7179.99219436205,2393.56819109045,4170.31246071562,3701.40236849495,2076.92366337812,5278.89621897419,5610.13288971839,4724.47783013107,6643.61464598151,6442.50023914629,4813.2507447566,4514.53378720328,5484.74790467165,3603.00420847659,3810.17492086649,1429.53929897013,1e+09,4463.44350473936,2884.8175078677,4720.04420614892,3658.41642736307,3952.96733043672,3803.60065848138,4864.37769351846,1355.65220856973,3053.80209614179,1776.5114333716,4142.70669299674,3940.42009061217,3029.32369051245,1205.62013702493,4290.69346326442,3685.67835319362,2859.34976116949,4217.79639794289,3714.94566145994,2342.19415138882,1541.23426019538
2843.3242013003,6698.28139732126,6967.51959162656,8135.48734237845,11184.7581261152,4712.11178057143,7801.9018820926,2276.74464180768,1263.72024499096,2463.75875200881,2469.11675422609,1933.77367944131,1806.24749162456,2827.00806286434,3863.79902189542,3310.81299659162,3494.34294076869,4714.89719457381,1336.99099667874,1635.4989119226,2801.10628157876,1625.02887571268,1749.21760701749,1858.67088162482,3862.63224857092,3650.70459985466,2961.44613537035,2292.94399787697,1794.56248868631,1998.79617302515,1516.45219515816,3878.40270365263,4463.44350473936,1e+09,1859.86759950809,1507.50301711141,1329.70663230654,1368.20927459947,1462.54177724946,1360.75710492358,3473.64667667856,2292.93360776103,3532.90102118641,1888.22422476781,1824.9496289213,1561.47837740393,4013.19771902656,1850.23721519701,1922.61050699303,2309.81484835906,1486.47484132763,2608.89682448348,4589.16870278267,4801.75185229308
3356.74334303354,8015.84742342318,8388.90544162944,9277.45606212716,12419.6660712275,4337.68797869326,6246.31101099681,1444.13110696363,1538.94533109529,3604.85335377183,2880.05901403079,2853.7253143917,2074.87008304135,2867.9847695551,3131.15552454681,4336.6784133597,4661.39754949093,3280.31417466376,1823.67128707451,1488.73389811611,1278.27521739256,2594.26848868809,2962.24905553196,2733.8856847169,4818.84813485547,4540.03253722922,2825.67822609015,2075.47381253053,2779.36927800176,1743.98373461452,1457.96979162807,2523.75001693908,2884.8175078677,1859.86759950809,1e+09,2235.65807320798,1610.55652117521,1348.59514784831,1390.30311468399,2126.13743908996,1804.07166273959,979.561705509153,2090.64623994592,1712.22977970248,1631.89760052523,889.189120491249,2428.62882752799,1676.66461064818,1214.07067047186,1570.30494809129,1705.13852135244,2533.74686523733,3548.2559202938,3513.67772484899
2005.58063475394,6278.17683823098,6559.60048136318,7671.75079610906,10794.0561556395,4498.34853042758,8038.88779891846,2924.42342221505,1887.86963972622,2688.6854345386,2510.25345453402,1276.7435739803,1241.56205998734,2698.22173994281,3802.20942679385,3092.8021759563,3047.36265956318,5029.83107290891,1070.01929711571,1816.75540910162,3232.06000654381,1726.48489512651,1625.18253519412,1892.18130045723,3481.37522951778,3213.66428769403,2720.88657075226,2715.93127402002,1920.45076172236,2309.14153687036,1277.10344248224,4019.34316082864,4720.04420614892,1507.50301711141,2235.65807320798,1e+09,1880.7279085503,1755.4612764456,1765.5325300883,1043.49208161826,3714.19316078203,2398.22228031515,3642.76031362208,2038.34147904614,1608.87088490655,2037.14046474464,4353.46759131155,1645.64113010705,1879.00187461322,2513.74700212651,1435.80523919507,2134.53333822641,4400.94833648385,4947.87643546199
3186.21846255087,7007.19833738849,7327.24656793396,8309.44126752214,11560.8625898027,4138.81396349244,7031.56901777974,2294.48498992693,1105.9899265364,2647.43092074184,3102.4468510516,2148.15343420809,1279.8666965743,3108.12962237742,3133.79470415661,4175.54679844449,3913.72798496523,4000.50614407727,1115.28657456279,1271.87753101468,2344.23512393702,2300.21234439345,2402.13900686451,1710.0777601618,3823.82291942239,3539.4445407719,2697.72323315421,2506.47140885349,2398.00412914574,1447.9335681239,1133.4280216229,3035.45249320427,3658.41642736307,1329.70663230654,1610.55652117521,1880.7279085503,1e+09,1266.46382786876,1517.42688924376,1996.68696029197,2762.58491246876,1915.25631250755,2651.09222108549,2070.90547756289,1578.57964921001,1228.51117093008,3263.43383288217,2010.36716673845,1766.27308069845,1505.30513680782,1577.83735793649,1864.03292111486,3568.59091897628,3869.43706435445
2372.51591404568,6990.68372993658,7431.54382203321,8263.41887709319,11298.896993707,3846.52271173589,7416.91332461827,2323.2552510002,1292.78140839819,2874.99470288208,2039.44825408736,1958.89571136393,1532.8014169161,1944.21987280246,3801.492370333,3340.78901807642,3479.47569127879,3954.98498415607,1160.12589010848,951.041056527004,2287.07194451771,1469.27416202695,1926.059150857,2248.4769158477,3958.51415819118,3634.53885263316,1926.06551274872,1346.31314332885,1759.99575263692,1517.06143455036,1105.58862516761,3556.1563402359,3952.96733043672,1368.20927459947,1348.59514784831,1755.4612764456,1266.46382786876,1e+09,1025.45477223523,1337.27344761646,2934.71899988738,1339.40046143788,2864.80027593548,1147.08245165725,1106.80219027611,1557.1751809607,3523.5031133944,910.847371956466,796.057030557485,2167.70147248185,930.727657695848,2569.60292280733,4256.93254659972,4456.64967273624
2618.49316346253,7057.93581092234,7466.55797624983,8228.42543553747,11280.1423998591,3712.19882395865,7307.32693663011,2126.87266835605,1379.2512204091,2860.83369347119,2107.29946704307,2053.85872126103,1706.49536958059,2298.90184116243,3391.01138824393,3414.09762458545,3694.26783042324,3707.36983930657,1286.55715527916,1237.60805827209,2021.6071206592,1751.81041631222,2363.41772941222,2375.62333462188,4019.10230938452,3615.16529185043,2112.10157243917,1669.82581798222,2268.37929504746,1513.00183942387,1349.23396992516,3331.13539029863,3803.60065848138,1462.54177724946,1390.30311468399,1765.5325300883,1517.42688924376,1025.45477223523,1e+09,1710.69988466709,2853.59313795783,1226.8333334239,2682.47780741985,951.147490560744,1086.96111140188,1300.71444448811,3409.79066867748,1255.33653842306,1057.23737221118,2392.42148859686,657.77940960477,2504.08008574007,4219.23280151736,4235.80051255958
1726.92804091543,6377.66672836548,6744.23030185803,7823.80566307727,10769.994424525,4564.12203758839,8262.31019475788,2869.39082043559,1921.06474857044,2821.58381496988,1772.92969877545,1434.55821474766,1711.47067447853,2053.65282219269,4324.06263058249,2632.81263340178,2876.35973951451,5046.49412980933,1417.80156093862,1651.30907806504,3225.16531298785,1046.6974524188,1083.94037257591,2213.46630197977,3716.50368433828,3508.80236083482,2502.36782777832,2086.23586562018,1342.14899806244,2386.46930692603,1462.7744825502,4382.85401962009,4864.37769351846,1360.75710492358,2126.13743908996,1043.49208161826,1996.68696029197,1337.27344761646,1710.69988466709,1e+09,3816.38073019451,2283.66747960381,3855.94851535909,1752.11102661903,1733.09788566601,2242.52862369692,4488.23375790522,1210.26217411766,1612.14576425334,2765.28711071744,1351.85470251059,2793.1167666247,4866.67342814371,5306.29204710785
4877.53239651978,9213.33246874875,9594.56246762196,10322.1507705517,13642.0076156371,4563.05211662107,4630.33133764745,2145.92139967893,2764.00943674221,4699.75001412841,4438.10177190654,4267.10572469209,3213.65143243632,4282.4778775494,2488.85945107393,6020.87893905865,6138.01278163381,2172.85878965937,3213.39820734997,2786.66721463113,1152.39894962639,4283.99927300414,4635.593013596,3763.39790410209,5782.52091692715,5516.56548801879,3855.97566725984,3488.34099663436,4408.34656416666,2557.81258126939,2750.91231281551,1209.69547172005,1355.65220856973,3473.64667667856,1804.07166273959,3714.19316078203,2762.58491246876,2934.71899988738,2853.59313795783,3816.38073019451,1e+09,1978.76785439829,1075.93313653777,3117.60269800371,2889.12570126327,2046.96024609664,864.873277075896,3220.60344185682,2660.54583358378,1898.95503777736,3196.32361260558,2984.65938857351,2530.60875047883,1954.91821435067
3085.37072415942,7789.40816783278,8262.0308025267,8899.45525091283,11995.3094565376,3491.96692398425,6501.62339098475,2061.13896867727,1720.69624408261,3555.0546891574,2593.01282707973,2795.3164009643,2032.90169791852,2386.15717581638,3182.4034349529,4152.32353777978,4398.07651360228,2838.18949318047,1880.66434527802,1485.19296769814,1329.53541099889,2526.41013738862,3103.00324261835,2878.69400714977,4570.10126906396,4178.57098046689,2107.59324379729,1707.2212659758,2842.43302506849,1486.71451667763,1539.57894250344,2717.18215364741,3053.80209614179,2292.93360776103,979.561705509153,2398.22228031515,1915.25631250755,1339.40046143788,1226.8333334239,2283.66747960381,1978.76785439829,1e+09,1859.01788934373,1262.77331283172,1275.65037878723,1439.21426948874,2585.7016184007,1391.81853246032,852.538337906279,2096.60426430454,1435.50658455474,2616.87717522241,3707.95429861265,3594.09793803675
4657.57740721504,8736.96517673042,9165.28225190038,9687.48812105078,13044.5011343094,3661.3822951858,5065.68515418201,2521.69089475693,2623.19601652259,4323.73847692018,4355.74153740784,4007.89733601049,2946.22940574898,4108.82684979545,2203.45219891424,5851.67840345828,5780.72069503449,1753.05622576688,2983.82197630824,2632.62228042688,1339.62507239899,4163.84834976011,4582.15858398637,3534.19573126617,5252.36591813632,4916.07393466575,3326.16771101519,3387.12527215927,4327.32044007605,2135.18965340318,2613.60176539962,1337.15496648668,1776.5114333716,3532.90102118641,2090.64623994592,3642.76031362208,2651.09222108549,2864.80027593548,2682.47780741985,3855.94851535909,1075.93313653777,1859.01788934373,1e+09,2893.36636962898,2536.8368698046,2122.50644898903,1371.52589312051,3107.20391957142,2551.15528137744,2064.36074294199,2980.86467737132,2641.71845515377,2414.53666344084,1885.75300384223
2360.64110209494,6939.32433878833,7442.67456197703,8053.00293639584,10998.6853124044,3333.22256187612,7615.68878446329,2458.52309820347,1624.5235702199,2883.28206925719,1691.78848595207,2178.19571221229,2048.84068321575,1658.0709050882,3832.95475204182,3069.28729854343,3479.27537776187,3706.97067396007,1609.94358298668,1486.0110191718,2226.60501079558,1560.17148406834,2395.84274903425,2629.8797822334,3909.97400808496,3552.49390150075,1639.45743119485,1123.0781949624,2137.42267401654,1541.79961522242,1639.56715470883,3748.9025906657,4142.70669299674,1888.22422476781,1712.22977970248,2038.34147904614,2070.90547756289,1147.08245165725,951.147490560744,1752.11102661903,3117.60269800371,1262.77331283172,2893.36636962898,1e+09,1029.40570675512,1873.50115044,3678.9483165981,875.76361588045,917.258038612909,2769.4387608864,926.143073558292,2877.11675049867,4599.41029911444,4603.31007276286
