1e+09,5555.8557532301,2657.93541259001,7623.82305668882,10599.4715288594,5716.17895881506,8816.6299925822,6345.81575779663,4078.942544018,2674.42874528375,1612.01846301461,3578.87499519053,4537.81600221957,1174.29078213192,5586.35329303473,2711.26124372035,1784.13051722681,3810.14107022299,4165.64003090762,4254.43569289747,5062.47778710189,3546.09576822172,3693.51763591295,2721.28380168258,2850.11854493809,2931.32760907068,2221.72036084652,2509.02306493982,2475.6760972914,2917.08679382359,3133.43227054615,7807.61912642388,7729.71687429106,5550.57829652911,3560.05270795251,3527.60349678078,3890.59897547923,3382.21027479073,3884.63218648819,3502.89034722756,5494.29407684008,4112.72321583887,4824.56462692749,3917.3092277991,4498.25403773509,5324.17492298103,6484.69893594915,3688.11680997227,3075.25726050683,5245.7095127828,3199.89204767911,4220.95757638003,5996.21167148893,7265.72590550318
5555.8557532301,1e+09,2966.84296709482,2550.73304330344,5816.45083237192,3399.11798499258,12987.1223157403,11425.9052767997,9241.26686636091,7295.04355757387,6130.27140696071,8937.19222439016,9916.45116843218,5944.44243540973,10112.6193994484,7340.72082851541,4248.19044766122,7570.64946897557,9501.45925865075,9305.97992482791,10113.7779778281,8838.8537172475,9068.65921456419,6923.4407374224,4097.05221766821,3735.03198909996,4269.00782544375,7497.65399613106,7612.23049273996,7580.95709081644,8356.25229844097,12963.9321557389,12770.1336707648,10776.9991249791,8400.64605510195,8632.83946134758,8759.62116268164,8578.27007365704,9031.32302231517,8819.55536765885,10510.1907365423,9413.97370548697,9639.90452276888,9169.22057942222,9880.90319444027,10514.5140000953,11486.3574309526,9123.19339089663,8311.5299589907,10227.6080197767,8464.47036299968,9103.06588551901,10249.0906472428,12064.2492301842
2657.93541259001,2966.84296709482,1e+09,5135.96367713013,8126.88325064412,4042.02483739276,10772.2030222327,8651.8852006947,6433.28431452396,4587.88290128464,3240.07342907534,6052.88603485148,7091.50393006307,3047.37956528228,7659.83790095456,4465.8027245502,1473.85182104579,5310.59982571649,6660.64600240848,6537.20220046007,7378.7499928782,5917.13313586064,6142.79741341842,4429.78094201056,2314.9209398811,2074.65934138595,2002.79823869006,4633.1897435676,4735.66481453238,4947.3540972726,5576.53437394588,10249.5384617455,10102.1026712066,7914.83720613381,5727.65657202839,5854.16716652335,6075.7342177304,5741.65244454939,6206.15340021498,5939.11170218241,7841.89251777274,6575.34146448684,7048.71796104086,6305.75892392819,7014.63728638196,7720.4082551119,8826.79380748185,6211.58091270652,5479.76546279127,7571.96242423323,5607.75503426282,6509.97366533076,7987.30293817632,9528.43581019466
7623.82305668882,2550.73304330344,5135.96367713013,1e+09,4023.01194410357,3942.62251973227,14795.7646862405,13433.0522099186,11257.4531188586,9280.05108658891,8240.00985908391,10903.8990506011,11858.6226362803,8042.10237554211,11937.5060050037,9367.32610107068,6426.11303699211,9262.36310751743,11461.9704172625,11302.1451270854,12043.0092402771,10841.3268713889,11143.7750934995,9036.69460276267,6004.39083269069,5590.72895272164,6179.26735740573,9542.84629038423,9759.03681735037,9536.29270480935,10386.6240380405,14829.1661284578,14612.2075438244,12851.0238015498,10502.0922772131,10754.6202977697,10797.9384695459,10626.0342821676,10996.5201353883,10952.1077638142,12466.6693803959,11352.2510424056,11466.2681698406,11057.1197797483,11758.2398025427,12512.8882636824,13404.3035310008,11097.4580605605,10320.9064921546,12276.1916083776,10443.5237419609,11005.2819416724,12020.6618543323,13854.2068076307
10599.4715288594,5816.45083237192,8126.88325064412,4023.01194410357,1e+09,7670.86129833541,18448.4041518338,16513.0697965036,14344.5140659801,12409.0103111046,11029.2827169132,13859.3060723075,14871.3219753289,10883.2473201752,15378.1890640641,11818.625348102,9335.49643104211,12727.6156841452,14495.2711111176,14405.8789674528,15192.318990457,13583.8977608822,13961.1474468075,12410.4849168113,9488.66052877328,9052.33683246486,9552.31352552354,12442.9340722958,12701.8114831862,12803.6453374654,13567.9459390801,18036.3664828479,17856.67394403,15742.9130722684,13743.1548460643,13847.1017046095,14003.304605353,13653.0915829566,13992.8722111295,13868.8873028084,15752.4873750053,14382.4723944181,14801.8593741293,13900.6720047306,14703.8474991242,15606.9996740053,16674.38708398,13973.9283086504,13387.8790536739,15577.7125784564,13406.7147953964,14358.5675346498,15622.7621944904,17242.901210011
5716.17895881506,3399.11798499258,4042.02483739276,3942.62251973227,7670.86129833541,1e+09,11265.3903961425,10687.664932973,8513.39702486616,6638.70264905727,6410.34447628987,8431.43766324581,9257.38794873586,6013.46502565701,8714.41527616168,7703.89401999405,4787.23241824543,6040.88948607736,8786.47750363591,8642.52209563852,9172.76778330837,8628.27685641809,8910.10796642779,6254.62075939861,3366.30776730233,2996.90558414842,3757.36638809685,7190.38207614867,7587.53829411753,6680.78262408679,7729.90785001348,11717.5438950191,11564.8599581102,10230.9458329668,7753.77385647789,8108.14975751558,7907.25998376176,8038.5020782917,8405.35700284646,8599.07773147214,9458.57587812246,8677.20623792589,8343.76978232262,8684.66676231161,9180.50867189831,9667.94982246495,10294.8059660054,8702.21066372218,7702.99254058447,9322.16506632982,7940.33875971296,8032.79276677794,8749.63558137709,10583.5269276314
8816.6299925822,12987.1223157403,10772.2030222327,14795.7646862405,18448.4041518338,11265.3903961425,1e+09,5109.82202040345,5659.59092923685,6831.96886400253,8761.11683574646,6610.32963519218,6101.85400478412,8664.03283080691,3700.43610525841,9156.21175602662,9837.52982675021,5939.42797453593,5906.03834379697,5846.25056713275,4990.74154930908,7442.93441571938,7162.14537102536,6483.71031760365,9062.32772870746,9499.65554226047,9082.22178589028,7442.82346861055,7485.56140143143,6197.25158906753,6044.47604457161,4037.26187399331,4109.45703975598,5977.74128158789,5692.96610835687,6098.78837140624,5460.15589604363,6352.75854033506,6293.95539339135,6795.97305266876,4137.60267064154,5953.24166531143,4483.6478419363,7006.6869263226,6294.47992988301,5005.06295201169,3717.5858936143,6840.52799478958,6376.72672646398,4291.58453781351,6728.62150582867,4939.48577095835,3511.36309201996,3009.5192102394
6345.81575779663,11425.9052767997,8651.8852006947,13433.0522099186,16513.0697965036,10687.664932973,5109.82202040345,1e+09,2510.07276625599,4228.38172856945,5666.69136429716,3103.29275755608,3180.33523879166,5926.2290294166,3164.55167461364,5421.15004027743,7545.11335399277,5015.74526425535,2748.74221079388,2488.86899078678,1896.90289988708,3493.1831420783,3236.48051257844,4839.36887011106,7713.32925526326,8225.97315068558,7439.02178161215,4237.00241315721,4191.68744378681,4153.89994400443,3512.18786513478,2965.33062831112,2767.59490746027,1754.51032085879,3308.57315489623,3301.94945461011,3325.24313984707,3212.83968734825,2873.57055239644,3191.51909372324,2159.39626884461,2711.90164552478,3100.04073836135,3263.02972835063,2825.17043069971,1703.22710241471,2232.24981330495,3173.38176103979,3434.51249935126,2357.15287459257,3558.69497730559,3449.96826523086,4416.46085711172,3273.4061352359
4078.942544018,9241.26686636091,6433.28431452396,11257.4531188586,14344.5140659801,8513.39702486616,5659.59092923685,2510.07276625599,1e+09,2125.29417568486,3615.11024759965,1328.24840643609,1993.37727402517,3677.21471905028,2641.89741492739,3659.19585317594,5299.89596430911,3180.90851223357,1045.36545595308,1346.09559385654,1327.74160366391,1918.73095466769,1784.39632380253,2792.1444259386,5570.42416209035,5944.1246468677,5214.04276140885,2109.91158672585,2300.02753629169,1987.00065251625,1320.70269640824,4037.14478872136,4058.82779180147,1859.5404211525,1431.50174683791,1366.17815174303,1184.89063545966,981.961539725462,1091.63630678903,1530.48386502439,1919.49708788526,981.124979347687,1891.14027882651,1913.15853112072,1725.16267847412,1333.75848154754,2736.79862403137,1549.30646284071,1136.98593197102,1900.80690500114,1412.51727621293,1955.61553972145,3808.33393781323,3788.80708190586
2674.42874528375,7295.04355757387,4587.88290128464,9280.05108658891,12409.0103111046,6638.70264905727,6831.96886400253,4228.38172856945,2125.29417568486,1e+09,2126.58238394378,2232.27038962577,3380.59444402904,2201.15535571663,3474.82855398651,2944.35024056242,3572.41386072499,2186.87578586439,2599.1894056994,2340.63161868757,2905.93823253351,2425.85310119966,2677.31737483624,1548.39431499215,3614.98868180801,4090.38765081013,3347.42561841186,1183.17737123392,1828.07539819888,950.39500845701,1789.56775174901,5904.46633055859,5736.90180139943,3709.02529917228,1636.39441957005,2021.4172449299,2013.14865909103,1701.84288114385,2012.34119356038,2285.83949604954,3523.23842877544,2453.50108324818,2889.90264822191,2540.79518820388,3106.70182283398,3343.32840539185,4439.58424122124,2530.55582412244,1462.44308350787,3402.07123901014,1790.53226929871,2631.90330893823,4440.50367736589,5267.29453500561
1612.01846301461,6130.27140696071,3240.07342907534,8240.00985908391,11029.2827169132,6410.34447628987,8761.11683574646,5666.69136429716,3615.11024759965,2126.58238394378,1e+09,3195.77841170191,4497.61138820374,1223.46180271392,5470.98864079428,1913.38616301049,2335.92817522286,3906.6797901159,3921.03841542008,3787.9439794564,4616.82046809273,2864.57213449059,3098.2704446352,2732.38053722391,3438.37631755164,3748.62153392417,2966.76608038113,1784.65153553852,1932.22942902752,2823.50993927771,3065.78021616032,7580.91457595982,7422.79929876863,4868.01479753297,3242.45124128336,3274.97449834346,3587.26772721245,2923.37891016543,3378.83047062146,3009.56717000967,5273.19092909597,3800.67455896976,4781.87742407728,3467.95234680351,4271.30138771546,4882.30800212359,6237.41434504715,3332.78435400492,2789.4587659616,5061.35665824885,2863.83114929983,4332.91305755147,6217.34339566346,7141.11460435974
3578.87499519053,8937.19222439016,6052.88603485148,10903.8990506011,13859.3060723075,8431.43766324581,6610.32963519218,3103.29275755608,1328.24840643609,2232.27038962577,3195.77841170191,1e+09,1668.53203912901,3244.72996337137,3374.54428209203,3151.03102398247,4954.34001444188,3517.24691132141,1090.12604285009,1358.19899889523,2013.07307515152,1112.90493574249,1028.01201442396,3107.31253511777,5433.17004188163,5813.71201281075,4987.45686156783,1856.05961159657,1957.00999560554,2253.53691824652,1357.01821413716,4575.54753424112,4457.3328696991,2370.51626699755,2079.13430629192,1813.49093763934,2008.07597296517,977.162655702724,1239.53633101253,1190.02353106987,2614.24655562554,876.615097462963,2476.9365786794,1238.62901007525,1292.65994298578,2209.41835750951,3470.13155763582,559.446526845954,983.818389185728,2635.61241628962,1101.20625043631,2275.6486253374,4279.34084871724,4416.73138704404
4537.81600221957,9916.45116843218,7091.50393006307,11858.6226362803,14871.3219753289,9257.38794873586,6101.85400478412,3180.33523879166,1993.37727402517,3380.59444402904,4497.61138820374,1668.53203912901,1e+09,4345.55387371967,3129.88319481734,4360.98342511182,5969.61987402046,4004.97794570707,1012.64495253766,2032.42225312557,2010.07394314239,2218.68390119007,2105.02330063114,3875.0340759663,6351.77114236651,6604.70489323331,5908.15886753225,3118.20005458277,3136.52392331065,2986.08653044415,1963.38498733692,3638.84844346395,3661.14992928451,2452.24683466,2640.00762915564,2433.85879506187,2434.96140913978,1982.47681214687,1797.97714682362,2059.28002508158,2153.79106851152,1241.11447824123,2301.0800838302,1790.66859848493,1066.59571797378,1980.96015247657,2754.24117293675,1549.93324417537,2052.59085886594,2300.56462945513,1805.62787007733,2102.16521748411,3842.61741193421,3664.5212704936
1174.29078213192,5944.44243540973,3047.37956528228,8042.10237554211,10883.2473201752,6013.46502565701,8664.03283080691,5926.2290294166,3677.21471905028,2201.15535571663,1223.46180271392,3244.72996337137,4345.55387371967,1e+09,5391.92509578907,2065.85465497939,1819.15188483535,3751.30027046623,3852.2959690164,3822.65702280495,4705.79440187308,3072.14046937962,3321.26187236117,2591.82148712059,3040.46153062327,3239.59816559091,2492.99107756125,1790.00880377723,2086.35326910377,2636.50222004458,3007.76367839962,7508.32625806178,7463.17154400862,4991.9710896098,3256.0166387167,3069.38872701064,3541.544916163,2933.39763088811,3452.56888300581,3060.20255707037,5232.34227437388,3782.47123924294,4617.61797020932,3564.97960134417,4210.01421855081,4928.84915256087,6158.7444541481,3345.31269901634,2691.1860358028,4961.81639810463,2826.02326055537,4156.75170088376,6047.22473968845,7056.12909888276
5586.35329303473,10112.6193994484,7659.83790095456,11937.5060050037,15378.1890640641,8714.41527616168,3700.43610525841,3164.55167461364,2641.89741492739,3474.82855398651,5470.98864079428,3374.54428209203,3129.88319481734,5391.92509578907,1e+09,5948.80000036142,6711.9449334675,2784.47049451058,2759.32918103296,2713.60566387233,1891.14208739058,4166.23417563152,4115.50135106283,3528.64069455931,6098.07084776817,6574.27575160185,6033.55705210451,4135.74762428754,4364.08172009874,2834.62687800352,2830.55744702347,3371.72829677897,3093.44813842094,3622.49492006545,2595.36961606627,3195.54076633361,2519.7564524771,3140.95888013517,2972.28861897697,3715.945723433,1448.82553504554,2738.10858592204,1185.87129756985,3594.93802731007,3191.1374218294,2465.58933346573,1923.82459868357,3639.70772474934,3075.28970887297,1876.4714681817,3346.65595494966,1617.13238289263,1715.83542762702,2105.19136386695
2711.26124372035,7340.72082851541,4465.8027245502,9367.32610107068,11818.625348102,7703.89401999405,9156.21175602662,5421.15004027743,3659.19585317594,2944.35024056242,1913.38616301049,3151.03102398247,4360.98342511182,2065.85465497939,5948.80000036142,1e+09,3357.84086236975,4952.85277131271,3826.1707439423,3850.9365890261,4707.39250371158,2555.54813906919,2846.33346438888,3830.18708120113,4878.22592936203,5058.15849241599,4257.39879958408,2005.81753998214,2064.1002282835,3565.38953546453,3515.50721788478,7368.26146027677,7411.08487406534,4382.70439181107,3741.44308593623,3211.36141799705,4065.49016421145,3117.58480638458,3342.61061223111,2848.05035591016,5437.26494944839,3773.01100374754,5122.54251534333,3239.26898248664,3942.10665371956,4717.81894538144,6225.25808130073,3054.47163714119,3014.48440888322,5194.30234441547,2946.83060213851,4835.83241497263,6932.26700623973,7334.03242381707
1784.13051722681,4248.19044766122,1473.85182104579,6426.11303699211,9335.49643104211,4787.23241824543,9837.52982675021,7545.11335399277,5299.89596430911,3572.41386072499,2335.92817522286,4954.34001444188,5969.61987402046,1819.15188483535,6711.9449334675,3357.84086236975,1e+09,4600.08115212112,5527.32247684175,5385.37415594311,6314.91962408074,4819.34540068462,5024.35031934478,3468.08591664047,2291.65531415612,2161.6484112362,1644.89927725074,3433.41719252118,3554.96664921065,3916.8572442457,4514.66098293106,9122.01677397054,9050.65832720471,6691.16578022096,4631.62876194757,4608.02830221343,4965.89930593644,4579.51295135192,5071.87566091678,4752.49512569976,6761.22877236823,5469.86082194054,6028.70387961625,5262.78457154575,5907.3353269558,6567.29215027016,7704.52681975993,5097.23634212698,4341.24809493768,6429.21341725409,4482.69158427167,5535.85377526358,7170.57772778456,8518.26047912366
3810.14107022299,7570.64946897557,5310.59982571649,9262.36310751743,12727.6156841452,6040.88948607736,5939.42797453593,5015.74526425535,3180.90851223357,2186.87578586439,3906.6797901159,3517.24691132141,4004.97794570707,3751.30027046623,2784.47049451058,4952.85277131271,4600.08115212112,1e+09,3445.62772741049,3365.62851761747,3372.12309071007,4083.00318976118,4285.12123576452,2172.30622314166,3640.34064035222,4028.77880712009,3597.17787931039,3192.28181246581,3709.3902686695,1653.73857362644,2695.49456365618,5835.82783694824,5599.50427138868,4885.72119397945,2613.8858975862,3369.9041779107,2610.38198890507,3077.91391625887,3175.24978470986,3917.83587130702,3609.55116963314,3330.88995259525,2510.61656327684,3748.86091750548,3944.80206284168,4003.76235849482,4391.39285303649,3876.02801906797,2814.44357514945,3716.22013402059,3073.19813552592,2416.57148489342,3325.73289043182,4685.08821337443
4165.64003090762,9501.45925865075,6660.64600240848,11461.9704172625,14495.2711111176,8786.47750363591,5906.03834379697,2748.74221079388,1045.36545595308,2599.1894056994,3921.03841542008,1090.12604285009,1012.64495253766,3852.2959690164,2759.32918103296,3826.1707439423,5527.32247684175,3445.62772741049,1e+09,1482.1946918337,1381.93599193306,1736.08351829628,1705.04149882048,3278.06345216196,5857.514422765,6168.28354988647,5452.53037789795,2422.92455006342,2595.94893967505,2314.73458677232,1414.51014284098,3751.38551660583,3785.46896048561,1983.42535911992,1963.26246729774,1761.92540818276,1744.41939145952,1245.55738021177,1035.66247803037,1559.42648573121,1883.64319431786,384.600027561101,1874.70610456679,1382.58231722382,866.621256893691,1424.51567130727,2624.26486715804,1092.48408029591,1306.80000214264,2023.63677704276,1194.09877367829,1817.9091351605,3780.18792112244,3643.74828400646
4254.43569289747,9305.97992482791,6537.20220046007,11302.1451270854,14405.8789674528,8642.52209563852,5846.25056713275,2488.86899078678,1346.09559385654,2340.63161868757,3787.9439794564,1358.19899889523,2032.42225312557,3822.65702280495,2713.60566387233,3850.9365890261,5385.37415594311,3365.62851761747,1482.1946918337,1e+09,1603.99138411028,2055.47394150352,1873.61582172013,2968.03942071193,5607.6584973766,6085.17165530275,5240.89408194823,2260.98682127959,2287.99674669786,2202.03545405155,1672.36035150921,4160.99058053488,3900.52835312089,2179.87332478289,1709.12656318951,1717.39816131845,1838.57699512422,1286.53507091723,1336.44695745847,1604.85158631569,2013.8147279231,1348.71421883956,2076.30018046524,1964.44389377758,1837.63451170248,1915.24343708574,2840.74035003201,1706.1984276162,1445.65176494895,1868.43295477788,1755.73845210498,2066.83082573296,3758.37789328056,3851.35202941772
5062.47778710189,10113.7779778281,7378.7499928782,12043.0092402771,15192.318990457,9172.76778330837,4990.74154930908,1896.90289988708,1327.74160366391,2905.93823253351,4616.82046809273,2013.07307515152,2010.07394314239,4705.79440187308,1891.14208739058,4707.39250371158,6314.91962408074,3372.12309071007,1381.93599193306,1603.99138411028,1e+09,2604.29621742612,2586.23440552089,3558.07329050429,6286.02985251423,6731.79566472424,6043.92035342128,3126.78372390864,3369.66062932159,2629.21417286611,2129.58015021741,3111.6181323228,2928.97899890047,1940.79668033517,2110.71972229853,2355.05480789726,1956.51568567696,1980.11309136625,1589.3301057993,2384.12069912578,1130.5329675423,1312.14054948393,1516.05154216471,2114.32658236612,1749.09114876841,981.835435600081,1794.27253799416,2169.21207573165,2094.54221728759,1648.76802613345,2164.41869468456,1851.44749153196,3275.13349242439,2772.69860103835
3546.09576822172,8838.8537172475,5917.13313586064,10841.3268713889,13583.8977608822,8628.27685641809,7442.93441571938,3493.1831420783,1918.73095466769,2425.85310119966,2864.57213449059,1112.90493574249,2218.68390119007,3072.14046937962,4166.23417563152,2555.54813906919,4819.34540068462,4083.00318976118,1736.08351829628,2055.47394150352,2604.29621742612,1e+09,863.816744222986,3494.51499460226,5592.39153736575,5929.11001006897,5134.04363341411,1718.53127588648,1936.12613966652,2729.33062147113,2059.92850014266,5197.98818260488,5093.92736629607,2467.16745773367,2545.66826381601,2240.90062771645,2587.57724877925,1431.9894080963,1466.62636983657,1217.36874195948,3395.81049753958,1627.9778256168,3364.90659427569,1112.95149660711,1827.52626640495,2707.77580240684,4156.04972187533,930.722257281946,1585.57789915854,3403.34672522504,1237.72296528747,3139.64851491373,5196.35688309608,5208.52916049243
3693.51763591295,9068.65921456419,6142.79741341842,11143.7750934995,13961.1474468075,8910.10796642779,7162.14537102536,3236.48051257844,1784.39632380253,2677.31737483624,3098.2704446352,1028.01201442396,2105.02330063114,3321.26187236117,4115.50135106283,2846.33346438888,5024.35031934478,4285.12123576452,1705.04149882048,1873.61582172013,2586.23440552089,863.816744222986,1e+09,3464.38676727931,5821.56292826935,6176.36396473686,5343.12686029445,2003.56017029686,1801.99264651663,2878.58470354791,1890.45644385159,5010.9888553558,4914.36399000929,2259.33418738796,2423.43721424757,2053.65257448771,2445.41027956456,1368.74311311509,1693.98565457326,929.366021382319,3178.60966490068,1629.88285913436,3321.40575443591,1646.22645173743,1900.89549312949,2543.80129839184,3989.07832097842,961.866320649601,1611.4566137194,3065.22699307898,1546.3938035313,3043.21516515017,5005.94134419292,5056.85855458703
2721.28380168258,6923.4407374224,4429.78094201056,9036.69460276267,12410.4849168113,6254.62075939861,6483.71031760365,4839.36887011106,2792.1444259386,1548.39431499215,2732.38053722391,3107.31253511777,3875.0340759663,2591.82148712059,3528.64069455931,3830.18708120113,3468.08591664047,2172.30622314166,3278.06345216196,2968.03942071193,3558.07329050429,3494.51499460226,3464.38676727931,1e+09,3188.88556161867,3646.97822516121,3039.88702084469,2259.44297522642,2300.42074521162,1291.44033032889,2039.33471901991,6285.36612201708,6137.73037605922,4430.79003199204,1631.44095145978,2269.4620175275,2195.37413606428,2426.4533198065,2931.47048448385,2892.70749084659,3749.6131919306,3240.04940070364,3149.13106667538,3627.45908005866,3946.54781026405,3899.63369246395,4722.56417038456,3419.49506089715,2216.05625623539,3390.34533238135,2669.41278327276,2639.86987961528,4040.15773397525,5446.67454955774
2850.11854493809,4097.05221766821,2314.9209398811,6004.39083269069,9488.66052877328,3366.30776730233,9062.32772870746,7713.32925526326,5570.42416209035,3614.98868180801,3438.37631755164,5433.17004188163,6351.77114236651,3040.46153062327,6098.07084776817,4878.22592936203,2291.65531415612,3640.34064035222,5857.514422765,5607.6584973766,6286.02985251423,5592.39153736575,5821.56292826935,3188.88556161867,1e+09,1135.58183795797,1153.56197726867,4155.84581427175,4449.62069400303,3732.92078891315,4719.09352432223,9054.29139050097,8849.49136749113,7226.96597187921,4680.99678560026,5031.2868503694,5051.72202469613,5008.73100456593,5448.8671060414,5422.32018229282,6607.56479321996,5755.14096780435,5692.05523662587,5727.14594565216,6302.79783128096,6774.47794077891,7548.35843060596,5691.42367170113,4680.17550992482,6378.41391660184,4969.90645030669,5211.42575551068,6326.67529946812,8069.57606050652
2931.32760907068,3735.03198909996,2074.65934138595,5590.72895272164,9052.33683246486,2996.90558414842,9499.65554226047,8225.97315068558,5944.1246468677,4090.38765081013,3748.62153392417,5813.71201281075,6604.70489323331,3239.59816559091,6574.27575160185,5058.15849241599,2161.6484112362,4028.77880712009,6168.28354988647,6085.17165530275,6731.79566472424,5929.11001006897,6176.36396473686,3646.97822516121,1135.58183795797,1e+09,1114.62733328229,4490.94100848586,4792.75053494337,4131.92246299468,5066.85797766229,9416.37434278183,9304.9520981572,7600.29455438406,5110.30909700186,5400.9050941856,5371.71443089634,5366.97503722535,5769.41101889959,5812.45840177803,7046.71396427441,6106.90235088134,6075.12497929878,6069.89253531724,6610.89170063313,7136.34390554435,7950.76090688181,6036.0996516542,5054.23789802182,6818.57903856808,5235.95046379356,5619.95348727194,6783.98159359237,8485.12575854949
2221.72036084652,4269.00782544375,2002.79823869006,6179.26735740573,9552.31352552354,3757.36638809685,9082.22178589028,7439.02178161215,5214.04276140885,3347.42561841186,2966.76608038113,4987.45686156783,5908.15886753225,2492.99107756125,6033.55705210451,4257.39879958408,1644.89927725074,3597.17787931039,5452.53037789795,5240.89408194823,6043.92035342128,5134.04363341411,5343.12686029445,3039.88702084469,1153.56197726867,1114.62733328229,1e+09,3672.60493715292,3906.32449941118,3467.15309914345,4343.85506746024,8785.18862452594,8636.40270797396,6850.31807263721,4433.8855194062,4671.00485582064,4737.32376681181,4600.45872331227,5025.18771355857,5025.42834000247,6393.3509776955,5366.36419912961,5457.39339729142,5316.95049847185,5852.25023226109,6448.72713506317,7327.99644086295,5239.05626066375,4284.03502099364,6144.37649688722,4516.22832649103,5015.84354879616,6328.0474706105,7924.73338610833
2509.02306493982,7497.65399613106,4633.1897435676,9542.84629038423,12442.9340722958,7190.38207614867,7442.82346861055,4237.00241315721,2109.91158672585,1183.17737123392,1784.65153553852,1856.05961159657,3118.20005458277,1790.00880377723,4135.74762428754,2005.81753998214,3433.41719252118,3192.28181246581,2422.92455006342,2260.98682127959,3126.78372390864,1718.53127588648,2003.56017029686,2259.44297522642,4155.84581427175,4490.94100848586,3672.60493715292,1e+09,1153.47359896098,1734.51896406468,1901.58226261711,5996.40555660639,5925.03978211961,3341.4614073037,2015.62044730649,1831.19014755432,2246.40068442831,1418.09131705261,1822.50179086332,1725.92413271847,3796.50738806077,2319.3720698715,3357.24171325212,2208.52411211651,2827.7792432225,3326.15237998802,4657.32105082954,2030.29323039801,1327.78946512615,3595.65681044507,1447.99023732897,3113.7090915177,5127.43534610628,5663.91557625112
2475.6760972914,7612.23049273996,4735.66481453238,9759.03681735037,12701.8114831862,7587.53829411753,7485.56140143143,4191.68744378681,2300.02753629169,1828.07539819888,1932.22942902752,1957.00999560554,3136.52392331065,2086.35326910377,4364.08172009874,2064.1002282835,3554.96664921065,3709.3902686695,2595.94893967505,2287.99674669786,3369.66062932159,1936.12613966652,1801.99264651663,2300.42074521162,4449.62069400303,4792.75053494337,3906.32449941118,1153.47359896098,1e+09,2169.22460644351,1846.04957008202,6111.03029624302,6018.27770166848,3421.48965884744,1995.00108303229,1731.7221387971,2503.13648515218,1663.14953248347,2160.84081028659,1500.99756648703,3862.52017797966,2555.19216111039,3631.06211961459,2519.57468603334,2987.55142842763,3458.54303908452,4793.77422497139,2108.3257533645,1602.45856196034,3491.78742557447,1839.4607782989,3208.81104400057,5170.29674303129,5840.49481513339
2917.08679382359,7580.95709081644,4947.3540972726,9536.29270480935,12803.6453374654,6680.78262408679,6197.25158906753,4153.89994400443,1987.00065251625,950.39500845701,2823.50993927771,2253.53691824652,2986.08653044415,2636.50222004458,2834.62687800352,3565.38953546453,3916.8572442457,1653.73857362644,2314.73458677232,2202.03545405155,2629.21417286611,2729.33062147113,2878.58470354791,1291.44033032889,3732.92078891315,4131.92246299468,3467.15309914345,1734.51896406468,2169.22460644351,1e+09,1403.51325081027,5432.4214742783,5307.51014992906,3702.76211704182,1286.17432228295,1831.76833753616,1625.94160051953,1677.99249038844,1945.58862789645,2379.35001094837,3012.11716872037,2243.67893447347,2227.78546011504,2610.65118062525,2903.03165830137,3075.24160471986,3930.34461229547,2562.57898705581,1363.55419166236,2876.60591026995,1736.09308163474,1899.98099672076,3674.28884120451,4677.05289692131
3133.43227054615,8356.25229844097,5576.53437394588,10386.6240380405,13567.9459390801,7729.90785001348,6044.47604457161,3512.18786513478,1320.70269640824,1789.56775174901,3065.78021616032,1357.01821413716,1963.38498733692,3007.76367839962,2830.55744702347,3515.50721788478,4514.66098293106,2695.49456365618,1414.51014284098,1672.36035150921,2129.58015021741,2059.92850014266,1890.45644385159,2039.33471901991,4719.09352432223,5066.85797766229,4343.85506746024,1901.58226261711,1846.04957008202,1403.51325081027,1e+09,4770.68123766407,4679.78273452946,2959.53893128643,1155.60048481298,1392.83549287057,1302.80040355382,1011.21131144781,1513.64480787271,1517.36205877174,2401.82707168938,1402.01896727541,2038.66392750252,2054.08247904022,2068.76945237984,2374.74865992172,3419.82877100594,1640.39053237331,799.226242562142,2239.24195258128,1218.43371600592,1486.47017215281,3519.12599251576,4267.67695197282
7807.61912642388,12963.9321557389,10249.5384617455,14829.1661284578,18036.3664828479,11717.5438950191,4037.26187399331,2965.33062831112,4037.14478872136,5904.46633055859,7580.91457595982,4575.54753424112,3638.84844346395,7508.32625806178,3371.72829677897,7368.26146027677,9122.01677397054,5835.82783694824,3751.38551660583,4160.99058053488,3111.6181323228,5197.98818260488,5010.9888553558,6285.36612201708,9054.29139050097,9416.37434278183,8785.18862452594,5996.40555660639,6111.03029624302,5432.4214742783,4770.68123766407,1e+09,1327.25595511943,3474.02492293881,4862.38155509211,4815.60738679972,4466.06313001731,4733.26984421974,4372.76453278701,4941.47448458454,2598.84454500457,3841.70846743998,3415.08798078468,4650.96054413494,3701.22939695718,2833.17956359988,1646.54993954025,4577.4164488388,4863.06507717098,3143.26584453177,4884.05431817665,3995.79815317291,4071.99477590529,1735.95655711772
7729.71687429106,12770.1336707648,10102.1026712066,14612.2075438244,17856.67394403,11564.8599581102,4109.45703975598,2767.59490746027,4058.82779180147,5736.90180139943,7422.79929876863,4457.3328696991,3661.14992928451,7463.17154400862,3093.44813842094,7411.08487406534,9050.65832720471,5599.50427138868,3785.46896048561,3900.52835312089,2928.97899890047,5093.92736629607,4914.36399000929,6137.73037605922,8849.49136749113,9304.9520981572,8636.40270797396,5925.03978211961,6018.27770166848,5307.51014992906,4679.78273452946,1327.25595511943,1e+09,3630.9288005688,4743.53699474348,4919.82758866609,4443.73768547379,4651.18290046737,4284.02952987021,4884.36567324765,2466.35756505418,3796.28319270309,3331.15449159897,4509.42541742293,3729.1164734961,2991.36805558928,1777.99571411182,4541.31397512879,4805.29136032353,3106.83598884782,4834.36980113231,3828.29131066328,3717.94011702717,1573.60816082022
5550.57829652911,10776.9991249791,7914.83720613381,12851.0238015498,15742.9130722684,10230.9458329668,5977.74128158789,1754.51032085879,1859.5404211525,3709.02529917228,4868.01479753297,2370.51626699755,2452.24683466,4991.9710896098,3622.49492006545,4382.70439181107,6691.16578022096,4885.72119397945,1983.42535911992,2179.87332478289,1940.79668033517,2467.16745773367,2259.33418738796,4430.79003199204,7226.96597187921,7600.29455438406,6850.31807263721,3341.4614073037,3421.48965884744,3702.76211704182,2959.53893128643,3474.02492293881,3630.9288005688,1e+09,2912.26032903997,2537.00642821417,2692.37951509441,2350.70124830868,2125.58041772124,2240.44247330745,2428.31315816144,2037.53614652599,3127.31119351752,2557.40143170758,2187.78455029283,1300.62584089353,2660.20016942335,2291.24380455245,2702.04510228827,2439.49939262136,2651.07983536898,3370.58709380132,4886.04063356006,3953.3028759254
3560.05270795251,8400.64605510195,5727.65657202839,10502.0922772131,13743.1548460643,7753.77385647789,5692.96610835687,3308.57315489623,1431.50174683791,1636.39441957005,3242.45124128336,2079.13430629192,2640.00762915564,3256.0166387167,2595.36961606627,3741.44308593623,4631.62876194757,2613.8858975862,1963.26246729774,1709.12656318951,2110.71972229853,2545.66826381601,2423.43721424757,1631.44095145978,4680.99678560026,5110.30909700186,4433.8855194062,2015.62044730649,1995.00108303229,1286.17432228295,1155.60048481298,4862.38155509211,4743.53699474348,2912.26032903997,1e+09,1209.25832389114,1221.86818650786,1371.93321473751,1675.2206087856,1779.33146161697,2368.17252247382,1980.44133124412,2174.51964465718,2553.10564720695,2695.32212883729,2359.32092223589,3326.22087082322,2342.43803930862,1350.99992276092,2016.69831509326,1746.27076073557,1779.29164073797,3524.74050101564,4275.06265260522
3527.60349678078,8632.83946134758,5854.16716652335,10754.6202977697,13847.1017046095,8108.14975751558,6098.78837140624,3301.94945461011,1366.17815174303,2021.4172449299,3274.97449834346,1813.49093763934,2433.85879506187,3069.38872701064,3195.54076633361,3211.36141799705,4608.02830221343,3369.9041779107,1761.92540818276,1717.39816131845,2355.05480789726,2240.90062771645,2053.65257448771,2269.4620175275,5031.2868503694,5400.9050941856,4671.00485582064,1831.19014755432,1731.7221387971,1831.76833753616,1392.83549287057,4815.60738679972,4919.82758866609,2537.00642821417,1209.25832389114,1e+09,1666.79189201892,1304.20081889255,1717.62314516311,1305.60317700287,2609.84410762406,1846.76391506873,2518.93487968625,2409.23822966929,2370.56818351635,2278.79598942073,3438.58047685378,1911.47124370209,1196.19334632826,2141.62245795098,1681.91791627891,2242.95487749977,4142.42445845425,4561.380314532
3890.59897547923,8759.62116268164,6075.7342177304,10797.9384695459,14003.304605353,7907.25998376176,5460.15589604363,3325.24313984707,1184.89063545966,2013.14865909103,3587.26772721245,2008.07597296517,2434.96140913978,3541.544916163,2519.7564524771,4065.49016421145,4965.89930593644,2610.38198890507,1744.41939145952,1838.57699512422,1956.51568567696,2587.57724877925,2445.41027956456,2195.37413606428,5051.72202469613,5371.71443089634,4737.32376681181,2246.40068442831,2503.13648515218,1625.94160051953,1302.80040355382,4466.06313001731,4443.73768547379,2692.37951509441,1221.86818650786,1666.79189201892,1e+09,1235.92664948208,1697.07500503071,2096.74800071444,2175.28266126497,1724.18863988254,1846.80213309385,2670.58595012406,2560.29044215691,2062.76629992348,3035.61343930679,2336.59027182773,1428.09192816849,2040.22695494889,1744.55437863083,1809.16914123583,3428.16836603747,3893.54229509582
3382.21027479073,8578.27007365704,5741.65244454939,10626.0342821676,13653.0915829566,8038.5020782917,6352.75854033506,3212.83968734825,981.961539725462,1701.84288114385,2923.37891016543,977.162655702724,1982.47681214687,2933.39763088811,3140.95888013517,3117.58480638458,4579.51295135192,3077.91391625887,1245.55738021177,1286.53507091723,1980.11309136625,1431.9894080963,1368.74311311509,2426.4533198065,5008.73100456593,5366.97503722535,4600.45872331227,1418.09131705261,1663.14953248347,1677.99249038844,1011.21131144781,4733.26984421974,4651.18290046737,2350.70124830868,1371.93321473751,1304.20081889255,1235.92664948208,1e+09,1006.05812018988,1072.36258718775,2527.16570364905,1150.59844228992,2325.32003610256,1715.15397574095,1889.61848099028,2128.38320689673,3419.28324977619,1287.4026360467,593.169859315188,2392.23076365973,860.210099859331,2118.05830951369,4112.39432963329,4427.09396236402
3884.63218648819,9031.32302231517,6206.15340021498,10996.5201353883,13992.8722111295,8405.35700284646,6293.95539339135,2873.57055239644,1091.63630678903,2012.34119356038,3378.83047062146,1239.53633101253,1797.97714682362,3452.56888300581,2972.28861897697,3342.61061223111,5071.87566091678,3175.24978470986,1035.66247803037,1336.44695745847,1589.3301057993,1466.62636983657,1693.98565457326,2931.47048448385,5448.8671060414,5769.41101889959,5025.18771355857,1822.50179086332,2160.84081028659,1945.58862789645,1513.64480787271,4372.76453278701,4284.02952987021,2125.58041772124,1675.2206087856,1717.62314516311,1697.07500503071,1006.05812018988,1e+09,1478.4189584147,2381.70479004011,1010.09451755764,2226.4036911351,1203.98518807334,1485.10053636109,1809.0343893912,3113.22002649989,1356.66584290311,1180.55652977738,2435.47441932778,829.014288718838,2205.77664805392,4187.81053446786,4170.92323259491
3502.89034722756,8819.55536765885,5939.11170218241,10952.1077638142,13868.8873028084,8599.07773147214,6795.97305266876,3191.51909372324,1530.48386502439,2285.83949604954,3009.56717000967,1190.02353106987,2059.28002508158,3060.20255707037,3715.945723433,2848.05035591016,4752.49512569976,3917.83587130702,1559.42648573121,1604.85158631569,2384.12069912578,1217.36874195948,929.366021382319,2892.70749084659,5422.32018229282,5812.45840177803,5025.42834000247,1725.92413271847,1500.99756648703,2379.35001094837,1517.36205877174,4941.47448458454,4884.36567324765,2240.44247330745,1779.33146161697,1305.60317700287,2096.74800071444,1072.36258718775,1478.4189584147,1e+09,2876.70249620985,1578.86331333653,3013.01328863648,1716.14226324626,1986.04808997668,2369.46231001888,3732.19738055211,1140.09501362825,1233.31266676379,2599.11856747629,1329.2842848315,2632.73594522884,4636.52738574895,4870.05382380934
5494.29407684008,10510.1907365423,7841.89251777274,12466.6693803959,15752.4873750053,9458.57587812246,4137.60267064154,2159.39626884461,1919.49708788526,3523.23842877544,5273.19092909597,2614.24655562554,2153.79106851152,5232.34227437388,1448.82553504554,5437.26494944839,6761.22877236823,3609.55116963314,1883.64319431786,2013.8147279231,1130.5329675423,3395.81049753958,3178.60966490068,3749.6131919306,6607.56479321996,7046.71396427441,6393.3509776955,3796.50738806077,3862.52017797966,3012.11716872037,2401.82707168938,2598.84454500457,2466.35756505418,2428.31315816144,2368.17252247382,2609.84410762406,2175.28266126497,2527.16570364905,2381.70479004011,2876.70249620985,1e+09,1929.73676653061,1320.87155628396,2954.24415954403,2295.28727979746,1332.03793005304,1115.59501087984,2789.70371308496,2607.6766945885,912.143784772993,2824.17605662253,1636.59843773603,2505.00663098923,2041.72538292984
4112.72321583887,9413.97370548697,6575.34146448684,11352.2510424056,14382.4723944181,8677.20623792589,5953.24166531143,2711.90164552478,981.124979347687,2453.50108324818,3800.67455896976,876.615097462963,1241.11447824123,3782.47123924294,2738.10858592204,3773.01100374754,5469.86082194054,3330.88995259525,384.600027561101,1348.71421883956,1312.14054948393,1627.9778256168,1629.88285913436,3240.04940070364,5755.14096780435,6106.90235088134,5366.36419912961,2319.3720698715,2555.19216111039,2243.67893447347,1402.01896727541,3841.70846743998,3796.28319270309,2037.53614652599,1980.44133124412,1846.76391506873,1724.18863988254,1150.59844228992,1010.09451755764,1578.86331333653,1929.73676653061,1e+09,1841.90566373525,1295.83430773382,896.706682979445,1517.98725291091,2709.7930768972,1006.1500326989,1203.84996041866,2129.1672821082,1183.59871692225,1830.10429907697,3778.8044750688,3668.25453615204
4824.56462692749,9639.90452276888,7048.71796104086,11466.2681698406,14801.8593741293,8343.76978232262,4483.6478419363,3100.04073836135,1891.14027882651,2889.90264822191,4781.87742407728,2476.9365786794,2301.0800838302,4617.61797020932,1185.87129756985,5122.54251534333,6028.70387961625,2510.61656327684,1874.70610456679,2076.30018046524,1516.05154216471,3364.90659427569,3321.40575443591,3149.13106667538,5692.05523662587,6075.12497929878,5457.39339729142,3357.24171325212,3631.06211961459,2227.78546011504,2038.66392750252,3415.08798078468,3331.15449159897,3127.31119351752,2174.51964465718,2518.93487968625,1846.80213309385,2325.32003610256,2226.4036911351,3013.01328863648,1320.87155628396,1841.90566373525,1e+09,2840.85286007565,2307.8250670274,1995.59657689123,2029.84682385149,2755.65784247609,2211.34355433524,1708.16459086939,2492.63247126407,1048.27605677131,2246.33340230252,2522.05070676622
3917.3092277991,9169.22057942222,6305.75892392819,11057.1197797483,13900.6720047306,8684.66676231161,7006.6869263226,3263.02972835063,1913.15853112072,2540.79518820388,3467.95234680351,1238.62901007525,1790.66859848493,3564.97960134417,3594.93802731007,3239.26898248664,5262.78457154575,3748.86091750548,1382.58231722382,1964.44389377758,2114.32658236612,1112.95149660711,1646.22645173743,3627.45908005866,5727.14594565216,6069.89253531724,5316.95049847185,2208.52411211651,2519.57468603334,2610.65118062525,2054.08247904022,4650.96054413494,4509.42541742293,2557.40143170758,2553.10564720695,2409.23822966929,2670.58595012406,1715.15397574095,1203.98518807334,1716.14226324626,2954.24415954403,1295.83430773382,2840.85286007565,1e+09,1208.58938932956,2424.53453922604,3638.72999700445,1024.56829660106,1687.45505128285,3147.26643090476,1207.9072224306,2675.44550387408,4689.3759359322,4600.73886308493
