1e+09,2253.69658496879,2497.84105443081,2390.34253507735,1949.63574497905,3118.72291212284,2049.09443830683,1785.2743131239,2114.68380839784,1675.97496613165,1810.15931448036,1733.734960252,1917.60684893958,1597.53620613118,1788.63224875881,2060.04865209538,1875.18091175225,2113.11062247105,1508.81759003532,2515.18937722391,1617.13021371193,1497.3050663442,1998.14127818831,1899.5850297894,2312.28446446366,1928.27067039355,2295.26180896646,1635.23791694053,1576.10696201114,1792.17702858841,2162.9873803839,2393.53425906127,2039.06580283717,1762.66122340625,1868.83746816035,2235.85596935491,1350.12784950167,1369.02036548037,1666.09564887494,1540.94710499744,1625.2549983618,2622.72307278142,1690.29666129943,2088.77183844957,2246.47734121669,2980.55568751869,2790.72870867091,2081.08020232282,2849.17663983825,3012.94535345399,2015.18908874577,1592.83223218894,1825.04144865261,2046.92278650173
2253.69658496879,1e+09,1491.59038113686,1263.07561812427,1458.19878178525,1576.26855145308,2168.80497126874,2657.85432407421,2030.5893078119,1526.28828305796,1619.60439641908,2712.28968384647,2659.89591021904,2495.60269910897,2195.0380491463,1941.16731522556,1454.74349818104,1721.74409198928,2179.40054833892,2820.13287655032,2155.23982071601,2692.53214777466,2539.91787664483,1369.77380026777,1651.55097659745,985.027330077699,1239.67079726837,2058.46660587438,2138.46514958743,1806.52342611437,2135.9053086689,2485.72514530469,2885.6101312894,2834.27886828378,2172.00882873436,2776.55158219688,2041.93919098978,2315.17862015007,2459.47839569694,2531.41582722002,2327.97437636242,3295.90733298131,2401.77736909565,2746.72936664681,2832.5685879251,2827.37087501799,2753.14224207541,2934.63330608783,3261.57193005152,3030.80411907467,2564.28553111778,2502.88607015981,2442.62203953047,2767.52958387079
2497.84105443081,1491.59038113686,1e+09,961.072465634096,1081.6991805026,1577.19283335932,2435.65389641057,3141.64559867914,1411.17637384559,1481.44005369775,1121.91453373241,2213.48838975948,2312.05641364998,2834.46383760668,2952.21490147652,1791.35086378967,1695.557339402,2154.57663966729,1796.76720083599,2995.47915457611,2670.51655222356,2425.52048816331,1834.10163927739,1800.81484850609,1922.91096840181,2154.95873995304,1647.85960861355,2463.21774526736,2754.99533406139,2510.04537456995,2264.44230522661,2339.63400490333,2889.59306237055,3111.74781707966,3018.91082041189,3221.99718915147,2471.91167366474,2512.24092099066,3050.66476476849,2790.19955239764,2529.13776795571,3744.95197439166,2736.00545858374,2877.55854208042,2675.89410777034,2814.03680057671,3101.17502866252,2980.47045700842,3774.4651624303,3745.3905052878,2893.56670180592,2802.76418831481,2884.40904160627,3001.08015919269
2390.34253507735,1263.07561812427,961.072465634096,1e+09,1159.26104407075,1555.46251346665,2049.76991018504,3072.74295828662,1749.66198269837,1643.73784731629,1316.25525336084,2430.29822647345,2691.91956687045,2574.82831549989,2759.1796207025,1898.28570299626,1619.95601983511,2338.9162520706,2085.45433769239,3069.84103316442,2720.82453930789,2644.34004815946,2170.20239728925,1453.1860933824,1647.14324276913,1920.7779882381,1650.63973976759,2462.52772654441,2666.61138932916,2570.47312115883,2314.90533229763,2783.9456721531,3134.72417011449,3172.31506031479,2757.95255234748,2910.38761787842,2252.41234586387,2406.59383779233,2914.23564764416,2694.90936133296,2446.84394608647,3639.5280048792,2657.54197091974,2942.32972419816,2814.31970401374,2590.79121181156,2943.55171033227,2963.21788508709,3572.61448015316,3547.45436730341,2735.19222882049,2574.34846229099,2695.91735435269,2843.04864525741
1949.63574497905,1458.19878178525,1081.6991805026,1159.26104407075,1e+09,1737.14197171676,2104.57309157938,2928.5299745094,1538.98962913985,1523.79086360301,1132.57851970625,2313.29912214136,2387.89959357591,2641.20148848966,2818.53866090214,2004.59613331464,1744.53278722413,2006.43483121182,1774.28133482264,3243.10290715543,2485.25043526804,2352.20546921395,1917.98825259698,1876.36302545643,2082.53911346222,1969.04286113838,1951.25525260023,2298.66152473565,2639.45274551374,2312.77407333704,2296.16670204931,2578.95441650294,3050.33215040592,2792.09937806662,2806.72153946557,3222.28917166042,2002.10770172336,2362.24666828001,2907.72838248348,2749.12292902664,2569.08783687907,3532.32556285516,2581.44383237366,2924.7125825626,2766.67325033152,2872.25011917486,3220.3845484507,2911.76079913856,3594.568099188,3733.18814955796,2853.32352846641,2750.39804326574,2848.53364796697,2944.15450216187
3118.72291212284,1576.26855145308,1577.19283335932,1555.46251346665,1737.14197171676,1e+09,2381.13334723194,3394.94015880987,2065.4889801449,2095.59030535551,1846.85284719709,2976.96233624142,3339.63082808564,2940.62777595193,3137.20497505343,2009.8870473238,1895.0898617216,2612.22822685921,2682.81871847503,3307.02936613814,2981.1618787144,3312.01365442536,2639.15663172916,2140.94145795722,2033.03195105242,2051.84265963548,1694.20424285267,2633.65915095329,3012.12863013849,2809.47065693878,2675.54494096063,2819.77058462209,3596.36715977387,3452.84150222683,3224.16949752956,3308.05553600601,2483.73423578289,2813.07593237367,3403.19393252868,3264.81515274602,3012.43199579675,3799.80552085235,3014.42720960384,3512.48547272441,3247.83359450573,2719.21134426878,3050.10266941951,3321.58312090786,3676.38458956622,3616.85232984428,3232.72519453788,3284.89172358847,3323.66540143559,3222.99434071796
2049.09443830683,2168.80497126874,2435.65389641057,2049.76991018504,2104.57309157938,2381.13334723194,1e+09,2313.12702768352,2386.41777683624,1712.97893495513,2209.86148364552,2413.66342270417,2975.59597748081,1759.15266409712,2402.75032648005,2116.85501763819,1293.98358455585,2802.95511489214,2392.04445454093,2480.09665799541,2708.86737072895,2724.13605188875,2474.32302173746,1512.03922075454,1494.06556747018,2088.97274601657,1976.87822543524,1899.44371643384,2117.72211028737,2384.47057249613,2998.50496761303,3236.14485497791,3075.71941246272,2434.58913621991,2400.19351688567,2125.78333820735,1923.10961645456,2019.09094663911,2738.54037912535,2263.87366142636,2295.36329359864,3592.31616425949,2382.41191650394,3287.63780295214,3141.35983024868,3057.51533086917,2955.62246897333,2997.01812460319,3389.8620921949,3208.23822148543,3020.33126012694,2492.14310576259,2669.50814338522,2706.45164545757
1785.2743131239,2657.85432407421,3141.64559867914,3072.74295828662,2928.5299745094,3394.94015880987,2313.12702768352,1e+09,2395.90192570564,1760.52698763751,2360.93534703939,2133.66473882379,2313.45980937642,1490.34486982041,1197.73394842093,2115.5216073347,1815.68121907454,2085.93953486193,1851.17610553399,1550.62471004431,1288.36007591046,1803.65202830258,2467.46803118095,1851.14262559642,1949.15405032542,2012.93928388315,2030.52500250551,792.585510402506,843.001209963544,1268.91653772027,2059.6739998359,2219.04568497361,1784.91673015858,1071.16832813522,1059.20717336128,1723.62920722527,1567.32000934717,1298.95571171615,1321.13211697392,1041.60556838949,1279.75218780825,1983.88140653619,963.206605407168,1941.8832433491,1905.16529600452,2828.87142569259,2087.63264342652,1775.67996193008,1883.54258951052,1618.75571412119,1970.39368606885,1676.98143806066,1320.68631809374,1559.12964727119
2114.68380839784,2030.5893078119,1411.17637384559,1749.66198269837,1538.98962913985,2065.4889801449,2386.41777683624,2395.90192570564,1e+09,1129.97455360729,830.917275003956,1532.97753150527,2220.63672783281,2292.60745946619,2617.00661519989,1563.09268864645,1682.48463223294,1658.5080616325,1205.99969191538,2581.93514047119,2115.8431840758,1499.17458576378,1583.18618845037,1701.68812727244,1828.80885045431,2233.24667074643,1684.63194401626,1795.60967598752,2286.85037560397,2066.00510635865,1441.72182323776,1666.22492959384,2412.89402129476,2134.23364344207,2499.27003713084,2684.68864138842,1754.6402429843,1806.66140363932,2585.02174422189,2115.65176815562,1824.26471998995,2834.55613643477,1778.07404128737,2407.68560493267,1852.83341990045,2489.44299290022,2709.96425428455,2112.37440526058,2825.7083477776,3092.10243672489,2348.03826210307,2344.84323117773,2196.58681654061,2228.94314844502
1675.97496613165,1526.28828305796,1481.44005369775,1643.73784731629,1523.79086360301,2095.59030535551,1712.97893495513,1760.52698763751,1129.97455360729,1e+09,1133.23891642495,1615.63473152195,1880.01196145131,1866.67246237791,1942.20456342786,1416.27007512692,808.926353075482,1421.84036477377,1128.28172922369,1910.81187247725,1735.79357355649,1544.03153180238,1660.51753826932,957.970634466422,1132.85780550782,1598.447304793,1081.75975576835,1141.76434858512,1533.42868187601,1318.58354058437,1747.51699127648,1838.49755670221,2038.37991056623,1729.94810904836,1839.38082514198,2200.08307761321,1606.1781603857,1526.58858635849,2101.56086799788,1638.01789633081,1486.38808848833,2890.61723910309,1553.39387371652,2255.40286051073,2021.00557720656,2672.21510299976,2479.527339938,2227.8253842705,2827.77869111075,2687.47527147693,2294.06993404735,2015.72961182794,1872.93966731446,2147.36367613872
1810.15931448036,1619.60439641908,1121.91453373241,1316.25525336084,1132.57851970625,1846.85284719709,2209.86148364552,2360.93534703939,830.917275003956,1133.23891642495,1e+09,1517.48793721729,1854.05902524704,2064.0207095618,2261.57537692203,1166.58395377272,1422.97649312981,1778.71263435104,991.664275145576,2515.14521288533,1835.63428615288,1663.65551869971,1213.94534563958,1528.84035615234,1683.56496031487,1790.0095154775,1432.53496966043,1725.33016393964,2099.93743728236,2006.64391788877,1413.63368356162,1687.75153387577,2256.80626166714,2380.26056676575,2364.36275727732,2614.52106289087,1546.91294564368,1617.3118000868,2251.63010168189,2017.57206210832,1758.03206281911,2718.30173165158,1833.5606261043,2045.51607099529,1724.5487071695,2039.16693686417,2340.5406137899,1938.30331725971,2800.89019167121,2986.3461108686,1992.8976001792,2016.59358357107,2096.66423833193,2028.02189117869
1733.734960252,2712.28968384647,2213.48838975948,2430.29822647345,2313.29912214136,2976.96233624142,2413.66342270417,2133.66473882379,1532.97753150527,1615.63473152195,1517.48793721729,1e+09,1677.62210682263,1634.29917606906,2268.00008070988,1362.60173212865,1854.19011592663,2534.16583352392,1107.2132584105,1952.75557868874,1981.94283588099,1121.39847088357,1161.5774210099,2032.62994915454,2211.36155818084,2531.96485096061,2108.63207831523,1788.74380546796,1944.23987298378,2394.1096155356,1974.22501410047,1702.20149826629,1510.3389578833,2130.50340030238,2555.39956241681,2109.89635747825,1855.01638677398,1214.11795831377,2085.85581658944,1440.70380897671,1327.75946191319,2699.84214633004,1731.58048499052,1907.00474616609,1592.87437640261,2515.66068498913,2424.64644214368,1611.72572812498,2890.65796132991,3066.0866707091,1940.20147294038,1614.15023479848,1947.64318926748,1731.26968531769
1917.60684893958,2659.89591021904,2312.05641364998,2691.91956687045,2387.89959357591,3339.63082808564,2975.59597748081,2313.45980937642,2220.63672783281,1880.01196145131,1854.05902524704,1677.62210682263,1e+09,2475.6819188256,2231.12253451038,1882.32837307947,2099.88499158883,2472.21851147911,1110.49900445701,2214.93803159366,1849.04632397352,1689.9616096823,1283.38522778626,2405.64021281238,2529.75117908857,2499.84095074067,2264.39618141349,2053.11682991982,2111.48437806203,2218.13257509555,2324.71534266026,1878.81278630948,1409.16240767344,2564.82585607678,2662.14673586938,3025.55303711569,2487.23644684216,2030.86347512579,2099.68882034934,2023.91252199792,2043.81508194846,3058.08869472421,2328.37117068993,1599.44541413579,1788.50455970903,2856.32234747761,2606.73453778861,2177.40551588353,3370.14021036217,3249.33517027714,2297.11250806311,2115.39522742205,2371.10865782233,2375.38512540598
1597.53620613118,2495.60269910897,2834.46383760668,2574.82831549989,2641.20148848966,2940.62777595193,1759.15266409712,1490.34486982041,2292.60745946619,1866.67246237791,2064.0207095618,1634.29917606906,2475.6819188256,1e+09,1352.79184695946,1519.81320868717,1601.79514011624,2679.63384754335,1930.68147173479,1694.9017446448,1698.44377133893,2002.55072814648,2132.97635662002,1689.63032882936,1860.38331461557,1888.79394296996,1929.31189769824,1330.75481569672,1201.21718669023,2109.58676481912,2192.98737210227,2360.65096229832,1942.43893994123,1962.3492886334,1745.31462988769,973.77895150799,1203.97924463007,674.72320176499,1428.99105773969,1019.42226868948,1125.78274857985,2211.81782938831,1365.89367964714,2075.81001023697,2064.62811472187,2296.78656920925,1832.77366406766,1604.93666217705,2207.57437530426,2187.8651209341,1618.45061608317,1098.91217956668,1515.97381600079,1220.71612072586
1788.63224875881,2195.0380491463,2952.21490147652,2759.1796207025,2818.53866090214,3137.20497505343,2402.75032648005,1197.73394842093,2617.00661519989,1942.20456342786,2261.57537692203,2268.00008070988,2231.12253451038,1352.79184695946,1e+09,1817.40357441599,1729.22841443807,2259.04114679215,1998.96447689798,1617.87559719529,1011.95512855067,2200.35627724239,2474.4762716381,1730.56881547658,1941.171258725,1358.40141769655,1736.11571728385,1220.60705745133,664.172923266223,1469.12660846504,1995.17383433123,2175.07034598884,1672.30675361908,2050.60872294058,1046.23665167112,1605.61264980069,1591.96015524887,1277.35330930796,618.609097007149,1159.73029843149,1284.51003974278,1953.54098032266,1396.81680899823,1552.61729405543,1973.00570893751,2454.18765665953,1565.48120196315,1754.0474099636,2030.92278851265,1548.41061530849,1409.70049113278,1192.14353556944,1219.1346353049,1409.99457133707
2060.04865209538,1941.16731522556,1791.35086378967,1898.28570299626,2004.59613331464,2009.8870473238,2116.85501763819,2115.5216073347,1563.09268864645,1416.27007512692,1166.58395377272,1362.60173212865,1882.32837307947,1519.81320868717,1817.40357441599,1e+09,1186.68221963591,2351.60115861513,1350.28886383618,1743.28656545618,1673.98823983324,1981.55675596234,1239.69673654487,1601.7611773295,1570.94527536767,1689.42421513958,1144.32230149552,1479.07891966588,1705.82631346219,2111.23408308979,1769.00785456142,1542.0984826852,1803.07180869204,2471.69132783606,2314.77233079195,2050.39141514492,1610.97999671008,1238.89719456459,1909.73142226859,1679.53094207877,1490.20006344786,2538.08497854189,1774.82999963377,1848.68576120984,1649.61882360744,1711.25864900663,1596.91167088227,1660.53850063767,2616.56050574031,2529.6219179751,1729.99471322892,1681.93388101316,1995.42842254489,1602.36835999092
1875.18091175225,1454.74349818104,1695.557339402,1619.95601983511,1744.53278722413,1895.0898617216,1293.98358455585,1815.68121907454,1682.48463223294,808.926353075482,1422.97649312981,1854.19011592663,2099.88499158883,1601.79514011624,1729.22841443807,1186.68221963591,1e+09,2001.32893238468,1553.73728570824,1689.45501736507,1855.01339712143,2114.69164922454,1768.83604271283,851.640826052861,765.423773474537,1348.44811390724,788.110226364307,1163.5116621676,1446.30294112264,1592.21619285824,2124.04352744947,2168.40833666079,2183.12819007497,2119.50754829984,1885.88596972351,1964.57521273684,1643.01401095669,1512.60090351024,2065.39518092785,1703.4233892958,1621.8422316921,2989.73634695436,1789.25289431092,2378.93540191826,2257.83609564556,2433.2114883832,2154.05163628916,2327.11407788703,2872.44107246781,2536.61487985465,2311.2640247276,1969.16330930169,2033.44651886889,2111.48876778921
2113.11062247105,1721.74409198928,2154.57663966729,2338.9162520706,2006.43483121182,2612.22822685921,2802.95511489214,2085.93953486193,1658.5080616325,1421.84036477377,1778.71263435104,2534.16583352392,2472.21851147911,2679.63384754335,2259.04114679215,2351.60115861513,2001.32893238468,1e+09,1806.6682708234,2771.4442210335,1707.32414213002,1884.26559107255,2616.75833576584,1822.38605542295,2132.93153851688,1781.21446128758,1827.04022229944,1708.50954805643,1976.29015802336,1062.35081286739,1494.9163651188,1908.91480299672,2516.87947945467,1832.17810490684,1789.33416767243,2913.52384769715,1934.34482262083,2212.15423497097,2289.99493235247,2239.80224778885,2047.7437240778,2693.7088816537,1745.7148338145,2433.75149403139,2308.98438950981,3208.71031843013,2979.75163951629,2555.09107330835,2695.56769991036,2724.07918796426,2480.27781447966,2547.66421352972,2014.08356229328,2573.40902840959
1508.81759003532,2179.40054833892,1796.76720083599,2085.45433769239,1774.28133482264,2682.81871847503,2392.04445454093,1851.17610553399,1205.99969191538,1128.28172922369,991.664275145576,1107.2132584105,1110.49900445701,1930.68147173479,1998.96447689798,1350.28886383618,1553.73728570824,1806.6682708234,1e+09,2064.10888838259,1491.7609989204,1001.81722559557,937.801979097933,1736.27626298352,1884.67000257339,2074.13987949222,1724.43892054778,1420.04026527419,1753.22338562432,1758.36858963074,1511.38956616089,1454.31409506337,1559.85551885423,1898.25980274039,2155.19855911236,2495.67920332322,1660.47402472908,1372.47521147014,1885.08000742674,1548.65393823152,1428.10580122763,2509.65875869609,1537.79468200407,1554.38069793085,1262.37448698871,2330.08657641728,2282.40073208015,1610.54580633399,2682.60200711921,2795.16217738792,1872.52246325645,1752.36896243343,1810.07341527906,1797.21249130424
2515.18937722391,2820.13287655032,2995.47915457611,3069.84103316442,3243.10290715543,3307.02936613814,2480.09665799541,1550.62471004431,2581.93514047119,1910.81187247725,2515.14521288533,1952.75557868874,2214.93803159366,1694.9017446448,1617.87559719529,1743.28656545618,1689.45501736507,2771.4442210335,2064.10888838259,1e+09,1944.44839530392,2239.54351509409,2300.08470994005,1946.25909192481,1857.48910998154,2321.80782116006,1781.20455417114,1462.74271268053,1321.69617287787,2058.64110798847,2527.02352185333,2148.52549540377,1443.3913007913,2204.03655786378,2048.26221575754,1639.07992935061,2377.76819318032,1633.014454192,1827.94120433344,1340.39215347599,1460.43305714435,2784.22313746582,1835.27909787585,2108.13916732269,2103.99805130613,2813.63927362766,1880.71986646071,2129.84664574706,2717.2915105855,2065.99108608919,2254.86373164766,1842.1655079281,1883.11146956307,1872.56911909814
1617.13021371193,2155.23982071601,2670.51655222356,2720.82453930789,2485.25043526804,2981.1618787144,2708.86737072895,1288.36007591046,2115.8431840758,1735.79357355649,1835.63428615288,1981.94283588099,1849.04632397352,1698.44377133893,1011.95512855067,1673.98823983324,1855.01339712143,1707.32414213002,1491.7609989204,1944.44839530392,1e+09,1692.71484574337,2108.80007935793,1952.96545880873,2179.31866937812,1472.70558979044,1763.48765297634,1104.01675145806,1029.68018170692,1196.66137319628,1395.58518450147,1435.95549694272,1446.70722705045,1747.24704131957,1362.39888597283,2162.14317620272,1360.06929077161,1233.84761020152,867.138957203515,1330.54509066773,1311.26882323954,1582.5269652047,1145.35998467731,1197.58046852811,1464.49142732213,2382.63091151357,1778.001386698,1386.91634635979,1885.48501667343,1845.14628314397,1279.51214621042,1458.12573525056,1305.16399720495,1390.09468540816
1497.3050663442,2692.53214777466,2425.52048816331,2644.34004815946,2352.20546921395,3312.01365442536,2724.13605188875,1803.65202830258,1499.17458576378,1544.03153180238,1663.65551869971,1121.39847088357,1689.9616096823,2002.55072814648,2200.35627724239,1981.55675596234,2114.69164922454,1884.26559107255,1001.81722559557,2239.54351509409,1692.71484574337,1e+09,1733.62654274212,2051.75742623245,2366.4647856032,2517.17973871553,2294.15373460455,1663.79071421258,1826.48184754188,1899.2489502169,1599.1687690172,1650.78954049267,1547.49569414587,1527.66952355541,2121.74801555227,2361.35520805321,1800.90404472309,1427.50375929452,1920.71211421702,1374.08326279742,1275.11467139234,2418.96825870039,1359.3613082253,1764.18767901831,1482.56931564767,2922.18324998622,2730.05216651624,1657.38075166813,2623.78743531179,2899.78954667403,1945.82397258848,1725.96405669411,1588.79634207786,1842.19256045615
1998.14127818831,2539.91787664483,1834.10163927739,2170.20239728925,1917.98825259698,2639.15663172916,2474.32302173746,2467.46803118095,1583.18618845037,1660.51753826932,1213.94534563958,1161.5774210099,1283.38522778626,2132.97635662002,2474.4762716381,1239.69673654487,1768.83604271283,2616.75833576584,937.801979097933,2300.08470994005,2108.80007935793,1733.62654274212,1e+09,2178.09828657937,2158.94215554748,2486.08935058658,2009.61853024399,1968.65842715287,2308.98697291691,2517.98883504276,2154.12374781487,1865.7762220856,1941.61808013317,2609.72500978551,2870.093858744,2813.78662138763,2085.48223665415,1736.56750312218,2412.18662884943,2078.13539419355,1984.10204775359,2993.88045297403,2214.45596840398,1979.22013846363,1658.80304014672,2163.73296684226,2368.11736613708,1918.43414265385,3182.22952509715,3284.81843682417,2253.55119435969,2127.29469451226,2482.96120056275,2124.03921279716
1899.5850297894,1369.77380026777,1800.81484850609,1453.1860933824,1876.36302545643,2140.94145795722,1512.03922075454,1851.14262559642,1701.68812727244,957.970634466422,1528.84035615234,2032.62994915454,2405.64021281238,1689.63032882936,1730.56881547658,1601.7611773295,851.640826052861,1822.38605542295,1736.27626298352,1946.25909192481,1952.96545880873,2051.75742623245,2178.09828657937,1e+09,674.428497173719,1387.67044859361,1013.42994385404,1389.75985760131,1497.33556362627,1590.92021999848,1896.85619462836,2363.43900659611,2356.30271397798,2124.97258850556,1546.87093682699,1778.15820581297,1657.93771427035,1582.17848920405,2001.44497885902,1602.36356579897,1435.4303524379,2898.46391502465,1631.27840290982,2372.55636377727,2277.25407159588,2522.30179217317,2270.80304469586,2343.95343266457,2697.74465133378,2415.74033859188,2166.00962749476,1792.36245427648,1654.51856619985,2048.32705828439
2312.28446446366,1651.55097659745,1922.91096840181,1647.14324276913,2082.53911346222,2033.03195105242,1494.06556747018,1949.15405032542,1828.80885045431,1132.85780550782,1683.56496031487,2211.36155818084,2529.75117908857,1860.38331461557,1941.171258725,1570.94527536767,765.423773474537,2132.93153851688,1884.67000257339,1857.48910998154,2179.31866937812,2366.4647856032,2158.94215554748,674.428497173719,1e+09,1646.30033484173,936.936771879511,1433.92319264318,1735.5898973836,1828.90650613967,2148.09733957752,2496.99860206208,2551.0484415432,2316.51320184022,1857.69728330533,1989.87951964434,1895.41983417922,1801.03866529844,2296.21834536701,1871.49987977558,1743.44484538514,3048.75426023483,1853.87588840246,2568.31367478741,2341.88730540135,2366.6905243821,2141.08357482841,2461.62364245634,2755.55416687823,2367.03949960705,2439.18144519837,2131.70273596015,2015.01856301623,2172.47004294651
1928.27067039355,985.027330077699,2154.95873995304,1920.7779882381,1969.04286113838,2051.84265963548,2088.97274601657,2012.93928388315,2233.24667074643,1598.447304793,1790.0095154775,2531.96485096061,2499.84095074067,1888.79394296996,1358.40141769655,1689.42421513958,1348.44811390724,1781.21446128758,2074.13987949222,2321.80782116006,1472.70558979044,2517.17973871553,2486.08935058658,1387.67044859361,1646.30033484173,1e+09,1167.44201800346,1512.36121131825,1429.2094485414,1393.7168457402,1940.46757396252,2224.09285894272,2414.61194700101,2422.78651878369,1555.52721837324,2220.89914624685,1541.97200529063,1773.78843140889,1700.40953717038,1993.42535292897,1879.48613823034,2604.99027107588,1890.41793598664,2254.59947733517,2474.34340237971,2517.07661720894,2124.73370635005,2399.8932524177,2612.08423981693,2297.05872889659,1991.21937467975,1959.81799486585,1931.78052210907,2160.03207554888
2295.26180896646,1239.67079726837,1647.85960861355,1650.63973976759,1951.25525260023,1694.20424285267,1976.87822543524,2030.52500250551,1684.63194401626,1081.75975576835,1432.53496966043,2108.63207831523,2264.39618141349,1929.31189769824,1736.11571728385,1144.32230149552,788.110226364307,1827.04022229944,1724.43892054778,1781.20455417114,1763.48765297634,2294.15373460455,2009.61853024399,1013.42994385404,936.936771879511,1167.44201800346,1e+09,1361.16884981254,1578.06509884732,1583.18927317614,1811.74388051954,1869.41229315526,2201.01493334325,2399.3453430884,1898.42799744947,2138.01556785726,1827.83825786091,1721.29960791258,2055.17475137761,1887.31353815417,1682.99949732613,2825.12538893409,1828.42739339029,2244.62818684966,2139.55459381153,2250.01607507591,1911.7565513684,2288.35022629841,2702.86357474809,2296.54860849929,2152.42756475102,2058.85664105105,1978.74166904121,2085.58206364554
1635.23791694053,2058.46660587438,2463.21774526736,2462.52772654441,2298.66152473565,2633.65915095329,1899.44371643384,792.585510402506,1795.60967598752,1141.76434858512,1725.33016393964,1788.74380546796,2053.11682991982,1330.75481569672,1220.60705745133,1479.07891966588,1163.5116621676,1708.50954805643,1420.04026527419,1462.74271268053,1104.01675145806,1663.79071421258,1968.65842715287,1389.75985760131,1433.92319264318,1512.36121131825,1361.16884981254,1e+09,802.096470320123,1020.26511544794,1714.31203731993,1783.3010763469,1739.68715989399,1219.96542799376,1247.71101485881,1740.65677136534,1188.64880465174,1037.99226890185,1438.94301853826,1129.74627912642,1166.1546042871,2101.64317777781,915.476709152122,1896.18457695974,1733.02403197417,2441.72892565903,1882.38307504078,1687.2526618441,2017.19039215439,1806.5864487757,1867.58770257249,1662.38762293877,1439.37178251486,1517.32910480884
1576.10696201114,2138.46514958743,2754.99533406139,2666.61138932916,2639.45274551374,3012.12863013849,2117.72211028737,843.001209963544,2286.85037560397,1533.42868187601,2099.93743728236,1944.23987298378,2111.48437806203,1201.21718669023,664.172923266223,1705.82631346219,1446.30294112264,1976.29015802336,1753.22338562432,1321.69617287787,1029.68018170692,1826.48184754188,2308.98697291691,1497.33556362627,1735.5898973836,1429.2094485414,1578.06509884732,802.096470320123,1e+09,1137.3483467698,1930.85575794776,1971.69693421682,1484.16822058687,1529.23039219079,981.960415851881,1407.31146936277,1454.63771486236,1057.22295983392,924.057825733866,851.260220555384,1007.23438364663,2122.31763975141,1109.37464379713,1744.14646575338,1951.39650735057,2691.57180166162,1881.64793250491,1791.20621610132,2146.71770405426,1736.5594589878,1659.21572614895,1285.15067599095,1164.26724990442,1494.64668487238
1792.17702858841,1806.52342611437,2510.04537456995,2570.47312115883,2312.77407333704,2809.47065693878,2384.47057249613,1268.91653772027,2066.00510635865,1318.58354058437,2006.64391788877,2394.1096155356,2218.13257509555,2109.58676481912,1469.12660846504,2111.23408308979,1592.21619285824,1062.35081286739,1758.36858963074,2058.64110798847,1196.66137319628,1899.2489502169,2517.98883504276,1590.92021999848,1828.90650613967,1393.7168457402,1583.18927317614,1020.26511544794,1137.3483467698,1e+09,1800.62731538206,1956.19969760247,2043.04791630055,1403.55828147605,1125.00078248862,2345.0319955813,1684.04434270598,1776.94944275294,1664.16728558159,1686.21692655483,1670.75909313701,2439.03525626425,1400.19471060278,2142.5489411213,2204.014894868,3075.11394666929,2505.01182755691,2309.18269625857,2419.34492443719,2121.74644227344,2233.99230719356,2120.45912610925,1664.60482016003,2195.34437692586
2162.9873803839,2135.9053086689,2264.44230522661,2314.90533229763,2296.16670204931,2675.54494096063,2998.50496761303,2059.6739998359,1441.72182323776,1747.51699127648,1413.63368356162,1974.22501410047,2324.71534266026,2192.98737210227,1995.17383433123,1769.00785456142,2124.04352744947,1494.9163651188,1511.38956616089,2527.02352185333,1395.58518450147,1599.1687690172,2154.12374781487,1896.85619462836,2148.09733957752,1940.46757396252,1811.74388051954,1714.31203731993,1930.85575794776,1800.62731538206,1e+09,1351.95777448854,2098.30671895221,2147.12346105202,1868.13053283222,2471.0707439084,1569.25696668838,1616.79994439634,1800.97432483087,1792.02926379566,1460.19474646364,1718.6817501213,1260.49725636354,1566.45981659282,1234.57666780966,2104.00034303704,2057.85737326473,1416.8675746872,1827.67076518174,2218.89371746373,1375.70630873744,1806.58239109098,1396.34560843654,1535.38319646921
2393.53425906127,2485.72514530469,2339.63400490333,2783.9456721531,2578.95441650294,2819.77058462209,3236.14485497791,2219.04568497361,1666.22492959384,1838.49755670221,1687.75153387577,1702.20149826629,1878.81278630948,2360.65096229832,2175.07034598884,1542.0984826852,2168.40833666079,1908.91480299672,1454.31409506337,2148.52549540377,1435.95549694272,1650.78954049267,1865.7762220856,2363.43900659611,2496.99860206208,2224.09285894272,1869.41229315526,1783.3010763469,1971.69693421682,1956.19969760247,1351.95777448854,1e+09,1485.48560612347,2284.84446836103,2446.48908587388,2703.37659932907,2080.16246815002,1770.6493342839,1998.65189742987,1941.15792647069,1709.76863417247,2219.8209117404,1749.24917884789,1614.05146801457,1383.90706302844,2526.66760803632,2199.87954867988,1659.77274329952,2521.56588553621,2606.68387208729,1831.08350467694,2127.31970474586,2006.04178226676,1909.16536842674
2039.06580283717,2885.6101312894,2889.59306237055,3134.72417011449,3050.33215040592,3596.36715977387,3075.71941246272,1784.91673015858,2412.89402129476,2038.37991056623,2256.80626166714,1510.3389578833,1409.16240767344,1942.43893994123,1672.30675361908,1803.07180869204,2183.12819007497,2516.87947945467,1559.85551885423,1443.3913007913,1446.70722705045,1547.49569414587,1941.61808013317,2356.30271397798,2551.0484415432,2414.61194700101,2201.01493334325,1739.68715989399,1484.16822058687,2043.04791630055,2098.30671895221,1485.48560612347,1e+09,2187.72119923906,2198.35783340656,2196.72596802605,2294.01802349066,1524.61362725118,1417.80574103084,1276.40573318205,1341.49521512378,2412.00687901175,1772.04381455426,1239.99393200128,1553.74109873556,2864.88580831767,2141.75980891883,1662.11985680937,2742.05794513902,2523.55049269873,1727.96788289019,1508.93329461577,1686.91009209145,1729.04100662766
1762.66122340625,2834.27886828378,3111.74781707966,3172.31506031479,2792.09937806662,3452.84150222683,2434.58913621991,1071.16832813522,2134.23364344207,1729.94810904836,2380.26056676575,2130.50340030238,2564.82585607678,1962.3492886334,2050.60872294058,2471.69132783606,2119.50754829984,1832.17810490684,1898.25980274039,2204.03655786378,1747.24704131957,1527.66952355541,2609.72500978551,2124.97258850556,2316.51320184022,2422.78651878369,2399.3453430884,1219.96542799376,1529.23039219079,1403.55828147605,2147.12346105202,2284.84446836103,2187.72119923906,1e+09,1624.2984966748,2209.29827560699,1665.47093162865,1658.07728094923,2035.84281065607,1551.06352819606,1656.59684872331,2378.03446282849,1184.92878650997,2495.67152205574,2243.52436953558,3373.07917026861,2905.01554176565,2174.69945344179,2316.68600123107,2435.10872586831,2494.14687749138,2232.48703611018,1789.85173955834,2129.7005533173
1868.83746816035,2172.00882873436,3018.91082041189,2757.95255234748,2806.72153946557,3224.16949752956,2400.19351688567,1059.20717336128,2499.27003713084,1839.38082514198,2364.36275727732,2555.39956241681,2662.14673586938,1745.31462988769,1046.23665167112,2314.77233079195,1885.88596972351,1789.33416767243,2155.19855911236,2048.26221575754,1362.39888597283,2121.74801555227,2870.093858744,1546.87093682699,1857.69728330533,1555.52721837324,1898.42799744947,1247.71101485881,981.960415851881,1125.00078248862,1868.13053283222,2446.48908587388,2198.35783340656,1624.2984966748,1e+09,1752.36853261521,1592.81501882673,1598.36059182526,1242.46447828499,1342.79507751555,1390.54525237405,2045.45977000282,1158.81921169784,2041.14512195973,2206.17237123485,2871.74632667999,2187.78428762984,2086.83280458689,1879.93626971767,1540.40896994921,1839.87477062978,1631.19136207252,1046.09095775654,1755.74874236036
2235.85596935491,2776.55158219688,3221.99718915147,2910.38761787842,3222.28917166042,3308.05553600601,2125.78333820735,1723.62920722527,2684.68864138842,2200.08307761321,2614.52106289087,2109.89635747825,3025.55303711569,973.77895150799,1605.61264980069,2050.39141514492,1964.57521273684,2913.52384769715,2495.67920332322,1639.07992935061,2162.14317620272,2361.35520805321,2813.78662138763,1778.15820581297,1989.87951964434,2220.89914624685,2138.01556785726,1740.65677136534,1407.31146936277,2345.0319955813,2471.0707439084,2703.37659932907,2196.72596802605,2209.29827560699,1752.36853261521,1e+09,1864.8367418356,1321.01778685981,1723.86490163818,1178.98693686571,1237.50927640968,2510.45273673893,1604.99954221177,2462.22662060177,2476.01033004711,2792.34304763938,2111.66611894494,2083.11445033632,2344.10320790276,2090.42208484315,1947.37539768274,1369.45009627952,1488.27379718921,1577.7114400929
1350.12784950167,2041.93919098978,2471.91167366474,2252.41234586387,2002.10770172336,2483.73423578289,1923.10961645456,1567.32000934717,1754.6402429843,1606.1781603857,1546.91294564368,1855.01638677398,2487.23644684216,1203.97924463007,1591.96015524887,1610.97999671008,1643.01401095669,1934.34482262083,1660.47402472908,2377.76819318032,1360.06929077161,1800.90404472309,2085.48223665415,1657.93771427035,1895.41983417922,1541.97200529063,1827.83825786091,1188.64880465174,1454.63771486236,1684.04434270598,1569.25696668838,2080.16246815002,2294.01802349066,1665.47093162865,1592.81501882673,1864.8367418356,1e+09,963.186470887128,1598.36102899189,1501.11663710719,1416.06792220571,1859.31982146698,1097.27415708199,2077.49155962184,1908.13044611735,2182.89564409296,2093.54920692111,1554.74810715434,1886.0468126746,2254.9112315344,1607.59473064576,1575.8412490159,1570.13206785289,1422.20073692148
1369.02036548037,2315.17862015007,2512.24092099066,2406.59383779233,2362.24666828001,2813.07593237367,2019.09094663911,1298.95571171615,1806.66140363932,1526.58858635849,1617.3118000868,1214.11795831377,2030.86347512579,674.72320176499,1277.35330930796,1238.89719456459,1512.60090351024,2212.15423497097,1372.47521147014,1633.014454192,1233.84761020152,1427.50375929452,1736.56750312218,1582.17848920405,1801.03866529844,1773.78843140889,1721.29960791258,1037.99226890185,1057.22295983392,1776.94944275294,1616.79994439634,1770.6493342839,1524.61362725118,1658.07728094923,1598.36059182526,1321.01778685981,963.186470887128,1e+09,1182.61991607617,729.718523884381,702.790400048265,1865.23078196774,910.018031744426,1583.54757004644,1479.26428811758,2110.99970637137,1713.09550775781,1113.95241989952,1967.49369805852,2089.08366002896,1246.4965084187,911.174594685343,1173.31481282732,899.023236073462
1666.09564887494,2459.47839569694,3050.66476476849,2914.23564764416,2907.72838248348,3403.19393252868,2738.54037912535,1321.13211697392,2585.02174422189,2101.56086799788,2251.63010168189,2085.85581658944,2099.68882034934,1428.99105773969,618.609097007149,1909.73142226859,2065.39518092785,2289.99493235247,1885.08000742674,1827.94120433344,867.138957203515,1920.71211421702,2412.18662884943,2001.44497885902,2296.21834536701,1700.40953717038,2055.17475137761,1438.94301853826,924.057825733866,1664.16728558159,1800.97432483087,1998.65189742987,1417.80574103084,2035.84281065607,1242.46447828499,1723.86490163818,1598.36102899189,1182.61991607617,1e+09,1030.12477263679,1139.57267223289,1644.7849999012,1294.01097306012,1154.7529692103,1696.48059405347,2464.92809720689,1671.27909291058,1419.24611540775,1918.67325086894,1736.58030061958,1018.55429909259,903.289128850779,988.946985181713,1181.83150791473
1540.94710499744,2531.41582722002,2790.19955239764,2694.90936133296,2749.12292902664,3264.81515274602,2263.87366142636,1041.60556838949,2115.65176815562,1638.01789633081,2017.57206210832,1440.70380897671,2023.91252199792,1019.42226868948,1159.73029843149,1679.53094207877,1703.4233892958,2239.80224778885,1548.65393823152,1340.39215347599,1330.54509066773,1374.08326279742,2078.13539419355,1602.36356579897,1871.49987977558,1993.42535292897,1887.31353815417,1129.74627912642,851.260220555384,1686.21692655483,1792.02926379566,1941.15792647069,1276.40573318205,1551.06352819606,1342.79507751555,1178.98693686571,1501.11663710719,729.718523884381,1030.12477263679,1e+09,430.844066107449,2007.19027356651,905.255797440701,1523.09464069046,1568.51729018204,2533.59437511216,1880.60819130408,1366.20682918071,2057.15064251503,1942.50785916042,1398.31939126939,828.155011999565,827.161420703359,1085.70564459249
1625.2549983618,2327.97437636242,2529.13776795571,2446.84394608647,2569.08783687907,3012.43199579675,2295.36329359864,1279.75218780825,1824.26471998995,1486.38808848833,1758.03206281911,1327.75946191319,2043.81508194846,1125.78274857985,1284.51003974278,1490.20006344786,1621.8422316921,2047.7437240778,1428.10580122763,1460.43305714435,1311.26882323954,1275.11467139234,1984.10204775359,1435.4303524379,1743.44484538514,1879.48613823034,1682.99949732613,1166.1546042871,1007.23438364663,1670.75909313701,1460.19474646364,1709.76863417247,1341.49521512378,1656.59684872331,1390.54525237405,1237.50927640968,1416.06792220571,702.790400048265,1139.57267223289,430.844066107449,1e+09,1951.65173537699,807.089945854859,1467.05169343142,1410.03777399756,2355.27816516436,1811.10081478089,1266.9915515109,1987.88316339266,1955.99095999956,1238.81033774343,826.091666584284,704.52916234887,1009.70958062207
2622.72307278142,3295.90733298131,3744.95197439166,3639.5280048792,3532.32556285516,3799.80552085235,3592.31616425949,1983.88140653619,2834.55613643477,2890.61723910309,2718.30173165158,2699.84214633004,3058.08869472421,2211.81782938831,1953.54098032266,2538.08497854189,2989.73634695436,2693.7088816537,2509.65875869609,2784.22313746582,1582.5269652047,2418.96825870039,2993.88045297403,2898.46391502465,3048.75426023483,2604.99027107588,2825.12538893409,2101.64317777781,2122.31763975141,2439.03525626425,1718.6817501213,2219.8209117404,2412.00687901175,2378.03446282849,2045.45977000282,2510.45273673893,1859.31982146698,1865.23078196774,1644.7849999012,2007.19027356651,1951.65173537699,1e+09,1533.35573175307,1763.11336493148,1689.79844599881,2325.23567220615,1897.43242053571,1227.84006295608,821.435734370012,1686.65852940066,1372.47762484494,1964.46950146853,1674.91820540586,1287.58778986134
1690.29666129943,2401.77736909565,2736.00545858374,2657.54197091974,2581.44383237366,3014.42720960384,2382.41191650394,963.206605407168,1778.07404128737,1553.39387371652,1833.5606261043,1731.58048499052,2328.37117068993,1365.89367964714,1396.81680899823,1774.82999963377,1789.25289431092,1745.7148338145,1537.79468200407,1835.27909787585,1145.35998467731,1359.3613082253,2214.45596840398,1631.27840290982,1853.87588840246,1890.41793598664,1828.42739339029,915.476709152122,1109.37464379713,1400.19471060278,1260.49725636354,1749.24917884789,1772.04381455426,1184.92878650997,1158.81921169784,1604.99954221177,1097.27415708199,910.018031744426,1294.01097306012,905.255797440701,807.089945854859,1533.35573175307,1e+09,1678.28860858316,1413.60787221917,2385.59616674742,1920.35736070139,1230.74028092852,1461.49967800202,1682.73952788303,1431.48196810159,1361.69507618262,844.822860545333,1070.48940419791
2088.77183844957,2746.72936664681,2877.55854208042,2942.32972419816,2924.7125825626,3512.48547272441,3287.63780295214,1941.8832433491,2407.68560493267,2255.40286051073,2045.51607099529,1907.00474616609,1599.44541413579,2075.81001023697,1552.61729405543,1848.68576120984,2378.93540191826,2433.75149403139,1554.38069793085,2108.13916732269,1197.58046852811,1764.18767901831,1979.22013846363,2372.55636377727,2568.31367478741,2254.59947733517,2244.62818684966,1896.18457695974,1744.14646575338,2142.5489411213,1566.45981659282,1614.05146801457,1239.99393200128,2495.67152205574,2041.14512195973,2462.22662060177,2077.49155962184,1583.54757004644,1154.7529692103,1523.09464069046,1467.05169343142,1763.11336493148,1678.28860858316,1e+09,977.581493431622,2146.0638561096,1650.27639191137,1139.20077229609,2177.07028221415,2202.87748143196,1000.75266359875,1309.62877709678,1437.39496965865,1311.63669047492
