1e+09,17213.7865752571,13476.5730147542,18095.4682121768,21133.1880445521,19576.769555445,5939.16407320929,8253.61140798378,4407.24456767491,3244.84343326454,5652.00809101509,4951.45275932226,5770.41872694695,1246.9848531959,3886.44161582289,3073.12423201536,6487.49566130876,6824.27286618875,4337.1232340804,4352.50768726489,3892.83864786354,4693.73928503704,4551.08495307438,3489.41770878753,7721.94242637175,10275.2563178979,9854.76434523931,1568.27242486757,2593.24621143076,2834.24733853628,5019.18772364613,6571.5765150533,9337.8379902577,7143.62422086996,2126.53107329754,5382.76599334394,2235.89179762796,3915.90336238013,4562.12544679561,5009.182334673,5974.27862848729,4902.24909594566,3697.84319329525,5030.95888183356,5503.45107307224,5230.14738177616,5983.10572295025,5091.26086886147,2932.91841084951,3879.07923957477,3786.0199166539,5025.52691869221,3595.89667803456,7495.19498031239
17213.7865752571,1e+09,5215.67586578192,1612.55276118334,4199.14229621955,3038.93420424003,22804.4628657199,25282.603526166,16353.9379049206,14874.8804756643,12566.68242535,21056.7087763473,22105.2676731,18127.850963967,20653.3842158204,15952.0550723253,10809.8876134213,11261.109979851,20135.9900337356,20818.7717671865,19698.3671626914,21154.6927515433,20365.6889339644,14199.4296673247,9600.69351227816,7038.50082680964,7678.82426661139,17162.1051011786,19322.2356830621,15208.1390049046,14778.0089986608,21089.3288207164,25910.6657662284,24088.8451121697,18805.8757662705,22380.7574202036,18258.3911358148,20698.2988079939,21325.96063667,21816.4940831083,22694.2980066293,21190.18954751,20231.6445367128,21224.2452030031,21437.9178002436,20857.3489793694,22100.8667174819,21452.2310932383,18371.9945879972,20122.5288041737,19887.4335022597,21860.6957533972,19914.2942105614,24026.1117564536
13476.5730147542,5215.67586578192,1e+09,5927.82141314159,9013.72525037234,6576.12701168401,18631.2540234333,21244.6845945898,11871.4219524411,10750.1291020341,8266.74814463946,16700.3693537538,17766.717106379,14351.4931988591,16613.7434773744,11811.3404733502,7105.40126500256,7412.94823370567,15768.2222907847,16579.8406174577,15500.7994257103,16932.4004678811,15993.4038142198,10155.4000128306,6041.95883277932,4237.82253388459,3861.1151061837,13207.6263819356,15616.4009403672,11506.7189228902,10375.2555808905,16608.3453435314,21586.7309045881,20105.227835665,14993.2848112847,18517.1609825184,14223.7574944141,16656.7593706429,17264.7844408177,17663.8539777649,18548.8708657697,17275.0365333188,16186.4682641644,16978.6658803718,17099.8650157158,16510.611565042,17782.4021142139,17230.0475052624,14407.8757583032,16102.7191186551,15790.6916296184,17770.1228449806,15768.7425559459,19723.2426667042
18095.4682121768,1612.55276118334,5927.82141314159,1e+09,3284.41094117347,2832.025781115,23652.719623185,26214.4086374822,17287.7135946487,15798.7061114479,13486.7466719443,21920.728515127,22990.0939745926,18998.715463557,21573.9880440659,16872.7242608922,11693.8539339946,12346.8588703322,21031.5321222135,21698.5129515412,20671.1942420122,22059.9091191918,21237.192142409,15082.3086622871,10451.2542313877,8067.97845847397,8632.90169147663,18105.3683750732,20264.1424308654,16224.4259469881,15756.0225866524,22074.4806652773,26824.6319500306,25044.3126273072,19755.9178968835,23263.2326693949,19201.8184895546,21607.9734975957,22251.8789562769,22693.9801891493,23603.1186230994,22185.6274632204,21175.7484886013,22142.0742123181,22355.8493876346,21760.022815898,23013.611740835,22366.274436886,19353.9588103985,21090.5024430335,20816.403204968,22736.3628195013,20822.2377322035,24926.4536171915
21133.1880445521,4199.14229621955,9013.72525037234,3284.41094117347,1e+09,3550.4574597367,26738.408198655,29280.5291761266,20435.5579742786,18910.0119917413,16636.9825283102,25078.4966449187,26125.562335324,22066.7345011966,24663.3364383045,20017.122057069,14782.5421278378,15383.1126710559,24170.2512951438,24830.9224481673,23771.994211313,25186.1600222007,24387.0733299529,18204.0124914866,13547.9066637027,11086.3749296468,11765.4238146613,21174.4672482781,23304.5039767788,19244.6462846528,18896.3844550856,25218.0343862245,29966.4783236819,28092.4274764855,22802.5100778028,26347.8416855746,22283.6749290933,24712.1784084022,25351.2642929559,25810.7123011319,26728.5758385515,25258.5944254683,24268.9779032863,25283.5751835673,25505.9299096367,24921.8758659757,26162.2278671485,25502.2073968157,22431.4069225027,24175.1923215949,23950.0272829469,25861.0491665149,23945.4548328258,28066.534325301
19576.769555445,3038.93420424003,6576.12701168401,2832.025781115,3550.4574597367,1e+09,24950.1403275152,27513.7293109386,18254.5022092223,17022.9323392006,14586.6256136538,23119.5833278673,24189.2778712243,20469.2793455437,22876.9162637362,18070.595731154,13108.1528062691,13389.3529216165,22179.6968475992,22959.8513675481,21805.4154929618,23293.714097037,22404.504154694,16402.8807790583,11930.6600773386,9430.97466162962,9812.57773305262,19399.4756480581,21686.2137370058,17516.1159738967,16704.0131440681,22959.3182411848,27991.8787742249,26327.8877160854,21125.1833784917,24696.1952963751,20441.0971996637,22917.9696750847,23546.2928242452,24004.9887883498,24870.2621620441,23418.8561566679,22435.2145801372,23344.6205313108,23488.2581203524,22866.3288005946,24151.2627518728,23571.3063937789,20570.9742857916,22321.5846796167,22064.4514176786,24081.3302704585,22092.1750094847,26105.8734128184
5939.16407320929,22804.4628657199,18631.2540234333,23652.719623185,26738.408198655,24950.1403275152,1e+09,3356.98107097732,7404.57331879427,8093.6215015344,10550.441389051,2944.41370824482,2488.34543847915,5179.0986904866,2915.51630791186,7278.72127432422,12021.4514832195,12036.4361644425,3513.38412151305,2781.77590671858,4110.01446965823,2722.78824218851,3435.03061107176,8700.51656129106,13276.496608831,15858.421926579,15251.6383357428,5872.4318800732,4609.78525204808,8077.14622840889,8982.09597846182,5190.96781574496,4339.8538924715,2864.15465282516,4730.42523213294,2865.12610640439,4843.0579597399,2918.17682795269,2736.12369903117,2015.84803050726,2411.98311223358,3916.83218976764,3445.03914600401,3263.59831955466,3329.7047898575,3652.56871248167,2945.7261023897,2804.25584562108,5359.46286838523,3911.08407764395,4077.26882780618,2404.37794982403,3719.22797074877,2799.49537024086
8253.61140798378,25282.603526166,21244.6845945898,26214.4086374822,29280.5291761266,27513.7293109386,3356.98107097732,1e+09,9744.88107709376,10530.1475570573,13026.7352859072,5046.09112601031,4074.96236585076,7388.79954433059,4777.93277016326,9614.82726300374,14530.3991178254,14286.6482753304,5771.31265249077,4870.19557678129,5913.99172634694,4489.62066732814,5699.91334508692,11175.0886512904,15776.8751938018,18299.0750223474,17743.296353333,8132.79790476808,6224.11100807979,10168.1417598891,11210.9756046296,6346.97347494064,2642.13495470992,1451.58005738574,6540.18981691663,3556.95720445158,7096.82333603564,4710.24403252103,4109.64581669759,3821.75808664023,3017.58094366995,4552.48711465502,5140.16963066395,4641.2739984082,4707.47802608786,5421.13325823116,4171.33385168342,4301.20506721082,7128.42544850544,5374.33378884304,5746.11611538611,3812.23198440231,5621.59855629162,2639.86002161099
4407.24456767491,16353.9379049206,11871.4219524411,17287.7135946487,20435.5579742786,18254.5022092223,7404.57331879427,9744.88107709376,1e+09,2389.09779559147,3857.54128169745,5152.27109151877,6219.5370974374,4653.08665764995,5531.37268850147,2049.9034090659,6151.33504353323,5441.1280365472,4170.68916929804,5229.60603778143,4027.37798298099,5387.56979596553,4450.86911045472,3197.80344804055,7305.36336709544,9653.92667699522,8727.31867159095,3142.26675470113,5361.93065997687,3576.5103980696,1946.47718946306,4906.27206655929,9857.91966606545,8652.09875154578,4639.64629682048,7549.89807532526,3410.88758946993,5432.48554400286,6005.85414223489,6373.4735534793,7004.28997991231,6063.85009801529,4903.99149266187,5455.75971727128,5395.25001140818,4866.44967340668,6149.98372722238,5672.31010538916,3721.60296979675,4952.19033454895,4548.88234651106,6533.03736684553,4560.7755316174,8064.30300684442
3244.84343326454,14874.8804756643,10750.1291020341,15798.7061114479,18910.0119917413,17022.9323392006,8093.6215015344,10530.1475570573,2389.09779559147,1e+09,2589.51075018043,6279.37903414024,7301.38510932686,3983.64723590079,5982.43590426174,1555.29035366391,4218.38662996886,4045.71726407074,5326.81518982966,6041.69056171367,4971.09798671279,6311.03423347553,5598.76961327219,1034.71158648195,5477.4217694094,7982.7631093062,7270.48501723234,2558.56427118804,5066.99767237957,1839.97029220583,2243.01952309827,6756.59703774023,11097.8691942057,9369.46424463,4399.43059544073,7887.56985089197,3564.12226480798,5965.78731163792,6622.01794885064,7070.71137356066,7899.14747132879,6690.87394210203,5488.47534643274,6481.44054985464,6676.6484695317,6187.06814838014,7369.05577088408,6674.38499878453,3977.78342631924,5529.01368069387,5243.14374928821,7167.82879199134,5209.00015652716,9236.20535080831
5652.00809101509,12566.68242535,8266.74814463946,13486.7466719443,16636.9825283102,14586.6256136538,10550.441389051,13026.7352859072,3857.54128169745,2589.51075018043,1e+09,8563.5918813603,9639.02701310667,6388.15426958366,8462.04606789044,3597.87582888848,2535.62598176466,2253.13979652839,7631.91614752809,8427.9280465723,7312.10231079954,8732.99425603842,7852.40818889339,2224.05935741383,3554.65130201262,5871.93818875846,4928.10457824304,5088.93881974425,7556.82003869352,3752.07049314109,2584.0185217409,8666.23823466099,13425.5558175965,11885.621918869,6909.34659783398,10367.5694237367,6037.56569869016,8431.98232589466,9073.9956426593,9519.62305095638,10320.858710558,9077.51273968811,7961.83641011921,8800.11350683615,8934.5195710122,8351.85509522286,9627.20179893929,9029.08976081753,6285.30253146179,7929.21780423517,7583.83202991733,9596.91679716981,7607.11061991345,11564.5010994076
4951.45275932226,21056.7087763473,16700.3693537538,21920.728515127,25078.4966449187,23119.5833278673,2944.41370824482,5046.09112601031,5152.27109151877,6279.37903414024,8563.5918813603,1e+09,1458.27848098366,4185.38672677926,2357.27954668088,5286.13405895083,10369.5188486496,10172.5440278428,1360.25642773706,1078.53509182595,2298.43304607726,1228.16461294893,1041.35779734921,6933.85150726492,11598.2550384788,14187.9851724655,13421.6721544448,4449.34801039433,3952.50353271189,6591.00695496523,6754.0217621207,3084.22481226645,4999.37999708964,4314.27991783102,3771.75498606418,3508.52659184735,3446.16968930725,1957.91773598893,2112.82139905388,1916.09244761311,2328.67139085789,3271.50551512603,2287.412289772,1407.98084763252,1371.27748304273,1600.59528054409,1820.39503679833,1482.59469242271,3840.0787895693,2783.42001169425,2238.28154817485,2041.36196748641,1994.97823514443,3230.45884346171
5770.41872694695,22105.2676731,17766.717106379,22990.0939745926,26125.562335324,24189.2778712243,2488.34543847915,4074.96236585076,6219.5370974374,7301.38510932686,9639.02701310667,1458.27848098366,1e+09,5048.65135827381,2592.43169643869,6362.78715467522,11402.0266174659,11164.4149543583,2146.58990086602,1596.61612712637,2915.67686467482,1562.49601068291,1972.01613492385,7991.65327837113,12643.4603330299,15212.8525091319,14473.3143503173,5322.53514439313,4462.97753155895,7454.11835919581,7800.51576187754,3380.61952598928,3965.13241461114,3532.05621414779,4396.61100296581,3447.002960196,4357.20587698126,2472.39932086223,2131.46115071328,1791.40699152928,1895.15210637563,3411.79349515764,2834.90061111496,1565.95461677534,1536.47872637404,2278.41630660422,1589.61553229075,1695.31396953485,4653.56354900199,3204.01066774129,3040.7847780795,2045.36186866774,2779.75421183241,2431.81946250128
1246.9848531959,18127.850963967,14351.4931988591,18998.715463557,22066.7345011966,20469.2793455437,5179.0986904866,7388.79954433059,4653.08665764995,3983.64723590079,6388.15426958366,4185.38672677926,5048.65135827381,1e+09,3110.14365856306,3352.90398110355,7399.68788528273,7682.71283927103,3814.5778923624,3589.6846996916,3382.42830567035,3946.5635337848,3906.89523547791,4275.30186224318,8621.2011810942,11191.8170917148,10733.0898493537,1940.26703675035,1879.07343656388,3654.07592793308,5476.1435598147,6032.0793500003,8448.68977730867,6332.20527517073,1638.61565627819,4357.6064753486,1932.38256491824,2972.55574773628,3689.73063919306,4166.71870434038,5041.24546503143,4042.84175782333,2931.51330051562,4226.77455048173,4741.31195358416,4418.0661973764,5127.46556147382,4228.06801086501,2551.61699704325,3166.01214012202,2927.25160486761,4047.2776239591,2870.3422160084,6592.68373916116
3886.44161582289,20653.3842158204,16613.7434773744,21573.9880440659,24663.3364383045,22876.9162637362,2915.51630791186,4777.93277016326,5531.37268850147,5982.43590426174,8462.04606789044,2357.27954668088,2592.43169643869,3110.14365856306,1e+09,5103.80214792854,9925.67548373913,9763.64844143827,2204.76236379343,1448.69618785306,1928.03442228089,1610.14164199924,2582.80044418844,6579.40825504847,11183.9632275415,13647.2574893236,13088.7855036592,3588.73814255094,2334.04476531621,5703.21955973992,6777.27093632828,4171.62443091417,5668.52966158774,3831.80935890605,2233.47397873806,2578.52416240376,2632.97575585116,1200.23333318984,964.673673684526,1475.85047914753,2437.96633200707,2014.71866480161,1155.72237159276,1806.53929281928,2384.35160169384,2615.55215105721,2490.91669812541,1624.33536001652,2807.54327882938,1344.33544262584,1651.41968466529,1701.09369427436,1366.98594817211,3789.00163234328
3073.12423201536,15952.0550723253,11811.3404733502,16872.7242608922,20017.122057069,18070.595731154,7278.72127432422,9614.82726300374,2049.9034090659,1555.29035366391,3597.87582888848,5286.13405895083,6362.78715467522,3352.90398110355,5103.80214792854,1e+09,5382.26400087361,5148.48614763602,4447.33543263829,5125.82218801043,4082.80751083124,5380.40335765823,4616.95232101221,2217.08908779057,6634.19056732621,9075.44104615859,8343.55380797655,2171.61373103045,4262.81328346668,2357.20677158369,2582.049019403,5710.42097127699,10047.5275005894,8493.14376907633,3772.82383923501,6887.59938700706,2824.58061016144,4977.99941174163,5677.30951723614,6174.99600816065,6856.77782623879,5667.19586106745,4580.51613925767,5448.00586560808,5649.6186280403,5032.7234961301,6292.31710723482,5641.98668660251,3242.11443784762,4642.78319708125,4116.993847445,6164.53058268835,4332.4661781138,8221.02829869232
6487.49566130876,10809.8876134213,7105.40126500256,11693.8539339946,14782.5421278378,13108.1528062691,12021.4514832195,14530.3991178254,6151.33504353323,4218.38662996886,2535.62598176466,10369.5188486496,11402.0266174659,7399.68788528273,9925.67548373913,5382.26400087361,1e+09,2443.23578373026,9479.06947831379,10081.286762879,9089.6435881722,10438.360647937,9692.89271869858,3462.47146363692,1348.24820025839,3977.03405954739,3454.98791333631,6436.0252400919,8683.79111469178,4739.48291897967,4909.06652396359,10860.6261566864,15228.6639689042,13373.3008784032,8130.62826261292,11670.1269209893,7547.90312627289,9945.06629744619,10603.3083786524,11061.0440526064,11967.2783619543,10628.2194749638,9530.95095098595,10570.0040498573,10824.2865995039,10270.8176574409,11464.973496921,10766.420544819,7823.97118322914,9498.18495193687,9246.7458284523,11110.256625209,9224.11701052193,13331.8973358933
6824.27286618875,11261.109979851,7412.94823370567,12346.8588703322,15383.1126710559,13389.3529216165,12036.4361644425,14286.6482753304,5441.1280365472,4045.71726407074,2253.13979652839,10172.5440278428,11164.4149543583,7682.71283927103,9763.64844143827,5148.48614763602,2443.23578373026,1e+09,9161.01756004212,9939.1364882217,8608.31397451905,10141.189112471,9490.10600732679,3737.7079822533,3056.36777325635,4567.84473817795,3885.60907107239,6290.55315073325,8609.04152938642,4343.11700811756,3915.3120330058,10009.9314143305,14855.4074568589,13059.3526878326,7980.78545029874,11656.4847256838,7326.07997818069,9801.95703320006,10394.1169793446,10944.4988622961,11700.673017361,10153.5717235316,9211.98532208991,10230.49680844,10392.102632764,9908.80022727777,11110.0042566058,10450.2252393047,7381.28798176172,9106.65676370313,8939.32010877225,11033.2432753067,8987.09953609617,13023.0332614295
4337.1232340804,20135.9900337356,15768.2222907847,21031.5321222135,24170.2512951438,22179.6968475992,3513.38412151305,5771.31265249077,4170.68916929804,5326.81518982966,7631.91614752809,1360.25642773706,2146.58990086602,3814.5778923624,2204.76236379343,4447.33543263829,9479.06947831379,9161.01756004212,1e+09,1375.10328597528,1470.81955647183,1529.241224889,1023.05340979834,6059.58500277041,10719.2864699662,13243.1985535784,12478.9652700054,3543.8366440907,3641.13214425129,5635.2468849377,5761.02251840765,2810.81729858061,5903.52820527691,4878.18226443006,3201.85402379621,4158.34388059718,2630.94230588586,2207.73525507476,2409.99725811047,2455.25184728573,3139.11968159865,3258.40868101287,1988.724588876,1727.9485346792,1654.37997367594,1679.34908375239,2335.77690385876,1877.12995293347,3053.25820026738,2313.01497130909,2026.05302899505,2805.76670699829,1650.58856814774,4072.43319779466
4352.50768726489,20818.7717671865,16579.8406174577,21698.5129515412,24830.9224481673,22959.8513675481,2781.77590671858,4870.19557678129,5229.60603778143,6041.69056171367,8427.9280465723,1078.53509182595,1596.61612712637,3589.6846996916,1448.69618785306,5125.82218801043,10081.286762879,9939.1364882217,1375.10328597528,1e+09,1895.12360905562,1007.06572556115,1472.94819678086,6653.3634695919,11316.5507704468,13889.1084383556,13201.8187429952,3953.67292034888,3267.89474503081,6149.62554930786,6665.2019003253,3571.13258282299,5225.32005810171,4089.33475603306,3026.94061590247,3086.58741917348,2993.53286051782,1413.60008524335,1344.60834714053,1332.99835577543,2245.70798335402,2788.68922520958,1690.88080369374,1110.07658690741,1566.14181235289,1917.3215630144,1900.79178457295,1225.51143564636,3299.16828349207,2067.81014795846,1806.91709250867,1571.33468198217,1309.12618719511,3348.90926720925
3892.83864786354,19698.3671626914,15500.7994257103,20671.1942420122,23771.994211313,21805.4154929618,4110.01446965823,5913.99172634694,4027.37798298099,4971.09798671279,7312.10231079954,2298.43304607726,2915.67686467482,3382.42830567035,1928.03442228089,4082.80751083124,9089.6435881722,8608.31397451905,1470.81955647183,1895.12360905562,1e+09,1964.69744327212,2037.76412005904,5714.88617999519,10340.2965921631,12754.9991036142,12082.1008018846,2929.67283117074,2982.65960106077,4906.49222945477,5348.17678149292,2939.20267332826,6331.27176630414,4883.77684245503,2398.41709783766,4134.68859187727,1954.85807525764,2052.92203178786,2197.95809614287,2803.0203296266,3375.27211594858,2505.80129096463,1437.17708460022,1907.18468701906,2106.97320737593,2114.63948818705,2702.47253338494,2067.61164769886,2010.01979015133,1398.68487587448,1524.46245988545,3010.66464741592,1379.70299601037,4487.11134851811
4693.73928503704,21154.6927515433,16932.4004678811,22059.9091191918,25186.1600222007,23293.714097037,2722.78824218851,4489.62066732814,5387.56979596553,6311.03423347553,8732.99425603842,1228.16461294893,1562.49601068291,3946.5635337848,1610.14164199924,5380.40335765823,10438.360647937,10141.189112471,1529.241224889,1007.06572556115,1964.69744327212,1e+09,1747.79048629977,7000.20831977878,11683.1960653453,14219.7721696657,13533.9791856017,4205.16668933587,3257.16130908495,6308.48369370168,6894.33825437221,3226.69208888918,4871.66910237138,3551.24004625145,3147.22144425841,2847.57095609574,3193.31024502788,1375.83015179927,1344.73370493938,1329.26037769129,1756.47774204514,2363.18787987752,1465.07270614806,1100.47716768682,1302.3651160101,1954.51819597567,1824.21305112643,997.826149236429,3419.19453506232,2044.41443396392,1861.59099772211,1589.50475318572,1573.06717726866,3095.77311765575
4551.08495307438,20365.6889339644,15993.4038142198,21237.192142409,24387.0733299529,22404.504154694,3435.03061107176,5699.91334508692,4450.86911045472,5598.76961327219,7852.40818889339,1041.35779734921,1972.01613492385,3906.89523547791,2582.80044418844,4616.95232101221,9692.89271869858,9490.10600732679,1023.05340979834,1472.94819678086,2037.76412005904,1747.79048629977,1e+09,6296.05223808539,10924.5066685915,13521.7056819471,12733.0770586178,3909.9658527537,3834.66327809887,6000.99944298448,6117.37289650549,3039.03499751155,5734.36788894818,4880.88076560983,3568.68469713983,4073.79666262321,2999.32862921021,2178.40992983414,2574.87773993252,2613.31805054417,3067.07254464253,3514.1640833063,2353.01252425481,1867.42747232657,1789.12857302096,1540.17331336444,2356.63452157945,2048.69038829688,3535.84073897567,2803.7689682283,2272.94793622731,2730.6999911378,2121.72744903769,4009.52796171819
3489.41770878753,14199.4296673247,10155.4000128306,15082.3086622871,18204.0124914866,16402.8807790583,8700.51656129106,11175.0886512904,3197.80344804055,1034.71158648195,2224.05935741383,6933.85150726492,7991.65327837113,4275.30186224318,6579.40825504847,2217.08908779057,3462.47146363692,3737.7079822533,6059.58500277041,6653.3634695919,5714.88617999519,7000.20831977878,6296.05223808539,1e+09,4691.58255210329,7309.71032636041,6633.31828378527,3158.79804539638,5577.73760993649,2228.499112856,2631.24947262703,7609.28756022533,11795.9936940683,10047.6384706756,4916.37076686655,8403.372614058,4214.74634312671,6569.90187763105,7223.5581896528,7654.78851688275,8550.24000698226,7349.23952553596,6149.77081439626,7142.72064919944,7388.33907111064,6882.15797997256,8046.31979928712,7332.60653218213,4560.20384297676,6161.03448035312,5863.10045048693,7719.40398185637,5795.24179206528,9890.97489289605
7721.94242637175,9600.69351227816,6041.95883277932,10451.2542313877,13547.9066637027,11930.6600773386,13276.496608831,15776.8751938018,7305.36336709544,5477.4217694094,3554.65130201262,11598.2550384788,12643.4603330299,8621.2011810942,11183.9632275415,6634.19056732621,1348.24820025839,3056.36777325635,10719.2864699662,11316.5507704468,10340.2965921631,11683.1960653453,10924.5066685915,4691.58255210329,1e+09,2971.58143265501,2487.45633843089,7699.88848810163,9931.21196545014,5983.3149614574,5949.89844975526,12069.7694124536,16473.4063397981,14627.0139067138,9363.49184331892,12904.1739523187,8812.62639723823,11194.5250437658,11848.8177643805,12299.5596270598,13212.509312693,11863.333324749,10777.8933733824,11798.837487596,12044.8248572364,11489.4964187862,12696.1615869837,12002.4931140159,9025.65716669429,10725.894069517,10483.4123028955,12342.4994849301,10445.5825030823,14562.5644005477
10275.2563178979,7038.50082680964,4237.82253388459,8067.97845847397,11086.3749296468,9430.97466162962,15858.421926579,18299.0750223474,9653.92667699522,7982.7631093062,5871.93818875846,14187.9851724655,15212.8525091319,11191.8170917148,13647.2574893236,9075.44104615859,3977.03405954739,4567.84473817795,13243.1985535784,13889.1084383556,12754.9991036142,14219.7721696657,13521.7056819471,7309.71032636041,2971.58143265501,1e+09,1481.05926366908,10179.3922909523,12353.1234992936,8243.06193937059,8098.89881648734,14339.1110891122,18990.5352115521,17114.0075083804,11819.6253926341,15421.0208852981,11280.2693929977,13739.7821296991,14344.2193586476,14846.1173666417,15739.2225808615,14216.2465997182,13255.2379734617,14299.4962605121,14544.0838010237,13984.9861275584,15176.8683235936,14500.9281286509,11406.8931666865,13135.7677608962,12935.6633358788,14905.787928647,12961.3060238388,17085.6767328485
9854.76434523931,7678.82426661139,3861.1151061837,8632.90169147663,11765.4238146613,9812.57773305262,15251.6383357428,17743.296353333,8727.31867159095,7270.48501723234,4928.10457824304,13421.6721544448,14473.3143503173,10733.0898493537,13088.7855036592,8343.55380797655,3454.98791333631,3885.60907107239,12478.9652700054,13201.8187429952,12082.1008018846,13533.9791856017,12733.0770586178,6633.31828378527,2487.45633843089,1481.05926366908,1e+09,9628.74649053552,11931.233249455,7805.14065865568,7176.48325001877,13478.7980878489,18273.6770325105,16577.0901396657,11351.9825101565,14925.1787245011,10695.7434867287,13144.2551433507,13758.4970614708,14225.2696261055,15096.6296303645,13680.2142633696,12660.8799723321,13592.5697149766,13783.2385532682,13206.7729735276,14447.2127451284,13818.7515477919,10838.9870101177,12559.8557907685,12293.4960886682,14295.5249084845,12314.1882074175,16384.2563931202
1568.27242486757,17162.1051011786,13207.6263819356,18105.3683750732,21174.4672482781,19399.4756480581,5872.4318800732,8132.79790476808,3142.26675470113,2558.56427118804,5088.93881974425,4449.34801039433,5322.53514439313,1940.26703675035,3588.73814255094,2171.61373103045,6436.0252400919,6290.55315073325,3543.8366440907,3953.67292034888,2929.67283117074,4205.16668933587,3909.9658527537,3158.79804539638,7699.88848810163,10179.3922909523,9628.74649053552,1e+09,2723.66128725655,2286.14001067301,3900.28181058754,5432.84602507746,8979.57454530559,6974.11561147362,1906.17558884275,5533.92166826564,1260.01179903206,3666.81907182506,4273.18847039304,4806.12442086137,5671.59232182639,4370.06759976319,3153.68459196541,4435.91026639403,4760.37313834746,4411.41729709399,5343.84393847725,4532.1609943602,1866.18642495866,3186.99310433832,3160.76878659291,4911.06161011039,3049.29338357266,7082.03175555575
2593.24621143076,19322.2356830621,15616.4009403672,20264.1424308654,23304.5039767788,21686.2137370058,4609.78525204808,6224.11100807979,5361.93065997687,5066.99767237957,7556.82003869352,3952.50353271189,4462.97753155895,1879.07343656388,2334.04476531621,4262.81328346668,8683.79111469178,8609.04152938642,3641.13214425129,3267.89474503081,2982.65960106077,3257.16130908495,3834.66327809887,5577.73760993649,9931.21196545014,12353.1234992936,11931.233249455,2723.66128725655,1e+09,4326.21983277549,6330.1540537573,5466.1307043008,7446.88884140216,5060.12240860831,1230.39015332536,3263.72838303067,2310.74079753658,2243.34252386924,2822.93327682395,3501.41167655276,4045.25034430503,2694.15427680005,2092.13771532851,3584.13948004259,4143.88042436072,4066.49556217636,4482.21361288147,3532.70812169644,2548.5386290186,2377.85976260166,2377.3330326229,3323.365641635,2607.23398784996,5781.63558509182
2834.24733853628,15208.1390049046,11506.7189228902,16224.4259469881,19244.6462846528,17516.1159738967,8077.14622840889,10168.1417598891,3576.5103980696,1839.97029220583,3752.07049314109,6591.00695496523,7454.11835919581,3654.07592793308,5703.21955973992,2357.20677158369,4739.48291897967,4343.11700811756,5635.2468849377,6149.62554930786,4906.49222945477,6308.48369370168,6000.99944298448,2228.499112856,5983.3149614574,8243.06193937059,7805.14065865568,2286.14001067301,4326.21983277549,1e+09,3334.23250425042,7028.46805036489,11048.4606084241,8931.23358265811,3759.8619614688,7479.71905931633,3408.35136189038,5771.8414472766,6368.04333814556,6985.16444452097,7741.87022655379,6130.18495852287,5199.862153596,6495.90185853358,6802.83383928345,6432.07324481772,7445.02878092489,6644.64730716387,3560.46654110104,5148.2068605195,5109.67619775461,7040.35593463143,5166.36997208872,9227.51800748717
5019.18772364613,14778.0089986608,10375.2555808905,15756.0225866524,18896.3844550856,16704.0131440681,8982.09597846182,11210.9756046296,1946.47718946306,2243.01952309827,2584.0185217409,6754.0217621207,7800.51576187754,5476.1435598147,6777.27093632828,2582.049019403,4909.06652396359,3915.3120330058,5761.02251840765,6665.2019003253,5348.17678149292,6894.33825437221,6117.37289650549,2631.24947262703,5949.89844975526,8098.89881648734,7176.48325001877,3900.28181058754,6330.1540537573,3334.23250425042,1e+09,6396.33088237311,11408.5786186755,10110.4900982,5532.38318474959,8856.55035747553,4539.67572682235,6805.72389711043,7300.23251335874,7769.40062568536,8477.33675768516,7223.80933339883,6203.90405422263,6844.61325656169,6890.99862162952,6398.86349906763,7614.28881092647,7096.1957889985,4514.38613500219,6065.22020367769,5771.80466359526,7900.22831450459,5791.44593274426,9562.14657821663
6571.5765150533,21089.3288207164,16608.3453435314,22074.4806652773,25218.0343862245,22959.3182411848,5190.96781574496,6346.97347494064,4906.27206655929,6756.59703774023,8666.23823466099,3084.22481226645,3380.61952598928,6032.0793500003,4171.62443091417,5710.42097127699,10860.6261566864,10009.9314143305,2810.81729858061,3571.13258282299,2939.20267332826,3226.69208888918,3039.03499751155,7609.28756022533,12069.7694124536,14339.1110891122,13478.7980878489,5432.84602507746,5466.1307043008,7028.46805036489,6396.33088237311,1e+09,5665.65079441894,5574.57860825372,5176.06012935515,5580.93015626428,4540.9961284172,4055.37001790219,3997.86723422627,4221.8972078202,3998.99199924181,3977.99081066058,3731.3065362149,2920.86101030159,2373.70548217339,2472.11383299799,2883.93742373166,3104.44295363919,4483.54162172049,3783.40654768953,3473.77184571756,4393.89730923471,3706.40004609594,4359.96817572101
9337.8379902577,25910.6657662284,21586.7309045881,26824.6319500306,29966.4783236819,27991.8787742249,4339.8538924715,2642.13495470992,9857.91966606545,11097.8691942057,13425.5558175965,4999.37999708964,3965.13241461114,8448.68977730867,5668.52966158774,10047.5275005894,15228.6639689042,14855.4074568589,5903.52820527691,5225.32005810171,6331.27176630414,4871.66910237138,5734.36788894818,11795.9936940683,16473.4063397981,18990.5352115521,18273.6770325105,8979.57454530559,7446.88884140216,11048.4606084241,11408.5786186755,5665.65079441894,1e+09,3414.12580873933,7661.90526294864,4898.22622725819,7896.4821488939,5536.15779148319,4904.03946615441,4500.99196532276,3498.10689049091,5498.36016681338,5963.79720311648,4740.86602698283,4577.08758943938,5340.90435091287,4015.74906956349,4592.67144495445,7921.55160188962,6189.56392924413,6201.22954282455,4487.2368211406,6164.47345347516,2221.03521241785
7143.62422086996,24088.8451121697,20105.227835665,25044.3126273072,28092.4274764855,26327.8877160854,2864.15465282516,1451.58005738574,8652.09875154578,9369.46424463,11885.621918869,4314.27991783102,3532.05621414779,6332.20527517073,3831.80935890605,8493.14376907633,13373.3008784032,13059.3526878326,4878.18226443006,4089.33475603306,4883.77684245503,3551.24004625145,4880.88076560983,10047.6384706756,14627.0139067138,17114.0075083804,16577.0901396657,6974.11561147362,5060.12240860831,8931.23358265811,10110.4900982,5574.57860825372,3414.12580873933,1e+09,5387.33855250438,2792.11811478311,5952.6619175878,3693.83577273002,3233.45008344029,3120.15290913763,2322.16721589984,3461.16601360004,4018.5993198377,3897.70867245103,3983.71013954329,4676.64224972362,3653.66174871183,3515.50034515714,6014.23190735941,4339.986117593,4769.76477626518,3138.09268303216,4674.86707089089,2751.35975682934
2126.53107329754,18805.8757662705,14993.2848112847,19755.9178968835,22802.5100778028,21125.1833784917,4730.42523213294,6540.18981691663,4639.64629682048,4399.43059544073,6909.34659783398,3771.75498606418,4396.61100296581,1638.61565627819,2233.47397873806,3772.82383923501,8130.62826261292,7980.78545029874,3201.85402379621,3026.94061590247,2398.41709783766,3147.22144425841,3568.68469713983,4916.37076686655,9363.49184331892,11819.6253926341,11351.9825101565,1906.17558884275,1230.39015332536,3759.8619614688,5532.38318474959,5176.06012935515,7661.90526294864,5387.33855250438,1e+09,3889.91362212582,1520.75266937132,2352.48194654072,2830.47396787181,3494.24298927536,4280.10201842199,2871.19521011721,1864.01371462229,3422.71002543306,3920.88218384588,3864.06900678546,4374.18839798882,3422.87568174773,1613.92873820377,1928.18136366889,2226.4663578415,3510.02294154896,2088.6035065086,5826.43913724326
5382.76599334394,22380.7574202036,18517.1609825184,23263.2326693949,26347.8416855746,24696.1952963751,2865.12610640439,3556.95720445158,7549.89807532526,7887.56985089197,10367.5694237367,3508.52659184735,3447.002960196,4357.6064753486,2578.52416240376,6887.59938700706,11670.1269209893,11656.4847256838,4158.34388059718,3086.58741917348,4134.68859187727,2847.57095609574,4073.79666262321,8403.372614058,12904.1739523187,15421.0208852981,14925.1787245011,5533.92166826564,3263.72838303067,7479.71905931633,8856.55035747553,5580.93015626428,4898.22622725819,2792.11811478311,3889.91362212582,1e+09,4615.61329554372,2242.55562151756,2181.14958441644,2209.1548899749,2006.03335144259,2643.91965577625,2899.0359754753,3167.29246552951,3637.91574396659,3937.48782906056,3416.1434111729,2800.76984068666,4760.58361014697,3341.90505682014,3267.00405390015,1689.33801857414,3390.26057382025,3551.69257529421
2235.89179762796,18258.3911358148,14223.7574944141,19201.8184895546,22283.6749290933,20441.0971996637,4843.0579597399,7096.82333603564,3410.88758946993,3564.12226480798,6037.56569869016,3446.16968930725,4357.20587698126,1932.38256491824,2632.97575585116,2824.58061016144,7547.90312627289,7326.07997818069,2630.94230588586,2993.53286051782,1954.85807525764,3193.31024502788,2999.32862921021,4214.74634312671,8812.62639723823,11280.2693929977,10695.7434867287,1260.01179903206,2310.74079753658,3408.35136189038,4539.67572682235,4540.9961284172,7896.4821488939,5952.6619175878,1520.75266937132,4615.61329554372,1e+09,2636.9207142802,3271.76067893115,3805.30084714731,4606.35887567393,3398.36960426614,2119.8744813078,3455.95609856375,3736.13998027376,3361.9242466183,4250.48276649841,3445.42096552802,1359.34902442309,2238.44401940276,2229.05526593667,3921.45650408111,2136.2044068862,5962.30682591898
3915.90336238013,20698.2988079939,16656.7593706429,21607.9734975957,24712.1784084022,22917.9696750847,2918.17682795269,4710.24403252103,5432.48554400286,5965.78731163792,8431.98232589466,1957.91773598893,2472.39932086223,2972.55574773628,1200.23333318984,4977.99941174163,9945.06629744619,9801.95703320006,2207.73525507476,1413.60008524335,2052.92203178786,1375.83015179927,2178.40992983414,6569.90187763105,11194.5250437658,13739.7821296991,13144.2551433507,3666.81907182506,2243.34252386924,5771.8414472766,6805.72389711043,4055.37001790219,5536.15779148319,3693.83577273002,2352.48194654072,2242.55562151756,2636.9207142802,1e+09,1092.56997414353,1662.34324082002,2129.17179947979,1932.72021886252,1017.92165636654,1749.01424694026,2243.10469479247,2325.32099930311,2478.97169352536,1557.2041895975,2927.28535735756,1695.37552388844,1472.09120987798,1443.7702475117,1502.07859188526,3740.66432754932
4562.12544679561,21325.96063667,17264.7844408177,22251.8789562769,25351.2642929559,23546.2928242452,2736.12369903117,4109.64581669759,6005.85414223489,6622.01794885064,9073.9956426593,2112.82139905388,2131.46115071328,3689.73063919306,964.673673684526,5677.30951723614,10603.3083786524,10394.1169793446,2409.99725811047,1344.60834714053,2197.95809614287,1344.73370493938,2574.87773993252,7223.5581896528,11848.8177643805,14344.2193586476,13758.4970614708,4273.18847039304,2822.93327682395,6368.04333814556,7300.23251335874,3997.86723422627,4904.03946615441,3233.45008344029,2830.47396787181,2181.14958441644,3271.76067893115,1092.56997414353,1e+09,1088.91517314252,1677.51140619073,1794.72552987915,1416.41743906943,1363.87342572542,2001.49252304374,2484.24073934069,2016.72721673012,1190.2528948505,3311.82811604105,1660.30461403924,1829.2499600656,1055.64784942707,1652.34779886076,3088.22699751816
5009.182334673,21816.4940831083,17663.8539777649,22693.9801891493,25810.7123011319,24004.9887883498,2015.84803050726,3821.75808664023,6373.4735534793,7070.71137356066,9519.62305095638,1916.09244761311,1791.40699152928,4166.71870434038,1475.85047914753,6174.99600816065,11061.0440526064,10944.4988622961,2455.25184728573,1332.99835577543,2803.0203296266,1329.26037769129,2613.31805054417,7654.78851688275,12299.5596270598,14846.1173666417,14225.2696261055,4806.12442086137,3501.41167655276,6985.16444452097,7769.40062568536,4221.8972078202,4500.99196532276,3120.15290913763,3494.24298927536,2209.1548899749,3805.30084714731,1662.34324082002,1088.91517314252,1e+09,1483.37836002822,2615.20157091189,2066.41295030785,1646.26927909744,2055.7830623147,2646.88289217714,1933.2152178172,1307.65267773977,3996.58353108002,2423.14765647907,2473.20982734988,880.527194298961,2066.78902863839,2615.92477707215
5974.27862848729,22694.2980066293,18548.8708657697,23603.1186230994,26728.5758385515,24870.2621620441,2411.98311223358,3017.58094366995,7004.28997991231,7899.14747132879,10320.858710558,2328.67139085789,1895.15210637563,5041.24546503143,2437.96633200707,6856.77782623879,11967.2783619543,11700.673017361,3139.11968159865,2245.70798335402,3375.27211594858,1756.47774204514,3067.07254464253,8550.24000698226,13212.509312693,15739.2225808615,15096.6296303645,5671.59232182639,4045.25034430503,7741.87022655379,8477.33675768516,3998.99199924181,3498.10689049091,2322.16721589984,4280.10201842199,2006.03335144259,4606.35887567393,2129.17179947979,1677.51140619073,1483.37836002822,1e+09,2424.53074542271,2606.17034316639,1895.49571249845,2068.63257339238,2748.57789685866,1801.76206692227,1549.70378369545,4674.484174056,3000.83490767153,2923.04451408117,1274.4642002426,2945.96540690823,1914.26015507297
4902.24909594566,21190.18954751,17275.0365333188,22185.6274632204,25258.5944254683,23418.8561566679,3916.83218976764,4552.48711465502,6063.85009801529,6690.87394210203,9077.51273968811,3271.50551512603,3411.79349515764,4042.84175782333,2014.71866480161,5667.19586106745,10628.2194749638,10153.5717235316,3258.40868101287,2788.68922520958,2505.80129096463,2363.18787987752,3514.1640833063,7349.23952553596,11863.333324749,14216.2465997182,13680.2142633696,4370.06759976319,2694.15427680005,6130.18495852287,7223.80933339883,3977.99081066058,5498.36016681338,3461.16601360004,2871.19521011721,2643.91965577625,3398.36960426614,1932.72021886252,1794.72552987915,2615.20157091189,2424.53074542271,1e+09,1638.44263033528,2325.74658305672,2665.3156482113,2898.46691442217,2765.41528098403,2067.08898586877,3022.39536943796,1567.60425981815,2016.18374390828,2440.95182639887,2436.69466051863,3859.01794572142
3697.84319329525,20231.6445367128,16186.4682641644,21175.7484886013,24268.9779032863,22435.2145801372,3445.03914600401,5140.16963066395,4903.99149266187,5488.47534643274,7961.83641011921,2287.412289772,2834.90061111496,2931.51330051562,1155.72237159276,4580.51613925767,9530.95095098595,9211.98532208991,1988.724588876,1690.88080369374,1437.17708460022,1465.07270614806,2353.01252425481,6149.77081439626,10777.8933733824,13255.2379734617,12660.8799723321,3153.68459196541,2092.13771532851,5199.862153596,6203.90405422263,3731.3065362149,5963.79720311648,4018.5993198377,1864.01371462229,2899.0359754753,2119.8744813078,1017.92165636654,1416.41743906943,2066.41295030785,2606.17034316639,1638.44263033528,1e+09,1827.7537876585,2209.48684564991,2348.49824345261,2653.71118485038,1673.14789489752,2177.35188789043,931.149862105988,1197.32229174103,2138.67419522002,1116.16713815629,4106.89710527303
5030.95888183356,21224.2452030031,16978.6658803718,22142.0742123181,25283.5751835673,23344.6205313108,3263.59831955466,4641.2739984082,5455.75971727128,6481.44054985464,8800.11350683615,1407.98084763252,1565.95461677534,4226.77455048173,1806.53929281928,5448.00586560808,10570.0040498573,10230.49680844,1727.9485346792,1110.07658690741,1907.18468701906,1100.47716768682,1867.42747232657,7142.72064919944,11798.837487596,14299.4962605121,13592.5697149766,4435.91026639403,3584.13948004259,6495.90185853358,6844.61325656169,2920.86101030159,4740.86602698283,3897.70867245103,3422.71002543306,3167.29246552951,3455.95609856375,1749.01424694026,1363.87342572542,1646.26927909744,1895.49571249845,2325.74658305672,1827.7537876585,1e+09,847.0165576894,1574.1718378881,1280.82898799957,755.298153512903,3425.59836615445,1974.85253130455,1704.8767428175,1693.97599233283,1643.41018957532,2941.11821459118
