1e+09,18418.3545503528,17254.7432147482,20235.8861301007,23160.2390774253,23647.4876958653,5001.45311170664,8263.48884249262,4033.29526779283,4042.90476723111,7318.73729617343,3357.4689412413,4135.81270359285,1184.53818933794,2744.9059743095,3049.55027456509,7016.27333917372,7336.44379866704,3088.9468969699,3011.32392649811,1476.81685706116,2827.48782554408,3099.56905925646,4004.23027293636,8278.49463050499,11507.3973798422,11050.2794711537,2120.8878877489,2608.55803845726,3164.11038761292,5126.49616009805,2531.15658211814,7987.12737855107,7173.24734840504,1464.49535690626,5480.37819916655,898.421382147598,3641.05753849071,3794.85776682078,3927.30984696904,4606.56607637403,3688.80991956756,2125.03803318905,3170.68333604919,3052.66476330107,3209.7162685197,3843.34712076596,3437.38600039332,1477.00844466103,2364.65853833064,2262.41653671467,3998.63763934668,1891.4160224287,5551.38755264844
18418.3545503528,1e+09,4611.07408875633,3077.07848458566,5269.27643116206,6364.81172218001,22548.8906948191,26618.9768727932,15094.2859433992,14640.3051952342,11655.7153233553,20926.7766314237,22031.6769227787,19293.7673973462,20808.9000520138,16610.8995025616,11544.86610258,11338.1526225087,20573.2372783575,20849.7430709925,19328.0628743855,20944.0817926425,20293.3234880194,14611.1327668049,10250.7392988311,7004.88077052708,7594.05191378753,16998.0112416335,20509.9089606,15532.1283572246,13645.9497349213,19663.6157472907,26195.6679697331,25477.2380239323,19574.3455827034,23726.7330131816,18745.3089182601,21815.2438766955,22022.8367098859,22104.0107969572,22849.0542459792,21643.0928513972,20358.8899467432,21120.6393622873,20805.3925488081,20202.9506401491,21358.4393075337,21465.940250215,18474.4401422208,20375.5425141025,20016.8062817249,22030.7738279231,19763.4455705122,23571.7931084464
17254.7432147482,4611.07408875633,1e+09,3971.9579404747,6877.09321524727,6715.73625302543,20677.5506533414,25422.4833602404,13640.4743489477,13268.06504259,10037.0759873332,19362.6706910307,20470.4284988395,18094.5289397016,19380.6531797177,15677.5622100121,10757.643534757,11049.9349878314,19325.6676987161,19297.3531844292,17978.0483629898,19474.0562907757,18778.8009414552,13460.0916491233,9489.66961778965,6622.28532555794,7011.54996296111,15553.0608241947,19406.3251179171,14560.7438287163,12471.9852059325,18334.619027471,24773.8039018254,24399.520410174,18439.4693534847,22477.6773140331,17569.8128300218,20652.196933433,20799.9521771638,20633.0692311202,21455.5201824169,20590.1012282019,19051.1830517582,19727.1399788616,19292.8438865192,18604.6794068723,19708.6344912021,20079.1235706293,17369.5330028041,19191.3976009617,18736.9345053907,20479.7147100076,18336.4650039532,21994.3402896745
20235.8861301007,3077.07848458566,3971.9579404747,1e+09,3124.08436648244,3645.21027512817,24024.5477122089,28474.0391875196,16787.5298255878,16317.8106894491,13157.0192263141,22602.2638147908,23713.3193392532,21104.5625721312,22512.7258985624,18572.9504953763,13507.0548851036,13490.0123596311,22426.9087215269,22517.7198702466,21078.1016169649,22642.1070530505,21996.7530583107,16435.8833377613,12185.7588663448,8922.32369194259,9502.40489604605,18634.16816511,22305.1059388024,17346.5472096841,15462.5755400548,21450.5723227563,27950.823999013,27374.0110078885,21382.8487109646,25501.9753578208,20572.2158219405,23672.0127134048,23864.3850765445,23818.0334564149,24589.6853435826,23498.538376148,22101.9130457004,22870.7707413174,22484.6166954898,21823.5636607498,22961.2889582292,23216.9065048232,20306.1533859715,22188.9683331583,21789.1754190699,23673.8528708531,21479.1172927032,25246.7445909072
23160.2390774253,5269.27643116206,6877.09321524727,3124.08436648244,1e+09,2087.48553901578,27001.904061101,31406.2286352134,19791.2167627587,19288.4879611856,16171.7032633517,25608.481832145,26707.5113537016,24050.5724856707,25472.8293304042,21532.7339689599,16425.7333992945,16316.0272248762,25397.5888396793,25504.8248161872,24040.4951782903,25617.6752816781,25005.7338125759,19389.8959110254,15097.3967244953,11782.1869663531,12404.648504859,21578.2018672525,25228.4421457945,20242.6042072383,18439.4703278917,24451.7531954316,30943.0088673338,30283.1346509555,24297.2285860363,28458.978992803,23519.6838996063,26625.4324935446,26814.2812992722,26789.0619350212,27566.4116643879,26427.60279031,25054.1312411147,25860.3783758746,25486.145851109,24846.4961392044,25972.2321435067,26195.9853757747,23232.3860266246,25125.1679421293,24770.0463111376,26662.5058655652,24447.036193093,28239.5490897004
23647.4876958653,6364.81172218001,6715.73625302543,3645.21027512817,2087.48553901578,1e+09,27252.7725809192,31872.1277213038,20154.0735185347,19704.8619901993,16495.9730202829,25929.0958046265,27038.6333041946,24497.4643962329,25848.391869803,22019.2723059324,16988.7188150932,17007.2857110681,25826.9838583719,25835.3463141023,24438.5696298167,25988.8345807984,25344.3886239183,19853.7304178736,15660.8110540866,12391.1272688606,12946.5768032828,21970.6531728281,25720.8703230723,20791.072622116,18864.2134504569,24823.5346164099,31306.4349938268,30798.1949396243,24784.8968245603,28887.717696509,23982.7441269843,27077.7162801168,27244.6640971751,27150.9071737944,27943.1654010332,26908.4602573317,25476.7581763732,26227.8355235997,25819.9648749219,25125.1356832774,26243.2334566265,26562.6992837663,23700.4437468858,25569.1638103556,25164.76642832,26987.2552916909,24818.3931342503,28543.7726185345
5001.45311170664,22548.8906948191,20677.5506533414,24024.5477122089,27001.904061101,27252.7725809192,1e+09,5857.11173854486,7745.5309781964,8035.73186493303,11015.883283069,2976.45963953822,2439.45787350387,4402.77511310764,2814.319015357,7282.51497964131,11335.1233807048,11935.2730143051,4215.47817393235,2611.38256827681,4041.30477713572,2616.28831404339,3653.56485100511,8270.50021353606,12514.6312818836,15638.6095510822,15153.2878396208,5763.79569624046,4413.13863745521,7727.56410244522,9245.59385463692,4439.26097403611,5154.62550542714,5464.10963471635,4443.94111743169,3936.40982875259,4823.70165222726,3871.24858628324,3495.92351438071,2263.8836313954,2853.30289541787,4406.73148672574,3461.15115868984,3185.76342695122,2926.9085696516,3495.9258181775,2455.5643153255,3008.68671611054,5303.05253590798,3997.29159820747,4036.60668064155,2177.47000034444,3486.43785556261,2573.21674429108
8263.48884249262,26618.9768727932,25422.4833602404,28474.0391875196,31406.2286352134,31872.1277213038,5857.11173854486,1e+09,11889.0475656211,12198.5445954876,15440.4118509643,6395.84261826384,5324.30395373893,7409.75215009247,6210.89403794655,10299.7700295346,15140.237869208,15381.3888234775,6470.25646613023,6306.22502778802,7483.18690062596,6047.91050044559,7003.52700186842,12103.97127017,16428.7414482699,19726.5586459828,19219.0135733809,9974.99476772795,6481.23651083649,11260.8116760383,13146.4811318657,7395.36721172113,2163.91293572547,1435.15338755131,7181.06247538622,3436.34779655669,7925.80529958313,4925.38435145929,4729.66217580072,4972.96142314617,4176.49020362792,5314.99610646142,6447.61396556121,5849.84622891064,6319.02837573151,7235.55367378337,6203.50957424102,5509.80906305291,8292.39284332333,6409.12925290948,6882.72181322186,5286.29227001308,7143.23631467558,4077.1134294866
4033.29526779283,15094.2859433992,13640.4743489477,16787.5298255878,19791.2167627587,20154.0735185347,7745.5309781964,11889.0475656211,1e+09,1339.7294405588,3790.32915610241,5869.45231497795,6985.69511756704,4712.79054455001,6112.41765943722,2640.58886214799,3822.78048218832,4692.15861383649,5739.41699932145,5882.21169784801,4602.62641102882,6013.64510081864,5232.27123944277,1244.94494195527,4984.57979337276,8329.31487509027,7687.1580641743,2921.09829389564,6335.13957006474,3006.67595979347,1797.98617922942,4783.2050190641,11250.2739054923,10902.9327490726,5325.46486138065,9084.01910858294,4190.98941572274,7104.45112265543,7293.9156167041,7203.87580162929,7962.27761285676,7345.62842342982,5723.62867185669,6207.55919531179,5824.35741036726,5280.12963888199,6452.64498212167,6590.63276644208,4348.24577952995,5915.97639700329,5335.68827850728,7161.8311913644,4965.32410286579,8595.04349574218
4042.90476723111,14640.3051952342,13268.06504259,16317.8106894491,19288.4879611856,19704.8619901993,8035.73186493303,12198.5445954876,1339.7294405588,1e+09,3298.24235372418,6409.62401634448,7474.9685085156,4882.52361261059,6332.16557306424,3215.76135616435,3494.1746543211,4164.72994042831,6317.58845020788,6277.43053909798,4859.26636746742,6344.97464126532,5884.53224275303,1043.62408883659,4565.36844171421,7776.03352695319,7240.88187656034,2593.69702002759,6271.07838154651,2121.90372771716,1777.63308548193,5340.03958960044,11684.0960755678,11141.7195828606,5275.7500872293,9286.22118915978,4395.55797595709,7427.79425234033,7636.41691582512,7559.02185475079,8309.35805867698,7464.47573427632,5859.79552341206,6648.98465185475,6268.2138432252,5772.08124713262,6876.51887678642,6971.93946974585,4364.28834804714,6063.73002157913,5632.33405886938,7467.67985239726,5251.07296399507,9055.62462375732
7318.73729617343,11655.7153233553,10037.0759873332,13157.0192263141,16171.7032633517,16495.9730202829,11015.883283069,15440.4118509643,3790.32915610241,3298.24235372418,1e+09,9471.3131525676,10581.4485542576,8107.04289930675,9490.38084627798,5948.05883688956,2465.07946796853,3401.2245009408,9455.00345709614,9385.68639396714,8026.34158051475,9531.14256812896,8917.30519448,3613.90779590459,2457.39412998811,5004.83622840948,4425.5454922529,5673.06679879587,9451.91162289407,4849.3425269824,2807.60817581442,8395.40161547975,14824.7515561847,14409.3021125452,8495.92673707819,12479.0650617624,7617.96014049037,10641.1519150983,10841.7982779334,10729.4348039354,11485.9209267694,10627.7050475773,9070.29473640741,9778.09600636545,9357.71540670585,8708.69684614179,9857.93066444982,10117.6684325639,7465.0502469173,9238.50489866732,8757.53518515341,10567.182747251,8406.13494600818,12137.7635127523
3357.4689412413,20926.7766314237,19362.6706910307,22602.2638147908,25608.481832145,25929.0958046265,2976.45963953822,6395.84261826384,5869.45231497795,6409.62401634448,9471.3131525676,1e+09,1192.56950958843,2606.62675832195,2170.77427546026,4914.68911280256,9514.10005212264,10047.2049916382,1824.16496718362,924.511443249893,2272.20094021193,1217.39175288812,1050.71284521509,6396.26060046806,10756.164685356,14086.6158517438,13461.8678204178,4569.26506153889,3408.56008296759,6230.00301446155,7347.15865548717,1737.53420656976,5458.76619713649,5681.38300111865,3216.00578761917,3950.80284596688,2959.43328326557,2340.15537214947,2420.15354913691,1923.38567273961,2520.8936597564,3520.771148669,2264.31592581512,1298.32810433265,1025.56139596808,1663.88392672085,1677.71682887787,1592.68903615866,3735.88615661666,2740.58771184212,2158.78688549843,1997.43709487934,1942.87487077784,2969.7590594693
4135.81270359285,22031.6769227787,20470.4284988395,23713.3193392532,26707.5113537016,27038.6333041946,2439.45787350387,5324.30395373893,6985.69511756704,7474.9685085156,10581.4485542576,1192.56950958843,1e+09,3334.44890511161,2365.17563538102,5948.55494379097,10591.7657879694,11082.1948462297,2235.24271923655,1395.93241580673,3078.50254982841,1467.9665299318,2019.61592960147,7461.0810259841,11836.3702120583,15171.260888008,14557.0276494688,5488.31270681619,3656.86379527595,7163.133859827,8449.76863563139,2743.37933534537,4408.73070250384,4701.31887457126,3690.14287994381,3227.90323332345,3769.58325814671,2083.73519618017,2022.10027372532,1280.25480850493,1751.79577365628,3434.78145032548,2642.45676227635,1582.78994737141,1611.16852709454,2499.00268223145,1853.69024038538,1504.77923168151,4471.27534891333,3037.90552744815,2844.92381855824,1661.09409131452,2660.11270165382,2009.47839090148
1184.53818933794,19293.7673973462,18094.5289397016,21104.5625721312,24050.5724856707,24497.4643962329,4402.77511310764,7409.75215009247,4712.79054455001,4882.52361261059,8107.04289930675,2606.62675832195,3334.44890511161,1e+09,1968.7009065371,3418.60004652489,7878.53351278015,8203.77061394332,2532.06018820643,2244.79294909352,942.836761746168,2032.74133529084,2488.17201332625,4820.4585594215,9140.60374002177,12377.8342610975,11892.6376446018,2826.99873997142,1970.79313678529,4068.21069329011,5871.73572972252,1836.43278406807,7064.86499050053,6370.7948199891,1094.13581241087,4539.88881353938,934.359549263558,2682.18274287939,2845.97189961531,3086.49160975694,3620.53855477331,2756.25339036526,1262.91212350662,2199.01739308719,2177.49086278221,2389.38943200978,2951.80888631022,2441.1568397176,1484.23968650619,1505.08489092808,1205.43799915218,3067.48686533455,1201.74827909176,4616.52235812846
2744.9059743095,20808.9000520138,19380.6531797177,22512.7258985624,25472.8293304042,25848.391869803,2814.319015357,6210.89403794655,6112.41765943722,6332.16557306424,9490.38084627798,2170.77427546026,2365.17563538102,1968.7009065371,1e+09,5101.6318446258,9440.55697921474,9882.19603088302,2672.26580745629,1453.52579395758,1731.60695202462,1266.32254319348,2563.6311109245,6387.12187013055,10701.5150483518,13841.1029901233,13407.9256501742,3994.14692846921,2239.5409440776,5610.39999516969,7358.80510139384,2543.15348514399,5814.57513925136,5395.13849683213,1986.03268074823,3466.28653444865,2393.98841624182,2315.78792595522,1922.70686179667,1582.84245340463,2419.53156466288,2336.4557425511,1111.49474560162,1454.00602945793,1518.65427102419,2231.37875700205,1704.81220945299,1515.3338431844,2786.7651321918,1440.1299374362,1591.32836196682,1604.18828427339,1254.02052842049,3079.87984608166
3049.55027456509,16610.8995025616,15677.5622100121,18572.9504953763,21532.7339689599,22019.2723059324,7282.51497964131,10299.7700295346,2640.58886214799,3215.76135616435,5948.05883688956,4914.68911280256,5948.55494379097,3418.60004652489,5101.6318446258,1e+09,5212.56829454541,5568.83968908246,4258.28568837273,5005.66375768489,3672.16872248539,4978.18077832656,4266.56059694457,2607.46924837092,6528.88089332314,9882.35369194505,9251.37802331631,3347.3070081933,4969.77256170743,3242.05511314968,3429.5564913557,3396.12861256755,9808.49911000149,9238.9228057983,4163.86640346445,7562.92148163658,2996.44785671301,5472.18546718768,5765.09999728539,6058.95091592596,6598.01428335071,5722.65707726752,4593.98646615333,4943.98430715552,4833.54291961911,4484.65866715629,5637.43430226907,5295.19728136733,3279.73234287495,4590.12678016632,3969.95394115599,6148.96599017266,4070.66547328566,7461.68513460599
7016.27333917372,11544.86610258,10757.643534757,13507.0548851036,16425.7333992945,16988.7188150932,11335.1233807048,15140.237869208,3822.78048218832,3494.1746543211,2465.07946796853,9514.10005212264,10591.7657879694,7878.53351278015,9440.55697921474,5212.56829454541,1e+09,1595.54329323901,9073.58929019272,9459.29636138439,7926.6700871236,9509.96482144913,8845.97752197574,3211.65457720783,1479.1389265042,4844.28972958885,4361.77827696457,5871.03981020398,9274.12965288927,4520.7301159879,2424.25487737985,8248.78607095614,14729.6255635573,14039.7059420915,8263.57217970534,12353.6424635287,7289.87500545105,10359.5164139742,10555.1296748264,10663.9629954956,11398.6874539221,10331.4341729355,8979.72827764293,9664.64756840621,9389.64238380248,8912.41918648355,10050.0689489525,10038.0529506025,7174.65634283622,9018.35415631367,8632.19946509579,10669.8595519529,8369.6392623637,12141.8876295204
7336.44379866704,11338.1526225087,11049.9349878314,13490.0123596311,16316.0272248762,17007.2857110681,11935.2730143051,15381.3888234775,4692.15861383649,4164.72994042831,3401.2245009408,10047.2049916382,11082.1948462297,8203.77061394332,9882.19603088302,5568.83968908246,1595.54329323901,1e+09,9473.82793946037,9944.07661590054,8364.78061485775,9960.06751604626,9449.54957309077,3763.64923879737,1857.33258149961,4767.2568171224,4218.60640828224,6374.03818885642,9465.93909002166,4736.66995128434,3226.56958274574,8682.10083250592,15082.2890729425,14203.9501634581,8502.29593271135,12607.118202821,7674.08407805779,10610.8832100631,10871.8327126571,11093.7980157429,11778.0749506106,10538.2241644548,9333.0730956154,10124.4717122969,9906.95165840129,9468.4274184893,10607.7907618552,10415.0740482101,7465.84629798927,9291.6815866505,9020.97824725235,11144.6639355702,8831.67713674475,12635.0904089959
3088.9468969699,20573.2372783575,19325.6676987161,22426.9087215269,25397.5888396793,25826.9838583719,4215.47817393235,6470.25646613023,5739.41699932145,6317.58845020788,9455.00345709614,1824.16496718362,2235.24271923655,2532.06018820643,2672.26580745629,4258.28568837273,9073.58929019272,9473.82793946037,1e+09,2075.65568835489,2445.023925977,2049.39129960581,1698.71564365552,6055.66501431511,10366.3812211977,13771.3612551229,13122.3529245673,4751.11246550742,3506.50365867483,5987.39282998034,7037.90200652155,1699.25957201953,5876.64433680481,5592.83914716846,3108.74914959377,4333.26774672417,2602.85662809153,2198.94983701311,2381.65268716914,2506.04356909452,3137.65217216632,3477.36841948046,2577.28391292073,1862.32580388073,2035.06005572317,2657.59728662941,2915.7454672519,2042.88731960429,3465.04029559542,2610.99822952832,2397.32837243879,3142.7291442789,2336.85849160791,3736.68068239715
3011.32392649811,20849.7430709925,19297.3531844292,22517.7198702466,25504.8248161872,25835.3463141023,2611.38256827681,6306.22502778802,5882.21169784801,6277.43053909798,9385.68639396714,924.511443249893,1395.93241580673,2244.79294909352,1453.52579395758,5005.66375768489,9459.29636138439,9944.07661590054,2075.65568835489,1e+09,1823.11536793479,801.717638137019,1645.88214158852,6305.98579430687,10681.3445986355,13948.3767270353,13374.5833104176,4186.66775625915,2959.67361479269,5938.31542598572,7277.34909159922,1949.54587704419,5554.9550874062,5551.70417885355,2651.27052208936,3749.80698623276,2656.77713777426,2225.83523732104,2139.65512578546,1518.37471205233,2391.86886335769,3113.64057341242,1679.77617288733,1151.15928220208,816.600363825537,1593.90110267231,1308.59315144165,1213.27707775265,3271.27422398368,2121.03695696233,1872.27910918752,1621.39980359565,1363.35234132634,2862.31689136615
1476.81685706116,19328.0628743855,17978.0483629898,21078.1016169649,24040.4951782903,24438.5696298167,4041.30477713572,7483.18690062596,4602.62641102882,4859.26636746742,8026.34158051475,2272.20094021193,3078.50254982841,942.836761746168,1731.60695202462,3672.16872248539,7926.6700871236,8364.78061485775,2445.023925977,1823.11536793479,1e+09,1905.75297609633,2178.1760414163,4837.79816209813,9174.53280628501,12406.2403290723,11916.208316478,2745.62108363481,2492.38173322226,4271.2527709912,5800.52518437771,1731.46185291504,7001.79163823803,6559.51133682228,1504.78535004166,4728.02937738335,1017.72764451006,2899.30283611423,2883.12593979174,2891.52102126199,3653.35837539927,3095.11126103732,1375.23911433612,1972.17767556577,1806.10035839651,2016.98322132337,2497.33797852834,2327.75762441024,1590.1569173198,1594.22570497405,1318.95485749134,2871.54460346692,637.136141809582,4363.84215539472
2827.48782554408,20944.0817926425,19474.0562907757,22642.1070530505,25617.6752816781,25988.8345807984,2616.28831404339,6047.91050044559,6013.64510081864,6344.97464126532,9531.14256812896,1217.39175288812,1467.9665299318,2032.74133529084,1266.32254319348,4978.18077832656,9509.96482144913,9960.06751604626,2049.39129960581,801.717638137019,1905.75297609633,1e+09,1767.44894831506,6382.28598023467,10762.7427935773,14032.4634368595,13492.7858045994,4207.76025940167,2485.55501290959,5845.344300176,7427.68247497832,2093.36917666235,5457.52994811755,5194.76946527947,2368.21050787298,3371.84542162004,2556.49836935211,1894.37779231071,1891.82364886371,1378.61345898696,2081.44705188482,2734.41355721844,1338.76228580731,1166.87207752178,1055.54390325557,1946.82491220962,1695.10325440665,1217.58887096589,3241.92558165668,1984.81795711849,1755.58938559106,1504.79579544867,1455.7549755711,2906.03672734878
3099.56905925646,20293.3234880194,18778.8009414552,21996.7530583107,25005.7338125759,25344.3886239183,3653.56485100511,7003.52700186842,5232.27123944277,5884.53224275303,8917.30519448,1050.71284521509,2019.61592960147,2488.17201332625,2563.6311109245,4266.56059694457,8845.97752197574,9449.54957309077,1698.71564365552,1645.88214158852,2178.1760414163,1767.44894831506,1e+09,5815.41350779117,10114.8206045387,13500.2484190514,12882.5724745759,4260.32193179107,3636.01167601261,5797.49518194712,6738.25107932318,1559.13623256597,6161.52222507555,6257.49172709801,3247.20665512683,4616.4204722707,2616.41188003724,2800.3143343382,2917.46905870482,2658.64907169036,3210.15845217958,3820.34629823004,2488.651878789,1686.4948621327,1385.87543841429,1737.45727150339,2245.64125394062,2233.87285842324,3482.39780618183,2926.92600781093,2211.97381012977,2723.48015045089,2020.38232391793,3670.59693938193
4004.23027293636,14611.1327668049,13460.0916491233,16435.8833377613,19389.8959110254,19853.7304178736,8270.50021353606,12103.97127017,1244.94494195527,1043.62408883659,3613.90779590459,6396.26060046806,7461.0810259841,4820.4585594215,6387.12187013055,2607.46924837092,3211.65457720783,3763.64923879737,6055.66501431511,6305.98579430687,4837.79816209813,6382.28598023467,5815.41350779117,1e+09,4399.04242982493,7775.89527491851,7165.28923677893,2970.13849358915,6336.12088839063,2317.56557980567,1322.23926231223,5173.29474152595,11628.3878961488,11030.6956575413,5281.86539250103,9296.79438036574,4278.72142278508,7288.45063496351,7506.64247256388,7551.27633963955,8299.92720091568,7399.5300215757,5904.31696423896,6586.01018693412,6279.43411966397,5821.0402792714,6957.73774408033,6904.95510595109,4259.86788866744,5984.55604457006,5591.04961470563,7569.5326138078,5263.5704454676,9046.97380132163
8278.49463050499,10250.7392988311,9489.66961778965,12185.7588663448,15097.3967244953,15660.8110540866,12514.6312818836,16428.7414482699,4984.57979337276,4565.36844171421,2457.39412998811,10756.164685356,11836.3702120583,9140.60374002177,10701.5150483518,6528.88089332314,1479.1389265042,1857.33258149961,10366.3812211977,10681.3445986355,9174.53280628501,10762.7427935773,10114.8206045387,4399.04242982493,1e+09,3619.49529681971,3006.30486406485,6988.88993950398,10507.4532947475,5651.94472040377,3540.3416897808,9513.34369055907,16007.1897296215,15318.699121554,9491.18921268036,13620.535646655,8577.71358453988,11631.2789271989,11848.8205809397,11928.1681464507,12673.1705490418,11596.5435327428,10221.3246069577,10944.5263255291,10631.9647561116,10095.8305259795,11260.4799172593,11281.661850809,8391.85623794283,10251.7450309496,9903.11301385075,11914.4529946993,9610.76011057398,13402.1565850127
11507.3973798422,7004.88077052708,6622.28532555794,8922.32369194259,11782.1869663531,12391.1272688606,15638.6095510822,19726.5586459828,8329.31487509027,7776.03352695319,5004.83622840948,14086.6158517438,15171.260888008,12377.8342610975,13841.1029901233,9882.35369194505,4844.28972958885,4767.2568171224,13771.3612551229,13948.3767270353,12406.2403290723,14032.4634368595,13500.2484190514,7775.89527491851,3619.49529681971,1e+09,1605.4618796471,10052.9927946159,13609.0339069899,8642.93684444125,6848.26554436231,12834.3499988585,19326.4706911479,18607.8591320872,12646.917581996,16809.634589214,11840.4140270389,14944.6711667002,15110.360494568,15166.0151777486,15931.0264738277,14739.2207082498,13423.7139682317,14226.9739573987,13918.0867282935,13343.5205113568,14449.9082293522,14549.4870358477,11554.1410610742,13439.5523998718,13104.3390819682,15098.205279549,12824.9578578216,16655.5146154149
11050.2794711537,7594.05191378753,7011.54996296111,9502.40489604605,12404.648504859,12946.5768032828,15153.2878396208,19219.0135733809,7687.1580641743,7240.88187656034,4425.5454922529,13461.8678204178,14557.0276494688,11892.6376446018,13407.9256501742,9251.37802331631,4361.77827696457,4218.60640828224,13122.3529245673,13374.5833104176,11916.208316478,13492.7858045994,12882.5724745759,7165.28923677893,3006.30486406485,1605.4618796471,1e+09,9647.98295002639,13204.4062962179,8337.13154390645,6235.97670153602,12194.6984963959,18734.7288575042,18100.0709197782,12233.6080104113,16327.4758047807,11371.0170455725,14378.9299374606,14603.3556028401,14642.7056007795,15407.1995492302,14329.9805859429,12962.3160227291,13691.454893681,13362.1196406147,12748.3940355639,13921.6942254059,13980.4489114155,11138.8374154308,12977.2500668863,12610.644344632,14613.6711566464,12329.0081275543,16122.5557279949
2120.8878877489,16998.0112416335,15553.0608241947,18634.16816511,21578.2018672525,21970.6531728281,5763.79569624046,9974.99476772795,2921.09829389564,2593.69702002759,5673.06679879587,4569.26506153889,5488.31270681619,2826.99873997142,3994.14692846921,3347.3070081933,5871.03981020398,6374.03818885642,4751.11246550742,4186.66775625915,2745.62108363481,4207.76025940167,4260.32193179107,2970.13849358915,6988.88993950398,10052.9927946159,9647.98295002639,1e+09,4111.11354914943,2224.10527745428,3946.64528414957,3809.9669631901,9575.62669858219,8967.08738485357,3043.06318675771,7054.66243955726,2521.38762499938,5421.57467088668,5500.21492349163,5346.80963540876,6113.05038089823,5276.50818249152,3580.13189504242,4607.26211204659,4226.66401975601,3886.55949055202,4723.46805932887,4859.8168323405,2383.86732827144,3846.71733465042,3607.71601831408,5188.83392268436,3049.51573609647,6851.70918229167
2608.55803845726,20509.9089606,19406.3251179171,22305.1059388024,25228.4421457945,25720.8703230723,4413.13863745521,6481.23651083649,6335.13957006474,6271.07838154651,9451.91162289407,3408.56008296759,3656.86379527595,1970.79313678529,2239.5409440776,4969.77256170743,9274.12965288927,9465.93909002166,3506.50365867483,2959.67361479269,2492.38173322226,2485.55501290959,3636.01167601261,6336.12088839063,10507.4532947475,13609.0339069899,13204.4062962179,4111.11354914943,1e+09,5028.05789618616,7394.95653099462,3138.12056667681,6357.29135475165,5367.67464135076,1441.64500040752,3366.74911900189,2541.51591769558,2430.1921758577,2722.92656437885,3098.57234175676,3157.77791727031,1685.95576694645,1446.87540455286,2677.81578438473,2839.52793881307,3309.4828805117,3348.73942594822,2696.69490245003,2694.29304226545,1782.9826826136,1960.06139383439,2845.8101588827,2505.89377111242,4471.94249308955
3164.11038761292,15532.1283572246,14560.7438287163,17346.5472096841,20242.6042072383,20791.072622116,7727.56410244522,11260.8116760383,3006.67595979347,2121.90372771716,4849.3425269824,6230.00301446155,7163.133859827,4068.21069329011,5610.39999516969,3242.05511314968,4520.7301159879,4736.66995128434,5987.39282998034,5938.31542598572,4271.2527709912,5845.344300176,5797.49518194712,2317.56557980567,5651.94472040377,8642.93684444125,8337.13154390645,2224.10527745428,5028.05789618616,1e+09,3169.96770729609,5094.55820504585,11020.8796744089,10120.3082794449,4125.80377080636,8314.67544306451,3612.50962134359,6632.68657050821,6840.89544483761,6983.77874265072,7611.81507034952,6277.30323504449,4998.78877300292,6110.00706478315,5878.66514988735,5600.67561588778,6525.54553651264,6409.30954787643,3325.76040159239,5111.70330010457,4913.53547845134,6862.97892309163,4732.76142045001,8556.08786879261
5126.49616009805,13645.9497349213,12471.9852059325,15462.5755400548,18439.4703278917,18864.2134504569,9245.59385463692,13146.4811318657,1797.98617922942,1777.63308548193,2807.60817581442,7347.15865548717,8449.76863563139,5871.73572972252,7358.80510139384,3429.5564913557,2424.25487737985,3226.56958274574,7037.90200652155,7277.34909159922,5800.52518437771,7427.68247497832,6738.25107932318,1322.23926231223,3540.3416897808,6848.26554436231,6235.97670153602,3946.64528414957,7394.95653099462,3169.96770729609,1e+09,6081.428386991,12601.8970891013,12118.4926133121,6342.03592595469,10331.4359316893,5287.8751929674,8323.92002869441,8498.27159745439,8549.9640470823,9314.6956578892,8374.93032027133,6940.29673057284,7516.67261110925,7207.37296827353,6661.59083124294,7810.30705110881,7877.57312627436,5176.78638781822,6959.61874911263,6521.54010188544,8527.0278653878,6234.0306623083,9968.85336421396
2531.15658211814,19663.6157472907,18334.619027471,21450.5723227563,24451.7531954316,24823.5346164099,4439.26097403611,7395.36721172113,4783.2050190641,5340.03958960044,8395.40161547975,1737.53420656976,2743.37933534537,1836.43278406807,2543.15348514399,3396.12861256755,8248.78607095614,8682.10083250592,1699.25957201953,1949.54587704419,1731.46185291504,2093.36917666235,1559.13623256597,5173.29474152595,9513.34369055907,12834.3499988585,12194.6984963959,3809.9669631901,3138.12056667681,5094.55820504585,6081.428386991,1e+09,6603.61359646368,6514.07345405316,2733.78209190126,4675.87533921725,2014.40418627941,2649.08864370372,2917.68074350159,3003.26821993974,3525.77349680889,3469.54812563538,2265.74617667116,1844.4799277032,1777.96086877636,1763.18441117201,2596.05606470662,2193.90586204149,2772.69708035335,2439.1457072303,1509.69580260395,3077.15255104455,1774.44987584885,4265.89203139273
7987.12737855107,26195.6679697331,24773.8039018254,27950.823999013,30943.0088673338,31306.4349938268,5154.62550542714,2163.91293572547,11250.2739054923,11684.0960755678,14824.7515561847,5458.76619713649,4408.73070250384,7064.86499050053,5814.57513925136,9808.49911000149,14729.6255635573,15082.2890729425,5876.64433680481,5554.9550874062,7001.79163823803,5457.52994811755,6161.52222507555,11628.3878961488,16007.1897296215,19326.4706911479,18734.7288575042,9575.62669858219,6357.29135475165,11020.8796744089,12601.8970891013,6603.61359646368,1e+09,2749.07477504705,7054.52171521217,3245.10277841858,7584.67131610197,4556.00779277209,4432.99593809875,4415.00861107881,3604.40999884863,5331.12219099319,6118.93458593079,5175.97486142466,5566.41738353315,6372.01607279831,5340.00002854869,4900.15949680212,8075.14623441582,6212.31337101566,6344.90000075651,4573.43734180321,6637.47589983572,3218.58475468645
7173.24734840504,25477.2380239323,24399.520410174,27374.0110078885,30283.1346509555,30798.1949396243,5464.10963471635,1435.15338755131,10902.9327490726,11141.7195828606,14409.3021125452,5681.38300111865,4701.31887457126,6370.7948199891,5395.13849683213,9238.9228057983,14039.7059420915,14203.9501634581,5592.83914716846,5551.70417885355,6559.51133682228,5194.76946527947,6257.49172709801,11030.6956575413,15318.699121554,18607.8591320872,18100.0709197782,8967.08738485357,5367.67464135076,10120.3082794449,12118.4926133121,6514.07345405316,2749.07477504705,1e+09,6096.86391329182,2641.30148951232,6907.71134222472,3924.77395372014,3871.81499018225,4285.17413444308,3483.92360860568,4319.92005566075,5475.77933694374,5092.39495833738,5586.55315804835,6529.67499687389,5651.84906128074,4722.73276556063,7275.43556840414,5440.69557384899,5971.23013252713,4660.76134299966,6266.17523123157,3881.18626153139
1464.49535690626,19574.3455827034,18439.4693534847,21382.8487109646,24297.2285860363,24784.8968245603,4443.94111743169,7181.06247538622,5325.46486138065,5275.7500872293,8495.92673707819,3216.00578761917,3690.14287994381,1094.13581241087,1986.03268074823,4163.86640346445,8263.57217970534,8502.29593271135,3108.74914959377,2651.27052208936,1504.78535004166,2368.21050787298,3247.20665512683,5281.86539250103,9491.18921268036,12646.917581996,12233.6080104113,3043.06318675771,1441.64500040752,4125.80377080636,6342.03592595469,2733.78209190126,7054.52171521217,6096.86391329182,1e+09,4341.89346834996,1434.92606997713,2805.96076825746,2914.92284721226,3189.38608774479,3703.64805682181,2415.58270218596,1167.28253944793,2602.39914027422,2624.79626986553,3000.02287624611,3260.31802707957,2713.55986388729,1494.40156979307,1269.0938394382,1762.09409300412,3166.68650860801,1699.18213293926,4736.0918999424
5480.37819916655,23726.7330131816,22477.6773140331,25501.9753578208,28458.978992803,28887.717696509,3936.40982875259,3436.34779655669,9084.01910858294,9286.22118915978,12479.0650617624,3950.80284596688,3227.90323332345,4539.88881353938,3466.28653444865,7562.92148163658,12353.6424635287,12607.118202821,4333.26774672417,3749.80698623276,4728.02937738335,3371.84542162004,4616.4204722707,9296.79438036574,13620.535646655,16809.634589214,16327.4758047807,7054.66243955726,3366.74911900189,8314.67544306451,10331.4359316893,4675.87533921725,3245.10277841858,2641.30148951232,4341.89346834996,1e+09,5179.09772394768,2374.36063834035,2396.01138697211,2663.93218265781,1626.70930208811,2452.93723511222,3538.09583909198,3253.85888581543,3684.57596195275,4474.09881948309,3633.01424340726,2909.06827523865,5514.77476690572,3680.07901817339,3892.75154420366,2555.02707095248,4399.89834434842,2678.87975228453
898.421382147598,18745.3089182601,17569.8128300218,20572.2158219405,23519.6838996063,23982.7441269843,4823.70165222726,7925.80529958313,4190.98941572274,4395.55797595709,7617.96014049037,2959.43328326557,3769.58325814671,934.359549263558,2393.98841624182,2996.44785671301,7289.87500545105,7674.08407805779,2602.85662809153,2656.77713777426,1017.72764451006,2556.49836935211,2616.41188003724,4278.72142278508,8577.71358453988,11840.4140270389,11371.0170455725,2521.38762499938,2541.51591769558,3612.50962134359,5287.8751929674,2014.40418627941,7584.67131610197,6907.71134222472,1434.92606997713,5179.09772394768,1e+09,3259.62365050016,3358.74746250742,3563.14987228997,4240.47810366944,3295.96505821891,1836.79918151114,2603.23148905356,2522.54188262554,2676.61220289754,3332.90677337366,2973.83798808879,1142.61415512849,1908.16317740386,1704.96840178931,3633.89155131245,1499.00747056177,5088.12190396417
3641.05753849071,21815.2438766955,20652.196933433,23672.0127134048,26625.4324935446,27077.7162801168,3871.24858628324,4925.38435145929,7104.45112265543,7427.79425234033,10641.1519150983,2340.15537214947,2083.73519618017,2682.18274287939,2315.78792595522,5472.18546718768,10359.5164139742,10610.8832100631,2198.94983701311,2225.83523732104,2899.30283611423,1894.37779231071,2800.3143343382,7288.45063496351,11631.2789271989,14944.6711667002,14378.9299374606,5421.57467088668,2430.1921758577,6632.68657050821,8323.92002869441,2649.08864370372,4556.00779277209,3924.77395372014,2805.96076825746,2374.36063834035,3259.62365050016,1e+09,997.8509537,1821.87154022999,1607.73640749969,1834.90712350789,2071.64358597226,1613.95354725593,2156.57503025051,3003.31956118559,2701.85145215276,1366.4181858055,3758.74136660133,2088.78585156545,2236.69517574479,2148.52471314621,2692.27648946017,2843.92317127239
3794.85776682078,22022.8367098859,20799.9521771638,23864.3850765445,26814.2812992722,27244.6640971751,3495.92351438071,4729.66217580072,7293.9156167041,7636.41691582512,10841.7982779334,2420.15354913691,2022.10027372532,2845.97189961531,1922.70686179667,5765.09999728539,10555.1296748264,10871.8327126571,2381.65268716914,2139.65512578546,2883.12593979174,1891.82364886371,2917.46905870482,7506.64247256388,11848.8205809397,15110.360494568,14603.3556028401,5500.21492349163,2722.92656437885,6840.89544483761,8498.27159745439,2917.68074350159,4432.99593809875,3871.81499018225,2914.92284721226,2396.01138697211,3358.74746250742,997.8509537,1e+09,1320.56428101778,1405.59326826789,1856.25596174127,2129.02484177616,1464.98636747923,2124.89837481702,3083.42964554082,2427.36942526267,1253.02796900149,3809.71903890563,2024.11791338845,2338.78471920782,1847.32875222576,2582.54457709833,2309.55958964042
3927.30984696904,22104.0107969572,20633.0692311202,23818.0334564149,26789.0619350212,27150.9071737944,2263.8836313954,4972.96142314617,7203.87580162929,7559.02185475079,10729.4348039354,1923.38567273961,1280.25480850493,3086.49160975694,1582.84245340463,6058.95091592596,10663.9629954956,11093.7980157429,2506.04356909452,1518.37471205233,2891.52102126199,1378.61345898696,2658.64907169036,7551.27633963955,11928.1681464507,15166.0151777486,14642.7056007795,5346.80963540876,3098.57234175676,6983.77874265072,8549.9640470823,3003.26821993974,4415.00861107881,4285.17413444308,3189.38608774479,2663.93218265781,3563.14987228997,1821.87154022999,1320.56428101778,1e+09,1318.35653792895,2677.54856572201,2174.66966314427,1468.13425980051,1740.9596535819,2719.63679499671,1745.1652977297,1115.63897063521,4100.92080580691,2396.99074274391,2566.53869787697,1204.98558327475,2398.94615879557,1761.0599649075
4606.56607637403,22849.0542459792,21455.5201824169,24589.6853435826,27566.4116643879,27943.1654010332,2853.30289541787,4176.49020362792,7962.27761285676,8309.35805867698,11485.9209267694,2520.8936597564,1751.79577365628,3620.53855477331,2419.53156466288,6598.01428335071,11398.6874539221,11778.0749506106,3137.65217216632,2391.86886335769,3653.35837539927,2081.44705188482,3210.15845217958,8299.92720091568,12673.1705490418,15931.0264738277,15407.1995492302,6113.05038089823,3157.77791727031,7611.81507034952,9314.6956578892,3525.77349680889,3604.40999884863,3483.92360860568,3703.64805682181,1626.70930208811,4240.47810366944,1607.73640749969,1405.59326826789,1318.35653792895,1e+09,2408.44043744079,2681.74597352173,1959.44967240805,2365.32297686806,3240.57576782275,2346.9991278865,1653.31938478323,4724.53237514571,2932.86314285205,2962.1288274145,1360.57403481031,3238.1350876855,1597.53388518053
3688.80991956756,21643.0928513972,20590.1012282019,23498.538376148,26427.60279031,26908.4602573317,4406.73148672574,5314.99610646142,7345.62842342982,7464.47573427632,10627.7050475773,3520.771148669,3434.78145032548,2756.25339036526,2336.4557425511,5722.65707726752,10331.4341729355,10538.2241644548,3477.36841948046,3113.64057341242,3095.11126103732,2734.41355721844,3820.34629823004,7399.5300215757,11596.5435327428,14739.2207082498,14329.9805859429,5276.50818249152,1685.95576694645,6277.30323504449,8374.93032027133,3469.54812563538,5331.12219099319,4319.92005566075,2415.58270218596,2452.93723511222,3295.96505821891,1834.90712350789,1856.25596174127,2677.54856572201,2408.44043744079,1e+09,2020.79031574283,2384.81587037658,2848.06560928642,3482.97888120212,3133.70228273204,2300.20288852962,3362.0022766649,1788.23641569005,2264.41427192552,2541.82057102778,2973.58367778679,3588.95505031757
2125.03803318905,20358.8899467432,19051.1830517582,22101.9130457004,25054.1312411147,25476.7581763732,3461.15115868984,6447.61396556121,5723.62867185669,5859.79552341206,9070.29473640741,2264.31592581512,2642.45676227635,1262.91212350662,1111.49474560162,4593.98646615333,8979.72827764293,9333.0730956154,2577.28391292073,1679.77617288733,1375.23911433612,1338.76228580731,2488.651878789,5904.31696423896,10221.3246069577,13423.7139682317,12962.3160227291,3580.13189504242,1446.87540455286,4998.78877300292,6940.29673057284,2265.74617667116,6118.93458593079,5475.77933694374,1167.28253944793,3538.09583909198,1836.79918151114,2071.64358597226,2129.02484177616,2174.66966314427,2681.74597352173,2020.79031574283,1e+09,1606.36546557749,1598.22675343645,2179.70960852587,2199.34979141564,1717.78917338537,2212.07730237892,1009.52043317607,1189.23504283216,2046.69146480362,1189.4775005018,3678.52725861859
3170.68333604919,21120.6393622873,19727.1399788616,22870.7707413174,25860.3783758746,26227.8355235997,3185.76342695122,5849.84622891064,6207.55919531179,6648.98465185475,9778.09600636545,1298.32810433265,1582.78994737141,2199.01739308719,1454.00602945793,4943.98430715552,9664.64756840621,10124.4717122969,1862.32580388073,1151.15928220208,1972.17767556577,1166.87207752178,1686.4948621327,6586.01018693412,10944.5263255291,14226.9739573987,13691.454893681,4607.26211204659,2677.81578438473,6110.00706478315,7516.67261110925,1844.4799277032,5175.97486142466,5092.39495833738,2602.39914027422,3253.85888581543,2603.23148905356,1613.95354725593,1464.98636747923,1468.13425980051,1959.44967240805,2384.81587037658,1606.36546557749,1e+09,776.195608980108,1758.48969075738,1408.04308563339,895.347523814078,3190.99512758951,1819.49866946915,1450.9545703088,1504.3125346483,1653.28955975655,2611.28787110881
