1e+09,3780.06957340735,4492.9411800846,3934.0424645395,3729.67722836709,4624.54022683337,3297.82714533373,4052.00474332151,3864.67061280777,4077.51259740543,4044.59013142247,4056.97559064631,3990.28454398931,3699.19156013851,4060.00245198202,3970.86362734859,4628.52645930646,3751.04816680618,3752.97161313538,3584.72324539845,3201.3407680689,4055.27656240607,3368.25735326148,3715.14698376794,3799.16848390539,4177.49603087783,3878.75838100287,4201.62972967633,4165.99894617125,3676.46104000845,4376.92671705844,4634.07970835634,3912.05592434464,4038.37855933542,4639.49601907362,4327.14452150607,4422.24008167806,4117.77626181899,4105.02138716719,4117.52326281225,4101.41857604171,3690.91829068323,3406.35510036755,3755.18126201652,3820.33049502265,4060.25158506219,3422.36182346344,3812.08996505854,3666.14077063334,3839.32285209254,4025.53918320267,4077.49722264774,3938.51094783295,4335.38406878791
3780.06957340735,1e+09,1205.34291299198,975.862950008863,905.429896126697,1914.98582125299,2095.76649665462,1426.10519566405,1246.11854801219,1252.270506001,1364.60295111802,2690.19271962066,1895.46604000177,1727.43964155047,2313.75456816405,1326.15381769989,2306.36684061751,1565.08742698291,1973.40757391878,1655.7858881812,2235.15296270747,2187.87040804523,1798.39254697077,1449.96454708382,1246.52639141737,2234.33070305181,1498.64713124871,2661.54922391077,1603.91887054801,863.752358086506,1622.93695382784,2189.60560814043,2489.4502801221,2069.33695460647,2650.87244959089,1261.98408230849,2908.94007641959,2181.9860808447,1901.13078353384,2545.97394845273,2084.39795051233,1800.77745601726,1944.57716329283,1600.16175676086,1967.18343115227,1614.15365154622,2001.39070800781,1179.55285566184,1577.80222756212,2708.36995131758,2221.64651182406,1728.45386640778,1745.6589748287,2440.10584563457
4492.9411800846,1205.34291299198,1e+09,934.4012145219,1639.91536528566,2422.01544637932,2876.63292103807,1160.91956422484,1520.45698742187,1472.42985751444,1755.40678120486,3228.80143700414,2367.92104207467,2425.8991909187,2350.19614279319,1088.40451418579,2158.41710941143,1906.47042305933,2733.99377495634,2402.23252687994,2969.33272588304,2347.25783251436,2290.91551483244,1701.23838814553,1590.69258664269,2479.22183761357,2009.5143992766,2906.42632949814,1794.97075875904,1504.98440370656,1733.89409353628,2328.4645472285,2922.16828531486,2492.80868608082,2750.95728972661,1377.76492519588,3135.04852774243,2567.06499600224,2354.25560379497,2984.10239286456,2218.00845174224,2361.97234086261,2510.6296500878,2088.18061927124,2355.75926289169,1999.44112704025,2661.47485082989,1641.05113814287,2255.09423066975,3058.57955523475,2643.87117772406,2267.0332933153,2417.45372942276,2786.24722592953
3934.0424645395,975.862950008863,934.4012145219,1e+09,1205.13624955853,2556.27785923205,2719.54527277999,920.487284051225,1496.8453402072,1513.92485262644,1734.23347436266,3186.36948656304,2361.11822249543,2486.22880729027,2409.76997829668,990.530486961406,2036.55552423694,1883.43446769459,2617.73360138116,2296.3928337939,2817.4053506551,2422.707334533,2044.79952474564,1407.33263203835,1521.09240314321,2191.298651485,1859.16945074945,3151.78476988833,2127.17395628566,1313.01975038459,1948.15656318993,2567.14480269423,2862.82651657414,2583.46858504221,3071.20773104002,1749.93581819448,3153.7279226972,2518.7837084196,2376.09647453549,3046.63570231165,2470.10435704648,2390.0842913797,2484.19174106992,2186.35088222362,2428.27190207357,2129.91652573522,2455.89154929529,1630.67691407587,2219.26841299109,3162.67022985325,2725.20806422189,2274.19447736995,2391.60877469539,2845.6045902936
3729.67722836709,905.429896126697,1639.91536528566,1205.13624955853,1e+09,2142.88915121618,2087.93609574144,1715.63749314941,1451.84484815011,1415.34417227754,1613.40758092926,3055.09217797107,2002.27443483654,2131.42181977196,2430.33419086759,1715.5899595183,2480.28469307457,2014.52658684367,2160.06630625081,2034.50898928955,2322.64047740928,2696.46125227121,2090.44582345489,1661.11453283631,1670.84082548279,2132.36953415678,1604.28912157379,2827.06193740074,1877.86029035709,959.930494098401,1792.64292331184,2630.90709604121,2727.85361967977,2491.43060463261,2822.75343113776,1866.57829270567,3260.75330443749,2646.43268676912,2407.44001991742,2734.01653469762,2397.18861237492,1928.36284093528,2387.75604809202,1989.02357768831,2150.36138134966,2110.32580849498,2057.6555532693,1665.80228091452,1819.3106850398,3138.24928209982,2613.83766070122,2183.65122203616,2157.65094591317,2509.0270077263
4624.54022683337,1914.98582125299,2422.01544637932,2556.27785923205,2142.88915121618,1e+09,2029.99169631307,2315.1890603793,1505.49672663211,1631.15227952512,1618.71982257585,2489.29899194532,1757.86074539481,1225.0760600877,2692.17945120677,2692.55996182072,2975.2498838753,2193.27541455696,1739.09055618159,1918.95614037945,1851.55688756787,2607.75793343631,2240.20916452014,2549.01688362396,2067.09415109714,2689.45737642373,1223.60118829625,1913.88918083049,1575.57688124065,2205.01939163809,1826.95963816938,2050.42127954233,2143.75139743395,1730.03653247554,1642.43413670077,1810.01171432673,2695.95640654666,2231.9033391256,1483.7613999899,1950.82044791416,1724.17663042393,1434.35955844412,2102.43648379684,1614.16127496604,1532.55556662719,1254.7383065006,1663.92124522166,1633.43111813752,1380.0289942244,2386.61017579327,1672.66983571176,1603.06273560956,1605.77418300333,1777.45343739295
3297.82714533373,2095.76649665462,2876.63292103807,2719.54527277999,2087.93609574144,2029.99169631307,1e+09,2688.92862315086,1672.88540133507,1661.64043694778,1534.45612654777,1873.76524596866,1338.61039212312,1406.46630684848,2562.71330253698,2814.11018965143,3161.9293522152,2163.4760216374,962.071913788153,1075.88719427271,832.157668954628,2271.28586608996,1758.08516696433,2261.71976953379,2330.93726753853,2813.98304303704,1594.17745840919,1617.27638250238,1560.8283209245,1826.80501061279,1942.22477962773,1963.12497154409,1552.50537786508,1441.23589810967,1935.03080655064,2023.70823270055,2391.70650847883,2162.70019098811,2032.58961642531,1578.04442190326,1680.64464959134,879.818564591587,1314.79578554998,1140.50767226705,1150.51397822886,1631.5160367278,1239.9428667483,1527.95295719469,960.334753406332,1918.73814359855,1554.59036675261,1668.34490283035,1477.70727469956,1608.28275959173
4052.00474332151,1426.10519566405,1160.91956422484,920.487284051225,1715.63749314941,2315.1890603793,2688.92862315086,1e+09,1192.5574499369,1351.0390253801,1539.70009771384,2896.46850968554,2128.5643623109,2313.53425258845,2121.93293701757,1093.21124340175,1766.53735544992,1778.43790630992,2504.96154774879,2249.28009158486,2587.53873350719,2101.18520461667,1754.27592353655,1401.54293523245,1448.76932201093,2107.63866730045,1550.76749769267,2815.30666233716,2017.11758477289,1736.20859322836,1815.19307612166,2292.52898452779,2435.42495599844,2237.87093412466,2614.60944760398,1696.69214782765,2654.07187704101,2137.30038607118,1959.89896566124,2669.1288529968,2054.84956432338,2214.50309139545,2269.21067790102,2002.73366594263,2071.53571060216,1778.24405549407,2174.23392122375,1455.33339953428,2076.79187556192,2727.89177305479,2316.94666986532,2008.79453867239,2207.5517853722,2440.36629738242
3864.67061280777,1246.11854801219,1520.45698742187,1496.8453402072,1451.84484815011,1505.49672663211,1672.88540133507,1192.5574499369,1e+09,463.575485438996,720.177779232323,2233.1719975855,1336.76338598123,1459.08798415311,1979.4002067293,1692.92203166596,2066.24030659553,1406.91543605151,1527.27270207386,1468.99331332719,1652.09069859981,1933.55940904333,1348.19109353979,1468.58756439649,1398.74753011399,1939.53378658378,755.494312950138,1818.20001781982,1110.18107748241,1273.02219886379,1095.82746415665,1542.0505864919,1678.25466270766,1417.07861927276,1667.46117061238,1232.43553693489,2212.77434979259,1817.14726362505,1407.9770487476,1878.09150083269,1304.69143271503,1131.39194711647,1603.73928744669,1087.63402341964,1046.18103658019,989.148555728613,1246.52760779696,770.41684522082,993.788901125385,2114.17485598992,1575.99386857944,1366.26881220351,1522.43141773283,1603.99973354113
4077.51259740543,1252.270506001,1472.42985751444,1513.92485262644,1415.34417227754,1631.15227952512,1661.64043694778,1351.0390253801,463.575485438996,1e+09,515.684358498491,2219.47933441607,1237.0766282652,1648.00961532389,2035.10331936735,1717.05961189471,2054.59045356976,1548.83558355947,1506.49743398388,1395.66946276688,1820.31540951012,1878.14762124813,1486.29032897345,1430.77660303767,1550.44052859179,2065.54413421742,965.215122654013,1897.53063514137,1019.26737537312,1147.29618987426,944.578339419235,1357.37499453909,1718.97348914985,1415.38764206135,1735.13305086382,1071.10424544019,2214.04211554342,1839.1554605851,1614.96809296655,1895.95575866105,1360.83696734767,1198.89886032976,1655.10767450338,1070.52701227012,1141.16669798939,1109.7049272667,1490.31475625118,737.836937337783,1078.19555772596,2225.52421087707,1642.72322431382,1360.47822794045,1506.57027894486,1570.19201281245
4044.59013142247,1364.60295111802,1755.40678120486,1734.23347436266,1613.40758092926,1618.71982257585,1534.45612654777,1539.70009771384,720.177779232323,515.684358498491,1e+09,1750.97161316225,902.636667768377,1523.0775979575,1869.31349342479,1770.6066017611,1890.67169595887,1369.13030493814,1146.50323427368,1068.76636656474,1634.24286135813,1584.35735426071,1159.51534073509,1258.06229933179,1430.36612309576,2005.06838107831,1097.69157407716,1976.45562487499,1222.34531360823,1205.40857243509,852.926403097008,1147.54261175784,1341.54434171965,1094.60554973013,1768.02051068419,994.094077238166,1800.32925999663,1392.69805112235,1311.89938764373,1576.38892225237,1393.85688967699,1236.05727128641,1391.06840471632,931.111013467245,1044.73649309288,1032.71381011392,1326.57020760305,663.531901493817,909.913520011655,1952.26803851315,1445.64219200326,915.568069178911,1105.11651557653,1300.54268230612
4056.97559064631,2690.19271962066,3228.80143700414,3186.36948656304,3055.09217797107,2489.29899194532,1873.76524596866,2896.46850968554,2233.1719975855,2219.47933441607,1750.97161316225,1e+09,1418.648795897,1888.43387019509,2224.51014652665,2864.70929130689,2611.38611909461,1944.36920537227,1231.03854850285,1318.14338871004,1656.6419625254,1531.19822985138,1401.76455458825,2140.50486509608,2243.65343705306,2856.08835253744,2364.756034922,2444.11046869817,2370.04674249265,2482.85374732383,2039.8015727026,1673.46015671124,882.503431324774,1126.3310984786,2309.74060970058,2045.85438516528,950.850297102546,992.979418971008,1496.92163355334,1219.92436146673,2073.1778814178,2054.959078522,1282.3847219536,1618.26319574413,1680.25484879527,1855.03774659709,1777.76068906926,1878.37265780782,1651.23066414114,1270.63921224713,1561.61972771863,1121.66904414805,1174.56910188375,1521.4293699676
3990.28454398931,1895.46604000177,2367.92104207467,2361.11822249543,2002.27443483654,1757.86074539481,1338.61039212312,2128.5643623109,1336.76338598123,1237.0766282652,902.636667768377,1418.648795897,1e+09,1461.91430398639,1584.32558456272,2136.8483751076,2220.73060619698,1739.91740324074,1059.58118226024,1104.25180882804,1300.51030295804,1484.03547343047,1269.25971865493,1542.7810077908,1670.31650428893,2368.89647295951,1482.66927087601,1850.21976124459,1439.53022048862,1675.86312009663,1192.81265331149,1559.07870115655,1074.3130853713,1045.11896475951,1636.41422916082,1386.85001214984,1585.11173461053,1294.81131196789,1484.22245943794,840.462212951897,1331.32681017848,1249.27127226235,1238.11665185474,1019.80766333657,922.258985968692,1359.341114511,1357.63896633089,1225.86195360652,1086.63506629411,1582.50826904633,1288.49853538916,923.380917877341,883.277956704457,690.538564093274
3699.19156013851,1727.43964155047,2425.8991909187,2486.22880729027,2131.42181977196,1225.0760600877,1406.46630684848,2313.53425258845,1459.08798415311,1648.00961532389,1523.0775979575,1888.43387019509,1461.91430398639,1e+09,2305.65701879096,2416.76886085534,2955.84593960849,1729.79441897007,1284.82512304204,1244.94362028969,1102.22288821272,2018.52152408638,1680.8688324792,2207.47986369072,1724.48414579549,2729.42237826981,1382.56148637231,1568.15635326966,1336.09170796768,1907.43728098724,1799.53505736899,1903.55604750688,1702.33149286501,1218.29417691295,1655.00618742046,1541.49657339872,2314.37568462858,1805.69781048768,1211.03226682859,1505.00645739478,1345.69432208804,1004.17598452662,1172.36115459358,973.666268903262,1118.88084441553,986.434367000663,1303.33840175911,1294.03907680564,895.926362878111,1557.75446351471,1187.47083345234,1238.68027646362,1093.4489085458,1687.27887312679
4060.00245198202,2313.75456816405,2350.19614279319,2409.76997829668,2430.33419086759,2692.17945120677,2562.71330253698,2121.93293701757,1979.4002067293,2035.10331936735,1869.31349342479,2224.51014652665,1584.32558456272,2305.65701879096,1e+09,1721.0390799456,1655.190786405,1657.26444709346,2292.71822431366,2283.84107170355,2280.9062413874,1830.91122321646,1534.67303889135,1367.48755098538,1350.0642390642,2109.64019180997,2444.13119011644,2778.54724271516,2308.60896896811,2060.3117124843,1574.11861662328,2535.3576563278,2024.85798240272,2174.19445436695,2451.61450287357,1937.85625842063,2015.23911874001,1786.39345584896,2028.34175991128,1838.30710478418,2164.27923207704,2402.91035421632,2116.0575483904,2103.04334907771,1978.36660624365,2325.75812738556,2149.83992799464,2134.34489480965,2166.66672624102,2157.55194243383,2412.4531247674,1882.79826667649,1997.59660945347,1829.08948873476
3970.86362734859,1326.15381769989,1088.40451418579,990.530486961406,1715.5899595183,2692.55996182072,2814.11018965143,1093.21124340175,1692.92203166596,1717.05961189471,1770.6066017611,2864.70929130689,2136.8483751076,2416.76886085534,1721.0390799456,1e+09,1679.60567083468,1667.09798131364,2625.92112135913,2250.67676513088,2770.52843932344,1878.68146086557,1802.94156921404,1033.48610082574,1107.47588962469,2276.47563259526,2162.08970156189,3137.6187134354,2167.10655605579,1522.2504948595,1824.87750479313,2536.25385405326,2660.23208600302,2420.63655055855,2979.43203040445,1532.69041877347,2748.7018098004,2106.89782462273,2199.65569908111,2714.79536263785,2312.10463658114,2498.98349932528,2247.83456041587,2115.41921372573,2357.79110346952,2144.09486767727,2530.9161638229,1700.55797575384,2294.75824022924,2756.3525622097,2582.62375686045,2055.16853666555,2178.58448149251,2632.09807087426
4628.52645930646,2306.36684061751,2158.41710941143,2036.55552423694,2480.28469307457,2975.2498838753,3161.9293522152,1766.53735544992,2066.24030659553,2054.59045356976,1890.67169595887,2611.38611909461,2220.73060619698,2955.84593960849,1655.190786405,1679.60567083468,1e+09,1637.30368917926,2606.61951394905,2624.71965322013,3020.33650145145,2269.58609708907,1703.62405538898,1211.34442009694,1557.4765896796,1490.57259974146,2591.89077919962,3550.79879424335,2841.89621886514,2096.96595356243,1703.89467532474,2484.95716379579,2411.27865222997,2577.24818447894,3125.59713349306,2159.222618745,2216.88487217988,1950.18190415664,2158.1328992905,2727.12548803681,2861.29471288786,2981.41042806924,2741.18346461889,2616.95994854717,2595.70014606849,2596.65885150514,2494.89439828623,2267.92320271212,2536.00898772067,2996.58390142842,2963.45907769957,2123.49871871871,2440.99674590115,2481.24179087811
3751.04816680618,1565.08742698291,1906.47042305933,1883.43446769459,2014.52658684367,2193.27541455696,2163.4760216374,1778.43790630992,1406.91543605151,1548.83558355947,1369.13030493814,1944.36920537227,1739.91740324074,1729.79441897007,1657.26444709346,1667.09798131364,1637.30368917926,1e+09,1647.68084242671,1677.84985454599,1991.49460576724,1933.98923427717,1014.77305467774,1222.06114360125,868.10592291494,1513.9217202022,1965.11697766316,2589.42611618868,1960.60911305645,1351.06970012653,1210.83070691158,1858.65974903961,1836.56581937594,1742.68009100925,2404.90758760082,1453.41095657766,2034.86155221922,1591.82892281174,1269.90902359185,2134.36179479956,2125.64987229788,1993.02594358428,1746.42163869439,1627.46715840904,1755.55452290722,1704.75702911001,1554.68136413865,1492.88150166046,1428.64037630189,2143.67970287074,2179.19669791416,1407.4736203567,1655.70887444019,2109.56987691804
3752.97161313538,1973.40757391878,2733.99377495634,2617.73360138116,2160.06630625081,1739.09055618159,962.071913788153,2504.96154774879,1527.27270207386,1506.49743398388,1146.50323427368,1231.03854850285,1059.58118226024,1284.82512304204,2292.71822431366,2625.92112135913,2606.61951394905,1647.68084242671,1e+09,808.844805571501,1034.81516972839,1978.65586618795,1308.39472453843,1933.14865175961,1939.68586943866,2350.13981494719,1570.80756593543,1930.94717817448,1693.8170213751,1716.862943598,1518.56255877063,1486.22331861669,1084.71361344827,1036.57126860626,1911.0926200475,1710.46394425606,1796.33052058913,1525.45528731589,1369.84331888724,1329.3673281678,1771.21816530319,1202.05826169117,1234.28938454481,1083.89289710746,1130.6525611345,1385.92655577415,996.920604912949,1337.5883071035,686.029002521031,1744.25576593572,1440.65056432849,1004.89519309229,967.829582106272,1325.15405666662
3584.72324539845,1655.7858881812,2402.23252687994,2296.3928337939,2034.50898928955,1918.95614037945,1075.88719427271,2249.28009158486,1468.99331332719,1395.66946276688,1068.76636656474,1318.14338871004,1104.25180882804,1244.94362028969,2283.84107170355,2250.67676513088,2624.71965322013,1677.84985454599,808.844805571501,1e+09,1278.12246228599,1461.70995601043,1288.68902978958,1724.31073722227,1828.37260305442,2677.69638534693,1532.18264436718,1972.877784456,1476.09930404428,1555.90885979867,1646.08230571864,1380.73115764801,1284.94049640441,872.020384738798,2079.50152159117,1326.51060640313,1847.05639521375,1357.43310756,1457.08853190189,1464.04012216196,1533.77026330543,1192.55517147007,729.101980726976,736.150649867267,1207.63709437066,1154.74809309217,1444.03409461134,914.221733935483,890.428749423557,1566.35224809109,1188.99857888897,887.593485217191,735.736496240332,1580.52327803168
3201.3407680689,2235.15296270747,2969.33272588304,2817.4053506551,2322.64047740928,1851.55688756787,832.157668954628,2587.53873350719,1652.09069859981,1820.31540951012,1634.24286135813,1656.6419625254,1300.51030295804,1102.22288821272,2280.9062413874,2770.52843932344,3020.33650145145,1991.49460576724,1034.81516972839,1278.12246228599,1e+09,2158.05094446355,1494.69626703889,2245.84961551302,2115.8295653951,2664.57198163232,1531.70004834498,1555.39066205246,1754.87914222034,2107.75622717619,1991.96740806671,2102.1748064564,1261.64642301241,1314.59931621768,1742.7859486179,2118.8766108719,2095.10780775119,1885.48126856249,1620.8025332532,1228.83034536912,1559.28031110509,999.546714165976,1191.01113726951,1218.37665772946,974.715419955999,1507.25541043978,845.493044442117,1614.24128382346,970.202795295911,1490.90025383994,1327.00541807485,1504.02653334308,1349.57582295327,1395.57630748018
4055.27656240607,2187.87040804523,2347.25783251436,2422.707334533,2696.46125227121,2607.75793343631,2271.28586608996,2101.18520461667,1933.55940904333,1878.14762124813,1584.35735426071,1531.19822985138,1484.03547343047,2018.52152408638,1830.91122321646,1878.68146086557,2269.58609708907,1933.98923427717,1978.65586618795,1461.70995601043,2158.05094446355,1e+09,1470.02576031851,1607.43570577488,1849.19953085112,3029.08622766008,2189.88143770388,2495.67582977037,1996.23844875806,2204.17998169387,1952.54829545904,1709.3895207939,1562.55689016432,1307.70900933656,2382.23105411713,1410.87625148345,1427.08173024533,987.291954388366,1724.88589115338,1624.28575429325,1625.09666669402,2103.9319230669,1165.28767418179,1458.42468149713,1757.46272791203,1632.96119059823,2280.45345510493,1438.75216722686,1944.19402249364,1368.77344984479,1478.93044802655,1259.52695425703,1320.90182875186,1825.67426735987
3368.25735326148,1798.39254697077,2290.91551483244,2044.79952474564,2090.44582345489,2240.20916452014,1758.08516696433,1754.27592353655,1348.19109353979,1486.29032897345,1159.51534073509,1401.76455458825,1269.25971865493,1680.8688324792,1534.67303889135,1802.94156921404,1703.62405538898,1014.77305467774,1308.39472453843,1288.68902978958,1494.69626703889,1470.02576031851,1e+09,1058.54620003097,1223.98671197852,1799.9006014222,1692.36118857648,2412.31784889554,2004.06841991485,1602.17181229105,1459.64955790765,1784.42301391795,1147.27159461045,1349.95513840275,2277.74606389738,1643.22399191346,1446.71811186561,1052.24490590356,1185.91386276576,1603.38720239373,1857.42866067583,1755.58380617389,1269.75994841545,1399.22878529567,1408.35288361973,1551.48444362166,1187.34223739409,1295.33051245618,1284.03048853989,1664.13772891549,1713.12005752662,1086.35178478244,1277.07374516901,1616.20886982469
3715.14698376794,1449.96454708382,1701.23838814553,1407.33263203835,1661.11453283631,2549.01688362396,2261.71976953379,1401.54293523245,1468.58756439649,1430.77660303767,1258.06229933179,2140.50486509608,1542.7810077908,2207.47986369072,1367.48755098538,1033.48610082574,1211.34442009694,1222.06114360125,1933.14865175961,1724.31073722227,2245.84961551302,1607.43570577488,1058.54620003097,1e+09,990.148366710767,1723.03518954199,1964.71900728832,2919.05678213015,2102.14465451358,1201.40164661948,1362.12064344536,2104.81785862815,1962.27580390729,1965.02756665142,2733.86350676108,1487.87522339745,2078.34344808552,1546.72403989852,1831.28702739358,2181.54275213666,2200.45271480666,2187.82565491403,1857.643015275,1793.25342776753,1949.10717175839,1973.41221329959,1940.65443392171,1464.24919037027,1815.68780639734,2391.90265086186,2295.20310963976,1546.73691127483,1710.77388388998,2064.15402378311
3799.16848390539,1246.52639141737,1590.69258664269,1521.09240314321,1670.84082548279,2067.09415109714,2330.93726753853,1448.76932201093,1398.74753011399,1550.44052859179,1430.36612309576,2243.65343705306,1670.31650428893,1724.48414579549,1350.0642390642,1107.47588962469,1557.4765896796,868.10592291494,1939.68586943866,1828.37260305442,2115.8295653951,1849.19953085112,1223.98671197852,990.148366710767,1e+09,1680.1691578231,1852.46206247254,2740.2540421647,1957.63314806426,1322.40632152149,1341.4843123943,2230.20786307017,2108.09836001549,1946.45487633287,2518.02051165196,1371.05414696138,2289.34810400253,1625.0392057732,1413.89553213807,2140.02698616162,2090.68101435872,2068.58715707122,1856.61912952011,1735.0812017021,1873.91770787834,1751.04835589997,1792.81669503605,1500.04575963535,1660.12194232833,2279.4842717378,2203.91371891007,1456.98728230551,1608.94500008546,2114.76280334226
4177.49603087783,2234.33070305181,2479.22183761357,2191.298651485,2132.36953415678,2689.45737642373,2813.98304303704,2107.63866730045,1939.53378658378,2065.54413421742,2005.06838107831,2856.08835253744,2368.89647295951,2729.42237826981,2109.64019180997,2276.47563259526,1490.57259974146,1513.9217202022,2350.13981494719,2677.69638534693,2664.57198163232,3029.08622766008,1799.9006014222,1723.03518954199,1680.1691578231,1e+09,2386.34465096725,3366.92574615182,2821.14868787521,1895.44844385174,1729.82738644641,2757.97794200751,2531.79949403581,2758.29669504569,3041.47945907909,2532.76647549671,2765.96597260342,2514.22537625409,2195.42517287654,2874.56385422206,3030.6353254887,2725.42497066054,2905.15042051182,2661.84081424867,2501.84575527749,2664.12506883592,1942.10005445137,2416.53056171446,2226.10556966645,3259.35784617154,3141.2502033267,2367.56533757783,2618.98956435493,2582.26796589742
3878.75838100287,1498.64713124871,2009.5143992766,1859.16945074945,1604.28912157379,1223.60118829625,1594.17745840919,1550.76749769267,755.494312950138,965.215122654013,1097.69157407716,2364.756034922,1482.66927087601,1382.56148637231,2444.13119011644,2162.08970156189,2591.89077919962,1965.11697766316,1570.80756593543,1532.18264436718,1531.70004834498,2189.88143770388,1692.36118857648,1964.71900728832,1852.46206247254,2386.34465096725,1e+09,1784.65733598918,1331.48407549621,1739.1510562628,1681.37011086197,1834.64732583677,1783.6471667345,1500.37948203113,1720.37516408486,1653.62752964505,2440.3123615226,2002.05520278538,1534.2181027807,1900.8175949838,1370.07303648382,1024.8402131552,1694.97409207339,1239.47626084568,1141.31247912217,969.006296677168,1261.26211879213,991.126037141594,1103.93079334712,2202.35224462392,1415.13015362545,1500.50174151848,1532.67029200673,1645.47936921129
4201.62972967633,2661.54922391077,2906.42632949814,3151.78476988833,2827.06193740074,1913.88918083049,1617.27638250238,2815.30666233716,1818.20001781982,1897.53063514137,1976.45562487499,2444.11046869817,1850.21976124459,1568.15635326966,2778.54724271516,3137.6187134354,3550.79879424335,2589.42611618868,1930.94717817448,1972.877784456,1555.39066205246,2495.67582977037,2412.31784889554,2919.05678213015,2740.2540421647,3366.92574615182,1784.65733598918,1e+09,1248.61787389097,2594.60287612575,2153.32069827046,1941.29830039075,1903.47342311365,1562.16505510781,808.162786757717,2134.98076368383,2579.49977706919,2573.78787744833,2186.26953827747,1709.46218282242,1020.4405529966,1031.7736515341,1772.39130783809,1369.16362217961,1070.16741704277,1517.22467983486,1835.06599216486,1861.83064825993,1532.37837912181,1782.17180914187,1404.1860591104,2111.6043869532,2057.99974521378,1693.96885030392
4165.99894617125,1603.91887054801,1794.97075875904,2127.17395628566,1877.86029035709,1575.57688124065,1560.8283209245,2017.11758477289,1110.18107748241,1019.26737537312,1222.34531360823,2370.04674249265,1439.53022048862,1336.09170796768,2308.60896896811,2167.10655605579,2841.89621886514,1960.60911305645,1693.8170213751,1476.09930404428,1754.87914222034,1996.23844875806,2004.06841991485,2102.14465451358,1957.63314806426,2821.14868787521,1331.48407549621,1248.61787389097,1e+09,1598.84727244349,1390.74768121324,1503.07234792607,1965.01437300087,1388.17605799841,1328.88221588672,1095.13784698548,2521.25129439729,2185.31833280646,1873.69295894498,1817.41815994559,906.087312017998,875.264850773753,1529.00061141257,839.914090071121,1046.13672896998,1057.53532352352,1803.45721180182,1055.9094289758,1161.74170984776,2001.34110143673,1435.29271648678,1615.23922636865,1595.21392587327,1693.35654054307
3676.46104000845,863.752358086506,1504.98440370656,1313.01975038459,959.930494098401,2205.01939163809,1826.80501061279,1736.20859322836,1273.02219886379,1147.29618987426,1205.40857243509,2482.85374732383,1675.86312009663,1907.43728098724,2060.3117124843,1522.2504948595,2096.96595356243,1351.06970012653,1716.862943598,1555.90885979867,2107.75622717619,2204.17998169387,1602.17181229105,1201.40164661948,1322.40632152149,1895.44844385174,1739.1510562628,2594.60287612575,1598.84727244349,1e+09,1237.33702110621,2034.77314069653,2280.74299615279,2029.16882033014,2582.13272038832,1337.67676151603,2720.30842289987,2178.85157445385,2043.85919187208,2405.17339219026,2152.72869772296,1754.64932667471,1926.37459236256,1561.85664902385,1847.69836897152,1844.35583413288,1837.42102638454,1317.85298079869,1439.6632333987,2683.11891512471,2351.49442427576,1746.57762123531,1794.674136466,2249.82750641021
4376.92671705844,1622.93695382784,1733.89409353628,1948.15656318993,1792.64292331184,1826.95963816938,1942.22477962773,1815.19307612166,1095.82746415665,944.578339419235,852.926403097008,2039.8015727026,1192.81265331149,1799.53505736899,1574.11861662328,1824.87750479313,1703.89467532474,1210.83070691158,1518.56255877063,1646.08230571864,1991.96740806671,1952.54829545904,1459.64955790765,1362.12064344536,1341.4843123943,1729.82738644641,1681.37011086197,2153.32069827046,1390.74768121324,1237.33702110621,1e+09,1444.16979815394,1718.19696894739,1568.5562781743,1798.25308060351,1119.23224734637,2019.02301841757,1752.57858890835,1570.98735252707,1788.67161074916,1717.74434349236,1634.27892209378,1870.95076538641,1390.10545689886,1372.14111952816,1554.80535125784,1616.41032748495,1336.79593985021,1275.72932434745,2241.27806313719,1989.83789128662,1347.26470650723,1569.63930420336,1488.97083510726
4634.07970835634,2189.60560814043,2328.4645472285,2567.14480269423,2630.90709604121,2050.42127954233,1963.12497154409,2292.52898452779,1542.0505864919,1357.37499453909,1147.54261175784,1673.46015671124,1559.07870115655,1903.55604750688,2535.3576563278,2536.25385405326,2484.95716379579,1858.65974903961,1486.22331861669,1380.73115764801,2102.1748064564,1709.3895207939,1784.42301391795,2104.81785862815,2230.20786307017,2757.97794200751,1834.64732583677,1941.29830039075,1503.07234792607,2034.77314069653,1444.16979815394,1e+09,1437.59971675011,992.081071535991,1741.7842068982,1301.98242668632,1673.12679609168,1618.61779799927,1588.87446618668,1824.98018422119,1544.82546111203,1651.47269141818,1575.48799639985,1204.4186152663,1409.58138573124,1233.33738952486,1930.51769789868,1234.03851426931,1401.121309773,1877.62683523644,1478.20164433003,1273.1505233475,1512.55004558527,1671.04245568448
3912.05592434464,2489.4502801221,2922.16828531486,2862.82651657414,2727.85361967977,2143.75139743395,1552.50537786508,2435.42495599844,1678.25466270766,1718.97348914985,1341.54434171965,882.503431324774,1074.3130853713,1702.33149286501,2024.85798240272,2660.23208600302,2411.27865222997,1836.56581937594,1084.71361344827,1284.94049640441,1261.64642301241,1562.55689016432,1147.27159461045,1962.27580390729,2108.09836001549,2531.79949403581,1783.6471667345,1903.47342311365,1965.01437300087,2280.74299615279,1718.19696894739,1437.59971675011,1e+09,841.259002983029,1720.88043634647,1918.79920716056,913.735807222197,1119.83010086352,1328.67903238517,938.091943255031,1559.39924769124,1557.61204203743,1197.87742227659,1300.23487747407,1061.35621607451,1468.394049089,1241.73664643515,1532.52243379991,1281.41528775803,1184.59515168685,1199.46269791936,1080.97490142001,1210.03924779323,976.59586733715
4038.37855933542,2069.33695460647,2492.80868608082,2583.46858504221,2491.43060463261,1730.03653247554,1441.23589810967,2237.87093412466,1417.07861927276,1415.38764206135,1094.60554973013,1126.3310984786,1045.11896475951,1218.29417691295,2174.19445436695,2420.63655055855,2577.24818447894,1742.68009100925,1036.57126860626,872.020384738798,1314.59931621768,1307.70900933656,1349.95513840275,1965.02756665142,1946.45487633287,2758.29669504569,1500.37948203113,1562.16505510781,1388.17605799841,2029.16882033014,1568.5562781743,992.081071535991,841.259002983029,1e+09,1473.5728038682,1334.12414913306,1351.62447983898,1130.34981324367,1119.32042874237,1051.38553238096,1069.93337119654,1173.62668809123,785.420210651598,688.674041982127,842.291344547716,820.255177063821,1414.77449602401,1015.6798099795,978.660849528579,1052.15959155444,650.423334759755,744.015228338775,817.458728071332,1162.75444381004
4639.49601907362,2650.87244959089,2750.95728972661,3071.20773104002,2822.75343113776,1642.43413670077,1935.03080655064,2614.60944760398,1667.46117061238,1735.13305086382,1768.02051068419,2309.74060970058,1636.41422916082,1655.00618742046,2451.61450287357,2979.43203040445,3125.59713349306,2404.90758760082,1911.0926200475,2079.50152159117,1742.7859486179,2382.23105411713,2277.74606389738,2733.86350676108,2518.02051165196,3041.47945907909,1720.37516408486,808.162786757717,1328.88221588672,2582.13272038832,1798.25308060351,1741.7842068982,1720.88043634647,1473.5728038682,1e+09,1975.46379136647,2253.24174060397,2312.86269259548,1897.67214115084,1488.47679001051,1022.78135439594,1284.4512346913,1933.51543381479,1466.9763848815,1008.20069847228,1443.26251174206,1777.97518545676,1843.27785450268,1552.03218539436,1796.70230199663,1423.40586738288,1890.63495178207,1947.41077782783,1303.64535572371
4327.14452150607,1261.98408230849,1377.76492519588,1749.93581819448,1866.57829270567,1810.01171432673,2023.70823270055,1696.69214782765,1232.43553693489,1071.10424544019,994.094077238166,2045.85438516528,1386.85001214984,1541.49657339872,1937.85625842063,1532.69041877347,2159.222618745,1453.41095657766,1710.46394425606,1326.51060640313,2118.8766108719,1410.87625148345,1643.22399191346,1487.87522339745,1371.05414696138,2532.76647549671,1653.62752964505,2134.98076368383,1095.13784698548,1337.67676151603,1119.23224734637,1301.98242668632,1918.79920716056,1334.12414913306,1975.46379136647,1e+09,2142.62155855858,1580.32988796643,1520.67547612895,1891.35267256004,1415.23128883586,1594.29718750928,1456.8777884229,1044.31586840381,1491.79460543334,1140.01782056247,2020.19394368462,878.541781533468,1386.95981344089,1985.2110520043,1614.21940290036,1150.27192276435,1266.6145189441,1836.8587894283
4422.24008167806,2908.94007641959,3135.04852774243,3153.7279226972,3260.75330443749,2695.95640654666,2391.70650847883,2654.07187704101,2212.77434979259,2214.04211554342,1800.32925999663,950.850297102546,1585.11173461053,2314.37568462858,2015.23911874001,2748.7018098004,2216.88487217988,2034.86155221922,1796.33052058913,1847.05639521375,2095.10780775119,1427.08173024533,1446.71811186561,2078.34344808552,2289.34810400253,2765.96597260342,2440.3123615226,2579.49977706919,2521.25129439729,2720.30842289987,2019.02301841757,1673.12679609168,913.735807222197,1351.62447983898,2253.24174060397,2142.62155855858,1e+09,951.117629107988,1588.98290465946,1401.82026551195,2057.4994432806,2345.57636258127,1683.0491588186,1899.76611923679,1792.03781611885,1976.73604282413,2012.42049529913,2008.19964254055,2012.52481149923,1412.79406914101,1728.83581091439,1384.86733599287,1620.86668538779,1494.47862784986
4117.77626181899,2181.9860808447,2567.06499600224,2518.7837084196,2646.43268676912,2231.9033391256,2162.70019098811,2137.30038607118,1817.14726362505,1839.1554605851,1392.69805112235,992.979418971008,1294.81131196789,1805.69781048768,1786.39345584896,2106.89782462273,1950.18190415664,1591.82892281174,1525.45528731589,1357.43310756,1885.48126856249,987.291954388366,1052.24490590356,1546.72403989852,1625.0392057732,2514.22537625409,2002.05520278538,2573.78787744833,2185.31833280646,2178.85157445385,1752.57858890835,1618.61779799927,1119.83010086352,1130.34981324367,2312.86269259548,1580.32988796643,951.117629107988,1e+09,1078.76684315935,1382.77913753426,1859.54518732404,2062.20995441783,1279.22927444614,1521.33694716194,1648.42412661305,1529.42067947311,1803.75808009278,1470.37133401736,1659.64332345839,1403.20856083477,1462.62926331316,740.44784293021,971.694070271091,1530.43454270348
4105.02138716719,1901.13078353384,2354.25560379497,2376.09647453549,2407.44001991742,1483.7613999899,2032.58961642531,1959.89896566124,1407.9770487476,1614.96809296655,1311.89938764373,1496.92163355334,1484.22245943794,1211.03226682859,2028.34175991128,2199.65569908111,2158.1328992905,1269.90902359185,1369.84331888724,1457.08853190189,1620.8025332532,1724.88589115338,1185.91386276576,1831.28702739358,1413.89553213807,2195.42517287654,1534.2181027807,2186.26953827747,1873.69295894498,2043.85919187208,1570.98735252707,1588.87446618668,1328.67903238517,1119.32042874237,1897.67214115084,1520.67547612895,1588.98290465946,1078.76684315935,1e+09,1555.76980222011,1684.03241459302,1688.34439200064,1426.62928194398,1363.20818259721,1375.76229803698,1063.31224308761,1308.71683568295,1316.64223834723,1213.95310551932,1572.25557423086,1378.84648957018,806.42407838556,1081.09632285935,1598.78612372012
4117.52326281225,2545.97394845273,2984.10239286456,3046.63570231165,2734.01653469762,1950.82044791416,1578.04442190326,2669.1288529968,1878.09150083269,1895.95575866105,1576.38892225237,1219.92436146673,840.462212951897,1505.00645739478,1838.30710478418,2714.79536263785,2727.12548803681,2134.36179479956,1329.3673281678,1464.04012216196,1228.83034536912,1624.28575429325,1603.38720239373,2181.54275213666,2140.02698616162,2874.56385422206,1900.8175949838,1709.46218282242,1817.41815994559,2405.17339219026,1788.67161074916,1824.98018422119,938.091943255031,1051.38553238096,1488.47679001051,1891.35267256004,1401.82026551195,1382.77913753426,1555.76980222011,1e+09,1366.35236740015,1490.2492892466,1276.04766016007,1317.97090582456,1051.21894370298,1570.64874157146,1544.6712031044,1734.87087251472,1434.61194498722,1091.85422003123,1129.47279281088,1201.38797076548,1112.35742034654,644.080282806421
4101.41857604171,2084.39795051233,2218.00845174224,2470.10435704648,2397.18861237492,1724.17663042393,1680.64464959134,2054.84956432338,1304.69143271503,1360.83696734767,1393.85688967699,2073.1778814178,1331.32681017848,1345.69432208804,2164.27923207704,2312.10463658114,2861.29471288786,2125.64987229788,1771.21816530319,1533.77026330543,1559.28031110509,1625.09666669402,1857.42866067583,2200.45271480666,2090.68101435872,3030.6353254887,1370.07303648382,1020.4405529966,906.087312017998,2152.72869772296,1717.74434349236,1544.82546111203,1559.39924769124,1069.93337119654,1022.78135439594,1415.23128883586,2057.4994432806,1859.54518732404,1684.03241459302,1366.35236740015,1e+09,1000.87449912564,1247.48462647842,867.016120207692,784.063540346061,928.405418607625,1743.89047568934,1180.67770437152,1345.53470902835,1373.00521983713,856.706291444156,1494.82347800668,1482.2952003228,1358.92668794163
3690.91829068323,1800.77745601726,2361.97234086261,2390.0842913797,1928.36284093528,1434.35955844412,879.818564591587,2214.50309139545,1131.39194711647,1198.89886032976,1236.05727128641,2054.959078522,1249.27127226235,1004.17598452662,2402.91035421632,2498.98349932528,2981.41042806924,1993.02594358428,1202.05826169117,1192.55517147007,999.546714165976,2103.9319230669,1755.58380617389,2187.82565491403,2068.58715707122,2725.42497066054,1024.8402131552,1031.7736515341,875.264850773753,1754.64932667471,1634.27892209378,1651.47269141818,1557.61204203743,1173.62668809123,1284.4512346913,1594.29718750928,2345.57636258127,2062.20995441783,1688.34439200064,1490.2492892466,1000.87449912564,1e+09,1264.85543130431,731.554594613417,643.799323159011,999.485559125293,1183.73982656663,1109.4821630833,712.955972553706,1758.40048393419,1139.35963137194,1480.59910745617,1378.61760677136,1413.49944973459
3406.35510036755,1944.57716329283,2510.6296500878,2484.19174106992,2387.75604809202,2102.43648379684,1314.79578554998,2269.21067790102,1603.73928744669,1655.10767450338,1391.06840471632,1282.3847219536,1238.11665185474,1172.36115459358,2116.0575483904,2247.83456041587,2741.18346461889,1746.42163869439,1234.28938454481,729.101980726976,1191.01113726951,1165.28767418179,1269.75994841545,1857.643015275,1856.61912952011,2905.15042051182,1694.97409207339,1772.39130783809,1529.00061141257,1926.37459236256,1870.95076538641,1575.48799639985,1197.87742227659,785.420210651598,1933.51543381479,1456.8777884229,1683.0491588186,1279.22927444614,1426.62928194398,1276.04766016007,1247.48462647842,1264.85543130431,1e+09,746.472213414538,1117.14674568742,1140.8243584356,1540.88922849762,1098.05796408933,1149.10327303511,957.787786098779,915.431292834148,1047.17600273307,909.377103076606,1584.96476197422
3755.18126201652,1600.16175676086,2088.18061927124,2186.35088222362,1989.02357768831,1614.16127496604,1140.50767226705,2002.73366594263,1087.63402341964,1070.52701227012,931.111013467245,1618.26319574413,1019.80766333657,973.666268903262,2103.04334907771,2115.41921372573,2616.95994854717,1627.46715840904,1083.89289710746,736.150649867267,1218.37665772946,1458.42468149713,1399.22878529567,1793.25342776753,1735.0812017021,2661.84081424867,1239.47626084568,1369.16362217961,839.914090071121,1561.85664902385,1390.10545689886,1204.4186152663,1300.23487747407,688.674041982127,1466.9763848815,1044.31586840381,1899.76611923679,1521.33694716194,1363.20818259721,1317.97090582456,867.016120207692,731.554594613417,746.472213414538,1e+09,697.93963650161,709.642542129487,1364.16653151292,677.851262815081,708.147761911312,1378.91293822344,883.01999530022,986.740247633591,934.170547491196,1363.35126504507
