1e+09,2286.11558721339,2431.02450444252,2261.93453614379,1867.86536822117,2391.29041517336,1648.97088955506,1085.03690204527,1836.07764481789,1151.68907097359,1727.09113071662,1301.77809687366,1156.19865611408,1122.40846397379,1543.87446008411,2419.36740432287,1850.27172701741,1798.19498937129,1727.29851658594,1135.95827330937,1292.08188807831,893.674098315488,1906.70224256437,1414.39438863423,1990.60707498994,1677.21615205077,2549.04920023133,1033.78200579232,1790.01016103261,1055.88925247869,1965.15805725646,1781.16585996364,1449.41052145346,1040.88704022098,1226.19531441773,1948.83069959912,1232.13237811527,1300.66201374531,1385.39278563879,1123.41711990694,1368.27387243929,2616.54384392847,1286.02047779186,1618.98160174846,1848.35949547159,2995.09049829884,2492.09398015003,1952.29107396925,2525.0615288345,2339.61792162738,2032.60651066555,1512.64930347388,1251.77505059815,1812.54274862691
2286.11558721339,1e+09,1876.1247451329,1622.53610280326,1219.10028484124,1585.2316207419,3269.18224204464,2752.37479924156,1475.81164831424,2079.1993334214,2040.00715594333,1954.14064084446,2122.12214933542,2249.71422689639,2811.64998710721,1593.07063145361,875.124041893491,1520.66235512687,1641.34243035998,2322.88513396595,2317.8970817532,2351.46720710709,1743.21572070126,1519.21200261846,1212.39034518591,1484.13034939658,2120.69158071135,2631.85038267756,3439.25039136437,2694.21956792686,1442.49873147258,1905.92332594992,2717.3926099112,2901.74481751928,2870.25535599187,3422.55419051328,2101.71307416117,2285.74890079816,2267.83252666505,2465.79668975364,2527.97720292332,3466.65142102577,2733.39181995557,2142.084893159,2388.39664900954,3139.33218575225,3016.86146821494,2613.3866185469,3085.57888573603,3136.55105255757,2645.98797977239,2825.80744750947,2315.80263800696,2457.77837696974
2431.02450444252,1876.1247451329,1e+09,921.111179174371,1033.77826752162,1021.13958551219,2535.39127331463,3029.27148050484,1171.11415643395,1702.63642936477,1515.93078430382,1568.82173228828,1734.76166472516,2604.94586243169,2920.48706405284,2269.98868210835,1650.92944719028,2475.24457260288,1723.39819861807,2196.93883836123,2603.85839090762,2095.24757067035,1310.48598252709,1770.40243216055,1808.95090524867,2263.14334784609,2545.41044749172,2550.65547800953,3387.11382640147,2732.82546886917,1994.89236732211,2065.17324999623,2570.79909780986,3147.87601882603,3079.51236154363,3364.58544636631,2378.18694143249,2616.33261780684,2861.18009050462,2470.53462483326,2571.72885915292,3839.14576623498,2744.13075196865,2336.66004035675,2217.71633183778,2978.79190965062,2928.04066114185,2809.60357895914,3546.51849387537,3512.97848803547,2879.05804175602,2702.53076802097,2524.75417637044,2600.85229134605
2261.93453614379,1622.53610280326,921.111179174371,1e+09,985.167199413379,1165.61541397667,2585.95842716003,2743.54134257168,857.570716734194,1476.67615109069,1254.71335610967,1515.54740938712,1755.6524733557,2343.80917550896,2671.10587583121,1849.38861100094,1255.61201849935,2290.03699533435,1498.06094789231,2146.5392653059,2396.62699335963,1971.25623489185,911.680561929451,1577.90517230916,1531.0667195129,2019.12646495954,2498.35844065658,2363.64553892922,2945.16620671907,2297.56276299474,1670.4697315426,1774.42787914866,2355.10792909794,2913.84170759154,2756.00333321642,2964.47388730277,1957.51464510486,2338.47470561475,2655.66020177658,2351.35542474973,2305.38540101216,3327.6512583202,2382.37738356038,1954.78645580534,1789.52106226778,2562.47588281334,2587.18927388392,2571.80385152134,3144.31692190848,3158.34344022306,2429.71813101849,2439.44984189059,2341.30381383963,2400.8261605539
1867.86536822117,1219.10028484124,1033.77826752162,985.167199413379,1e+09,1233.03256846687,2470.80094196194,2459.42814556555,830.048932774447,1342.93727306974,1411.659883258,1345.40884444097,1428.54521909529,2129.28909220895,2677.75379545992,1931.60910375262,853.471116675895,1749.51587795024,1318.43626201649,1930.95406203773,2210.648436975,1768.66392042129,1002.47052824509,1198.28742203196,1071.31726131898,1833.82575565401,2274.1535906794,2183.94083072321,3113.74716574741,2300.60062355464,1645.38417799613,1913.16404087574,2373.09943350463,2527.64292389174,2626.63890420819,3165.28742393167,1927.52894836887,2161.11582998228,2398.8615023173,2195.55901157314,2273.45786629091,3533.25309665187,2405.3925999512,2072.1363466722,2065.70903655379,2996.41820018501,2901.67388176204,2575.41342135588,3180.06731545104,3183.72458526173,2692.55273274267,2531.74097666013,2181.07968293229,2375.7641468799
2391.29041517336,1585.2316207419,1021.13958551219,1165.61541397667,1233.03256846687,1e+09,2642.58966854485,2735.45647720815,921.467463071811,1678.22351613246,1230.54227871293,1424.89911137596,1647.97483824845,2128.62681602483,2655.25831150192,1682.98367086553,1508.18735596742,2064.64826430557,1688.184491784,1891.82258116347,2238.44853079091,1978.03937875362,1208.96742482997,1405.88672036548,1348.86585252204,1868.10830858385,2064.09413271295,2251.51853805382,3230.81815989387,2663.89177899554,1405.11011159268,1598.36642188204,2455.85384043921,2938.2566659841,2778.88818429242,3099.70338626134,2136.63073246174,2128.72735316198,2361.18517079877,2242.50478287115,2138.95366081175,3308.20228684704,2427.65237725668,1874.5534466907,1781.42857016497,2292.90703743087,2369.60828180524,2188.27584924753,2960.32273120685,2945.01312063291,2362.20405022513,2381.45327163898,2087.23267035565,2024.07328718601
1648.97088955506,3269.18224204464,2535.39127331463,2585.95842716003,2470.80094196194,2642.58966854485,1e+09,1968.9108010268,2212.22053227069,1532.12824541551,2025.98862943502,1885.91555836946,1639.07925891337,2009.50357795153,1898.42261967666,2956.99895514016,2647.30975527988,2744.61599889675,2203.07089776975,1706.44536288157,2269.74988571428,1229.50564610334,2347.87720377366,2085.58803467991,2653.59611237279,2469.51723284127,2965.19820042438,1373.77108023863,2140.09295190653,1833.84285681735,2739.08510853533,2429.70952726864,2274.19351593043,1879.62745029434,1975.50890144793,2153.8989794092,2104.89450871059,2155.65740153671,2380.48062619716,1475.6839315043,1781.47913139616,3082.2861979057,1750.16977830724,2323.223472118,2142.5607890326,2955.43425357425,2609.06909833757,2245.87698151524,3073.05788028797,2763.793363658,2544.89072889191,1925.68259624996,1925.34371178239,2214.29396955328
1085.03690204527,2752.37479924156,3029.27148050484,2743.54134257168,2459.42814556555,2735.45647720815,1968.9108010268,1e+09,2265.19092113667,1658.9983657617,1968.83372685456,1818.80375249778,1670.50056665659,1051.33706945014,1463.76180483711,2739.80121167577,2328.2031042845,2118.95620681504,2191.17495718621,1268.79228311808,1062.04134415756,1441.64661134413,2258.61465403021,1751.80689615037,2181.59984946828,2027.00390268495,2802.82126879329,814.489947942883,1679.55999333159,1117.26364153677,1983.65360685781,2065.58019745059,1630.93412886603,857.549963967115,516.285159480689,1859.75818764161,1161.16548786123,1214.95589294427,1216.86956314142,1345.75398476096,1421.32554891552,1986.71887815061,881.360311166778,1481.07626967689,1612.80114772405,2593.13724133529,2054.83055702897,1647.46708558927,1748.74410861052,1598.14759975417,1833.8550302573,1407.48150229408,1057.0854479653,1465.50560149049
1836.07764481789,1475.81164831424,1171.11415643395,857.570716734194,830.048932774447,921.467463071811,2212.22053227069,2265.19092113667,1e+09,977.616535866697,830.477481934339,1030.33338531759,1200.8661176834,1750.25292749362,2405.46567913575,1396.43048666949,1044.12381909427,1658.95850761856,1237.53982061185,1649.19607206057,2068.68583281754,1410.85195382081,700.273304788923,902.692635397011,965.952768514072,1687.49311788226,1978.93427136931,1839.28305518754,2694.27985216829,2077.9470995432,1441.20744710815,1423.15752539907,2149.5211986161,2328.54864619574,2363.03351336793,2636.11488973831,1763.41664390467,1727.13382810945,2179.78711045368,1930.35956171383,1734.50462513076,3068.26922299853,2005.27795452401,1722.08345221711,1571.40914229872,2308.36867527698,2397.83973428167,2052.19973772048,2862.75728786078,2804.65303964679,2180.59757254749,2125.2387728206,1897.93163182977,2015.73492741481
1151.68907097359,2079.1993334214,1702.63642936477,1476.67615109069,1342.93727306974,1678.22351613246,1532.12824541551,1658.9983657617,977.616535866697,1e+09,797.594364323119,668.457742045075,592.162770359637,1382.34248513167,1985.82910098024,1907.82125428458,1580.18296345708,1694.96464665196,1215.75233094574,1103.11116688211,1740.2946971993,639.82978455211,1184.75292681639,893.817006103599,1488.63133737,1785.61198436278,2099.17776031474,1238.64323253308,2008.61917186907,1444.34774292758,1720.66056385331,1367.28260586464,1539.43622469396,1566.61193768591,1758.97609997976,2012.08105872999,1488.64925848905,1280.64119362138,1909.95539317022,1392.41734357914,1316.41349993078,2819.46018489355,1447.58997837786,1622.15011537157,1461.17445505319,2416.14513777629,2305.71562355378,1799.93220269542,2725.0067667072,2531.67301589285,2021.64659735573,1683.49949061471,1554.00392010445,1898.10582307731
1727.09113071662,2040.00715594333,1515.93078430382,1254.71335610967,1411.659883258,1230.54227871293,2025.98862943502,1968.83372685456,830.477481934339,797.594364323119,1e+09,678.317949121207,916.800198843783,1538.02232122944,2205.35614994495,1817.31944041217,1700.91641523033,1933.28895714014,1466.30856172908,1222.87027958815,1764.39303118665,1211.94313397948,934.153693136199,1056.29863040714,1441.8944894825,1943.15845547912,2105.25142289466,1521.28952790059,2255.75181143671,1804.03393396577,1440.34862703444,1160.39220804864,1558.94114869677,2084.23189887786,1997.44915091724,2181.40147884336,1614.58808746999,1367.81815487294,2025.84357192257,1745.87334285738,1450.89338540087,2730.92629761405,1593.65738868177,1435.73617047144,1135.07940863184,1913.8989946703,1976.51495524319,1716.61396059219,2581.00770576145,2470.02552007059,1862.65651787977,1687.69102998742,1640.99627150704,1764.46684933438
1301.77809687366,1954.14064084446,1568.82173228828,1515.54740938712,1345.40884444097,1424.89911137596,1885.91555836946,1818.80375249778,1030.33338531759,668.457742045075,678.317949121207,1e+09,461.005713955912,1340.81102781115,2085.94245745179,1921.01395715908,1684.1675103445,1716.42802561016,1427.86458570132,937.642972351417,1586.55321593699,895.587371114622,1183.9135756887,958.888286037534,1558.45589809272,1786.4057129331,2046.36432452777,1398.13541926381,2202.15830464115,1701.14015630694,1559.54026825215,1112.54406016121,1303.59801771865,1814.6447955454,1885.47381063753,2145.66700505927,1596.12801676432,1201.28842802218,1792.38635176683,1510.3964919186,1343.67842481004,2879.64467407005,1601.72193953882,1511.64309276363,1489.94055310942,2422.4118581901,2262.98345654581,1782.41598579007,2744.00314899601,2580.90514356882,1969.99868058331,1614.2697928785,1498.13111682523,1812.17018453014
1156.19865611408,2122.12214933542,1734.76166472516,1755.6524733557,1428.54521909529,1647.97483824845,1639.07925891337,1670.50056665659,1200.8661176834,592.162770359637,916.800198843783,461.005713955912,1e+09,1372.30695414692,2083.04944182801,2117.40451834315,1797.46683057018,1623.55529662528,1349.38527648704,817.012168636428,1633.22496830657,745.011787289302,1423.8206019018,889.165920399562,1566.74663924963,1850.41324317029,1978.50194470463,1271.16414097472,2255.17268154791,1719.75317016716,1716.34990051563,1368.63424635656,1427.98550941527,1558.38642483179,1813.96989024074,2216.59720339533,1662.38830006711,1204.36705825093,1807.00816055158,1377.70837563688,1416.72513509149,2997.11685608019,1602.59809337837,1709.19019082137,1643.77677155385,2575.24520040325,2397.03514018881,1764.26531749054,2783.40856576968,2564.98853841494,2178.14983199044,1748.28777245052,1484.58989087896,1871.88815574008
1122.40846397379,2249.71422689639,2604.94586243169,2343.80917550896,2129.28909220895,2128.62681602483,2009.50357795153,1051.33706945014,1750.25292749362,1382.34248513167,1538.02232122944,1340.81102781115,1372.30695414692,1e+09,1391.03658999323,1927.20346333749,1923.08316726032,1716.16651324981,1976.24231925136,1038.68312593399,1043.20956049108,1069.69949742907,1844.177004303,1347.03380299085,1839.97704061763,1499.5056821833,2325.05406466172,798.654268692029,1700.23563602225,1322.58579785963,1611.71344568444,1379.33306837036,1548.3383263034,1282.81186177085,1065.88682959309,1614.85560905612,1194.60691786043,670.854217695618,822.790424531059,1177.28011513828,624.365098960536,1914.53250006366,939.340186992976,1095.73960647592,1386.89012293693,2229.33471067043,1838.01254068083,1256.93891979682,1914.37229294618,1744.8386583865,1308.54160736295,1051.66185634927,794.951374173289,1149.74147894211
1543.87446008411,2811.64998710721,2920.48706405284,2671.10587583121,2677.75379545992,2655.25831150192,1898.42261967666,1463.76180483711,2405.46567913575,1985.82910098024,2205.35614994495,2085.94245745179,2083.04944182801,1391.03658999323,1e+09,2599.92749448903,2419.82614228791,2538.56778973893,2226.68138158561,1529.73256924209,1223.73510344355,1660.90217035803,2514.57106101617,2096.07966220275,2597.19114585354,1563.84830977944,2860.41407133653,1223.20861458706,1621.59466337923,1327.89884569571,1950.59421026004,1884.98378932022,1844.73247415445,1952.32995705132,1100.55403283982,1628.24405566242,1112.17005565696,1719.11017037885,1170.33696908198,932.918157289266,1444.52505042315,1688.93699553891,1059.68748402536,1251.80872416676,1568.62700805513,2449.02635504398,1580.31688398245,1524.96527567024,1742.6541460944,1467.84580903445,1274.54885951854,1130.77089359428,933.978570310904,1149.3955970422
2419.36740432287,1593.07063145361,2269.98868210835,1849.38861100094,1931.60910375262,1682.98367086553,2956.99895514016,2739.80121167577,1396.43048666949,1907.82125428458,1817.31944041217,1921.01395715908,2117.40451834315,1927.20346333749,2599.92749448903,1e+09,1527.648678558,1618.62681007699,1805.13240935395,2264.3324999655,2530.17243364953,2026.16513682868,1847.74871643847,1517.33147792432,1552.38869040585,1528.9969622599,1800.6595516921,2381.66896771991,2922.82192582785,2589.53250896759,1768.29236493856,1477.13425138002,2733.96125660186,2749.66969572711,2750.91281693913,2683.36393879026,2249.74340187942,1907.55175167019,2242.64185219129,2265.94624415497,1868.53591089387,2967.92967627267,2420.88712004505,2062.97208233655,2129.31218828992,2390.38449302617,2615.14165505427,2051.68381365161,2992.77252862626,2871.78246019785,2091.8905126464,2489.35248858011,2232.68230919672,2294.19962067384
1850.27172701741,875.124041893491,1650.92944719028,1255.61201849935,853.471116675895,1508.18735596742,2647.30975527988,2328.2031042845,1044.12381909427,1580.18296345708,1700.91641523033,1684.1675103445,1797.46683057018,1923.08316726032,2419.82614228791,1527.648678558,1e+09,1584.96027660002,1424.77167841026,2078.90367393489,2099.42124289053,1865.6690351721,1233.55026123786,1268.05586288617,990.040359177342,1399.3980000343,2299.1553536462,2134.42187875312,2963.11210618161,2148.63466799268,1482.99464388783,1882.22718572971,2532.18474296407,2478.86503478911,2460.28427095326,3011.21829585635,1676.33654526769,2079.6891785553,2119.36411041142,2116.72196939041,2121.58000518482,3138.32806417685,2264.54493890053,1863.92115080011,1994.19958878243,2876.57959430988,2739.55093132068,2433.44530534385,2851.63134023317,2904.34984235715,2384.6283682788,2428.42324805624,2029.34764210078,2180.50463489533
1798.19498937129,1520.66235512687,2475.24457260288,2290.03699533435,1749.51587795024,2064.64826430557,2744.61599889675,2118.95620681504,1658.95850761856,1694.96464665196,1933.28895714014,1716.42802561016,1623.55529662528,1716.16651324981,2538.56778973893,1618.62681007699,1584.96027660002,1e+09,1333.69050225305,1744.48716363864,2134.44537262025,1774.16806509417,2142.20848695919,944.62448306192,1191.4924202025,1446.63544395262,1250.78486743325,2079.36648311451,3010.1948877772,2448.18801735079,1669.09031259546,1675.61936510056,2422.1743356951,1939.01256207896,2348.27030635317,2898.43819942741,2089.90420555584,1505.99930916319,1838.24024259616,1882.92474191084,2022.20385604419,3255.14053724259,2316.77386680271,2205.63743865577,2352.31989319055,2987.76794641083,2937.54460713365,1923.84879242107,2891.46877372037,2679.35891727853,2549.64956552857,2621.60796605824,1924.67654921548,2282.31567483554
1727.29851658594,1641.34243035998,1723.39819861807,1498.06094789231,1318.43626201649,1688.184491784,2203.07089776975,2191.17495718621,1237.53982061185,1215.75233094574,1466.30856172908,1427.86458570132,1349.38527648704,1976.24231925136,2226.68138158561,1805.13240935395,1424.77167841026,1333.69050225305,1e+09,1550.57233255982,2072.21825986067,1549.15321830993,1768.10407340745,873.356185069986,1281.15140276237,1392.37007375913,1446.5915601164,1961.65855155784,2750.89717401433,2120.6700427695,1436.69587046111,1456.72319611517,2110.59923370118,2177.30675323896,2272.76150449184,2702.92801496821,1743.82522157469,1772.4267818446,2102.51692176306,1560.63151592552,2077.61396760804,3207.63878440201,2090.42954894443,1964.74683544725,1895.77710791643,2676.82928592766,2563.13985000819,1895.38652931269,2849.77909659679,2612.05734094794,2382.47962320772,2418.33825431845,1851.17279304229,2163.07989371637
1135.95827330937,2322.88513396595,2196.93883836123,2146.5392653059,1930.95406203773,1891.82258116347,1706.44536288157,1268.79228311808,1649.19607206057,1103.11116688211,1222.87027958815,937.642972351417,817.012168636428,1038.68312593399,1529.73256924209,2264.3324999655,2078.90367393489,1744.48716363864,1550.57233255982,1e+09,1054.14947687698,950.118478243635,1851.12796351306,1127.59078769738,1826.06394041939,1631.29138776615,1996.63664633804,918.398432707722,1986.12463141163,1549.11256718161,1469.79279162064,1210.94643192835,1139.59884503276,1432.1818325897,1284.34940269383,1903.93018984416,1326.2608341876,874.098140084968,1220.18234915934,894.550701302056,1201.91845842386,2451.56428920394,1163.86415281166,1285.95286239426,1347.62004867841,2273.79786781939,1850.48340160078,1177.86301257829,2166.83350364074,1872.61474305315,1713.98526303466,1327.17193369962,839.986886326209,1283.99357728144
1292.08188807831,2317.8970817532,2603.85839090762,2396.62699335963,2210.648436975,2238.44853079091,2269.74988571428,1062.04134415756,2068.68583281754,1740.2946971993,1764.39303118665,1586.55321593699,1633.22496830657,1043.20956049108,1223.73510344355,2530.17243364953,2099.42124289053,2134.44537262025,2072.21825986067,1054.14947687698,1e+09,1603.57304881942,2046.31627953745,1680.39418319036,2080.41181891951,1608.91028326629,2653.71128891219,1119.88498525518,1949.8967648827,1356.02225851938,1368.78919037959,1618.83577876201,1310.19203798527,1708.1111668741,940.44787521691,2033.63775200993,827.509120735234,1264.64393965258,777.71148082049,1263.4050432858,1461.0894539692,1898.93315040314,1052.20389678047,820.863982947236,1293.47803135577,2377.96399693099,1611.08792441629,1499.95541867084,1515.67364914087,1484.06516079989,1415.53861943078,1120.94332488311,618.808276770762,924.470762923306
893.674098315488,2351.46720710709,2095.24757067035,1971.25623489185,1768.66392042129,1978.03937875362,1229.50564610334,1441.64661134413,1410.85195382081,639.82978455211,1211.94313397948,895.587371114622,745.011787289302,1069.69949742907,1660.90217035803,2026.16513682868,1865.6690351721,1774.16806509417,1549.15321830993,950.118478243635,1603.57304881942,1e+09,1612.43824198014,1144.00357429512,1835.10922350687,1719.59994344615,2205.81704640253,890.987696828637,1753.67716983486,1324.42950673111,1930.21124092675,1439.59239491601,1518.34525227301,1281.18603352519,1505.24082275894,1699.35645722138,1495.7186196608,1115.20703665284,1624.5340431336,1050.21924382483,934.337250996662,2636.49704380642,1238.39898025636,1607.39581528633,1589.86858535541,2516.81706641544,2261.67502946378,1634.0661067105,2648.07012845204,2380.18356472773,1878.60730835372,1400.88351118143,1308.30308128507,1733.48906163264
1906.70224256437,1743.21572070126,1310.48598252709,911.680561929451,1002.47052824509,1208.96742482997,2347.87720377366,2258.61465403021,700.273304788923,1184.75292681639,934.153693136199,1183.9135756887,1423.8206019018,1844.177004303,2514.57106101617,1847.74871643847,1233.55026123786,2142.20848695919,1768.10407340745,1851.12796351306,2046.31627953745,1612.43824198014,1e+09,1385.02287519015,1329.62547952422,2078.03954517232,2616.84165141875,1889.45652051059,2626.22072450127,1959.8648962875,1661.86500516739,1758.61865613327,2117.32351559699,2429.44709703669,2351.01826366789,2676.31218700285,1731.01598351951,1927.53869896301,2326.03741597163,2218.37002127688,1843.53559911383,2998.2690517697,1986.25007390812,1678.55466529988,1517.31992338465,2381.6794913254,2410.66936602679,2370.96286641103,2846.74681986298,2917.65621007685,2211.59234937183,2029.84224345145,2029.9022095904,2086.92728637104
1414.39438863423,1519.21200261846,1770.40243216055,1577.90517230916,1198.28742203196,1405.88672036548,2085.58803467991,1751.80689615037,902.692635397011,893.817006103599,1056.29863040714,958.888286037534,889.165920399562,1347.03380299085,2096.07966220275,1517.33147792432,1268.05586288617,944.62448306192,873.356185069986,1127.59078769738,1680.39418319036,1144.00357429512,1385.02287519015,1e+09,837.222889558091,1331.46025682331,1424.65354279558,1485.47845837629,2524.20458144739,1908.90880491971,1214.03275639498,1203.23056655821,1872.9527411283,1732.38852590867,1920.99547784476,2441.82730169437,1544.15798569965,1163.34191001614,1653.11972751522,1428.28769311368,1525.99970117953,2876.74038543627,1727.62577576858,1612.62338845745,1587.06626745703,2369.95396609301,2312.11968139627,1541.57105866061,2534.05443268293,2349.15400367877,2073.57060010022,2013.08593028216,1448.9392376839,1751.28376130198
1990.60707498994,1212.39034518591,1808.95090524867,1531.0667195129,1071.31726131898,1348.86585252204,2653.59611237279,2181.59984946828,965.952768514072,1488.63133737,1441.8944894825,1558.45589809272,1566.74663924963,1839.97704061763,2597.19114585354,1552.38869040585,990.040359177342,1191.4924202025,1281.15140276237,1826.06394041939,2080.41181891951,1835.10922350687,1329.62547952422,837.222889558091,1e+09,1633.61464724702,1770.90244056526,2017.84907525315,3089.61752380452,2366.1154547697,1277.34046040983,1771.87418421851,2497.0193789196,2278.5596154808,2404.02270665233,3057.13190384386,1850.28673842732,1777.54790545853,2088.3656418118,2103.07876074578,2079.86256978676,3150.14987995809,2219.92005925889,1918.30894826668,1859.1031442338,2509.93076657505,2592.43600420531,2060.25829795684,2666.80419044969,2659.33203647081,2456.32244666697,2515.36725893059,1943.87091580177,2060.53042345897
1677.21615205077,1484.13034939658,2263.14334784609,2019.12646495954,1833.82575565401,1868.10830858385,2469.51723284127,2027.00390268495,1687.49311788226,1785.61198436278,1943.15845547912,1786.4057129331,1850.41324317029,1499.5056821833,1563.84830977944,1528.9969622599,1399.3980000343,1446.63544395262,1392.37007375913,1631.29138776615,1608.91028326629,1719.59994344615,2078.03954517232,1331.46025682331,1633.61464724702,1e+09,1827.58666445671,1809.90933347502,2579.96837168598,2011.5226645007,1221.11499347932,1377.86299899518,2213.81436403326,2256.36152763692,1980.99853260925,2472.98230268637,1404.55118229988,1648.90204660556,1278.0385624855,1301.33710267555,1723.65916500334,2552.99514666597,1875.70300975394,1479.3097701631,1846.83310225911,2611.50528686043,2188.77051108607,1616.2222548276,2295.85375394427,2121.85560434729,1747.68108357904,1995.05146570208,1330.31256221987,1556.62459954223
2549.04920023133,2120.69158071135,2545.41044749172,2498.35844065658,2274.1535906794,2064.09413271295,2965.19820042438,2802.82126879329,1978.93427136931,2099.17776031474,2105.25142289466,2046.36432452777,1978.50194470463,2325.05406466172,2860.41407133653,1800.6595516921,2299.1553536462,1250.78486743325,1446.5915601164,1996.63664633804,2653.71128891219,2205.81704640253,2616.84165141875,1424.65354279558,1770.90244056526,1827.58666445671,1e+09,2558.05227524771,3417.43578219109,3068.12301417332,1896.39550236758,1665.47028940777,2726.41222849737,2664.328561927,2896.74861113283,3142.07798978638,2651.19492040853,1949.02296559071,2376.6537416923,2121.96246203838,2419.04041462726,3597.20877486976,2746.89974303759,2578.44896257421,2562.77215270886,2807.65916524781,2941.11986262036,1843.18343647614,3215.5156615697,2857.0598140046,2772.94185056232,2993.28904870545,2313.78283149046,2542.73887750984
1033.78200579232,2631.85038267756,2550.65547800953,2363.64553892922,2183.94083072321,2251.51853805382,1373.77108023863,814.489947942883,1839.28305518754,1238.64323253308,1521.28952790059,1398.13541926381,1271.16414097472,798.654268692029,1223.20861458706,2381.66896771991,2134.42187875312,2079.36648311451,1961.65855155784,918.398432707722,1119.88498525518,890.987696828637,1889.45652051059,1485.47845837629,2017.84907525315,1809.90933347502,2558.05227524771,1e+09,1574.62215877334,1116.93914310494,1848.74936778894,1721.41593689614,1554.29419293775,1131.41790422461,832.353967011632,1595.03750062499,1150.9656538316,1075.17938982293,1221.70120193114,962.314753705876,878.033795306308,2025.62023975374,648.688399464643,1261.71303302296,1274.68435991033,2230.67939975694,1757.36311540899,1353.40141288533,1929.12445324297,1706.45490514693,1567.772000037,1000.34331916598,807.252751001816,1156.97191897643
1790.01016103261,3439.25039136437,3387.11382640147,2945.16620671907,3113.74716574741,3230.81815989387,2140.09295190653,1679.55999333159,2694.27985216829,2008.61917186907,2255.75181143671,2202.15830464115,2255.17268154791,1700.23563602225,1621.59466337923,2922.82192582785,2963.11210618161,3010.1948877772,2750.89717401433,1986.12463141163,1949.8967648827,1753.67716983486,2626.22072450127,2524.20458144739,3089.61752380452,2579.96837168598,3417.43578219109,1574.62215877334,1e+09,1041.01383415399,2703.75114265348,2160.88605000356,1625.75503403803,1819.13192454533,1343.7259386869,613.795749496524,1754.74927223236,1794.94166011043,2069.8261018501,1842.16201684325,1470.70667034593,1776.75516124198,1148.97181484143,1828.59125738914,1866.58607031661,2612.28033453533,2147.03264434894,2125.33807708327,2446.82901584888,2210.44616211298,1569.8584348915,1231.65719918328,1870.56673131434,2143.19930589761
1055.88925247869,2694.21956792686,2732.82546886917,2297.56276299474,2300.60062355464,2663.89177899554,1833.84285681735,1117.26364153677,2077.9470995432,1444.34774292758,1804.03393396577,1701.14015630694,1719.75317016716,1322.58579785963,1327.89884569571,2589.53250896759,2148.63466799268,2448.18801735079,2120.6700427695,1549.11256718161,1356.02225851938,1324.42950673111,1959.8648962875,1908.90880491971,2366.1154547697,2011.5226645007,3068.12301417332,1116.93914310494,1041.01383415399,1e+09,2088.58120936199,1917.01175124202,1404.90238429579,1437.28039087716,940.872502308363,1418.44226896973,949.31600687021,1540.71351447957,1640.60518528987,1440.63518400739,1367.27638263081,1943.56522151946,822.899476728477,1348.42249480643,1464.59991130684,2604.46356390332,2050.51020392487,2003.5357200709,2151.03002254734,2055.02220900408,1574.93658497731,1129.34989423119,1392.11351598927,1743.25063829043
1965.15805725646,1442.49873147258,1994.89236732211,1670.4697315426,1645.38417799613,1405.11011159268,2739.08510853533,1983.65360685781,1441.20744710815,1720.66056385331,1440.34862703444,1559.54026825215,1716.34990051563,1611.71344568444,1950.59421026004,1768.29236493856,1482.99464388783,1669.09031259546,1436.69587046111,1469.79279162064,1368.78919037959,1930.21124092675,1661.86500516739,1214.03275639498,1277.34046040983,1221.11499347932,1896.39550236758,1848.74936778894,2703.75114265348,2088.58120936199,1e+09,1219.16620364083,1925.34628513938,2406.77425457811,1964.95926062094,2643.42643054427,1283.86348425368,1552.57900526833,1493.63308175067,1713.0729027394,1893.33025719234,2437.32389242792,1797.85917599238,1100.06246359014,1267.04180882085,2001.35352359347,1719.07940593214,1504.47857542073,1881.90762249373,1888.19836081912,1674.39231603588,1954.8850559304,1342.47609569035,1329.07633655859
1781.16585996364,1905.92332594992,2065.17324999623,1774.42787914866,1913.16404087574,1598.36642188204,2429.70952726864,2065.58019745059,1423.15752539907,1367.28260586464,1160.39220804864,1112.54406016121,1368.63424635656,1379.33306837036,1884.98378932022,1477.13425138002,1882.22718572971,1675.61936510056,1456.72319611517,1210.94643192835,1618.83577876201,1439.59239491601,1758.61865613327,1203.23056655821,1771.87418421851,1377.86299899518,1665.47028940777,1721.41593689614,2160.88605000356,1917.01175124202,1219.16620364083,1e+09,1437.80743585502,2187.91182738245,1949.22886439741,1923.79349188004,1597.91513983065,1108.59737781577,1573.14749200448,1468.5163232324,1350.89654285589,2455.48938786141,1645.85657090768,1287.68366515228,1408.08756815761,2004.33978873344,1863.60322670895,1286.85843836842,2422.74637754347,2173.97219404941,1411.10360346078,1633.33265791143,1422.31002133853,1631.29012934548
1449.41052145346,2717.3926099112,2570.79909780986,2355.10792909794,2373.09943350463,2455.85384043921,2274.19351593043,1630.93412886603,2149.5211986161,1539.43622469396,1558.94114869677,1303.59801771865,1427.98550941527,1548.3383263034,1844.73247415445,2733.96125660186,2532.18474296407,2422.1743356951,2110.59923370118,1139.59884503276,1310.19203798527,1518.34525227301,2117.32351559699,1872.9527411283,2497.0193789196,2213.81436403326,2726.41222849737,1554.29419293775,1625.75503403803,1404.90238429579,1925.34628513938,1437.80743585502,1e+09,1823.46260564893,1466.80899854071,1699.09891077594,1520.42145338061,1345.85800725782,1726.10045901158,1604.7294859259,1620.7929225228,2432.63788749991,1373.01910715037,1455.28368351329,1595.60242209643,2588.55740981343,2084.53339383182,1870.10000016042,2448.66986114911,2247.8517490929,1745.24362497045,1328.97467695965,1497.2392291815,1877.13604416409
1040.88704022098,2901.74481751928,3147.87601882603,2913.84170759154,2527.64292389174,2938.2566659841,1879.62745029434,857.549963967115,2328.54864619574,1566.61193768591,2084.23189887786,1814.6447955454,1558.38642483179,1282.81186177085,1952.32995705132,2749.66969572711,2478.86503478911,1939.01256207896,2177.30675323896,1432.1818325897,1708.1111668741,1281.18603352519,2429.44709703669,1732.38852590867,2278.5596154808,2256.36152763692,2664.328561927,1131.41790422461,1819.13192454533,1437.28039087716,2406.77425457811,2187.91182738245,1823.46260564893,1e+09,1190.65543840357,1929.64645647849,1756.67920346886,1246.80941570875,1664.0112467168,1518.03627374315,1514.6269222155,2591.6948738808,1383.74596317388,2065.87727309732,2126.36516351261,3001.3795614517,2670.35880282033,1913.18129407539,2510.7433918065,2235.77265536995,2308.56011125983,1853.25763184723,1576.27968552538,2086.0513324221
1226.19531441773,2870.25535599187,3079.51236154363,2756.00333321642,2626.63890420819,2778.88818429242,1975.50890144793,516.285159480689,2363.03351336793,1758.97609997976,1997.44915091724,1885.47381063753,1813.96989024074,1065.88682959309,1100.55403283982,2750.91281693913,2460.28427095326,2348.27030635317,2272.76150449184,1284.34940269383,940.44787521691,1505.24082275894,2351.01826366789,1920.99547784476,2404.02270665233,1980.99853260925,2896.74861113283,832.353967011632,1343.7259386869,940.872502308363,1964.95926062094,1949.22886439741,1466.80899854071,1190.65543840357,1e+09,1521.00423694347,1015.50752587069,1257.97173112117,1132.05330899212,1224.32098585297,1322.00259943012,1611.27452890561,582.978651753218,1259.53665516332,1441.50690286242,2412.30503807043,1735.57215764716,1513.53338972089,1545.06496895762,1343.51344321521,1477.48406966031,1082.69084285404,920.164410852756,1287.00847499152
1948.83069959912,3422.55419051328,3364.58544636631,2964.47388730277,3165.28742393167,3099.70338626134,2153.8989794092,1859.75818764161,2636.11488973831,2012.08105872999,2181.40147884336,2145.66700505927,2216.59720339533,1614.85560905612,1628.24405566242,2683.36393879026,3011.21829585635,2898.43819942741,2702.92801496821,1903.93018984416,2033.63775200993,1699.35645722138,2676.31218700285,2441.82730169437,3057.13190384386,2472.98230268637,3142.07798978638,1595.03750062499,613.795749496524,1418.44226896973,2643.42643054427,1923.79349188004,1699.09891077594,1929.64645647849,1521.00423694347,1e+09,1923.96423773936,1637.57503318169,2005.05247671975,1750.0987403001,1251.60404022199,1761.85554541228,1234.09121640177,1829.39475267095,1848.74087167456,2364.49574863225,2009.6210603992,1830.17159080781,2472.76270913729,2136.16807950592,1390.2365628554,1224.02016601035,1819.23795579358,2052.32488492928
1232.13237811527,2101.71307416117,2378.18694143249,1957.51464510486,1927.52894836887,2136.63073246174,2104.89450871059,1161.16548786123,1763.41664390467,1488.64925848905,1614.58808746999,1596.12801676432,1662.38830006711,1194.60691786043,1112.17005565696,2249.74340187942,1676.33654526769,2089.90420555584,1743.82522157469,1326.2608341876,827.509120735234,1495.7186196608,1731.01598351951,1544.15798569965,1850.28673842732,1404.55118229988,2651.19492040853,1150.9656538316,1754.74927223236,949.31600687021,1283.86348425368,1597.91513983065,1520.42145338061,1756.67920346886,1015.50752587069,1923.96423773936,1e+09,1436.70619585217,1179.28382296206,1245.91986873153,1460.25428730752,1819.54594380027,922.365281057348,733.196542817818,1043.33114086564,2251.0741631941,1591.32577177019,1627.53480174772,1583.50995532077,1594.48684597898,1311.30673970662,1215.53633392836,908.069759820247,1128.49590473338
1300.66201374531,2285.74890079816,2616.33261780684,2338.47470561475,2161.11582998228,2128.72735316198,2155.65740153671,1214.95589294427,1727.13382810945,1280.64119362138,1367.81815487294,1201.28842802218,1204.36705825093,670.854217695618,1719.11017037885,1907.55175167019,2079.6891785553,1505.99930916319,1772.4267818446,874.098140084968,1264.64393965258,1115.20703665284,1927.53869896301,1163.34191001614,1777.54790545853,1648.90204660556,1949.02296559071,1075.17938982293,1794.94166011043,1540.71351447957,1552.57900526833,1108.59737781577,1345.85800725782,1246.80941570875,1257.97173112117,1637.57503318169,1436.70619585217,1e+09,1127.98335071933,1265.92923013097,900.772716283081,2143.07688420178,1131.88291607392,1312.01598138132,1432.66109582832,2134.14131701722,1923.09818607891,1058.3165500454,2071.1503371798,1791.09705488005,1485.52508231938,1374.56471651938,1048.96895516502,1434.47013471874
1385.39278563879,2267.83252666505,2861.18009050462,2655.66020177658,2398.8615023173,2361.18517079877,2380.48062619716,1216.86956314142,2179.78711045368,1909.95539317022,2025.84357192257,1792.38635176683,1807.00816055158,822.790424531059,1170.33696908198,2242.64185219129,2119.36411041142,1838.24024259616,2102.51692176306,1220.18234915934,777.71148082049,1624.5340431336,2326.03741597163,1653.11972751522,2088.3656418118,1278.0385624855,2376.6537416923,1221.70120193114,2069.8261018501,1640.60518528987,1493.63308175067,1573.14749200448,1726.10045901158,1664.0112467168,1132.05330899212,2005.05247671975,1179.28382296206,1127.98335071933,1e+09,1144.29869815534,1302.51915337165,1886.63212579983,1262.43070518742,1123.16723799263,1641.88073622904,2474.24441729187,1809.96431821183,1271.42792497255,1624.47451869828,1443.25650232382,1386.85426281928,1339.54413551775,611.283261998887,982.938770676994
1123.41711990694,2465.79668975364,2470.53462483326,2351.35542474973,2195.55901157314,2242.50478287115,1475.6839315043,1345.75398476096,1930.35956171383,1392.41734357914,1745.87334285738,1510.3964919186,1377.70837563688,1177.28011513828,932.918157289266,2265.94624415497,2116.72196939041,1882.92474191084,1560.63151592552,894.550701302056,1263.4050432858,1050.21924382483,2218.37002127688,1428.28769311368,2103.07876074578,1301.33710267555,2121.96246203838,962.314753705876,1842.16201684325,1440.63518400739,1713.0729027394,1468.5163232324,1604.7294859259,1518.03627374315,1224.32098585297,1750.0987403001,1245.91986873153,1265.92923013097,1144.29869815534,1e+09,1245.11836782693,2301.01484664919,1146.69524094242,1416.01459685273,1574.64779160294,2466.08861440541,1885.16560158518,1202.01365233511,2143.50275234253,1746.46132058514,1629.91211496203,1379.76735611479,807.75045416267,1298.38818151584
1368.27387243929,2527.97720292332,2571.72885915292,2305.38540101216,2273.45786629091,2138.95366081175,1781.47913139616,1421.32554891552,1734.50462513076,1316.41349993078,1450.89338540087,1343.67842481004,1416.72513509149,624.365098960536,1444.52505042315,1868.53591089387,2121.58000518482,2022.20385604419,2077.61396760804,1201.91845842386,1461.0894539692,934.337250996662,1843.53559911383,1525.99970117953,2079.86256978676,1723.65916500334,2419.04041462726,878.033795306308,1470.70667034593,1367.27638263081,1893.33025719234,1350.89654285589,1620.7929225228,1514.6269222155,1322.00259943012,1251.60404022199,1460.25428730752,900.772716283081,1302.51915337165,1245.11836782693,1e+09,1938.04469416987,959.715179363127,1266.07067196109,1368.95509031524,2055.65217009104,1791.43937053421,1296.81467006662,2192.3169413203,1955.8395138661,1221.90604172334,926.346585625488,1111.37234800044,1346.73304986549
2616.54384392847,3466.65142102577,3839.14576623498,3327.6512583202,3533.25309665187,3308.20228684704,3082.2861979057,1986.71887815061,3068.26922299853,2819.46018489355,2730.92629761405,2879.64467407005,2997.11685608019,1914.53250006366,1688.93699553891,2967.92967627267,3138.32806417685,3255.14053724259,3207.63878440201,2451.56428920394,1898.93315040314,2636.49704380642,2998.2690517697,2876.74038543627,3150.14987995809,2552.99514666597,3597.20877486976,2025.62023975374,1776.75516124198,1943.56522151946,2437.32389242792,2455.48938786141,2432.63788749991,2591.6948738808,1611.27452890561,1761.85554541228,1819.54594380027,2143.07688420178,1886.63212579983,2301.01484664919,1938.04469416987,1e+09,1516.66451976039,1596.97077612585,1761.83126476402,2012.98662250895,1395.14265775941,1939.00219646601,1234.08409916018,1300.95446999501,1147.3675066865,1584.54353777358,1842.29306308741,1646.69509903928
1286.02047779186,2733.39181995557,2744.13075196865,2382.37738356038,2405.3925999512,2427.65237725668,1750.16977830724,881.360311166778,2005.27795452401,1447.58997837786,1593.65738868177,1601.72193953882,1602.59809337837,939.340186992976,1059.68748402536,2420.88712004505,2264.54493890053,2316.77386680271,2090.42954894443,1163.86415281166,1052.20389678047,1238.39898025636,1986.25007390812,1727.62577576858,2219.92005925889,1875.70300975394,2746.89974303759,648.688399464643,1148.97181484143,822.899476728477,1797.85917599238,1645.85657090768,1373.01910715037,1383.74596317388,582.978651753218,1234.09121640177,922.365281057348,1131.88291607392,1262.43070518742,1146.69524094242,959.715179363127,1516.66451976039,1e+09,986.270659454087,1003.04205933749,1982.86062684698,1414.21277027186,1322.98922316094,1613.60299823098,1417.9245996526,1140.11497810528,741.415970154407,879.796473509641,1120.58701049941
1618.98160174846,2142.084893159,2336.66004035675,1954.78645580534,2072.1363466722,1874.5534466907,2323.223472118,1481.07626967689,1722.08345221711,1622.15011537157,1435.73617047144,1511.64309276363,1709.19019082137,1095.73960647592,1251.80872416676,2062.97208233655,1863.92115080011,2205.63743865577,1964.74683544725,1285.95286239426,820.863982947236,1607.39581528633,1678.55466529988,1612.62338845745,1918.30894826668,1479.3097701631,2578.44896257421,1261.71303302296,1828.59125738914,1348.42249480643,1100.06246359014,1287.68366515228,1455.28368351329,2065.87727309732,1259.53665516332,1829.39475267095,733.196542817818,1312.01598138132,1123.16723799263,1416.01459685273,1266.07067196109,1596.97077612585,986.270659454087,1e+09,720.903411630157,1781.80365388558,1126.16687586698,1371.32341790695,1454.27349944912,1489.64586972878,837.63425312006,951.938312654764,853.17469283846,785.40147809894
