1e+09,12125.085590935,7021.47095744902,12863.428688433,16390.4982210304,12422.4891129677,7931.17533657528,7874.93440619031,4104.88702530289,2360.6412218929,2459.54917950424,5305.90075751517,6015.81924484106,1377.11244595349,4825.86293430512,2467.37593434807,3913.50832455995,4697.95588490356,4938.09358530192,5252.74826816401,5008.79878073576,4866.96913305396,5027.78743937132,2634.98673795524,4738.04422046692,7144.45962523409,5864.8253108767,2381.85050668593,2627.89112607429,3094.38612799049,3601.96344001435,7927.48110141551,9487.33066664697,6806.1617909656,3496.51687686475,4895.45606575118,3652.0384878996,4250.17569720359,4755.51332353301,5168.36245005127,6416.34205154308,4778.34450829992,4392.85561176326,5207.91952863137,5856.08651198904,6338.70185557737,7177.03803352748,5236.42956158106,3587.93119525723,5345.69252684814,4117.63262957006,5049.45542602368,4767.42760262807,8023.52915638125
12125.085590935,1e+09,5257.63524959653,2318.52128023445,5651.83534380647,1417.20675693422,18935.7800296581,19408.4006747877,14498.1453408014,12181.8085874799,10696.0303761956,17138.6606207749,17863.9895847008,13029.7036432415,16015.6150724036,12884.9241028459,8384.66276004587,9483.5761068386,16584.0719812566,16801.9187008687,15943.843816,16628.8362867279,16814.179244477,11711.0492176449,7591.18841826496,5246.36381423363,6625.08934827297,13157.7843603967,13761.694473407,11426.3403635985,12923.4573923196,18572.9931936939,21071.4252235249,18250.7121967473,14094.6723237577,16477.3987691868,14379.722536746,15861.9168528208,16314.3427131957,16945.2620752823,17911.4475752157,15776.4258370931,15658.6572013343,16825.8182474434,17454.0785053122,17616.0123519598,18441.831323727,16892.1928625297,14124.0049420057,15951.0706408849,15430.7918720201,16789.5578162172,15866.4990832572,19575.802733671
7021.47095744902,5257.63524959653,1e+09,6419.21384511375,10098.1055700909,5491.84070467271,13932.2404523178,14265.4870229971,9336.67859055885,7023.46315394336,5496.67790736368,11922.3589974929,12651.4761922196,7915.23390678381,10888.161682635,7684.97202456196,3338.08505327531,4620.59860334135,11369.7796995676,11636.0345372984,10786.7697419292,11413.8803054789,11606.9211173248,6664.68690213576,2784.15580982818,994.965958060878,1647.63291075409,8001.08164519648,8598.07842502033,6352.86605396336,7817.58419742954,13436.3006350781,15878.9298816702,13092.1829695166,9017.90036923784,11324.9108422362,9262.7583671604,10678.6884492994,11129.8459171994,11765.8122122104,12738.5327114193,10630.3265988068,10492.4575523039,11627.7831539206,12249.8901620219,12464.5743645983,13299.8676965901,11697.3344475868,9026.74991368433,10896.3997739299,10245.9870777881,11623.6015212541,10764.2817549709,14410.7141825449
12863.428688433,2318.52128023445,6419.21384511375,1e+09,3878.74562512161,3208.22786665785,20088.2705362084,20472.429060666,15683.393453985,13299.4115037584,11780.5013957471,18007.0859404125,18756.6619342195,13799.96751094,17110.1456139713,13839.9728868376,9329.56181185376,10921.8772674527,17559.545109501,17784.2712472932,17091.931879653,17531.539587164,17738.2761989518,12859.00322784,8586.47791150132,6566.69483445058,7852.18763539818,14197.9246099139,14780.8678357835,12665.516945206,14139.9801776382,19802.7602542297,22099.905509289,19321.7804772749,15233.9191253203,17411.9919270283,15517.9706060844,16829.6938770407,17291.3873896139,17864.4398821262,18947.7137025816,16833.9227412745,16715.5628430873,17725.8035615286,18382.5816029768,18692.500263793,19542.2037725867,17798.6677041064,15204.9581885219,17149.1605407612,16396.8459127632,17693.3390803206,16940.3306178746,20608.7619545207
16390.4982210304,5651.83534380647,10098.1055700909,3878.74562512161,1e+09,6038.53026202569,23775.9532572787,24079.2527702377,19303.8681352495,16939.7413747229,15416.2258899641,21547.7953641666,22278.4326667968,17352.350454414,20772.8250753454,17377.5821239032,12958.8855378539,14557.0544773625,21116.3576538143,21391.7803018379,20712.5086702577,21064.1679019253,21293.8473845545,16579.7247189934,12286.7313598166,10265.7810049796,11533.8874838842,17789.2721876697,18404.7675346172,16302.2483089021,17776.1488716257,23392.2799821287,25698.4414919485,22897.8690085344,18908.7522823533,21028.1418753655,19175.6680301548,20434.5282121976,20884.5602509869,21451.787618194,22581.0060677464,20403.6738043961,20324.341524817,21251.5851551996,21895.0144791434,22309.7917089985,23175.2361738149,21330.2543180197,18798.0380253978,20812.5847314023,19985.6760289688,21302.2630946386,20619.5779605379,24228.3130578524
12422.4891129677,1417.20675693422,5491.84070467271,3208.22786665785,6038.53026202569,1e+09,19037.9359308802,19530.6750776106,14543.1795410598,12307.9755843559,10847.5710124156,17324.3529953242,18061.9588034465,13264.3735990434,16164.517826403,12964.3481315491,8604.69148482385,9514.72883600474,16731.2260735847,16970.7995826331,16032.6952972948,16816.4811511118,16990.9127345796,11889.9347750608,7894.89482957816,5400.97349326952,6763.35659689033,13284.1855894594,13927.2302141129,11515.8273072802,13006.5582509363,18564.0035003525,21216.4211259274,18344.4996258225,14249.4414066938,16634.7526750625,14485.7129790045,16027.9579800828,16477.3522135536,17142.2892763335,18061.1516360059,15881.2842590579,15785.7902428862,17009.5717651004,17596.9950588474,17698.8140103031,18531.8979845967,17053.7932317945,14234.2818731224,16041.6954375216,15591.2864541288,17012.9229366914,16075.2468521855,19711.5774245721
7931.17533657528,18935.7800296581,13932.2404523178,20088.2705362084,23775.9532572787,19037.9359308802,1e+09,2600.29297020547,5379.78924838139,7100.37401910632,8697.90033179847,4503.76018827602,4307.37541856987,7097.34820986684,3756.41976456306,7262.24518669674,10895.8579507582,10022.2858672461,4247.74654946596,3861.6192324982,4334.60822031242,4749.30885357017,4178.22011248809,7347.94494912013,11570.7499854158,13824.3213585008,12537.9000341365,6423.30723368422,5849.80210205439,7915.02941223847,7074.90125646288,4518.85012561824,4361.5029609528,2947.31143055837,5286.73387180592,3986.65162004407,4989.2705973118,4368.90123312487,4375.58203822075,4009.19132299769,3199.98904109061,5253.57003508091,4491.03950616113,5137.29729587455,4862.04015024557,3497.99634759672,3234.75373792195,4872.46325388915,6118.18497654329,4217.37209924617,5386.67831346926,4215.89630321952,4318.72656971937,3350.87114344912
7874.93440619031,19408.4006747877,14265.4870229971,20472.429060666,24079.2527702377,19530.6750776106,2600.29297020547,1e+09,5198.2257251393,7258.19232265858,8807.59902092506,3308.50831617513,2756.51150224337,6959.30182391883,3492.44955252041,6988.7996190333,11178.8239365239,10269.2040919586,3207.59828251606,3003.21662450447,3714.17530198832,3523.09558957744,3234.3809649916,7769.4292426278,11946.7940452031,14208.505805946,12842.4687827497,6322.32011634969,5715.49981974455,8073.16181178725,6867.26559075736,3165.62436016973,2479.18118363705,1426.0783942687,5367.1702891561,3459.83789049429,5113.19068851339,3805.81355839983,3449.96994762273,2975.42301212786,1925.20615467539,4225.87409625512,3868.41005913282,3666.63323299454,3100.58153979217,2408.00562214875,1767.20260403271,3440.90295254022,5612.7765662727,3798.36025829568,4562.59416688576,3358.33000144417,3946.14230043723,1359.20598302833
4104.88702530289,14498.1453408014,9336.67859055885,15683.393453985,19303.8681352495,14543.1795410598,5379.78924838139,5198.2257251393,1e+09,2553.54705725193,3955.19493455127,3667.39488826878,4237.89267441968,3518.14360779943,2276.36929121793,2639.4351171226,6529.1573413956,5245.42723363884,2700.81550097373,3193.43953429527,1691.77529512639,3092.81290407293,3259.96124464694,3307.07371301276,7331.38205234184,9307.20046107851,7943.06829645824,2046.73502234657,1855.56481487444,3223.1582365748,1947.01450295061,4269.22306306429,6836.73624702606,3989.27358817367,1678.46559437481,3115.18200893624,1280.1693980095,2379.32656648893,2640.4361707112,3388.53803449216,3790.07651367357,2129.69622747001,1735.30660411928,3427.25575433174,3683.24939636186,3480.24642713702,4244.5055401778,3348.27252192829,1786.13903473386,2209.16487082789,2264.117244844,3485.0657029818,2555.27219109824,5374.48938713251
2360.6412218929,12181.8085874799,7023.46315394336,13299.4115037584,16939.7413747229,12307.9755843559,7100.37401910632,7258.19232265858,2553.54705725193,1e+09,1723.01432469379,5268.41917560666,5932.40400656429,2388.53080333916,3968.37615331511,1881.84610250148,4053.38684868592,3367.63480187505,4519.04877549468,4793.65720501581,3908.47419712603,4720.33996233322,4857.0297113977,1159.55751099288,4847.37677988827,6991.65090958495,5625.36502605831,1213.07619575194,1769.77530918476,1183.88388155258,1916.98766336667,6759.85120192745,9007.14667562375,6089.95851377495,2166.06989086225,4549.70442646553,2384.49966080937,3858.82749028769,4323.19651808705,4967.11584588079,5828.23777662683,4020.8522174161,3577.07724340697,5070.28772814719,5581.06063376846,5613.74284305934,6409.91265661241,5066.61131093555,2578.14575542191,4092.24092730377,3708.71205255949,4947.20989201995,4054.18367571081,7508.50043116467
2459.54917950424,10696.0303761956,5496.67790736368,11780.5013957471,15416.2258899641,10847.5710124156,8697.90033179847,8807.59902092506,3955.19493455127,1723.01432469379,1e+09,6538.56028264633,7261.2402821832,3011.0147864798,5458.13151936631,2576.309904534,2739.13153400854,2404.11423407874,5913.79813104912,6234.55492631992,5332.88816853495,6007.26479443848,6182.99584330282,1816.31227067374,3534.81699199548,5535.12423376386,4170.21278683714,2639.65435786582,3196.54601163506,1527.61038550411,2614.4433458769,8108.04551689863,10421.8917596519,7647.28506548566,3694.42852362852,5975.64226664381,3845.17554066131,5228.62572249152,5688.25491722198,6349.36097994908,7274.9017250132,5209.89792804043,5020.49639936132,6255.79867896178,6839.58491951814,7008.1134590202,7848.26275610724,6282.43726774888,3680.80433431336,5541.29536668097,4845.96404985633,6237.59494379044,5379.53303888916,8930.70068390493
5305.90075751517,17138.6606207749,11922.3589974929,18007.0859404125,21547.7953641666,17324.3529953242,4503.76018827602,3308.50831617513,3667.39488826878,5268.41917560666,6538.56028264633,1e+09,1280.55718411948,4377.1506534731,2453.87050255306,4618.20467879023,8874.92878324103,8445.27164596261,1319.15896525021,1444.15629974736,2658.90412909153,959.81906352187,866.233067655582,5897.36849230231,9711.22501792127,12012.312545451,10615.4310188753,4307.4203749344,3636.20237565238,6276.90292587834,5008.80307554609,3920.25007147503,4325.79293698855,2654.19571320579,3945.14494795819,1806.67195813186,3594.79448295727,1630.00801571649,1610.82571108733,992.130139397045,1874.44793936775,2611.62073452483,2292.9833011603,1419.39755956533,1500.20153356141,2393.90457823615,2800.16328261407,1149.86467873398,3824.70784224103,3318.10340688774,2248.13927230944,1201.30909286495,2547.82381547469,3086.55122246497
6015.81924484106,17863.9895847008,12651.4761922196,18756.6619342195,22278.4326667968,18061.9588034465,4307.37541856987,2756.51150224337,4237.89267441968,5932.40400656429,7261.2402821832,1280.55718411948,1e+09,5207.61412706433,2802.37768209426,5336.02581837832,9603.06246674466,9068.82305592628,1587.42415459763,1903.94986701331,2938.68946721153,1564.24554891488,1315.38486812796,6590.0604130463,10450.8324298163,12722.8474259106,11343.1199139875,4963.20457041618,4313.82996133366,6870.02356509059,5655.25787608311,3699.22205733854,3676.16174903934,2345.92925511406,4482.469785085,2515.02899452472,4219.67191687932,2409.44564240408,2028.24087748472,1551.5959368663,1880.03642267909,3124.55043319835,2865.00813956959,1642.84152129778,1519.65066219181,2408.44457168937,2568.77612284527,1713.938815244,4492.82309559368,3648.06988000504,2944.86312709097,1835.44998193903,3099.44215527569,2689.42448990486
1377.11244595349,13029.7036432415,7915.23390678381,13799.96751094,17352.350454414,13264.3735990434,7097.34820986684,6959.30182391883,3518.14360779943,2388.53080333916,3011.0147864798,4377.1506534731,5207.61412706433,1e+09,3949.51852011103,1958.15329706333,4725.13531928981,5271.92522662262,4109.58318171077,4248.51342374012,4227.58514006519,4046.69700310018,4171.52163617786,2746.26398854881,5555.81041830083,7967.82014397916,6627.22859601961,1905.49569755484,1892.13126492323,3351.52747738997,3357.617353273,7079.28589112631,8563.69251949765,5944.9138518569,2913.66070673989,3793.72356601005,2996.40986890979,3287.62098802462,3818.2276635502,4202.31466486031,5467.694628342,3919.96652120908,3521.67849052125,4328.88776030287,4946.06607971426,5351.80882964816,6171.6175469888,4280.1469912142,2859.46592126922,4471.88461664654,3198.33236038721,4089.81085834052,3966.84704488338,7046.90984552094
4825.86293430512,16015.6150724036,10888.161682635,17110.1456139713,20772.8250753454,16164.517826403,3756.41976456306,3492.44955252041,2276.36929121793,3968.37615331511,5458.13151936631,2453.87050255306,2802.37768209426,3949.51852011103,1e+09,3911.29834171468,7863.55671064309,7005.89406976726,1653.52121513454,1510.92009490906,1185.01380295759,2188.4815856205,1954.85012852648,4392.68660217184,8601.75178221274,10823.8391149305,9465.96138777251,3146.336701801,2436.68949691995,4810.06615310018,3662.41210792833,3724.34277356422,5235.48047237309,2671.49630359093,2069.53359699716,1651.68989910334,1890.71419072265,1229.02096019555,1284.47177952651,1754.0257113851,2064.34651076315,1963.83118212844,1129.40512921626,2404.68189168547,2652.38691856976,1986.31512575422,2597.76412293341,2286.56227387316,2614.08132103804,1328.15477994848,1891.13940173642,1808.20370608513,1230.28457114604,3662.22611934326
2467.37593434807,12884.9241028459,7684.97202456196,13839.9728868376,17377.5821239032,12964.3481315491,7262.24518669674,6988.7996190333,2639.4351171226,1881.84610250148,2576.309904534,4618.20467879023,5336.02581837832,1958.15329706333,3911.29834171468,1e+09,4719.68891044738,4500.46876435111,4012.32574071448,4428.907519547,3712.90265709997,4151.4230975775,4367.47464879878,2724.17206380214,5691.09552848131,7697.23624948592,6323.20375169898,1526.42262588053,1847.75712995512,2600.53962448181,2346.51636653146,6329.100892141,8550.50857302067,5831.54106810541,2775.71424188442,4033.79285837783,2781.38797892347,3478.8044188629,3764.39076750807,4502.26624966805,5490.12868736244,3479.05284314567,3337.9673922913,4248.71441891544,4780.99971182806,5098.6591960338,5964.14050271286,4298.54364563162,2384.67361391449,4128.83924203886,2971.14860091178,4478.39225180198,4172.25246157277,7078.76411660256
3913.50832455995,8384.66276004587,3338.08505327531,9329.56181185376,12958.8855378539,8604.69148482385,10895.8579507582,11178.8239365239,6529.1573413956,4053.38684868592,2739.13153400854,8874.92878324103,9603.06246674466,4725.13531928981,7863.55671064309,4719.68891044738,1e+09,3053.05770042101,8334.43867307211,8540.57160965822,7882.90709246912,8395.22196873317,8548.60102390444,3741.45469736037,1126.86470248207,3339.39289233837,2100.93170253105,4908.00711138442,5508.26204188762,3623.00723544682,5250.61529897211,10705.1918258525,12897.8474908064,10033.8072904058,6028.00008968149,8191.5343569871,6301.27204468272,7603.76887833264,8082.07175771782,8664.23169042126,9721.28326833448,7739.29227100256,7478.15121594903,8648.89464001615,9259.22964464647,9472.07034559499,10303.8265121216,8682.13372503557,6117.672840231,7971.83329079328,7304.683299562,8562.49317981626,7835.48009074747,11388.3444475701
4697.95588490356,9483.5761068386,4620.59860334135,10921.8772674527,14557.0544773625,9514.72883600474,10022.2858672461,10269.2040919586,5245.42723363884,3367.63480187505,2404.11423407874,8445.27164596261,9068.82305592628,5271.92522662262,7005.89406976726,4500.46876435111,3053.05770042101,1e+09,7630.98642913877,7962.40133104329,6723.43818392049,7814.62248401035,8041.14546633749,3223.38599561083,3390.4759518687,4472.89242295184,3296.60572152631,4395.60140325531,5018.24953638218,2334.10331896427,3738.9667144413,9225.87023633001,11959.066214149,9072.06040853455,5091.96598836834,7774.62620922704,5354.02513438254,7053.32952851347,7424.14205051331,8163.35351756862,8862.48661824096,6732.19936736131,6598.8015647919,8055.49635770509,8548.17922521516,8542.18870951702,9315.86204413741,8095.74914704625,5168.62194272323,6764.07629329386,6642.7906724659,8112.28786553461,6940.95456201811,10491.9089122333
4938.09358530192,16584.0719812566,11369.7796995676,17559.545109501,21116.3576538143,16731.2260735847,4247.74654946596,3207.59828251606,2700.81550097373,4519.04877549468,5913.79813104912,1319.15896525021,1587.42415459763,4109.58318171077,1653.52121513454,4012.32574071448,8334.43867307211,7630.98642913877,1e+09,1382.26591909806,1583.55618198408,854.975816675536,928.998688642777,5220.79507709314,9182.52330530666,11400.4031218462,10020.040276441,3550.32613369533,2946.81668590023,5429.4767596611,4206.99007574299,3439.34956837772,4700.59158446041,2183.90245574293,3061.00202557921,1702.08933658019,2748.29114311057,1182.52937430746,898.971549549817,1149.70681440966,1839.6080190084,1858.39126579954,1373.54455974315,1329.78180462059,1428.49974879242,1941.5779505083,2578.38973277897,1235.44390783232,3054.71477527772,2443.61054065496,1759.93655235068,1517.54306363938,2125.60822850778,3314.75982132944
5252.74826816401,16801.9187008687,11636.0345372984,17784.2712472932,21391.7803018379,16970.7995826331,3861.6192324982,3003.21662450447,3193.43953429527,4793.65720501581,6234.55492631992,1444.15629974736,1903.94986701331,4248.51342374012,1510.92009490906,4428.907519547,8540.57160965822,7962.40133104329,1382.26591909806,1e+09,2034.99523920819,1580.30335075263,1261.53160792744,5320.06570403975,9319.85456958423,11639.117931712,10232.9588881809,3840.0412965618,3121.4878859608,5735.16830508051,4587.09952350066,3694.38896598612,4462.55725000812,2333.54745507778,3194.56855310698,1345.54432056324,2988.18436706974,1277.40833197533,1317.64379723809,904.984494784303,1556.82616483023,2367.06241364692,1733.46252128507,1903.70401796078,2001.87800152757,2059.36884049458,2350.80978150083,1672.49820750278,3367.82953707577,2305.71447575367,2197.52014657432,1278.83472665548,1853.43648782471,3066.15826493024
5008.79878073576,15943.843816,10786.7697419292,17091.931879653,20712.5086702577,16032.6952972948,4334.60822031242,3714.17530198832,1691.77529512639,3908.47419712603,5332.88816853495,2658.90412909153,2938.68946721153,4227.58514006519,1185.01380295759,3712.90265709997,7882.90709246912,6723.43818392049,1583.55618198408,2034.99523920819,1e+09,2174.97575568097,2189.47570025337,4548.77045735438,8671.57066787788,10739.2472144792,9371.04138201299,3097.85359936521,2573.60125920858,4619.77672966995,3220.09024089388,3068.52596811564,5310.47707090427,2667.49220094455,2270.30810765852,2318.4962533073,1942.00563387442,1654.60083518654,1507.50594234318,2251.08928077053,2346.72409351845,1351.72161153841,1014.95004059313,2302.18994046973,2415.79231897115,1993.96324589998,2676.87363470897,2225.25548593864,2318.36483328229,1254.55064604822,1783.02120250994,2414.13586454864,1763.03425508412,3836.79191518122
4866.96913305396,16628.8362867279,11413.8803054789,17531.539587164,21064.1679019253,16816.4811511118,4749.30885357017,3523.09558957744,3092.81290407293,4720.33996233322,6007.26479443848,959.81906352187,1564.24554891488,4046.69700310018,2188.4815856205,4151.4230975775,8395.22196873317,7814.62248401035,854.975816675536,1580.30335075263,2174.97575568097,1e+09,1063.05431770912,5414.39387949381,9229.78087434366,11492.5049125202,10100.6701338773,3751.83728790309,3133.92845438437,5660.5120916751,4382.80879182517,3844.16894280155,4767.45457255756,2594.54511776149,3389.66065069942,1884.61008227166,3133.76636346745,1381.23848397009,1257.27139106877,1100.12419653419,2070.57783951727,2037.52706261782,1726.02954293952,1131.99448337878,1333.21933551835,2464.28056925343,2999.34980654141,999.37930692005,3203.26664519206,2920.36128044117,1797.42969370154,1404.69428172112,2239.34541681269,3465.3805397676
5027.78743937132,16814.179244477,11606.9211173248,17738.2761989518,21293.8473845545,16990.9127345796,4178.22011248809,3234.3809649916,3259.96124464694,4857.0297113977,6182.99584330282,866.233067655582,1315.38486812796,4171.52163617786,1954.85012852648,4367.47464879878,8548.60102390444,8041.14546633749,928.998688642777,1261.53160792744,2189.47570025337,1063.05431770912,1e+09,5489.50603512739,9379.03465344915,11669.2960872068,10287.3407083075,3902.01621294684,3251.37988208084,5841.56058706918,4669.01177705733,3845.44379090372,4524.13850009038,2476.83581084819,3485.31217607548,1822.78459659939,3080.15515963076,1279.31858229293,1377.52575141084,1036.7668907715,1883.09251894324,2398.93180542924,1939.00597227033,1573.5989967587,1730.18878576877,2197.00888887596,2712.95425578833,1348.68656681232,3521.75888572741,2924.77755398594,2135.87965269582,1266.76751509502,2238.6606373008,3213.07009963991
2634.98673795524,11711.0492176449,6664.68690213576,12859.00322784,16579.7247189934,11889.9347750608,7347.94494912013,7769.4292426278,3307.07371301276,1159.55751099288,1816.31227067374,5897.36849230231,6590.0604130463,2746.26398854881,4392.68660217184,2724.17206380214,3741.45469736037,3223.38599561083,5220.79507709314,5320.06570403975,4548.77045735438,5414.39387949381,5489.50603512739,1e+09,4348.64659735647,6570.99643084669,5260.93596578594,2077.39594454211,2390.01262115914,1497.51125341348,2492.20522433446,7434.12893204712,9548.55591076996,6705.13713803081,2500.05414901358,4995.07844293761,2859.12808256293,4412.98277194688,4909.41710610333,5495.42179854286,6322.71868452171,4701.22861016139,4199.71909508243,5747.96063527752,6301.91041830174,6148.16025536908,6913.9086887592,5733.74819079108,3198.19137374548,4519.42893312861,4314.83382128443,5389.43138603694,4374.78173794991,8001.22471806036
4738.04422046692,7591.18841826496,2784.15580982818,8586.47791150132,12286.7313598166,7894.89482957816,11570.7499854158,11946.7940452031,7331.38205234184,4847.37677988827,3534.81699199548,9711.22501792127,10450.8324298163,5555.81041830083,8601.75178221274,5691.09552848131,1126.86470248207,3390.4759518687,9182.52330530666,9319.85456958423,8671.57066787788,9229.78087434366,9379.03465344915,4348.64659735647,1e+09,2699.6005444695,1678.20389369111,5740.92820680593,6304.99892164939,4331.54151945932,5959.96347061792,11520.505917667,13682.8007451691,10832.9310559654,6714.63159429466,8985.29883749005,7032.66299186873,8398.44257735921,8898.91457547492,9453.94108551561,10486.7705329382,8531.31778731164,8262.16337746356,9496.71852319526,10116.5340572154,10273.1548588348,11082.3031238818,9516.59751301378,6863.60791039232,8663.63172105671,8122.44329792458,9328.79488972182,8493.08236873987,12153.9740331218
7144.45962523409,5246.36381423363,994.965958060878,6566.69483445058,10265.7810049796,5400.97349326952,13824.3213585008,14208.505805946,9307.20046107851,6991.65090958495,5535.12423376386,12012.312545451,12722.8474259106,7967.82014397916,10823.8391149305,7697.23624948592,3339.39289233837,4472.89242295184,11400.4031218462,11639.117931712,10739.2472144792,11492.5049125202,11669.2960872068,6570.99643084669,2699.6005444695,1e+09,1472.37636998833,7957.46994576794,8572.20801825877,6239.6853191407,7779.52737506592,13404.2839558814,15904.6435483132,13050.9800077695,8912.09677067075,11300.0906517913,9195.39216093039,10691.233443607,11118.8800190892,11788.0019847428,12730.1042420398,10596.8226492284,10461.2831665241,11675.0583728091,12282.6169300886,12394.7547410386,13226.4873564337,11734.6583009988,8944.50724955266,10762.3981174551,10260.7390298214,11655.3163942469,10751.3237441024,14387.5630796289
5864.8253108767,6625.08934827297,1647.63291075409,7852.18763539818,11533.8874838842,6763.35659689033,12537.9000341365,12842.4687827497,7943.06829645824,5625.36502605831,4170.21278683714,10615.4310188753,11343.1199139875,6627.22859601961,9465.96138777251,6323.20375169898,2100.93170253105,3296.60572152631,10020.040276441,10232.9588881809,9371.04138201299,10100.6701338773,10287.3407083075,5260.93596578594,1678.20389369111,1472.37636998833,1e+09,6578.36928863833,7190.00224158519,4905.08775193676,6424.10177742383,12035.2410736055,14508.1023468199,11681.6411549448,7577.50747228269,9927.28992945205,7855.47893563467,9308.06402206173,9744.8425584819,10402.3298628528,11346.9407814662,9219.39557546481,9079.07654176899,10293.12940794,10891.8295299367,11040.52943524,11856.6527401792,10343.9863321304,7575.25474369014,9404.65916040023,8884.68029526105,10284.8191617403,9385.13812133844,13009.0764753537
2381.85050668593,13157.7843603967,8001.08164519648,14197.9246099139,17789.2721876697,13284.1855894594,6423.30723368422,6322.32011634969,2046.73502234657,1213.07619575194,2639.65435786582,4307.4203749344,4963.20457041618,1905.49569755484,3146.336701801,1526.42262588053,4908.00711138442,4395.60140325531,3550.32613369533,3840.0412965618,3097.85359936521,3751.83728790309,3902.01621294684,2077.39594454211,5740.92820680593,7957.46994576794,6578.36928863833,1e+09,882.194064421202,2123.7444677503,2028.01478041951,6018.73525060706,8104.83677831331,5154.32971787797,1622.43919220413,3612.32886926149,1768.96886725007,2903.11219123547,3349.18428843502,3987.76144057039,4940.39058087516,3073.68862307163,2631.76649891285,4077.51758859481,4550.71821332633,4689.09824417233,5496.20892005571,4028.85841270204,1731.59629506996,3306.79745221869,2814.39012077217,4034.52338543229,3345.73184560568,6575.88593064843
2627.89112607429,13761.694473407,8598.07842502033,14780.8678357835,18404.7675346172,13927.2302141129,5849.80210205439,5715.49981974455,1855.56481487444,1769.77530918476,3196.54601163506,3636.20237565238,4313.82996133366,1892.13126492323,2436.68949691995,1847.75712995512,5508.26204188762,5018.24953638218,2946.81668590023,3121.4878859608,2573.60125920858,3133.92845438437,3251.37988208084,2390.01262115914,6304.99892164939,8572.20801825877,7190.00224158519,882.194064421202,1e+09,2763.55277890617,2199.51075971453,5545.04443048025,7424.80439656157,4633.71881172132,1215.27937310727,2891.82119934826,1410.13046190769,2189.98366372902,2647.50055074593,3261.62769420423,4232.67089598282,2616.33948001784,2042.58674207486,3440.51164322983,3972.88836050046,4077.24813569152,4853.62736319961,3415.08533039806,1599.53854032968,2796.42388258647,2157.06230322631,3247.24648480832,2595.78683793566,5899.02315045466
3094.38612799049,11426.3403635985,6352.86605396336,12665.516945206,16302.2483089021,11515.8273072802,7915.02941223847,8073.16181178725,3223.1582365748,1183.88388155258,1527.61038550411,6276.90292587834,6870.02356509059,3351.52747738997,4810.06615310018,2600.53962448181,3623.00723544682,2334.10331896427,5429.4767596611,5735.16830508051,4619.77672966995,5660.5120916751,5841.56058706918,1497.51125341348,4331.54151945932,6239.6853191407,4905.08775193676,2123.7444677503,2763.55277890617,1e+09,2087.1036587338,7355.00552504211,9849.93361347172,6888.88645113998,2894.04995639329,5544.18876567168,3206.64628292551,4843.06699656323,5219.20337929075,5939.32403221107,6706.70491078145,4699.86679403789,4413.16277448498,5934.03246597118,6418.35898523914,6408.40557645972,7186.52027433305,5956.60027884195,3139.62141319618,4691.11509851336,4566.48015197701,5934.50992702009,4880.8580341985,8352.51139988447
3601.96344001435,12923.4573923196,7817.58419742954,14139.9801776382,17776.1488716257,13006.5582509363,7074.90125646288,6867.26559075736,1947.01450295061,1916.98766336667,2614.4433458769,5008.80307554609,5655.25787608311,3357.617353273,3662.41210792833,2346.51636653146,5250.61529897211,3738.9667144413,4206.99007574299,4587.09952350066,3220.09024089388,4382.80879182517,4669.01177705733,2492.20522433446,5959.96347061792,7779.52737506592,6424.10177742383,2028.01478041951,2199.51075971453,2087.1036587338,1e+09,5755.20555671993,8373.4567733583,5728.45669249581,2231.52316407426,4480.37907104968,2305.53710894013,3676.06661314781,3942.91103887724,4741.77868362706,5322.31148242942,3094.84213006092,3142.53783273965,4519.80842701325,4971.90670876878,4992.44675107306,5761.91479356472,4534.96009221691,1833.9015170123,3399.38401152326,3089.8319792992,4676.2545936465,3537.25725322601,6898.54082486289
7927.48110141551,18572.9931936939,13436.3006350781,19802.7602542297,23392.2799821287,18564.0035003525,4518.85012561824,3165.62436016973,4269.22306306429,6759.85120192745,8108.04551689863,3920.25007147503,3699.22205733854,7079.28589112631,3724.34277356422,6329.100892141,10705.1918258525,9225.87023633001,3439.34956837772,3694.38896598612,3068.52596811564,3844.16894280155,3845.44379090372,7434.12893204712,11520.505917667,13404.2839558814,12035.2410736055,6018.73525060706,5545.04443048025,7355.00552504211,5755.20555671993,1e+09,3695.4465717691,2785.82096939125,5229.2381226236,4185.78434970078,4857.56669271766,4113.31104520434,3655.80616783768,3884.22268172153,2809.47272222031,3564.17561807776,3759.92009791432,3696.35634407723,3169.64347424123,2560.45519464801,2295.40109266333,3630.40594199877,5056.03276698243,3474.13219511002,4173.535188662,4141.73548772734,4099.55348536886,2980.1329376053
9487.33066664697,21071.4252235249,15878.9298816702,22099.905509289,25698.4414919485,21216.4211259274,4361.5029609528,2479.18118363705,6836.73624702606,9007.14667562375,10421.8917596519,4325.79293698855,3676.16174903934,8563.69251949765,5235.48047237309,8550.50857302067,12897.8474908064,11959.066214149,4700.59158446041,4462.55725000812,5310.47707090427,4767.45457255756,4524.13850009038,9548.55591076996,13682.8007451691,15904.6435483132,14508.1023468199,8104.83677831331,7424.80439656157,9849.93361347172,8373.4567733583,3695.4465717691,1e+09,3513.1499212957,7228.58625321024,5087.19437745404,6920.49226501988,5369.16981005444,4955.90946820057,4410.27834876666,3293.23406506431,5642.50718814784,5576.69074531662,4674.75786299141,4109.62239316461,3905.16412738312,3065.99669207258,4575.32610255269,7271.84777137146,5566.35608322896,5868.46475606696,4602.82013894743,5390.93625796113,1857.55622089885
6806.1617909656,18250.7121967473,13092.1829695166,19321.7804772749,22897.8690085344,18344.4996258225,2947.31143055837,1426.0783942687,3989.27358817367,6089.95851377495,7647.28506548566,2654.19571320579,2345.92925511406,5944.9138518569,2671.49630359093,5831.54106810541,10033.8072904058,9072.06040853455,2183.90245574293,2333.54745507778,2667.49220094455,2594.54511776149,2476.83581084819,6705.13713803081,10832.9310559654,13050.9800077695,11681.6411549448,5154.32971787797,4633.71881172132,6888.88645113998,5728.45669249581,2785.82096939125,3513.1499212957,1e+09,4326.24889854941,2732.59385041027,4032.7595804486,2878.2858226903,2590.09930699578,2308.96963364614,1597.76106743155,3215.91983208537,2761.74114587157,2959.18193149728,2393.5972760053,1933.84702618899,1846.64367269379,2685.52544199455,4510.38155857129,2940.484244372,3643.71105162031,2835.75916625513,3219.92677489722,2192.46725984677
3496.51687686475,14094.6723237577,9017.90036923784,15233.9191253203,18908.7522823533,14249.4414066938,5286.73387180592,5367.1702891561,1678.46559437481,2166.06989086225,3694.42852362852,3945.14494795819,4482.469785085,2913.66070673989,2069.53359699716,2775.71424188442,6028.00008968149,5091.96598836834,3061.00202557921,3194.56855310698,2270.30810765852,3389.66065069942,3485.31217607548,2500.05414901358,6714.63159429466,8912.09677067075,7577.50747228269,1622.43919220413,1215.27937310727,2894.04995639329,2231.52316407426,5229.2381226236,7228.58625321024,4326.24889854941,1e+09,2970.20487200799,1013.96699438394,2374.81048332283,2712.98518346489,3353.63975386445,4007.78261523751,2609.63729859151,1917.33292774103,3708.53127050319,4128.99509279195,3831.83439567787,4552.29931679585,3656.86714029919,1685.73568666621,2167.88007020684,2469.8677287863,3355.65965434518,2252.86446594108,5643.03875869199
4895.45606575118,16477.3987691868,11324.9108422362,17411.9919270283,21028.1418753655,16634.7526750625,3986.65162004407,3459.83789049429,3115.18200893624,4549.70442646553,5975.64226664381,1806.67195813186,2515.02899452472,3793.72356601005,1651.68989910334,4033.79285837783,8191.5343569871,7774.62620922704,1702.08933658019,1345.54432056324,2318.4962533073,1884.61008227166,1822.78459659939,4995.07844293761,8985.29883749005,11300.0906517913,9927.28992945205,3612.32886926149,2891.82119934826,5544.18876567168,4480.37907104968,4185.78434970078,5087.19437745404,2732.59385041027,2970.20487200799,1e+09,2812.57434515072,1250.71710614351,1272.20614052912,1167.8952324588,2016.99959700046,2472.91364186055,1743.30703598075,2138.15929907011,2331.74194545623,2161.67219846118,2738.12912577183,1906.27473143301,3200.93133815769,2501.49089706519,1987.28266147521,1301.8675633489,2151.64346670167,3508.27165268028
3652.0384878996,14379.722536746,9262.7583671604,15517.9706060844,19175.6680301548,14485.7129790045,4989.2705973118,5113.19068851339,1280.1693980095,2384.49966080937,3845.17554066131,3594.79448295727,4219.67191687932,2996.40986890979,1890.71419072265,2781.38797892347,6301.27204468272,5354.02513438254,2748.29114311057,2988.18436706974,1942.00563387442,3133.76636346745,3080.15515963076,2859.12808256293,7032.66299186873,9195.39216093039,7855.47893563467,1768.96886725007,1410.13046190769,3206.64628292551,2305.53710894013,4857.56669271766,6920.49226501988,4032.7595804486,1013.96699438394,2812.57434515072,1e+09,2031.57798919953,2550.00078639204,3153.51279892757,3733.35897426165,2335.79888592747,1665.02210703041,3534.1726381149,3873.65478931719,3458.89009689525,4255.34977871385,3358.51928871936,1705.06627184987,2095.39301375661,2298.5969171214,3159.74745099984,2135.02665763217,5325.69038108676
4250.17569720359,15861.9168528208,10678.6884492994,16829.6938770407,20434.5282121976,16027.9579800828,4368.90123312487,3805.81355839983,2379.32656648893,3858.82749028769,5228.62572249152,1630.00801571649,2409.44564240408,3287.62098802462,1229.02096019555,3478.8044188629,7603.76887833264,7053.32952851347,1182.52937430746,1277.40833197533,1654.60083518654,1381.23848397009,1279.31858229293,4412.98277194688,8398.44257735921,10691.233443607,9308.06402206173,2903.11219123547,2189.98366372902,4843.06699656323,3676.06661314781,4113.31104520434,5369.16981005444,2878.2858226903,2374.81048332283,1250.71710614351,2031.57798919953,1e+09,956.359709419003,1212.93716143912,2220.86647219053,1759.58054311248,994.395071437907,1840.86882433268,2195.70418280788,2289.82287751695,3009.01894068482,1577.58544621203,2455.49732836344,2146.22309457801,1345.58317082223,1276.19523306585,1495.26480424037,3827.23839061535
4755.51332353301,16314.3427131957,11129.8459171994,17291.3873896139,20884.5602509869,16477.3522135536,4375.58203822075,3449.96994762273,2640.4361707112,4323.19651808705,5688.25491722198,1610.82571108733,2028.24087748472,3818.2276635502,1284.47177952651,3764.39076750807,8082.07175771782,7424.14205051331,898.971549549817,1317.64379723809,1507.50594234318,1257.27139106877,1377.52575141084,4909.41710610333,8898.91457547492,11118.8800190892,9744.8425584819,3349.18428843502,2647.50055074593,5219.20337929075,3942.91103887724,3655.80616783768,4955.90946820057,2590.09930699578,2712.98518346489,1272.20614052912,2550.00078639204,956.359709419003,1e+09,1074.6081467214,1892.268880392,1585.56044132666,1167.13826434575,1218.01337710224,1596.53049717191,1807.29707082151,2521.7655489359,1215.15685855778,2691.52872475848,2082.17243846421,1220.03858578325,1189.1556084466,1785.19991255881,3431.59481518433
5168.36245005127,16945.2620752823,11765.8122122104,17864.4398821262,21451.787618194,17142.2892763335,4009.19132299769,2975.42301212786,3388.53803449216,4967.11584588079,6349.36097994908,992.130139397045,1551.5959368663,4202.31466486031,1754.0257113851,4502.26624966805,8664.23169042126,8163.35351756862,1149.70681440966,904.984494784303,2251.08928077053,1100.12419653419,1036.7668907715,5495.42179854286,9453.94108551561,11788.0019847428,10402.3298628528,3987.76144057039,3261.62769420423,5939.32403221107,4741.77868362706,3884.22268172153,4410.27834876666,2308.96963364614,3353.63975386445,1167.8952324588,3153.51279892757,1212.93716143912,1074.6081467214,1e+09,1475.58602300916,2334.1331429248,1790.07623019245,1487.8311921048,1630.73395236623,2017.04301198561,2444.71076702337,1241.26480361767,3438.16148567807,2646.01283354787,2029.14653566469,690.436914786572,1959.39110475678,2940.50234718492
6416.34205154308,17911.4475752157,12738.5327114193,18947.7137025816,22581.0060677464,18061.1516360059,3199.98904109061,1925.20615467539,3790.07651367357,5828.23777662683,7274.9017250132,1874.44793936775,1880.03642267909,5467.694628342,2064.34651076315,5490.12868736244,9721.28326833448,8862.48661824096,1839.6080190084,1556.82616483023,2346.72409351845,2070.57783951727,1883.09251894324,6322.71868452171,10486.7705329382,12730.1042420398,11346.9407814662,4940.39058087516,4232.67089598282,6706.70491078145,5322.31148242942,2809.47272222031,3293.23406506431,1597.76106743155,4007.78261523751,2016.99959700046,3733.35897426165,2220.86647219053,1892.268880392,1475.58602300916,1e+09,2767.72545285836,2398.00349974724,2221.31042398401,1928.25258617744,1378.22866248674,1299.11852596289,1996.83611015025,4169.0812615851,2610.09394049333,2860.25960910894,1712.07863616132,2310.66386527768,1746.10812577572
4778.34450829992,15776.4258370931,10630.3265988068,16833.9227412745,20403.6738043961,15881.2842590579,5253.57003508091,4225.87409625512,2129.69622747001,4020.8522174161,5209.89792804043,2611.62073452483,3124.55043319835,3919.96652120908,1963.83118212844,3479.05284314567,7739.29227100256,6732.19936736131,1858.39126579954,2367.06241364692,1351.72161153841,2037.52706261782,2398.93180542924,4701.22861016139,8531.31778731164,10596.8226492284,9219.39557546481,3073.68862307163,2616.33948001784,4699.86679403789,3094.84213006092,3564.17561807776,5642.50718814784,3215.91983208537,2609.63729859151,2472.91364186055,2335.79888592747,1759.58054311248,1585.56044132666,2334.1331429248,2767.72545285836,1e+09,1211.6560851991,1919.16006896246,2092.68041365613,2338.8804609257,3093.71315262097,1742.94588303825,1769.02161080638,1788.60830530332,1257.54608651135,2428.87903585172,2055.10842256558,4106.41580596753
4392.85561176326,15658.6572013343,10492.4575523039,16715.5628430873,20324.341524817,15785.7902428862,4491.03950616113,3868.41005913282,1735.30660411928,3577.07724340697,5020.49639936132,2292.9833011603,2865.00813956959,3521.67849052125,1129.40512921626,3337.9673922913,7478.15121594903,6598.8015647919,1373.54455974315,1733.46252128507,1014.95004059313,1726.02954293952,1939.00597227033,4199.71909508243,8262.16337746356,10461.2831665241,9079.07654176899,2631.76649891285,2042.58674207486,4413.16277448498,3142.53783273965,3759.92009791432,5576.69074531662,2761.74114587157,1917.33292774103,1743.30703598075,1665.02210703041,994.395071437907,1167.13826434575,1790.07623019245,2398.00349974724,1211.6560851991,1e+09,2098.03947920434,2310.16014273903,2279.91807736594,3014.78559498018,1892.61342550453,1891.07657954404,1470.02541413406,1377.92079986478,1987.13916498065,1485.84116180028,4006.05734453465
5207.91952863137,16825.8182474434,11627.7831539206,17725.8035615286,21251.5851551996,17009.5717651004,5137.29729587455,3666.63323299454,3427.25575433174,5070.28772814719,6255.79867896178,1419.39755956533,1642.84152129778,4328.88776030287,2404.68189168547,4248.71441891544,8648.89464001615,8055.49635770509,1329.78180462059,1903.70401796078,2302.18994046973,1131.99448337878,1573.5989967587,5747.96063527752,9496.71852319526,11675.0583728091,10293.12940794,4077.51758859481,3440.51164322983,5934.03246597118,4519.80842701325,3696.35634407723,4674.75786299141,2959.18193149728,3708.53127050319,2138.15929907011,3534.1726381149,1840.86882433268,1218.01337710224,1487.8311921048,2221.31042398401,1919.16006896246,2098.03947920434,1e+09,886.63382272503,2250.99261771335,2782.38388562757,743.269081221599,3303.08707526762,2993.86092961914,1616.17821430683,1557.55892623682,2566.28822212159,3390.31482122236
