1e+09,12252.96,15060.3,16825.53,19030.61,8892.97,37420.65,9682.26,8117.67,6714.65,9044.39,9951.52,8370.5,10729.19,11586.6,6447.08,8215.81,23258.48,7564.14,9185.12,16567.47,9875.4,5353.18,7077.93,6369.39,6614.81,6966.85,11168.7,5833.92,8172.32,9276.23,21131.06,27683.98,7779.84,14980.01,8286.78,12223.27,13264.73,10684.5,11649.32,19555.71,13038.87,19035.47,11026.17,8508.21,9768.22,19401.91,8958.36,11700.41,12466.3,9081.49,8081.38,14428.1,20702.72
12252.96,1e+09,5104.97,6009.56,12505.27,29549.19,59428.46,25733.11,23948.66,15018.57,30956.32,33930.89,29949.47,32455.2,34890.88,25378.05,21387.79,44978.76,28416.94,29842.32,35898.81,33550.76,26463.34,20940.86,16122.65,15293.47,24381.69,32388.97,26618.45,28009.51,32523.1,45168.58,51573.69,29001.95,37504.06,31690.85,36700.26,38445.17,33560.76,35260.03,40503.28,32833.69,39882.9,32445.4,27930.81,30074.37,38693.46,30188.31,33359.82,34074.2,30612.95,30639.18,37884.46,43911.45
15060.3,5104.97,1e+09,2782.64,6905.53,32392.51,63463.86,29253.43,28056.02,17870.89,34513.24,37370.25,33363.93,36490.6,38366.88,28143.92,25278.09,49014.16,32154.32,33872,39934.21,36996.46,28710.62,25725.22,17510.35,17517.71,28155.05,36424.37,29682.5,31513.06,35373.06,49203.98,55609.09,32293.77,41539.46,34615.13,40437.64,42480.57,37596.16,39038.05,44538.68,36869.09,43918.3,36480.8,31557.33,33513.73,42728.86,33627.67,37395.22,37874.84,34648.35,33184.48,41919.86,47946.85
16825.53,6009.56,2782.64,1e+09,6675.73,34275.16,61831.79,30619.4,28843.11,19666.82,35367.69,37913.8,35154.14,34858.53,39098.43,32090.56,28184.54,47382.09,32864.35,32994.87,38302.14,37733.53,32350.63,26624.04,20091.32,19979.24,29071.08,34792.3,32093.56,32903.96,37255.71,47571.91,53977.02,33475.69,39907.39,37647.42,39684.25,40862.96,36309.79,39163.28,42906.61,35237.02,42286.23,34848.73,32042.89,33265.17,41096.79,33590.12,35763.15,37058.19,33786.34,35395.53,40287.79,46314.78
19030.61,12505.27,6905.53,6675.73,1e+09,38060.89,70186.6,36928.19,34608.23,25857.32,41235.98,43384.19,39576.77,43213.34,45089.62,34755.48,33943.75,55736.9,38783.88,40594.74,46656.95,43718.34,33527.6,34780.41,24694.94,24161.16,34179.95,43147.11,34952.46,36818.2,41351,55926.72,62331.83,38662.11,48262.2,39878.89,46805.98,49203.31,44318.9,45760.79,51261.42,43591.83,50641.04,43203.54,38280.07,39646.07,49451.6,40122.05,44117.96,44597.58,41371.09,38269.7,48642.6,54669.59
8892.97,29549.19,32392.51,34275.16,38060.89,1e+09,25395.66,3915.75,4083.22,12874.78,5679.99,6653.54,4934.93,8441.49,6335.84,5364.26,7518.75,11449.81,6163.43,6322.12,6397.41,7711.35,4851.65,6303.46,12921.25,12467.87,3891.21,7876.79,5781.77,2306.84,4929.43,10868.72,18024.73,5783.99,8370.99,5696.1,7862.91,10193.77,7049.08,8457.66,8884.35,6620.68,9351.6,7784.46,5396.98,4919.53,7383.4,5966.24,8376.06,5967.15,6820.12,2756.37,9213.06,11946.7
37420.65,59428.46,63463.86,61831.79,70186.6,25395.66,1e+09,27783.44,32317.48,41092.21,25648.62,25718.4,27761.78,24495.57,18663.4,37070.05,41430.31,9508.96,28883.92,26969.96,18884.95,23054.16,36384.9,36570.22,43657.85,42089.94,31385.94,22632.63,34488.99,29534.37,25644.9,10711.47,5488,28735.14,18941.62,27428.02,20008.28,17585.23,22646.23,21656.04,15991.04,23161.31,16962.09,24213.41,29232.94,27475.16,15278.99,26967.77,23478.35,22904.06,26052.36,29902.02,18566.87,12478.35
9682.26,25733.11,29253.43,30619.4,36928.19,3915.75,27783.44,1e+09,3045.76,8231.44,5170.16,8030.17,4320.64,6262.2,8652.16,4694.56,6218.41,11649.29,6733.17,5458.94,5571.23,8751.19,6335.18,3982.63,9288.88,8979.41,3552.03,5491.59,4653.41,2917.67,4447.14,10532.85,19374.66,5378.55,7302.41,5310.93,7255.45,9441.79,6056.13,9038.03,8377.05,4199.62,8915.32,5646.1,4458.39,3609.6,7718.87,4408.66,6492.16,6715.49,5880.5,3466.59,8835.47,11510.09
8117.67,23948.66,28056.02,28843.11,34608.23,4083.22,32317.48,3045.76,1e+09,7718.35,8723.76,9673.26,8288.26,8881.44,12878.71,4979.7,5088.49,17014.4,10709.54,10037.11,10113.38,11143.47,6033.52,2949.21,8132.74,7572.3,2378.66,8931.09,3638.63,2517.82,7316.38,15598.45,23679.56,9093.66,10751.2,7796.02,11122.5,12333.21,8847.57,13060.2,13495.12,8617.23,12928.74,9451.84,8030.52,7048.3,12318.1,8021.01,9016.5,9883.78,9228.74,5334.4,12397.76,15879.38
6714.65,15018.57,17870.89,19666.82,25857.32,12874.78,41092.21,8231.44,7718.35,1e+09,14169.98,18989.35,14666.92,14966.36,18335.16,10437.06,7286.53,26130.91,14072.3,14247.63,17562.56,17677.09,12671.24,4652.89,3187.21,2789.95,8560.91,14876.47,11209.4,10869.58,14591.88,24965.01,33237.44,14560.22,19156.89,14956.35,19458.45,20207,16501.14,19933.04,22167.03,15153.8,21546.65,15513,12426.37,13407.37,20357.21,13955.36,15454.47,17037.67,14838.59,13962.4,20485.33,25334.95
9044.39,30956.32,34513.24,35367.69,41235.98,5679.99,25648.62,5170.16,8723.76,14169.98,1e+09,3717.51,1880.94,2767.23,4445.76,7306.33,10285.67,10462.74,2472.24,2196.22,5312.81,2756.73,6139.01,8675.66,16920.43,17236.27,4833.97,3541.4,7057.92,6894.51,1401.16,8415.97,14113.28,1751.47,3987.81,2518.05,3141.26,3144.1,2150.56,2016.3,7088.62,3580.93,6663.15,2260.95,1587.59,1751.38,7733.22,1920.22,2833.5,1924.72,1796.73,3593.7,3674.01,7326.75
9951.52,33930.89,37370.25,37913.8,43384.19,6653.54,25718.4,8030.17,9673.26,18989.35,3717.51,1e+09,3522.56,3530.22,6158.55,6283.75,8258.24,13674.77,3515.13,4321.3,9128,3408.96,5413.84,10330.22,18917.02,19838.96,6981.49,4454.02,6060.04,7789.4,3744.85,9749.75,15062.52,3482.09,6302.64,3187.85,3506.09,4822.87,4555.29,3467.45,10864.1,6591.13,8796.35,4837.79,4566.45,4252.48,11755.58,3844.32,3762.68,4720.7,3996.95,3639.59,5564.73,9590.73
8370.5,29949.47,33363.93,35154.14,39576.77,4934.93,27761.78,4320.64,8288.26,14666.92,1880.94,3522.56,1e+09,2850.27,4204.92,4506.71,8098.39,12967.02,1682.69,1778.63,7540.63,2699.06,4185.56,9390.77,17260.73,17214.8,5847.82,3860.26,5357.22,5575.37,1997.33,10724.69,16324.22,2051.32,6181.73,2332.14,2899.13,4360.69,3324.43,2219.38,9592.9,4732.35,8971.87,3056.11,1558.36,2215.45,10335.28,1380.28,3597.37,2768.69,2367.36,2652.64,4924.7,9613.91
10729.19,32455.2,36490.6,34858.53,43213.34,8441.49,24495.57,6262.2,8881.44,14966.36,2767.23,3530.22,2850.27,1e+09,6262.4,10934.68,15294.94,9705.82,2877.77,1733.51,3967.96,3292.5,10249.53,10921.77,16942.59,16621.99,6489.09,1214.92,7902.35,8970.08,4146.13,7399.56,13172.24,2835.31,2173.87,5140.85,2793,2594.05,2299.29,3011.79,6101.91,2187.23,5975.9,1233.12,3093.28,2393.52,6508.54,1901.9,893.72,2422.11,1516.21,4886.17,3175.08,6617.94
11586.6,34890.88,38366.88,39098.43,45089.62,6335.84,18663.4,8652.16,12878.71,18335.16,4445.76,6158.55,4204.92,6262.4,1e+09,8478.5,12296.35,7204.35,4084.18,4526.67,7428.51,3576.84,7716.67,12991,20977.53,21414.45,9760.33,6771.1,9420.84,9576.65,4989.72,7400.24,11378.45,4951.85,7339.16,5534.86,5949.53,5077.44,4547.5,3979.27,7683.52,7882.55,6789.11,6143.75,4838.32,5952.57,8167.11,5739.8,6745.34,5781.78,4298.97,5478.5,4774.91,6237.07
6447.08,25378.05,28143.92,32090.56,34755.48,5364.26,37070.05,4694.56,4979.7,10437.06,7306.33,6283.75,4506.71,10934.68,8478.5,1e+09,3039.61,22177.33,5351.43,7736.54,16726.45,6639.99,2612.74,5620.18,9766.83,9933.19,5402.19,11999.41,3923.62,4848.76,5501.4,19983.98,25608,4523.01,15416.53,4357.3,7951.5,12125.07,10373.02,7960.31,18803.21,13305.79,18231.16,11403.29,6864.06,6782.46,19521.1,7013.28,12287.1,9396.51,8606.69,4210.04,13157.98,18873.2
8215.81,21387.79,25278.09,28184.54,33943.75,7518.75,41430.31,6218.41,5088.49,7286.53,10285.67,8258.24,8098.39,15294.94,12296.35,3039.61,1e+09,25156.67,9021.23,11406.34,19360.56,10664.49,4635.79,3794.34,7762.91,7066.99,5850.86,15850.72,4831.18,6804.76,8054.85,23653.78,29623.03,8117.23,18583.86,7031.2,11545.92,15873.97,13690.71,11975.34,21782.55,16295.44,21900.96,14382.63,9843.4,9686.42,22155.21,9992.62,16014.49,13066.31,12576.18,6371.69,16976.68,22543
23258.48,44978.76,49014.16,47382.09,55736.9,11449.81,9508.96,11649.29,17014.4,26130.91,10462.74,13674.77,12967.02,9705.82,7204.35,22177.33,25156.67,1e+09,14806.28,11057.4,4028.98,12527.61,21349.29,20463.28,28628.97,27425.05,15763.97,8066.54,19683.45,13418.9,11405.42,3353.91,4680.29,14416.18,5992.14,14808.7,10054.77,8395.1,8377.01,10924.41,3127.43,6249.61,3399.83,8851.89,12115.46,10330.04,3381.29,11727.05,8955.91,7605.46,10358.2,12800.22,4701.96,2063.38
7564.14,28416.94,32154.32,32864.35,38783.88,6163.43,28883.92,6733.17,10709.54,14072.3,2472.24,3515.13,1682.69,2877.77,4084.18,5351.43,9021.23,14806.28,1e+09,1470.28,9559.17,2120.1,4428.54,9977.78,17068.79,18241.44,6387.5,3813.28,6311.16,7611.46,3516.94,12205.39,17625.64,1648.38,7469.6,3164.04,4244.63,4410.92,3045.28,2621.49,11432.16,5730.97,10452.57,3765.21,1713.18,2875.05,12196.5,2686.85,4100.97,4359.58,1902.98,3415.06,5270.84,11094.61
9185.12,29842.32,33872,32994.87,40594.74,6322.12,26969.96,5458.94,10037.11,14247.63,2196.22,4321.3,1778.63,1733.51,4526.67,7736.54,11406.34,11057.4,1470.28,1e+09,5351.56,3139.89,7093.71,10236.37,16449.63,17312.58,6021.92,2278.38,7238.39,7733.55,3286.41,9373.97,15252.95,2260.57,4484.59,4537,3428.83,3203.02,2036.22,3388.02,7683.28,2577.21,7621.15,1285.99,929.24,1525.96,8146.21,1468.98,2061,3784.56,1321.91,3677.01,3628.65,8263.19
16567.47,35898.81,39934.21,38302.14,46656.95,6397.41,18884.95,5571.23,10113.38,17562.56,5312.81,9128,7540.63,3967.96,7428.51,16726.45,19360.56,4028.98,9559.17,5351.56,1e+09,8566.58,15647.67,13073.39,20128.2,18629.21,8677.75,2653.56,12357.14,7240.21,6752.05,2429.43,7923.72,9108.74,3233.84,10148.72,6313.53,5280.91,4273.51,7459.21,1894.9,1695.34,1878.48,3627.95,6108.39,4560.5,1835.03,6189.17,4097.14,3264.14,4706.96,7094.91,3410.87,3306.64
9875.4,33550.76,36996.46,37733.53,43718.34,7711.35,23054.16,8751.19,11143.47,17677.09,2756.73,3408.96,2699.06,3292.5,3576.84,6639.99,10664.49,12527.61,2120.1,3139.89,8566.58,1e+09,5806.04,12390.7,19795.07,19968.08,8636.47,4214.4,7275.45,9503.5,3436.08,8624.57,12898.94,2735.3,4692.41,3138.42,3391.92,2905.66,3111.42,1846.2,9506.22,6442.88,7960.87,3954.42,3468.05,4645.19,10504.89,3752.78,3753.35,4016.96,2869.7,4230.6,5025.77,8698.42
5353.18,26463.34,28710.62,32350.63,33527.6,4851.65,36384.9,6335.18,6033.52,12671.24,6139.01,5413.84,4185.56,10249.53,7716.67,2612.74,4635.79,21349.29,4428.54,7093.71,15647.67,5806.04,1e+09,7419.47,12983.52,12856.1,5610.23,11129.54,3541.83,5065.28,4888.89,19165.96,24944.01,4200,14063.51,3082.88,7354.55,11070.64,9330.87,7269.31,17961.77,12298.91,17588.33,10092.54,5896.24,6164.67,18475.47,5999.46,11335.27,8753.68,7935.8,3245.66,12396.83,18230.37
7077.93,20940.86,25725.22,26624.04,34780.41,6303.46,36570.22,3982.63,2949.21,4652.89,8675.66,10330.22,9390.77,10921.77,12991,5620.18,3794.34,20463.28,9977.78,10236.37,13073.39,12390.7,7419.47,1e+09,8271.19,7221.1,3066.95,10862.8,5410.26,4639.1,8325.66,19297.38,28715.45,9505.8,13890.47,9592.89,12949.9,14793.53,11087.67,14054.85,17089.16,11013.05,17024.66,11394.29,8263.91,8109.44,15835.22,8864.5,11547.2,12891.96,10593.13,7831.37,15490.02,19900.89
6369.39,16122.65,17510.35,20091.32,24694.94,12921.25,43657.85,9288.88,8132.74,3187.21,16920.43,18917.02,17260.73,16942.59,20977.53,9766.83,7762.91,28628.97,17068.79,16449.63,20128.2,19795.07,12983.52,8271.19,1e+09,2115.52,9147.7,16653.04,10563,12074.36,15963.4,27463.07,35803.08,16957.07,21733.45,15845.33,21035.69,22117.9,18359.99,22265.78,24732.67,17063.08,24112.29,17297.31,15503.53,14993.88,22922.85,15024.86,17589.21,19309.73,17157.73,15006.46,22466.63,28066.58
6614.81,15293.47,17517.71,19979.24,24161.16,12467.87,42089.94,8979.41,7572.3,2789.95,17236.27,19838.96,17214.8,16621.99,21414.45,9933.19,7066.99,27425.05,18241.44,17312.58,18629.21,19968.08,12856.1,7221.1,2115.52,1e+09,8723.63,16526.92,11364.92,11315.92,15934.02,26259.15,34235.17,17233.35,20165.54,15799.4,21406.25,21827.5,18121.64,22068.15,23164.76,16641.07,22544.38,17476.43,15686.13,15344.74,21354.94,16057.62,17220.47,18519.98,17239.56,14198.19,21812.24,26572.93
6966.85,24381.69,28155.05,29071.08,34179.95,3891.21,31385.94,3552.03,2378.66,8560.91,4833.97,6981.49,5847.82,6489.09,9760.33,5402.19,5850.86,15763.97,6387.5,6021.92,8677.75,8636.47,5610.23,3066.95,9147.7,8723.63,1e+09,6665.38,3156.27,3219.7,4876.44,14374.08,22734.99,6149.01,9143.33,6132.31,9218.22,10058.99,6943.28,10404.45,12389.85,6876.77,11971.14,7109.23,4517.59,4517.07,11334.4,5325.9,6990.38,8370.92,6308.07,4373.37,10731.85,14599.06
11168.7,32388.97,36424.37,34792.3,43147.11,7876.79,22632.63,5491.59,8931.09,14876.47,3541.4,4454.02,3860.26,1214.92,6771.1,11999.41,15850.72,8066.54,3813.28,2278.38,2653.56,4214.4,11129.54,10862.8,16653.04,16526.92,6665.38,1e+09,7865.67,8355.66,4598.86,6390.43,12676.19,3676.72,2942.49,5991.38,3436.37,2811.2,2822.84,4256.8,4378.86,1636.84,5308.49,1706.46,3127.6,2750.31,4258.67,2114.75,1480.97,3092.64,2333.52,5414.17,3823.03,6610.92
5833.92,26618.45,29682.5,32093.56,34952.46,5781.77,34488.99,4653.41,3638.63,11209.4,7057.92,6060.04,5357.22,7902.35,9420.84,3923.62,4831.18,19683.45,6311.16,7238.39,12357.14,7275.45,3541.83,5410.26,10563,11364.92,3156.27,7865.67,1e+09,3699.66,5333.92,17414.04,25364.42,5128.63,11612.83,4388.58,7845.46,11087.88,8304.28,9165.19,15602.64,9043.12,15899.91,7893.15,6188.93,5485.59,15112.12,5059.6,8628.29,9666.7,7684.71,4606.53,12396.21,18084.91
8172.32,28009.51,31513.06,32903.96,36818.2,2306.84,29534.37,2917.67,2517.82,10869.58,6894.51,7789.4,5575.37,8970.08,9576.65,4848.76,6804.76,13418.9,7611.46,7733.55,7240.21,9503.5,5065.28,4639.1,12074.36,11315.92,3219.7,8355.66,3699.66,1e+09,5358.8,12239.42,20765.19,6638.36,9401.7,5618.78,8741.7,11091.8,8079.79,10120.72,10554.4,7481.88,10508.27,8815.17,6550.23,5784.82,9522.8,6951.28,9275,7199.47,8421.91,3260.37,11103.03,13234.58
9276.23,32523.1,35373.06,37255.71,41351,4929.43,25644.9,4447.14,7316.38,14591.88,1401.16,3744.85,1997.33,4146.13,4989.72,5501.4,8054.85,11405.42,3516.94,3286.41,6752.05,3436.08,4888.89,8325.66,15963.4,15934.02,4876.44,4598.86,5333.92,5358.8,1e+09,8885.45,14346.16,2272.4,5286.01,1667.92,2526.92,4053.96,3150.59,2621.01,8237.24,4811.55,7353.87,3498.26,2561.55,1430.38,8944.12,1696.79,3989.72,2479.34,3171.82,2614.75,4843.97,8148.25
21131.06,45168.58,49203.98,47571.91,55926.72,10868.72,10711.47,10532.85,15598.45,24965.01,8415.97,9749.75,10724.69,7399.56,7400.24,19983.98,23653.78,3353.91,12205.39,9373.97,2429.43,8624.57,19165.96,19297.38,27463.07,26259.15,14374.08,6390.43,17414.04,12239.42,8885.45,1e+09,2587.38,11925.58,3715.95,11221.55,6778.5,5502.24,5889.24,7197.14,2465.9,5292.65,2282.42,6892.94,10900.51,9164.14,3131.62,9707.7,6546.53,5495.79,8565.57,11634.32,4156.65,2455.53
27683.98,51573.69,55609.09,53977.02,62331.83,18024.73,5488,19374.66,23679.56,33237.44,14113.28,15062.52,16324.22,13172.24,11378.45,25608,29623.03,4680.29,17625.64,15252.95,7923.72,12898.94,24944.01,28715.45,35803.08,34235.17,22734.99,12676.19,25364.42,20765.19,14346.16,2587.38,1e+09,17416.53,7805.76,16534.32,9952.33,8151.04,11324.6,11305.95,4610.81,11906.77,5441.34,12634.16,17214.7,15450.01,7075.87,15418.72,12108.87,11411.18,14389.95,17887.7,7208.72,4197.41
7779.84,29001.95,32293.77,33475.69,38662.11,5783.99,28735.14,5378.55,9093.66,14560.22,1751.47,3482.09,2051.32,2835.31,4951.85,4523.01,8117.23,14416.18,1648.38,2260.57,9108.74,2735.3,4200,9505.8,16957.07,17233.35,6149.01,3676.72,5128.63,6638.36,2272.4,11925.58,17416.53,1e+09,7320.82,2067.17,3468.53,4419.04,3373.95,2731,11042.06,5401.2,10183.13,3700.41,2071.66,2369.48,11806.4,1769.71,3952.19,3893.29,2505.11,3296.15,5274.37,10825.17
14980.01,37504.06,41539.46,39907.39,48262.2,8370.99,18941.62,7302.41,10751.2,19156.89,3987.81,6302.64,6181.73,2173.87,7339.16,15416.53,18583.86,5992.14,7469.6,4484.59,3233.84,4692.41,14063.51,13890.47,21733.45,20165.54,9143.33,2942.49,11612.83,9401.7,5286.01,3715.95,7805.76,7320.82,1e+09,6945.96,3669.88,2605.05,2488.71,3558.8,2658.44,2326.98,2148.25,2302.95,5542.65,3899.24,3964.38,5053.25,1963.51,2446.98,3745.42,6476.22,2096.54,3175.01
8286.78,31690.85,34615.13,37647.42,39878.89,5696.1,27428.02,5310.93,7796.02,14956.35,2518.05,3187.85,2332.14,5140.85,5534.86,4357.3,7031.2,14808.7,3164.04,4537,10148.72,3138.42,3082.88,9592.89,15845.33,15799.4,6132.31,5991.38,4388.58,5618.78,1667.92,11221.55,16534.32,2067.17,6945.96,1e+09,2436.33,5400.77,4652.11,2603.46,11510.52,7611.91,9817.07,5447.32,3284.97,2339.14,12198.92,2217.1,5848.23,3590.49,4355.48,2466.43,6128.35,10611.45
12223.27,36700.26,40437.64,39684.25,46805.98,7862.91,20008.28,7255.45,11122.5,19458.45,3141.26,3506.09,2899.13,2793,5949.53,7951.5,11545.92,10054.77,4244.63,3428.83,6313.53,3391.92,7354.55,12949.9,21035.69,21406.25,9218.22,3436.37,7845.46,8741.7,2526.92,6778.5,9952.33,3468.53,3669.88,2436.33,1e+09,2548.97,3465.36,3328.69,7202.31,4481.1,6267.47,3483.42,4195.2,3454.27,8560.43,2786.17,2847.4,3058.07,3534.88,3576.08,3895.26,6854.23
13264.73,38445.17,42480.57,40862.96,49203.31,10193.77,17585.23,9441.79,12333.21,20207,3144.1,4822.87,4360.69,2594.05,5077.44,12125.07,15873.97,8395.1,4410.92,3203.02,5280.91,2905.66,11070.64,14793.53,22117.9,21827.5,10058.99,2811.2,11087.88,11091.8,4053.96,5502.24,8151.04,4419.04,2605.05,5400.77,2548.97,1e+09,2269.73,3233.34,5484.33,4626.49,5645.32,2703.18,4749.78,4104.19,7240.67,3811.33,2861.93,3404.25,2885.16,6215.9,2947.03,6066.94
10684.5,33560.76,37596.16,36309.79,44318.9,7049.08,22646.23,6056.13,8847.57,16501.14,2150.56,4555.29,3324.43,2299.29,4547.5,10373.02,13690.71,8377.01,3045.28,2036.22,4273.51,3111.42,9330.87,11087.67,18359.99,18121.64,6943.28,2822.84,8304.28,8079.79,3150.59,5889.24,11324.6,3373.95,2488.71,4652.11,3465.36,2269.73,1e+09,3326.3,5316.37,2672.32,4478.78,1615.45,2829.56,2441.64,6085.94,2633.35,2107.3,2761.12,1464.17,4361.92,2689.57,5291.74
11649.32,35260.03,39038.05,39163.28,45760.79,8457.66,21656.04,9038.03,13060.2,19933.04,2016.3,3467.45,2219.38,3011.79,3979.27,7960.31,11975.34,10924.41,2621.49,3388.02,7459.21,1846.2,7269.31,14054.85,22265.78,22068.15,10404.45,4256.8,9165.19,10120.72,2621.01,7197.14,11305.95,2731,3558.8,2603.46,3328.69,3233.34,3326.3,1e+09,8208.29,6141.85,6297.64,4175.46,3768.12,4355.13,9484.65,3421.61,3192.8,3246.28,3262.07,4866.1,3772.1,7162.89
19555.71,40503.28,44538.68,42906.61,51261.42,8884.35,15991.04,8377.05,13495.12,22167.03,7088.62,10864.1,9592.9,6101.91,7683.52,18803.21,21782.55,3127.43,11432.16,7683.28,1894.9,9506.22,17961.77,17089.16,24732.67,23164.76,12389.85,4378.86,15602.64,10554.4,8237.24,2465.9,4610.81,11042.06,2658.44,11510.52,7202.31,5484.33,5316.37,8208.29,1e+09,3014.01,986.43,5477.77,8741.34,6955.92,1188.13,8352.93,5581.79,4705.74,6984.08,9426.1,2127.28,2615.31
13038.87,32833.69,36869.09,35237.02,43591.83,6620.68,23161.31,4199.62,8617.23,15153.8,3580.93,6591.13,4732.35,2187.23,7882.55,13305.79,16295.44,6249.61,5730.97,2577.21,1695.34,6442.88,12298.91,11013.05,17063.08,16641.07,6876.77,1636.84,9043.12,7481.88,4811.55,5292.65,11906.77,5401.2,2326.98,7611.91,4481.1,4626.49,2672.32,6141.85,3014.01,1e+09,4147.82,1818.21,3340.57,2508.01,3153.77,2931.88,2171.87,2406.85,2717.21,4894.42,3614.24,5228.05
19035.47,39882.9,43918.3,42286.23,50641.04,9351.6,16962.09,8915.32,12928.74,21546.65,6663.15,8796.35,8971.87,5975.9,6789.11,18231.16,21900.96,3399.83,10452.57,7621.15,1878.48,7960.87,17588.33,17024.66,24112.29,22544.38,11971.14,5308.49,15899.91,10508.27,7353.87,2282.42,5441.34,10183.13,2148.25,9817.07,6267.47,5645.32,4478.78,6297.64,986.43,4147.82,1e+09,5140.12,9281.67,7510.07,1766.93,7954.88,4824.6,4445.71,6812.75,9958.59,2169.09,2550.19
11026.17,32445.4,36480.8,34848.73,43203.54,7784.46,24213.41,5646.1,9451.84,15513,2260.95,4837.79,3056.11,1233.12,6143.75,11403.29,14382.63,8851.89,3765.21,1285.99,3627.95,3954.42,10092.54,11394.29,17297.31,17476.43,7109.23,1706.46,7893.15,8815.17,3498.26,6892.94,12634.16,3700.41,2302.95,5447.32,3483.42,2703.18,1615.45,4175.46,5477.77,1818.21,5140.12,1e+09,2196.87,1660.67,6078.46,1738.98,1120.48,2527.53,1885.61,4525.04,2352.19,5782.16
8508.21,27930.81,31557.33,32042.89,38280.07,5396.98,29232.94,4458.39,8030.52,12426.37,1587.59,4566.45,1558.36,3093.28,4838.32,6864.06,9843.4,12115.46,1713.18,929.24,6108.39,3468.05,5896.24,8263.91,15503.53,15686.13,4517.59,3127.6,6188.93,6550.23,2561.55,10900.51,17214.7,2071.66,5542.65,3284.97,4195.2,4749.78,2829.56,3768.12,8741.34,3340.57,9281.67,2196.87,1e+09,1761.91,8903.04,1328.74,3065.72,3760.75,1639.17,3551.94,5286.41,9923.71
9768.22,30074.37,33513.73,33265.17,39646.07,4919.53,27475.16,3609.6,7048.3,13407.37,1751.38,4252.48,2215.45,2393.52,5952.57,6782.46,9686.42,10330.04,2875.05,1525.96,4560.5,4645.19,6164.67,8109.44,14993.88,15344.74,4517.07,2750.31,5485.59,5784.82,1430.38,9164.14,15450.01,2369.48,3899.24,2339.14,3454.27,4104.19,2441.64,4355.13,6955.92,2508.01,7510.07,1660.67,1761.91,1e+09,7110.71,1294.09,2557.61,3311.48,1975.11,2463.82,4287.87,8152.11
19401.91,38693.46,42728.86,41096.79,49451.6,7383.4,15278.99,7718.87,12318.1,20357.21,7733.22,11755.58,10335.28,6508.54,8167.11,19521.1,22155.21,3381.29,12196.5,8146.21,1835.03,10504.89,18475.47,15835.22,22922.85,21354.94,11334.4,4258.67,15112.12,9522.8,8944.12,3131.62,7075.87,11806.4,3964.38,12198.92,8560.43,7240.67,6085.94,9484.65,1188.13,3153.77,1766.93,6078.46,8903.04,7110.71,1e+09,8983.82,6255.44,4981.84,7501.61,9591.72,3107.87,3905.67
8958.36,30188.31,33627.67,33590.12,40122.05,5966.24,26967.77,4408.66,8021.01,13955.36,1920.22,3844.32,1380.28,1901.9,5739.8,7013.28,9992.62,11727.05,2686.85,1468.98,6189.17,3752.78,5999.46,8864.5,15024.86,16057.62,5325.9,2114.75,5059.6,6951.28,1696.79,9707.7,15418.72,1769.71,5053.25,2217.1,2786.17,3811.33,2633.35,3421.61,8352.93,2931.88,7954.88,1738.98,1328.74,1294.09,8983.82,1e+09,2184.82,3539.59,2127.49,3172.78,3881.75,8596.92
11700.41,33359.82,37395.22,35763.15,44117.96,8376.06,23478.35,6492.16,9016.5,15454.47,2833.5,3762.68,3597.37,893.72,6745.34,12287.1,16014.49,8955.91,4100.97,2061,4097.14,3753.35,11335.27,11547.2,17589.21,17220.47,6990.38,1480.97,8628.29,9275,3989.72,6546.53,12108.87,3952.19,1963.51,5848.23,2847.4,2861.93,2107.3,3192.8,5581.79,2171.87,4824.6,1120.48,3065.72,2557.61,6255.44,2184.82,1e+09,2259.22,1891.71,5401.42,3041.42,5493.98
12466.3,34074.2,37874.84,37058.19,44597.58,5967.15,22904.06,6715.49,9883.78,17037.67,1924.72,4720.7,2768.69,2422.11,5781.78,9396.51,13066.31,7605.46,4359.58,3784.56,3264.14,4016.96,8753.68,12891.96,19309.73,18519.98,8370.92,3092.64,9666.7,7199.47,2479.34,5495.79,11411.18,3893.29,2446.98,3590.49,3058.07,3404.25,2761.12,3246.28,4705.74,2406.85,4445.71,2527.53,3760.75,3311.48,4981.84,3539.59,2259.22,1e+09,2904.39,3126.5,3740,5555.47
9081.49,30612.95,34648.35,33786.34,41371.09,6820.12,26052.36,5880.5,9228.74,14838.59,1796.73,3996.95,2367.36,1516.21,4298.97,8606.69,12576.18,10358.2,1902.98,1321.91,4706.96,2869.7,7935.8,10593.13,17157.73,17239.56,6308.07,2333.52,7684.71,8421.91,3171.82,8565.57,14389.95,2505.11,3745.42,4355.48,3534.88,2885.16,1464.17,3262.07,6984.08,2717.21,6812.75,1885.61,1639.17,1975.11,7501.61,2127.49,1891.71,2904.39,1e+09,3803.13,3809.87,7454.79
8081.38,30639.18,33184.48,35395.53,38269.7,2756.37,29902.02,3466.59,5334.4,13962.4,3593.7,3639.59,2652.64,4886.17,5478.5,4210.04,6371.69,12800.22,3415.06,3677.01,7094.91,4230.6,3245.66,7831.37,15006.46,14198.19,4373.37,5414.17,4606.53,3260.37,2614.75,11634.32,17887.7,3296.15,6476.22,2466.43,3576.08,6215.9,4361.92,4866.1,9426.1,4894.42,9958.59,4525.04,3551.94,2463.82,9591.72,3172.78,5401.42,3126.5,3803.13,1e+09,6484.32,10637.85
14428.1,37884.46,41919.86,40287.79,48642.6,9213.06,18566.87,8835.47,12397.76,20485.33,3674.01,5564.73,4924.7,3175.08,4774.91,13157.98,16976.68,4701.96,5270.84,3628.65,3410.87,5025.77,12396.83,15490.02,22466.63,21812.24,10731.85,3823.03,12396.21,11103.03,4843.97,4156.65,7208.72,5274.37,2096.54,6128.35,3895.26,2947.03,2689.57,3772.1,2127.28,3614.24,2169.09,2352.19,5286.41,4287.87,3107.87,3881.75,3041.42,3740,3809.87,6484.32,1e+09,3413
20702.72,43911.45,47946.85,46314.78,54669.59,11946.7,12478.35,11510.09,15879.38,25334.95,7326.75,9590.73,9613.91,6617.94,6237.07,18873.2,22543,2063.38,11094.61,8263.19,3306.64,8698.42,18230.37,19900.89,28066.58,26572.93,14599.06,6610.92,18084.91,13234.58,8148.25,2455.53,4197.41,10825.17,3175.01,10611.45,6854.23,6066.94,5291.74,7162.89,2615.31,5228.05,2550.19,5782.16,9923.71,8152.11,3905.67,8596.92,5493.98,5555.47,7454.79,10637.85,3413,1e+09
