1e+09,2672.91,2085.15,5064.91,9408.48,10103.37,28809.49,9090.45,6578.83,5272.08,2771.45,2891.97,5128.34,2102.29,19162.98,4287.67,1609.69,13858.34,3603.93,6526.61,10853.69,1971.54,2709.97,7032.03,4596.34,5601.17,4668.06,3087.01,2424.84,8194,6204.73,16832.1,18999.37,3663.92,7787.51,3312.71,5808.91,3989.91,5899.49,2745.07,14591.83,7554.71,14800.91,4837.41,5052.68,7842.09,16131.45,3188.36,4490.35,10575.91,4633.77,10290.97,19364.44,22582.39
2672.91,1e+09,969.08,3190.78,8003.76,8219.88,32783.77,9057.67,9656.01,6262.67,2841.46,6869.56,8790.69,2029.73,20335.35,2141.27,1396.88,14641.74,7478.82,9720.38,12954.42,2901.02,4490.06,11280.52,5586.14,3809.73,3509.87,2988.41,4107.99,9651.79,10301.91,18564.38,21410.8,5678.23,11357.08,6662.1,8830.75,6386.33,5801.93,5399.03,18045.47,9624.44,15055.06,4741.7,5899.04,11303.68,18355.89,5615.15,7887.53,15691.22,5212.77,14394.94,24685.93,23742.98
2085.15,969.08,1e+09,3642.11,8276.96,9000.55,33253.09,8986.96,9902.41,6111.4,2695.76,6574.85,9061.97,1793.13,20913.25,2151.46,1087.62,15216.62,7437.1,9435.37,12944.54,2354.18,3617.54,11402.05,6214.58,4371.42,4071.74,3001.9,3681.46,10240.45,10216.98,19192.82,21720.08,5869.51,11275.03,6346.34,9024.45,6687.42,6111.21,4550.69,18385.42,10213.1,15683.5,5157.62,6527.48,11574.05,18850.22,6084.47,8364.31,15043.02,5522.05,14864.26,24210.53,24365.96
5064.91,3190.78,3642.11,1e+09,5746.72,5258.26,27081.74,11097.65,8937.48,6392.01,4885.11,7363.37,7718.24,3986.73,15307.89,4495.09,4511.41,12448.68,7682.21,9817.36,10610.64,6498.8,9103.38,9706.89,5307.08,3335.74,4489.92,5413.03,8108.47,7629.33,8139.95,13224.67,17451.38,7918.3,10307.86,7042.14,8703.54,7735.5,7058.35,8227.85,12343.44,8645.3,10721.2,5630.32,5853.32,8787.62,12855.02,5725.72,7433.1,11867.14,6349.02,9153.07,18983.9,18617.48
9408.48,8003.76,8276.96,5746.72,1e+09,13280.7,40175.64,22428.59,17597.21,15249.64,12559.69,14261.43,16182.56,9440.12,28401.79,7265.56,8229.73,23056.34,14870.69,19032.57,21873.69,12249.93,14337.16,19067.78,13351.08,11750.11,11625.44,12259.36,13037.58,17580.25,17736.75,26318.57,30545.28,15822.02,19597.42,14053.97,18976.96,16118.58,15363.27,14648.75,25437.34,17252.1,23327.4,12864.07,13771.01,19236.17,25948.92,13007.02,15286.86,23699.37,13743.73,21786.81,32077.8,31711.38
10103.37,8219.88,9000.55,5258.26,13280.7,1e+09,15271.97,7850.7,7364.8,5829.79,6586.46,9339.79,7700.21,6686.65,5602.56,9727.89,9830.04,5584.57,8654.67,8322.38,5254.5,9703.83,12057.47,7864.6,6177.61,4972.12,5799.61,7109.96,10455.44,5532.43,7649.41,4572.26,7637.98,10379.72,7417.26,9791.82,9014.45,9707.83,6297.51,9879.21,6076.46,5613.68,3885.36,5508.06,6251.18,6544.88,5530.09,8016.84,8459.16,8089.69,6927.23,5590.98,8164.13,7847.32
28809.49,32783.77,33253.09,27081.74,40175.64,15271.97,1e+09,16285.05,21906.7,22305.54,27757.76,24706.77,18913.27,29634.83,8225.54,36750.62,32009.29,8115.27,22501.58,19912.38,16158.87,27806.61,25423.24,20051.44,22184.11,23395.42,24204.45,27755.51,27285.23,20248.94,21348.23,9801.6,8604.52,22434.16,19401.09,23292.76,18837.34,22817.61,23077.69,24497.55,13048.18,20213.74,13197.56,24914.11,23146.49,20111.56,12093.89,25604.69,24246.68,15017.07,25124.96,15318.82,5018.19,5508.97
9090.45,9057.67,8986.96,11097.65,22428.59,7850.7,16285.05,1e+09,4075.48,4128.05,5635.57,5516.52,4897.72,6363.89,6118.65,12768.8,9554.37,6278.61,5604.25,2780.61,2805.08,6532.2,6700.98,4254,4757.72,6826.18,6010.65,4906.14,7139.01,3907.41,3832.02,4727.23,5759.83,3826.49,3406.78,5962.19,3104.93,3922.28,3829.88,5391.89,3973.27,4132.19,4424.88,4846.05,5437.41,4107.55,4124.19,5003.8,4427.84,3122.31,4213.11,3324.26,6717.47,8980.62
6578.83,9656.01,9902.41,8937.48,17597.21,7364.8,21906.7,4075.48,1e+09,2267.45,5103.55,2061.4,2040.83,6261.36,10147.6,13575.2,9724.6,5610.21,1564.03,1809.63,2743.47,5567.17,5833.16,1178.55,2977.8,2936.29,3147.74,4023.65,5252.29,1452.6,953.02,8376.63,10564,3466.89,1037.25,2647.39,2666.32,1969.92,1413.91,3954.94,6988.96,967.36,4867.31,2536.8,1365.74,1021.15,7795.26,2727.77,1007.34,3075.74,1837.5,3344.95,12012.58,13555.23
5272.08,6262.67,6111.4,6392.01,15249.64,5829.79,22305.54,4128.05,2267.45,1e+09,2487.97,2022.05,2612.87,3528.61,10531.69,9738.19,6706.44,6715.08,2320.48,2149.34,4026.42,3836.02,4874.92,2917.93,2135.57,2662.27,2733.82,2191.74,4202.33,1776.85,2773.93,8448.47,11129.92,3411.35,2797.01,2749.44,3236.75,2603.59,1354.14,3076.29,7567.24,2253.46,5849.46,1213.25,1551.22,2724.74,8078.82,1976.64,1814.4,5830.34,1522.82,4355.57,14207.7,13841.28
2771.45,2841.46,2695.76,4885.11,12559.69,6586.46,27757.76,5635.57,5103.55,2487.97,1e+09,3609.16,5254.6,2560.01,15113.42,4306.84,3351.39,9832.67,4453.06,4863.88,7589.29,2330.2,3192.64,6197.1,3402.89,1933.95,2096.17,1870.42,2659.58,5201.98,5843.68,13342.45,15970.02,3824.29,6108.41,3590.43,4897.57,4077.87,2738.53,2899.12,12973.98,4957.45,9833.13,2198.59,2377.19,5919.68,13201.28,3241.76,4878.34,9593.89,2381.12,9412.16,19161.79,18521.05
2891.97,6869.56,6574.85,7363.37,14261.43,9339.79,24706.77,5516.52,2061.4,2022.05,3609.16,1e+09,2210.43,4687.26,13710.65,9669.89,5327.54,8640.66,1188.87,1996.45,5262.5,1708.97,2688.85,2672.2,2324.34,4133.09,3052.93,2479.32,1725.89,3261.99,2250.77,11627.43,13717.05,2329.17,2719,1235.46,3104.9,1648.55,2185.27,1404.55,9814.36,2482.86,8636.26,2792.56,2121.5,3410.02,10869.13,1232.56,1172.99,5692.67,1805.17,6145.02,14812.65,17020.24
5128.34,8790.69,9061.97,7718.24,16182.56,7700.21,18913.27,4897.72,2040.83,2612.87,5254.6,2210.43,1e+09,5930.23,9289.34,12305.09,8095.82,7685.02,1922.42,2625.71,4485.93,3899.13,4023.35,2399.37,2915.49,3839.7,3074.99,3759.99,3918.36,3251.09,2274.39,6721.04,8996.42,2732.39,2718.98,2152.95,2746.67,1976.75,2628.96,2943.68,5784.38,2548.15,5684.15,3113.7,1959.47,2624.94,6420.51,1923.82,1808.38,3442.45,2523.98,2722.57,9922.57,12132.95
2102.29,2029.73,1793.13,3986.73,9440.12,6686.65,29634.83,6363.89,6261.36,3528.61,2560.01,4687.26,5930.23,1e+09,16990.49,4427.91,1830.8,11369.1,5249.41,6401.85,9484.82,2040.09,3560.56,8037.57,2992.04,2963.56,2374.65,1500.37,3381.37,6308.27,7213.73,15219.52,18003.57,3357.58,7950.2,4640.64,5656.06,3407.5,3183.07,3274.95,14941.2,6343.74,11710.2,2654.95,3097.1,7896.45,15110.1,3004.97,4569.55,12096.88,2582.31,11289.23,21821.26,20398.12
19162.98,20335.35,20913.25,15307.89,28401.79,5602.56,8225.54,6118.65,10147.6,10531.69,15113.42,13710.65,9289.34,16990.49,1e+09,24607.91,21073.9,3719.4,11934.4,9314.87,4013.12,17753.61,17338.5,9612.06,10916.72,11912.16,12120.41,15111.17,17684.44,7829.64,10186.91,2122.73,2073.93,13402.18,8593.52,13533.74,9361.16,12811.58,10923.55,15147.56,1935.8,7569.4,2890.59,12344.69,11384.64,8789.97,1979.53,14032.18,12290.14,6183.19,12537.58,5087.38,3429.18,1816.91
4287.67,2141.27,2151.46,4495.09,7265.56,9727.89,36750.62,12768.8,13575.2,9738.19,4306.84,9669.89,12305.09,4427.91,24607.91,1e+09,2200.48,18760.49,10532.14,12947.85,16540.4,5567.26,5690.8,14898.65,9858.7,6647.55,7034.28,6348.69,5444.44,13925.69,13560.35,22836.94,25433.06,9700.49,14980.75,9589.46,12853.01,10408.59,9824.19,7690.74,21847.66,13767.37,19327.62,8601.24,10171.6,15242.3,22394.09,9803.95,12186.97,18321.9,9208.67,18232.1,27305.57,28015.54
1609.69,1396.88,1087.62,4511.41,8229.73,9830.04,32009.29,9554.37,9724.6,6706.44,3351.39,5327.54,8095.82,1830.8,21073.9,2200.48,1e+09,15485.45,6134.74,9279.13,13219.76,2416.74,3715.9,10455.03,6322.71,5430.26,4846.79,3789.22,3629.78,10630.55,9501.84,19405.34,21726.76,5157.19,10849.39,5692.09,8316.97,6194.72,6790.26,4222.15,17542.46,10121.64,16379.87,5208.16,6956.7,11019.91,18739.4,5369.88,7500.27,14361.48,6189.5,13534,23013.31,24791.72
13858.34,14641.74,15216.62,12448.68,23056.34,5584.57,8115.27,6278.61,5610.21,6715.08,9832.67,8640.66,7685.02,11369.1,3719.4,18760.49,15485.45,1e+09,8590.75,6543.62,3225.62,12206.73,13935.52,6102.31,7914.94,7675.4,7644.33,9390.37,12250.6,4589.08,6549.5,3925.29,5156.66,9785.08,5250.28,8924.98,8799.58,8153.29,6320.39,10487.74,4252.82,4043.53,2628.36,7211.81,6663.17,6162.9,3750.54,8070.72,6374.06,8156.9,6895.04,6308.07,6494.34,3489.21
3603.93,7478.82,7437.1,7682.21,14870.69,8654.67,22501.58,5604.25,1564.03,2320.48,4453.06,1188.87,1922.42,5249.41,11934.4,10532.14,6134.74,8590.75,1e+09,2329.37,5211.44,2109.92,2655.1,2230.95,2234.76,3298.17,3076.32,3565.48,2048.5,2594.3,1900.09,9897.63,12096.66,2959.52,2490.88,850.52,2622.56,2056.21,1572.71,1511.06,7991.23,1997.55,7532.61,2568.26,1643.23,2005.9,9188.17,2033.59,1233.37,5224.71,1966.06,4207.13,13505.6,15513.41
6526.61,9720.38,9435.37,9817.36,19032.57,8322.38,19912.38,2780.61,1809.63,2149.34,4863.88,1996.45,2625.71,6401.85,9314.87,12947.85,9279.13,6543.62,2329.37,1e+09,2828.61,4737.36,5448.81,1720.31,2646.36,4835.67,3864.82,3744.71,4712.63,2205.11,2141.86,7278.49,9279.02,2873.31,1558.04,2781.4,1985.79,2267.88,2294.63,3476.45,5109.06,2480.48,5369.64,3689.05,2788.35,2074.04,6431.1,2324.56,1738.19,2792.79,2607.9,2537.67,10018.26,12671.3
10853.69,12954.42,12944.54,10610.64,21873.69,5254.5,16158.87,2805.08,2743.47,4026.42,7589.29,5262.5,4485.93,9484.82,4013.12,16540.4,13219.76,3225.62,5211.44,2828.61,1e+09,8862.68,9303.62,2761.88,5509.74,5619.84,6007.55,6888.72,8793.51,2713.72,3274.69,2500.51,4601.31,5865.2,2081.38,5877.36,4596.6,4580.4,3942.79,6701.46,2907.11,2164.64,1647.73,5605.86,4387.97,2887.99,2572.54,5597.37,3677.13,3418.17,4634.23,2586.85,8183.37,6922.16
1971.54,2901.02,2354.18,6498.8,12249.93,9703.83,27806.61,6532.2,5567.17,3836.02,2330.2,1708.97,3899.13,2040.09,17753.61,5567.26,2416.74,12206.73,2109.92,4737.36,8862.68,1e+09,2077.39,5805.95,3996.76,5247.3,3640.33,1892.97,1643.46,7107.11,4973.92,16130.52,17936.57,2572.85,6099.49,1642.04,4595.96,2841.75,3732.09,1505.17,13194.85,6534.39,13139.35,3725.27,4387.83,6829.9,15077.15,2458.32,3677.35,8987.26,3099.68,9244.86,17912.49,21345.22
2709.97,4490.06,3617.54,9103.38,14337.16,12057.47,25423.24,6700.98,5833.16,4874.92,3192.64,2688.85,4023.35,3560.56,17338.5,5690.8,3715.9,13935.52,2655.1,5448.81,9303.62,2077.39,1e+09,5142.38,5164.2,6944.9,6262.85,3244.79,2054.34,7510.47,4338.61,14072.41,15553.2,2364.13,5901.67,2334.27,3755.35,2935.83,5472.8,1759.56,11457.51,6997.21,13089.02,5056.1,5325.14,5075.7,13339.81,3337.69,5079.51,7015.86,4555.38,7001.89,15529.12,20326.86
7032.03,11280.52,11402.05,9706.89,19067.78,7864.6,20051.44,4254,1178.55,2917.93,6197.1,2672.2,2399.37,8037.57,9612.06,14898.65,10455.03,6102.31,2230.95,1720.31,2761.88,5805.95,5142.38,1e+09,3586,3119.45,3572.42,5609.4,5284.57,2515.46,1226.22,8389.33,10181.4,3569.49,639.88,2637.21,2130.8,2310.21,2754.87,3694.39,5521.38,1831.04,5336.25,3654.39,2086.71,1013.68,7403.68,3764.47,2161.38,1851.72,3133.35,1918.39,10157.32,13350.49
4596.34,5586.14,6214.58,5307.08,13351.08,6177.61,22184.11,4757.72,2977.8,2135.57,3402.89,2324.34,2915.49,2992.04,10916.72,9858.7,6322.71,7914.94,2234.76,2646.36,5509.74,3996.76,5164.2,3586,1e+09,2471.85,1394.64,2013.37,4640.27,2467.51,2388.31,8953.6,11885.84,2960.67,4181.98,2195.72,2371.23,2473.3,1685.7,3981.15,7549.95,3011.3,6679,2119.76,2074.54,2982.62,8404.21,1688.94,2085.54,5942.01,1992.25,4287.47,13637.2,14372.37
5601.17,3809.73,4371.42,3335.74,11750.11,4972.12,23395.42,6826.18,2936.29,2662.27,1933.95,4133.09,3839.7,2963.56,11912.16,6647.55,5430.26,7675.4,3298.17,4835.67,5619.84,5247.3,6944.9,3119.45,2471.85,1e+09,1558.74,3200.8,6519.18,3730.24,2921.31,10379.77,13444.47,5213.61,3666.36,3594.91,4163.69,4090.49,2586.83,5409.98,8749.48,3200.8,6965.09,1658.11,1661.81,3173.38,9790.27,4203.95,3302.79,6196.4,2519.66,5119.93,14399.44,15453.62
4668.06,3509.87,4071.74,4489.92,11625.44,5799.61,24204.45,6010.65,3147.74,2733.82,2096.17,3052.93,3074.99,2374.65,12120.41,7034.28,4846.79,7644.33,3076.32,3864.82,6007.55,3640.33,6262.85,3572.42,1394.64,1558.74,1e+09,2093.09,5199.46,3285.08,3319.42,10347.38,13631.53,3936.22,4077.54,3394.86,3720.26,3444.09,2472.34,4650.01,9432.4,2993.84,7200.7,1564.05,1462.48,3372.01,9967.34,2167.42,2949.94,7096.71,2219.67,5895.32,15739.28,15701.02
3087.01,2988.41,3001.9,5413.03,12259.36,7109.96,27755.51,4906.14,4023.65,2191.74,1870.42,2479.32,3759.99,1500.37,15111.17,6348.69,3789.22,9390.37,3565.48,3744.71,6888.72,1892.97,3244.79,5609.4,2013.37,3200.8,2093.09,1e+09,3016.94,4428.95,4259.24,13340.2,15765.86,2207.49,5354.1,2645.57,4007.34,1918.06,1937.23,2087.44,12769.82,4405.31,9830.88,1696.41,2032.09,5658.74,12997.12,1582.94,2690.23,8784,1247.13,9409.91,18149.99,18518.8
2424.84,4107.99,3681.46,8108.47,13037.58,10455.44,27285.23,7139.01,5252.29,4202.33,2659.58,1725.89,3918.36,3381.37,17684.44,5444.44,3629.78,12250.6,2048.5,4712.63,8793.51,1643.46,2054.34,5284.57,4640.27,6519.18,5199.46,3016.94,1e+09,7565.26,4882.49,15934.4,17415.19,2922.3,5804.24,1753.76,4600,2996.56,4473.72,1827.7,12899.6,6303.22,13646.55,4342.24,4514.26,6308.52,14781.9,2833.33,3261.15,8465.88,3850.34,8723.48,17391.11,21728.36
8194,9651.79,10240.45,7629.33,17580.25,5532.43,20248.94,3907.41,1452.6,1776.85,5201.98,3261.99,3251.09,6308.27,7829.64,13925.69,10630.55,4589.08,2594.3,2205.11,2713.72,7107.11,7510.47,2515.46,2467.51,3730.24,3285.08,4428.95,7565.26,1e+09,2500.36,6058.67,8830.34,5086.95,1984.76,3886.69,3716.68,3724.86,1580.37,5986.02,5510.64,722.65,3553.02,2603.48,2368.81,1787.2,5842.9,3292.5,1766.79,4770.07,2295.02,2835.68,12062.16,11237.27
6204.73,10301.91,10216.98,8139.95,17736.75,7649.41,21348.23,3832.02,953.02,2773.93,5843.68,2250.77,2274.39,7213.73,10186.91,13560.35,9501.84,6549.5,1900.09,2141.86,3274.69,4973.92,4338.61,1226.22,2388.31,2921.31,3319.42,4259.24,4882.49,2500.36,1e+09,8744.28,10629.27,2232.47,1361.04,2011.01,2524.64,1080.34,2098.78,2930.58,6688.19,1979.3,5669.16,3624.57,1991.94,1092.55,7908.49,2731.96,1312.75,3290.47,2608.01,3116.98,11564.17,13829.42
16832.1,18564.38,19192.82,13224.67,26318.57,4572.26,9801.6,4727.23,8376.63,8448.47,13342.45,11627.43,6721.04,15219.52,2122.73,22836.94,19405.34,3925.29,9897.63,7278.49,2500.51,16130.52,14072.41,8389.33,8953.6,10379.77,10347.38,13340.2,15934.4,6058.67,8744.28,1e+09,2183.29,11083.33,7125.33,11315.37,7123.52,11466.78,9220.62,13146.72,1591.53,5798.43,1476.39,10573.72,9606.21,7108.14,1263.32,12261.21,10519.17,4401.42,10766.61,3599.01,3119.16,3944.72
18999.37,21410.8,21720.08,17451.38,30545.28,7637.98,8604.52,5759.83,10564,11129.92,15970.02,13717.05,8996.42,18003.57,2073.93,25433.06,21726.76,5156.66,12096.66,9279.02,4601.31,17936.57,15553.2,10181.4,11885.84,13444.47,13631.53,15765.86,17415.19,8830.34,10629.27,2183.29,1e+09,12564.12,9065.36,13322.06,8743.16,12947.57,11737.2,14627.51,2010.7,8618.12,3108.81,13413.66,12363.84,9179.43,2002.86,14580.69,12749.55,5112.75,13281.38,5034.55,2642.9,1964.19
3663.92,5678.23,5869.51,7918.3,15822.02,10379.72,22434.16,3826.49,3466.89,3411.35,3824.29,2329.17,2732.39,3357.58,13402.18,9700.49,5157.19,9785.08,2959.52,2873.31,5865.2,2572.85,2364.13,3569.49,2960.67,5213.61,3936.22,2207.49,2922.3,5086.95,2232.47,11083.33,12564.12,1e+09,3667.03,2348.36,2472.55,887.08,3285.33,1998.89,8259.96,4532.49,10162.75,3305.42,3257.5,3823.08,10142.26,1852.03,2485.62,4429.33,2544.72,4285.95,12540.04,17337.78
7787.51,11357.08,11275.03,10307.86,19597.42,7417.26,19401.09,3406.78,1037.25,2797.01,6108.41,2719,2718.98,7950.2,8593.52,14980.75,10849.39,5250.28,2490.88,1558.04,2081.38,6099.49,5901.67,639.88,4181.98,3666.36,4077.54,5354.1,5804.24,1984.76,1361.04,7125.33,9065.36,3667.03,1e+09,3274.99,2284.63,2437.54,2596.51,4239.55,4748.3,1674.66,4380.91,3833.99,2440.75,838.33,6296.62,3858.24,2142.51,1835.54,2958.73,1692.6,9506.97,12209.22
3312.71,6662.1,6346.34,7042.14,14053.97,9791.82,23292.76,5962.19,2647.39,2749.44,3590.43,1235.46,2152.95,4640.64,13533.74,9589.46,5692.09,8924.98,850.52,2781.4,5877.36,1642.04,2334.27,2637.21,2195.72,3594.91,3394.86,2645.57,1753.76,3886.69,2011.01,11315.37,13322.06,2348.36,3274.99,1e+09,2530.38,1498.63,2484.9,1275.7,9103.77,3498.98,9486.63,3399.98,2260.09,2872.93,10643.39,1501.66,1587.37,5389.55,2362.22,4873.84,13847.71,17354.41
5808.91,8830.75,9024.45,8703.54,18976.96,9014.45,18837.34,3104.93,2666.32,3236.75,4897.57,3104.9,2746.67,5656.06,9361.16,12853.01,8316.97,8799.58,2622.56,1985.79,4596.6,4595.96,3755.35,2130.8,2371.23,4163.69,3720.26,4007.34,4600,3716.68,2524.64,7123.52,8743.16,2472.55,2284.63,2530.38,1e+09,2233.74,2884.84,2857.66,4470.45,3227.98,6708.81,3671.11,3041.2,2259.36,6176.44,2875.87,3689.21,2511.55,3511.06,2505.68,8943.22,12811.67
3989.91,6386.33,6687.42,7735.5,16118.58,9707.83,22817.61,3922.28,1969.92,2603.59,4077.87,1648.55,1976.75,3407.5,12811.58,10408.59,6194.72,8153.29,2056.21,2267.88,4580.4,2841.75,2935.83,2310.21,2473.3,4090.49,3444.09,1918.06,2996.56,3724.86,1080.34,11466.78,12947.57,887.08,2437.54,1498.63,2233.74,1e+09,2414.42,1821.5,8325.6,3090.53,8568.81,2588.14,2170.33,2482.39,10207.9,1426.93,1338.41,4422.55,1496.84,4402.42,12923.49,16747.66
5899.49,5801.93,6111.21,7058.35,15363.27,6297.51,23077.69,3829.88,1413.91,1354.14,2738.53,2185.27,2628.96,3183.07,10923.55,9824.19,6790.26,6320.39,1572.71,2294.63,3942.79,3732.09,5472.8,2754.87,1685.7,2586.83,2472.34,1937.23,4473.72,1580.37,2098.78,9220.62,11737.2,3285.33,2596.51,2484.9,2884.84,2414.42,1e+09,3222.93,8330.98,1534.41,6113.42,1308.61,1523.26,2062.59,8850.97,2018.84,1233.78,5396.92,1009.02,4858.4,14540.64,14469.11
2745.07,5399.03,4550.69,8227.85,14648.75,9879.21,24497.55,5391.89,3954.94,3076.29,2899.12,1404.55,2943.68,3274.95,15147.56,7690.74,4222.15,10487.74,1511.06,3476.45,6701.46,1505.17,1759.56,3694.39,3981.15,5409.98,4650.01,2087.44,1827.7,5986.02,2930.58,13146.72,14627.51,1998.89,4239.55,1275.7,2857.66,1821.5,3222.93,1e+09,10330.62,5363.82,11141.77,3383.78,3791.65,3915,12212.92,2298.47,2660.87,5887.57,3270.09,5974.9,14603.43,19249.12
14591.83,18045.47,18385.42,12343.44,25437.34,6076.46,13048.18,3973.27,6988.96,7567.24,12973.98,9814.36,5784.38,14941.2,1935.8,21847.66,17542.46,4252.82,7991.23,5109.06,2907.11,13194.85,11457.51,5521.38,7549.95,8749.48,9432.4,12769.82,12899.6,5510.64,6688.19,1591.53,2010.7,8259.96,4748.3,9103.77,4470.45,8325.6,8330.98,10330.62,1e+09,5520.11,2309.28,10158.05,8316.72,5237.48,691.06,10815.77,9303.54,2518.47,10210.48,1912.95,4741.77,4045.17
7554.71,9624.44,10213.1,8645.3,17252.1,5613.68,20213.74,4132.19,967.36,2253.46,4957.45,2482.86,2548.15,6343.74,7569.4,13767.37,10121.64,4043.53,1997.55,2480.48,2164.64,6534.39,6997.21,1831.04,3011.3,3200.8,2993.84,4405.31,6303.22,722.65,1979.3,5798.43,8618.12,4532.49,1674.66,3498.98,3227.98,3090.53,1534.41,5363.82,5520.11,1e+09,2779.61,2275.98,1620.91,1473.36,5689.01,3077.6,1402.38,4116.68,2015.83,3154.88,12564.97,10977.03
14800.91,15055.06,15683.5,10721.2,23327.4,3885.36,13197.56,4424.88,4867.31,5849.46,9833.13,8636.26,5684.15,11710.2,2890.59,19327.62,16379.87,2628.36,7532.61,5369.64,1647.73,13139.35,13089.02,5336.25,6679,6965.09,7200.7,9830.88,13646.55,3553.02,5669.16,1476.39,3108.81,10162.75,4380.91,9486.63,6708.81,8568.81,6113.42,11141.77,2309.28,2779.61,1e+09,7064.4,6416.09,4450.78,1487.54,8751.89,7009.85,4636.11,7257.29,3043.11,6208.93,4089.31
4837.41,4741.7,5157.62,5630.32,12864.07,5508.06,24914.11,4846.05,2536.8,1213.25,2198.59,2792.56,3113.7,2654.95,12344.69,8601.24,5208.16,7211.81,2568.26,3689.05,5605.86,3725.27,5056.1,3654.39,2119.76,1658.11,1564.05,1696.41,4342.24,2603.48,3624.57,10573.72,13413.66,3305.42,3833.99,3399.98,3671.11,2588.14,1308.61,3383.78,10158.05,2275.98,7064.4,1e+09,792.32,3424.54,10391.04,2283.83,2093.08,7674.64,1016.95,6525.28,16769.03,15752.32
5052.68,5899.04,6527.48,5853.32,13771.01,6251.18,23146.49,5437.41,1365.74,1551.22,2377.19,2121.5,1959.47,3097.1,11384.64,10171.6,6956.7,6663.17,1643.23,2788.35,4387.97,4387.83,5325.14,2086.71,2074.54,1661.81,1462.48,2032.09,4514.26,2368.81,1991.94,9606.21,12363.84,3257.5,2440.75,2260.09,3041.2,2170.33,1523.26,3791.65,8316.72,1620.91,6416.09,792.32,1e+09,2116.87,9056.65,2415.41,1448.69,5035.29,1161.85,4671.2,14103.62,14967.95
7842.09,11303.68,11574.05,8787.62,19236.17,6544.88,20111.56,4107.55,1021.15,2724.74,5919.68,3410.02,2624.94,7896.45,8789.97,15242.3,11019.91,6162.9,2005.9,2074.04,2887.99,6829.9,5075.7,1013.68,2982.62,3173.38,3372.01,5658.74,6308.52,1787.2,1092.55,7108.14,9179.43,3823.08,838.33,2872.93,2259.36,2482.39,2062.59,3915,5237.48,1473.36,4450.78,3424.54,2116.87,1e+09,6331.51,4473.57,2642.43,2215.26,3174.26,2331.97,10217.44,12324.98
16131.45,18355.89,18850.22,12855.02,25948.92,5530.09,12093.89,4124.19,7795.26,8078.82,13201.28,10869.13,6420.51,15110.1,1979.53,22394.09,18739.4,3750.54,9188.17,6431.1,2572.54,15077.15,13339.81,7403.68,8404.21,9790.27,9967.34,12997.12,14781.9,5842.9,7908.49,1263.32,2002.86,10142.26,6296.62,10643.39,6176.44,10207.9,8850.97,12212.92,691.06,5689.01,1487.54,10391.04,9056.65,6331.51,1e+09,11704.32,9980.81,3814.13,10470.97,2997.16,4953.28,3431.42
3188.36,5615.15,6084.47,5725.72,13007.02,8016.84,25604.69,5003.8,2727.77,1976.64,3241.76,1232.56,1923.82,3004.97,14032.18,9803.95,5369.88,8070.72,2033.59,2324.56,5597.37,2458.32,3337.69,3764.47,1688.94,4203.95,2167.42,1582.94,2833.33,3292.5,2731.96,12261.21,14580.69,1852.03,3858.24,1501.66,2875.87,1426.93,2018.84,2298.47,10815.77,3077.6,8751.89,2283.83,2415.41,4473.57,11704.32,1e+09,1285.55,7280.29,1371.08,7086.17,16159.64,17439.81
4490.35,7887.53,8364.31,7433.1,15286.86,8459.16,24246.68,4427.84,1007.34,1814.4,4878.34,1172.99,1808.38,4569.55,12290.14,12186.97,7500.27,6374.06,1233.37,1738.19,3677.13,3677.35,5079.51,2161.38,2085.54,3302.79,2949.94,2690.23,3261.15,1766.79,1312.75,10519.17,12749.55,2485.62,2142.51,1587.37,3689.21,1338.41,1233.78,2660.87,9303.54,1402.38,7009.85,2093.08,1448.69,2642.43,9980.81,1285.55,1e+09,5181.85,1024.01,5684.93,14352.56,15697.77
10575.91,15691.22,15043.02,11867.14,23699.37,8089.69,15017.07,3122.31,3075.74,5830.34,9593.89,5692.67,3442.45,12096.88,6183.19,18321.9,14361.48,8156.9,5224.71,2792.79,3418.17,8987.26,7015.86,1851.72,5942.01,6196.4,7096.71,8784,8465.88,4770.07,3290.47,4401.42,5112.75,4429.33,1835.54,5389.55,2511.55,4422.55,5396.92,5887.57,2518.47,4116.68,4636.11,7674.64,5035.29,2215.26,3814.13,7280.29,5181.85,1e+09,6566.85,955.219999999999,5441.15,9062.08
4633.77,5212.77,5522.05,6349.02,13743.73,6927.23,25124.96,4213.11,1837.5,1522.82,2381.12,1805.17,2523.98,2582.31,12537.58,9208.67,6189.5,6895.04,1966.06,2607.9,4634.23,3099.68,4555.38,3133.35,1992.25,2519.66,2219.67,1247.13,3850.34,2295.02,2608.01,10766.61,13281.38,2544.72,2958.73,2362.22,3511.06,1496.84,1009.02,3270.09,10210.48,2015.83,7257.29,1016.95,1161.85,3174.26,10470.97,1371.08,1024.01,6566.85,1e+09,6649.67,16021.95,15945.21
10290.97,14394.94,14864.26,9153.07,21786.81,5590.98,15318.82,3324.26,3344.95,4355.57,9412.16,6145.02,2722.57,11289.23,5087.38,18232.1,13534,6308.07,4207.13,2537.67,2586.85,9244.86,7001.89,1918.39,4287.47,5119.93,5895.32,9409.91,8723.48,2835.68,3116.98,3599.01,5034.55,4285.95,1692.6,4873.84,2505.68,4402.42,4858.4,5974.9,1912.95,3154.88,3043.11,6525.28,4671.2,2331.97,2997.16,7086.17,5684.93,955.219999999999,6649.67,1e+09,5995.15,8254.92
19364.44,24685.93,24210.53,18983.9,32077.8,8164.13,5018.19,6717.47,12012.58,14207.7,19161.79,14812.65,9922.57,21821.26,3429.18,27305.57,23013.31,6494.34,13505.6,10018.26,8183.37,17912.49,15529.12,10157.32,13637.2,14399.44,15739.28,18149.99,17391.11,12062.16,11564.17,3119.16,2642.9,12540.04,9506.97,13847.71,8943.22,12923.49,14540.64,14603.43,4741.77,12564.97,6208.93,16769.03,14103.62,10217.44,4953.28,16159.64,14352.56,5441.15,16021.95,5995.15,1e+09,2647.31
22582.39,23742.98,24365.96,18617.48,31711.38,7847.32,5508.97,8980.62,13555.23,13841.28,18521.05,17020.24,12132.95,20398.12,1816.91,28015.54,24791.72,3489.21,15513.41,12671.3,6922.16,21345.22,20326.86,13350.49,14372.37,15453.62,15701.02,18518.8,21728.36,11237.27,13829.42,3944.72,1964.19,17337.78,12209.22,17354.41,12811.67,16747.66,14469.11,19249.12,4045.17,10977.03,4089.31,15752.32,14967.95,12324.98,3431.42,17439.81,15697.77,9062.08,15945.21,8254.92,2647.31,1e+09
