1e+09,4714.6,2612.76,7494.34,16801.35,6526.81,30979.67,14029.01,8457.09,4626.43,1697.04,4929.85,7402.23,2502.9,15531.97,5734.5,2137.54,6420.03,7592.19,7348.97,10615.72,4006.32,4857.9,6336.19,3077.75,3893.3,2212.5,4848.59,5032.74,6010.58,5593.62,20690.86,18938.5,11260,8911.05,9267.99,8921.88,6330.44,7036.66,6676.66,15242.43,7047.9,12340.74,4471.73,7108.91,12515.83,18835.09,4838.19,5701.69,15646.85,4838.4,10109.36,15909.06,20584.5
4714.6,1e+09,2068.6,1804.54,6799.49,6312.68,39360.28,21460.9,17708.08,12238.15,5476.21,12322.16,15831.94,5927.77,23618.21,9134.83,4255.29,12347.73,16238.5,16863.55,19972.08,10396,12001.21,14117.4,7763.26,5327.57,5960.11,10619.01,12087.66,14164.53,13654.65,28546.66,27407.98,19166.96,18019.89,17988.94,17203.33,14582.53,14188.1,14782.82,23741.8,15543.16,20031.84,11504.73,14146.29,21149.22,27214.72,12369.92,13887.5,24812.16,12100.08,17369.73,22512.65,28146.67
2612.76,2068.6,1e+09,4782.8,11164.55,5548.83,37446.13,18669.54,15034.19,9367.91,3192.3,10248.47,13815.93,4204.77,21827.99,6989.22,2838.79,10849.69,13968.82,13711.34,17101.84,7576.98,8935.84,12474.17,6263.97,4521.73,4384.2,8150.98,9652.99,12359.2,11833.14,26401.96,25360.05,16656.44,15472.41,15441.26,14684.87,12075.06,11720.07,11932.28,21640.96,13465.59,18136.21,8772.97,12001.59,18681.19,24750.34,10229.02,11876.56,22108.19,9572.89,15868.77,20986.76,26325.3
7494.34,1804.54,4782.8,1e+09,4657.51,6933.53,41943.44,27600.15,20643.07,14913.71,9262.36,15751.27,18415.1,9651.29,26201.37,13891.21,7213.66,14930.89,18973.1,20792.36,23050.38,14004.1,15857.39,16700.56,9206.13,7417.85,8161.58,14749.63,16196.07,16747.69,16237.81,32871.87,31030.08,24570.33,20603.05,22078.49,20230.97,17845.09,18192.36,18304.72,26705.68,18398.92,23030.13,14241.21,18069.18,25243.03,30984.22,15647.91,17045.12,28268.4,14744.55,19952.89,25095.81,31361
16801.35,6799.49,11164.55,4657.51,1e+09,13347.96,54365.45,42023.86,33065.08,27335.72,18495.77,28587.56,30837.11,20943.04,38623.38,22888.41,16633.88,27352.9,31395.11,33865.68,35472.39,26017.35,27834.42,29122.57,18761.49,16532.99,17979.41,27097.6,27500.8,29169.7,28659.82,46222.74,44252.35,38799.9,33025.06,34958.04,32652.98,30267.1,30614.37,30796.81,39127.69,30820.93,35452.14,26663.22,30615.41,37665.04,43671.03,28181.96,29467.13,41158.95,27166.56,32374.9,37517.82,43790.92
6526.81,6312.68,5548.83,6933.53,13347.96,1e+09,25823.96,19735.51,11715.21,9037.21,8960.11,11045.88,10298.07,7815.78,11622.84,13232.67,7324.55,6626.55,10437.16,12942.62,11673.7,10281.81,12289.27,8575.55,4055.09,3475.45,5102.59,10573.72,12926.72,9447.99,8229.11,18333.13,16016,18117.44,10744.15,13584.64,10478.66,11678.31,11959.13,12992.91,12459.26,10822.14,10019.17,8673.58,10736.47,13619.24,16026.58,11129.04,11153.24,14515.2,9280.48,8172.79,11521.66,15404.47
30979.67,39360.28,37446.13,41943.44,54365.45,25823.96,1e+09,13016.14,21763.66,25602.08,32037.01,26155.43,19421,32199.11,11429.87,32734.89,33802.68,17753.25,22503.2,19615.67,18742.41,28612.18,25408.31,21891.56,26036.83,27685.66,28927.61,27942.4,27468.63,22424.9,22554.59,8817.26,10669.26,16240.1,20292.34,20081.96,19607.08,23854.23,23918.97,24188.79,15441.06,23507.37,16131,26588.33,23991.4,16925.7,11368.97,26582.73,25177.34,13881.05,26043,17164.09,7958.24,7576.78
14029.01,21460.9,18669.54,27600.15,42023.86,19735.51,13016.14,1e+09,4441.27,6786.78,12293.71,5716.68,6991.41,9182.69,6993.04,10262.41,13177.13,9802.05,6060.15,3050.26,4361.49,7208.3,7058.33,7691.87,13449.73,15441.75,12944.26,6013.12,6965.16,6722.4,7787.84,5742.1,5586.79,1777.73,4990.45,3399.75,5737.43,5561.25,4674.53,5217,4786.58,5799.79,6960.83,6691.29,5343.99,3325.55,5121.33,6092.8,5643.47,3164,6886.2,8281.35,10266.92,7887.89
8457.09,17708.08,15034.19,20643.07,33065.08,11715.21,21763.66,4441.27,1e+09,3326.62,8915.69,2397.76,2293.2,9212.57,6858.01,8416.09,11878.84,4647.09,1249.44,2133.87,1232.87,4607.19,3603.83,1656.84,7869.64,8116,7730.78,3946.21,3428.36,2448.59,2303.94,8838.2,8965.84,3160.07,977.91,1456.36,2532.53,1683.06,1544.95,1835.35,5344.02,1157.01,3527.45,3713.25,1473.46,2469.15,7400.51,2570.8,1534.67,4112.09,2809.53,4705.8,8434.39,10886.31
4626.43,12238.15,9367.91,14913.71,27335.72,9037.21,25602.08,6786.78,3326.62,1e+09,4597.76,1939.53,2446.92,3991.3,9860.01,5205.66,6643.34,3348.17,2342.55,3165.69,4794.13,1776.54,2396.16,1786.44,4242.44,5894.15,5160.75,1566.88,2331.74,1599.82,2170.68,12319.48,12079.46,4950.78,4246.23,3226.62,3840.56,2152.95,1854.76,2107.76,9385.6,1926.28,5652.7,551.95,1220.23,5351.36,11631.15,1510.47,1611.52,9811.73,944.94,4031.81,8754.45,13618.23
1697.04,5476.21,3192.3,9262.36,18495.77,8960.11,32037.01,12293.71,8915.69,4597.76,1e+09,4999.28,8435.02,2520.7,17300.2,3523.57,2070.61,8575.07,8559.94,7340.87,11501.32,3351.98,3708.43,7503.09,5483.04,5522.15,4082.75,4133.53,3700.44,7842.77,6523.36,21468.42,19944.82,10316.04,9624.51,9162.16,9851.76,6713.53,7314.47,6387.52,16077.36,8047.19,14248.65,4523.71,7667.28,12942.05,19775.02,4840.92,6383.44,15720.06,5226.51,12423.39,17953.31,22375.5
4929.85,12322.16,10248.47,15751.27,28587.56,11045.88,26155.43,5716.68,2397.76,1939.53,4999.28,1e+09,2710.09,3935.78,10891.72,5128.99,6110.38,4284.17,2518.57,2582.36,3970.8,2061.18,2163.57,2757,4845.12,6824.96,4353.51,1845.78,1695.11,2325.56,2219.13,12900.55,12809.79,4188.81,3270.07,2415.01,4283.07,1441.94,1584.74,1698.77,9712.59,2047.98,6713.23,1694.87,1468.33,5132.01,11586.85,915.130000000001,1168.54,8559.89,1382.32,5872.41,10572.58,14753.81
7402.23,15831.94,13815.93,18415.1,30837.11,10298.07,19421,6991.41,2293.2,2446.92,8435.02,2710.09,1e+09,8412.78,4605.46,9083.8,10249.79,2701.94,1381.09,3441.54,2852.36,4837.26,3670.48,1619.58,5827.97,7137.24,6149.72,4581.29,3908.74,1297.63,1935.05,8213.44,6832.28,5604.65,2527.04,2712.76,2836.07,2564.74,2560.24,2845.35,4694.18,1175.94,2967.33,2987.38,1967.05,3687.9,7439.01,2901.41,1601.08,4689.17,2386.01,1418.78,5778.69,8645.15
2502.9,5927.77,4204.77,9651.29,20943.04,7815.78,32199.11,9182.69,9212.57,3991.3,2520.7,3935.78,8412.78,1e+09,16457.04,4743.64,2423.35,5314.94,8312.44,7289.7,10992.74,2482.88,4282.54,6956.23,4272.06,4000.44,2924.76,2186.44,4858.98,7003.36,6493.48,18834.77,18635.62,7765.44,10590.16,8748.37,8590.67,5884.24,5029.66,5536.71,15941.76,7815.2,12208.86,3512.7,5239.04,11825.78,18105.57,4285.78,5958.3,16204.41,4134.05,10208.56,15351.48,20174.39
15531.97,23618.21,21827.99,26201.37,38623.38,11622.84,11429.87,6993.04,6858.01,9860.01,17300.2,10891.72,4605.46,16457.04,1e+09,18788.86,18149.94,4826.34,6850.46,6680.81,3000.34,13505.89,10809.79,6761.27,10294.76,12012.09,13274.87,13165.97,12616.67,6682.83,6901.85,2143.38,2368.24,7099.74,5356.91,6126.68,4240.47,8714.65,8921.46,9563.59,1413.57,7839.2,2336.38,10846.26,8488.56,4613.65,2479.01,11416.75,9699.63,1996.05,10378.35,2856.3,4669.49,2249.47
5734.5,9134.83,6989.22,13891.21,22888.41,13232.67,32734.89,10262.41,8416.09,5205.66,3523.57,5128.99,9083.8,4743.64,18788.86,1e+09,3944.28,12106.9,8920,7262.37,11224.72,3718.88,2988.31,8808.01,8654.33,9365.5,7298.23,4703.19,1450.61,9247.49,7530.6,21504.32,20497.58,9108.46,9634.63,7829.48,10645.36,6627.47,7345.89,5196.97,16330.42,8460.55,15677.88,4941.09,7855.9,12108.23,19504.55,5333.36,6709.3,14842.34,6652.63,14705.89,21049.43,23933.45
2137.54,4255.29,2838.79,7213.66,16633.88,7324.55,33802.68,13177.13,11878.84,6643.34,2070.61,6110.38,10249.79,2423.35,18149.94,3944.28,1e+09,8049.49,10663.43,9331.52,14116.32,5902.3,6452.19,8796.12,3666.84,3708.09,2034.1,5600.31,6654.16,8769.92,8155.09,22112.02,20973.41,11033.55,12077.94,11295.07,11852.25,8877.08,8712.51,8601.73,18089.21,10042.9,15023.66,5950.14,8367.41,15152.18,21218.55,6393.17,8195.65,18179.13,6814.54,12604.44,18198.75,22934.92
6420.03,12347.73,10849.69,14930.89,27352.9,6626.55,17753.25,9802.05,4647.09,3348.17,8575.07,4284.17,2701.94,5314.94,4826.34,12106.9,8049.49,1e+09,3262.33,5291.96,4481.01,6070.71,6603.46,3040.67,4053.2,4719.92,5079.35,5647.37,6447.84,2144.1,3207.87,8658.66,7062.57,8033.45,4531.78,5367.4,3910.25,4258.46,4427.87,5785.62,5887.79,3151.83,3196.15,3444.5,3793.57,6336.84,7964.09,4611.07,3414.73,7062.49,3400.38,2061,4327.93,7757.18
7592.19,16238.5,13968.82,18973.1,31395.11,10437.16,22503.2,6060.15,1249.44,2342.55,8559.94,2518.57,1381.09,8312.44,6850.46,8920,10663.43,3262.33,1e+09,3068.71,2189.53,4629.11,3326.2,1470.82,6112.62,6832.88,6401.44,4470.99,3703.57,1248.14,1405.62,9064.27,8981.58,4552.26,1591.3,1703.46,2300.32,1430.37,1680.4,2213,6097.38,406.81,3140.65,2920.86,1273.79,2671.07,8056.41,2631.18,1247.51,5752.34,2240.47,3092.05,7075.19,10674.56
7348.97,16863.55,13711.34,20792.36,33865.68,12942.62,19615.67,3050.26,2133.87,3165.69,7340.87,2582.36,3441.54,7289.7,6680.81,7262.37,9331.52,5291.96,3068.71,1e+09,2635.04,3788.54,3385.46,2878.28,7217.21,8757.85,6682.8,3265.16,3391.55,3251.7,3139.18,8746.76,7715.98,2893.37,2304.22,2014.9,2982.92,2741.38,3022.32,2645.26,4795.99,2652.29,5840.56,3215.98,2896.33,2612.21,6998.39,2333.08,2378.6,3374.39,2753.83,5833.53,10486.78,10477.32
10615.72,19972.08,17101.84,23050.38,35472.39,11673.7,18742.41,4361.49,1232.87,4794.13,11501.32,3970.8,2852.36,10992.74,3000.34,11224.72,14116.32,4481.01,2189.53,2635.04,1e+09,6502.75,5586.47,2614.31,8634.87,9278.08,9714.61,5703.71,5347.88,3404.6,3951.44,4949.01,4964.39,3745.05,1290.86,2256.85,2656.28,2976.22,2881.15,3410.06,2280.67,2274.07,1775.97,5356.06,2750.4,2437.21,4005.28,4331.49,2962.31,2804.26,4533.68,3350.75,6347.77,6503.16
4006.32,10396,7576.98,14004.1,26017.35,10281.81,28612.18,7208.3,4607.19,1776.54,3351.98,2061.18,4837.26,2482.88,13505.89,3718.88,5902.3,6070.71,4629.11,3788.54,6502.75,1e+09,2001.38,4471.67,5328.1,7119.35,5356.12,1212.84,2004.75,3990.6,3550.82,15513.42,15549.79,5295.57,5813.32,4120.28,5306.9,2977.01,2708.04,2205.57,12174.96,4216.87,9230.8,1678.07,3001.38,7838.85,14199.9,2001.81,2742.37,11130.1,2064.63,7957.5,13050.56,17437.36
4857.9,12001.21,8935.84,15857.39,27834.42,12289.27,25408.31,7058.33,3603.83,2396.16,3708.43,2163.57,3670.48,4282.54,10809.79,2988.31,6452.19,6603.46,3326.2,3385.46,5586.47,2001.38,1e+09,3198.12,6324.94,8297.65,5954.03,1863.18,1345.18,4051.59,2273.7,13778.07,12774.13,5330.86,4104.11,3372.72,4714.26,2292.09,3055.57,1977.28,9248.45,3306.01,7710.68,2368.48,3303.95,6062.18,12381.18,1641.37,2734.23,8549.37,2799.61,6990.4,13472.97,15676.48
6336.19,14117.4,12474.17,16700.56,29122.57,8575.55,21891.56,7691.87,1656.84,1786.44,7503.09,2757,1619.58,6956.23,6761.27,8808.01,8796.12,3040.67,1470.82,2878.28,2614.31,4471.67,3198.12,1e+09,4297.47,5062.93,4514.9,4476.32,3975.6,1525.3,1358.8,10239.34,9528.25,5875.84,1433.11,2961.99,2379.1,2293.09,2616.74,2952.26,5931.91,1394,3697.51,2159.21,1717.5,3955.95,8844.97,2667.84,2149.37,5526.42,2202.81,3669.6,7372.6,11379.12
3077.75,7763.26,6263.97,9206.13,18761.49,4055.09,26036.83,13449.73,7869.64,4242.44,5483.04,4845.12,5827.97,4272.06,10294.76,8654.33,3666.84,4053.2,6112.62,7217.21,8634.87,5328.1,6324.94,4297.47,1e+09,3203.26,1940.69,5846.43,6264.65,4405.52,4324.28,16165.83,14220.01,10530.11,7044.94,8850.27,6625.49,6167.01,6624.99,6963.44,10799.07,6031.8,8060.4,4271.35,6158.67,10820.07,14904.97,4870.23,5294.92,11955.91,4556.72,5653.27,10368.82,15416.61
3893.3,5327.57,4521.73,7417.85,16532.99,3475.45,27685.66,15441.75,8116,5894.15,5522.15,6824.96,7137.24,4000.44,12012.09,9365.5,3708.09,4719.92,6832.88,8757.85,9278.08,7119.35,8297.65,5062.93,3203.26,1e+09,2614.19,7173.46,9217.99,6315.13,4923.95,18193.49,16174.33,13241.63,7292.67,9813.09,7421.29,7631.5,8008.35,8512.2,12241.47,6974.58,8921.13,5544.32,7190.51,10742.2,16141.88,7688.43,7461.98,13503.82,6009.03,7438.92,11653,16818.58
2212.5,5960.11,4384.2,8161.58,17979.41,5102.59,28927.61,12944.26,7730.78,5160.75,4082.75,4353.51,6149.72,2924.76,13274.87,7298.23,2034.1,5079.35,6401.44,6682.8,9714.61,5356.12,5954.03,4514.9,1940.69,2614.19,1e+09,5549.56,6231.29,5343.99,4479.83,18703.51,16831.62,10352.65,7336.44,8726.97,7962.13,6278.78,6844.97,6781.7,13412.78,5999.65,10393.11,4578.12,5860.6,11364.35,17321.28,4963.08,5860.48,14037.34,4760.67,8153.13,13426.22,18637.15
4848.59,10619.01,8150.98,14749.63,27097.6,10573.72,27942.4,6013.12,3946.21,1566.88,4133.53,1845.78,4581.29,2186.44,13165.97,4703.19,5600.31,5647.37,4470.99,3265.16,5703.71,1212.84,1863.18,4476.32,5846.43,7173.46,5549.56,1e+09,2093.04,4434.37,3535.27,14971.16,15260.23,4402.5,4842.14,3473,4652.87,2414.23,2346.72,1595.54,11537.93,4041,8843.43,1678.1,3026.41,7198.52,13478.31,1475.96,3102.05,10049.85,2016.13,8084.05,12935.34,17074.43
5032.74,12087.66,9652.99,16196.07,27500.8,12926.72,27468.63,6965.16,3428.36,2331.74,3700.44,1695.11,3908.74,4858.98,12616.67,1450.61,6654.16,6447.84,3703.57,3391.55,5347.88,2004.75,1345.18,3975.6,6264.65,9217.99,6231.29,2093.04,1e+09,3786.65,3229.49,14835.07,14459.93,5281.12,4432.31,3234.6,5573.11,2705.29,3118.18,2077.28,11099.72,3267.11,8818.44,2097.21,3457.35,6476.4,13243.06,1686.21,1963.13,9646.65,2724.33,7989.47,13760.99,16808.5
6010.58,14164.53,12359.2,16747.69,29169.7,9447.99,22424.9,6722.4,2448.59,1599.82,7842.77,2325.56,1297.63,7003.36,6682.83,9247.49,8769.92,2144.1,1248.14,3251.7,3404.6,3990.6,4051.59,1525.3,4405.52,6315.13,5343.99,4434.37,3786.65,1e+09,1477.34,9679.58,9170.92,4986.04,3039.25,2519.93,2693.44,2146.27,2112.53,3003.73,6477.06,790.13,3305.99,2141.48,1720.23,3874.06,9160.82,2329.48,1121.55,6906.82,1629.23,1772.36,6288.22,10709.69
5593.62,13654.65,11833.14,16237.81,28659.82,8229.11,22554.59,7787.84,2303.94,2170.68,6523.36,2219.13,1935.05,6493.48,6901.85,7530.6,8155.09,3207.87,1405.62,3139.18,3951.44,3550.82,2273.7,1358.8,4324.28,4923.95,4479.83,3535.27,3229.49,1477.34,1e+09,10552.79,9569.75,5486.51,2115.53,2509.05,2776.41,1488.59,1471.26,2038.99,6621.56,1659.46,4221.65,2182.52,1928.26,4376.25,9518.29,2168.21,1700.9,6667.17,2004.96,3369.41,8246.65,11572.56
20690.86,28546.66,26401.96,32871.87,46222.74,18333.13,8817.26,5742.1,8838.2,12319.48,21468.42,12900.55,8213.44,18834.77,2143.38,21504.32,22112.02,8658.66,9064.27,8746.76,4949.01,15513.42,13778.07,10239.34,16165.83,18193.49,18703.51,14971.16,14835.07,9679.58,10552.79,1e+09,2145.11,8033.85,8113.64,8405.93,7333.28,11156.82,10836.09,11898.13,3080.14,9712.91,4452.94,13180.23,10380.37,5781.22,1818.94,13286.98,11382.88,2748.32,12696.08,6242.44,6216.76,2383.67
18938.5,27407.98,25360.05,31030.08,44252.35,16016,10669.26,5586.79,8965.84,12079.46,19944.82,12809.79,6832.28,18635.62,2368.24,20497.58,20973.41,7062.57,8981.58,7715.98,4964.39,15549.79,12774.13,9528.25,14220.01,16174.33,16831.62,15260.23,14459.93,9170.92,9569.75,2145.11,1e+09,6711.88,7648.16,7766.05,6585.99,10860.19,11030.05,11352.5,2411.59,9765.77,3755.14,13002.96,10448,5357.44,1072.13,13311.57,11545.23,2455.81,12526.93,4883.08,6128.17,2457.34
11260,19166.96,16656.44,24570.33,38799.9,18117.44,16240.1,1777.73,3160.07,4950.78,10316.04,4188.81,5604.65,7765.44,7099.74,9108.46,11033.55,8033.45,4552.26,2893.37,3745.05,5295.57,5330.86,5875.84,10530.11,13241.63,10352.65,4402.5,5281.12,4986.04,5486.51,8033.85,6711.88,1e+09,4090.34,2475.56,4167.44,3538.72,3397.53,3645.03,4901.77,4367.29,6528.76,4788.72,3787.12,3277.74,6342.89,3995.95,3885.38,3172.92,4917.22,7743.46,11812.62,10081.77
8911.05,18019.89,15472.41,20603.05,33025.06,10744.15,20292.34,4990.45,977.91,4246.23,9624.51,3270.07,2527.04,10590.16,5356.91,9634.63,12077.94,4531.78,1591.3,2304.22,1290.86,5813.32,4104.11,1433.11,7044.94,7292.67,7336.44,4842.14,4432.31,3039.25,2115.53,8113.64,7648.16,4090.34,1e+09,1932.06,1915.34,2238.93,2100.32,2448.12,4112.86,1527.65,3237.17,4891.86,1794.17,2650.95,6692.83,3691.35,2415.27,3684.22,3722.15,4189.64,7928.25,9776.93
9267.99,17988.94,15441.26,22078.49,34958.04,13584.64,20081.96,3399.75,1456.36,3226.62,9162.16,2415.01,2712.76,8748.37,6126.68,7829.48,11295.07,5367.4,1703.46,2014.9,2256.85,4120.28,3372.72,2961.99,8850.27,9813.09,8726.97,3473,3234.6,2519.93,2509.05,8405.93,7766.05,2475.56,1932.06,1e+09,3090.65,1603.34,1747.54,1509.84,4173.25,1835.57,4465.19,3603.83,1919.8,1984.58,6505.21,2429.26,1908.15,2845.38,3055.71,5282.04,9298.49,10359.88
8921.88,17203.33,14684.87,20230.97,32652.98,10478.66,19607.08,5737.43,2532.53,3840.56,9851.76,4283.07,2836.07,8590.67,4240.47,10645.36,11852.25,3910.25,2300.32,2982.92,2656.28,5306.9,4714.26,2379.1,6625.49,7421.29,7962.13,4652.87,5573.11,2693.44,2776.41,7333.28,6585.99,4167.44,1915.34,3090.65,1e+09,3006.54,2853.88,3769.19,3734.14,2802.74,3043.62,4002.61,2876.24,3411.58,6129.78,3674.39,3639.9,3706.26,4045.15,3114.65,7691.52,8471.76
6330.44,14582.53,12075.06,17845.09,30267.1,11678.31,23854.23,5561.25,1683.06,2152.95,6713.53,1441.94,2564.74,5884.24,8714.65,6627.47,8877.08,4258.46,1430.37,2741.38,2976.22,2977.01,2292.09,2293.09,6167.01,7631.5,6278.78,2414.23,2705.29,2146.27,1488.59,11156.82,10860.19,3538.72,2238.93,1603.34,3006.54,1e+09,1481.79,1600.72,7518.65,1548.94,5123.07,2025.55,1545.65,4108.17,9829.26,1551.91,1316.16,6819.57,1973.32,5050.18,9350.69,12987.98
7036.66,14188.1,11720.07,18192.36,30614.37,11959.13,23918.97,4674.53,1544.95,1854.76,7314.47,1584.74,2560.24,5029.66,8921.46,7345.89,8712.51,4427.87,1680.4,3022.32,2881.15,2708.04,3055.57,2616.74,6624.99,8008.35,6844.97,2346.72,3118.18,2112.53,1471.26,10836.09,11030.05,3397.53,2100.32,1747.54,2853.88,1481.79,1e+09,1459.81,7558.41,1571.94,5024.4,1888.39,1132.68,3750.42,9549.34,1884.11,1305.92,6464.83,1691.81,4802.04,9185,12733.26
6676.66,14782.82,11932.28,18304.72,30796.81,12992.91,24188.79,5217,1835.35,2107.76,6387.52,1698.77,2845.35,5536.71,9563.59,5196.97,8601.73,5785.62,2213,2645.26,3410.06,2205.57,1977.28,2952.26,6963.44,8512.2,6781.7,1595.54,2077.28,3003.73,2038.99,11898.13,11352.5,3645.03,2448.12,1509.84,3769.19,1600.72,1459.81,1e+09,7809.1,2127.12,6317.69,2207.53,2214.14,3846.88,10140.04,1687.28,1817.5,6350.64,2531.61,6350.97,11128.74,13925.02
15242.43,23741.8,21640.96,26705.68,39127.69,12459.26,15441.06,4786.58,5344.02,9385.6,16077.36,9712.59,4694.18,15941.76,1413.57,16330.42,18089.21,5887.79,6097.38,4795.99,2280.67,12174.96,9248.45,5931.91,10799.07,12241.47,13412.78,11537.93,11099.72,6477.06,6621.56,3080.14,2411.59,4901.77,4112.86,4173.25,3734.14,7518.65,7558.41,7809.1,1e+09,7071.91,2417.05,10309.1,7563.8,3451.39,1918.7,10177.44,8851.37,1295.06,9833.07,2730.56,7850.92,3384.26
7047.9,15543.16,13465.59,18398.92,30820.93,10822.14,23507.37,5799.79,1157.01,1926.28,8047.19,2047.98,1175.94,7815.2,7839.2,8460.55,10042.9,3151.83,406.81,2652.29,2274.07,4216.87,3306.01,1394,6031.8,6974.58,5999.65,4041,3267.11,790.13,1659.46,9712.91,9765.77,4367.29,1527.65,1835.57,2802.74,1548.94,1571.94,2127.12,7071.91,1e+09,3339.01,2434.7,1234.96,2736.97,8731.7,2237.83,934.5,6326.52,1828.26,3033.36,6960.08,11304.54
12340.74,20031.84,18136.21,23030.13,35452.14,10019.17,16131,6960.83,3527.45,5652.7,14248.65,6713.23,2967.33,12208.86,2336.38,15677.88,15023.66,3196.15,3140.65,5840.56,1775.97,9230.8,7710.68,3697.51,8060.4,8921.13,10393.11,8843.43,8818.44,3305.99,4221.65,4452.94,3755.14,6528.76,3237.17,4465.19,3043.62,5123.07,5024.4,6317.69,2417.05,3339.01,1e+09,6576.2,4181.09,2979.09,3765.44,7033.23,5118.47,2915.72,6100.17,1920.15,4712.99,4980.09
4471.73,11504.73,8772.97,14241.21,26663.22,8673.58,26588.33,6691.29,3713.25,551.95,4523.71,1694.87,2987.38,3512.7,10846.26,4941.09,5950.14,3444.5,2920.86,3215.98,5356.06,1678.07,2368.48,2159.21,4271.35,5544.32,4578.12,1678.1,2097.21,2141.48,2182.52,13180.23,13002.96,4788.72,4891.86,3603.83,4002.61,2025.55,1888.39,2207.53,10309.1,2434.7,6576.2,1e+09,1164.41,6149.36,12429.15,1736.6,1706.34,10484.23,833.09,4769.32,9740.7,14541.73
7108.91,14146.29,12001.59,18069.18,30615.41,10736.47,23991.4,5343.99,1473.46,1220.23,7667.28,1468.33,1967.05,5239.04,8488.56,7855.9,8367.41,3793.57,1273.79,2896.33,2750.4,3001.38,3303.95,1717.5,6158.67,7190.51,5860.6,3026.41,3457.35,1720.23,1928.26,10380.37,10448,3787.12,1794.17,1919.8,2876.24,1545.65,1132.68,2214.14,7563.8,1234.96,4181.09,1164.41,1e+09,3267.59,9190.15,2178.54,1614.25,6532.04,1519.1,4106.93,8113.16,12151.66
12515.83,21149.22,18681.19,25243.03,37665.04,13619.24,16925.7,3325.55,2469.15,5351.36,12942.05,5132.01,3687.9,11825.78,4613.65,12108.23,15152.18,6336.84,2671.07,2612.21,2437.21,7838.85,6062.18,3955.95,10820.07,10742.2,11364.35,7198.52,6476.4,3874.06,4376.25,5781.22,5357.44,3277.74,2650.95,1984.58,3411.58,4108.17,3750.42,3846.88,3451.39,2736.97,2979.09,6149.36,3267.59,1e+09,4386.35,5590.02,4012.39,1831.88,5657.09,4765.65,7748.09,7142.59
18835.09,27214.72,24750.34,30984.22,43671.03,16026.58,11368.97,5121.33,7400.51,11631.15,19775.02,11586.85,7439.01,18105.57,2479.01,19504.55,21218.55,7964.09,8056.41,6998.39,4005.28,14199.9,12381.18,8844.97,14904.97,16141.88,17321.28,13478.31,13243.06,9160.82,9518.29,1818.94,1072.13,6342.89,6692.83,6505.21,6129.78,9829.26,9549.34,10140.04,1918.7,8731.7,3765.44,12429.15,9190.15,4386.35,1e+09,11997.99,10292.18,2281.09,11798.21,5529.18,7119.94,2341.33
4838.19,12369.92,10229.02,15647.91,28181.96,11129.04,26582.73,6092.8,2570.8,1510.47,4840.92,915.130000000001,2901.41,4285.78,11416.75,5333.36,6393.17,4611.07,2631.18,2333.08,4331.49,2001.81,1641.37,2667.84,4870.23,7688.43,4963.08,1475.96,1686.21,2329.48,2168.21,13286.98,13311.57,3995.95,3691.35,2429.26,3674.39,1551.91,1884.11,1687.28,10177.44,2237.83,7033.23,1736.6,2178.54,5590.02,11997.99,1e+09,835.2,8965.49,1489.75,5828.82,10791.19,15193.84
5701.69,13887.5,11876.56,17045.12,29467.13,11153.24,25177.34,5643.47,1534.67,1611.52,6383.44,1168.54,1601.08,5958.3,9699.63,6709.3,8195.65,3414.73,1247.51,2378.6,2962.31,2742.37,2734.23,2149.37,5294.92,7461.98,5860.48,3102.05,1963.13,1121.55,1700.9,11382.88,11545.23,3885.38,2415.27,1908.15,3639.9,1316.16,1305.92,1817.5,8851.37,934.5,5118.47,1706.34,1614.25,4012.39,10292.18,835.2,1e+09,7680.32,1113.11,3856.81,8622.59,13084
15646.85,24812.16,22108.19,28268.4,41158.95,14515.2,13881.05,3164,4112.09,9811.73,15720.06,8559.89,4689.17,16204.41,1996.05,14842.34,18179.13,7062.49,5752.34,3374.39,2804.26,11130.1,8549.37,5526.42,11955.91,13503.82,14037.34,10049.85,9646.65,6906.82,6667.17,2748.32,2455.81,3172.92,3684.22,2845.38,3706.26,6819.57,6464.83,6350.64,1295.06,6326.52,2915.72,10484.23,6532.04,1831.88,2281.09,8965.49,7680.32,1e+09,9291.28,3735.42,8469.95,3966.93
4838.4,12100.08,9572.89,14744.55,27166.56,9280.48,26043,6886.2,2809.53,944.94,5226.51,1382.32,2386.01,4134.05,10378.35,6652.63,6814.54,3400.38,2240.47,2753.83,4533.68,2064.63,2799.61,2202.81,4556.72,6009.03,4760.67,2016.13,2724.33,1629.23,2004.96,12696.08,12526.93,4917.22,3722.15,3055.71,4045.15,1973.32,1691.81,2531.61,9833.07,1828.26,6100.17,833.09,1519.1,5657.09,11798.21,1489.75,1113.11,9291.28,1e+09,4375.78,9272.79,14065.7
10109.36,17369.73,15868.77,19952.89,32374.9,8172.79,17164.09,8281.35,4705.8,4031.81,12423.39,5872.41,1418.78,10208.56,2856.3,14705.89,12604.44,2061,3092.05,5833.53,3350.75,7957.5,6990.4,3669.6,5653.27,7438.92,8153.13,8084.05,7989.47,1772.36,3369.41,6242.44,4883.08,7743.46,4189.64,5282.04,3114.65,5050.18,4802.04,6350.97,2730.56,3033.36,1920.15,4769.32,4106.93,4765.65,5529.18,5828.82,3856.81,3735.42,4375.78,1e+09,5410.32,6035.01
15909.06,22512.65,20986.76,25095.81,37517.82,11521.66,7958.24,10266.92,8434.39,8754.45,17953.31,10572.58,5778.69,15351.48,4669.49,21049.43,18198.75,4327.93,7075.19,10486.78,6347.77,13050.56,13472.97,7372.6,10368.82,11653,13426.22,12935.34,13760.99,6288.22,8246.65,6216.76,6128.17,11812.62,7928.25,9298.49,7691.52,9350.69,9185,11128.74,7850.92,6960.08,4712.99,9740.7,8113.16,7748.09,7119.94,10791.19,8622.59,8469.95,9272.79,5410.32,1e+09,4257.15
20584.5,28146.67,26325.3,31361,43790.92,15404.47,7576.78,7887.89,10886.31,13618.23,22375.5,14753.81,8645.15,20174.39,2249.47,23933.45,22934.92,7757.18,10674.56,10477.32,6503.16,17437.36,15676.48,11379.12,15416.61,16818.58,18637.15,17074.43,16808.5,10709.69,11572.56,2383.67,2457.34,10081.77,9776.93,10359.88,8471.76,12987.98,12733.26,13925.02,3384.26,11304.54,4980.09,14541.73,12151.66,7142.59,2341.33,15193.84,13084,3966.93,14065.7,6035.01,4257.15,1e+09
