1e+09,14975.08,19067.91,20650.88,27413.67,13681.83,43623.54,11921,10831.47,9202.43,15070.01,17187.41,14487.87,15053.09,14387.45,8980.22,13471.04,26907.99,14313.84,12710.46,19678.92,14475.26,10760.62,8241.33,7596.61,9240.22,10209.08,17418.98,10456.66,11006.09,16852.11,29168.03,36003.19,13833.97,22512.04,12430.83,21846.21,21804.69,17204.41,19558.09,22508.17,16114.5,20495.9,14827.85,12848.52,13437.62,24083.36,12896.41,17630.61,16493.52,13710.88,12696.39,19498.46,27608.48
14975.08,1e+09,5505.4,5905.85,12978.27,43130.98,78838.64,37368.83,33388.06,21660.1,50192.97,52045.95,47742.67,49582.32,48448.77,30339.61,31072.19,61677.79,49068.98,47035.72,54165.89,48713.03,38593.86,26508.03,17349.56,22145.61,36864.39,51714.18,35157.49,35407.68,50393.14,66781.02,73805.4,47491.98,59282.5,44688.49,58733.35,58468.55,53937.47,55691.25,57184.95,50695.78,54864.88,49634.71,46573.95,47069.34,58871.41,46623.03,53115.45,50582.13,48955.38,44914.97,55639.15,64822.75
19067.91,5505.4,1e+09,2897.86,8655.19,49155.85,84863.51,43393.7,39412.93,25752.93,56217.84,58070.82,53767.54,55607.19,54473.64,36364.48,36829.49,67702.66,55093.85,53060.59,60190.76,54737.9,44618.73,32532.9,20265.55,25854.11,42889.26,57739.05,41182.36,41432.55,56418.01,72538.32,79830.27,53516.85,65307.37,50713.36,64665.06,64493.42,59962.34,61716.12,63209.82,56720.65,60889.75,55659.58,52598.82,53094.21,64896.28,52647.9,59140.32,56607,54980.25,50939.84,61664.02,70847.62
20650.88,5905.85,2897.86,1e+09,6171.83,50305.06,86012.72,44542.91,40562.14,27335.9,57367.05,59220.03,54916.75,56756.4,55622.85,37513.69,39684.36,68851.87,56243.06,54209.8,61339.97,55887.11,45767.94,33682.11,22184.84,28265.19,44038.47,58888.26,42331.57,42581.76,57567.22,74418.16,80979.48,54666.06,66456.58,51862.57,65907.43,65642.63,61111.55,62865.33,64359.03,57869.86,62038.96,56808.79,53748.03,54243.42,66045.49,53797.11,60289.53,57756.21,56129.46,52089.05,62813.23,71996.83
27413.67,12978.27,8655.19,6171.83,1e+09,60180.13,95887.79,54417.98,50437.21,35848.95,67242.12,69095.1,64791.82,66631.47,65497.92,47388.76,49469.27,78726.94,66118.13,64084.87,71215.04,65762.18,55643.01,43557.18,29455.73,35859.16,53913.54,68763.33,52206.64,52456.83,67442.29,84293.23,90854.55,64541.13,76331.65,61737.64,75782.5,75517.7,70986.62,72740.4,74234.1,67744.93,71914.03,66683.86,63623.1,64118.49,75920.56,63672.18,70164.6,67631.28,66004.53,61964.12,72688.3,81871.9
13681.83,43130.98,49155.85,50305.06,60180.13,1e+09,31455.96,4244.14,4460.68,16072.09,5532.5,6369.19,3976.62,5852.66,4438.57,5089.29,7373.36,12983.69,4133.81,4192.6,7457.82,5132.95,2987.7,8496.46,18063.24,15421.83,3547.51,7171.01,4234.97,3046.51,4646.4,14027.51,21860.11,3767.94,9544.66,4451.55,6859.2,8792.07,6756.27,7061.66,9904.65,6099.58,7921.06,6584.62,3873.18,3864.97,10215.48,3996.43,7765.25,4441.37,5157.49,3136.91,8908.7,13075.61
43623.54,78838.64,84863.51,86012.72,95887.79,31455.96,1e+09,32236.91,35626.93,48188.84,27268.21,25206.57,29713.49,26599.22,25596.12,40418.08,43853.01,14042.51,28025.35,29431.12,21874.87,24586.91,38453.78,43424.66,54736.51,52687.92,34260.22,23803.86,36635.3,33143.21,27076.07,9908.47,4157.24,29935.44,17782.07,29517.95,18382.38,18406.24,23418.03,21705.84,18805.99,25865.36,19920.15,26586.03,30797.59,30020.58,17051.16,29358.11,24228.46,24973.86,28301.01,32475.72,20899.04,12246.22
11921,37368.83,43393.7,44542.91,54417.98,4244.14,32236.91,1e+09,2840.93,10728.15,7749.92,11697.4,7122.99,5710.21,8687.51,3874.43,6031.4,14894.8,7625.73,6078.36,8267.17,8443.99,4398.56,5319.62,14835.76,11656.72,3035.89,7042.58,2782.61,2951.17,6811.46,16315.29,25939,6185.69,11517.24,7357.2,10341.21,12491.72,9342.07,12148.47,10606.8,5695.04,8544.41,6263.49,5683.58,5173.58,11427.23,5218.25,8511.5,7101.07,7554.95,6521.26,11219.32,16121.25
10831.47,33388.06,39412.93,40562.14,50437.21,4460.68,35626.93,2840.93,1e+09,9756.02,11558.17,11889.54,10703.98,8994.39,12751.28,4711.1,5122.97,18466.08,12204.82,10520.25,11528.85,11538.08,5205.76,4040.85,12082.46,9366.62,2668.25,11106.44,2628.87,2094.92,9801.62,20509.51,30144.74,10373.64,15408.72,9400.97,14306.17,16407.72,12552.11,16139.41,13973.24,10093.09,11802.81,10093.94,10046.83,9245.89,15503.3,9601.92,11714.46,10141.49,11307.7,8412.28,14274.1,20222.73
9202.43,21660.1,25752.93,27335.9,35848.95,16072.09,48188.84,10728.15,9756.02,1e+09,19444.14,23747.46,18488.43,18932.52,18427.93,9167.94,7948.45,31027.99,18845.16,16426.42,23516.09,18389.69,13666.68,5299.11,3704.21,3120.03,11583.28,21064.38,13120.05,12984.33,20039.11,33878.66,43108.62,17945.12,28388.4,17295.39,26772.36,27818.75,23018.55,25357.15,26535.15,20045.98,24215.08,18984.91,16163.37,17047.54,28221.61,16420.21,22465.65,20201.87,18305.58,17891.71,24989.35,33493.4
15070.01,50192.97,56217.84,57367.05,67242.12,5532.5,27268.21,7749.92,11558.17,19444.14,1e+09,5091.99,1764,4245.59,2568.1,9498.74,12356.55,10648.56,1772.24,2724.44,6294.37,2096.72,5903.09,12887.74,25074.5,21845.53,7558.21,4778.12,8545.47,9635.28,1587.17,9341.77,15092.07,1829.8,5080.89,3533,4230.94,4136.07,2646.86,2312.55,7937.64,4744.86,6038.16,2919.34,2429.91,2947.77,9023.14,2546.13,3091.08,2513.41,2174.8,4237.17,2949.05,7649.64
17187.41,52045.95,58070.82,59220.03,69095.1,6369.19,25206.57,11697.4,11889.54,23747.46,5091.99,1e+09,4364.99,5129.88,5058.41,9676.8,9975.4,10546.12,4512.76,5681.42,7014.91,4787.71,7415.95,15553.33,25945.98,21622.97,9624.7,6127.34,9812.76,10838.29,4307.61,7911.01,13030.43,4624.42,5769.06,4081.31,4647.8,5506.93,3775.73,3564.43,7696.08,5418.36,6803.86,4781.65,6601.71,6363.01,9739.7,5831.79,3784.36,5498.99,4442.37,3571.84,3754.87,7678.22
14487.87,47742.67,53767.54,54916.75,64791.82,3976.62,29713.49,7122.99,10703.98,18488.43,1764,4364.99,1e+09,4369,1951.72,6777.26,9255.57,12848.87,1520.7,2441.76,7884.83,2213.88,4252.73,13101.24,23640.54,20967.13,7262.05,5374.16,7523.67,7634.8,2446.26,11708.43,17537.35,1754.71,6939.55,2837.76,4627.64,5594.41,3889.33,2736.19,10133.11,5249.05,8022.18,4149.29,2360.56,2996.47,11126.61,2874.58,4084.77,2569.05,2047.42,2386.27,4938.36,9927.27
15053.09,49582.32,55607.19,56756.4,66631.47,5852.66,26599.22,5710.21,8994.39,18932.52,4245.59,5129.88,4369,1e+09,4395.27,13237.91,17053.89,7715.91,4446.46,2177.01,2334.95,3338.58,9936.06,14168.34,25480.19,23431.6,6237,1191.78,7572.98,8461.51,5395.29,8401.37,15419.21,3908.84,3331.24,6499.49,4855.54,4115.6,3548.81,4901.84,4802.29,1041.84,3286.46,1091.82,2272.19,1412.16,5319.03,2163.07,1215.81,2188.95,2126.72,6090.58,3898.46,6680.35
14387.45,48448.77,54473.64,55622.85,65497.92,4438.57,25596.12,8687.51,12751.28,18427.93,2568.1,5058.41,1951.72,4395.27,1e+09,8418.61,11509.36,10380.87,1901.17,2311.63,5950.2,1214.43,6050,13686.83,24346.64,22298.05,9226.58,5324.72,9730.08,9645.5,3230.99,9210.04,14533.88,2546.15,6941.36,3571.49,5366.83,4555.67,2788.77,2551.55,7404.63,4631.68,6071.75,3828.97,2453.03,3821.83,10072.06,3706.22,4387.47,2886.76,1812.86,3229.09,3802.7,8721.91
8980.22,30339.61,36364.48,37513.69,47388.76,5089.29,40418.08,3874.43,4711.1,9167.94,9498.74,9676.8,6777.26,13237.91,8418.61,1e+09,4389.76,22657.72,7829.21,8767.63,17061.45,9252.34,3661.3,4741.17,9708.67,8247.64,5375.11,14241,4453.82,4083.88,8243.7,23405.27,29355.84,6870.03,18073.16,5990.67,12595.26,15940.42,12718.27,11916.09,19470.24,13727.56,18183.83,12315.38,8034.8,8003.87,20255.94,8265.6,14502.13,10826.44,9966.46,5537.39,14877.43,21174.5
13471.04,31072.19,36829.49,39684.36,49469.27,7373.36,43853.01,6031.4,5122.97,7948.45,12356.55,9975.4,9255.57,17053.89,11509.36,4389.76,1e+09,25897.27,11066.88,12290.65,20848.74,12531.13,5165.63,4488.53,9804.24,6765.49,5941.11,17852.11,5140.24,6167.32,9778.94,25840.49,31948.05,9507.94,21126.78,7249.12,14358.6,18452.35,15392.34,14291.85,23036.13,17338.67,21706.85,15823.62,11521.02,11082.67,23955.14,11670.81,17807.38,14031.48,13185.98,6672.36,17785.46,23835.41
26907.99,61677.79,67702.66,68851.87,78726.94,12983.69,14042.51,14894.8,18466.08,31027.99,10648.56,10546.12,12848.87,7715.91,10380.87,22657.72,25897.27,1e+09,11590.69,11088.68,4077.53,9319.03,19443.81,26186.45,37575.66,35386.25,17099.37,5348.39,18998.09,15982.36,10436.52,4077.08,5964.22,12063.63,4224.34,14004.55,6635.22,4569.14,7409.17,7330.93,2707.64,7054.6,3507.15,8504.25,11580.7,10668.91,1778.18,10966.41,6532.99,6604.44,10524.84,15682.34,6216.45,3194.63
14313.84,49068.98,55093.85,56243.06,66118.13,4133.81,28025.35,7625.73,12204.82,18845.16,1772.24,4512.76,1520.7,4446.46,1901.17,7829.21,11066.88,11590.69,1e+09,1471.65,7097,2236.19,5349.76,13416.66,24758,22498.65,8360.32,4646,8612.66,8739.38,3041.2,10158.03,15849.21,1794.26,5729.71,3453.09,4991.33,4155.94,2144.71,2638.27,8729.55,4429.56,6737.33,2710.93,1523.75,2432.76,9807.83,2802.43,3520.17,3447.68,1655.21,2713.42,2756.95,8364.05
12710.46,47035.72,53060.59,54209.8,64084.87,4192.6,29431.12,6078.36,10520.25,16426.42,2724.44,5681.42,2441.76,2177.01,2311.63,8767.63,12290.65,11088.68,1471.65,1e+09,5739.61,2265.62,6535.82,11673.78,22933.59,20885,6768.65,3086.6,7134.34,8850.15,4036.75,11375.52,18041.08,1857.33,6525.32,3966.75,5348.7,4805.87,2987.83,4888.02,8227.54,2592.92,7113.15,1574.05,878.9,1645.11,8948.17,1377.32,3514.22,3644.86,1501.89,3572.5,4145.21,9627.9
19678.92,54165.89,60190.76,61339.97,71215.04,7457.82,21874.87,8267.17,11528.85,23516.09,6294.37,7014.91,7884.83,2334.95,5950.2,17061.45,20848.74,4077.53,7097,5739.61,1e+09,5538.1,14027.11,18751.91,30063.76,28015.17,9811.31,1379.38,11962.55,9695.41,6938.87,4794.32,11012.42,7133.47,3166.36,8622.59,5192.57,3810.76,4499.83,5689.8,1719.2,2202.1,1324.64,3543.19,6202.18,5144.07,2702.93,5471.4,2684.67,2320.02,5141.76,10699.85,4176.95,4282.52
14475.26,48713.03,54737.9,55887.11,65762.18,5132.95,24586.91,8443.99,11538.08,18389.69,2096.72,4787.71,2213.88,3338.58,1214.43,9252.34,12531.13,9319.03,2236.19,2265.62,5538.1,1e+09,6814.01,13637.05,24610.9,22562.31,8943.27,4602.79,9270.19,10149.92,3236.13,8710.46,13524.67,2435.41,4907.89,3320.62,4437.42,4307.71,2646.02,2810.58,6756.06,3979.15,5100.07,3211.54,2264.54,3135.62,9044.15,3065.51,3649.27,3028.25,2072.91,3240.75,3697.07,7660.56
10760.62,38593.86,44618.73,45767.94,55643.01,2987.7,38453.78,4398.56,5205.76,13666.68,5903.09,7415.95,4252.73,9936.06,6050,3661.3,5165.63,19443.81,5349.76,6535.82,14027.11,6814.01,1e+09,7512.88,14598.37,12843.56,3700.38,11532.12,3537.58,3664.94,4792.05,20098.23,26599.1,4483.89,14997.37,3143.66,8870.04,12735.23,9627.52,8942.9,16582.67,11000.04,15218.62,9625.08,5067.56,4731.45,17235.67,5217.35,11915.04,8314.36,7792.42,2690.67,12326.78,18118.29
8241.33,26508.03,32532.9,33682.11,43557.18,8496.46,43424.66,5319.62,4040.85,5299.11,12887.74,15553.33,13101.24,14168.34,13686.83,4741.17,4488.53,26186.45,13416.66,11673.78,18751.91,13637.05,7512.88,1e+09,9922.16,7107.6,4903.84,16300.2,5583.32,5413.84,12586.93,27322.26,36782.02,12717.91,21802.53,12354.85,18878.26,21497.45,16462.15,19105.05,21770.97,15281.8,19450.9,14220.73,11410.73,11960.54,22499.59,11667.57,17701.47,15449.23,13541.4,11052.52,20225.17,26937
7596.61,17349.56,20265.55,22184.84,29455.73,18063.24,54736.51,14835.76,12082.46,3704.21,25074.5,25945.98,23640.54,25480.19,24346.64,9708.67,9804.24,37575.66,24758,22933.59,30063.76,24610.9,14598.37,9922.16,1e+09,2910.88,14072.6,27612.05,13002.88,13415.37,23554.09,39659.04,48919.89,23389.85,34048.4,20586.36,31446.36,33834.23,28798.93,31589.12,33082.82,26593.65,30762.75,25532.58,22471.82,22967.21,34278.45,22520.9,29013.32,26480,24853.25,20565.55,31537.02,39209.28
9240.22,22145.61,25854.11,28265.19,35859.16,15421.83,52687.92,11656.72,9366.62,3120.03,21845.53,21622.97,20967.13,23431.6,22298.05,8247.64,6765.49,35386.25,22498.65,20885,28015.17,22562.31,12843.56,7107.6,2910.88,1e+09,11459.81,25563.46,11823.75,12112.55,20325.12,36430.07,46018.57,20781.85,30939.81,18201.35,26901.94,30605.26,25569.96,27530.12,31034.23,24545.06,28714.16,23483.99,20423.23,20571.65,32019.1,20472.31,26964.73,24431.41,22804.66,17487.76,29488.43,36044.81
10209.08,36864.39,42889.26,44038.47,53913.54,3547.51,34260.22,3035.89,2668.25,11583.28,7558.21,9624.7,7262.05,6237,9226.58,5375.11,5941.11,17099.37,8360.32,6768.65,9811.31,8943.27,3700.38,4903.84,14072.6,11459.81,1e+09,8503.83,2232.48,2827,6941.38,18296.45,28216.93,7220.78,12806.19,7462.75,11479.55,13453.12,9684.89,12634.18,12606.53,7737.66,10286.46,7466.75,5974.42,5761.38,13738.44,6334.3,9316.41,8280.42,8457.91,5931.99,12413.03,17911.19
17418.98,51714.18,57739.05,58888.26,68763.33,7171.01,23803.86,7042.58,11106.44,21064.38,4778.12,6127.34,5374.16,1191.78,5324.72,14241,17852.11,5348.39,4646,3086.6,1379.38,4602.79,11532.12,16300.2,27612.05,25563.46,8503.83,1e+09,9510.84,10248.42,5994.31,7118.14,13453.31,4147.47,3396.89,8295.72,4497.95,4164.56,3939.33,5562.37,3013.01,1249.67,1662.49,1859.92,3707.19,3080.61,3401.71,2915.99,1457.2,2399.19,3120.5,7392.74,3721.37,5257.96
10456.66,35157.49,41182.36,42331.57,52206.64,4234.97,36635.3,2782.61,2628.87,13120.05,8545.47,9812.76,7523.67,7572.98,9730.08,4453.82,5140.24,18998.09,8612.66,7134.34,11962.55,9270.19,3537.58,5583.32,13002.88,11823.75,2232.48,9510.84,1e+09,1984.9,6931.02,20041.91,29392.84,6740.59,14551.65,6250.45,11488.01,14644.76,10341.94,13063.9,14981.61,8492.44,12661.54,7777.41,7279.6,6025.95,15591.26,6214.05,10912.11,9607.41,8611.74,5507.23,13764.03,19656.65
11006.09,35407.68,41432.55,42581.76,52456.83,3046.51,33143.21,2951.17,2094.92,12984.33,9635.28,10838.29,7634.8,8461.51,9645.5,4083.88,6167.32,15982.36,8739.38,8850.15,9695.41,10149.92,3664.94,5413.84,13415.37,12112.55,2827,10248.42,1984.9,1e+09,7783.3,17662.83,27205.24,7449.3,13794.38,6785.92,11992.04,14459.83,11005.99,13124.72,11745.5,9311.45,9915.51,9561.06,7645.33,7330.56,12769.4,7574.44,11027.51,9032.03,10182.87,5994.85,13055.22,17701.19
16852.11,50393.14,56418.01,57567.22,67442.29,4646.4,27076.07,6811.46,9801.62,20039.11,1587.17,4307.61,2446.26,5395.29,3230.99,8243.7,9778.94,10436.52,3041.2,4036.75,6938.87,3236.13,4792.05,12586.93,23554.09,20325.12,6941.38,5994.31,6931.02,7783.3,1e+09,9141.6,14899.93,2583.5,6375.86,2776.67,3084.8,4846.27,3189.75,2583.6,8188.01,5841.79,6649.39,4401.46,3776.44,2859.53,9091.71,2706.9,4855.53,2981.5,4015.06,3481.03,4113.89,8114.41
29168.03,66781.02,72538.32,74418.16,84293.23,14027.51,9908.47,16315.29,20509.51,33878.66,9341.77,7911.01,11708.43,8401.37,9210.04,23405.27,25840.49,4077.08,10158.03,11375.52,4794.32,8710.46,20098.23,27322.26,39659.04,36430.07,18296.45,7118.14,20041.91,17662.83,9141.6,1e+09,2627.03,11864.58,3456.32,12195.92,5301.71,4979.43,5893.13,5813.63,4128.13,7860.71,4839.21,8650.13,12278.37,11589.61,4396.52,11350.85,6169.72,7158.74,10119.9,14499.23,5272.49,1642.19
36003.19,73805.4,79830.27,80979.48,90854.55,21860.11,4157.24,25939,30144.74,43108.62,15092.07,13030.43,17537.35,15419.21,14533.88,29355.84,31948.05,5964.22,15849.21,18041.08,11012.42,13524.67,26599.1,36782.02,48919.89,46018.57,28216.93,13453.31,29392.84,27205.24,14899.93,2627.03,1e+09,17759.3,6039.34,18455.71,7391.23,7691.43,11241.89,9630.59,7855.3,14619.96,9235.75,15392.87,18621.45,18148.62,7137.68,18218.18,12052.32,14298.4,16279.33,20346.6,9752.28,2945.36
13833.97,47491.98,53516.85,54666.06,64541.13,3767.94,29935.44,6185.69,10373.64,17945.12,1829.8,4624.42,1754.71,3908.84,2546.15,6870.03,9507.94,12063.63,1794.26,1857.33,7133.47,2435.41,4483.89,12717.91,23389.85,20781.85,7220.78,4147.47,6740.59,7449.3,2583.5,11864.58,17759.3,1e+09,7321.49,3207.85,4625.51,5293.97,3355.06,3899.49,9202.49,3707.2,8087.15,2802.15,1784.15,1771.69,10280.77,1680.26,4032.78,2846.39,2027.79,2321.12,4319.82,9765.03
22512.04,59282.5,65307.37,66456.58,76331.65,9544.66,17782.07,11517.24,15408.72,28388.4,5080.89,5769.06,6939.55,3331.24,6941.36,18073.16,21126.78,4224.34,5729.71,6525.32,3166.36,4907.89,14997.37,21802.53,34048.4,30939.81,12806.19,3396.89,14551.65,13794.38,6375.86,3456.32,6039.34,7321.49,1e+09,8210.63,3203.67,2078.08,3331.63,2946.22,2559.05,3496.43,2413.39,4007.49,7134.26,6222.47,3240.64,6451.85,2226.75,4066.91,5122.42,9693.45,2112.18,1834.72
12430.83,44688.49,50713.36,51862.57,61737.64,4451.55,29517.95,7357.2,9400.97,17295.39,3533,4081.31,2837.76,6499.49,3571.49,5990.67,7249.12,14004.55,3453.09,3966.75,8622.59,3320.62,3143.66,12354.85,20586.36,18201.35,7462.75,8295.72,6250.45,6785.92,2776.67,12195.92,18455.71,3207.85,8210.63,1e+09,5150.44,8102.24,5800.13,4100.77,10377.92,6475.28,9029.7,6109.69,4164.55,4189.66,12388.81,4285.45,6221.15,3792.87,4174.65,1660.64,6368.64,11877.97
21846.21,58733.35,64665.06,65907.43,75782.5,6859.2,18382.38,10341.21,14306.17,26772.36,4230.94,4647.8,4627.64,4855.54,5366.83,12595.26,14358.6,6635.22,4991.33,5348.7,5192.57,4437.42,8870.04,18878.26,31446.36,26901.94,11479.55,4497.95,11488.01,11992.04,3084.8,5301.71,7391.23,4625.51,3203.67,5150.44,1e+09,2921.76,3957.28,3499.22,5448.42,4394.58,5420.56,4721.74,5574.22,4834.42,6376.13,4686.71,3878.26,4255.96,5108.23,5130.22,3483.06,4363.97
21804.69,58468.55,64493.42,65642.63,75517.7,8792.07,18406.24,12491.72,16407.72,27818.75,4136.07,5506.93,5594.41,4115.6,4555.67,15940.42,18452.35,4569.14,4155.94,4805.87,3810.76,4307.71,12735.23,21497.45,33834.23,30605.26,13453.12,4164.56,14644.76,14459.83,4846.27,4979.43,7691.43,5293.97,2078.08,8102.24,2921.76,1e+09,2720.23,3563.25,3483.33,4605.33,4130.4,3733.93,5371.3,5204.25,4835.68,5590.92,3046.52,4344.96,4543.16,8069.87,2237.5,4122.48
17204.41,53937.47,59962.34,61111.55,70986.62,6756.27,23418.03,9342.07,12552.11,23018.55,2646.86,3775.73,3889.33,3548.81,2788.77,12718.27,15392.34,7409.17,2144.71,2987.83,4499.83,2646.02,9627.52,16462.15,28798.93,25569.96,9684.89,3939.33,10341.94,11005.99,3189.75,5893.13,11241.89,3355.06,3331.63,5800.13,3957.28,2720.23,1e+09,2753.58,5269.78,3946.34,4201.15,2410.65,3246.15,3529.36,6744.59,3702.12,2437.84,3862.52,2375.34,5177.71,1732.07,5142.67
19558.09,55691.25,61716.12,62865.33,72740.4,7061.66,21705.84,12148.47,16139.41,25357.15,2312.55,3564.43,2736.19,4901.84,2551.55,11916.09,14291.85,7330.93,2638.27,4888.02,5689.8,2810.58,8942.9,19105.05,31589.12,27530.12,12634.18,5562.37,13063.9,13124.72,2583.6,5813.63,9630.59,3899.49,2946.22,4100.77,3499.22,3563.25,2753.58,1e+09,5449.63,5352.5,4817.26,4786.41,4781.77,5990.73,6862.44,5726.6,2986.07,3886.56,3982.02,5237.19,2402.1,5287.28
22508.17,57184.95,63209.82,64359.03,74234.1,9904.65,18805.99,10606.8,13973.24,26535.15,7937.64,7696.08,10133.11,4802.29,7404.63,19470.24,23036.13,2707.64,8729.55,8227.54,1719.2,6756.06,16582.67,21770.97,33082.82,31034.23,12606.53,3013.01,14981.61,11745.5,8188.01,4128.13,7855.3,9202.49,2559.05,10377.92,5448.42,3483.33,5269.78,5449.63,1e+09,4303.9,985.53,5598.47,8719.56,7807.77,1281.75,8012.71,3825.92,4134.97,7606,13040.6,3747.51,3134.51
16114.5,50695.78,56720.65,57869.86,67744.93,6099.58,25865.36,5695.04,10093.09,20045.98,4744.86,5418.36,5249.05,1041.84,4631.68,13727.56,17338.67,7054.6,4429.56,2592.92,2202.1,3979.15,11000.04,15281.8,26593.65,24545.06,7737.66,1249.67,8492.44,9311.45,5841.79,7860.71,14619.96,3707.2,3496.43,6475.28,4394.58,4605.33,3946.34,5352.5,4303.9,1e+09,2744.84,1429.85,3133.89,2684.42,4719.21,2391.92,1628.1,1795.72,2592.74,6868.14,4005.96,6448.18
20495.9,54864.88,60889.75,62038.96,71914.03,7921.06,19920.15,8544.41,11802.81,24215.08,6038.16,6803.86,8022.18,3286.46,6071.75,18183.83,21706.85,3507.15,6737.33,7113.15,1324.64,5100.07,15218.62,19450.9,30762.75,28714.16,10286.46,1662.49,12661.54,9915.51,6649.39,4839.21,9235.75,8087.15,2413.39,9029.7,5420.56,4130.4,4201.15,4817.26,985.53,2744.84,1e+09,4352.3,7302.99,6202.44,2097.54,6765.09,2979.66,3114.81,5964.22,10837.2,2657.64,3599.31
14827.85,49634.71,55659.58,56808.79,66683.86,6584.62,26586.03,6263.49,10093.94,18984.91,2919.34,4781.65,4149.29,1091.82,3828.97,12315.38,15823.62,8504.25,2710.93,1574.05,3543.19,3211.54,9625.08,14220.73,25532.58,23483.99,7466.75,1859.92,7777.41,9561.06,4401.46,8650.13,15392.87,2802.15,4007.49,6109.69,4721.74,3733.93,2410.65,4786.41,5598.47,1429.85,4352.3,1e+09,2186.54,1820.79,6384.17,1780.23,1459.36,2537.03,2023.53,5036.83,2424.37,6929.11
12848.52,46573.95,52598.82,53748.03,63623.1,3873.18,30797.59,5683.58,10046.83,16163.37,2429.91,6601.71,2360.56,2272.19,2453.03,8034.8,11521.02,11580.7,1523.75,878.9,6202.18,2264.54,5067.56,11410.73,22471.82,20423.23,5974.42,3707.19,7279.6,7645.33,3776.44,12278.37,18621.45,1784.15,7134.26,4164.55,5574.22,5371.3,3246.15,4781.77,8719.56,3133.89,7302.99,2186.54,1e+09,1726.3,9410.74,1290.26,4051.93,3649.26,1781.86,3682.89,4797.04,10178.82
13437.62,47069.34,53094.21,54243.42,64118.49,3864.97,30020.58,5173.58,9245.89,17047.54,2947.77,6363.01,2996.47,1412.16,3821.83,8003.87,11082.67,10668.91,2432.76,1645.11,5144.07,3135.62,4731.45,11960.54,22967.21,20571.65,5761.38,3080.61,6025.95,7330.56,2859.53,11589.61,18148.62,1771.69,6222.47,4189.66,4834.42,5204.25,3529.36,5990.73,7807.77,2684.42,6202.44,1820.79,1726.3,1e+09,8352.63,1004.04,3260.02,3595.44,2478.96,3086.43,4504.62,9559.67
24083.36,58871.41,64896.28,66045.49,75920.56,10215.48,17051.16,11427.23,15503.3,28221.61,9023.14,9739.7,11126.61,5319.03,10072.06,20255.94,23955.14,1778.18,9807.83,8948.17,2702.93,9044.15,17235.67,22499.59,34278.45,32019.1,13738.44,3401.71,15591.26,12769.4,9091.71,4396.52,7137.68,10280.77,3240.64,12388.81,6376.13,4835.68,6744.59,6862.44,1281.75,4719.21,2097.54,6384.17,9410.74,8352.63,1e+09,8679.96,4829.23,4432.43,8861.74,14100.77,5279.81,3419.9
12896.41,46623.03,52647.9,53797.11,63672.18,3996.43,29358.11,5218.25,9601.92,16420.21,2546.13,5831.79,2874.58,2163.07,3706.22,8265.6,11670.81,10966.41,2802.43,1377.32,5471.4,3065.51,5217.35,11667.57,22520.9,20472.31,6334.3,2915.99,6214.05,7574.44,2706.9,11350.85,18218.18,1680.26,6451.85,4285.45,4686.71,5590.92,3702.12,5726.6,8012.71,2391.92,6765.09,1780.23,1290.26,1004.04,8679.96,1e+09,3305.75,3308.59,2388.56,3741.25,4598.28,9629.83
17630.61,53115.45,59140.32,60289.53,70164.6,7765.25,24228.46,8511.5,11714.46,22465.65,3091.08,3784.36,4084.77,1215.81,4387.47,14502.13,17807.38,6532.99,3520.17,3514.22,2684.67,3649.27,11915.04,17701.47,29013.32,26964.73,9316.41,1457.2,10912.11,11027.51,4855.53,6169.72,12052.32,4032.78,2226.75,6221.15,3878.26,3046.52,2437.84,2986.07,3825.92,1628.1,2979.66,1459.36,4051.93,3260.02,4829.23,3305.75,1e+09,2377.63,2423.71,6374.05,2308.61,4325.58
16493.52,50582.13,56607,57756.21,67631.28,4441.37,24973.86,7101.07,10141.49,20201.87,2513.41,5498.99,2569.05,2188.95,2886.76,10826.44,14031.48,6604.44,3447.68,3644.86,2320.02,3028.25,8314.36,15449.23,26480,24431.41,8280.42,2399.19,9607.41,9032.03,2981.5,7158.74,14298.4,2846.39,4066.91,3792.87,4255.96,4344.96,3862.52,3886.56,4134.97,1795.72,3114.81,2537.03,3649.26,3595.44,4432.43,3308.59,2377.63,1e+09,2992.2,4373.41,4210.36,6512.88
13710.88,48955.38,54980.25,56129.46,66004.53,5157.49,28301.01,7554.95,11307.7,18305.58,2174.8,4442.37,2047.42,2126.72,1812.86,9966.46,13185.98,10524.84,1655.21,1501.89,5141.76,2072.91,7792.42,13541.4,24853.25,22804.66,8457.91,3120.5,8611.74,10182.87,4015.06,10119.9,16279.33,2027.79,5122.42,4174.65,5108.23,4543.16,2375.34,3982.02,7606,2592.74,5964.22,2023.53,1781.86,2478.96,8861.74,2388.56,2423.71,2992.2,1e+09,3674.16,3816.59,8437.74
12696.39,44914.97,50939.84,52089.05,61964.12,3136.91,32475.72,6521.26,8412.28,17891.71,4237.17,3571.84,2386.27,6090.58,3229.09,5537.39,6672.36,15682.34,2713.42,3572.5,10699.85,3240.75,2690.67,11052.52,20565.55,17487.76,5931.99,7392.74,5507.23,5994.85,3481.03,14499.23,20346.6,2321.12,9693.45,1660.64,5130.22,8069.87,5177.71,5237.19,13040.6,6868.14,10837.2,5036.83,3682.89,3086.43,14100.77,3741.25,6374.05,4373.41,3674.16,1e+09,6454.82,12797.64
19498.46,55639.15,61664.02,62813.23,72688.3,8908.7,20899.04,11219.32,14274.1,24989.35,2949.05,3754.87,4938.36,3898.46,3802.7,14877.43,17785.46,6216.45,2756.95,4145.21,4176.95,3697.07,12326.78,20225.17,31537.02,29488.43,12413.03,3721.37,13764.03,13055.22,4113.89,5272.49,9752.28,4319.82,2112.18,6368.64,3483.06,2237.5,1732.07,2402.1,3747.51,4005.96,2657.64,2424.37,4797.04,4504.62,5279.81,4598.28,2308.61,4210.36,3816.59,6454.82,1e+09,4330.26
27608.48,64822.75,70847.62,71996.83,81871.9,13075.61,12246.22,16121.25,20222.73,33493.4,7649.64,7678.22,9927.27,6680.35,8721.91,21174.5,23835.41,3194.63,8364.05,9627.9,4282.52,7660.56,18118.29,26937,39209.28,36044.81,17911.19,5257.96,19656.65,17701.19,8114.41,1642.19,2945.36,9765.03,1834.72,11877.97,4363.97,4122.48,5142.67,5287.28,3134.51,6448.18,3599.31,6929.11,10178.82,9559.67,3419.9,9629.83,4325.58,6512.88,8437.74,12797.64,4330.26,1e+09
