1e+09,13562.82,5807.32,21206.07,36808.43,12322.87,17202.55,23488.89,9710.97,3754.78,2175.76,14215.36,15085.8,1940.15,11728.04,3513.79,3928.36,4124.11,13187.89,13674.38,13462.23,14805.42,11528.95,3872.02,5948.13,6073.84,4703.73,3782.55,4850.45,4090.33,7056.92,26673.74,30184.27,20473.02,6917.97,11463.41,7387.88,10919.14,13179.91,15005.39,20918.39,15064.93,12951.82,14959.87,17066.23,17896.64,21527.92,15193.44,9061.38,15050.94,12123.56,14287.41,14937.42,26556.36
13562.82,1e+09,4246.46,3045.27,9872.63,2775.56,34417.59,40703.93,26924.19,16681.07,12858.83,32157.15,32300.84,16613.73,28943.08,17737.66,7466.32,13427.5,30402.93,30889.42,30677.27,32334.41,28743.99,16571.74,7309.19,5086.86,6429.4,18830.48,20717.22,15201.88,23998.73,43888.78,48750,37688.06,23767.94,30546.13,23635.81,28134.18,30394.95,32220.43,38133.43,32279.97,30166.86,32634.24,35754.54,35111.68,38742.96,33210.53,26276.42,32265.98,29338.6,31721.57,32152.46,43771.4
5807.32,4246.46,1e+09,7012.57,18208.4,5479.55,25742.35,32028.69,18248.95,9193.08,5085.11,23481.91,23625.6,7542.47,20267.84,9102.76,3560.75,6593.51,21727.69,22214.18,22002.03,23659.17,20068.75,8749.69,3168.15,1896.95,3310.87,9850.02,12382.28,8001.24,15323.49,35213.54,40074.76,29012.82,15191.64,21517.33,15300.01,19458.94,21719.71,23545.19,29458.19,23604.73,21491.62,23959,27079.3,26436.44,30067.72,24535.29,17601.18,23590.74,20663.36,23046.33,23477.22,35096.16
21206.07,3045.27,7012.57,1e+09,6101.16,4030.45,45231.97,51518.31,37738.57,26204.64,21711.2,42971.53,43115.22,25402.95,39757.46,27284.64,12755.83,21943.93,41217.31,41703.8,41491.65,43148.79,39558.37,24808.87,12008.63,7781.09,11488.91,28682,31305.02,24812.97,34813.11,54703.16,59564.38,48502.44,34582.32,41360.51,34450.19,38948.56,41209.33,43034.81,48947.81,43094.35,40981.24,43448.62,46568.92,45926.06,49557.34,44024.91,37090.8,43080.36,40152.98,42535.95,42966.84,54585.78
36808.43,9872.63,18208.4,6101.16,1e+09,9613.69,60834.33,67120.67,53340.93,41807,37107.7,58573.89,58717.58,41005.31,55359.82,42887,24917.95,36697.01,56819.67,57306.16,57094.01,58751.15,55160.73,40411.23,23297.56,17888.47,22821.14,44284.36,46907.38,40415.33,50415.47,70305.52,75166.74,64104.8,50184.68,56962.87,50052.55,54550.92,56811.69,58637.17,64550.17,58696.71,56583.6,59050.98,62171.28,61528.42,65159.7,59627.27,52693.16,58682.72,55755.34,58138.31,58569.2,70188.14
12322.87,2775.56,5479.55,4030.45,9613.69,1e+09,35125.05,41411.39,27631.65,16784.24,12970.64,32864.61,33008.3,15890.55,29650.54,17420,7199.71,13538.92,31110.39,31596.88,31384.73,33041.87,29451.45,15999.61,7585.35,5426.64,7284.6,18822.62,21198.1,15658.61,24706.19,44596.24,49457.46,38395.52,24475.4,31123.53,24343.27,28841.64,31102.41,32927.89,38840.89,32987.43,30874.32,33341.7,36462,35819.14,39450.42,33917.99,26983.88,32973.44,30046.06,32429.03,32859.92,44478.86
17202.55,34417.59,25742.35,45231.97,60834.33,35125.05,1e+09,6705.05,9303.67,11001.32,13327.78,11437.53,12157.48,15499.87,6854.99,15838.18,22148.98,11760.93,11578.7,8551.82,8069.01,11737.97,9098.72,10922.49,20439.35,25035.08,22080.71,11480.17,9659.07,11554.78,8490.71,6355.39,8912.2,8515.13,8018.01,9931.48,8926.66,8464.21,11494.52,10356.06,8797.54,11930.53,10192.89,13782.19,13535.49,7823.46,7200.28,12956.95,9254.81,6654.66,10916.65,9029.8,5517.91,7257.67
23488.89,40703.93,32028.69,51518.31,67120.67,41411.39,6705.05,1e+09,7026.06,15233.77,19062.87,7517.58,5502.18,21786.21,4740.07,17252.02,28435.32,16022.76,6625.75,5440.6,4970.45,8036.97,7218.1,13084.74,26652.41,31321.42,28367.05,14689.51,13598.84,15192.6,10472.3,2959.12,4217.28,2573.39,8329.61,7022.03,7330.01,8952.7,8287.38,8137.7,2393.65,6223.06,7749.62,6791.66,4571.46,2258.37,1464.74,6946.36,11852.16,3134.81,11366.88,7687.71,5014.49,1769.48
9710.97,26924.19,18248.95,37738.57,53340.93,27631.65,9303.67,7026.06,1e+09,4625.96,6164.44,4207.2,3332.33,8145.83,2925.6,6342.9,14655.58,4943.48,1845.67,3460.8,1755.94,3846.73,2708.07,4602.72,13520.75,17541.68,14587.31,4259.36,3343.22,4725.29,2221.4,8409.92,11163.1,4233.6,2345.44,2406.94,2444.55,2053.49,2251.14,3220.26,4201.71,3217.9,1451.34,4549.5,4809.44,3427.21,5358.83,4338.43,3186.14,3492.73,4091.72,3322.2,4391.84,8026.83
3754.78,16681.07,9193.08,26204.64,41807,16784.24,11001.32,15233.77,4625.96,1e+09,2618.75,7480.4,6830.68,4271.19,5377.22,3599.81,6189.77,2461.28,5387.4,5940.55,7003.9,6995.43,5161.07,1864.81,6248.5,8492.9,6725.06,2811.29,1603.95,1268.3,3151.02,18418.62,21772.54,12217.9,4131.96,5618.58,4419.43,4374.65,5051.66,6732.26,12654.24,6809.81,5135.15,7617.21,10151.17,9641.52,13272.8,8125.24,3397.82,7388.89,4628.78,5953.62,6677.14,18022.16
2175.76,12858.83,5085.11,21711.2,37107.7,12970.64,13327.78,19062.87,6164.44,2618.75,1e+09,10857.41,10659.78,2026.2,7736.13,3152.8,4716.49,2068.26,8761.87,9248.36,9378.99,10799.35,7409.97,3338.67,4761.2,6463.36,4161.26,2119.95,3149.2,1771.94,4284.92,22247.72,26392.21,16047,4798.64,7951.47,5523.53,6784.46,8753.89,10579.37,16492.37,10638.91,8525.8,11389.06,13866.78,13470.62,17101.9,11623.72,5372.97,10624.92,7697.54,10019.88,10511.4,22130.34
14215.36,32157.15,23481.91,42971.53,58573.89,32864.61,11437.53,7517.58,4207.2,7480.4,10857.41,1e+09,1948.29,11591.49,4645.53,7358.13,19510.8,8898.86,2302.64,2734.76,3724.93,1389.84,2038.71,8769.22,18128.09,22774.64,19820.27,5431.4,5116.52,7305.79,3685.97,8935.64,11939.64,4503.51,5560.98,2800.03,5511.98,2942.3,1840.44,1861.96,4474.86,1734.05,2931.74,2329.8,2920.88,3742.04,5848.97,1274.75,3020.49,4854.04,2340.27,1962.39,3532.69,8963.42
15085.8,32300.84,23625.6,43115.22,58717.58,33008.3,12157.48,5502.18,3332.33,6830.68,10659.78,1948.29,1e+09,13091.8,4053.62,8026.96,20032.23,8267.75,1983.86,2835.08,3587.36,2592.81,2496.53,8425.57,18249.32,22918.33,19963.96,5840.62,4884.06,6695.41,3969.55,5831.4,8377.38,3739.6,5572.08,2077.3,5842.51,3346.86,2795.05,2528.07,4437.36,1752.48,2786.52,2890.92,3039.85,3004.9,4356.04,2465.65,3243.07,4252.64,2553.11,2524.56,3857.88,5478.73
1940.15,16613.73,7542.47,25402.95,41005.31,15890.55,15499.87,21786.21,8145.83,4271.19,2026.2,11591.49,13091.8,1e+09,10025.36,2785.32,5880.02,4138.36,11485.21,11645.22,11759.55,12043.95,9826.27,4791.52,7682.91,7631.81,6296.55,3021.71,4219.33,4489.34,5767.95,24354.5,27692.35,18770.34,6115.78,9261.89,6816.54,9216.46,11458.13,12737.71,19067.53,12936.29,11249.14,11956,14377,16193.96,19825.24,12594.67,7358.7,13348.26,9950.5,12211.45,12853.04,24018
11728.04,28943.08,20267.84,39757.46,55359.82,29650.54,6854.99,4740.07,2925.6,5377.22,7736.13,4645.53,4053.62,10025.36,1e+09,8957.96,16674.47,5732.59,3917.85,2697.08,2099.32,5325.65,3366.72,5078.22,15099.72,19560.57,16606.2,6302.76,3970.78,5406.21,2822.04,7938.16,11359.98,3830.24,2066.67,2900.9,2326.98,2942.95,3465.71,3086.19,2978.24,3751.27,3202.77,6323.32,5887.34,2292.08,4031,5446.03,3445.91,2268.04,4304.49,2227.69,3064.24,7459.7
3513.79,17737.66,9102.76,27284.64,42887,17420,15838.18,17252.02,6342.9,3599.81,3152.8,7358.13,8026.96,2785.32,8957.96,1e+09,7320.37,4397.75,6641.99,7039.4,9343.19,7209.59,6218.66,4792.93,7494.99,9417.21,7534.58,1960.04,3684.6,4212.49,4160.86,19259.01,22307.47,13735.37,6938.06,7118.44,7021.61,5663.85,6362.64,7907.72,14217.51,7877.73,7014.2,6878.65,9188.01,11515.61,15235.21,7868.75,4772.9,10393,5089.85,7409.53,8572.49,19081.73
3928.36,7466.32,3560.75,12755.83,24917.95,7199.71,22148.98,28435.32,14655.58,6189.77,4716.49,19510.8,20032.23,5880.02,16674.47,7320.37,1e+09,4957.67,18134.32,18620.81,18408.66,19963.26,16475.38,6710.51,2933.79,2468.71,1773.09,8014.63,8654.21,6290.82,11730.12,31620.17,35687.69,25419.45,11667.05,17273.41,11741.38,15865.57,18126.34,19951.82,25864.82,20011.36,17898.25,20179.34,22637.2,22843.07,26474.35,20513.98,14007.81,19997.37,17069.99,19333.57,19883.85,31502.79
4124.11,13427.5,6593.51,21943.93,36697.01,13538.92,11760.93,16022.76,4943.48,2461.28,2068.26,8898.86,8267.75,4138.36,5732.59,4397.75,4957.67,1e+09,6658.63,7297.38,7525.55,9217.95,6385.85,3623.99,3521.03,6396.6,4603.79,3178.64,2755.09,2064.8,3776.17,19207.61,23934.2,13006.89,4552.84,6762.71,4531.59,5605.63,6291.85,7773.02,13452.26,7982.02,6295.33,9995.32,12540.38,10430.51,14061.79,10334.74,4840.68,8311.78,6423.98,7652.34,7939.07,19090.23
13187.89,30402.93,21727.69,41217.31,56819.67,31110.39,11578.7,6625.75,1845.67,5387.4,8761.87,2302.64,1983.86,11485.21,3917.85,6641.99,18134.32,6658.63,1e+09,2990.6,2230.88,2365.24,1793.18,6576.89,16351.41,21020.42,18066.05,4586.69,4065.99,5555.62,2977.16,8009.61,10946.03,3949.14,3832.68,1887.88,4333.72,1588.29,1417.16,2143.99,3913.3,1196.31,1490.73,2677.25,2546.86,2985.39,4891.03,1743.18,2134.47,3889.87,2232.66,2146.96,3549.45,7909.89
13674.38,30889.42,22214.18,41703.8,57306.16,31596.88,8551.82,5440.6,3460.8,5940.55,9248.36,2734.76,2835.08,11645.22,2697.08,7039.4,18620.81,7297.38,2990.6,1e+09,2998.99,2903.06,2129.43,6606.92,16837.9,21506.91,18552.54,5328.02,4661.92,6298.11,3445.09,7492.69,10965.75,3397.5,3798.54,3193.97,4249.78,2366.72,2429.27,2681.81,4017.92,2761.78,2472.04,2953.7,4095.73,2211.64,3929.96,3323.39,3065.25,2758.92,2853.45,2509.55,3120.4,6982.41
13462.23,30677.27,22002.03,41491.65,57094.01,31384.73,8069.01,4970.45,1755.94,7003.9,9378.99,3724.93,3587.36,11759.55,2099.32,9343.19,18408.66,7525.55,2230.88,2998.99,1e+09,3882.43,2359.69,5673.73,16625.75,21294.76,18340.39,6852.17,5645.75,7446.08,3814.11,6432.9,8880.1,3173.03,1602.73,3088.06,2927.15,3233.61,3636.08,4308.82,1981.76,3384.05,2608.36,4899.82,4345.12,2864.75,3442.94,3802.37,4414.9,2449.35,5949.79,3795.22,5118.49,5870.86
14805.42,32334.41,23659.17,43148.79,58751.15,33041.87,11737.97,8036.97,3846.73,6995.43,10799.35,1389.84,2592.81,12043.95,5325.65,7209.59,19963.26,9217.95,2365.24,2903.06,3882.43,1e+09,2210.98,9406.8,18282.89,22951.9,19997.53,5729.65,5319.96,7160.96,4156.96,9455.03,11967.12,4832.1,5858.37,3181.69,5897.58,3099.09,1616.98,1922.7,4889.39,1852.43,2878.03,1701.32,2821.17,4086.16,6102.61,1172.42,3319.7,5377.83,2379.21,2586.91,4028.33,9482.81
11528.95,28743.99,20068.75,39558.37,55160.73,29451.45,9098.72,7218.1,2708.07,5161.07,7409.97,2038.71,2496.53,9826.27,3366.72,6218.66,16475.38,6385.85,1793.18,2129.43,2359.69,2210.98,1e+09,6240.09,14692.47,19361.48,16407.11,4017.58,2990.85,5347.1,2122.17,8601.96,11546.8,4062.17,3024.8,2842.5,3586.33,1640.68,2418.11,2617.65,4483.95,1913.63,2411.05,2945.93,3698.97,3633.7,5370.74,1819.61,1616.34,3818.5,2744.18,2489.81,3460.29,8410.53
3872.02,16571.74,8749.69,24808.87,40411.23,15999.61,10922.49,13084.74,4602.72,1864.81,3338.67,8769.22,8425.57,4791.52,5078.22,4792.93,6710.51,3623.99,6576.89,6606.92,5673.73,9406.8,6240.09,1e+09,6849.72,8484.28,7157.6,3386.2,3418.39,2909.52,3711.15,16269.59,21130.81,10303.31,3667.01,7667.54,3696.45,5292.83,6526.23,7334.08,10514.24,7834.8,5682.04,10186.27,11902.15,8126.65,11159.71,10070.3,5563.22,6565.81,6930.86,7112.66,7556.69,16152.21
5948.13,7309.19,3168.15,12008.63,23297.56,7585.35,20439.35,26652.41,13520.75,6248.5,4761.2,18128.09,18249.32,7682.91,15099.72,7494.99,2933.79,3521.03,16351.41,16837.9,16625.75,18282.89,14692.47,6849.72,1e+09,3397.25,2289.93,6989.89,8029.93,6030.73,10875.11,29837.26,34698.48,23636.54,11117.37,16502.9,11307.18,14082.66,16343.43,18168.91,24081.91,18228.45,16115.34,18582.72,21703.02,21060.16,24691.44,19159.01,12342.86,18214.46,15287.08,17670.05,18100.94,29719.88
6073.84,5086.86,1896.95,7781.09,17888.47,5426.64,25035.08,31321.42,17541.68,8492.9,6463.36,22774.64,22918.33,7631.81,19560.57,9417.21,2468.71,6396.6,21020.42,21506.91,21294.76,22951.9,19361.48,8484.28,3397.25,1e+09,3880.41,10154.72,11609.89,8529.65,14616.22,34506.27,39361.46,28305.55,14531.55,20759.27,14495.42,18751.67,21012.44,22837.92,28750.92,22897.46,20784.35,23251.73,26372.03,25729.17,29360.45,23828.02,16893.91,22883.47,19956.09,22339.06,22769.95,34388.89
4703.73,6429.4,3310.87,11488.91,22821.14,7284.6,22080.71,28367.05,14587.31,6725.06,4161.26,19820.27,19963.96,6296.55,16606.2,7534.58,1773.09,4603.79,18066.05,18552.54,18340.39,19997.53,16407.11,7157.6,2289.93,3880.41,1e+09,7852.32,8732.68,6108.09,11825.75,31551.9,36413.12,25351.18,11905.7,17464.04,11877.85,15797.3,18058.07,19883.55,25796.55,19943.09,17829.98,20297.36,23417.66,22774.8,26406.08,20873.65,13939.54,19929.1,17001.72,19384.69,19815.58,31434.52
3782.55,18830.48,9850.02,28682,44284.36,18822.62,11480.17,14689.51,4259.36,2811.29,2119.95,5431.4,5840.62,3021.71,6302.76,1960.04,8014.63,3178.64,4586.69,5328.02,6852.17,5729.65,4017.58,3386.2,6989.89,10154.72,7852.32,1e+09,2085.58,3048.99,2121.07,16696.5,20464.08,11172.86,4659.87,5390.02,5057.92,3700.68,4392.81,5584.35,11655,5598.45,4913.66,6397.92,8343.1,8953.1,12672.7,5914.9,2717.13,8054.38,3585.65,5648.72,6578.05,16589.74
4850.45,20717.22,12382.28,31305.02,46907.38,21198.1,9659.07,13598.84,3343.22,1603.95,3149.2,5116.52,4884.06,4219.33,3970.78,3684.6,8654.21,2755.09,4065.99,4661.92,5645.75,5319.96,2990.85,3418.39,8029.93,11609.89,8732.68,2085.58,1e+09,2315.3,1558.12,15939.18,19398.65,10415.54,3167.84,3915.07,3498.4,2989.38,3699.21,4508.92,10734.12,4746.82,3812.42,6033.81,8256.97,8006.59,11637.87,5912.9,1454.47,6030.74,2950.16,4308.83,5062.17,15648.27
4090.33,15201.88,8001.24,24812.97,40415.33,15658.61,11554.78,15192.6,4725.29,1268.3,1771.94,7305.79,6695.41,4489.34,5406.21,4212.49,6290.82,2064.8,5555.62,6298.11,7446.08,7160.96,5347.1,2909.52,6030.73,8529.65,6108.09,3048.99,2315.3,1e+09,3160.59,18087.21,21594.29,12176.73,3999.45,5409.64,4416.67,4619.85,5102.39,6430.28,12548.93,6563.02,5301.45,8026.17,10221.73,9600.35,13231.63,8205.56,3618.03,7831.07,4710.77,5859.29,6665.15,17843.91
7056.92,23998.73,15323.49,34813.11,50415.47,24706.19,8490.71,10472.3,2221.4,3151.02,4284.92,3685.97,3969.55,5767.95,2822.04,4160.86,11730.12,3776.17,2977.16,3445.09,3814.11,4156.96,2122.17,3711.15,10875.11,14616.22,11825.75,2121.07,1558.12,3160.59,1e+09,13657.15,16601.96,7456.43,2579.58,3099.97,3239.39,1684.5,2279.94,2925.62,7901.8,3667.94,1870.74,5185.36,6923.49,5138.93,8511.33,4768.62,1350.36,3701.69,2188.19,2657.07,3420.36,13465.69
26673.74,43888.78,35213.54,54703.16,70305.52,44596.24,6355.39,2959.12,8409.92,18418.62,22247.72,8935.64,5831.4,24354.5,7938.16,19259.01,31620.17,19207.61,8009.61,7492.69,6432.9,9455.03,8601.96,16269.59,29837.26,34506.27,31551.9,16696.5,15939.18,18087.21,13657.15,1e+09,3091.46,3640.6,11193.26,8994.82,10480.66,11479.11,10231.26,10451.09,4970.89,7606.92,9561.68,7665.89,6264.2,4893.1,3541.02,8330.22,13293.62,5579.5,12850.71,10872.56,7789.6,3697.49
30184.27,48750,40074.76,59564.38,75166.74,49457.46,8912.2,4217.28,11163.1,21772.54,26392.21,11939.64,8377.38,27692.35,11359.98,22307.47,35687.69,23934.2,10946.03,10965.75,8880.1,11967.12,11546.8,21130.81,34698.48,39361.46,36413.12,20464.08,19398.65,21594.29,16601.96,3091.46,1e+09,5083.57,15316.45,12681.18,13636.91,14116.04,12128.88,11587.86,6023.39,10852.45,12401.44,10463.86,8947.08,7404.35,4868.98,11317.28,16147.54,8198.76,14468.67,11896.95,10821.28,3675.42
20473.02,37688.06,29012.82,48502.44,64104.8,38395.52,8515.13,2573.39,4233.6,12217.9,16047,4503.51,3739.6,18770.34,3830.24,13735.37,25419.45,13006.89,3949.14,3397.5,3173.03,4832.1,4062.17,10303.31,23636.54,28305.55,25351.18,11172.86,10415.54,12176.73,7456.43,3640.6,5083.57,1e+09,6081.22,4531.29,5200.69,5936.83,5021.12,4927.45,2452.61,3235.82,4524.88,3956.48,3492.42,2101.47,1800.32,4233.91,8108.52,2720.38,7712.54,4796.2,4213.72,2972.64
6917.97,23767.94,15191.64,34582.32,50184.68,24475.4,8018.01,8329.61,2345.44,4131.96,4798.64,5560.98,5572.08,6115.78,2066.67,6938.06,11667.05,4552.84,3832.68,3798.54,1602.73,5858.37,3024.8,3667.01,11117.37,14531.55,11905.7,4659.87,3167.84,3999.45,2579.58,11193.26,15316.45,6081.22,1e+09,4100.46,1847.77,2569.09,3649.52,4443.35,5675.9,5145.93,3361.23,6816.73,7718.22,4803.92,6877.15,6352.88,3525.28,3161.63,5837.02,4763.85,5455.28,10951.96
11463.41,30546.13,21517.33,41360.51,56962.87,31123.53,9931.48,7022.03,2406.94,5618.58,7951.47,2800.03,2077.3,9261.89,2900.9,7118.44,17273.41,6762.71,1887.88,3193.97,3088.06,3181.69,2842.5,7667.54,16502.9,20759.27,17464.04,5390.02,3915.07,5409.64,3099.97,8994.82,12681.18,4531.29,4100.46,1e+09,4370.6,2632.88,1552.2,2506.28,5043.4,2014.89,2004.63,3094.39,4030.86,2988.37,5438.34,3667.01,2629.92,4364.77,2414.82,2111.15,3452.41,8595.08
7387.88,23635.81,15300.01,34450.19,50052.55,24343.27,8926.66,7330.01,2444.55,4419.43,5523.53,5511.98,5842.51,6816.54,2326.98,7021.61,11741.38,4531.59,4333.72,4249.78,2927.15,5897.58,3586.33,3696.45,11307.18,14495.42,11877.85,5057.92,3498.4,4416.67,3239.39,10480.66,13636.91,5200.69,1847.77,4370.6,1e+09,3585.43,3647.7,3929.1,5067.97,4976.91,3597.36,6772.19,7503.15,4597.33,5536.57,6188.24,4332.03,3437.53,5608.21,4121.33,4659.85,10281.64
10919.14,28134.18,19458.94,38948.56,54550.92,28841.64,8464.21,8952.7,2053.49,4374.65,6784.46,2942.3,3346.86,9216.46,2942.95,5663.85,15865.57,5605.63,1588.29,2366.72,3233.61,3099.09,1640.68,5292.83,14082.66,18751.67,15797.3,3700.68,2989.38,4619.85,1684.5,11479.11,14116.04,5936.83,2569.09,2632.88,3585.43,1e+09,1446.72,1783.56,6213.21,2367.61,1484.67,3527.98,4874.16,4324.43,6991.73,3893.12,1385.6,2871.9,2168.86,1817.29,2882.65,10979.77
13179.91,30394.95,21719.71,41209.33,56811.69,31102.41,11494.52,8287.38,2251.14,5051.66,8753.89,1840.44,2795.05,11458.13,3465.71,6362.64,18126.34,6291.85,1417.16,2429.27,3636.08,1616.98,2418.11,6526.23,16343.43,21012.44,18058.07,4392.81,3699.21,5102.39,2279.94,10231.26,12128.88,5021.12,3649.52,1552.2,3647.7,1446.72,1e+09,1004.97,5198.23,1806.39,1127.27,2014.95,3384.56,3909.7,6298.49,2541.44,2028.44,3157.08,1544.43,1606.51,2452.64,9606.72
15005.39,32220.43,23545.19,43034.81,58637.17,32927.89,10356.06,8137.7,3220.26,6732.26,10579.37,1861.96,2528.07,12737.71,3086.19,7907.72,19951.82,7773.02,2143.99,2681.81,4308.82,1922.7,2617.65,7334.08,18168.91,22837.92,19883.55,5584.35,4508.92,6430.28,2925.62,10451.09,11587.86,4927.45,4443.35,2506.28,3929.1,1783.56,1004.97,1e+09,5221.09,1438.4,1720.95,2385.16,3538.95,3373.4,6176.73,2829.87,2424.73,3430.96,1700.5,834.06,2330.56,9679.81
20918.39,38133.43,29458.19,48947.81,64550.17,38840.89,8797.54,2393.65,4201.71,12654.24,16492.37,4474.86,4437.36,19067.53,2978.24,14217.51,25864.82,13452.26,3913.3,4017.92,1981.76,4889.39,4483.95,10514.24,24081.91,28750.92,25796.55,11655,10734.12,12548.93,7901.8,4970.89,6023.39,2452.61,5675.9,5043.4,5067.97,6213.21,5198.23,5221.09,1e+09,4090.2,4626.76,5512.64,3915.95,2451.98,2308.83,4278.77,8459.03,2796.51,7952.88,5077.49,6185.64,3662.47
15064.93,32279.97,23604.73,43094.35,58696.71,32987.43,11930.53,6223.06,3217.9,6809.81,10638.91,1734.05,1752.48,12936.29,3751.27,7877.73,20011.36,7982.02,1196.31,2761.78,3384.05,1852.43,1913.63,7834.8,18228.45,22897.46,19943.09,5598.45,4746.82,6563.02,3667.94,7606.92,10852.45,3235.82,5145.93,2014.89,4976.91,2367.61,1806.39,1438.4,4090.2,1e+09,1945.04,2106.44,2307.34,2347.1,4281.15,1614.47,2659.55,4365.65,1985.86,1561.48,3311.11,7350.3
12951.82,30166.86,21491.62,40981.24,56583.6,30874.32,10192.89,7749.62,1451.34,5135.15,8525.8,2931.74,2786.52,11249.14,3202.77,7014.2,17898.25,6295.33,1490.73,2472.04,2608.36,2878.03,2411.05,5682.04,16115.34,20784.35,17829.98,4913.66,3812.42,5301.45,1870.74,9561.68,12401.44,4524.88,3361.23,2004.63,3597.36,1484.67,1127.27,1720.95,4626.76,1945.04,1e+09,3721.16,4543.47,3149.53,5732.81,3435.05,2709.65,3092.42,2590.27,1377.49,2531.04,9265.17
14959.87,32634.24,23959,43448.62,59050.98,33341.7,13782.19,6791.66,4549.5,7617.21,11389.06,2329.8,2890.92,11956,6323.32,6878.65,20179.34,9995.32,2677.25,2953.7,4899.82,1701.32,2945.93,10186.27,18582.72,23251.73,20297.36,6397.92,6033.81,8026.17,5185.36,7665.89,10463.86,3956.48,6816.73,3094.39,6772.19,3527.98,2014.95,2385.16,5512.64,2106.44,3721.16,1e+09,1278.9,3183.99,4996.48,2111.51,3960.96,5763.73,2850.84,3301.17,5187.07,7490.59
17066.23,35754.54,27079.3,46568.92,62171.28,36462,13535.49,4571.46,4809.44,10151.17,13866.78,2920.88,3039.85,14377,5887.34,9188.01,22637.2,12540.38,2546.86,4095.73,4345.12,2821.17,3698.97,11902.15,21703.02,26372.03,23417.66,8343.1,8256.97,10221.73,6923.49,6264.2,8947.08,3492.42,7718.22,4030.86,7503.15,4874.16,3384.56,3538.95,3915.95,2307.34,4543.47,1278.9,1e+09,2672.66,3941.56,2096.66,5572.34,5806.86,4311.85,3890.72,6038.2,5369.79
17896.64,35111.68,26436.44,45926.06,61528.42,35819.14,7823.46,2258.37,3427.21,9641.52,13470.62,3742.04,3004.9,16193.96,2292.08,11515.61,22843.07,10430.51,2985.39,2211.64,2864.75,4086.16,3633.7,8126.65,21060.16,25729.17,22774.8,8953.1,8006.59,9600.35,5138.93,4893.1,7404.35,2101.47,4803.92,2988.37,4597.33,4324.43,3909.7,3373.4,2451.98,2347.1,3149.53,3183.99,2672.66,1e+09,1807.45,3735.94,6164.69,2145.87,5671.09,2758.15,3501.55,3189.09
21527.92,38742.96,30067.72,49557.34,65159.7,39450.42,7200.28,1464.74,5358.83,13272.8,17101.9,5848.97,4356.04,19825.24,4031,15235.21,26474.35,14061.79,4891.03,3929.96,3442.94,6102.61,5370.74,11159.71,24691.44,29360.45,26406.08,12672.7,11637.87,13231.63,8511.33,3541.02,4868.98,1800.32,6877.15,5438.34,5536.57,6991.73,6298.49,6176.73,2308.83,4281.15,5732.81,4996.48,3941.56,1807.45,1e+09,5214.23,9830.83,2417.77,9377.99,5726.74,4301.02,1979.47
15193.44,33210.53,24535.29,44024.91,59627.27,33917.99,12956.95,6946.36,4338.43,8125.24,11623.72,1274.75,2465.65,12594.67,5446.03,7868.75,20513.98,10334.74,1743.18,3323.39,3802.37,1172.42,1819.61,10070.3,19159.01,23828.02,20873.65,5914.9,5912.9,8205.56,4768.62,8330.22,11317.28,4233.91,6352.88,3667.01,6188.24,3893.12,2541.44,2829.87,4278.77,1614.47,3435.05,2111.51,2096.66,3735.94,5214.23,1e+09,3650.72,5446.15,2573.45,2974.03,4737.53,8225.84
9061.38,26276.42,17601.18,37090.8,52693.16,26983.88,9254.81,11852.16,3186.14,3397.82,5372.97,3020.49,3243.07,7358.7,3445.91,4772.9,14007.81,4840.68,2134.47,3065.25,4414.9,3319.7,1616.34,5563.22,12342.86,16893.91,13939.54,2717.13,1454.47,3618.03,1350.36,13293.62,16147.54,8108.52,3525.28,2629.92,4332.03,1385.6,2028.44,2424.73,8459.03,2659.55,2709.65,3960.96,5572.34,6164.69,9830.83,3650.72,1e+09,5085.97,1496.52,2437.31,3508.11,13011.27
15050.94,32265.98,23590.74,43080.36,58682.72,32973.44,6654.66,3134.81,3492.73,7388.89,10624.92,4854.04,4252.64,13348.26,2268.04,10393,19997.37,8311.78,3889.87,2758.92,2449.35,5377.83,3818.5,6565.81,18214.46,22883.47,19929.1,8054.38,6030.74,7831.07,3701.69,5579.5,8198.76,2720.38,3161.63,4364.77,3437.53,2871.9,3157.08,3430.96,2796.51,4365.65,3092.42,5763.73,5806.86,2145.87,2417.77,5446.15,5085.97,1e+09,5504.82,3368.16,2767.61,4217.26
12123.56,29338.6,20663.36,40152.98,55755.34,30046.06,10916.65,11366.88,4091.72,4628.78,7697.54,2340.27,2553.11,9950.5,4304.49,5089.85,17069.99,6423.98,2232.66,2853.45,5949.79,2379.21,2744.18,6930.86,15287.08,19956.09,17001.72,3585.65,2950.16,4710.77,2188.19,12850.71,14468.67,7712.54,5837.02,2414.82,5608.21,2168.86,1544.43,1700.5,7952.88,1985.86,2590.27,2850.84,4311.85,5671.09,9377.99,2573.45,1496.52,5504.82,1e+09,1650.35,2967.29,12318.18
14287.41,31721.57,23046.33,42535.95,58138.31,32429.03,9029.8,7687.71,3322.2,5953.62,10019.88,1962.39,2524.56,12211.45,2227.69,7409.53,19333.57,7652.34,2146.96,2509.55,3795.22,2586.91,2489.81,7112.66,17670.05,22339.06,19384.69,5648.72,4308.83,5859.29,2657.07,10872.56,11896.95,4796.2,4763.85,2111.15,4121.33,1817.29,1606.51,834.06,5077.49,1561.48,1377.49,3301.17,3890.72,2758.15,5726.74,2974.03,2437.31,3368.16,1650.35,1e+09,1724.43,9988.9
14937.42,32152.46,23477.22,42966.84,58569.2,32859.92,5517.91,5014.49,4391.84,6677.14,10511.4,3532.69,3857.88,12853.04,3064.24,8572.49,19883.85,7939.07,3549.45,3120.4,5118.49,4028.33,3460.29,7556.69,18100.94,22769.95,19815.58,6578.05,5062.17,6665.15,3420.36,7789.6,10821.28,4213.72,5455.28,3452.41,4659.85,2882.65,2452.64,2330.56,6185.64,3311.11,2531.04,5187.07,6038.2,3501.55,4301.02,4737.53,3508.11,2767.61,2967.29,1724.43,1e+09,7831.34
26556.36,43771.4,35096.16,54585.78,70188.14,44478.86,7257.67,1769.48,8026.83,18022.16,22130.34,8963.42,5478.73,24018,7459.7,19081.73,31502.79,19090.23,7909.89,6982.41,5870.86,9482.81,8410.53,16152.21,29719.88,34388.89,31434.52,16589.74,15648.27,17843.91,13465.69,3697.49,3675.42,2972.64,10951.96,8595.08,10281.64,10979.77,9606.72,9679.81,3662.47,7350.3,9265.17,7490.59,5369.79,3189.09,1979.47,8225.84,13011.27,4217.26,12318.18,9988.9,7831.34,1e+09
