1e+09,33714.02,15337.59,40538.41,54129.71,30206.24,17629.43,23959.49,7904.59,5219.89,4285.98,17600.23,18836.02,3322.15,12649.17,5791.26,7589.48,10267.31,14349.07,16600.89,12119.33,13933.8,15278.66,3441.45,10622.13,15532.75,11599.32,4853.15,5285.42,6656.97,7328.94,23218.29,33847.21,17348.79,5723.09,13100.38,6718.81,12995.71,14981.17,16661.29,20864.42,11104.33,10575.94,15723.92,19102.17,18378.78,21796.82,16662.38,7647.8,11135.58,10613.24,15599.93,11422.37,27295.03
33714.02,1e+09,10961.53,3708.89,9665.6,3037.67,58486.72,61797.4,42709.03,32930.2,28263.38,57562.05,58907.29,38982.06,48322.24,37653.39,20164.45,19690.72,52579.09,54515.1,47246.61,52521.5,55299.84,31539.17,16642.4,10507.79,13683.42,37443.65,40722.88,28056.64,33121.45,57431.38,71958.46,55172.89,39320.07,52619.38,41345.22,49795.8,50285.45,54758.35,57653.33,43397.31,46724.83,52350.12,54432.68,52587.36,56109.98,52042.67,35795.38,43291.65,45526.38,53700.28,47205.15,62408.48
15337.59,10961.53,1e+09,14213.82,27285.66,11509.01,39833.78,43420.97,24332.6,15149.41,12006.82,39185.62,40530.86,21822.78,31343.89,20675.04,6735.14,6995.36,34202.66,37015.54,30268.26,34145.07,36916.2,13493.42,4402.54,2150.77,3681.65,19067.22,23043.42,11844.63,16242.9,40453.03,54832.32,36796.46,21765.46,35557.89,24222.72,32708.29,33307.1,37065.49,40573.2,26418.96,29595.85,35371.77,37454.33,35609.01,39131.63,35064.32,18817.03,26313.3,28548.03,36721.93,30226.8,45430.13
40538.41,3708.89,14213.82,1e+09,8195.15,5711.64,64918.46,68621.79,49533.42,39754.59,35890.99,64386.44,65731.68,47320.67,56660.85,45992,25825.46,25449.37,59403.48,62216.36,55585.22,59345.89,62124.23,38363.56,21679.43,13702.34,18887.73,44268.04,48244.24,34881.03,41460.06,65769.99,80229.62,61997.28,46966.28,60957.99,49634.58,58134.41,58624.06,62266.31,65991.94,51735.92,54981.79,60688.73,62771.29,60925.97,64448.59,60381.28,44133.99,51630.26,53864.99,62038.89,55543.76,70747.09
54129.71,9665.6,27285.66,8195.15,1e+09,10162.13,78309.54,82278.69,63190.32,53411.49,49547.89,77596.82,78920.17,60037.02,70230.1,59495.71,39383.31,39106.27,73060.38,75789.81,69245.28,73002.79,75409.04,52020.46,35336.33,26017.18,32430.05,57924.94,61901.14,48537.93,55382.78,79680.18,93341.36,75654.18,60623.18,73702.93,63097.52,71556.46,72408.02,75850.6,79448,65658.64,68470.65,74030.03,76447.98,74848.69,78371.31,74008.19,58056.71,65552.98,67787.71,75085.36,69200.18,84640.84
30206.24,3037.67,11509.01,5711.64,10162.13,1e+09,54978.94,57985.06,38382.37,29422.42,23969.76,53284.19,55399.51,34341.32,43681.5,33012.65,18739.06,19440.74,48952.79,49874.36,42605.87,49013.72,51246.18,27365.91,15912.35,10437.97,14698.45,33009.19,36082.14,25241.54,28480.71,52790.64,67317.72,51665.11,34679.33,47978.64,36704.48,45155.06,45644.71,50117.61,53012.59,38756.57,42084.09,47709.38,49791.94,47946.62,51469.24,47401.93,31154.64,38650.91,40885.64,49059.54,42564.41,57767.74
17629.43,58486.72,39833.78,64918.46,78309.54,54978.94,1e+09,4003.14,9021.48,14210.89,20424.88,7218.7,5376.79,13221.93,5897.52,12388.48,28086.6,23456.64,5831.55,5205.71,7083.43,7868.46,5865.89,16711.25,31875.88,39141.89,33164.28,12144.66,10061.63,17587.57,14089.56,3727.73,8153.14,5804.41,10302.73,4207.66,11141.75,5818.08,6945.6,6777.7,6325.18,9963.04,7913.25,8040.14,5758.46,5921.14,4367.97,7423.88,12115.57,8613.92,8308.84,6529.76,7467.06,5748.64
23959.49,61797.4,43420.97,68621.79,82278.69,57985.06,4003.14,1e+09,10113.1,17458.57,24701.56,4507.59,4237,18444.14,5916.16,15235.05,31917.68,26964.66,5744.01,3350.71,7555.77,6475.22,5641.1,19768.87,35399.31,42452.57,36474.96,14576.91,12995.96,19804.17,16275.16,4494.66,4997.7,3300.48,12531.77,4174.73,12048.1,7599.86,6684.33,4978.66,2627.44,8471.44,7817,6551.24,3923.8,3526.07,2479.77,5688.4,13297.03,7252.59,9666.73,6647.8,8191.53,1910.54
7904.59,42709.03,24332.6,49533.42,63190.32,38382.37,9021.48,10113.1,1e+09,4468.4,8223.73,8265.93,8484.32,4557.32,4283.58,3363.79,13650.66,11653.26,3976.67,6430.6,2585.44,5431.4,6411.72,4491.04,17112.24,23364.2,18347.86,2868.65,2936.55,6433.56,5112.09,8536.26,18754.29,6440.35,2177.7,6220.23,2543.39,4694.44,4430.08,6771.95,7330.63,2624,2620.7,5663.25,5422.4,5121.34,6278.63,4811.79,4322.59,3046.67,4121.94,8039.22,3813.03,10195.13
5219.89,32930.2,15149.41,39754.59,53411.49,29422.42,14210.89,17458.57,4468.4,1e+09,4448.48,13223.22,14568.46,3683.74,7128.85,2944.15,6189.12,6690.52,9140.09,11151.66,7684.87,9032.66,11546.83,1635.15,9046.55,14704.94,10889.99,2857.73,3065.31,3292.37,3137.8,15082.81,29066.4,12083.65,2665.25,11042.17,3975.82,8244.1,8378.88,11103.09,14991.32,4993.96,5971.91,9894.63,11909.35,10487.74,13586.65,9711.38,3082.7,5549.39,5266.96,11176.95,6279.42,19885.15
4285.98,28263.38,12006.82,35890.99,49547.89,23969.76,20424.88,24701.56,8223.73,4448.48,1e+09,19557.99,20881.34,6137.69,12556.86,5430.29,4104.85,5276.91,15483.25,17757.02,12346.54,15084.28,17530.92,3621.35,6288.08,12017.82,7613.4,4653.73,6475.59,3420.82,4422.74,22160.84,35360.32,18077.05,6120.31,15875.79,7660.56,13729.32,14517.52,17811.77,21709.25,9615.08,11682.94,16048.99,18466.94,17462.07,21005.87,16027.15,4820.95,9908.49,10272.59,17104.32,11465.76,26659.8
17600.23,57562.05,39185.62,64386.44,77596.82,53284.19,7218.7,4507.59,8265.93,13223.22,19557.99,1e+09,2058.43,14208.79,4396.34,10999.7,27682.33,22729.31,3066.01,3040.9,6206.14,2409.09,2052.15,15533.52,31163.96,38217.22,32239.61,10369.8,8778.85,15568.82,11011.99,9042.85,12478.98,5204.07,9208.7,3396.79,8426.72,3741.45,3044.6,2096.92,2401.38,5733.63,5327.2,2629.91,3172.92,4382.08,5119.11,2165.09,8911.94,7384.99,4619.34,1740.81,4248.78,5756.32
18836.02,58907.29,40530.86,65731.68,78920.17,55399.51,5376.79,4237,8484.32,14568.46,20881.34,2058.43,1e+09,15546.25,5144.61,12344.94,29027.57,24074.55,3510.44,3514.87,7075.72,4008.79,3390.86,16878.76,32509.2,39562.46,33584.85,11715.82,10122.67,16914.06,12388.55,7990.07,8876.32,6059.34,10803.16,3396.68,9994.45,5305.23,4778.12,3349.17,2934.94,6817.02,6294.15,3661.18,3149.07,4610.28,5504.82,3302.55,10631.21,8587.38,5980.16,3368,5552.03,4548.49
3322.15,38982.06,21822.78,47320.67,60037.02,34341.32,13221.93,18444.14,4557.32,3683.74,6137.69,14208.79,15546.25,1e+09,7754.05,2285.96,12416.06,9543,9225.83,12038.71,6823.43,9168.24,11063.15,4256.81,14843.73,19933.56,15358.43,2908.42,2450.63,7688.44,6505.86,17111.22,30051.97,11870.49,2717.33,9341.38,3631.85,8082.46,9965.29,12088.66,15976.89,6234.1,5886.32,12029.96,14112.52,12267.2,15789.82,11722.51,5293.72,6127.07,5430.84,12884.38,6542.91,22088.32
12649.17,48322.24,31343.89,56660.85,70230.1,43681.5,5897.52,5916.16,4283.58,7128.85,12556.86,4396.34,5144.61,7754.05,1e+09,6498.91,20084.49,13755.78,2732.93,3030.27,2675.02,3070.76,3704.32,9973.9,23258.47,29273.74,23432.37,6137.44,3838.94,8879.39,6139.61,6448.09,16886.15,4546.91,4284.33,2400.04,4644.6,2177.02,2461.39,3109.73,3564.73,2692.19,2613.02,3493.75,3214.13,1985.15,4066.69,2715.96,4110.68,4247.9,2422.75,4190.61,1434.78,7966.09
5791.26,37653.39,20675.04,45992,59495.71,33012.65,12388.48,15235.05,3363.79,2944.15,5430.29,10999.7,12344.94,2285.96,6498.91,1e+09,11308.38,7835.36,7343.94,8902.09,5440.85,7516.44,9277.71,3353.15,13338.52,18604.89,14023.62,1174.03,2215.74,5982.95,3951.63,12854.2,26842.88,10597.61,2565.5,8754.59,2630.87,6433.04,6188.62,8879.57,12737.33,3509.2,4120.27,7711.45,9768.99,8805.54,11446.29,7500.05,2619.95,2944.65,2941.62,8994.28,4687.47,17744.79
7589.48,20164.45,6735.14,25825.46,39383.31,18739.06,28086.6,31917.68,13650.66,6189.12,4104.85,27682.33,29027.57,12416.06,20084.49,11308.38,1e+09,4654.59,22699.37,25512.25,19008.86,22641.78,25420.12,5879.17,3444.37,7041.89,4281.03,9476.8,12292.15,5016.26,7934.51,29193.63,43525.51,25293.17,11083.52,24381.63,13509.11,21556,22047.7,25562.2,29415.58,15615.38,18277.68,24112.37,26194.93,24349.61,27872.23,23804.92,9532.08,15505.48,17288.63,25462.53,18967.4,34170.73
10267.31,19690.72,6995.36,25449.37,39106.27,19440.74,23456.64,26964.66,11653.26,6690.52,5276.91,22729.31,24074.55,9543,13755.78,7835.36,4654.59,1e+09,17805.23,19702.36,13464.55,17777.34,20467.1,7294.64,4147.92,6512.53,4077.68,8618.35,9457.6,5458.49,6580.41,22864.92,37259.7,20578.64,9169.01,18016.25,10069.25,15135.67,15718.99,19906.95,23000.58,10840.49,13310.32,17783.66,19866.22,18020.9,21543.52,17476.21,7009.55,10886.6,11528.61,19133.82,12889.69,27842.02
14349.07,52579.09,34202.66,59403.48,73060.38,48952.79,5831.55,5744.01,3976.67,9140.09,15483.25,3066.01,3510.44,9225.83,2732.93,7343.94,22699.37,17805.23,1e+09,2386.49,2945.13,1938.79,2253.43,11424.22,26181,33234.26,27256.65,7164.77,5534.76,11350.56,8879.2,7278.14,14251.05,4597.65,5376.07,2166.07,5154.82,2219.23,2092.95,2148.8,2831.14,3860.97,3072.74,2912.62,2487.65,3490.47,3902.11,1777.4,6858.74,5285.6,4068.2,3020.22,2899.85,6557.15
16600.89,54515.1,37015.54,62216.36,75789.81,49874.36,5205.71,3350.71,6430.6,11151.66,17757.02,3040.9,3514.87,12038.71,3030.27,8902.09,25512.25,19702.36,2386.49,1e+09,5040.91,3705.18,2971.55,13363.44,28993.88,35466.6,29625.23,8941.59,7526.71,13651.32,9422.29,4968.49,12747.61,4167.09,7790.15,2108.24,7810.14,2250.38,1852.78,1169.98,2035.58,5284.46,3985.57,3043.44,2466.53,2570.18,2753.52,3193.73,7450.01,4618.97,3881.44,2379.44,3603.21,4871.41
12119.33,47246.61,30268.26,55585.22,69245.28,42605.87,7083.43,7555.77,2585.44,7684.87,12346.54,6206.14,7075.72,6823.43,2675.02,5440.85,19008.86,13464.55,2945.13,5040.91,1e+09,3826.41,4312.75,9149.51,22182.84,28198.11,22356.74,5219.2,3993.41,8999.61,6216.92,7051.35,15759.99,4549.23,3511.3,4694.96,3712.63,3491.3,4054.18,5715.91,4746.8,2971.79,2350.45,4722.75,4102.07,2639,4526.94,3398.87,5233.26,3113.91,4145.58,7406.73,4054.3,7430.26
13933.8,52521.5,34145.07,59345.89,73002.79,49013.72,7868.46,6475.22,5431.4,9032.66,15084.28,2409.09,4008.79,9168.24,3070.76,7516.44,22641.78,17777.34,1938.79,3705.18,3826.41,1e+09,2308.05,11396.33,26123.41,33176.67,27199.06,7637.25,5395.97,11168.85,8636.4,9680.72,14801.46,4620.25,5538.08,3744.84,4793.68,3310.91,3316.52,2311.48,3245.1,4096.95,3854.67,2955.33,3968.88,4198.71,5574.92,2523.81,7203.18,5841.88,4197.77,2624.6,3020.14,7345.5
15278.66,55299.84,36916.2,62124.23,75409.04,51246.18,5865.89,5641.1,6411.72,11546.83,17530.92,2052.15,3390.86,11063.15,3704.32,9277.71,25420.12,20467.1,2253.43,2971.55,4312.75,2308.05,1e+09,13637.23,28901.75,35955.01,29977.4,9131.88,7169.94,14064.83,9860.32,8058.87,13522.83,4342.61,7586.19,3478.62,7325.23,2164.86,2928.68,2426.71,2861.89,5462.26,4639.16,2750.32,3103.95,3772.45,4623.6,1873.11,7709.29,6593.87,4419.39,2806.34,3989.43,6224.91
3441.45,31539.17,13493.42,38363.56,52020.46,27365.91,16711.25,19768.87,4491.04,1635.15,3621.35,15533.52,16878.76,4256.81,9973.9,3353.15,5879.17,7294.64,11424.22,13363.44,9149.51,11396.33,13637.23,1e+09,8513.56,13607.47,10129.71,2534.73,4331.09,3706.79,2813.73,17040.84,31376.7,14159.42,3130.01,13000.2,5048.76,10413.5,10179.71,13413.39,17245.23,6215.25,7143.93,11942.02,14024.58,12594.5,15701.88,11669.41,3098.59,6049.04,6389.88,13292.18,8677.61,22000.38
10622.13,16642.4,4402.54,21679.43,35336.33,15912.35,31875.88,35399.31,17112.24,9046.55,6288.08,31163.96,32509.2,14843.73,23258.47,13338.52,3444.37,4147.92,26181,28993.88,22182.84,26123.41,28901.75,8513.56,1e+09,5536.15,3075.43,12639.46,15334.5,5785.59,10624.03,32367.61,46894.69,28774.8,14595.52,27555.61,16478.81,24732.03,25221.68,29043.83,32589.56,18408.08,21661.06,27286.35,29368.91,27523.59,31046.21,26978.9,12108.93,18298.18,20462.61,28636.51,22141.38,37344.71
15532.75,10507.79,2150.77,13702.34,26017.18,10437.97,39141.89,42452.57,23364.2,14704.94,12017.82,38217.22,39562.46,19933.56,29273.74,18604.89,7041.89,6512.53,33234.26,35466.6,28198.11,33176.67,35955.01,13607.47,5536.15,1e+09,4747.03,18668.62,21674.38,12276.6,15597.34,38382.88,52909.96,35828.06,20283.05,33570.88,22296.72,30747.3,31236.95,35709.85,38604.83,24348.81,27676.33,33301.62,35384.18,33538.86,37061.48,32994.17,17455.76,24243.15,26477.88,34651.78,28156.65,43359.98
11599.32,13683.42,3681.65,18887.73,32430.05,14698.45,33164.28,36474.96,18347.86,10889.99,7613.4,32239.61,33584.85,15358.43,23432.37,14023.62,4281.03,4077.68,27256.65,29625.23,22356.74,27199.06,29977.4,10129.71,3075.43,4747.03,1e+09,13665.88,16316.15,7642.59,10541.87,32541.51,47068.59,29850.45,15482.88,27729.51,16823.11,24905.93,25395.58,29868.48,32763.46,18752.38,21834.96,27460.25,29542.81,27697.49,31220.11,27152.8,12233.6,18642.48,20636.51,28810.41,22315.28,37518.61
4853.15,37443.65,19067.22,44268.04,57924.94,33009.19,12144.66,14576.91,2868.65,2857.73,4653.73,10369.8,11715.82,2908.42,6137.44,1174.03,9476.8,8618.35,7164.77,8941.59,5219.2,7637.25,9131.88,2534.73,12639.46,18668.62,13665.88,1e+09,2354.1,4351.2,2659.19,12654.05,26184.74,10135.07,2133.04,9068.81,2900.09,6230.28,5975.34,8577.27,12109.66,3181.59,4258.9,7751.59,9311.25,8053.49,10978.59,7055.48,2141.44,3035.37,3240.49,8718.99,4788.71,16921.25
5285.42,40722.88,23043.42,48244.24,61901.14,36082.14,10061.63,12995.96,2936.55,3065.31,6475.59,8778.85,10122.67,2450.63,3838.94,2215.74,12292.15,9457.6,5534.76,7526.71,3993.41,5395.97,7169.94,4331.09,15334.5,21674.38,16316.15,2354.1,1e+09,6270.17,4742.21,11646.21,24603.79,8106.18,2048.28,6975.01,1848,4659.26,5076.63,7057.46,10528.71,2844.9,3335.36,6615.82,8083.3,6458.13,9776.7,6037.64,2759.27,3687.36,2442.34,7481.04,3182.93,15713.3
6656.97,28056.64,11844.63,34881.03,48537.93,25241.54,17587.57,19804.17,6433.56,3292.37,3420.82,15568.82,16914.06,7688.44,8879.39,5982.95,5016.26,5458.49,11350.56,13651.32,8999.61,11168.85,14064.83,3706.79,5785.59,12276.6,7642.59,4351.2,6270.17,1e+09,2386.75,16613.68,30877.54,14165,4748.97,12570.78,6660.37,10417.14,10003.23,13523.87,16572.41,6632.97,8187.32,11509.44,13351.76,12075.7,15049.16,11239.99,3533.48,7164.2,6745.16,12619.36,7477.49,21327.56
7328.94,33121.45,16242.9,41460.06,55382.78,28480.71,14089.56,16275.16,5112.09,3137.8,4422.74,11011.99,12388.55,6505.86,6139.61,3951.63,7934.51,6580.41,8879.2,9422.29,6216.92,8636.4,9860.32,2813.73,10624.03,15597.34,10541.87,2659.19,4742.21,2386.75,1e+09,13878.44,25958.85,12599.88,3954.44,8520.63,5566.6,6490.09,6278.05,9183.51,12307.78,5049.76,5745.54,7524.97,9359.03,8803.01,12014.47,7114.47,2059.59,5061.34,3208.34,8084.71,5308.78,17258.33
23218.29,57431.38,40453.03,65769.99,79680.18,52790.64,3727.73,4494.66,8536.26,15082.81,22160.84,9042.85,7990.07,17111.22,6448.09,12854.2,29193.63,22864.92,7278.14,4968.49,7051.35,9680.72,8058.87,17040.84,32367.61,38382.88,32541.51,12654.05,11646.21,16613.68,13878.44,1e+09,6938.69,5254.11,10971.81,5244.56,11694.53,7757.24,7433.64,7781.47,5727.28,8675.37,7430.58,7872.6,5972.78,5461.23,3149.57,7215.78,11445.62,6192.18,9712.33,9249.31,8231.99,5445.91
33847.21,71958.46,54832.32,80229.62,93341.36,67317.72,8153.14,4997.7,18754.29,29066.4,35360.32,12478.98,8876.32,30051.97,16886.15,26842.88,43525.51,37259.7,14251.05,12747.61,15759.99,14801.46,13522.83,31376.7,46894.69,52909.96,47068.59,26184.74,24603.79,30877.54,25958.85,6938.69,1e+09,7727,23715.44,14573.53,22039.18,18224.31,17309.18,15392.12,10463.78,16300.03,18345.96,13080.72,10812.56,10173.38,6957.03,14031.36,23570.6,14512.51,20060.68,16703.63,19766.48,4683.55
17348.79,55172.89,36796.46,61997.28,75654.18,51665.11,5804.41,3300.48,6440.35,12083.65,18077.05,5204.07,6059.34,11870.49,4546.91,10597.61,25293.17,20578.64,4597.65,4167.09,4549.23,4620.25,4342.61,14159.42,28774.8,35828.06,29850.45,10135.07,8106.18,14165,12599.88,5254.11,7727,1e+09,7786.69,4800.94,6781.33,6410.66,6238.49,5086.72,3243.62,5985.91,5664.4,6407.77,5278.36,3646.06,3373.91,5562.48,10202.72,4960.37,8453.61,7152.13,6385.45,3329.57
5723.09,39320.07,21765.46,46966.28,60623.18,34679.33,10302.73,12531.77,2177.7,2665.25,6120.31,9208.7,10803.16,2717.33,4284.33,2565.5,11083.52,9169.01,5376.07,7790.15,3511.3,5538.08,7586.19,3130.01,14595.52,20283.05,15482.88,2133.04,2048.28,4748.97,3954.44,10971.81,23715.44,7786.69,1e+09,8211.98,2372.24,4840.99,4996.95,7439.14,9916.21,2906.31,3447.24,6616.01,7888.53,5643.41,8749.69,5919.9,2953.13,3097.8,3656.25,8330.16,4499.71,14252.16
13100.38,52619.38,35557.89,60957.99,73702.93,47978.64,4207.66,4174.73,6220.23,11042.17,15875.79,3396.79,3396.68,9341.38,2400.04,8754.59,24381.63,18016.25,2166.07,2108.24,4694.96,3744.84,3478.62,13000.2,27555.61,33570.88,27729.51,9068.81,6975.01,12570.78,8520.63,5244.56,14573.53,4800.94,8211.98,1e+09,7701.5,2949.48,3106.28,2721.54,2240.32,5000.85,4059.67,3475.41,2136.54,3130.07,2927.81,3011.81,7240.31,5677.08,3733.18,2012.41,3221.3,6401.92
6718.81,41345.22,24222.72,49634.58,63097.52,36704.48,11141.75,12048.1,2543.39,3975.82,7660.56,8426.72,9994.45,3631.85,4644.6,2630.87,13509.11,10069.25,5154.82,7810.14,3712.63,4793.68,7325.23,5048.76,16478.81,22296.72,16823.11,2900.09,1848,6660.37,5566.6,11694.53,22039.18,6781.33,2372.24,7701.5,1e+09,5547.45,5494.47,6971.94,8975.17,2103.89,3128.2,6382.61,7263.62,5918.5,8561.62,5925.48,3724.31,2843.8,3725.59,7005.27,3741.17,13338.66
12995.71,49795.8,32708.29,58134.41,71556.46,45155.06,5818.08,7599.86,4694.44,8244.1,13729.32,3741.45,5305.23,8082.46,2177.02,6433.04,21556,15135.67,2219.23,2250.38,3491.3,3310.91,2164.86,10413.5,24732.03,30747.3,24905.93,6230.28,4659.26,10417.14,6490.09,7757.24,18224.31,6410.66,4840.99,2949.48,5547.45,1e+09,913.06,1880.41,5113.56,4264.8,2997.28,2372.65,3661.06,3345.88,5105.66,2097.15,4377.12,3918.95,2447.36,3302.41,2627.48,10410.61
14981.17,50285.45,33307.1,58624.06,72408.02,45644.71,6945.6,6684.33,4430.08,8378.88,14517.52,3044.6,4778.12,9965.29,2461.39,6188.62,22047.7,15718.99,2092.95,1852.78,4054.18,3316.52,2928.68,10179.71,25221.68,31236.95,25395.58,5975.34,5076.63,10003.23,6278.05,7433.64,17309.18,6238.49,4996.95,3106.28,5494.47,913.06,1e+09,1355.7,4202.2,3910.06,2523.98,2084.2,2720.18,3369.02,4453.72,1925.71,4525.44,3530.82,1972.15,2596.58,2226.21,9150.33
16661.29,54758.35,37065.49,62266.31,75850.6,50117.61,6777.7,4978.66,6771.95,11103.09,17811.77,2096.92,3349.17,12088.66,3109.73,8879.57,25562.2,19906.95,2148.8,1169.98,5715.91,2311.48,2426.71,13413.39,29043.83,35709.85,29868.48,8577.27,7057.46,13523.87,9183.51,7781.47,15392.12,5086.72,7439.14,2721.54,6971.94,1880.41,1355.7,1e+09,2318.97,4576.33,3984.15,2332.13,3170.45,3353.75,4926.43,2460.65,6855.68,5366.96,3411.87,1706.84,2933.77,7707.58
20864.42,57653.33,40573.2,65991.94,79448,53012.59,6325.18,2627.44,7330.63,14991.32,21709.25,2401.38,2934.94,15976.89,3564.73,12737.33,29415.58,23000.58,2831.14,2035.58,4746.8,3245.1,2861.89,17245.23,32589.56,38604.83,32763.46,12109.66,10528.71,16572.41,12307.78,5727.28,10463.78,3243.62,9916.21,2240.32,8975.17,5113.56,4202.2,2318.97,1e+09,4939.13,5302.46,3993.04,2189.56,1799.91,2748.26,2781.34,9742.52,6239.84,6547.64,4165.67,5658.91,2703.96
11104.33,43397.31,26418.96,51735.92,65658.64,38756.57,9963.04,8471.44,2624,4993.96,9615.08,5733.63,6817.02,6234.1,2692.19,3509.2,15615.38,10840.49,3860.97,5284.46,2971.79,4096.95,5462.26,6215.25,18408.08,24348.81,18752.38,3181.59,2844.9,6632.97,5049.76,8675.37,16300.03,5985.91,2906.31,5000.85,2103.89,4264.8,3910.06,4576.33,4939.13,1e+09,2861.12,3597.51,3631.47,3771.07,5230.31,2946.53,2906.9,2834.27,3274.03,4507.63,2576.27,7869.46
10575.94,46724.83,29595.85,54981.79,68470.65,42084.09,7913.25,7817,2620.7,5971.91,11682.94,5327.2,6294.15,5886.32,2613.02,4120.27,18277.68,13310.32,3072.74,3985.57,2350.45,3854.67,4639.16,7143.93,21661.06,27676.33,21834.96,4258.9,3335.36,8187.32,5745.54,7430.58,18345.96,5664.4,3447.24,4059.67,3128.2,2997.28,2523.98,3984.15,5302.46,2861.12,1e+09,3340.02,3777.92,3800.34,4625.23,2573.07,5023.48,2866.43,2542.42,4776.43,2082.16,9391.5
15723.92,52350.12,35371.77,60688.73,74030.03,47709.38,8040.14,6551.24,5663.25,9894.63,16048.99,2629.91,3661.18,12029.96,3493.75,7711.45,24112.37,17783.66,2912.62,3043.44,4722.75,2955.33,2750.32,11942.02,27286.35,33301.62,27460.25,7751.59,6615.82,11509.44,7524.97,7872.6,13080.72,6407.77,6616.01,3475.41,6382.61,2372.65,2084.2,2332.13,3993.04,3597.51,3340.02,1e+09,1685.36,3775.05,4458.94,1742.64,6233.77,4778.02,2957.23,2579.77,3285.03,5810.32
19102.17,54432.68,37454.33,62771.29,76447.98,49791.94,5758.46,3923.8,5422.4,11909.35,18466.94,3172.92,3149.07,14112.52,3214.13,9768.99,26194.93,19866.22,2487.65,2466.53,4102.07,3968.88,3103.95,14024.58,29368.91,35384.18,29542.81,9311.25,8083.3,13351.76,9359.03,5972.78,10812.56,5278.36,7888.53,2136.54,7263.62,3661.06,2720.18,3170.45,2189.56,3631.47,3777.92,1685.36,1e+09,2482.31,2594.69,1824.76,7518.62,5350.93,4408.83,3531.09,4137.49,3690
18378.78,52587.36,35609.01,60925.97,74848.69,47946.62,5921.14,3526.07,5121.34,10487.74,17462.07,4382.08,4610.28,12267.2,1985.15,8805.54,24349.61,18020.9,3490.47,2570.18,2639,4198.71,3772.45,12594.5,27523.59,33538.86,27697.49,8053.49,6458.13,12075.7,8803.01,5461.23,10173.38,3646.06,5643.41,3130.07,5918.5,3345.88,3369.02,3353.75,1799.91,3771.07,3800.34,3775.05,2482.31,1e+09,2347.25,3020.63,6174.65,3299.34,5026.28,4674.29,4183.2,3025.25
21796.82,56109.98,39131.63,64448.59,78371.31,51469.24,4367.97,2479.77,6278.63,13586.65,21005.87,5119.11,5504.82,15789.82,4066.69,11446.29,27872.23,21543.52,3902.11,2753.52,4526.94,5574.92,4623.6,15701.88,31046.21,37061.48,31220.11,10978.59,9776.7,15049.16,12014.47,3149.57,6957.03,3373.91,8749.69,2927.81,8561.62,5105.66,4453.72,4926.43,2748.26,5230.31,4625.23,4458.94,2594.69,2347.25,1e+09,3734.49,9452.46,3894.25,7456.99,6678.51,5899.01,1885.58
16662.38,52042.67,35064.32,60381.28,74008.19,47401.93,7423.88,5688.4,4811.79,9711.38,16027.15,2165.09,3302.55,11722.51,2715.96,7500.05,23804.92,17476.21,1777.4,3193.73,3398.87,2523.81,1873.11,11669.41,26978.9,32994.17,27152.8,7055.48,6037.64,11239.99,7114.47,7215.78,14031.36,5562.48,5919.9,3011.81,5925.48,2097.15,1925.71,2460.65,2781.34,2946.53,2573.07,1742.64,1824.76,3020.63,3734.49,1e+09,5579.19,4618.84,2866.15,2459.44,3013.7,5882.91
7647.8,35795.38,18817.03,44133.99,58056.71,31154.64,12115.57,13297.03,4322.59,3082.7,4820.95,8911.94,10631.21,5293.72,4110.68,2619.95,9532.08,7009.55,6858.74,7450.01,5233.26,7203.18,7709.29,3098.59,12108.93,17455.76,12233.6,2141.44,2759.27,3533.48,2059.59,11445.62,23570.6,10202.72,2953.13,7240.31,3724.31,4377.12,4525.44,6855.68,9742.52,2906.9,5023.48,6233.77,7518.62,6174.65,9452.46,5579.19,1e+09,3703.81,3336.83,6406.48,3965.45,14721.97
11135.58,43291.65,26313.3,51630.26,65552.98,38650.91,8613.92,7252.59,3046.67,5549.39,9908.49,7384.99,8587.38,6127.07,4247.9,2944.65,15505.48,10886.6,5285.6,4618.97,3113.91,5841.88,6593.87,6049.04,18298.18,24243.15,18642.48,3035.37,3687.36,7164.2,5061.34,6192.18,14512.51,4960.37,3097.8,5677.08,2843.8,3918.95,3530.82,5366.96,6239.84,2834.27,2866.43,4778.02,5350.93,3299.34,3894.25,4618.84,3703.81,1e+09,3473.73,6343.98,3970.8,6602.4
10613.24,45526.38,28548.03,53864.99,67787.71,40885.64,8308.84,9666.73,4121.94,5266.96,10272.59,4619.34,5980.16,5430.84,2422.75,2941.62,17288.63,11528.61,4068.2,3881.44,4145.58,4197.77,4419.39,6389.88,20462.61,26477.88,20636.51,3240.49,2442.34,6745.16,3208.34,9712.33,20060.68,8453.61,3656.25,3733.18,3725.59,2447.36,1972.15,3411.87,6547.64,3274.03,2542.42,2957.23,4408.83,5026.28,7456.99,2866.15,3336.83,3473.73,1e+09,3262.18,1803.61,11985.7
15599.93,53700.28,36721.93,62038.89,75085.36,49059.54,6529.76,6647.8,8039.22,11176.95,17104.32,1740.81,3368,12884.38,4190.61,8994.28,25462.53,19133.82,3020.22,2379.44,7406.73,2624.6,2806.34,13292.18,28636.51,34651.78,28810.41,8718.99,7481.04,12619.36,8084.71,9249.31,16703.63,7152.13,8330.16,2012.41,7005.27,3302.41,2596.58,1706.84,4165.67,4507.63,4776.43,2579.77,3531.09,4674.29,6678.51,2459.44,6406.48,6343.98,3262.18,1e+09,2773.36,10236.13
11422.37,47205.15,30226.8,55543.76,69200.18,42564.41,7467.06,8191.53,3813.03,6279.42,11465.76,4248.78,5552.03,6542.91,1434.78,4687.47,18967.4,12889.69,2899.85,3603.21,4054.3,3020.14,3989.43,8677.61,22141.38,28156.65,22315.28,4788.71,3182.93,7477.49,5308.78,8231.99,19766.48,6385.45,4499.71,3221.3,3741.17,2627.48,2226.21,2933.77,5658.91,2576.27,2082.16,3285.03,4137.49,4183.2,5899.01,3013.7,3965.45,3970.8,1803.61,2773.36,1e+09,11287.23
27295.03,62408.48,45430.13,70747.09,84640.84,57767.74,5748.64,1910.54,10195.13,19885.15,26659.8,5756.32,4548.49,22088.32,7966.09,17744.79,34170.73,27842.02,6557.15,4871.41,7430.26,7345.5,6224.91,22000.38,37344.71,43359.98,37518.61,16921.25,15713.3,21327.56,17258.33,5445.91,4683.55,3329.57,14252.16,6401.92,13338.66,10410.61,9150.33,7707.58,2703.96,7869.46,9391.5,5810.32,3690,3025.25,1885.58,5882.91,14721.97,6602.4,11985.7,10236.13,11287.23,1e+09
