1e+09,5210.7,4489.58,9423.57,13146.11,79058.66,94342.82,46733.21,47907.42,34471.54,70349.1,75871.84,65115.41,71756.33,50102.09,34880.8,34221.94,68987.59,72664.96,66167.53,72506.73,66083.03,47559.51,30051.75,18354.19,19432.95,59396.34,68074.59,51137.96,43171.24,64172.36,89634.93,89201.39,67490.61,79862.85,64049.88,74038.72,74832.94,77212.41,78430.5,73116.34,70728.86,72199.82,71400.1,66505.51,74631.48,74573.77,64542.4,71462.81,66475.73,75739.65,68464.07,83456.23,82010.83
5210.7,1e+09,6025.69,12469.35,14301.05,69258.94,94582.61,44175.14,45807.2,32885.93,67397.77,71737.99,64220.23,67599.17,51096.92,32369.5,34517.37,64881.53,68074.51,63833.17,68633.85,64134.51,45069.5,28191.32,15456.56,16875.65,54231.18,69727.18,51003.45,40236.26,64118.03,89850.02,91600.36,67078.8,81656.89,62619.82,75333.54,73769.96,72572.13,76437.55,74186.83,68067.6,69419.67,67305.35,64950.36,67317.78,71287.84,62648.29,70345.88,66315.77,70374.24,64214.94,76382.32,85039.05
4489.58,6025.69,1e+09,6383.6,9297.9,83638.9,107469.87,57299.73,58919.7,45072.44,80244.68,84862.58,77344.82,81604.39,61166.14,45218.26,45709.48,76750.75,81199.1,77227.34,81758.44,76385.57,57729.95,39557.93,28170.26,28350.43,67725.9,81201.64,64265.01,52105.48,75382.62,102058.86,102328.44,80617.66,92989.9,75356.65,86957.51,86894.55,85696.72,89562.14,86243.39,82447.56,83149.74,81685.31,77569.56,81697.74,84412.43,76351.31,83166.03,79602.78,84754.2,77339.53,89506.91,95137.88
9423.57,12469.35,6383.6,1e+09,3255.3,94197.53,116418.29,67074.53,68248.74,54678.56,89850.8,95004.82,87190.88,91868.21,70443.41,54824.38,55315.6,86685.72,91368.13,87069.83,92022.26,85991.69,67360.93,49164.05,38105.23,38285.4,77989.72,90150.06,73213.43,61778.41,84659.89,111664.98,111276.86,89566.08,101938.32,85291.62,96114.19,96908.41,95960.54,99825.96,95191.81,92804.33,93168.78,91741.42,86846.83,92290.41,94676.25,86102.7,93101,88551.2,95346.87,87603.35,99770.73,104086.3
13146.11,14301.05,9297.9,3255.3,1e+09,94283.03,119245.32,68611.57,70243.63,57322.36,91834.2,96174.42,88656.66,92623.26,74481.11,56805.93,58356.74,88730.3,92510.94,88539.18,93070.28,88570.94,69505.93,52205.19,39784.19,40329.98,79037.74,94751.27,76027.54,64085.03,87966.8,114706.12,116036.79,92102.89,106680.98,87336.2,99769.97,98206.39,97008.56,100873.98,99210.92,93091.69,94443.76,92329.44,89918.57,92341.87,95724.27,87663.15,94782.31,91339.86,95398.33,88651.37,100818.75,109120.56
79058.66,69258.94,83638.9,94197.53,94283.03,1e+09,15280.25,21533.03,22759.81,34341.44,4511.82,4181.72,8315.52,4931.49,19757.08,35149.96,35349.82,6196.11,4345.06,6988.15,4791.23,4932.89,22522.43,37990.69,52833.46,49072.76,13160.3,7688.4,20064.22,27067.01,9412.76,10646.6,13116.16,7711.81,7509.98,8254.59,8916.39,6339.81,4743.69,6113.55,7110.16,5997.67,5621.26,4416.5,4176,3061.99,5489.59,7554.42,6389.87,8549.13,4803.03,5889.6,4164.37,9617.31
94342.82,94582.61,107469.87,116418.29,119245.32,15280.25,1e+09,43637.55,44112.49,57558.01,22383.32,17549.5,25068.36,21283.78,32836.82,53772.04,47755.57,18891.24,21788.13,27178.19,21337.24,26273.33,41153.59,56674.97,70156.18,63679.36,36705.65,19088.13,39527.24,46493.61,24013.34,1861.13,1875,23932.56,8448.86,28391.54,13216.55,14657.73,16819.76,13928.79,15765.27,22943.76,21591.69,23706.01,25565.05,22041.31,16852.15,28363.07,20369.51,24695.59,18514.57,25786,13478.92,5246.11
46733.21,44175.14,57299.73,67074.53,68611.57,21533.03,43637.55,1e+09,1757.66,7879.39,17128.18,22282.2,14410.14,19203.71,3212.32,7983.63,9731.42,13992.16,18674.57,14347.21,19357.76,13269.07,1906.8,9796.53,21950.41,16276.7,5841.22,17369.32,3362.92,2610.35,11908.21,38929.66,38496.12,16785.34,29157.58,12598.06,23333.45,24127.67,23296.04,27161.46,22411.07,20023.59,20446.16,18989.74,14095.15,19654.97,22011.75,13380.08,20407.44,15770.46,22711.43,14938.85,27106.23,31305.56
47907.42,45807.2,58919.7,68248.74,70243.63,22759.81,44112.49,1757.66,1e+09,9182.49,17979.04,23133.06,14885.08,20430.49,3501.47,7311.42,11233.88,15030.98,19713.39,15198.07,20584.54,14119.93,1783.84,9544.2,23124.62,17413.35,6552,17844.26,2474.82,3716.98,12571.11,39404.6,38971.06,17260.28,29632.52,13636.88,23808.39,24602.61,24430.34,28200.17,22886.01,20498.53,21297.02,19652.64,14758.05,21069.71,23216.25,14230.94,21232.48,16245.4,24126.17,16165.63,28333.01,31780.5
34471.54,32885.93,45072.44,54678.56,57322.36,34341.44,57558.01,7879.39,9182.49,1e+09,30578.58,35442.24,27924.48,32184.05,11377.16,2130.46,3499.37,27207.53,31778.76,27797.61,32338.1,26719.47,8088.71,4809.72,9744.4,11732.82,18305.56,31289.78,14353.15,4603.4,25593.64,52392.76,52416.58,30705.8,43078.04,25813.43,37168.53,37474.21,36276.38,40141.8,36331.53,33150.1,33729.4,32357.91,27780.58,32400.28,34992.09,26830.48,33622.81,29690.92,35456.74,27919.19,40086.57,45226.02
70349.1,67397.77,80244.68,89850.8,91834.2,4511.82,22383.32,17128.18,17979.04,30578.58,1e+09,3364.29,2736.45,2077,11804.2,28943.84,24553.98,2674.11,624.74,2287.15,1089.48,2833.23,16323.12,31831.22,45566.3,39855.03,9638.4,3276.42,13826.58,21323.2,3346.46,17675.43,17241.89,3241.18,8018.63,2857.27,3823.73,3800.1,4004.61,6233.47,3204.72,2431.21,2452.77,1626.17,2302.67,2066.74,3044.16,2623.58,2234.1,3021.05,3190.8,1893.12,6200.88,10051.33
75871.84,71737.99,84862.58,95004.82,96174.42,4181.72,17549.5,22282.2,23133.06,35442.24,3364.29,1e+09,5408.63,3785.48,14537.79,34157.91,30074.99,4463.16,2729.91,5683.37,1957.63,4970.04,21534.92,37029.74,51089.04,45377.77,14295.34,4284.12,18910.02,26477.22,7611.58,12806.61,12408.07,3055.73,4947.76,7808.02,2365.48,2528.17,955.49,3140.62,2726.25,2610.1,1735.53,2497.15,4733.23,2169.8,1210.69,7484.55,2025.46,4275.32,1872.81,4348.26,2204.17,6605.73
65115.41,64220.23,77344.82,87190.88,88656.66,8315.52,25068.36,14410.14,14885.08,27924.48,2736.45,5408.63,1e+09,4254.88,8024.94,24544.63,18528.16,3630.51,3781.99,1383.27,3845.63,2309.66,11926.18,27447.56,40928.77,34451.95,6661.49,3393.38,10027.58,17266.2,1914.61,20360.47,19926.93,1586.53,10588.39,1404.47,4981.07,5558.48,7509.61,9156.04,4646.34,2295.02,3440.24,2939.24,2529.2,5094.1,5362.93,1595.45,2947.34,1351.29,6666.65,2213.76,11864.71,12736.37
71756.33,67599.17,81604.39,91868.21,92623.26,4931.49,21283.78,19203.71,20430.49,32184.05,2077,3785.48,4254.88,1e+09,11493.73,31185.55,25169.08,4203.41,2011.36,3303.88,2324.25,3399.64,18567.1,34088.48,47569.69,41092.87,11105.79,3041.93,16089.48,23907.12,6183.22,16576.88,17302.09,2656.49,8708.55,5625.95,4511.31,3912.24,2964.01,4921.61,4410.25,2479.53,2618.8,1248.03,2515.15,2211.64,3525.93,4778.7,2588.39,2965.56,1735.28,2213.28,6145.16,11267.8
50102.09,51096.92,61166.14,70443.41,74481.11,19757.08,32836.82,3212.32,3501.47,11377.16,11804.2,14537.79,8024.94,11493.73,1e+09,9560.91,9877.11,10529.63,12679.7,9385.51,11506.69,9676.78,4213.1,12186.17,25319.29,19684.4,6672.2,8370.88,3677.65,3705.76,8670.98,28128.93,27695.39,6793.35,18356.85,9580.77,12532.72,13326.94,15706.41,16924.5,12110.44,9420.06,10786.48,11382.84,9089.3,14142.57,13067.77,9429.27,10260.65,7622.64,14241.97,10356.79,21950.23,20504.83
34880.8,32369.5,45218.26,54824.38,56805.93,35149.96,53772.04,7983.63,7311.42,2130.46,28943.84,34157.91,24544.63,31185.55,9560.91,1e+09,3265.45,26738.48,31131.56,25596.75,31816.56,24677.77,8150.29,3502.83,10162.08,11917.21,18825.56,27503.81,10567.18,4880.06,22913.31,49064.15,48630.61,26919.83,39292.07,23479.1,33467.94,34262.16,36137.84,37859.72,32545.56,30158.08,31629.04,29994.84,25100.25,33226.22,34000.2,23971.62,30892.03,25904.95,35168.87,27893.29,40723.16,41440.05
34221.94,34517.37,45709.48,55315.6,58356.74,35349.82,47755.57,9731.42,11233.88,3499.37,24553.98,30074.99,18528.16,25169.08,9877.11,3265.45,1e+09,23192.47,26077.71,19580.28,25919.48,20287.91,9442.84,5552.11,10317.58,11539.94,14121.21,21487.34,9537.34,5729.4,17585.11,43047.68,42614.14,20903.36,33275.6,17462.63,27451.47,28245.69,30625.16,31843.25,26529.09,24141.61,25612.57,25604.98,20710.39,28307.7,27986.52,17955.15,24875.56,19888.48,29152.4,21876.82,36868.98,35423.58
68987.59,64881.53,76750.75,86685.72,88730.3,6196.11,18891.24,13992.16,15030.98,27207.53,2674.11,4463.16,3630.51,4203.41,10529.63,26738.48,23192.47,1e+09,3322.54,3148.67,3374.45,3159.22,14113.22,29594.76,44068.3,38493.52,6612.21,4365.18,11610.64,18856.66,3221.9,14183.35,13749.81,3624.17,6544.12,3438.68,5033.46,4560.37,5273.2,5998.64,3284.74,4383.46,4392.78,3637.23,3373.6,4222.48,3398.15,3506.02,4136.86,3426.08,5319.52,2929.33,8007.76,7351.23
72664.96,68074.51,81199.1,91368.13,92510.94,4345.06,21788.13,18674.57,19713.39,31778.76,624.74,2729.91,3781.99,2011.36,12679.7,31131.56,26077.71,3322.54,1e+09,3132.64,752.17,3336.76,18508.57,34003.39,48107.7,42001.5,10656.98,4355.98,15839.79,23450.87,4988.88,17080.24,16646.7,3082.9,7435.56,4658.33,3476.7,3332.55,3310.96,5353.64,3678.45,2232.17,1794.97,1519.65,2621.88,1441.92,2305.53,4139.35,1667.97,3437.01,2412.11,2272.48,5350.75,9456.14
66167.53,63833.17,77227.34,87069.83,88539.18,6988.15,27178.19,14347.21,15198.07,27797.61,2287.15,5683.37,1383.27,3303.88,9385.51,25596.75,19580.28,3148.67,3132.64,1e+09,2987.62,2422.96,12978.3,28499.68,41980.89,35504.07,6549,5048.85,10749.51,18318.32,2752.35,22187.1,22036.76,2175.62,12698.22,1216.95,6847.13,7374.55,6892.18,10209.23,6384.75,3228.19,3772.79,2985.38,2570.15,3436.8,5173.9,907.17,3633,1959.75,5983.26,1465.52,11130.68,14846.2
72506.73,68633.85,81758.44,92022.26,93070.28,4791.23,21337.24,19357.76,20584.54,32338.1,1089.48,1957.63,3845.63,2324.25,11506.69,31816.56,25919.48,3374.45,752.17,2987.62,1e+09,3792.9,19195.84,34703.94,48320.09,41843.27,11259.84,4095.74,16422.48,24337,5941.86,16629.35,16195.81,1751.52,6869.95,5702.81,2690.76,2699.28,2797.28,5304.99,3812.4,1081.78,819.24,2025.48,3293,1689.49,1735.75,4865.58,1302.74,2670.37,2362.31,1909.99,5249.76,9005.25
66083.03,64134.51,76385.57,85991.69,88570.94,4932.89,26273.33,13269.07,14119.93,26719.47,2833.23,4970.04,2309.66,3399.64,9676.78,24677.77,20287.91,3159.22,3336.76,2422.96,3792.9,1e+09,12057.05,27565.15,41300.23,35588.96,5789.03,4755.73,9984.9,17198.21,2763.89,20733.3,21131.9,2174.74,11980.08,2300.8,6699.35,6220.41,5430,8107.56,6675.17,3678.57,4145.64,2850.09,761.61,3651.37,4709.15,2289.92,4262.52,2113.01,4228.93,2858.75,8180.29,13941.34
47559.51,45069.5,57729.95,67360.93,69505.93,22522.43,41153.59,1906.8,1783.84,8088.71,16323.12,21534.92,11926.18,18567.1,4213.1,8150.29,9442.84,14113.22,18508.57,12978.3,19195.84,12057.05,1e+09,10216.26,22776.71,17065.44,7732.25,14885.36,3975.74,3532.09,10321.71,36445.7,36012.16,14301.38,26673.62,10860.65,20849.49,21643.71,23512.58,25241.27,19927.11,17539.63,19010.59,17374.12,12479.53,20605.5,21379.48,11353.17,18273.58,13286.5,22550.42,15274.84,28095.63,28821.6
30051.75,28191.32,39557.93,49164.05,52205.19,37990.69,56674.97,9796.53,9544.2,4809.72,31831.22,37029.74,27447.56,34088.48,12186.17,3502.83,5552.11,29594.76,34003.39,28499.68,34703.94,27565.15,10216.26,1e+09,7358.98,6919.61,21728.49,30406.74,13470.11,6748.3,25800.69,51967.08,51533.54,29822.76,42195,26382.03,36370.87,37165.09,38994.12,40762.65,35448.49,33061.01,34531.97,32882.22,27987.63,36113.6,36887.58,26874.55,33794.96,28807.88,38071.8,30796.22,43563.89,44342.98
18354.19,15456.56,28170.26,38105.23,39784.19,52833.46,70156.18,21950.41,23124.62,9744.4,45566.3,51089.04,40928.77,47569.69,25319.29,10162.08,10317.58,44068.3,48107.7,41980.89,48320.09,41300.23,22776.71,7358.98,1e+09,4197.18,35209.7,43887.95,26951.32,17907.64,39535.77,65448.29,65014.75,43303.97,55676.21,39863.24,49852.08,50646.3,53025.77,54243.86,48929.7,46542.22,48013.18,46617.3,41722.71,49848.68,50387.13,40355.76,47276.17,42289.09,51553.01,44277.43,58406.66,57824.19
19432.95,16875.65,28350.43,38285.4,40329.98,49072.76,63679.36,16276.7,17413.35,11732.82,39855.03,45377.77,34451.95,41092.87,19684.4,11917.21,11539.94,38493.52,42001.5,35504.07,41843.27,35588.96,17065.44,6919.61,4197.18,1e+09,28732.88,37411.13,20474.5,15079.06,33508.9,58971.47,58537.93,36827.15,49199.39,33386.42,43375.26,44169.48,46548.95,47767.04,42452.88,40065.4,41536.36,40906.03,36011.44,44137.41,43910.31,33878.94,40799.35,35812.27,45076.19,37800.61,52792.77,51347.37
59396.34,54231.18,67725.9,77989.72,79037.74,13160.3,36705.65,5841.22,6552,18305.56,9638.4,14295.34,6661.49,11105.79,6672.2,18825.56,14121.21,6612.21,10656.98,6549,11259.84,5789.03,7732.25,21728.49,35209.7,28732.88,1e+09,10511.95,4124.19,10869.86,5244.84,31431.87,31638.75,9927.97,22300.21,4809.08,16262.95,16262.1,15198.12,19063.54,15553.7,11844.73,12542.02,10984.46,6924.05,11248.11,13913.83,5636.53,12618.46,8834.48,14304.57,6840.93,19008.31,24448.19
68074.59,69727.18,81201.64,90150.06,94751.27,7688.4,19088.13,17369.32,17844.26,31289.78,3276.42,4284.12,3393.38,3041.93,8370.88,27503.81,21487.34,4365.18,4355.98,5048.85,4095.74,4755.73,14885.36,30406.74,43887.95,37411.13,10511.95,1e+09,13604.04,20225.38,1971.05,14375.3,14626.38,4016.62,6714.36,4514.56,4351.08,3171.09,3779.31,4942.55,2882.8,3580.6,3885.03,4697.04,4879.71,3806.55,4211.85,5020.75,3725.31,4004.12,2674.04,4955.05,6415.94,9277.61
51137.96,51003.45,64265.01,73213.43,76027.54,20064.22,39527.24,3362.92,2474.82,14353.15,13826.58,18910.02,10027.58,16089.48,3677.65,10567.18,9537.34,11610.64,15839.79,10749.51,16422.48,9984.9,3975.74,13470.11,26951.32,20474.5,4124.19,13604.04,1e+09,4468.38,8479.6,34872.7,34772.39,12607.18,25420.59,8920.87,19388.89,19711.55,20656.75,23118.39,18529.37,15395.54,16677.63,15010.42,10622.38,17231.84,18719.43,9362.51,16330.63,11642.67,19836.09,12293.9,25494.42,27675.92
43171.24,40236.26,52105.48,61778.41,64085.03,27067.01,46493.61,2610.35,3716.98,4603.4,21323.2,26477.22,17266.2,23907.12,3705.76,4880.06,5729.4,18856.66,23450.87,18318.32,24337,17198.21,3532.09,6748.3,17907.64,15079.06,10869.86,20225.38,4468.38,1e+09,15433.75,41785.72,41352.18,19641.4,32013.64,16200.67,26189.51,26983.73,28256.02,30581.29,25267.13,22879.65,24350.61,22515.28,17620.69,25400.35,26520.64,16693.19,23613.6,18626.52,27890.44,20472.83,32640.21,34161.62
64172.36,64118.03,75382.62,84659.89,87966.8,9412.76,24013.34,11908.21,12571.11,25593.64,3346.46,7611.58,1914.61,6183.22,8670.98,22913.31,17585.11,3221.9,4988.88,2752.35,5941.86,2763.89,10321.71,25800.69,39535.77,33508.9,5244.84,1971.05,8479.6,15433.75,1e+09,19305.45,18871.91,3515.56,9901.94,1707.73,5861.72,5708.99,8702.97,8119.96,4336.6,5217.38,6298.87,5387.94,2705.1,7546.17,7240.6,2031.61,5274.5,2912.34,7043.27,3461.94,12697.3,11777.17
89634.93,89850.02,102058.86,111664.98,114706.12,10646.6,1861.13,38929.66,39404.6,52392.76,17675.43,12806.61,20360.47,16576.88,28128.93,49064.15,43047.68,14183.35,17080.24,22187.1,16629.35,20733.3,36445.7,51967.08,65448.29,58971.47,31431.87,14375.3,34872.7,41785.72,19305.45,1e+09,1665.56,19224.67,5080.7,23683.65,8508.66,9949.84,11916.75,8936.14,11140.72,17916.61,16883.8,18101.6,20170.21,17224.63,12144.26,23655.18,15661.62,19987.7,13730.68,20788.97,8250.31,3062.12
89201.39,91600.36,102328.44,111276.86,116036.79,13116.16,1875,38496.12,38971.06,52416.58,17241.89,12408.07,19926.93,17302.09,27695.39,48630.61,42614.14,13749.81,16646.7,22036.76,16195.81,21131.9,36012.16,51533.54,65014.75,58537.93,31638.75,14626.38,34772.39,41352.18,18871.91,1665.56,1e+09,18791.13,5388.96,23250.11,8404.04,9516.3,11678.33,8787.36,11397,17802.33,16450.26,18564.58,20919.57,18552.15,11710.72,23221.64,15228.08,19554.16,14278.59,20644.57,9468.01,2801.73
67490.61,67078.8,80617.66,89566.08,92102.89,7711.81,23932.56,16785.34,17260.28,30705.8,3241.18,3055.73,1586.53,2656.49,6793.35,26919.83,20903.36,3624.17,3082.9,2175.62,1751.52,2174.74,14301.38,29822.76,43303.97,36827.15,9927.97,4016.62,12607.18,19641.4,3515.56,19224.67,18791.13,1e+09,9452.59,2159.31,3628.46,4422.68,4571.81,7903.37,5168.84,922.15,1280.14,1832.96,2996.81,2726.06,2868.04,2280.66,1663.01,349.67,3943.75,2300.03,8824.82,11600.57
79862.85,81656.89,92989.9,101938.32,106680.98,7509.98,8448.86,29157.58,29632.52,43078.04,8018.63,4947.76,10588.39,8708.55,18356.85,39292.07,33275.6,6544.12,7435.56,12698.22,6869.95,11980.08,26673.62,42195,55676.21,49199.39,22300.21,6714.36,25420.59,32013.64,9901.94,5080.7,5388.96,9452.59,1e+09,13911.57,2077.26,3723.77,5732.81,4514.39,4905.08,8463.79,7111.72,9611.18,11930.89,10075.77,4112.43,13883.1,6211.26,10215.62,6425.34,11306.03,5416.02,2519.5
64049.88,62619.82,75356.65,85291.62,87336.2,8254.59,28391.54,12598.06,13636.88,25813.43,2857.27,7808.02,1404.47,5625.95,9580.77,23479.1,17462.63,3438.68,4658.33,1216.95,5702.81,2300.8,10860.65,26382.03,39863.24,33386.42,4809.08,4514.56,8920.87,16200.67,1707.73,23683.65,23250.11,2159.31,13911.57,1e+09,8087.44,8881.66,9355.42,12479.22,7165.06,4777.58,5971.98,4077.48,2469.12,6451.67,8067.69,664.14,5511.53,1618.88,9540.96,2371.72,13508.21,16059.55
74038.72,75333.54,86957.51,96114.19,99769.97,8916.39,13216.55,23333.45,23808.39,37168.53,3823.73,2365.48,4981.07,4511.31,12532.72,33467.94,27451.47,5033.46,3476.7,6847.13,2690.76,6699.35,20849.49,36370.87,49852.08,43375.26,16262.95,4351.08,19388.89,26189.51,5861.72,8508.66,8404.04,3628.46,2077.26,8087.44,1e+09,1934.76,3433.92,3469.45,2717.75,3366.7,2246.94,4330.45,6650.16,5577.63,2531.06,8058.97,2262.14,4391.49,3647.54,5493.46,5994.69,3247.34
74832.94,73769.96,86894.55,96908.41,98206.39,6339.81,14657.73,24127.67,24602.61,37474.21,3800.1,2528.17,5558.48,3912.24,13326.94,34262.16,28245.69,4560.37,3332.55,7374.55,2699.28,6220.41,21643.71,37165.09,50646.3,44169.48,16262.1,3171.09,19711.55,26983.73,5708.99,9949.84,9516.3,4422.68,3723.77,8881.66,1934.76,1e+09,2759.48,1927.16,2404.71,3184.04,2436.15,3935.69,5632.84,3603.87,1861.56,8853.19,2211.79,5185.71,2571.52,5970.48,3947.63,3961.72
77212.41,72572.13,85696.72,95960.54,97008.56,4743.69,16819.76,23296.04,24430.34,36276.38,4004.61,955.49,7509.61,2964.01,15706.41,36137.84,30625.16,5273.2,3310.96,6892.18,2797.28,5430,23512.58,38994.12,53025.77,46548.95,15198.12,3779.31,20656.75,28256.02,8702.97,11916.75,11678.33,4571.81,5732.81,9355.42,3433.92,2759.48,1e+09,2790.08,3241.05,3798.93,2629.13,2785.36,4854.67,2463.12,2203.39,8939.14,3197.73,5741.8,1829.94,5379.57,2921,6901.07
78430.5,76437.55,89562.14,99825.96,100873.98,6113.55,13928.79,27161.46,28200.17,40141.8,6233.47,3140.62,9156.04,4921.61,16924.5,37859.72,31843.25,5998.64,5353.64,10209.23,5304.99,8107.56,25241.27,40762.65,54243.86,47767.04,19063.54,4942.55,23118.39,30581.29,8119.96,8936.14,8787.36,7903.37,4514.39,12479.22,3469.45,1927.16,2790.08,1e+09,2537.93,6025.24,5675.29,5411.48,7193.71,4823.49,2782.69,12429.99,4457.19,8534.11,3234.01,8805.16,3557.73,4844.11
73116.34,74186.83,86243.39,95191.81,99210.92,7110.16,15765.27,22411.07,22886.01,36331.53,3204.72,2726.25,4646.34,4410.25,12110.44,32545.56,26529.09,3284.74,3678.45,6384.75,3812.4,6675.17,19927.11,35448.49,48929.7,42452.88,15553.7,2882.8,18529.37,25267.13,4336.6,11140.72,11397,5168.84,4905.08,7165.06,2717.75,2404.71,3241.05,2537.93,1e+09,4313.48,3860.55,5336.23,6438.36,5294.13,1830.54,7136.59,2713.74,5244.31,3179.24,5681.9,4521.89,6192.84
70728.86,68067.6,82447.56,92804.33,93091.69,5997.67,22943.76,20023.59,20498.53,33150.1,2431.21,2610.1,2295.02,2479.53,9420.06,30158.08,24141.61,4383.46,2232.17,3228.19,1081.78,3678.57,17539.63,33061.01,46542.22,40065.4,11844.73,3580.6,15395.54,22879.65,5217.38,17916.61,17802.33,922.15,8463.79,4777.58,3366.7,3184.04,3798.93,6025.24,4313.48,1e+09,909.82,1457.33,3600,2207.44,2033.29,4749.11,854.29,1624.81,2810.44,2173.35,7087.4,10611.77
72199.82,69419.67,83149.74,93168.78,94443.76,5621.26,21591.69,20446.16,21297.02,33729.4,2452.77,1735.53,3440.24,2618.8,10786.48,31629.04,25612.57,4392.78,1794.97,3772.79,819.24,4145.64,19010.59,34531.97,48013.18,41536.36,12542.02,3885.03,16677.63,24350.61,6298.87,16883.8,16450.26,1280.14,7111.72,5971.98,2246.94,2436.15,2629.13,5675.29,3860.55,909.82,1e+09,1712.8,4017.68,2059.46,1474.98,5542.07,956.03,2064.69,2402.9,2611.12,5653.33,9259.7
71400.1,67305.35,81685.31,91741.42,92329.44,4416.5,23706.01,18989.74,19652.64,32357.91,1626.17,2497.15,2939.24,1248.03,11382.84,29994.84,25604.98,3637.23,1519.65,2985.38,2025.48,2850.09,17374.12,32882.22,46617.3,40906.03,10984.46,4697.04,15010.42,22515.28,5387.94,18101.6,18564.58,1832.96,9611.18,4077.48,4330.45,3935.69,2785.36,5411.48,5336.23,1457.33,1712.8,1e+09,2183.82,1478.58,2651.89,3846.82,2049.9,2414.73,1773.13,2019.33,5682.63,11437.62
66505.51,64950.36,77569.56,86846.83,89918.57,4176,25565.05,14095.15,14758.05,27780.58,2302.67,4733.23,2529.2,2515.15,9089.3,25100.25,20710.39,3373.6,2621.88,2570.15,3293,761.61,12479.53,27987.63,41722.71,36011.44,6924.05,4879.71,10622.38,17620.69,2705.1,20170.21,20919.57,2996.81,11930.89,2469.12,6650.16,5632.84,4854.67,7193.71,6438.36,3600,4017.68,2183.82,1e+09,2932.63,4617,2370.68,4213.33,2843.5,3576.48,2633.03,7429.58,13757.33
74631.48,67317.78,81697.74,92290.41,92341.87,3061.99,22041.31,19654.97,21069.71,32400.28,2066.74,2169.8,5094.1,2211.64,14142.57,33226.22,28307.7,4222.48,1441.92,3436.8,1689.49,3651.37,20605.5,36113.6,49848.68,44137.41,11248.11,3806.55,17231.84,25400.35,7546.17,17224.63,18552.15,2726.06,10075.77,6451.67,5577.63,3603.87,2463.12,4823.49,5294.13,2207.44,2059.46,1478.58,2932.63,1e+09,2433.39,5505.28,2090.33,3733.02,1001.05,2609.12,4124.47,11902.21
74573.77,71287.84,84412.43,94676.25,95724.27,5489.59,16852.15,22011.75,23216.25,34992.09,3044.16,1210.69,5362.93,3525.93,13067.77,34000.2,27986.52,3398.15,2305.53,5173.9,1735.75,4709.15,21379.48,36887.58,50387.13,43910.31,13913.83,4211.85,18719.43,26520.64,7240.6,12144.26,11710.72,2868.04,4112.43,8067.69,2531.06,1861.56,2203.39,2782.69,1830.54,2033.29,1474.98,2651.89,4617,2433.39,1e+09,7425.5,1932.45,3793.43,2208.21,3847.25,4057.75,5312.14
64542.4,62648.29,76351.31,86102.7,87663.15,7554.42,28363.07,13380.08,14230.94,26830.48,2623.58,7484.55,1595.45,4778.7,9429.27,23971.62,17955.15,3506.02,4139.35,907.17,4865.58,2289.92,11353.17,26874.55,40355.76,33878.94,5636.53,5020.75,9362.51,16693.19,2031.61,23655.18,23221.64,2280.66,13883.1,664.14,8058.97,8853.19,8939.14,12429.99,7136.59,4749.11,5542.07,3846.82,2370.68,5505.28,7425.5,1e+09,5483.06,1732.63,8501.54,2043.32,12999.12,16031.08
71462.81,70345.88,83166.03,93101,94782.31,6389.87,20369.51,20407.44,21232.48,33622.81,2234.1,2025.46,2947.34,2588.39,10260.65,30892.03,24875.56,4136.86,1667.97,3633,1302.74,4262.52,18273.58,33794.96,47276.17,40799.35,12618.46,3725.31,16330.63,23613.6,5274.5,15661.62,15228.08,1663.01,6211.26,5511.53,2262.14,2211.79,3197.73,4457.19,2713.74,854.29,956.03,2049.9,4213.33,2090.33,1932.45,5483.06,1e+09,2231.77,2809.11,2666.32,6054.5,8037.7
66475.73,66315.77,79602.78,88551.2,91339.86,8549.13,24695.59,15770.46,16245.4,29690.92,3021.05,4275.32,1351.29,2965.56,7622.64,25904.95,19888.48,3426.08,3437.01,1959.75,2670.37,2113.01,13286.5,28807.88,42289.09,35812.27,8834.48,4004.12,11642.67,18626.52,2912.34,19987.7,19554.16,349.67,10215.62,1618.88,4391.49,5185.71,5741.8,8534.11,5244.31,1624.81,2064.69,2414.73,2843.5,3733.02,3793.43,1732.63,2231.77,1e+09,4855.31,2269.85,10481.63,12363.6
75739.65,70374.24,84754.2,95346.87,95398.33,4803.03,18514.57,22711.43,24126.17,35456.74,3190.8,1872.81,6666.65,1735.28,14241.97,35168.87,29152.4,5319.52,2412.11,5983.26,2362.31,4228.93,22550.42,38071.8,51553.01,45076.19,14304.57,2674.04,19836.09,27890.44,7043.27,13730.68,14278.59,3943.75,6425.34,9540.96,3647.54,2571.52,1829.94,3234.01,3179.24,2810.44,2402.9,1773.13,3576.48,1001.05,2208.21,8501.54,2809.11,4855.31,1e+09,4677.3,3944.23,8777.35
68464.07,64214.94,77339.53,87603.35,88651.37,5889.6,25786,14938.85,16165.63,27919.19,1893.12,4348.26,2213.76,2213.28,10356.79,27893.29,21876.82,2929.33,2272.48,1465.52,1909.99,2858.75,15274.84,30796.22,44277.43,37800.61,6840.93,4955.05,12293.9,20472.83,3461.94,20788.97,20644.57,2300.03,11306.03,2371.72,5493.46,5970.48,5379.57,8805.16,5681.9,2173.35,2611.12,2019.33,2633.03,2609.12,3847.25,2043.32,2666.32,2269.85,4677.3,1e+09,9345.64,13454.01
83456.23,76382.32,89506.91,99770.73,100818.75,4164.37,13478.92,27106.23,28333.01,40086.57,6200.88,2204.17,11864.71,6145.16,21950.23,40723.16,36868.98,8007.76,5350.75,11130.68,5249.76,8180.29,28095.63,43563.89,58406.66,52792.77,19008.31,6415.94,25494.42,32640.21,12697.3,8250.31,9468.01,8824.82,5416.02,13508.21,5994.69,3947.63,2921,3557.73,4521.89,7087.4,5653.33,5682.63,7429.58,4124.47,4057.75,12999.12,6054.5,10481.63,3944.23,9345.64,1e+09,6178.41
82010.83,85039.05,95137.88,104086.3,109120.56,9617.31,5246.11,31305.56,31780.5,45226.02,10051.33,6605.73,12736.37,11267.8,20504.83,41440.05,35423.58,7351.23,9456.14,14846.2,9005.25,13941.34,28821.6,44342.98,57824.19,51347.37,24448.19,9277.61,27675.92,34161.62,11777.17,3062.12,2801.73,11600.57,2519.5,16059.55,3247.34,3961.72,6901.07,4844.11,6192.84,10611.77,9259.7,11437.62,13757.33,11902.21,5312.14,16031.08,8037.7,12363.6,8777.35,13454.01,6178.41,1e+09
