1e+09,10094.6,10854.11,11591.63,15504.66,7469.6,30287.47,5403.99,4597.11,6391.02,3197.34,3377.01,3500.36,2709.35,8724.78,4356.65,3032.16,17706.29,3137.7,3353.36,10055.82,2460.65,2159.8,5558.25,6931.19,6415.8,3961.33,4002.85,3330.32,5710.65,2641.3,14518.44,17665.96,1619.95,7732.06,2269.22,3638.12,3700.32,4271.73,2038.83,14549.75,8958.83,13015.83,3975.73,3965.42,5683.34,17321.78,3373.99,6143.04,5401.57,3285.1,5676.44,10713.85,15197.61
10094.6,1e+09,2337.87,3312.04,7514.31,17088.91,40909.25,13879.35,13058.09,6046.5,9949.28,10278.99,11883.73,11706.88,17899.26,8797.43,6718.72,26438.64,11810.22,12328.05,19454.27,7957.47,8079.99,9296.93,8505.79,10128.16,12635.72,12792.03,8550.01,14763.18,12591.22,25160.34,27281.54,9818.45,16662.59,10807.87,13592.46,13015.92,13510.89,9150.13,23508.03,17760.06,23256.97,12318.25,13412.38,15476.08,26451.38,12329.64,15022.22,15247.12,12419.51,13853.41,21171.69,26075.24
10854.11,2337.87,1e+09,2585.7,5893.69,17211.7,42446.11,15858.05,13953.63,7891.97,11594.11,11433.49,12915.18,13190.44,18103.02,9887.42,7079.1,28440.71,12563.14,13943.46,21493.8,9333.95,8646.98,10510.82,9080.7,10202.07,14278.67,14605.81,9728.59,15035.04,13129.13,26089.18,29201.73,11403.19,18622.56,11372.91,13715.25,14788.5,15431.08,10083.65,25388.44,19770.28,24586.57,14275.87,14833.86,17254.08,28331.79,14289.61,16955.2,15487.01,14178.06,13955.42,22102.26,26768.35
11591.63,3312.04,2585.7,1e+09,8005.54,13291.75,35441.82,11764.37,11838.86,5600.71,10650.66,11613.76,12970.81,12370.08,17426.83,11264.15,9740.9,20316.49,12163.65,11592.74,14772.47,10528.68,10997.54,9585.31,6991.53,9230.74,12555.91,12941.31,9229.27,10854.64,11652.61,19173.33,21470.46,9815.29,14417.52,12449.89,12217.17,12279.48,12762.55,11196.23,17264.22,14455.9,17438.32,11925.36,12854.98,12854.31,20207.57,11946.45,14000.34,13220.76,12409.72,13030.35,19346.69,21073.93
15504.66,7514.31,5893.69,8005.54,1e+09,22161.33,46513.71,19651.09,17698.62,11691.08,14489.08,14578.61,18488.38,17404.56,24545.93,11898.91,10931.98,31823.85,17260.39,17712.47,25172.53,13319.38,12749.87,14901.39,12140.79,14606.28,18385.94,18737.81,13660.24,19403.71,18043.46,30597.89,32886,14646.78,22104.24,15848.77,19089.5,18279.47,18945.63,14532.92,28771.58,23204.6,28520.52,18013.03,18675.93,20739.63,31714.93,17833.47,20513.24,21349.68,17783.94,20059.71,28949.84,32122.54
7469.6,17088.91,17211.7,13291.75,22161.33,1e+09,15732.31,4203.39,4494.29,6560.2,9026.48,7319.18,3741.49,8453.58,3675.68,13970.31,9249.24,4612.4,4428.98,5094.22,3540.33,9690.38,8341.53,6232.54,6965.04,6026.02,5005.61,6341.47,9415.13,2847,4692.83,3749.53,4889.9,8175.42,4945.76,6365.57,3801.8,6701.98,5331.44,8628.23,3972.46,4116.8,3047.26,6656.76,5505.16,4117.62,4195.9,8811.91,6578.82,2253.22,6671.06,2555.8,5362.05,5561.06
30287.47,40909.25,42446.11,35441.82,46513.71,15732.31,1e+09,20621.01,24367.41,27541.32,29054.49,30114.25,23262.94,27277.1,13235.71,37553.84,35134.03,7688.7,25494.5,24403.53,17332.01,31242.16,33145.44,26769.76,28524.53,27478.66,24001.94,23130.01,30751.58,21658.05,24308.81,12018.4,10259.33,28448.05,22201.31,28601.56,22692.26,24947.4,24516.89,30310.74,14777.45,21059.53,13786.18,25032.4,24078.21,22385.32,11630.28,26525.73,23735.36,19548.21,25742.73,21263.49,11349.35,8386.12
5403.99,13879.35,15858.05,11764.37,19651.09,4203.39,20621.01,1e+09,3476.42,4890.88,3857.93,5778.22,5110.95,2400.88,9207.58,10232.39,10387.76,7057.85,4273.53,2590.75,2255.83,5786.29,8175.34,5847.31,6102.64,6909,3283.32,1279.17,4523.3,3538.28,3499.49,6182.99,7218.39,4520.77,2809.69,5424.98,3705.03,2912.71,2221.33,5370.03,4345.84,2916.98,4484.29,2286.28,3397.42,2904.14,6106.99,2980.05,2919.44,3822.89,3388.87,5000.75,8319.57,8390.99
4597.11,13058.09,13953.63,11838.86,17698.62,4494.29,24367.41,3476.42,1e+09,4183.87,5179.33,2562.03,3521.25,4137.29,9775.81,9819.74,6045.45,10589.19,3080.35,2858.87,4728.53,6449.03,5385.88,2795.83,4698.46,3184.97,2025.23,3773.4,4800.2,1606.43,2583.25,8981.93,11322.68,4067,2068.29,3237.31,2710.31,2049.81,2457.14,6325.43,7977.4,2473.49,7538.37,2500.06,2006.47,2229.37,10927.71,3358.34,1707.93,2577.69,2475.61,3396.11,8913.54,9840.43
6391.02,6046.5,7891.97,5600.71,11691.08,6560.2,27541.32,4890.88,4183.87,1e+09,4780.19,4729.99,5412.48,5179.22,10603.45,9451.94,5475.72,12744.88,4014.65,4305.28,7001.04,4992.35,5624.73,2024.62,3794.69,3338.86,4342.39,5442.81,4498.12,4128.51,4432.9,11580.42,13898.85,4779.32,5624.24,4717.15,5246.54,5024.21,4901.66,5277.58,9692.61,6097.11,9845.41,3849.2,4260.7,4816.8,12635.96,5912.75,5532.29,6040.42,4336.54,5910.86,12340.95,13502.32
3197.34,9949.28,11594.11,10650.66,14489.08,9026.48,29054.49,3857.93,5179.33,4780.19,1e+09,5057.4,7037.38,3180.34,12691.13,3581.36,6719.8,14442.67,5015.12,4673.35,7752.8,2360.93,4897.87,5665.1,7630.13,8496.41,3989.1,3514.53,3777.85,6394.13,5430.45,14408.63,15541.82,3569.87,5028.29,5271.27,6665.6,4162.3,3568.75,3147.06,11653.51,5764.09,12043.88,2179.64,4496.19,4751.68,14682.52,3194.99,4776.3,7902.21,3657.02,9700.28,14565.49,16356.02
3377.01,10278.99,11433.49,11613.76,14578.61,7319.18,30114.25,5778.22,2562.03,4729.99,5057.4,1e+09,2818.12,5397.38,9895.51,7256.25,3233.02,15584.32,2695.98,2925.68,8959.84,3184.55,2771.75,3350.59,4120.97,4693.71,2850.57,5673.33,3031.3,4516.37,2863.95,13293.68,16738.29,1848.39,5864.71,1984.17,3370.26,3127.72,3944.33,3113.5,12532.05,6965.07,11804.13,4056.17,3083.98,4797.71,15475.4,3689.64,4624.55,5397.17,2877.87,5357.31,9894.67,13985.91
3500.36,11883.73,12915.18,12970.81,18488.38,3741.49,23262.94,5110.95,3521.25,5412.48,7037.38,2818.12,1e+09,5923.64,5546.93,9014.37,4788.19,9390.7,1842.57,2535.34,5971.44,4661.9,3751.39,2989.16,6146.05,4757.25,2604.19,6085.62,5008.7,4339.74,2130.19,6417.02,9642.49,2950.16,4569.79,2171.39,1372.61,3047.45,3160.23,3707.04,5981.47,5111.95,4513.73,4194.68,2025.44,2736.02,7830.48,3285.41,4011.91,2399.52,2770.66,2546.46,4318.69,6997.1
2709.35,11706.88,13190.44,12370.08,17404.56,8453.58,27277.1,2400.88,4137.29,5179.22,3180.34,5397.38,5923.64,1e+09,11217.01,6262.52,6749.06,12593.98,5219.65,3429.15,5683.32,3173.61,4403.81,6147.41,6988.47,8388.37,2948.94,1713.16,3040.61,5500.29,4663.12,13422.94,13670.55,3513.79,3473.37,4532.37,5812.58,3025.33,3016.21,2891.64,10067.93,4013.91,11099.73,1511.15,4026.06,4162.87,13182.6,2180.04,2937.4,7013.91,3777.96,9933.48,10936.16,14578.34
8724.78,17899.26,18103.02,17426.83,24545.93,3675.68,13235.71,9207.58,9775.81,10603.45,12691.13,9895.51,5546.93,11217.01,1e+09,15176.7,10948.47,4911.23,7696.09,8762.42,7435.21,10054.16,9557.96,10380.14,11731.92,11291.62,9738.31,10633.26,10056.34,7772.19,8072.07,6704.52,6633.29,9928.95,10348.45,8162.99,7901.29,9962.98,9737.26,8715.56,6127.64,9593.45,5774.25,11200.52,9418.16,9227.87,5384.05,10609.54,11187.91,7236.45,9611.05,6325.47,5161.36,4759.97
4356.65,8797.43,9887.42,11264.15,11898.91,13970.31,37553.84,10232.39,9819.74,9451.94,3581.36,7256.25,9014.37,6262.52,15176.7,1e+09,4421.46,23619.55,9359.55,10227.45,15969.08,4178.86,3641.59,11248.23,10969.54,10710.08,10500.4,8467.15,4400.41,11030.41,9818.82,23173.57,24597.64,6372.84,13770.91,6821.54,10413.74,10748.93,11072.93,5413.46,21132.96,14872.09,21096.2,8783.05,11251.61,13315.31,24128,9368.59,12169.51,13039.28,10078.08,10975.84,19300.94,24353.02
3032.16,6718.72,7079.1,9740.9,10931.98,9249.24,35134.03,10387.76,6045.45,5475.72,6719.8,3233.02,4788.19,6749.06,10948.47,4421.46,1e+09,21666.44,4570.82,6171.62,15681.22,3461.35,1988.18,4972.15,5529.6,5354.21,6665.13,9409.89,3468.85,7126.86,5383.26,18056.64,21936.28,3179.01,12032.85,3819.82,5732.75,7211.16,8196.83,3627.19,18087.95,13165.85,16554.03,8616.86,6801.32,9221.54,20859.98,7850.3,10379.67,7829.37,6614.59,6245.03,14252.05,18735.81
17706.29,26438.64,28440.71,20316.49,31823.85,4612.4,7688.7,7057.85,10589.19,12744.88,14442.67,15584.32,9390.7,12593.98,4911.23,23619.55,21666.44,1e+09,11758.21,9921.31,4423.08,17821.22,20241.77,13452.24,14094.38,14020.2,10618.56,8551.62,16546.31,8065.59,11059.01,4067.16,2509.24,15182.07,8781.57,15013,9073.15,11594.34,10323.24,17655.1,3084.13,6628.12,3694.62,11284.77,11023.05,9082.7,2945.33,13013.2,10227.81,6961.26,12286.59,8204.17,5213.08,3250.83
3137.7,11810.22,12563.14,12163.65,17260.39,4428.98,25494.5,4273.53,3080.35,4014.65,5015.12,2695.98,1842.57,5219.65,7696.09,9359.55,4570.82,11758.21,1e+09,2016.62,6454.11,3705.86,3427.65,2230.43,5751.63,4650.48,1576.45,5811.67,4090.97,3154.79,1327.84,8148.41,12075.57,2914.85,3788.62,1518,1809.84,2293.22,2346.39,2742.84,8179.72,4268.86,6711.52,2952.19,826.37,1304.51,10951.75,4163.22,3338.63,2188.24,1403.51,3411.62,7250.88,9045.64
3353.36,12328.05,13943.46,11592.74,17712.47,5094.22,24403.53,2590.75,2858.87,4305.28,4673.35,2925.68,2535.34,3429.15,8762.42,10227.45,6171.62,9921.31,2016.62,1e+09,4031.84,3902.95,4655.51,3473.06,4683.69,5303.04,1572.25,3317.04,4283.41,3158.62,1859.44,8717.95,10844.67,2379.73,2981.01,1956.25,2541.06,1296.77,1851.67,3177.63,6869.04,3526.6,6982.94,2148.31,1430.69,2077.53,9812.39,2007.34,2147.24,3920.96,1549.53,5182.6,7623.1,10252.85
10055.82,19454.27,21493.8,14772.47,25172.53,3540.33,17332.01,2255.83,4728.53,7001.04,7752.8,8959.84,5971.44,5683.32,7435.21,15969.08,15681.22,4423.08,6454.11,4031.84,1e+09,10777.33,13661.18,7465.19,8575.35,8685.28,4783.9,2450.69,9228.89,3405.75,5818.11,4151.13,4188.79,8253.57,2816.66,9114.86,4553.09,4549.78,4048.99,10245.86,1990.62,1819.35,2558.37,4955.46,5051.23,4041.57,3449.32,5362.73,2977.64,3394.48,5443.1,5168.58,7137.21,6895.13
2460.65,7957.47,9333.95,10528.68,13319.38,9690.38,31242.16,5786.29,6449.03,4992.35,2360.93,3184.55,4661.9,3173.61,10054.16,4178.86,3461.35,17821.22,3705.86,3902.95,10777.33,1e+09,1930.32,5442.52,7629.45,9029.63,4097.06,4386.61,2480.08,7675.1,4128.11,15870.05,18209.88,2398.13,8061.96,2918.28,6039.37,4190.44,4700.77,930.38,14768.95,9201.97,14080.06,4302.15,4475.59,6523.37,17674.05,3666.83,6261.55,7089.16,3564.88,8283.43,12387.17,16971.96
2159.8,8079.99,8646.98,10997.54,12749.87,8341.53,33145.44,8175.34,5385.88,5624.73,4897.87,2771.75,3751.39,4403.81,9557.96,3641.59,1988.18,20241.77,3427.65,4655.51,13661.18,1930.32,1e+09,5314.8,7516.52,7102.65,5188.74,6827.86,2500.48,6363.63,4183.12,16631.97,20014.31,2507.22,10446.85,2476.37,4865.12,5786.49,6536.4,1995.98,16663.28,11636.08,15129.36,6537.28,5376.65,7796.87,19435.31,6139.94,8657.91,6477.74,5047.75,5950.01,12827.38,17311.14
5558.25,9296.93,10510.82,9585.31,14901.39,6232.54,26769.76,5847.31,2795.83,2024.62,5665.1,3350.59,2989.16,6147.41,10380.14,11248.23,4972.15,13452.24,2230.43,3473.06,7465.19,5442.52,5314.8,1e+09,4785.18,2528.49,2531.29,5876.75,5445.99,3647.02,2812.78,10088.37,13650.33,4089.52,4134.14,3299.08,3342.15,3484.82,3549.03,4764.31,10119.68,4785.86,8585.76,3750.88,2659.98,3245.09,12891.71,5449.15,4258.31,3723.6,2950.25,4137.92,9368.44,10767.54
6931.19,8505.79,9080.7,6991.53,12140.79,6965.04,28524.53,6102.64,4698.46,3794.69,7630.13,4120.97,6146.05,6988.47,11731.92,10969.54,5529.6,14094.38,5751.63,4683.69,8575.35,7629.45,7516.52,4785.18,1e+09,2277.9,5231.86,7149.11,5312.8,4914.17,4844.55,11676.5,14976.62,4944.36,7316.76,5349.73,4832.04,5985.15,6036.4,7687.25,10779,7614.7,10271.81,6600.79,5472.71,5749.52,13636.69,5866.8,6991.58,5979.19,6244.76,5739.65,11969.72,13433.34
6415.8,10128.16,10202.07,9230.74,14606.28,6026.02,27478.66,6909,3184.97,3338.86,8496.41,4693.71,4757.25,8388.37,11291.62,10710.08,5354.21,14020.2,4650.48,5303.04,8685.28,9029.63,7102.65,2528.49,2277.9,1e+09,4163.14,8050.7,7632.47,4091.92,4258.61,10425.94,14126.47,6152.36,5846.55,4978.2,3733.02,5290.48,5786.9,8541.09,10457.25,6302.15,8942.69,5793.84,4314.33,4319.99,13229.28,7497.43,6098.56,4572.55,5492.72,4017.64,10553.21,11379.35
3961.33,12635.72,14278.67,12555.91,18385.94,5005.61,24001.94,3283.32,2025.23,4342.39,3989.1,2850.57,2604.19,2948.94,9738.31,10500.4,6665.13,10618.56,1576.45,1572.25,4783.9,4097.06,5188.74,2531.29,5231.86,4163.14,1e+09,3143.27,4499.04,2857.08,1922.26,8174.73,11023.78,2855.72,1846.13,2540.04,2270.49,1269.98,1792.5,3401.1,7566.29,2512.68,6672.12,2148,1608.96,1638.23,10509.64,2264.49,2169.64,2728.04,1543.68,4271.44,7645.63,8970.82
4002.85,12792.03,14605.81,12941.31,18737.81,6341.47,23130.01,1279.17,3773.4,5442.81,3514.53,5673.33,6085.62,1713.16,10633.26,8467.15,9409.89,8551.62,5811.67,3317.04,2450.69,4386.61,6827.86,5876.75,7149.11,8050.7,3143.27,1e+09,4035.18,4889.55,4283.41,10277.36,9388.73,3872.93,3041,5901.69,5944.39,2714.74,2561.57,3906.19,6001.07,3603.81,7275.63,1838.88,3966.52,4112.84,8900.78,2019.2,2445.92,6675.45,3343.09,8352.33,10731.69,12548.4
3330.32,8550.01,9728.59,9229.27,13660.24,9415.13,30751.58,4523.3,4800.2,4498.12,3777.85,3031.3,5008.7,3040.61,10056.34,4400.41,3468.85,16546.31,4090.97,4283.41,9228.89,2480.08,2500.48,5445.99,5312.8,7632.47,4499.04,4035.18,1e+09,7161.1,4794.09,15661.95,17622.88,3174.28,6740.68,2923.81,5447.85,4628.65,4890.03,2329.03,14020.26,7808.4,14207.24,3031.82,5275.45,7120.38,17134.93,3716.17,5064.78,6976.22,4618.58,7190.42,11813.57,16389.02
5710.65,14763.18,15035.04,10854.64,19403.71,2847,21658.05,3538.28,1606.43,4128.51,6394.13,4516.37,4339.74,5500.29,7772.19,11030.41,7126.86,8065.59,3154.79,3158.62,3405.75,7675.1,6363.63,3647.02,4914.17,4091.92,2857.08,4889.55,7161.1,1e+09,3409.33,6584.57,8521.18,6121.88,2510.2,4541.27,3166.94,3687.81,3343.58,7196.92,5105.86,2338.53,6000.54,3963.14,3318.13,2554.02,8049.21,5477.19,3312.24,1942.68,4038.71,2810.8,9047.56,9230.3
2641.3,12591.22,13129.13,11652.61,18043.46,4692.83,24308.81,3499.49,2583.25,4432.9,5430.45,2863.95,2130.19,4663.12,8072.07,9818.82,5383.26,11059.01,1327.84,1859.44,5818.11,4128.11,4183.12,2812.78,4844.55,4258.61,1922.26,4283.41,4794.09,3409.33,1e+09,7449.21,11196.47,1930.59,2898.95,1732.04,1701.73,1517.8,1670.77,3224.86,7480.52,3781.35,6075.52,2584.74,1546.16,1280.48,10252.55,2527.61,2061.29,2639.54,1318.69,3665.94,6361.28,8409.64
14518.44,25160.34,26089.18,19173.33,30597.89,3749.53,12018.4,6182.99,8981.93,11580.42,14408.63,13293.68,6417.02,13422.94,6704.52,23173.57,18056.64,4067.16,8148.41,8717.95,4151.13,15870.05,16631.97,10088.37,11676.5,10425.94,8174.73,10277.36,15661.95,6584.57,7449.21,1e+09,2726.4,12648.97,7008.14,11403.2,5799.99,9337.53,8985.48,14430.53,3181.25,6080.62,1699.52,9811.77,7731.62,6201.62,2265.81,11377.6,8583.91,3756.12,9572.57,5382.45,3313.4,3342.92
17665.96,27281.54,29201.73,21470.46,32886,4889.9,10259.33,7218.39,11322.68,13898.85,15541.82,16738.29,9642.49,13670.55,6633.29,24597.64,21936.28,2509.24,12075.57,10844.67,4188.79,18209.88,20014.31,13650.33,14976.62,14126.47,11023.78,9388.73,17622.88,8521.18,11196.47,2726.4,1e+09,15222.5,9547.88,15347.8,9199.29,12268.07,11092.15,17633.64,2194.01,7555.76,2024.55,11903.6,11075.07,9369.84,1198.44,14214.67,11422.64,6297.8,13002.73,7960.82,5468.38,3779.22
1619.95,9818.45,11403.19,9815.29,14646.78,8175.42,28448.05,4520.77,4067,4779.32,3569.87,1848.39,2950.16,3513.79,9928.95,6372.84,3179.01,15182.07,2914.85,2379.73,8253.57,2398.13,2507.22,4089.52,4944.36,6152.36,2855.72,3872.93,3174.28,6121.88,1930.59,12648.97,15222.5,1e+09,5433.17,1527.84,3246.84,1818.64,2447.63,2248.99,11866.69,6622.15,10974.2,2877.3,2728.77,3663.95,14724.38,1883.6,3615.55,5836.89,1987.4,6905.41,8914.72,13438.95
7732.06,16662.59,18622.56,14417.52,22104.24,4945.76,22201.31,2809.69,2068.29,5624.24,5028.29,5864.71,4569.79,3473.37,10348.45,13770.91,12032.85,8781.57,3788.62,2981.01,2816.66,8061.96,10446.85,4134.14,7316.76,5846.55,1846.13,3041,6740.68,2510.2,2898.95,7008.14,9547.88,5433.17,1e+09,5379.41,3334.93,2072.03,1860.81,7785.53,6063.55,881.57,5575.61,1994.09,2048.99,1544.07,9092.56,3164.56,809.58,2933.93,2523.97,5588.23,8275.73,8142.41
2269.22,10807.87,11372.91,12449.89,15848.77,6365.57,28601.56,5424.98,3237.31,4717.15,5271.27,1984.17,2171.39,4532.37,8162.99,6821.54,3819.82,15013,1518,1956.25,9114.86,2918.28,2476.37,3299.08,5349.73,4978.2,2540.04,5901.69,2923.81,4541.27,1732.04,11403.2,15347.8,1527.84,5379.41,1e+09,2800.32,2468.15,3049.58,2224.1,11434.51,6512.41,9900.59,3314.85,1660.79,3122.97,14206.54,3669.63,4464.29,3969.14,2077.13,4953.63,8433.4,12082.37
3638.12,13592.46,13715.25,12217.17,19089.5,3801.8,22692.26,3705.03,2710.31,5246.54,6665.6,3370.26,1372.61,5812.58,7901.29,10413.74,5732.75,9073.15,1809.84,2541.06,4553.09,6039.37,4865.12,3342.15,4832.04,3733.02,2270.49,5944.39,5447.85,3166.94,1701.73,5799.99,9199.29,3246.84,3334.93,2800.32,1e+09,2640.75,2669.35,4863.93,5486.42,3668.85,4410.22,3691.8,1639.92,1714.05,8258.45,3365.53,2831.31,2381.17,2746.54,2172.73,5690.29,6709.65
3700.32,13015.92,14788.5,12279.48,18279.47,6701.98,24947.4,2912.71,2049.81,5024.21,4162.3,3127.72,3047.45,3025.33,9962.98,10748.93,7211.16,11594.34,2293.22,1296.77,4549.78,4190.44,5786.49,3484.82,5985.15,5290.48,1269.98,2714.74,4628.65,3687.81,1517.8,9337.53,12268.07,1818.64,2072.03,2468.15,2640.75,1e+09,1053.19,3585.05,9038.47,2856.43,7834.92,1700.76,1439.32,2074.78,11824.42,1473.24,1367.42,3837.51,749.63,5784.52,6902.15,10016.7
4271.73,13510.89,15431.08,12762.55,18945.63,5331.44,24516.89,2221.33,2457.14,4901.66,3568.75,3944.33,3160.23,3016.21,9737.26,11072.93,8196.83,10323.24,2346.39,1851.67,4048.99,4700.77,6536.4,3549.03,6036.4,5786.9,1792.5,2561.57,4890.03,3343.58,1670.77,8985.48,11092.15,2447.63,1860.81,3049.58,2669.35,1053.19,1e+09,4155.73,7270.97,2658.73,7074.33,1592.87,1711.29,1339.34,10214.32,1719.58,1398,3664.5,1147.16,5858.85,7771.36,10122.69
2038.83,9150.13,10083.65,11196.23,14532.92,8628.23,30310.74,5370.03,6325.43,5277.58,3147.06,3113.5,3707.04,2891.64,8715.56,5413.46,3627.19,17655.1,2742.84,3177.63,10245.86,930.38,1995.98,4764.31,7687.25,8541.09,3401.1,3906.19,2329.03,7196.92,3224.86,14430.53,17633.64,2248.99,7785.53,2224.1,4863.93,3585.05,4155.73,1e+09,14455.8,8968.41,12927.92,3962.85,3432.65,5595.43,17231.31,3343.79,6082.8,5522.5,2749.08,7044.93,10618.47,15109.7
14549.75,23508.03,25388.44,17264.22,28771.58,3972.46,14777.45,4345.84,7977.4,9692.61,11653.51,12532.05,5981.47,10067.93,6127.64,21132.96,18087.95,3084.13,8179.72,6869.04,1990.62,14768.95,16663.28,10119.68,10779,10457.25,7566.29,6001.07,14020.26,5105.86,7480.52,3181.25,2194.01,11866.69,6063.55,11434.51,5486.42,9038.47,7270.97,14455.8,1e+09,3815.12,1844.62,8449.92,7762.93,5858.26,1905.77,10711.04,7964.87,3469.21,9427.48,4933.63,5198.6,5496.59
8958.83,17760.06,19770.28,14455.9,23204.6,4116.8,21059.53,2916.98,2473.49,6097.11,5764.09,6965.07,5111.95,4013.91,9593.45,14872.09,13165.85,6628.12,4268.86,3526.6,1819.35,9201.97,11636.08,4785.86,7614.7,6302.15,2512.68,3603.81,7808.4,2338.53,3781.35,6080.62,7555.76,6622.15,881.57,6512.41,3668.85,2856.43,2658.73,8968.41,3815.12,1e+09,4804.25,2620.23,2617.83,1728.32,6844.13,4265.74,1652.71,2644.42,3608.01,5606.47,8743.38,7861.81
13015.83,23256.97,24586.57,17438.32,28520.52,3047.26,13786.18,4484.29,7538.37,9845.41,12043.88,11804.13,4513.73,11099.73,5774.25,21096.2,16554.03,3694.62,6711.52,6982.94,2558.37,14080.06,15129.36,8585.76,10271.81,8942.69,6672.12,7275.63,14207.24,6000.54,6075.52,1699.52,2024.55,10974.2,5575.61,9900.59,4410.22,7834.92,7074.33,12927.92,1844.62,4804.25,1e+09,8038.97,6229.01,4915.03,1548.22,9874.99,7081.3,2606.13,8069.96,4311.76,4085.55,4861.41
3975.73,12318.25,14275.87,11925.36,18013.03,6656.76,25032.4,2286.28,2500.06,3849.2,2179.64,4056.17,4194.68,1511.15,11200.52,8783.05,8616.86,11284.77,2952.19,2148.31,4955.46,4302.15,6537.28,3750.88,6600.79,5793.84,2148,1838.88,3031.82,3963.14,2584.74,9811.77,11903.6,2877.3,1994.09,3314.85,3691.8,1700.76,1592.87,3962.85,8449.92,2620.23,8038.97,1e+09,1578.01,2007.5,11396.75,2177.66,1428.04,4538.31,1661.6,6608.58,9639.58,10930.87
3965.42,13412.38,14833.86,12854.98,18675.93,5505.16,24078.21,3397.42,2006.47,4260.7,4496.19,3083.98,2025.44,4026.06,9418.16,11251.61,6801.32,11023.05,826.37,1430.69,5051.23,4475.59,5376.65,2659.98,5472.71,4314.33,1608.96,3966.52,5275.45,3318.13,1546.16,7731.62,11075.07,2728.77,2048.99,1660.79,1639.92,1439.32,1711.29,3432.65,7762.93,2617.83,6229.01,1578.01,1e+09,1119.99,10534.96,2722.75,1668.49,2775.27,1078.04,4208.15,6964.44,8410.79
5683.34,15476.08,17254.08,12854.31,20739.63,4117.62,22385.32,2904.14,2229.37,4816.8,4751.68,4797.71,2736.02,4162.87,9227.87,13315.31,9221.54,9082.7,1304.51,2077.53,4041.57,6523.37,7796.87,3245.09,5749.52,4319.99,1638.23,4112.84,7120.38,2554.02,1280.48,6201.62,9369.84,3663.95,1544.07,3122.97,1714.05,2074.78,1339.34,5595.43,5858.26,1728.32,4915.03,2007.5,1119.99,1e+09,8715.95,3462.26,2146.5,2315.04,1949.11,3974.42,7257.62,7483.03
17321.78,26451.38,28331.79,20207.57,31714.93,4195.9,11630.28,6106.99,10927.71,12635.96,14682.52,15475.4,7830.48,13182.6,5384.05,24128,20859.98,2945.33,10951.75,9812.39,3449.32,17674.05,19435.31,12891.71,13636.69,13229.28,10509.64,8900.78,17134.93,8049.21,10252.55,2265.81,1198.44,14724.38,9092.56,14206.54,8258.45,11824.42,10214.32,17231.31,1905.77,6844.13,1548.22,11396.75,10534.96,8715.95,1e+09,13615.6,10826.89,5482.36,12209.95,6397.35,5367.59,5375.37
3373.99,12329.64,14289.61,11946.45,17833.47,8811.91,26525.73,2980.05,3358.34,5912.75,3194.99,3689.64,3285.41,2180.04,10609.54,9368.59,7850.3,13013.2,4163.22,2007.34,5362.73,3666.83,6139.94,5449.15,5866.8,7497.43,2264.49,2019.2,3716.17,5477.19,2527.61,11377.6,14214.67,1883.6,3164.56,3669.63,3365.53,1473.24,1719.58,3343.79,10711.04,4265.74,9874.99,2177.66,2722.75,3462.26,13615.6,1e+09,1588.79,5892.06,2004.05,8162.67,7989.55,12056.77
6143.04,15022.22,16955.2,14000.34,20513.24,6578.82,23735.36,2919.44,1707.93,5532.29,4776.3,4624.55,4011.91,2937.4,11187.91,12169.51,10379.67,10227.81,3338.63,2147.24,2977.64,6261.55,8657.91,4258.31,6991.58,6098.56,2169.64,2445.92,5064.78,3312.24,2061.29,8583.91,11422.64,3615.55,809.58,4464.29,2831.31,1367.42,1398,6082.8,7964.87,1652.71,7081.3,1428.04,1668.49,2146.5,10826.89,1588.79,1e+09,3662.39,1510.37,6476.9,7546,9263.08
5401.57,15247.12,15487.01,13220.76,21349.68,2253.22,19548.21,3822.89,2577.69,6040.42,7902.21,5397.17,2399.52,7013.91,7236.45,13039.28,7829.37,6961.26,2188.24,3920.96,3394.48,7089.16,6477.74,3723.6,5979.19,4572.55,2728.04,6675.45,6976.22,1942.68,2639.54,3756.12,6297.8,5836.89,2933.93,3969.14,2381.17,3837.51,3664.5,5522.5,3469.21,2644.42,2606.13,4538.31,2775.27,2315.04,5482.36,5892.06,3662.39,1e+09,3697.51,1418.76,5524.22,5430.94
3285.1,12419.51,14178.06,12409.72,17783.94,6671.06,25742.73,3388.87,2475.61,4336.54,3657.02,2877.87,2770.66,3777.96,9611.05,10078.08,6614.59,12286.59,1403.51,1549.53,5443.1,3564.88,5047.75,2950.25,6244.76,5492.72,1543.68,3343.09,4618.58,4038.71,1318.69,9572.57,13002.73,1987.4,2523.97,2077.13,2746.54,749.63,1147.16,2749.08,9427.48,3608.01,8069.96,1661.6,1078.04,1949.11,12209.95,2004.05,1510.37,3697.51,1e+09,5508.86,7310.38,10251.74
5676.44,13853.41,13955.42,13030.35,20059.71,2555.8,21263.49,5000.75,3396.11,5910.86,9700.28,5357.31,2546.46,9933.48,6325.47,10975.84,6245.03,8204.17,3411.62,5182.6,5168.58,8283.43,5950.01,4137.92,5739.65,4017.64,4271.44,8352.33,7190.42,2810.8,3665.94,5382.45,7960.82,6905.41,5588.23,4953.63,2172.73,5784.52,5858.85,7044.93,4933.63,5606.47,4311.76,6608.58,4208.15,3974.42,6397.35,8162.67,6476.9,1418.76,5508.86,1e+09,5788.58,6834.41
10713.85,21171.69,22102.26,19346.69,28949.84,5362.05,11349.35,8319.57,8913.54,12340.95,14565.49,9894.67,4318.69,10936.16,5161.36,19300.94,14252.05,5213.08,7250.88,7623.1,7137.21,12387.17,12827.38,9368.44,11969.72,10553.21,7645.63,10731.69,11813.57,9047.56,6361.28,3313.4,5468.38,8914.72,8275.73,8433.4,5690.29,6902.15,7771.36,10618.47,5198.6,8743.38,4085.55,9639.58,6964.44,7257.62,5367.59,7989.55,7546,5524.22,7310.38,5788.58,1e+09,2463.8
15197.61,26075.24,26768.35,21073.93,32122.54,5561.06,8386.12,8390.99,9840.43,13502.32,16356.02,13985.91,6997.1,14578.34,4759.97,24353.02,18735.81,3250.83,9045.64,10252.85,6895.13,16971.96,17311.14,10767.54,13433.34,11379.35,8970.82,12548.4,16389.02,9230.3,8409.64,3342.92,3779.22,13438.95,8142.41,12082.37,6709.65,10016.7,10122.69,15109.7,5496.59,7861.81,4861.41,10930.87,8410.79,7483.03,5375.37,12056.77,9263.08,5430.94,10251.74,6834.41,2463.8,1e+09
