1e+09,66050.32,46763.91,66519.77,78458.2,74934.62,14685.33,20452.01,8517.63,9375.14,18781.9,8583.15,11932.58,2485.48,6828.63,7230.85,21416.84,22810.46,4531.79,7950.11,2332,6823.7,6964.69,10580.78,26084.8,37368.1,38058.56,2336.96,4941.47,5753.08,14113.73,4754.9,26594.12,13524.04,3882.46,14101.51,1726.93,7353.06,9434.83,11233.74,14341.61,7874.59,4908.13,9062.25,8535.5,6837.82,10725.47,9514.78,2110.02,6029.71,3862.76,13834.39,3790.81,19225.59
66050.32,1e+09,7916.02,3865.28,8103.94,6209.15,84782.7,94037.68,54823.73,53590.02,42983.94,77667.62,81383.65,72403.97,77288.76,57317.96,39669.86,37336.86,71443.72,77265.26,71662.16,78209.01,74374.85,51986.22,34468.56,22889.37,23550.43,64169.88,72705.08,54039.8,47849.44,71696.2,96997.49,86440.17,69835.72,87074.78,68224.18,80090.09,81385.8,81140.39,86545.24,74508.92,76088.31,78542.24,77726.85,75411.62,79930.07,79189.24,64877.08,72571.45,74777.73,84538.5,73492.62,88261.37
46763.91,7916.02,1e+09,9931.54,17475.83,13307.35,64241.81,77743.91,34282.84,33049.13,22514.97,57126.73,60842.76,52018.36,56747.87,39144.63,19128.97,17283.29,50902.83,56724.37,51121.27,57668.12,54760.36,31445.33,14655.31,7817.45,6879.4,43628.99,56835.95,36585.71,27308.55,51180.87,76619.6,72925.44,52041.19,69518.13,47683.29,60214.36,60844.91,60599.5,66429.43,60519.39,55895.58,58001.35,57185.96,55247.25,59389.18,58648.35,46958.35,53851.04,54382.24,63997.61,52951.73,67720.48
66519.77,3865.28,9931.54,1e+09,7999.38,7104.5,83997.67,97499.77,54038.7,52804.99,42270.83,76882.59,80598.62,71774.22,76503.73,58773.47,38884.83,36700.79,70658.69,76480.23,70877.13,77423.98,74516.22,51201.19,34207.97,22104.34,22765.4,63384.85,76263.74,56341.57,47064.41,70936.73,96375.46,90798.09,71797.05,88866.45,67439.15,79970.22,80600.77,80355.36,86185.29,77838.25,75651.44,77757.21,76941.82,75003.11,79145.04,78404.21,66714.21,73606.9,74138.1,83753.47,72707.59,87476.34
78458.2,8103.94,17475.83,7999.38,1e+09,3474.47,95936.1,109253.17,65977.13,64743.42,54209.26,88821.02,92537.05,83712.65,88442.16,70354.88,50823.26,48639.22,82597.12,88418.66,82815.56,89362.41,86378.33,63139.62,46146.4,34042.77,34703.83,75323.28,87666.64,68280,59002.84,82875.16,108313.89,101843.97,83735.48,100447.86,79377.58,91908.65,92539.2,92293.79,98123.72,89062.64,87589.87,89695.64,88880.25,86941.54,91083.47,90342.64,78652.64,85545.33,86076.53,95691.9,84646.02,99414.77
74934.62,6209.15,13307.35,7104.5,3474.47,1e+09,92412.52,105914.62,61951.39,61219.84,50107.23,85058.16,89013.47,80189.07,84918.58,66471.09,47299.68,45115.64,79073.54,84895.08,79291.98,85838.83,82500.17,59616.04,42622.82,30519.19,30714.64,71799.7,84924.38,64756.42,55092.51,78750.07,104790.31,100624.91,80211.9,97586.78,75854,88385.07,89015.62,88770.21,94600.14,88080.5,84066.29,86172.06,85356.67,83172.86,87559.89,86819.06,75129.06,82021.75,82552.95,92168.32,81122.44,95891.19
14685.33,84782.7,64241.81,83997.67,95936.1,92412.52,1e+09,8089.24,24069.85,27423.97,36984.38,4650.18,2181.73,9972.38,5708.7,24094.87,41628.47,45297.84,8039.8,5802.17,9680.29,5375.04,6798.65,29112.52,44815.07,58603.11,56356.43,18068.87,7781.38,24672.15,32771.68,10501.29,5073.07,6108.58,9478.44,5091.13,14181.45,5034.75,4431.63,4496.66,4359.48,5422.75,6703.42,5804.84,5595.99,7315.22,4496.39,4958.87,14104.61,7482.94,8105.56,5818.77,7992.83,3792.99
20452.01,94037.68,77743.91,97499.77,109253.17,105914.62,8089.24,1e+09,35008.73,35249.1,46769.26,13616.45,11570.54,15472.36,11166.91,29594.85,49404.2,50797.82,18312.59,12919.17,17223.32,11114.74,15608.37,37134.9,54121.2,66103.62,66634.26,24043.75,11191.71,30172.13,42072.81,18084.02,4542.91,2800.41,14801.76,2978.41,20266.83,8341.63,9309.28,9387.51,5753.44,7767.2,11687.8,10576.78,12304.38,14671.73,11984.71,10646.71,20154.34,13622.71,13446.14,7700.84,15542.47,8375.41
8517.63,54823.73,34282.84,54038.7,65977.13,61951.39,24069.85,35008.73,1e+09,2881.71,7533.17,16954.77,20670.8,12201.48,16575.91,3151.69,11597.17,16126.1,10730.87,16552.41,10949.31,17496.16,13998.78,2335.33,15606.1,28991.08,26144.74,6014.04,14781.18,6409.73,4618.87,11008.91,36439.25,27411.22,13054.11,27372.27,8093.84,19714.02,20672.95,20427.54,26215.92,16543.28,15723.62,17829.39,17014,15045.88,19217.22,18476.39,9456.75,14384.7,14210.28,23825.65,12779.77,27548.52
9375.14,53590.02,33049.13,52804.99,64743.42,61219.84,27423.97,35249.1,2881.71,1e+09,6511.08,20164.6,24024.92,13615.39,19930.03,3581.27,10267.48,13424.92,14084.99,19906.53,14303.43,20850.28,16730.15,1423.96,13452.33,26900.25,25163.75,7512.55,13948.48,5149.29,3979.98,14363.03,39352.79,27651.59,11867.38,28855.54,10865.45,22150.15,23712.11,23781.66,28614.57,16006.31,17299.73,21183.51,20368.12,17480.95,22571.34,21830.51,8551.89,14068.84,16661.12,27179.77,16133.89,30902.64
18781.9,42983.94,22514.97,42270.83,54209.26,50107.23,36984.38,46769.26,7533.17,6511.08,1e+09,29869.3,33585.33,24643.56,29490.44,10137.94,2415.15,4948.91,23645.4,29466.94,23863.84,30410.69,26682.51,5192.07,5984.29,16884.17,14181.33,16371.56,25436.66,11070.76,3380.37,23923.44,49305.15,39171.75,22567.3,39594.4,20425.86,32397.75,33587.48,33342.07,38958.88,27134.52,28472.56,30743.92,29928.53,27825.26,32131.75,31390.92,17502.68,25197.05,27057.04,36740.18,25694.3,40463.05
8583.15,77667.62,57126.73,76882.59,88821.02,85058.16,4650.18,13616.45,16954.77,20164.6,29869.3,1e+09,2409.51,6683.64,3112.61,16505.53,34359.22,38967.87,3239.41,1592.64,4973.79,3407.86,2742.48,22188.13,38332.1,52166.1,49175.5,11510.06,8292.19,19555.62,25327.87,3627.13,14312,12703.57,6717.78,7878.41,7875.32,4486.76,3920.59,2636.72,6768.14,7799.7,4903.91,2794.68,1775.03,2744.79,2333.59,2750.12,8174.34,4708.05,3893.41,4905.56,3280.46,6005.05
11932.58,81383.65,60842.76,80598.62,92537.05,89013.47,2181.73,11570.54,20670.8,24024.92,33585.33,2409.51,1e+09,7865.93,3743.13,21262.87,38223.91,43138.32,5157.05,2963.94,6927.54,2642.16,4709.95,26036.62,41739.17,56127.22,52957.38,15267.42,7314.49,22491.24,29645.8,6779.09,10373.33,10427.94,7011.52,6304.18,11428.7,3805.17,3114.33,2123.69,4695.69,6666.47,4638.93,2372.85,2874.95,4846.37,2288.72,2227.75,11351.86,5102.36,5542.06,3585.02,5107.8,3980.82
2485.48,72403.97,52018.36,71774.22,83712.65,80189.07,9972.38,15472.36,12201.48,13615.39,24643.56,6683.64,7865.93,1e+09,3269.5,7961.14,27770.49,29164.11,4300.24,4627.76,1905.44,3525.62,5837.38,15501.19,31614.05,43446.95,43587.81,3989.16,3015.92,8538.42,19570.66,4473.62,22219.49,10422.55,1945.55,9121.86,2324.47,3211.87,5198.5,6711.51,9361.96,4999.9,1657.67,4971.13,5134.93,5063.52,6915.26,5436.39,3188.9,3371.94,1941.75,8903.9,2100.58,15584.2
6828.63,77288.76,56747.87,76503.73,88442.16,84918.58,5708.7,11166.91,16575.91,19930.03,29490.44,3112.61,3743.13,3269.5,1e+09,15900.05,33961.06,37103.02,3681.21,2720.47,3243.05,2637.85,3626.57,21443.36,37145.91,50583.51,48862.49,10049.27,3726.3,16477.33,25102.52,5143.18,14275.8,8015.88,3827.27,5764.35,6368.51,1655.93,2391.31,2109.28,4002.61,4374.99,2842.14,3105.59,1782.07,3872.01,3634.24,3217.8,6631.4,3409.7,2274.34,3426.63,2378.7,7166.12
7230.85,57317.96,39144.63,58773.47,70354.88,66471.09,24094.87,29594.85,3151.69,3581.27,10137.94,16505.53,21262.87,7961.14,15900.05,1e+09,13755.39,17538.89,11274.29,17344.03,10479.53,15769.38,12906.81,3870.17,18363.45,30955.96,28921.31,4963.14,8622.41,5153.08,6531.22,9991.97,36171.4,21997.34,7697.03,23244.35,5523.79,16495.9,18676.82,20834,23484.45,10971.02,11645.48,18217.38,17576.84,13277.56,20011.89,18430.18,6130.06,9033.55,11625.83,23026.39,12908.43,28343.19
21416.84,39669.86,19128.97,38884.83,50823.26,47299.68,41628.47,49404.2,11597.17,10267.48,2415.15,34359.22,38223.91,27770.49,33961.06,13755.39,1e+09,2591.66,28289.49,34111.03,28385.98,34618.58,30924.77,8805.11,3942.16,13684.91,11243.59,20109.2,28071.6,10939.54,5628.48,28382.9,53547.41,41806.69,25202.24,42811.3,24553.53,36102.57,37689.2,37986.16,42582.62,30171.29,31454.83,35375,34572.62,31665.69,36775.84,35980.12,20539.45,28233.82,30753.5,41179.95,30338.39,45107.14
22810.46,37336.86,17283.29,36700.79,48639.22,45115.64,45297.84,50797.82,16126.1,13424.92,4948.91,38967.87,43138.32,29164.11,37103.02,17538.89,2591.66,1e+09,33723.29,39338.96,31682.5,36972.35,35533.42,12949.12,3778.54,9129.61,9318.13,21502.82,29465.22,10799.94,9683.65,32520.01,57544.95,43200.31,26595.86,44447.32,26666.64,37698.87,39942.1,42036.97,44687.42,32390.06,32848.45,39636.42,39459.22,35449.19,41529.77,39849.22,22758.22,30452.59,33044.87,44229.36,34111.4,50198.71
4531.79,71443.72,50902.83,70658.69,82597.12,79073.54,8039.8,18312.59,10730.87,14084.99,23645.4,3239.41,5157.05,4300.24,3681.21,11274.29,28289.49,33723.29,1e+09,2501.97,2340.73,2940.3,3255.42,16213.92,32115.4,46887.91,43017.45,6137.14,7682.57,13573.52,19553.44,2514.32,19554.99,15599.54,5341.16,11034.58,3864.04,5640.64,5685.24,4971.6,9077.67,8124.11,4206.3,4041.44,4106.12,4022.22,4769.38,3964.16,4881.87,3935.02,3567.39,6901.87,2178.88,10897.76
7950.11,77265.26,56724.37,76480.23,88418.66,84895.08,5802.17,12919.17,16552.41,19906.53,29466.94,1592.64,2963.94,4627.76,2720.47,17344.03,34111.03,39338.96,2501.97,1e+09,3868.69,1680.13,3031.33,21986.19,37688.74,52227.87,48838.99,11301.45,7269.25,18650.46,25623.18,3361.35,16315.19,11933.28,5154.98,6831.08,7446.23,2937.29,3191.88,2495.61,5823.58,5868.68,2895.08,1756.3,1326.94,3071.63,2534.12,1393.83,7369.39,2939.34,3334.22,3978.1,2346.14,7979.87
2332,71662.16,51121.27,70877.13,82815.56,79291.98,9680.29,17223.32,10949.31,14303.43,23863.84,4973.79,6927.54,1905.44,3243.05,10479.53,28385.98,31682.5,2340.73,3868.69,1e+09,3658.85,3848.87,15868.28,31570.83,45111.47,43235.89,4614.73,4557.99,11056.81,19527.44,2948.76,21944.35,12136.01,3385.17,10500.4,2300.09,4452.31,6093.92,6332.4,10322.57,6254.87,2865.4,4326.69,4252.06,4312.63,6103.55,5061.46,2899.52,3199.66,2466.07,9023.95,1501.19,14410.14
6823.7,78209.01,57668.12,77423.98,89362.41,85838.83,5375.04,11114.74,17496.16,20850.28,30410.69,3407.86,2642.16,3525.62,2637.85,15769.38,34618.58,36972.35,2940.3,1680.13,3658.85,1e+09,4244.13,22100.88,37803.43,50715.57,49777.19,10181.33,5418.58,16346.66,25760.04,5510.05,15761.47,9474.71,3538.95,5792.23,6598.54,2449.19,3117.78,2334.96,4796.86,3992.29,2170.8,1690.49,2641.01,4574.89,3072.45,1616.12,6875.85,2584.02,2034.21,3592.87,2540.19,7635.21
6964.69,74374.85,54760.36,74516.22,86378.33,82500.17,6798.65,15608.37,13998.78,16730.15,26682.51,2742.48,4709.95,5837.38,3626.57,12906.81,30924.77,35533.42,3255.42,3031.33,3848.87,4244.13,1e+09,18801.17,35364.14,48725.3,45971.69,8239.88,8270.54,16613.98,22032.39,2639.31,16807.26,13498.58,6918.57,9608,6289.69,5483.46,4682.43,3831.51,7656.47,7752.15,5501.89,4219.97,3316.47,1679.13,3948.09,3621.72,6910.25,5699.74,3434.77,6102.9,3868.58,7973.68
10580.78,51986.22,31445.33,51201.19,63139.62,59616.04,29112.52,37134.9,2335.33,1423.96,5192.07,22188.13,26036.62,15501.19,21443.36,3870.17,8805.11,12949.12,16213.92,21986.19,15868.28,22100.88,18801.17,1e+09,12130.53,26142.45,23559.95,8960.87,15802.3,5541.25,3179.13,16111.91,41276.62,29537.39,13073.02,30442.64,12035.83,23634.55,25225.91,25565.57,30164.28,17950.02,19185.53,23021.68,22350.53,19494.06,24535.89,23560.13,10246.67,16012.55,18432.87,28662.25,17848.35,32951.6
26084.8,34468.56,14655.31,34207.97,46146.4,42622.82,44815.07,54121.2,15606.1,13452.33,5984.29,38332.1,41739.17,31614.05,37145.91,18363.45,3942.16,3778.54,32115.4,37688.74,31570.83,37803.43,35364.14,12130.53,1e+09,8987.31,6390.84,23406.7,32788.6,14601.12,9114.75,32378.1,57160.19,46523.69,29919.24,46915.44,27738.38,39593.85,40928.46,41268.12,46303.18,34961.39,35443.05,38883.3,38212.23,36160.18,40520.26,39502.49,25329.55,33023.92,34643.83,44364.8,33550.9,48919.33
37368.1,22889.37,7817.45,22104.34,34042.77,30519.19,58603.11,66103.62,28991.08,26900.25,16884.17,52166.1,56127.22,43446.95,50583.51,30955.96,13684.91,9129.61,46887.91,52227.87,45111.47,50715.57,48725.3,26142.45,8987.31,1e+09,3109.39,35603.64,44877.18,25815.66,22600.92,45411.67,70882.89,59023.13,41526.47,59284.3,40490.08,51897.02,53737.08,55246.88,58692.2,47671.69,47179.51,52851.75,52651,48981.56,54618.72,53173.1,37432.35,44926.3,47003.31,57740.7,47390.76,63203.25
38058.56,23550.43,6879.4,22765.4,34703.83,30714.64,56356.43,66634.26,26144.74,25163.75,14181.33,49175.5,52957.38,43587.81,48862.49,28921.31,11243.59,9318.13,43017.45,48838.99,43235.89,49777.19,45971.69,23559.95,6390.84,3109.39,1e+09,35380.46,45301.66,26636.38,19410.58,42931.05,68592.2,59036.75,42432.3,59212.78,39712.14,51675.47,52761.68,52714.12,58235.24,46900.93,47416.81,50115.97,49300.58,47065.2,51503.8,50762.97,37269.09,44963.46,46151.93,56112.23,45066.35,59835.1
2336.96,64169.88,43628.99,63384.85,75323.28,71799.7,18068.87,24043.75,6014.04,7512.55,16371.56,11510.06,15267.42,3989.16,10049.27,4963.14,20109.2,21502.82,6137.14,11301.45,4614.73,10181.33,8239.88,8960.87,23406.7,35603.64,35380.46,1e+09,6123.17,3696.9,11363.31,6225.1,30074.4,16446.24,5797.2,17693.25,2915.64,10944.8,13001.94,14702.33,17866.15,10014.86,7018.16,12299.77,11761.68,8748.61,14289.15,12716.45,4192.21,7104.49,6473.41,17206.46,6856.52,22532.04
4941.47,72705.08,56835.95,76263.74,87666.64,84924.38,7781.38,11191.71,14781.18,13948.48,25436.66,8292.19,7314.49,3015.92,3726.3,8622.41,28071.6,29465.22,7682.57,7269.25,4557.99,5418.58,8270.54,15802.3,32788.6,44877.18,45301.66,6123.17,1e+09,9783.51,20740.21,7408.79,16261.55,6227.84,3950.29,7171.79,4522.51,3871.02,3904.13,5144.62,6265.72,3661.11,3542.09,7072.75,7257.92,7409.76,7222.26,6690.19,5430.17,5069.19,4545.01,6256.42,4993.39,9778.9
5753.08,54039.8,36585.71,56341.57,68280,64756.42,24672.15,30172.13,6409.73,5149.29,11070.76,19555.62,22491.24,8538.42,16477.33,5153.08,10939.54,10799.94,13573.52,18650.46,11056.81,16346.66,16613.98,5541.25,14601.12,25815.66,26636.38,3696.9,9783.51,1e+09,8138.04,13959.3,36918.46,22574.62,7238.1,23821.63,6747.78,17073.18,19316.41,21411.28,24061.73,13154.27,12222.76,19477.89,19210.21,16866.12,21826.4,19932.91,7432.92,11208.32,13341.5,23603.67,13485.71,30350.01
14113.73,47849.44,27308.55,47064.41,59002.84,55092.51,32771.68,42072.81,4618.87,3979.98,3380.37,25327.87,29645.8,19570.66,25102.52,6531.22,5628.48,9683.65,19553.44,25623.18,19527.44,25760.04,22032.39,3179.13,9114.75,22600.92,19410.58,11363.31,20740.21,8138.04,1e+09,18999.51,45116.8,34475.3,17870.85,34869.05,15694.99,27549.46,28885.07,29224.73,34259.79,22635.89,23399.66,26684.55,25883.79,23138,28198.76,27223,13150.07,20698.42,22322.33,32321.41,21507.51,36614.47
4754.9,71696.2,51180.87,70936.73,82875.16,78750.07,10501.29,18084.02,11008.91,14363.03,23923.44,3627.13,6779.09,4473.62,5143.18,9991.97,28382.9,32520.01,2514.32,3361.35,2948.76,5510.05,2639.31,16111.91,32378.1,45411.67,42931.05,6225.1,7408.79,13959.3,18999.51,1e+09,22185.8,13096.13,6982.77,11733.52,4029.64,6442.05,7333.48,6836.54,11812.67,7360.16,5683.93,4261.59,3406.5,3282.76,5436.92,5189.16,5278.81,5853.12,2986.73,10463.16,2849.2,13665.97
26594.12,96997.49,76619.6,96375.46,108313.89,104790.31,5073.07,4542.91,36439.25,39352.79,49305.15,14312,10373.33,22219.49,14275.8,36171.4,53547.41,57544.95,19554.99,16315.19,21944.35,15761.47,16807.26,41276.62,57160.19,70882.89,68592.2,30074.4,16261.55,36918.46,45116.8,22185.8,1e+09,4773.1,21545.28,5821.74,26153.98,14108.18,12651.1,11032.91,8086.48,12358.13,18129.1,16772.74,15895.6,16908.07,12759.42,15218.49,26070.01,18938.7,20028.8,10836.11,20097.22,4906.47
13524.04,86440.17,72925.44,90798.09,101843.97,100624.91,6108.58,2800.41,27411.22,27651.59,39171.75,12703.57,10427.94,10422.55,8015.88,21997.34,41806.69,43200.31,15599.54,11933.28,12136.01,9474.71,13498.58,29537.39,46523.69,59023.13,59036.75,16446.24,6227.84,22574.62,34475.3,13096.13,4773.1,1e+09,11696.61,3446.52,13303.86,7550.3,7590.98,7453.54,4414.76,5280.72,9407.79,11206.29,11948.76,13018.84,11152.7,10071.34,13805.03,11046.85,10037.65,6374.6,12543.32,7015.66
3882.46,69835.72,52041.19,71797.05,83735.48,80211.9,9478.44,14801.76,13054.11,11867.38,22567.3,6717.78,7011.52,1945.55,3827.27,7697.03,25202.24,26595.86,5341.16,5154.98,3385.17,3538.95,6918.57,13073.02,29919.24,41526.47,42432.3,5797.2,3950.29,7238.1,17870.85,6982.77,21545.28,11696.61,1e+09,8550.46,3556.19,3697.1,5714.87,6600.19,8691.36,5001.56,2002.98,4666.1,5007.17,7181.95,7232.71,5494.4,3629.07,2722.65,2760.13,8233.3,3110.22,14625.14
14101.51,87074.78,69518.13,88866.45,100447.86,97586.78,5091.13,2978.41,27372.27,28855.54,39594.4,7878.41,6304.18,9121.86,5764.35,23244.35,42811.3,44447.32,11034.58,6831.08,10500.4,5792.23,9608,30442.64,46915.44,59284.3,59212.78,17693.25,7171.79,23821.63,34869.05,11733.52,5821.74,3446.52,8550.46,1e+09,13916.33,3309.83,3947.88,4655.84,3073.81,5013.71,5838.8,5109.66,6531.44,9113.47,6567.07,5214.54,13803.84,7558.71,7203.4,2987.16,8911.83,6348.72
1726.93,68224.18,47683.29,67439.15,79377.58,75854,14181.45,20266.83,8093.84,10865.45,20425.86,7875.32,11428.7,2324.47,6368.51,5523.79,24553.53,26666.64,3864.04,7446.23,2300.09,6598.54,6289.69,12035.83,27738.38,40490.08,39712.14,2915.64,4522.51,6747.78,15694.99,4029.64,26153.98,13303.86,3556.19,13916.33,1e+09,7167.88,9185.91,10729.86,14156.43,7486.95,4342.77,8457.21,7988.29,6482.1,10412.66,8967.85,1959.4,6039.25,3856.96,13525.11,3316.83,18704.03
7353.06,80090.09,60214.36,79970.22,91908.65,88385.07,5034.75,8341.63,19714.02,22150.15,32397.75,4486.76,3805.17,3211.87,1655.93,16495.9,36102.57,37698.87,5640.64,2937.29,4452.31,2449.19,5483.46,23634.55,39593.85,51897.02,51675.47,10944.8,3871.02,17073.18,27549.46,6442.05,14108.18,7550.3,3697.1,3309.83,7167.88,1e+09,1416.38,2102.97,2715.85,3060.21,1664.69,1947.63,3132.96,5018.18,3383.16,2401.27,7234.75,2975.55,2215.3,2129.77,2970.32,7411.12
9434.83,81385.8,60844.91,80600.77,92539.2,89015.62,4431.63,9309.28,20672.95,23712.11,33587.48,3920.59,3114.33,5198.5,2391.31,18676.82,37689.2,39942.1,5685.24,3191.88,6093.92,3117.78,4682.43,25225.91,40928.46,53737.08,52761.68,13001.94,3904.13,19316.41,28885.07,7333.48,12651.1,7590.98,5714.87,3947.88,9185.91,1416.38,1e+09,2352.75,2877.72,3735.69,3291.03,2744.7,3475.41,5079.56,3167.51,2426.06,9080.55,4406.22,3630.75,2539.16,4469.04,5564.77
11233.74,81140.39,60599.5,80355.36,92293.79,88770.21,4496.66,9387.51,20427.54,23781.66,33342.07,2636.72,2123.69,6711.51,2109.28,20834,37986.16,42036.97,4971.6,2495.61,6332.4,2334.96,3831.51,25565.57,41268.12,55246.88,52714.12,14702.33,5144.62,21411.28,29224.73,6836.54,11032.91,7453.54,6600.19,4655.84,10729.86,2102.97,2352.75,1e+09,2674.16,4518.32,3995.62,2657.83,2187.52,4058.4,2519.21,1941.51,10653.02,4614.92,4879.47,1682.21,4678.88,4193.32
14341.61,86545.24,66429.43,86185.29,98123.72,94600.14,4359.48,5753.44,26215.92,28614.57,38958.88,6768.14,4695.69,9361.96,4002.61,23484.45,42582.62,44687.42,9077.67,5823.58,10322.57,4796.86,7656.47,30164.28,46303.18,58692.2,58235.24,17866.15,6265.72,24061.73,34259.79,11812.67,8086.48,4414.76,8691.36,3073.81,14156.43,2715.85,2877.72,2674.16,1e+09,4204.42,5567.48,4461.42,5086.27,7084.1,5044.2,4000.27,14043.94,7094.6,7335.74,1671.84,8517.01,3468.07
7874.59,74508.92,60519.39,77838.25,89062.64,88080.5,5422.75,7767.2,16543.28,16006.31,27134.52,7799.7,6666.47,4999.9,4374.99,10971.02,30171.29,32390.06,8124.11,5868.68,6254.87,3992.29,7752.15,17950.02,34961.39,47671.69,46900.93,10014.86,3661.11,13154.27,22635.89,7360.16,12358.13,5280.72,5001.56,5013.71,7486.95,3060.21,3735.69,4518.32,4204.42,1e+09,3476.32,5435.64,6526.43,6979.63,7011.95,5059.47,7455.17,3239.16,4915.02,4844.06,5566.9,8113.53
4908.13,76088.31,55895.58,75651.44,87589.87,84066.29,6703.42,11687.8,15723.62,17299.73,28472.56,4903.91,4638.93,1657.67,2842.14,11645.48,31454.83,32848.45,4206.3,2895.08,2865.4,2170.8,5501.89,19185.53,35443.05,47179.51,47416.81,7018.16,3542.09,12222.76,23399.66,5683.93,18129.1,9407.79,2002.98,5838.8,4342.77,1664.69,3291.03,3995.62,5567.48,3476.32,1e+09,2723.53,3735.32,5629.7,4403.29,3008.17,5016.17,1595.14,2074.03,4978.46,2136.92,11149.94
9062.25,78542.24,58001.35,77757.21,89695.64,86172.06,5804.84,10576.78,17829.39,21183.51,30743.92,2794.68,2372.85,4971.13,3105.59,18217.38,35375,39636.42,4041.44,1756.3,4326.69,1690.49,4219.97,23021.68,38883.3,52851.75,50115.97,12299.77,7072.75,19477.89,26684.55,4261.59,16772.74,11206.29,4666.1,5109.66,8457.21,1947.63,2744.7,2657.83,4461.42,5435.64,2723.53,1e+09,1501.01,4192.96,2066.38,953.01,8481.53,3191.8,2736.89,4001.68,2713.28,9004.61
8535.5,77726.85,57185.96,76941.82,88880.25,85356.67,5595.99,12304.38,17014,20368.12,29928.53,1775.03,2874.95,5134.93,1782.07,17576.84,34572.62,39459.22,4106.12,1326.94,4252.06,2641.01,3316.47,22350.53,38212.23,52651,49300.58,11761.68,7257.92,19210.21,25883.79,3406.5,15895.6,11948.76,5007.17,6531.44,7988.29,3132.96,3475.41,2187.52,5086.27,6526.43,3735.32,1501.01,1e+09,3145.26,2287.01,1886.03,7954.78,3739.84,3605.27,4210.65,2718.58,7857.53
6837.82,75411.62,55247.25,75003.11,86941.54,83172.86,7315.22,14671.73,15045.88,17480.95,27825.26,2744.79,4846.37,5063.52,3872.01,13277.56,31665.69,35449.19,4022.22,3071.63,4312.63,4574.89,1679.13,19494.06,36160.18,48981.56,47065.2,8748.61,7409.76,16866.12,23138,3282.76,16908.07,13018.84,7181.95,9113.47,6482.1,5018.18,5079.56,4058.4,7084.1,6979.63,5629.7,4192.96,3145.26,1e+09,3738.37,3503.78,7322.96,6025.77,3196.85,5657.75,4097.05,8245.58
10725.47,79930.07,59389.18,79145.04,91083.47,87559.89,4496.39,11984.71,19217.22,22571.34,32131.75,2333.59,2288.72,6915.26,3634.24,20011.89,36775.84,41529.77,4769.38,2534.12,6103.55,3072.45,3948.09,24535.89,40520.26,54618.72,51503.8,14289.15,7222.26,21826.4,28198.76,5436.92,12759.42,11152.7,7232.71,6567.07,10412.66,3383.16,3167.51,2519.21,5044.2,7011.95,4403.29,2066.38,2287.01,3738.37,1e+09,2101.63,10773.38,4960.11,4515.02,3577.25,4551.71,4283.5
9514.78,79189.24,58648.35,78404.21,90342.64,86819.06,4958.87,10646.71,18476.39,21830.51,31390.92,2750.12,2227.75,5436.39,3217.8,18430.18,35980.12,39849.22,3964.16,1393.83,5061.46,1616.12,3621.72,23560.13,39502.49,53173.1,50762.97,12716.45,6690.19,19932.91,27223,5189.16,15218.49,10071.34,5494.4,5214.54,8967.85,2401.27,2426.06,1941.51,4000.27,5059.47,3008.17,953.01,1886.03,3503.78,2101.63,1e+09,9000.39,3611.62,3166.8,2706.25,3437.6,7488.37
2110.02,64877.08,46958.35,66714.21,78652.64,75129.06,14104.61,20154.34,9456.75,8551.89,17502.68,8174.34,11351.86,3188.9,6631.4,6130.06,20539.45,22758.22,4881.87,7369.39,2899.52,6875.85,6910.25,10246.67,25329.55,37432.35,37269.09,4192.21,5430.17,7432.92,13150.07,5278.81,26070.01,13805.03,3629.07,13803.84,1959.4,7234.75,9080.55,10653.02,14043.94,7455.17,5016.17,8481.53,7954.78,7322.96,10773.38,9000.39,1e+09,5653.41,4792.36,13448.27,3877.2,18736.57
6029.71,72571.45,53851.04,73606.9,85545.33,82021.75,7482.94,13622.71,14384.7,14068.84,25197.05,4708.05,5102.36,3371.94,3409.7,9033.55,28233.82,30452.59,3935.02,2939.34,3199.66,2584.02,5699.74,16012.55,33023.92,44926.3,44963.46,7104.49,5069.19,11208.32,20698.42,5853.12,18938.7,11046.85,2722.65,7558.71,6039.25,2975.55,4406.22,4614.92,7094.6,3239.16,1595.14,3191.8,3739.84,6025.77,4960.11,3611.62,5653.41,1e+09,2897.85,6048.02,2766.18,11568.04
3862.76,74777.73,54382.24,74138.1,86076.53,82552.95,8105.56,13446.14,14210.28,16661.12,27057.04,3893.41,5542.06,1941.75,2274.34,11625.83,30753.5,33044.87,3567.39,3334.22,2466.07,2034.21,3434.77,18432.87,34643.83,47003.31,46151.93,6473.41,4545.01,13341.5,22322.33,2986.73,20028.8,10037.65,2760.13,7203.4,3856.96,2215.3,3630.75,4879.47,7335.74,4915.02,2074.03,2736.89,3605.27,3196.85,4515.02,3166.8,4792.36,2897.85,1e+09,6877.68,1869.36,12743.55
13834.39,84538.5,63997.61,83753.47,95691.9,92168.32,5818.77,7700.84,23825.65,27179.77,36740.18,4905.56,3585.02,8903.9,3426.63,23026.39,41179.95,44229.36,6901.87,3978.1,9023.95,3592.87,6102.9,28662.25,44364.8,57740.7,56112.23,17206.46,6256.42,23603.67,32321.41,10463.16,10836.11,6374.6,8233.3,2987.16,13525.11,2129.77,2539.16,1682.21,1671.84,4844.06,4978.46,4001.68,4210.65,5657.75,3577.25,2706.25,13448.27,6048.02,6877.68,1e+09,7135.25,3742.2
3790.81,73492.62,52951.73,72707.59,84646.02,81122.44,7992.83,15542.47,12779.77,16133.89,25694.3,3280.46,5107.8,2100.58,2378.7,12908.43,30338.39,34111.4,2178.88,2346.14,1501.19,2540.19,3868.58,17848.35,33550.9,47390.76,45066.35,6856.52,4993.39,13485.71,21507.51,2849.2,20097.22,12543.32,3110.22,8911.83,3316.83,2970.32,4469.04,4678.88,8517.01,5566.9,2136.92,2713.28,2718.58,4097.05,4551.71,3437.6,3877.2,2766.18,1869.36,7135.25,1e+09,12424.28
19225.59,88261.37,67720.48,87476.34,99414.77,95891.19,3792.99,8375.41,27548.52,30902.64,40463.05,6005.05,3980.82,15584.2,7166.12,28343.19,45107.14,50198.71,10897.76,7979.87,14410.14,7635.21,7973.68,32951.6,48919.33,63203.25,59835.1,22532.04,9778.9,30350.01,36614.47,13665.97,4906.47,7015.66,14625.14,6348.72,18704.03,7411.12,5564.77,4193.32,3468.07,8113.53,11149.94,9004.61,7857.53,8245.58,4283.5,7488.37,18736.57,11568.04,12743.55,3742.2,12424.28,1e+09
