1e+09,44978.83,22608.14,48030.51,58825.23,41589.29,15494.17,21934.14,5119.29,4635.44,5919.4,17810.3,19205.15,2487.9,10333.96,4258.08,10721.12,12786.35,12543.91,14732.1,8811.72,12895.19,14301.75,3184.87,14436.91,23409.88,18054.15,2327.9,3165.46,5486.46,6020.6,16336.08,33352.35,14943.16,3812.1,11201.25,4563.69,11238.5,13434.56,15705.6,18932.43,9112.88,8057.37,16181.72,18141.07,15524.58,18756.88,15894.05,4497.92,8109.05,8606.19,15397.68,9572.26,26046.39
44978.83,1e+09,11135.91,3312.63,7204.06,2723.42,68471.89,72539.03,48203.63,41124.48,34094.02,63945.62,68293.55,48755.85,58585.56,43035.28,26455.02,25404.57,61884.68,62441.22,56441.54,62491.91,63449.45,39082.39,23712.32,13256.52,15451.54,47034.71,49632.59,36668.81,40931.5,61095.79,78415.76,65548.05,49584.92,61133.33,51468.2,58994.17,60572.8,64582.17,66050.45,54107.78,57290.74,62603.01,65623.26,63206.88,66439.18,63576.35,46250.53,53112.43,55032.33,63112.44,57551.38,73728.69
22608.14,11135.91,1e+09,13576.26,23643.14,12790.85,46432.25,50673.18,26690.06,19425.67,13141.01,42432.05,46779.98,27242.28,36745.07,21521.71,9063.74,7916.01,40371.11,40927.65,34927.97,40777.9,41935.88,17622.66,6733.79,2081.95,3561.63,24647.91,28119.02,15199.38,19417.93,39582.22,56902.19,43785.24,27544.28,39619.76,29552.87,37480.6,39059.23,43068.6,44536.88,32469.59,35345.82,41089.44,43766.29,41511.66,44680.84,41612.48,24612.34,31474.24,33518.76,41598.87,35949.49,51818.19
48030.51,3312.63,13576.26,1e+09,7791.37,4826.75,70981.69,75590.71,53287.77,44880.66,39178.16,69029.76,73002.77,53779.95,62864.58,48119.42,30752.28,29239.49,66016.74,67525.36,61224.04,66419.21,68533.59,43369.17,26903.17,14810.73,20418.1,50086.39,53952.17,39720.49,46015.64,66179.93,83499.9,68599.73,52871.15,66217.47,55396.11,64078.31,65255.46,69085.59,71134.59,58175.69,61065.57,67687.15,69885.8,67274.79,70507.09,67644.26,50318.44,57180.34,60116.47,68196.58,62069,77796.6
58825.23,7204.06,23643.14,7791.37,1e+09,5885.64,82215.74,86385.43,63354.65,55765.15,49245.04,79096.64,83444.57,63906.87,73304.98,58186.3,41606.04,40157.12,76995.2,77592.24,71592.56,77346.48,78600.47,54233.41,37697.89,24877.61,30484.98,60881.11,64783.61,50515.21,56082.52,76246.81,93566.78,79394.45,63681.33,76284.35,66094.07,74145.19,75723.82,79733.19,81201.47,68606.49,71789.45,77754.03,80322.08,77705.59,80937.89,78075.06,60749.24,67611.14,70183.35,78263.46,72569.05,88227.4
41589.29,2723.42,12790.85,4826.75,5885.64,1e+09,67056,71181.25,44064.81,36985.66,29955.2,59806.8,64154.73,44617.03,54446.74,38896.46,23275.46,23388.67,57745.86,58302.4,52302.72,58353.09,59310.63,34943.57,21593.26,13957.99,17430.46,43564.62,45493.77,33284.97,36792.68,56956.97,74276.94,64190.27,46836.62,56994.51,47329.38,54855.35,56433.98,60443.35,61911.63,51359.48,53512.61,58464.19,61484.44,60458.58,63593.95,59703.47,43502.23,50364.13,50893.51,58973.62,53412.56,70122.66
15494.17,68471.89,46432.25,70981.69,82215.74,67056,1e+09,4020.41,11347.92,17265.74,23085.4,6623.22,3895.35,12514.37,5228.73,15306.78,32602.52,29532.18,5076.34,5984.03,6472.64,6672.42,5124.84,20514.91,36208.08,46851.97,41412.36,12275.02,10516.73,20504.77,16622.18,8076.3,8551.39,4650.71,9685.13,4958.64,9835.28,4366.3,5652.03,5987.72,6359.28,7511.98,5991.78,6152.17,4695.52,5460.38,4470.97,5821.96,9097.86,6828.87,7812.17,5791.72,6396.15,4304.06
21934.14,72539.03,50673.18,75590.71,86385.43,71181.25,4020.41,1e+09,13382.24,22289.68,27503.94,4349.4,3253.17,18978.31,8058.44,19210.38,37960.12,33599.32,5344.78,6214.04,8653.69,5635.16,5358.17,26142.39,41997.11,50970.08,45614.35,17314.64,16376.42,25297.88,19373.4,8248.11,5267.28,3873.47,15660.18,7044.34,12808.19,7449.57,6762.12,5332.14,3635.14,7703.83,8040.6,5072.2,3216.84,3589.67,2961.46,4442.46,13091.08,8802.82,9671.56,6251.47,9150,2248.13
5119.29,48203.63,26690.06,53287.77,63354.65,44064.81,11347.92,13382.24,1e+09,4837.18,8019.21,9274.43,11906.9,4723.49,6583.96,3098,16822.99,12308.85,6355.55,8928.22,3916.4,7717.49,8938.45,5760.18,20859.98,27836.14,22648.17,3254.58,3685.92,7162.31,4721.65,5933.16,18986.73,8727.02,3449.38,8995.86,3178.36,6538.99,7053.94,10469.62,9723.24,3507.99,4483.43,7888.51,8286.73,7529.02,8283.56,7308.48,4307.16,3790.46,4325.98,10049.84,5619.54,13957.19
4635.44,41124.48,19425.67,44880.66,55765.15,36985.66,17265.74,22289.68,4837.18,1e+09,4412.62,16709.39,20029.77,4522.09,10171.44,2948.2,8162.56,8701.57,13082.89,15093.29,9807.95,13463.87,16002.02,1994.2,11482.89,20349.8,15680.54,3621,4021.95,3608.25,3914.75,14094.58,31179.53,15711.64,3610.39,13995.8,5186.07,11594.04,12555.27,16061.14,18814.22,7495.67,8592.11,15121.23,17080.58,14464.09,17696.39,14833.56,4743.85,6844.49,8235.66,15876.21,9827.67,24985.9
5919.4,34094.02,13141.01,39178.16,49245.04,29955.2,23085.4,27503.94,8019.21,4412.62,1e+09,20712.85,25060.78,9041.85,14672.34,4183.04,5058.07,5474.67,18113.71,19208.45,13603.27,18464.99,20216.68,3629.33,8103.86,14047.85,10399.42,5396.2,7985.68,2938.95,3646.06,17863.02,35182.99,20512.96,7294.44,17900.56,9176.83,15761.4,17164.13,21275.4,22817.68,10816.59,13770.19,19370.24,21689.44,19072.95,22305.25,19442.42,5274.01,10137.16,12094.14,19879.67,13936.41,29594.76
17810.3,63945.62,42432.05,69029.76,79096.64,59806.8,6623.22,4349.4,9274.43,16709.39,20712.85,1e+09,2556.13,14854.47,3994.86,12851.09,33047.15,25042.97,2963.79,2120.68,5836.24,2250.58,2090.85,21769.18,37873.27,43578.13,38390.16,12803.63,12252.58,19255.93,11720.27,7499.44,12213.05,4270.17,11536.34,3099.74,8386.84,3618.91,2714.51,2203.16,1831.55,5066.65,4724.32,1997.22,2701.78,2919.07,3069.53,1809.79,8376.57,4910.67,4932.33,2279.08,5021.06,5532.32
19205.15,68293.55,46779.98,73002.77,83444.57,64154.73,3895.35,3253.17,11906.9,20029.77,25060.78,2556.13,1e+09,16225.35,5815.5,16950.47,35700.21,29390.9,4014.94,4297.53,7826.86,4434.92,3952.25,23882.48,39737.2,47926.06,42738.09,15054.73,14116.51,23037.97,16068.2,8424.61,8055.19,4435.46,13270.41,4578.04,11328.78,5410.09,4639.61,3621.91,2521.27,6826.45,6137.49,3406.04,2874.68,3735.84,3259.4,3296.3,11125.09,7041.8,7578.23,4059.83,6653.5,3880.13
2487.9,48755.85,27242.28,53779.95,63906.87,44617.03,12514.37,18978.31,4723.49,4522.09,9041.85,14854.47,16225.35,1e+09,7374.84,3727.71,16085.55,13661.46,9588.08,11781.92,6377.11,9939.36,11321.95,4487.23,19379.37,28388.36,23200.39,2082.82,2049.26,7756.57,7673.64,13428.19,30401.51,12024.25,2274.59,8197.48,2877.28,8282.67,10478.73,12749.77,15976.6,6880.9,5512.57,13249.86,15209.21,12592.72,15825.02,12962.19,4579.82,6087.54,5968.88,12369.94,6616.43,23114.53
10333.96,58585.56,36745.07,62864.58,73304.98,54446.74,5228.73,8058.44,6583.96,10171.44,14672.34,3994.86,5815.5,7374.84,1e+09,8622.82,26067.58,19682.91,2633.97,2743.52,3374.45,2603.81,3198.01,14519.73,30477.61,37838.05,32566.2,7023.12,5251.92,12840.85,8963.78,6853.21,19073.05,5979.43,4661.76,999.73,4495.62,1672.55,2180.91,2941.94,5051.77,3231.12,2571.93,3180.7,4725.74,3494.53,5575.79,3340.05,4084.88,3576.95,1886.52,3080.67,1285.07,11808.5
4258.08,43035.28,21521.71,48119.42,58186.3,38896.46,15306.78,19210.38,3098,2948.2,4183.04,12851.09,16950.47,3727.71,8622.82,1e+09,12136.81,8757.76,10541.6,11346.69,6898.09,10892.88,12710.3,3563.77,17036.66,22667.79,17479.82,2087.2,3185.4,5735.81,4270.52,10729.73,27321.23,12940.85,3509.22,10817.18,3409.24,8893.82,9367.75,12981.84,14955.92,4857.4,6269.54,11508.48,13611.78,11399.99,14227.59,11389.06,3419.96,3698.94,5051.19,12017.91,7177.23,21517.1
10721.12,26455.02,9063.74,30752.28,41606.04,23275.46,32602.52,37960.12,16822.99,8162.56,5058.07,33047.15,35700.21,16085.55,26067.58,12136.81,1e+09,5325.06,28569.89,30763.73,24552.91,28921.17,31410.1,6937.28,2861.25,9552.74,6072.15,12604.42,16552.2,6550.46,10587.06,30197.32,47517.29,30969.14,15256.02,29391.97,17909.61,27264.48,28559.37,31731.58,34958.41,21369.09,23572.59,31125.33,33084.68,30468.19,33700.49,30837.66,13799.54,20373.74,23549.8,32213.97,25331.65,40990
12786.35,25404.57,7916.01,29239.49,40157.12,23388.67,29532.18,33599.32,12308.85,8701.57,5474.67,25042.97,29390.9,13661.46,19682.91,8757.76,5325.06,1e+09,22982.03,23538.57,17752.99,23589.26,24546.8,9077.22,6124.52,8549.87,5575.25,12015.55,13058.07,6472.14,9067.32,22193.14,39513.11,26608.34,13531.37,22230.68,14619.95,20091.52,21670.15,25679.52,27147.8,15944.34,18893.86,23700.36,26720.61,24285.7,27518,24655.17,10902.49,15126.95,16294.78,24209.79,18648.73,34807.51
12543.91,61884.68,40371.11,66016.74,76995.2,57745.86,5076.34,5344.78,6355.55,13082.89,18113.71,2963.79,4014.94,9588.08,2633.97,10541.6,28569.89,22982.03,1e+09,2123.67,2910.42,1425.44,2352.99,16752.16,32606.88,41517.19,36224.12,8558.09,7236.49,15907.65,11547.8,5527.13,13526.43,4230.61,6627.99,2485.67,5354.29,2369.72,2056.2,3253.31,2520.31,3346.89,2803.66,2320.03,2736.58,2518.41,2932.4,1569.49,5885.9,3207.22,4273.16,2831.83,3494.42,6798.22
14732.1,62441.22,40927.65,67525.36,77592.24,58302.4,5984.03,6214.04,8928.22,15093.29,19208.45,2120.68,4297.53,11781.92,2743.52,11346.69,30763.73,23538.57,2123.67,1e+09,5418.53,2496.84,2085.38,18946,34800.72,42073.73,36885.76,10118.25,9180.03,17751.53,11099.81,7663.26,16303.58,5796.94,8463.79,1880.01,8178.2,1893.09,1087.87,838.21,3129.81,4880.31,3199.92,1874.68,3551.69,3170.34,4106.1,1877.88,7097.61,3469.85,3906.86,1299.45,3058.22,9042.78
8811.72,56441.54,34927.97,61224.04,71592.56,52302.72,6472.64,8653.69,3916.4,9807.95,13603.27,5836.24,7826.86,6377.11,3374.45,6898.09,24552.91,17752.99,2910.42,5418.53,1e+09,3449.22,3777.09,13005.06,28874.69,36074.05,30886.08,5369.08,4547.8,12021,7581.26,5007.72,15380.92,5207.96,4902.21,4917.68,3201.13,2827.34,4056.16,6352.69,5760.77,2850.16,2659.4,4785.67,4903.09,3077.67,4790.97,3767.89,4165.74,3024.71,3059.47,7699.71,4023.88,9485.59
12895.19,62491.91,40777.9,66419.21,77346.48,58353.09,6672.42,5635.16,7717.49,13463.87,18464.99,2250.58,4434.92,9939.36,2603.81,10892.88,28921.17,23589.26,1425.44,2496.84,3449.22,1e+09,2099.44,17103.44,32958.16,41931.13,36575.4,8909.37,7587.77,16267.17,11729,7482.97,13992.75,3496.62,7012.65,2847.12,4660.55,3120.17,2882.41,2639.02,2438.55,3162.4,3470.77,2707.03,3247.63,2200.18,3914.05,1731.75,5942.79,3492.94,4445.02,2954.18,3838.63,6962.99
14301.75,63449.45,41935.88,68533.59,78600.47,59310.63,5124.84,5358.17,8938.45,16002.02,20216.68,2090.85,3952.25,11321.95,3198.01,12710.3,31410.1,24546.8,2352.99,2085.38,3777.09,2099.44,1e+09,19322.49,35015.66,43081.96,37893.99,10813.08,9295.11,18759.76,12312.71,6799.55,12791.11,3294.85,8367.01,3149.49,7219.77,2134.85,2624.63,2470.77,2171.03,4065.36,3607.46,2593.14,2414.32,1932.39,2461.96,1505,6990.72,3864.9,5363.08,3062.45,4351.81,5918.27
3184.87,39082.39,17622.66,43369.17,54233.41,34943.57,20514.91,26142.39,5760.18,1994.2,3629.33,21769.18,23882.48,4487.23,14519.73,3563.77,6937.28,9077.22,16752.16,18946,13005.06,17103.44,19322.49,1e+09,9997.99,18714.9,14110.17,3991.46,5553.03,3666.68,4620.72,18919.35,36239.32,19151.41,4368.09,17034.48,6731.36,15446.75,17011.52,19913.85,23140.68,10398.14,11754.86,19577.48,21536.83,18920.34,22152.64,19289.81,6041.65,9398.55,12001.95,20936,13780.51,29442.15
14436.91,23712.32,6733.79,26903.17,37697.89,21593.26,36208.08,41997.11,20859.98,11482.89,8103.86,37873.27,39737.2,19379.37,30477.61,17036.66,2861.25,6124.52,32606.88,34800.72,28874.69,32958.16,35015.66,9997.99,1e+09,7433.93,4323.51,16492.79,20589.19,7328.63,14116.74,35097.17,52417.14,35006.13,19293.01,32566.1,21946.6,31301.47,33027.79,35768.57,38995.4,25837.51,27609.58,35593.75,37553.1,34936.61,38168.91,35306.08,17980.26,24842.16,28018.22,37049.48,29635.23,45458.42
23409.88,13256.52,2081.95,14810.73,24877.61,13957.99,46851.97,50970.08,27836.14,20349.8,14047.85,43578.13,47926.06,28388.36,37838.05,22667.79,9552.74,8549.87,41517.19,42073.73,36074.05,41931.13,43081.96,18714.9,7433.93,1e+09,4657.89,25465.76,29265.1,15953.68,20564.01,40728.3,58048.27,43979.1,28265.98,40765.84,30627.14,38626.68,40205.31,44214.68,45682.96,33139.56,36322.52,42235.52,44855.15,42238.66,45470.96,42608.13,25282.31,32144.21,34664.84,42744.95,37102.12,52760.47
18054.15,15451.54,3561.63,20418.1,30484.98,17430.46,41412.36,45614.35,22648.17,15680.54,10399.42,38390.16,42738.09,23200.39,32566.2,17479.82,6072.15,5575.25,36224.12,36885.76,30886.08,36575.4,37893.99,14110.17,4323.51,4657.89,1e+09,20110.03,24077.13,11688.68,15559.24,35540.33,52860.3,38623.37,22910.25,35577.87,25355.29,33438.71,35017.34,39026.71,40494.99,27867.71,31050.67,37047.55,39583.3,36966.81,40199.11,37336.28,20010.46,26872.36,29476.87,37556.98,31830.27,47488.62
2327.9,47034.71,24647.91,50086.39,60881.11,43564.62,12275.02,17314.64,3254.58,3621,5396.2,12803.63,15054.73,2082.82,7023.12,2087.2,12604.42,12015.55,8558.09,10118.25,5369.08,8909.37,10813.08,3991.46,16492.79,25465.76,20110.03,1e+09,2193.01,4918.74,3550.46,10587.48,27273.77,10957.34,2443.47,8978.21,2861.65,7309.4,8184.27,11086.1,14312.93,4930.11,4749.39,10680.83,12640.18,10322.45,13255.99,10393.16,2980.18,3902.37,4025.08,11970.45,5586.44,20545.5
3165.46,49632.59,28119.02,53952.17,64783.61,45493.77,10516.73,16376.42,3685.92,4021.95,7985.68,12252.58,14116.51,2049.26,5251.92,3185.4,16552.2,13058.07,7236.49,9180.03,4547.8,7587.77,9295.11,5553.03,20589.19,29265.1,24077.13,2193.01,1e+09,7307.21,6468.78,9926.5,26996.17,9747.46,2241.92,6987.91,1945.67,5750.78,7506.96,10147.88,13374.71,5026.6,4139.7,10072.92,12032.27,9415.78,12648.08,9785.25,3360.76,4754.47,3762.17,11302.25,4299.64,19937.59
5486.46,36668.81,15199.38,39720.49,50515.21,33284.97,20504.77,25297.88,7162.31,3608.25,2938.95,19255.93,23037.97,7756.57,12840.85,5735.81,6550.46,6472.14,15907.65,17751.53,12021,16267.17,18759.76,3666.68,7328.63,15953.68,11688.68,4918.74,7307.21,1e+09,2693.93,16436.22,33726.07,18514.94,5544.97,16443.64,8326.55,14304.48,15332.64,19069.34,21360.76,10383.44,11528.83,17898.6,19857.95,17241.46,20473.76,17610.93,5340.18,9416.96,10730.87,18422.75,12274.5,27763.27
6020.6,40931.5,19417.93,46015.64,56082.52,36792.68,16622.18,19373.4,4721.65,3914.75,3646.06,11720.27,16068.2,7673.64,8963.78,4270.52,10587.06,9067.32,11547.8,11099.81,7581.26,11729,12312.71,4620.72,14116.74,20564.01,15559.24,3550.46,6468.78,2693.93,1e+09,11053.85,26190.41,14456.41,5111.62,10700.16,6930.82,8962.58,9525.55,12747.68,13825.1,7022.74,8101.57,10810.48,13421.44,11209.54,14079.47,11319.15,3271.4,5954.46,5496.35,11108.99,8383.96,21033.2
16336.08,61095.79,39582.22,66179.93,76246.81,56956.97,8076.3,8248.11,5933.16,14094.58,17863.02,7499.44,8424.61,13428.19,6853.21,10729.73,30197.32,22193.14,5527.13,7663.26,5007.72,7482.97,6799.55,18919.35,35097.17,40728.3,35540.33,10587.48,9926.5,16436.22,11053.85,1e+09,8621.3,6715.26,9840.74,8252.79,7628.64,6197.79,6572.02,8533.65,7111.41,5573.44,5722.28,6089.29,5290.21,5431,5112.2,5802.05,8332.58,7081.7,6289.75,8897.31,6980.91,8011.11
33352.35,78415.76,56902.19,83499.9,93566.78,74276.94,8551.39,5267.28,18986.73,31179.53,35182.99,12213.05,8055.19,30401.51,19073.05,27321.23,47517.29,39513.11,13526.43,16303.58,15380.92,13992.75,12791.11,36239.32,52417.14,58048.27,52860.3,27273.77,26996.17,33726.07,26190.41,8621.3,1e+09,6944.2,26703.65,18215.1,21286.16,17689.04,16853.51,15100.85,10996.61,15112.89,17603.33,11737.18,9592.23,9360.64,8011.29,12455.37,22632.29,18427.89,19421.23,16550.67,19984.05,3628.57
14943.16,65548.05,43785.24,68599.73,79394.45,64190.27,4650.71,3873.47,8727.02,15711.64,20512.96,4270.17,4435.46,12024.25,5979.43,12940.85,30969.14,26608.34,4230.61,5796.94,5207.96,3496.62,3294.85,19151.41,35006.13,43979.1,38623.37,10957.34,9747.46,18514.94,14456.41,6715.26,6944.2,1e+09,9660.02,6744.73,6666.68,6473.83,6156.17,4876.18,3601.66,4825.9,6005.11,5245.21,4130.73,3047.27,3321.23,3893.99,8789.96,6169.56,7482.35,6017.57,6753.08,3384.85
3812.1,49584.92,27544.28,52871.15,63681.33,46836.62,9685.13,15660.18,3449.38,3610.39,7294.44,11536.34,13270.41,2274.59,4661.76,3509.22,15256.02,13531.37,6627.99,8463.79,4902.21,7012.65,8367.01,4368.09,19293.01,28265.98,22910.25,2443.47,2241.92,5544.97,5111.62,9840.74,26703.65,9660.02,1e+09,5879.03,2677.47,5131.04,7002.58,9431.64,12658.47,4815.25,4030.04,9568.54,11527.89,8911.4,12143.7,9280.87,3257.97,4442.91,3786.21,10141.38,4123.9,19433.21
11201.25,61133.33,39619.76,66217.47,76284.35,56994.51,4958.64,7044.34,8995.86,13995.8,17900.56,3099.74,4578.04,8197.48,999.73,10817.18,29391.97,22230.68,2485.67,1880.01,4917.68,2847.12,3149.49,17034.48,32566.1,40765.84,35577.87,8978.21,6987.91,16443.64,10700.16,8252.79,18215.1,6744.73,5879.03,1e+09,6304.05,2104.01,2079.22,2362.33,4037.67,4571.6,2858.22,2909.01,4167.05,4389.22,5504.36,3357.35,6357.87,3325.28,4202.38,1078.27,1790.18,10991.81
4563.69,51468.2,29552.87,55396.11,66094.07,47329.38,9835.28,12808.19,3178.36,5186.07,9176.83,8386.84,11328.78,2877.28,4495.62,3409.24,17909.61,14619.95,5354.29,8178.2,3201.13,4660.55,7219.77,6731.36,21946.6,30627.14,25355.29,2861.65,1945.67,8326.55,6930.82,7628.64,21286.16,6666.68,2677.47,6304.05,1e+09,5767.39,6633.66,8523.69,9507.91,2641.87,3033.7,7302.51,8891.98,6331.44,8799.37,6896.49,3587.13,3000.31,3387.32,8950.1,3871.62,15002.46
11238.5,58994.17,37480.6,64078.31,74145.19,54855.35,4366.3,7449.57,6538.99,11594.04,15761.4,3618.91,5410.09,8282.67,1672.55,8893.82,27264.48,20091.52,2369.72,1893.09,2827.34,3120.17,2134.85,15446.75,31301.47,38626.68,33438.71,7309.4,5750.78,14304.48,8962.58,6197.79,17689.04,6473.83,5131.04,2104.01,5767.39,1e+09,1151.91,2513.27,4442.9,3701.7,2248.78,2227.16,4047.25,3142.12,4144.6,2204.51,4454.51,2391.43,2763.62,2848.44,2374.78,10619.57
13434.56,60572.8,39059.23,65255.46,75723.82,56433.98,5652.03,6762.12,7053.94,12555.27,17164.13,2714.51,4639.61,10478.73,2180.91,9367.75,28559.37,21670.15,2056.2,1087.87,4056.16,2882.41,2624.63,17011.52,33027.79,40205.31,35017.34,8184.27,7506.96,15332.64,9525.55,6572.02,16853.51,6156.17,7002.58,2079.22,6633.66,1151.91,1e+09,1617.2,3682.06,3833,2574.3,1602.74,3659.71,3383.44,3778.76,2057.29,5407.55,2902.84,2495.79,2132.9,2713.05,9814.59
15705.6,64582.17,43068.6,69085.59,79733.19,60443.35,5987.72,5332.14,10469.62,16061.14,21275.4,2203.16,3621.91,12749.77,2941.94,12981.84,31731.58,25679.52,3253.31,838.21,6352.69,2639.02,2470.77,19913.85,35768.57,44214.68,39026.71,11086.1,10147.88,19069.34,12747.68,8533.65,15100.85,4876.18,9431.64,2362.33,8523.69,2513.27,1617.2,1e+09,2227.79,5039.36,3865.66,2513.25,3150.52,2719.54,4082.02,2057.22,7407.06,4076.1,4311.73,1196.5,3585.1,7989.09
18932.43,66050.45,44536.88,71134.59,81201.47,61911.63,6359.28,3635.14,9723.24,18814.22,22817.68,1831.55,2521.27,15976.6,5051.77,14955.92,34958.41,27147.8,2520.31,3129.81,5760.77,2438.55,2171.03,23140.68,38995.4,45682.96,40494.99,14312.93,13374.71,21360.76,13825.1,7111.41,10996.61,3601.66,12658.47,4037.67,9507.91,4442.9,3682.06,2227.79,1e+09,5170.82,5038.89,2744.89,1160.39,1666.51,2183.61,1508.14,10084.41,5791.19,6644.78,3067.86,6148.29,3994.05
9112.88,54107.78,32469.59,58175.69,68606.49,51359.48,7511.98,7703.83,3507.99,7495.67,10816.59,5066.65,6826.45,6880.9,3231.12,4857.4,21369.09,15944.34,3346.89,4880.31,2850.16,3162.4,4065.36,10398.14,25837.51,33139.56,27867.71,4930.11,5026.6,10383.44,7022.74,5573.44,15112.89,4825.9,4815.25,4571.6,2641.87,3701.7,3833,5039.36,5170.82,1e+09,2868.34,3906.65,4421.76,3653.37,4660.25,3399.16,3510.22,2083.37,3518.88,5872.61,3129.12,9090.7
8057.37,57290.74,35345.82,61065.57,71789.45,53512.61,5991.78,8040.6,4483.43,8592.11,13770.19,4724.32,6137.49,5512.57,2571.93,6269.54,23572.59,18893.86,2803.66,3199.92,2659.4,3470.77,3607.46,11754.86,27609.58,36322.52,31050.67,4749.39,4139.7,11528.83,8101.57,5722.28,17603.33,6005.11,4030.04,2858.22,3033.7,2248.78,2574.3,3865.66,5038.89,2868.34,1e+09,2861.87,4070.45,4088.12,4424.06,2654.22,4022.32,2085.37,1996.07,4492.72,1937.05,10819.55
16181.72,62603.01,41089.44,67687.15,77754.03,58464.19,6152.17,5072.2,7888.51,15121.23,19370.24,1997.22,3406.04,13249.86,3180.7,11508.48,31125.33,23700.36,2320.03,1874.68,4785.67,2707.03,2593.14,19577.48,35593.75,42235.52,37047.55,10680.83,10072.92,17898.6,10810.48,6089.29,11737.18,5245.21,9568.54,2909.01,7302.51,2227.16,1602.74,2513.25,2744.89,3906.65,2861.87,1e+09,2193.12,3362.77,2867.8,1770.02,7063.33,3590.67,3956.72,2692.13,3869.72,5932.24
18141.07,65623.26,43766.29,69885.8,80322.08,61484.44,4695.52,3216.84,8286.73,17080.58,21689.44,2701.78,2874.68,15209.21,4725.74,13611.78,33084.68,26720.61,2736.58,3551.69,4903.09,3247.63,2414.32,21536.83,37553.1,44855.15,39583.3,12640.18,12032.27,19857.95,13421.44,5290.21,9592.23,4130.73,11527.89,4167.05,8891.98,4047.25,3659.71,3150.52,1160.39,4421.76,4070.45,2193.12,1e+09,1907.32,1533.08,1571.17,8976.62,5502.37,5508.36,3895.09,5384.6,3760.07
15524.58,63206.88,41511.66,67274.79,77705.59,60458.58,5460.38,3589.67,7529.02,14464.09,19072.95,2919.07,3735.84,12592.72,3494.53,11399.99,30468.19,24285.7,2518.41,3170.34,3077.67,2200.18,1932.39,18920.34,34936.61,42238.66,36966.81,10322.45,9415.78,17241.46,11209.54,5431,9360.64,3047.27,8911.4,4389.22,6331.44,3142.12,3383.44,2719.54,1666.51,3653.37,4088.12,3362.77,1907.32,1e+09,2255.76,1943.19,6334.55,4525.68,4409.49,3509.52,4575.16,4015.52
18756.88,66439.18,44680.84,70507.09,80937.89,63593.95,4470.97,2961.46,8283.56,17696.39,22305.25,3069.53,3259.4,15825.02,5575.79,14227.59,33700.49,27518,2932.4,4106.1,4790.97,3914.05,2461.96,22152.64,38168.91,45470.96,40199.11,13255.99,12648.08,20473.76,14079.47,5112.2,8011.29,3321.23,12143.7,5504.36,8799.37,4144.6,3778.76,4082.02,2183.61,4660.25,4424.06,2867.8,1533.08,2255.76,1e+09,2419.29,9363.51,5598.47,6498.67,5453.35,6353.87,2537.88
15894.05,63576.35,41612.48,67644.26,78075.06,59703.47,5821.96,4442.46,7308.48,14833.56,19442.42,1809.79,3296.3,12962.19,3340.05,11389.06,30837.66,24655.17,1569.49,1877.88,3767.89,1731.75,1505,19289.81,35306.08,42608.13,37336.28,10393.16,9785.25,17610.93,11319.15,5802.05,12455.37,3893.99,9280.87,3357.35,6896.49,2204.51,2057.29,2057.22,1508.14,3399.16,2654.22,1770.02,1571.17,1943.19,2419.29,1e+09,6786.2,3621.25,3949.91,2662.44,4029.05,5554.51
4497.92,46250.53,24612.34,50318.44,60749.24,43502.23,9097.86,13091.08,4307.16,4743.85,5274.01,8376.57,11125.09,4579.82,4084.88,3419.96,13799.54,10902.49,5885.9,7097.61,4165.74,5942.79,6990.72,6041.65,17980.26,25282.31,20010.46,2980.18,3360.76,5340.18,3271.4,8332.58,22632.29,8789.96,3257.97,6357.87,3587.13,4454.51,5407.55,7407.06,10084.41,3510.22,4022.32,7063.33,8976.62,6334.55,9363.51,6786.2,1e+09,3439.84,3042.95,8078.99,4370.84,16060.26
8109.05,53112.43,31474.24,57180.34,67611.14,50364.13,6828.87,8802.82,3790.46,6844.49,10137.16,4910.67,7041.8,6087.54,3576.95,3698.94,20373.74,15126.95,3207.22,3469.85,3024.71,3492.94,3864.9,9398.55,24842.16,32144.21,26872.36,3902.37,4754.47,9416.96,5954.46,7081.7,18427.89,6169.56,4442.91,3325.28,3000.31,2391.43,2902.84,4076.1,5791.19,2083.37,2085.37,3590.67,5502.37,4525.68,5598.47,3621.25,3439.84,1e+09,2849.19,4974.85,3366.8,11487.56
8606.19,55032.33,33518.76,60116.47,70183.35,50893.51,7812.17,9671.56,4325.98,8235.66,12094.14,4932.33,7578.23,5968.88,1886.52,5051.19,23549.8,16294.78,4273.16,3906.86,3059.47,4445.02,5363.08,12001.95,28018.22,34664.84,29476.87,4025.08,3762.17,10730.87,5496.35,6289.75,19421.23,7482.35,3786.21,4202.38,3387.32,2763.62,2495.79,4311.73,6644.78,3518.88,1996.07,3956.72,5508.36,4409.49,6498.67,3949.91,3042.95,2849.19,1e+09,4565.46,1886.65,12797.69
15397.68,63112.44,41598.87,68196.58,78263.46,58973.62,5791.72,6251.47,10049.84,15876.21,19879.67,2279.08,4059.83,12369.94,3080.67,12017.91,32213.97,24209.79,2831.83,1299.45,7699.71,2954.18,3062.45,20936,37049.48,42744.95,37556.98,11970.45,11302.25,18422.75,11108.99,8897.31,16550.67,6017.57,10141.38,1078.27,8950.1,2848.44,2132.9,1196.5,3067.86,5872.61,4492.72,2692.13,3895.09,3509.52,5453.35,2662.44,8078.99,4974.85,4565.46,1e+09,3637.32,9443.37
9572.26,57551.38,35949.49,62069,72569.05,53412.56,6396.15,9150,5619.54,9827.67,13936.41,5021.06,6653.5,6616.43,1285.07,7177.23,25331.65,18648.73,3494.42,3058.22,4023.88,3838.63,4351.81,13780.51,29635.23,37102.12,31830.27,5586.44,4299.64,12274.5,8383.96,6980.91,19984.05,6753.08,4123.9,1790.18,3871.62,2374.78,2713.05,3585.1,6148.29,3129.12,1937.05,3869.72,5384.6,4575.16,6353.87,4029.05,4370.84,3366.8,1886.65,3637.32,1e+09,12962.72
26046.39,73728.69,51818.19,77796.6,88227.4,70122.66,4304.06,2248.13,13957.19,24985.9,29594.76,5532.32,3880.13,23114.53,11808.5,21517.1,40990,34807.51,6798.22,9042.78,9485.59,6962.99,5918.27,29442.15,45458.42,52760.47,47488.62,20545.5,19937.59,27763.27,21033.2,8011.11,3628.57,3384.85,19433.21,10991.81,15002.46,10619.57,9814.59,7989.09,3994.05,9090.7,10819.55,5932.24,3760.07,4015.52,2537.88,5554.51,16060.26,11487.56,12797.69,9443.37,12962.72,1e+09
