1e+09,19250.33,21892.06,22927.32,31266.37,20389.16,48727.68,12842.74,13426.96,17495.46,19827.37,23517.11,18829.16,19478.12,14509.01,10581.58,15471.55,24384.08,19312.38,17269.17,21857.88,18938.36,14372.25,12472.39,13763.76,14473.94,13803.39,24831.24,16632.09,11988.6,20436.83,39851.68,43635.02,20934.44,32316.59,18960.01,27693.89,25517.33,22372.58,26276.2,29221.09,21766.72,24270.25,20520.34,17841.58,19562.52,24702.14,17570.67,22487.46,21205.36,21757.04,18777.14,25203.45,34077.21
19250.33,1e+09,4996.75,5790.58,10101.51,58181.62,95316.05,47510.48,45939.96,31386.02,65273.07,65871.14,62162.23,66066.49,56471.31,39121.5,38755.7,70972.45,64675.91,63043,68446.25,64212.71,48464.09,33179.39,19285.2,21956.65,51750.03,70472.88,52338.19,44947.82,63188.47,83861.97,90004.49,64630.02,77025.27,61964.69,70936.39,72105.7,68949.53,71366.24,75593.98,68355.09,70858.62,67108.71,62992.86,64126.94,71290.51,62854.99,69075.83,67104.35,67936.65,60250.47,71791.82,79720.3
21892.06,4996.75,1e+09,3544.53,7369.78,63481.06,101629.76,53824.19,51906.06,36685.46,70572.51,70494.4,67638.7,72380.2,62785.02,45435.21,45069.41,77286.16,69856.76,69356.71,74759.96,70400.75,54777.8,39493.1,25598.91,28270.36,57143.04,76197.61,57436.2,51261.53,68149.82,88862.58,94627.75,69253.28,82324.71,67303.2,75559.65,77181.25,74352.05,75989.5,80936.36,74619.44,77172.33,73320.75,68796.39,69426.38,77604.22,68766.82,75389.54,72140.21,73236.09,65076.21,77042.69,84343.56
22927.32,5790.58,3544.53,1e+09,4799.85,68720.72,104267.7,56462.13,54891.61,40527.18,74279.71,77045.45,71113.88,75018.14,65422.96,48073.15,47707.35,79924.1,73627.56,71994.65,77397.9,73164.36,57415.74,42131.04,28236.85,30908.3,60701.68,79953.68,61664.35,53899.47,72588.03,94401.07,99203.18,74388.36,87564.37,70916.34,82353.67,81057.35,77901.18,81421.7,84905.7,77306.74,79810.27,76060.36,71944.51,74054.7,80242.16,71806.64,78027.48,76056,77487.85,69202.12,80743.47,90008.56
31266.37,10101.51,7369.78,4799.85,1e+09,79062.48,114673.03,66867.46,65296.94,50932.51,84685.04,87450.78,81519.21,85423.47,75828.29,58478.48,58112.68,90329.43,84032.89,82399.98,87803.23,83569.69,67821.07,52536.37,38642.18,41313.63,71107.01,90337.82,72069.68,64304.8,82993.36,104325.69,109608.51,84793.69,97835.5,81321.67,92759,91462.68,88306.51,91827.03,95311.03,87712.07,90215.6,86465.69,82349.84,84460.03,90647.49,82211.97,88432.81,86461.33,87893.18,79607.45,91148.8,100413.89
20389.16,58181.62,63481.06,68720.72,79062.48,1e+09,36774.21,7203.15,7325.95,21724.79,4509.18,5439.19,3057.86,7250.16,4729.62,7382.83,10472.43,12968.61,3078.01,3394.1,10442.41,4140.19,4255.41,13388.94,27383.45,23047.37,4958.25,8959.06,3995.05,5984.63,3399.46,18341.03,26152.06,3099.42,13301.25,2823.64,7503.5,9171.78,7555.22,7608.45,14253.64,8165.25,11632.81,6506.36,3080.94,3631.93,13286.67,3694.9,9136.23,4860.61,5432.19,2772.86,9150.1,15141.49
48727.68,95316.05,101629.76,104267.7,114673.03,36774.21,1e+09,35676.42,44105.79,61243.22,28806.46,25875.06,31086.69,27163.36,27984.71,43566.2,47105.12,17831.17,29868.1,31151.53,22589.34,25972.46,39925.25,52516.58,66593.87,63723.23,38145.12,25119.18,42442.36,42362.03,28891.34,10008.84,4950.94,31573.11,17694.24,30231.13,19829.44,19674.17,25077.94,22528.4,19770.36,25110.97,20441.97,27976.54,32519.09,30524.27,19301.14,29756.26,25234.47,25291.24,27626.01,33618.55,21780.2,13633.5
12842.74,47510.48,53824.19,56462.13,66867.46,7203.15,35676.42,1e+09,3634.19,13437.65,8866.61,11067.65,7585.97,7098.07,5281.96,3785.97,7183.46,11742.46,8671.52,6748.65,9266.54,7244.2,4012.78,7442.43,19017.22,15954.8,3858.2,11271.28,4744.43,3052.25,8696.19,25067.95,30611.9,9280.68,18582.9,7264.34,15244.65,12956.29,10111.18,13875.6,16314.42,8717.26,11218.99,8097.67,7971.27,7831.54,11650.88,6709.26,9436.2,8900.51,10124.19,7285.11,12382.75,21417.28
13426.96,45939.96,51906.06,54891.61,65296.94,7325.95,44105.79,3634.19,1e+09,11274.34,13915.36,14121.86,10951.97,14856.23,7026.09,4456.52,5926.39,19762.19,13465.65,11832.74,17235.99,13002.45,3100.12,4168.67,16130.6,12629.48,2923.6,18774.58,3000.59,2256.27,11673.43,30819.72,38530.05,12969.03,24729.06,10682.12,18722.42,20895.44,17739.27,19606.21,24191.83,17144.83,19648.36,15898.45,11782.6,12462.19,20080.25,11644.73,17865.57,15894.09,16397.42,9320.69,20581.56,27882.67
17495.46,31386.02,36685.46,40527.18,50932.51,21724.79,61243.22,13437.65,11274.34,1e+09,29700.24,28623.54,26793.13,31993.66,22398.48,8997.81,6858.77,36899.62,28912.65,28918.09,34373.42,29717.21,14391.26,6401.65,3423.87,3636.4,16320.29,35009.21,16364.96,10874.99,27008.56,45895.77,53415.43,27854.41,40374.48,26437.11,33607.8,36202.04,33532.47,34491.59,39976.71,34058.34,36785.79,32756.01,28110.48,28247.07,37217.68,28117.01,34978.28,31147.77,32182.3,24013.73,36121.92,42768.05
19827.37,65273.07,70572.51,74279.71,84685.04,4509.18,28806.46,8866.61,13915.36,29700.24,1e+09,4533.86,2790.51,3006.99,4309.4,11827.38,15470.95,7658,2007.35,2355.8,4221.49,2534.89,8665.08,20767.76,34762.27,31055.38,8577.21,4102.35,10343.92,11022,2178.57,11798.88,19053.4,2561.08,6924.94,2225.79,5078.62,3954.84,3035.67,2832.97,6831.24,3872.22,4394.45,2235.35,1927.84,1989.15,6522.92,2022.65,3117.54,1451.33,2524.23,4187.65,3140.94,8485.94
23517.11,65871.14,70494.4,77045.45,87450.78,5439.19,25875.06,11067.65,14121.86,28623.54,4533.86,1e+09,3975.93,3261.59,5013.9,13122.85,14401.54,6060.06,3698.66,4408.84,3857.32,3372.42,10170.98,19556.35,33633.64,29026.72,10896.64,2922.03,9058.31,12092.41,3839.56,9335.96,15794.06,3415.49,5824.03,4286.23,3601.86,4106.75,2724.09,3041,5377.65,3449.01,3207.07,3142.56,5816.48,5013.85,5463.51,4950.56,2776.66,3181.78,2912.57,4068.82,2688.09,6432.76
18829.16,62162.23,67638.7,71113.88,81519.21,3057.86,31086.69,7585.97,10951.97,26793.13,2790.51,3975.93,1e+09,3537.73,2997.46,8778.63,11289.19,9766.03,1825.23,2105.62,6017.19,2312.73,5846.3,16700.65,30777.94,27196.31,6751.86,4652.93,7154.7,7899.67,2629.25,14627.39,21684.91,1796.93,9048.45,2342,5422.98,5477.44,4526.67,4240.45,9374.69,4832.88,6358.49,3739.12,2509.6,3548.19,8775.73,2873.02,4510.63,1994.25,2984.46,2342.01,5228.13,11037.53
19478.12,66066.49,72380.2,75018.14,85423.47,7250.16,27163.36,7098.07,14856.23,31993.66,3006.99,3261.59,3537.73,1e+09,4521.89,14316.64,17571.46,5580.16,3018.66,2426.78,2159.59,2703.94,10580.99,22982.92,37060.21,34271.25,8895.56,1957.47,13192.8,13112.47,5395.72,11860.94,19657.55,3318.81,6296.21,4767.44,5866.81,4458.04,2679.92,4701.94,6167.68,1263.24,3231.49,1622.73,3492.87,2339.18,3814.1,1800.11,1434.15,2016.54,1914.53,4592.62,3830.1,9183.61
14509.01,56471.31,62785.02,65422.96,75828.29,4729.62,27984.71,5281.96,7026.09,22398.48,4309.4,5013.9,2997.46,4521.89,1e+09,8643.12,12650.19,7484.48,3368.09,3073.29,5680.82,2313.36,7094.09,15190.98,28637.51,25128.21,4200.08,5616.86,7667.8,7091.93,4257.37,13830.6,19157.83,3759.16,10024.84,4538.7,6506.91,4766.92,3719.2,4749.06,7955,5138.37,5355.93,4292.11,3283.8,4391.13,7381.24,4546.46,5616.18,3342.05,3667.59,4128.93,4663.91,10010.44
10581.58,39121.5,45435.21,48073.15,58478.48,7382.83,43566.2,3785.97,4456.52,8997.81,11827.38,13122.85,8778.63,14316.64,8643.12,1e+09,6017.42,19222.6,10657.25,10402.12,16696.4,11201.24,3899.34,5211.61,12531.74,11409.92,5723.95,17375.68,6215.67,3896.71,10002.98,29663.07,35428.24,10390.67,23400.38,8804.93,16542.82,17981.74,15606.92,16789.99,22191.23,15777.09,19108.77,14456.67,10051.26,10800.77,19540.66,10021.69,16685.51,12940.7,14187.93,7945.1,17843.18,25144.05
15471.55,38755.7,45069.41,47707.35,58112.68,10472.43,47105.12,7183.46,5926.39,6858.77,15470.95,14401.54,11289.19,17571.46,12650.19,6017.42,1e+09,24403.18,13498.52,13252.12,21052.79,14051.24,6050.45,3886.65,10809.02,8918.82,8273.13,19949.41,6987.99,6191.24,12870.47,31041.31,38001.3,12440.28,25215.86,11337.04,18193.67,20787.91,18626.98,19077.46,25542.1,19698.12,22056.48,17306.67,13128.57,14618.44,24378.4,14731.12,19932.53,15733.64,16674.8,9213.29,20693.18,27353.92
24384.08,70972.45,77286.16,79924.1,90329.43,12968.61,17831.17,11742.46,19762.19,36899.62,7658,6060.06,9766.03,5580.16,7484.48,19222.6,24403.18,1e+09,8751.26,8137.81,3430.94,5354.57,16128.87,29475.26,43138.65,39629.35,13801.52,5649.15,18098.76,18018.43,8167.99,6489.47,9099.93,9725.65,4830.39,8780.59,5159.6,2861.96,4940.31,4289.7,3063.2,4424.05,3016.04,6306.53,8235.73,6621.75,1578.94,6265.12,5168.88,5250.11,6610.15,11350.47,4304.26,3943.66
19312.38,64675.91,69856.76,73627.56,84032.89,3078.01,29868.1,8671.52,13465.65,28912.65,2007.35,3698.66,1825.23,3018.66,3368.09,10657.25,13498.52,8751.26,1e+09,1229.36,4928.45,2616.77,7686.16,18918.71,32996,29315.83,8062.22,4207.38,9366.87,10117.73,2947.84,12499.96,19787.1,1873.51,7543.94,2741.46,5282.8,3879.04,3050.95,3435.84,7930.06,3845.22,4997.95,1931.21,1504.88,2343.57,8129.44,2988.42,3769.7,2483.18,2138.52,2718.8,3000.24,9169.78
17269.17,63043,69356.71,71994.65,82399.98,3394.1,31151.53,6748.65,11832.74,28918.09,2355.8,4408.84,2105.62,2426.78,3073.29,10402.12,13252.12,8137.81,1229.36,1e+09,5387.16,2002.38,7125.55,18663.58,32740.87,29519.96,6095.73,4082.71,9117.63,9862.6,3577.42,14631.92,22355.29,2046.38,9279.21,2387.14,7088.38,5186.39,3468.53,5534.34,9676.85,3094.57,6133.53,2102.11,872.44,1860.13,7913.99,1779.69,3901.64,2796.7,2227.13,2757.06,5018.75,11917.8
21857.88,68446.25,74759.96,77397.9,87803.23,10442.41,22589.34,9266.54,17235.99,34373.42,4221.49,3857.32,6017.19,2159.59,5680.82,16696.4,21052.79,3430.94,4928.45,5387.16,1e+09,4119.37,13327.94,26464.25,40541.54,37103.15,11275.32,2976.58,15572.56,15492.23,5522.96,8670.75,15909.32,6666.47,5671.87,5659.55,4972.87,3523.74,2618.89,3596.15,3033.51,2030.15,1495.41,3472.82,5759.81,4291.05,2526.98,3839.48,2098.29,2046.82,3638.28,8100.64,2564.36,7139.28
18938.36,64212.71,70400.75,73164.36,83569.69,4140.19,25972.46,7244.2,13002.45,29717.21,2534.89,3372.42,2312.73,2703.94,2313.36,11201.24,14051.24,5354.57,2616.77,2002.38,4119.37,1e+09,8171.73,19462.7,33539.99,30195.55,7590.3,4183.67,9916.75,10661.72,2908.86,12108.47,17145.58,2716.03,7245.82,2617.27,4431.67,3867.11,2253.36,3464.22,6315.54,3735.46,3672.99,3014.92,2401.84,3171.85,5493.08,2887.31,3610.16,2374.21,2854.8,2869.82,3652.36,8088.84
14372.25,48464.09,54777.8,57415.74,67821.07,4255.41,39925.25,4012.78,3100.12,14391.26,8665.08,10170.98,5846.3,10580.99,7094.09,3899.34,6050.45,16128.87,7686.16,7125.55,13327.94,8171.73,1e+09,8551.82,20630.29,17120.99,3735.69,13574.63,3524.8,2718.84,6922.18,25245.36,32230.49,7079.42,19120.88,5444.86,12522.52,15010.65,12271.91,13306.65,18873.11,12725.49,15270.75,11187.54,6796.14,7448.63,16332.65,7237.58,13374.24,9962.83,10721.07,4505.58,14872.09,21583.11
12472.39,33179.39,39493.1,42131.04,52536.37,13388.94,52516.58,7442.43,4168.67,6401.65,20767.76,19556.35,16700.65,22982.92,15190.98,5211.61,3886.65,29475.26,18918.71,18663.58,26464.25,19462.7,8551.82,1e+09,8975.57,7022.48,8052.65,25912.51,7675.62,5535.83,17837.2,37556.05,43689.7,18315.23,31701.13,16894.04,24621.6,26243.2,24167.36,25051.45,31222.55,24436.79,27467.94,22718.13,18540.03,19739.19,29391.5,19079.63,25343.99,21202.16,22449.39,14138.16,26104.64,33405.51
13763.76,19285.2,25598.91,28236.85,38642.18,27383.45,66593.87,19017.22,16130.6,3423.87,34762.27,33633.64,30777.94,37060.21,28637.51,12531.74,10809.02,43138.65,32996,32740.87,40541.54,33539.99,20630.29,8975.57,1e+09,3515.98,21367.58,40029.89,21118.09,17114.02,31831.71,51815.16,57766.99,32392.52,45824.72,30971.33,38698.89,40320.49,38244.65,39128.74,45160.9,38431.3,41545.23,36795.42,32617.32,33650.92,43303.23,32991.36,39339.72,35279.45,36526.68,28215.45,40181.93,47482.8
14473.94,21956.65,28270.36,30908.3,41313.63,23047.37,63723.23,15954.8,12629.48,3636.4,31055.38,29026.72,27196.31,34271.25,25128.21,11409.92,8918.82,39629.35,29315.83,29519.96,37103.15,30195.55,17120.99,7022.48,3515.98,1e+09,17675.43,36038.25,17244.12,13678.04,27887.72,46953.09,53818.61,28257.59,41345.87,27355.47,34010.98,36605.22,34887.61,34894.77,41331.85,35114.27,38653.9,33570.79,29371.94,29602.21,39947.41,29472.15,36085.25,31550.95,32736.64,24416.91,36525.1,43171.23
13803.39,51750.03,57143.04,60701.68,71107.01,4958.25,38145.12,3858.2,2923.6,16320.29,8577.21,10896.64,6751.86,8895.56,4200.08,5723.95,8273.13,13801.52,8062.22,6095.73,11275.32,7590.3,3735.69,8052.65,21367.58,17675.43,1e+09,13147.98,2147.15,3293.72,8334.71,25241.77,33080.6,9267.12,19234.37,7165.18,14760.45,14934.77,11778.6,15408.7,18599.15,11184.16,13687.69,9937.78,6156.35,7969.66,14119.58,6366.56,11904.9,10289,11133.14,6404.79,14620.89,23516.14
24831.24,70472.88,76197.61,79953.68,90337.82,8959.06,25119.18,11271.28,18774.58,35009.21,4102.35,2922.03,4652.93,1957.47,5616.86,17375.68,19949.41,5649.15,4207.38,4082.71,2976.58,4183.67,13574.63,25912.51,40029.89,36038.25,13147.98,1e+09,15575.32,16565.47,6762.91,6784.05,13981.06,3921.38,2542.94,6752.69,2990.95,2969.77,2799.76,2452.75,3100.96,1319.36,2951.32,2187.81,5213.11,3788.63,3640.59,3770.03,1494.84,2842.46,1692.97,6406.8,2115.46,3815.77
16632.09,52338.19,57436.2,61664.35,72069.68,3995.05,42442.36,4744.43,3000.59,16364.96,10343.92,9058.31,7154.7,13192.8,7667.8,6215.67,6987.99,18098.76,9366.87,9117.63,15572.56,9916.75,3524.8,7675.62,21118.09,17244.12,2147.15,15575.32,1e+09,2378.47,7385.58,25689.89,33601.44,7853.87,20283.72,6902.79,13054.28,16621.16,14228.84,14392.01,20785,14524.73,17921.99,13172.18,8831.03,8687.79,18416.82,8801.46,15433.15,11553.66,12541.2,4947.22,16558.69,22590.87
11988.6,44947.82,51261.53,53899.47,64304.8,5984.63,42362.03,3052.25,2256.27,10874.99,11022,12092.41,7899.67,13112.47,7091.93,3896.71,6191.24,18018.43,10117.73,9862.6,15492.23,10661.72,2718.84,5535.83,17114.02,13678.04,3293.72,16565.47,2378.47,1e+09,8864.63,28616.47,34888.72,9514.25,22572.5,7687.94,15820.62,17442.22,14801.54,16250.47,21385.85,15072.57,17904.6,13770.24,9245.88,9875.87,18336.49,9216.31,15992.51,12401.18,13648.41,6516.44,17303.66,24604.53
20436.83,63188.47,68149.82,72588.03,82993.36,3399.46,28891.34,8696.19,11673.43,27008.56,2178.57,3839.56,2629.25,5395.72,4257.37,10002.98,12870.47,8167.99,2947.84,3577.42,5522.96,2908.86,6922.18,17837.2,31831.71,27887.72,8334.71,6762.91,7385.58,8864.63,1e+09,12312.91,19178.43,3307.5,8352.64,1140.83,3663.8,5290.77,4640.18,3211.39,7450.04,6093,5662.65,5344.06,3153.66,3342.91,7686.55,3115.97,5113.48,2196.12,4715.32,3215.65,4775.18,9271.72
39851.68,83861.97,88862.58,94401.07,104325.69,18341.03,10008.84,25067.95,30819.72,45895.77,11798.88,9335.96,14627.39,11860.94,13830.6,29663.07,31041.31,6489.47,12499.96,14631.92,8670.75,12108.47,25245.36,37556.05,51815.16,46953.09,25241.77,6784.05,25689.89,28616.47,12312.91,1e+09,3588.74,13253.92,3805.41,14944.7,7024.66,7611.16,8296.65,7071.37,4944.66,10305.05,7860.71,11190.5,15191.31,13522.47,7208.53,14810.96,8611.69,10693.78,9929.37,16948.11,7116.47,2705.34
43635.02,90004.49,94627.75,99203.18,109608.51,26152.06,4950.94,30611.9,38530.05,53415.43,19053.4,15794.06,21684.91,19657.55,19157.83,35428.24,38001.3,9099.93,19787.1,22355.29,15909.32,17145.58,32230.49,43689.7,57766.99,53818.61,33080.6,13981.06,33601.44,34888.72,19178.43,3588.74,1e+09,21064.95,6639.96,21404.25,9937.98,10758.91,15042.73,12496.66,10334.59,18151.85,13472.32,19248.03,23150.65,21333.5,11449.85,22366.45,16239.93,18535.84,17740.4,24290.57,12953.32,4863.63
20934.44,64630.02,69253.28,74388.36,84793.69,3099.42,31573.11,9280.68,12969.03,27854.41,2561.08,3415.49,1796.93,3318.81,3759.16,10390.67,12440.28,9725.65,1873.51,2046.38,6666.47,2716.03,7079.42,18315.23,32392.52,28257.59,9267.12,3921.38,7853.87,9514.25,3307.5,13253.92,21064.95,1e+09,8170.13,2910.14,4776.2,5343.38,3704.93,4314.84,9358.15,3456.62,6486.54,2339.95,1912.51,2082.11,8527.11,2673.83,4104.59,1868.81,2314.79,2380.52,4743.94,10054.38
32316.59,77025.27,82324.71,87564.37,97835.5,13301.25,17694.24,18582.9,24729.06,40374.48,6924.94,5824.03,9048.45,6296.21,10024.84,23400.38,25215.86,4830.39,7543.94,9279.21,5671.87,7245.82,19120.88,31701.13,45824.72,41345.87,19234.37,2542.94,20283.72,22572.5,8352.64,3805.41,6639.96,8170.13,1e+09,10264.71,3787.16,3392.85,4733.69,3205.66,2750.65,5110.86,4564.75,5937.36,9988.82,8269.25,4244.44,9223.03,4231.16,6319.68,4902.38,11617.21,3395.84,1404.36
18960.01,61964.69,67303.2,70916.34,81321.67,2823.64,30231.13,7264.34,10682.12,26437.11,2225.79,4286.23,2342,4767.44,4538.7,8804.93,11337.04,8780.59,2741.46,2387.14,5659.55,2617.27,5444.86,16894.04,30971.33,27355.47,7165.18,6752.69,6902.79,7687.94,1140.83,14944.7,21404.25,2910.14,10264.71,1e+09,4614.12,5973.52,5249.82,4407.13,9013.04,5975.87,6076.33,4884.99,2567.9,2562.57,8273.05,2555.37,5339.25,2264.98,4548.82,1925.18,5317.05,11363.64
27693.89,70936.39,75559.65,82353.67,92759,7503.5,19829.44,15244.65,18722.42,33607.8,5078.62,3601.86,5422.98,5866.81,6506.91,16542.82,18193.67,5159.6,5282.8,7088.38,4972.87,4431.67,12522.52,24621.6,38698.89,34010.98,14760.45,2990.95,13054.28,15820.62,3663.8,7024.66,9937.98,4776.2,3787.16,4614.12,1e+09,3288.94,4559.25,3067.57,4069.39,4450.43,4100.23,5407.02,7188.3,5919.63,5016.53,7408.33,4538.51,4118.7,4346.62,6275.25,3613.98,4210.45
25517.33,72105.7,77181.25,81057.35,91462.68,9171.78,19674.17,12956.29,20895.44,36202.04,3954.84,4106.75,5477.44,4458.04,4766.92,17981.74,20787.91,2861.96,3879.04,5186.39,3523.74,3867.11,15010.65,26243.2,40320.49,36605.22,14934.77,2969.77,16621.16,17442.22,5290.77,7611.16,10758.91,5343.38,3392.85,5973.52,3288.94,1e+09,3051.64,2678.3,2943.32,4026.18,3015.8,3508.56,6063.7,5006.92,3234.77,5933.57,3341.65,3723.72,3443.33,7702.95,2125.61,4634.46
22372.58,68949.53,74352.05,77901.18,88306.51,7555.22,25077.94,10111.18,17739.27,33532.47,3035.67,2724.09,4526.67,2679.92,3719.2,15606.92,18626.98,4940.31,3050.95,3468.53,2618.89,2253.36,12271.91,24167.36,38244.65,34887.61,11778.6,2799.76,14228.84,14801.54,4640.18,8296.65,15042.73,3704.93,4733.69,5249.82,4559.25,3051.64,1e+09,2957.98,4101.51,2233.98,2317.04,1908.28,4053.61,3305.04,4042.28,3750.31,2263.47,3069.09,2103.33,5805.73,1880.76,5580.15
26276.2,71366.24,75989.5,81421.7,91827.03,7608.45,22528.4,13875.6,19606.21,34491.59,2832.97,3041,4240.45,4701.94,4749.06,16789.99,19077.46,4289.7,3435.84,5534.34,3596.15,3464.22,13306.65,25051.45,39128.74,34894.77,15408.7,2452.75,14392.01,16250.47,3211.39,7071.37,12496.66,4314.84,3205.66,4407.13,3067.57,2678.3,2957.98,1e+09,3109.42,4541.79,2374.22,4247.21,5501.17,5488.07,3659.82,6014.58,2686.86,3089.01,3167.51,6977.65,1726.58,4251.89
29221.09,75593.98,80936.36,84905.7,95311.03,14253.64,19770.36,16314.42,24191.83,39976.71,6831.24,5377.65,9374.69,6167.68,7955,22191.23,25542.1,3063.2,7930.06,9676.85,3033.51,6315.54,18873.11,31222.55,45160.9,41331.85,18599.15,3100.96,20785,21385.85,7450.04,4944.66,10334.59,9358.15,2750.65,9013.04,4069.39,2943.32,4101.51,3109.42,1e+09,4687.69,2323.72,6376.42,10349.53,8657,1897.57,8830.18,3443.32,5257.33,5506.6,11943.45,2551.81,3529.18
21766.72,68355.09,74619.44,77306.74,87712.07,8165.25,25110.97,8717.26,17144.83,34058.34,3872.22,3449.01,4832.88,1263.24,5138.37,15777.09,19698.12,4424.05,3845.22,3094.57,2030.15,3735.46,12725.49,24436.79,38431.3,35114.27,11184.16,1319.36,14524.73,15072.57,6093,10305.05,18151.85,3456.62,5110.86,5975.87,4450.43,4026.18,2233.98,4541.79,4687.69,1e+09,1658.08,1423.31,4289.13,2968.19,1974.37,2555.04,1202.67,1948.38,1854.96,6112.13,3200.84,7413.92
24270.25,70858.62,77172.33,79810.27,90215.6,11632.81,20441.97,11218.99,19648.36,36785.79,4394.45,3207.07,6358.49,3231.49,5355.93,19108.77,22056.48,3016.04,4997.95,6133.53,1495.41,3672.99,15270.75,27467.94,41545.23,38653.9,13687.69,2951.32,17921.99,17904.6,5662.65,7860.71,13472.32,6486.54,4564.75,6076.33,4100.23,3015.8,2317.04,2374.22,2323.72,1658.08,1e+09,3266.91,7985.94,6066.84,1991.19,5298.83,2241.75,2707.81,3713.41,8569.91,1115.03,5461.36
20520.34,67108.71,73320.75,76060.36,86465.69,6506.36,27976.54,8097.67,15898.45,32756.01,2235.35,3142.56,3739.12,1622.73,4292.11,14456.67,17306.67,6306.53,1931.21,2102.11,3472.82,3014.92,11187.54,22718.13,36795.42,33570.79,9937.78,2187.81,13172.18,13770.24,5344.06,11190.5,19248.03,2339.95,5937.36,4884.99,5407.02,3508.56,1908.28,4247.21,6376.42,1423.31,3266.91,1e+09,2902.83,1774.46,4761.61,2137.87,1799.36,2288.78,1846.74,3988.52,2305.64,8381.96
17841.58,62992.86,68796.39,71944.51,82349.84,3080.94,32519.09,7971.27,11782.6,28110.48,1927.84,5816.48,2509.6,3492.87,3283.8,10051.26,13128.57,8235.73,1504.88,872.44,5759.81,2401.84,6796.14,18540.03,32617.32,29371.94,6156.35,5213.11,8831.03,9245.88,3153.66,15191.31,23150.65,1912.51,9988.82,2567.9,7188.3,6063.7,4053.61,5501.17,10349.53,4289.13,7985.94,2902.83,1e+09,1831.53,8493.55,1914.49,5260.11,3048.4,2471.44,3008.89,5857.14,12309.34
19562.52,64126.94,69426.38,74054.7,84460.03,3631.93,30524.27,7831.54,12462.19,28247.07,1989.15,5013.85,3548.19,2339.18,4391.13,10800.77,14618.44,6621.75,2343.57,1860.13,4291.05,3171.85,7448.63,19739.19,33650.92,29602.21,7969.66,3788.63,8687.79,9875.87,3342.91,13522.47,21333.5,2082.11,8269.25,2562.57,5919.63,5006.92,3305.04,5488.07,8657,2968.19,6066.84,1774.46,1831.53,1e+09,6498.73,1373.1,3975.72,2785.35,2240.12,3216.68,4378.06,10322.93
24702.14,71290.51,77604.22,80242.16,90647.49,13286.67,19301.14,11650.88,20080.25,37217.68,6522.92,5463.51,8775.73,3814.1,7381.24,19540.66,24378.4,1578.94,8129.44,7913.99,2526.98,5493.08,16332.65,29391.5,43303.23,39947.41,14119.58,3640.59,18416.82,18336.49,7686.55,7208.53,11449.85,8527.11,4244.44,8273.05,5016.53,3234.77,4042.28,3659.82,1897.57,1974.37,1991.19,4761.61,8493.55,6498.73,1e+09,5730.72,3330.45,3871.73,4918.29,10891.83,3221.73,5310.69
17570.67,62854.99,68766.82,71806.64,82211.97,3694.9,29756.26,6709.26,11644.73,28117.01,2022.65,4950.56,2873.02,1800.11,4546.46,10021.69,14731.12,6265.12,2988.42,1779.69,3839.48,2887.31,7237.58,19079.63,32991.36,29472.15,6366.56,3770.03,8801.46,9216.31,3115.97,14810.96,22366.45,2673.83,9223.03,2555.37,7408.33,5933.57,3750.31,6014.58,8830.18,2555.04,5298.83,2137.87,1914.49,1373.1,5730.72,1e+09,3436.84,2801.9,2939.23,3757.32,5275.69,12082.26
22487.46,69075.83,75389.54,78027.48,88432.81,9136.23,25234.47,9436.2,17865.57,34978.28,3117.54,2776.66,4510.63,1434.15,5616.18,16685.51,19932.53,5168.88,3769.7,3901.64,2098.29,3610.16,13374.24,25343.99,39339.72,36085.25,11904.9,1494.84,15433.15,15992.51,5113.48,8611.69,16239.93,4104.59,4231.16,5339.25,4538.51,3341.65,2263.47,2686.86,3443.32,1202.67,2241.75,1799.36,5260.11,3975.72,3330.45,3436.84,1e+09,2025.86,1722.49,6445.96,2301.35,5801.3
21205.36,67104.35,72140.21,76056,86461.33,4860.61,25291.24,8900.51,15894.09,31147.77,1451.33,3181.78,1994.25,2016.54,3342.05,12940.7,15733.64,5250.11,2483.18,2796.7,2046.82,2374.21,9962.83,21202.16,35279.45,31550.95,10289,2842.46,11553.66,12401.18,2196.12,10693.78,18535.84,1868.81,6319.68,2264.98,4118.7,3723.72,3069.09,3089.01,5257.33,1948.38,2707.81,2288.78,3048.4,2785.35,3871.73,2801.9,2025.86,1e+09,2291.88,3311.87,3298.78,8819.54
21757.04,67936.65,73236.09,77487.85,87893.18,5432.19,27626.01,10124.19,16397.42,32182.3,2524.23,2912.57,2984.46,1914.53,3667.59,14187.93,16674.8,6610.15,2138.52,2227.13,3638.28,2854.8,10721.07,22449.39,36526.68,32736.64,11133.14,1692.97,12541.2,13648.41,4715.32,9929.37,17740.4,2314.79,4902.38,4548.82,4346.62,3443.33,2103.33,3167.51,5506.6,1854.96,3713.41,1846.74,2471.44,2240.12,4918.29,2939.23,1722.49,2291.88,1e+09,4310.34,2538.61,6729.83
18777.14,60250.47,65076.21,69202.12,79607.45,2772.86,33618.55,7285.11,9320.69,24013.73,4187.65,4068.82,2342.01,4592.62,4128.93,7945.1,9213.29,11350.47,2718.8,2757.06,8100.64,2869.82,4505.58,14138.16,28215.45,24416.91,6404.79,6406.8,4947.22,6516.44,3215.65,16948.11,24290.57,2380.52,11617.21,1925.18,6275.25,7702.95,5805.73,6977.65,11943.45,6112.13,8569.91,3988.52,3008.89,3216.68,10891.83,3757.32,6445.96,3311.87,4310.34,1e+09,7155.45,13643.19
25203.45,71791.82,77042.69,80743.47,91148.8,9150.1,21780.2,12382.75,20581.56,36121.92,3140.94,2688.09,5228.13,3830.1,4663.91,17843.18,20693.18,4304.26,3000.24,5018.75,2564.36,3652.36,14872.09,26104.64,40181.93,36525.1,14620.89,2115.46,16558.69,17303.66,4775.18,7116.47,12953.32,4743.94,3395.84,5317.05,3613.98,2125.61,1880.76,1726.58,2551.81,3200.84,1115.03,2305.64,5857.14,4378.06,3221.73,5275.69,2301.35,3298.78,2538.61,7155.45,1e+09,4712.36
34077.21,79720.3,84343.56,90008.56,100413.89,15141.49,13633.5,21417.28,27882.67,42768.05,8485.94,6432.76,11037.53,9183.61,10010.44,25144.05,27353.92,3943.66,9169.78,11917.8,7139.28,8088.84,21583.11,33405.51,47482.8,43171.23,23516.14,3815.77,22590.87,24604.53,9271.72,2705.34,4863.63,10054.38,1404.36,11363.64,4210.45,4634.46,5580.15,4251.89,3529.18,7413.92,5461.36,8381.96,12309.34,10322.93,5310.69,12082.26,5801.3,8819.54,6729.83,13643.19,4712.36,1e+09
