1e+09,20594.3,8893.93,29901.01,44866.41,18419.76,18903.62,22564.7,8118.23,4296.82,2748.83,16236.87,18252.23,3224.25,12861.76,4425.83,5258.76,6442.53,13068.43,15368.17,11972.72,12361.53,14626.91,3385.64,7502.57,8704.98,6849.8,3637.2,4905.79,5344.55,5878.91,23387.32,32105.29,16019.16,5636.62,14793.29,6650.3,12072.71,14779,15564.85,20082.49,12594.86,9780.57,17192.76,18535.92,21912.71,25038.23,16940.75,6378.55,12169.87,13304.79,16896.76,11285.12,27975.12
20594.3,1e+09,5808.54,3185.3,9610.11,2377.81,46347.95,48997.6,31336.23,21971.06,18761.54,43203.67,44685.13,27378.8,39294.66,28782.78,12463.36,13686.85,39501.33,41801.07,38405.62,38794.43,41400.25,21011.97,10093.71,7607.14,9537.75,25513.54,29284.65,18552.11,26892.51,49820.22,59296.55,42452.06,29147.04,42096.73,31445.74,38505.61,41211.9,41997.75,46515.39,39027.76,36092.75,43625.66,44968.82,48910.31,51805.03,43592.59,31461.35,38602.77,39737.69,43503.08,37718.02,54408.02
8893.93,5808.54,1e+09,9129.08,20872.85,7065.76,32993.74,35643.39,18358.2,10676.08,7639.91,29849.46,31330.92,14215.99,25940.45,15428.57,4778.97,6253.73,26147.12,28446.86,25051.41,25440.22,28046.04,9731.88,3436.37,2005.14,3209.79,12864.54,15930.44,8737.82,14243.51,36466.01,45942.34,29097.85,16219.43,28742.52,18091.53,25151.4,27857.69,28643.54,33161.18,25673.55,22738.54,30271.45,31614.61,35556.1,38450.82,30238.38,18107.14,25248.56,26383.48,30148.87,24363.81,41053.81
29901.01,3185.3,9129.08,1e+09,6777.5,5029.23,55654.66,58304.31,40642.94,30666.63,27036.91,52510.38,53991.84,36685.51,48601.37,38089.49,17988.4,19611.04,48808.04,51107.78,47712.33,48101.14,50706.96,29840.02,15080.07,10544.5,14132.15,34820.25,38591.36,26782.6,36199.22,59126.93,68603.26,51758.77,38453.75,51403.44,40752.45,47812.32,50518.61,51304.46,55822.1,48334.47,45399.46,52932.37,54275.53,58217.02,61111.74,52899.3,40768.06,47909.48,49044.4,52809.79,47024.73,63714.73
44866.41,9610.11,20872.85,6777.5,1e+09,10678.64,70620.06,73269.71,55608.34,45632.03,42002.31,67475.78,68957.24,51650.91,63566.77,53054.89,31787.82,33409.2,63773.44,66073.18,62677.73,63066.54,65672.36,44805.42,28047.67,21676.1,26707.55,49785.65,53556.76,41748,51164.62,74092.33,83568.66,66724.17,53419.15,66368.84,55717.85,62777.72,65484.01,66269.86,70787.5,63299.87,60364.86,67897.77,69240.93,73182.42,76077.14,67864.7,55733.46,62874.88,64009.8,67775.19,61990.13,78680.13
18419.76,2377.81,7065.76,5029.23,10678.64,1e+09,44173.41,46823.06,29161.69,19661.74,17094.2,41029.13,42510.59,25204.26,37120.12,26608.24,11523.83,14139.83,37326.79,39626.53,36231.08,36619.89,39225.71,18835.13,10274.26,7779.49,10760.32,23339,27110.11,17762.03,24717.97,47645.68,57122.01,40277.52,26972.5,39922.19,29271.2,36331.07,39037.36,39823.21,44340.85,36853.22,33918.21,41451.12,42794.28,46735.77,49630.49,41418.05,29286.81,36428.23,37563.15,41328.54,35543.48,52233.48
18903.62,46347.95,32993.74,55654.66,70620.06,44173.41,1e+09,4677.71,8538.94,12929.8,16754.38,9349.58,9127.35,15174.02,6154.84,11794.33,26115.06,16160.3,8352.75,7500.52,6876.3,9235.6,8830.58,13591.82,28575.59,30173.08,28036.9,12137.71,10613.64,13645.47,9549.43,3153.85,9363.16,6450.41,8661.42,5585.58,10156.27,7987.46,7717.78,7992.7,6997.92,9323.36,8473.93,9023.33,8711.61,5705.2,6617.66,9399.34,9528.95,6464.46,7023.03,7281.48,7452.83,7270.03
22564.7,48997.6,35643.39,58304.31,73269.71,46823.06,4677.71,1e+09,7593.8,14727.53,20158.1,6233.9,4461.63,19594.04,4234.6,14126.56,29285.89,17936.16,6179.1,4209.58,5368.47,7591.58,6604.18,14459.11,31648.19,32822.73,31153.57,13228.5,12220.5,14748.71,10596.09,3056.57,4151.48,3124.54,8197.09,4574.69,8534.3,8402.41,5774.78,6225.88,2579.77,5723.31,6912.16,5954.14,3749.4,1637.32,1839.94,5929.69,10313.73,3675.48,7417.96,6448.46,6367.98,2556.62
8118.23,31336.23,18358.2,40642.94,55608.34,29161.69,8538.94,7593.8,1e+09,4471.27,6835.78,6235.74,5797.21,7182.5,3542.68,4323.15,13452.06,6897.56,2667.7,4940.56,2404.89,4246.48,4850.54,3371.9,15602.3,15808.03,15404.41,3529.19,4006.9,4977.77,3192.74,8764.28,13117.11,4624.44,1939.31,4183.99,2511.42,3862.84,3771.28,4843.05,4582.57,3499.46,2460.32,5795.55,5130.27,7039.93,8204.14,5528.69,3922.84,3192.3,4736.83,6341.9,3483.82,9362.8
4296.82,21971.06,10676.08,30666.63,45632.03,19661.74,12929.8,14727.53,4471.27,1e+09,3514.77,9614.56,10288.06,5758.89,6738.41,3730.2,6081.25,3387.56,6707.66,7890.99,7477.66,6261.95,7984.24,1457.16,8015.81,8552.36,8200.84,2940.86,2661.62,2368.1,2556.35,15550.15,24363.65,10627.99,3500.15,8779.3,4536.95,5859.86,7441.31,7727.68,12245.32,6670.59,5022.21,9242.39,10597.99,14301.16,17311.28,9765.98,3317.21,7245.91,6309.04,8990.35,5302.66,20042.23
2748.83,18761.54,7639.91,27036.91,42002.31,17094.2,16754.38,20158.1,6835.78,3514.77,1e+09,13818.32,15845.63,3879.6,10455.16,3934.44,4403.55,3792.42,10661.83,12961.57,10323.07,9954.93,12217.92,3428.64,5615.81,7220.92,5409.05,3277.85,4488.11,3312.65,4432.83,20980.72,29686.74,13788.62,4976.04,12381.91,6299.7,9666.11,12372.4,13158.25,17675.89,10318.34,8444.84,14786.16,16129.32,19503.72,22629.24,14522.2,5690.5,10492.56,10898.19,14485.38,9016.12,25568.52
16236.87,43203.67,29849.46,52510.38,67475.78,41029.13,9349.58,6233.9,6235.74,9614.56,13818.32,1e+09,1885.38,12144.47,3745.64,7223.01,22583.66,12925.39,3162.59,2216.38,4751.74,2045.67,1896.1,10222.72,25351.76,27028.8,24667.98,6624.09,5927.05,9902.46,5697.18,9417.86,11649.92,5887.49,6652.01,3282.85,6093.63,2993.65,2409.42,1910.22,2801.75,2535.18,3572.16,1971.67,2721.26,4834.94,6552.72,939.93,4053.38,4316.62,2367.06,1815.4,2690.45,7895.61
18252.23,44685.13,31330.92,53991.84,68957.24,42510.59,9127.35,4461.63,5797.21,10288.06,15845.63,1885.38,1e+09,14049.53,3668.45,8582.05,24488.72,13623.69,3108.97,2374.15,4829.96,3384.49,2617.74,10868.14,27256.82,28510.26,26573.04,7815.74,6798.48,10466.9,6214.99,6417.63,7411.44,5069.92,7373.58,2513.93,6802.63,3924.23,3521.56,2429.6,2565.37,2611.89,3747.75,2362.25,2039.94,3974.32,5163.95,1947.86,5067.87,3909.89,2830.34,2344.93,3307.95,4518.28
3224.25,27378.8,14215.99,36685.51,51650.91,25204.26,15174.02,19594.04,7182.5,5758.89,3879.6,12144.47,14049.53,1e+09,9848.1,2520.65,9245.54,6819.8,9866.32,11261.4,9711,8671.37,10546.54,5826.65,11006.35,12718.29,10676.25,3918.54,3667.59,6952.11,5776.05,20677.68,28125.12,13411.24,5132.76,10748.46,5662.35,8474.12,11311.02,11643.47,16591.87,9279.31,7821.85,12913.97,14359.46,18213.15,21389.58,12690.87,4868.67,10030.51,9384.09,12755.08,8145.76,23803.7
12861.76,39294.66,25940.45,48601.37,63566.77,37120.12,6154.84,4234.6,3542.68,6738.41,10455.16,3745.64,3668.45,9848.1,1e+09,6703.58,19531.02,9339.5,2461.1,3158.05,2245.5,3212.04,3645.81,7797.61,21945.25,23119.79,21450.63,6199.21,4185.46,7094.85,4517.35,6791.8,12686.96,3425.07,3002.07,2362.22,3557.88,3013.6,2563.91,2927.32,1963.92,2324.44,3169.11,4529.11,3609.8,3983.43,6219.05,3861.47,3552.72,2827.36,2788.61,3504.72,1791.29,8365.54
4425.83,28782.78,15428.57,38089.49,53054.89,26608.24,11794.33,14126.56,4323.15,3730.2,3934.44,7223.01,8582.05,2520.65,6703.58,1e+09,10774.44,5728.32,5726.04,6036.85,6393.14,4937.9,6083.86,3696.15,12287.59,13799.34,12171.96,1466.73,1874.28,5051.45,3016.82,15231.22,22340.86,10188.3,4031.45,7451.14,3652.65,4567.26,6191.05,6175.99,11124.39,5495.38,4025.93,7491.54,8891.98,13222.46,16052.69,7618.29,2208.1,5993.21,4708.16,7225.85,4266.81,18336.22
5258.76,12463.36,4778.97,17988.4,31787.82,11523.83,26115.06,29285.89,13452.06,6081.25,4403.55,22583.66,24488.72,9245.54,19531.02,10774.44,1e+09,5950.07,19789.62,21700.59,18693.91,19082.72,21283.87,6204.14,2793.34,3734.82,2571.45,8823.34,10615.62,5902.86,9760.54,30108.51,38564.31,22740.35,10992.8,21659.07,12601.36,18793.9,21500.19,22082.66,26803.68,19316.05,16381.04,23353.16,24798.65,28770.91,31781.03,23130.06,12819.69,18891.06,19823.28,23194.27,18006.31,34242.89
6442.53,13686.85,6253.73,19611.04,33409.2,14139.83,16160.3,17936.16,6897.56,3387.56,3792.42,12925.39,13623.69,6819.8,9339.5,5728.32,5950.07,1e+09,9304.2,11315.71,9635.83,8939.06,11416.51,4897.81,5090.08,4934.53,4725.24,4896.91,5212.8,3585.52,4941.47,18775.72,28235.11,12503.81,6242.53,12011.06,6487.69,8905.86,10580.82,11026.17,15453.95,8987.55,7995.38,12821.56,13918.74,17848.87,20743.59,13070.45,5696.7,9686.52,9428.09,12441.64,7692.85,23346.58
13068.43,39501.33,26147.12,48808.04,63773.44,37326.79,8352.75,6179.1,2667.7,6707.66,10661.83,3162.59,3108.97,9866.32,2461.1,5726.04,19789.62,9304.2,1e+09,2754.42,2266.43,2475.05,2078.16,7015.01,22151.92,23326.46,21657.3,5306.95,4255.03,6852.59,4291.88,7895.96,11238.61,4293.64,3494.91,2448.92,3444.78,1675.78,1700.19,2017.6,2989.59,1468.13,2047.66,3148.54,2464.37,5170.27,6276.17,2292.59,3156.05,2889.61,2813.12,2995.07,2106.45,7484.3
15368.17,41801.07,28446.86,51107.78,66073.18,39626.53,7500.52,4209.58,4940.56,7890.99,12961.57,2216.38,2374.15,11261.4,3158.05,6036.85,21700.59,11315.71,2754.42,1e+09,4459.5,3072.6,1879.74,8819.99,24451.66,25626.2,23784.91,6297.23,5529.9,8568.91,5160.95,6236.76,11204.33,4799.02,5636.38,2529.91,5869.33,2275.63,1900.47,1837.36,2700.54,2853.41,2945.21,1907.12,2111.57,3532.01,5461.89,2493.16,3942.34,3046.97,2283.13,2799.54,2639.5,6649.95
11972.72,38405.62,25051.41,47712.33,62677.73,36231.08,6876.3,5368.47,2404.89,7477.66,10323.07,4751.74,4829.96,9711,2245.5,6393.14,18693.91,9635.83,2266.43,4459.5,1e+09,3447.24,3262.09,6955.31,21056.21,22230.75,20561.59,5901.37,5038.07,7707.31,4847.26,7398.22,10496.14,3313.14,2023.06,3641.63,3330.06,3560.55,3831.75,4719.38,2601.6,3192.51,2748.81,5125.57,4073.35,4688,5689.83,4207.64,4730.29,1938.05,5327.32,6539.8,4289.63,6702.31
12361.53,38794.43,25440.22,48101.14,63066.54,36619.89,9235.6,7591.58,4246.48,6261.95,9954.93,2045.67,3384.49,8671.37,3212.04,4937.9,19082.72,8939.06,2475.05,3072.6,3447.24,1e+09,2006.89,7874.51,21445.02,22619.56,20950.4,5225.43,3634.78,6822.4,4433.34,10423.26,12635.83,5157.32,4082.28,3870.21,3542.9,2566.44,2907.9,2427.21,4063.66,1764.66,3029.95,2342.36,3415.71,5951.39,7288.14,1990.67,3164.11,4092.01,3013.13,2960,2772.46,9008.8
14626.91,41400.25,28046.04,50706.96,65672.36,39225.71,8830.58,6604.18,4850.54,7984.24,12217.92,1896.1,2617.74,10546.54,3645.81,6083.86,21283.87,11416.51,2078.16,1879.74,3262.09,2006.89,1e+09,9080.55,23833.51,25225.38,23294.82,5881.38,4855.3,8781.92,4549.4,8581.86,11706.94,5080.66,5267.31,2858.65,5670.74,1950.11,2551.48,2269.7,3514.83,2260.71,3199.15,2339.7,2672.46,5505.04,6831.22,1440.27,3005.88,3575.37,2219.03,2703.57,3271.02,7952.63
3385.64,21011.97,9731.88,29840.02,44805.42,18835.13,13591.82,14459.11,3371.9,1457.16,3428.64,10222.72,10868.14,5826.65,7797.61,3696.15,6204.14,4897.81,7015.01,8819.99,6955.31,7874.51,9080.55,1e+09,8013.89,8490.97,7927.56,2182.8,3667.59,3236.16,2403.18,15626.82,24730.54,10464.98,2981.7,9818.17,4241.31,6883.1,7730.13,8105.31,11971.94,7081.77,4549.23,10488.33,11165.69,14364,17239.02,10497.26,3804.13,6536.77,7584.07,9985.45,6321.45,19842.01
7502.57,10093.71,3436.37,15080.07,28047.67,10274.26,28575.59,31648.19,15602.3,8015.81,5615.81,25351.76,27256.82,11006.35,21945.25,12287.59,2793.34,5090.08,22151.92,24451.66,21056.21,21445.02,23833.51,8013.89,1e+09,3795.64,2272.96,10695.31,12573.6,6567.22,12050.98,32470.81,41332.41,25102.65,13483.7,24217.83,14503.93,21156.2,23862.49,24648.34,29165.98,21678.35,18743.34,26108.38,27566.75,31231.44,34241.56,25898.16,14517.66,21253.36,22388.28,25949.49,20368.61,37010.99
8704.98,7607.14,2005.14,10544.5,21676.1,7779.49,30173.08,32822.73,15808.03,8552.36,7220.92,27028.8,28510.26,12718.29,23119.79,13799.34,3734.82,4934.53,23326.46,25626.2,22230.75,22619.56,25225.38,8490.97,3795.64,1e+09,3966.95,11700.33,13886.27,8031.73,12736.31,33645.35,43121.68,26277.19,13641.8,25921.86,15917.54,22330.74,25037.03,25822.88,30340.52,22852.89,19917.88,27450.79,28793.95,32735.44,35630.16,27417.72,15933.15,22427.9,23562.82,27328.21,21543.15,38233.15
6849.8,9537.75,3209.79,14132.15,26707.55,10760.32,28036.9,31153.57,15404.41,8200.84,5409.05,24667.98,26573.04,10676.25,21450.63,12171.96,2571.45,4725.24,21657.3,23784.91,20561.59,20950.4,23294.82,7927.56,2272.96,3966.95,1e+09,10233.72,12210.58,6765.81,11292.66,31976.19,40648.63,24608.03,13054.56,23635.07,14306.04,20661.58,23367.87,24153.72,28671.36,21183.73,18248.72,25437.48,26882.97,30692.75,33702.87,25214.38,14319.77,20758.74,21893.66,25278.59,19873.99,36327.21
3637.2,25513.54,12864.54,34820.25,49785.65,23339,12137.71,13228.5,3529.19,2940.86,3277.85,6624.09,7815.74,3918.54,6199.21,1466.73,8823.34,4896.91,5306.95,6297.23,5901.37,5225.43,5881.38,2182.8,10695.31,11700.33,10233.72,1e+09,2001.26,3497.71,1631.07,14687.22,21759.58,9485.84,3268.09,7592.28,3551.95,4411.48,5725.82,5784.71,10226.33,4967.36,3924.64,7520.1,8456.76,12594.27,15309.1,6951.05,2002.19,5713.32,4696.77,7030.2,4097.93,17438.16
4905.79,29284.65,15930.44,38591.36,53556.76,27110.11,10613.64,12220.5,4006.9,2661.62,4488.11,5927.05,6798.48,3667.59,4185.46,1874.28,10615.62,5212.8,4255.03,5529.9,5038.07,3634.78,4855.3,3667.59,12573.6,13886.27,12210.58,2001.26,1e+09,4332.12,2595.11,13658.08,20756.72,8035.04,2651.75,6398.25,2517.28,3410.98,4859.91,4832.99,9223.47,3667.26,3566.85,6329.33,7433.9,11519.97,14306.24,6242.81,1204.27,5354.44,3468.53,5997.34,2870.51,16435.3
5344.55,18552.11,8737.82,26782.6,41748,17762.03,13645.47,14748.71,4977.77,2368.1,3312.65,9902.46,10466.9,6952.11,7094.85,5051.45,5902.86,3585.52,6852.59,8568.91,7707.31,6822.4,8781.92,3236.16,6567.22,8031.73,6765.81,3497.71,4332.12,1e+09,2638.47,15665.45,24816.53,10471.26,4017.46,9164.1,5267.52,6711.33,7743.71,7988.82,12266.5,6658.2,5459,9963.15,10895.81,14408.68,17418.8,10047.52,4916.5,7475.56,6861.01,9273.66,5408.21,20159.13
5878.91,26892.51,14243.51,36199.22,51164.62,24717.97,9549.43,10596.09,3192.74,2556.35,4432.83,5697.18,6214.99,5776.05,4517.35,3016.82,9760.54,4941.47,4291.88,5160.95,4847.26,4433.34,4549.4,2403.18,12050.98,12736.31,11292.66,1631.07,2595.11,2638.47,1e+09,12040.39,19501.28,8503.74,3158.28,5323.21,4311.32,3262.81,4238.07,4398.53,8113.88,4220.44,3197.84,5923.84,6986.45,9817.02,12942.54,5884.68,2501.41,4371.3,2944.79,5080.44,3105.66,15746.97
23387.32,49820.22,36466.01,59126.93,74092.33,47645.68,3153.85,3056.57,8764.28,15550.15,20980.72,9417.86,6417.63,20677.68,6791.8,15231.22,30108.51,18775.72,7895.96,6236.76,7398.22,10423.26,8581.86,15626.82,32470.81,33645.35,31976.19,14687.22,13658.08,15665.45,12040.39,1e+09,4214.39,4506.47,9972.83,6028.13,10786.6,10326.12,8503.64,9236.78,5531.91,8236.39,8859.6,8221.62,6328.36,4671.66,4308.08,8726.71,12291.59,5669.1,9445.15,9057.42,8708.58,4441.26
32105.29,59296.55,45942.34,68603.26,83568.66,57122.01,9363.16,4151.48,13117.11,24363.65,29686.74,11649.92,7411.44,28125.12,12686.96,22340.86,38564.31,28235.11,11238.61,11204.33,10496.14,12635.83,11706.94,24730.54,41332.41,43121.68,40648.63,21759.58,20756.72,24816.53,19501.28,4214.39,1e+09,5722.3,17351.06,11982.86,16393.65,15091.53,12775.81,12766.88,7509.17,10938.67,13726.79,9169.61,7575.6,6696.7,4135.39,10663.9,17596.84,9410.81,15276.87,12397.82,14690.06,3124.83
16019.16,42452.06,29097.85,51758.77,66724.17,40277.52,6450.41,3124.54,4624.44,10627.99,13788.62,5887.49,5069.92,13411.24,3425.07,10188.3,22740.35,12503.81,4293.64,4799.02,3313.14,5157.32,5080.66,10464.98,25102.65,26277.19,24608.03,9485.84,8035.04,10471.26,8503.74,4506.47,5722.3,1e+09,4596.63,4713.27,4530.11,6761.61,5259.88,6159.48,3229.81,3565.6,5424.38,5327.46,4468.43,3168.78,3216.95,5359.37,7847.65,2487.18,7706.65,7396.61,5513.84,3837.21
5636.62,29147.04,16219.43,38453.75,53419.15,26972.5,8661.42,8197.09,1939.31,3500.15,4976.04,6652.01,7373.58,5132.76,3002.07,4031.45,10992.8,6242.53,3494.91,5636.38,2023.06,4082.28,5267.31,2981.7,13483.7,13641.8,13054.56,3268.09,2651.75,4017.46,3158.28,9972.83,17351.06,4596.63,1e+09,5772.16,2268.21,3578.64,4035.85,5025.43,5704.96,3978.64,3016.13,6894.25,6877.43,8093.94,10128.24,6600.55,3058.69,3004.93,5204.76,7136.47,3921,12462.53
14793.29,42096.73,28742.52,51403.44,66368.84,39922.19,5585.58,4574.69,4183.99,8779.3,12381.91,3282.85,2513.93,10748.46,2362.22,7451.14,21659.07,12011.06,2448.92,2529.91,3641.63,3870.21,2858.65,9818.17,24217.83,25921.86,23635.07,7592.28,6398.25,9164.1,5323.21,6028.13,11982.86,4713.27,5772.16,1e+09,5925.05,3174.29,1816.53,2439.96,2358.21,2967.34,2679.55,2838.88,2080.57,3650.15,6167.97,2838.32,4951.82,3971.29,2406.54,2313.05,2609.68,7575.32
6650.3,31445.74,18091.53,40752.45,55717.85,29271.2,10156.27,8534.3,2511.42,4536.95,6299.7,6093.63,6802.63,5662.35,3557.88,3652.65,12601.36,6487.69,3444.78,5869.33,3330.06,3542.9,5670.74,4241.31,14503.93,15917.54,14306.04,3551.95,2517.28,5267.52,4311.32,10786.6,16393.65,4530.11,2268.21,5925.05,1e+09,4419.08,4188.84,4784.18,6037.21,3049.49,2663.38,6348.86,6404.3,7538.69,9639.79,6075.27,3169.65,3179.02,5302.12,5902,2916.37,12639.34
12072.71,38505.61,25151.4,47812.32,62777.72,36331.07,7987.46,8402.41,3862.84,5859.86,9666.11,2993.65,3924.23,8474.12,3013.6,4567.26,18793.9,8905.86,1675.78,2275.63,3560.55,2566.44,1950.11,6883.1,21156.2,22330.74,20661.58,4411.48,3410.98,6711.33,3262.81,10326.12,15091.53,6761.61,3578.64,3174.29,4419.08,1e+09,1308.77,1461.79,5203.29,2456.12,2364.43,2907.01,3549.85,7131.84,9451.95,3275.71,1871,3557.44,1424.6,2340.1,2408.74,11337.22
14779,41211.9,27857.69,50518.61,65484.01,39037.36,7717.78,5774.78,3771.28,7441.31,12372.4,2409.42,3521.56,11311.02,2563.91,6191.05,21500.19,10580.82,1700.19,1900.47,3831.75,2907.9,2551.48,7730.13,23862.49,25037.03,23367.87,5725.82,4859.91,7743.71,4238.07,8503.64,12775.81,5259.88,4035.85,1816.53,4188.84,1308.77,1e+09,883.67,3272.73,2715.31,1814.75,2610.18,2977.14,4548.01,6594.94,2812.88,3252.77,2455.95,1898.64,2251.32,1604.45,9588.61
15564.85,41997.75,28643.54,51304.46,66269.86,39823.21,7992.7,6225.88,4843.05,7727.68,13158.25,1910.22,2429.6,11643.47,2927.32,6175.99,22082.66,11026.17,2017.6,1837.36,4719.38,2427.21,2269.7,8105.31,24648.34,25822.88,24153.72,5784.71,4832.99,7988.82,4398.53,9236.78,12766.88,6159.48,5025.43,2439.96,4784.18,1461.79,883.67,1e+09,3203.87,2080.84,2330.19,1742.88,2917.01,4682.21,7077.53,2212.23,3083.51,3421.31,1279.5,903.71,1573.19,9738.55
20082.49,46515.39,33161.18,55822.1,70787.5,44340.85,6997.92,2579.77,4582.57,12245.32,17675.89,2801.75,2565.37,16591.87,1963.92,11124.39,26803.68,15453.95,2989.59,2700.54,2601.6,4063.66,3514.83,11971.94,29165.98,30340.52,28671.36,10226.33,9223.47,12266.5,8113.88,5531.91,7509.17,3229.81,5704.96,2358.21,6037.21,5203.29,3272.73,3203.87,1e+09,2922.73,3862.7,3499.26,2068.68,1655.57,2804.4,2745.69,7306.6,3139.66,4935.75,3956.33,3875.85,3720.38
12594.86,39027.76,25673.55,48334.47,63299.87,36853.22,9323.36,5723.31,3499.46,6670.59,10318.34,2535.18,2611.89,9279.31,2324.44,5495.38,19316.05,8987.55,1468.13,2853.41,3192.51,1764.66,2260.71,7081.77,21678.35,22852.89,21183.73,4967.36,3667.26,6658.2,4220.44,8236.39,10938.67,3565.6,3978.64,2967.34,3049.49,2456.12,2715.31,2080.84,2922.73,1e+09,2360.96,2238.56,2183.78,4594.8,5973.51,1958.23,3108.34,3127.79,2487.28,2174.35,1630.51,7106.82
9780.57,36092.75,22738.54,45399.46,60364.86,33918.21,8473.93,6912.16,2460.32,5022.21,8444.84,3572.16,3747.75,7821.85,3169.11,4025.93,16381.04,7995.38,2047.66,2945.21,2748.81,3029.95,3199.15,4549.23,18743.34,19917.88,18248.72,3924.64,3566.85,5459,3197.84,8859.6,13726.79,5424.38,3016.13,2679.55,2663.38,2364.43,1814.75,2330.19,3862.7,2360.96,1e+09,3344.66,3542.31,5868.34,7695.26,3116.75,3129.28,2623.64,2787.73,3239.58,2025.02,9972.48
17192.76,43625.66,30271.45,52932.37,67897.77,41451.12,9023.33,5954.14,5795.55,9242.39,14786.16,1971.67,2362.25,12913.97,4529.11,7491.54,23353.16,12821.56,3148.54,1907.12,5125.57,2342.36,2339.7,10488.33,26108.38,27450.79,25437.48,7520.1,6329.33,9963.15,5923.84,8221.62,9169.61,5327.46,6894.25,2838.88,6348.86,2907.01,2610.18,1742.88,3499.26,2238.56,3344.66,1e+09,1278.46,4586.27,5497.15,1965.52,4617.56,4356.93,2476.8,2422.76,3072.54,5749.45
18535.92,44968.82,31614.61,54275.53,69240.93,42794.28,8711.61,3749.4,5130.27,10597.99,16129.32,2721.26,2039.94,14359.46,3609.8,8891.98,24798.65,13918.74,2464.37,2111.57,4073.35,3415.71,2672.46,11165.69,27566.75,28793.95,26882.97,8456.76,7433.9,10895.81,6986.45,6328.36,7575.6,4468.43,6877.43,2080.57,6404.3,3549.85,2977.14,2917.01,2068.68,2183.78,3542.31,1278.46,1e+09,3127.71,3835.7,1933.43,5496.62,4179.7,3525.22,2982.62,3659.6,4037.41
21912.71,48910.31,35556.1,58217.02,73182.42,46735.77,5705.2,1637.32,7039.93,14301.16,19503.72,4834.94,3974.32,18213.15,3983.43,13222.46,28770.91,17848.87,5170.27,3532.01,4688,5951.39,5505.04,14364,31231.44,32735.44,30692.75,12594.27,11519.97,14408.68,9817.02,4671.66,6696.7,3168.78,8093.94,3650.15,7538.69,7131.84,4548.01,4682.21,1655.57,4594.8,5868.34,4586.27,3127.71,1e+09,1663.71,4395.21,9236.66,3791.9,5987.36,4512.85,5078.73,2675.89
25038.23,51805.03,38450.82,61111.74,76077.14,49630.49,6617.66,1839.94,8204.14,17311.28,22629.24,6552.72,5163.95,21389.58,6219.05,16052.69,31781.03,20743.59,6276.17,5461.89,5689.83,7288.14,6831.22,17239.02,34241.56,35630.16,33702.87,15309.1,14306.24,17418.8,12942.54,4308.08,4135.39,3216.95,10128.24,6167.97,9639.79,9451.95,6594.94,7077.53,2804.4,5973.51,7695.26,5497.15,3835.7,1663.71,1e+09,5633.69,11876.59,4639.56,9387.81,7651.17,8275.14,1536.88
16940.75,43592.59,30238.38,52899.3,67864.7,41418.05,9399.34,5929.69,5528.69,9765.98,14522.2,939.93,1947.86,12690.87,3861.47,7618.29,23130.06,13070.45,2292.59,2493.16,4207.64,1990.67,1440.27,10497.26,25898.16,27417.72,25214.38,6951.05,6242.81,10047.52,5884.68,8726.71,10663.9,5359.37,6600.55,2838.32,6075.27,3275.71,2812.88,2212.23,2745.69,1958.23,3116.75,1965.52,1933.43,4395.21,5633.69,1e+09,4457.4,4428.33,2722.7,2321.77,3102.55,6909.59
6378.55,31461.35,18107.14,40768.06,55733.46,29286.81,9528.95,10313.73,3922.84,3317.21,5690.5,4053.38,5067.87,4868.67,3552.72,2208.1,12819.69,5696.7,3156.05,3942.34,4730.29,3164.11,3005.88,3804.13,14517.66,15933.15,14319.77,2002.19,1204.27,4916.5,2501.41,12291.59,17596.84,7847.65,3058.69,4951.82,3169.65,1871,3252.77,3083.51,7306.6,3108.34,3129.28,4617.56,5496.62,9236.66,11876.59,4457.4,1e+09,5036.51,2185.32,3949.79,2774.96,13842.53
12169.87,38602.77,25248.56,47909.48,62874.88,36428.23,6464.46,3675.48,3192.3,7245.91,10492.56,4316.62,3909.89,10030.51,2827.36,5993.21,18891.06,9686.52,2889.61,3046.97,1938.05,4092.01,3575.37,6536.77,21253.36,22427.9,20758.74,5713.32,5354.44,7475.56,4371.3,5669.1,9410.81,2487.18,3004.93,3971.29,3179.02,3557.44,2455.95,3421.31,3139.66,3127.79,2623.64,4356.93,4179.7,3791.9,4639.56,4428.33,5036.51,1e+09,4279.44,5049.85,3037.45,5482.23
13304.79,39737.69,26383.48,49044.4,64009.8,37563.15,7023.03,7417.96,4736.83,6309.04,10898.19,2367.06,2830.34,9384.09,2788.61,4708.16,19823.28,9428.09,2813.12,2283.13,5327.32,3013.13,2219.03,7584.07,22388.28,23562.82,21893.66,4696.77,3468.53,6861.01,2944.79,9445.15,15276.87,7706.65,5204.76,2406.54,5302.12,1424.6,1898.64,1279.5,4935.75,2487.28,2787.73,2476.8,3525.22,5987.36,9387.81,2722.7,2185.32,4279.44,1e+09,1639.53,1781.94,12012.14
16896.76,43503.08,30148.87,52809.79,67775.19,41328.54,7281.48,6448.46,6341.9,8990.35,14485.38,1815.4,2344.93,12755.08,3504.72,7225.85,23194.27,12441.64,2995.07,2799.54,6539.8,2960,2703.57,9985.45,25949.49,27328.21,25278.59,7030.2,5997.34,9273.66,5080.44,9057.42,12397.82,7396.61,7136.47,2313.05,5902,2340.1,2251.32,903.71,3956.33,2174.35,3239.58,2422.76,2982.62,4512.85,7651.17,2321.77,3949.79,5049.85,1639.53,1e+09,1689.31,10344.84
11285.12,37718.02,24363.81,47024.73,61990.13,35543.48,7452.83,6367.98,3483.82,5302.66,9016.12,2690.45,3307.95,8145.76,1791.29,4266.81,18006.31,7692.85,2106.45,2639.5,4289.63,2772.46,3271.02,6321.45,20368.61,21543.15,19873.99,4097.93,2870.51,5408.21,3105.66,8708.58,14690.06,5513.84,3921,2609.68,2916.37,2408.74,1604.45,1573.19,3875.85,1630.51,2025.02,3072.54,3659.6,5078.73,8275.14,3102.55,2774.96,3037.45,1781.94,1689.31,1e+09,11602.85
27975.12,54408.02,41053.81,63714.73,78680.13,52233.48,7270.03,2556.62,9362.8,20042.23,25568.52,7895.61,4518.28,23803.7,8365.54,18336.22,34242.89,23346.58,7484.3,6649.95,6702.31,9008.8,7952.63,19842.01,37010.99,38233.15,36327.21,17438.16,16435.3,20159.13,15746.97,4441.26,3124.83,3837.21,12462.53,7575.32,12639.34,11337.22,9588.61,9738.55,3720.38,7106.82,9972.48,5749.45,4037.41,2675.89,1536.88,6909.59,13842.53,5482.23,12012.14,10344.84,11602.85,1e+09
