1e+09,11776.87,14644.05,18961.74,22654.77,46640.18,68894.2,23733.43,23853.36,20634.74,39409.97,44364.37,39585.83,45757.1,29670.08,17787.87,18640.41,40865.77,40981.41,37241.62,44875.67,36860.78,23862.6,13856.47,14369.29,14446.03,29966.83,48924.68,27697.45,20463.36,37211.71,60948.72,65191.87,41948.27,59637.75,36492.75,47994.71,49129.17,48018.85,52946.08,52357.73,44331.22,44307.59,41575.48,38627.03,42692.72,46397.27,36348.62,44342.29,43119.18,48047.35,38698.29,51466.05,61092.93
11776.87,1e+09,5563.42,9751.43,15688.73,70255.06,99390.53,48175.88,48744.29,33864.82,68912.69,74073.72,69137.76,73401.82,60518.46,39607.02,39111.78,71547.96,70567.81,67303.5,74954.53,67160.44,50172.41,33322.16,23183.36,22651.34,58197.36,77904.43,57023.57,45176.22,66898.87,89777.96,94772.12,71009.39,87715.62,65965.45,77472.22,78519.85,75562.71,82015.42,81476.52,73788.87,74679.86,71288.21,68057.69,71283.51,76208.33,65989.21,73915.35,72907.02,76654.66,67661.72,80527.92,89811.67
14644.05,5563.42,1e+09,5700.27,8315.01,76739.63,104289.01,53074.36,53642.77,38763.3,73811.17,78972.2,74036.24,79049.86,65416.94,44505.5,44010.26,76520.62,75466.29,72201.98,79853.01,72058.92,55070.89,38220.64,28382.52,27549.82,63095.84,82802.91,61922.05,50074.7,71797.35,94676.44,99670.6,75907.87,92614.1,70863.93,82370.7,83418.33,81210.75,86913.9,86375,78687.35,79578.34,76186.69,72956.17,76181.99,81106.81,70887.69,78813.83,77805.5,81553.14,72560.2,85426.4,94710.15
18961.74,9751.43,5700.27,1e+09,3575.92,85951.96,113315.73,62101.08,62669.49,47790.02,82837.89,87998.92,83062.96,88262.19,74443.66,53532.22,53036.98,85547.34,84493.01,81228.7,88879.73,81085.64,64097.61,47247.36,37409.24,36576.54,72122.56,91829.63,70948.77,59101.42,80824.07,103703.16,108697.32,84934.59,101640.82,79890.65,91397.42,92445.05,90423.08,95940.62,95401.72,87714.07,88605.06,85213.41,81982.89,85208.71,90133.53,79914.41,87840.55,86832.22,90579.86,81586.92,94453.12,103736.87
22654.77,15688.73,8315.01,3575.92,1e+09,93288.79,121734.21,70519.56,71087.97,56208.5,91256.37,96417.4,91481.44,95887.55,82862.14,61950.7,61455.46,93965.82,92911.49,89647.18,97298.21,89504.12,72516.09,55665.84,45669.09,44995.02,80541.04,100248.11,79367.25,67519.9,89242.55,112121.64,117115.8,93353.07,110059.3,88309.13,99815.9,100863.53,98048.44,104359.1,103820.2,96132.55,97023.54,93631.89,90401.37,93627.19,98552.01,88332.89,96259.03,95250.7,98998.34,90005.4,102858.82,112155.35
46640.18,70255.06,76739.63,85951.96,93288.79,1e+09,25188.17,16227.65,14609.3,29215.05,5095.84,5780.81,4824.48,4930.7,10886.22,21263.2,20511.59,10975.8,4831.15,5600.32,7118.34,6707.73,14279.15,26705.97,39283.44,35941.73,6111.76,5107.86,8255.65,17903.44,6375.98,9979.09,16905.44,3999.86,5814.95,5618.9,6152.63,6602.69,3515.22,7039.53,6671.07,4753.18,8421.09,5302.26,3582.05,3347.67,7374.77,4808.09,5244.66,5869.08,3240.49,4240.47,6878.46,9458.07
68894.2,99390.53,104289.01,113315.73,121734.21,25188.17,1e+09,43070.73,47112.24,61145.79,26458.98,22219.73,27504.92,24626.13,27884.53,46707.38,47333.58,18718.58,26679.95,29041.92,21912.16,24462.97,42012.36,53988.32,67170.96,65595.94,41887.69,21622.01,40306.5,44749.21,26274.54,6017.62,3479.97,27897.03,12262.05,27662.86,16433.28,16781.91,22042.63,17576.77,17270.17,25707.16,20952.92,25862.81,30433.58,28379.12,20394.24,29857.08,23969.55,24678.74,23406.3,29933.07,17960.78,8630.07
23733.43,48175.88,53074.36,62101.08,70519.56,16227.65,43070.73,1e+09,2569.03,9931.14,12592.89,17753.92,12817.96,17299.99,8337.39,4765.19,6787.2,15774.56,14248.01,10983.7,18634.73,10926.38,2602.64,7195.81,15956.31,13957.47,6585.94,21584.63,4999.61,2973.02,10579.07,33458.16,38452.32,14689.59,31395.82,9754.77,21152.42,22200.05,19460.88,25695.62,25156.72,17469.07,18360.06,14968.41,11737.89,14963.71,19888.53,9669.41,17595.55,16587.22,20334.86,11593.7,24169.67,33491.87
23853.36,48744.29,53642.77,62669.49,71087.97,14609.3,47112.24,2569.03,1e+09,10499.55,16634.4,21795.43,16709.86,20350.69,8929.66,6426.15,8782.5,18595.16,18208.7,15025.21,22246.74,14882.15,4017.68,6401.17,16524.72,14061.65,5752.1,25055.72,4995.56,4332.64,14620.58,36833.98,42493.83,18297.29,32522.51,13632.12,25176.51,26026.52,22389.1,28864.12,28822.09,21396.2,22401.57,19009.92,15715.13,18034.27,23662.34,13710.92,21427.66,20525.31,23071.89,14800.83,27272.34,36757.19
20634.74,33864.82,38763.3,47790.02,56208.5,29215.05,61145.79,9931.14,10499.55,1e+09,30667.95,35828.98,30746.71,34297.66,22273.72,6525.79,5366.16,32538.83,32245.55,29058.76,36214.6,28915.7,11927.67,5899.7,5044.73,7388.16,18902.6,39099.17,18674.92,8372.32,28654.13,50880.73,56527.38,32344.04,47128.26,27668.97,39223.26,40063.37,36342.67,42973.31,42868.84,35433.05,36435.12,33043.47,29761.88,31987.84,37662.56,27744.47,35464.51,34562.16,37187.68,28754.4,41351.29,50803.94
39409.97,68912.69,73811.17,82837.89,91256.37,5095.84,26458.98,12592.89,16634.4,30667.95,1e+09,3591,1833.99,3038.29,6137.63,16229.54,16855.74,4723.56,1623.06,2013.32,3087.17,3103.01,11534.52,23510.48,36693.12,34124.49,8837.27,5923.36,9828.66,14271.37,1806.87,15796.52,21541.69,2606.42,12322.91,1412.85,5377.83,5640.59,4338.35,7987.04,7784.63,3695.14,3757.45,2069.91,1790.35,2702.99,4366.36,1744.71,2681.15,2455.1,5249.64,2400.68,6496.09,15719.73
44364.37,74073.72,78972.2,87998.92,96417.4,5780.81,22219.73,17753.92,21795.43,35828.98,3591,1e+09,2909.71,2559.57,6299.69,21390.57,22016.77,4258.98,2723.76,3915.22,1889.94,3349.13,16695.55,28671.51,41854.15,39492.15,14824.82,2614.47,14989.69,19432.4,4733.97,11339.08,16907.49,2245.64,8802.86,5116.77,2455.62,3435.5,1853.7,4421.79,4255.17,1541.6,1236.83,2034.11,4809.48,2978.63,1485.21,4540.27,1239.58,1367.78,3075.74,4616.26,3262.15,11085.53
39585.83,69137.76,74036.24,83062.96,91481.44,4824.48,27504.92,12817.96,16709.86,30746.71,1833.99,2909.71,1e+09,2606.12,5920.67,16454.61,16997.46,5684.6,2120.84,2034.43,3395.84,2662.12,11688.81,23735.55,36918.19,34398.77,9259.18,5473.51,9935.42,14496.44,3211.08,16580.13,22886.51,1963.4,11810.12,3049.35,5834.37,6353.15,3730.23,8657.23,9147.34,2872.08,3660.73,1984.67,1824.88,2461.76,4250.2,2061.62,2388.3,2116.77,4134.94,2319.69,7065.45,16158.48
45757.1,73401.82,79049.86,88262.19,95887.55,4930.7,24626.13,17299.99,20350.69,34297.66,3038.29,2559.57,2606.12,1e+09,8761.35,22086.72,21820.07,6131.94,1898.87,3418.81,2090.68,4046.82,16238.2,29016.2,41603.25,39491.72,13595.43,1560.35,13178.47,19521.21,5341.67,10077.79,17999.59,2315.12,5902.69,4894.13,2683.45,3655.75,2761.23,4195.97,3718.43,1902.48,3052.27,1818.79,3104.91,2153.47,3152.54,4071.16,1627.57,1740.86,1818.93,3084.58,3459.59,9593.1
29670.08,60518.46,65416.94,74443.66,82862.14,10886.22,27884.53,8337.39,8929.66,22273.72,6137.63,6299.69,5920.67,8761.35,1e+09,12355.21,13430.42,5973.79,6592.65,5945.03,7732.46,4116.13,8899.59,15492.46,28298.89,27313.08,8400.97,9694.58,7083.87,9216.35,6014.47,18407.68,23266.12,6515.65,17196.16,6738.55,8079.94,10053.44,7984.39,11624.78,10949.44,7247.08,6446.2,6064.13,6058.36,7936.75,7966.69,6634.1,7627.76,6811,9767.69,7245.44,10769.72,18305.67
17787.87,39607.02,44505.5,53532.22,61950.7,21263.2,46707.38,4765.19,6426.15,6525.79,16229.54,21390.57,16454.61,22086.72,12355.21,1e+09,3893.97,19880.91,17884.66,14620.35,22271.38,14700.77,5841.12,4545.47,10265.52,12542.28,12062.14,25221.28,10905.8,4587.42,14215.72,37094.81,42088.97,18326.24,35032.47,13553.52,24789.07,25836.7,23876.48,29332.27,28793.37,21105.72,21996.71,18605.06,15374.54,18719.88,23525.18,13306.06,21232.2,20223.87,23971.51,15368.09,27844.77,37128.52
18640.41,39111.78,44010.26,53036.98,61455.46,20511.59,47333.58,6787.2,8782.5,5366.16,16855.74,22016.77,16997.46,21820.07,13430.42,3893.97,1e+09,19244.37,18496.3,15246.55,22534.34,15103.49,6566.05,5101.36,9446.97,10975.22,10857.72,25475.84,9258.81,4544.17,14841.92,37320.36,42715.17,18783.67,34506.65,13908.5,25415.27,26314.12,23813.57,29512.13,29308.47,21683.8,22622.91,19231.26,16000.74,18587.46,23949.94,13932.26,21715.26,20812.91,23975.13,15286.41,27930.88,37243.57
40865.77,71547.96,76520.62,85547.34,93965.82,10975.8,18718.58,15774.56,18595.16,32538.83,4723.56,4258.98,5684.6,6131.94,5973.79,19880.91,19244.37,1e+09,5456.95,4752.93,5162.48,3510.36,14147.88,26219.93,39402.57,38087.59,12848.13,7025.08,11432.96,17190.98,4536.01,9971.19,14100.17,6879.79,10120.97,4889.63,5327.1,5325.65,5944.67,6163.65,6142.94,6815.79,4113.18,5038.35,6396.47,7280.81,4102.9,5466.05,5454.62,5248.29,7464.91,5864.83,6659.93,9907.9
40981.41,70567.81,75466.29,84493.01,92911.49,4831.15,26679.95,14248.01,18208.7,32245.55,1623.06,2723.76,2120.84,1898.87,6592.65,17884.66,18496.3,5456.95,1e+09,1944.39,2491.79,2801.86,13187.65,25165.6,38348.24,35863.29,10957.98,4711.99,11410.45,15926.49,3637.81,15506.99,21502.73,2041.42,10657.39,3500.75,4621.68,5340.25,3470.08,7486.01,7745.67,2524.35,3767.99,1017.54,1494.68,2043.88,4001.24,2940,2097.06,1790.13,3697.54,2302.54,5980.51,15098.7
37241.62,67303.5,72201.98,81228.7,89647.18,5600.32,29041.92,10983.7,15025.21,29058.76,2013.32,3915.22,2034.43,3418.81,5945.03,14620.35,15246.55,4752.93,1944.39,1e+09,4563.45,1721.44,9925.33,21901.29,35083.93,33074.46,9464.72,7178.01,8219.47,12662.18,3169.95,19295.91,24613.62,2606.89,14336.43,1941.67,7313.72,8341.3,5033.71,10813.28,11318.02,3650.13,4585.66,2056.31,1549.57,3612.14,5713.13,1065.29,3685.14,3099.96,5823.52,1992.46,9221.5,18887.62
44875.67,74954.53,79853.01,88879.73,97298.21,7118.34,21912.16,18634.73,22246.74,36214.6,3087.17,1889.94,3395.84,2090.68,7732.46,22271.38,22534.34,5162.48,2491.79,4563.45,1e+09,4571.5,17225.69,29552.32,42734.96,40742.47,15325.21,2947.1,14820.35,20313.21,5300.72,11555.88,18209.83,3243.84,7450.94,5151.01,2739.57,3279.77,2428.3,4557.09,4913.46,1551.66,1141.09,2457.21,4604.65,3458.42,1800.42,5512.57,1715.19,1475.44,3201.17,4628.49,3215.05,11147.59
36860.78,67160.44,72058.92,81085.64,89504.12,6707.73,24462.97,10926.38,14882.15,28915.7,3103.01,3349.13,2662.12,4046.82,4116.13,14700.77,15103.49,3510.36,2801.86,1721.44,4571.5,1e+09,9788.77,21758.23,34940.87,33169.18,10147.19,6547.34,8076.41,12519.12,2638.62,15076.28,19844.56,3640.22,13857.86,2925.95,4913.48,6916.46,4002.69,8383.54,7708.2,4612.79,3497.47,2671.33,2382.94,4174.91,4740.52,2558.43,4191.48,3858.95,6590.12,2844.33,7490.44,14884.11
23862.6,50172.41,55070.89,64097.61,72516.09,14279.15,42012.36,2602.64,4017.68,11927.67,11534.52,16695.55,11688.81,16238.2,8899.59,5841.12,6566.05,14147.88,13187.65,9925.33,17225.69,9788.77,1e+09,8482.52,17952.84,16745.31,5818.66,20192.33,4983.35,3012.1,9520.7,32049.42,37393.95,13512.73,29235.71,8617.16,20094.05,21005.47,18418.59,24203.48,24029.39,16375.15,17301.69,13910.04,10679.52,13316.52,18641.29,8611.04,16406.61,15504.26,18704.19,10150.3,22622.23,31972.63
13856.47,33322.16,38220.64,47247.36,55665.84,26705.97,53988.32,7195.81,6401.17,5899.7,23510.48,28671.51,23735.55,29016.2,15492.46,4545.47,5101.36,26219.93,25165.6,21901.29,29552.32,21758.23,8482.52,1e+09,6767.12,7381.89,13391.95,32502.22,11767.76,6065.26,21496.66,44375.75,49369.91,25607.18,42313.41,20563.24,32070.01,33117.64,31032.56,36613.21,36074.31,28386.66,29277.65,25886,22655.48,25881.3,30806.12,20587,28513.14,27504.81,31252.45,22259.51,35125.71,44409.46
14369.29,23183.36,28382.52,37409.24,45669.09,39283.44,67170.96,15956.31,16524.72,5044.73,36693.12,41854.15,36918.19,41603.25,28298.89,10265.52,9446.97,39402.57,38348.24,35083.93,42734.96,34940.87,17952.84,6767.12,1e+09,3374.39,25977.79,45684.86,24804,13685.23,34679.3,57558.39,62552.55,38789.82,55496.05,33745.88,45252.65,46300.28,43764.14,49795.85,49256.95,41569.3,42460.29,39068.64,35838.12,39063.94,43988.76,33769.64,41695.78,40687.45,44435.09,35442.15,48308.35,57592.1
14446.03,22651.34,27549.82,36576.54,44995.02,35941.73,65595.94,13957.47,14061.65,7388.16,34124.49,39492.15,34398.77,39491.72,27313.08,12542.28,10975.22,38087.59,35863.29,33074.46,40742.47,33169.18,16745.31,7381.89,3374.39,1e+09,22639.07,42593.26,22110.47,14313.63,32295.11,54316.28,60061.45,35779.59,51502.57,31147.23,42658.81,43619.61,40809.49,46793.84,46304.39,38955.6,40761.21,36710.02,33197.43,35583.38,41728.47,31338.88,39197.49,38403.94,40971.05,32334.23,45298.87,54239.49
29966.83,58197.36,63095.84,72122.56,80541.04,6111.76,41887.69,6585.94,5752.1,18902.6,8837.27,14824.82,9259.18,13595.43,8400.97,12062.14,10857.72,12848.13,10957.98,9464.72,15325.21,10147.19,5818.66,13391.95,25977.79,22639.07,1e+09,15737.13,1963.19,7705.57,7561.21,27008.62,35006.82,9167.57,22049.14,5875.04,17295.96,18034.04,13419.84,20206.48,19865.38,13576.39,17115.82,12052.83,7694.03,7882.22,17329.27,6465.27,14380.74,14015.18,13043.49,5694.94,18959.82,26600.33
48924.68,77904.43,82802.91,91829.63,100248.11,5107.86,21622.01,21584.63,25055.72,39099.17,5923.36,2614.47,5473.51,1560.35,9694.58,25221.28,25475.84,7025.08,4711.99,7178.01,2947.1,6547.34,20192.33,32502.22,45684.86,42593.26,15737.13,1e+09,17309.84,23263.11,7147.28,8150.81,15686.29,3332.89,4571.79,8187.3,2230.55,2786.83,2120.74,2799.11,2355.59,1709.48,4217.76,4067.65,6435.87,3156.84,3179.79,7975.4,2591.31,2980.71,740.1,6212.29,1910.69,7279.8
27697.45,57023.57,61922.05,70948.77,79367.25,8255.65,40306.5,4999.61,4995.56,18674.92,9828.66,14989.69,9935.42,13178.47,7083.87,10905.8,9258.81,11432.96,11410.45,8219.47,14820.35,8076.41,4983.35,11767.76,24804,22110.47,1963.19,17309.84,1e+09,5733.61,7814.84,28956.59,35688.09,11115.54,23997.11,6859.65,18388.19,19093.56,15367.81,21361.12,21813.35,14685.6,15595.83,12204.18,8973.66,9830.19,16556.69,6905.18,14384.67,13814.83,14991.46,7631.65,19769.34,28548.3
20463.36,45176.22,50074.7,59101.42,67519.9,17903.44,44749.21,2973.02,4332.64,8372.32,14271.37,19432.4,14496.44,19521.21,9216.35,4587.42,4544.17,17190.98,15926.49,12662.18,20313.21,12519.12,3012.1,6065.26,13685.23,14313.63,7705.57,23263.11,5733.61,1e+09,12257.55,35136.64,40130.8,16368.07,33074.3,11324.13,22830.9,23878.53,21682.1,27374.1,26835.2,19147.55,20038.54,16646.89,13416.37,16642.19,21567.01,11347.89,19274.03,18265.7,22013.34,13044.04,25828.85,35170.35
37211.71,66898.87,71797.35,80824.07,89242.55,6375.98,26274.54,10579.07,14620.58,28654.13,1806.87,4733.97,3211.08,5341.67,6014.47,14215.72,14841.92,4536.01,3637.81,3169.95,5300.72,2638.62,9520.7,21496.66,34679.3,32295.11,7561.21,7147.28,7814.84,12257.55,1e+09,15652.23,21397.4,4687.5,13774.09,1013.61,5970.53,6370.26,5511.7,8352.86,8080.99,5958.78,5145.74,4221.66,3033.3,4737.52,5708.43,1964.02,4470.07,4638.05,6773.41,3277.52,7531.75,15575.44
60948.72,89777.96,94676.44,103703.16,112121.64,9979.09,6017.62,33458.16,36833.98,50880.73,15796.52,11339.08,16580.13,10077.79,18407.68,37094.81,37320.36,9971.19,15506.99,19295.91,11555.88,15076.28,32049.42,44375.75,57558.39,54316.28,27008.62,8150.81,28956.59,35136.64,15652.23,1e+09,2716.63,14656.57,3061.53,18050.29,7161.09,8223.1,8200.23,5760.75,5975.24,12244.83,11808.06,15018.22,17914.19,13604.7,10092.96,20200.48,12017.53,13456.99,8749.84,17666.44,6064.36,2359.53
65191.87,94772.12,99670.6,108697.32,117115.8,16905.44,3479.97,38452.32,42493.83,56527.38,21541.69,16907.49,22886.51,17999.59,23266.12,42088.97,42715.17,14100.17,21502.73,24613.62,18209.83,19844.56,37393.95,49369.91,62552.55,60061.45,35006.82,15686.29,35688.09,40130.8,21397.4,2716.63,1e+09,22654.77,4979.72,23044.45,10984.25,12163.5,15815.23,11443.22,11620.92,20243.03,16656.85,21286.76,25378.78,21602.9,15320.36,25238.67,18970.42,20297.26,16524.23,25314.66,12880.7,3371.88
41948.27,71009.39,75907.87,84934.59,93353.07,3999.86,27897.03,14689.59,18297.29,32344.04,2606.42,2245.64,1963.4,2315.12,6515.65,18326.24,18783.67,6879.79,2041.42,2606.89,3243.84,3640.22,13512.73,25607.18,38789.82,35779.59,9167.57,3332.89,11115.54,16368.07,4687.5,14656.57,22654.77,1e+09,9697.09,4263.29,4943.91,5678.06,3125.83,7854.43,7513.33,1318.64,3334.04,1366.67,2192.56,1169.31,3662.62,2435.15,2036.49,1547.18,2663.52,2445.53,6419.01,14248.28
59637.75,87715.62,92614.1,101640.82,110059.3,5814.95,12262.05,31395.82,32522.51,47128.26,12322.91,8802.86,11810.12,5902.69,17196.16,35032.47,34506.65,10120.97,10657.39,14336.43,7450.94,13857.86,29235.71,42313.41,55496.05,51502.57,22049.14,4571.79,23997.11,33074.3,13774.09,3061.53,4979.72,9697.09,1e+09,15385.35,5789.25,6547.12,5171.42,3540.09,3434.82,7285.35,9185.9,10101.16,12954.71,8685.9,7292.06,15241,7580.51,8686.49,4791.94,12706.96,3882.94,2028.85
36492.75,65965.45,70863.93,79890.65,88309.13,5618.9,27662.86,9754.77,13632.12,27668.97,1412.85,5116.77,3049.35,4894.13,6738.55,13553.52,13908.5,4889.63,3500.75,1941.67,5151.01,2925.95,8617.16,20563.24,33745.88,31147.23,5875.04,8187.3,6859.65,11324.13,1013.61,18050.29,23044.45,4263.29,15385.35,1e+09,6842.71,7498.58,6214.49,10211.03,9824.79,6010.96,5232.73,3788.49,2363.9,4004.58,6107.08,1397.16,4655.29,4459.02,7597.02,2024.71,8915.09,18084
47994.71,77472.22,82370.7,91397.42,99815.9,6152.63,16433.28,21152.42,25176.51,39223.26,5377.83,2455.62,5834.37,2683.45,8079.94,24789.07,25415.27,5327.1,4621.68,7313.72,2739.57,4913.48,20094.05,32070.01,45252.65,42658.81,17295.96,2230.55,18388.19,22830.9,5970.53,7161.09,10984.25,4943.91,5789.25,6842.71,1e+09,2298.71,3267.4,3791.98,3305.92,3227.44,2848.65,4462.69,7976.14,4262.63,3242.37,7938.77,3286.23,3766.62,2752.86,7953.78,2868.89,6654.22
49129.17,78519.85,83418.33,92445.05,100863.53,6602.69,16781.91,22200.05,26026.52,40063.37,5640.59,3435.5,6353.15,3655.75,10053.44,25836.7,26314.12,5325.65,5340.25,8341.3,3279.77,6916.46,21005.47,33117.64,46300.28,43619.61,18034.04,2786.83,19093.56,23878.53,6370.26,8223.1,12163.5,5678.06,6547.12,7498.58,2298.71,1e+09,3812.5,2801.34,2886.46,3294.21,3695.05,5016.67,8483.91,4771.08,2153.92,8986.4,3239.51,4079.58,3062.35,8363.6,2325.8,7903.98
48018.85,75562.71,81210.75,90423.08,98048.44,3515.22,22042.63,19460.88,22389.1,36342.67,4338.35,1853.7,3730.23,2761.23,7984.39,23876.48,23813.57,5944.67,3470.08,5033.71,2428.3,4002.69,18418.59,31032.56,43764.14,40809.49,13419.84,2120.74,15367.81,21682.1,5511.7,8200.23,15815.23,3125.83,5171.42,6214.49,3267.4,3812.5,1e+09,3282.44,2923.16,2579.43,2421.01,2939.77,4674.97,3284.21,2149.79,5943.92,2546.62,2890.16,1835.85,5075.66,2555.68,7472.68
52946.08,82015.42,86913.9,95940.62,104359.1,7039.53,17576.77,25695.62,28864.12,42973.31,7987.04,4421.79,8657.23,4195.97,11624.78,29332.27,29512.13,6163.65,7486.01,10813.28,4557.09,8383.54,24203.48,36613.21,49795.85,46793.84,20206.48,2799.11,21361.12,27374.1,8352.86,5760.75,11443.22,7854.43,3540.09,10211.03,3791.98,2801.34,3282.44,1e+09,900.3,5442.69,4686.02,7139.79,10727.69,6802.56,2738.75,11557.08,4620.42,5936.94,3180.99,10631.16,1414.42,4619.15
52357.73,81476.52,86375,95401.72,103820.2,6671.07,17270.17,25156.72,28822.09,42868.84,7784.63,4255.17,9147.34,3718.43,10949.44,28793.37,29308.47,6142.94,7745.67,11318.02,4913.46,7708.2,24029.39,36074.31,49256.95,46304.39,19865.38,2355.59,21813.35,26835.2,8080.99,5975.24,11620.92,7513.33,3434.82,9824.79,3305.92,2886.46,2923.16,900.3,1e+09,5101.59,4674.02,7874.98,10770.95,6461.46,3179.31,11943.07,5042.13,6313.75,2602.42,10523.2,946.15,4653.41
44331.22,73788.87,78687.35,87714.07,96132.55,4753.18,25707.16,17469.07,21396.2,35433.05,3695.14,1541.6,2872.08,1902.48,7247.08,21105.72,21683.8,6815.79,2524.35,3650.13,1551.66,4612.79,16375.15,28386.66,41569.3,38955.6,13576.39,1709.48,14685.6,19147.55,5958.78,12244.83,20243.03,1318.64,7285.35,6010.96,3227.44,3294.21,2579.43,5442.69,5101.59,1e+09,2368.6,1887.56,4093.64,1791.12,2186.65,4293.56,970.19,1069.02,1745,4007.02,4196.03,11836.54
44307.59,74679.86,79578.34,88605.06,97023.54,8421.09,20952.92,18360.06,22401.57,36435.12,3757.45,1236.83,3660.73,3052.27,6446.2,21996.71,22622.91,4113.18,3767.99,4585.66,1141.09,3497.47,17301.69,29277.65,42460.29,40761.21,17115.82,4217.76,15595.83,20038.54,5145.74,11808.06,16656.85,3334.04,9185.9,5232.73,2848.65,3695.05,2421.01,4686.02,4674.02,2368.6,1e+09,2126.24,5864.42,4492.17,1615.01,5210.71,2171.48,1679.22,4363.5,5222.4,3501.77,11696.4
41575.48,71288.21,76186.69,85213.41,93631.89,5302.26,25862.81,14968.41,19009.92,33043.47,2069.91,2034.11,1984.67,1818.79,6064.13,18605.06,19231.26,5038.35,1017.54,2056.31,2457.21,2671.33,13910.04,25886,39068.64,36710.02,12052.83,4067.65,12204.18,16646.89,4221.66,15018.22,21286.76,1366.67,10101.16,3788.49,4462.69,5016.67,2939.77,7139.79,7874.98,1887.56,2126.24,1e+09,2027.35,1860.07,2995.99,2882.3,1474.25,1082.1,3321.21,2225.37,5548.01,14609.93
38627.03,68057.69,72956.17,81982.89,90401.37,3582.05,30433.58,11737.89,15715.13,29761.88,1790.35,4809.48,1824.88,3104.91,6058.36,15374.54,16000.74,6396.47,1494.68,1549.57,4604.65,2382.94,10679.52,22655.48,35838.12,33197.43,7694.03,6435.87,8973.66,13416.37,3033.3,17914.19,25378.78,2192.56,12954.71,2363.9,7976.14,8483.91,4674.97,10727.69,10770.95,4093.64,5864.42,2027.35,1e+09,2277.06,6496.12,1584.03,4109.13,3608.43,4348.62,1716.66,9222.19,17505.9
42692.72,71283.51,76181.99,85208.71,93627.19,3347.67,28379.12,14963.71,18034.27,31987.84,2702.99,2978.63,2461.76,2153.47,7936.75,18719.88,18587.46,7280.81,2043.88,3612.14,3458.42,4174.91,13316.52,25881.3,39063.94,35583.38,7882.22,3156.84,9830.19,16642.19,4737.52,13604.7,21602.9,1169.31,8685.9,4004.58,4262.63,4771.08,3284.21,6802.56,6461.46,1791.12,4492.17,1860.07,2277.06,1e+09,4338.89,3576.2,2576.71,2208.36,2334.22,1921.69,5555.9,13196.41
46397.27,76208.33,81106.81,90133.53,98552.01,7374.77,20394.24,19888.53,23662.34,37662.56,4366.36,1485.21,4250.2,3152.54,7966.69,23525.18,23949.94,4102.9,4001.24,5713.13,1800.42,4740.52,18641.29,30806.12,43988.76,41728.47,17329.27,3179.79,16556.69,21567.01,5708.43,10092.96,15320.36,3662.62,7292.06,6107.08,3242.37,2153.92,2149.79,2738.75,3179.31,2186.65,1615.01,2995.99,6496.12,4338.89,1e+09,6403.34,1984.07,2034.45,3351,6013.46,2258.33,9756.96
36348.62,65989.21,70887.69,79914.41,88332.89,4808.09,29857.08,9669.41,13710.92,27744.47,1744.71,4540.27,2061.62,4071.16,6634.1,13306.06,13932.26,5466.05,2940,1065.29,5512.57,2558.43,8611.04,20587,33769.64,31338.88,6465.27,7975.4,6905.18,11347.89,1964.02,20200.48,25238.67,2435.15,15241,1397.16,7938.77,8986.4,5943.92,11557.08,11943.07,4293.56,5210.71,2882.3,1584.03,3576.2,6403.34,1e+09,4375.35,3761.77,6828.41,1854.02,9965.3,19792.19
44342.29,73915.35,78813.83,87840.55,96259.03,5244.66,23969.55,17595.55,21427.66,35464.51,2681.15,1239.58,2388.3,1627.57,7627.76,21232.2,21715.26,5454.62,2097.06,3685.14,1715.19,4191.48,16406.61,28513.14,41695.78,39197.49,14380.74,2591.31,14384.67,19274.03,4470.07,12017.53,18970.42,2036.49,7580.51,4655.29,3286.23,3239.51,2546.62,4620.42,5042.13,970.19,2171.48,1474.25,4109.13,2576.71,1984.07,4375.35,1e+09,810.39,2450.94,3850.22,3482.37,11609.24
43119.18,72907.02,77805.5,86832.22,95250.7,5869.08,24678.74,16587.22,20525.31,34562.16,2455.1,1367.78,2116.77,1740.86,6811,20223.87,20812.91,5248.29,1790.13,3099.96,1475.44,3858.95,15504.26,27504.81,40687.45,38403.94,14015.18,2980.71,13814.83,18265.7,4638.05,13456.99,20297.26,1547.18,8686.49,4459.02,3766.62,4079.58,2890.16,5936.94,6313.75,1069.02,1679.22,1082.1,3608.43,2208.36,2034.45,3761.77,810.39,1e+09,2669.09,3316.72,4381.8,13048.7
48047.35,76654.66,81553.14,90579.86,98998.34,3240.49,23406.3,20334.86,23071.89,37187.68,5249.64,3075.74,4134.94,1818.93,9767.69,23971.51,23975.13,7464.91,3697.54,5823.52,3201.17,6590.12,18704.19,31252.45,44435.09,40971.05,13043.49,740.1,14991.46,22013.34,6773.41,8749.84,16524.23,2663.52,4791.94,7597.02,2752.86,3062.35,1835.85,3180.99,2602.42,1745,4363.5,3321.21,4348.62,2334.22,3351,6828.41,2450.94,2669.09,1e+09,4736.81,2335,8117.74
38698.29,67661.72,72560.2,81586.92,90005.4,4240.47,29933.07,11593.7,14800.83,28754.4,2400.68,4616.26,2319.69,3084.58,7245.44,15368.09,15286.41,5864.83,2302.54,1992.46,4628.49,2844.33,10150.3,22259.51,35442.15,32334.23,5694.94,6212.29,7631.65,13044.04,3277.52,17666.44,25314.66,2445.53,12706.96,2024.71,7953.78,8363.6,5075.66,10631.16,10523.2,4007.02,5222.4,2225.37,1716.66,1921.69,6013.46,1854.02,3850.22,3316.72,4736.81,1e+09,9039.38,17258.15
51466.05,80527.92,85426.4,94453.12,102858.82,6878.46,17960.78,24169.67,27272.34,41351.29,6496.09,3262.15,7065.45,3459.59,10769.72,27844.77,27930.88,6659.93,5980.51,9221.5,3215.05,7490.44,22622.23,35125.71,48308.35,45298.87,18959.82,1910.69,19769.34,25828.85,7531.75,6064.36,12880.7,6419.01,3882.94,8915.09,2868.89,2325.8,2555.68,1414.42,946.15,4196.03,3501.77,5548.01,9222.19,5555.9,2258.33,9965.3,3482.37,4381.8,2335,9039.38,1e+09,5096.03
61092.93,89811.67,94710.15,103736.87,112155.35,9458.07,8630.07,33491.87,36757.19,50803.94,15719.73,11085.53,16158.48,9593.1,18305.67,37128.52,37243.57,9907.9,15098.7,18887.62,11147.59,14884.11,31972.63,44409.46,57592.1,54239.49,26600.33,7279.8,28548.3,35170.35,15575.44,2359.53,3371.88,14248.28,2028.85,18084,6654.22,7903.98,7472.68,4619.15,4653.41,11836.54,11696.4,14609.93,17505.9,13196.41,9756.96,19792.19,11609.24,13048.7,8117.74,17258.15,5096.03,1e+09
