1e+09,10975.07,4755.02,15986.95,32211.21,8804.5,16380.51,20670.72,8358.41,2142.79,1949.59,10134.79,13247.76,1967.86,11436.14,4654.05,3632.5,2022.86,12093.25,11124.5,14235.04,10694.72,10936.83,3016.94,4791.39,4393.12,3662.67,3592.52,3563.03,2119.16,6384.63,25856.43,25351.1,17037.47,6017.8,5839.56,5076.68,6897.18,10648.94,9222.74,15564.83,11432.29,9500.44,11112.14,13425.23,15118.31,19589.39,10963.41,5639.41,13673.21,8190.24,9027.7,11094.78,21030.95
10975.07,1e+09,3994.14,2254.83,10113.29,3095.16,31924.19,36517.18,24090.95,14841.12,11588.71,25126.23,31079.92,10411.49,27282.6,14966.83,6212.69,14179,27939.71,26761.82,30081.5,25265.4,26264.93,13776.41,6093.15,4811.1,6190.7,16112.92,17991.55,16051.13,21626.25,42495.12,43449.3,31978.79,20649.48,21048.2,19915.14,22088.1,25648.06,25069.2,31411.29,27278.75,25346.9,27829.64,30127.47,30964.77,35435.85,26529.2,20872.89,29519.67,23033.7,24874.16,26941.24,36877.41
4755.02,3994.14,1e+09,7266.35,18462.36,3558.08,25073.94,29666.93,17240.7,8691.19,4869.52,18335.14,23771.54,3998.94,20432.35,9000.34,2970.57,7548.77,21089.46,19957.89,23231.25,18505.81,19473.84,7803.51,3171.35,1802.59,2671.43,9388.47,11141.3,9456.88,14776,35723.75,36487.68,25227.14,13799.23,14197.95,13064.89,15237.85,18850.11,18218.95,24561.04,20428.5,18496.65,20605.35,23356.1,24114.52,28585.6,19738.11,14022.64,22669.42,16183.45,18023.91,20090.99,30027.16
15986.95,2254.83,7266.35,1e+09,6347.73,4162.23,38709.07,43302.06,30875.83,21278.54,17123.99,32180.06,38743.05,15869.08,34067.48,21165.13,9705.19,19992.06,34724.59,33593.02,36866.38,32376.48,33181.71,19283.03,9254.87,8013.24,9526.69,22897.8,24776.43,22763.07,28411.13,49999.21,51326.11,39152.95,27434.36,27833.08,26700.02,28872.98,32485.24,31854.08,38196.17,34063.63,32131.78,35464.74,37859.33,37749.65,42220.73,33739.68,27657.77,36304.55,29818.58,31659.04,33726.12,43662.29
32211.21,10113.29,18462.36,6347.73,1e+09,10251.97,56417.69,61010.68,48584.45,38987.16,34209.21,49888.68,56451.67,32653.06,51776.1,38805.69,23331.21,37384.76,52433.21,51301.64,54575,50085.1,50890.33,35987.3,21401.35,19264.96,22945.56,40606.42,42485.05,40471.69,46119.75,67707.83,69034.73,56861.57,45142.98,45541.7,44408.64,46581.6,50193.86,49562.7,55904.79,51772.25,49840.4,53173.36,55567.95,55458.27,59929.35,51448.3,45366.39,54013.17,47527.2,49367.66,51434.74,61370.91
8804.5,3095.16,3558.08,4162.23,10251.97,1e+09,27938.84,32531.83,20105.6,11482.31,9072.34,21409.83,27972.82,8732.47,23297.25,13392.8,5377.1,10486.57,23954.36,22822.79,26096.15,21804.71,22411.48,10707.07,4253.04,3865.8,4726.81,13154.27,14303.56,13098.8,17640.9,39228.98,40555.88,28382.72,16815.71,17101.83,16403.31,18102.75,21715.01,21083.85,27425.94,23293.4,21361.55,24694.51,27089.1,26979.42,31450.5,22969.45,16887.54,25534.32,19048.35,20888.81,22955.89,32892.06
16380.51,31924.19,25073.94,38709.07,56417.69,27938.84,1e+09,8530.02,13198.56,14096.12,17802.56,13442.29,14002.77,18494.83,8208.23,18379.1,23220.53,13321.87,14031.01,12072.81,12664.15,15821.57,13582.98,13136.07,19277.95,22828.27,20472.48,15565.49,12928.46,12814.58,10782.45,9003.34,9742.7,11655.7,11455.03,11868.2,12367.86,13044.73,16240.41,13592.89,9303.82,13979.95,11051.42,14964.54,13872.94,11087.03,9151.3,13188.9,12296.3,8430.06,14742.39,8233.18,4271.34,6538.6
20670.72,36517.18,29666.93,43302.06,61010.68,32531.83,8530.02,1e+09,5374.07,14708.09,19246.91,6982.49,3561.2,21368.79,5450.61,16268.3,27432.61,14997.81,5578.04,5045.57,3797.13,8013.78,6251.68,12412.27,23526.79,27421.26,25065.47,13709.58,12697.3,13906.61,10477.34,3602.98,4146.01,3082.78,8210.19,6763.88,8234.95,9044.14,7905.02,8536.18,3563.72,5479.27,6343.36,5367.7,3766.74,2174.53,1278.22,6564.16,10351.05,3272.02,10571.68,7647.66,7726.79,1837.88
8358.41,24090.95,17240.7,30875.83,48584.45,20105.6,13198.56,5374.07,1e+09,4266.39,7639.35,2517.29,3100.17,10661.59,4047.76,6590.56,15387.29,4347.48,1832.63,2943.2,1812.69,2918.8,2875.6,3923.01,11273.4,14995.03,12639.24,4204.94,3392.77,3802.8,2324.42,9093.21,9505.16,3735.99,2250.06,1766.14,3292.86,1912.26,2346.36,2378.54,3511.7,1917.47,1475.39,3400.13,3294.24,2804.56,4835.92,2600.1,2190.18,4947.52,3254.76,3014.45,5375.19,7534.16
2142.79,14841.12,8691.19,21278.54,38987.16,11482.31,14096.12,14708.09,4266.39,1e+09,2416.73,5055.81,7388.14,4369.67,7476.78,3153.69,6823.49,1673.68,5935.88,5830.31,8812.53,4907.36,5298.94,2906.03,4740.46,6744.12,4947.81,2112.33,1457.73,1054.38,3345.14,18815.22,19245.24,10561.74,4308.28,2975.39,4018.88,3079.3,4786.8,4272.9,10993.54,5515.83,5047.53,5639.77,7763.74,9464.74,14262.64,5576.9,2344.12,9569.91,3191.59,4657.52,7005.89,15936.35
1949.59,11588.71,4869.52,17123.99,34209.21,9072.34,17802.56,19246.91,7639.35,2416.73,1e+09,8117.97,11440.14,1338.82,11403.03,2774.73,4162.94,2616.4,10636.87,9816.8,12991.27,7661.94,8774.97,4468.69,5476.62,5023.82,4007.77,2103.92,3041.35,2581.33,5840.51,23097.66,23224.17,13763.36,5709.49,5367.91,4915.22,5585.88,8611.37,8175.55,14919.79,10103.85,8973.78,8753.9,10914.94,13797.52,18377.54,8514.16,4870.52,13496.16,6031.69,8649.29,11119.22,20142.41
10134.79,25126.23,18335.14,32180.06,49888.68,21409.83,13442.29,6982.49,2517.29,5055.81,8117.97,1e+09,2219.35,9511.67,5036.78,6686.5,15320.25,5738.41,1578.11,2325.15,2186.1,2234.73,1759.2,6332.73,13040.1,16299.26,14010.85,4351.41,3502.46,4347.2,2733.81,10832.09,10914.88,4339.22,3398.75,3199.78,2826.91,2734.54,2002.52,1903.43,4918.46,1481.49,3292.71,2949.71,2648.08,3207.25,6570.92,1241.42,2137.4,5683.98,2347.17,3203.08,5685.1,9432.83
13247.76,31079.92,23771.54,38743.05,56451.67,27972.82,14002.77,3561.2,3100.17,7388.14,11440.14,2219.35,1e+09,13800.93,5024.01,8916.12,20183.24,8572.85,1508.54,3538.45,2043.06,3000.03,2405.63,9480.09,18016.67,21728.91,18741.57,7091.52,5453.99,6510.95,4017.06,6084.95,6781.93,3594.48,6003.19,4733.66,5332.28,4435.54,3195.52,2732.03,4594.54,1714.48,3894.42,3087.65,1886.16,2358.28,3848.04,1780.84,3851.69,6161.75,3203.51,3409.65,5860.41,6093.92
1967.86,10411.49,3998.94,15869.08,32653.06,8732.47,18494.83,21368.79,10661.59,4369.67,1338.82,9511.67,13800.93,1e+09,13853.24,3356.71,3320.36,3650.73,12688,11704.87,15473.23,8454.81,10944.75,5466.87,5992.51,4026.09,3843.56,3522.98,4568.41,4167.28,8196.89,25070.33,25365.8,15084.34,7220.12,7618.84,6918.71,8391.08,9555.85,11050.67,17981.93,12376.63,11917.54,10095.73,12019.37,16125.44,20923.34,10444.69,7443.53,16090.31,7685.42,11308.99,13330.65,22548.23
11436.14,27282.6,20432.35,34067.48,51776.1,23297.25,8208.23,5450.61,4047.76,7476.78,11403.03,5036.78,5024.01,13853.24,1e+09,11634.29,18578.94,6656.12,4974.67,3243.47,2888.22,7038.52,4844.48,5531.69,14292.21,18186.68,15830.89,8618.36,6123.24,6004.76,3132.38,8626.41,7844.91,4786.71,3510.63,3834.4,3506.06,4457.71,5144.03,3791.14,1792.54,4958.69,2140.02,7950.59,5889.93,3405.62,4428.16,5720.82,4719.98,1669.04,6300.93,1177.92,3861.66,5069.59
4654.05,14966.83,9000.34,21165.13,38805.69,13392.8,18379.1,16268.3,6590.56,3153.69,2774.73,6686.5,8916.12,3356.71,11634.29,1e+09,6484.95,4819.24,7592.28,7500.32,10552.78,4530.48,5983.29,6608.36,8446.59,7959.83,6689.28,1934.12,3559.68,4099.46,6165.58,20107.16,20497.62,10345.17,7106.53,6594.53,5287.93,4200.85,5184.31,6170.19,13718.73,7256.87,8623.01,5662.51,8055.31,11127.97,16034.81,6690.67,4561.59,13231.08,3384.84,8292.2,11102.65,18450.95
3632.5,6212.69,2970.57,9705.19,23331.21,5377.1,23220.53,27432.61,15387.29,6823.49,4162.94,15320.25,20183.24,3320.36,18578.94,6484.95,1e+09,6052.17,18692.34,17401.1,21176.97,14968.64,16733.05,6812.5,3977.88,2133.16,1721.29,7409.26,9287.89,7589.18,12922.59,31600.48,31997.36,21555.87,11945.82,12344.54,11211.48,13384.44,15899.1,16325.57,22707.63,18072.86,16643.24,16847.77,18777.29,21983.22,26563.24,16409.92,12169.23,20816.01,13839.72,16170.5,18215.59,27989.07
2022.86,14179,7548.77,19992.06,37384.76,10486.57,13321.87,14997.81,4347.48,1673.68,2616.4,5738.41,8572.85,3650.73,6656.12,4819.24,6052.17,1e+09,6939.16,6439.92,8742.17,7117.14,6694.66,2801.84,4286.5,6460.36,4268.85,3061.38,2013.59,1256.1,3272.37,20299.42,20186.3,12056.64,3407.03,2814.93,3671.35,3795.99,6155.38,4634.09,10599.69,6429.12,4934.65,8351.84,9447.78,9548.42,14128.44,7088.28,2818.8,8839.34,4705.03,4718.29,6663.33,15699.02
12093.25,27939.71,21089.46,34724.59,52433.21,23954.36,14031.01,5578.04,1832.63,5935.88,10636.87,1578.11,1508.54,12688,4974.67,7592.28,18692.34,6939.16,1e+09,2739.07,1359.87,2363.86,1691.26,6700.56,14949.32,18843.79,16488,5534.18,4427.59,5255.23,3588.13,8920.5,8761.15,3847.47,3508.59,2989.31,3633.09,2481.1,1809.68,1802.4,3593.76,502.89,2612.42,2687.55,2267.35,2091.52,5075.57,1018.65,2423.76,5095.03,2561.3,3311.65,5804.6,7865.3
11124.5,26761.82,19957.89,33593.02,51301.64,22822.79,12072.81,5045.57,2943.2,5830.31,9816.8,2325.15,3538.45,11704.87,3243.47,7500.32,17401.1,6439.92,2739.07,1e+09,2669.32,3387.12,2199.68,6142.32,14039.49,17712.22,15356.43,5615.19,4465.78,5314.81,3471.91,9627.73,9209.79,3989.4,3640.89,3416.53,3516.12,3152.38,2879.19,2433.36,3796.34,2251.49,2903.71,4090.16,3730.67,2785.97,4879.64,2704.39,3005.9,3615.86,3116.22,3336.48,5926.11,6748.81
14235.04,30081.5,23231.25,36866.38,54575,26096.15,12664.15,3797.13,1812.69,8812.53,12991.27,2186.1,2043.06,15473.23,2888.22,10552.78,21176.97,8742.17,1359.87,2669.32,1e+09,2819.14,2410.71,6545.5,17091.11,20985.58,18629.79,7814.02,6801.74,7965.37,5105.12,6411.87,6654.41,2803.98,3107.89,3426.75,3489.15,3756.66,3000.5,3132.86,1637.85,1941.34,2152.25,3743.13,3453.6,2036.13,2971.86,2351.89,4635.53,3185.16,5036.2,4255.35,6954.19,5274.8
10694.72,25265.4,18505.81,32376.48,50085.1,21804.71,15821.57,8013.78,2918.8,4907.36,7661.94,2234.73,3000.03,8454.81,7038.52,4530.48,14968.64,7117.14,2363.86,3387.12,2819.14,1e+09,1991.49,7636.17,14085.85,16677.54,14630.59,4101.15,4346.81,5177.12,4261.56,11169.97,11292.98,3916.44,4704.27,4101.23,2739.64,3162.16,1790.44,2781.77,6053.48,2303.07,4082.43,1934.93,3324.35,3906.93,7810.8,1766.57,3249.1,7106.62,2152.8,4776.59,7359.54,10672.71
10936.83,26264.93,19473.84,33181.71,50890.33,22411.48,13582.98,6251.68,2875.6,5298.94,8774.97,1759.2,2405.63,10944.75,4844.48,5983.29,16733.05,6694.66,1691.26,2199.68,2410.71,1991.49,1e+09,6823.7,13910.74,17300.91,14945.12,4541.13,3981.94,5121.06,2917.57,9875.52,9947.83,3965.2,3861.98,3436.7,2571.99,2134.35,2053.15,2079.88,4354.37,1382.42,2940.44,2623.66,3117.06,3185.32,5746.79,1144.66,2806.33,5120.05,2263.79,3452.27,6034.52,8508.13
3016.94,13776.41,7803.51,19283.03,35987.3,10707.07,13136.07,12412.27,3923.01,2906.03,4468.69,6332.73,9480.09,5466.87,5531.69,6608.36,6812.5,2801.84,6700.56,6142.32,6545.5,7636.17,6823.7,1e+09,5104.47,6264.19,5791.18,4713,4119.88,3145.51,3443.12,18282.89,18597.25,9931.34,3372.49,3779.96,4048.08,4224.98,6191.18,4826.13,8085.15,6630.4,4138.62,9628.51,9788.53,7921.37,11542.9,7493.43,4308.4,7303.58,6205.62,4745.36,6757.94,13307.77
4791.39,6093.15,3171.35,9254.87,21401.35,4253.04,19277.95,23526.79,11273.4,4740.46,5476.62,13040.1,18016.67,5992.51,14292.21,8446.59,3977.88,4286.5,14949.32,14039.49,17091.11,14085.85,13910.74,5104.47,1e+09,2798.54,2241.88,7435.58,6797.1,5870.95,9242.43,30191.65,30800.51,19952.46,8971.95,8974.56,8990.52,9871.09,13563.93,12078.81,18420.9,14288.36,12356.51,16071.47,18168.15,17974.38,22445.46,14582.51,8409.41,16529.28,11223.07,11883.77,13950.85,23887.02
4393.12,4811.1,1802.59,8013.24,19264.96,3865.8,22828.27,27421.26,14995.03,6744.12,5023.82,16299.26,21728.91,4026.09,18186.68,7959.83,2133.16,6460.36,18843.79,17712.22,20985.58,16677.54,17300.91,6264.19,2798.54,1e+09,3039.12,7807.5,9176.39,7656.31,12530.33,33926.31,34196.19,23272.15,11688.54,11974.66,11233.52,12992.18,16604.44,15973.28,22315.37,18182.83,16250.98,18506.66,21330.89,21868.85,26339.93,17858.88,11776.97,20423.75,13937.78,15778.24,17845.32,27781.49
3662.67,6190.7,2671.43,9526.69,22945.56,4726.81,20472.48,25065.47,12639.24,4947.81,4007.77,14010.85,18741.57,3843.56,15830.89,6689.28,1721.29,4268.85,16488,15356.43,18629.79,14630.59,14945.12,5791.18,2241.88,3039.12,1e+09,5985.15,7033.3,6187.3,10174.54,31344.71,31118.52,20916.36,9602.23,9927.71,8867.89,10636.39,14459.23,13617.49,19959.58,15827.04,13895.19,15547.35,18556.82,19513.06,23984.14,15503.09,9421.18,18067.96,11780.97,13422.45,15489.53,25425.7
3592.52,16112.92,9388.47,22897.8,40606.42,13154.27,15565.49,13709.58,4204.94,2112.33,2103.92,4351.41,7091.52,3522.98,8618.36,1934.12,7409.26,3061.38,5534.18,5615.19,7814.02,4101.15,4541.13,4713,7435.58,7807.5,5985.15,1e+09,2108.95,2698.18,3641.63,18309.56,18569,8817.73,4594.89,4103.18,3493.99,2244.96,3768.14,3783.14,10940,5074.09,5728.39,5171.15,7211.21,8466.23,13264.13,4596.34,2489.62,10452.35,2451.13,5713.79,8377.19,15760.36
3563.03,17991.55,11141.3,24776.43,42485.05,14303.56,12928.46,12697.3,3392.77,1457.73,3041.35,3502.46,5453.99,4568.41,6123.24,3559.68,9287.89,2013.59,4427.59,4465.78,6801.74,4346.81,3981.94,4119.88,6797.1,9176.39,7033.3,2108.95,1e+09,1317.69,1923.48,16989.17,17172.36,9230.05,2952.01,2382.43,3177.45,2454.11,3653.65,2832.98,9806,4031.81,4149.02,4764.53,6375.56,7453.95,12251.85,4071.29,914.95,8412.88,2089.72,3600.06,6059.22,14203.14
2119.16,16051.13,9456.88,22763.07,40471.69,13098.8,12814.58,13906.61,3802.8,1054.38,2581.33,4347.2,6510.95,4167.28,6004.76,4099.46,7589.18,1256.1,5255.23,5314.81,7965.37,5177.12,5121.06,3145.51,5870.95,7656.31,6187.3,2698.18,1317.69,1e+09,2664.33,18041.3,18397.23,10777.7,3557.09,2284.92,3738.82,2993.42,4768.02,3500.51,10133.45,4761.77,4075.06,6275.95,7627.55,8663.26,13383.56,5083.69,1914.66,8241.83,3438.21,3547.43,5815.7,14931.53
6384.63,21626.25,14776,28411.13,46119.75,17640.9,10782.45,10477.34,2324.42,3345.14,5840.51,2733.81,4017.06,8196.89,3132.38,6165.58,12922.59,3272.37,3588.13,3471.91,5105.12,4261.56,2917.57,3443.12,9242.43,12530.33,10174.54,3641.63,1923.48,2664.33,1e+09,13565.33,13429.29,8588.57,2288.82,1973.66,3493.09,1921.43,3277.42,1951.62,6185.69,3282.02,1526.45,4923.54,4915.54,6102.73,10096.15,3207.09,1225.71,4371.81,2779.79,1844.32,3843.35,11338.73
25856.43,42495.12,35723.75,49999.21,67707.83,39228.98,9003.34,3602.98,9093.21,18815.22,23097.66,10832.09,6084.95,25070.33,8626.41,20107.16,31600.48,20299.42,8920.5,9627.73,6411.87,11169.97,9875.52,18282.89,30191.65,33926.31,31344.71,18309.56,16989.17,18041.3,13565.33,1e+09,1766.54,5749.52,12954.25,11371.22,11168.91,12424.97,10718.19,10967.3,5625.58,9517.78,9558.42,9448.51,7254.47,5890.71,4225.25,9950.18,13948.87,6161.86,13450.28,10832.68,12219.62,3649.64
25351.1,43449.3,36487.68,51326.11,69034.73,40555.88,9742.7,4146.01,9505.16,19245.24,23224.17,10914.88,6781.93,25365.8,7844.91,20497.62,31997.36,20186.3,8761.15,9209.79,6654.41,11292.98,9947.83,18597.25,30800.51,34196.19,31118.52,18569,17172.36,18397.23,13429.29,1766.54,1e+09,5290.81,13382.79,11808.91,11358.79,13092.98,11076.98,11311.83,5067.04,9155.35,9860.84,9101.87,7302.58,6226.92,3982.99,9744.68,14685.29,6862.69,13927.66,10017.5,10437.06,3631.25
17037.47,31978.79,25227.14,39152.95,56861.57,28382.72,11655.7,3082.78,3735.99,10561.74,13763.36,4339.22,3594.48,15084.34,4786.71,10345.17,21555.87,12056.64,3847.47,3989.4,2803.98,3916.44,3965.2,9931.34,19952.46,23272.15,20916.36,8817.73,9230.05,10777.7,8588.57,5749.52,5290.81,1e+09,6513.22,5250.69,5421.49,6050.99,4899.51,6117.13,3230.89,3784.98,5405.04,2226.35,2786.79,2279.94,2786.86,3561.19,7472.4,4201.6,6597.42,6705.29,8416.52,4002.37
6017.8,20649.48,13799.23,27434.36,45142.98,16815.71,11455.03,8210.19,2250.06,4308.28,5709.49,3398.75,6003.19,7220.12,3510.63,7106.53,11945.82,3407.03,3508.59,3640.89,3107.89,4704.27,3861.98,3372.49,8971.95,11688.54,9602.23,4594.89,2952.01,3557.09,2288.82,12954.25,13382.79,6513.22,1e+09,2299.09,2259.63,2511.3,3797.79,3023.61,4448.89,3749,2361.4,6415.74,6709.83,4669.93,7453.82,4511.97,2628.71,4176.2,4848.02,3763.13,5810.82,9304.72
5839.56,21048.2,14197.95,27833.08,45541.7,17101.83,11868.2,6763.88,1766.14,2975.39,5367.91,3199.78,4733.66,7618.84,3834.4,6594.53,12344.54,2814.93,2989.31,3416.53,3426.75,4101.23,3436.7,3779.96,8974.56,11974.66,9927.71,4103.18,2382.43,2284.92,1973.66,11371.22,11808.91,5250.69,2299.09,1e+09,3015.6,2443.95,2964.25,2435.86,4449.72,2788.32,2080.81,4763.92,4545.28,3651.87,6078.51,3503.45,2351,5037.37,3524.07,2754.69,4877.76,8372.48
5076.68,19915.14,13064.89,26700.02,44408.64,16403.31,12367.86,8234.95,3292.86,4018.88,4915.22,2826.91,5332.28,6918.71,3506.06,5287.93,11211.48,3671.35,3633.09,3516.12,3489.15,2739.64,2571.99,4048.08,8990.52,11233.52,8867.89,3493.99,3177.45,3738.82,3493.09,11168.91,11358.79,5421.49,2259.63,3015.6,1e+09,2801.97,2849.42,3147.28,4056.04,3144.28,2755.97,3962.01,5392.35,4506.92,7218.43,2835.83,3192.12,3805.67,3589.82,3806.12,6162.67,8956.98
6897.18,22088.1,15237.85,28872.98,46581.6,18102.75,13044.73,9044.14,1912.26,3079.3,5585.88,2734.54,4435.54,8391.08,4457.71,4200.85,13384.44,3795.99,2481.1,3152.38,3756.66,3162.16,2134.35,4224.98,9871.09,12992.18,10636.39,2244.96,2454.11,2993.42,1921.43,12424.97,13092.98,6050.99,2511.3,2443.95,2801.97,1e+09,1650.18,1556.91,6413.1,2554.32,2444.47,3252.63,4386.11,4740.12,8810.65,3274.88,1603.74,5150.59,2110.03,2871.31,5493.76,10749.67
10648.94,25648.06,18850.11,32485.24,50193.86,21715.01,16240.41,7905.02,2346.36,4786.8,8611.37,2002.52,3195.52,9555.85,5144.03,5184.31,15899.1,6155.38,1809.68,2879.19,3000.5,1790.44,2053.15,6191.18,13563.93,16604.44,14459.23,3768.14,3653.65,4768.02,3277.42,10718.19,11076.98,4899.51,3797.79,2964.25,2849.42,1650.18,1e+09,1247.21,6046.35,1937.86,2755.24,1630.69,2662.71,3966.67,7883.49,2888.28,2326.57,5276.18,1616.84,3979.64,6354.45,10185.63
9222.74,25069.2,18218.95,31854.08,49562.7,21083.85,13592.89,8536.18,2378.54,4272.9,8175.55,1903.43,2732.03,11050.67,3791.14,6170.19,16325.57,4634.09,1802.4,2433.36,3132.86,2781.77,2079.88,4826.13,12078.81,15973.28,13617.49,3783.14,2832.98,3500.51,1951.62,10967.3,11311.83,6117.13,3023.61,2435.86,3147.28,1556.91,1247.21,1e+09,5754.98,1803.31,1970.93,2839.14,3051.88,3971.42,8190.05,2582.54,1570.41,4590.67,1760.75,2342.03,4474.48,10244.02
15564.83,31411.29,24561.04,38196.17,55904.79,27425.94,9303.82,3563.72,3511.7,10993.54,14919.79,4918.46,4594.54,17981.93,1792.54,13718.73,22707.63,10599.69,3593.76,3796.34,1637.85,6053.48,4354.37,8085.15,18420.9,22315.37,19959.58,10940,9806,10133.45,6185.69,5625.58,5067.04,3230.89,4448.89,4449.72,4056.04,6413.1,6046.35,5754.98,1e+09,3859.1,2845.54,6118.86,5007.26,2541.25,2416.53,4580.57,8237.07,1925.19,8940.22,3364.19,6664.33,3195.52
11432.29,27278.75,20428.5,34063.63,51772.25,23293.4,13979.95,5479.27,1917.47,5515.83,10103.85,1481.49,1714.48,12376.63,4958.69,7256.87,18072.86,6429.12,502.89,2251.49,1941.34,2303.07,1382.42,6630.4,14288.36,18182.83,15827.04,5074.09,4031.81,4761.77,3282.02,9517.78,9155.35,3784.98,3749,2788.32,3144.28,2554.32,1937.86,1803.31,3859.1,1e+09,2667.26,2713.6,2209.95,1992.83,4988.7,1203.61,2307.28,4834.24,2438.13,3106.73,5674.62,7665.51
9500.44,25346.9,18496.65,32131.78,49840.4,21361.55,11051.42,6343.36,1475.39,5047.53,8973.78,3292.71,3894.42,11917.54,2140.02,8623.01,16643.24,4934.65,2612.42,2903.71,2152.25,4082.43,2940.44,4138.62,12356.51,16250.98,13895.19,5728.39,4149.02,4075.06,1526.45,9558.42,9860.84,5405.04,2361.4,2080.81,2755.97,2444.47,2755.24,1970.93,2845.54,2667.26,1e+09,5258.79,4729.78,3655.72,6070.25,3822.71,3187.6,2487.36,4104.48,1217.46,3180.66,7498.51
11112.14,27829.64,20605.35,35464.74,53173.36,24694.51,14964.54,5367.7,3400.13,5639.77,8753.9,2949.71,3087.65,10095.73,7950.59,5662.51,16847.77,8351.84,2687.55,4090.16,3743.13,1934.93,2623.66,9628.51,16071.47,18506.66,15547.35,5171.15,4764.53,6275.95,4923.54,9448.51,9101.87,2226.35,6415.74,4763.92,3962.01,3252.63,1630.69,2839.14,6118.86,2713.6,5258.79,1e+09,1145.7,2561.97,5762.93,2470.01,4041.39,7524.83,2394.4,5318.61,7811.92,8313.08
13425.23,30127.47,23356.1,37859.33,55567.95,27089.1,13872.94,3766.74,3294.24,7763.74,10914.94,2648.08,1886.16,12019.37,5889.93,8055.31,18777.29,9447.78,2267.35,3730.67,3453.6,3324.35,3117.06,9788.53,18168.15,21330.89,18556.82,7211.21,6375.56,7627.55,4915.54,7254.47,7302.58,2786.79,6709.83,4545.28,5392.35,4386.11,2662.71,3051.88,5007.26,2209.95,4729.78,1145.7,1e+09,2179.85,4128.72,2556.87,4565.59,6293.07,3605.47,4444.97,6609.65,6199.31
15118.31,30964.77,24114.52,37749.65,55458.27,26979.42,11087.03,2174.53,2804.56,9464.74,13797.52,3207.25,2358.28,16125.44,3405.62,11127.97,21983.22,9548.42,2091.52,2785.97,2036.13,3906.93,3185.32,7921.37,17974.38,21868.85,19513.06,8466.23,7453.95,8663.26,6102.73,5890.71,6226.92,2279.94,4669.93,3651.87,4506.92,4740.12,3966.67,3971.42,2541.25,1992.83,3655.72,2561.97,2179.85,1e+09,2630.87,2976.06,5302.82,2592.39,5534.37,4573.11,7474.73,3210.38
19589.39,35435.85,28585.6,42220.73,59929.35,31450.5,9151.3,1278.22,4835.92,14262.64,18377.54,6570.92,3848.04,20923.34,4428.16,16034.81,26563.24,14128.44,5075.57,4879.64,2971.86,7810.8,5746.79,11542.9,22445.46,26339.93,23984.14,13264.13,12251.85,13383.56,10096.15,4225.25,3982.99,2786.86,7453.82,6078.51,7218.43,8810.65,7883.49,8190.05,2416.53,4988.7,6070.25,5762.93,4128.72,2630.87,1e+09,6061.69,10117.56,3102.18,10550.15,6538.07,7918.12,1700.37
10963.41,26529.2,19738.11,33739.68,51448.3,22969.45,13188.9,6564.16,2600.1,5576.9,8514.16,1241.42,1780.84,10444.69,5720.82,6690.67,16409.92,7088.28,1018.65,2704.39,2351.89,1766.57,1144.66,7493.43,14582.51,17858.88,15503.09,4596.34,4071.29,5083.69,3207.09,9950.18,9744.68,3561.19,4511.97,3503.45,2835.83,3274.88,2888.28,2582.54,4580.57,1203.61,3822.71,2470.01,2556.87,2976.06,6061.69,1e+09,2404.88,6092.37,2295.54,3534.04,5954.88,8846.76
5639.41,20872.89,14022.64,27657.77,45366.39,16887.54,12296.3,10351.05,2190.18,2344.12,4870.52,2137.4,3851.69,7443.53,4719.98,4561.59,12169.23,2818.8,2423.76,3005.9,4635.53,3249.1,2806.33,4308.4,8409.41,11776.97,9421.18,2489.62,914.95,1914.66,1225.71,13948.87,14685.29,7472.4,2628.71,2351,3192.12,1603.74,2326.57,1570.41,8237.07,2307.28,3187.6,4041.39,4565.59,5302.82,10117.56,2404.88,1e+09,6732.65,1485.97,2566.3,4937.37,12236.03
13673.21,29519.67,22669.42,36304.55,54013.17,25534.32,8430.06,3272.02,4947.52,9569.91,13496.16,5683.98,6161.75,16090.31,1669.04,13231.08,20816.01,8839.34,5095.03,3615.86,3185.16,7106.62,5120.05,7303.58,16529.28,20423.75,18067.96,10452.35,8412.88,8241.83,4371.81,6161.86,6862.69,4201.6,4176.2,5037.37,3805.67,5150.59,5276.18,4590.67,1925.19,4834.24,2487.36,7524.83,6293.07,2592.39,3102.18,6092.37,6732.65,1e+09,8193.76,2140.75,4151.64,2944.23
8190.24,23033.7,16183.45,29818.58,47527.2,19048.35,14742.39,10571.68,3254.76,3191.59,6031.69,2347.17,3203.51,7685.42,6300.93,3384.84,13839.72,4705.03,2561.3,3116.22,5036.2,2152.8,2263.79,6205.62,11223.07,13937.78,11780.97,2451.13,2089.72,3438.21,2779.79,13450.28,13927.66,6597.42,4848.02,3524.07,3589.82,2110.03,1616.84,1760.75,8940.22,2438.13,4104.48,2394.4,3605.47,5534.37,10550.15,2295.54,1485.97,8193.76,1e+09,3583.25,6394.15,12969.05
9027.7,24874.16,18023.91,31659.04,49367.66,20888.81,8233.18,7647.66,3014.45,4657.52,8649.29,3203.08,3409.65,11308.99,1177.92,8292.2,16170.5,4718.29,3311.65,3336.48,4255.35,4776.59,3452.27,4745.36,11883.77,15778.24,13422.45,5713.79,3600.06,3547.43,1844.32,10832.68,10017.5,6705.29,3763.13,2754.69,3806.12,2871.31,3979.64,2342.03,3364.19,3106.73,1217.46,5318.61,4444.97,4573.11,6538.07,3534.04,2566.3,2140.75,3583.25,1e+09,2236.72,7354.41
11094.78,26941.24,20090.99,33726.12,51434.74,22955.89,4271.34,7726.79,5375.19,7005.89,11119.22,5685.1,5860.41,13330.65,3861.66,11102.65,18215.59,6663.33,5804.6,5926.11,6954.19,7359.54,6034.52,6757.94,13950.85,17845.32,15489.53,8377.19,6059.22,5815.7,3843.35,12219.62,10437.06,8416.52,5810.82,4877.76,6162.67,5493.76,6354.45,4474.48,6664.33,5674.62,3180.66,7811.92,6609.65,7474.73,7918.12,5954.88,4937.37,4151.64,6394.15,2236.72,1e+09,7144.56
21030.95,36877.41,30027.16,43662.29,61370.91,32892.06,6538.6,1837.88,7534.16,15936.35,20142.41,9432.83,6093.92,22548.23,5069.59,18450.95,27989.07,15699.02,7865.3,6748.81,5274.8,10672.71,8508.13,13307.77,23887.02,27781.49,25425.7,15760.36,14203.14,14931.53,11338.73,3649.64,3631.25,4002.37,9304.72,8372.48,8956.98,10749.67,10185.63,10244.02,3195.52,7665.51,7498.51,8313.08,6199.31,3210.38,1700.37,8846.76,12236.03,2944.23,12969.05,7354.41,7144.56,1e+09
