1e+09,5349.24,3731.32,9396.79,10169.21,81816.96,98393.89,53730.37,55064.26,41937.9,77105.64,81371.67,72354.15,77369.68,56102.74,40806.39,39534.14,72121.22,77321.78,72753.94,77954.69,73461.82,53098.71,34782.08,23191.67,22896.89,63670.52,75715.32,58566.95,47464.84,71153.67,98087.72,94160.9,72216.8,88337.61,70681.74,81748.05,81625.18,81513.91,85202.54,75091.65,77151.5,78867.51,78012.51,73831.12,78875.82,79372.65,64868.61,72553.59,74338.33,82894.32,72980.78,85628.47,84029.17
5349.24,1e+09,7161.17,13553.28,13286.3,63700.52,84288.1,35613.93,36947.82,24511.68,59019.02,63255.23,54237.71,59253.24,40669.88,22717.92,23102.32,56793.25,59205.34,54637.5,59838.25,55971.05,35322.48,18378.96,11268.53,10945.12,45554.08,64150.58,43911.56,31237.21,54608.51,83084.45,80640.51,58255.36,74689.62,53329.76,64836.41,63508.74,63397.47,67086.1,66112.66,60265.11,60751.07,59896.07,56380.06,60759.38,61256.21,52440.77,59508.5,57444.89,64777.88,54864.34,67512.03,73547.68
3731.32,7161.17,1e+09,7815.58,10081.42,81816.31,102403.89,53729.72,55063.61,42627.47,77134.81,81371.02,72353.5,77369.03,58785.67,40833.71,41218.11,73118.38,77321.13,72753.29,77954.04,74086.84,53438.27,36291.55,23369.18,23894.05,63669.87,80521.82,62027.35,48462,72507.6,99942.44,98756.3,76371.15,92425.51,71445.55,82952.2,81624.53,81513.26,85201.89,80080.05,78380.9,78866.86,78011.86,74495.85,78875.17,79372,69857.01,77541.99,75560.68,82893.67,72980.13,85627.82,89017.57
9396.79,13553.28,7815.58,1e+09,2936.78,93321.03,113908.61,65234.44,66568.33,54132.19,88639.53,92875.74,83858.22,88873.75,70290.39,52338.43,52722.83,84677.2,88825.85,84258.01,89458.76,85591.56,64942.99,47796.27,34873.9,35452.87,75174.59,92242.94,73532.07,60020.82,84066.42,111501.26,110261.02,87875.87,104146.63,82950.27,94456.92,93129.25,93017.98,96706.61,91855.27,89885.62,90371.58,89516.58,86000.57,90379.89,90876.72,81632.23,89129.01,87065.4,94398.39,84484.85,97132.54,100792.79
10169.21,13286.3,10081.42,2936.78,1e+09,91885.67,112473.25,63799.08,65132.97,52696.83,87204.17,91440.38,82422.86,87438.39,68855.03,50903.07,51287.47,84314.34,87390.49,82822.65,88023.4,84156.2,63507.63,46360.91,33438.54,35070.03,73739.23,92335.73,72096.71,59422.36,82793.66,111138.4,108825.66,86440.51,102874.77,81514.91,93021.56,91693.89,91582.62,95271.25,94297.81,88450.26,88936.22,88081.22,84565.21,88944.53,89441.36,80625.92,87693.65,85630.04,92963.03,83049.49,95697.18,101732.83
81816.96,63700.52,81816.31,93321.03,91885.67,1e+09,11109.97,21572.59,23836.55,34371.29,2833.09,2336.99,11857.29,7505.56,21966.84,38249.3,42728.08,5668.35,5079.44,10823.96,4626.11,4805.46,26157.07,43007.87,57252.36,53663.06,16812.64,11471.24,25496.31,31345.23,8509.44,7995.34,8541.74,11600.88,7974.79,12803.02,8525.16,6832.73,5058.93,5240.39,9539.14,9129.61,7197.54,6364.82,6753.3,4993.8,6464.61,13196.38,9542.55,11915.84,6514.81,9104.06,3020.63,7548.56
98393.89,84288.1,102403.89,113908.61,112473.25,11109.97,1e+09,41965.32,40631.43,53067.57,18560.23,14665.5,22365.81,15963.75,36909.37,54861.33,54476.93,20135.51,18373.91,22941.75,17623.62,21608.2,42256.77,59403.49,72325.86,70653.04,31107.59,13428.67,33667.69,46342.04,22970.74,2272.03,1904.89,19323.89,5167,24249.49,12742.84,14070.51,12901.27,9049.04,11667.51,17314.14,16828.18,17683.18,21199.19,16819.87,16323.04,25138.48,18070.75,20134.36,11912.24,22714.91,10517.56,4980.92
53730.37,35613.93,53729.72,65234.44,63799.08,21572.59,41965.32,1e+09,2082.95,7026.7,16891.09,21127.3,12109.78,17125.31,3582.8,10152.93,12562.62,12640.01,17077.41,12509.57,17710.32,13843.12,2163.15,13786.64,28177.51,25576.47,4980.66,19286.75,6989.84,4442.08,12029.23,39369.67,37732.33,16293.01,31243.19,11308.21,22708.48,21380.81,21269.54,24958.17,19559.3,18137.18,18623.14,17768.14,14252.13,18631.45,19128.28,12285.42,17012.76,15316.96,22649.95,12736.41,25384.1,27600.6
55064.26,36947.82,55063.61,66568.33,65132.97,23836.55,40631.43,2082.95,1e+09,7709.45,19155.05,23391.26,14373.74,19389.27,3100.26,11408.98,13438.66,14184.4,19341.37,14773.53,19974.28,15568.59,895.980000000001,15028.96,29236.69,26910.36,5690.11,17952.86,5122.54,4599.74,13304.03,40194.49,36398.44,14454.34,30575.15,12744.92,23974.38,23644.77,23533.5,27222.13,17329.19,19389.04,20887.1,20032.1,15981.48,20895.41,21392.24,9423.09,14791.13,16575.87,24913.91,15000.37,27648.06,26266.71
41937.9,24511.68,42627.47,54132.19,52696.83,34371.29,53067.57,7026.7,7709.45,1e+09,29689.79,33926,24908.48,29924.01,10151.66,1696.18,2898.92,25099.42,29876.11,25308.27,30509.02,26641.82,6548.39,5162.8,16487.04,13949.22,16224.85,30389,13402.23,3509.28,24488.64,51489.79,48834.58,26890.48,42684.73,23659.94,35507.18,34179.51,34068.24,37756.87,29765.33,30935.88,31421.84,30566.84,27050.83,31430.15,31926.98,19542.29,27227.27,28115.66,35448.65,25535.11,38182.8,38702.85
77105.64,59019.02,77134.81,88639.53,87204.17,2833.09,18560.23,16891.09,19155.05,29689.79,1e+09,2629.86,4861.36,3105.54,16497.72,33448.56,36051.3,2013.85,1094.71,4430,1535.73,2748.22,21160.91,37308.02,51546.4,48981.56,10430.42,7522.71,16539.15,25833.5,3493.68,16598.24,14762.52,5766.96,10010.95,5622.94,4897.33,4647.77,2864.01,5019.69,7868.01,4667.85,3414.78,2086.73,3218.77,2460.85,3269.71,6330.37,4690.43,4846.59,3843.89,3647.7,3999.4,12086.53
81371.67,63255.23,81371.02,92875.74,91440.38,2336.99,14665.5,21127.3,23391.26,33926,2629.86,1e+09,8623.65,5024.78,21384.97,37804.01,41101.31,4715.17,2968.32,7574.33,1960.66,4874.31,25559.88,41799.17,56270.89,53217.77,15238.29,8655.33,21722.71,30331.52,7691.37,12377.9,11599.45,6354.21,7896.62,10765.13,4126.14,3803.87,1791.17,3701.22,8201.86,4664.04,2773.12,3283.87,5802.13,2252.88,2695.49,11219.61,4963.83,7007.42,2854.56,5900.98,2065.11,9972.94
72354.15,54237.71,72353.5,83858.22,82422.86,11857.29,22365.81,12109.78,14373.74,24908.48,4861.36,8623.65,1e+09,3162.55,11098.42,28629.25,29066.94,4201.12,5748.04,734.38,5808.38,3866.06,16094.89,31818.41,45688.8,44200.25,4691.83,4826.97,8257.7,20450.01,1953.21,23593.63,18249.9,2000.13,12401.09,1252.59,5278.02,5193.83,8336.3,10538.21,6968.31,2359.84,3541.92,3931.38,2936.66,4364.31,3970.36,2264.45,4010.86,1319.33,8376.43,1497.01,12736.7,10821.6
77369.68,59253.24,77369.03,88873.75,87438.39,7505.56,15963.75,17125.31,19389.27,29924.01,3105.54,5024.78,3162.55,1e+09,17055.07,33802.02,35258.87,3799.08,2495.82,3129.22,2875.82,4583.75,21345.7,37069.22,51410.17,49215.78,10174.98,3845.06,14449.63,25700.82,4440.16,16595.28,12129.82,2945.79,7987.68,5031.43,2489.74,2592.96,2661.38,4117.48,5228.57,2624.78,2528.82,1377.68,2599.06,2105.18,2789.4,5865.82,3177.19,2257.12,2955.97,2502.33,5326.3,8267.49
56102.74,40669.88,58785.67,70290.39,68855.03,21966.84,36909.37,3582.8,3100.26,10151.66,16497.72,21384.97,11098.42,17055.07,1e+09,12556.14,14065.67,11944.22,17376.17,11973.41,18104.57,12957.94,3000.91,16987.92,30613.39,28196.67,3896.44,14230.8,3532.8,5590.48,10284.26,37580.86,32676.38,10732.28,26817.55,9081.18,20168.72,19943.37,21663.79,25352.42,13607.13,15637.98,18582.94,17762.24,12968.43,19025.7,18839.36,8811.78,11069.07,12823.4,23044.2,13130.66,25778.35,22544.65
40806.39,22717.92,40833.71,52338.43,50903.07,38249.3,54861.33,10152.93,11408.98,1696.18,33448.56,37804.01,28629.25,33802.02,12556.14,1e+09,1993.69,28560.58,33754.12,29147.84,34387.03,29908.2,9511.19,3851.26,15170.95,12680.46,20102.86,32182.76,15034.39,4837.47,27607.07,54534.1,50628.34,28684.24,44805.05,26920.54,38148.95,37793.76,37946.25,41634.88,31559.09,33618.94,35299.85,34412.41,30284.52,35308.16,35804.99,21336.05,29021.03,30805.77,39326.66,29413.12,42060.81,40496.61
39534.14,23102.32,41218.11,52722.83,51287.47,42728.08,54476.93,12562.62,13438.66,2898.92,36051.3,41101.31,29066.94,35258.87,14065.67,1993.69,1e+09,32049.61,37608.16,30060.73,38816.84,32310.19,12193.16,3803.02,14124.38,11545.46,22966.86,31798.36,14649.99,6601.24,29116.6,56018.9,50243.94,28299.84,44420.65,26894.74,37831.09,37805.37,42019.62,43992.93,31174.69,33234.54,36794.25,36907.31,31794.05,37837.56,36988.49,20951.65,28636.63,30421.37,41867.76,32140.82,46539.59,40112.21
72121.22,56793.25,73118.38,84677.2,84314.34,5668.35,20135.51,12640.01,14184.4,25099.42,2013.85,4715.17,4201.12,3799.08,11944.22,28560.58,32049.61,1e+09,2051.19,3421.17,2201.64,2526.33,16356.6,33051.37,47248.37,44049.93,6829.12,6824.86,13336.28,21270.8,2153.19,20052.72,15902.52,4712.07,10331.25,4406.34,5077.17,5004.08,4681.95,7316.46,8034.09,4136.38,3482.96,2814.41,2920.79,3247.1,3500.62,5480.29,4627.08,3745.81,5008.24,3026.89,7742.39,10900.19
77321.78,59205.34,77321.13,88825.85,87390.49,5079.44,18373.91,17077.41,19341.37,29876.11,1094.71,2968.32,5748.04,2495.82,17376.17,33754.12,37608.16,2051.19,1e+09,4446.05,787.55,3145.36,21579.14,37784.58,52446.38,49167.88,11053.15,7632.96,17570.27,26416.18,3847.48,17826.92,14140.92,4689.78,8851.77,6795.54,4498.76,3243.76,2813.2,4825.79,7761.3,3154.28,2311.21,1434.94,2899.03,1658.21,1969.5,7147.53,3329.92,4494.13,2788.65,2996.39,5434.78,11036.74
72753.94,54637.5,72753.29,84258.01,82822.65,10823.96,22941.75,12509.57,14773.53,25308.27,4430,7574.33,734.38,3129.22,11973.41,29147.84,30060.73,3421.17,4446.05,1e+09,4334.13,3411.69,16613.48,32337,46444.99,44600.04,5209.8,5434.77,9251.49,20968.6,2075.99,23172.04,18708.76,2680.72,12794.42,1552.61,6232.18,5865.45,7140.89,10086.16,7484.54,3073.93,3540.41,3726.39,2657,3997.42,4093.21,2201.4,4073.28,2069.39,7851.16,1433.61,11398.37,10830.77
77954.69,59838.25,77954.04,89458.76,88023.4,4626.11,17623.62,17710.32,19974.28,30509.02,1535.73,1960.66,5808.38,2875.82,18104.57,34387.03,38816.84,2201.64,787.55,4334.13,1e+09,3497.01,22294.8,38321.75,53390.09,49800.79,11633.84,7891.94,18473.43,26953.35,4358.55,17131.17,13507.71,3931.88,8204.86,7567.29,3258.59,2485.08,2069.33,4064.2,6859.62,2293.21,1335,1891.9,3618.35,1539.1,1352.17,7632.51,3147.79,4268.72,2074.48,2765.71,4632.97,10292.38
73461.82,55971.05,74086.84,85591.56,84156.2,4805.46,21608.2,13843.12,15568.59,26641.82,2748.22,4874.31,3866.06,4583.75,12957.94,29908.2,32310.19,2526.33,3145.36,3411.69,3497.01,1e+09,17592.47,34039.14,48074.19,45473.14,6874.05,7650.69,12785.39,22087.94,2398.67,19376.39,17385.95,6777.13,12561.43,4386.86,7596.36,5660.61,4484.26,6055.65,10389.97,6063.02,5441.08,4292.27,1687.99,4266.58,4548.55,5711.42,6720.57,4940.67,4761.67,4041.76,6135.68,12746.28
53098.71,35322.48,53438.27,64942.99,63507.63,26157.07,42256.77,2163.15,895.980000000001,6548.39,21160.91,25559.88,16094.89,21345.7,3000.91,9511.19,12193.16,16356.6,21579.14,16613.48,22294.8,17592.47,1e+09,13504.23,27712.98,25027.42,7927.97,19578.2,5192.63,3274.12,15179.59,42099.87,38023.78,16079.68,32200.49,14372.14,25572.47,25259.4,25817.02,29358.8,18954.53,21014.38,22851.04,22075.95,17857.04,23066.35,23294,10266.37,16416.47,18201.21,27087.19,17210.97,29968.58,27892.05
34782.08,18378.96,36291.55,47796.27,46360.91,43007.87,59403.49,13786.64,15028.96,5162.8,37308.02,41799.17,31818.41,37069.22,16987.92,3851.26,3803.02,33051.37,37784.58,32337,38321.75,34039.14,13504.23,1e+09,9600.98,6937.38,23651.49,36724.92,19576.55,8342.81,31655.75,58392.67,55170.5,33226.4,49090.8,30380.3,42050.2,40982.92,41765.37,45082.32,36101.25,37473.85,38574.56,37936.5,34245.83,38789.87,39017.52,25878.21,33563.19,34655.04,42810.71,32934.49,45951.39,45038.77
23191.67,11268.53,23369.18,34873.9,33438.54,57252.36,72325.86,28177.51,29236.69,16487.04,51546.4,56270.89,45688.8,51410.17,30613.39,15170.95,14124.38,47248.37,52446.38,46444.99,53390.09,48074.19,27712.98,9600.98,1e+09,3072.04,38555.3,49647.29,32498.92,22203.15,45416.96,72470.64,68092.87,46148.77,62113.47,43911.55,55186.77,54640.27,56788.65,59783.75,49023.62,50600.32,52930.53,52497.18,48022.82,53559.84,53249.13,38800.58,46485.56,47784.33,57585.36,47783.78,61063.87,57961.14
22896.89,10945.12,23894.05,35452.87,35070.03,53663.06,70653.04,25576.47,26910.36,13949.22,48981.56,53217.77,44200.25,49215.78,28196.67,12680.46,11545.46,44049.93,49167.88,44600.04,49800.79,45473.14,25027.42,6937.38,3072.04,1e+09,35516.62,47974.47,30826.1,19393.55,43247.6,70099.04,66420.05,44475.95,60596.76,42610.45,53917.95,53471.28,53360.01,57048.64,47350.8,49410.65,50713.61,49858.61,45925.05,50721.92,51218.75,37127.76,44812.74,46597.48,54740.42,44826.88,57474.57,56288.32
63670.52,45554.08,63669.87,75174.59,73739.23,16812.64,31107.59,4980.66,5690.11,16224.85,10430.42,15238.29,4691.83,10174.98,3896.44,20102.86,22966.86,6829.12,11053.15,5209.8,11633.84,6874.05,7927.97,23651.49,38555.3,35516.62,1e+09,9823.99,3636.64,12283.09,4766.38,31223.8,26991.68,8048.31,21124.34,3865.94,13839.79,13405.08,15077.46,18377.08,12851.89,9309.08,11680.75,11047.01,6856.98,12101.96,12013.94,5004.01,9587.19,6494.5,16122.8,6246.58,19263.48,17467.73
75715.32,64150.58,80521.82,92242.94,92335.73,11471.24,13428.67,19286.75,17952.86,30389,7522.71,8655.33,4826.97,3845.06,14230.8,32182.76,31798.36,6824.86,7632.96,5434.77,7891.94,7650.69,19578.2,36724.92,49647.29,47974.47,9823.99,1e+09,10989.12,23663.47,5146.84,15406,9917.4,4550.89,6619.05,5076.01,3528.85,3062.05,5461.47,5587.64,2865.42,4531.1,5805.81,6066.59,6091.13,4758.52,5449.76,6572.03,5304.6,4367.12,4510.74,6283.89,6549.62,5526.82
58566.95,43911.56,62027.35,73532.07,72096.71,25496.31,33667.69,6989.84,5122.54,13402.23,16539.15,21722.71,8257.7,14449.63,3532.8,15034.39,14649.99,13336.28,17570.27,9251.49,18473.43,12785.39,5192.63,19576.55,32498.92,30826.1,3636.64,10989.12,1e+09,7155.66,9283.39,35718.02,29434.7,7852.34,23611.41,6085.5,17021.85,16996.13,21239.81,23183.69,11370.33,12425.3,15985.01,16151.32,11837.99,17028.32,16179.25,6323.55,8819.55,9612.13,21058.52,11331.58,25719.55,19302.97
47464.84,31237.21,48462,60020.82,59422.36,31345.23,46342.04,4442.08,4599.74,3509.28,25833.5,30331.52,20450.01,25700.82,5590.48,4837.47,6601.24,21270.8,26416.18,20968.6,26953.35,22087.94,3274.12,8342.81,22203.15,19393.55,12283.09,23663.47,7155.66,1e+09,19581.06,46347.05,42109.05,20164.95,36285.76,18673.29,29696.2,29614.52,30396.97,33713.92,23039.8,25099.65,27206.16,26568.1,22258.51,27421.47,27649.12,12939.9,20501.74,22286.48,31442.31,21566.09,34582.99,31977.32
71153.67,54608.51,72507.6,84066.42,82793.66,8509.44,22970.74,12029.23,13304.03,24488.64,3493.68,7691.37,1953.21,4440.16,10284.26,27607.07,29116.6,2153.19,3847.48,2075.99,4358.55,2398.67,15179.59,31655.75,45416.96,43247.6,4766.38,5146.84,9283.39,19581.06,1e+09,23710.28,18737.75,3901.48,12914.46,1817.92,6324.9,6435.92,7833.61,11522.24,8360.6,3541.07,5150.85,4110.21,1834.33,5195.52,5499.58,3285.27,6000.78,2767.13,9214.02,1874.62,11948.17,10161.94
98087.72,83084.45,99942.44,111501.26,111138.4,7995.34,2272.03,39369.67,40194.49,51489.79,16598.24,12377.9,23593.63,16595.28,37580.86,54534.1,56018.9,20052.72,17826.92,23172.04,17131.17,19376.39,42099.87,58392.67,72470.64,70099.04,31223.8,15406,35718.02,46347.05,23710.28,1e+09,2840.08,20899.08,6099.38,25580.13,14474.35,14106.67,12999.32,9945.47,12928.07,18388.78,17747.23,17314.87,19835.9,15585.16,16512.46,26179.31,19085.75,21552.88,12743.5,21994.21,7876.41,6526.55
94160.9,80640.51,98756.3,110261.02,108825.66,8541.74,1904.89,37732.33,36398.44,48834.58,14762.52,11599.45,18249.9,12129.82,32676.38,50628.34,50243.94,15902.52,14140.92,18708.76,13507.71,17385.95,38023.78,55170.5,68092.87,66420.05,26991.68,9917.4,29434.7,42109.05,18737.75,2840.08,1e+09,15090.9,3090.76,20016.5,8549.43,10160.62,9781.54,5925.28,8849.9,13081.15,12595.19,13450.19,16966.2,12780.3,12090.05,20905.49,13837.76,15901.37,8243.03,18481.92,7316.23,2758.42
72216.8,58255.36,76371.15,87875.87,86440.51,11600.88,19323.89,16293.01,14454.34,26890.48,5766.96,6354.21,2000.13,2945.79,10732.28,28684.24,28299.84,4712.07,4689.78,2680.72,3931.88,6777.13,16079.68,33226.4,46148.77,44475.95,8048.31,4550.89,7852.34,20164.95,3901.48,20899.08,15090.9,1e+09,9267.61,2822.91,3440.09,4259.05,5897.14,8769.96,4904.42,1534.55,2284.33,2959.89,4476.96,3408.78,2926.58,3477.07,1786.89,855.06,6608.18,2742.55,10162.62,9703.47
88337.61,74689.62,92425.51,104146.63,102874.77,7974.79,5167,31243.19,30575.15,42684.73,10010.95,7896.62,12401.09,7987.68,26817.55,44805.05,44420.65,10331.25,8851.77,12794.42,8204.86,12561.43,32200.49,49090.8,62113.47,60596.76,21124.34,6619.05,23611.41,36285.76,12914.46,6099.38,3090.76,9267.61,1e+09,14193.21,4141.21,6089.02,6597.94,4656.51,5853.83,7403.42,6780.88,8266.82,11596.12,8027.18,7012.22,15082.2,8179.79,10078.08,4950.08,12308.61,5623.99,2844.63
70681.74,53329.76,71445.55,82950.27,81514.91,12803.02,24249.49,11308.21,12744.92,23659.94,5622.94,10765.13,1252.59,5031.43,9081.18,26920.54,26894.74,4406.34,6795.54,1552.61,7567.29,4386.86,14372.14,30380.3,43911.55,42610.45,3865.94,5076.01,6085.5,18673.29,1817.92,25580.13,20016.5,2822.91,14193.21,1e+09,7603.65,7577.93,10949.91,13765.49,7878.67,3944.9,6566.81,6250.76,3352.43,7610.12,6761.05,1656.67,6388.72,2086.06,11640.32,2383.87,15253.86,10419.71
81748.05,64836.41,82952.2,94456.92,93021.56,8525.16,12742.84,22708.48,23974.38,35507.18,4897.33,4126.14,5278.02,2489.74,20168.72,38148.95,37831.09,5077.17,4498.76,6232.18,3258.59,7596.36,25572.47,42050.2,55186.77,53917.95,13839.79,3528.85,17021.85,29696.2,6324.9,14474.35,8549.43,3440.09,4141.21,7603.65,1e+09,1472.19,3138.29,3180.76,3563.16,2194.83,1842.51,2867.3,5825.73,3029.19,2617.19,8492.64,3265.45,3833.24,1942.33,5100.5,5281.82,6331.39
81625.18,63508.74,81624.53,93129.25,91693.89,6832.73,14070.51,21380.81,23644.77,34179.51,4647.77,3803.87,5193.83,2592.96,19943.37,37793.76,37805.37,5004.08,3243.76,5865.45,2485.08,5660.61,25259.4,40982.92,54640.27,53471.28,13405.08,3062.05,16996.13,29614.52,6435.92,14106.67,10160.62,4259.05,6089.02,7577.93,1472.19,1e+09,2659.89,2729.18,3524.99,2407.61,2470.63,2879.1,4371.46,1682.74,1839.54,8466.92,3340.71,4136.6,1984.8,4566.18,3717.73,7125.66
81513.91,63397.47,81513.26,93017.98,91582.62,5058.93,12901.27,21269.54,23533.5,34068.24,2864.01,1791.17,8336.3,2661.38,21663.79,37946.25,42019.62,4681.95,2813.2,7140.89,2069.33,4484.26,25817.02,41765.37,56788.65,53360.01,15077.46,5461.47,21239.81,30396.97,7833.61,12999.32,9781.54,5897.14,6597.94,10949.91,3138.29,2659.89,1e+09,2479.92,5314.09,4223.31,2755.34,2525.38,4699.29,1861.92,2281.22,10979.87,4569.23,6305.76,1212.13,5658.24,2820.27,7894.22
85202.54,67086.1,85201.89,96706.61,95271.25,5240.39,9049.04,24958.17,27222.13,37756.87,5019.69,3701.22,10538.21,4117.48,25352.42,41634.88,43992.93,7316.46,4825.79,10086.16,4064.2,6055.65,29358.8,45082.32,59783.75,57048.64,18377.08,5587.64,23183.69,33713.92,11522.24,9945.47,5925.28,8769.96,4656.51,13765.49,3180.76,2729.18,2479.92,1e+09,4525.31,6004.33,5723.46,4432.86,6290.57,3669.74,4002.27,13925.14,6693.46,8879.35,1953,8564.47,2471.19,4646.76
75091.65,66112.66,80080.05,91855.27,94297.81,9539.14,11667.51,19559.3,17329.19,29765.33,7868.01,8201.86,6968.31,5228.57,13607.13,31559.09,31174.69,8034.09,7761.3,7484.54,6859.62,10389.97,18954.53,36101.25,49023.62,47350.8,12851.89,2865.42,11370.33,23039.8,8360.6,12928.07,8849.9,4904.42,5853.83,7878.67,3563.16,3524.99,5314.09,4525.31,1e+09,4325.95,5267.31,6329.43,7704.16,6025.15,5042.08,8078.93,3728.39,5920.82,4548.64,7945.11,5820.23,4848.95
77151.5,60265.11,78380.9,89885.62,88450.26,9129.61,17314.14,18137.18,19389.04,30935.88,4667.85,4664.04,2359.84,2624.78,15637.98,33618.94,33234.54,4136.38,3154.28,3073.93,2293.21,6063.02,21014.38,37473.85,50600.32,49410.65,9309.08,4531.1,12425.3,25099.65,3541.07,18388.78,13081.15,1534.55,7403.42,3944.9,2194.83,2407.61,4223.31,6004.33,4325.95,1e+09,1004.56,2346.51,4390.84,2058,1367.16,5348.77,1218.26,1458.34,3805.94,2254.46,7759.68,8622.88
78867.51,60751.07,78866.86,90371.58,88936.22,7197.54,16828.18,18623.14,20887.1,31421.84,3414.78,2773.12,3541.92,2528.82,18582.94,35299.85,36794.25,3482.96,2311.21,3540.41,1335,5441.08,22851.04,38574.56,52930.53,50713.61,11680.75,5805.81,15985.01,27206.16,5150.85,17747.23,12595.19,2284.33,6780.88,6566.81,1842.51,2470.63,2755.34,5723.46,5267.31,1004.56,1e+09,1539.68,4296.98,1603.88,871.880000000001,7244.65,1864.18,2394.67,3451.85,2437.82,6592.53,9088.65
78012.51,59896.07,78011.86,89516.58,88081.22,6364.82,17683.18,17768.14,20032.1,30566.84,2086.73,3283.87,3931.38,1377.68,17762.24,34412.41,36907.31,2814.41,1434.94,3726.39,1891.9,4292.27,22075.95,37936.5,52497.18,49858.61,11047.01,6066.59,16151.32,26568.1,4110.21,17314.87,13450.19,2959.89,8266.82,6250.76,2867.3,2879.1,2525.38,4432.86,6329.43,2346.51,1539.68,1e+09,2885.03,1493.88,1940.35,6717.11,2807.76,2837.82,2988.43,2668.77,5628.31,9848.31
73831.12,56380.06,74495.85,86000.57,84565.21,6753.3,21199.19,14252.13,15981.48,27050.83,3218.77,5802.13,2936.66,2599.06,12968.43,30284.52,31794.05,2920.79,2899.03,2657,3618.35,1687.99,17857.04,34245.83,48022.82,45925.05,6856.98,6091.13,11837.99,22258.51,1834.33,19835.9,16966.2,4476.96,11596.12,3352.43,5825.73,4371.46,4699.29,6290.57,7704.16,4390.84,4296.98,2885.03,1e+09,3586.17,3613.91,4180,4858.02,3663.72,4740.3,2884.97,7450.74,11531.67
78875.82,60759.38,78875.17,90379.89,88944.53,4993.8,16819.87,18631.45,20895.41,31430.15,2460.85,2252.88,4364.31,2105.18,19025.7,35308.16,37837.56,3247.1,1658.21,3997.42,1539.1,4266.58,23066.35,38789.87,53559.84,50721.92,12101.96,4758.52,17028.32,27421.47,5195.52,15585.16,12780.3,3408.78,8027.18,7610.12,3029.19,1682.74,1861.92,3669.74,6025.15,2058,1603.88,1493.88,3586.17,1e+09,1500.19,7666.96,2619.99,3226.13,1933.96,3100.97,3504.35,9529.78
79372.65,61256.21,79372,90876.72,89441.36,6464.61,16323.04,19128.28,21392.24,31926.98,3269.71,2695.49,3970.36,2789.4,18839.36,35804.99,36988.49,3500.62,1969.5,4093.21,1352.17,4548.55,23294,39017.52,53249.13,51218.75,12013.94,5449.76,16179.25,27649.12,5499.58,16512.46,12090.05,2926.58,7012.22,6761.05,2617.19,1839.54,2281.22,4002.27,5042.08,1367.16,871.880000000001,1940.35,3613.91,1500.19,1e+09,7625.43,2239.25,2798.13,2181.72,2976.98,5043.46,8168.28
64868.61,52440.77,69857.01,81632.23,80625.92,13196.38,25138.48,12285.42,9423.09,19542.29,6330.37,11219.61,2264.45,5865.82,8811.78,21336.05,20951.65,5480.29,7147.53,2201.4,7632.51,5711.42,10266.37,25878.21,38800.58,37127.76,5004.01,6572.03,6323.55,12939.9,3285.27,26179.31,20905.49,3477.07,15082.2,1656.67,8492.64,8466.92,10979.87,13925.14,8078.93,5348.77,7244.65,6717.11,4180,7666.96,7625.43,1e+09,6052.89,3154.12,11690.14,3028.42,15237.35,11748.34
72553.59,59508.5,77541.99,89129.01,87693.65,9542.55,18070.75,17012.76,14791.13,27227.27,4690.43,4963.83,4010.86,3177.19,11069.07,29021.03,28636.63,4627.08,3329.92,4073.28,3147.79,6720.57,16416.47,33563.19,46485.56,44812.74,9587.19,5304.6,8819.55,20501.74,6000.78,19085.75,13837.76,1786.89,8179.79,6388.72,3265.45,3340.71,4569.23,6693.46,3728.39,1218.26,1864.18,2807.76,4858.02,2619.99,2239.25,6052.89,1e+09,3029.44,4458.46,3256.55,8005.67,9297.91
74338.33,57444.89,75560.68,87065.4,85630.04,11915.84,20134.36,15316.96,16575.87,28115.66,4846.59,7007.42,1319.33,2257.12,12823.4,30805.77,30421.37,3745.81,4494.13,2069.39,4268.72,4940.67,18201.21,34655.04,47784.33,46597.48,6494.5,4367.12,9612.13,22286.48,2767.13,21552.88,15901.37,855.06,10078.08,2086.06,3833.24,4136.6,6305.76,8879.35,5920.82,1458.34,2394.67,2837.82,3663.72,3226.13,2798.13,3154.12,3029.44,1e+09,6680.96,1987.34,10634.7,9372.32
82894.32,64777.88,82893.67,94398.39,92963.03,6514.81,11912.24,22649.95,24913.91,35448.65,3843.89,2854.56,8376.43,2955.97,23044.2,39326.66,41867.76,5008.24,2788.65,7851.16,2074.48,4761.67,27087.19,42810.71,57585.36,54740.42,16122.8,4510.74,21058.52,31442.31,9214.02,12743.5,8243.03,6608.18,4950.08,11640.32,1942.33,1984.8,1212.13,1953,4548.64,3805.94,3451.85,2988.43,4740.3,1933.96,2181.72,11690.14,4458.46,6680.96,1e+09,6329.47,2564.51,6496.06
72980.78,54864.34,72980.13,84484.85,83049.49,9104.06,22714.91,12736.41,15000.37,25535.11,3647.7,5900.98,1497.01,2502.33,13130.66,29413.12,32140.82,3026.89,2996.39,1433.61,2765.71,4041.76,17210.97,32934.49,47783.78,44826.88,6246.58,6283.89,11331.58,21566.09,1874.62,21994.21,18481.92,2742.55,12308.61,2383.87,5100.5,4566.18,5658.24,8564.47,7945.11,2254.46,2437.82,2668.77,2884.97,3100.97,2976.98,3028.42,3256.55,1987.34,6329.47,1e+09,9876.68,12224.99
85628.47,67512.03,85627.82,97132.54,95697.18,3020.63,10517.56,25384.1,27648.06,38182.8,3999.4,2065.11,12736.7,5326.3,25778.35,42060.81,46539.59,7742.39,5434.78,11398.37,4632.97,6135.68,29968.58,45951.39,61063.87,57474.57,19263.48,6549.62,25719.55,34582.99,11948.17,7876.41,7316.23,10162.62,5623.99,15253.86,5281.82,3717.73,2820.27,2471.19,5820.23,7759.68,6592.53,5628.31,7450.74,3504.35,5043.46,15237.35,8005.67,10634.7,2564.51,9876.68,1e+09,5320
84029.17,73547.68,89017.57,100792.79,101732.83,7548.56,4980.92,27600.6,26266.71,38702.85,12086.53,9972.94,10821.6,8267.49,22544.65,40496.61,40112.21,10900.19,11036.74,10830.77,10292.38,12746.28,27892.05,45038.77,57961.14,56288.32,17467.73,5526.82,19302.97,31977.32,10161.94,6526.55,2758.42,9703.47,2844.63,10419.71,6331.39,7125.66,7894.22,4646.76,4848.95,8622.88,9088.65,9848.31,11531.67,9529.78,8168.28,11748.34,9297.91,9372.32,6496.06,12224.99,5320,1e+09
