1e+09,16849.7,19845.2,22357.22,23958.75,7499.96,34076.86,7524.25,6701.22,8914.88,3447.9,5382.67,3919.79,4819.15,7809.69,2948.96,4600.17,19839.77,4078.48,5946.77,15494.5,4061.34,2158.83,5646,11312.39,10548.51,5269.65,7389.2,3077.52,6372.74,4365.08,16020.61,22708.53,3435.4,9440.68,3164.86,6444.17,7431.89,6524.78,4845.54,14734.81,9464.44,15821.93,7334.82,5321.37,6313.85,16712.51,4064.78,7607.04,8137.51,5274.36,4731.99,10747.14,16403.22
16849.7,1e+09,4482.05,6170.55,9232.02,23149.62,54803.03,18630.2,17988.16,10747.89,20701.83,25586.6,21418.39,25813.04,25876.26,17225.13,13966.43,36389.73,21958.41,23543.87,33407.48,22426.15,18479.71,13974.66,12402.34,11767.07,18197.49,26629.37,18314.63,20934.43,21526.18,33975.57,42990.25,20967.07,28598.43,20214.3,26070.11,26943.84,24371.71,25771.91,32439.38,27456.77,33976.08,25162.81,21582.91,22119.22,33981.66,21406.08,26589.28,27054.81,23200.89,21994.39,29944.69,35271.7
19845.2,4482.05,1e+09,3256.2,5144.2,25832.42,58638.13,21571.24,21302.98,13318.95,24146.38,28825.66,24446.97,29211.22,28933.5,19312.6,17178.33,40105.49,25403.1,27263.82,37163.02,25604.76,20699.78,18477.76,13508.78,13491.59,21356.99,30468.26,21557.64,24249.25,24208.98,37731.11,46785.57,24023.13,32396.11,22893.82,29355.3,30699.38,28087.47,29042.16,36155.14,31172.53,37731.62,28878.57,24976.6,25418.07,37697.42,24605.36,30305.04,30381.48,26996.21,24456.97,33700.23,39027.24
22357.22,6170.55,3256.2,1e+09,6837.26,23945.61,51891.12,18901.63,20003.81,12256.18,24855.81,28988.01,25873.59,28873.72,28352.78,23330.01,20188.21,32661.78,26031.95,24873.51,29720.69,26672.69,24443.69,18137.2,13285.4,13776.99,21035.66,28033.4,23662.14,21449.45,25046.81,30364.14,40037.91,24448.18,28348.35,25665.01,27780.77,28709.3,25476.12,30556.73,28961.81,26482.77,30847.43,26376.96,24427.48,23011.06,30392.53,23690.7,27964,27908.84,25732.19,24574.45,29667.96,32533.5
23958.75,9232.02,5144.2,6837.26,1e+09,28890.56,62686.35,24666.57,24616.73,18032.47,27514.66,32275.39,27779.77,33032.73,32955.57,22211.73,22164.22,43360.63,29177.04,30784.8,40449.18,29661.74,23935.34,23591.22,17150.9,16910.39,24204.46,33723.4,25109.54,27730.67,27742.84,41076.57,50642.97,27757.38,35651.25,25972.37,33106.16,34255.65,31342.61,33201.32,39410.28,34427.67,41217.5,32133.71,28387.71,28534.61,40952.56,27994.14,33560.18,34433.47,30252.71,27701.6,37256.5,42583.51
7499.96,23149.62,25832.42,23945.61,28890.56,1e+09,22968.6,3557.3,4639.16,10064.84,7984.69,7605.98,7276.21,10968.99,6192.26,7437.93,9406.47,7754.89,7256.93,6998.3,7580.72,9473.65,5943.93,7314.03,9999.63,10218.78,4275.29,9263.27,7276.36,3003.59,6048.82,7338.92,13090.97,7812.57,7810.55,7157.61,8434.33,9744.71,6467.97,11844.99,7180.63,7183.38,7613.61,7872.29,6248.32,5216.21,7017.61,7914.6,8561.45,7966.24,8526.64,3398.57,6516.15,8512.85
34076.86,54803.03,58638.13,51891.12,62686.35,22968.6,1e+09,26073.51,30874.47,37209.12,29893.6,28278.66,30960.29,26070.96,18810.4,39547.55,43770.77,10226.26,28984.21,26737.91,17456.9,28045.89,35893.87,35658.68,40041.66,39755.93,29867.4,23641.5,34811.47,28289.18,31097.3,16617.93,7002.15,30822.43,22737.56,34270.37,24163.59,22838.38,24428.42,26252.29,17378.08,23212.34,15871.58,25720.89,28944.09,27312.84,15428.33,28821.26,24754.92,22738.09,26507.57,29739.39,19274.06,13385.51
7524.25,18630.2,21571.24,18901.63,24666.57,3557.3,26073.51,1e+09,2882.98,5624.79,6045.3,7347.16,5413.27,7822.68,8743.66,6879.5,7515.67,8237.6,5844.26,4660.16,5773.7,8330.51,6161.49,3680.57,6230.23,6932.74,3053.02,6209.31,6219.02,2748.4,4516.71,6359.87,14146.09,5951.55,5834.7,6364.47,6094.42,7313.29,4583.29,11111.06,5043.57,4241.45,6710.21,4826.66,4224.03,3339.83,5649.89,5356.77,5807.83,6110.13,5839.74,2874.41,6417.92,8285.11
6701.22,17988.16,21302.98,20003.81,24616.73,4639.16,30874.47,2882.98,1e+09,6427.93,6765.34,7804.78,6609.04,7742.35,11692.11,5565.27,5543.18,13575.25,7552.14,7663.18,10429.42,8291.59,5579.58,2799.03,6151.68,5634.61,1980.26,7553.01,4133.72,2300.21,5033.92,10938.21,19156.56,7588.13,6619.25,6566.78,7828.26,8162.14,5591.6,10425.7,9624.9,6456.72,10798.3,6620.57,5779.02,4974.3,11167.18,6519.19,6796.35,7303,6822.36,3576.94,9245.97,11933.56
8914.88,10747.89,13318.95,12256.18,18032.47,10064.84,37209.12,5624.79,6427.93,1e+09,10223.72,13648.19,10832.55,13461.46,14116.13,9849.69,7309.3,17958.48,10302.39,10375.08,15017.39,12269.16,9962.96,3773.88,3302.53,2752.89,6685.11,12880.8,9775.36,7795.78,9860.82,15660.84,25355.91,10710.19,13199.76,11041.26,13151.99,13815.92,10931.69,15730.33,14279.81,11767.07,16144.13,11218.77,9166.93,8993.12,15689.23,10231.32,11878.32,13099.04,11224.4,9482.08,14815.36,17830.2
3447.9,20701.83,24146.38,24855.81,27514.66,7984.69,29893.6,6045.3,6765.34,10223.72,1e+09,3849.99,1818.99,3169.77,6115.77,7183.4,9504.94,12931.94,1782.52,2847.94,9075.85,1668.77,3495.58,6423,12398.15,12135.61,3257.03,3659.3,4612.14,6755.89,1755.02,9868.65,17941.02,1703.05,3998.79,2304.18,4006.23,3831.61,2569.93,3467.28,8130.02,3845.81,10142.49,2422.6,1705.78,2219.37,9817.44,1823.57,3233.47,4178.86,1903.84,4424.92,7292.99,11691.95
5382.67,25586.6,28825.66,28988.01,32275.39,7605.98,28278.66,7347.16,7804.78,13648.19,3849.99,1e+09,3611.37,3286.73,7334.92,8031.52,11160.84,13215.43,2944.33,3974.27,9964.12,3345.52,5190.11,9825.75,15212.35,14685.46,4730.62,4097.1,6175.96,7259.59,3274.46,10295.01,16333.72,3684.14,5090.27,4433.25,2792.99,4232.72,4130.8,4357.04,9265.08,4760.21,9733.84,3674.56,3098.38,3895.62,10807.36,3790.88,3552.65,3989.74,3214.02,4669.17,6358.97,10255.38
3919.79,21418.39,24446.97,25873.59,27779.77,7276.21,30960.29,5413.27,6609.04,10832.55,1818.99,3611.37,1e+09,4358.91,5951.71,5323.95,8837.78,14837.96,1365.9,2501.59,11326.38,2289.26,2493.76,7491.02,12616.88,12088.7,4617.09,4335.06,4884.87,6599.59,1724.17,12000.33,18772.55,1601.57,6109.82,2046.61,2877.65,4415.3,3394.91,3529.98,10380.55,5302.02,11929.87,3313.23,1757.87,2864.55,12067.97,1065.21,4104.56,4453.2,2686.54,3513.58,7251.11,12451.41
4819.15,25813.04,29211.22,28873.72,33032.73,10968.99,26070.96,7822.68,7742.35,13461.46,3169.77,3286.73,4358.91,1e+09,7953.61,9343.54,13484.13,12337.15,4010.4,3969.83,7536.42,2334.54,6755.21,9510.37,14876.07,13775.27,5917.17,1827.37,6320.28,8796.86,4305.25,8442.37,15040.15,4596.13,2214.76,6214.67,3468.46,2362.1,3351.8,2380.63,6683.66,2793.85,8427.86,2031.55,3384.9,3510.43,8516.22,2691.51,1734.91,3245.17,2299.23,7283.59,5982.34,10009.84
7809.69,25876.26,28933.5,28352.78,32955.57,6192.26,18810.4,8743.66,11692.11,14116.13,6115.77,7334.92,5951.71,7953.61,1e+09,11030.71,14090.23,7853.19,4932.19,5568.11,10222.49,5466.73,7837.87,11660.49,16633.3,17025.4,8629.71,8009.34,9084.95,10334.13,6730.85,9715.62,11272.82,6007.93,9097.79,7142.93,7204.11,7666.38,6509.98,7013.41,9210.53,9107.75,8908.1,7489.99,6312.48,7231.84,8168.96,6345.7,7857.26,7931.96,6119.28,6681.91,5071.81,7193.22
2948.96,17225.13,19312.6,23330.01,22211.73,7437.93,39547.55,6879.5,5565.27,9849.69,7183.4,8031.52,5323.95,9343.54,11030.71,1e+09,2016.97,23286.26,7159.27,9744.5,20010.9,7434.95,2368.68,5966.51,8682.04,8211.94,6304.51,12864.64,3988.7,5873.84,5941.09,20460.39,27903.46,5566.35,14916.12,3672.93,9404.27,12687.64,11107.45,8600.03,19335.91,14311.43,20180.06,12003.19,8155.29,7912.78,20878.19,7462.11,13082.48,11602.21,9696.24,5451.39,15697.45,20999.46
4600.17,13966.43,17178.33,20188.21,22164.22,9406.47,43770.77,7515.67,5543.18,7309.3,9504.94,11160.84,8837.78,13484.13,14090.23,2016.97,1e+09,25771.1,10487.39,12686.86,22586.06,10595.79,4462.54,4500.07,7642.68,6338.62,6374.16,15491.69,4686.67,7893.03,8693.71,23152.7,32063.41,8802.36,17460.75,6674.72,13689.68,15960.37,13494.31,13169.33,21731.48,16652.95,23154.66,14413.77,10634.08,10441.76,23363.03,9936.45,15455.49,15422.12,12274.05,8245.74,19006.9,24384.48
19839.77,36389.73,40105.49,32661.78,43360.63,7754.89,10226.26,8237.6,13575.25,17958.48,12931.94,13215.43,14837.96,12337.15,7853.19,23286.26,25771.1,1e+09,12619.61,8531.43,3928.46,14828.65,19341.55,17328.01,20715.94,21464.42,11883.58,8542.16,18910.03,10766.25,13219.03,3796.2,5063.71,14404.27,8073.64,17717.68,9495.15,10345.5,8472.62,15292.85,4017.75,6934.29,3674.8,9444.72,10653.17,9143.73,3424.6,13367.53,9942,8373.69,11694.72,10637.33,3299.49,1798.54
4078.48,21958.41,25403.1,26031.95,29177.04,7256.93,28984.21,5844.26,7552.14,10302.39,1782.52,2944.33,1365.9,4010.4,4932.19,7159.27,10487.39,12619.61,1e+09,1281.25,9708.16,1683.4,3651.4,7079.74,13911.57,13588.56,3615.6,3858.64,5333.96,7120.7,2016.88,10335.55,16716.25,2132.1,4910.23,2716.95,3353.83,3264.13,2399.66,2661.03,8669.26,3985.05,9793.35,2376.64,1040.19,2353.58,10211.54,2052.03,3041.12,3151.91,1293.53,3767.9,5762.37,10314.89
5946.77,23543.87,27263.82,24873.51,30784.8,6998.3,26737.91,4660.16,7663.18,10375.08,2847.94,3974.27,2501.59,3969.83,5568.11,9744.5,12686.86,8531.43,1281.25,1e+09,5590.34,2805.02,6151.14,8002.02,12702.63,13386.45,4235.77,3278.32,6795.59,6567.56,2914.54,6233.79,13998.45,2643.1,3669.23,4821.8,3061.2,3129.52,1747.19,4987.39,4891.66,2125.69,6717.08,1353.07,1586.84,1521.58,6262.18,2343.41,2275.84,3499.29,1920.84,4187.94,4018.22,7584.34
15494.5,33407.48,37163.02,29720.69,40449.18,7580.72,17456.9,5773.7,10429.42,15017.39,9075.85,9964.12,11326.38,7536.42,10222.49,20010.9,22586.06,3928.46,9708.16,5590.34,1e+09,10182.49,16430.1,14308.47,17804.49,18425.3,8972.13,4549.03,14595.58,7732.04,9973.29,931.71,5645.47,11462.36,4304.67,14243.36,5812.8,5238.37,5433.95,8831.52,1250.34,3170.58,1705.32,6418.9,7741.72,6232.28,1563.71,9580.66,6321.78,4533.22,7959.65,7732.56,3579.12,3031.98
4061.34,22426.15,25604.76,26672.69,29661.74,9473.65,28045.89,8330.51,8291.59,12269.16,1668.77,3345.52,2289.26,2334.54,5466.73,7434.95,10595.79,14828.65,1683.4,2805.02,10182.49,1e+09,4264.91,8988.74,14552.31,13875.56,5913.56,3583.79,4809.02,9398.69,3392.73,10604.02,16977.15,2399.69,3877.2,3290.59,3330.69,3658.8,3387.39,1647.42,9515.87,4999.22,10390.14,3847.24,3059.73,4230.11,11638.71,2844.09,3479.95,3521.88,2194.24,5473.7,6460.99,10971.43
2158.83,18479.71,20699.78,24443.69,23935.34,5943.93,35893.87,6161.49,5579.58,9962.96,3495.58,5190.11,2493.76,6755.21,7837.87,2368.68,4462.54,19341.55,3651.4,6151.14,16430.1,4264.91,1e+09,6728.7,10422.49,9883.48,4565.7,9704.32,3220.47,5316.69,2985.51,16991.33,23991.36,3169.97,11632.17,1658.37,6081.54,8964.92,7323.53,5547.58,15391.2,10408.59,16570.58,8114.63,4344.74,4593.25,16933.48,3859.32,9541.1,7655.09,6233.63,3390.42,11953.59,17151.87
5646,13974.66,18477.76,18137.2,23591.22,7314.03,35658.68,3680.57,2799.03,3773.88,6423,9825.75,7491.02,9510.37,11660.49,5966.51,4500.07,17328.01,7079.74,8002.02,14308.47,8988.74,6728.7,1e+09,7200.54,5471.53,2771.66,9411.67,5857.7,5223.16,6457.94,14876.56,23868.57,7450.9,9548.07,7783.92,10180.09,10277.35,7910.26,12459.33,13377.66,9299.45,14877.07,8089.48,6122.71,6126.19,14919.94,6915.5,8636.22,10112.13,7804.03,6931.74,12467.23,16172.69
11312.39,12402.34,13508.78,13285.4,17150.9,9999.63,40041.66,6230.23,6151.68,3302.53,12398.15,15212.35,12616.88,14876.07,16633.3,8682.04,7642.68,20715.94,13911.57,12702.63,17804.49,14552.31,10422.49,7200.54,1e+09,2279.91,6753.46,14283.86,8886.7,8798.23,10850.4,18431.88,28145,12548.22,14222.85,11871.72,14326.91,15241.6,12271.82,18010.87,16794.13,12857.55,18616.65,12461.47,11478.22,10029.26,18307.87,10815.6,13716.22,14468.06,12686.17,10552.92,16903.62,20302.72
10548.51,11767.07,13491.59,13776.99,16910.39,10218.78,39755.93,6932.74,5634.61,2752.89,12135.61,14685.46,12088.7,13775.27,17025.4,8211.94,6338.62,21464.42,13588.56,13386.45,18425.3,13875.56,9883.48,5471.53,2279.91,1e+09,6142.19,13633.74,9044.27,8943.21,10280.01,18993.39,27975.61,12591.96,13678.36,11355.96,14415.26,14453.53,12079.71,16964.07,17514.07,13459.11,18993.9,12321.34,11556.19,10498.87,19056.35,11233.15,12891.33,14280.88,12126.71,9751.17,16626.89,20289.52
5269.65,18197.49,21356.99,21035.66,24204.46,4275.29,29867.4,3053.02,1980.26,6685.11,3257.03,4730.62,4617.09,5917.17,8629.71,6304.51,6374.16,11883.58,3615.6,4235.77,8972.13,5913.56,4565.7,2771.66,6753.46,6142.19,1e+09,5649.19,3766.16,2955.48,2930.79,9588.84,17978.34,4464.17,4880.32,5011.89,6126.27,6317.04,3922.83,8868.64,7933.23,4789.88,9448.93,4373.7,2766.74,2691.37,9475.51,4231.94,4871.91,5719.48,4400.58,3165.63,7793.3,10623.36
7389.2,26629.37,30468.26,28033.4,33723.4,9263.27,23641.5,6209.31,7553.01,12880.8,3659.3,4097.1,4335.06,1827.37,8009.34,12864.64,15491.69,8542.16,3858.64,3278.32,4549.03,3583.79,9704.32,9411.67,14283.86,13633.74,5649.19,1e+09,7145.02,7864.19,4128.82,5425.57,12674.61,4767.04,2048.13,7057.74,2813.81,1463.2,2574.93,3974.63,3493.87,1981.04,5968.14,1730.73,3128.22,3294.45,4757.56,2440.36,1408.78,3131.15,2299.69,6457.61,4296.27,7770.37
3077.52,18314.63,21557.64,23662.14,25109.54,7276.36,34811.47,6219.02,4133.72,9775.36,4612.14,6175.96,4884.87,6320.28,9084.95,3988.7,4686.67,18910.03,5333.96,6795.59,14595.58,4809.02,3220.47,5857.7,8886.7,9044.27,3766.16,7145.02,1e+09,5312.93,4734.35,15451.25,23516.1,4842.4,8960.39,3921.93,7766.86,8154.3,7028.57,7438.92,13742.82,8568.37,15580.38,6635.26,5427.79,5858.89,15575.38,3990.74,7040.94,8645.92,6103.06,5979.62,11228.91,16637.89
6372.74,20934.43,24249.25,21449.45,27730.67,3003.59,28289.18,2748.4,2300.21,7795.78,6755.89,7259.59,6599.59,8796.86,10334.13,5873.84,7893.03,10766.25,7120.7,6567.56,7732.04,9398.69,5316.69,5223.16,8798.23,8943.21,2955.48,7864.19,5312.93,1e+09,5311.15,8333.26,16442.29,7502.08,7003.76,6595.62,7881.59,8493.39,6086.66,11267.31,7563.83,6312,8858.78,7490.98,5989.55,4957.44,8717.14,7295.64,7979.84,6997.77,7885.03,2757.4,9083.65,10278.77
4365.08,21526.18,24208.98,25046.81,27742.84,6048.82,31097.3,4516.71,5033.92,9860.82,1755.02,3274.46,1724.17,4305.25,6730.85,5941.09,8693.71,13219.03,2016.88,2914.54,9973.29,3392.73,2985.51,6457.94,10850.4,10280.01,2930.79,4128.82,4734.35,5311.15,1e+09,10509.58,18622.35,1711.91,4775.25,2347.22,3640.29,4829.97,3136.76,5165.68,9027.66,4501.09,10541.89,2916.05,1919.88,1386.69,10715.08,1256.57,3357.75,4364.1,2468.81,2782.93,7481.12,11704.54
16020.61,33975.57,37731.11,30364.14,41076.57,7338.92,16617.93,6359.87,10938.21,15660.84,9868.65,10295.01,12000.33,8442.37,9715.62,20460.39,23152.7,3796.2,10335.55,6233.79,931.71,10604.02,16991.33,14876.56,18431.88,18993.39,9588.84,5425.57,15451.25,8333.26,10509.58,1e+09,4974.97,11971.15,4905.91,14892.47,6202.99,6137.16,5824.14,9947.04,1844.94,4079.94,1298.14,6970.36,8369.11,6851.65,1738.95,10132.27,6771.27,4939.14,8413.34,8357.93,3992.92,3103.35
22708.53,42990.25,46785.57,40037.91,50642.97,13090.97,7002.15,14146.09,19156.56,25355.91,17941.02,16333.72,18772.55,15040.15,11272.82,27903.46,32063.41,5063.71,16716.25,13998.45,5645.47,16977.15,23991.36,23868.57,28145,27975.61,17978.34,12674.61,23516.1,16442.29,18622.35,4974.97,1e+09,18568.71,10964.77,21968.83,12732.05,11933.65,12675.04,15639.9,6036.15,11303.85,4634.27,13451.35,16213.86,15068.61,5354.8,17143.55,12870.13,11363.3,15048.99,17665.65,8069.03,5130.35
3435.4,20967.07,24023.13,24448.18,27757.38,7812.57,30822.43,5951.55,7588.13,10710.19,1703.05,3684.14,1601.57,4596.13,6007.93,5566.35,8802.36,14404.27,2132.1,2643.1,11462.36,2399.69,3169.97,7450.9,12548.22,12591.96,4464.17,4767.04,4842.4,7502.08,1711.91,11971.15,18568.71,1e+09,6694.89,1820.4,3407.6,3913.4,2962.49,3724.54,10453.92,5471.31,11539.32,3177.35,2077.13,2247.19,11996.2,1394.24,4603.82,5280.69,2343.36,4354.53,6729.59,12060.86
9440.68,28598.43,32396.11,28348.35,35651.25,7810.55,22737.56,5834.7,6619.25,13199.76,3998.79,5090.27,6109.82,2214.76,9097.79,14916.12,17460.75,8073.64,4910.23,3669.23,4304.67,3877.2,11632.17,9548.07,14222.85,13678.36,4880.32,2048.13,8960.39,7003.76,4775.25,4905.91,10964.77,6694.89,1e+09,9026.8,2741.68,2116.51,1886.37,3578.28,3472.42,1508.25,4580.93,1815.86,3222.46,2702.8,5119.42,4108.76,928.58,2082.42,2597.92,5866,3274.75,5487.49
3164.86,20214.3,22893.82,25665.01,25972.37,7157.61,34270.37,6364.47,6566.78,11041.26,2304.18,4433.25,2046.61,6214.67,7142.93,3672.93,6674.72,17717.68,2716.95,4821.8,14243.36,3290.59,1658.37,7783.92,11871.72,11355.96,5011.89,7057.74,3921.93,6595.62,2347.22,14892.47,21968.83,1820.4,9026.8,1e+09,4700.77,6873.98,5234.08,4416.78,13297.53,8219,14981.29,5979.82,3398.59,3353.91,14984.95,1960.16,7021.54,6588.39,4198.05,3591.57,10022.28,15533.89
6444.17,26070.11,29355.3,27780.77,33106.16,8434.33,24163.59,6094.42,7828.26,13151.99,4006.23,2792.99,2877.65,3468.46,7204.11,9404.27,13689.68,9495.15,3353.83,3061.2,5812.8,3330.69,6081.54,10180.09,14326.91,14415.26,6126.27,2813.81,7766.86,7881.59,3640.29,6202.99,12732.05,3407.6,2741.68,4700.77,1e+09,2642.75,2515.53,4318.54,5817.2,2479.13,6069.94,2403.62,3309.6,3331.78,7184.82,3384.63,2288.5,2125.32,3027.81,4469.81,4681.13,6803.57
7431.89,26943.84,30699.38,28709.3,34255.65,9744.71,22838.38,7313.29,8162.14,13815.92,3831.61,4232.72,4415.3,2362.1,7666.38,12687.64,15960.37,10345.5,3264.13,3129.52,5238.37,3658.8,8964.92,10277.35,15241.6,14453.53,6317.04,1463.2,8154.3,8493.39,4829.97,6137.16,11933.65,3913.4,2116.51,6873.98,2642.75,1e+09,2660.72,3701.54,4491.11,2707.89,6334.75,2453.37,3912.57,4055.72,6615.48,3305.22,1997.37,2695.42,1880.3,7350.71,4036.42,7267.54
6524.78,24371.71,28087.47,25476.12,31342.61,6467.97,24428.42,4583.29,5591.6,10931.69,2569.93,4130.8,3394.91,3351.8,6509.98,11107.45,13494.31,8472.62,2399.66,1747.19,5433.95,3387.39,7323.53,7910.26,12271.82,12079.71,3922.83,2574.93,7028.57,6086.66,3136.76,5824.14,12675.04,2962.49,1886.37,5234.08,2515.53,2660.72,1e+09,4870.24,4561.39,1853.51,5457.81,1508.54,2016.06,1709.82,6064.55,2431.92,2267.28,2841.85,1697.76,4041.14,3590.78,6210.02
4845.54,25771.91,29042.16,30556.73,33201.32,11844.99,26252.29,11111.06,10425.7,15730.33,3467.28,4357.04,3529.98,2380.63,7013.41,8600.03,13169.33,15292.85,2661.03,4987.39,8831.52,1647.42,5547.58,12459.33,18010.87,16964.07,8868.64,3974.63,7438.92,11267.31,5165.68,9947.04,15639.9,3724.54,3578.28,4416.78,4318.54,3701.54,4870.24,1e+09,8376.23,4834.96,10263.92,4930.55,4844.94,6548.21,10525.95,4514.06,3773.81,4560.46,3383.82,6791,6858.89,10974.15
14734.81,32439.38,36155.14,28961.81,39410.28,7180.63,17378.08,5043.57,9624.9,14279.81,8130.02,9265.08,10380.55,6683.66,9210.53,19335.91,21731.48,4017.75,8669.26,4891.66,1250.34,9515.87,15391.2,13377.66,16794.13,17514.07,7933.23,3493.87,13742.82,7563.83,9027.66,1844.94,6036.15,10453.92,3472.42,13297.53,5817.2,4491.11,4561.39,8376.23,1e+09,2270.89,1768.66,5494.37,6702.82,5269.82,1063.23,8915.73,5991.65,4732.05,7300.85,6810.08,3003.09,3784.87
9464.44,27456.77,31172.53,26482.77,34427.67,7183.38,23212.34,4241.45,6456.72,11767.07,3845.81,4760.21,5302.02,2793.85,9107.75,14311.43,16652.95,6934.29,3985.05,2125.69,3170.58,4999.22,10408.59,9299.45,12857.55,13459.11,4789.88,1981.04,8568.37,6312,4501.09,4079.94,11303.85,5471.31,1508.25,8219,2479.13,2707.89,1853.51,4834.96,2270.89,1e+09,4371.98,1648.41,2576.41,2208.96,3849.4,3821.28,1753.08,1896.31,3037.68,5102.67,3994.45,5897.72
15821.93,33976.08,37731.62,30847.43,41217.5,7613.61,15871.58,6710.21,10798.3,16144.13,10142.49,9733.84,11929.87,8427.86,8908.1,20180.06,23154.66,3674.8,9793.35,6717.08,1705.32,10390.14,16570.58,14877.07,18616.65,18993.9,9448.93,5968.14,15580.38,8858.78,10541.89,1298.14,4634.27,11539.32,4580.93,14981.29,6069.94,6334.75,5457.81,10263.92,1768.66,4371.98,1e+09,6526.87,8398.86,6975.47,1560.66,9947.3,6330.4,5037.3,8072.14,8822.98,3036.06,3087.62
7334.82,25162.81,28878.57,26376.96,32133.71,7872.29,25720.89,4826.66,6620.57,11218.77,2422.6,3674.56,3313.23,2031.55,7489.99,12003.19,14413.77,9444.72,2376.64,1353.07,6418.9,3847.24,8114.63,8089.48,12461.47,12321.34,4373.7,1730.73,6635.26,7490.98,2916.05,6970.36,13451.35,3177.35,1815.86,5979.82,2403.62,2453.37,1508.54,4930.55,5494.37,1648.41,6526.87,1e+09,1442.05,1524.49,7036.65,2057.73,1076.97,2398.43,1865.74,5246.58,4154.76,7048.41
5321.37,21582.91,24976.6,24427.48,28387.71,6248.32,28944.09,4224.03,5779.02,9166.93,1705.78,3098.38,1757.87,3384.9,6312.48,8155.29,10634.08,10653.17,1040.19,1586.84,7741.72,3059.73,4344.74,6122.71,11478.22,11556.19,2766.74,3128.22,5427.79,5989.55,1919.88,8369.11,16213.86,2077.13,3222.46,3398.59,3309.6,3912.57,2016.06,4844.94,6702.82,2576.41,8398.86,1442.05,1e+09,1373.57,8245.1,1756.95,2358.82,3690.93,2090.5,3426.55,5804.91,9271.8
6313.85,22119.22,25418.07,23011.06,28534.61,5216.21,27312.84,3339.83,4974.3,8993.12,2219.37,3895.62,2864.55,3510.43,7231.84,7912.78,10441.76,9143.73,2353.58,1521.58,6232.28,4230.11,4593.25,6126.19,10029.26,10498.87,2691.37,3294.45,5858.89,4957.44,1386.69,6851.65,15068.61,2247.19,2702.8,3353.91,3331.78,4055.72,1709.82,6548.21,5269.82,2208.96,6975.47,1524.49,1373.57,1e+09,6735.66,2245.06,2491.02,3375.77,2297.99,2625.07,5509.57,8017.93
16712.51,33981.66,37697.42,30392.53,40952.56,7017.61,15428.33,5649.89,11167.18,15689.23,9817.44,10807.36,12067.97,8516.22,8168.96,20878.19,23363.03,3424.6,10211.54,6262.18,1563.71,11638.71,16933.48,14919.94,18307.87,19056.35,9475.51,4757.56,15575.38,8717.14,10715.08,1738.95,5354.8,11996.2,5119.42,14984.95,7184.82,6615.48,6064.55,10525.95,1063.23,3849.4,1560.66,7036.65,8245.1,6735.66,1e+09,10603.15,7533.93,6104.44,8988.27,8353.89,2775.09,3799.68
4064.78,21406.08,24605.36,23690.7,27994.14,7914.6,28821.26,5356.77,6519.19,10231.32,1823.57,3790.88,1065.21,2691.51,6345.7,7462.11,9936.45,13367.53,2052.03,2343.41,9580.66,2844.09,3859.32,6915.5,10815.6,11233.15,4231.94,2440.36,3990.74,7295.64,1256.57,10132.27,17143.55,1394.24,4108.76,1960.16,3384.63,3305.22,2431.92,4514.06,8915.73,3821.28,9947.3,2057.73,1756.95,2245.06,10603.15,1e+09,2275.12,4713.47,1584.94,4347.98,5888.73,10528.59
7607.04,26589.28,30305.04,27964,33560.18,8561.45,24754.92,5807.83,6796.35,11878.32,3233.47,3552.65,4104.56,1734.91,7857.26,13082.48,15455.49,9942,3041.12,2275.84,6321.78,3479.95,9541.1,8636.22,13716.22,12891.33,4871.91,1408.78,7040.94,7979.84,3357.75,6771.27,12870.13,4603.82,928.58,7021.54,2288.5,1997.37,2267.28,3773.81,5991.65,1753.08,6330.4,1076.97,2358.82,2491.02,7533.93,2275.12,1e+09,2288.64,1805.53,5974.45,4034.96,6851.94
8137.51,27054.81,30381.48,27908.84,34433.47,7966.24,22738.09,6110.13,7303,13099.04,4178.86,3989.74,4453.2,3245.17,7931.96,11602.21,15422.12,8373.69,3151.91,3499.29,4533.22,3521.88,7655.09,10112.13,14468.06,14280.88,5719.48,3131.15,8645.92,6997.77,4364.1,4939.14,11363.3,5280.69,2082.42,6588.39,2125.32,2695.42,2841.85,4560.46,4732.05,1896.31,5037.3,2398.43,3690.93,3375.77,6104.44,4713.47,2288.64,1e+09,3081.68,4440.28,4447.3,5977.15
5274.36,23200.89,26996.21,25732.19,30252.71,8526.64,26507.57,5839.74,6822.36,11224.4,1903.84,3214.02,2686.54,2299.23,6119.28,9696.24,12274.05,11694.72,1293.53,1920.84,7959.65,2194.24,6233.63,7804.03,12686.17,12126.71,4400.58,2299.69,6103.06,7885.03,2468.81,8413.34,15048.99,2343.36,2597.92,4198.05,3027.81,1880.3,1697.76,3383.82,7300.85,3037.68,8072.14,1865.74,2090.5,2297.99,8988.27,1584.94,1805.53,3081.68,1e+09,5484.08,4725.47,8653.43
4731.99,21994.39,24456.97,24574.45,27701.6,3398.57,29739.39,2874.41,3576.94,9482.08,4424.92,4669.17,3513.58,7283.59,6681.91,5451.39,8245.74,10637.33,3767.9,4187.94,7732.56,5473.7,3390.42,6931.74,10552.92,9751.17,3165.63,6457.61,5979.62,2757.4,2782.93,8357.93,17665.65,4354.53,5866,3591.57,4469.81,7350.71,4041.14,6791,6810.08,5102.67,8822.98,5246.58,3426.55,2625.07,8353.89,4347.98,5974.45,4440.28,5484.08,1e+09,7764.55,10451.12
10747.14,29944.69,33700.23,29667.96,37256.5,6516.15,19274.06,6417.92,9245.97,14815.36,7292.99,6358.97,7251.11,5982.34,5071.81,15697.45,19006.9,3299.49,5762.37,4018.22,3579.12,6460.99,11953.59,12467.23,16903.62,16626.89,7793.3,4296.27,11228.91,9083.65,7481.12,3992.92,8069.03,6729.59,3274.75,10022.28,4681.13,4036.42,3590.78,6858.89,3003.09,3994.45,3036.06,4154.76,5804.91,5509.57,2775.09,5888.73,4034.96,4447.3,4725.47,7764.55,1e+09,3075.99
16403.22,35271.7,39027.24,32533.5,42583.51,8512.85,13385.51,8285.11,11933.56,17830.2,11691.95,10255.38,12451.41,10009.84,7193.22,20999.46,24384.48,1798.54,10314.89,7584.34,3031.98,10971.43,17151.87,16172.69,20302.72,20289.52,10623.36,7770.37,16637.89,10278.77,11704.54,3103.35,5130.35,12060.86,5487.49,15533.89,6803.57,7267.54,6210.02,10974.15,3784.87,5897.72,3087.62,7048.41,9271.8,8017.93,3799.68,10528.59,6851.94,5977.15,8653.43,10451.12,3075.99,1e+09
