1e+09,5036.41,4470.53,7861.5,11056.47,11622.58,29875.49,9077.99,7249.37,3846.21,4509.06,2267.31,3553.17,4136.1,9528.18,3382.57,2065.38,17577.02,3670.33,4663.16,11761.19,2963.16,1427.71,3733.58,3636.74,4076.25,6617.32,6303.63,2739.01,9432.79,4289.49,14708.01,16491.68,3235.22,7778.52,2248.92,5555.3,4419.04,4129.46,1856.02,14874.94,8270.21,14838.41,6040.25,5287.65,6780.7,18176.41,4027.44,5321.53,10106.73,3298.91,5986.62,12055.99,17709.27
5036.41,1e+09,1579.16,2782.01,7198.24,11858.2,35598.47,10261.31,11068.48,6716.7,4452.85,6462.5,9305.08,5205.58,15420.1,4048.68,3192.63,19384.88,8514.19,9908.52,14762.56,3745.63,4681.53,9790.46,8060.63,6786.79,8197.76,5925.15,5644.35,12451.07,10537.73,20746.56,21695.99,6041.94,12306.64,6949.69,9240.94,7479.26,6913.17,5371.11,19465.1,11828.38,19135.78,7634.29,10649.52,11912.2,20861.62,7953.97,9803.08,15761.26,6217.62,11948.06,19350.35,24183.15
4470.53,1579.16,1e+09,3030.98,6584.75,13012.21,35912.02,11143.2,12287.2,7465.36,4992.17,6954.39,9196.56,5759.51,14552.98,4556.49,3333.47,20666.48,8803.21,10595.83,15705.28,4026.16,4443.87,9417.44,9000.48,7609.58,9479.36,6910.96,5704.52,13732.67,10983.29,21629.35,22818.47,7205.54,13196.91,7214.65,10406.96,8752.67,8194.77,5127.2,20627.36,13109.98,20386.07,8495.1,11772,13034.68,22143.22,8817.13,10972.8,16026.22,7405.46,11084.2,18977.33,24630.61
7861.5,2782.01,3030.98,1e+09,7380.44,7949.92,29412.54,8853.42,9676.39,5933.3,4729.54,6726.54,8040.41,6059.76,14481.24,5930.64,5843.69,15518.76,8048.96,8449.02,10786.56,5862.47,7602.67,9130.34,6165.16,5342.49,7659.69,6701.37,6976.79,8535.01,8520.96,14293.88,15243.31,6296.25,10019.69,7546.01,6947.53,6946.71,6532.26,7475.23,13179.19,9108.72,12810.91,7352.53,9086.51,8761.07,15013.8,7417.67,8593.88,11898.33,6212.94,10707.72,17830.71,17730.47
11056.47,7198.24,6584.75,7380.44,1e+09,18720.98,41802.4,19357.79,17270.74,12983.09,10534.06,12431.04,15246.76,11351.92,23847.78,8757.31,8066.81,26685.7,14463.98,15928.46,21517.92,10098.76,10806.2,15785.74,13867.64,12723.37,14735.43,12786.37,12414.52,18841.48,16803.25,26683.74,27633.17,12078.7,18473.15,13964.24,15410.62,13868.5,13073.68,12092.05,25569.05,18078.17,25200.77,14333.54,16586.7,17849.38,27340.87,14416.32,15833.2,22665.47,12224.12,20316.3,29145.97,30120.33
11622.58,11858.2,13012.21,7949.92,18720.98,1e+09,14604.43,3536.59,5178.33,4091.75,6052.27,8381.15,4752.15,4692.21,4989.64,12924.08,11780.62,4920.04,5982.18,5162.45,3057.43,7925.28,10078.73,5900.57,5633.41,4965.37,4709.91,3689.66,6325.75,3670.45,5350.61,2801.7,3667.35,7625.24,4746.78,7832.56,4051.83,6208.36,4622.7,9060.47,3966.6,3872.02,2729.57,4770.12,5702.34,4173.07,3911.57,7196.49,6856.83,3634.65,6330.27,4933.57,6965.95,5380.37
29875.49,35598.47,35912.02,29412.54,41802.4,14604.43,1e+09,19241.28,22921.98,24120.92,29327.85,26817.64,20659.42,28403.05,10966.6,36292.99,32962.71,8054,23846.09,23194.8,17386.48,31147.07,30363.82,22672.24,24166.08,24084.84,23964.12,24256.46,28203.49,20689.83,22144.04,10585.75,10526.98,27745.66,21559.95,25048.44,21379.15,25161.88,24511.55,27709.31,14101.39,21302.36,13178.7,25333.21,23135.95,21766.6,12055.62,25464.26,24160.86,16614.53,25580.3,17247.5,7335.55,6653.64
9077.99,10261.31,11143.2,8853.42,19357.79,3536.59,19241.28,1e+09,3042.94,3530.17,5561.75,6051.76,4276.23,3661.31,8427.37,10993.35,9870.16,7329.19,4450.39,3199.56,2569.35,6056.46,7505.75,4404.5,4420.62,4654.56,3351.34,2780.37,4455.5,2945.85,3652.63,4965,5427.16,4910.91,3179.23,6450.09,2943.9,3282.06,3107.04,6516.11,4350.22,3014.35,3804.02,3418.93,4035.75,3202.91,5363.53,4002.58,3500.13,3395.92,3976.56,4435.77,8193.48,8231.1
7249.37,11068.48,12287.2,9676.39,17270.74,5178.33,22921.98,3042.94,1e+09,2989.54,5140.82,3702.91,3004.46,3802.84,10711.95,13011.86,9956.86,6745.52,2144.22,1875.22,3088.07,7023,7962.29,2080.84,3639.84,3471.87,1848.4,3929.69,4612.45,1163.86,1986.72,8694.65,9644.08,3872.63,960.85,4384.51,2514.51,1435.36,1693.4,5459.25,7153.64,711.49,6699.96,1654.73,1098.53,982.26,8056.91,2401.22,765.31,3138.23,2032.13,5324.97,9792.29,11794.37
3846.21,6716.7,7465.36,5933.3,12983.09,4091.75,24120.92,3530.17,2989.54,1e+09,2775.15,2519.91,2759.39,2890.02,10217.38,8291.7,4936.01,9992.26,1880.3,2494.78,4879.33,3251.88,3488.34,2196.33,2680.87,1853.68,2232.37,3785.72,2841.98,2714.62,2921.25,9002.26,9951.69,2661.06,3179.2,3386.52,2842.18,2677.29,1712.13,2591.55,7887.57,2840.46,7519.29,1324.71,2430.54,2726.62,9722.18,2722.27,2712.77,6096.25,1404.53,5744.54,12048.33,12438.85
4509.06,4452.85,4992.17,4729.54,10534.06,6052.27,29327.85,5561.75,5140.82,2775.15,1e+09,5027.95,5559.45,2613.45,13472.42,3246.24,3453.2,12807.04,4419.51,5400.11,8616.54,1971.54,3576.33,5030.57,5237.22,2735.68,3166.52,3238.47,3086.49,6013.77,6196.61,14340.56,15011.91,3267.98,6010.62,5789.84,4176.72,3974.12,2496.31,3458.54,12778.96,5360.38,12319.8,2725.99,4983.28,5440.64,14045.64,4712.54,5055.39,10491.14,2394.52,10366.12,15861.57,17922.26
2267.31,6462.5,6954.39,6726.54,12431.04,8381.15,26817.64,6051.76,3702.91,2519.91,5027.95,1e+09,2773.04,5184.15,10158.09,5722.23,3670.46,13278.13,1972.04,2494.82,7320.83,3793.03,2312.29,2694.25,2073.44,3282.78,3613.69,5244.12,3270.54,5306.21,2785.98,12185.56,13969.23,2570.04,4432.43,1563.6,3636.45,2962.03,2981.91,1714.17,11774.56,4512.2,11554.48,3338.18,2986.14,4203.09,13757.37,2243.6,2604.84,6971.65,2085.15,6133.64,10190.44,15186.82
3553.17,9305.08,9196.56,8040.41,15246.76,4752.15,20659.42,4276.23,3004.46,2759.39,5559.45,2773.04,1e+09,5944.93,6130.8,9477.28,6118.02,11093.78,1705.92,2444.06,4378.44,5190.71,3570.29,1867.92,3107.75,3420.99,3124.68,5437.75,3435.23,4396.27,2319.2,5858.49,6882.85,3347.08,3028.83,2266.59,2231.53,3083.7,2446.02,2382.87,5915.57,3208.72,5722.13,3160.79,1951.34,2481.84,8384.02,2122.34,2607.1,3629.47,2736.11,3025.81,6254.13,8840.41
4136.1,5205.58,5759.51,6059.76,11351.92,4692.21,28403.05,3661.31,3802.84,2890.02,2613.45,5184.15,5944.93,1e+09,12549.4,4942.15,3419.77,9838.73,5025.25,4288.54,6721.9,1993.5,3084.39,5417.35,4679.75,3158.12,2004.55,1674.75,2329.58,4189.61,5838.86,13272.33,13665.6,2299.3,4811.58,5127.48,3067.94,1983.87,2120.13,3019.46,11263.82,3804.5,10713.78,1928.01,4255.13,4322.21,12070.73,3111.28,3959.03,8946.84,2432.65,10011.86,14348.97,16999.14
9528.18,15420.1,14552.98,14481.24,23847.78,4989.64,10966.6,8427.37,10711.95,10217.38,13472.42,10158.09,6130.8,12549.4,1e+09,14760.42,12674.28,5399.67,9202.99,10035.46,6161.41,11251.53,9673.26,10082.79,10058.24,10741.64,11645.04,11602.82,9837.26,8715.82,9229.28,3770.27,3474.65,11487.28,10071.84,8671.24,9131.44,11474.69,11082.63,8684.92,4109.2,9080.3,4247.19,12335.3,10637.9,9786.02,3944.74,10182.39,11304.72,7250.62,11527.24,5621.77,5303.88,2881.88
3382.57,4048.68,4556.49,5930.64,8757.31,12924.08,36292.99,10993.35,13011.86,8291.7,3246.24,5722.23,9477.28,4942.15,14760.42,1e+09,2319.84,19931.96,9211.35,11161.39,15801.28,4307.41,3117.6,9698.16,7179.81,6862.51,9789.63,6736.82,4362.58,14147.28,11264.01,21910.07,23693.74,8153.34,13799.63,5803.05,11352.34,9525.6,8854.84,5232.52,21218.27,13665.21,21157.41,8626.96,12489.71,13982.76,22514.36,9480.22,11929.38,16518,8301.7,10450.5,19258.05,24911.33
2065.38,3192.63,3333.47,5843.69,8066.81,11780.62,32962.71,9870.16,9956.86,4936.01,3453.2,3670.46,6118.02,3419.77,12674.28,2319.84,1e+09,19210.63,5641.44,7661.44,13969.03,2180.09,2098.29,6397.18,5528.68,5058.91,7712.08,5705.98,3648.23,11929.06,7654.03,18044.9,19550.49,4458.98,10769.49,4285.62,7707.18,6267.67,5797.38,2965,17824.03,10884.51,17637.51,6956.03,8398.98,9815.24,20280.87,6422.18,8170.4,13582.89,4663,8956.5,17097.63,21191.27
17577.02,19384.88,20666.48,15518.76,26685.7,4920.04,8054,7329.19,6745.52,9992.26,12807.04,13278.13,11093.78,9838.73,5399.67,19931.96,19210.63,1e+09,11610.37,9043.49,4362.36,14137.84,16304.75,9701.97,11510.91,11060.73,8070.06,6443.89,11510.46,5945.88,9887.37,5283.27,3697.86,11074.97,6592.76,13681.85,9346.07,7958.46,9536.98,14020.76,4220.07,6316.26,3865.81,8593.94,8221.96,8455.85,2903.02,9377.31,7483.73,7907.09,10122.14,10106.01,7608.59,3627.26
3670.33,8514.19,8803.21,8048.96,14463.98,5982.18,23846.09,4450.39,2144.22,1880.3,4419.51,1972.04,1705.92,5025.25,9202.99,9211.35,5641.44,11610.37,1e+09,1736.21,5724.15,4339.25,3504.07,930.9,3058.32,2892.62,2910.65,5141.96,2975.29,3398.68,1440.99,8697,10202.59,2719.37,2712.46,1737.05,2317.65,2566.39,1455.21,1628.7,8455.72,2872.44,8289.61,2497.75,1421.43,1597.86,11094.8,2377.16,1735.62,4702.23,1324.85,4287.51,9923.39,11843.37
4663.16,9908.52,10595.83,8449.02,15928.46,5162.45,23194.8,3199.56,1875.22,2494.78,5400.11,2494.82,2444.06,4288.54,10035.46,11161.39,7661.44,9043.49,1736.21,1e+09,3552.98,5540.34,5190.3,2023.17,2316.77,3522.38,1874.12,4281.1,3480.73,2051.48,1932.19,8076.14,9025.57,2577.67,2184.73,2799.19,1865.62,1517.44,2127.32,3250.34,6961.45,2408.11,6593.17,2319.09,1269.47,1878.9,8796.06,1285.64,1288.09,4523.92,1851.82,5598.88,9158.26,11512.73
11761.19,14762.56,15705.28,10786.56,21517.92,3057.43,17386.48,2569.35,3088.07,4879.33,8616.54,7320.83,4378.44,6721.9,6161.41,15801.28,13969.03,4362.36,5724.15,3552.98,1e+09,10169.21,11598.58,4525.38,5737.79,5978.62,4362.22,3892.44,7462.78,2446.69,4532.33,3357.68,3593.41,7062.98,2676.94,7985.1,4345.95,4229.87,4758.76,9175.89,2584.14,1885.1,2037.46,4937.82,3946.66,3622.84,3004.13,5178.11,3457.85,3718.24,5384.55,4463.87,9152.85,6660.65
2963.16,3745.63,4026.16,5862.47,10098.76,7925.28,31147.07,6056.46,7023,3251.88,1971.54,3793.03,5190.71,1993.5,11251.53,4307.41,2180.09,14137.84,4339.25,5540.34,10169.21,1e+09,2138.92,5197.93,5609.43,4575.91,4087.59,2818.68,2396.19,8353.16,5986.06,16520.1,17534.46,2003.47,7972.85,4034.04,5191.37,3537.08,3377.02,1638.55,15353.2,7871.09,15102.06,3660.76,6487.99,7750.67,16720.24,3635.67,5734.49,11148.61,2611.8,8876.15,14256.62,19811.58
1427.71,4681.53,4443.87,7602.67,10806.2,10078.73,30363.82,7505.75,7962.29,3488.34,3576.33,2312.29,3570.29,3084.39,9673.26,3117.6,2098.29,16304.75,3504.07,5190.3,11598.58,2138.92,1e+09,3761.72,4750.06,4956.85,6161.41,5051.31,2179.09,10135.22,4741.79,15387.85,17171.52,2882.43,8517.93,2582.18,5657.41,4523.97,4270.3,1642.76,15613.89,8950.05,15518.25,5165.43,5967.49,7460.54,18326.5,4199.88,6001.37,10729.98,3266.73,6518.78,12735.83,18389.11
3733.58,9790.46,9417.44,9130.34,15785.74,5900.57,22672.24,4404.5,2080.84,2196.33,5030.57,2694.25,1867.92,5417.35,10082.79,9698.16,6397.18,9701.97,930.9,2023.17,4525.38,5197.93,3761.72,1e+09,3275.42,1814.63,2273.44,5934.81,3422.04,3011.83,1271.34,8133.16,9916.83,3723.14,1534.22,1731.82,2342.52,2868.13,2180.6,2000.44,7910.94,2272.68,8251.07,2615.44,1267.85,1366.05,9976.91,2828.09,2074.88,3169.68,2047.8,3312.52,8768.86,11134.42
3636.74,8060.63,9000.48,6165.16,13867.64,5633.41,24166.08,4420.62,3639.84,2680.87,5237.22,2073.44,3107.75,4679.75,10058.24,7179.81,5528.68,11510.91,3058.32,2316.77,5737.79,5609.43,4750.06,3275.42,1e+09,2168.9,3047.54,4953.55,4420.2,3641.83,2888.28,9042.04,10269.55,3369.05,4132.24,2739.32,2364.34,2910.2,2796.38,4210.75,8348.25,3916.41,8096.86,3745.47,3411.69,3184.91,10513.86,2646.08,3114.03,5768.84,3081.2,5081.24,11350.37,12333.52
4076.25,6786.79,7609.58,5342.49,12723.37,4965.37,24084.84,4654.56,3471.87,1853.68,2735.68,3282.78,3420.99,3158.12,10741.64,6862.51,5058.91,11060.73,2892.62,3522.38,5978.62,4575.91,4956.85,1814.63,2168.9,1e+09,2637.57,4507.32,3870.14,4238.12,2610.03,9346.14,10851.73,4452.17,3106.51,3174.4,3018.55,3477.65,2111.47,5147.66,8964.21,3656.19,8917.06,2245.29,2843.07,2686.03,11067.74,4525,3429.44,5153.81,2160.62,4399.42,11524.73,12492.51
6617.32,8197.76,9479.36,7659.69,14735.43,4709.91,23964.12,3351.34,1848.4,2232.37,3166.52,3613.69,3124.68,2004.55,11645.04,9789.63,7712.08,8070.06,2910.65,1874.12,4362.22,4087.59,6161.41,2273.44,3047.54,2637.57,1e+09,2583.01,3072.7,2648.12,2785.07,9343.27,10292.7,2428.71,1893.27,4611.53,1816.67,1184.66,1895.74,4368.36,8144.56,2042.43,7860.3,1248.09,1857.28,1684.75,9561.28,1979.59,2014.21,4553.67,2022.85,6303.8,11289.83,12592.33
6303.63,5925.15,6910.96,6701.37,12786.37,3689.66,24256.46,2780.37,3929.69,3785.72,3238.47,5244.12,5437.75,1674.75,11602.82,6736.82,5705.98,6443.89,5141.96,4281.1,3892.44,2818.68,5051.31,5934.81,4953.55,4507.32,2583.01,1e+09,3196.92,3668.31,5613.51,9481.44,9519.01,2519.35,4917.69,5854.24,3767.61,1965.52,2748.18,4159.38,7196.67,3870.47,6861.67,2688.11,4384.03,5343.14,7989.26,3107.32,3099.29,8926.85,2474.96,9690.34,14439.24,12977.29
2739.01,5644.35,5704.52,6976.79,12414.52,6325.75,28203.49,4455.5,4612.45,2841.98,3086.49,3270.54,3435.23,2329.58,9837.26,4362.58,3648.23,11510.46,2975.29,3480.73,7462.78,2396.19,2179.09,3422.04,4420.2,3870.14,3072.7,3196.92,1e+09,5725.78,3840.61,13886.01,15669.68,2445,5493.58,3354.04,3894.87,2554.82,2514.25,1971.96,13045.77,5243.71,12735.91,2171.53,4465.65,5855.4,14092.86,2558.86,3548.03,8345.5,2193.17,7012.66,11394.21,16887.27
9432.79,12451.07,13732.67,8535.01,18841.48,3670.45,20689.83,2945.85,1163.86,2714.62,6013.77,5306.21,4396.27,4189.61,8715.82,14147.28,11929.06,5945.88,3398.68,2051.48,2446.69,8353.16,10135.22,3011.83,3641.83,4238.12,2648.12,3668.31,5725.78,1e+09,3187.71,5932.77,6882.2,5290.29,1377.32,5636.98,3069.86,2376.34,2385.76,7632.18,4574.41,873.88,4351.11,2796.89,2477.15,1571.31,5848.67,3592.63,1857.72,3216.61,3371.7,5055.86,11084.6,9369.36
4289.49,10537.73,10983.29,8520.96,16803.25,5350.61,22144.04,3652.63,1986.72,2921.25,6196.61,2785.98,2319.2,5838.86,9229.28,11264.01,7654.03,9887.37,1440.99,1932.19,4532.33,5986.06,4741.79,1271.34,2888.28,2610.03,2785.07,5613.51,3840.61,3187.71,1e+09,7481.21,9183.38,2905.13,1826.51,1910.61,1952.18,2511.35,2382.85,2667.76,7456.92,2561.31,7270.4,3098.25,1470.77,1236.66,9763.14,1543.53,1309.37,3203.73,2112.4,3751.04,7922.89,10482.47
14708.01,20746.56,21629.35,14293.88,26683.74,2801.7,10585.75,4965,8694.65,9002.26,14340.56,12185.56,5858.49,13272.33,3770.27,21910.07,18044.9,5283.27,8697,8076.14,3357.68,16520.1,15387.85,8133.16,9042.04,9346.14,9343.27,9481.44,13886.01,5932.77,7481.21,1e+09,1514.74,12875.13,7256.87,9951.55,6280.5,10752.39,9527.01,12884.81,1923.11,6455.15,1488.13,10575.88,8471.14,7053.52,2197.88,10995.26,9857.53,2811.43,11110.14,3805.82,3703.16,3501.27
16491.68,21695.99,22818.47,15243.31,27633.17,3667.35,10526.98,5427.16,9644.08,9951.69,15011.91,13969.23,6882.85,13665.6,3474.65,23693.74,19550.49,3697.86,10202.59,9025.57,3593.41,17534.46,17171.52,9916.83,10269.55,10851.73,10292.7,9519.01,15669.68,6882.2,9183.38,1514.74,1e+09,14102.64,8886.89,11735.22,7661.61,11919.23,10476.44,14668.48,1470,6986.42,1353.65,11525.31,9976.73,8281.03,1712.56,12778.93,11588.5,3684.12,12480.63,4343.17,4670.36,2075.73
3235.22,6041.94,7205.54,6296.25,12078.7,7625.24,27745.66,4910.91,3872.63,2661.06,3267.98,2570.04,3347.08,2299.3,11487.28,8153.34,4458.98,11074.97,2719.37,2577.67,7062.98,2003.47,2882.43,3723.14,3369.05,4452.17,2428.71,2519.35,2445,5290.29,2905.13,12875.13,14102.64,1e+09,4760.19,3092.37,2440.98,1034.12,1855.93,2024,12023.09,4808.22,11929.95,2456.52,3003.65,4343.12,13657.37,1310.92,2509.03,7956.64,1678.57,8847.62,11056.19,16166.61
7778.52,12306.64,13196.91,10019.69,18473.15,4746.78,21559.95,3179.23,960.85,3179.2,6010.62,4432.43,3028.83,4811.58,10071.84,13799.63,10769.49,6592.76,2712.46,2184.73,2676.94,7972.85,8517.93,1534.22,4132.24,3106.51,1893.27,4917.69,5493.58,1377.32,1826.51,7256.87,8886.89,4760.19,1e+09,4310.93,2402.37,2210.06,2613.62,5949.33,6408.51,1104.45,6117.49,2474.63,1336.16,732.43,7474.44,3111.4,1408.5,2330.99,2767.22,4296.21,9038.53,10258.13
2248.92,6949.69,7214.65,7546.01,13964.24,7832.56,25048.44,6450.09,4384.51,3386.52,5789.84,1563.6,2266.59,5127.48,8671.24,5803.05,4285.62,13681.85,1737.05,2799.19,7985.1,4034.04,2582.18,1731.82,2739.32,3174.4,4611.53,5854.24,3354.04,5636.98,1910.61,9951.55,11735.22,3092.37,4310.93,1e+09,3151.91,3079.33,3338.48,1812.4,10177.59,4844.67,10081.95,4468.15,2613.85,2927.91,13435.63,2645.48,3278.98,5785.21,2694,4273.67,8808.65,12952.81
5555.3,9240.94,10406.96,6947.53,15410.62,4051.83,21379.15,2943.9,2514.51,2842.18,4176.72,3636.45,2231.53,3067.94,9131.44,11352.34,7707.18,9346.07,2317.65,1865.62,4345.95,5191.37,5657.41,2342.52,2364.34,3018.55,1816.67,3767.61,3894.87,3069.86,1952.18,6280.5,7661.61,2440.98,2402.37,3151.91,1e+09,2069.26,1813.95,3844.52,5935.15,2727.24,5811.89,2293.42,1881.2,1708.82,8699.04,2147.32,1898.52,3357.9,2651.99,3772.88,8326.15,9302.39
4419.04,7479.26,8752.67,6946.71,13868.5,6208.36,25161.88,3282.06,1435.36,2677.29,3974.12,2962.03,3083.7,1983.87,11474.69,9525.6,6267.67,7958.46,2566.39,1517.44,4229.87,3537.08,4523.97,2868.13,2910.2,3477.65,1184.66,1965.52,2554.82,2376.34,2511.35,10752.39,11919.23,1034.12,2210.06,3079.33,2069.26,1e+09,1662.11,2794.14,9517.45,1832.87,8967.41,1325.91,1608.35,2308.04,10324.36,1234.07,1162.53,5470.06,1434,7380.36,10808.54,13898.76
4129.46,6913.17,8194.77,6532.26,13073.68,4622.7,24511.55,3107.04,1693.4,1712.13,2496.31,2981.91,2446.02,2120.13,11082.63,8854.84,5797.38,9536.98,1455.21,2127.32,4758.76,3377.02,4270.3,2180.6,2796.38,2111.47,1895.74,2748.18,2514.25,2385.76,2382.85,9527.01,10476.44,1855.93,2613.62,3338.48,1813.95,1662.11,1e+09,2747.8,8378.18,2179.56,8044.04,1208.83,2031.32,1825.77,9975.86,1983.27,1484.82,5712.23,924.16,6265.29,12228.92,12963.6
1856.02,5371.11,5127.2,7475.23,12092.05,9060.47,27709.31,6516.11,5459.25,2591.55,3458.54,1714.17,2382.87,3019.46,8684.92,5232.52,2965,14020.76,1628.7,3250.34,9175.89,1638.55,1642.76,2000.44,4210.75,5147.66,4368.36,4159.38,1971.96,7632.18,2667.76,12884.81,14668.48,2024,5949.33,1812.4,3844.52,2794.14,2747.8,1e+09,13110.85,6447.01,13015.21,3898.34,3465.51,4957.5,15764.62,2577.51,3498.33,8166.73,1549.59,5859.26,10451.83,15886.07
14874.94,19465.1,20627.36,13179.19,25569.05,3966.6,14101.39,4350.22,7153.64,7887.57,12778.96,11774.56,5915.57,11263.82,4109.2,21218.27,17824.03,4220.07,8455.72,6961.45,2584.14,15353.2,15613.89,7910.94,8348.25,8964.21,8144.56,7196.67,13045.77,4574.41,7456.92,1923.11,1470,12023.09,6408.51,10177.59,5935.15,9517.45,8378.18,13110.85,1e+09,4753.47,1557.66,9197.55,7896.37,6197.69,1253.1,10458.06,8988.99,3055.98,10191.13,3667.55,5614.38,4643.16
8270.21,11828.38,13109.98,9108.72,18078.17,3872.02,21302.36,3014.35,711.49,2840.46,5360.38,4512.2,3208.72,3804.5,9080.3,13665.21,10884.51,6316.26,2872.44,2408.11,1885.1,7871.09,8950.05,2272.68,3916.41,3656.19,2042.43,3870.47,5243.71,873.88,2561.31,6455.15,6986.42,4808.22,1104.45,4844.67,2727.24,1832.87,2179.56,6447.01,4753.47,1e+09,4373.17,2093.21,1702.02,1099.78,6020.15,3110.56,1268.71,3097.82,2687.61,5404.57,10651.65,9896.77
14838.41,19135.78,20386.07,12810.91,25200.77,2729.57,13178.7,3804.02,6699.96,7519.29,12319.8,11554.48,5722.13,10713.78,4247.19,21157.41,17637.51,3865.81,8289.61,6593.17,2037.46,15102.06,15518.25,8251.07,8096.86,8917.06,7860.3,6861.67,12735.91,4351.11,7270.4,1488.13,1353.65,11929.95,6117.49,10081.95,5811.89,8967.41,8044.04,13015.21,1557.66,4373.17,1e+09,8844.1,7733.08,6011.25,1368.62,10602.76,8636.68,3037.91,9788.52,3779.09,6065.87,3913.64
6040.25,7634.29,8495.1,7352.53,14333.54,4770.12,25333.21,3418.93,1654.73,1324.71,2725.99,3338.18,3160.79,1928.01,12335.3,8626.96,6956.03,8593.94,2497.75,2319.09,4937.82,3660.76,5165.43,2615.44,3745.47,2245.29,1248.09,2688.11,2171.53,2796.89,3098.25,10575.88,11525.31,2456.52,2474.63,4468.15,2293.42,1325.91,1208.83,3898.34,9197.55,2093.21,8844.1,1e+09,1651.44,2026.16,10387.87,2119.26,1477.96,5754.7,1229.94,7519.27,11710.56,14012.47
5287.65,10649.52,11772,9086.51,16586.7,5702.34,23135.95,4035.75,1098.53,2430.54,4983.28,2986.14,1951.34,4255.13,10637.9,12489.71,8398.98,8221.96,1421.43,1269.47,3946.66,6487.99,5967.49,1267.85,3411.69,2843.07,1857.28,4384.03,4465.65,2477.15,1470.77,8471.14,9976.73,3003.65,1336.16,2613.85,1881.2,1608.35,2031.32,3465.51,7896.37,1702.02,7733.08,1651.44,1e+09,842.95,9666.59,1620.12,1035.52,3313.57,1861.16,4781.53,9064.24,11617.51
6780.7,11912.2,13034.68,8761.07,17849.38,4173.07,21766.6,3202.91,982.26,2726.62,5440.64,4203.09,2481.84,4322.21,9786.02,13982.76,9815.24,8455.85,1597.86,1878.9,3622.84,7750.67,7460.54,1366.05,3184.91,2686.03,1684.75,5343.14,5855.4,1571.31,1236.66,7053.52,8281.03,4343.12,732.43,2927.91,1708.82,2308.04,1825.77,4957.5,6197.69,1099.78,6011.25,2026.16,842.95,1e+09,7932.52,3067.95,1798.17,2718.93,2726.59,4221.01,9807.34,10307.11
18176.41,20861.62,22143.22,15013.8,27340.87,3911.57,12055.62,5363.53,8056.91,9722.18,14045.64,13757.37,8384.02,12070.73,3944.74,22514.36,20280.87,2903.02,11094.8,8796.06,3004.13,16720.24,18326.5,9976.91,10513.86,11067.74,9561.28,7989.26,14092.86,5848.67,9763.14,2197.88,1712.56,13657.37,7474.44,13435.63,8699.04,10324.36,9975.86,15764.62,1253.1,6020.15,1368.62,10387.87,9666.59,7932.52,1e+09,11959.71,9993.63,5006.14,11514.36,5583.83,6620.21,3365.53
4027.44,7953.97,8817.13,7417.67,14416.32,7196.49,25464.26,4002.58,2401.22,2722.27,4712.54,2243.6,2122.34,3111.28,10182.39,9480.22,6422.18,9377.31,2377.16,1285.64,5178.11,3635.67,4199.88,2828.09,2646.08,4525,1979.59,3107.32,2558.86,3592.63,1543.53,10995.26,12778.93,1310.92,3111.4,2645.48,2147.32,1234.07,1983.27,2577.51,10458.06,3110.56,10602.76,2119.26,1620.12,3067.95,11959.71,1e+09,1310.02,5757.79,1823.19,7044.2,8855.2,13996.52
5321.53,9803.08,10972.8,8593.88,15833.2,6856.83,24160.86,3500.13,765.31,2712.77,5055.39,2604.84,2607.1,3959.03,11304.72,11929.38,8170.4,7483.73,1735.62,1288.09,3457.85,5734.49,6001.37,2074.88,3114.03,3429.44,2014.21,3099.29,3548.03,1857.72,1309.37,9857.53,11588.5,2509.03,1408.5,3278.98,1898.52,1162.53,1484.82,3498.33,8988.99,1268.71,8636.68,1477.96,1035.52,1798.17,9993.63,1310.02,1e+09,4288.72,1344.86,6075.22,9146.67,12858.79
10106.73,15761.26,16026.22,11898.33,22665.47,3634.65,16614.53,3395.92,3138.23,6096.25,10491.14,6971.65,3629.47,8946.84,7250.62,16518,13582.89,7907.09,4702.23,4523.92,3718.24,11148.61,10729.98,3169.68,5768.84,5153.81,4553.67,8926.85,8345.5,3216.61,3203.73,2811.43,3684.12,7956.64,2330.99,5785.21,3357.9,5470.06,5712.23,8166.73,3055.98,3097.82,3037.91,5754.7,3313.57,2718.93,5006.14,5757.79,4288.72,1e+09,6003.98,1647.42,5418.03,5535.27
3298.91,6217.62,7405.46,6212.94,12224.12,6330.27,25580.3,3976.56,2032.13,1404.53,2394.52,2085.15,2736.11,2432.65,11527.24,8301.7,4663,10122.14,1324.85,1851.82,5384.55,2611.8,3266.73,2047.8,3081.2,2160.62,2022.85,2474.96,2193.17,3371.7,2112.4,11110.14,12480.63,1678.57,2767.22,2694,2651.99,1434,924.16,1549.59,10191.13,2687.61,9788.52,1229.94,1861.16,2726.59,11514.36,1823.19,1344.86,6003.98,1e+09,6571.04,11449.35,14256.51
5986.62,11948.06,11084.2,10707.72,20316.3,4933.57,17247.5,4435.77,5324.97,5744.54,10366.12,6133.64,3025.81,10011.86,5621.77,10450.5,8956.5,10106.01,4287.51,5598.88,4463.87,8876.15,6518.78,3312.52,5081.24,4399.42,6303.8,9690.34,7012.66,5055.86,3751.04,3805.82,4343.17,8847.62,4296.21,4273.67,3772.88,7380.36,6265.29,5859.26,3667.55,5404.57,3779.09,7519.27,4781.53,4221.01,5583.83,7044.2,6075.22,1647.42,6571.04,1e+09,5198.61,6533.2
12055.99,19350.35,18977.33,17830.71,29145.97,6965.95,7335.55,8193.48,9792.29,12048.33,15861.57,10190.44,6254.13,14348.97,5303.88,19258.05,17097.63,7608.59,9923.39,9158.26,9152.85,14256.62,12735.83,8768.86,11350.37,11524.73,11289.83,14439.24,11394.21,11084.6,7922.89,3703.16,4670.36,11056.19,9038.53,8808.65,8326.15,10808.54,12228.92,10451.83,5614.38,10651.65,6065.87,11710.56,9064.24,9807.34,6620.21,8855.2,9146.67,5418.03,11449.35,5198.61,1e+09,3022.76
17709.27,24183.15,24630.61,17730.47,30120.33,5380.37,6653.64,8231.1,11794.37,12438.85,17922.26,15186.82,8840.41,16999.14,2881.88,24911.33,21191.27,3627.26,11843.37,11512.73,6660.65,19811.58,18389.11,11134.42,12333.52,12492.51,12592.33,12977.29,16887.27,9369.36,10482.47,3501.27,2075.73,16166.61,10258.13,12952.81,9302.39,13898.76,12963.6,15886.07,4643.16,9896.77,3913.64,14012.47,11617.51,10307.11,3365.53,13996.52,12858.79,5535.27,14256.51,6533.2,3022.76,1e+09
