1e+09,9171.61,4770.16,13492.25,28829.54,7606.8,25618.78,15133.65,11110.4,3324.36,3009.13,6673.14,9170.8,2278.7,11533.7,6514.8,2634.25,3383.51,9502.82,8350.26,12305.7,7198.38,7895.09,3636.39,3532.55,4503.92,3203.5,5026.02,3682.16,3225.6,7217.83,21437.8,20045.19,12732.71,6317.08,7453.78,10021.76,8092.82,7627.86,7454.44,15040.21,9041.82,11547.32,6215.46,8874.86,15009.79,18180.61,6966.86,6788.85,13699.83,6063.81,8609.09,11714.14,20761.08
9171.61,1e+09,3849.33,1666.27,9797.36,4629.48,37806.28,28325.66,24017.72,13893.95,10124.24,20286.36,22881.78,8926.6,23721.2,13359.39,5302.91,13456.12,23001.32,20620.1,25207.34,18342.99,20895.24,12929.44,6550.42,5654.3,5945.58,14555.48,14776.78,14585.99,19347.21,36509.14,33997.51,27040.02,17843.87,20017.65,22524.1,20153.03,19199.98,19628.22,27679.01,22842.44,24119.09,18066.5,22280.05,27853.6,31031.99,20551.33,19151.21,25887.33,17765.13,20928.02,23901.64,33286.41
4770.16,3849.33,1e+09,6909.32,17261.22,3939.26,33040.98,23362.14,19021.05,9049.82,5936.62,15057.4,17651.32,4766.46,18955.9,9654.34,2751.49,8746.88,18048.58,15770.96,20145.22,12747.09,15202.53,9202.28,3854.59,3109.9,2792.38,9543.62,9955.55,9820.69,14539.99,31413.87,29148.37,22107.04,13078.57,15193.53,17524.55,15180.61,14267,14566.1,22791.8,17603.63,19230.51,12934.03,16819.37,22920.62,26020.13,15035.4,14302.07,21122.03,12772.99,16135.62,19136.34,28437.27
13492.25,1666.27,6909.32,1e+09,6459.68,5769.86,42241.6,35393.96,29170.29,18329.27,14875.24,26153.56,28140.54,13368.22,28156.52,18599.6,8155.41,17891.44,28277.3,25401.26,30206.98,24176,26680.68,16829.02,8550.09,8313.16,8422.92,19302.89,19212.1,19021.31,24195.67,42970.44,39704.6,33938.26,22279.19,24452.97,27472.68,25159.56,24297.16,24467.81,32114.33,28266.82,28709.9,23401.68,28545.79,33682.78,35750.01,26380.47,23961.39,30322.65,22860.59,25363.34,28336.96,38425.11
28829.54,9797.36,17261.22,6459.68,1e+09,13853.06,59140.63,52572.37,46069.32,35228.3,30880.61,43543.03,45341.41,30071.03,45055.55,33940.05,22036.33,34790.47,45365.66,42300.29,47106.01,41078.4,43496,33381.35,20101.87,19200.8,21706.38,36201.92,36111.13,35920.34,41094.7,60483.29,56933.96,51417.33,39178.22,41352,44371.71,42058.59,41196.19,41366.84,49013.36,45467.69,45608.93,40512.65,45541.46,50581.81,52649.04,43248.31,40860.42,47221.68,39761.05,42262.37,45235.99,55324.14
7606.8,4629.48,3939.26,5769.86,13853.06,1e+09,27302.99,22777.99,16273.26,10639.39,10274.99,16529.37,16666.18,8664.27,13809.83,13692.06,4787.92,8433.78,16365.62,13996.03,16512.51,16381.78,17677.92,7049.85,3592,2666.49,3053.06,11782.21,11344.19,9734.82,12312.27,28645.65,25096.32,22820.99,9630.7,12553.66,14340.99,14564.11,14249.21,14028.46,17175.72,17199.43,14459.09,14943.53,17813.13,19669.05,20811.4,17308.95,14279.18,15471.78,13294.29,12953.75,15369.33,23486.5
25618.78,37806.28,33040.98,42241.6,59140.63,27302.99,1e+09,11030.94,17026.28,23701.05,28040.82,19779.59,12802.11,27365.1,10049.97,29916.83,28933.75,16722.86,15853.07,17014.99,15863.8,23731.71,19927.31,18564.5,27093.08,24737.36,24897.7,24645.06,22507.19,18884.49,16349.53,6909.49,8171.51,14169.96,17079.22,17099.88,13624.72,18703.54,19462.94,19917.04,10045.09,17067.23,10585.1,23305.31,17126.35,13443.41,7623.35,20489.13,19266.31,9457.53,20021.08,12068.51,6256.91,3869.87
15133.65,28325.66,23362.14,35393.96,52572.37,22777.99,11030.94,1e+09,4533.24,10493.66,12285.04,5223.56,6777.97,12436.94,6336.19,10280,18568.65,12724.96,5742.79,4933.89,3869.69,4658.17,4809.15,10507.8,19236.29,20013.74,19713.54,8711.33,9652.67,11647.07,8980.89,4885.38,4176.75,1851.75,7318.04,5799.88,6270.23,6806.04,6850.47,7174.8,4633.91,5593.62,6121.27,5543.2,4348.64,2702.12,3181.34,4741.45,8230.43,4076.51,7838.3,8808,9993.41,4662.86
11110.4,24017.72,19021.05,29170.29,46069.32,16273.26,17026.28,4533.24,1e+09,5453.5,10488.09,1711.04,2021.4,11530.71,4610.49,8101.83,15461.84,6354.22,1158.39,2390.41,616.52,3121.62,2529.03,4391.3,12561.91,13111.77,12324.53,5144.61,4143.95,4412.81,3264.51,7905.66,7093.65,3338.58,2534.69,1865.56,2987.39,1806.75,2249.16,2172.33,3203.4,1108.93,2662.82,2890.44,1840.53,2184.43,5039.41,2043.68,1867.19,4646.86,2711.77,4692.81,8167.13,8559.47
3324.36,13893.95,9049.82,18329.27,35228.3,10639.39,23701.05,10493.66,5453.5,1e+09,2585.68,3154.39,4939.62,3452.77,8746.95,3079.28,5417.12,2859.16,4794.3,4274.62,6496.68,2642.96,3270.46,3838.34,4689.51,7413.19,5896.31,1229.44,1023.41,1730.26,4134.66,16489.07,15438.13,8030.81,4314.81,3645.9,5400.04,3316.9,3092.85,2581.7,11137.44,4281.56,7674.3,1808.66,4803.12,8708.81,13568.61,2979.76,2537.17,10332.96,2214.26,5857.96,9462.49,16219.62
3009.13,10124.24,5936.62,14875.24,30880.61,10274.99,28040.82,12285.04,10488.09,2585.68,1e+09,6157.67,9578.89,1782.26,13006.84,3381.35,4265.75,5176.65,9489.48,8321.46,11835.66,4743.99,6058.88,5870.14,5849.78,6386.21,5816.09,3108.76,3220.8,4234.63,7713.74,21072.83,19733.14,10811.26,7023.61,7885.83,9947,7704.98,7074.83,6794.57,15397.33,8783.47,12496.54,4906.67,8285.4,13591.49,18431.15,5911.95,6686.44,14592.85,5173.34,10542.78,14903.29,20997.4
6673.14,20286.36,15057.4,26153.56,43543.03,16529.37,19779.59,5223.56,1711.04,3154.39,6157.67,1e+09,2012.12,6530.1,6596.34,5810.96,10226.31,4355.86,1746.51,2726.4,1458.82,2426.69,1921.33,5104.53,9592.43,12040.01,9488.19,3348.06,2342.48,3085.66,2771.15,10254.29,9628.91,3702.8,2931.4,2580.72,3110.41,1985.63,1826.6,2216.56,5528.03,1477.28,4534.07,2474,1824.78,3435.13,7404.82,966.910000000001,1482.55,6807.99,1654.22,4481.63,8135.96,11088.55
9170.8,22881.78,17651.32,28140.54,45341.41,16666.18,12802.11,6777.97,2021.4,4939.62,9578.89,2012.12,1e+09,10375.8,1531.01,8733.85,13351.3,3932.87,1289.16,3062.1,1786.02,4505.85,3035.32,5032.69,11417.18,12959.87,10823.53,5570.84,4041.97,3327.25,2293.58,6897.91,6080.25,5422.74,3040.56,2669.45,2969.3,2758,3196.65,2965.61,3406.09,1428.7,2289.28,4537.64,2334.38,2888.97,5045.42,2253.89,1988.94,2773.68,2723.12,1418.45,4216.42,6512.37
2278.7,8926.6,4766.46,13368.22,30071.03,8664.27,27365.1,12436.94,11530.71,3452.77,1782.26,6530.1,10375.8,1e+09,13280.02,4395.18,3046.87,4001.93,10358.92,9174.92,12649.4,4813.24,6922.47,6201.94,5670.79,4758.13,3998.04,3276.42,4335.6,4220.19,8070.52,21460.86,20721.58,11171.2,7402.69,9576.47,10253.34,7909.5,6780.62,7550.43,17073.79,10017.16,13041.92,5076.98,7818.45,14458.43,19403.67,6909.25,7677.01,15446.15,5579.53,10486.84,13460.46,21358.56
11533.7,23721.2,18955.9,28156.52,45055.55,13809.83,10049.97,6336.19,4610.49,8746.95,13006.84,6596.34,1531.01,13280.02,1e+09,13933.95,14848.67,3242.52,3693.31,3974.23,3766.88,8487.19,6584.71,4832.73,13008,11045.58,10812.62,10255.23,7947.66,4903.83,3489.31,6347.33,4741.86,6589.86,3749.6,3901.71,2748.21,5472.56,6276.08,5774.1,1394.99,4597.41,1825.05,9010.78,5095.35,4592.07,3559.05,6798.35,5269.59,1388.64,5936,1228.86,5356.89,4576.17
6514.8,13359.39,9654.34,18599.6,33940.05,13692.06,29916.83,10280,8101.83,3079.28,3381.35,5810.96,8733.85,4395.18,13933.95,1e+09,6150,8028.43,8203.33,7358.1,9087.86,3049.4,4409.74,7948.45,8595.96,10028.21,8591.4,3012.9,3219.14,6397.86,8072.61,19761.31,18713.45,9010.9,8013.97,7395.48,8013.78,5941.17,5215.37,4767.75,14757.12,7543.6,12219.61,3141.35,7407.2,11318.16,17069.98,4972.33,5562.94,14939.84,4032.73,11571.59,15859.64,20307.94
2634.25,5302.91,2751.49,8155.41,22036.33,4787.92,28933.75,18568.65,15461.84,5417.12,4265.75,10226.31,13351.3,3046.87,14848.67,6150,1e+09,5356.33,13827.42,12093.41,16899.13,10238.72,11377.09,5189.01,3167.66,2387.7,1760.44,6885.44,5967.11,6082.9,10428.94,26099.01,24257.68,16594.13,8971.34,11145.12,14164.83,11847.55,11131.91,11159.96,18806.48,13408.25,15402.05,9085.39,12261.04,19056.81,22442.16,10567.4,10638.62,17014.8,9105.41,12055.49,15029.11,24445.3
3383.51,13456.12,8746.88,17891.44,34790.47,8433.78,16722.86,12724.96,6354.22,2859.16,5176.65,4355.86,3932.87,4001.93,3242.52,8028.43,5356.33,1e+09,4719.72,4546.84,6990.1,6310.76,5880.68,2623.28,5335.93,4929.55,3846.85,4932.16,2787.59,1162.09,3051.05,14372.3,12448.46,10879.76,3062.45,3616.29,4966.75,4468.54,4526.92,4295.15,6595.59,4747.92,5023.99,5622.93,5243,9065.31,10231.27,5022.5,3414.89,5324.11,3713.34,2549.54,5294.62,12684.34
9502.82,23001.32,18048.58,28277.3,45365.66,16365.62,15853.07,5742.79,1158.39,4794.3,9489.48,1746.51,1289.16,10358.92,3693.31,8203.33,13827.42,4719.72,1e+09,2750.49,1195.96,3956.64,2540.33,4496.35,11636.08,12848.89,11137.73,5184.7,3854.58,3323.41,1617.62,7806.77,7627.82,4413.81,2700.67,1851.15,2681.94,1742.38,2150.72,2112.95,3850.86,519.25,2509.87,3479.13,1526.74,2199.02,5352.48,1704.52,1427.46,4700.84,2208.23,2766.31,6217.12,8333.49
8350.26,20620.1,15770.96,25401.26,42300.29,13996.03,17014.99,4933.89,2390.41,4274.62,8321.46,2726.4,3062.1,9174.92,3974.23,7358.1,12093.41,4546.84,2750.49,1e+09,2373.9,4070.69,3061.45,3721,9678.36,10635.92,9229.08,4545.5,3511.59,3473.67,2954.49,9465.64,7841.6,4751.82,2567.03,2187.93,2828.82,2765.27,2967.65,2760.5,4234.93,2260.46,4264.33,4040.81,2786.01,3127.22,5699.78,2591.27,2196.52,4296.79,2806.14,4299.16,7602.13,8636.71
12305.7,25207.34,20145.22,30206.98,47106.01,16512.51,15863.8,3869.69,616.52,6496.68,11835.66,1458.82,1786.02,12649.4,3766.88,9087.86,16899.13,6990.1,1195.96,2373.9,1e+09,3001.26,2389.14,4720.15,13574.88,13549.64,13099.76,5964.29,4994.53,5422.77,4036.01,6497.62,5934.04,3268.51,2282.11,2280.87,3240.22,2362.17,2969.98,2905.45,2319.91,1244.83,2690.5,3348.01,2357.28,2338.56,3837.7,1919.63,2523.26,3738.89,3478.17,5543.22,8542.93,6962.46
7198.38,18342.99,12747.09,24176,41078.4,16381.78,23731.71,4658.17,3121.62,2642.96,4743.99,2426.69,4505.85,4813.24,8487.19,3049.4,10238.72,6310.76,3956.64,4070.69,3001.26,1e+09,2034.78,6342.62,9548.72,12295.49,10557.23,2239.41,2684.14,4287.22,4741.12,13016.05,11713.42,3857.93,4313.98,4024.25,3637.15,3401.63,2632.51,2482.71,7612.54,3567.94,6912.47,1623.87,3710.83,5270.31,9862.58,2005.89,2956.59,8698.84,2470.21,7464.46,11276.91,13636.77
7895.09,20895.24,15202.53,26680.68,43496,17677.92,19927.31,4809.15,2529.03,3270.46,6058.88,1921.33,3035.32,6922.47,6584.71,4409.74,11377.09,5880.68,2540.33,3061.45,2389.14,2034.78,1e+09,5042.4,10448.85,13415.53,11368.43,2527.96,2805.91,4267.5,2772.74,10148.02,9186.97,3756.26,3919.8,2722.78,3430.05,2125.75,2365.92,2189.27,5252.81,2180.7,5164.31,2117.7,2972.09,3833.99,7171.56,1064.55,2544.64,6664.69,2191.96,5611.68,9662.88,10854.73
3636.39,12929.44,9202.28,16829.02,33381.35,7049.85,18564.5,10507.8,4391.3,3838.34,5870.14,5104.53,5032.69,6201.94,4832.73,7948.45,5189.01,2623.28,4496.35,3721,4720.15,6342.62,5042.4,1e+09,4635.26,4016.6,3272.64,4730.53,3545.81,2223.54,2509.59,14430.1,12582.3,9985.25,2047.61,2897.63,4614.05,3812.55,3742.5,3456.62,6823.74,4544.09,4318.4,5522.48,5027.38,7457.87,9730.27,5116.3,3395.95,6282.72,3647.88,3874.21,6578.95,12783.4
3532.55,6550.42,3854.59,8550.09,20101.87,3592,27093.08,19236.29,12561.91,4689.51,5849.78,9592.43,11417.18,5670.79,13008,8595.96,3167.66,5335.93,11636.08,9678.36,13574.88,9548.72,10448.85,4635.26,1e+09,3148.8,1969.36,6424.14,4878.95,4986.11,8944.65,25396.33,22994.2,17019.02,7353.45,8722.96,11401.14,9420.92,8904.68,8679.98,16309.39,11293.15,12867.78,8474.37,11760.82,16724.01,19449.79,9794.71,8116.95,15011.31,7869.31,9999.84,13188.44,22335.09
4503.92,5654.3,3109.9,8313.16,19200.8,2666.49,24737.36,20013.74,13111.77,7413.19,6386.21,12040.01,12959.87,4758.13,11045.58,10028.21,2387.7,4929.55,12848.89,10635.92,13549.64,12295.49,13415.53,4016.6,3148.8,1e+09,2593.03,8529.71,7694.45,6051.88,8916.78,25929.45,22530.69,19802.65,6391.98,9021.89,11361.14,10818.84,10547.26,10335.13,14610.09,13274.7,11496.22,11263.37,13485.53,16665.74,18245.77,13014.87,10521.83,12818.41,10035.15,9792.26,12216.4,20920.87
3203.5,5945.58,2792.38,8422.92,21706.38,3053.06,24897.7,19713.54,12324.53,5896.31,5816.09,9488.19,10823.53,3998.04,10812.62,8591.4,1760.44,3846.85,11137.73,9229.08,13099.76,10557.23,11368.43,3272.64,1969.36,2593.03,1e+09,7142.35,5688.93,4595.24,7905.14,24262.8,21688.19,17013.85,5616.16,7953.11,10953.04,9529.16,9176.28,8952.05,14770.43,10937.3,11366,9202.53,11161.44,16338.88,18406.11,10508.74,8386.83,12978.75,8375.71,8758.36,11443.24,21081.21
5026.02,14555.48,9543.62,19302.89,36201.92,11782.21,24645.06,8711.33,5144.61,1229.44,3108.76,3348.06,5570.84,3276.42,10255.23,3012.9,6885.44,4932.16,5184.7,4545.5,5964.29,2239.41,2527.96,4730.53,6424.14,8529.71,7142.35,1e+09,1689.22,3758.87,4878.55,16639.77,15601.47,7035.06,4406.74,4156.4,4969.2,3093.15,2678.52,2213.18,11078.4,4629.04,8188.13,1824.78,4666.68,8491.85,13430.07,2698.69,3115.83,11261.12,1943.57,7203.28,10932.47,16903.6
3682.16,14776.78,9955.55,19212.1,36111.13,11344.19,22507.19,9652.67,4143.95,1023.41,3220.8,2342.48,4041.97,4335.6,7947.66,3219.14,5967.11,2787.59,3854.58,3511.59,4994.53,2684.14,2805.91,3545.81,4878.95,7694.45,5688.93,1689.22,1e+09,1766.09,3251.32,15502.06,14574.63,7715.96,2989.65,3166.64,4607.14,3006.78,2426.48,2080.99,10118.64,3526.44,6478.31,1954.3,4337.59,7299.52,12014.07,2460.62,1592.57,9662.63,1478.99,5222.26,8880.01,14942.66
3225.6,14585.99,9820.69,19021.31,35920.34,9734.82,18884.49,11647.07,4412.81,1730.26,4234.63,3085.66,3327.25,4220.19,4903.83,6397.86,6082.9,1162.09,3323.41,3473.67,5422.77,4287.22,4267.5,2223.54,4986.11,6051.88,4595.24,3758.87,1766.09,1e+09,1941.13,14505.17,13178.7,9100.49,3169.58,2069.29,4642.93,2822.65,3083,2822.29,8757.22,2937.46,4924.55,3986.57,3899.22,7056.27,11649.54,3255.15,1775.85,6965.54,2212.81,2663.8,5800.82,13366.32
7217.83,19347.21,14539.99,24195.67,41094.7,12312.27,16349.53,8980.89,3264.51,4134.66,7713.74,2771.15,2293.58,8070.52,3489.31,8072.61,10428.94,3051.05,1617.62,2954.49,4036.01,4741.12,2772.74,2509.59,8944.65,8916.78,7905.14,4878.55,3251.32,1941.13,1e+09,10440.43,9702.77,7365.06,2160.28,1823.92,2886.81,2214.59,2821.16,2318.91,6195.59,1917.67,2864.48,4649.12,2394.15,4441.32,8796.36,2810.39,1577.4,4430.58,2114.61,2049.21,5126.41,10339.75
21437.8,36509.14,31413.87,42970.44,60483.29,28645.65,6909.49,4885.38,7905.66,16489.07,21072.83,10254.29,6897.91,21460.86,6347.33,19761.31,26099.01,14372.3,7806.77,9465.64,6497.62,13016.05,10148.02,14430.1,25396.33,25929.45,24262.8,16639.77,15502.06,14505.17,10440.43,1e+09,2296.43,6872.21,10793.11,9733.7,7465.94,10729.35,11624.9,11287.7,4451.84,8384.78,6090.69,13447.73,8435.67,5472.34,3193.07,10485.84,11747.71,4414.22,12709.24,8744.43,9384.46,2588.5
20045.19,33997.51,29148.37,39704.6,56933.96,25096.32,8171.51,4176.75,7093.65,15438.13,19733.14,9628.91,6080.25,20721.58,4741.86,18713.45,24257.68,12448.46,7627.82,7841.6,5934.04,11713.42,9186.97,12582.3,22994.2,22530.69,21688.19,15601.47,14574.63,13178.7,9702.77,2296.43,1e+09,4657.5,9286.59,8219.51,6757.08,10179.66,10924.92,10664.38,3222.27,7776.23,5111.41,12659.29,7714.86,4368.71,1898.71,9440.06,11546.55,3418.99,12439.16,7064.54,8895.48,2192.72
12732.71,27040.02,22107.04,33938.26,51417.33,22820.99,14169.96,1851.75,3338.58,8030.81,10811.26,3702.8,5422.74,11171.2,6589.86,9010.9,16594.13,10879.76,4413.81,4751.82,3268.51,3857.93,3756.26,9985.25,17019.02,19802.65,17013.85,7035.06,7715.96,9100.49,7365.06,6872.21,4657.5,1e+09,6820.3,5038.24,4746.93,4825.73,5051.34,5288.93,4688.11,4030.8,6181.25,3967.77,3075.57,2939.28,4292.89,3141.8,5813.43,5074.37,5668.87,9064.86,12313.26,6520.66
6317.08,17843.87,13078.57,22279.19,39178.22,9630.7,17079.22,7318.04,2534.69,4314.81,7023.61,2931.4,3040.56,7402.69,3749.6,8013.97,8971.34,3062.45,2700.67,2567.03,2282.11,4313.98,3919.8,2047.61,7353.45,6391.98,5616.16,4406.74,2989.65,3169.58,2160.28,10793.11,9286.59,6820.3,1e+09,2439.06,3136.19,2516.07,2621.9,2490.39,4337.98,2927.26,3211.02,3876.82,3820.15,5078.35,6952.01,3694.31,2474.33,4266.15,3391.58,4025.46,6903.07,9935.69
7453.78,20017.65,15193.53,24452.97,41352,12553.66,17099.88,5799.88,1865.56,3645.9,7885.83,2580.72,2669.45,9576.47,3901.71,7395.48,11145.12,3616.29,1851.15,2187.93,2280.87,4024.25,2722.78,2897.63,8722.96,9021.89,7953.11,4156.4,3166.64,2069.29,1823.92,9733.7,8219.51,5038.24,2439.06,1e+09,3324.5,1768.66,2219.61,1761.67,3827.53,1653.25,3275.65,3487.53,2466.37,3091.18,5694.07,2670.88,2008.61,4621.36,2617.39,3373.07,6743.84,8965.34
10021.76,22524.1,17524.55,27472.68,44371.71,14340.99,13624.72,6270.23,2987.39,5400.04,9947,3110.41,2969.3,10253.34,2748.21,8013.78,14164.83,4966.75,2681.94,2828.82,3240.22,3637.15,3430.05,4614.05,11401.14,11361.14,10953.04,4969.2,4607.14,4642.93,2886.81,7465.94,6757.08,4746.93,3136.19,3324.5,1e+09,2431.73,2651.77,3234.66,3139.08,3318.2,1942.35,2862.24,3472.81,3846.16,5604.12,2888.39,3248.37,2896.58,3392.15,3103.03,5975.82,7394.06
8092.82,20153.03,15180.61,25159.56,42058.59,14564.11,18703.54,6806.04,1806.75,3316.9,7704.98,1985.63,2758,7909.5,5472.56,5941.17,11847.55,4468.54,1742.38,2765.27,2362.17,3401.63,2125.75,3812.55,9420.92,10818.84,9529.16,3093.15,3006.78,2822.65,2214.59,10729.35,10179.66,4825.73,2516.07,1768.66,2431.73,1e+09,1377.15,1499.44,6649.8,1705.18,3522.92,1892.93,2032.31,3972.38,8496.05,2258.9,1263.86,6122.37,1764.46,3865.38,7233.3,11256.89
7627.86,19199.98,14267,24297.16,41196.19,14249.21,19462.94,6850.47,2249.16,3092.85,7074.83,1826.6,3196.65,6780.62,6276.08,5215.37,11131.91,4526.92,2150.72,2967.65,2969.98,2632.51,2365.92,3742.5,8904.68,10547.26,9176.28,2678.52,2426.48,3083,2821.16,11624.9,10924.92,5051.34,2621.9,2219.61,2651.77,1377.15,1e+09,953.91,7103.84,2140.59,4130.91,1459.54,1822.73,4661.11,9337.85,2289.27,1453.38,6792.96,1333.34,4370.55,7692.89,12120.74
7454.44,19628.22,14566.1,24467.81,41366.84,14028.46,19917.04,7174.8,2172.33,2581.7,6794.57,2216.56,2965.61,7550.43,5774.1,4767.75,11159.96,4295.15,2112.95,2760.5,2905.45,2482.71,2189.27,3456.62,8679.98,10335.13,8952.05,2213.18,2080.99,2822.29,2318.91,11287.7,10664.38,5288.93,2490.39,1761.67,3234.66,1499.44,953.91,1e+09,6898.13,2020.76,3835.06,1322.21,2594.52,4421.72,8971.51,2157.46,1434.05,6469.07,1844.24,4623.33,8168.69,11746.23
15040.21,27679.01,22791.8,32114.33,49013.36,17175.72,10045.09,4633.91,3203.4,11137.44,15397.33,5528.03,3406.09,17073.79,1394.99,14757.12,18806.48,6595.59,3850.86,4234.93,2319.91,7612.54,5252.81,6823.74,16309.39,14610.09,14770.43,11078.4,10118.64,8757.22,6195.59,4451.84,3222.27,4688.11,4337.98,3827.53,3139.08,6649.8,7103.84,6898.13,1e+09,4092.75,2875.81,8558.41,4893.04,3318.53,2205.08,5489.3,8210.64,1520.84,9141.46,3312.43,7890.99,3445.71
9041.82,22842.44,17603.63,28266.82,45467.69,17199.43,17067.23,5593.62,1108.93,4281.56,8783.47,1477.28,1428.7,10017.16,4597.41,7543.6,13408.25,4747.92,519.25,2260.46,1244.83,3567.94,2180.7,4544.09,11293.15,13274.7,10937.3,4629.04,3526.44,2937.46,1917.67,8384.78,7776.23,4030.8,2927.26,1653.25,3318.2,1705.18,2140.59,2020.76,4092.75,1e+09,3190.89,3443.07,1331.01,1870.37,5622.16,1498.32,1291.71,5447.69,2079.28,3154.15,6586.59,9018.95
11547.32,24119.09,19230.51,28709.9,45608.93,14459.09,10585.1,6121.27,2662.82,7674.3,12496.54,4534.07,2289.28,13041.92,1825.05,12219.61,15402.05,5023.99,2509.87,4264.33,2690.5,6912.47,5164.31,4318.4,12867.78,11496.22,11366,8188.13,6478.31,4924.55,2864.48,6090.69,5111.41,6181.25,3211.02,3275.65,1942.35,3522.92,4130.91,3835.06,2875.81,3190.89,1e+09,6367.54,3527.67,3428.47,4485.06,5308.51,4060.12,1786.02,4952.73,2439.98,4317.13,5367.48
6215.46,18066.5,12934.03,23401.68,40512.65,14943.53,23305.31,5543.2,2890.44,1808.66,4906.67,2474,4537.64,5076.98,9010.78,3141.35,9085.39,5622.93,3479.13,4040.81,3348.01,1623.87,2117.7,5522.48,8474.37,11263.37,9202.53,1824.78,1954.3,3986.57,4649.12,13447.73,12659.29,3967.77,3876.82,3487.53,2862.24,1892.93,1459.54,1322.21,8558.41,3443.07,6367.54,1e+09,2701.68,5405.13,10487.5,2060.05,2546.96,9234.73,1801.64,6584.61,10278.54,14171.23
8874.86,22280.05,16819.37,28545.79,45541.46,17813.13,17126.35,4348.64,1840.53,4803.12,8285.4,1824.78,2334.38,7818.45,5095.35,7407.2,12261.04,5243,1526.74,2786.01,2357.28,3710.83,2972.09,5027.38,11760.82,13485.53,11161.44,4666.68,4337.59,3899.22,2394.15,8435.67,7714.86,3075.57,3820.15,2466.37,3472.81,2032.31,1822.73,2594.52,4893.04,1331.01,3527.67,2701.68,1e+09,1808.66,5844.4,2219.14,2320.89,5735.66,2060.41,3745.97,6912.29,8926.47
15009.79,27853.6,22920.62,33682.78,50581.81,19669.05,13443.41,2702.12,2184.43,8708.81,13591.49,3435.13,2888.97,14458.43,4592.07,11318.16,19056.81,9065.31,2199.02,3127.22,2338.56,5270.31,3833.99,7457.87,16724.01,16665.74,16338.88,8491.85,7299.52,7056.27,4441.32,5472.34,4368.71,2939.28,5078.35,3091.18,3846.16,3972.38,4661.11,4421.72,3318.53,1870.37,3428.47,5405.13,1808.66,1e+09,3252.2,3639.47,4299.26,3325.26,5237.61,5780.23,8955.61,4908.33
18180.61,31031.99,26020.13,35750.01,52649.04,20811.4,7623.35,3181.34,5039.41,13568.61,18431.15,7404.82,5045.42,19403.67,3559.05,17069.98,22442.16,10231.27,5352.48,5699.78,3837.7,9862.58,7171.56,9730.27,19449.79,18245.77,18406.11,13430.07,12014.07,11649.54,8796.36,3193.07,1898.71,4292.89,6952.01,5694.07,5604.12,8496.05,9337.85,8971.51,2205.08,5622.16,4485.06,10487.5,5844.4,3252.2,1e+09,7381.16,9567.14,2208.97,10597.59,6022.7,7631.9,1977.51
6966.86,20551.33,15035.4,26380.47,43248.31,17308.95,20489.13,4741.45,2043.68,2979.76,5911.95,966.910000000001,2253.89,6909.25,6798.35,4972.33,10567.4,5022.5,1704.52,2591.27,1919.63,2005.89,1064.55,5116.3,9794.71,13014.87,10508.74,2698.69,2460.62,3255.15,2810.39,10485.84,9440.06,3141.8,3694.31,2670.88,2888.39,2258.9,2289.27,2157.46,5489.3,1498.32,5308.51,2060.05,2219.14,3639.47,7381.16,1e+09,1310.11,6884.58,1735.96,4908.79,8482.2,10988.05
6788.85,19151.21,14302.07,23961.39,40860.42,14279.18,19266.31,8230.43,1867.19,2537.17,6686.44,1482.55,1988.94,7677.01,5269.59,5562.94,10638.62,3414.89,1427.46,2196.52,2523.26,2956.59,2544.64,3395.95,8116.95,10521.83,8386.83,3115.83,1592.57,1775.85,1577.4,11747.71,11546.55,5813.43,2474.33,2008.61,3248.37,1263.86,1453.38,1434.05,8210.64,1291.71,4060.12,2546.96,2320.89,4299.26,9567.14,1310.11,1e+09,7347.36,987.78,3063.24,6649.95,12183.53
13699.83,25887.33,21122.03,30322.65,47221.68,15471.78,9457.53,4076.51,4646.86,10332.96,14592.85,6807.99,2773.68,15446.15,1388.64,14939.84,17014.8,5324.11,4700.84,4296.79,3738.89,8698.84,6664.69,6282.72,15011.31,12818.41,12978.75,11261.12,9662.63,6965.54,4430.58,4414.22,3418.99,5074.37,4266.15,4621.36,2896.58,6122.37,6792.96,6469.07,1520.84,5447.69,1786.02,9234.73,5735.66,3325.26,2208.97,6884.58,7347.36,1e+09,8102.13,2015.58,5730.6,3181.71
6063.81,17765.13,12772.99,22860.59,39761.05,13294.29,20021.08,7838.3,2711.77,2214.26,5173.34,1654.22,2723.12,5579.53,5936,4032.73,9105.41,3713.34,2208.23,2806.14,3478.17,2470.21,2191.96,3647.88,7869.31,10035.15,8375.71,1943.57,1478.99,2212.81,2114.61,12709.24,12439.16,5668.87,3391.58,2617.39,3392.15,1764.46,1333.34,1844.24,9141.46,2079.28,4952.73,1801.64,2060.41,5237.61,10597.59,1735.96,987.78,8102.13,1e+09,3611.72,6934.86,13076.14
8609.09,20928.02,16135.62,25363.34,42262.37,12953.75,12068.51,8808,4692.81,5857.96,10542.78,4481.63,1418.45,10486.84,1228.86,11571.59,12055.49,2549.54,2766.31,4299.16,5543.22,7464.46,5611.68,3874.21,9999.84,9792.26,8758.36,7203.28,5222.26,2663.8,2049.21,8744.43,7064.54,9064.86,4025.46,3373.07,3103.03,3865.38,4370.55,4623.33,3312.43,3154.15,2439.98,6584.61,3745.97,5780.23,6022.7,4908.79,3063.24,2015.58,3611.72,1e+09,3856.14,7365.26
11714.14,23901.64,19136.34,28336.96,45235.99,15369.33,6256.91,9993.41,8167.13,9462.49,14903.29,8135.96,4216.42,13460.46,5356.89,15859.64,15029.11,5294.62,6217.12,7602.13,8542.93,11276.91,9662.88,6578.95,13188.44,12216.4,11443.24,10932.47,8880.01,5800.82,5126.41,9384.46,8895.48,12313.26,6903.07,6743.84,5975.82,7233.3,7692.89,8168.69,7890.99,6586.59,4317.13,10278.54,6912.29,8955.61,7631.9,8482.2,6649.95,5730.6,6934.86,3856.14,1e+09,6344
20761.08,33286.41,28437.27,38425.11,55324.14,23486.5,3869.87,4662.86,8559.47,16219.62,20997.4,11088.55,6512.37,21358.56,4576.17,20307.94,24445.3,12684.34,8333.49,8636.71,6962.46,13636.77,10854.73,12783.4,22335.09,20920.87,21081.21,16903.6,14942.66,13366.32,10339.75,2588.5,2192.72,6520.66,9935.69,8965.34,7394.06,11256.89,12120.74,11746.23,3445.71,9018.95,5367.48,14171.23,8926.47,4908.33,1977.51,10988.05,12183.53,3181.71,13076.14,7365.26,6344,1e+09
