1e+09,5336.29,5618.21,11272.52,15658.93,68011.67,87146.98,35720.16,36514.43,22658.86,58762.86,63971.53,57216.98,64783.33,41077.56,25507.28,26151.87,58596.41,61390.99,58055.55,61558.25,54908.03,36925.73,20744.26,16120.87,15077.87,48962.33,61539.79,43854.89,33008.52,53872.97,80869.44,82599.1,60783.87,72371.48,55609.15,65355.52,69055.12,68247.02,68701.16,66911.54,61392.89,62386.33,59608.75,54150.27,62217.48,63857.09,56032.69,63254.04,57948.12,66440.83,59391.66,72429.01,77088.21
5336.29,1e+09,6112.25,11756.6,16193.58,73944.76,98552.17,47125.35,47919.62,34064.05,70168.05,75018.16,68622.17,73875.78,52482.75,36912.47,37557.06,69057.97,71867.87,67854.74,72963.44,66313.22,48330.92,30969.71,21220.81,20588.36,59531.61,72944.98,55260.08,43329.19,65278.16,92274.63,94004.29,72189.06,83776.67,67014.34,76760.71,80094.1,77194.96,80106.35,78316.73,72798.08,73791.52,71013.94,65555.46,73578.84,75262.28,67072.8,74639.26,69353.31,77846.02,69679.78,81369.4,88493.4
5618.21,6112.25,1e+09,5952.44,8545.85,83421.2,103968.85,52542.03,53336.3,39480.73,75584.73,80793.4,74038.85,81605.2,57899.43,42329.15,42973.74,75418.28,78212.86,74620.73,78380.12,71729.9,53747.6,36765.63,27752.3,26005.04,65784.2,78361.66,60676.76,49830.39,70694.84,97691.31,99420.97,77605.74,89193.35,72431.02,82177.39,85876.99,85068.89,85523.03,83733.41,78214.76,79208.2,76430.62,70972.14,79039.35,80678.96,72854.56,80075.91,74769.99,83262.7,76213.53,89250.88,93910.08
11272.52,11756.6,5952.44,1e+09,3262.95,92152.83,113271.82,61845,62639.27,48783.7,84887.7,90096.37,83341.82,90908.17,67202.4,51632.12,52276.71,84721.25,87515.83,83734.86,87683.09,81032.87,63050.57,46068.6,37055.27,35308.01,75087.17,87664.63,69979.73,59133.36,79997.81,106994.28,108723.94,86908.71,98496.32,81733.99,91480.36,95179.96,94235.55,94826,93036.38,87517.73,88511.17,85733.59,80275.11,88342.32,89981.93,82157.53,89378.88,84072.96,92565.67,85516.5,98553.85,103213.05
15658.93,16193.58,8545.85,3262.95,1e+09,97529.38,121404.32,69977.5,70771.77,56916.2,93020.2,98112.13,91474.32,97211.57,75334.9,59764.62,60409.21,92393.76,94961.84,90948.71,95815.59,89165.37,71183.07,54063.68,44556.6,43440.51,83109.22,95797.13,78112.23,66423.16,88130.31,115126.78,116856.44,95041.21,106628.82,89866.49,99612.86,103188.07,100530.75,102958.5,101168.88,95650.23,96643.67,93866.09,88407.61,96474.82,98114.43,90166.77,97511.38,92205.46,100698.17,93015.57,104947.01,111345.55
68011.67,73944.76,83421.2,92152.83,97529.38,1e+09,19207.56,21016.46,21644.03,35647.7,6319.1,6224.13,6319,4165.54,17840.67,28232.77,26820.95,9481.84,4195.67,4945.33,5073.1,8442.01,19917.88,35028.96,45681.09,44093.36,9728.71,5017.49,13995.87,23324.84,9562.79,12948.26,15831.36,5135.26,7470.42,6528.6,9088.19,7739.5,5531.26,6891.41,7578.65,4564.26,6791.6,6235.73,6024.75,3937.04,6189.77,5227.32,5152.27,6984.97,4140.83,4225.44,6868.34,9561.25
87146.98,98552.17,103968.85,113271.82,121404.32,19207.56,1e+09,42717.72,46295.26,60147.27,25106.74,20730.29,26472.12,22416.35,29371.07,47368.08,47297.78,18993.19,24714.51,27623.16,23886.33,24213.1,42261.83,54600.08,67166.6,65252.61,38952.84,20276.75,39290.26,45020.1,25564,3694.14,2313.98,25799.72,9432.4,26558.61,15077.96,15245.58,19147.23,15872.43,15978.83,24704.61,21077.18,24958.32,29430.3,25476.16,19723.99,28500.97,22633.33,24453.19,20422.82,27332.72,15104.76,6377.69
35720.16,47125.35,52542.03,61845,69977.5,21016.46,42717.72,1e+09,2086.76,8833.99,14333.6,19542.27,12787.72,19961.57,4624.09,6161.72,6921.93,14500.37,16961.73,12961.63,17128.99,10650.25,1426.58,7882.18,15739.78,14833.19,8498.59,17110.53,3788.44,1970.69,9704.75,36440.18,38169.84,16354.61,27942.22,11179.89,20926.26,24625.86,23280.75,24271.9,22482.28,16963.63,17957.07,15179.49,9771.99,17788.22,19427.83,11603.43,18824.78,13518.86,22011.57,14962.4,27923.28,32658.95
36514.43,47919.62,53336.3,62639.27,70771.77,21644.03,46295.26,2086.76,1e+09,9628.26,17889.84,22804.6,16482.1,21645.06,5546.34,6925.81,9377.29,16925.58,19573.49,15641.18,20667.41,14136.75,2949.41,6920.08,16534.05,15297.55,7480.39,20804.91,3799.42,3691.15,13138.09,40017.55,41864.22,20048.99,31636.6,14705.36,24620.64,27665.5,25062.57,27966.28,26176.66,20658.01,21594.23,18873.87,13415.39,21165.76,23037.24,14859.24,22247.62,17213.24,25259.96,17417.31,29318.18,36353.33
22658.86,34064.05,39480.73,48783.7,56916.2,35647.7,60147.27,8833.99,9628.26,1e+09,31741.85,36806.97,30330.81,35649.73,14191.39,4328.69,4663.85,30926.95,33579.16,29643.55,34522.72,27988.76,9979.65,5653.37,5800.46,9195.29,21480.76,34653.62,16968.72,6558.84,26986.8,53869.56,55712.93,33897.7,45485.31,28557.37,38469.35,41671.17,39063.94,41814.99,40025.37,34506.72,35446.24,32722.58,27264.1,35024.37,36889.25,28861.61,36099.63,31061.95,39118.57,31421.98,43318.55,50202.04
58762.86,70168.05,75584.73,84887.7,93020.2,6319.1,25106.74,14333.6,17889.84,31741.85,1e+09,3517.97,1784.02,2848.79,8885.51,18983.96,18892.36,3984.78,1291.75,1658.94,1640.06,3112.11,13856.41,26215.96,38782.48,37278.99,10974.8,2474.14,10820.94,16635.98,2624.98,18829.03,20762.55,3067.65,10534.93,1313.26,4316.47,6548.29,5131.72,6706.6,5379.11,2392.3,2706.94,1175.48,2347.57,2833.69,3334.56,1759.94,2453.36,1660.05,5296.27,1952.38,7592.84,15251.66
63971.53,75018.16,80793.4,90096.37,98112.13,6224.13,20730.29,19542.27,22804.6,36806.97,3517.97,1e+09,3436.76,2719.45,9291.47,24192.63,24008.85,5933.78,3021.01,3993.79,2047.61,4533.75,18972.9,31424.63,43991.15,42122.78,15154.91,2870.17,15660.89,21844.65,5607.32,14456.8,16518.32,2092.29,6251.16,5261.99,2363.29,3439.06,1439.75,3379.31,2075.56,1956.41,938.74,2349.35,5779.38,2667.07,871.82,4871.6,1346.69,2066.96,2366.73,3772.31,3639.04,10799.32
57216.98,68622.17,74038.85,83341.82,91474.32,6319,26472.12,12787.72,16482.1,30330.81,1784.02,3436.76,1e+09,3392.47,7967.05,17438.08,17418.36,4241.85,2554.98,1704.75,2381.45,2435.18,12369.84,24670.08,37236.6,35798.87,8837.89,3226.95,9679.19,15090.1,2999.79,20194.07,22167.82,2246.62,11940.2,2066.04,5183.2,7734.55,5491.02,8269.88,6480.26,2122.25,2756.81,1675.66,2010.32,3177.25,3871.27,1313.51,3004.96,1539.2,5630.81,2108.34,9050.73,16656.93
64783.33,73875.78,81605.2,90908.17,97211.57,4165.54,22416.35,19961.57,21645.06,35649.73,2848.79,2719.45,3392.47,1e+09,12629,25004.43,24330.91,6564.03,1590.32,3053.64,2293.85,5757.63,19201.37,32166.34,44558.03,42296.13,12360.79,2485.65,14378.73,22280.47,6614.08,16157.05,19040.15,2707.75,7963.43,4847.88,5225.37,4495.36,2624.12,5081.37,5167.79,2395.85,2856.47,2297.12,4357.55,1805.26,3232.71,3948.55,2335.17,3304.04,1467.2,2300.94,4666.7,12696.82
41077.56,52482.75,57899.43,67202.4,75334.9,17840.67,29371.07,4624.09,5546.34,14191.39,8885.51,9291.47,7967.05,12629,1e+09,8933.59,9506.07,8174.47,10724.35,9448.66,9245.47,6565.52,6360.55,10632.96,21097.18,20939.99,8189.49,8034.12,5737.02,5132.09,6987.79,23093.53,24823.19,8525.13,14751.39,8719.14,9516.97,13498.17,13031.94,11819.11,10082.48,8792.25,8428.7,8211.96,7253.13,10536.69,9666.31,9124.12,10091.39,6421.97,12570.86,10424.9,15550.14,19312.3
25507.28,36912.47,42329.15,51632.12,59764.62,28232.77,47368.08,6161.72,6925.81,4328.69,18983.96,24192.63,17438.08,25004.43,8933.59,1e+09,2524.41,19288.47,21612.09,18276.65,21779.35,15489.64,6300.85,4292.97,9118.15,12397.37,14519.64,21760.89,10854.36,4905.18,14355.11,41090.54,42820.2,21004.97,32592.58,15842.43,25576.62,29276.22,28468.12,28922.26,27132.64,21613.99,22607.43,19829.85,14560.09,22438.58,24078.19,16253.79,23475.14,18169.22,26661.93,19612.76,32650.11,37309.31
26151.87,37557.06,42973.74,52276.71,60409.21,26820.95,47297.78,6921.93,9377.29,4663.85,18892.36,24008.85,17418.36,24330.91,9506.07,2524.41,1e+09,18500.11,21187.72,17781.01,21736.19,15109.41,6749.15,5215.07,9532.85,12688.45,12060.77,21741.17,8390.36,4189.64,14149.07,41020.07,42800.48,20985.25,32572.86,15707.88,25556.9,28951.19,27767.14,28902.54,27112.92,21594.27,22587.71,19810.13,14351.65,22233.48,24039.76,16068.38,23250.14,18149.5,26395,19093.47,31838.72,37289.59
58596.41,69057.97,75418.28,84721.25,92393.76,9481.84,18993.19,14500.37,16925.58,30926.95,3984.78,5933.78,4241.85,6564.03,8174.47,19288.47,18500.11,1e+09,5675.61,3916.35,6154.11,2742.22,13763.38,26049.51,38616.03,37517.59,8858.74,5873.26,9674.36,16574.61,4553.12,12715.65,14445.31,5809.11,7463.59,3422.6,4823.33,6870.99,7637.53,6100.47,4846.27,6269.87,4867.74,4364.65,4687.73,6477.11,5871.37,3834.06,6755.45,3843.85,9338.13,4333.37,9400.33,9227.38
61390.99,71867.87,78212.86,87515.83,94961.84,4195.67,24714.51,16961.73,19573.49,33579.16,1291.75,3021.01,2554.98,1590.32,10724.35,21612.09,21187.72,5675.61,1e+09,2170,1029.09,4500.62,16151.77,28844.09,41410.61,39005.7,11068.37,2893.98,12437.27,19264.11,4490.46,18441.02,20880.89,1756.53,10416.87,3299.18,4904.89,5606.19,4021.12,6838.15,5578.08,1768.82,2816.57,1590.25,2570.54,1070.26,2858.33,2743.7,1658.64,2360.67,2983.98,1647.15,6391.68,15161.89
58055.55,67854.74,74620.73,83734.86,90948.71,4945.33,27623.16,12961.63,15641.18,29643.55,1658.94,3993.79,1704.75,3053.64,9448.66,18276.65,17781.01,3916.35,2170,1e+09,2377.45,2616.33,12401.12,25508.65,37489.92,36046.7,8240.09,3891.69,8497.47,15291.05,3273.78,21344.94,23690.72,2055.26,13463.1,1576.32,6447.14,7886.29,5459.79,9711.09,8003.16,2508.83,3165.29,1917.58,2272.83,2187.23,4295.12,711.84,3103.06,1473.69,4760.23,1223.58,8923.43,18179.83
61558.25,72963.44,78380.12,87683.09,95815.59,5073.1,23886.33,17128.99,20667.41,34522.72,1640.06,2047.61,2381.45,2293.85,9245.47,21779.35,21736.19,6154.11,1029.09,2377.45,1e+09,4714.79,16711.11,29011.35,41577.87,39639.96,12287.51,3162.51,14020.46,19431.37,5099.77,17612.84,20069.32,1211.34,9605.3,4089.54,3875.42,4486.02,3492.53,5951.31,4566.2,863.7,1436.82,1418.59,3819.27,1506.24,1905.32,3627.64,1314.87,1537.73,2727.66,1800.97,5608.35,14350.32
54908.03,66313.22,71729.9,81032.87,89165.37,8442.01,24213.1,10650.25,14136.75,27988.76,3112.11,4533.75,2435.18,5757.63,6565.52,15489.64,15109.41,2742.22,4500.62,2616.33,4714.79,1e+09,10073.89,22361.13,34927.65,34049.78,7577.61,3158.77,7370.24,12781.15,1856.08,17935.56,19665.22,3882.1,9683.58,1864.42,4778.47,8610.68,6824.82,6841.46,5014.67,4416.99,3681.37,3039.3,1929.89,5459.67,5045.47,2309.11,5405.5,2056.29,7863.81,3349.71,10078.33,14154.33
36925.73,48330.92,53747.6,63050.57,71183.07,19917.88,42261.83,1426.58,2949.41,9979.65,13856.41,18972.9,12369.84,19201.37,6360.55,6300.85,6749.15,13763.38,16151.77,12401.12,16711.11,10073.89,1e+09,9135.15,16945.35,15992.16,8068.08,16692.65,4622.66,2865.66,9315.99,35984.12,37751.96,15936.73,27524.34,10671.93,20508.38,23927.81,22540.05,23854.02,22064.4,16545.75,17539.19,14761.61,9303.13,17197.53,19003.81,11032.43,18214.19,13100.98,21384.19,14070.09,26815.34,32241.07
20744.26,30969.71,36765.63,46068.6,54063.68,35028.96,54600.08,7882.18,6920.08,5653.37,26215.96,31424.63,24670.08,32166.34,10632.96,4292.97,5215.07,26049.51,28844.09,25508.65,29011.35,22361.13,9135.15,1e+09,6269.42,8528.97,16415.43,28992.89,11595.67,7324.61,21326.07,48322.54,50052.2,28236.97,39824.58,23062.25,32808.62,36508.22,35570.5,36154.26,34364.64,28845.99,29839.43,27061.85,21603.37,29670.58,31310.19,23485.79,30707.14,25401.22,33893.93,26844.76,39882.11,44541.31
16120.87,21220.81,27752.3,37055.27,44556.6,45681.09,67166.6,15739.78,16534.05,5800.46,38782.48,43991.15,37236.6,44558.03,21097.18,9118.15,9532.85,38616.03,41410.61,37489.92,41577.87,34927.65,16945.35,6269.42,1e+09,3580.1,28981.95,41559.41,23874.51,13692.95,33892.59,60889.06,62618.72,40803.49,52391.1,35628.77,45375.14,49074.74,47877.21,48720.78,46931.16,41412.51,42405.95,39628.37,34169.89,42237.1,43876.71,36052.31,43273.66,37967.74,46460.45,39411.28,52448.63,57107.83
15077.87,20588.36,26005.04,35308.01,43440.51,44093.36,65252.61,14833.19,15297.55,9195.29,37278.99,42122.78,35798.87,42296.13,20939.99,12397.37,12688.45,37517.59,39005.7,36046.7,39639.96,34049.78,15992.16,8528.97,3580.1,1e+09,26398.45,39811.55,22530.5,14128.05,33314.87,58979.63,60997.65,38695.11,50533.63,34317.39,44288.32,47442.74,45894.69,46954.91,45571.08,39367.46,41008.17,38018.84,32647.58,39793.4,42024.85,34387.66,41254.85,36767.47,43870.85,37195.07,49999.72,55278.65
48962.33,59531.61,65784.2,75087.17,83109.22,9728.71,38952.84,8498.59,7480.39,21480.76,10974.8,15154.91,8837.89,12360.79,8189.49,14519.64,12060.77,8858.74,11068.37,8240.09,12287.51,7577.61,8068.08,16415.43,28981.95,26398.45,1e+09,14044.1,2774.65,10010.31,7710.32,32693.54,35610.57,11648.66,24437.35,7140.69,18873.81,18647.87,16235.81,20472.67,20075.07,12574.33,14369.47,11944.14,7556.78,11335.72,15056.7,7531.03,14209.93,11466.41,14846.32,8037.79,19685.01,29267.24
61539.79,72944.98,78361.66,87664.63,95797.13,5017.49,20276.75,17110.53,20804.91,34653.62,2474.14,2870.17,3226.95,2485.65,8034.12,21760.89,21741.17,5873.26,2893.98,3891.69,3162.51,3158.77,16692.65,28992.89,41559.41,39811.55,14044.1,1e+09,14002,19412.91,3692.98,14007.99,16632.65,3002.82,6448.75,3296.86,4372.16,4456.91,3026.18,4044.03,3752.64,2483.66,3476.71,3197.96,4573.91,2890.88,3473.88,3781.98,3045.42,3441.16,1312.59,4226.81,4541.86,10705.54
43854.89,55260.08,60676.76,69979.73,78112.23,13995.87,39290.26,3788.44,3799.42,16968.72,10820.94,15660.89,9679.19,14378.73,5737.02,10854.36,8390.36,9674.36,12437.27,8497.47,14020.46,7370.24,4622.66,11595.67,23874.51,22530.5,2774.65,14002,1e+09,5557.34,6335.18,33012.04,35061.31,13246.08,24833.69,7837.65,17817.73,20394.57,17811.35,21163.37,19373.75,13855.1,14768.09,12070.96,6612.48,14053.93,16319.3,7715.53,15110.22,10410.33,17896.07,9954.07,21823.02,29550.42
33008.52,43329.19,49830.39,59133.36,66423.16,23324.84,45020.1,1970.69,3691.15,6558.84,16635.98,21844.65,15090.1,22280.47,5132.09,4905.18,4189.64,16574.61,19264.11,15291.05,19431.37,12781.15,2865.66,7324.61,13692.95,14128.05,10010.31,19412.91,5557.34,1e+09,11884.07,38742.56,40472.22,18656.99,30244.6,13482.27,23228.64,26928.24,25599.65,26574.28,24784.66,19266.01,20259.45,17481.87,12023.39,20090.6,21730.21,13905.81,21127.16,15821.24,24313.95,17264.78,30233.4,34961.33
53872.97,65278.16,70694.84,79997.81,88130.31,9562.79,25564,9704.75,13138.09,26986.8,2624.98,5607.32,2999.79,6614.08,6987.79,14355.11,14149.07,4553.12,4490.46,3273.78,5099.77,1856.08,9315.99,21326.07,33892.59,33314.87,7710.32,3692.98,6335.18,11884.07,1e+09,19286.29,21211.78,5811.66,10984.16,1319.16,5648.83,7772.26,7583.5,7198.86,6314.25,5281.58,5333.13,3942.12,2416.18,6844.15,5473.36,2600.2,5433.03,2955.73,7153.31,4499.94,10458.19,15700.89
80869.44,92274.63,97691.31,106994.28,115126.78,12948.26,3694.14,36440.18,40017.55,53869.56,18829.03,14456.8,20194.07,16157.05,23093.53,41090.54,41020.07,12715.65,18441.02,21344.94,17612.84,17935.56,35984.12,48322.54,60889.06,58979.63,32693.54,14007.99,33012.04,38742.56,19286.29,1e+09,1721.48,19525.5,4402.92,20281.07,8804.98,8967.36,12873.74,9660.78,9700.61,18426.39,14799.64,18680.1,23156.81,19235.8,13451.01,22222.75,16359.84,18174.97,14158.79,21054.5,8877.58,2551.15
82599.1,94004.29,99420.97,108723.94,116856.44,15831.36,2313.98,38169.84,41864.22,55712.93,20762.55,16518.32,22167.82,19040.15,24823.19,42820.2,42800.48,14445.31,20880.89,23690.72,20069.32,19665.22,37751.96,50052.2,62618.72,60997.65,35610.57,16632.65,35061.31,40472.22,21211.78,1721.48,1e+09,21954.18,6210.73,22010.73,10823,10888.79,15541.82,12279.41,12085.01,21028.51,16529.3,20635.05,25484.75,22118.9,15469.03,24204.71,18663.19,20249.38,16966.48,23588.02,11643.8,3430.12
60783.87,72189.06,77605.74,86908.71,95041.21,5135.26,25799.72,16354.61,20048.99,33897.7,3067.65,2092.29,2246.62,2707.75,8525.13,21004.97,20985.25,5809.11,1756.53,2055.26,1211.34,3882.1,15936.73,28236.97,40803.49,38695.11,11648.66,3002.82,13246.08,18656.99,5811.66,19525.5,21954.18,1e+09,11596.88,4567.81,4710.6,5907.03,3480.46,7731.83,6266.62,533.15,1457.68,941.849999999999,3182.21,1103.55,2315.86,2661.15,1769.89,1190.38,2731.72,1813.12,6944.17,16341.9
72371.48,83776.67,89193.35,98496.32,106628.82,7470.42,9432.4,27942.22,31636.6,45485.31,10534.93,6251.16,11940.2,7963.43,14751.39,32592.58,32572.86,7463.59,10416.87,13463.1,9605.3,9683.58,27524.34,39824.58,52391.1,50533.63,24437.35,6448.75,24833.69,30244.6,10984.16,4402.92,6210.73,11596.88,1e+09,11783.11,2872.03,3704.89,5600.64,3689.41,3656.52,10665.25,6551,10407.43,15020.73,10945.68,5640.81,13977.09,8199.17,10021.76,6224.17,13360.4,3049.09,2589.41
55609.15,67014.34,72431.02,81733.99,89866.49,6528.6,26558.61,11179.89,14705.36,28557.37,1313.26,5261.99,2066.04,4847.88,8719.14,15842.43,15707.88,3422.6,3299.18,1576.32,4089.54,1864.42,10671.93,23062.25,35628.77,34317.39,7140.69,3296.86,7837.65,13482.27,1319.16,20281.07,22010.73,4567.81,11783.11,1e+09,5609.46,8624.53,6967.51,8112.79,6660.45,4475.86,4622.49,2841.88,1875.72,5036.7,5174.1,1256.93,4516.8,1830.85,7562.26,2279.17,10177.35,16499.84
65355.52,76760.71,82177.39,91480.36,99612.86,9088.19,15077.96,20926.26,24620.64,38469.35,4316.47,2363.29,5183.2,5225.37,9516.97,25576.62,25556.9,4823.33,4904.89,6447.14,3875.42,4778.47,20508.38,32808.62,45375.14,44288.32,18873.81,4372.16,17817.73,23228.64,5648.83,8804.98,10823,4710.6,2872.03,5609.46,1e+09,2924.6,3386.11,2658.54,2389.57,4341.77,1569.07,3671.82,8413.85,5728.31,2834.4,6961.13,3372.16,3579.27,4985.46,6344.44,4189.27,5584.76
69055.12,80094.1,85876.99,95179.96,103188.07,7739.5,15245.58,24625.86,27665.5,41671.17,6548.29,3439.06,7734.55,4495.36,13498.17,29276.22,28951.19,6870.99,5606.19,7886.29,4486.02,8610.68,23927.81,36508.22,49074.74,47442.74,18647.87,4456.91,20394.57,26928.24,7772.26,8967.36,10888.79,5907.03,3704.89,8624.53,2924.6,1e+09,3226.92,2103.72,2404.45,4720.15,3584.28,6092.19,10078.14,5178.17,3132.08,9491.74,3701.91,5703.57,3346.67,7220.37,2423.79,5417.18
68247.02,77194.96,85068.89,94235.55,100530.75,5531.26,19147.23,23280.75,25062.57,39063.94,5131.72,1439.75,5491.02,2624.12,13031.94,28468.12,27767.14,7637.53,4021.12,5459.79,3492.53,6824.82,22540.05,35570.5,47877.21,45894.69,16235.81,3026.18,17811.35,25599.65,7583.5,12873.74,15541.82,3480.46,5600.64,6967.51,3386.11,3226.92,1e+09,3172.11,2920.12,3366.98,2301.33,3949.65,7809.5,3866.46,2429.42,6701.42,2473.15,4010.73,2143.05,4847.35,2409.16,9822.82
68701.16,80106.35,85523.03,94826,102958.5,6891.41,15872.43,24271.9,27966.28,41814.99,6706.6,3379.31,8269.88,5081.37,11819.11,28922.26,28902.54,6100.47,6838.15,9711.09,5951.31,6841.46,23854.02,36154.26,48720.78,46954.91,20472.67,4044.03,21163.37,26574.28,7198.86,9660.78,12279.41,7731.83,3689.41,8112.79,2658.54,2103.72,3172.11,1e+09,1191.17,6327.47,3712.22,6737.11,11332.56,6951.69,2976.15,10306.77,4566.26,6351.44,3827.73,9045.17,2130.25,6223.03
66911.54,78316.73,83733.41,93036.38,101168.88,7578.65,15978.83,22482.28,26176.66,40025.37,5379.11,2075.56,6480.26,5167.79,10082.48,27132.64,27112.92,4846.27,5578.08,8003.16,4566.2,5014.67,22064.4,34364.64,46931.16,45571.08,20075.07,3752.64,19373.75,24784.66,6314.25,9700.61,12085.01,6266.62,3656.52,6660.45,2389.57,2404.45,2920.12,1191.17,1e+09,5340.95,1924.63,5003.79,9844.4,6566.49,1699.71,8517.15,3479.65,4764.68,3725.62,7900.46,2037.21,6574.12
61392.89,72798.08,78214.76,87517.73,95650.23,4564.26,24704.61,16963.63,20658.01,34506.72,2392.3,1956.41,2122.25,2395.85,8792.25,21613.99,21594.27,6269.87,1768.82,2508.83,863.7,4416.99,16545.75,28845.99,41412.51,39367.46,12574.33,2483.66,13855.1,19266.01,5281.58,18426.39,21028.51,533.15,10665.25,4475.86,4341.77,4720.15,3366.98,6327.47,5340.95,1e+09,1506.14,1414.3,3854.56,1310.87,1738.75,3041.2,1329.21,1498.8,2376.62,2162.53,5971.72,15466.85
62386.33,73791.52,79208.2,88511.17,96643.67,6791.6,21077.18,17957.07,21594.23,35446.24,2706.94,938.74,2756.81,2856.47,8428.7,22607.43,22587.71,4867.74,2816.57,3165.29,1436.82,3681.37,17539.19,29839.43,42405.95,41008.17,14369.47,3476.71,14768.09,20259.45,5333.13,14799.64,16529.3,1457.68,6551,4622.49,1569.07,3584.28,2301.33,3712.22,1924.63,1506.14,1e+09,1367.89,4911.22,2343.09,1425.47,4043.1,1356.72,1469.41,3120.41,2995.97,4331.17,11018.41
59608.75,71013.94,76430.62,85733.59,93866.09,6235.73,24958.32,15179.49,18873.87,32722.58,1175.48,2349.35,1675.66,2297.12,8211.96,19829.85,19810.13,4364.65,1590.25,1917.58,1418.59,3039.3,14761.61,27061.85,39628.37,38018.84,11944.14,3197.96,12070.96,17481.87,3942.12,18680.1,20635.05,941.849999999999,10407.43,2841.88,3671.82,6092.19,3949.65,6737.11,5003.79,1414.3,1367.89,1e+09,2366.23,1808.7,2859.93,2385.93,1638.07,1113.79,4082.4,1569.15,7096.47,15124.16
54150.27,65555.46,70972.14,80275.11,88407.61,6024.75,29430.3,9771.99,13415.39,27264.1,2347.57,5779.38,2010.32,4357.55,7253.13,14560.09,14351.65,4687.73,2570.54,2272.83,3819.27,1929.89,9303.13,21603.37,34169.89,32647.58,7556.78,4573.91,6612.48,12023.39,2416.18,23156.81,25484.75,3182.21,15020.73,1875.72,8413.85,10078.14,7809.5,11332.56,9844.4,3854.56,4911.22,2366.23,1e+09,3632.38,6246.55,1802.38,5077.6,2634.36,7256.52,2124.54,11506.59,19765.75
62217.48,73578.84,79039.35,88342.32,96474.82,3937.04,25476.16,17788.22,21165.76,35024.37,2833.69,2667.07,3177.25,1805.26,10536.69,22438.58,22233.48,6477.11,1070.26,2187.23,1506.24,5459.67,17197.53,29670.58,42237.1,39793.4,11335.72,2890.88,14053.93,20090.6,6844.15,19235.8,22118.9,1103.55,10945.68,5036.7,5728.31,5178.17,3866.46,6951.69,6566.49,1310.87,2343.09,1808.7,3632.38,1e+09,2605.44,3743.46,1551.52,2049.2,2151.32,1538.94,6164.03,15775.57
63857.09,75262.28,80678.96,89981.93,98114.43,6189.77,19723.99,19427.83,23037.24,36889.25,3334.56,871.82,3871.27,3232.71,9666.31,24078.19,24039.76,5871.37,2858.33,4295.12,1905.32,5045.47,19003.81,31310.19,43876.71,42024.85,15056.7,3473.88,16319.3,21730.21,5473.36,13451.01,15469.03,2315.86,5640.81,5174.1,2834.4,3132.08,2429.42,2976.15,1699.71,1738.75,1425.47,2859.93,6246.55,2605.44,1e+09,5462.7,1596.37,2464.1,2880.79,3706.62,4064.61,9750.03
56032.69,67072.8,72854.56,82157.53,90166.77,5227.32,28500.97,11603.43,14859.24,28861.61,1759.94,4871.6,1313.51,3948.55,9124.12,16253.79,16068.38,3834.06,2743.7,711.84,3627.64,2309.11,11032.43,23485.79,36052.31,34387.66,7531.03,3781.98,7715.53,13905.81,2600.2,22222.75,24204.71,2661.15,13977.09,1256.93,6961.13,9491.74,6701.42,10306.77,8517.15,3041.2,4043.1,2385.93,1802.38,3743.46,5462.7,1e+09,4289.75,1118.7,6729.5,1492.93,10528.88,18693.82
63254.04,74639.26,80075.91,89378.88,97511.38,5152.27,22633.33,18824.78,22247.62,36099.63,2453.36,1346.69,3004.96,2335.17,10091.39,23475.14,23250.14,6755.45,1658.64,3103.06,1314.87,5405.5,18214.19,30707.14,43273.66,41254.85,14209.93,3045.42,15110.22,21127.16,5433.03,16359.84,18663.19,1769.89,8199.17,4516.8,3372.16,3701.91,2473.15,4566.26,3479.65,1329.21,1356.72,1638.07,5077.6,1551.52,1596.37,4289.75,1e+09,1634.44,2303.74,2714.71,4498.67,12944.19
57948.12,69353.31,74769.99,84072.96,92205.46,6984.97,24453.19,13518.86,17213.24,31061.95,1660.05,2066.96,1539.2,3304.04,6421.97,18169.22,18149.5,3843.85,2360.67,1473.69,1537.73,2056.29,13100.98,25401.22,37967.74,36767.47,11466.41,3441.16,10410.33,15821.24,2955.73,18174.97,20249.38,1190.38,10021.76,1830.85,3579.27,5703.57,4010.73,6351.44,4764.68,1498.8,1469.41,1113.79,2634.36,2049.2,2464.1,1118.7,1634.44,1e+09,3942.91,2059.15,6989.24,14738.49
66440.83,77846.02,83262.7,92565.67,100698.17,4140.83,20422.82,22011.57,25259.96,39118.57,5296.27,2366.73,5630.81,1467.2,12570.86,26661.93,26395,9338.13,2983.98,4760.23,2727.66,7863.81,21384.19,33893.93,46460.45,43870.85,14846.32,1312.59,17896.07,24313.95,7153.31,14158.79,16966.48,2731.72,6224.17,7562.26,4985.46,3346.67,2143.05,3827.73,3725.62,2376.62,3120.41,4082.4,7256.52,2151.32,2880.79,6729.5,2303.74,3942.91,1e+09,4007.65,3384.96,10831.26
59391.66,69679.78,76213.53,85516.5,93015.57,4225.44,27332.72,14962.4,17417.31,31421.98,1952.38,3772.31,2108.34,2300.94,10424.9,19612.76,19093.47,4333.37,1647.15,1223.58,1800.97,3349.71,14070.09,26844.76,39411.28,37195.07,8037.79,4226.81,9954.07,17264.78,4499.94,21054.5,23588.02,1813.12,13360.4,2279.17,6344.44,7220.37,4847.35,9045.17,7900.46,2162.53,2995.97,1569.15,2124.54,1538.94,3706.62,1492.93,2714.71,2059.15,4007.65,1e+09,8257.51,18077.13
72429.01,81369.4,89250.88,98553.85,104947.01,6868.34,15104.76,27923.28,29318.18,43318.55,7592.84,3639.04,9050.73,4666.7,15550.14,32650.11,31838.72,9400.33,6391.68,8923.43,5608.35,10078.33,26815.34,39882.11,52448.63,49999.72,19685.01,4541.86,21823.02,30233.4,10458.19,8877.58,11643.8,6944.17,3049.09,10177.35,4189.27,2423.79,2409.16,2130.25,2037.21,5971.72,4331.17,7096.47,11506.59,6164.03,4064.61,10528.88,4498.67,6989.24,3384.96,8257.51,1e+09,5750.2
77088.21,88493.4,93910.08,103213.05,111345.55,9561.25,6377.69,32658.95,36353.33,50202.04,15251.66,10799.32,16656.93,12696.82,19312.3,37309.31,37289.59,9227.38,15161.89,18179.83,14350.32,14154.33,32241.07,44541.31,57107.83,55278.65,29267.24,10705.54,29550.42,34961.33,15700.89,2551.15,3430.12,16341.9,2589.41,16499.84,5584.76,5417.18,9822.82,6223.03,6574.12,15466.85,11018.41,15124.16,19765.75,15775.57,9750.03,18693.82,12944.19,14738.49,10831.26,18077.13,5750.2,1e+09
