1e+09,1936.79795440825,1181.46829013732,1291.50367812097,1139.47484974439,2445.75011699887,1800.12916608781,1069.50475894219,1237.04748530523,1138.42215834022,969.687988427205,684.141466218793,1486.28253508544,1286.62186682801,1629.20913098963,1367.53534769672,1405.95013691809,2027.93349067468,771.948628666442,1670.14891620478,1467.80885124733,1118.47404855902,797.463510011586,1576.53338832389,1713.92083183559,1901.61294245175,1873.0961394173,1117.56150327398,1313.34353434279,1690.70679696392,1916.3906914823,1887.63574568824,1505.45049008594,1198.29012367623,1658.22059120613,1962.11212972144,1161.97277674651,993.023333965522,1528.69836037068,1191.97680828949,1336.26892813535,2186.56857367886,1307.37215722991,1930.26356392074,1647.08631762273,2192.58559673277,2301.63876961612,1640.64916502584,2182.87515724102,2394.07791970103,1939.80627888457,1515.66082772499,1704.2175793601,1653.78683054981
1936.79795440825,1e+09,848.944456958168,877.276616923078,1373.30948478484,1127.42828268586,1849.77236231921,1325.19559092234,1598.7253674412,1052.9831692862,1359.60291699452,2167.65816507124,2384.63386361513,1799.08729443571,1315.23790026748,1288.19897306278,801.412840239037,1523.67409907762,1824.43138558292,1498.52516018251,1423.19394862401,2352.9657525557,2039.59394032244,1088.54373972753,929.692026103269,439.49328083601,441.320627775317,911.377250209813,1118.53941781235,1005.24908211846,1888.21583093671,1837.16122335521,2124.51276011701,1803.18779340922,1224.69556016996,2033.03260972371,1487.19111821581,1686.55822294992,1738.63445025112,1841.13544398559,1786.58981596224,2346.95304362912,1606.01415152545,2404.91055970903,2260.49275502046,2175.66415638995,1940.26152129036,2317.90628436527,2041.55296485298,1565.0563490175,2240.33926944113,2150.35624595089,1948.46118354973,2090.81931780343
1181.46829013732,848.944456958168,1e+09,720.466008636077,694.098995388986,1495.58312112701,1750.79436034047,907.688786864749,970.303536477117,554.103262217432,669.867051660253,1494.1201683265,1812.78315523396,1522.62329674808,1298.70884092625,1043.33215295993,793.988674919234,1281.77888475353,1082.90318602357,1485.42206106547,1044.03890981132,1651.74306025483,1340.69132234083,1140.62621559387,1152.26882774811,944.159167460657,950.822416595233,443.850849497892,950.823468052824,843.88806692594,1578.5864427392,1469.71768976222,1699.40609505203,1191.8923661556,1203.56382186405,2016.1552703103,999.471010034808,1226.31314002583,1487.99251631183,1466.84224526702,1454.50198889517,2061.0909038662,1191.72215364992,2044.21227806703,1786.54364892101,2060.00480931477,2015.33759836907,1870.75930373204,1903.04318697711,1830.68539323391,1983.48866036587,1842.42299993785,1712.36997485941,1790.0094226847
1291.50367812097,877.276616923078,720.466008636077,1e+09,1076.21554504662,1393.3502632863,1264.47459753053,962.9718945016,1272.22944561899,805.397008561616,982.612684174186,1509.17704892435,2196.51291029668,1018.03622597627,1154.37927549831,925.451910365958,479.50796979821,1772.86687779991,1471.85761590583,1283.86868686015,1386.22694440701,1907.66245816706,1580.51853383629,727.175490442301,704.150271319979,867.041465848088,841.533020326595,613.034422687666,834.740750892156,1283.75303127198,1796.06080348077,1887.48958624942,1889.06039842563,1449.03275183827,1097.67057631149,1431.00204926478,880.9975707685,1019.74174691438,1463.02357308418,1296.34628186299,1294.70386556154,2141.37936695019,1201.28659590457,2223.05752417701,1996.2918820403,1893.29060996985,1831.88883773006,1903.34042890388,1840.93017567207,1675.63181051208,1917.3575951293,1607.49392885323,1600.43312450099,1624.53297839718
1139.47484974439,1373.30948478484,694.098995388986,1076.21554504662,1e+09,1576.50103939071,1675.76796573989,1429.2316484741,1107.38581194632,1006.93189074535,906.581077289836,1603.50191724238,2028.94037194295,1734.54578774963,1878.97228827357,1401.43420509134,1205.99793660686,1667.70054859978,1301.81854361505,2055.18671159094,1551.42234681598,1820.81469845232,1351.94875975386,1636.74158378774,1638.9780224884,1490.02534800587,1571.88195342398,1053.9011598817,1547.03269868481,1419.99209663294,2004.09415467438,1873.90354084729,2144.88053655676,1335.03153464628,1824.85620230746,2389.30148235839,1080.53070382104,1508.75721989987,2003.81491465654,1893.65971607889,1911.46960873041,2413.57586311266,1616.17580191636,2475.36181278616,2156.95735657894,2346.30128052644,2499.34865046876,2161.30698252238,2327.30058628016,2472.10292237196,2394.09565999356,2232.38111905203,2227.31496070942,2163.31777483106
2445.75011699887,1127.42828268586,1495.58312112701,1393.3502632863,1576.50103939071,1e+09,2011.32270215398,2206.42323442263,1983.4439775552,1856.36213444468,1789.26575591777,2661.85996337148,3157.84623465108,2146.20985008456,2147.07199974756,1699.26437825313,1558.70753340709,2202.99266748666,2489.50619595533,2443.82393439053,2123.90825842361,2992.3265937561,2503.92862881513,1898.07569029794,1743.65262325958,1209.57341608519,1419.22196625475,1719.98849705456,2026.6415283419,1973.69087085592,2390.60812321886,2380.97396138639,2960.50906610671,2414.7233785467,2161.8961871237,2509.6767443637,1634.1857069195,2156.72073301112,2489.62782547914,2584.44503371614,2490.90510688384,2679.88476763461,2221.64783597671,3113.85506942761,2873.76672534498,2313.76247471516,2404.09145820204,2745.21783352433,2389.22092634817,2284.10835355944,2724.24834543402,2764.79930720116,2698.29709035162,2554.16361122384
1800.12916608781,1849.77236231921,1750.79436034047,1264.47459753053,1675.76796573989,2011.32270215398,1e+09,1897.05789041874,2218.84273834357,1660.79843936584,2048.9627525409,2209.9779765871,2924.66200383908,1569.63669764694,2162.55656862428,1985.92358412906,1243.46542778639,2754.63122286814,2359.74183772293,2060.03841325836,2571.10615447904,2684.15165896043,2286.07918047473,1468.530201494,1369.84244020982,1935.85281452387,1919.82073196952,1735.04469711878,1860.03862760965,2256.52360752109,2988.33882657238,3099.08336293169,2838.90694727742,2107.07935714344,2087.03031772421,1874.97430105055,1810.99088874019,1925.4987974029,2503.68450967769,2119.45559639734,2229.70723672414,3289.06868383742,2253.13602015058,3267.99372995115,3077.61101094664,2834.42642670435,2830.5938520035,2916.98036985167,2974.60149742785,2777.73616605321,2970.71964230891,2413.0701193086,2576.9698069244,2603.7036757473
1069.50475894219,1325.19559092234,907.688786864749,962.9718945016,1429.2316484741,2206.42323442263,1897.05789041874,1e+09,1153.74943159249,616.57118859058,991.108080635003,1163.21309518076,1618.00027184794,1302.04234739121,960.694765417195,1201.97918243204,972.917719182871,1445.97717727494,931.810657751885,891.584106127964,1038.33882726208,1227.86195018007,1398.73972446628,810.605879388991,1011.6787202467,1315.77698190081,1126.49606128916,508.785669412966,461.501499672536,937.280580776109,1452.51102185147,1534.72610448901,1174.1143206264,1036.31582690799,623.363393615634,1529.36357423603,1259.54793060844,958.565640527554,1023.72308902359,715.926938381285,776.207729090609,1929.0184096063,790.700716516686,1658.40201730461,1455.69001291484,2097.74024659871,1862.62507300852,1610.52385437161,1719.41277054115,1520.4585610269,1658.61270470234,1269.85614362415,1012.51702316554,1427.41090443502
1237.04748530523,1598.7253674412,970.303536477117,1272.22944561899,1107.38581194632,1983.4439775552,2218.84273834357,1153.74943159249,1e+09,998.221179649079,720.977373431372,1270.96787791824,2121.84730869118,1689.36466622811,1790.83527779637,1469.21604956521,1574.15167337839,1150.98316621052,1090.05760398247,1970.46617144269,1256.94680742663,1138.22203861988,1555.65867024229,1534.36238040432,1718.07063466553,1676.61481402259,1624.56698667676,989.129278153265,1411.74358362275,1268.43103312715,1130.61991893828,1313.90461293809,1830.40218711626,786.790563364864,1412.87313110555,2090.85636070487,870.449662071277,1209.90153950642,1686.81455913209,1463.35025718384,1341.29928837676,1698.54743569322,818.446517739553,2075.13472432515,1561.60186212748,2207.56007019062,2335.54698392047,1606.52333496903,1547.39960947391,2028.41996231057,1881.3772571975,1861.02740415073,1535.74426207621,1661.6099622956
1138.42215834022,1052.9831692862,554.103262217432,805.397008561616,1006.93189074535,1856.36213444468,1660.79843936584,616.57118859058,998.221179649079,1e+09,967.92434306613,1470.74178114311,1865.7431689544,1546.0715213728,1351.74843758001,1360.72928931511,796.175145115696,1196.22453452519,1118.7197587868,1332.45249239889,1268.4824434733,1471.68315662713,1547.4794794116,858.251255460777,965.521409291374,1222.44696608892,1076.77475374379,438.403708241616,843.977832765767,700.114457571046,1663.17422232309,1690.87378529564,1678.81689427406,843.108472914369,933.753258575305,1851.99564540525,1216.41519486563,1274.91202951419,1533.08061262283,1276.11864969524,1296.46522996184,2237.12233228315,1078.42797371915,2135.67276074777,1870.86500883949,2371.05022287593,2226.27931450661,2003.94154622833,1998.26051707479,1846.1037636601,2107.43712152937,1802.10234945188,1536.78376006516,1866.45978598522
969.687988427205,1359.60291699452,669.867051660253,982.612684174186,906.581077289836,1789.26575591777,2048.9627525409,991.108080635003,720.977373431372,967.92434306613,1e+09,1021.00587388124,1693.45529394785,1318.22073299581,1314.53991928735,832.354039997404,1244.98890139631,1489.09958024976,781.235783102643,1614.89211856396,806.919337666411,1300.8382362154,992.119136041635,1432.19543617483,1537.22330827372,1283.21948652598,1320.01027117216,714.392735475383,1077.94600490934,1270.49070024145,1201.78533944295,1135.04392888557,1453.07493358051,1229.38637571758,1356.61457879532,1938.58729669314,627.195333528558,830.835624597308,1240.30600655645,1256.58129971761,1199.99242072606,1536.95035381759,902.780993707776,1671.94253367154,1294.05948155407,1667.18568968786,1809.40039170439,1286.87862108281,1508.82385565711,1813.41720271426,1517.80696779927,1504.6920224418,1476.28590418658,1327.20797563909
684.141466218793,2167.65816507124,1494.1201683265,1509.17704892435,1603.50191724238,2661.85996337148,2209.9779765871,1163.21309518076,1270.96787791824,1470.74178114311,1021.00587388124,1e+09,1602.97105423024,1149.07120493031,1554.39668138477,1308.8873888154,1728.97772313584,2164.96640500494,842.818488109985,1672.69951297297,1361.08217819498,918.434140208213,913.446822316439,1717.13258902742,1914.63934619552,2040.19689449327,1998.66970825597,1308.71313594691,1358.21112497284,1921.37538307849,1592.14233220526,1686.05884321989,1268.67330132702,1414.83648726628,1639.65761325345,1758.47762624379,1123.23111953863,695.259357362416,1238.48007985595,911.208472908368,995.322505171063,1691.1186537319,1060.07985279412,1545.47184251283,1188.75031234486,1851.34880057757,2016.48989940441,1067.51791980275,1750.12166968471,2170.3786580226,1420.13194675706,1060.96644654767,1327.1141686381,1130.07496136318
1486.28253508544,2384.63386361513,1812.78315523396,2196.51291029668,2028.94037194295,3157.84623465108,2924.66200383908,1618.00027184794,2121.84730869118,1865.7431689544,1693.45529394785,1602.97105423024,1e+09,2266.29056281405,1750.11869808879,1848.44065717566,2079.43720342789,2323.64248198814,1054.76524610929,1818.62420928569,1432.43505419967,1650.65538705085,1089.27030047642,2327.64649261867,2397.61223459925,2264.9873072492,2244.78268333485,1755.85779347304,1724.14934408247,1916.01328748002,2213.13823117762,1801.96469618581,1018.93677006966,2092.77051102122,2106.23976275257,2821.05704088024,2225.99940314457,1867.22372941755,1555.08700589388,1777.08586022173,1931.82810135892,2413.114697129,2026.09920946631,1402.30220633785,1553.19750424729,2463.00619562761,2318.74338293396,1920.15771602231,2646.33773751575,2552.88983136758,2095.61020962869,1924.50140618291,2102.49408615102,2100.40267667893
1286.62186682801,1799.08729443571,1522.62329674808,1018.03622597627,1734.54578774963,2146.20985008456,1569.63669764694,1302.04234739121,1689.36466622811,1546.0715213728,1318.22073299581,1149.07120493031,2266.29056281405,1e+09,1237.82547812686,985.371477261241,1283.82939766154,2495.38588863526,1624.50029150505,1367.76007102854,1655.956143441,1898.04244291322,1507.06380302892,1255.87032463547,1350.22069322019,1592.51291671371,1578.15984256982,1280.72624498759,1166.43348065803,2061.39328870063,1955.45822844672,2152.00867191561,1785.76064440339,1894.03628310019,1492.79586491255,939.354669121307,1028.57991595209,641.803337791258,1292.59442324342,1017.86187741756,1076.54039928839,1963.71511543808,1309.01906017445,2017.74557325744,1831.71677251151,1509.38533164994,1594.82217315913,1506.36038407149,1748.20170629707,1823.433702661,1508.55355761736,979.039441238196,1437.01463924346,1115.54295582913
1629.20913098963,1315.23790026748,1298.70884092625,1154.37927549831,1878.97228827357,2147.07199974756,2162.55656862428,960.694765417195,1790.83527779637,1351.74843758001,1314.53991928735,1554.39668138477,1750.11869808879,1237.82547812686,1e+09,847.1827347745,1107.90652827754,2032.40024982778,1427.99211160286,562.488325034396,988.711795165811,1935.59025147369,1549.57397677555,1122.31846451887,1140.04886110201,1019.5396226729,924.658489605758,982.423271151493,547.070689308064,1440.52325979139,1631.24537366394,1600.8515133828,1134.77708982866,1956.45576924192,955.892102907018,1455.67975691771,1511.67959971682,1079.81945504793,600.736902062792,993.071862354382,1021.37116270237,1793.82923086341,1278.24409851953,1388.77140152726,1473.25972761085,1504.68652864974,1015.95863601822,1518.19293866096,1631.65011384181,1037.41876824164,1293.78198893786,1053.99189361209,1163.36216626638,1195.93224498715
1367.53534769672,1288.19897306278,1043.33215295993,925.451910365958,1401.43420509134,1699.26437825313,1985.92358412906,1201.97918243204,1469.21604956521,1360.72928931511,832.354039997404,1308.8873888154,1848.44065717566,985.371477261241,847.1827347745,1e+09,1123.76406914441,2055.42431303125,1291.58238486749,1304.62177963577,926.783668500908,1888.8669039665,1171.17834756283,1382.00592296126,1386.36125017976,970.044000393797,1089.55907692057,946.690806546678,951.731527795523,1617.54037220095,1527.81858785656,1455.07133880095,1455.72255423209,1894.30942432856,1393.01592456799,1632.8036106648,910.792652967732,784.603683269458,950.992554439834,1249.54883550024,1224.38862984757,1567.29842525283,1245.9178556791,1572.24075904424,1445.48193081062,1065.6796174273,1120.58074604198,1278.25240398757,1503.77710572412,1484.45555224803,1247.7255861767,1218.77821555031,1495.58661902278,1085.60197084383
1405.95013691809,801.412840239037,793.988674919234,479.50796979821,1205.99793660686,1558.70753340709,1243.46542778639,972.917719182871,1574.15167337839,796.175145115696,1244.98890139631,1728.97772313584,2079.43720342789,1283.82939766154,1107.90652827754,1123.76406914441,1e+09,1837.99866036404,1550.76972532997,1116.45778299047,1479.88214946326,2071.09058783048,1658.50816974171,711.148520915287,550.590206142462,839.826501010775,772.28155358004,695.252503986861,795.99702643917,1189.51822962072,2060.83619511595,2053.22696424433,1879.66186145275,1588.97348291279,1117.38274651079,1622.82058500008,1314.6130247339,1313.67567256915,1534.63119442425,1421.52982684149,1486.25171609657,2443.2695657868,1478.66878806581,2288.6031078149,2168.86532652445,2135.98780481069,1931.98519008299,2169.65472400564,2171.43602443176,1760.86666335075,2144.02360059305,1765.96417268301,1767.75830799915,1891.69764201365
2027.93349067468,1523.67409907762,1281.77888475353,1772.86687779991,1667.70054859978,2202.99266748666,2754.63122286814,1445.97717727494,1150.98316621052,1196.22453452519,1489.09958024976,2164.96640500494,2323.64248198814,2495.38588863526,2032.40024982778,2055.42431303125,1837.99866036404,1e+09,1611.96829308147,2123.86022042412,1486.96610633868,1727.22091624088,2243.05629505815,1756.87370636025,1878.12076464747,1754.38880870234,1617.79724332192,1321.30271421806,1661.29868614888,783.702618535883,1425.07289097786,1428.78685737237,2086.36126485803,1184.9377205153,1446.80976693552,2666.04204209161,1837.60078099134,2039.46091671304,2061.45207409729,2006.34682153909,1883.91266228029,2218.4328056085,1433.52908024218,2368.21333595603,2015.38452938887,2843.61016656644,2692.73135938214,2322.98546872338,2017.93788712636,2033.28739527889,2439.10339210949,2490.18499407173,1897.64450501141,2350.70617017525
771.948628666442,1824.43138558292,1082.90318602357,1471.85761590583,1301.81854361505,2489.50619595533,2359.74183772293,931.810657751885,1090.05760398247,1118.7197587868,781.235783102643,842.818488109985,1054.76524610929,1624.50029150505,1427.99211160286,1291.58238486749,1550.76972532997,1611.96829308147,1e+09,1570.5612569397,896.411335213918,855.454430580613,753.099933010221,1679.6911914992,1827.66659801508,1763.1458578348,1721.15837812794,1006.78066712666,1183.96023552314,1349.74187873089,1424.57510146008,1234.27618631326,993.307298674484,1189.44983517591,1475.49110529342,2188.73542350372,1298.93292105482,1088.65780661326,1197.42231025649,1160.15232715364,1221.66817090403,1774.24589927665,1103.78453866685,1381.81253457189,1091.93168907217,2054.33895847302,2063.54561701456,1339.74507612456,1879.12830759371,2076.70970626614,1631.08144533006,1476.66192264851,1462.23343960532,1497.4581037211
1670.14891620478,1498.52516018251,1485.42206106547,1283.86868686015,2055.18671159094,2443.82393439053,2060.03841325836,891.584106127964,1970.46617144269,1332.45249239889,1614.89211856396,1672.69951297297,1818.62420928569,1367.76007102854,562.488325034396,1304.62177963577,1116.45778299047,2123.86022042412,1570.5612569397,1e+09,1373.15459941698,1959.04341447554,1776.15236246781,966.000297308443,1011.61661883344,1327.68698366746,1130.80194393183,1108.53492714483,581.196030354647,1466.46275445372,1940.44056685589,1974.25643590188,1247.1918166024,1911.40894447002,861.009756623001,1375.33626051959,1795.58526347261,1303.96490332371,923.10450919709,943.183400511269,1068.08680677181,2201.57083108857,1418.96209575873,1666.7190030416,1766.16749788914,2008.0023481809,1487.86650553738,1866.54834863713,1977.2236813775,1279.40560796801,1673.18918377451,1179.24974454099,1195.05503768655,1515.07031137172
1467.80885124733,1423.19394862401,1044.03890981132,1386.22694440701,1551.42234681598,2123.90825842361,2571.10615447904,1038.33882726208,1256.94680742663,1268.4824434733,806.919337666411,1361.08217819498,1432.43505419967,1655.956143441,988.711795165811,926.783668500908,1479.88214946326,1486.96610633868,896.411335213918,1373.15459941698,1e+09,1474.61289289766,1220.21007756861,1589.04967156474,1677.02557595285,1240.35104099606,1233.28586876685,931.748663428073,985.221054586228,1189.59175463686,995.937658390323,674.819666725859,972.929820028146,1633.12908145682,1238.40690239517,2090.62870950344,1300.46610655565,1136.15292923092,820.266118159223,1259.38117760271,1181.76092180271,1309.46875640467,1049.62381046735,1088.395351699,912.656123904289,1557.7685925708,1418.96970242497,1172.53603428637,1383.11592294355,1392.64094640363,1215.08272977604,1410.12363865726,1285.12002536728,1239.01740968398
1118.47404855902,2352.9657525557,1651.74306025483,1907.66245816706,1820.81469845232,2992.3265937561,2684.15165896043,1227.86195018007,1138.22203861988,1471.68315662713,1300.8382362154,918.434140208213,1650.65538705085,1898.04244291322,1935.59025147369,1888.8669039665,2071.09058783048,1727.22091624088,855.454430580613,1959.04341447554,1474.61289289766,1e+09,1438.88979393837,1928.43150254293,2179.94078229203,2345.72914531921,2228.30903337037,1480.53637783744,1612.48538774775,1723.11025961776,1440.45549549439,1562.16720811186,1356.19319287482,1021.87341916697,1652.57738184933,2242.46183880574,1589.87258388841,1355.12159672112,1591.38057883713,1230.87817488166,1236.59326013043,1844.27343121892,1071.55037781711,1691.46393420019,1235.17746967794,2494.99348053256,2529.82964135928,1463.23685471628,1892.40329274708,2333.41186130953,1823.05895431278,1624.82661468847,1376.33520055981,1643.71614483767
797.463510011586,2039.59394032244,1340.69132234083,1580.51853383629,1351.94875975386,2503.92862881513,2286.07918047473,1398.73972446628,1555.65867024229,1547.4794794116,992.119136041635,913.446822316439,1089.27030047642,1507.06380302892,1549.57397677555,1171.17834756283,1658.50816974171,2243.05629505815,753.099933010221,1776.15236246781,1220.21007756861,1438.88979393837,1e+09,1978.30131312194,2051.79985417682,1882.17841277069,1944.33081544782,1352.58992285171,1474.98699519691,1886.3420161519,1896.27819098359,1636.22243328956,1275.02291708816,1774.51964635504,1939.74865709452,2301.39175161466,1357.0801163896,1144.43738928785,1365.4054261647,1458.63048298738,1573.73946601717,1977.50618785378,1585.21200963783,1532.27630550107,1388.12469724445,1817.19007872044,1989.7643736885,1407.20823331162,2171.45255722984,2379.65565861954,1703.06020803729,1526.66906168298,1889.35790939673,1566.25046205899
1576.53338832389,1088.54373972753,1140.62621559387,727.175490442301,1636.74158378774,1898.07569029794,1468.530201494,810.605879388991,1534.36238040432,858.251255460777,1432.19543617483,1717.13258902742,2327.64649261867,1255.87032463547,1122.31846451887,1382.00592296126,711.148520915287,1756.87370636025,1679.6911914992,966.000297308443,1589.04967156474,1928.43150254293,1978.30131312194,1e+09,323.379656905007,1142.99471801054,900.838485301333,807.405935883555,704.368447831105,1210.52495942876,1881.65417064348,2085.21491820388,1860.96204878015,1435.31040635815,652.966605731105,1182.39832827182,1404.38034128935,1267.31788060455,1467.60350752511,1133.58404417141,1144.7416864079,2319.90715445683,1190.84411272005,2273.76106205116,2102.12259552101,2253.00156482414,1961.84220030562,2103.50929063791,1913.91346612118,1469.4891610012,2026.71511355198,1579.23699038491,1346.06778659175,1737.97265191372
1713.92083183559,929.692026103269,1152.26882774811,704.150271319979,1638.9780224884,1743.65262325958,1369.84244020982,1011.6787202467,1718.07063466553,965.521409291374,1537.22330827372,1914.63934619552,2397.61223459925,1350.22069322019,1140.04886110201,1386.36125017976,550.590206142462,1878.12076464747,1827.66659801508,1011.61661883344,1677.02557595285,2179.94078229203,2051.79985417682,323.379656905007,1e+09,991.972974984701,775.72056122034,898.674305518968,808.883628836682,1267.15463006691,2071.78554541729,2207.21411616544,2002.5514276792,1658.02988112398,867.809698897172,1333.99413874275,1515.89976123093,1432.78943274998,1588.13620643823,1370.85936722189,1397.13758259521,2484.98533899096,1444.45600940285,2405.49829640347,2282.71225490643,2278.3378620389,1962.64087310949,2277.92108021766,2091.91796151283,1536.78434329609,2173.71125055744,1751.75201638246,1602.25049109058,1906.46932073401
1901.61294245175,439.49328083601,944.159167460657,867.041465848088,1490.02534800587,1209.57341608519,1935.85281452387,1315.77698190081,1676.61481402259,1222.44696608892,1283.21948652598,2040.19689449327,2264.9873072492,1592.51291671371,1019.5396226729,970.044000393797,839.826501010775,1754.38880870234,1763.1458578348,1327.68698366746,1240.35104099606,2345.72914531921,1882.17841277069,1142.99471801054,991.972974984701,1e+09,329.275037924225,927.61004204353,995.365772919684,1217.98674713644,1789.04117825722,1713.17311813488,1929.37591645589,1972.59821580574,1222.75463908341,1877.99189452457,1400.24582955994,1498.17087293139,1462.29974393077,1699.67530563929,1644.0850845379,2111.80262086683,1551.36521199877,2139.89031380115,2054.85676435123,1785.29548100588,1524.85231924275,2063.44452021371,1848.52324394366,1333.61906836248,1929.85213006075,1889.15245557366,1808.41522220424,1811.38910866771
1873.0961394173,441.320627775317,950.822416595233,841.533020326595,1571.88195342398,1419.22196625475,1919.82073196952,1126.49606128916,1624.56698667676,1076.77475374379,1320.01027117216,1998.66970825597,2244.78268333485,1578.15984256982,924.658489605758,1089.55907692057,772.28155358004,1617.79724332192,1721.15837812794,1130.80194393183,1233.28586876685,2228.30903337037,1944.33081544782,900.838485301333,775.72056122034,329.275037924225,1e+09,816.135610974058,810.28419650145,1038.96608722325,1719.04284719724,1713.25237069732,1837.08024168788,1823.35077985559,937.484734489047,1732.75437754461,1449.57357281374,1466.11388619711,1384.60166853142,1540.87024573778,1483.23394682026,2116.36422420622,1411.94227289929,2101.11274231061,2011.05953323118,1924.97978672505,1579.51030420824,2062.52000271513,1797.12257578608,1176.16698776152,1914.13375240603,1803.82542941383,1616.31539678987,1777.86366704537
1117.56150327398,911.377250209813,443.850849497892,613.034422687666,1053.9011598817,1719.98849705456,1735.04469711878,508.785669412966,989.129278153265,438.403708241616,714.392735475383,1308.71313594691,1755.85779347304,1280.72624498759,982.423271151493,946.690806546678,695.252503986861,1321.30271421806,1006.78066712666,1108.53492714483,931.748663428073,1480.53637783744,1352.58992285171,807.405935883555,898.674305518968,927.61004204353,816.135610974058,1e+09,544.327783601021,799.287062137252,1424.08821580687,1434.18437043499,1438.2437847945,1110.42197875402,798.190920707571,1653.94269380774,985.893490951228,970.310371066908,1168.81891163687,1067.10973245491,1057.33509026231,1901.83977900348,889.459078710201,1822.39805898711,1586.40267047809,1944.96782693185,1797.4409703242,1672.03706211914,1683.60163557179,1522.39137990203,1726.77062622689,1491.46833231551,1311.55066977986,1506.57589443745
1313.34353434279,1118.53941781235,950.823468052824,834.740750892156,1547.03269868481,2026.6415283419,1860.03862760965,461.501499672536,1411.74358362275,843.977832765767,1077.94600490934,1358.21112497284,1724.14934408247,1166.43348065803,547.070689308064,951.731527795523,795.99702643917,1661.29868614888,1183.96023552314,581.196030354647,985.221054586228,1612.48538774775,1474.98699519691,704.368447831105,808.883628836682,995.365772919684,810.28419650145,544.327783601021,1e+09,1057.22793753287,1525.51794450278,1573.85868393576,1203.33754944321,1451.77584740207,577.569194902221,1372.47918825751,1284.83101126179,944.210773185733,834.310838956321,788.943188512329,830.084044841244,1890.13535213751,967.588393326418,1608.17150285658,1518.42279708255,1831.56959136146,1496.97817251956,1605.08060610675,1652.33349645282,1223.03151619245,1524.00442394371,1164.74135631049,1046.03881123025,1320.75785528612
1690.70679696392,1005.24908211846,843.88806692594,1283.75303127198,1419.99209663294,1973.69087085592,2256.52360752109,937.280580776109,1268.43103312715,700.114457571046,1270.49070024145,1921.37538307849,1916.01328748002,2061.39328870063,1440.52325979139,1617.54037220095,1189.51822962072,783.702618535883,1349.74187873089,1466.46275445372,1189.59175463686,1723.11025961776,1886.3420161519,1210.52495942876,1267.15463006691,1217.98674713644,1038.96608722325,799.287062137252,1057.22793753287,1e+09,1574.02517714934,1487.4967292401,1703.69380934486,1196.84112972441,980.555827273491,2254.43350505177,1658.3837472069,1705.18704050318,1628.68531162407,1611.36575394912,1571.52891020178,2250.99113563337,1311.88507979929,2099.2133659302,1900.79224908984,2540.64855670752,2266.17037331706,2184.31190140053,2032.99248399988,1701.9988568445,2216.40675411803,2099.8509659021,1659.53542833529,2097.90061218352
1916.3906914823,1888.21583093671,1578.5864427392,1796.06080348077,2004.09415467438,2390.60812321886,2988.33882657238,1452.51102185147,1130.61991893828,1663.17422232309,1201.78533944295,1592.14233220526,2213.13823117762,1955.45822844672,1631.24537366394,1527.81858785656,2060.83619511595,1425.07289097786,1424.57510146008,1940.44056685589,995.937658390323,1440.45549549439,1896.27819098359,1881.65417064348,2071.78554541729,1789.04117825722,1719.04284719724,1424.08821580687,1525.51794450278,1574.02517714934,1e+09,702.30206891337,1541.98229506697,1639.02744592639,1426.72713869892,2151.3155019197,1411.49339059735,1391.05945185675,1333.2986012893,1485.1536973997,1238.05656312626,819.977404566736,865.975035379196,1479.78521380638,984.539390933649,1821.62381786142,1821.79499664479,1135.96572619952,757.184414987525,1439.83138867022,1231.09077106443,1644.86157949537,1154.75500154795,1255.54563178723
1887.63574568824,1837.16122335521,1469.71768976222,1887.48958624942,1873.90354084729,2380.97396138639,3099.08336293169,1534.72610448901,1313.90461293809,1690.87378529564,1135.04392888557,1686.05884321989,1801.96469618581,2152.00867191561,1600.8515133828,1455.07133880095,2053.22696424433,1428.78685737237,1234.27618631326,1974.25643590188,674.819666725859,1562.16720811186,1636.22243328956,2085.21491820388,2207.21411616544,1713.17311813488,1713.25237069732,1434.18437043499,1573.85868393576,1487.4967292401,702.30206891337,1e+09,1362.9245382999,1811.43298603619,1649.92473885932,2531.87995023461,1579.80367948046,1567.25692884096,1325.37678469181,1708.89271778541,1553.14023961135,1082.02473206485,1259.54995577786,1264.20328183406,920.56692809377,1811.1662892733,1797.63255260913,1256.59551387867,1297.77675934654,1658.45761073354,1381.27756247613,1835.76501047928,1544.12638109709,1505.63681792788
1505.45049008594,2124.51276011701,1699.40609505203,1889.06039842563,2144.88053655676,2960.50906610671,2838.90694727742,1174.1143206264,1830.40218711626,1678.81689427406,1453.07493358051,1268.67330132702,1018.93677006966,1785.76064440339,1134.77708982866,1455.72255423209,1879.66186145275,2086.36126485803,993.307298674484,1247.1918166024,972.929820028146,1356.19319287482,1275.02291708816,1860.96204878015,2002.5514276792,1929.37591645589,1837.08024168788,1438.2437847945,1203.33754944321,1703.69380934486,1541.98229506697,1362.9245382999,1e+09,1898.36137197321,1471.21471621242,2115.46229592966,1874.40803108608,1328.10179109133,713.979181139058,1059.37603493755,1143.13195178859,1677.97389345007,1375.43560685333,641.106910663113,836.906899601145,1906.95039765066,1625.64123892697,1229.54739713441,1831.10407525078,1723.20843228554,1252.83273316912,1127.19694472616,1197.90884473736,1294.42787122342
1198.29012367623,1803.18779340922,1191.8923661556,1449.03275183827,1335.03153464628,2414.7233785467,2107.07935714344,1036.31582690799,786.790563364864,843.108472914369,1229.38637571758,1414.83648726628,2092.77051102122,1894.03628310019,1956.45576924192,1894.30942432856,1588.97348291279,1184.9377205153,1189.44983517591,1911.40894447002,1633.12908145682,1021.87341916697,1774.51964635504,1435.31040635815,1658.02988112398,1972.59821580574,1823.35077985559,1110.42197875402,1451.77584740207,1196.84112972441,1639.02744592639,1811.43298603619,1898.36137197321,1e+09,1361.5573343051,2143.72083548675,1414.40282607184,1507.06630613918,1907.4430951145,1454.91957042305,1435.30837501911,2277.14095191756,1078.19282626068,2329.12238697326,1900.84139122653,2761.59895232816,2737.28873477023,2057.37070801545,2076.08404458972,2292.60257713804,2303.59671494383,2027.82053505728,1622.45165021951,2044.5059450635
1658.22059120613,1224.69556016996,1203.56382186405,1097.67057631149,1824.85620230746,2161.8961871237,2087.03031772421,623.363393615634,1412.87313110555,933.753258575305,1356.61457879532,1639.65761325345,2106.23976275257,1492.79586491255,955.892102907018,1393.01592456799,1117.38274651079,1446.80976693552,1475.49110529342,861.009756623001,1238.40690239517,1652.57738184933,1939.74865709452,652.966605731105,867.809698897172,1222.75463908341,937.484734489047,798.190920707571,577.569194902221,980.555827273491,1426.72713869892,1649.92473885932,1471.21471621242,1361.5573343051,1e+09,1380.51619458085,1498.92460984534,1248.51346732825,1140.26298663949,938.381456125386,860.652544177963,1936.80924236229,885.219548925576,1843.00655698779,1675.28758707274,2156.51182391843,1777.1224861275,1808.34291355373,1561.13690623212,1080.50055016182,1700.49545277251,1410.82605958353,897.453018547489,1507.10461528057
1962.11212972144,2033.03260972371,2016.1552703103,1431.00204926478,2389.30148235839,2509.6767443637,1874.97430105055,1529.36357423603,2090.85636070487,1851.99564540525,1938.58729669314,1758.47762624379,2821.05704088024,939.354669121307,1455.67975691771,1632.8036106648,1622.82058500008,2666.04204209161,2188.73542350372,1375.33626051959,2090.62870950344,2242.46183880574,2301.39175161466,1182.39832827182,1333.99413874275,1877.99189452457,1732.75437754461,1653.94269380774,1372.47918825751,2254.43350505177,2151.3155019197,2531.87995023461,2115.46229592966,2143.72083548675,1380.51619458085,1e+09,1651.26532904316,1259.26530715334,1573.01159874935,1156.78489690175,1144.1654358964,2230.24663891687,1483.14692229057,2353.15473027168,2202.15961426505,2000.74314838262,1811.94566414117,1943.3092986707,1800.29124640987,1619.31321658288,1772.11568296204,1195.64852883278,1307.85742953886,1410.67633761257
1161.97277674651,1487.19111821581,999.471010034808,880.9975707685,1080.53070382104,1634.1857069195,1810.99088874019,1259.54793060844,870.449662071277,1216.41519486563,627.195333528558,1123.23111953863,2225.99940314457,1028.57991595209,1511.67959971682,910.792652967732,1314.6130247339,1837.60078099134,1298.93292105482,1795.58526347261,1300.46610655565,1589.87258388841,1357.0801163896,1404.38034128935,1515.89976123093,1400.24582955994,1449.57357281374,985.893490951228,1284.83101126179,1658.3837472069,1411.49339059735,1579.80367948046,1874.40803108608,1414.40282607184,1498.92460984534,1651.26532904316,1e+09,747.527061115516,1487.95432030019,1342.850505976,1250.65152388665,1612.850701553,980.828397835218,2045.50560774103,1632.68602725692,1591.68375674944,1867.83133534589,1393.12619062309,1440.475462547,1889.63837013858,1591.51089782634,1515.28344516793,1560.58000650399,1289.93074659068
993.023333965522,1686.55822294992,1226.31314002583,1019.74174691438,1508.75721989987,2156.72073301112,1925.4987974029,958.565640527554,1209.90153950642,1274.91202951419,830.835624597308,695.259357362416,1867.22372941755,641.803337791258,1079.81945504793,784.603683269458,1313.67567256915,2039.46091671304,1088.65780661326,1303.96490332371,1136.15292923092,1355.12159672112,1144.43738928785,1267.31788060455,1432.78943274998,1498.17087293139,1466.11388619711,970.310371066908,944.210773185733,1705.18704050318,1391.05945185675,1567.25692884096,1328.10179109133,1507.06630613918,1248.51346732825,1259.26530715334,747.527061115516,1e+09,918.395781022539,703.747810440644,688.485809221947,1473.53110594924,800.933854634701,1543.45206980975,1244.01271637391,1401.48171668417,1501.11644378443,1000.79842680732,1351.78883243649,1626.74059253465,1128.21645449798,789.0153990259,1060.62126746544,760.494349814645
1528.69836037068,1738.63445025112,1487.99251631183,1463.02357308418,2003.81491465654,2489.62782547914,2503.68450967769,1023.72308902359,1686.81455913209,1533.08061262283,1240.30600655645,1238.48007985595,1555.08700589388,1292.59442324342,600.736902062792,950.992554439834,1534.63119442425,2061.45207409729,1197.42231025649,923.10450919709,820.266118159223,1591.38057883713,1365.4054261647,1467.60350752511,1588.13620643823,1462.29974393077,1384.60166853142,1168.81891163687,834.310838956321,1628.68531162407,1333.2986012893,1325.37678469181,713.979181139058,1907.4430951145,1140.26298663949,1573.01159874935,1487.95432030019,918.395781022539,1e+09,793.196991106245,786.115520327642,1378.48023337297,1092.40982845267,864.118119587826,925.296639516215,1366.31888993748,1021.75314367023,1006.43427997063,1368.36787783841,1169.502366308,822.140976840347,710.878092010156,882.516479959439,793.130956210889
1191.97680828949,1841.13544398559,1466.84224526702,1296.34628186299,1893.65971607889,2584.44503371614,2119.45559639734,715.926938381285,1463.35025718384,1276.11864969524,1256.58129971761,911.208472908368,1777.08586022173,1017.86187741756,993.071862354382,1249.54883550024,1421.52982684149,2006.34682153909,1160.15232715364,943.183400511269,1259.38117760271,1230.87817488166,1458.63048298738,1133.58404417141,1370.85936722189,1699.67530563929,1540.87024573778,1067.10973245491,788.943188512329,1611.36575394912,1485.1536973997,1708.89271778541,1059.37603493755,1454.91957042305,938.381456125386,1156.78489690175,1342.850505976,703.747810440644,793.196991106245,1e+09,304.114075964925,1701.71837144106,798.139627007706,1436.45035956694,1252.82956901567,1845.3920077046,1647.46520105889,1245.86451173472,1519.14875947025,1494.27760804343,1253.08078714024,642.415361117712,634.050358015828,955.025646985462
1336.26892813535,1786.58981596224,1454.50198889517,1294.70386556154,1911.46960873041,2490.90510688384,2229.70723672414,776.207729090609,1341.29928837676,1296.46522996184,1199.99242072606,995.322505171063,1931.82810135892,1076.54039928839,1021.37116270237,1224.38862984757,1486.25171609657,1883.91266228029,1221.66817090403,1068.08680677181,1181.76092180271,1236.59326013043,1573.73946601717,1144.7416864079,1397.13758259521,1644.0850845379,1483.23394682026,1057.33509026231,830.084044841244,1571.52891020178,1238.05656312626,1553.14023961135,1143.13195178859,1435.30837501911,860.652544177963,1144.1654358964,1250.65152388665,688.485809221947,786.115520327642,304.114075964925,1e+09,1474.90175472809,580.462263028356,1421.9098978135,1158.05094862014,1754.09359975459,1576.65681259429,1127.89996125543,1233.94766469247,1316.97751503205,1113.1158879919,696.87713996084,411.534190195663,818.443660736645
2186.56857367886,2346.95304362912,2061.0909038662,2141.37936695019,2413.57586311266,2679.88476763461,3289.06868383742,1929.0184096063,1698.54743569322,2237.12233228315,1536.95035381759,1691.1186537319,2413.114697129,1963.71511543808,1793.82923086341,1567.29842525283,2443.2695657868,2218.4328056085,1774.24589927665,2201.57083108857,1309.46875640467,1844.27343121892,1977.50618785378,2319.90715445683,2484.98533899096,2111.80262086683,2116.36422420622,1901.83977900348,1890.13535213751,2250.99113563337,819.977404566736,1082.02473206485,1677.97389345007,2277.14095191756,1936.80924236229,2230.24663891687,1612.850701553,1473.53110594924,1378.48023337297,1701.71837144106,1474.90175472809,1e+09,1342.46938925996,1344.47832224994,941.309647193738,1344.08698215554,1547.35466619647,758.974942735266,665.570266989144,1621.05192877958,793.190347772841,1536.5967375665,1410.1820384617,987.56838168301
1307.37215722991,1606.01415152545,1191.72215364992,1201.28659590457,1616.17580191636,2221.64783597671,2253.13602015058,790.700716516686,818.446517739553,1078.42797371915,902.780993707776,1060.07985279412,2026.09920946631,1309.01906017445,1278.24409851953,1245.9178556791,1478.66878806581,1433.52908024218,1103.78453866685,1418.96209575873,1049.62381046735,1071.55037781711,1585.21200963783,1190.84411272005,1444.45600940285,1551.36521199877,1411.94227289929,889.459078710201,967.588393326418,1311.88507979929,865.975035379196,1259.54995577786,1375.43560685333,1078.19282626068,885.219548925576,1483.14692229057,980.828397835218,800.933854634701,1092.40982845267,798.139627007706,580.462263028356,1342.46938925996,1e+09,1610.56673736297,1167.74260117545,1862.51955326649,1812.49144734534,1187.23111069412,1066.46812920031,1419.2368503178,1304.02827542197,1192.3909997983,726.58258106013,1054.43180395889
1930.26356392074,2404.91055970903,2044.21227806703,2223.05752417701,2475.36181278616,3113.85506942761,3267.99372995115,1658.40201730461,2075.13472432515,2135.67276074777,1671.94253367154,1545.47184251283,1402.30220633785,2017.74557325744,1388.77140152726,1572.24075904424,2288.6031078149,2368.21333595603,1381.81253457189,1666.7190030416,1088.395351699,1691.46393420019,1532.27630550107,2273.76106205116,2405.49829640347,2139.89031380115,2101.11274231061,1822.39805898711,1608.17150285658,2099.2133659302,1479.78521380638,1264.20328183406,641.106910663113,2329.12238697326,1843.00655698779,2353.15473027168,2045.50560774103,1543.45206980975,864.118119587826,1436.45035956694,1421.9098978135,1344.47832224994,1610.56673736297,1e+09,640.543528809713,1653.36947570711,1441.41062532507,1010.62727971295,1673.04966576011,1739.54869624279,960.811970991203,1258.15150856326,1392.0159160728,1209.18169937359
