1e+09,5667.1478396368,6341.17687506822,6425.25301097163,7916.84163514719,4003.77874991863,7609.80367404442,2905.10412486369,2473.81737820317,3248.07903509136,1717.28492490326,1467.69914052574,2032.75674678502,1687.45736203911,4532.99051437349,1620.78040640921,1991.72578049791,5575.50205279309,1724.28033155865,2051.27244426478,3660.44507752814,1077.54441337701,978.259353443656,2652.66481241034,3655.93670303522,3286.33704572431,2148.94031801723,2319.71078374008,1540.93245900007,2985.60975139083,1901.69142270769,4470.53065372557,4918.18849906142,1503.48618294283,2477.91132980985,1090.84297582191,2310.66812511014,1809.19989669467,2014.60667233086,796.883788202521,4073.08108000565,2766.26801132862,4261.12436133939,2133.78397163349,2055.37041204256,2457.41681566233,4719.63153202663,1559.50956537624,2018.58481047986,2866.93128977658,1666.27496566443,2962.48193861161,4614.90152887361,5441.41985109585
5667.1478396368,1e+09,793.746207549995,1317.76146001467,2675.36415074659,6833.02622466795,11703.7050598945,6854.41728521105,5844.14159489655,4046.84617440545,6019.99395938235,4746.33462648811,5710.17111951122,6610.65945118942,7020.53960938189,5188.22831269982,3802.35419699428,9162.14733583782,5777.82970398921,6066.88361191312,7733.17934634262,5530.44982082832,5008.02938926081,4580.68481521049,3299.87630203012,3761.1763947999,6265.60399582514,6980.78156652248,5297.08161620151,6234.69731938127,5890.95072862607,8241.57002554732,8987.12813832094,5498.31370127242,7059.31211497976,5338.21596116156,6021.69546339733,6362.02285647419,6359.69636955256,5618.60794816652,8179.79539491056,7225.34939729561,8012.72015246383,6479.35436316768,6209.18998715614,6588.25060901603,8781.19658587598,6396.60700246623,6803.6850688579,6553.44561755112,6075.14806529849,5668.50827610757,7749.22484682823,8649.79739118784
6341.17687506822,793.746207549995,1e+09,1347.88685582285,2221.44108359866,7559.66248275675,12402.4132255622,7616.71636382766,6595.82151130547,4811.13386202255,6763.00340357744,5454.69321659798,6395.34697237765,7349.01270167633,7690.64000312718,5873.43913400829,4494.20018873214,9899.04781903795,6488.9091897406,6804.61437294576,8486.58678118005,6265.96384401474,5706.91831414293,5312.22482429914,4022.65961041946,4455.6611011162,7004.32680274843,7737.65005922987,6016.26390347864,6982.75075742361,6613.21025547351,8940.33445997408,9705.23658586436,6241.76297738067,7802.29121534822,6034.68343032176,6736.02175135295,7099.41013470133,7097.51490249228,6336.6006215478,8912.09577638167,7967.64073548751,8731.77771626718,7239.06841417458,6943.47191204804,7324.02118911463,9509.28081910509,7134.92280447378,7541.02557163149,7270.4387453303,6805.81450838179,6346.18989858482,8401.79372337241,9333.68198642958
6425.25301097163,1317.76146001467,1347.88685582285,1e+09,2594.46329397816,7034.63920526845,11926.4140727337,7248.14316463879,6342.81277868896,4423.08850487982,6688.01566628697,5317.48634144931,6286.61657152717,7346.54947013222,7116.78046180996,6031.30599760947,4673.00817986658,9389.20362967488,6334.23355281442,6542.47012358482,8109.25040149828,6223.04140900573,5773.82177404187,5067.18399354119,3640.4654941367,4178.23674136591,6780.67342441737,7603.76821695664,6045.0964124156,6651.00066144937,6442.8428629449,8543.14063252502,9252.37080211877,6128.66084914967,7593.57286363936,6002.48309591123,6526.08257519011,6958.85246410642,6849.59894113517,6357.7622259015,8565.9270636575,7719.27727814593,8313.21535112618,7012.86795605051,6727.34333937997,7061.38282983581,9138.0317975645,7029.28231168019,7373.20432628176,7033.99049077407,6641.33817047438,6007.36760679751,7937.16082607629,8809.4318345907
7916.84163514719,2675.36415074659,2221.44108359866,2594.46329397816,1e+09,9225.59573697547,14167.0937404077,9114.02179505294,8278.29434464008,6417.03937073788,8122.83162731445,7117.23182653902,8258.03326138857,8876.40399323397,9387.40641772795,7136.29426730709,6145.80785849184,11518.5431016383,8234.05763932947,8454.08124787076,10084.5603236234,7765.96324467223,7267.09601114503,7101.90492793307,5757.32669802574,6333.52174511938,8676.84476314979,9254.37034942951,7576.67118472222,8677.61298470956,8363.04784961799,10737.2476599685,11399.425641369,7872.90506007154,9449.48328917513,7736.92321417888,8528.86484893506,8757.07267475839,8717.86610092172,7923.30488941957,10623.6132257768,9617.40825340694,10471.467844567,8775.30610972631,8641.83236798192,9020.58925391795,11243.6925918623,8730.18391279932,9173.51368804233,9083.76999599285,8468.90139852862,8184.75572020326,10246.4083515152,11101.6984656718
4003.77874991863,6833.02622466795,7559.66248275675,7034.63920526845,9225.59573697547,1e+09,4992.73503617006,1892.86323076973,1873.57477005856,2950.03769574221,3614.87169924466,3177.40384229012,2544.87732845809,3447.83191052,1502.60228999559,4812.38356683048,4393.34603633722,2460.2474196308,2490.61113747209,2058.07785554872,1647.68144958302,3420.55776239782,3942.40990427175,2521.25932321529,3622.95488780912,3231.99116001266,2105.00592566862,2962.04381198186,3722.65014967832,1279.40988877685,2232.04206920479,1870.79520188609,2384.05900967237,2756.46808735382,2202.51430862549,3197.37108509475,2033.37944897159,2505.02551573831,2131.00284474235,3456.87986010506,1901.92110614505,2038.47536879895,1472.90918467501,2313.37078625542,2034.28869947213,1727.88782795643,2275.91588284805,2819.82025976834,2479.21346559751,1690.15333990736,2408.38822885763,1898.09310338034,1924.00432793172,2108.42576160509
7609.80367404442,11703.7050598945,12402.4132255622,11926.4140727337,14167.0937404077,4992.73503617006,1e+09,5599.7587605896,6211.96993476305,7873.57508433748,7338.95929158897,7504.24537474622,6395.19191307814,6686.47652874068,5017.20288239374,8760.60642728002,8805.31528923298,3075.17057455355,6421.12834881067,6111.8296550133,4426.62196062641,7369.08081051497,7980.43819856404,7216.34303089176,8487.66080660037,7967.39888209446,5977.88681166681,6112.73060624301,7730.61003386537,5682.49769903165,6211.85759209755,3496.30378276831,2879.91856322362,6879.38220778581,5333.46959761655,7127.16155234326,6001.12111729967,6111.38021025529,5909.09653756816,7248.27282288684,3790.77331237308,5072.99039145552,3749.02449774605,6027.69071652652,5927.3120064326,5460.70317334682,3124.02501030321,6315.90070699342,5732.3888845402,5394.36301186711,6220.36617164135,6133.76013022192,4174.00118470276,3196.48226111142
2905.10412486369,6854.41728521105,7616.71636382766,7248.14316463879,9114.02179505294,1892.86323076973,5599.7587605896,1e+09,1496.16192485974,3060.7220106537,2058.83216508777,2607.63634144027,2467.51019007014,2056.16741210437,2913.99031448287,3482.15108631145,3777.94693244889,3025.01534075449,2080.11349534106,1195.53560620335,1291.4049471409,2250.74443913564,2955.0099859899,2675.86244293312,3971.17385415194,3637.64682246641,1207.8690990749,1444.89196478491,2643.91206652188,1439.11692419344,1744.08236316408,2728.86795440893,2819.0931492237,1939.90733886957,1198.30008441125,2552.20486242778,1959.7220653705,1503.1992656664,1109.5155236859,2393.30038227549,2066.77552027307,1160.09588414062,2195.01681444585,962.545421006199,1377.75068238052,1271.63083141295,2692.53645494355,1554.13247022254,1334.77572692943,1909.59727628629,1565.11777949776,2590.49746564246,3250.53410391277,3424.10430933405
2473.81737820317,5844.14159489655,6595.82151130547,6342.81277868896,8278.29434464008,1873.57477005856,6211.96993476305,1496.16192485974,1e+09,2041.45138288914,2188.52236228008,1855.61994212177,1435.30057719629,1946.72622661739,2927.29296215804,3129.63378897596,2776.98196544378,3724.1187801143,1242.27056235749,843.89347947475,2108.53215211436,1796.98353389785,2246.26233812972,1395.21797426065,2899.55869902646,2447.49820392171,768.520764781278,1711.18112323038,1903.84550352701,646.688853700139,873.435677024931,2927.60217673099,3501.15250833208,1080.78196395018,1473.7452738177,1830.02654111901,946.295229566334,1078.39509091056,1204.73819790857,1848.00389279893,2542.80582329835,1622.51417738028,2535.5372735379,1233.76041673414,813.776746902982,1064.81258022245,3134.0103407615,1427.37090428522,1453.70743844833,1112.37263189994,1176.19610307975,1778.62784659973,3146.48433587393,3664.18401224611
3248.07903509136,4046.84617440545,4811.13386202255,4423.08850487982,6417.03937073788,2950.03769574221,7873.57508433748,3060.7220106537,2041.45138288914,1e+09,3114.22781978133,1972.95414115483,2565.97086834594,3444.81292285953,3627.13313976755,3316.94833897063,2240.25361785223,5254.92928463362,2439.4499960032,2447.97640862816,3853.19486613382,2566.3380283587,2587.63146978081,1095.74051992249,1121.78615716187,1244.5439617386,2632.35575456662,3448.54157631889,2541.14229774722,2323.12816577132,2441.09321239481,4518.16908051259,5156.42564648226,2144.91336307553,3404.70343272362,2556.400075399,2449.45807900442,2848.62800993742,2807.06639308727,2782.89690242021,4358.70307163725,3535.09323250462,4182.10654912091,2852.84621618481,2595.61815175114,2879.38885687571,4912.42123327184,3039.7577955324,3273.90798913164,2871.04784785973,2677.57852504833,2365.03562704666,4279.55361665209,4960.28003543147
1717.28492490326,6019.99395938235,6763.00340357744,6688.01566628697,8122.83162731445,3614.87169924466,7338.95929158897,2058.83216508777,2188.52236228008,3114.22781978133,1e+09,2099.80660499961,2658.4847300483,1257.75134879673,4346.45403796014,1669.49996355196,2632.16311143516,4880.84658169052,2298.75764588179,1892.51282819959,3047.02216170149,1243.50511985275,1816.96761872632,2801.49345558757,3873.26719877418,3614.72169540063,1919.75502606452,1620.70155343296,1649.74913974822,2651.29872279606,2070.75663275528,4364.93065763936,4606.30213344718,1642.22002868069,2140.15616563371,1957.21839849313,2634.57868299658,1790.6455841679,1790.55881369476,1323.50187812485,3675.03742666656,2341.66581432962,3958.53462434017,1524.90456196445,2045.5385672238,2351.76584616751,4373.44909564522,1358.79494339654,1853.23068866237,2937.29287872354,1710.21363878903,3342.80459334673,4781.16400560575,5209.00294645722
1467.69914052574,4746.33462648811,5454.69321659798,5317.48634144931,7117.23182653902,3177.40384229012,7504.24537474622,2607.63634144027,1855.61994212177,1972.95414115483,2099.80660499961,1e+09,1552.70249445926,2369.66834147735,3647.09389458237,2216.47951538019,1558.89782859558,5230.92445388002,1274.21869877192,1600.55929621492,3441.8035406891,1312.04481367825,1212.08209123805,1462.19047456205,2316.49707064352,1976.09788279832,1873.84978456119,2666.57364850476,1674.25942962852,2322.24279874005,1488.3196945885,4119.55342868617,4694.07898808701,1163.61455783262,2545.42495703566,892.022025512823,1774.36789209566,1859.71995383714,1785.51077361633,1329.91050037211,3906.83251934352,2754.96024904172,3881.29815931474,2058.84022189678,1728.72720172964,2142.37806593514,4554.60878686633,1873.74846502939,2202.92735622399,2439.22308594356,1504.37863574966,1968.61917990758,3979.26789913672,4887.68581261112
2032.75674678502,5710.17111951122,6395.34697237765,6286.61657152717,8258.03326138857,2544.87732845809,6395.19191307814,2467.51019007014,1435.30057719629,2565.97086834594,2658.4847300483,1552.70249445926,1e+09,2251.96142202747,2995.60984171838,3251.83860485111,2551.39748818172,4367.33840217357,808.022116528997,1405.32996388749,2759.22685656689,1993.52875559898,2127.16673135887,1522.52612680374,2938.07862651768,2266.5731069392,1431.60393908371,2442.6602977901,2203.5867417009,1666.28628266574,769.457140586791,2985.23128844316,3772.82117226619,1352.84985837306,1866.28720474637,1157.94288896301,851.020939107846,1422.46072901856,1521.72114363966,1684.80766032803,2899.51869659432,2030.04355527166,2874.17626404506,1928.34214168544,1140.4887594799,1394.68913443104,3476.17211592004,1677.95904750384,1703.08991409732,1253.66613430371,1163.3422669189,1264.9688049118,2924.74386263139,3846.8349415721
1687.45736203911,6610.65945118942,7349.01270167633,7346.54947013222,8876.40399323397,3447.83191052,6686.47652874068,2056.16741210437,1946.72622661739,3444.81292285953,1257.75134879673,2369.66834147735,2251.96142202747,1e+09,4289.01792813926,2262.09516159246,2947.9706652204,4503.61536363842,1922.90296871683,1756.63697738036,2653.64260470396,1321.40133233624,1946.3036388755,2862.58655210633,4198.22499586432,3808.62856437852,1592.84189482196,918.121718782428,1693.79159334908,2350.36121468595,1740.28406063493,3805.38479557587,4111.61514587637,1454.41518687065,1510.0222033798,1877.8115400114,2155.64316529893,1159.59701892511,1610.40054144924,1185.03448658678,3104.70930793851,1817.046693181,3476.38881857309,1276.31660903555,1647.27941764596,1891.0565166594,3722.15745889397,787.284955019464,1213.52545988949,2339.04039067306,1428.74208494745,3171.71486932543,4355.88037667473,4789.12032742966
4532.99051437349,7020.53960938189,7690.64000312718,7116.78046180996,9387.40641772795,1502.60228999559,5017.20288239374,2913.99031448287,2927.29296215804,3627.13313976755,4346.45403796014,3647.09389458237,2995.60984171838,4289.01792813926,1e+09,5519.97474611977,4948.03932360081,2921.63425190423,3144.43626454727,2938.44371979454,2475.62148706138,4195.53834810266,4651.84270413349,3129.13368263486,3936.84852858222,3509.08113689325,3066.293433023,4013.21766299811,4638.28497852385,2432.70729587429,2932.40797148009,2046.64584530397,2640.97446509806,3569.96318046839,3026.48098107356,3601.9139843561,2849.94368246111,3408.5052572352,2839.36607174911,4086.58389218917,2483.24054177198,2802.41541858091,2028.43958579002,3193.59645105639,2872.22991992285,2549.14585383026,2809.82309629984,3608.87645641964,3271.0387383368,2560.52193290743,3036.67863792006,2022.61502417044,1556.38632678394,1925.42763434516
1620.78040640921,5188.22831269982,5873.43913400829,6031.30599760947,7136.29426730709,4812.38356683048,8760.60642728002,3482.15108631145,3129.63378897596,3316.94833897063,1669.49996355196,2216.47951538019,3251.83860485111,2262.09516159246,5519.97474611977,1e+09,1844.30469622023,6406.06523158327,2888.99261124012,2914.97130116233,4518.03224463925,1541.7977313513,1309.59344156879,3185.82961537493,3816.6975046236,3711.05718954855,2997.58454266097,2833.2376662751,1559.3627193825,3730.66832224469,2947.49502041988,5655.54625095578,6016.0253272655,2230.08338290298,3455.18980925795,2302.05693585107,3378.66172467739,2761.18188357812,2989.14057294066,1728.8489908896,5099.60648280826,3737.38562344054,5312.95200740605,2838.12334812989,3060.33738491363,3498.28390138651,5768.63091876227,2469.50406160832,3046.47474972303,3919.81753530697,2735.79911009562,4052.48831741684,5867.79999415454,6541.89031776749
1991.72578049791,3802.35419699428,4494.20018873214,4673.00817986658,6145.80785849184,4393.34603633722,8805.31528923298,3777.94693244889,2776.98196544378,2240.25361785223,2632.16311143516,1558.89782859558,2551.39748818172,2947.9706652204,4948.03932360081,1844.30469622023,1e+09,6437.6269079685,2473.52354787659,2830.60664860026,4677.10146226271,1937.93570840211,1295.61810233572,2063.03120284207,2362.31264855015,2199.77058467468,2953.88987470759,3448.80027785026,1688.62949402763,3356.50136849369,2601.87659478692,5406.14869016752,6052.09039796995,2046.72276588697,3669.10616721566,1912.92369926247,2873.45593237481,2860.87825317681,3077.76036895337,1951.71031820811,5118.51024457312,3924.16338225105,5149.66965894901,3149.19984016575,2911.20200625103,3382.85746158481,5760.99182212577,2828.65535465175,3318.71181255619,3485.57155729157,2699.0333300832,3186.86922208929,5303.18646629552,6178.58497502462
5575.50205279309,9162.14733583782,9899.04781903795,9389.20362967488,11518.5431016383,2460.2474196308,3075.17057455355,3025.01534075449,3724.1187801143,5254.92928463362,4880.84658169052,5230.92445388002,4367.33840217357,4503.61536363842,2921.63425190423,6406.06523158327,6437.6269079685,1e+09,4347.58434019399,3768.65757636589,1976.61776388355,5082.40349369272,5752.36399184718,4771.30138711652,6017.1717977053,5576.90421743103,3638.05752350069,3851.63192552196,5383.88328069062,3172.59528533029,3969.38240152042,1918.55174498891,1460.1719475459,4559.46802269739,3149.41019079764,4999.86255935101,3894.55718508536,3925.25843056225,3624.09955245438,5041.57317376233,1663.61519601139,2835.79278453134,1611.4538660787,3637.560493064,3676.81838770968,3238.11825170113,1390.69788645845,4107.66320949028,3613.59381087582,3268.74888625603,3986.72022307811,4069.92622541245,2858.3542233775,1721.66931935259
1724.28033155865,5777.82970398921,6488.9091897406,6334.23355281442,8234.05763932947,2490.61113747209,6421.12834881067,2080.11349534106,1242.27056235749,2439.4499960032,2298.75764588179,1274.21869877192,808.022116528997,1922.90296871683,3144.43626454727,2888.99261124012,2473.52354787659,4347.58434019399,1e+09,999.72816615318,2564.93655558963,1456.91255324402,1752.99083882375,1613.29497711981,2950.91677544454,2462.75002042432,1148.41803608268,2023.1727058756,1899.23015708997,1555.64703368084,712.17377991611,3086.94074628912,3704.6423664775,863.881441923601,1623.13123036925,1012.35354659328,675.032574028839,987.974805346776,1139.6305274079,1363.01780102096,2901.12312329208,1866.62333401787,2900.07850093752,1465.03333805071,805.187145885974,1143.25783579208,3476.28729708866,1281.74900713829,1335.57684777028,1361.03088388912,852.283675896705,1475.3506423898,3092.42670655264,3977.76684976634
2051.27244426478,6066.88361191312,6804.61437294576,6542.47012358482,8454.08124787076,2058.07785554872,6111.8296550133,1195.53560620335,843.89347947475,2447.97640862816,1892.51282819959,1600.55929621492,1405.32996388749,1756.63697738036,2938.44371979454,2914.97130116233,2830.60664860026,3768.65757636589,999.72816615318,1e+09,1985.83358356132,1544.71158343556,2044.50191127326,1799.61473104662,3223.78421340511,2773.57885658584,415.009295076628,1526.74439661654,1860.13607889315,1147.42926692672,704.960712380484,2874.10936362902,3312.50561697637,1028.97696665183,1180.83222601689,1556.53473006547,992.351605430253,783.567401185118,578.586294860153,1596.05211139862,2479.02468819897,1349.17225612596,2503.08515228707,921.540294615488,472.38097516729,827.889455241459,3120.47981799274,1037.03166783855,1009.35595034656,1331.1287149258,752.560922185042,1809.79454380877,3094.85712255025,3701.46425181981
3660.44507752814,7733.17934634262,8486.58678118005,8109.25040149828,10084.5603236234,1647.68144958302,4426.62196062641,1291.4049471409,2108.53215211436,3853.19486613382,3047.02216170149,3441.8035406891,2759.22685656689,2653.64260470396,2475.62148706138,4518.03224463925,4677.10146226271,1976.61776388355,2564.93655558963,1985.83358356132,1e+09,3158.65817609313,3874.78419489396,3295.39724139594,4647.39993919181,4221.85830417128,1889.41186335854,2070.86910735565,3612.15643636872,1702.69013105732,2237.5501744095,1683.32186877614,1692.0881245077,2710.48335226395,1276.46006471021,3158.55794844736,2272.58568722942,2067.29718623134,1733.89632175629,3131.64959896538,899.677912866599,996.765663383325,1177.92847338028,1701.84115345704,1873.58718855035,1433.95640620627,1486.78366620702,2194.5049456996,1704.76806466452,1838.061673258,2112.49629154704,2722.40332489512,2530.96623169887,2403.66075624244
1077.54441337701,5530.44982082832,6265.96384401474,6223.04140900573,7765.96324467223,3420.55776239782,7369.08081051497,2250.74443913564,1796.98353389785,2566.3380283587,1243.50511985275,1312.04481367825,1993.52875559898,1321.40133233624,4195.53834810266,1541.7977313513,1937.93570840211,5082.40349369272,1456.91255324402,1544.71158343556,3158.65817609313,1e+09,868.960916957719,2169.70065064285,3213.01924360873,2966.43002164218,1657.02807248399,1726.32470665284,1086.82821669296,2342.31810662002,1596.38108294981,4205.52221267466,4610.04131583438,799.669681743656,2099.69341228666,1224.72942395453,1940.74005317559,1340.87220725914,1609.80788474898,650.586584168472,3723.46303503875,2406.57494192473,3888.98057104944,1478.55901187609,1616.95632727047,2031.72489956195,4361.21604414411,1163.77850190661,1681.18383459394,2492.44435827563,1350.35526577268,2733.64041179523,4410.91926700093,5100.51356015255
978.259353443656,5008.02938926081,5706.91831414293,5773.82177404187,7267.09601114503,3942.40990427175,7980.43819856404,2955.0099859899,2246.26233812972,2587.63146978081,1816.96761872632,1212.08209123805,2127.16673135887,1946.3036388755,4651.84270413349,1309.59344156879,1295.61810233572,5752.36399184718,1752.99083882375,2044.50191127326,3874.78419489396,868.960916957719,1e+09,2202.31848718572,3055.47258796409,2801.32501439944,2156.65600006121,2421.65528170299,917.127253765801,2846.7688284088,1963.6505078552,4743.94764780346,5240.72110808236,1277.08855515191,2764.67193974258,1334.89873627178,2256.55143176485,1916.10031579769,2232.82036393437,1031.41054090987,4357.4683266204,3069.13810147083,4466.92151457802,2256.00239033561,2133.07141814333,2612.48682769885,4987.47442230033,1832.5081227378,2336.87448090393,2900.42574128351,1905.60580818804,2954.81113359213,4817.01333888541,5638.2229411491
2652.66481241034,4580.68481521049,5312.22482429914,5067.18399354119,7101.90492793307,2521.25932321529,7216.34303089176,2675.86244293312,1395.21797426065,1095.74051992249,2801.49345558757,1462.19047456205,1522.52612680374,2862.58655210633,3129.13368263486,3185.82961537493,2063.03120284207,4771.30138711652,1613.29497711981,1799.61473104662,3295.39724139594,2169.70065064285,2202.31848718572,1e+09,1606.51110858282,1060.56665188945,1932.86341276356,2942.6432315522,2167.13621740766,1707.38589586537,1549.23131713763,3768.89442392593,4519.94194696127,1539.61579937983,2686.95667471584,1791.02447222253,1574.43252824629,2136.65602603695,2142.30549329455,2173.4602860646,3653.42073559835,2821.68909823531,3507.08921608789,2334.99742834976,1823.04909311296,2126.72889666267,4227.33640145896,2377.76315769675,2561.4283054382,1995.3582196939,1913.21238585788,1539.14879930434,3559.6230451833,4347.92301080642
3655.93670303522,3299.87630203012,4022.65961041946,3640.4654941367,5757.32669802574,3622.95488780912,8487.66080660037,3971.17385415194,2899.55869902646,1121.78615716187,3873.26719877418,2316.49707064352,2938.07862651768,4198.22499586432,3936.84852858222,3816.6975046236,2362.31264855015,6017.1717977053,2950.91677544454,3223.78421340511,4647.39993919181,3213.01924360873,3055.47258796409,1606.51110858282,1e+09,861.346727456487,3443.74140904918,4345.56187085169,3255.40472648179,3135.52085255385,3070.52053674943,5067.31222346719,5809.75008179354,2834.75045446685,4168.25162553798,2894.26053545634,3046.96856232551,3599.99355821646,3518.68665879757,3322.48481530014,5070.50128252622,4295.2362007112,4845.26710927272,3668.97358265224,3309.30394891433,3577.95572883455,5610.89787603553,3771.18317108835,4007.32003150485,3509.95167680411,3309.06143152405,2582.90562553106,4600.71498667327,5456.5293401667
3286.33704572431,3761.1763947999,4455.6611011162,4178.23674136591,6333.52174511938,3231.99116001266,7967.39888209446,3637.64682246641,2447.49820392171,1244.5439617386,3614.72169540063,1976.09788279832,2266.5731069392,3808.62856437852,3509.08113689325,3711.05718954855,2199.77058467468,5576.90421743103,2462.75002042432,2773.57885658584,4221.85830417128,2966.43002164218,2801.32501439944,1060.56665188945,861.346727456487,1e+09,2950.87449643322,3975.68506623701,2942.99743742668,2679.6569557128,2498.77176778913,4506.52460445963,5322.1330521136,2467.72339483176,3679.73955604198,2427.72015038801,2498.14887352616,3140.64827955949,3074.31324414088,2946.00717558529,4537.6975261249,3792.27178585607,4318.49219287242,3316.88904425517,2809.59624989072,3083.29369373078,5087.61583453389,3339.93121716601,3541.26415202255,2914.4644662785,2826.4210476325,2002.42054077059,4059.12813161891,4952.74451093533
2148.94031801723,6265.60399582514,7004.32680274843,6780.67342441737,8676.84476314979,2105.00592566862,5977.88681166681,1207.8690990749,768.520764781278,2632.35575456662,1919.75502606452,1873.84978456119,1431.60393908371,1592.84189482196,3066.293433023,2997.58454266097,2953.88987470759,3638.05752350069,1148.41803608268,415.009295076628,1889.41186335854,1657.02807248399,2156.65600006121,1932.86341276356,3443.74140904918,2950.87449643322,1e+09,1303.21407113337,1834.41861367573,1079.19736860317,703.867122545158,2789.3137549763,3240.84866263453,1121.61437183196,989.152460543874,1714.28328939531,999.403223428862,626.858506841855,731.737184513675,1648.58638047874,2315.06145704601,1178.9131947264,2400.49146463802,928.204602660426,460.502270244132,795.641195326134,2950.43731451797,952.830520764317,887.5023488983,1168.35998566367,841.02289588334,1996.32866587644,3135.14046243546,3656.84419787062
2319.71078374008,6980.78156652248,7737.65005922987,7603.76821695664,9254.37034942951,2962.04381198186,6112.73060624301,1444.89196478491,1711.18112323038,3448.54157631889,1620.70155343296,2666.57364850476,2442.6602977901,918.121718782428,4013.21766299811,2833.2376662751,3448.80027785026,3851.63192552196,2023.1727058756,1526.74439661654,2070.86910735565,1726.32470665284,2421.65528170299,2942.6432315522,4345.56187085169,3975.68506623701,1303.21407113337,1e+09,1995.0202420527,1980.73982016821,1782.01606468629,3376.21928465851,3548.35707933968,1656.18822785938,1155.27796810984,2353.768377411,2042.57100498367,1058.15561454826,1457.78204372259,1816.19294198056,2602.43449560215,1426.40679201271,2952.24944088402,1011.04985109538,1492.70742354287,1615.73953652809,3169.66047505092,966.844389185768,1032.72355163422,2092.38229984389,1553.87958793466,3149.06147123234,4031.09288578172,4307.50589319388
1540.93245900007,5297.08161620151,6016.26390347864,6045.0964124156,7576.67118472222,3722.65014967832,7730.61003386537,2643.91206652188,1903.84550352701,2541.14229774722,1649.74913974822,1674.25942962852,2203.5867417009,1693.79159334908,4638.28497852385,1559.3627193825,1688.62949402763,5383.88328069062,1899.23015708997,1860.13607889315,3612.15643636872,1086.82821669296,917.127253765801,2167.13621740766,3255.40472648179,2942.99743742668,1834.41861367573,1995.0202420527,1e+09,2543.62995134906,1854.64331023515,4578.56636288042,5046.64418187968,1262.56573013051,2537.4059503753,1769.96021460936,2169.14187037178,1707.66517713514,2161.0584850022,1287.09041426778,4084.00734611239,2830.58361047682,4219.05229588352,2079.37284150775,1985.38614015007,2478.3020166033,4701.45780564922,1690.03894253949,2190.20433770459,2674.01276285286,1910.35053516364,3092.95427948749,4799.87038595835,5453.04974071391
2985.60975139083,6234.69731938127,6982.75075742361,6651.00066144937,8677.61298470956,1279.40988877685,5682.49769903165,1439.11692419344,646.688853700139,2323.12816577132,2651.29872279606,2322.24279874005,1666.28628266574,2350.36121468595,2432.70729587429,3730.66832224469,3356.50136849369,3172.59528533029,1555.64703368084,1147.42926692672,1702.69013105732,2342.31810662002,2846.7688284088,1707.38589586537,3135.52085255385,2679.6569557128,1079.19736860317,1980.73982016821,2543.62995134906,1e+09,1207.62820073067,2398.68064591767,2997.19227549719,1625.72323262602,1455.59992250618,2254.03620465599,1089.08157068238,1426.14673599879,1361.57356246367,2364.93871132002,2084.16958674192,1484.57840355436,1993.06209762767,1430.84094049618,1039.3692856247,964.167540886956,2631.04257265062,1792.8656668864,1611.81496664474,890.835696916104,1470.81143815242,1658.08841217831,2640.41744336005,3059.32148560755
1901.69142270769,5890.95072862607,6613.21025547351,6442.8428629449,8363.04784961799,2232.04206920479,6211.85759209755,1744.08236316408,873.435677024931,2441.09321239481,2070.75663275528,1488.3196945885,769.457140586791,1740.28406063493,2932.40797148009,2947.49502041988,2601.87659478692,3969.38240152042,712.17377991611,704.960712380484,2237.5501744095,1596.38108294981,1963.6505078552,1549.23131713763,3070.52053674943,2498.77176778913,703.867122545158,1782.01606468629,1854.64331023515,1207.62820073067,1e+09,2856.34482944549,3482.64728806981,931.407312779967,1288.37221337624,1188.49934080756,712.060810605387,818.573669989452,868.390279540254,1404.50894169457,2548.85336539786,1473.0093743422,2592.90407500933,1235.82032787942,474.852774131098,880.775521742061,3190.56317064872,1080.86855357162,1120.27646868976,1075.17415273062,592.710772637043,1529.58027739638,3014.48895045246,3729.54088779035
4470.53065372557,8241.57002554732,8940.33445997408,8543.14063252502,10737.2476599685,1870.79520188609,3496.30378276831,2728.86795440893,2927.60217673099,4518.16908051259,4364.93065763936,4119.55342868617,2985.23128844316,3805.38479557587,2046.64584530397,5655.54625095578,5406.14869016752,1918.55174498891,3086.94074628912,2874.10936362902,1683.32186877614,4205.52221267466,4743.94764780346,3768.89442392593,5067.31222346719,4506.52460445963,2789.3137549763,3376.21928465851,4578.56636288042,2398.68064591767,2856.34482944549,1e+09,1107.85863240758,3598.55661558909,2332.89031630293,3783.70643739707,2650.87616706251,2982.87967626923,2712.64583090016,4046.63766616187,1038.28554983685,2084.10136250615,655.83481601696,2974.69344607138,2645.97349990509,2183.13380574806,1007.17414919169,3251.73642428165,2708.84560353668,2056.15158818605,2948.92523925243,2671.52424303056,1240.63998528985,1141.27644828061
4918.18849906142,8987.12813832094,9705.23658586436,9252.37080211877,11399.425641369,2384.05900967237,2879.91856322362,2819.0931492237,3501.15250833208,5156.42564648226,4606.30213344718,4694.07898808701,3772.82117226619,4111.61514587637,2640.97446509806,6016.0253272655,6052.09039796995,1460.1719475459,3704.6423664775,3312.50561697637,1692.0881245077,4610.04131583438,5240.72110808236,4519.94194696127,5809.75008179354,5322.1330521136,3240.84866263453,3548.35707933968,5046.64418187968,2997.19227549719,3482.64728806981,1107.85863240758,1e+09,4125.37583744803,2645.69803573651,4388.37727992934,3341.99439968112,3419.88444148337,3089.00311289905,4527.34175615228,1224.78447393817,2363.94278987458,1121.84482451897,3254.87270603629,3170.54385511382,2692.73612119717,938.352236316406,3612.72601097841,3034.22927657091,2819.37683189034,3446.52791160902,3499.79137942535,2064.38556996991,1482.65435095305
1503.48618294283,5498.31370127242,6241.76297738067,6128.66084914967,7872.90506007154,2756.46808735382,6879.38220778581,1939.90733886957,1080.78196395018,2144.91336307553,1642.22002868069,1163.61455783262,1352.84985837306,1454.41518687065,3569.96318046839,2230.08338290298,2046.72276588697,4559.46802269739,863.881441923601,1028.97696665183,2710.48335226395,799.669681743656,1277.08855515191,1539.61579937983,2834.75045446685,2467.72339483176,1121.61437183196,1656.18822785938,1262.56573013051,1625.72323262602,931.407312779967,3598.55661558909,4125.37583744803,1e+09,1708.98866950603,1033.57893999443,1215.81024189633,911.059521052275,1216.96424873535,887.191903817883,3201.14504129382,1992.56601612092,3294.02623454945,1203.72337166809,1003.43719793518,1446.10176274009,3825.09106087685,1015.62569463361,1383.33031160313,1766.13290230379,898.37252902123,2056.7022004899,3753.31637801825,4457.10647626911
2477.91132980985,7059.31211497976,7802.29121534822,7593.57286363936,9449.48328917513,2202.51430862549,5333.46959761655,1198.30008441125,1473.7452738177,3404.70343272362,2140.15616563371,2545.42495703566,1866.28720474637,1510.0222033798,3026.48098107356,3455.18980925795,3669.10616721566,3149.41019079764,1623.13123036925,1180.83222601689,1276.46006471021,2099.69341228666,2764.67193974258,2686.95667471584,4168.25162553798,3679.73955604198,989.152460543874,1155.27796810984,2537.4059503753,1455.59992250618,1288.37221337624,2332.89031630293,2645.69803573651,1708.98866950603,1e+09,2112.59355506449,1509.170717911,919.049822697334,873.056240112858,1976.9096956361,1671.84238087805,372.658731683561,1988.77883843327,869.146255471425,945.708475958633,736.566912846348,2324.2095176425,1002.61221701114,488.591224542562,1332.94016973756,1080.88017448744,2368.04885350788,2966.59617063058,3310.37334050104
1090.84297582191,5338.21596116156,6034.68343032176,6002.48309591123,7736.92321417888,3197.37108509475,7127.16155234326,2552.20486242778,1830.02654111901,2556.400075399,1957.21839849313,892.022025512823,1157.94288896301,1877.8115400114,3601.9139843561,2302.05693585107,1912.92369926247,4999.86255935101,1012.35354659328,1556.53473006547,3158.55794844736,1224.72942395453,1334.89873627178,1791.02447222253,2894.26053545634,2427.72015038801,1714.28328939531,2353.768377411,1769.96021460936,2254.03620465599,1188.49934080756,3783.70643739707,4388.37727992934,1033.57893999443,2112.59355506449,1e+09,1590.30803717393,1504.36192337482,1530.0980170891,844.019066964722,3524.75525961733,2345.32585868148,3611.66832141325,1800.70022877213,1467.55811939425,1834.55471376571,4177.27431739885,1428.28242865338,1754.59335055163,2146.1075172973,1073.5090457467,1954.23671316962,3782.09019653154,4666.44552836525
2310.66812511014,6021.69546339733,6736.02175135295,6526.08257519011,8528.86484893506,2033.37944897159,6001.12111729967,1959.7220653705,946.295229566334,2449.45807900442,2634.57868299658,1774.36789209566,851.020939107846,2155.64316529893,2849.94368246111,3378.66172467739,2873.45593237481,3894.55718508536,675.032574028839,992.351605430253,2272.58568722942,1940.74005317559,2256.55143176485,1574.43252824629,3046.96856232551,2498.14887352616,999.403223428862,2042.57100498367,2169.14187037178,1089.08157068238,712.060810605387,2650.87616706251,3341.99439968112,1215.81024189633,1509.170717911,1590.30803717393,1e+09,1062.73603326508,1252.22124690488,1869.8846718715,2510.8751702743,1692.65839439032,2440.27792749105,1559.64188774218,719.641095199545,921.67666418327,3037.21463599463,1523.5133036833,1405.08497675408,771.185911113527,1120.15300651295,1326.68892488028,2694.58185297831,3506.6074059267
1809.19989669467,6362.02285647419,7099.41013470133,6958.85246410642,8757.07267475839,2505.02551573831,6111.38021025529,1503.1992656664,1078.39509091056,2848.62800993742,1790.6455841679,1859.71995383714,1422.46072901856,1159.59701892511,3408.5052572352,2761.18188357812,2860.87825317681,3925.25843056225,987.974805346776,783.567401185118,2067.29718623134,1340.87220725914,1916.10031579769,2136.65602603695,3599.99355821646,3140.64827955949,626.858506841855,1058.15561454826,1707.66517713514,1426.14673599879,818.573669989452,2982.87967626923,3419.88444148337,911.059521052275,919.049822697334,1504.36192337482,1062.73603326508,1e+09,819.635796558447,1293.68364428866,2484.74476977013,1251.9936034581,2665.84818374941,820.833378707275,572.8857808499,902.522802759022,3092.33516060274,545.566644599906,595.410191632626,1338.47574893982,713.52892989703,2188.91706192811,3363.98992873047,3942.03933581338
2014.60667233086,6359.69636955256,7097.51490249228,6849.59894113517,8717.86610092172,2131.00284474235,5909.09653756816,1109.5155236859,1204.73819790857,2807.06639308727,1790.55881369476,1785.51077361633,1521.72114363966,1610.40054144924,2839.36607174911,2989.14057294066,3077.76036895337,3624.09955245438,1139.6305274079,578.586294860153,1733.89632175629,1609.80788474898,2232.82036393437,2142.30549329455,3518.68665879757,3074.31324414088,731.737184513675,1457.78204372259,2161.0584850022,1361.57356246367,868.390279540254,2712.64583090016,3089.00311289905,1216.96424873535,873.056240112858,1530.0980170891,1252.22124690488,819.635796558447,1e+09,1553.93039017197,2256.63416700625,1021.43143299,2377.58007524458,663.715119008148,584.168303915918,686.671149168217,2937.52040018448,850.34993343917,694.586727990105,1453.93628178817,528.396035564235,1907.32486367687,3022.39660650286,3587.27701123011
796.883788202521,5618.60794816652,6336.6006215478,6357.7622259015,7923.30488941957,3456.87986010506,7248.27282288684,2393.30038227549,1848.00389279893,2782.89690242021,1323.50187812485,1329.91050037211,1684.80766032803,1185.03448658678,4086.58389218917,1728.8489908896,1951.71031820811,5041.57317376233,1363.01780102096,1596.05211139862,3131.64959896538,650.586584168472,1031.41054090987,2173.4602860646,3322.48481530014,2946.00717558529,1648.58638047874,1816.19294198056,1287.09041426778,2364.93871132002,1404.50894169457,4046.63766616187,4527.34175615228,887.191903817883,1976.9096956361,844.019066964722,1869.8846718715,1293.68364428866,1553.93039017197,1e+09,3584.72756817028,2270.55564926297,3788.9893432814,1543.91277749101,1545.61404943149,1947.93417907279,4244.74414036936,1032.8264713881,1566.10502425604,2353.47707845222,1145.29054466541,2598.78919843453,4264.75058251945,4982.1629740706
4073.08108000565,8179.79539491056,8912.09577638167,8565.9270636575,10623.6132257768,1901.92110614505,3790.77331237308,2066.77552027307,2542.80582329835,4358.70307163725,3675.03742666656,3906.83251934352,2899.51869659432,3104.70930793851,2483.24054177198,5099.60648280826,5118.51024457312,1663.61519601139,2901.12312329208,2479.02468819897,899.677912866599,3723.46303503875,4357.4683266204,3653.42073559835,5070.50128252622,4537.6975261249,2315.06145704601,2602.43449560215,4084.00734611239,2084.16958674192,2548.85336539786,1038.28554983685,1224.78447393817,3201.14504129382,1671.84238087805,3524.75525961733,2510.8751702743,2484.74476977013,2256.63416700625,3584.72756817028,1e+09,1373.791329351,689.212839477037,2355.42512156511,2270.07093175522,1811.29041111579,756.639319623293,2667.07802435549,2130.99034376038,1892.75074677042,2539.54761465502,2883.66180997356,2164.27374680284,1884.51707867029
2766.26801132862,7225.34939729561,7967.64073548751,7719.27727814593,9617.40825340694,2038.47536879895,5072.99039145552,1160.09588414062,1622.51417738028,3535.09323250462,2341.66581432962,2754.96024904172,2030.04355527166,1817.046693181,2802.41541858091,3737.38562344054,3924.16338225105,2835.79278453134,1866.62333401787,1349.17225612596,996.765663383325,2406.57494192473,3069.13810147083,2821.68909823531,4295.2362007112,3792.27178585607,1178.9131947264,1426.40679201271,2830.58361047682,1484.57840355436,1473.0093743422,2084.10136250615,2363.94278987458,1992.56601612092,372.658731683561,2345.32585868148,1692.65839439032,1251.9936034581,1021.43143299,2270.55564926297,1373.791329351,1e+09,1712.6382565796,1086.78158610643,1155.33233642965,840.664957875609,2069.07739313927,1318.2228332873,823.245907247646,1393.69103355084,1298.68633191391,2394.4665514682,2785.62050956335,3029.42582526788
4261.12436133939,8012.72015246383,8731.77771626718,8313.21535112618,10471.467844567,1472.90918467501,3749.02449774605,2195.01681444585,2535.5372735379,4182.10654912091,3958.53462434017,3881.29815931474,2874.17626404506,3476.38881857309,2028.43958579002,5312.95200740605,5149.66965894901,1611.4538660787,2900.07850093752,2503.08515228707,1177.92847338028,3888.98057104944,4466.92151457802,3507.08921608789,4845.26710927272,4318.49219287242,2400.49146463802,2952.24944088402,4219.05229588352,1993.06209762767,2592.90407500933,655.83481601696,1121.84482451897,3294.02623454945,1988.77883843327,3611.66832141325,2440.27792749105,2665.84818374941,2377.58007524458,3788.9893432814,689.212839477037,1712.6382565796,1e+09,2577.39661779091,2335.90566823663,1879.17298785929,915.614441945954,2931.77478209019,2402.70503031479,1834.7311582627,2679.02092507692,2611.88763406851,1620.57078623552,1377.60225497057
2133.78397163349,6479.35436316768,7239.06841417458,7012.86795605051,8775.30610972631,2313.37078625542,6027.69071652652,962.545421006199,1233.76041673414,2852.84621618481,1524.90456196445,2058.84022189678,1928.34214168544,1276.31660903555,3193.59645105639,2838.12334812989,3149.19984016575,3637.560493064,1465.03333805071,921.540294615488,1701.84115345704,1478.55901187609,2256.00239033561,2334.99742834976,3668.97358265224,3316.88904425517,928.204602660426,1011.04985109538,2079.37284150775,1430.84094049618,1235.82032787942,2974.69344607138,3254.87270603629,1203.72337166809,869.146255471425,1800.70022877213,1559.64188774218,820.833378707275,663.715119008148,1543.91277749101,2355.42512156511,1086.78158610643,2577.39661779091,1e+09,906.273427338571,976.92701779611,3010.89233349517,736.210660273267,722.183001253837,1698.72391926999,863.785116912766,2359.29247381498,3425.63799330869,3833.64628857436
