1e+09,1285.69305940415,790.730801663879,1825.86237561871,2235.36907590223,1755.89960758011,601.361283921737,2160.70003420188,1195.70295232553,1648.90919613543,1634.6697155083,933.181462524841,1218.67943590593,986.509421850597,1285.96053761381,1456.60089018921,858.538497389604,1578.41937519786,987.942821371763,1575.02911493724,1609.05762466731,1518.18971960029,1343.69196868181,1029.01423547004,1545.65589514614,1202.10007545129,1034.48925301329,1405.58643725671,1103.81674203647,1101.39596585424,612.59190739023,1222.3098139179,1494.95191414306,1882.17358652171,1196.75468208819,923.109731017933,1975.09374359801,1503.76754835979,1625.84587298428,1201.16521186721,952.61248354197,955.451209324683,846.621131971084,1426.35931959657,794.897438101294,1476.31324413215,1251.78463718804,706.946649260042,834.402954453063,763.278116023249,1389.8314684522,591.320677128747,1101.11124565141,1085.23514599372
1285.69305940415,1e+09,618.906682061197,1294.72899585203,1462.49456029758,1453.18665466622,1411.18753162009,2129.93707268548,1523.06004103581,1374.37585285103,1242.25961964478,811.811009903167,1800.08797465568,1115.77025215767,1185.99076678531,2173.01381631595,1149.5836973009,1257.37838720093,1567.59190585433,1037.17873498255,1523.81248049096,1304.75203908635,1165.00380012256,1004.46536555523,842.302163122,1421.31681239617,1114.01544962357,1328.55046701283,1480.05089500328,1254.34151123209,1157.34544808367,1936.79764105598,883.912193376695,1999.11460386842,1395.79131380733,1820.21779172164,1851.28909600851,1289.96443590511,1810.65281915115,1309.40580928908,1090.92246406424,1194.7509979071,1241.40951643686,1613.74515472549,1659.75586954829,1948.38988993476,1628.22713952937,1154.04902543176,1061.33541898874,1223.05922808342,1653.08581994402,1064.40773813422,660.803194529203,1100.79399902979
790.730801663879,618.906682061197,1e+09,1423.47154976838,1716.58014825991,1495.46868619841,879.497125805423,1842.5261245095,1026.22592536926,1173.55047237006,1062.86870473262,336.326192705831,1426.63019020347,840.608133853105,964.783861287076,1640.50595396664,748.399231025794,1079.93947307245,1084.75283608756,914.441291390541,1253.86516332499,1065.23820350192,879.269206557355,641.031367329244,1113.05096141192,1177.94315843338,790.343009901397,974.403401420582,958.354059364283,852.700357863183,604.785482051281,1467.56595589432,802.05830816718,1651.21516172182,977.035765056735,1335.25559620621,1645.99194442136,1055.36490561322,1384.88138069656,1022.6770573842,707.504171365795,732.066200490092,777.80306389214,1266.54167215295,1114.41845524919,1470.26652376363,1231.13930925789,670.822270948125,590.739149625281,789.817216132948,1253.56288330502,728.005139198893,846.445505274853,808.592512332386
1825.86237561871,1294.72899585203,1423.47154976838,1e+09,1085.39408096783,1117.99874821039,2012.6912790838,2500.64656876977,2170.52908294268,2003.57648773387,2050.95393909761,1648.83501985493,2487.02723527508,2059.52393297577,1857.39502481298,2432.29283693391,1911.39156082682,1616.50804349994,2220.65971391386,1806.9951629155,2198.23176780794,2232.25424551058,2155.39304967795,2004.3330348273,1662.79058377777,1886.34027860829,1303.97133154836,2079.46113252929,2026.4558484951,1892.82895611305,1939.36732541827,2435.7521694335,1830.07033736411,2831.83397859055,2269.10449089503,2475.63439930051,2700.27081040032,2247.82410303831,2349.85898836505,2377.36642032733,2016.56887328452,1932.86315834826,1679.72579976614,2139.51684431322,1968.54645548435,2555.44170336558,2338.56772931639,1903.71749527077,1885.44297524481,2182.01468324574,2350.87856279307,1836.98902879141,1676.70145589488,1842.22822728347
2235.36907590223,1462.49456029758,1716.58014825991,1085.39408096783,1e+09,958.585660230738,2166.17258534494,2593.1158258165,2183.83398281554,1756.37755309045,2038.12026031341,1913.5706510866,2631.06039790044,1981.58186293173,1615.34236655887,2583.16866832191,2094.52936646875,1331.4610341651,2240.22998712186,2075.80604296259,1938.66356895672,2068.49648962719,2352.64820238811,2049.52279131021,1393.0667267938,1848.96833545088,1790.62940797363,1989.15391116424,2489.51825410058,1795.70298354154,2209.38631354953,2420.69345145146,1779.07335697548,2635.47073125467,2246.43561999894,2563.60038223589,2620.70469589765,2219.20785556468,2260.60441877831,2369.36372769147,2008.77057134457,1943.37390882455,1791.29182016778,1936.33590461469,2162.61383200977,2461.65554095206,2198.92946803666,2028.60974423372,1946.68192602181,2348.17735380018,2240.3189970627,1956.15621418638,1939.57746001545,1737.01094659763
1755.89960758011,1453.18665466622,1495.46868619841,1117.99874821039,958.585660230738,1e+09,1750.7121527824,2836.15550485159,1958.05894091572,1924.39849724531,2208.23649827187,1766.63214662815,1972.2209784403,1688.2328847348,1572.01048278948,2361.69241523955,1598.21218046916,1222.11806397745,1772.06203638586,2079.55701417393,1997.67859276712,2071.24345358048,2263.71666279153,1875.88057362402,1555.41494441194,1156.50307180742,1269.62343200651,1866.43960231774,2259.62174708512,1535.8853480322,1820.72915934798,1843.306294868,1794.27759845014,2501.39927890371,2074.60059105361,2158.01444457631,2311.74543509877,2020.6529349198,2003.02100802762,2235.35588112945,1778.07303919159,1637.35293626634,1283.56700884683,1870.07404909538,1668.99446613822,2161.45228573291,1810.87387175363,1784.62800583203,1678.1703579494,1997.74181597623,1860.96324536515,1565.78013140415,1683.44207200604,1364.03777740941
601.361283921737,1411.18753162009,879.497125805423,2012.6912790838,2166.17258534494,1750.7121527824,1e+09,1914.50899214394,718.113454267499,1259.75459645917,1406.75633433797,921.021536447439,1152.43370295215,691.743072679445,890.379387396182,1081.0928893948,824.883632096067,1264.10207396397,521.024536754268,1586.28507901323,1136.90683694839,1142.58545190283,1277.2426890376,801.41562587711,1478.70833709694,1065.75995796427,1211.38659015196,1017.76864345489,1150.17938366152,641.623006445373,583.969930903981,785.226679755598,1325.25181750488,1389.66647811624,774.212541812647,510.780788303554,1747.75271826423,1281.26424155987,1174.5081978854,940.748872654121,620.081792508053,553.065057294348,603.45180727213,913.548217446676,448.201276995058,909.366749447108,734.712556242235,407.288658938596,513.812523202773,661.672039608747,940.500317969111,555.941417956964,1389.71642355554,783.519658400477
2160.70003420188,2129.93707268548,1842.5261245095,2500.64656876977,2593.1158258165,2836.15550485159,1914.50899214394,1e+09,1533.07678574819,1223.65931341203,1096.14555484206,1617.35175747269,2850.12935743275,2084.20772784288,1673.49740881186,1438.70013522624,2310.20164866619,1953.18210953306,2124.25861139834,1756.2001816137,1343.58402182372,1522.87608251624,1662.56504375017,1731.47698552421,2151.56475068728,2693.67873429628,2347.50898690506,1614.03883094553,1573.51285225129,1779.92485526777,1957.01056721725,2429.4301214894,1764.19940074811,1842.78145318429,1583.34568269219,2062.32594739532,2644.25063059461,2073.9587576179,1860.60487452334,1764.5086747874,1804.13071793593,1816.19076580628,2094.81169270653,1477.26209983198,1994.69261173244,1838.68970149941,2137.49890879504,1657.34484543803,1764.58656857633,2044.26924973204,2148.38202415213,2151.82447309254,2528.97523418083,2143.42721245672
1195.70295232553,1523.06004103581,1026.22592536926,2170.52908294268,2183.83398281554,1958.05894091572,718.113454267499,1533.07678574819,1e+09,860.516534123546,1000.02987005389,869.683081702755,1387.26465531996,884.327514103231,843.507046739978,1047.03535351009,991.470990145451,999.629393925569,630.651471495944,1312.87075506312,716.667858285831,694.902354939167,1021.77616614403,686.433036355332,1640.60190710605,1322.49003028378,1366.80903091837,460.522393375176,1031.17104003167,487.788992290724,788.854859527404,976.66735974947,1009.22822830121,811.781577765842,402.344665802841,971.71255724108,1413.4014833019,941.225876662983,590.791979380221,901.213241247597,628.029460455479,447.327521174363,805.759427931191,732.20962039569,860.771854848891,510.129718405035,671.566891009377,690.121456774096,559.769053807014,878.636410695573,649.809104506854,1089.33423144598,1729.86858810142,828.005641707833
1648.90919613543,1374.37585285103,1173.55047237006,2003.57648773387,1756.37755309045,1924.39849724531,1259.75459645917,1223.65931341203,860.516534123546,1e+09,645.301174568898,1053.25329009693,2053.41846811603,1123.76411915491,600.862984381631,1402.5217609007,1510.90746526715,927.869625809575,1314.56789105774,1355.43796833348,307.596979829126,606.338891215135,1234.58421867445,940.124278220704,1238.87644884387,1707.10673072893,1718.25971159776,739.171692436879,1492.0421607649,810.304425447622,1346.38341013992,1638.21878157345,922.596443684886,1149.9935439384,842.209859476841,1498.08112477262,1829.70318803351,1256.94983678745,1139.70366499367,1078.90065840188,930.727006538437,944.799863727763,1268.14532621463,636.007205383713,1423.08512022296,1162.07016014525,1202.58030284884,991.827608508656,942.409147610527,1371.47100862541,1250.96874237528,1356.2503618064,1796.79590694102,1115.42167676624
1634.6697155083,1242.25961964478,1062.86870473262,2050.95393909761,2038.12026031341,2208.23649827187,1406.75633433797,1096.14555484206,1000.02987005389,645.301174568898,1e+09,813.335868138127,2090.51439093349,1261.92917305212,1033.00343944248,1632.92855976616,1487.47858266934,1252.10111540562,1500.18434717204,900.919033265476,819.121315251898,624.277542684342,775.107859010603,834.307558158261,1393.54888217098,1923.44552857626,1675.267834288,816.082873610273,1170.20286907869,1103.17338727872,1249.26959420295,1912.26737743444,719.178961872495,1260.00848243177,869.784197545575,1678.97199818818,1742.31367910603,1106.35812443349,1317.60343499097,983.124816592481,992.853141708279,1080.91360052504,1454.92664361472,1141.99793598763,1649.30420647617,1433.34194426871,1478.33537138905,1066.68243526365,1004.8408172442,1275.82774777789,1441.01330968871,1462.98244678465,1664.18397627786,1316.20710547391
933.181462524841,811.811009903167,336.326192705831,1648.83501985493,1913.5706510866,1766.63214662815,921.021536447439,1617.35175747269,869.683081702755,1053.25329009693,813.335868138127,1e+09,1489.1208352246,901.175334216378,997.145844849188,1552.94773450364,824.527021449267,1120.46342305316,1085.26008011905,706.909434439801,1133.63964711014,878.762525771326,584.940939155399,501.164958072689,1277.20914755572,1367.43726839662,961.343999097097,804.177436515102,729.814612898372,850.200549282345,571.842828231674,1507.74002520328,663.486427894346,1452.10421960684,797.812813321521,1338.04910115436,1536.6466585393,904.251553440745,1246.8248325647,889.504675086084,661.550858967019,697.30305592332,900.832381245257,1222.87512535009,1178.03618055644,1356.61299875831,1220.47499159139,664.041623168308,561.148681901687,744.564860841552,1193.32966287611,909.125135281167,1072.98040825543,902.886193769736
1218.67943590593,1800.08797465568,1426.63019020347,2487.02723527508,2631.06039790044,1972.2209784403,1152.43370295215,2850.12935743275,1387.26465531996,2053.41846811603,2090.51439093349,1489.1208352246,1e+09,1150.63715405857,1705.26851504389,2070.10934798141,699.633280083216,1656.40678400567,857.32208731608,1862.00170042887,1920.61788464025,1678.82896073424,1609.7810214436,1306.64902269125,2096.77708273913,862.721428793791,1299.54430309243,1454.2085319857,1643.53347659851,1295.59399516206,993.337672043097,922.504671370286,1644.33713158221,1667.1747140297,1387.96048524445,1334.70751462633,1252.6818387364,1245.77228777975,1422.48968024376,1506.75158134976,1227.144035352,1123.60668443188,1039.14302364978,1847.08375199935,1287.18302031995,1408.25878101292,1042.55794908485,1389.72946554356,1194.10853991587,1003.0494503762,996.758931537611,1208.29615802584,1588.85762584317,1052.84819561036
986.509421850597,1115.77025215767,840.608133853105,2059.52393297577,1981.58186293173,1688.2328847348,691.743072679445,2084.20772784288,884.327514103231,1123.76411915491,1261.92917305212,901.175334216378,1150.63715405857,1e+09,690.427779061648,1622.4364035302,750.946869558693,1124.36202354935,691.645940854134,1456.97827845854,1014.96386344539,841.403425414943,1133.53092507439,531.756102926896,1075.05373475004,957.808498709424,1340.55453876372,881.050772316783,1438.79890234876,602.937081128703,736.467860398538,1042.37596931242,997.288411142935,1243.81645116954,683.172290641241,915.842035451529,1456.86224393386,960.411045802785,1234.13333651595,640.20508917065,324.742462268179,524.393802976351,795.403051226232,988.955199895324,1065.43047220361,1087.05531717572,655.407157650876,589.854826292029,442.235000650107,572.016934015069,857.217315212426,502.133256217909,1096.51223964897,482.168638445098
1285.96053761381,1185.99076678531,964.783861287076,1857.39502481298,1615.34236655887,1572.01048278948,890.379387396182,1673.49740881186,843.507046739978,600.862984381631,1033.00343944248,997.145844849188,1705.26851504389,690.427779061648,1e+09,1374.33149210807,1214.61034138525,852.76686374413,993.027206475231,1517.92482178796,551.51139752502,761.764447713334,1333.14234401282,800.094187142989,915.886996359267,1267.64086258688,1503.53442052385,831.575383413915,1548.57724492516,515.955218696352,1112.83551682178,1277.31430043666,1016.07134478835,1280.33305428705,794.011680518618,1133.76333985537,1804.08810912882,1251.1875671537,1200.38318023871,934.266538788584,645.3328944816,690.83049664878,921.790658555401,491.792088285283,1093.28500730596,1078.82368480674,881.83472022823,683.630259862742,665.075882663024,1100.70945844033,1073.46303876752,869.654200185338,1455.93775327107,736.826863109646
1456.60089018921,2173.01381631595,1640.50595396664,2432.29283693391,2583.16866832191,2361.69241523955,1081.0928893948,1438.70013522624,1047.03535351009,1402.5217609007,1632.92855976616,1552.94773450364,2070.10934798141,1622.4364035302,1374.33149210807,1e+09,1783.50916683935,1713.49062480657,1317.47896142595,2081.2556378302,1283.39149779013,1579.46827122295,1826.87797200579,1547.98327720295,2137.02479880323,1969.74935743104,1918.79660024193,1461.87986548143,1441.89747919192,1267.30585720259,1462.76043530716,1392.66142435985,1922.98492799606,1629.83532281639,1290.28008409027,1082.59955209671,2424.38041068228,1973.07876776372,1421.95557940465,1596.05585763782,1437.69408035924,1318.6476423594,1397.50269201887,994.085454827703,930.162870791992,1083.02331262997,1418.70579254474,1161.19566258232,1340.53230535485,1587.88196541808,1553.55641886608,1556.30340939677,2332.14117274234,1649.16745492991
858.538497389604,1149.5836973009,748.399231025794,1911.39156082682,2094.52936646875,1598.21218046916,824.883632096067,2310.20164866619,991.470990145451,1510.90746526715,1487.47858266934,824.527021449267,699.633280083216,750.946869558693,1214.61034138525,1783.50916683935,1e+09,1157.7833577574,690.928164283379,1234.66776081665,1459.17160889321,1190.45416669438,1061.50609692079,749.122000544638,1554.50735948724,736.010629203139,792.945176604285,968.649576317463,1157.09524011639,839.319508351855,471.94032302824,1022.42750398256,1025.31355950265,1459.69359589607,972.146525272811,1217.12697308046,1163.65968766646,820.508379360016,1155.28209472838,1105.08017686501,731.738100347385,632.292762650341,601.474596304782,1445.47242059473,1041.4782399071,1250.64661919345,891.664160881214,900.307342966834,650.677293057012,613.533912591635,832.223550375739,798.44100038763,1101.25110333656,593.991047238929
1578.41937519786,1257.37838720093,1079.93947307245,1616.50804349994,1331.4610341651,1222.11806397745,1264.10207396397,1953.18210953306,999.629393925569,927.869625809575,1252.10111540562,1120.46342305316,1656.40678400567,1124.36202354935,852.76686374413,1713.49062480657,1157.7833577574,1e+09,1124.68363173828,1352.32068086678,982.70348096463,1035.7581106127,1444.53732174008,1094.43357742716,1377.13822174827,1090.71309279755,1188.04786401895,772.524193148668,1594.60638102323,690.892456609565,1273.25892417843,1357.93726283654,904.195046104545,1391.99669755355,1144.48111924138,1664.0130121186,1489.37031459607,1116.66477239143,936.485739934143,1476.51201512213,1045.55818690305,844.617657049626,839.428026873061,1055.29775191649,1283.22476406123,1235.83492967305,1059.91528562428,1198.42854050628,971.786416966197,1422.05407260062,982.562886180829,1316.071086074,1682.27982229473,740.50003058744
987.942821371763,1567.59190585433,1084.75283608756,2220.65971391386,2240.22998712186,1772.06203638586,521.024536754268,2124.25861139834,630.651471495944,1314.56789105774,1500.18434717204,1085.26008011905,857.32208731608,691.645940854134,993.027206475231,1317.47896142595,690.928164283379,1124.68363173828,1e+09,1610.93259412056,1141.39674346828,1071.43093739167,1309.01446141744,833.630234396522,1670.74470931378,854.695874741419,1250.73761209136,846.054344767522,1312.01028345817,556.248398379717,695.372547703747,451.106310640851,1264.30166238125,1100.43065374425,728.745121150049,755.900731445605,1348.17760844037,1035.32270515043,840.606948222533,1027.91179373524,656.975672228432,458.03299608216,560.456838124043,1011.66603555719,676.024621445107,646.906372128147,339.27617334555,763.727072454552,599.954080492833,735.799346901042,471.265046231948,842.548536702783,1578.43301834446,605.409361506741
1575.02911493724,1037.17873498255,914.441291390541,1806.9951629155,2075.80604296259,2079.55701417393,1586.28507901323,1756.2001816137,1312.87075506312,1355.43796833348,900.919033265476,706.909434439801,1862.00170042887,1456.97827845854,1517.92482178796,2081.2556378302,1234.66776081665,1352.32068086678,1610.93259412056,1e+09,1506.85654877961,1141.10772418734,609.399347882815,993.000809516286,1676.98862276999,1794.24360689958,1215.93625708752,1057.86261504035,956.781823667235,1363.06332644525,1137.66247819817,2032.7170413759,651.660254350379,1657.19997366039,1248.08511504625,1992.51921797507,1463.43180329662,941.755088969526,1463.71601774388,1355.79382661967,1226.22511721951,1228.91536238262,1426.73675616772,1743.01644711116,1794.6555019836,1786.64538336515,1706.33002898033,1349.06531784047,1170.27222435637,1286.87819373086,1541.49382483356,1568.96248881227,1431.62914324905,1363.65253814892
1609.05762466731,1523.81248049096,1253.86516332499,2198.23176780794,1938.66356895672,1997.67859276712,1136.90683694839,1343.58402182372,716.667858285831,307.596979829126,819.121315251898,1133.63964711014,1920.61788464025,1014.96386344539,551.51139752502,1283.39149779013,1459.17160889321,982.70348096463,1141.39674346828,1506.85654877961,1e+09,551.251837003742,1282.64708014325,906.477762275501,1341.06999552596,1630.30022403851,1778.09275238948,685.45511063818,1527.76804322515,702.281864567212,1296.84882075745,1435.8703709249,1035.53996161423,937.96909538641,693.886117745556,1300.94098451851,1755.69876433858,1225.61972006002,1011.40276299801,975.745184102899,839.679994462176,848.344010351933,1212.14958573602,449.992444047675,1309.6228799162,915.939967301351,989.449632977849,925.987311900115,876.349649455056,1281.33229753253,1077.38965708791,1294.81982402958,1857.24557153867,1043.72266919905
1518.18971960029,1304.75203908635,1065.23820350192,2232.25424551058,2068.49648962719,2071.24345358048,1142.58545190283,1522.87608251624,694.902354939167,606.338891215135,624.277542684342,878.762525771326,1678.82896073424,841.403425414943,761.764447713334,1579.46827122295,1190.45416669438,1035.7581106127,1071.43093739167,1141.10772418734,551.251837003742,1e+09,835.548231282911,550.812619590365,1328.74993542803,1542.17651269237,1623.72112639455,448.945007879584,1319.26279698171,733.761082301317,1057.19260227264,1467.62219024516,647.849568109758,773.221122642159,457.316354398134,1356.03059515632,1346.68093307212,757.226065055872,962.626250628976,669.359339891512,619.574852701431,719.443879187251,1185.79001159565,891.333002362192,1428.50353181222,1005.32553299914,956.249140444058,889.005857461018,711.709964030292,986.80601330758,936.932083024164,1214.24739880306,1595.87104842465,912.117555471881
1343.69196868181,1165.00380012256,879.269206557355,2155.39304967795,2352.64820238811,2263.71666279153,1277.2426890376,1662.56504375017,1021.77616614403,1234.58421867445,775.107859010603,584.940939155399,1609.7810214436,1133.53092507439,1333.14234401282,1826.87797200579,1061.50609692079,1444.53732174008,1309.01446141744,609.399347882815,1282.64708014325,835.548231282911,1e+09,619.227199741743,1613.43215670818,1711.58248936474,1381.5925393183,869.841892932273,809.214668366806,1167.45624898752,837.518064223095,1754.16328575763,688.592870061838,1293.46503783442,826.557471565045,1573.56795715978,1336.35752203518,733.164658722718,1310.94389330741,846.423358077978,876.352031377802,977.626063022053,1325.12549858495,1504.7183849146,1585.39497179725,1458.77351165285,1395.77380746309,1028.24924439554,879.435385631031,852.98230409546,1287.7377732287,1303.94179268095,1357.76362088546,1208.10808018157
1029.01423547004,1004.46536555523,641.031367329244,2004.3330348273,2049.52279131021,1875.88057362402,801.41562587711,1731.47698552421,686.433036355332,940.124278220704,834.307558158261,501.164958072689,1306.64902269125,531.756102926896,800.094187142989,1547.98327720295,749.122000544638,1094.43357742716,833.630234396522,993.000809516286,906.477762275501,550.812619590365,619.227199741743,1e+09,1215.1903207317,1248.18503580198,1241.33361591475,598.169280220909,1025.40350126182,644.615020457948,560.94631703934,1279.03572342605,637.51391749514,1087.91485981211,428.251811554837,1106.37590343427,1311.70051627649,670.54241215601,1080.15896473621,481.517302908213,263.944512350608,468.309898891749,885.269347656407,1032.51121795359,1162.31391306308,1079.89524260458,871.648799632054,549.146952918797,328.872194324786,490.747772078488,892.076583091385,786.007655942358,1144.8744970083,680.026478087434
1545.65589514614,842.302163122,1113.05096141192,1662.79058377777,1393.0667267938,1555.41494441194,1478.70833709694,2151.56475068728,1640.60190710605,1238.87644884387,1393.54888217098,1277.20914755572,2096.77708273913,1075.05373475004,915.886996359267,2137.02479880323,1554.50735948724,1377.13822174827,1670.74470931378,1676.98862276999,1341.06999552596,1328.74993542803,1613.43215670818,1215.1903207317,1e+09,1587.40388943709,1715.99093954485,1507.10651096729,1974.99410464943,1284.57939085134,1521.74320212052,1969.65751637182,1262.83603805086,2017.52543022387,1466.98735417181,1730.30449976298,2218.79409982089,1649.50847075727,1989.86335709264,1299.18459858482,1165.55648297283,1345.94290629283,1461.79350549248,1367.74078180041,1744.68489983149,1945.4147379415,1605.64195133909,1200.04826957085,1215.44402314545,1456.73202449867,1779.23551692855,1081.34558943938,1071.07896268202,1215.73826685681
1202.10007545129,1421.31681239617,1177.94315843338,1886.34027860829,1848.96833545088,1156.50307180742,1065.75995796427,2693.67873429628,1322.49003028378,1707.10673072893,1923.44552857626,1367.43726839662,862.721428793791,957.808498709424,1267.64086258688,1969.74935743104,736.010629203139,1090.71309279755,854.695874741419,1794.24360689958,1630.30022403851,1542.17651269237,1711.58248936474,1248.18503580198,1587.40388943709,1e+09,1028.34098372087,1303.51505860117,1779.15642364577,963.644090211734,1093.73840665856,909.162447860667,1429.68688858785,1745.85027256062,1385.62207989769,1397.38274774666,1479.28819132717,1303.42520901661,1351.12257108672,1553.59562686048,1104.95170926154,946.298245586454,649.021788000989,1511.33961848421,1108.16806229922,1405.84519026812,928.385256291805,1244.2715288473,1041.10674236603,1183.16253380506,973.284834619342,976.721708881297,1390.58425408172,636.470623909698
1034.48925301329,1114.01544962357,790.343009901397,1303.97133154836,1790.62940797363,1269.62343200651,1211.38659015196,2347.50898690506,1366.80903091837,1718.25971159776,1675.267834288,961.343999097097,1299.54430309243,1340.55453876372,1503.53442052385,1918.79660024193,792.945176604285,1188.04786401895,1250.73761209136,1215.93625708752,1778.09275238948,1623.72112639455,1381.5925393183,1241.33361591475,1715.99093954485,1028.34098372087,1e+09,1329.70913917292,1184.1166201857,1198.37444757471,933.782903356021,1488.71901922425,1251.29553511551,2004.50670245824,1487.53502503302,1705.46738195135,1656.78632158767,1324.29749101174,1475.50548806163,1679.62546116686,1265.87971584981,1093.3415716966,792.999056052402,1732.26673915999,1207.79318689087,1712.60894281211,1474.00735768177,1255.91838329567,1103.90965871307,1247.70649280991,1385.47874776194,1191.45609495273,1256.79073472874,1056.466993474
1405.58643725671,1328.55046701283,974.403401420582,2079.46113252929,1989.15391116424,1866.43960231774,1017.76864345489,1614.03883094553,460.522393375176,739.171692436879,816.082873610273,804.177436515102,1454.2085319857,881.050772316783,831.575383413915,1461.87986548143,968.649576317463,772.524193148668,846.054344767522,1057.86261504035,685.45511063818,448.945007879584,869.841892932273,598.169280220909,1507.10651096729,1303.51505860117,1329.70913917292,1e+09,1150.91645248471,536.567240893441,902.805136117424,1227.05366997536,630.236621436742,763.778988713358,494.07986388842,1328.84675643958,1147.80090773618,622.80174622427,576.615682495716,921.242060155744,639.911047724604,510.519104833502,900.890361642303,908.833846200723,1201.70775877499,813.980203321924,795.937250981508,885.92855609242,622.396704522124,967.643404565959,651.539887727528,1198.93287510185,1637.28248836296,735.477473142448
1103.81674203647,1480.05089500328,958.354059364283,2026.4558484951,2489.51825410058,2259.62174708512,1150.17938366152,1573.51285225129,1031.17104003167,1492.0421607649,1170.20286907869,729.814612898372,1643.53347659851,1438.79890234876,1548.57724492516,1441.89747919192,1157.09524011639,1594.60638102323,1312.01028345817,956.781823667235,1527.76804322515,1319.26279698171,809.214668366806,1025.40350126182,1974.99410464943,1779.15642364577,1184.1166201857,1150.91645248471,1e+09,1280.78973371901,803.230373803182,1667.49880311801,1226.70870918894,1615.86283273055,1096.56151797334,1481.80272286833,1743.33445810034,1254.94116017445,1355.44594650617,1286.60409023133,1162.66422349705,1100.28037835817,1236.71547556421,1570.44549048988,1277.42418338624,1459.69538027631,1539.22980672153,1053.65185317542,1037.13248430468,1052.06988608172,1446.18109899832,1386.88625344691,1631.15896003425,1424.34544338794
1101.39596585424,1254.34151123209,852.700357863183,1892.82895611305,1795.70298354154,1535.8853480322,641.623006445373,1779.92485526777,487.788992290724,810.304425447622,1103.17338727872,850.200549282345,1295.59399516206,602.937081128703,515.955218696352,1267.30585720259,839.319508351855,690.892456609565,556.248398379717,1363.06332644525,702.281864567212,733.761082301317,1167.45624898752,644.615020457948,1284.57939085134,963.644090211734,1198.37444757471,536.567240893441,1280.78973371901,1e+09,793.808838197207,888.699069764338,916.463509693648,1055.70317352938,588.078445022431,990.252836350394,1436.12568238299,953.471187870929,778.714368237803,931.842326576766,480.672971988232,264.31076860393,528.922943442615,643.207182640244,801.426200657303,742.420779208125,522.896007538784,609.133724480922,409.645750130524,868.05746848927,622.068748853372,818.387057082405,1470.28729080408,430.732190693939
612.59190739023,1157.34544808367,604.785482051281,1939.36732541827,2209.38631354953,1820.72915934798,583.969930903981,1957.01056721725,788.854859527404,1346.38341013992,1249.26959420295,571.842828231674,993.337672043097,736.467860398538,1112.83551682178,1462.76043530716,471.94032302824,1273.25892417843,695.372547703747,1137.66247819817,1296.84882075745,1057.19260227264,837.518064223095,560.94631703934,1521.74320212052,1093.73840665856,933.782903356021,902.805136117424,803.230373803182,793.808838197207,1e+09,1089.07363965895,1019.88691480968,1381.98645326212,746.494778347444,973.489209339271,1411.03625871202,917.160152154464,1160.81852978836,860.155416421939,576.209252095105,550.523199329511,684.242576795686,1264.80784382451,882.593122168987,1139.2648890403,936.432707512932,581.427994424073,460.609032694757,370.55199284311,945.150215521321,695.336179843966,1130.40459699171,773.995691396277
1222.3098139179,1936.79764105598,1467.56595589432,2435.7521694335,2420.69345145146,1843.306294868,785.226679755598,2429.4301214894,976.66735974947,1638.21878157345,1912.26737743444,1507.74002520328,922.504671370286,1042.37596931242,1277.31430043666,1392.66142435985,1022.42750398256,1357.93726283654,451.106310640851,2032.7170413759,1435.8703709249,1467.62219024516,1754.16328575763,1279.03572342605,1969.65751637182,909.162447860667,1488.71901922425,1227.05366997536,1667.49880311801,888.699069764338,1089.07363965895,1e+09,1681.83019535267,1354.06368314049,1135.9721688052,857.913025137164,1603.85909892359,1430.48891442751,1050.11343020647,1425.37575782669,1079.63885322824,878.509635120754,793.609358500768,1214.67536938888,731.096200441502,775.823435067542,559.329824790347,1123.59473472422,1024.55237992013,1133.64051488997,717.675864091861,1118.88792003489,1905.6612399637,922.559635416595
1494.95191414306,883.912193376695,802.05830816718,1830.07033736411,1779.07335697548,1794.27759845014,1325.25181750488,1764.19940074811,1009.22822830121,922.596443684886,719.178961872495,663.486427894346,1644.33713158221,997.288411142935,1016.07134478835,1922.98492799606,1025.31355950265,904.195046104545,1264.30166238125,651.660254350379,1035.53996161423,647.849568109758,688.592870061838,637.51391749514,1262.83603805086,1429.68688858785,1251.29553511551,630.236621436742,1226.70870918894,916.463509693648,1019.88691480968,1681.83019535267,1e+09,1257.80805117474,883.485146847416,1700.35214196942,1216.26910903796,601.268684948751,1146.72483512829,1015.11309665475,815.421766572367,846.663774706347,1138.71001800283,1310.5207181117,1574.95535285925,1422.3697680983,1247.76629786992,1075.82196607989,821.613085825682,1069.63818527575,1126.81546115591,1261.25558409071,1306.78337236896,891.897749352469
1882.17358652171,1999.11460386842,1651.21516172182,2831.83397859055,2635.47073125467,2501.39927890371,1389.66647811624,1842.78145318429,811.781577765842,1149.9935439384,1260.00848243177,1452.10421960684,1667.1747140297,1243.81645116954,1280.33305428705,1629.83532281639,1459.69359589607,1391.99669755355,1100.43065374425,1657.19997366039,937.96909538641,773.221122642159,1293.46503783442,1087.91485981211,2017.52543022387,1745.85027256062,2004.50670245824,763.778988713358,1615.86283273055,1055.70317352938,1381.98645326212,1354.06368314049,1257.80805117474,1e+09,751.139924181906,1443.12986924254,1225.02789870272,988.325474982812,759.328539237134,1098.28753002117,1077.4612830167,1038.4828229682,1459.16902136113,1165.70598205551,1583.16054072226,723.868147109679,930.35279625527,1335.48740087655,1150.26454765849,1299.26302133171,810.331713497627,1652.41268096078,2192.80128978893,1250.74121428056
1196.75468208819,1395.79131380733,977.035765056735,2269.10449089503,2246.43561999894,2074.60059105361,774.212541812647,1583.34568269219,402.344665802841,842.209859476841,869.784197545575,797.812813321521,1387.96048524445,683.172290641241,794.011680518618,1290.28008409027,972.146525272811,1144.48111924138,728.745121150049,1248.08511504625,693.886117745556,457.316354398134,826.557471565045,428.251811554837,1466.98735417181,1385.62207989769,1487.53502503302,494.07986388842,1096.56151797334,588.078445022431,746.494778347444,1135.9721688052,883.485146847416,751.139924181906,1e+09,954.871212572669,1355.77363283846,802.334625826407,856.205592249899,518.851936586923,408.307092150014,478.604156166659,966.110069816064,814.936416108644,1085.33219006901,722.457932823774,706.147695457544,608.937368536371,469.354055165181,673.743678931387,743.851293606457,984.762972648749,1546.52066374814,814.454428804952
923.109731017933,1820.21779172164,1335.25559620621,2475.63439930051,2563.60038223589,2158.01444457631,510.780788303554,2062.32594739532,971.71255724108,1498.08112477262,1678.97199818818,1338.04910115436,1334.70751462633,915.842035451529,1133.76333985537,1082.59955209671,1217.12697308046,1664.0130121186,755.900731445605,1992.51921797507,1300.94098451851,1356.03059515632,1573.56795715978,1106.37590343427,1730.30449976298,1397.38274774666,1705.46738195135,1328.84675643958,1481.80272286833,990.252836350394,973.489209339271,857.913025137164,1700.35214196942,1443.12986924254,954.871212572669,1e+09,1998.04219642629,1584.64750294821,1426.03114369918,1018.36374498506,907.541043865235,934.72326305704,1066.68409906589,1031.66179521198,742.690876071599,953.208344644549,868.358518124859,730.644920737837,898.229239726697,888.332316591038,1157.67747131919,843.646456698539,1707.82402044239,1150.26270764552
1975.09374359801,1851.28909600851,1645.99194442136,2700.27081040032,2620.70469589765,2311.74543509877,1747.75271826423,2644.25063059461,1413.4014833019,1829.70318803351,1742.31367910603,1536.6466585393,1252.6818387364,1456.86224393386,1804.08810912882,2424.38041068228,1163.65968766646,1489.37031459607,1348.17760844037,1463.43180329662,1755.69876433858,1346.68093307212,1336.35752203518,1311.70051627649,2218.79409982089,1479.28819132717,1656.78632158767,1147.80090773618,1743.33445810034,1436.12568238299,1411.03625871202,1603.85909892359,1216.26910903796,1225.02789870272,1355.77363283846,1998.04219642629,1e+09,681.695259995256,1151.23096531495,1565.62094205462,1391.20795361441,1304.37518766649,1504.52917243236,1962.58433332176,1936.67583418083,1506.10234486239,1318.95597951562,1751.14804459817,1418.96610812239,1400.84259030057,1001.0702953839,1813.51109177749,1962.08846806152,1266.51287482599
1503.76754835979,1289.96443590511,1055.36490561322,2247.82410303831,2219.20785556468,2020.6529349198,1281.26424155987,2073.9587576179,941.225876662983,1256.94983678745,1106.35812443349,904.251553440745,1245.77228777975,960.411045802785,1251.1875671537,1973.07876776372,820.508379360016,1116.66477239143,1035.32270515043,941.755088969526,1225.61972006002,757.226065055872,733.164658722718,670.54241215601,1649.50847075727,1303.42520901661,1324.29749101174,622.80174622427,1254.94116017445,953.471187870929,917.160152154464,1430.48891442751,601.268684948751,988.325474982812,802.334625826407,1584.64750294821,681.695259995256,1e+09,941.907377930548,987.769048057288,812.668916410613,796.316011329673,1120.83750945443,1456.49087779498,1544.04281786484,1221.07187089868,1026.36366264595,1168.31752507612,846.940788662348,904.981521745058,801.933744769479,1309.71996193843,1476.36558853151,852.379238484842
1625.84587298428,1810.65281915115,1384.88138069656,2349.85898836505,2260.60441877831,2003.02100802762,1174.5081978854,1860.60487452334,590.791979380221,1139.70366499367,1317.60343499097,1246.8248325647,1422.48968024376,1234.13333651595,1200.38318023871,1421.95557940465,1155.28209472838,936.485739934143,840.606948222533,1463.71601774388,1011.40276299801,962.626250628976,1310.94389330741,1080.15896473621,1989.86335709264,1351.12257108672,1475.50548806163,576.615682495716,1355.44594650617,778.714368237803,1160.81852978836,1050.11343020647,1146.72483512829,759.328539237134,856.205592249899,1426.03114369918,1151.23096531495,941.907377930548,1e+09,1355.7812773084,1049.75412830815,790.757363354904,993.08366072552,1102.5958090343,1189.04009511875,614.18426835926,806.704650910109,1228.25367363587,993.183935985676,1279.35950307175,537.059190778819,1512.98568330966,2071.50090827883,984.234469930819
1201.16521186721,1309.40580928908,1022.6770573842,2377.36642032733,2369.36372769147,2235.35588112945,940.748872654121,1764.5086747874,901.213241247597,1078.90065840188,983.124816592481,889.504675086084,1506.75158134976,640.20508917065,934.266538788584,1596.05585763782,1105.08017686501,1476.51201512213,1027.91179373524,1355.79382661967,975.745184102899,669.359339891512,846.423358077978,481.517302908213,1299.18459858482,1553.59562686048,1679.62546116686,921.242060155744,1286.60409023133,931.842326576766,860.155416421939,1425.37575782669,1015.11309665475,1098.28753002117,518.851936586923,1018.36374498506,1565.62094205462,987.769048057288,1355.7812773084,1e+09,501.447064205186,804.024679098845,1242.39564354516,1088.49408753562,1360.59876690375,1165.42674252825,1003.72458020116,676.570429667156,658.601144396212,599.612117789492,1126.50438396839,908.955178322892,1320.61118460355,1010.10812683593
952.61248354197,1090.92246406424,707.504171365795,2016.56887328452,2008.77057134457,1778.07303919159,620.081792508053,1804.13071793593,628.029460455479,930.727006538437,992.853141708279,661.550858967019,1227.144035352,324.742462268179,645.3328944816,1437.69408035924,731.738100347385,1045.55818690305,656.975672228432,1226.22511721951,839.679994462176,619.574852701431,876.352031377802,263.944512350608,1165.55648297283,1104.95170926154,1265.87971584981,639.911047724604,1162.66422349705,480.672971988232,576.209252095105,1079.63885322824,815.421766572367,1077.4612830167,408.307092150014,907.541043865235,1391.20795361441,812.668916410613,1049.75412830815,501.447064205186,1e+09,337.484699801339,755.711943732531,872.268742418299,994.125934426821,946.896863338347,671.100258456216,420.469926510803,199.47742178001,480.539893661286,788.971858243372,621.685697277973,1181.68272742729,538.587867575942
955.451209324683,1194.7509979071,732.066200490092,1932.86315834826,1943.37390882455,1637.35293626634,553.065057294348,1816.19076580628,447.327521174363,944.799863727763,1080.91360052504,697.30305592332,1123.60668443188,524.393802976351,690.83049664878,1318.6476423594,632.292762650341,844.617657049626,458.03299608216,1228.91536238262,848.344010351933,719.443879187251,977.626063022053,468.309898891749,1345.94290629283,946.298245586454,1093.3415716966,510.519104833502,1100.28037835817,264.31076860393,550.523199329511,878.509635120754,846.663774706347,1038.4828229682,478.604156166659,934.72326305704,1304.37518766649,796.316011329673,790.757363354904,804.024679098845,337.484699801339,1e+09,498.451925565546,832.229140081024,798.972803980211,773.298020558698,532.905392635503,522.764040940078,229.776421331694,633.401498261569,575.046487946844,735.783149440105,1345.94290038619,415.199526372562
846.621131971084,1241.40951643686,777.80306389214,1679.72579976614,1791.29182016778,1283.56700884683,603.45180727213,2094.81169270653,805.759427931191,1268.14532621463,1454.92664361472,900.832381245257,1039.14302364978,795.403051226232,921.790658555401,1397.50269201887,601.474596304782,839.428026873061,560.456838124043,1426.73675616772,1212.14958573602,1185.79001159565,1325.12549858495,885.269347656407,1461.79350549248,649.021788000989,792.999056052402,900.890361642303,1236.71547556421,528.922943442615,684.242576795686,793.609358500768,1138.71001800283,1459.16902136113,966.110069816064,1066.68409906589,1504.52917243236,1120.83750945443,993.08366072552,1242.39564354516,755.711943732531,498.451925565546,1e+09,1069.92746693409,611.882079652608,1031.1521910465,747.510245414737,762.77976742963,599.896910060387,901.714366581791,789.395104874612,756.191769526752,1355.8029891544,494.394703248326
1426.35931959657,1613.74515472549,1266.54167215295,2139.51684431322,1936.33590461469,1870.07404909538,913.548217446676,1477.26209983198,732.20962039569,636.007205383713,1141.99793598763,1222.87512535009,1847.08375199935,988.955199895324,491.792088285283,994.085454827703,1445.47242059473,1055.29775191649,1011.66603555719,1743.01644711116,449.992444047675,891.333002362192,1504.7183849146,1032.51121795359,1367.74078180041,1511.33961848421,1732.26673915999,908.833846200723,1570.44549048988,643.207182640244,1264.80784382451,1214.67536938888,1310.5207181117,1165.70598205551,814.936416108644,1031.66179521198,1962.58433332176,1456.49087779498,1102.5958090343,1088.49408753562,872.268742418299,832.229140081024,1069.92746693409,1e+09,1007.1907141649,834.789553001234,900.295661491268,806.343054226922,863.743487732324,1276.68587593033,1100.82410715791,1139.80406675884,1865.03136866381,1026.04473640285
