1e+09,11897.281930895,6945.04918236005,12166.3759972598,14965.5722075369,12291.4794758849,5271.41951547209,6461.6285154905,2941.5316865028,1388.20302686603,2307.9896944094,4921.78906304405,5614.27497008296,1060.60508064972,3416.1042215073,1809.60560012396,3881.28339266795,4391.9091294675,4324.14916318806,4238.20556634527,3859.6772005182,4513.40882972061,4528.75586414194,1313.404172142,4707.55148428565,7132.81245114436,5848.93317278459,1427.71748861601,1625.59474894575,2351.39990246236,2937.92093043703,6552.4657411924,8426.68230635284,5546.99864762017,1834.03344301569,3894.57588358476,2234.05342138455,3514.49867540166,4035.1790399188,4514.06640431884,5317.86371588254,4199.51518237522,3442.98280862685,4901.31608462462,5444.50615573167,5197.49410875087,5823.54230184687,4882.52302894723,2928.49943366906,3656.54817256658,3665.10147852689,4465.19227338532,3515.52398378961,6925.33128772913
11897.281930895,1e+09,5091.19355153583,1261.60129418925,3379.25448361025,1131.01850705459,17089.4847634532,18180.358442737,13542.6157805684,11428.1395458053,10234.8708149688,16605.4120580882,17295.2996722375,12660.0906840394,14979.3740413009,12296.0155834644,8023.29793895254,8635.38825168272,15900.8717119188,15936.3204550235,14970.3739115628,16108.7773011113,16219.2702537445,10808.4905130735,7223.17574807647,4862.35205265929,6199.30751030307,12464.1699830394,13050.331598584,10575.8962766992,12172.1949331294,17291.5710738065,20015.7794540408,17142.8079685885,13082.2980571878,15603.5911704582,13433.9838225078,15161.8366629245,15577.9814393201,16250.4030914498,16928.0079177409,15094.0469973165,14828.889030885,16319.1832096034,16868.5520900817,16581.9810027481,17259.4694244696,16362.0567103222,13429.3777557264,14711.2668419514,14846.5198001788,16145.3224393228,14957.5473335838,18531.6456023366
6945.04918236005,5091.19355153583,1e+09,5589.41006864768,8342.33936133025,5428.10723067443,12091.1682536924,13155.1838376056,8488.47071983523,6383.84579943783,5181.45062972716,11547.8150756453,12245.1301822112,7710.57937585108,9954.63729061989,7242.22474981273,3132.41564933519,3776.56046347732,10845.4657996372,10901.8647102136,9931.3983499908,11056.487358524,11165.7214831555,5809.31023602631,2556.10437666383,740.896521114791,1265.85868101459,7451.6827426629,8028.78564654706,5581.01860999406,7184.34464556789,12264.6322768805,14952.7351307579,12112.8086453927,8089.90092206944,10598.7978011659,8410.22346141885,10126.7355850541,10549.3171425169,11226.0192207389,11881.6751062845,10105.8558860099,9801.53762236824,11288.3818284907,11831.918463884,11561.7560436769,12234.8504831649,11332.0865554495,8483.7481718283,9731.54264749942,9824.70836585494,11130.1367720392,9941.11688737236,13496.0104544343
12166.3759972598,1261.60129418925,5589.41006864768,1e+09,2888.30488229688,2114.55945170619,17380.6621444351,18545.855451704,14014.8897242897,11829.1287925908,10670.9916878704,16945.7026429712,17656.7995183159,12919.3939201264,15346.0599175717,12703.3486073673,8337.97855952509,9244.56794713523,16290.0377520496,16273.9889982727,15423.5828192447,16481.6319326607,16576.3617196446,11143.1403863319,7491.64304617485,5370.14975901976,6679.6591584152,12854.66869752,13409.4469255633,11052.2758318909,12689.6135192448,17822.6571553066,20405.5897847551,17537.4329585718,13456.9220514945,15893.3834803764,13831.665558446,15508.5194066842,15945.4508109837,16573.3001042671,17291.5279139699,15552.4290721128,15227.9341911108,16711.3127149635,17279.862757554,16985.4823957579,17660.9760908988,16748.2501731226,13873.5835619965,15141.4061525276,15239.5429935021,16454.0617937517,15320.6167869802,18904.6476122857
14965.5722075369,3379.25448361025,8342.33936133025,2888.30488229688,1e+09,3533.88324760454,20157.8740538505,21336.5153567775,16787.8181586143,14610.4430885172,13459.7859451887,19769.0465768458,20459.2615820146,15744.9940180078,18158.7135183856,15513.7526720584,11130.5436499212,11927.1172814515,19087.1334823514,19095.3285624836,18210.6125172549,19290.0003681597,19379.9411517063,13953.5447149748,10291.3314833893,8120.2143188342,9455.97811374899,15637.0239456778,16218.0467433782,13799.4650415913,15465.735110272,20591.8777329388,23224.025151149,20309.4491547432,16254.353846982,18730.8093443396,16619.0390225729,18326.668628215,18766.8121188869,19397.75843385,20115.1590852248,18347.7422339535,18028.758531194,19534.0358447403,20091.2368805109,19797.6560805995,20477.975215885,19568.6040671991,16662.3310079472,17937.5591302914,18071.4258966995,19293.2136509266,18146.8679510928,21726.9412811514
12291.4794758849,1131.01850705459,5428.10723067443,2114.55945170619,3533.88324760454,1e+09,17404.6399228309,18495.7720538803,13781.3347608641,11744.2418554839,10525.4285413944,16926.5256591777,17629.3590861154,13038.2766524184,15307.8049896156,12581.833304344,8420.03636778963,8863.7941272234,16207.2412675569,16283.1036861312,15240.5569865179,16432.3693155278,16530.2870435664,11173.6948629493,7678.62196526825,5214.73118529613,6540.79589479751,12782.4178280871,13394.56856456,10873.7272641721,12417.343631212,17488.612403933,20317.2656937714,17435.2822169244,13427.4152778411,15956.5293085652,13711.4501140725,15482.5808649818,15908.7793716709,16601.8906289826,17245.9779896705,15358.7980173743,15132.4030654222,16644.1417227894,17168.1919382706,16851.1301974437,17545.101389821,16666.3811831453,13712.708963983,15009.1344588421,15156.2027419074,16502.6690568768,15299.9823623853,18831.0840587445
5271.41951547209,17089.4847634532,12091.1682536924,17380.6621444351,20157.8740538505,17404.6399228309,1e+09,2020.72151804745,4369.57006786709,5821.49068317557,7051.45007816123,1814.90118546438,1960.65965720724,4608.02272294745,2776.59469975364,5148.66001568369,9082.1698877581,9070.36958367188,2173.48264092447,2118.34580550485,3327.64102166986,2229.45412872748,1678.06443246378,6373.68803248951,9936.42285256118,12289.4117894918,10990.6263645982,4824.60599116653,4299.79957475927,6854.17784604397,5939.04946827352,4125.32352888837,3986.96081374021,1866.78514044868,4385.66358655107,2287.67217658038,3953.54293214327,2455.90915888597,2585.95018627583,1933.65548655907,2131.52437424487,3686.25393980122,3058.56028846907,2772.24030165136,2638.63569021947,2484.93133844781,2594.92419513557,2448.74702701198,4653.00697488194,3623.42135885409,3473.74605997618,2222.4636983762,3128.49048045539,2732.01706610702
6461.6285154905,18180.358442737,13155.1838376056,18545.855451704,21336.5153567775,18495.7720538803,2020.72151804745,1e+09,4928.43655482142,6778.90703812938,7997.22194635737,2025.36687172966,1448.38865623147,5776.86474052319,3288.1895570055,6022.32077176233,10220.8349361488,9851.73158711198,2388.19470083576,2468.43965387044,3470.84702638996,2262.64117689925,2191.54843537623,7412.3083769363,11065.5769684459,13335.1669729554,12004.4985061476,5719.10764244738,5158.45199016139,7679.04061368997,6409.28720728756,3146.40786508997,2394.57924579664,1262.38225340029,5123.48724662217,3030.00044082505,4815.16720382584,3143.89147179097,2788.86114021477,2193.39309741779,1662.18607234569,3586.47096115387,3435.24872245082,2350.99135600282,1811.78917923692,2194.68858649695,1737.35391512495,2157.33167602944,5044.60936549105,3737.13752785471,3714.962234411,2536.26227379977,3432.36065698231,1222.12191756797
2941.5316865028,13542.6157805684,8488.47071983523,14014.8897242897,16787.8181586143,13781.3347608641,4369.57006786709,4928.43655482142,1e+09,2361.16205905059,3369.01595701178,3493.22797435266,4173.98428226557,2672.31531683669,2166.46512141322,1677.45024209364,5842.44650199726,5082.33779263047,2651.75905398662,3039.96593841115,1649.79949378705,2889.95025595597,3135.29280653339,3194.21029597301,6726.69794295091,8716.2358458167,7373.96939815999,1701.86137097003,1631.81768776417,3107.50772494615,1727.15912689017,3953.08437701499,6634.25379296722,3831.23969017862,1627.56786727927,3074.55517073609,1154.8415653673,2285.79646077686,2609.57976848764,3345.74711786471,3695.84406199721,2029.32028617959,1711.83197697671,3215.09882904087,3548.11605304843,3390.46867356122,4027.0881380099,3157.66141023701,1547.60789190932,1898.1426485383,2032.01196182503,3411.78198336295,2176.04119315329,5220.46212231254
1388.20302686603,11428.1395458053,6383.84579943783,11829.1287925908,14610.4430885172,11744.2418554839,5821.49068317557,6778.90703812938,2361.16205905059,1e+09,1307.88328366869,5252.28619280214,5926.93164958902,1972.83905159544,3657.1783048137,1275.49105359465,3549.78942600825,3328.67209648232,4489.59170178091,4606.34394119675,3686.32399023743,4716.98322905647,4837.85486905095,968.40784094306,4439.79225376593,6598.24557571177,5263.75595398381,1139.66609552974,1755.51510155851,1175.96375475607,1872.87921129474,6255.84598804191,8657.49953270574,5736.70579047767,1843.89529146858,4409.08416928051,2126.57186288167,3822.24175232284,4270.52887040938,4927.23769150627,5574.12534899423,4002.70548202088,3482.0303006005,5053.09783107353,5548.4047269463,5332.46791269296,5987.79295500437,5055.16637136702,2565.61572134254,3569.4887183601,3700.20982673956,4912.97749167447,3705.83576363012,7189.83286894765
2307.9896944094,10234.8708149688,5181.45062972716,10670.9916878704,13459.7859451887,10525.4285413944,7051.45007816123,7997.22194635737,3369.01595701178,1307.88328366869,1e+09,6423.95398968579,7129.70053090591,2916.68677869256,4811.74323102345,2113.15209213629,2530.50436263208,2252.19637665102,5686.79591047542,5786.24873859567,4772.32410365222,5914.02550010566,6031.36725452032,1105.18035184308,3416.18719795915,5390.77417196269,4046.35700276187,2341.21931450259,2924.60111104062,910.63921121375,2296.95773766084,7227.0167076879,9808.59917839953,6962.86106549599,3002.24675394945,5543.4284900141,3253.09687828383,4986.43555282729,5408.78769584276,6113.64870157748,6730.89790757518,4989.4729143167,4635.15315442759,6159.39973399194,6671.63014528683,6403.59497741698,7077.72871838841,6171.23858763377,3441.98571799768,4609.81568050177,4711.63780452191,6050.12576740352,4825.64647937455,8330.13349718359
4921.78906304405,16605.4120580882,11547.8150756453,16945.7026429712,19769.0465768458,16926.5256591777,1814.90118546438,2025.36687172966,3493.22797435266,5252.28619280214,6423.95398968579,1e+09,1195.22662503811,4175.87022947313,1844.8254532882,4385.5839065169,8658.0702882744,8407.67636812931,1109.18277384748,905.529949311452,2260.37739023819,909.229435896133,780.630138862189,5837.59372237397,9520.36143622184,11774.558200336,10430.6277485298,4289.80673949305,3624.45699589608,6256.29928334635,4963.614724956,2938.00169114996,3563.12196079506,1654.52679742578,3726.76442016396,1379.79961976368,3388.38503070416,1542.2824635909,1341.31552742075,773.325487553592,708.381885426216,2564.40688388173,2117.82657949134,1259.5338580205,1332.48328195891,1483.89163580094,1566.00760722929,1107.16732172694,3814.58529770931,2651.57644396687,2156.28550975978,955.092286954512,1939.540732158,2178.93965522224
5614.27497008296,17295.2996722375,12245.1301822112,17656.7995183159,20459.2615820146,17629.3590861154,1960.65965720724,1448.38865623147,4173.98428226557,5926.93164958902,7129.70053090591,1195.22662503811,1e+09,4966.22434412704,2472.58610003777,5121.42633959525,9349.27404624017,9040.83017171543,1560.6606533132,1537.4388790778,2739.87850236101,1520.12785511614,1259.73859808295,6562.30868300936,10218.6344732112,12462.0880168493,11122.5230442108,4940.0404066971,4310.14744410212,6867.5417571064,5638.0662559782,2890.20427897407,2904.7734247786,1515.77319840404,4383.69551634235,2356.12457868849,4122.71802415591,2384.07059457139,1975.48333997025,1499.6363502863,1173.39350168645,3121.7142420952,2807.88904495886,1546.84712467005,1418.96608151851,1872.5420077531,1563.95358406188,1660.61933612132,4488.27000106945,3195.54474035336,2920.02347692617,1771.94945345515,2695.82439340919,1873.90614778329
1060.60508064972,12660.0906840394,7710.57937585108,12919.3939201264,15744.9940180078,13038.2766524184,4608.02272294745,5776.86474052319,2672.31531683669,1972.83905159544,2916.68677869256,4175.87022947313,4966.22434412704,1e+09,2707.42797774936,1671.19458385312,4677.90635899224,5098.50525999533,3702.09476658824,3506.40047015454,3311.0261493833,3862.89007468502,3847.62488864234,2007.75911550664,5484.08851765724,7877.19214585375,6585.10252529146,1486.46221748149,1236.24204405933,3015.13446535971,2926.65202673635,5961.53827784407,7693.42359246519,4949.74999914137,1524.88175174339,3029.7241299993,1782.93907273917,2752.55094853846,3291.36323545427,3751.50842937877,4559.50169911143,3551.54529759934,2815.34166782648,4173.03472062,4728.10599237158,4397.66457986509,5032.97976192037,4108.43741725489,2477.3116736293,3030.81704693635,2899.66267186375,3634.69340247565,2787.18661630326,6130.32794061623
3416.1042215073,14979.3740413009,9954.63729061989,15346.0599175717,18158.7135183856,15307.8049896156,2776.59469975364,3288.1895570055,2166.46512141322,3657.1783048137,4811.74323102345,1844.8254532882,2472.58610003777,2707.42797774936,1e+09,2806.17659946768,7046.49887937265,6780.43702614367,1162.74770793152,1082.73099918678,1134.13762930255,1413.95729963815,1451.50088391292,4235.03437086407,7896.54936046119,10129.0933644527,8793.57316104779,2613.38136231588,1957.2235326094,4589.43796839003,3412.09296873635,3500.10637542632,5130.85802960869,2517.57086106826,2016.40250532973,1295.82046804332,1809.72605805409,556.774052915543,675.529415051632,1432.83103044288,2048.95629575157,1524.71377320466,790.958140927824,1551.94596490986,2067.86092849592,1871.68581901451,2425.48081674541,1516.86363625739,2167.27108696628,1181.41662867085,981.011196623158,1462.52572685064,751.021919120874,3601.29165158836
1809.60560012396,12296.0155834644,7242.22474981273,12703.3486073673,15513.7526720584,12581.833304344,5148.66001568369,6022.32077176233,1677.45024209364,1275.49105359465,2113.15209213629,4385.5839065169,5121.42633959525,1671.19458385312,2806.17659946768,1e+09,4479.45166392049,4201.80836420463,3697.76571855222,3770.92528870568,2827.24376833693,3947.76706255574,4003.98783010139,1841.07082460181,5372.49020043778,7448.14762713522,6106.88496108286,1063.42245147448,1187.46667170073,2170.53412843475,1541.06783877284,5339.68690468833,7758.09221065334,5061.23090013684,1470.26268159809,3569.52095802784,1446.10242597127,2971.45825688331,3383.80026913528,4119.92052437908,4698.40225656552,3116.12904668597,2715.83997678435,4132.89540661266,4658.70910912025,4344.33028460084,5016.44787418349,4136.12504574028,1928.34520058002,2759.49316764873,2687.81711351424,4031.06856638535,2882.48269427589,6278.26188397713
3881.28339266795,8023.29793895254,3132.41564933519,8337.97855952509,11130.5436499212,8420.03636778963,9082.1698877581,10220.8349361488,5842.44650199726,3549.78942600825,2530.50436263208,8658.0702882744,9349.27404624017,4677.90635899224,7046.49887937265,4479.45166392049,1e+09,2437.86831258376,7977.30047049125,7978.95408025388,7179.9047167076,8192.76147568083,8255.12921740175,2850.32965433825,968.619341330741,3280.80729153664,2092.03652336665,4546.45489313377,5104.91653761352,2973.22852110294,4764.57204843205,9727.3815934351,12125.8504614481,9225.63400518902,5181.06867318896,7646.92421277993,5542.40526910474,7207.85892456283,7666.63453662688,8286.34207850485,9011.5856331447,7391.08769147005,6952.82715278469,8466.76003492481,9018.33260100779,8727.94586678332,9400.53384004334,8482.3168348512,5757.3388131497,6936.39898840169,7041.77414993551,8202.21438253719,7079.48787714196,10622.1621535448
4391.9091294675,8635.38825168272,3776.56046347732,9244.56794713523,11927.1172814515,8863.7941272234,9070.36958367188,9851.73158711198,5082.33779263047,3328.67209648232,2252.19637665102,8407.67636812931,9040.83017171543,5098.50525999533,6780.43702614367,4201.80836420463,2437.86831258376,1e+09,7573.59178569852,7775.17347389111,6535.1052028946,7792.62551572318,8008.71845909819,3161.48944007409,2915.16661535837,3963.99526451534,2743.11202202899,4309.48185572233,4966.56291768261,2267.4682016293,3712.97045978015,8758.26573621742,11639.483537301,8748.15991481637,4916.10585136244,7615.05953754138,5210.31064497118,6998.35125629602,7350.03606922442,8098.97114425653,8642.08027793077,6679.47616729785,6490.05722469379,8022.07924095119,8480.39770684724,8291.3026864058,8944.38129820615,8057.05541649678,5113.98824784532,6362.27691722075,6620.3644875339,8079.49945560986,6740.3402644006,10209.1078889832
4324.14916318806,15900.8717119188,10845.4657996372,16290.0377520496,19087.1334823514,16207.2412675569,2173.48264092447,2388.19470083576,2651.75905398662,4489.59170178091,5686.79591047542,1109.18277384748,1560.6606533132,3702.09476658824,1162.74770793152,3697.76571855222,7977.30047049125,7573.59178569852,1e+09,837.982634724611,1318.80524653946,579.045372401853,696.398406589217,5168.81764599023,8850.00781341463,11055.9591038815,9713.36070898224,3491.06576744123,2914.32779667971,5414.44555920549,4159.58913055124,2740.10584693365,4197.17395058866,1526.3856989634,2953.37147280866,1577.82128148279,2616.47425852042,1085.39675285123,881.02918345535,1075.38148751966,1283.21098366559,1843.84153969369,1305.78576290294,1143.81906012271,1328.47963337795,1470.05161514826,1820.67420355757,1064.01360597504,3022.16416197069,1847.21615833123,1680.62009133534,1396.42808314643,1429.18842351175,2803.85777590448
4238.20556634527,15936.3204550235,10901.8647102136,16273.9889982727,19095.3285624836,16283.1036861312,2118.34580550485,2468.43965387044,3039.96593841115,4606.34394119675,5786.24873859567,905.529949311452,1537.4388790778,3506.40047015454,1082.73099918678,3770.92528870568,7978.95408025388,7775.17347389111,837.982634724611,1e+09,1792.27407284712,827.986778759178,763.950525361427,5161.50111769822,8826.98017858882,11101.1570163384,9762.10686742877,3605.08883425915,2910.99110675385,5585.45647995757,4388.64912704354,3260.13258949694,4209.26357580515,1949.65270038025,2998.94924116765,992.798656928987,2801.03910872376,953.426330452437,643.12189528891,504.617744039981,1192.56619837223,2141.26099394726,1555.2907175509,1041.66468414745,1499.82551811869,1560.27106257214,1834.08815093495,1057.62587865464,3178.78962238774,2027.48076161033,1605.02028420204,654.55107783885,1281.61868330639,2760.38588153903
3859.6772005182,14970.3739115628,9931.3983499908,15423.5828192447,18210.6125172549,15240.5569865179,3327.64102166986,3470.84702638996,1649.79949378705,3686.32399023743,4772.32410365222,2260.37739023819,2739.87850236101,3311.0261493833,1134.13762930255,2827.24376833693,7179.9047167076,6535.1052028946,1318.80524653946,1792.27407284712,1e+09,1641.11163983441,1874.62718576255,4427.72209767054,8051.24950291568,10119.1986196042,8777.46399105687,2722.74802736133,2275.38245506113,4463.97738089028,3005.92860093183,2764.95211052561,5150.31623217449,2523.50453185644,2244.59680840457,2209.29072337708,1874.58831891165,1390.72371468959,1291.9880986294,2110.98906018009,2297.84735065234,938.800466872487,863.475713787018,1700.88466169814,2005.10169567531,1913.68708521012,2472.5290982312,1690.04464485409,1977.19830037354,978.356971202229,1163.9930261389,2235.30833682962,1311.49754182004,3727.47889539297
4513.40882972061,16108.7773011113,11056.487358524,16481.6319326607,19290.0003681597,16432.3693155278,2229.45412872748,2262.64117689925,2889.95025595597,4716.98322905647,5914.02550010566,909.229435896133,1520.12785511614,3862.89007468502,1413.95729963815,3947.76706255574,8192.76147568083,7792.62551572318,579.045372401853,827.986778759178,1641.11163983441,1e+09,948.707923968173,5357.64056478222,9045.83440226495,11275.8281111322,9927.21299703497,3740.1264452823,3124.44212953289,5652.31540109892,4347.21401367589,2772.30674246195,4006.72871240367,1465.10590589896,3136.21923715483,1459.56301028767,2886.25600978153,1237.94044679056,971.580039626175,842.940393147701,991.763237723601,1982.76191359427,1458.80836154034,1064.32693877398,1199.89697074374,1592.08914860318,1805.98714928983,977.214913721644,3193.21836415864,2026.77523433162,1762.45686134441,1207.70554089149,1395.68824928778,2611.54913666199
4528.75586414194,16219.2702537445,11165.7214831555,16576.3617196446,19379.9411517063,16530.2870435664,1678.06443246378,2191.54843537623,3135.29280653339,4837.85486905095,6031.36725452032,780.630138862189,1259.73859808295,3847.62488864234,1451.50088391292,4003.98783010139,8255.12921740175,8008.71845909819,696.398406589217,763.950525361427,1874.62718576255,948.707923968173,1e+09,5466.38110897877,9134.09160433592,11378.4147437242,10043.7426234497,3844.9819491774,3232.25665549628,5823.77407995022,4650.29684277251,3010.85698947991,3962.34217230163,1606.960850581,3345.56776169606,1463.09855669398,2960.04702043734,1255.50451938653,1145.56800383041,950.624915095328,1200.26180273305,2364.6360066192,1821.42040427245,1339.46480289704,1502.8589888609,1446.49220692681,1726.88510602182,1217.63691772219,3502.56824430303,2351.24112729852,2029.58833813658,1209.90114682977,1826.46454676788,2586.70290555371
1313.404172142,10808.4905130735,5809.31023602631,11143.1403863319,13953.5447149748,11173.6948629493,6373.68803248951,7412.3083769363,3194.21029597301,968.40784094306,1105.18035184308,5837.59372237397,6562.30868300936,2007.75911550664,4235.03437086407,1841.07082460181,2850.32965433825,3161.48944007409,5168.81764599023,5161.50111769822,4427.72209767054,5357.64056478222,5466.38110897877,1e+09,3695.74602750243,5995.07074738906,4674.82387887501,1806.66848013132,2284.60150021836,1376.77591695236,2480.16712789683,7046.11016504142,9306.32068164428,6431.5107921001,2381.22687762002,4837.66157776668,2790.71176548206,4381.6971540717,4843.4953940104,5455.87588672983,6171.94245915336,4654.77652993138,4129.62418293723,5655.94232894926,6197.83108488768,5946.02091853872,6602.30763412309,5655.48272390607,3112.94059750584,4182.32237022686,4248.01247699439,5385.61378183583,4239.9797213666,7791.87939931054
4707.55148428565,7223.17574807647,2556.10437666383,7491.64304617485,10291.3314833893,7678.62196526825,9936.42285256118,11065.5769684459,6726.69794295091,4439.79225376593,3416.18719795915,9520.36143622184,10218.6344732112,5484.08851765724,7896.54936046119,5372.49020043778,968.619341330741,2915.16661535837,8850.00781341463,8826.98017858882,8051.24950291568,9045.83440226495,9134.09160433592,3695.74602750243,1e+09,2601.4010511261,1631.40846874717,5408.14798128712,5956.23430472644,3806.42770674815,5574.3093273786,10609.697512394,12990.7866391455,10079.5906799185,6000.63877743862,8465.64862149381,6410.53523887046,8060.42886068725,8509.97232631223,9118.25122425347,9858.59271019449,8215.53746020308,7795.37457843432,9310.12553688725,9866.74479675034,9583.9542874275,10252.2971098481,9324.80108637176,6543.23200797588,7751.90359374393,7877.00606506685,9027.34626559212,7898.7323451045,11466.2092162667
7132.81245114436,4862.35205265929,740.896521114791,5370.14975901976,8120.2143188342,5214.73118529613,12289.4117894918,13335.1669729554,8716.2358458167,6598.24557571177,5390.77417196269,11774.558200336,12462.0880168493,7877.19214585375,10129.0933644527,7448.14762713522,3280.80729153664,3963.99526451534,11055.9591038815,11101.1570163384,10119.1986196042,11275.8281111322,11378.4147437242,5995.07074738906,2601.4010511261,1e+09,1362.27474222346,7620.36428153537,8210.23430573087,5754.01903483991,7370.04351210358,12492.3002590836,15173.7189617378,12307.8184706592,8245.58812134708,10790.7016716523,8584.47025631751,10319.305166134,10731.1404058003,11420.5525218967,12086.3169703719,10252.3297202051,9981.78953607518,11476.4413744767,12018.9472222404,11723.0692261583,12402.0625555994,11510.4546843033,8596.19005896217,9863.67633965653,10005.9555527446,11322.5029305317,10124.204356205,13679.2331000097
5848.93317278459,6199.30751030307,1265.85868101459,6679.6591584152,9455.97811374899,6540.79589479751,10990.6263645982,12004.4985061476,7373.96939815999,5263.75595398381,4046.35700276187,10430.6277485298,11122.5230442108,6585.10252529146,8793.57316104779,6106.88496108286,2092.03652336665,2743.11202202899,9713.36070898224,9762.10686742877,8777.46399105687,9927.21299703497,10043.7426234497,4674.82387887501,1631.40846874717,1362.27474222346,1e+09,6296.08141049653,6875.80624941541,4432.32141397711,6033.4717097207,11154.4838222573,13822.8565889074,10977.2330940543,6916.21269921624,9463.10653469039,7259.9861994979,8983.35982403577,9389.50713635705,10083.2192767142,10739.1946978533,8919.64868121497,8641.04709064822,10129.188758647,10672.1543765493,10392.7193021461,11065.7385620798,10167.9690029573,7277.31105304013,8534.27563861163,8660.20795627911,9986.88724358096,8779.13953206691,12338.1759938696
1427.71748861601,12464.1699830394,7451.6827426629,12854.66869752,15637.0239456778,12782.4178280871,4824.60599116653,5719.10764244738,1701.86137097003,1139.66609552974,2341.21931450259,4289.80673949305,4940.0404066971,1486.46221748149,2613.38136231588,1063.42245147448,4546.45489313377,4309.48185572233,3491.06576744123,3605.08883425915,2722.74802736133,3740.1264452823,3844.9819491774,1806.66848013132,5408.14798128712,7620.36428153537,6296.08141049653,1e+09,812.296760488431,2067.6504713805,1857.21115832315,5415.71932736548,7669.18004514824,4706.85884946638,820.202956956386,3441.19269868748,1122.907222481,2809.36971078924,3249.89477541966,3914.04491286189,4572.34757860773,3029.34645309842,2452.28321068346,4062.04324185502,4535.92026571235,4295.48806197852,4952.19403920121,4027.71860525286,1701.10245902473,2533.52206988611,2772.10463316232,3927.54932187999,2722.19416576041,6152.56014952312
1625.59474894575,13050.331598584,8028.78564654706,13409.4469255633,16218.0467433782,13394.56856456,4299.79957475927,5158.45199016139,1631.81768776417,1755.51510155851,2924.60111104062,3624.45699589608,4310.14744410212,1236.24204405933,1957.2235326094,1187.46667170073,5104.91653761352,4966.56291768261,2914.32779667971,2910.99110675385,2275.38245506113,3124.44212953289,3232.25665549628,2284.60150021836,5956.23430472644,8210.23430573087,6875.80624941541,812.296760488431,1e+09,2751.66342543924,2137.15888803336,4986.85450270007,7043.01786118706,4225.08682380611,537.932839023609,2724.58013620448,958.280273197774,2152.52312916726,2575.31618027768,3227.55656257175,3923.72809454223,2605.41431572792,1923.86926632243,3402.80565560245,3939.1837774341,3724.73495963136,4348.52241173942,3404.06122224616,1599.13733000015,2083.90132225593,2116.77980600251,3194.66793784581,2038.32423117619,5533.0007512922
2351.39990246236,10575.8962766992,5581.01860999406,11052.2758318909,13799.4650415913,10873.7272641721,6854.17784604397,7679.04061368997,3107.50772494615,1175.96375475607,910.63921121375,6256.29928334635,6867.5417571064,3015.13446535971,4589.43796839003,2170.53412843475,2973.22852110294,2267.4682016293,5414.44555920549,5585.45647995757,4463.97738089028,5652.31540109892,5823.77407995022,1376.77591695236,3806.42770674815,5754.01903483991,4432.32141397711,2067.6504713805,2751.66342543924,1e+09,2053.15503705882,6933.12358043617,9552.41800710689,6609.87759417676,2705.99037149063,5447.42999133537,3050.89446852886,4817.86007757594,5190.22444623544,5911.76867511746,6511.20552142228,4689.27631370769,4352.66839584639,5916.82075215229,6391.55726105149,6196.50589272697,6846.77248287834,5941.44580768856,3126.38097648063,4284.03407976641,4561.02289590833,5911.37300188374,4610.69575616306,8092.26594485747
2937.92093043703,12172.1949331294,7184.34464556789,12689.6135192448,15465.735110272,12417.343631212,5939.04946827352,6409.28720728756,1727.15912689017,1872.87921129474,2296.95773766084,4963.614724956,5638.0662559782,2926.65202673635,3412.09296873635,1541.06783877284,4764.57204843205,3712.97045978015,4159.58913055124,4388.64912704354,3005.92860093183,4347.21401367589,4650.29684277251,2480.16712789683,5574.3093273786,7370.04351210358,6033.4717097207,1857.21115832315,2137.15888803336,2053.15503705882,1e+09,5193.98276052203,8049.17614003446,5373.49947978038,2038.37285872826,4312.00244184764,2160.29643560785,3642.58612305873,3874.49651094178,4698.85317403087,5098.77306443423,3048.32368174707,3042.88555230065,4450.31337828023,4879.53687293169,4709.99475417967,5335.30467130978,4475.26567080659,1747.9992947653,2847.25036619543,3044.38041069115,4667.09533590219,3286.06467098565,6607.44218162369
6552.4657411924,17291.5710738065,12264.6322768805,17822.6571553066,20591.8777329388,17488.612403933,4125.32352888837,3146.40786508997,3953.08437701499,6255.84598804191,7227.0167076879,2938.00169114996,2890.20427897407,5961.53827784407,3500.10637542632,5339.68690468833,9727.3815934351,8758.26573621742,2740.10584693365,3260.13258949694,2764.95211052561,2772.30674246195,3010.85698947991,7046.11016504142,10609.697512394,12492.3002590836,11154.4838222573,5415.71932736548,4986.85450270007,6933.12358043617,5193.98276052203,1e+09,3570.75078498906,2735.82436450149,4966.49857551575,3888.01055318784,4516.06190273119,3506.81485132877,3087.45938345754,3330.41276305205,2592.06041303053,2808.34495813816,3325.28712904615,2487.667657968,2061.10681370471,2395.65798923803,2267.87127458769,2509.5837378139,4438.29533047318,3373.31942620322,3270.28574959437,3488.69795961187,3495.35195170672,2863.85184503319
8426.68230635284,20015.7794540408,14952.7351307579,20405.5897847551,23224.025151149,20317.2656937714,3986.96081374021,2394.57924579664,6634.25379296722,8657.49953270574,9808.59917839953,3563.12196079506,2904.7734247786,7693.42359246519,5130.85802960869,7758.09221065334,12125.8504614481,11639.483537301,4197.17395058866,4209.26357580515,5150.31623217449,4006.72871240367,3962.34217230163,9306.32068164428,12990.7866391455,15173.7189617378,13822.8565889074,7669.18004514824,7043.01786118706,9552.41800710689,8049.17614003446,3570.75078498906,1e+09,3371.41732665952,7070.19206193863,4774.37949260425,6747.15801937379,4990.72270025094,4513.96852764837,3989.45637336718,3188.45475456372,5216.99226721681,5310.4931897047,3759.00805537844,3241.17639254639,3704.94133037218,2979.81413735823,3772.84297051971,6881.2186778506,5540.20086550118,5264.17018447352,4135.98813398926,5174.25581920724,1806.40215893361
5546.99864762017,17142.8079685885,12112.8086453927,17537.4329585718,20309.4491547432,17435.2822169244,1866.78514044868,1262.38225340029,3831.23969017862,5736.70579047767,6962.86106549599,1654.52679742578,1515.77319840404,4949.74999914137,2517.57086106826,5061.23090013684,9225.63400518902,8748.15991481637,1526.3856989634,1949.65270038025,2523.50453185644,1465.10590589896,1606.960850581,6431.5107921001,10079.5906799185,12307.8184706592,10977.2330940543,4706.85884946638,4225.08682380611,6609.87759417676,5373.49947978038,2735.82436450149,3371.41732665952,1e+09,4157.88491324616,2530.24134586011,3799.98991660504,2364.72007918485,2147.00941085502,1768.76156694451,1423.50592917627,2745.92986143128,2467.42039466322,1961.86739325062,1469.93794858831,1864.67853792551,1810.99972001654,1676.22871407812,4091.14431826842,2882.07264807812,2991.53160524839,2235.12508446395,2658.72463679487,2073.86710029838
1834.03344301569,13082.2980571878,8089.90092206944,13456.9220514945,16254.353846982,13427.4152778411,4385.66358655107,5123.48724662217,1627.56786727927,1843.89529146858,3002.24675394945,3726.76442016396,4383.69551634235,1524.88175174339,2016.40250532973,1470.26268159809,5181.06867318896,4916.10585136244,2953.37147280866,2998.94924116765,2244.59680840457,3136.21923715483,3345.56776169606,2381.22687762002,6000.63877743862,8245.58812134708,6916.21269921624,820.202956956386,537.932839023609,2705.99037149063,2038.37285872826,4966.49857551575,7070.19206193863,4157.88491324616,1e+09,2833.32708748919,986.190563887122,2243.85696101601,2614.5999653293,3274.24958869968,3947.20467607141,2456.0715205588,1838.9736346669,3421.26184991737,3910.78692358712,3740.21035293471,4356.35469360565,3397.15411627144,1271.34197205158,1899.05151330868,2164.94871237173,3286.8555609275,2016.20729988263,5529.32775117374
3894.57588358476,15603.5911704582,10598.7978011659,15893.3834803764,18730.8093443396,15956.5293085652,2287.67217658038,3030.00044082505,3074.55517073609,4409.08416928051,5543.4284900141,1379.79961976368,2356.12457868849,3029.7241299993,1295.82046804332,3569.52095802784,7646.92421277993,7615.05953754138,1577.82128148279,992.798656928987,2209.29072337708,1459.56301028767,1463.09855669398,4837.66157776668,8465.64862149381,10790.7016716523,9463.10653469039,3441.19269868748,2724.58013620448,5447.42999133537,4312.00244184764,3888.01055318784,4774.37949260425,2530.24134586011,2833.32708748919,1e+09,2624.29472213012,902.407580974362,1138.1855571918,940.35435395387,1719.44824199509,2353.2164345848,1666.18075294969,1758.12337769566,2167.70701618092,1973.63680607654,2381.1449141117,1547.67780839553,3053.79120422468,2181.7603239357,1627.80522302271,746.643420984877,1277.72413595424,3204.079611745
2234.05342138455,13433.9838225078,8410.22346141885,13831.665558446,16619.0390225729,13711.4501140725,3953.54293214327,4815.16720382584,1154.8415653673,2126.57186288167,3253.09687828383,3388.38503070416,4122.71802415591,1782.93907273917,1809.72605805409,1446.10242597127,5542.40526910474,5210.31064497118,2616.47425852042,2801.03910872376,1874.58831891165,2886.25600978153,2960.04702043734,2790.71176548206,6410.53523887046,8584.47025631751,7259.9861994979,1122.907222481,958.280273197774,3050.89446852886,2160.29643560785,4516.06190273119,6747.15801937379,3799.98991660504,986.190563887122,2624.29472213012,1e+09,1913.59330799415,2418.44327549769,3080.73964417638,3654.07815336509,2172.89853573516,1564.4223619918,3235.15792359508,3629.37654235545,3299.17617891194,3997.83569159614,3093.4559060701,1340.78255776244,1773.11569771969,1976.96034773083,3112.60179407839,1975.34230355146,5188.35943136171
3514.49867540166,15161.8366629245,10126.7355850541,15508.5194066842,18326.668628215,15482.5808649818,2455.90915888597,3143.89147179097,2285.79646077686,3822.24175232284,4986.43555282729,1542.2824635909,2384.07059457139,2752.55094853846,556.774052915543,2971.45825688331,7207.85892456283,6998.35125629602,1085.39675285123,953.426330452437,1390.72371468959,1237.94044679056,1255.50451938653,4381.6971540717,8060.42886068725,10319.305166134,8983.35982403577,2809.36971078924,2152.52312916726,4817.86007757594,3642.58612305873,3506.81485132877,4990.72270025094,2364.72007918485,2243.85696101601,902.407580974362,1913.59330799415,1e+09,750.275175518956,1199.67528448326,1848.91723240928,1733.81989387595,900.951661910893,1611.86515713939,2037.31484763647,1802.22047588523,2370.13665192537,1429.70040162266,2420.42955344707,1518.29448885913,1140.41523959477,1232.37071950773,846.570002775908,3434.81198713991
4035.1790399188,15577.9814393201,10549.3171425169,15945.4508109837,18766.8121188869,15908.7793716709,2585.95018627583,2788.86114021477,2609.57976848764,4270.52887040938,5408.78769584276,1341.31552742075,1975.48333997025,3291.36323545427,675.529415051632,3383.80026913528,7666.63453662688,7350.03606922442,881.02918345535,643.12189528891,1291.9880986294,971.580039626175,1145.56800383041,4843.4953940104,8509.97232631223,10731.1404058003,9389.50713635705,3249.89477541966,2575.31618027768,5190.22444623544,3874.49651094178,3087.45938345754,4513.96852764837,2147.00941085502,2614.5999653293,1138.1855571918,2418.44327549769,750.275175518956,1e+09,947.786955175054,1430.20222133096,1533.31356903929,1088.02832201189,914.803029509632,1465.5201742726,1415.38728929576,1850.9038367241,916.066956068169,2618.36567113916,1421.84611231314,1038.29088790184,981.044697095907,819.662196151561,2993.189698833
4514.06640431884,16250.4030914498,11226.0192207389,16573.3001042671,19397.75843385,16601.8906289826,1933.65548655907,2193.39309741779,3345.74711786471,4927.23769150627,6113.64870157748,773.325487553592,1499.6363502863,3751.50842937877,1432.83103044288,4119.92052437908,8286.34207850485,8098.97114425653,1075.38148751966,504.617744039981,2110.98906018009,842.940393147701,950.624915095328,5455.87588672983,9118.25122425347,11420.5525218967,10083.2192767142,3914.04491286189,3227.55656257175,5911.76867511746,4698.85317403087,3330.41276305205,3989.45637336718,1768.76156694451,3274.24958869968,940.35435395387,3080.73964417638,1199.67528448326,947.786955175054,1e+09,952.383024785721,2315.55005655244,1769.60570339836,1160.04611356618,1434.2434959239,1563.91267393675,1743.55611725003,1013.12483505242,3405.63732981068,2246.337790694,1874.63735124957,516.922669942033,1478.79486704546,2478.5822032767
5317.86371588254,16928.0079177409,11881.6751062845,17291.5279139699,20115.1590852248,17245.9779896705,2131.52437424487,1662.18607234569,3695.84406199721,5574.12534899423,6730.89790757518,708.381885426216,1173.39350168645,4559.50169911143,2048.95629575157,4698.40225656552,9011.5856331447,8642.08027793077,1283.21098366559,1192.56619837223,2297.84735065234,991.763237723601,1200.26180273305,6171.94245915336,9858.59271019449,12086.3169703719,10739.1946978533,4572.34757860773,3923.72809454223,6511.20552142228,5098.77306443423,2592.06041303053,3188.45475456372,1423.50592917627,3947.20467607141,1719.44824199509,3654.07815336509,1848.91723240928,1430.20222133096,952.383024785721,1e+09,2403.23320010772,2214.19167368139,991.214015790737,768.781136019869,1214.83195726816,1072.06063816372,784.760588396232,3852.85303876232,2585.40668839546,2231.87199131133,1169.89989306778,2035.70014346416,1683.75514380803
4199.51518237522,15094.0469973165,10105.8558860099,15552.4290721128,18347.7422339535,15358.7980173743,3686.25393980122,3586.47096115387,2029.32028617959,4002.70548202088,4989.4729143167,2564.40688388173,3121.7142420952,3551.54529759934,1524.71377320466,3116.12904668597,7391.08769147005,6679.47616729785,1843.84153969369,2141.26099394726,938.800466872487,1982.76191359427,2364.6360066192,4654.77652993138,8215.53746020308,10252.3297202051,8919.64868121497,3029.34645309842,2605.41431572792,4689.27631370769,3048.32368174707,2808.34495813816,5216.99226721681,2745.92986143128,2456.0715205588,2353.2164345848,2172.89853573516,1733.81989387595,1533.31356903929,2315.55005655244,2403.23320010772,1e+09,1121.06752281029,1809.03119282117,2023.44296682659,1858.76747989091,2420.24724493181,1675.99025182129,1751.85171764051,685.589964701935,1155.08844860469,2376.46547433368,1399.16720358934,3676.04932145911
3442.98280862685,14828.889030885,9801.53762236824,15227.9341911108,18028.758531194,15132.4030654222,3058.56028846907,3435.24872245082,1711.83197697671,3482.0303006005,4635.15315442759,2117.82657949134,2807.88904495886,2815.34166782648,790.958140927824,2715.83997678435,6952.82715278469,6490.05722469379,1305.78576290294,1555.2907175509,863.475713787018,1458.80836154034,1821.42040427245,4129.62418293723,7795.37457843432,9981.78953607518,8641.04709064822,2452.28321068346,1923.86926632243,4352.66839584639,3042.88555230065,3325.28712904615,5310.4931897047,2467.42039466322,1838.9736346669,1666.18075294969,1564.4223619918,900.951661910893,1088.02832201189,1769.60570339836,2214.19167368139,1121.06752281029,1e+09,1800.64741126629,2139.68122833753,2046.36795259308,2629.80268866316,1651.66967142344,1760.88554185103,854.683269755528,1036.53626612869,1901.30023205174,753.400354061504,3763.05834702307
4901.31608462462,16319.1832096034,11288.3818284907,16711.3127149635,19534.0358447403,16644.1417227894,2772.24030165136,2350.99135600282,3215.09882904087,5053.09783107353,6159.39973399194,1259.5338580205,1546.84712467005,4173.03472062,1551.94596490986,4132.89540661266,8466.76003492481,8022.07924095119,1143.81906012271,1041.66468414745,1700.88466169814,1064.32693877398,1339.46480289704,5655.94232894926,9310.12553688725,11476.4413744767,10129.188758647,4062.04324185502,3402.80565560245,5916.82075215229,4450.31337828023,2487.667657968,3759.00805537844,1961.86739325062,3421.26184991737,1758.12337769566,3235.15792359508,1611.86515713939,914.803029509632,1160.04611356618,991.214015790737,1809.03119282117,1800.64741126629,1e+09,768.731402506753,1167.24758226351,1229.27194110986,643.614416090877,3263.1967905108,1953.12177231733,1589.96624740904,1215.26215348788,1544.15951216188,2351.59853814379
