1e+09,1389.94144473787,2327.08500742882,2010.18737308242,1565.74040990197,2277.62988509986,1055.67306539477,1103.55955294674,1988.8762308902,1284.16014246666,1734.41662278704,1261.06085019717,1062.00277989278,1016.69587360233,1256.99986101829,1989.02783024773,1128.66562794302,1792.96250437649,1263.63316595442,966.848495422111,1350.33573329006,1203.30381392232,1720.12233617263,1209.24306609548,1559.44921898727,1160.15764558098,1589.48044876305,946.489969149172,1406.04089442662,1197.53411099643,2158.4652470216,1946.27568329875,1000.41884443467,1319.35561578371,1333.99809122802,1670.28672469729,1090.33542481202,1032.60661454399,1328.52909874041,822.186054308877,1282.14896525326,2616.02568364686,1435.05966983955,1568.22476887084,1875.13552214233,2992.01268095575,2420.08586537751,1786.27525955548,2684.33761397481,2391.36421397913,2005.95547223761,1233.20829424716,1434.53153050046,1767.4759217879
1389.94144473787,1e+09,1246.3816090588,1042.83478399026,881.610946052736,1001.67405122625,1572.41219354214,1693.90424519806,1030.69452331911,905.509364225463,682.89220774585,480.417590747883,806.766580430796,1344.01372589717,1588.76845632081,1446.61058999995,760.630121083829,1460.40083446292,695.152837223586,717.343255840605,1255.54787188701,1062.18728122681,1080.5010228593,605.62259873621,934.667165037908,947.840321889715,572.244238590482,1138.76672189698,1886.44425949987,1536.74456634797,1229.39460150108,1029.41199808434,772.239338482571,1934.23592622513,1692.85274208952,1932.04891866122,1140.20953662035,1034.20433948036,1517.40592789141,1030.96867483935,1120.73603944015,2540.16076662482,1402.09724241937,1070.12666254981,1120.61422130901,2335.03022777008,1924.57046890988,1366.95962775058,2466.04554325341,2270.5404548477,1668.56615517635,1186.41817054528,1206.88616754025,1373.80388509423
2327.08500742882,1246.3816090588,1e+09,812.681187366854,847.505935436442,836.069797744183,2072.02185833065,2768.69871887499,1168.09741092085,1447.03123273135,1075.28438591844,1162.1391240725,1358.51523719832,2428.81147090506,2784.70809673115,2015.80137818685,1443.04237356358,2198.83021229471,1354.90281005687,1812.43745351391,2444.99647488498,1840.70688459624,1167.19659312388,1438.63924355622,1424.66062106033,2153.9138733942,1413.22254977763,2211.47092020221,2926.47302222317,2551.87134420997,2048.47988362102,1887.51315725216,1942.50150653738,2838.83397670593,2840.65010590886,2931.28780632336,2302.35431821429,2177.79836261303,2741.34038809485,2212.8886396518,2198.37336612778,3642.23285989515,2493.08837099691,2213.2700987227,1995.42187724802,2834.35432040527,2782.36148118824,2432.27008761363,3488.84285550381,3351.9659831657,2742.33803299302,2342.58358279913,2387.3257429601,2456.81736616705
2010.18737308242,1042.83478399026,812.681187366854,1e+09,813.297727342207,738.398076920573,1590.81709435749,2402.1726394662,971.814661290927,1078.68024316755,545.663385156087,859.234862653978,1046.68672342779,1906.54407205813,2301.47156778006,1283.15723650689,946.037228865756,2073.25152526171,917.175781189189,1470.76946412414,2199.99048704761,1553.4141266578,568.825115039764,1026.10222073632,992.902917963282,1712.49338156385,890.684682196792,1792.11815732111,2341.43806979813,2175.8151038404,1898.65093677063,1586.66588458314,1654.7943431738,2553.71207574386,2463.58282878819,2293.79439222438,1876.16216913677,1662.10924264923,2376.87205534921,1803.50813078289,1674.24573859395,3122.66434949387,2063.4646694092,1773.06615747975,1517.19086080163,2200.91698605377,2239.46103759364,1908.12732510176,3121.37981740448,2916.80205550531,2188.22714723586,1839.53349480242,2089.72795332311,2055.48608922561
1565.74040990197,881.610946052736,847.505935436442,813.297727342207,1e+09,1105.45446287941,1307.99000646029,2047.3758717197,1050.3907618596,855.336615315865,827.84795548458,671.712978510911,645.890724581179,1818.56808280581,2196.88478500808,1802.07433706271,764.689982999647,1807.01262045953,727.905553557603,1212.47765336108,1923.36059889975,1293.37880754248,790.127380490007,818.056643576715,863.569554465649,1658.30090749538,1107.21778697779,1531.20939329015,2351.02167603789,1937.23202704271,1868.88425864204,1764.56253666454,1462.0687430829,2147.35168523929,2206.24445712618,2441.90964302531,1688.44968459235,1606.00669151782,2192.00738142005,1581.62531172841,1711.95711321867,3226.15305562213,1945.05367257564,1806.92696346587,1665.90218992593,2699.71878316983,2494.44172908489,2025.79934240783,3076.8800140727,2895.06224332051,2406.17638193878,1840.61570443154,1890.27934020345,2029.79618920226
2277.62988509986,1001.67405122625,836.069797744183,738.398076920573,1105.45446287941,1e+09,2055.74664599021,2508.9775485245,1184.89185569823,1499.44100297411,787.105242709004,1105.51954093991,1358.31186691422,2037.74023749348,2342.10656757971,1581.91935034628,1277.32219905551,2162.92727445931,1251.04278400061,1489.32802270017,2050.63271847983,1857.72487858133,1010.59949688291,1246.734259656,1144.95126215049,1731.96787236369,960.652091706462,1934.32275140422,2643.06812441526,2401.21558721827,1595.15779316656,1533.39859407135,1693.82235402654,2793.51610455354,2521.61909976507,2573.54581070553,1910.49839494829,1791.25120882025,2302.02641933145,1914.23379914785,1866.51190904318,3061.81421301163,2148.68839367182,1639.94590349804,1419.13243649069,2079.58682139025,2025.14089778958,1825.96602525896,2901.00921796191,2757.39281184237,2143.53291402302,1887.13698895973,1989.16400633532,1844.01726852001
1055.67306539477,1572.41219354214,2072.02185833065,1590.81709435749,1307.99000646029,2055.74664599021,1e+09,1677.05401877817,1910.90685707075,1238.84069819327,1530.67713898131,1248.63425785936,872.718761514842,1302.15466001547,1777.43890274743,1746.10554340223,859.948120004922,2267.6009108968,1139.986296365,1253.82257871678,1999.15441164508,1545.73563522357,1144.34991580373,1188.72238117232,1247.85225239209,1597.05993225051,1555.1673093272,1336.48061979963,1793.94305935278,1786.47169554964,2488.76591237505,2274.53896036098,1584.35780210784,1925.56467045384,1973.40037351775,1920.97878340704,1521.22451406753,1360.78066836651,1981.21972824823,1396.15402284275,1622.50233673175,3018.36104618053,1882.6812745125,1873.03629652498,1931.51336164159,2665.41709096344,2407.3134998583,1990.05327765364,3070.33649813827,2764.18937334257,2294.60513417886,1600.84444559739,2015.64918118208,2051.42301710301
1103.55955294674,1693.90424519806,2768.69871887499,2402.1726394662,2047.3758717197,2508.9775485245,1677.05401877817,1e+09,2102.74331973734,1611.74803483671,1950.70248472185,1827.96452268637,1721.33488612762,1219.17364452321,1037.44559389878,2264.76277525925,1553.31830801031,1557.13822938107,1529.38401403964,1246.63889286353,989.958635347962,1410.89340500975,2167.02902419418,1391.68429487438,1599.98027884721,1234.62661468964,1733.14444109543,628.641239658997,1436.64301052836,927.686299295188,1763.91626000216,1977.92960256426,1433.2531326322,930.747682350056,472.024843943621,1768.32911269368,729.744446433133,1110.65308197475,1072.57137286989,835.706259878434,1291.02373440615,1884.64685588574,855.17869284729,1355.01107589569,1527.19929220125,2741.90427383962,2087.70224119725,1384.68692822602,1749.23106406787,1512.54167334325,1778.045467557,1326.80679569408,933.387504469607,1338.23076784238
1988.8762308902,1030.69452331911,1168.09741092085,971.814661290927,1050.3907618596,1184.89185569823,1910.90685707075,2102.74331973734,1e+09,778.648642649559,675.182265021824,1125.24489312327,1385.52911355193,2068.56905299291,2269.94472430498,1654.0201541396,1213.08569272743,1247.00451647137,828.797931886899,1583.78522151837,1986.48818335272,1028.28481424166,1328.93019816693,914.363616347458,1073.11439474084,1692.87145330057,949.26434916729,1548.19156027282,2196.75595326381,1674.16673345279,1368.26335659477,1208.88542145234,1643.93152895733,2009.75490493244,2072.84913681628,2279.27090844858,1715.93939607435,1660.78055654563,2295.23163920333,1660.19962441268,1455.45977234,2797.57262474096,1612.881433088,1728.94225857893,1288.08130977823,2502.20800857962,2420.88180905223,1802.37446672438,2746.10217570286,2624.22207793091,2139.48304882278,1918.71962949254,1730.3768474526,2006.83252821455
1284.16014246666,905.509364225463,1447.03123273135,1078.68024316755,855.336615315865,1499.44100297411,1238.84069819327,1611.74803483671,778.648642649559,1e+09,776.368380023298,785.822868081606,876.208840402789,1554.86942901968,1826.43785497892,1503.01390818582,723.839830211077,1225.6307099612,376.020319929655,1170.02672619048,1709.48740267368,547.042346349897,1121.58468637014,526.678793383596,908.59626154855,1336.62893194035,907.655642025101,1065.77203566241,1681.00239984957,1215.74111401235,1633.69759542579,1349.70434351379,1246.6958666812,1517.33183186803,1681.56294449539,1840.77818017272,1320.39403721011,1212.09922939502,1918.11995857923,1167.08596418602,1093.1795757331,2673.52965496925,1331.06946824724,1554.24966598034,1345.97657093279,2585.83988516304,2359.36454023112,1666.54544342481,2714.54939260644,2505.05421797613,1985.25108469936,1528.96267413564,1518.05978456054,1854.2845797234
1734.41662278704,682.89220774585,1075.28438591844,545.663385156087,827.84795548458,787.105242709004,1530.67713898131,1950.70248472185,675.182265021824,776.368380023298,1e+09,704.4839619892,959.294046421638,1594.32295128685,1896.28812678875,1181.34169151012,729.02178561412,1609.2467064748,551.15319422099,1133.67668314207,1738.25805575582,1164.26324918379,761.275173245522,599.50800803659,689.2917752302,1302.15709213597,432.546634017651,1335.10596639368,1984.04834865484,1714.85238653361,1400.39225240645,1170.67342354732,1312.82729431559,2122.78905935093,1965.40472671661,1983.37468953801,1413.37932261654,1262.91600599565,1952.66522717029,1372.20085377469,1235.01508755966,2637.12062080975,1544.50974804305,1328.68614649962,1023.48935734574,2039.33562156895,1928.70466329088,1449.1871018954,2614.56643530051,2420.94645923862,1787.44556566067,1474.20612893856,1575.58075534071,1617.82371743648
1261.06085019717,480.417590747883,1162.1391240725,859.234862653978,671.712978510911,1105.51954093991,1248.63425785936,1827.96452268637,1125.24489312327,785.822868081606,704.4839619892,1e+09,449.888867832935,1329.71550374507,1710.44570510145,1338.5023513614,535.43286320509,1700.32566686503,619.248790228935,807.651643346313,1567.43435017228,1085.21825155127,799.946377265376,642.73476738076,963.477505134396,1112.58232068463,726.774297220258,1260.75083478061,1860.07600239883,1642.28772433456,1680.44733749677,1315.06560463727,880.315026794386,2012.14884673078,1900.2251430028,1894.51704684862,1328.82793946395,1105.25947899125,1726.50048928461,1147.39089276497,1217.55340605659,2806.79634352049,1626.66250460875,1351.32736625882,1411.89377911371,2448.70583482378,2129.04110747068,1620.22350945788,2822.27289688648,2583.28255643861,1867.41075195041,1280.82006343592,1544.9587102897,1674.10528862434
1062.00277989278,806.766580430796,1358.51523719832,1046.68672342779,645.890724581179,1358.31186691422,872.718761514842,1721.33488612762,1385.52911355193,876.208840402789,959.294046421638,449.888867832935,1e+09,1260.11421041904,1706.20133556975,1533.25621798837,406.507724403854,1882.93915005239,687.785072824353,778.303689442624,1623.17580061434,1220.25287703,745.882021703164,713.964523908576,912.877960682587,1238.08833348029,1006.76564179555,1219.25964896736,1903.64692648085,1697.69008741289,1935.06591967819,1699.99589902447,1047.43242416874,1962.14380935751,1901.72649545091,1981.34560301831,1329.74588643846,1153.93930849937,1751.395467306,1164.40613215493,1387.61860271474,2934.96168932407,1719.10854354808,1496.78850403121,1582.6107299333,2546.09556024514,2211.93822913299,1747.9603597336,2901.04371623387,2645.66318702892,2055.98117873195,1359.30860627747,1658.6542883615,1745.58931831058
1016.69587360233,1344.01372589717,2428.81147090506,1906.54407205813,1818.56808280581,2037.74023749348,1302.15466001547,1219.17364452321,2068.56905299291,1554.86942901968,1594.32295128685,1329.71550374507,1260.11421041904,1e+09,570.305591766379,1421.95219845816,1112.00464383023,2090.1824402908,1353.52062115802,755.444666736089,1132.77185584742,1571.89182840296,1580.63376143875,1234.3139736307,1460.63450061951,615.966217904846,1271.59687212575,926.322085939874,1149.24302851921,1444.21366459399,1932.4550633844,1700.68673811493,910.154595934119,1841.052527469,1282.53369897247,1166.15872397371,745.890327461082,476.36717078321,836.652726643498,672.199322745865,980.238763822366,2000.25591235222,1270.47302797029,900.968305047408,1400.76703494907,2141.74148533384,1502.91033238846,1069.39978487935,2191.36597272112,1817.50624337305,1203.57882782974,437.425995569536,1219.04066388287,1095.7803283049
1256.99986101829,1588.76845632081,2784.70809673115,2301.47156778006,2196.88478500808,2342.10656757971,1777.43890274743,1037.44559389878,2269.94472430498,1826.43785497892,1896.28812678875,1710.44570510145,1706.20133556975,570.305591766379,1e+09,1738.13106948239,1532.13085234258,2015.53996326047,1659.05185521731,1054.04332069417,908.60087233064,1693.98068070448,2049.43997599344,1507.77943907589,1759.84433561608,682.61126111426,1522.97879453392,954.514014931159,1085.05386898531,1327.80480094026,1820.15316718127,1706.00373352464,1074.18890503486,1726.85307721879,946.057149436544,1163.89780053921,672.766973475958,663.336520779612,460.056178091328,711.365962989515,1009.55649683413,1547.65947278463,1064.11194044612,839.599413113182,1413.84205984969,2251.19341661262,1469.3951461741,933.941213942291,1777.75474247715,1393.44583378759,1011.65528911779,550.282533249966,971.498511373023,941.48830343239
1989.02783024773,1446.61058999995,2015.80137818685,1283.15723650689,1802.07433706271,1581.91935034628,1746.10554340223,2264.76277525925,1654.0201541396,1503.01390818582,1181.34169151012,1338.5023513614,1533.25621798837,1421.95219845816,1738.13106948239,1e+09,1284.21902750271,2286.18362569589,1367.70909955297,1529.3900402448,2095.11591237812,1720.00157287719,1278.30540016852,1387.98912971248,1542.15366325798,1322.07461245574,995.97056527791,1701.89133072591,1564.55182486871,1973.35740313305,2044.75270394735,1389.5456649927,1521.16986960694,2538.15446507891,2193.20283496534,1300.22531093653,1655.33753117,1240.87087398327,1985.96478395263,1576.87061891583,1169.2290508707,2374.67188870378,1780.04286153452,1406.43928315445,1385.76251381685,1647.47436086271,1668.75361210096,1399.80966727623,2781.68476896646,2462.57140773623,1325.9858716819,1271.44380068487,1941.57551295333,1774.37572374061
1128.66562794302,760.630121083829,1443.04237356358,946.037228865756,764.689982999647,1277.32219905551,859.948120004922,1553.31830801031,1213.08569272743,723.839830211077,729.02178561412,535.43286320509,406.507724403854,1112.00464383023,1532.13085234258,1284.21902750271,1e+09,1743.34655831823,432.023572967957,706.301009060585,1516.65302317307,1101.45859817789,648.760871122789,440.834926928437,621.78397977111,1069.05348112244,735.777134667828,988.294713736748,1698.89766675336,1517.94543811693,1726.45939677132,1525.62764274249,1051.5884969892,1839.56641750169,1702.77952322078,1764.08324446439,1105.61595389177,930.993116891849,1634.29587110168,1005.0119570433,1137.67180882713,2632.31359062707,1450.13834240048,1261.9680331926,1243.26445798953,2216.62213746502,1929.11315559767,1438.77135223078,2621.50908331442,2360.40981674793,1792.48678363329,1184.16055292346,1473.55350757955,1512.73159668198
1792.96250437649,1460.40083446292,2198.83021229471,2073.25152526171,1807.01262045953,2162.92727445931,2267.6009108968,1557.13822938107,1247.00451647137,1225.6307099612,1609.2467064748,1700.32566686503,1882.93915005239,2090.1824402908,2015.53996326047,2286.18362569589,1743.34655831823,1e+09,1379.15403708215,1728.7269655443,1596.85957331883,827.456715423834,2222.82867398727,1338.80323714876,1694.55078398377,1657.32151084212,1564.37225183139,1309.11937943031,1922.96922562479,971.750278672458,1240.96332012675,1319.80808373794,1607.92581159704,1160.66539476285,1396.754579409,2194.67126672766,1505.91710239973,1661.942297103,1957.22602642107,1440.10918912421,1367.79607785664,2345.93473928837,1107.47358997856,1753.66608971035,1530.76468893818,3077.20419749811,2673.70221982554,1812.23670849037,2277.57280540052,2214.20743815931,2110.81932303549,1921.23970776684,1263.72707065252,1965.55683535226
1263.63316595442,695.152837223586,1354.90281005687,917.175781189189,727.905553557603,1251.04278400061,1139.986296365,1529.38401403964,828.797931886899,376.020319929655,551.15319422099,619.248790228935,687.785072824353,1353.52062115802,1659.05185521731,1367.70909955297,432.023572967957,1379.15403708215,1e+09,903.346924830101,1526.09973877856,792.619706984377,866.439770959297,204.338082598423,575.218939795971,1151.16273059025,651.888148304599,938.681687474513,1708.08353135905,1324.34559020673,1489.98267691272,1318.60889224212,1127.66392768413,1651.37521429868,1620.33454937553,1820.0748534607,1129.62344217,1033.92787084013,1736.63934986514,1038.82389065712,1051.05892308662,2561.75683713345,1281.38225869566,1305.38915331789,1109.45817104567,2303.24987161619,2054.28326281942,1437.18956536707,2534.52926207215,2317.63237555053,1818.59031535418,1334.87069452438,1377.12806089339,1574.84039927861
966.848495422111,717.343255840605,1812.43745351391,1470.76946412414,1212.47765336108,1489.32802270017,1253.82257871678,1246.63889286353,1583.78522151837,1170.02672619048,1133.67668314207,807.651643346313,778.303689442624,755.444666736089,1054.04332069417,1529.3900402448,706.301009060585,1728.7269655443,903.346924830101,1e+09,899.152701769839,1267.58929141106,1210.60643394127,745.81626235957,987.30541004291,624.287833374959,893.292918868162,795.08614690485,1617.70254388747,1427.46719615548,1504.82785417469,1444.56694905428,627.038537252696,1766.22058435519,1349.67140041567,1695.25251894814,697.859795446048,641.72438125725,1012.05956519367,622.963221546826,1056.52509795082,2311.32793411061,1254.09405257341,830.856373990114,1178.31095093782,2252.67001926603,1660.08173024704,1153.64308666069,2229.28239061363,1962.19321225001,1499.48826100773,773.716752242059,1014.67031507776,1032.14677851554
1350.33573329006,1255.54787188701,2444.99647488498,2199.99048704761,1923.36059889975,2050.63271847983,1999.15441164508,989.958635347962,1986.48818335272,1709.48740267368,1738.25805575582,1567.43435017228,1623.17580061434,1132.77185584742,908.60087233064,2095.11591237812,1516.65302317307,1596.85957331883,1526.09973877856,899.152701769839,1e+09,1539.44617976726,2046.71449298626,1332.72381816339,1575.0177141861,821.367494730586,1425.06591363347,907.650677794051,1716.76359397559,1333.03559794928,1245.90444657686,1523.48973872488,966.005712146673,1616.31594123797,889.965418316914,1870.65849387321,651.985403670972,977.507719560311,564.50720827993,767.058566408068,1238.86257199901,1832.21356116038,1024.8296096425,806.219959502368,1272.3406135937,2508.16567192042,1691.81805274681,1076.72149133376,1592.18649435297,1391.92274487487,1415.90688528589,996.463648910486,450.098185066325,789.035888220555
1203.30381392232,1062.18728122681,1840.70688459624,1553.4141266578,1293.37880754248,1857.72487858133,1545.73563522357,1410.89340500975,1028.28481424166,547.042346349897,1164.26324918379,1085.21825155127,1220.25287703,1571.89182840296,1693.98068070448,1720.00157287719,1101.45859817789,827.456715423834,792.619706984377,1267.58929141106,1539.44617976726,1e+09,1611.66669091348,820.069630397322,1293.96419262667,1266.51622413611,1138.91535365891,967.694377321683,1464.69841366747,788.623278758622,1535.27587546994,1216.67270792107,1153.39710728786,1135.79586321663,1385.66658579905,1710.00900310495,1229.95746747601,1182.9980340643,1753.43441166187,1028.73786899287,932.564229798677,2445.0031137608,1066.39310284716,1531.29486112244,1418.19590501454,2816.05451729898,2462.90815732134,1641.53401228851,2545.46247456135,2348.42721762885,1892.26623248421,1488.86257841347,1296.13616476048,1843.27607088575
1720.12233617263,1080.5010228593,1167.19659312388,568.825115039764,790.127380490007,1010.59949688291,1144.34991580373,2167.02902419418,1328.93019816693,1121.58468637014,761.275173245522,799.946377265376,745.882021703164,1580.63376143875,2049.43997599344,1278.30540016852,648.760871122789,2222.82867398727,866.439770959297,1210.60643394127,2046.71449298626,1611.66669091348,1e+09,941.122176712461,819.312813521185,1559.86375270406,954.180658470921,1599.90980180134,2195.74972508253,2121.0368020381,2046.6070174804,1816.94884132713,1542.54276851567,2452.2032811535,2310.53025377293,2160.59891967482,1672.31667455659,1457.14703135957,2156.86798010448,1613.55224040004,1631.61583269469,3058.40980342727,2003.68322481374,1654.18109211174,1528.66395162573,2114.14371152956,2065.62910697928,1803.26147175056,3035.043149545,2788.33709108135,2124.13653944373,1631.62227761207,2012.44174966631,1883.91973324237
1209.24306609548,605.62259873621,1438.63924355622,1026.10222073632,818.056643576715,1246.734259656,1188.72238117232,1391.68429487438,914.363616347458,526.678793383596,599.50800803659,642.73476738076,713.964523908576,1234.3139736307,1507.77943907589,1387.98912971248,440.834926928437,1338.80323714876,204.338082598423,745.81626235957,1332.72381816339,820.069630397322,941.122176712461,1e+09,531.410287536853,1002.51335856436,588.234146322703,794.742970399865,1663.45776667158,1260.78038749816,1349.96926309453,1258.88772386579,1014.84870961144,1599.93429808852,1473.49847624624,1778.75343367202,953.555690193289,904.107844728713,1560.00146541598,893.025730760318,974.152108759202,2422.74052419982,1153.43335945342,1130.55656762499,975.282588432707,2231.36430725689,1911.14685508466,1280.65552589289,2358.96996922386,2143.33715196653,1694.58940062187,1200.68768316328,1194.29751716229,1383.18079418419
1559.44921898727,934.667165037908,1424.66062106033,992.902917963282,863.569554465649,1144.95126215049,1247.85225239209,1599.98027884721,1073.11439474084,908.59626154855,689.2917752302,963.477505134396,912.877960682587,1460.63450061951,1759.84433561608,1542.15366325798,621.78397977111,1694.55078398377,575.218939795971,987.30541004291,1575.0177141861,1293.96419262667,819.312813521185,531.410287536853,1e+09,1338.75246606682,803.819407205375,1074.96650398978,2029.11372293423,1668.03311951532,1487.23088644635,1625.7318574722,1442.04793571504,1925.01512458993,1745.97237767383,2109.01074015757,1194.24152322719,1222.92610234634,1816.80546537047,1264.40183822233,1381.15769552213,2589.94647197582,1450.56174780669,1314.37322374583,1006.92855228164,2030.26816677009,1833.07205717615,1397.4783183649,2386.70053010427,2200.00153784037,1916.08148730684,1485.35235254131,1470.25018768916,1437.20488264548
1160.15764558098,947.840321889715,2153.9138733942,1712.49338156385,1658.30090749538,1731.96787236369,1597.05993225051,1234.62661468964,1692.87145330057,1336.62893194035,1302.15709213597,1112.58232068463,1238.08833348029,615.966217904846,682.61126111426,1322.07461245574,1069.05348112244,1657.32151084212,1151.16273059025,624.287833374959,821.367494730586,1266.51622413611,1559.86375270406,1002.51335856436,1338.75246606682,1e+09,914.865262648003,806.12754691798,1193.84661091784,1220.63192699519,1402.69034793856,1130.43017838343,536.13078264543,1726.60303912046,1132.2965656576,1216.22734318054,573.551147849954,315.486964865428,730.95702158198,466.054446068268,639.129103311686,1815.69106411306,965.220253724506,496.303285401174,1042.17800408567,2107.84702651782,1451.697640213,792.299518048572,1972.8453151223,1658.35103783849,940.053431672902,299.29046727218,798.915496031964,873.323342697307
1589.48044876305,572.244238590482,1413.22254977763,890.684682196792,1107.21778697779,960.652091706462,1555.1673093272,1733.14444109543,949.26434916729,907.655642025101,432.546634017651,726.774297220258,1006.76564179555,1271.59687212575,1522.97879453392,995.97056527791,735.777134667828,1564.37225183139,651.888148304599,893.292918868162,1425.06591363347,1138.91535365891,954.180658470921,588.234146322703,803.819407205375,914.865262648003,1e+09,1117.89159774103,1696.73502492287,1529.74018630616,1220.1012675184,921.934180622456,1021.58536584076,2014.27334269706,1690.60834263883,1667.01538430214,1104.91593182468,914.994795285744,1581.66500555585,1075.55800805907,914.893268911735,2273.92435439264,1276.44224021301,922.735595227582,759.816863856022,1853.17424178084,1596.69274708693,1066.91986536009,2314.77431491712,2088.22550867956,1370.12729408621,1082.63755052187,1263.83591142205,1262.03192198137
946.489969149172,1138.76672189698,2211.47092020221,1792.11815732111,1531.20939329015,1934.32275140422,1336.48061979963,628.641239658997,1548.19156027282,1065.77203566241,1335.10596639368,1260.75083478061,1219.25964896736,926.322085939874,954.514014931159,1701.89133072591,988.294713736748,1309.11937943031,938.681687474513,795.08614690485,907.650677794051,967.694377321683,1599.90980180134,794.742970399865,1074.96650398978,806.12754691798,1117.89159774103,1e+09,1251.4629835117,791.29537399128,1420.54517502964,1478.9399987491,1017.9089440613,1097.66940897522,725.739128819716,1495.74844736674,378.853034434199,642.629490842118,1043.60229441105,428.719184315328,809.515407018298,1906.81577710066,623.00777370752,963.511939209889,1050.97240101727,2349.04802043296,1800.83831675695,1036.39222729621,1867.69352504633,1607.33251220773,1463.70580667701,958.747287193033,752.235517839992,1105.81054534672
1406.04089442662,1886.44425949987,2926.47302222317,2341.43806979813,2351.02167603789,2643.06812441526,1793.94305935278,1436.64301052836,2196.75595326381,1681.00239984957,1984.04834865484,1860.07600239883,1903.64692648085,1149.24302851921,1085.05386898531,1564.55182486871,1698.89766675336,1922.96922562479,1708.08353135905,1617.70254388747,1716.76359397559,1464.69841366747,2195.74972508253,1663.45776667158,2029.11372293423,1193.84661091784,1696.73502492287,1251.4629835117,1e+09,1066.92607625833,2208.29745247329,1703.59551543199,1431.04357903594,1561.71166567328,1290.65188893055,467.955711259089,1271.01843708107,1025.54849539161,1444.93581373015,1110.47355920796,845.821728084589,1749.20683439666,1164.84843108449,1498.55247792662,1734.19262667098,2565.70231546842,2121.03267985196,1441.41471079631,2373.60847634988,2005.69180386718,1297.35528002163,1118.06017306762,1537.80252444844,1789.51662492976
1197.53411099643,1536.74456634797,2551.87134420997,2175.8151038404,1937.23202704271,2401.21558721827,1786.47169554964,927.686299295188,1674.16673345279,1215.74111401235,1714.85238653361,1642.28772433456,1697.69008741289,1444.21366459399,1327.80480094026,1973.35740313305,1517.94543811693,971.750278672458,1324.34559020673,1427.46719615548,1333.03559794928,788.623278758622,2121.0368020381,1260.78038749816,1668.03311951532,1220.63192699519,1529.74018630616,791.29537399128,1066.92607625833,1e+09,1637.44623795714,1476.65799635528,1305.81164288729,653.035905215019,776.40123209588,1444.52963102181,1012.89315448373,1110.32045527406,1431.857385147,882.264150297404,865.916516934514,1907.58398722048,633.067042579221,1460.92973455262,1483.89374329835,2850.95396125578,2354.72098495767,1472.01500287871,2101.21846274965,1878.87699562797,1679.32465169782,1380.16411350245,1046.36719711581,1687.15423654745
2158.4652470216,1229.39460150108,2048.47988362102,1898.65093677063,1868.88425864204,1595.15779316656,2488.76591237505,1763.91626000216,1368.26335659477,1633.69759542579,1400.39225240645,1680.44733749677,1935.06591967819,1932.4550633844,1820.15316718127,2044.75270394735,1726.45939677132,1240.96332012675,1489.98267691272,1504.82785417469,1245.90444657686,1535.27587546994,2046.6070174804,1349.96926309453,1487.23088644635,1402.69034793856,1220.1012675184,1420.54517502964,2208.29745247329,1637.44623795714,1e+09,1057.63951344492,1542.32721888061,2006.87031765882,1550.28806523175,2287.39394536665,1339.11589214676,1537.31177677139,1657.60552961192,1473.64972354356,1440.12185467064,1967.42367874843,1216.35383478657,1148.67942930132,882.264224254843,2281.43910525791,1823.7414820089,1214.74855336403,1641.60907441449,1639.39322619682,1611.41924625468,1647.36651149645,970.1873452071,1230.78912080827
1946.27568329875,1029.41199808434,1887.51315725216,1586.66588458314,1764.56253666454,1533.39859407135,2274.53896036098,1977.92960256426,1208.88542145234,1349.70434351379,1170.67342354732,1315.06560463727,1699.99589902447,1700.68673811493,1706.00373352464,1389.5456649927,1525.62764274249,1319.80808373794,1318.60889224212,1444.56694905428,1523.48973872488,1216.67270792107,1816.94884132713,1258.88772386579,1625.7318574722,1130.43017838343,921.934180622456,1478.9399987491,1703.59551543199,1476.65799635528,1057.63951344492,1e+09,1156.42185922785,2054.33820884001,1728.85191835507,1676.79701338594,1424.72404198146,1271.72114105255,1686.48891374951,1334.81853362171,951.878070920851,2063.73829031203,1278.89281544624,1155.79174495235,1110.74261420007,2301.70039818392,1952.5682119711,1275.19338529495,2279.01643153357,2106.14469638247,1286.48631411298,1338.76563191621,1255.12012636241,1547.38265684348
1000.41884443467,772.239338482571,1942.50150653738,1654.7943431738,1462.0687430829,1693.82235402654,1584.35780210784,1433.2531326322,1643.93152895733,1246.6958666812,1312.82729431559,880.315026794386,1047.43242416874,910.154595934119,1074.18890503486,1521.16986960694,1051.5884969892,1607.92581159704,1127.66392768413,627.038537252696,966.005712146673,1153.39710728786,1542.54276851567,1014.84870961144,1442.04793571504,536.13078264543,1021.58536584076,1017.9089440613,1431.04357903594,1305.81164288729,1542.32721888061,1156.42185922785,1e+09,1750.18445907853,1384.55850880344,1497.68499618578,918.088933764045,705.880874014873,1000.37692471388,651.841896628316,893.201382444071,2272.68442226368,1263.25300636887,941.399843743348,1393.28294351865,2533.47009654742,1915.0344805512,1294.55452036598,2381.94677003916,2109.430696041,1394.51500547682,734.572176235937,1028.81892823762,1289.26532885981
1319.35561578371,1934.23592622513,2838.83397670593,2553.71207574386,2147.35168523929,2793.51610455354,1925.56467045384,930.747682350056,2009.75490493244,1517.33183186803,2122.78905935093,2012.14884673078,1962.14380935751,1841.052527469,1726.85307721879,2538.15446507891,1839.56641750169,1160.66539476285,1651.37521429868,1766.22058435519,1616.31594123797,1135.79586321663,2452.2032811535,1599.93429808852,1925.01512458993,1726.60303912046,2014.27334269706,1097.66940897522,1561.71166567328,653.035905215019,2006.87031765882,2054.33820884001,1750.18445907853,1e+09,981.407589995105,1992.8928107653,1380.54837159007,1598.98999749842,1779.986325425,1298.85865774533,1483.53612608524,2312.02716657915,1103.83574172066,1948.43078763399,1937.49356357641,3322.75152713831,2810.34287223107,1967.36099422551,2322.81585604628,2159.78978148337,2263.93838946646,1882.63677683721,1413.58129171972,2073.56189688179
1333.99809122802,1692.85274208952,2840.65010590886,2463.58282878819,2206.24445712618,2521.61909976507,1973.40037351775,472.024843943621,2072.84913681628,1681.56294449539,1965.40472671661,1900.2251430028,1901.72649545091,1282.53369897247,946.057149436544,2193.20283496534,1702.77952322078,1396.754579409,1620.33454937553,1349.67140041567,889.965418316914,1385.66658579905,2310.53025377293,1473.49847624624,1745.97237767383,1132.2965656576,1690.60834263883,725.739128819716,1290.65188893055,776.40123209588,1550.28806523175,1728.85191835507,1384.55850880344,981.407589995105,1e+09,1605.42259698187,717.246400618365,1075.34312207779,957.404211396628,827.068346692098,1116.68522847757,1511.5163513836,572.801278804438,1209.00469159553,1400.52669471167,2668.44762755427,1986.23554192346,1197.63913108248,1493.03653110029,1256.73482401818,1506.84891830601,1242.52004877185,694.510914673053,1234.95360839993
1670.28672469729,1932.04891866122,2931.28780632336,2293.79439222438,2441.90964302531,2573.54581070553,1920.97878340704,1768.32911269368,2279.27090844858,1840.77818017272,1983.37468953801,1894.51704684862,1981.34560301831,1166.15872397371,1163.89780053921,1300.22531093653,1764.08324446439,2194.67126672766,1820.0748534607,1695.25251894814,1870.65849387321,1710.00900310495,2160.59891967482,1778.75343367202,2109.01074015757,1216.22734318054,1667.01538430214,1495.74844736674,467.955711259089,1444.52963102181,2287.39394536665,1676.79701338594,1497.68499618578,1992.8928107653,1605.42259698187,1e+09,1436.82519886728,1085.69864525107,1543.68177954525,1301.25022866473,933.776544254566,1754.46627861581,1408.34199465187,1472.66440854663,1741.62663171531,2321.49549736802,1940.43091330251,1400.92776808799,2471.67801942324,2082.56580068914,1096.28953780468,1071.34734633545,1711.2986598195,1793.89972417635
1090.33542481202,1140.20953662035,2302.35431821429,1876.16216913677,1688.44968459235,1910.49839494829,1521.22451406753,729.744446433133,1715.93939607435,1320.39403721011,1413.37932261654,1328.82793946395,1329.74588643846,745.890327461082,672.766973475958,1655.33753117,1105.61595389177,1505.91710239973,1129.62344217,697.859795446048,651.985403670972,1229.95746747601,1672.31667455659,953.555690193289,1194.24152322719,573.551147849954,1104.91593182468,378.853034434199,1271.01843708107,1012.89315448373,1339.11589214676,1424.72404198146,918.088933764045,1380.54837159007,717.246400618365,1436.82519886728,1e+09,498.564316613213,718.39825375623,366.871602744066,808.938491543084,1707.64695798048,669.219395714141,652.124955587501,959.896622871443,2174.33376591544,1508.80991731894,775.151177190618,1666.00824445739,1374.09229395263,1201.07741424106,704.135092862158,568.182892737893,768.044621815686
1032.60661454399,1034.20433948036,2177.79836261303,1662.10924264923,1606.00669151782,1791.25120882025,1360.78066836651,1110.65308197475,1660.78055654563,1212.09922939502,1262.91600599565,1105.25947899125,1153.93930849937,476.36717078321,663.336520779612,1240.87087398327,930.993116891849,1661.942297103,1033.92787084013,641.72438125725,977.507719560311,1182.9980340643,1457.14703135957,904.107844728713,1222.92610234634,315.486964865428,914.994795285744,642.629490842118,1025.54849539161,1110.32045527406,1537.31177677139,1271.72114105255,705.880874014873,1598.98999749842,1075.34312207779,1085.69864525107,498.564316613213,1e+09,861.49088805396,383.61780446168,548.946341913306,1831.2836260667,893.095549423465,651.864954495945,1035.31217920007,2065.16279953906,1487.60733616099,813.887378757037,2020.21021673488,1684.00451706639,1022.3592508507,363.671938703002,908.721772601493,974.64675349585
1328.52909874041,1517.40592789141,2741.34038809485,2376.87205534921,2192.00738142005,2302.02641933145,1981.21972824823,1072.57137286989,2295.23163920333,1918.11995857923,1952.66522717029,1726.50048928461,1751.395467306,836.652726643498,460.056178091328,1985.96478395263,1634.29587110168,1957.22602642107,1736.63934986514,1012.05956519367,564.50720827993,1753.43441166187,2156.86798010448,1560.00146541598,1816.80546537047,730.95702158198,1581.66500555585,1043.60229441105,1444.93581373015,1431.857385147,1657.60552961192,1686.48891374951,1000.37692471388,1779.986325425,957.404211396628,1543.68177954525,718.39825375623,861.49088805396,1e+09,777.711244678898,1201.44535643532,1664.66202620832,1150.04627541678,815.865158160342,1462.469103195,2430.6188851813,1557.78358606066,1039.99029240662,1689.32578403338,1373.32150988033,1180.55842371312,731.344956774845,792.970697693174,839.241947414451
822.186054308877,1030.96867483935,2212.8886396518,1803.50813078289,1581.62531172841,1914.23379914785,1396.15402284275,835.706259878434,1660.19962441268,1167.08596418602,1372.20085377469,1147.39089276497,1164.40613215493,672.199322745865,711.365962989515,1576.87061891583,1005.0119570433,1440.10918912421,1038.82389065712,622.963221546826,767.058566408068,1028.73786899287,1613.55224040004,893.025730760318,1264.40183822233,466.054446068268,1075.55800805907,428.719184315328,1110.47355920796,882.264150297404,1473.64972354356,1334.81853362171,651.841896628316,1298.85865774533,827.068346692098,1301.25022866473,366.871602744066,383.61780446168,777.711244678898,1e+09,663.108196450625,1896.45179479996,763.450233021118,802.724191363385,1153.57828997429,2375.01281257597,1744.89073826988,999.348504877052,1977.28497179845,1680.20827762513,1270.21874254004,632.247351358628,714.019920660481,1049.28700211143
1282.14896525326,1120.73603944015,2198.37336612778,1674.24573859395,1711.95711321867,1866.51190904318,1622.50233673175,1291.02373440615,1455.45977234,1093.1795757331,1235.01508755966,1217.55340605659,1387.61860271474,980.238763822366,1009.55649683413,1169.2290508707,1137.67180882713,1367.79607785664,1051.05892308662,1056.52509795082,1238.86257199901,932.564229798677,1631.61583269469,974.152108759202,1381.15769552213,639.129103311686,914.893268911735,809.515407018298,845.821728084589,865.916516934514,1440.12185467064,951.878070920851,893.201382444071,1483.53612608524,1116.68522847757,933.776544254566,808.938491543084,548.946341913306,1201.44535643532,663.108196450625,1e+09,1727.88570715774,725.728547254412,890.025786817438,1016.71508727863,2174.87334313978,1731.72165381738,921.734022698522,2073.5182580098,1771.54230324878,996.209271438487,755.802937213133,983.485718706683,1276.12008776604
2616.02568364686,2540.16076662482,3642.23285989515,3122.66434949387,3226.15305562213,3061.81421301163,3018.36104618053,1884.64685588574,2797.57262474096,2673.52965496925,2637.12062080975,2806.79634352049,2934.96168932407,2000.25591235222,1547.65947278463,2374.67188870378,2632.31359062707,2345.93473928837,2561.75683713345,2311.32793411061,1832.21356116038,2445.0031137608,3058.40980342727,2422.74052419982,2589.94647197582,1815.69106411306,2273.92435439264,1906.81577710066,1749.20683439666,1907.58398722048,1967.42367874843,2063.73829031203,2272.68442226368,2312.02716657915,1511.5163513836,1754.46627861581,1707.64695798048,1831.2836260667,1664.66202620832,1896.45179479996,1727.88570715774,1e+09,1444.20062674824,1605.40463323114,1720.75068231862,2261.92850866247,1695.88319282314,1305.74805265028,1111.30259088153,866.631563699361,1209.89686870411,1778.75600364412,1591.09315380967,1566.91651079437
1435.05966983955,1402.09724241937,2493.08837099691,2063.4646694092,1945.05367257564,2148.68839367182,1882.6812745125,855.17869284729,1612.881433088,1331.06946824724,1544.50974804305,1626.66250460875,1719.10854354808,1270.47302797029,1064.11194044612,1780.04286153452,1450.13834240048,1107.47358997856,1281.38225869566,1254.09405257341,1024.8296096425,1066.39310284716,2003.68322481374,1153.43335945342,1450.56174780669,965.220253724506,1276.44224021301,623.00777370752,1164.84843108449,633.067042579221,1216.35383478657,1278.89281544624,1263.25300636887,1103.83574172066,572.801278804438,1408.34199465187,669.219395714141,893.095549423465,1150.04627541678,763.450233021118,725.728547254412,1444.20062674824,1e+09,995.136844408848,968.978046190934,2337.11233486968,1802.37171832006,913.588483125745,1544.35584921352,1314.15412296275,1247.84337767205,1121.94069870025,637.54308795563,1156.21794325291
1568.22476887084,1070.12666254981,2213.2700987227,1773.06615747975,1806.92696346587,1639.94590349804,1873.03629652498,1355.01107589569,1728.94225857893,1554.24966598034,1328.68614649962,1351.32736625882,1496.78850403121,900.968305047408,839.599413113182,1406.43928315445,1261.9680331926,1753.66608971035,1305.38915331789,830.856373990114,806.219959502368,1531.29486112244,1654.18109211174,1130.55656762499,1314.37322374583,496.303285401174,922.735595227582,963.511939209889,1498.55247792662,1460.92973455262,1148.67942930132,1155.79174495235,941.399843743348,1948.43078763399,1209.00469159553,1472.66440854663,652.124955587501,651.864954495945,815.865158160342,802.724191363385,890.025786817438,1605.40463323114,995.136844408848,1e+09,744.709177934581,1775.61747769614,1057.91910508318,430.818138893896,1623.92991107991,1338.15131737782,794.518355672164,594.232916372023,737.234707064175,460.443098113111
