1e+09,2607.73030470944,3046.30421346917,4939.28469783834,6335.11597337413,17719.9732611875,22628.8043367938,11608.0577755971,11762.6187026444,8792.89260883471,16463.2506990296,17457.6155637303,16228.2496186434,17272.2195809022,13720.8176772851,9459.314172111,9912.50889644998,16639.2716338156,16699.386440699,15948.8116839312,17024.8614503261,15832.1373950077,11847.741244347,8264.86321372592,5955.24386676986,6022.63845887332,14033.9127309635,17814.9903609067,13500.6868046741,10858.405940998,15833.5169417063,21448.9747754222,21952.5689796798,16813.6566887813,20205.7584289306,15702.6075111747,18335.8758606263,18488.9896037074,18061.4392437342,18860.6335754714,18743.9383512511,17068.8847104139,17190.056993649,16633.3751366071,15819.6906002172,16916.1680068832,17554.3404601284,15698.3579039816,17255.6675341031,16635.819073403,17963.5334439358,16182.9848487076,18896.2801829381,20824.4035865328
2607.73030470944,1e+09,2071.24432694456,4042.91226570649,5125.33499597831,17990.5084716719,23246.4242625656,12306.7654759445,12302.0470223252,9249.1040802988,17070.3578598751,18044.5898350974,16810.7458708084,17710.9215007125,14641.3040815974,10356.8980702911,10888.4266295411,17434.4626435861,17213.5330753596,16481.60633692,17553.008585724,16522.9657614576,12569.7391598991,9168.19915208543,6584.66180466393,6937.63297514361,14398.4555886526,18311.9377112336,14000.5362327948,11610.5192741927,16548.2186706848,22065.767753006,22596.0149062418,17319.5925001456,20733.6645540628,16317.2506425654,19011.3070512472,19105.3322269334,18572.4327717292,19412.4537575676,19309.3776840891,17567.1198302482,17789.4950537164,17190.3100596877,16362.8226171129,17365.8989965507,18133.7576478677,16254.1365780099,17799.9535187932,17212.592447743,18397.4832450501,16683.6560415636,19406.2136329733,21405.129566674
3046.30421346917,2071.24432694456,1e+09,2218.79158433144,3497.23882291444,19850.3343213509,25009.6380372108,14015.8445483246,14046.4404428311,10982.3052994305,18824.3261687451,19812.8644455566,18567.9698833125,19526.7317757658,16267.6311263779,11995.4076455909,12490.4989035827,19138.933322918,19004.4597960584,18266.8866566939,19331.2082982363,18245.4505950552,14276.9340018647,10792.3551217146,8290.67667608019,8510.32406141506,16213.0914804518,20057.5042694399,15748.5263446235,13310.2575669256,18257.8128136943,23814.4447002969,24343.2711000597,19096.5248424262,22484.0255711983,18068.9412883544,20737.6580322345,20875.2210202192,20373.9936126892,21179.3603667486,21056.4067400471,19342.6186712813,19548.1285748662,18952.7464540974,18112.6513975674,19164.966286944,19901.5084659103,18023.697595685,19577.1422681836,18959.693467385,20196.0433695514,18482.2710562393,21211.3664225552,23164.4189118441
4939.28469783834,4042.91226570649,2218.79158433144,1e+09,1458.26093172656,21997.6925659738,27177.4210610757,16181.7825030835,16218.1349796301,13153.6093463049,20990.655938679,21975.6532493007,20735.2996400896,21688.7748664004,18428.4138825239,14145.8681464447,14628.2737381244,21297.8521400445,21163.7706137895,20428.0068712344,21498.1856162538,20415.3674082907,16436.0438927164,12936.3605768199,10436.0551572421,10624.9315466971,18372.0784125422,22242.5625448126,17929.8496262629,15466.3463285742,20428.1100871667,25987.2492573531,26512.4999803319,21266.5949019419,24666.2066861161,20239.438016904,22906.8937227028,23035.7960787445,22533.7606624238,23350.0315380151,23237.2482350858,21515.2333711094,21718.0738932162,21125.5102826796,20288.8228784496,21332.3970944571,22065.716431478,20190.9898109429,21743.6463610591,21137.5718004434,22364.4053697812,20641.4295243958,23369.5939415643,25335.1730450672
6335.11597337413,5125.33499597831,3497.23882291444,1458.26093172656,1e+09,23075.0570263022,28346.1639385826,17387.4165989919,17387.1895591755,14318.0661425697,22164.750402231,23141.9839250808,21900.346169207,22817.9008400072,19673.8134242297,15398.806191189,15887.8838401311,22519.3668271202,22312.7524133868,21586.8350982028,22648.3885820758,21613.436173457,17644.4757128088,14189.3147524925,11647.5139649884,11872.2496307313,19487.9570698932,23385.4931927488,19087.809453502,16689.0562248619,21629.533302501,27160.0382455806,27686.3887693159,22415.0973028783,25810.9705410742,21421.3565278929,24092.7711425647,24207.6353870819,23678.6807199514,24501.527267995,24397.2995973325,22660.5717617738,22891.6740922983,22289.2316827027,21446.5825033197,22466.515881676,23227.3728174152,21356.4585079549,22900.7995636877,22304.033032129,23489.9985909642,21788.30530285,24513.3934091549,26490.709805026
17719.9732611875,17990.5084716719,19850.3343213509,21997.6925659738,23075.0570263022,1e+09,5829.25451708021,6417.2299040318,6101.27040167865,9018.26330572023,2619.63253585307,2299.63220502758,2559.95427763857,1256.23525531646,5522.11333919361,8649.02392139714,8432.66052843348,3761.22989676249,2014.24762842109,2515.56518760695,1903.82861103619,3356.73602298423,6262.92975518647,9707.59328898775,11779.2496220557,11927.5890429332,3746.12957318617,2205.98941883228,4502.59108288772,7197.16946412268,3469.42147547685,4884.12729106235,5351.69554773065,1960.20747417206,3498.33900674306,3010.39229828938,3129.5298389215,2681.65279322287,1790.27364899895,2486.66489113431,2652.84008389123,1836.4149417275,2394.59440793217,2294.46946009312,2709.63254128673,1539.57387932506,2222.96821576468,2755.17300159173,2005.59764187636,2414.19897556105,1424.35011566679,2134.52629566843,2215.05257231064,4098.53805345272
22628.8043367938,23246.4242625656,25009.6380372108,27177.4210610757,28346.1639385826,5829.25451708021,1e+09,11030.6400407365,10973.0306625061,14049.0242710375,6189.58291203858,5212.56180161924,6460.73527881309,5680.9974103497,9103.82134083265,13205.2558842455,12807.1905017494,6145.6461129974,6062.77915402664,6772.75103579041,5725.2528907726,6818.29737479233,10793.3232590292,14371.4289755995,16795.3228159211,16755.8784905298,8938.59003425037,5194.0108392359,9303.47334292951,11778.4042153086,6826.97962328877,1359.21647326686,828.586922839119,5961.87368265212,2907.61945776953,6956.80964761147,4344.97057637909,4172.08234021094,4763.54045331831,3920.35008029895,4065.11516461711,5736.81814296915,5470.02609717723,6069.97881256599,6942.29723716149,5962.24969846115,5155.00698676539,6994.70818211882,5461.19261143571,6083.82974779045,5021.18964906724,6587.3618142015,3936.35216430136,2012.4168594255
11608.0577755971,12306.7654759445,14015.8445483246,16181.7825030835,17387.4165989919,6417.2299040318,11030.6400407365,1e+09,873.037931020182,3218.89370944429,4867.46223766554,5866.29489115575,4631.90545995922,5766.04533548775,2562.99648425432,2295.49338637688,2118.76324430079,5186.49773202496,5149.29181963889,4396.89962013008,5441.85029025974,4253.66027884221,493.804278231771,3384.96628910836,5794.81965130063,5809.51608197275,2848.50041950146,6303.27106159968,2154.13558837414,923.711717420538,4271.23938812846,9866.45527178328,10360.0505026665,5251.98340610478,8636.81830236691,4114.160048248,6756.54426408205,6895.32650437962,6499.29090780679,7262.52626599037,7156.77385281245,5507.28967848978,5590.51229758955,5045.61843455289,4265.6453236058,5392.51020092684,5966.87229217284,4123.12804175422,5671.31732299472,5044.36918167178,6436.14874960174,4638.95090654126,7323.26820999341,9222.83179243772
11762.6187026444,12302.0470223252,14046.4404428311,16218.1349796301,17387.1895591755,6101.27040167865,10973.0306625061,873.037931020182,1e+09,3086.87405271093,4792.0262665286,5778.91829127217,4535.14351781727,5585.82012018826,3008.67901340439,2791.00931232771,2630.73150606443,5326.17332681729,4987.43504356698,4270.93519795138,5298.06595976305,4307.46414060524,1002.72525858283,3683.19492329689,5897.57967936848,5949.11322562447,2398.73643110284,6085.48110112915,1799.45237955885,1443.72921751276,4298.03636323612,9785.14123570529,10304.4233849838,5069.90706577547,8475.11427424433,4083.72279095925,6719.41716735165,6861.86456075898,6376.17482317573,7147.13188376988,7040.91875603603,5321.25841392804,5532.88508439313,4924.17860930125,4079.70429063186,5180.63966275401,5864.51780705797,4008.31161309846,5543.27226579211,4934.80820784354,6222.75963591717,4487.67241388005,7216.43112766276,9124.76333730361
8792.89260883471,9249.1040802988,10982.3052994305,13153.6093463049,14318.0661425697,9018.26330572023,14049.0242710375,3218.89370944429,3086.87405271093,1e+09,7868.03945281161,8854.25267956026,7609.63606653433,8619.29495214081,5682.70850102308,2197.28886548856,2574.34732817854,8339.53320518601,8045.59036260858,7323.9477591665,8370.43358453432,7352.71280243557,3484.36217722842,1747.06652955748,3030.47980036165,3222.72972140079,5298.03356303072,9106.77787282088,4800.17860390632,2695.43138491782,7354.0045264468,12850.353926659,13380.0074993664,8127.75214527978,11523.0792675396,7151.73893829326,9789.00351673244,9940.4237010552,9442.28224895867,10216.7394691213,10101.5545283387,8376.84750086213,8607.61503995154,7995.03066404376,7142.41734580807,8219.11172705421,8943.97665634252,7074.91280336373,8617.60379211066,8008.15491165724,9249.45425809004,7543.09086409543,10276.8301297239,12194.705764917
16463.2506990296,17070.3578598751,18824.3261687451,20990.655938679,22164.750402231,2619.63253585307,6189.58291203858,4867.46223766554,4792.0262665286,7868.03945281161,1e+09,1017.0629080347,509.095191197088,1549.27650404955,3352.59612858453,7097.43497897656,6723.4004139944,1552.75417790454,709.997926264577,826.771300663007,838.325948960188,993.475395618835,4633.33944943601,8222.33360864785,10620.5764719812,10596.2954994753,2969.9091725169,1895.5798366463,3199.74095170218,5628.37132328705,980.261280679799,5023.05137075065,5528.83583624076,779.260618727778,3889.26207129322,933.730149614973,1997.71981999479,2107.27749750715,1832.70667920429,2482.78311616218,2428.55591613617,1006.25733751362,852.766604880843,517.948758469407,1016.69968225627,1164.77519762399,1190.41912862655,908.564027793309,908.447786832023,693.019803396699,1915.91904220925,876.155258387462,2578.26708810395,4398.20283060024
17457.6155637303,18044.5898350974,19812.8644455566,21975.6532493007,23141.9839250808,2299.63220502758,5212.56180161924,5866.29489115575,5778.91829127217,8854.25267956026,1017.0629080347,1e+09,1346.49505056647,1299.62855451087,4264.27298843543,8090.402878516,7705.62474815638,1774.41836095663,946.022529858565,1629.03873155306,759.234522133971,1870.97018816442,5623.30174475815,9216.86606512214,11602.2233450964,11575.566659326,3834.44282590053,1544.28306634503,4174.04854199134,6618.05508120777,1835.05658482239,4066.86270703844,4563.99296044593,993.434452694288,3013.81892201572,1861.6770140924,1210.72130042384,1161.97422389655,983.463083242071,1592.99325842892,1654.73580583125,968.284874197671,619.582012731164,1024.28864764772,1875.11560134302,1216.5567705208,399.233655269693,1838.21548478409,440.953679086591,1167.15006824315,1351.20253803788,1481.15115889635,1635.77354694958,3443.74040174343
16228.2496186434,16810.7458708084,18567.9698833125,20735.2996400896,21900.346169207,2559.95427763857,6460.73527881309,4631.90545995922,4535.14351781727,7609.63606653433,509.095191197088,1346.49505056647,1e+09,1574.43518866291,3189.18131618445,6877.94428098251,6531.935880166,1873.29094977262,887.409728479466,793.39930734782,893.882050832211,951.314952578798,4425.81312797999,8001.95234292232,10371.9481352492,10374.8079254365,2653.97915792495,1946.24407138468,2921.05644151221,5434.77186898402,1067.65101222263,5323.34396392907,5799.11100685269,844.728572146107,4066.06511643628,884.094470291496,2293.90052960018,2386.80516728953,2045.59208604746,2641.40453740051,2595.52407176277,1043.76006476584,1125.05055730843,642.631795431879,710.594186860546,1159.74102760056,1450.61308042496,768.928942425761,1175.3493521077,630.380313937547,1972.75437639864,770.429113092178,2789.68142907035,4609.94422593159
17272.2195809022,17710.9215007125,19526.7317757658,21688.7748664004,22817.9008400072,1256.23525531646,5680.9974103497,5766.04533548775,5585.82012018826,8619.29495214081,1549.27650404955,1299.62855451087,1574.43518866291,1e+09,4539.4362807732,7994.69623663088,7744.79929769003,2564.81835676525,1092.16283195318,1588.31128101515,889.161346382084,2239.97401955916,5589.81233034706,9126.31759783211,11350.4963005412,11446.589837397,3399.2911854091,1688.2551891524,3935.03166376079,6545.69697960424,2381.3897703232,4635.27377210883,5127.97083660779,1035.56564992279,3350.63425297361,1946.93138361371,2293.60178282979,1882.19244571324,1052.06346529095,2013.9320184902,2079.04872506635,941.503674501592,1236.05250074582,1219.78310612994,1891.86341576235,662.17330390163,1287.69294329044,1820.27347461858,956.243489703329,1358.7219273641,1051.21182028172,1226.34867863915,1797.80215468777,3909.9448681663
13720.8176772851,14641.3040815974,16267.6311263779,18428.4138825239,19673.8134242297,5522.11333919361,9103.82134083265,2562.99648425432,3008.67901340439,5682.70850102308,3352.59612858453,4264.27298843543,3189.18131618445,4539.4362807732,1e+09,4352.14470811806,3899.95358245454,3168.73055396006,3876.72795471903,3280.37364667502,4003.5640848499,2591.41396027343,2354.46660645251,5532.44891413378,8079.03580680269,7943.21033847147,3174.5268426334,4851.31570711493,2532.02618860864,3222.62480397579,2495.17434737535,7992.73356223013,8398.90462890846,3957.2675539948,6897.54133511355,2750.6623277858,4860.54050037648,5119.89756300846,4984.00630703855,5552.36689636951,5444.76423362849,4166.53844349239,3982.29034908305,3638.58351095588,3059.02679931053,4224.86260309137,4334.68736888833,2975.67975884503,4191.82918361424,3529.20580973964,5119.4124377022,3505.15014736887,5746.46639830079,7366.46079034566
9459.314172111,10356.8980702911,11995.4076455909,14145.8681464447,15398.806191189,8649.02392139714,13205.2558842455,2295.49338637688,2791.00931232771,2197.28886548856,7097.43497897656,8090.402878516,6877.94428098251,7994.69623663088,4352.14470811806,1e+09,1125.62458364234,7224.78986725566,7403.52695928772,6633.69796267512,7695.22172290702,6409.94816982946,2560.5786034215,1333.1134984314,3824.12899364025,3851.89370751582,5056.29098098596,8563.89395575985,4386.5543600416,1600.69628299687,6442.07222690029,12056.851088572,12538.4972418029,7517.51677935607,10878.314488688,6314.93896603126,8943.94857950335,9075.75725223521,8719.55678796807,9493.805594539,9379.75921170688,7772.24345538018,7795.03360584161,7287.36925607589,6541.09536245268,7652.43159048155,8197.91274325361,6366.67341166484,7912.4787902275,7281.80371371682,8697.27473565714,6883.38359695288,9533.20957626549,11437.0008239879
9912.50889644998,10888.4266295411,12490.4989035827,14628.2737381244,15887.8838401311,8432.66052843348,12807.1905017494,2118.76324430079,2630.73150606443,2574.34732817854,6723.4004139944,7705.62474815638,6531.935880166,7744.79929769003,3899.95358245454,1125.62458364234,1e+09,6780.8849727377,7048.88947253395,6340.00698800088,7355.99852308305,6090.27810220519,2185.42570200865,1766.06203532039,4378.10238773604,4091.11921135281,4886.50496480869,8227.81957304607,4207.00294053855,1448.55109129778,6005.58183306997,11640.945428276,12108.4296169322,7194.44804484681,10499.5621216554,6022.71174636476,8500.31324132823,8709.01839267779,8385.40525560333,9135.54922621514,9043.32802956412,7457.42937712453,7472.28697278819,6971.3827843047,6200.7929011216,7378.19471203492,7795.41332168475,6071.80560669559,7558.82553133091,6959.77388708857,8417.3717796115,6590.55375707535,9222.10466423473,11038.3636207275
16639.2716338156,17434.4626435861,19138.933322918,21297.8521400445,22519.3668271202,3761.22989676249,6145.6461129974,5186.49773202496,5326.17332681729,8339.53320518601,1552.75417790454,1774.41836095663,1873.29094977262,2564.81835676525,3168.73055396006,7224.78986725566,6780.8849727377,1e+09,2016.48679169986,2072.80705141603,2043.77779924825,1572.1474036171,4903.5629989529,8400.93897770362,10889.0550022396,10777.9578255623,3997.403756565,2908.31217064125,3987.27224405357,5846.29609205692,1276.11014986952,5044.63475688776,5476.2319000477,2194.54067888932,4290.27460034903,1753.47091692449,2147.22169819514,2295.1305412329,2407.7697959315,3003.6520293303,2970.55492415138,2317.45279047924,1680.39892501751,1880.20631277528,2296.40942309946,2485.56482836397,1853.22716551426,2073.23320299478,1904.9358500485,1894.58757398543,3008.32551013018,2144.38804902471,3051.54640724994,4587.74251447267
16699.386440699,17213.5330753596,19004.4597960584,21163.7706137895,22312.7524133868,2014.24762842109,6062.77915402664,5149.29181963889,4987.43504356698,8045.59036260858,709.997926264577,946.022529858565,887.409728479466,1092.16283195318,3876.72795471903,7403.52695928772,7048.88947253395,2016.48679169986,1e+09,873.316840728496,629.080135117936,1615.74848593461,4914.66780413489,8497.35592234432,10815.8104601135,10819.9883392682,2947.53714404077,1809.53872182941,3391.86482733319,5900.87333943883,1585.0873048826,4914.18563020365,5434.48426202524,556.69932207611,3743.82387193896,1338.77452776784,2119.62763595401,2042.2399347775,1486.60225894487,2352.66939653662,2389.22273693768,796.66294252965,1017.31880573397,697.413460222844,1244.47714731931,736.855547512537,1063.24784537755,1133.26536005474,674.399870329169,993.494966771347,1565.20393565823,660.66115013674,2303.35556710205,4270.7642003042
15948.8116839312,16481.60633692,18266.8866566939,20428.0068712344,21586.8350982028,2515.56518760695,6772.75103579041,4396.89962013008,4270.93519795138,7323.9477591665,826.771300663007,1629.03873155306,793.39930734782,1588.31128101515,3280.37364667502,6633.69796267512,6340.00698800088,2072.80705141603,873.316840728496,1e+09,1255.01365972646,1133.36783847964,4193.14367718303,7749.83761204711,10078.4598203595,10118.2251792891,2325.45787254897,2355.9709295108,2674.70097274443,5146.160865111,1343.06842848754,5624.53315492051,6157.23101623611,1025.18072762806,4471.00279843348,691.882311018283,2749.06474550892,2684.61009703458,2223.32708493375,3056.74680565794,3007.23457159564,1319.90133688091,1400.39087179259,869.710687987678,960.412311926498,1172.12886066337,1815.07114808208,373.324910500224,1390.43666083716,1143.9692793515,2186.47981182082,471.865367239428,2987.2567064449,5004.60009194541
17024.8614503261,17553.008585724,19331.2082982363,21498.1856162538,22648.3885820758,1903.82861103619,5725.2528907726,5441.85029025974,5298.06595976305,8370.43358453432,838.325948960188,759.234522133971,893.882050832211,889.161346382084,4003.5640848499,7695.22172290702,7355.99852308305,2043.77779924825,629.080135117936,1255.01365972646,1e+09,1672.78267685913,5232.1216376342,8815.71801928805,11138.6145744388,11156.4793454163,3248.08552093383,1370.83080808683,3648.99231113194,6235.86593569009,1699.86736773785,4603.21584676409,5085.66232595126,489.15744397893,3307.56092277981,1534.70173532188,1789.31307296962,1727.3194454414,1208.12195522638,1886.98920484459,1909.00142202671,450.767001454188,749.330436389715,637.554099273152,1331.61098966628,653.263626034697,760.869965565733,1421.10538606396,456.572691364694,699.646221886462,1192.07520568125,980.666561018576,1990.1479462844,3869.41832088494
15832.1373950077,16522.9657614576,18245.4505950552,20415.3674082907,21613.436173457,3356.73602298423,6818.29737479233,4253.66027884221,4307.46414060524,7352.71280243557,993.475395618835,1870.97018816442,951.314952578798,2239.97401955916,2591.41396027343,6409.94816982946,6090.27810220519,1572.1474036171,1615.74848593461,1133.36783847964,1672.78267685913,1e+09,4061.15534967575,7589.02589310381,10039.0358551257,10035.3033416783,2816.7952621907,2572.27271633472,2779.84914750783,5019.3949637282,804.283891856601,5682.17627437763,6165.14803299969,1591.63824306907,4590.37254683103,644.026348995132,2634.47133358858,2760.15153678199,2637.52866856457,3186.82796579922,3052.02444523303,1785.62049809023,1474.50873008606,1202.98623138422,1230.21371232807,1893.88792501035,2057.1188606155,949.073264980107,1799.70717971008,1193.60581122915,2674.19314571704,1389.25230620647,3299.96638429848,5070.90361600376
11847.741244347,12569.7391598991,14276.9340018647,16436.0438927164,17644.4757128088,6262.92975518647,10793.3232590292,493.804278231771,1002.72525858283,3484.36217722842,4633.33944943601,5623.30174475815,4425.81312797999,5589.81233034706,2354.46660645251,2560.5786034215,2185.42570200865,4903.5629989529,4914.66780413489,4193.14367718303,5232.1216376342,4061.15534967575,1e+09,3601.91166687913,6049.43604162405,5981.36279126254,2766.008754668,6124.65972692361,2110.16501878408,1076.50877743751,4008.95697034777,9621.65402568082,10112.9895189207,5051.51593898307,8429.38820009495,3919.3704189321,6502.85859405692,6661.74788165989,6275.06001188037,7054.52192149121,6966.43320100753,5316.96301472937,5385.11421292994,4848.25048359715,4074.35934671943,5213.10664184994,5718.4245290377,3927.99456189797,5444.14178927221,4857.75197995945,6263.29004595827,4437.14738131381,7114.69588094249,8996.8125121623
8264.86321372592,9168.19915208543,10792.3551217146,12936.3605768199,14189.3147524925,9707.59328898775,14371.4289755995,3384.96628910836,3683.19492329689,1747.06652955748,8222.33360864785,9216.86606512214,8001.95234292232,9126.31759783211,5532.44891413378,1333.1134984314,1766.06203532039,8400.93897770362,8497.35592234432,7749.83761204711,8815.71801928805,7589.02589310381,3601.91166687913,1e+09,2681.85648331524,2573.89222243279,6028.73793249466,9660.48047148795,5415.14362072697,2630.92930838136,7578.30308292694,13200.8877111693,13691.8336637355,8621.82238450781,12003.8371511821,7477.67291321304,10078.0803459042,10239.802846188,9857.37012756952,10635.4789222019,10530.2891569368,8882.74167623938,8956.43409668714,8420.51153319678,7630.92537088393,8759.52570658366,9318.5163251185,7490.84348454164,9036.05050579621,8423.33578524565,9808.53402066792,7996.78635070989,10686.441887621,12581.3228114853
5955.24386676986,6584.66180466393,8290.67667608019,10436.0551572421,11647.5139649884,11779.2496220557,16795.3228159211,5794.81965130063,5897.57967936848,3030.47980036165,10620.5764719812,11602.2233450964,10371.9481352492,11350.4963005412,8079.03580680269,3824.12899364025,4378.10238773604,10889.0550022396,10815.8104601135,10078.4598203595,11138.6145744388,10039.0358551257,6049.43604162405,2681.85648331524,1e+09,1290.57321039916,8122.98055888354,11963.8140764348,7644.60309410502,5092.02657557873,10041.713782846,15630.2175860991,16131.58530898,10936.8371596134,14348.3148776572,9858.3879345814,12533.3211364267,12639.2993335905,12158.4304440006,12992.071614554,12897.4458060346,11188.6883772987,11342.7938540908,10772.6269931897,9960.01411878015,11014.3833221747,11685.7249592227,9834.88912697037,11378.6934918206,10780.308177427,12067.4471578582,10285.3714718526,13005.3880653827,14973.3371253138
6022.63845887332,6937.63297514361,8510.32406141506,10624.9315466971,11872.2496307313,11927.5890429332,16755.8784905298,5809.51608197275,5949.11322562447,3222.72972140079,10596.2954994753,11575.566659326,10374.8079254365,11446.589837397,7943.21033847147,3851.89370751582,4091.11921135281,10777.9578255623,10819.9883392682,10118.2251792891,11156.4793454163,10035.3033416783,5981.36279126254,2573.89222243279,1290.57321039916,1e+09,8255.59312932754,11983.2266588386,7732.76480471248,5061.57018688865,9954.13102040555,15571.117333602,16062.1789825136,10964.6467978909,14337.0923372349,9883.7276770508,12448.6612588021,12624.7368338077,12183.7763719382,12996.9423327681,12912.0839965592,11225.4906712223,11357.7505468645,10796.4772025786,9967.25188970862,11087.040702117,11649.0582510261,9869.16291560738,11380.3897531148,10798.9342179078,12144.2144730938,10335.8058729448,13051.0557121024,14942.6603219072
14033.9127309635,14398.4555886526,16213.0914804518,18372.0784125422,19487.9570698932,3746.12957318617,8938.59003425037,2848.50041950146,2398.73643110284,5298.03356303072,2969.9091725169,3834.44282590053,2653.97915792495,3399.2911854091,3174.5268426334,5056.29098098596,4886.50496480869,3997.403756565,2947.53714404077,2325.45787254897,3248.08552093383,2816.7952621907,2766.008754668,6028.73793249466,8122.98055888354,8255.59312932754,1e+09,4056.05014164026,1116.11677570046,3622.46620798594,2910.23999979383,7794.10790890144,8314.65028478649,3006.00025370924,6407.67728912747,2417.35517268357,4902.48154638036,4907.79288139791,4284.33737686471,5084.11034985473,5029.96254980094,3233.87761990153,3628.4892333587,2977.90825879509,2199.40733014601,3007.76723564175,3907.562390468,2149.86753875675,3533.59779796739,3037.83946233174,4014.44443323108,2424.40617710812,5089.7007139713,7071.29431532163
17814.9903609067,18311.9377112336,20057.5042694399,22242.5625448126,23385.4931927488,2205.98941883228,5194.0108392359,6303.27106159968,6085.48110112915,9106.77787282088,1895.5798366463,1544.28306634503,1946.24407138468,1688.2551891524,4851.31570711493,8563.89395575985,8227.81957304607,2908.31217064125,1809.53872182941,2355.9709295108,1370.83080808683,2572.27271633472,6124.65972692361,9660.48047148795,11963.8140764348,11983.2266588386,4056.05014164026,1e+09,4341.07152771064,7122.11211789733,2576.92386292261,4014.00870984357,4548.87261808902,1360.64379739886,2448.74432848756,2534.41634440753,1759.22003760189,2001.19182628753,1708.46049445107,1531.57638314255,1251.40705012398,1087.86367500712,1537.62059367713,1559.63077511955,2068.21719173785,1454.73895551745,1469.47486433079,2432.96063089808,1397.22687101988,1448.34003956253,1053.00549200847,2191.11878808521,2061.41037789665,3291.47354083243
13500.6868046741,14000.5362327948,15748.5263446235,17929.8496262629,19087.809453502,4502.59108288772,9303.47334292951,2154.13558837414,1799.45237955885,4800.17860390632,3199.74095170218,4174.04854199134,2921.05644151221,3935.03166376079,2532.02618860864,4386.5543600416,4207.00294053855,3987.27224405357,3391.86482733319,2674.70097274443,3648.99231113194,2779.84914750783,2110.16501878408,5415.14362072697,7644.60309410502,7732.76480471248,1116.11677570046,4341.07152771064,1e+09,2966.57991997519,2852.23402062313,8111.49109949583,8651.10044008853,3380.72988466988,6755.53882138205,2500.30833976532,5122.46490252496,5256.96297288653,4758.01235740304,5466.48278953662,5318.26311498407,3612.9311563466,3883.2090478366,3242.58820907003,2400.02996204214,3486.07671702732,4267.98372539071,2385.21665862873,3903.48867053563,3245.68041851012,4502.53365218962,2895.41994052676,5565.50514591443,7448.11571614593
10858.405940998,11610.5192741927,13310.2575669256,15466.3463285742,16689.0562248619,7197.16946412268,11778.4042153086,923.711717420538,1443.72921751276,2695.43138491782,5628.37132328705,6618.05508120777,5434.77186898402,6545.69697960424,3222.62480397579,1600.69628299687,1448.55109129778,5846.29609205692,5900.87333943883,5146.160865111,6235.86593569009,5019.3949637282,1076.50877743751,2630.92930838136,5092.02657557873,5061.57018688865,3622.46620798594,7122.11211789733,2966.57991997519,1e+09,5011.01415006982,10604.4724517158,11112.0915828434,6036.84690731014,9442.07065055118,4872.02916320295,7511.38967605862,7644.78627179989,7257.37296033489,8064.91054879718,7960.62858671349,6306.11337805625,6356.95454592842,5826.45176195599,5082.13879722898,6178.88903954425,6730.83582346205,4891.52078625861,6433.85925797262,5853.35506009161,7240.32431894456,5406.89927537031,8086.59159249433,10009.9071908135
15833.5169417063,16548.2186706848,18257.8128136943,20428.1100871667,21629.533302501,3469.42147547685,6826.97962328877,4271.23938812846,4298.03636323612,7354.0045264468,980.261280679799,1835.05658482239,1067.65101222263,2381.3897703232,2495.17434737535,6442.07222690029,6005.58183306997,1276.11014986952,1585.0873048826,1343.06842848754,1699.86736773785,804.283891856601,4008.95697034777,7578.30308292694,10041.713782846,9954.13102040555,2910.23999979383,2576.92386292261,2852.23402062313,5011.01415006982,1e+09,5651.12681728167,6129.781696953,1664.05541527318,4563.96573955151,934.250194273461,2525.00964109051,2802.17894933568,2639.61133692065,3225.89153591685,3128.08312197742,1871.1072906437,1640.81571865947,1346.82958283519,1211.33436213954,2029.54478669479,1923.76770827457,1162.98966504436,1780.94835904919,1303.27969396442,2821.96322309487,1521.9579792491,3410.840951525,5065.85978342275
21448.9747754222,22065.767753006,23814.4447002969,25987.2492573531,27160.0382455806,4884.12729106235,1359.21647326686,9866.45527178328,9785.14123570529,12850.353926659,5023.05137075065,4066.86270703844,5323.34396392907,4635.27377210883,7992.73356223013,12056.851088572,11640.945428276,5044.63475688776,4914.18563020365,5624.53315492051,4603.21584676409,5682.17627437763,9621.65402568082,13200.8877111693,15630.2175860991,15571.117333602,7794.10790890144,4014.00870984357,8111.49109949583,10604.4724517158,5651.12681728167,1e+09,844.335381172671,4795.08561307303,1897.21388430509,5804.53982402567,3183.6045025097,3132.8145558108,3720.49957481519,2874.73030187181,2946.59345224278,4582.59304530743,4335.78078045927,4903.99417034727,5761.00424921732,4836.49182228193,4023.6296290787,5834.08286790649,4311.10008932755,4930.32003183363,3943.34192378749,5471.31499407592,2977.24581454068,1231.81538401661
21952.5689796798,22596.0149062418,24343.2711000597,26512.4999803319,27686.3887693159,5351.69554773065,828.586922839119,10360.0505026665,10304.4233849838,13380.0074993664,5528.83583624076,4563.99296044593,5799.11100685269,5127.97083660779,8398.90462890846,12538.4972418029,12108.4296169322,5476.2319000477,5434.48426202524,6157.23101623611,5085.66232595126,6165.14803299969,10112.9895189207,13691.8336637355,16131.58530898,16062.1789825136,8314.65028478649,4548.87261808902,8651.10044008853,11112.0915828434,6129.781696953,844.335381172671,1e+09,5332.24960833605,2300.59392798903,6322.51436551947,3625.12459861727,3557.09719040681,4184.33940883146,3283.46818830334,3434.74692114281,5109.97138825649,4844.33980962319,5435.14529205062,6273.13681362044,5371.61202590991,4488.63402900036,6362.76596893992,4828.95851917367,5428.56853255073,4458.75461166008,5975.49077056437,3420.67506798,1373.837711522
16813.6566887813,17319.5925001456,19096.5248424262,21266.5949019419,22415.0973028783,1960.20747417206,5961.87368265212,5251.98340610478,5069.90706577547,8127.75214527978,779.260618727778,993.434452694288,844.728572146107,1035.56564992279,3957.2675539948,7517.51677935607,7194.44804484681,2194.54067888932,556.69932207611,1025.18072762806,489.15744397893,1591.63824306907,5051.51593898307,8621.82238450781,10936.8371596134,10964.6467978909,3006.00025370924,1360.64379739886,3380.72988466988,6036.84690731014,1664.05541527318,4795.08561307303,5332.24960833605,1e+09,3503.09604982507,1378.81906100837,2031.96133661544,2035.71652815415,1523.74221261341,2165.33025504194,2092.52551728766,321.532844356529,877.274010044752,429.021805389889,1101.73631981523,477.985788805483,1105.33619351761,1186.98072069432,653.20064872901,660.674635505254,1272.8303025934,869.976422841447,2252.41240511146,4124.87343958575
20205.7584289306,20733.6645540628,22484.0255711983,24666.2066861161,25810.9705410742,3498.33900674306,2907.61945776953,8636.81830236691,8475.11427424433,11523.0792675396,3889.26207129322,3013.81892201572,4066.06511643628,3350.63425297361,6897.54133511355,10878.314488688,10499.5621216554,4290.27460034903,3743.82387193896,4471.00279843348,3307.56092277981,4590.37254683103,8429.38820009495,12003.8371511821,14348.3148776572,14337.0923372349,6407.67728912747,2448.74432848756,6755.53882138205,9442.07065055118,4563.96573955151,1897.21388430509,2300.59392798903,3503.09604982507,1e+09,4661.71969636743,2287.40159010175,2338.92581863983,2628.5435564586,1557.22747037804,1573.33289865813,3227.80062043801,3236.67817161361,3673.98342914064,4401.26371346912,3509.04650772827,2881.14586739374,4635.94249955713,3140.73583183941,3611.90460376517,2532.0578935522,4253.12751852093,2076.59930911093,1102.84721729712
15702.6075111747,16317.2506425654,18068.9412883544,20239.438016904,21421.3565278929,3010.39229828938,6956.80964761147,4114.160048248,4083.72279095925,7151.73893829326,933.730149614973,1861.6770140924,884.094470291496,1946.93138361371,2750.6623277858,6314.93896603126,6022.71174636476,1753.47091692449,1338.77452776784,691.882311018283,1534.70173532188,644.026348995132,3919.3704189321,7477.67291321304,9858.3879345814,9883.7276770508,2417.35517268357,2534.41634440753,2500.30833976532,4872.02916320295,934.250194273461,5804.53982402567,6322.51436551947,1378.81906100837,4661.71969636743,1e+09,2826.30317862398,2850.55176069476,2511.96251375294,3262.83965085629,3146.97598543427,1623.48924252673,1499.48596789033,1041.08419827601,980.412568972879,1590.38594960469,2022.90263806739,464.356225434741,1664.72201051707,1141.56658211425,2550.48404727416,971.765185577257,3278.03890420782,5200.6948973767
18335.8758606263,19011.3070512472,20737.6580322345,22906.8937227028,24092.7711425647,3129.5298389215,4344.97057637909,6756.54426408205,6719.41716735165,9789.00351673244,1997.71981999479,1210.72130042384,2293.90052960018,2293.60178282979,4860.54050037648,8943.94857950335,8500.31324132823,2147.22169819514,2119.62763595401,2749.06474550892,1789.31307296962,2634.47133358858,6502.85859405692,10078.0803459042,12533.3211364267,12448.6612588021,4902.48154638036,1759.22003760189,5122.46490252496,7511.38967605862,2525.00964109051,3183.6045025097,3625.12459861727,2031.96133661544,2287.40159010175,2826.30317862398,1e+09,958.363969324807,1563.39548899183,1184.81101493023,1215.32002986868,1898.32337031919,1497.15552278312,2027.85502203683,2782.05127240675,2277.98536312242,1181.83271557357,2886.72512311096,1554.50632665165,1996.39147531239,1914.3289820979,2641.89802831222,1662.11574296136,2595.16269430261
18488.9896037074,19105.3322269334,20875.2210202192,23035.7960787445,24207.6353870819,2681.65279322287,4172.08234021094,6895.32650437962,6861.86456075898,9940.4237010552,2107.27749750715,1161.97422389655,2386.80516728953,1882.19244571324,5119.89756300846,9075.75725223521,8709.01839267779,2295.1305412329,2042.2399347775,2684.61009703458,1727.3194454414,2760.15153678199,6661.74788165989,10239.802846188,12639.2993335905,12624.7368338077,4907.79288139791,2001.19182628753,5256.96297288653,7644.78627179989,2802.17894933568,3132.8145558108,3557.09719040681,2035.71652815415,2338.92581863983,2850.55176069476,958.363969324807,1e+09,996.799889496382,1008.47216867894,1257.44657011739,1889.57254711218,1415.01772041908,2056.43863907971,2961.46821438286,2106.12140146289,1175.76512607748,2901.96115323758,1457.27882791867,2114.01530155295,1651.68975555339,2503.24629860907,889.393567719039,2504.09514843186
18061.4392437342,18572.4327717292,20373.9936126892,22533.7606624238,23678.6807199514,1790.27364899895,4763.54045331831,6499.29090780679,6376.17482317573,9442.28224895867,1832.70667920429,983.463083242071,2045.59208604746,1052.06346529095,4984.00630703855,8719.55678796807,8385.40525560333,2407.7697959315,1486.60225894487,2223.32708493375,1208.12195522638,2637.52866856457,6275.06001188037,9857.37012756952,12158.4304440006,12183.7763719382,4284.33737686471,1708.46049445107,4758.01235740304,7257.37296033489,2639.61133692065,3720.49957481519,4184.33940883146,1523.74221261341,2628.5435564586,2511.96251375294,1563.39548899183,996.799889496382,1e+09,1284.32512538687,1527.73211539196,1372.43290564603,1268.85311829226,1671.37411934013,2513.44514380163,1422.94633763891,870.763371760664,2472.22412297106,976.234182663156,1777.57752300708,1121.51505210586,1926.18898807983,978.58277881843,3033.68808882851
18860.6335754714,19412.4537575676,21179.3603667486,23350.0315380151,24501.527267995,2486.66489113431,3920.35008029895,7262.52626599037,7147.13188376988,10216.7394691213,2482.78311616218,1592.99325842892,2641.40453740051,2013.9320184902,5552.36689636951,9493.805594539,9135.54922621514,3003.6520293303,2352.66939653662,3056.74680565794,1886.98920484459,3186.82796579922,7054.52192149121,10635.4789222019,12992.071614554,12996.9423327681,5084.11034985473,1531.57638314255,5466.48278953662,8064.91054879718,3225.89153591685,2874.73030187181,3283.46818830334,2165.33025504194,1557.22747037804,3262.83965085629,1184.81101493023,1008.47216867894,1284.32512538687,1e+09,608.771280120868,1907.68393524714,1815.42702505499,2304.26469171838,3094.39430435102,2189.51531058817,1483.1335124998,3239.7137215038,1751.11939161783,2262.49933891703,1336.61699974226,2823.01733088906,957.461918041652,2005.81716370162
18743.9383512511,19309.3776840891,21056.4067400471,23237.2482350858,24397.2995973325,2652.84008389123,4065.11516461711,7156.77385281245,7040.91875603603,10101.5545283387,2428.55591613617,1654.73580583125,2595.52407176277,2079.04872506635,5444.76423362849,9379.75921170688,9043.32802956412,2970.55492415138,2389.22273693768,3007.23457159564,1909.00142202671,3052.02444523303,6966.43320100753,10530.2891569368,12897.4458060346,12912.0839965592,5029.96254980094,1251.40705012398,5318.26311498407,7960.62858671349,3128.08312197742,2946.59345224278,3434.74692114281,2092.52551728766,1573.33289865813,3146.97598543427,1215.32002986868,1257.44657011739,1527.73211539196,608.771280120868,1e+09,1823.43066665558,1724.73433658636,2187.74146612437,2979.44371336329,2151.95918878588,1605.66372077095,3150.96514106392,1763.03035022089,2122.09478386334,1341.81969410946,2833.64610747355,1302.69050269049,2204.19430202966
17068.8847104139,17567.1198302482,19342.6186712813,21515.2333711094,22660.5717617738,1836.4149417275,5736.81814296915,5507.28967848978,5321.25841392804,8376.84750086213,1006.25733751362,968.284874197671,1043.76006476584,941.503674501592,4166.53844349239,7772.24345538018,7457.42937712453,2317.45279047924,796.66294252965,1319.90133688091,450.767001454188,1785.62049809023,5316.96301472937,8882.74167623938,11188.6883772987,11225.4906712223,3233.87761990153,1087.86367500712,3612.9311563466,6306.11337805625,1871.1072906437,4582.59304530743,5109.97138825649,321.532844356529,3227.80062043801,1623.48924252673,1898.32337031919,1889.57254711218,1372.43290564603,1907.68393524714,1823.43066665558,1e+09,861.268363693919,619.339438514939,1307.60514751205,486.083924338174,1024.96100281913,1466.14221864729,631.413655142174,707.745666606303,1004.5902773768,1120.39292629863,2053.36022166107,3877.40412830543
17190.056993649,17789.4950537164,19548.1285748662,21718.0738932162,22891.6740922983,2394.59440793217,5470.02609717723,5590.51229758955,5532.88508439313,8607.61503995154,852.766604880843,619.582012731164,1125.05055730843,1236.05250074582,3982.29034908305,7795.03360584161,7472.28697278819,1680.39892501751,1017.31880573397,1400.39087179259,749.330436389715,1474.50873008606,5385.11421292994,8956.43409668714,11342.7938540908,11357.7505468645,3628.4892333587,1537.62059367713,3883.2090478366,6356.95454592842,1640.81571865947,4335.78078045927,4844.33980962319,877.274010044752,3236.67817161361,1499.48596789033,1497.15552278312,1415.01772041908,1268.85311829226,1815.42702505499,1724.73433658636,861.268363693919,1e+09,700.825572307404,1655.75151490192,1096.86102902783,863.767394036149,1554.61682378649,599.603318703291,821.24731944768,1409.81755468571,1322.23656771396,1862.76185412951,3715.12588046489
16633.3751366071,17190.3100596877,18952.7464540974,21125.5102826796,22289.2316827027,2294.46946009312,6069.97881256599,5045.61843455289,4924.17860930125,7995.03066404376,517.948758469407,1024.28864764772,642.631795431879,1219.78310612994,3638.58351095588,7287.36925607589,6971.3827843047,1880.20631277528,697.413460222844,869.710687987678,637.554099273152,1202.98623138422,4848.25048359715,8420.51153319678,10772.6269931897,10796.4772025786,2977.90825879509,1559.63077511955,3242.58820907003,5826.45176195599,1346.82958283519,4903.99417034727,5435.14529205062,429.021805389889,3673.98342914064,1041.08419827601,2027.85502203683,2056.43863907971,1671.37411934013,2304.26469171838,2187.74146612437,619.339438514939,700.825572307404,1e+09,998.713616959336,771.075744787761,1186.60311250224,968.554527427341,755.718939950561,420.638952428327,1556.46755774093,834.128793892166,2393.37763965489,4261.47339091775
