1e+09,1206.34326905736,2278.50679619351,1975.05187509088,1571.22456004863,1979.49798193885,1475.3617534693,948.176599953827,1642.94013670614,1134.93470503814,1559.53408019831,1180.9094206585,1038.70695169523,667.036178554057,992.844394202838,1599.99826631156,1082.12289135754,743.148099439136,1474.18747790096,625.100430410986,624.546195489173,809.206198752827,1715.78882191253,1069.44937163944,1533.00672650188,626.549083392515,1346.80109351752,797.413393291084,1192.20006743835,640.118061688623,1158.43128419428,1062.37282782458,812.256394680892,778.212443295531,831.417227028644,1321.81883762488,662.933409174707,680.709794993432,527.172328465749,796.652131045917,987.052039306946,1497.45619111211,776.999198390835,603.129833617937,1228.60981584879,2053.46708602792,1235.25468701803,927.5656416664,1625.46260067711,1463.77916466248,798.925188362465,560.933910367344,575.801341783779,951.273604542878
1206.34326905736,1e+09,1409.10050773534,1047.22019628157,584.368471000961,1166.11852780924,1880.44318010409,1720.85571547995,909.614011765431,744.715897977209,752.808241121204,479.59193988223,503.666783598045,1416.74040081449,1985.02140948152,1398.70064974604,588.639638998259,698.710040503212,1036.04588074081,826.220253140771,1295.77958893478,1119.93309902869,924.38649362699,615.283084685416,901.366265454837,1262.6385748503,837.980778478839,1481.7156871006,1946.56340487537,1420.42496116479,700.104111543419,717.55558272513,762.037023969308,1623.30046026606,1739.79057958135,2010.01371938104,1222.03561494745,1077.8159925516,1604.87163676725,1564.76194013658,1548.84156597762,2296.96053851606,1477.51210252234,968.086194406262,1085.02300344278,1820.66473574901,1488.4071256884,1386.60571317156,2172.76887012862,2126.91376456593,1450.53077809469,1382.24266661104,1389.59529108298,1510.36947211601
2278.50679619351,1409.10050773534,1e+09,868.347109052595,900.60820171704,638.107047602517,2009.29763427423,2837.82425837119,1115.87296378217,1450.76746641217,1210.58395693979,1270.24222536491,1308.429263965,2430.43226295242,2720.80427487903,1876.76480841367,1457.0343161024,1933.43779144818,1510.21952824747,1755.91116478027,2394.8016662346,1807.75237668216,1280.65953098394,1507.18086107806,1593.18124624915,2043.22252708803,1361.51775544794,2296.36162494064,2936.53014752105,2517.00780495413,1678.86844913471,1607.170861483,2041.72312383438,2778.994524104,2833.96133069949,2870.93714654292,2279.71164248902,2249.0580801082,2653.56167883846,2236.52759647629,2319.80991389381,3321.74085747218,2449.85675458791,2019.08478090941,1834.7549105807,2172.57666776112,2143.73067914325,2185.3363892774,3143.08349082553,3056.78547477575,2390.86850740479,2269.92186330279,2288.09073900053,2245.8339405664
1975.05187509088,1047.22019628157,868.347109052595,1e+09,699.341534731064,799.669224367176,1897.40342776648,2438.71372854626,597.308167280508,924.240122803593,644.758310842132,988.725501390553,1050.30143644575,2066.47297127255,2447.63373187248,1268.50011553015,984.411912412685,1437.53790064819,1007.51427081704,1515.37242280569,2149.20125227955,1469.24461414701,857.837923911037,1026.98927190112,1110.94920486942,1735.2525366067,810.138740093325,1981.15450409603,2375.74213404991,2010.71215379029,1277.27557022751,1087.25516775042,1665.9870836234,2327.78285920315,2420.55365098566,2328.18069238623,1856.37761290638,1762.31401937907,2384.76670838051,1987.31361002737,1931.76973467336,2780.89091544419,1986.98292524118,1614.52139388117,1307.63779621882,1574.88675081734,1718.79409427075,1738.34016869541,2722.06397362369,2624.13287037833,1882.26270873648,1948.79486321675,2027.63158973715,2012.87073261052
1571.22456004863,584.368471000961,900.60820171704,699.341534731064,1e+09,604.940348464209,1761.21145422689,2033.66058116884,607.233813864148,788.531702596668,545.746663388792,574.320889660127,568.587320822405,1690.56595961234,2183.72012020772,1423.08085796275,669.19743058383,1099.32350388773,1060.55456875165,1040.35218488741,1628.4814098417,1235.00848304779,680.86933775872,711.236868138878,814.177974769644,1478.92295539693,836.699915620888,1621.84830600769,2282.18835609596,1777.27062221824,876.73266946088,995.369448496387,1308.0059324789,1977.5258256215,2063.61324658958,2287.14824683491,1520.6532898396,1439.11735661134,1929.9118749829,1724.72720428478,1711.36514315327,2574.29718940918,1717.67384337074,1233.78192323441,1112.27799713021,1675.77131885589,1512.45302085718,1519.89400087638,2380.40530605609,2338.78225155742,1710.38218889814,1610.43221450019,1602.47111484108,1594.43950270934
1979.49798193885,1166.11852780924,638.107047602517,799.669224367176,604.940348464209,1e+09,1757.71564972836,2407.19774173207,681.954519084668,1104.90883506288,781.698653190601,964.195458763418,969.139535361136,1986.39057372914,2464.69211817622,1541.60891574355,1064.05993407326,1581.26142645674,1444.81580684183,1439.87563296279,2050.46046335939,1464.68255495858,754.350220454664,1122.19433129917,1097.0551310668,1831.18762615959,1213.36095989611,1855.61940362241,2618.61272342819,2177.72053092218,1367.0640426476,1416.67107883235,1857.43065674065,2356.31602074085,2443.83510489149,2564.38538355685,1942.75546333037,1834.2884368332,2297.00645419206,2015.17868225128,1894.69097928924,2876.64842749336,2037.80507227752,1624.23259969131,1387.4934685612,1695.93740683434,1727.43139693014,1802.38370701136,2701.43392558471,2664.87607509242,2022.19494794641,1881.06017551273,1927.48286552695,1819.41877724728
1475.3617534693,1880.44318010409,2009.29763427423,1897.40342776648,1761.21145422689,1757.71564972836,1e+09,1830.11819626493,1595.23427859359,1336.80325474619,1688.24926420834,1621.21083940368,1433.43395268146,1498.0753508085,1156.47997851238,1612.31148113508,1425.67541060369,1636.512679847,1563.69652656774,1288.07878862281,1718.7724948637,1013.68464312132,1842.72413198503,1424.34885997076,1773.92821869996,1067.67705224942,1442.70980238577,1101.08475958938,1815.01828078948,1549.43675317839,1682.11363248741,1588.12227693588,1986.87323327383,1776.58184537049,1702.93753948875,1712.80706663068,1459.45645848035,1650.05010645132,1609.53407379279,926.44952496075,1278.07063901022,1991.87514566049,1329.85480857874,1358.56123078792,1362.10822389412,1734.72358391762,1122.76980766317,1081.02329632622,2092.37035550593,1835.99240937973,1329.40823850313,1209.83691851423,1225.18811812717,1131.02868075925
948.176599953827,1720.85571547995,2837.82425837119,2438.71372854626,2033.66058116884,2407.19774173207,1830.11819626493,1e+09,2036.07490164286,1610.24069846716,1928.91795947884,1791.82934631064,1605.88225066472,842.586291960651,1200.69615048937,2015.58897523776,1480.72931094782,1109.70867546397,1894.5646665923,1148.22412185078,714.969792508746,1403.00240177984,2031.79971584308,1417.09303604245,1596.34024399562,1255.95388840514,1815.30292948588,802.857443074423,1401.04678447938,850.207072424124,1350.78138094216,1725.40681382681,1479.32004887381,429.017319230821,303.338169210537,1617.81347874222,712.478892529456,925.025535701583,636.914344319548,1256.36090770129,1317.0823354673,944.477851619614,676.121019492813,856.610226240616,1257.85953599756,1919.16009491131,1101.1463388215,950.828073155184,771.811533147828,775.58189303258,1056.82777324406,1019.59128983137,731.678658633693,849.608931450229
1642.94013670614,909.614011765431,1115.87296378217,597.308167280508,607.233813864148,681.954519084668,1595.23427859359,2036.07490164286,1e+09,564.188597102068,209.871994082107,691.238108324476,722.017328947166,1583.97998929911,2153.29680780426,927.450508221328,609.449585609835,1124.57065420542,1131.31910414348,1204.72189649728,1815.66189911558,1060.81900185658,387.511005779191,688.222449721019,763.647059642084,1503.84905914789,827.221565906015,1520.37776128172,2049.54644436275,1676.89489101136,1100.9972331482,935.009157762639,1514.64510229294,1910.97034040301,2045.50311962607,1998.12318771892,1558.64582102542,1344.66212477336,2000.64500361758,1734.49333411806,1439.57733508832,2364.43834639434,1579.34526114463,1231.33172516589,929.88000989375,1241.91389331145,1361.48372204738,1378.01102223458,2364.4454622173,2298.07953263154,1494.98730543105,1501.15598250149,1655.70222038868,1594.31426923929
1134.93470503814,744.715897977209,1450.76746641217,924.240122803593,788.531702596668,1104.90883506288,1336.80325474619,1610.24069846716,564.188597102068,1e+09,521.782478624954,555.27123381281,491.882720168132,1161.694273034,1656.33859696621,787.981988182471,281.028390558676,671.904115778435,885.443301008032,800.167032562577,1403.63919779978,607.179757897116,779.782882410226,361.333365467404,827.370426471723,987.593361257557,566.942793234026,1123.41631664312,1541.85989165683,1139.75870990311,859.054530224944,501.447524074055,1091.18139179515,1444.50292149237,1567.9147804967,1521.90622825455,1080.88079745178,893.538851029993,1530.79796021552,1251.23080596667,1054.12260074433,1930.4642842591,1109.23477181343,776.157162371127,679.415859617657,1294.62956002866,1053.84495278006,941.727269383233,2023.90873591178,1897.5172304356,986.049221337353,1040.82219504582,1214.63851243899,1256.77422483118
1559.53408019831,752.808241121204,1210.58395693979,644.758310842132,545.746663388792,781.698653190601,1688.24926420834,1928.91795947884,209.871994082107,521.782478624954,1e+09,616.459118109222,653.234846284244,1513.64765992618,2135.58798849404,965.894650000713,502.447646924533,981.897316525511,1091.23681403259,1128.19739416469,1704.37264528624,1063.76836679796,338.427430182602,576.933173946516,633.425684512398,1471.24870793486,792.829732666479,1484.67944173145,1996.1011308799,1589.68267531605,965.340706331189,863.416035060735,1375.37314973065,1807.48291726367,1951.2496947085,1974.64775861418,1459.21524275893,1228.7024685822,1917.4677939929,1721.88249523596,1431.96846662208,2293.89442076134,1512.82186029949,1134.10519754562,860.802612739994,1260.15473799847,1335.07004988502,1338.24003015154,2267.82624927484,2219.83278766667,1445.867435106,1463.30614380587,1595.08178796575,1556.75172908207
1180.9094206585,479.59193988223,1270.24222536491,988.725501390553,574.320889660127,964.195458763418,1621.21083940368,1791.82934631064,691.238108324476,555.27123381281,616.459118109222,1e+09,276.865255855624,1280.34326971324,1913.55250915673,1116.42005777395,516.016129399072,813.131846443121,1167.92939178702,826.347507105818,1404.72942480038,834.457978270925,739.121409647968,620.648593247419,982.799160205176,1209.01399524571,878.834705448072,1357.35224809185,1854.65384543855,1420.66346011292,969.23896950133,629.562888915794,965.782210387,1637.93817206267,1790.17471197646,1848.77342676165,1324.95436230838,1050.09305835245,1599.31879358057,1490.05635151829,1273.28254331079,2276.96602770002,1434.8094549103,976.541198926087,1084.32161566576,1740.22362913506,1460.34816985539,1341.52418338247,2295.55948491865,2221.56511214504,1333.51203556623,1189.82659795451,1364.9219785028,1448.34944177847
1038.70695169523,503.666783598045,1308.429263965,1050.30143644575,568.587320822405,969.139535361136,1433.43395268146,1605.88225066472,722.017328947166,491.882720168132,653.234846284244,276.865255855624,1e+09,1165.5234571642,1710.87762057957,1188.60864968248,375.683437351183,703.150474791847,1050.15776543337,585.38423091163,1207.93351166362,725.021363409383,809.398440509987,451.51165256281,870.341297308131,1023.90451000081,780.785923541146,1151.4690169084,1799.41803550481,1296.52862914785,777.130403407304,677.43072679057,955.129660936148,1497.65215247066,1604.7927249025,1810.80910827177,1118.39084907737,967.872260631536,1421.8022697267,1280.76478113665,1206.72408950845,2133.2763125765,1259.04376254362,779.456914075435,903.592378619918,1636.58505813172,1232.38075524572,1131.06633558779,2076.55398684937,1996.32162278527,1224.60926115231,1058.95369204701,1134.87145205966,1199.72330168252
667.036178554057,1416.74040081449,2430.43226295242,2066.47297127255,1690.56595961234,1986.39057372914,1498.0753508085,842.586291960651,1583.97998929911,1161.694273034,1513.64765992618,1280.34326971324,1165.5234571642,1e+09,1238.00268634604,1410.96148370535,1117.69499198127,871.950329892707,1777.90312579173,922.181263635301,912.859785399707,790.888640328081,1572.41568622931,1127.90910059277,1437.5310338911,1053.67657124945,1572.48035154656,559.199107742493,1111.38639153986,720.122321970372,1358.15329484562,1271.51579290231,1245.88786574073,574.752696905374,833.27362798783,1198.34872094896,894.305099448728,497.864841196886,710.09649583701,1150.32752788065,567.525981960297,1197.15410712239,610.016644363086,659.883672248374,1127.59814238052,1769.45900107914,1145.82175817184,895.937880380108,1516.22440420276,1443.29172560505,655.791959465805,351.900016339869,747.064621234335,881.727508133891
992.844394202838,1985.02140948152,2720.80427487903,2447.63373187248,2183.72012020772,2464.69211817622,1156.47997851238,1200.69615048937,2153.29680780426,1656.33859696621,2135.58798849404,1913.55250915673,1710.87762057957,1238.00268634604,1e+09,2009.67452118496,1673.38167729302,1484.39463283859,1734.68539496359,1237.58600686983,1216.15169826794,1240.67518464746,2334.08633188663,1629.39388528373,2058.46011289993,777.20303023084,1713.70691233945,969.527205136607,1303.45470304879,1002.22220909337,1687.04949118276,1687.79946042176,1677.55051780863,1173.86841042768,950.778684395059,1381.57636857323,1002.69580227505,1409.90009933328,926.887672050934,495.996795755779,1334.92271004729,1382.72109682322,958.12342910504,1191.11627832886,1554.66039568132,2185.69542267444,1218.08062988457,968.829657628213,1556.91843154996,1203.46207725877,1062.43173818368,1025.54151963731,818.741810768205,1035.6995435936
1599.99826631156,1398.70064974604,1876.76480841367,1268.50011553015,1423.08085796275,1541.60891574355,1612.31148113508,2015.58897523776,927.450508221328,787.981988182471,965.894650000713,1116.42005777395,1188.60864968248,1410.96148370535,2009.67452118496,1e+09,1020.61111389206,1234.61585713938,1473.03984759408,1494.47921721916,2000.05980028098,936.410420221817,1077.75463728995,1101.43428514823,1370.52189077738,1493.05995649873,1183.57721323959,1505.42015716543,1444.63184708077,1410.74232895309,1596.26700066123,920.659883398858,1605.59106066894,1731.27293524158,1946.00939869262,1303.16592324232,1628.39718729799,1208.80121508873,1974.8307069468,1715.35450222396,1030.49704701178,1999.22858090314,1422.41703381955,1340.18768521428,1186.97970050039,1330.51730901932,1494.42623912992,1357.96615708934,2440.99587984085,2296.11761085969,1113.80825261802,1314.78865731341,1748.24568874057,1772.37137437389
1082.12289135754,588.639638998259,1457.0343161024,984.411912412685,669.19743058383,1064.05993407326,1425.67541060369,1480.72931094782,609.449585609835,281.028390558676,502.447646924533,516.016129399072,375.683437351183,1117.69499198127,1673.38167729302,1020.61111389206,1e+09,545.827402664982,907.870693986759,655.399363060417,1231.80571085703,718.558047968291,728.015829498233,126.959470304503,620.854368028445,1014.58683408568,626.23141912555,1063.33650600363,1650.48360409911,1147.1342846851,629.402293767666,640.488490372778,1020.90259990853,1370.55612905857,1481.02287706841,1674.55558310257,974.043390203948,834.525263847656,1435.3536291451,1270.11392335491,1139.82055460498,1919.18135268661,1077.7120452607,649.642095310949,576.040858620289,1309.50586153709,991.920435317269,919.845762505867,1878.08891578647,1798.04625354856,1058.89690121371,1050.20599407926,1112.63677001976,1136.66787739427
743.148099439136,698.710040503212,1933.43779144818,1437.53790064819,1099.32350388773,1581.26142645674,1636.512679847,1109.70867546397,1124.57065420542,671.904115778435,981.897316525511,813.131846443121,703.150474791847,871.950329892707,1484.39463283859,1234.61585713938,545.827402664982,1e+09,1079.40533753544,600.285620350846,901.647995284191,812.231714598734,1166.12767547126,514.166002960133,916.605208800387,890.414247864442,901.932046886017,964.939661792384,1343.62866250315,756.231895651063,654.377195430892,696.193893825563,674.005751607507,960.765346689815,1097.55459158076,1461.29629363795,645.199669637237,459.562373459795,1092.69483983407,1169.11266805214,1087.50698600055,1604.39861960798,826.323276206111,406.873417539165,742.306355691503,1564.86531660076,1042.35274868923,843.646637342911,1617.4929777591,1536.45247860127,837.316293702684,888.545974893815,914.789265951454,1088.22492987433
1474.18747790096,1036.04588074081,1510.21952824747,1007.51427081704,1060.55456875165,1444.81580684183,1563.69652656774,1894.5646665923,1131.31910414348,885.443301008032,1091.23681403259,1167.92939178702,1050.15776543337,1777.90312579173,1734.68539496359,1473.03984759408,907.870693986759,1079.40533753544,1e+09,1094.83832153428,1624.64484337347,1257.40421428433,1421.33043357271,849.225184683074,1191.27495730415,1070.57653575071,333.292142271612,1586.34943918419,1903.89181031906,1445.15895025426,849.089313087851,909.631338235441,1272.75161752009,1841.64541622431,1802.51924156165,1938.54991276985,1197.99242827323,1466.47563825657,1846.88545798054,1298.47136144776,1767.85794737586,2255.51467534574,1482.01678354194,1186.56169751092,1029.64956698869,1611.94782961484,1237.37714646748,1191.68364988364,2119.8022450691,1922.8777994194,1453.23490296648,1618.40941204628,1481.30154033539,1569.38803968298
625.100430410986,826.220253140771,1755.91116478027,1515.37242280569,1040.35218488741,1439.87563296279,1288.07878862281,1148.22412185078,1204.72189649728,800.167032562577,1128.19739416469,826.347507105818,585.38423091163,922.181263635301,1237.58600686983,1494.47921721916,655.399363060417,600.285620350846,1094.83832153428,1e+09,690.999774095477,727.342095440653,1298.21244282282,621.070638977564,1060.55735497898,650.423755408733,948.055315052872,793.800956474607,1602.46190616189,975.393012277615,674.405287271682,916.54260271959,875.003473593105,1121.03834662334,1123.77431893597,1681.51793799531,651.632201552379,819.382869176553,920.240535403652,849.501247909619,1147.69290988487,1790.0367562148,909.393282139251,436.410764647253,864.682477271282,1739.93386354195,970.945820888066,813.139582790065,1634.4367544509,1522.81773479297,1021.33341984878,805.32817254831,599.782464481915,769.864439755468
624.546195489173,1295.77958893478,2394.8016662346,2149.20125227955,1628.4814098417,2050.46046335939,1718.7724948637,714.969792508746,1815.66189911558,1403.63919779978,1704.37264528624,1404.72942480038,1207.93351166362,912.859785399707,1216.15169826794,2000.05980028098,1231.80571085703,901.647995284191,1624.64484337347,690.999774095477,1e+09,1229.37559931861,1823.29042631721,1177.47433976287,1457.90352876999,994.770076751407,1548.529671398,880.299021526209,1654.97560438213,990.888028891257,1032.96554594043,1451.5355509253,1056.45470125321,843.142414304962,765.489175037766,1831.58872900005,646.189970132623,928.896321824993,507.134683097104,1068.24769337453,1392.85286416046,1584.70083712984,938.9030291782,695.764321232413,1255.70025033843,2108.5168191646,1219.98700570949,1052.47676729703,1283.97767165165,1250.51273979916,1207.46026323851,964.724394892137,532.197783629357,804.048558359506
809.206198752827,1119.93309902869,1807.75237668216,1469.24461414701,1235.00848304779,1464.68255495858,1013.68464312132,1403.00240177984,1060.81900185658,607.179757897116,1063.76836679796,834.457978270925,725.021363409383,790.888640328081,1240.67518464746,936.410420221817,718.558047968291,812.231714598734,1257.40421428433,727.342095440653,1229.37559931861,1e+09,1216.69653533656,769.436106379211,1255.19978752388,720.214465003307,1004.95942743973,775.335736632847,1242.604665491,908.498428287028,1176.9840437746,757.738759072017,1155.02270341323,1186.70772922401,1309.04533561676,1191.45400523898,993.010923555225,779.971027731159,1169.01528886495,908.416797290759,597.392629348572,1673.68042080918,861.525009155277,694.534185263764,927.199359415223,1559.38108129476,1038.69925478937,802.25051368011,1932.38205422737,1755.99413011547,680.055971887609,538.39693154772,914.483720303429,1015.36827279564
1715.78882191253,924.38649362699,1280.65953098394,857.837923911037,680.86933775872,754.350220454664,1842.72413198503,2031.79971584308,387.511005779191,779.782882410226,338.427430182602,739.121409647968,809.398440509987,1572.41568622931,2334.08633188663,1077.75463728995,728.015829498233,1166.12767547126,1421.33043357271,1298.21244282282,1823.29042631721,1216.69653533656,1e+09,809.58056072265,702.485127173523,1709.14035751895,1125.12019646792,1583.23396388531,2165.44280099937,1775.41349896299,1173.79206676481,1120.18748033532,1564.60249159331,1914.20949106936,2091.48499033581,2136.17146945183,1657.20982020986,1337.79147276397,2032.969979193,1942.43674499326,1494.82333762221,2406.25064536095,1661.59999659966,1291.61633970773,1035.59956228264,1324.40585086294,1501.5874575262,1527.98674365977,2376.27431047007,2376.48914525188,1611.99986985111,1565.97791995928,1737.21587432305,1657.90898185033
1069.44937163944,615.283084685416,1507.18086107806,1026.98927190112,711.236868138878,1122.19433129917,1424.34885997076,1417.09303604245,688.222449721019,361.333365467404,576.933173946516,620.648593247419,451.51165256281,1127.90910059277,1629.39388528373,1101.43428514823,126.959470304503,514.166002960133,849.225184683074,621.070638977564,1177.47433976287,769.436106379211,809.58056072265,1e+09,579.982784054838,982.254811034285,598.212331367384,1035.28659930475,1650.92039150893,1114.26728974694,520.711624318105,696.146493778429,1021.48815352896,1333.54514096824,1419.22412701448,1692.02932025423,890.648156512997,835.384924630556,1401.61107465659,1229.52068018395,1185.45312560219,1873.75859608435,1031.96623345922,599.553248260736,496.732010343606,1281.6475994984,910.849773398446,854.385899403777,1782.97639415108,1702.80994065691,1053.24025991224,1067.28286695702,1062.03283805163,1082.01667916904
1533.00672650188,901.366265454837,1593.18124624915,1110.94920486942,814.177974769644,1097.0551310668,1773.92821869996,1596.34024399562,763.647059642084,827.370426471723,633.425684512398,982.799160205176,870.341297308131,1437.5310338911,2058.46011289993,1370.52189077738,620.854368028445,916.605208800387,1191.27495730415,1060.55735497898,1457.90352876999,1255.19978752388,702.485127173523,579.982784054838,1e+09,1508.68147658808,997.822755102328,1316.70462591274,2054.55024316759,1520.34902387577,684.357950271639,1207.38014055226,1457.18775022301,1596.75206722897,1689.1118146233,2107.69483156362,1233.05418790092,1162.43973164203,1747.53062159151,1703.50574727531,1534.92952913155,2059.04718178093,1338.88219085923,975.413215463067,589.972625042892,1081.15111797565,1055.22863612584,1168.81825357923,1790.03022926989,1828.55632644991,1457.54896147608,1478.20493021096,1407.61052322722,1289.63154606267
626.549083392515,1262.6385748503,2043.22252708803,1735.2525366067,1478.92295539693,1831.18762615959,1067.67705224942,1255.95388840514,1503.84905914789,987.593361257557,1471.24870793486,1209.01399524571,1023.90451000081,1053.67657124945,777.20303023084,1493.05995649873,1014.58683408568,890.414247864442,1070.57653575071,650.423755408733,994.770076751407,720.214465003307,1709.14035751895,982.254811034285,1508.68147658808,1e+09,1005.28974708787,879.529943378848,1263.85115907689,778.382540400284,1094.06575245732,957.925502426989,1045.53845543815,1148.1944111517,1072.80161973219,1320.22370074166,684.313097273462,1002.11654945919,958.920629145082,347.420780898322,1117.01082474612,1636.30108647522,845.020160114538,726.308553371086,1098.31997245793,1868.82870699805,1017.63553343031,729.502113430797,1722.64932568994,1450.80272421856,821.068304893083,796.35605158748,687.578217441478,963.909264090765
1346.80109351752,837.980778478839,1361.51775544794,810.138740093325,836.699915620888,1213.36095989611,1442.70980238577,1815.30292948588,827.221565906015,566.942793234026,792.829732666479,878.834705448072,780.785923541146,1572.48035154656,1713.70691233945,1183.57721323959,626.23141912555,901.932046886017,333.292142271612,948.055315052872,1548.529671398,1004.95942743973,1125.12019646792,598.212331367384,997.822755102328,1005.28974708787,1e+09,1425.28210249761,1780.27459103926,1338.17297820573,783.522129553467,663.702809847902,1166.32725056049,1719.88660341314,1739.88714200088,1788.52103482179,1149.37323280995,1265.64444023588,1747.77023106586,1264.01772685354,1520.21426088562,2167.44069722795,1355.25627856874,1025.4863616353,857.986374192504,1457.05703927472,1151.11637817381,1086.67251621636,2113.24115493239,1940.51504982569,1285.29097176476,1416.51852981174,1384.99472067586,1455.37978816528
797.413393291084,1481.7156871006,2296.36162494064,1981.15450409603,1621.84830600769,1855.61940362241,1101.08475958938,802.857443074423,1520.37776128172,1123.41631664312,1484.67944173145,1357.35224809185,1151.4690169084,559.199107742493,969.527205136607,1505.42015716543,1063.33650600363,964.939661792384,1586.34943918419,793.800956474607,880.299021526209,775.335736632847,1583.23396388531,1035.28659930475,1316.70462591274,879.529943378848,1425.28210249761,1e+09,1317.91040552839,825.579949187237,1207.30182597394,1364.3277557464,1445.15056748423,763.529418883123,773.237467535039,1380.46322171219,725.193363041886,797.536047711951,748.520734448953,857.853616825155,766.126556320821,1199.53395154118,459.676988656165,579.235475260278,895.595089423787,1539.31074757503,705.692719248258,535.436499876503,1263.85579256496,1138.77720503178,731.742004534385,507.690723570955,453.634907166545,392.471780769013
1192.20006743835,1946.56340487537,2936.53014752105,2375.74213404991,2282.18835609596,2618.61272342819,1815.01828078948,1401.04678447938,2049.54644436275,1541.85989165683,1996.1011308799,1854.65384543855,1799.41803550481,1111.38639153986,1303.45470304879,1444.63184708077,1650.48360409911,1343.62866250315,1903.89181031906,1602.46190616189,1654.97560438213,1242.604665491,2165.44280099937,1650.92039150893,2054.55024316759,1263.85115907689,1780.27459103926,1317.91040552839,1e+09,711.766892950213,1894.52789406754,1432.98839461456,1549.69769126111,1026.19732892851,1188.39255820625,321.328415332351,1290.13567697355,1072.54566532153,1362.06674392263,1362.12744928659,1014.44843106981,1060.44918044195,987.828030327142,1312.08071969677,1596.69340175251,2027.91097704017,1561.94553176479,1229.64703171276,1914.79435809697,1661.79264491693,665.650132276709,1067.1278211161,1430.08796701462,1654.57143100562
640.118061688623,1420.42496116479,2517.00780495413,2010.71215379029,1777.27062221824,2177.72053092218,1549.43675317839,850.207072424124,1676.89489101136,1139.75870990311,1589.68267531605,1420.66346011292,1296.52862914785,720.122321970372,1002.22220909337,1410.74232895309,1147.1342846851,756.231895651063,1445.15895025426,975.393012277615,990.888028891257,908.498428287028,1775.41349896299,1114.26728974694,1520.34902387577,778.382540400284,1338.17297820573,825.579949187237,711.766892950213,1e+09,1248.18969916435,1100.71526463477,1065.21436246419,555.438733435111,658.850807315283,909.616733465255,591.514752563281,577.253172100422,832.821489756358,926.022744537087,907.309882124073,1021.632584543,458.019592594029,664.691448643655,1080.06296080367,1755.59598470149,1056.80434967879,709.895837359257,1418.44157986855,1201.97244319493,393.833685329226,698.811623758506,815.235739832351,1080.98270050913
1158.43128419428,700.104111543419,1678.86844913471,1277.27557022751,876.73266946088,1367.0640426476,1682.11363248741,1350.78138094216,1100.9972331482,859.054530224944,965.340706331189,969.23896950133,777.130403407304,1358.15329484562,1687.04949118276,1596.26700066123,629.402293767666,654.377195430892,849.089313087851,674.405287271682,1032.96554594043,1176.9840437746,1173.79206676481,520.711624318105,684.357950271639,1094.06575245732,783.522129553467,1207.30182597394,1894.52789406754,1248.18969916435,1e+09,1032.42556249833,1029.2257776115,1396.61605658105,1386.58600815096,2004.82372344802,814.753774339217,1055.97970084656,1401.99459695821,1307.77771348957,1575.93918978494,1970.19828796495,1175.38644236694,722.958873104135,703.521734276916,1523.20145647252,994.48633786493,996.668070422646,1606.22773559667,1566.4895936137,1332.72714424221,1339.99402618071,1073.0425315895,1114.83136209025
1062.37282782458,717.55558272513,1607.170861483,1087.25516775042,995.369448496387,1416.67107883235,1588.12227693588,1725.40681382681,935.009157762639,501.447524074055,863.416035060735,629.562888915794,677.43072679057,1271.51579290231,1687.79946042176,920.659883398858,640.488490372778,696.193893825563,909.631338235441,916.54260271959,1451.5355509253,757.738759072017,1120.18748033532,696.146493778429,1207.38014055226,957.925502426989,663.702809847902,1364.3277557464,1432.98839461456,1100.71526463477,1032.42556249833,1e+09,785.90725521527,1498.98196887087,1636.02164041311,1432.3079342795,1159.7201437847,941.563656212367,1555.664317197,1289.19857236967,1195.09797665296,2040.62182699294,1263.12085668791,939.070284856251,1070.04188632969,1717.83592211247,1393.85641631411,1179.85193727857,2230.95665634723,2067.08198453762,1038.34370470476,1131.80081290835,1350.17597827098,1530.07609353261
812.256394680892,762.037023969308,2041.72312383438,1665.9870836234,1308.0059324789,1857.43065674065,1986.87323327383,1479.32004887381,1514.64510229294,1091.18139179515,1375.37314973065,965.782210387,955.129660936148,1245.88786574073,1677.55051780863,1605.59106066894,1020.90259990853,674.005751607507,1272.75161752009,875.003473593105,1056.45470125321,1155.02270341323,1564.60249159331,1021.48815352896,1457.18775022301,1045.53845543815,1166.32725056049,1445.15056748423,1549.69769126111,1065.21436246419,1029.2257776115,785.90725521527,1e+09,1310.87518582053,1422.24832750825,1683.17539733683,1036.09415542218,919.519695438875,1252.61395808924,1360.0666705717,1477.51643050086,2031.13801663009,1324.89668714206,944.196666537221,1380.58235954977,2204.27213240562,1629.13540072641,1380.2995927334,2070.57220118015,1960.86778937286,1246.6255961996,1210.85575718167,1240.46771134923,1545.81071758479
778.212443295531,1623.30046026606,2778.994524104,2327.78285920315,1977.5258256215,2356.31602074085,1776.58184537049,429.017319230821,1910.97034040301,1444.50292149237,1807.48291726367,1637.93817206267,1497.65215247066,574.752696905374,1173.86841042768,1731.27293524158,1370.55612905857,960.765346689815,1841.64541622431,1121.03834662334,843.142414304962,1186.70772922401,1914.20949106936,1333.54514096824,1596.75206722897,1148.1944111517,1719.88660341314,763.529418883123,1026.19732892851,555.438733435111,1396.61605658105,1498.98196887087,1310.87518582053,1e+09,389.775692033251,1243.75368172319,732.475228864431,646.605615889624,633.530202437106,1210.71695280111,1014.58951059037,827.42691834385,523.614186209656,775.118776769083,1230.33100119439,1875.31873234925,1159.85891404946,907.874413176184,1127.98054952202,1050.49265233032,746.215117710704,776.842637926112,791.662550143683,986.01598638156
831.417227028644,1739.79057958135,2833.96133069949,2420.55365098566,2063.61324658958,2443.83510489149,1702.93753948875,303.338169210537,2045.50311962607,1567.9147804967,1951.2496947085,1790.17471197646,1604.7927249025,833.27362798783,950.778684395059,1946.00939869262,1481.02287706841,1097.55459158076,1802.51924156165,1123.77431893597,765.489175037766,1309.04533561676,2091.48499033581,1419.22412701448,1689.1118146233,1072.80161973219,1739.88714200088,773.237467535039,1188.39255820625,658.850807315283,1386.58600815096,1636.02164041311,1422.24832750825,389.775692033251,1e+09,1410.73743060146,622.33870311913,915.649750614284,564.421193702008,1053.41849608786,1239.97657296418,853.304861992477,561.701805854316,841.908954578819,1275.30046647839,1948.47153948935,1074.31313973162,850.401003762343,900.411528246946,743.58228428332,899.098668000348,927.1012687943,666.588835490064,874.388339640917
1321.81883762488,2010.01371938104,2870.93714654292,2328.18069238623,2287.14824683491,2564.38538355685,1712.80706663068,1617.81347874222,1998.12318771892,1521.90622825455,1974.64775861418,1848.77342676165,1810.80910827177,1198.34872094896,1381.57636857323,1303.16592324232,1674.55558310257,1461.29629363795,1938.54991276985,1681.51793799531,1831.58872900005,1191.45400523898,2136.17146945183,1692.02932025423,2107.69483156362,1320.22370074166,1788.52103482179,1380.46322171219,321.328415332351,909.616733465255,2004.82372344802,1432.3079342795,1683.17539733683,1243.75368172319,1410.73743060146,1e+09,1459.24601582461,1197.74840208618,1530.69950369104,1410.65582684084,941.255537779194,1249.15354836785,1117.16925494752,1421.58580644997,1647.82852381551,2001.64920060934,1620.41636263647,1301.72987170918,2121.57891041083,1858.55209596072,728.06106756233,1098.31015633108,1546.91212319899,1736.0437204172
662.933409174707,1222.03561494745,2279.71164248902,1856.37761290638,1520.6532898396,1942.75546333037,1459.45645848035,712.478892529456,1558.64582102542,1080.88079745178,1459.21524275893,1324.95436230838,1118.39084907737,894.305099448728,1002.69580227505,1628.39718729799,974.043390203948,645.199669637237,1197.99242827323,651.632201552379,646.189970132623,993.010923555225,1657.20982020986,890.648156512997,1233.05418790092,684.313097273462,1149.37323280995,725.193363041886,1290.13567697355,591.514752563281,814.753774339217,1159.7201437847,1036.09415542218,732.475228864431,622.33870311913,1459.24601582461,1e+09,739.55847084595,767.000999803781,801.979900309229,1200.51107854114,1281.7067450474,533.377187832401,424.066757716282,835.769001459135,1658.60718218631,766.90755831456,539.621195284248,1136.83200667469,963.650512322803,801.731193231248,871.002795747522,518.424564618615,747.526648287538
680.709794993432,1077.8159925516,2249.0580801082,1762.31401937907,1439.11735661134,1834.2884368332,1650.05010645132,925.025535701583,1344.66212477336,893.538851029993,1228.7024685822,1050.09305835245,967.872260631536,497.864841196886,1409.90009933328,1208.80121508873,834.525263847656,459.562373459795,1466.47563825657,819.382869176553,928.896321824993,779.971027731159,1337.79147276397,835.384924630556,1162.43973164203,1002.11654945919,1265.64444023588,797.536047711951,1072.54566532153,577.253172100422,1055.97970084656,941.563656212367,919.519695438875,646.605615889624,915.649750614284,1197.74840208618,739.55847084595,1e+09,928.195022988165,1216.61738451331,774.740608139266,1296.96319635524,630.931950926564,481.419927713841,902.660854917283,1606.56785054351,1096.37223505523,844.11775079073,1542.13534769164,1472.5422851314,601.646048935751,634.040037063907,881.565302175624,1051.88711205148
527.172328465749,1604.87163676725,2653.56167883846,2384.76670838051,1929.9118749829,2297.00645419206,1609.53407379279,636.914344319548,2000.64500361758,1530.79796021552,1917.4677939929,1599.31879358057,1421.8022697267,710.09649583701,926.887672050934,1974.8307069468,1435.3536291451,1092.69483983407,1846.88545798054,920.240535403652,507.134683097104,1169.01528886495,2032.969979193,1401.61107465659,1747.53062159151,958.920629145082,1747.77023106586,748.520734448953,1362.06674392263,832.821489756358,1401.99459695821,1555.664317197,1252.61395808924,633.530202437106,564.421193702008,1530.69950369104,767.000999803781,928.195022988165,1e+09,949.412543418297,1169.96903651336,1309.95467921604,800.284693593474,826.139274638363,1419.77170203523,2195.95899695327,1282.8179447217,1033.92753919218,1324.30334882156,1208.36933120632,1019.54135722883,736.356249175628,497.744954670562,827.776341531938
796.652131045917,1564.76194013658,2236.52759647629,1987.31361002737,1724.72720428478,2015.17868225128,926.44952496075,1256.36090770129,1734.49333411806,1251.23080596667,1721.88249523596,1490.05635151829,1280.76478113665,1150.32752788065,495.996795755779,1715.35450222396,1270.11392335491,1169.11266805214,1298.47136144776,849.501247909619,1068.24769337453,908.416797290759,1942.43674499326,1229.52068018395,1703.50574727531,347.420780898322,1264.01772685354,857.853616825155,1362.12744928659,926.022744537087,1307.77771348957,1289.19857236967,1360.0666705717,1210.71695280111,1053.41849608786,1410.65582684084,801.979900309229,1216.61738451331,949.412543418297,1e+09,1212.90811160615,1596.14388511813,891.786516605852,910.662244248657,1247.20925297241,1957.9820958068,1014.86366478459,765.34618069211,1651.36492299552,1342.06512800236,951.321835920946,882.84702259225,661.291597935434,891.613222423266
987.052039306946,1548.84156597762,2319.80991389381,1931.76973467336,1711.36514315327,1894.69097928924,1278.07063901022,1317.0823354673,1439.57733508832,1054.12260074433,1431.96846662208,1273.28254331079,1206.72408950845,567.525981960297,1334.92271004729,1030.49704701178,1139.82055460498,1087.50698600055,1767.85794737586,1147.69290988487,1392.85286416046,597.392629348572,1494.82333762221,1185.45312560219,1534.92952913155,1117.01082474612,1520.21426088562,766.126556320821,1014.44843106981,907.309882124073,1575.93918978494,1195.09797665296,1477.51643050086,1014.58951059037,1239.97657296418,941.255537779194,1200.51107854114,774.740608139266,1169.96903651336,1212.90811160615,1e+09,1356.67747471534,814.102088684214,930.911471139979,1176.24913411233,1624.26982435185,1211.95652533414,967.647022989272,1883.56260137538,1740.89444556527,590.195850120958,469.069132751239,1078.74516652451,1138.97608719411
1497.45619111211,2296.96053851606,3321.74085747218,2780.89091544419,2574.29718940918,2876.64842749336,1991.87514566049,944.477851619614,2364.43834639434,1930.4642842591,2293.89442076134,2276.96602770002,2133.2763125765,1197.15410712239,1382.72109682322,1999.22858090314,1919.18135268661,1604.39861960798,2255.51467534574,1790.0367562148,1584.70083712984,1673.68042080918,2406.25064536095,1873.75859608435,2059.04718178093,1636.30108647522,2167.44069722795,1199.53395154118,1060.44918044195,1021.632584543,1970.19828796495,2040.62182699294,2031.13801663009,827.42691834385,853.304861992477,1249.15354836785,1281.7067450474,1296.96319635524,1309.95467921604,1596.14388511813,1356.67747471534,1e+09,901.948851432275,1405.46743181761,1586.84028027398,1893.43569320429,1365.01671773645,1199.1876130531,1136.59782108712,993.180372339285,1062.335935992,1327.05595620531,1373.11986661762,1423.50754413175
776.999198390835,1477.51210252234,2449.85675458791,1986.98292524118,1717.67384337074,2037.80507227752,1329.85480857874,676.121019492813,1579.34526114463,1109.23477181343,1512.82186029949,1434.8094549103,1259.04376254362,610.016644363086,958.12342910504,1422.41703381955,1077.7120452607,826.323276206111,1482.01678354194,909.393282139251,938.9030291782,861.525009155277,1661.59999659966,1031.96623345922,1338.88219085923,845.020160114538,1355.25627856874,459.676988656165,987.828030327142,458.019592594029,1175.38644236694,1263.12085668791,1324.89668714206,523.614186209656,561.701805854316,1117.16925494752,533.377187832401,630.931950926564,800.284693593474,891.786516605852,814.102088684214,901.948851432275,1e+09,541.880115062363,845.589881621109,1481.2662910159,699.480050823467,406.664387056452,1147.3198109943,964.496963706989,453.051770441304,620.61657430333,618.581145606621,720.754927974828
603.129833617937,968.086194406262,2019.08478090941,1614.52139388117,1233.78192323441,1624.23259969131,1358.56123078792,856.610226240616,1231.33172516589,776.157162371127,1134.10519754562,976.541198926087,779.456914075435,659.883672248374,1191.11627832886,1340.18768521428,649.642095310949,406.873417539165,1186.56169751092,436.410764647253,695.764321232413,694.534185263764,1291.61633970773,599.553248260736,975.413215463067,726.308553371086,1025.4863616353,579.235475260278,1312.08071969677,664.691448643655,722.958873104135,939.070284856251,944.196666537221,775.118776769083,841.908954578819,1421.58580644997,424.066757716282,481.419927713841,826.139274638363,910.662244248657,930.911471139979,1405.46743181761,541.880115062363,1e+09,645.913669618472,1499.71970167762,759.086210255463,549.236525005393,1363.6337790624,1263.7881291973,709.783598993383,647.570046095401,545.89867154995,688.21538554438
