1e+09,2601.00873495265,1388.81266911704,4399.74621476057,7762.92171958471,2688.6217273354,7755.52280677454,4627.79390540461,3003.079656153,2161.26116385781,1521.50052793287,2040.55248023666,2671.79739020383,1152.08818416821,4481.9427152631,2382.1379645814,981.501329596654,2789.06607671816,2672.89844674279,3175.4375002667,3566.6282150513,2003.48343404681,2203.20553555496,2551.32797356592,1408.24862630858,1403.05312148186,824.752951919543,2069.85190876062,2119.09877216707,2420.10362720277,2365.81066332452,5411.52627738238,5163.38280426699,4011.33811687571,3170.00093121437,3103.99237363754,3236.23773623014,2506.02645937747,2671.40678328854,2551.88331139964,4228.89148329678,2533.6507121543,3632.98312860107,1993.43058793127,2386.27992846606,3873.56526677943,4961.49545107118,1963.7197099128,2234.52349475229,4422.41533619356,2097.03825008034,3341.09838942226,5115.47041552387,5429.72580850083
2601.00873495265,1e+09,1341.05715791684,1975.34668643254,5337.50145218716,2529.70429406285,10092.4123096463,7041.11204937118,5450.01048662294,4403.02637647107,3135.11876368344,4467.37299115487,5099.54806607409,3134.20160851213,6770.56846561646,3949.37675655286,2489.0869419729,4849.35926039719,5122.82400206175,5562.17774883184,5929.04660264195,4160.35653186118,4522.82508005782,4938.68641539428,2925.26877777069,2674.68722362074,2713.94098929951,4257.11242528313,4495.57994302181,4778.43660377534,4830.36989349677,7835.37685398092,7515.26855705769,6369.44792938917,5596.32113529951,5617.61479543587,5563.52054164447,4864.70695877974,5021.06964790372,4952.41863617162,6633.78561712692,4957.9246542379,5984.71908797731,4264.86667838515,4865.50246355913,6319.33817568739,7368.05638818678,4411.19803817512,4670.17528843404,6886.87478617842,4430.77959280305,5652.82884854123,7223.45135541176,7724.21231193188
1388.81266911704,1341.05715791684,1e+09,3213.14075063636,6443.41167051276,2544.2094637038,9057.61858122211,5781.60765564389,4208.48827163627,3190.4773884013,1891.65137083978,3221.82055954394,3948.52165246691,1870.346333704,5720.5767366936,2716.71886031661,1222.15956499141,3886.37626791334,3917.25457315452,4327.66750270859,4752.51621443841,2885.85607641823,3241.01645744047,3783.4434952831,2069.99830280124,1905.78735256586,1654.77050034136,2974.62647794643,3179.21739689188,3620.84292168274,3660.88888162424,6700.02017581291,6409.96151894066,5092.19258555683,4391.66212038221,4353.72650743016,4407.55449939079,3634.37552184691,3771.21880162104,3681.31337705716,5500.96256422456,3753.55595942035,4900.77030210558,3027.85802173748,3639.26047544003,5092.7669063781,6226.18120752199,3148.93646385569,3444.69328165803,5716.72893680468,3207.39490624401,4617.00295385437,6339.31059966303,6689.27942545384
4399.74621476057,1975.34668643254,3213.14075063636,1e+09,3698.94077123438,3346.40682018789,11741.4547708238,8911.42929764917,7271.94251362729,6221.93444683404,5038.13385058396,6292.81275395193,6817.02925802728,4901.86168574757,8450.80714849179,5596.34941384114,4238.91524464691,6479.63278528961,6883.06411810176,7387.63432362485,7720.93459101293,6015.07711224054,6423.10072544406,6765.75883378945,4569.17511185553,4184.61115127798,4383.42678713812,6067.15313666138,6368.64243190808,6529.43393244009,6636.87931966523,9509.30178739218,9254.32014584,8206.63429679915,7436.93731250977,7399.47328932945,7368.12401035026,6702.55247678077,6823.87944977782,6817.43836269166,8388.29120022666,6735.62006156078,7646.01497998794,6042.99899318211,6585.34743058406,8114.16264584954,9081.13525131633,6215.65304644653,6465.57355025059,8663.09332475993,6217.21336045338,7328.82378188342,8793.85280747864,9363.51865155402
7762.92171958471,5337.50145218716,6443.41167051276,3698.94077123438,1e+09,6805.03946111263,15273.8358676791,12060.54810599,10520.468290024,9407.80062518334,8018.92013153267,9550.94293505097,10208.3634548002,8022.65145137815,11897.1360879289,8222.19114642198,7360.26262736596,9914.68967662125,10193.153739908,10603.2791752316,11005.96815556,9074.24350461789,9565.81794023386,10148.4149567654,7996.04175071016,7631.85518165145,7771.8259478259,9110.51584667959,9480.03823955368,9864.02446983988,10044.3350467266,12896.2997297752,12664.2147472633,11266.3364266074,10747.535905746,10639.5049151359,10688.3909900321,9932.60726965987,9984.68556528447,10001.3545165342,11798.4520996231,10037.5665701404,11081.8161651013,9201.91810948674,9866.12892025033,11365.2633662137,12450.165023332,9449.63899036889,9748.59774615816,12059.0642429917,9441.22317033657,10835.8148492395,12398.5400327176,12837.5078291193
2688.6217273354,2529.70429406285,2544.2094637038,3346.40682018789,6805.03946111263,1e+09,8691.04740435237,6567.04621942011,4805.10839348084,3933.06433536244,3750.59269070903,4022.89567236089,4104.85717429973,3069.90147454279,5484.49990969095,4502.70924715332,2799.06913103267,3532.06315690985,4276.2675926677,5002.71934623561,5072.57002237525,4070.71605538878,4480.5942970548,4252.19310083632,2095.81539635532,1577.00936896393,2199.23385427744,4046.37209745965,4539.09590388879,3884.06269930082,4131.53891018831,6526.86328448053,6352.80479233386,5866.94209388503,4934.5439204044,4933.28809919915,4741.10508931199,4329.10071308118,4444.78652494133,4626.19952804675,5569.39207519097,4172.77284714853,4703.07833111463,3784.19295707817,4046.29371233725,5499.24513600731,6159.41598089462,3953.3017081169,4022.39868311186,5914.42285492845,3819.74654797933,4447.61226816142,5790.72171405258,6298.54167145062
7755.52280677454,10092.4123096463,9057.61858122211,11741.4547708238,15273.8358676791,8691.04740435237,1e+09,4699.33457569261,5275.42184902781,6284.66898849892,7954.11406700331,6168.87638143285,5285.17968327473,7618.17336252595,3447.84257295776,8385.59164802937,8260.67849120156,5399.14995647463,5380.54219656347,5433.39203684954,4686.28374123889,6870.28099658959,6504.787462162,5371.52384404091,7324.85067524929,7678.02465871919,7625.41020655938,6842.0885556824,6705.65146617389,5589.07073435289,5469.02688419978,2785.05001100519,2941.55128209589,5304.11046445113,4973.08991753618,5254.52907634928,4980.45116986403,5834.32129854879,5871.93477938916,5960.60054417338,3697.66241032088,5533.724575076,4282.84774386155,6493.99138652801,5760.82379555216,4539.62382976828,3178.84782466855,6260.25738479657,5863.5375937057,3628.73936217525,6194.28182356115,4467.1897625017,3151.32046436093,2521.87895758302
4627.79390540461,7041.11204937118,5781.60765564389,8911.42929764917,12060.54810599,6567.04621942011,4699.33457569261,1e+09,1859.8626810332,2775.85453449924,4125.98172203901,2732.15306849744,2847.20359700531,4128.55123066191,2590.72228403586,4251.8731925823,4861.46662408578,3467.91079259545,2436.68544816519,1902.03897841238,1713.74483803745,3030.35364094688,2650.77689574208,2488.78483429163,4613.66672762565,5153.63217612588,4744.52966259038,3056.89068785588,2808.31797539025,2743.84751447671,2664.49156984968,2648.72805170708,2335.68430201943,1249.58036388221,1792.33037769268,1814.34413425348,2336.12341474075,2432.6440177305,2396.01631319572,2142.59135420173,1982.00983050034,2458.41527140961,2684.16513027794,2987.14784391399,2693.17826274088,1492.05483555398,2221.47032478492,2775.84493864481,2605.8429114396,1780.39117356271,2953.50086957834,2883.11056910761,3926.46354382668,3159.00688520934
3003.079656153,5450.01048662294,4208.48827163627,7271.94251362729,10520.468290024,4805.10839348084,5275.42184902781,1859.8626810332,1e+09,1212.26050376971,2806.75634409188,1196.83467805708,1177.80235196743,2556.37130454478,2160.13391721439,3173.18093138415,3259.65375918977,1868.8995567178,642.866212520148,1016.92513367504,799.115242752884,1639.20230206647,1424.18150862171,913.873630049582,2972.25822934347,3349.67148378763,3013.54205480859,1611.45612481383,1633.01130975875,968.001212086018,1039.18052065077,2767.62228510323,2541.31046840011,1251.12154329625,487.293293510182,605.545860690997,938.458449266668,788.350814739225,712.839201924249,849.627825227023,1649.0233813685,684.992245211579,1593.93762315217,1389.56994185251,1013.11438761869,913.986383815426,2246.84886064906,1201.58912257893,895.115409095386,1781.66755686913,1150.98659397058,1725.14420632016,3478.76157523047,3061.31522455627
2161.26116385781,4403.02637647107,3190.4773884013,6221.93444683404,9407.80062518334,3933.06433536244,6284.66898849892,2775.85453449924,1212.26050376971,1e+09,1816.2377881489,838.65490674055,1608.60496359423,1545.64316046751,2935.87915062933,2444.7956550395,2309.46128146804,1780.08606895847,1154.36097136035,1567.65815951693,1655.68102604336,758.512619077626,1112.89380153724,1183.05073724672,2013.62129719071,2515.90096480366,2170.18274278919,846.892256429353,1389.83823699019,927.289632746964,1305.02747522801,3801.55860528284,3497.74364766774,2080.08430269064,1461.24254773121,1487.97686232011,1670.90154653109,857.764814561661,888.774822100626,914.571373923326,2618.77790495872,934.956009767305,2284.40989962397,427.652567278626,1117.28180805023,2045.98161560655,3266.25253977705,712.205304459325,739.48230729342,2849.0599351716,703.612609679503,2233.49323128592,4120.62423682383,3945.06862471364
1521.50052793287,3135.11876368344,1891.65137083978,5038.13385058396,8018.92013153267,3750.59269070903,7954.11406700331,4125.98172203901,2806.75634409188,1816.2377881489,1e+09,1974.95457256616,3031.85874166327,1131.59769255686,4660.22571584253,1588.05960385623,1351.36963807095,3210.3180099174,2764.9106195861,2927.94070472747,3394.50484001717,1286.18870450646,1675.61647628567,2619.60795536279,2145.14271604479,2466.10116905207,1941.30304352515,1509.11687662023,1680.66641821035,2562.16727289613,2606.43068597651,5536.58668227095,5188.24063118703,3455.58313313397,3017.90408595104,3007.48803846333,3187.34770994631,2280.85204930088,2378.62848740614,2157.11854090126,4299.81166594538,2570.11581958868,3958.76138341275,1743.1764698389,2574.01235131069,3687.77126990002,5006.90292515244,1898.79503401499,2242.94339534015,4459.3254309032,2029.80883296925,3769.53062140368,5613.67897922566,5666.14118161558
2040.55248023666,4467.37299115487,3221.82055954394,6292.81275395193,9550.94293505097,4022.89567236089,6168.87638143285,2732.15306849744,1196.83467805708,838.65490674055,1974.95457256616,1e+09,1302.31774659643,1577.04287364041,2930.54754380474,2518.43852160421,2262.99367003092,1944.36859013408,1051.15804311245,1149.47091120219,1784.68005496784,998.381795757515,788.142476396241,1073.90687170723,2102.80495241475,2585.91088889389,2042.94095521628,984.069815612693,988.600454379827,1015.84668518433,994.890116495284,3696.00423119347,3375.28285878384,2131.59649406261,1433.50843468045,1262.25358712107,1621.1063923136,693.185275593762,1095.58538927826,684.574748584842,2492.82017239511,813.004971079513,2147.38677911083,946.115155411856,895.448754535959,2078.14110680675,3198.66136694712,336.836903411726,457.644381589024,2611.35458856127,916.914050224993,2064.80396163897,3924.47153824563,3852.7469101798
2671.79739020383,5099.54806607409,3948.52165246691,6817.02925802728,10208.3634548002,4104.85717429973,5285.17968327473,2847.20359700531,1177.80235196743,1608.60496359423,3031.85874166327,1302.31774659643,1e+09,2462.02464813007,2118.39977473564,3532.00472394928,3022.08927252323,1287.04397648254,635.250561038713,1497.25025783935,1494.24632571072,2059.40502378721,1878.38333904451,968.236699572992,2537.84111882521,2724.1335196719,2473.77446195081,1952.53134819905,2026.63597557628,804.376663199524,775.316558316666,2815.96127897739,2670.52678209749,2261.31621008651,1255.97457673314,1278.93247065668,1015.94063994901,1129.72599934674,1303.56258733518,1554.34883121518,1786.3861204678,762.788575229074,1148.11472231655,1682.26954677305,898.192870434853,1652.70840232026,2399.48252294114,1372.32683461339,981.932588062948,1986.73705227944,1200.76144233565,1210.35334539134,3028.49782545737,2915.27930274271
1152.08818416821,3134.20160851213,1870.346333704,4901.86168574757,8022.65145137815,3069.90147454279,7618.17336252595,4128.55123066191,2556.37130454478,1545.64316046751,1131.59769255686,1577.04287364041,2462.02464813007,1e+09,4255.87252553457,1722.6033347814,824.750259593776,2659.45262740286,2294.04238127808,2626.60580472213,3127.04034264031,1221.91078070373,1723.2422865053,2371.84790553695,1514.57874466797,1749.56720008121,1130.46502166144,1194.84181291918,1703.40684573592,2066.89229281547,2274.54085494194,5083.43393783179,4841.71324292342,3346.01520400013,2845.64043093993,2646.48930477718,2892.42949412773,1980.27117122883,2077.82978260973,2028.47322627142,3952.45349478017,2109.70081364633,3407.21812947161,1331.22949539138,1966.70811568468,3428.6510448134,4602.58111416844,1457.16184605554,1784.19093672734,4136.03959578484,1588.90428604117,3293.82321421475,5182.31575091677,5213.12909182192
4481.9427152631,6770.56846561646,5720.5767366936,8450.80714849179,11897.1360879289,5484.49990969095,3447.84257295776,2590.72228403586,2160.13391721439,2935.87915062933,4660.22571584253,2930.54754380474,2118.39977473564,4255.87252553457,1e+09,5214.35876389418,4926.55977804999,2052.27383976895,2133.69835269656,2474.91795625633,1513.10326841891,3599.49089127893,3396.69272145715,2123.62440064151,3949.12941517495,4371.20481931469,4312.87020843429,3579.68446703058,3656.92325510121,2219.42067100854,2277.07083166071,1420.40142336594,1091.82939120542,2695.35137854047,1886.06103437826,2255.61902135534,1893.62883134473,2622.8306478307,2685.36224206344,2837.82258700222,774.658017450281,2240.98168343697,1060.12902337404,3150.07078596656,2529.2637274709,1730.13463981853,1035.14192442389,2995.95594907535,2575.5816035024,1234.26668686309,2892.87382880761,1263.9166313092,1695.35100336184,1090.94002548261
2382.1379645814,3949.37675655286,2716.71886031661,5596.34941384114,8222.19114642198,4502.70924715332,8385.59164802937,4251.8731925823,3173.18093138415,2444.7956550395,1588.05960385623,2518.43852160421,3532.00472394928,1722.6033347814,5214.35876389418,1e+09,1927.48238178719,4007.26103709254,3178.79658963892,3262.4798627118,3841.01263196309,1833.47549397313,2241.77135997407,3379.93653259939,3148.4283732364,3289.3263959358,2702.22263786684,1801.06868128342,1972.66568873187,3152.92272824755,3298.54519350577,5783.82416586984,5649.33976415829,3492.15417944283,3545.00447142172,3148.12495376216,3796.90101107469,2830.9174476837,2702.40855166276,2573.61899338267,4773.28365272796,3051.65777398122,4445.48310002411,2177.29918936282,2825.21113113693,3935.00575045323,5322.64960878508,2328.78120526597,2746.13539150931,4838.7228690947,2555.70068462643,4436.54563198667,6372.70340772266,6153.72069458795
981.501329596654,2489.0869419729,1222.15956499141,4238.91524464691,7360.26262736596,2799.06913103267,8260.67849120156,4861.46662408578,3259.65375918977,2309.46128146804,1351.36963807095,2262.99367003092,3022.08927252323,824.750259593776,4926.55977804999,1927.48238178719,1e+09,3203.77004073326,2961.10765390251,3322.91982164782,3863.54679816357,1933.78304307903,2327.83217309582,2994.83070641731,1749.91907375741,1637.16483632529,1025.59898678772,1919.18784468848,2238.92289170485,2740.51177118435,2849.16548868261,5757.50538545992,5529.16752025113,4065.13576328024,3523.71235283188,3354.75942842404,3505.05149842338,2658.02909000259,2768.80031724933,2736.75381055732,4631.35404007295,2804.62130117419,4036.64683244646,2098.43896068006,2642.61250613858,4133.4440659092,5294.97076139236,2177.89528699155,2488.44475618809,4806.70760296484,2240.42133419141,3878.91629450804,5715.1145682742,5858.89737879919
2789.06607671816,4849.35926039719,3886.37626791334,6479.63278528961,9914.68967662125,3532.06315690985,5399.14995647463,3467.91079259545,1868.8995567178,1780.08606895847,3210.3180099174,1944.36859013408,1287.04397648254,2659.45262740286,2052.27383976895,4007.26103709254,3203.77004073326,1e+09,1408.1779412063,2338.32557964027,1786.20313164545,2438.48806505179,2540.42067417977,1347.66047719743,2111.24685487036,2379.79531346711,2494.50410671139,2424.23389203682,2803.70678258266,1055.41067433488,1421.35089045598,3173.85600995067,2934.41391693469,2956.12082855218,1811.65087839793,2151.45700196402,1564.07777898032,1792.02889145237,1884.81057019001,2233.7737354307,2151.90910365656,1410.2205229325,1407.22533895606,1905.40398871211,1646.66300392643,2246.77239129824,2736.72708962732,1952.84415466263,1597.93301395897,2585.45852206142,1603.0508817876,1239.16598835669,2867.82861841499,2967.70852416473
2672.89844674279,5122.82400206175,3917.25457315452,6883.06411810176,10193.153739908,4276.2675926677,5380.54219656347,2436.68544816519,642.866212520148,1154.36097136035,2764.9106195861,1051.15804311245,635.250561038713,2294.04238127808,2133.69835269656,3178.79658963892,2961.10765390251,1408.1779412063,1e+09,1234.04942360507,1088.68878463958,1664.2453658941,1565.58482443463,799.787219390258,2557.33091990458,2851.4104003633,2567.97734976382,1572.77236700039,1736.87883676438,501.273081463587,770.636941302453,2831.6927103766,2677.39282582889,1789.93578597111,881.870229739047,829.742654441725,941.802726901977,783.584867452148,782.655658766996,1107.95534873929,1751.32045151651,298.181964243312,1312.28592886611,1242.38989922649,573.928000710891,1289.64880661365,2355.45678415037,1035.30617843226,625.661390689884,1959.45942820973,874.043861199196,1429.78467427791,3319.45926134062,3036.10967606574
3175.4375002667,5562.17774883184,4327.66750270859,7387.63432362485,10603.2791752316,5002.71934623561,5433.39203684954,1902.03897841238,1016.92513367504,1567.65815951693,2927.94070472747,1149.47091120219,1497.25025783935,2626.60580472213,2474.91795625633,3262.4798627118,3322.91982164782,2338.32557964027,1234.04942360507,1e+09,1363.97613633817,1775.13049920281,1357.03818708244,1370.96428436338,3102.85822566871,3614.35500879479,3113.03655275681,1713.12856379783,1601.79699603289,1484.47073258451,1427.82802227719,2966.61084065639,2571.28622442154,1415.45586833359,1181.08597553269,957.443269703224,1375.94342910601,956.89953850966,1325.37026400172,911.599267606112,1864.56335837643,1109.83441814534,1895.90355450904,1785.40286955074,1371.81417484293,1510.78330593768,2466.73723803327,1336.40186111813,1136.19992936983,1830.29543087994,1636.2766202571,2034.97519063501,3597.19540411694,3238.47717175836
3566.6282150513,5929.04660264195,4752.51621443841,7720.93459101293,11005.96815556,5072.57002237525,4686.28374123889,1713.74483803745,799.115242752884,1655.68102604336,3394.50484001717,1784.68005496784,1494.24632571072,3127.04034264031,1513.10326841891,3841.01263196309,3863.54679816357,1786.20313164545,1088.68878463958,1363.97613633817,1e+09,2239.44404000189,2093.10474398679,1196.44733628355,3264.03064797192,3729.1116302814,3509.07592210542,2235.63654738421,2368.65867870405,1255.6291071013,1448.01294307061,2253.63291376391,1942.67694427046,1406.52586762562,671.158778755072,1080.40667750621,1037.88064371584,1375.92060167002,1332.80975304055,1486.93875327802,1119.01071411314,1136.64762886305,1285.13225619,1894.61272567773,1517.78067038686,705.894373684902,1683.94387079855,1808.02021883053,1438.79693098088,1401.90868425871,1716.70178770222,1493.71901487529,3008.5523289948,2458.78259488309
2003.48343404681,4160.35653186118,2885.85607641823,6015.07711224054,9074.24350461789,4070.71605538878,6870.28099658959,3030.35364094688,1639.20230206647,758.512619077626,1286.18870450646,998.381795757515,2059.40502378721,1221.91078070373,3599.49089127893,1833.47549397313,1933.78304307903,2438.48806505179,1664.2453658941,1775.13049920281,2239.44404000189,1e+09,814.448139785462,1712.82632703961,2213.72307540939,2625.78053664049,2118.25377974406,370.88944080413,997.188824295579,1561.96822192387,1752.32116365694,4349.9717176207,4047.43074610301,2244.40585982126,1940.33819835615,1840.74157406737,2117.12106042616,1134.60987480279,1184.32866903575,1034.60243112995,3187.56309399516,1464.6405918518,2904.33595522281,760.515561707977,1529.55711142147,2496.96744498201,3821.3072934403,902.782036374229,1175.47034981747,3332.27360819906,1027.04517651367,2868.02801773274,4750.25278876819,4567.25525925583
2203.20553555496,4522.82508005782,3241.01645744047,6423.10072544406,9565.81794023386,4480.5942970548,6504.787462162,2650.77689574208,1424.18150862171,1112.89380153724,1675.61647628567,788.142476396241,1878.38333904451,1723.2422865053,3396.69272145715,2241.77135997407,2327.83217309582,2540.42067417977,1565.58482443463,1357.03818708244,2093.10474398679,814.448139785462,1e+09,1454.27760884915,2553.44192540187,2997.30258399115,2399.39791206044,954.542589882714,498.036811390483,1605.9390625114,1446.95781341406,4089.41847842698,3718.17955866846,2049.62629564514,1631.65815917428,1581.72101810022,1889.76183745466,958.719564001904,1267.90231828008,658.418925532977,2870.85971430162,1378.32887116972,2729.4973341991,1252.74901309081,1521.3765782672,2283.0958765019,3569.50641886242,896.245884007285,1099.63638667516,2920.9853582139,1260.24875044572,2642.2771817317,4425.81698028737,4307.21474382228
2551.32797356592,4938.68641539428,3783.4434952831,6765.75883378945,10148.4149567654,4252.19310083632,5371.52384404091,2488.78483429163,913.873630049582,1183.05073724672,2619.60795536279,1073.90687170723,968.236699572992,2371.84790553695,2123.62440064151,3379.93653259939,2994.83070641731,1347.66047719743,799.787219390258,1370.96428436338,1196.44733628355,1712.82632703961,1454.27760884915,1e+09,2401.43547383643,2837.06514028141,2560.550612466,1783.23839446665,1738.87280613045,722.037439126255,400.116494036424,3082.10218664145,2698.24619812574,2095.08415482529,766.69793791297,1275.7256735286,963.842243678913,891.493069855285,1192.45526846922,1121.11469970739,1772.21736595712,714.031692503911,1507.20360701532,1438.82985554234,1156.25570212648,1591.37966082893,2562.00030692816,1179.8992133229,829.107290584276,2015.81424905669,1137.66274677516,1284.99363434221,3098.65972704329,3094.01914108494
1408.24862630858,2925.26877777069,2069.99830280124,4569.17511185553,7996.04175071016,2095.81539635532,7324.85067524929,4613.66672762565,2972.25822934347,2013.62129719071,2145.14271604479,2102.80495241475,2537.84111882521,1514.57874466797,3949.12941517495,3148.4283732364,1749.91907375741,2111.24685487036,2557.33091990458,3102.85822566871,3264.03064797192,2213.72307540939,2553.44192540187,2401.43547383643,1e+09,1092.15107746136,1057.84879808033,2270.03315665212,2697.02616151568,2128.86244550934,2343.88021076163,5054.05862145464,4725.34011524038,4027.29499550256,3083.92019163921,3126.03507921776,3055.49032397421,2475.03192044062,2696.21517232954,2670.46013186866,3886.69949674528,2371.43965512513,3199.5147104522,1963.54314518424,2348.32535265027,3758.13440173446,4591.60893791055,2063.32240965875,2159.55960535939,4195.8723882287,2108.77182724922,2899.53274123608,4538.18645793669,4904.08905212783
1403.05312148186,2674.68722362074,1905.78735256586,4184.61115127798,7631.85518165145,1577.00936896393,7678.02465871919,5153.63217612588,3349.67148378763,2515.90096480366,2466.10116905207,2585.91088889389,2724.1335196719,1749.56720008121,4371.20481931469,3289.3263959358,1637.16483632529,2379.79531346711,2851.4104003633,3614.35500879479,3729.1116302814,2625.78053664049,2997.30258399115,2837.06514028141,1092.15107746136,1e+09,872.882498392539,2603.6440020671,3049.73112646017,2492.54739090353,2698.13025897565,5360.15969733179,5178.1180675705,4415.84026719717,3500.52240892699,3515.59129870069,3328.26224755502,2858.83340514973,2959.94224208852,3161.7822313847,4315.37359970142,2754.03668935256,3518.400742866,2360.85519653366,2644.50397664666,4095.09388533401,4947.55272488328,2510.80115138575,2584.64755548992,4621.98971250478,2317.47414328618,3285.80865987355,4917.65298887589,5256.12694310174
824.752951919543,2713.94098929951,1654.77050034136,4383.42678713812,7771.8259478259,2199.23385427744,7625.41020655938,4744.52966259038,3013.54205480859,2170.18274278919,1941.30304352515,2042.94095521628,2473.77446195081,1130.46502166144,4312.87020843429,2702.22263786684,1025.59898678772,2494.50410671139,2567.97734976382,3113.03655275681,3509.07592210542,2118.25377974406,2399.39791206044,2560.550612466,1057.84879808033,872.882498392539,1e+09,2086.33832191713,2393.89394336925,2279.26642451031,2376.97431664711,5227.07320848867,5002.54230547829,4027.12277242698,3206.79208783482,3106.92630409863,3114.22295992114,2448.31504173789,2636.19167302,2656.24935333639,4118.80889250764,2429.39063913155,3403.31507407116,2005.16019005964,2278.24059574488,3842.26917095874,4796.53885257901,1994.45449459244,2172.34936658448,4344.25990227334,2016.68475840921,3182.65482390095,4918.83849222558,5208.55948204492
2069.85190876062,4257.11242528313,2974.62647794643,6067.15313666138,9110.51584667959,4046.37209745965,6842.0885556824,3056.89068785588,1611.45612481383,846.892256429353,1509.11687662023,984.069815612693,1952.53134819905,1194.84181291918,3579.68446703058,1801.06868128342,1919.18784468848,2424.23389203682,1572.77236700039,1713.12856379783,2235.63654738421,370.88944080413,954.542589882714,1783.23839446665,2270.03315665212,2603.6440020671,2086.33832191713,1e+09,1056.20386365512,1520.92461213566,1781.4490437001,4250.72643970416,4011.60613243624,2180.07127743567,1976.8085072409,1746.37483765657,2089.06269814958,1100.65218279891,1087.32730729988,1084.38494816186,3160.42825469904,1396.16126740431,2823.69680296947,740.434007795428,1379.01981000999,2441.09190494746,3744.2276176269,859.642483536034,1121.21604278569,3292.13733960174,944.058196776025,2857.17237386896,4756.74329497609,4512.20330409657
2119.09877216707,4495.57994302181,3179.21739689188,6368.64243190808,9480.03823955368,4539.09590388879,6705.65146617389,2808.31797539025,1633.01130975875,1389.83823699019,1680.66641821035,988.600454379827,2026.63597557628,1703.40684573592,3656.92325510121,1972.66568873187,2238.92289170485,2803.70678258266,1736.87883676438,1601.79699603289,2368.65867870405,997.188824295579,498.036811390483,1738.87280613045,2697.02616151568,3049.73112646017,2393.89394336925,1056.20386365512,1e+09,1835.47679228041,1638.27025178998,4262.73277208412,3979.66230341219,2219.34493882767,1888.4753051867,1659.66982601962,2186.88289178913,1280.11104233188,1462.29703972893,926.764473855143,3108.62016661734,1597.17169102135,2934.66019441775,1386.36155691796,1575.89908725146,2466.18546816739,3778.97924312902,998.781078064658,1303.81041581972,3116.67736610641,1436.91343535371,2858.87562933402,4670.04301240363,4545.26398844996
2420.10362720277,4778.43660377534,3620.84292168274,6529.43393244009,9864.02446983988,3884.06269930082,5589.07073435289,2743.84751447671,968.001212086018,927.289632746964,2562.16727289613,1015.84668518433,804.376663199524,2066.89229281547,2219.42067100854,3152.92272824755,2740.51177118435,1055.41067433488,501.273081463587,1484.47073258451,1255.6291071013,1561.96822192387,1605.9390625114,722.037439126255,2128.86244550934,2492.54739090353,2279.26642451031,1520.92461213566,1835.47679228041,1e+09,771.284324163275,3114.31760949329,2886.92960236304,2125.59879391667,1110.26158417735,1226.89332877802,1128.17951700959,866.131585672754,945.03839900821,1230.4364638615,1971.51219379947,406.886565519187,1431.52117968963,1051.84460786753,719.990495909495,1646.31202206629,2620.81064794846,984.873316675805,591.279461337869,2263.31550655228,756.872798758153,1406.08162600896,3333.44048710938,3191.39325766976
2365.81066332452,4830.36989349677,3660.88888162424,6636.87931966523,10044.3350467266,4131.53891018831,5469.02688419978,2664.49156984968,1039.18052065077,1305.02747522801,2606.43068597651,994.890116495284,775.316558316666,2274.54085494194,2277.07083166071,3298.54519350577,2849.16548868261,1421.35089045598,770.636941302453,1427.82802227719,1448.01294307061,1752.32116365694,1446.95781341406,400.116494036424,2343.88021076163,2698.13025897565,2376.97431664711,1781.4490437001,1638.27025178998,771.284324163275,1e+09,3155.67465013426,2848.47833383019,2250.04955198769,984.088937240939,1261.28991223271,1123.02255360255,965.862679577175,1268.24569737098,1183.77820595752,1904.16237180551,731.410920413416,1527.47227248157,1466.19968101211,1010.21714759749,1735.05981035237,2678.9976251016,1095.75969016934,786.931009873165,2097.74556810401,1124.51560922915,1292.63617383237,3144.46467542569,3196.71793622772
5411.52627738238,7835.37685398092,6700.02017581291,9509.30178739218,12896.2997297752,6526.86328448053,2785.05001100519,2648.72805170708,2767.62228510323,3801.55860528284,5536.58668227095,3696.00423119347,2815.96127897739,5083.43393783179,1420.40142336594,5783.82416586984,5757.50538545992,3173.85600995067,2831.6927103766,2966.61084065639,2253.63291376391,4349.9717176207,4089.41847842698,3082.10218664145,5054.05862145464,5360.15969733179,5227.07320848867,4250.72643970416,4262.73277208412,3114.31760949329,3155.67465013426,1e+09,1043.73912439843,2819.92026601817,2617.07384784992,2687.53969983701,2585.41742320268,3331.89629660048,3287.01578329037,3503.65639473964,1407.48767458191,3008.558921311,1884.12925445682,3951.82063951541,3175.39096641658,2012.96583200014,603.291854412108,3747.9531409424,3353.87134216565,1371.39089759266,3651.07333959481,2362.57004107815,2406.63527118257,1007.19840016751
5163.38280426699,7515.26855705769,6409.96151894066,9254.32014584,12664.2147472633,6352.80479233386,2941.55128209589,2335.68430201943,2541.31046840011,3497.74364766774,5188.24063118703,3375.28285878384,2670.52678209749,4841.71324292342,1091.82939120542,5649.33976415829,5529.16752025113,2934.41391693469,2677.39282582889,2571.28622442154,1942.67694427046,4047.43074610301,3718.17955866846,2698.24619812574,4725.34011524038,5178.1180675705,5002.54230547829,4011.60613243624,3979.66230341219,2886.92960236304,2848.47833383019,1043.73912439843,1e+09,2647.42170730316,2278.96581446497,2568.37115316303,2260.03928992396,3006.02290937711,3119.13785835125,3165.9242538949,987.551736821925,2772.8842114304,1761.20580066612,3745.57612483046,3084.32050886415,1929.94355642853,758.823310527556,3496.55406237341,3090.6063262085,990.336305807275,3462.17071120128,2068.52441851674,2022.92256868621,967.343153022752
4011.33811687571,6369.44792938917,5092.19258555683,8206.63429679915,11266.3364266074,5866.94209388503,5304.11046445113,1249.58036388221,1251.12154329625,2080.08430269064,3455.58313313397,2131.59649406261,2261.31621008651,3346.01520400013,2695.35137854047,3492.15417944283,4065.13576328024,2956.12082855218,1789.93578597111,1415.45586833359,1406.52586762562,2244.40585982126,2049.62629564514,2095.08415482529,4027.29499550256,4415.84026719717,4027.12277242698,2180.07127743567,2219.34493882767,2125.59879391667,2250.04955198769,2819.92026601817,2647.42170730316,1e+09,1454.07580538292,1328.99331792903,1730.78930627041,1675.49174889046,1477.99357552731,1566.54369798611,2095.25651508354,1822.68427378414,2425.85351313718,2237.85750261271,2040.74122325688,1103.3994028909,2339.98913136365,2142.46596635746,1967.1888755023,2033.96626105253,2113.71989151827,2749.09721776077,4176.74732087063,3370.28947546053
3170.00093121437,5596.32113529951,4391.66212038221,7436.93731250977,10747.535905746,4934.5439204044,4973.08991753618,1792.33037769268,487.293293510182,1461.24254773121,3017.90408595104,1433.50843468045,1255.97457673314,2845.64043093993,1886.06103437826,3545.00447142172,3523.71235283188,1811.65087839793,881.870229739047,1181.08597553269,671.158778755072,1940.33819835615,1631.65815917428,766.69793791297,3083.92019163921,3500.52240892699,3206.79208783482,1976.8085072409,1888.4753051867,1110.26158417735,984.088937240939,2617.07384784992,2278.96581446497,1454.07580538292,1e+09,926.862407749931,819.339510032319,1036.49217614027,1109.90061586612,1108.25458577892,1374.63721206724,922.524100227197,1474.23836912488,1708.57768462543,1340.33730280851,899.206492803516,2075.15562194742,1496.99449384425,1155.77703624012,1544.77286566667,1442.36333328326,1498.06982984773,3138.9058291067,2806.28534290439
3103.99237363754,5617.61479543587,4353.72650743016,7399.47328932945,10639.5049151359,4933.28809919915,5254.52907634928,1814.34413425348,605.545860690997,1487.97686232011,3007.48803846333,1262.25358712107,1278.93247065668,2646.48930477718,2255.61902135534,3148.12495376216,3354.75942842404,2151.45700196402,829.742654441725,957.443269703224,1080.40667750621,1840.74157406737,1581.72101810022,1275.7256735286,3126.03507921776,3515.59129870069,3106.92630409863,1746.37483765657,1659.66982601962,1226.89332877802,1261.28991223271,2687.53969983701,2568.37115316303,1328.99331792903,926.862407749931,1e+09,1378.81865863499,1113.13581035739,1062.4329360482,991.16567656472,1701.17638847358,886.630064570337,1622.82147086486,1557.8688077948,912.632696652931,1052.52071723078,2231.98403802536,1233.16416169949,1025.76992703042,1724.53385637975,1442.05165639099,1816.96744511287,3541.47979730225,3082.43531716401
3236.23773623014,5563.52054164447,4407.55449939079,7368.12401035026,10688.3909900321,4741.10508931199,4980.45116986403,2336.12341474075,938.458449266668,1670.90154653109,3187.34770994631,1621.1063923136,1015.94063994901,2892.42949412773,1893.62883134473,3796.90101107469,3505.05149842338,1564.07777898032,941.802726901977,1375.94342910601,1037.88064371584,2117.12106042616,1889.76183745466,963.842243678913,3055.49032397421,3328.26224755502,3114.22295992114,2089.06269814958,2186.88289178913,1128.17951700959,1123.02255360255,2585.41742320268,2260.03928992396,1730.78930627041,819.339510032319,1378.81865863499,1e+09,1048.0789091953,1183.90558593158,1507.18628881768,1469.78052086017,1025.71151470577,1342.65441879137,1912.80317108165,1495.5221707484,1178.55268214874,2064.7232360779,1742.36767058506,1315.64943263774,1693.92878032106,1406.49019075854,1488.80826838112,3034.26949958305,2695.41338430676
2506.02645937747,4864.70695877974,3634.37552184691,6702.55247678077,9932.60726965987,4329.10071308118,5834.32129854879,2432.6440177305,788.350814739225,857.764814561661,2280.85204930088,693.185275593762,1129.72599934674,1980.27117122883,2622.8306478307,2830.9174476837,2658.02909000259,1792.02889145237,783.584867452148,956.89953850966,1375.92060167002,1134.60987480279,958.719564001904,891.493069855285,2475.03192044062,2858.83340514973,2448.31504173789,1100.65218279891,1280.11104233188,866.131585672754,965.862679577175,3331.89629660048,3006.02290937711,1675.49174889046,1036.49217614027,1113.13581035739,1048.0789091953,1e+09,639.553177069741,656.742622569908,2157.84745308838,604.309298207466,1910.4185697904,1089.09035263379,989.207260638538,1619.05843307152,2806.17822147846,824.953793493915,554.719228529172,2300.95438548877,749.087622511546,1951.11524649366,3757.62751094358,3519.38368357302
2671.40678328854,5021.06964790372,3771.21880162104,6823.87944977782,9984.68556528447,4444.78652494133,5871.93477938916,2396.01631319572,712.839201924249,888.774822100626,2378.62848740614,1095.58538927826,1303.56258733518,2077.82978260973,2685.36224206344,2702.40855166276,2768.80031724933,1884.81057019001,782.655658766996,1325.37026400172,1332.80975304055,1184.32866903575,1267.90231828008,1192.45526846922,2696.21517232954,2959.94224208852,2636.19167302,1087.32730729988,1462.29703972893,945.03839900821,1268.24569737098,3287.01578329037,3119.13785835125,1477.99357552731,1109.90061586612,1062.4329360482,1183.90558593158,639.553177069741,1e+09,902.626740574419,2258.67764461864,765.118192307568,2003.50643954543,967.255757542957,968.64329523308,1437.57185239556,2780.25338154637,1018.87356619946,824.905570959489,2424.82390944167,647.559145638451,2152.45261634258,3994.4805908278,3586.14776261381
2551.88331139964,4952.41863617162,3681.31337705716,6817.43836269166,10001.3545165342,4626.19952804675,5960.60054417338,2142.59135420173,849.627825227023,914.571373923326,2157.11854090126,684.574748584842,1554.34883121518,2028.47322627142,2837.82258700222,2573.61899338267,2736.75381055732,2233.7737354307,1107.95534873929,911.599267606112,1486.93875327802,1034.60243112995,658.418925532977,1121.11469970739,2670.46013186866,3161.7822313847,2656.24935333639,1084.38494816186,926.764473855143,1230.4364638615,1183.77820595752,3503.65639473964,3165.9242538949,1566.54369798611,1108.25458577892,991.16567656472,1507.18628881768,656.742622569908,902.626740574419,1e+09,2311.10321744833,930.233363839419,2221.87831874295,1111.3666634824,1138.36813079074,1696.82502857543,2979.60409376816,746.73507798951,760.147608428784,2378.19659036002,1116.62727492212,2211.21221252054,4002.14119159982,3756.83952277709
4228.89148329678,6633.78561712692,5500.96256422456,8388.29120022666,11798.4520996231,5569.39207519097,3697.66241032088,1982.00983050034,1649.0233813685,2618.77790495872,4299.81166594538,2492.82017239511,1786.3861204678,3952.45349478017,774.658017450281,4773.28365272796,4631.35404007295,2151.90910365656,1751.32045151651,1864.56335837643,1119.01071411314,3187.56309399516,2870.85971430162,1772.21736595712,3886.69949674528,4315.37359970142,4118.80889250764,3160.42825469904,3108.62016661734,1971.51219379947,1904.16237180551,1407.48767458191,987.551736821925,2095.25651508354,1374.63721206724,1701.17638847358,1469.78052086017,2157.84745308838,2258.67764461864,2311.10321744833,1e+09,1861.39865496352,991.616731807204,2843.53984230923,2167.40899303754,1189.78941619935,890.94840260253,2588.25227746447,2182.9343285816,535.03022596859,2560.57184605314,1261.6675057637,2103.99955104558,1476.6182393564
2533.6507121543,4957.9246542379,3753.55595942035,6735.62006156078,10037.5665701404,4172.77284714853,5533.724575076,2458.41527140961,684.992245211579,934.956009767305,2570.11581958868,813.004971079513,762.788575229074,2109.70081364633,2240.98168343697,3051.65777398122,2804.62130117419,1410.2205229325,298.181964243312,1109.83441814534,1136.64762886305,1464.6405918518,1378.32887116972,714.031692503911,2371.43965512513,2754.03668935256,2429.39063913155,1396.16126740431,1597.17169102135,406.886565519187,731.410920413416,3008.558921311,2772.8842114304,1822.68427378414,922.524100227197,886.630064570337,1025.71151470577,604.309298207466,765.118192307568,930.233363839419,1861.39865496352,1e+09,1447.97040960788,1075.89674574282,564.742676800682,1445.2843492545,2510.42597620404,827.819956210286,378.426939844404,2070.26823416677,784.200834799352,1498.42784617745,3397.69652457367,3172.65317630213
3632.98312860107,5984.71908797731,4900.77030210558,7646.01497998794,11081.8161651013,4703.07833111463,4282.84774386155,2684.16513027794,1593.93762315217,2284.40989962397,3958.76138341275,2147.38677911083,1148.11472231655,3407.21812947161,1060.12902337404,4445.48310002411,4036.64683244646,1407.22533895606,1312.28592886611,1895.90355450904,1285.13225619,2904.33595522281,2729.4973341991,1507.20360701532,3199.5147104522,3518.400742866,3403.31507407116,2823.69680296947,2934.66019441775,1431.52117968963,1527.47227248157,1884.12925445682,1761.20580066612,2425.85351313718,1474.23836912488,1622.82147086486,1342.65441879137,1910.4185697904,2003.50643954543,2221.87831874295,991.616731807204,1447.97040960788,1e+09,2425.47766957356,1643.16062510638,1500.55993385803,1498.89931713241,2205.22527089638,1778.15055400267,1355.4791626211,2097.20251568607,687.910285357037,2149.50524009596,1843.46320755257
1993.43058793127,4264.86667838515,3027.85802173748,6042.99899318211,9201.91810948674,3784.19295707817,6493.99138652801,2987.14784391399,1389.56994185251,427.652567278626,1743.1764698389,946.115155411856,1682.26954677305,1331.22949539138,3150.07078596656,2177.29918936282,2098.43896068006,1905.40398871211,1242.38989922649,1785.40286955074,1894.61272567773,760.515561707977,1252.74901309081,1438.82985554234,1963.54314518424,2360.85519653366,2005.16019005964,740.434007795428,1386.36155691796,1051.84460786753,1466.19968101211,3951.82063951541,3745.57612483046,2237.85750261271,1708.57768462543,1557.8688077948,1912.80317108165,1089.09035263379,967.255757542957,1111.3666634824,2843.53984230923,1075.89674574282,2425.47766957356,1e+09,1039.16161423525,2206.89470226833,3448.11690276011,689.616882913985,853.974383983501,3062.02289078642,684.784048149488,2404.47166639576,4340.64969745314,4146.19697706223
