1e+09,1684.31356311703,1580.34517008152,919.131246068808,1363.87803959885,2525.55828732975,1883.96155560563,1223.73761440106,1435.79340933854,1539.64175553926,1302.75702926524,1228.04793953656,1687.36904576326,2418.64855109212,1395.75502030263,690.498715567234,587.069884000193,1087.3698191048,1428.85040823034,1846.54894738807,1667.5676400974,1626.61547389049,670.956215486525,598.557876650204,1244.01289470809,944.005437007649,1933.90887580051,3005.69353381212,2358.17047721321,811.996173697881,1154.57549488979,2098.71329232937,1727.09107501602,2159.0463563342,2847.6037294715,1767.89531847901,1333.82580579324,1690.5985881338,1839.36564951072,1994.97868732977,2619.45546837506,2130.57992994865,1730.66097584131,1866.41990934516,2053.33064076393,2103.64760026483,1322.07025482763,1801.42405640649,1774.71957072096,2093.54526903528,2435.72552357609,1686.26301335231,1759.06192585707,2298.66250139075
1684.31356311703,1e+09,773.287532616426,823.850686593148,589.475736735619,1825.58456911752,2204.56529522262,936.127969991283,1246.45872550999,1026.74993562211,1218.55659975235,1164.48985865056,2122.48414055323,2387.10740064204,2035.82970889021,1300.66788562646,2130.45569665271,1356.32570424659,1485.55847054231,2061.1548148065,1643.26955993227,1121.17023372903,1281.26744405686,1287.94598248529,1934.70122155851,1922.54219261893,1843.34316799667,2986.82437436485,2364.11928267167,1233.62083972345,1545.09805847396,2160.63816172445,2295.11162728526,2334.2020356216,2856.94009496174,1832.30813374825,1955.92721022537,2301.91578557948,1921.37644107031,2113.24628441647,2709.23204268295,2051.61866778405,1691.81853849637,1341.82262385906,1327.5534093964,1518.31710581156,1576.48087904675,1930.4331192507,1960.24342437362,2138.98975046633,2255.34895142636,1845.56270733346,1628.26047698149,2807.07634327961
1580.34517008152,773.287532616426,1e+09,842.718674707046,929.659783307851,1864.12442452214,2003.07968463564,656.644282012719,857.203503900912,599.268964489235,988.900450551015,1036.04070354403,1918.11291685344,2273.68858885732,1689.53498936838,1115.46859803403,1968.59112049709,1137.85033932411,1417.51348808398,1985.27361406432,1425.17211757037,830.626402481885,1099.08478558299,1198.82272179835,1841.35534924685,1837.41617656425,1725.15354177534,2540.52721272574,1993.49397827031,1108.35281724729,1122.04039579687,1829.2616215293,2019.18292009417,2097.22946569993,2409.78506408767,1588.59825056557,1631.34089135288,2216.58276971558,1847.5258408477,1848.31579652937,2329.97042976944,1757.29325830949,1454.94156697099,1000.89671704927,851.719876426516,1316.7026875115,1370.42268592577,1752.23121813304,1762.23314515986,1763.70884011506,2045.40705635822,1791.13038911186,1652.89632457695,2545.92699838389
919.131246068808,823.850686593148,842.718674707046,1e+09,599.424385556676,1973.30947582988,1734.41596657203,601.585949470231,920.447508552227,821.413537446273,758.738405380933,696.378277159764,1603.88646795838,2190.85185592272,1562.7516718916,602.956830544277,1393.36950468998,1017.7573982045,1079.65305640284,1638.54172623098,1324.75920876211,916.310980180855,578.207540075361,578.997437472739,1449.86039014106,1445.58986714766,1562.14773206634,2745.34367872221,2070.05629008006,569.330595875543,1013.9058149059,1805.95503518222,1736.36592764889,1956.43164345193,2611.29957649443,1474.10881192672,1332.86041223378,1765.83288628907,1660.31015195957,1757.47408390565,2389.80746607337,1774.71192766601,1338.4882033847,1223.22438272788,1382.01437821754,1493.33659353811,1147.63704166431,1528.58701548195,1580.8852868567,1821.61991798509,2039.5962174656,1463.70428553721,1359.37291642139,2317.95685585388
1363.87803959885,589.475736735619,929.659783307851,599.424385556676,1e+09,1940.79182788881,2105.63435603145,653.358508783654,1179.84492820031,970.900439746527,1087.54681388895,1036.84334453185,1881.09858420552,2436.97766288491,1665.23838791928,992.240768009458,1776.65518230184,1390.33423254986,1439.39014071932,2022.91620632195,1522.6707135819,950.635818702409,1004.09992948909,867.979932371711,1786.51220250521,1680.48593775729,1756.05536689479,3007.94735647085,2391.56781825229,1143.59967532349,1428.9116613353,2230.57303177905,2114.4768762746,2306.52997012829,2837.77378488843,1861.63455178507,1720.97065678064,2127.74187934063,1930.60554901823,1912.30469251111,2658.5141192591,2040.48707141212,1665.84968907762,1419.56513950576,1323.59707290399,1645.29482166571,1442.66717610127,1902.83372576271,1952.51906920265,2085.37909992404,2235.58975822936,1771.09398556372,1557.99606588078,2586.22460919387
2525.55828732975,1825.58456911752,1864.12442452214,1973.30947582988,1940.79182788881,1e+09,1693.37265074761,1802.54192861082,1397.99658039639,1694.78930752468,1560.57816113132,1494.75697312306,1632.52355471521,1117.0234296558,2317.18228747762,1905.42616070526,2627.66875949005,2020.10976375048,1388.84329987224,1725.94538134902,1092.16171485728,1845.2153182217,1902.53594746591,2343.40997804482,1764.6239403057,2677.86014242716,1070.20710397567,1911.09976053057,1557.74455316011,1962.87203806056,1698.35000600583,1914.10017478187,1810.08393576099,1573.19881550299,1739.14162131783,1433.11271650209,1834.68760226367,1795.144105274,1121.50959830935,1347.35795444269,1708.13121530519,1254.75373647581,1366.37554903475,1321.06522083507,1602.82006831709,937.537937899048,1330.2788712146,1535.24017909251,1374.80171828522,1329.35738964358,1241.76334134166,1300.49919427118,1100.36931468485,1922.20266361276
1883.96155560563,2204.56529522262,2003.07968463564,1734.41596657203,2105.63435603145,1693.37265074761,1e+09,1790.1354150734,1225.45355387301,1564.46597610814,1090.1910474316,1089.99737018031,657.107682651786,1134.33062953444,2181.62772669858,1514.85640501006,1937.95659391535,1934.7176527597,775.884677706681,467.856276756014,948.827110436881,1674.36836666846,1502.32377911687,1956.02656165503,1456.15569284332,2496.99359596696,700.925518083056,1518.25738786281,827.936898803285,1396.1558313813,1210.30628371499,826.027388771099,463.785220333723,382.4452967419,1522.93449100741,594.741887124154,784.96914296041,674.903385381938,1110.4344072479,1023.49638059937,1040.85038396496,687.098669697446,592.898284109509,1214.82709831482,1919.51071377578,1163.81449582827,1089.53147981139,349.102368940688,576.949813848658,866.559253542423,828.106558843728,609.417734398992,818.918026666894,991.23248236728
1223.73761440106,936.127969991283,656.644282012719,601.585949470231,653.358508783654,1802.54192861082,1790.1354150734,1e+09,695.514549811864,564.512702691445,750.391567383323,778.029090008851,1520.99275110041,2169.16224519975,1209.08597924217,659.427048808282,1537.86687798392,1159.91769354554,1237.29733467748,1832.86724614741,1138.61741256666,647.262166050203,688.430145911697,755.81693947675,1542.52208356963,1558.4781345274,1479.54062904673,2515.52584604094,1961.43778608958,969.556384435686,920.481430285261,1885.34279352589,1714.87749448758,1963.53098266872,2325.56225111262,1533.11958274624,1271.89032864473,1888.49703788489,1692.53066184929,1489.06515136175,2196.8304298466,1649.06099420246,1332.75394180621,1065.1973762172,895.785151473276,1363.4437296053,1070.6374683337,1621.37418238357,1634.81299144581,1613.34699274521,1909.2305065916,1557.06818203314,1410.78540519102,2180.80767235444
1435.79340933854,1246.45872550999,857.203503900912,920.447508552227,1179.84492820031,1397.99658039639,1225.45355387301,695.514549811864,1e+09,528.572698784188,411.152585544589,480.388746641718,1089.86753887801,1568.49497576498,1428.08847534038,798.719256497551,1652.16484504422,1165.52525052013,778.008641083118,1325.28214656352,607.122861042145,781.201554657951,796.366219650232,1211.1220576804,1309.89647457347,1838.4060258822,937.366538553623,1864.96406804528,1276.09735612139,895.539131249998,530.957363542498,1280.32779377002,1198.92657402361,1322.45962694519,1711.04088986792,897.608073604511,866.408497592215,1454.99968731955,1195.74030930633,1032.54018991999,1557.66026985989,983.672699123037,714.937150524436,529.70136482739,850.740455250601,780.942267904613,660.478839479359,1038.02455852451,1022.9704080764,965.053396657408,1296.07249507888,1054.61214173743,966.663210378879,1692.78348485564
1539.64175553926,1026.74993562211,599.268964489235,821.413537446273,970.900439746527,1694.78930752468,1564.46597610814,564.512702691445,528.572698784188,1e+09,547.901890031418,685.324521376552,1452.79888711411,2029.66397817471,1620.10694650076,981.53044384777,1881.36356871818,1384.9444582004,1106.39074819885,1604.49596805352,1065.30159743614,337.69467555767,986.356181153645,1158.35736726625,1752.91189755789,2014.41554489137,1296.76072299403,2191.05008025832,1623.19470853006,1026.35598078834,943.937349615959,1492.41490913218,1592.73707566566,1695.5081210068,2075.39036455796,1273.73422184536,1217.77962604077,1857.49270238136,1676.52199299622,1401.88539035828,1904.34790855033,1346.57101673102,1036.52696149208,613.706938693054,668.514195286832,1015.45952952346,1152.22046497187,1357.02941228258,1465.5080243042,1383.67586056128,1593.95708016245,1452.56695866318,1287.55469538191,2090.92427627114
1302.75702926524,1218.55659975235,988.900450551015,758.738405380933,1087.54681388895,1560.57816113132,1090.1910474316,750.391567383323,411.152585544589,547.901890031418,1e+09,206.260204353627,1007.87440680871,1662.87447920762,1596.91606861475,749.721632007508,1590.87461699532,1290.10454591866,606.419097819322,1110.68323666111,740.031495951355,691.860654033744,743.941272010097,1089.40368771177,1365.74974775762,1891.26731442174,907.423655962307,2034.90189515367,1362.81814006859,725.388882186652,698.517578232646,1204.8423496458,1134.25742311876,1283.00063402167,1928.89096736959,872.601442927984,798.887497899422,1324.90249675212,1285.48051120972,1126.744455145,1656.79454565133,1051.77902308422,633.854094567512,620.465512095556,1088.5916825881,898.055630125439,788.269485265033,897.719219076878,1024.07017484155,1131.27566941042,1311.37723447527,954.09597247866,843.694436570492,1696.59372284587
1228.04793953656,1164.48985865056,1036.04070354403,696.378277159764,1036.84334453185,1494.75697312306,1089.99737018031,778.029090008851,480.388746641718,685.324521376552,206.260204353627,1e+09,1007.32183913583,1585.56939252119,1599.19148087401,679.517984750956,1514.42238820614,1196.35905810087,481.549512615266,1061.16307337751,715.998362358462,836.091781744086,664.114886070174,1054.42032382727,1220.19671725505,1790.74489414322,882.905512101946,2114.71744481385,1422.16113440074,629.90853105828,698.954337278194,1266.33032862678,1140.86969255915,1288.18652430461,1998.76412162616,856.164762939938,832.517699031078,1234.28685134372,1157.7386858009,1160.45995945573,1727.06207942853,1096.7131044626,664.185324213054,730.975210660389,1207.49146435907,924.511724263138,690.694694564827,885.140162347184,964.818843669629,1183.4617809207,1351.21998260831,847.951932128231,739.784377099165,1707.96894477037
1687.36904576326,2122.48414055323,1918.11291685344,1603.88646795838,1881.09858420552,1632.52355471521,657.107682651786,1520.99275110041,1089.86753887801,1452.79888711411,1007.87440680871,1007.32183913583,1e+09,1321.24264754813,1686.1310095304,1244.22364533069,1642.6862659376,1866.4789954082,899.320899067735,989.362781946036,690.979521042411,1505.16460624744,1265.77093358159,1686.47459420532,1278.09394521686,2224.30210149161,646.9984782826,1680.70300428124,1151.94597260462,1405.11181202778,1073.50285532923,1351.19225767468,430.91844077505,885.680573457497,1529.4223685758,964.405424756622,514.422882461502,717.11964092472,1149.87936088965,576.172548027064,1162.16234829735,867.224137752173,806.964682312677,1272.87290920971,1722.17664706615,1276.71014780176,860.822595834938,833.230657501271,872.533810175858,845.127676567275,994.115884894714,738.592616805773,829.650581510072,733.870803547872
2418.64855109212,2387.10740064204,2273.68858885732,2190.85185592272,2436.97766288491,1117.0234296558,1134.33062953444,2169.16224519975,1568.49497576498,2029.66397817471,1662.87447920762,1585.56939252119,1321.24264754813,1e+09,2440.82817781179,1953.76090172262,2394.02550053252,2017.28576037209,1212.68341474599,1215.77834344917,1124.86916510321,2230.8144551262,1932.1377470046,2486.28415431543,1421.69014553102,2668.82801885022,974.634012642695,1481.10502817997,1064.86843501909,1887.1194044363,1573.75345855061,1455.92448262264,1249.76655896211,901.7581491176,1400.48196868078,1005.3978355855,1528.77604249282,1152.8195470671,646.604154719099,1299.34606083214,1242.0277637396,970.185052142116,1174.09425763011,1559.17980409573,2155.96636643525,1208.60636693673,1221.58009831529,1096.67042802293,783.168728563647,1042.14041309221,1035.4021057058,899.901569228546,1058.9196412854,1365.41480356703
1395.75502030263,2035.82970889021,1689.53498936838,1562.7516718916,1665.23838791928,2317.18228747762,2181.62772669858,1209.08597924217,1428.08847534038,1620.10694650076,1596.91606861475,1599.19148087401,1686.1310095304,2440.82817781179,1e+09,1087.78450922046,1224.46219680315,1514.68494565702,1882.60548873098,2393.00849087503,1522.07764138365,1684.28813336674,1146.63502432117,1241.13092911264,1491.77677582807,1297.81606054171,1958.35108782874,2686.63991943468,2339.97367478782,1662.78629528872,1245.45197583046,2488.78613844179,1852.2106896085,2342.25436900009,2377.74755543981,2074.77456847726,1446.03380254405,2059.44275111011,1969.60522752657,1610.39935587419,2387.99467576877,2096.0841468319,1955.94282902134,1926.97753269207,1662.57963105531,2118.70504766473,1332.36906801381,2174.48708598143,2031.64957642798,1866.62834126132,2373.7090659767,2001.06510621219,2005.54963546156,2082.12060673727
690.498715567234,1300.66788562646,1115.46859803403,602.956830544277,992.240768009458,1905.42616070526,1514.85640501006,659.427048808282,798.719256497551,981.53044384777,749.721632007508,679.517984750956,1244.22364533069,1953.76090172262,1087.78450922046,1e+09,936.93091116688,907.849366304785,988.614633464426,1546.44830502025,1045.78407307627,1104.53590593516,82.6890506657321,553.59518413729,1018.67914585506,1171.09004875799,1377.72004598177,2488.60636200264,1870.03293243729,612.344630171605,648.116949477485,1751.840622317,1370.03165204312,1742.19585741673,2301.5634727072,1332.53801615564,932.988862527308,1437.00286471531,1400.29848446679,1413.71135961341,2112.69699952454,1585.63436053209,1225.66550848916,1277.24172825664,1427.41070323155,1498.66872039821,763.564178900504,1399.97064754944,1352.86078467077,1534.78092465993,1884.2936188397,1261.12416438668,1255.61632953701,1902.06575893159
587.069884000193,2130.45569665271,1968.59112049709,1393.36950468998,1776.65518230184,2627.66875949005,1937.95659391535,1537.86687798392,1652.16484504422,1881.36356871818,1590.87461699532,1514.42238820614,1642.6862659376,2394.02550053252,1224.46219680315,936.93091116688,1e+09,1315.21629749635,1631.25613745972,1993.61872668773,1725.05168589234,1974.0128858242,941.79687672024,1024.83898676817,1099.15054032648,901.102341135567,2014.34702059998,2977.85086475129,2412.86694869402,1219.49510101517,1267.19362360296,2287.47202227699,1664.81596127019,2197.82307165522,2777.80097433203,1908.31097083258,1332.84963139133,1615.51666345476,1837.18828232166,1950.00903623547,2588.53680489577,2207.970715929,1901.21448190361,2132.20688248115,2296.66401073383,2312.60620690164,1350.94452765463,1941.48375411694,1833.85838509957,2100.123443848,2508.49555548739,1760.30779828415,1899.38415153439,2117.27088866777
1087.3698191048,1356.32570424659,1137.85033932411,1017.7573982045,1390.33423254986,2020.10976375048,1934.7176527597,1159.91769354554,1165.52525052013,1384.9444582004,1290.10454591866,1196.35905810087,1866.4789954082,2017.28576037209,1514.68494565702,907.849366304785,1315.21629749635,1e+09,1329.2156061377,1884.27913579703,1474.6128097911,1650.96268661651,845.54605256012,1159.43328389347,1074.12320284965,1031.32322847883,1823.5613697378,2673.76162548197,2078.12836165142,845.419789690305,914.502955872752,1916.5433237733,1851.06795615396,2036.18499034346,2508.95120988831,1517.91569060999,1530.67577464988,1854.53714087909,1434.25425169319,1961.80790716115,2437.43796169256,1897.46509854595,1588.84140844831,1551.14665854006,1724.16712687605,1688.57417373357,1088.41479896223,1731.62580464141,1535.6491262655,1839.60700846675,2260.45026923841,1605.9749371332,1669.87046201195,2418.64409118002
1428.85040823034,1485.55847054231,1417.51348808398,1079.65305640284,1439.39014071932,1388.84329987224,775.884677706681,1237.29733467748,778.008641083118,1106.39074819885,606.419097819322,481.549512615266,899.320899067735,1212.68341474599,1882.60548873098,988.614633464426,1631.25613745972,1329.2156061377,1e+09,660.273531046035,706.523688916373,1273.88237926427,956.653175712076,1425.58108966134,1087.5908114268,1972.56580067688,689.194755783879,1954.84445445156,1208.70577035935,792.755920192338,847.335087022838,1053.59129547467,934.853504084998,948.583433916068,1879.09894401546,538.108536821337,844.816242682395,888.349759216492,831.935256555461,1151.30671543251,1552.46967554925,913.463669775651,492.155134281865,890.600308162983,1559.76505519261,885.293617168903,672.448102384117,536.904219670511,579.070886679688,1071.04198582502,1152.41768014032,433.451784977291,469.342523430383,1521.79159611295
1846.54894738807,2061.1548148065,1985.27361406432,1638.54172623098,2022.91620632195,1725.94538134902,467.856276756014,1832.86724614741,1325.28214656352,1604.49596805352,1110.68323666111,1061.16307337751,989.362781946036,1215.77834344917,2393.00849087503,1546.44830502025,1993.61872668773,1884.27913579703,660.273531046035,1e+09,1142.82787549132,1722.73314840111,1516.98657317723,1941.42550287154,1486.7099458536,2493.96672616136,867.97771849282,1863.23785521334,1112.92369455412,1275.9472632519,1339.71623618586,849.296268271562,864.093210423505,664.676491159421,1899.44801123906,631.50096215287,1061.35568095714,763.022940480822,1122.67209838848,1371.00050255279,1434.14181547712,959.943746164326,694.151242165567,1271.97615807058,2051.01845623095,1205.11695100517,1205.20196722375,364.675433365068,657.915406416357,1212.34292797047,1073.91955215463,586.843584356172,768.76467745338,1410.81943812807
1667.5676400974,1643.26955993227,1425.17211757037,1324.75920876211,1522.6707135819,1092.16171485728,948.827110436881,1138.61741256666,607.122861042145,1065.30159743614,740.031495951355,715.998362358462,690.979521042411,1124.86916510321,1522.07764138365,1045.78407307627,1725.05168589234,1474.6128097911,706.523688916373,1142.82787549132,1e+09,1215.82356614765,1056.54179292634,1546.42914115067,1132.49196328274,2026.02191212237,479.335049834664,1622.60577180657,1073.58588091498,1212.52900262221,777.0650600175,1327.40611249911,884.082373707338,1009.7513014104,1421.77432055865,796.782081751341,758.573721994112,1077.58636104026,837.659462490576,562.160862387271,1233.33218627424,698.501089047111,629.332993732253,828.058888062921,1224.66760682236,768.200475136536,469.389334135321,869.040568385619,754.012877210993,651.993321744939,936.224963510373,699.053762953895,636.193455404879,1213.24028287887
1626.61547389049,1121.17023372903,830.626402481885,916.310980180855,950.635818702409,1845.2153182217,1674.36836666846,647.262166050203,781.201554657951,337.69467555767,691.860654033744,836.091781744086,1505.16460624744,2230.8144551262,1684.28813336674,1104.53590593516,1974.0128858242,1650.96268661651,1273.88237926427,1722.73314840111,1215.82356614765,1e+09,1127.02002945822,1179.68142547045,1949.95398153392,2159.61056744034,1396.85463567259,2344.49869795229,1800.3999994168,1211.57866719417,1184.99809362716,1673.19587457655,1700.13179680282,1843.36952988271,2228.19822089508,1485.67674283473,1318.21536309512,1967.49977003811,1895.92361710592,1461.10998100759,2023.86210980393,1500.87967232553,1197.99132192182,824.267586830879,751.406082887276,1209.50283926909,1351.24113732524,1504.08669653714,1670.32139949173,1549.91309808002,1687.0641535816,1597.08748711522,1393.50200290491,2151.7000854673
670.956215486525,1281.26744405686,1099.08478558299,578.207540075361,1004.09992948909,1902.53594746591,1502.32377911687,688.430145911697,796.366219650232,986.356181153645,743.941272010097,664.114886070174,1265.77093358159,1932.1377470046,1146.63502432117,82.6890506657321,941.79687672024,845.54605256012,956.653175712076,1516.98657317723,1056.54179292634,1127.02002945822,1e+09,574.972840228128,992.692108712464,1159.06590727189,1381.37079200336,2487.30098458148,1856.04323228205,540.084601706066,626.880264564135,1716.75131230473,1371.61802055091,1725.31428589112,2308.6411206162,1299.05466482362,945.503079159449,1425.96931064452,1371.99826461261,1446.17820319627,2117.1553526135,1579.69977229852,1209.16400641104,1266.67107210199,1449.2647823638,1484.465703814,756.071416600311,1375.21619307657,1322.93258543283,1537.51489612296,1885.88576485958,1241.90343791295,1246.89130901615,1923.67744614319
598.557876650204,1287.94598248529,1198.82272179835,578.997437472739,867.979932371711,2343.40997804482,1956.02656165503,755.81693947675,1211.1220576804,1158.35736726625,1089.40368771177,1054.42032382727,1686.47459420532,2486.28415431543,1241.13092911264,553.59518413729,1024.83898676817,1159.43328389347,1425.58108966134,1941.42550287154,1546.42914115067,1179.68142547045,574.972840228128,1e+09,1485.9474830222,1150.59479114065,1842.10139910918,2969.87913035194,2348.00666095733,858.900393875797,1137.77063343189,2135.74712143081,1831.63266532894,2220.13979656687,2793.31898382551,1802.81155914865,1369.25135928361,1885.72301033317,1926.1325895431,1870.57148770102,2590.93391754788,2063.69680549251,1665.2407145515,1624.38994502552,1631.30928778083,1914.83851094551,1312.06929870339,1836.7268385092,1861.30404582379,2033.66581900764,2339.62149864033,1738.68155436814,1689.14800876063,2361.65887905091
1244.01289470809,1934.70122155851,1841.35534924685,1449.86039014106,1786.51220250521,1764.6239403057,1456.15569284332,1542.52208356963,1309.89647457347,1752.91189755789,1365.74974775762,1220.19671725505,1278.09394521686,1421.69014553102,1491.77677582807,1018.67914585506,1099.15054032648,1074.12320284965,1087.5908114268,1486.7099458536,1132.49196328274,1949.95398153392,992.692108712464,1485.9474830222,1e+09,1315.11420572511,1385.32061029207,2369.44106189624,1805.84400012847,1143.36816760832,984.766024292065,1855.04780472095,1275.7364766283,1575.13003545739,2163.67220407806,1295.884179354,1162.91605200032,1062.9005914948,831.415530646379,1480.68653161295,2023.15035447196,1592.6864202033,1398.86124883778,1713.7737699008,2064.66223913259,1678.90032607657,703.728921602629,1407.92014979543,1100.19190539651,1508.3621105358,1875.85787942477,1057.51159624848,1254.03209249205,1676.99987886106
944.005437007649,1922.54219261893,1837.41617656425,1445.58986714766,1680.48593775729,2677.86014242716,2496.99359596696,1558.4781345274,1838.4060258822,2014.41554489137,1891.26731442174,1790.74489414322,2224.30210149161,2668.82801885022,1297.81606054171,1171.09004875799,901.102341135567,1031.32322847883,1972.56580067688,2493.96672616136,2026.02191212237,2159.61056744034,1159.06590727189,1150.59479114065,1315.11420572511,1e+09,2400.22062427603,3364.14280367228,2815.68631553659,1433.17654823124,1524.00471505176,2707.56779562396,2280.51605859288,2686.76997684953,3130.05026771137,2272.14060123928,1915.90264113289,2206.63084173588,2041.80889450996,2376.46436417633,3055.37410427921,2592.16899622691,2286.31451685896,2332.30508302409,2326.57132635129,2494.93865211151,1605.95505721673,2399.29917969811,2213.97716767811,2473.37672245859,2920.63041299306,2167.59331340083,2239.40811070693,2736.3534788839
1933.90887580051,1843.34316799667,1725.15354177534,1562.14773206634,1756.05536689479,1070.20710397567,700.925518083056,1479.54062904673,937.366538553623,1296.76072299403,907.423655962307,882.905512101946,646.9984782826,974.634012642695,1958.35108782874,1377.72004598177,2014.34702059998,1823.5613697378,689.194755783879,867.97771849282,479.335049834664,1396.85463567259,1381.37079200336,1842.10139910918,1385.32061029207,2400.22062427603,1e+09,1543.49119190878,945.24844950944,1411.27609935122,1143.06753549386,1195.06550393692,831.177785494776,745.49938745783,1428.69312905186,725.654153298939,919.209912533584,945.572501239329,896.318626772868,649.307963296308,1093.57969426101,537.429537893108,533.551695527247,922.233040885003,1500.79520335054,742.942863751985,837.467092965449,650.311525270774,682.458039003132,704.414003267965,597.076805025953,524.700366590305,405.916412454584,1103.89162294131
3005.69353381212,2986.82437436485,2540.52721272574,2745.34367872221,3007.94735647085,1911.09976053057,1518.25738786281,2515.52584604094,1864.96406804528,2191.05008025832,2034.90189515367,2114.71744481385,1680.70300428124,1481.10502817997,2686.63991943468,2488.60636200264,2977.85086475129,2673.76162548197,1954.84445445156,1863.23785521334,1622.60577180657,2344.49869795229,2487.30098458148,2969.87913035194,2369.44106189624,3364.14280367228,1543.49119190878,1e+09,789.964375905648,2493.37746971853,1924.96121316768,1465.93592145087,1528.08759598395,1220.82236562081,416.329197270621,1506.13090729193,1768.51931360672,1972.80058054533,1841.4795593218,1442.57859671492,552.174446710458,1075.28447319767,1534.06719099914,1697.22399794488,2100.61161500645,1543.90214472939,1904.27911438948,1587.13066437518,1527.92742743234,985.185238368907,1100.94775688949,1807.39611280981,1899.16903276143,1445.95047650326
2358.17047721321,2364.11928267167,1993.49397827031,2070.05629008006,2391.56781825229,1557.74455316011,827.936898803285,1961.43778608958,1276.09735612139,1623.19470853006,1362.81814006859,1422.16113440074,1151.94597260462,1064.86843501909,2339.97367478782,1870.03293243729,2412.86694869402,2078.12836165142,1208.70577035935,1112.92369455412,1073.58588091498,1800.3999994168,1856.04323228205,2348.00666095733,1805.84400012847,2815.68631553659,945.24844950944,789.964375905648,1e+09,1774.02317964,1339.43542800689,755.354354194109,964.797684180471,541.498027512566,879.452163508625,733.614649867354,1187.78175529009,1361.3450443587,1272.57339018227,1100.43776411935,538.149328160874,428.339800508895,793.619154191732,1103.4885271719,1742.66992327865,969.28379781156,1318.27261987041,816.294869149623,815.005031702259,536.394784929906,649.065647373207,1113.85764584169,1229.31512558823,1227.88729828922
811.996173697881,1233.62083972345,1108.35281724729,569.330595875543,1143.59967532349,1962.87203806056,1396.1558313813,969.556384435686,895.539131249998,1026.35598078834,725.388882186652,629.90853105828,1405.11181202778,1887.1194044363,1662.78629528872,612.344630171605,1219.49510101517,845.419789690305,792.755920192338,1275.9472632519,1212.52900262221,1211.57866719417,540.084601706066,858.900393875797,1143.36816760832,1433.17654823124,1411.27609935122,2493.37746971853,1774.02317964,1e+09,764.888714323855,1439.07919021157,1407.09158532769,1611.43407029267,2396.91439822118,1114.08602289051,1075.19231726236,1406.99541417163,1361.74620568592,1667.58149108222,2141.93896969545,1549.30295429913,1096.95039477635,1196.32846104237,1613.21425291249,1411.8868149395,944.380718248737,1191.88598913655,1205.54645377107,1604.5488615184,1863.0532159603,1170.07809401766,1208.93136112023,2070.35473071645
1154.57549488979,1545.09805847396,1122.04039579687,1013.9058149059,1428.9116613353,1698.35000600583,1210.30628371499,920.481430285261,530.957363542498,943.937349615959,698.517578232646,698.954337278194,1073.50285532923,1573.75345855061,1245.45197583046,648.116949477485,1267.19362360296,914.502955872752,847.335087022838,1339.71623618586,777.0650600175,1184.99809362716,626.880264564135,1137.77063343189,984.766024292065,1524.00471505176,1143.06753549386,1924.96121316768,1339.43542800689,764.888714323855,1e+09,1308.6672399812,1055.9540454963,1330.33372294323,1758.68900585067,911.514177563904,690.71339613475,1300.62316041196,1122.53876681387,1157.45218290001,1620.24001333136,1143.0973471669,886.718317110908,976.643334385691,1283.71082074586,1163.95083061958,532.788334988671,1086.26460855539,957.386590307176,1038.77624014992,1519.7163259635,1071.5069171032,1156.24271656084,1616.85884884859
2098.71329232937,2160.63816172445,1829.2616215293,1805.95503518222,2230.57303177905,1914.10017478187,826.027388771099,1885.34279352589,1280.32779377002,1492.41490913218,1204.8423496458,1266.33032862678,1351.19225767468,1455.92448262264,2488.78613844179,1751.840622317,2287.47202227699,1916.5433237733,1053.59129547467,849.296268271562,1327.40611249911,1673.19587457655,1716.75131230473,2135.74712143081,1855.04780472095,2707.56779562396,1195.06550393692,1465.93592145087,755.354354194109,1439.07919021157,1308.6672399812,1e+09,1110.20381516188,765.552729209426,1607.10680730933,631.43722324551,1214.21139016236,1399.19251341622,1461.97136456225,1534.71596104947,1224.72620295313,870.119003642605,749.427445921218,1069.57759232325,1851.32040017389,1110.56832797447,1435.5351456861,662.499081961628,884.860532682976,1084.97053171964,1111.39680366645,1151.81933583353,1281.63475163558,1667.02730766475
1727.09107501602,2295.11162728526,2019.18292009417,1736.36592764889,2114.4768762746,1810.08393576099,463.785220333723,1714.87749448758,1198.92657402361,1592.73707566566,1134.25742311876,1140.86969255915,430.91844077505,1249.76655896211,1852.2106896085,1370.03165204312,1664.81596127019,1851.06795615396,934.853504084998,864.093210423505,884.082373707338,1700.13179680282,1371.61802055091,1831.63266532894,1275.7364766283,2280.51605859288,831.177785494776,1528.08759598395,964.797684180471,1407.09158532769,1055.9540454963,1110.20381516188,1e+09,668.686085543882,1439.52110825094,813.941476090265,505.290952818275,631.130933325249,1134.83558659393,847.128070896013,1041.0619180433,829.985041612197,796.353131782628,1349.237075758,1901.28604494432,1353.40819803192,954.183940600553,708.49054658478,716.705668946465,806.283923875455,1036.61811164961,768.296702322742,1003.34348226318,726.046438666288
2159.0463563342,2334.2020356216,2097.22946569993,1956.43164345193,2306.52997012829,1573.19881550299,382.4452967419,1963.53098266872,1322.45962694519,1695.5081210068,1283.00063402167,1288.18652430461,885.680573457497,901.7581491176,2342.25436900009,1742.19585741673,2197.82307165522,2036.18499034346,948.583433916068,664.676491159421,1009.7513014104,1843.36952988271,1725.31428589112,2220.13979656687,1575.13003545739,2686.76997684953,745.49938745783,1220.82236562081,541.498027512566,1611.43407029267,1330.33372294323,765.552729209426,668.686085543882,1e+09,1266.82659038244,576.325313429837,1026.60706280446,892.916738447656,1062.62061122491,1070.32034975516,803.398185335267,526.900537767803,675.284014544991,1234.52122290384,1957.15656213293,1083.58822082007,1194.92655569286,479.896662001311,542.874309117682,733.102412695525,656.479636394001,737.875184838195,940.043523354105,1024.80972921806
2847.6037294715,2856.94009496174,2409.78506408767,2611.29957649443,2837.77378488843,1739.14162131783,1522.93449100741,2325.56225111262,1711.04088986792,2075.39036455796,1928.89096736959,1998.76412162616,1529.4223685758,1400.48196868078,2377.74755543981,2301.5634727072,2777.80097433203,2508.95120988831,1879.09894401546,1899.44801123906,1421.77432055865,2228.19822089508,2308.6411206162,2793.31898382551,2163.67220407806,3130.05026771137,1428.69312905186,416.329197270621,879.452163508625,2396.91439822118,1758.68900585067,1607.10680730933,1439.52110825094,1266.82659038244,1e+09,1496.70781316862,1629.9912766331,1883.9519152834,1691.90329448819,1198.42629752522,578.766568056587,1033.69753109892,1495.75518404584,1635.45780743497,1928.06502986803,1482.73913207954,1699.00524172234,1599.06773124218,1473.82259685486,826.521720827711,1098.19649912937,1720.95372875043,1799.10193660615,1290.87142992631
1767.89531847901,1832.30813374825,1588.59825056557,1474.10881192672,1861.63455178507,1433.11271650209,594.741887124154,1533.11958274624,897.608073604511,1273.73422184536,872.601442927984,856.164762939938,964.405424756622,1005.3978355855,2074.77456847726,1332.53801615564,1908.31097083258,1517.91569060999,538.108536821337,631.50096215287,796.782081751341,1485.67674283473,1299.05466482362,1802.81155914865,1295.884179354,2272.14060123928,725.654153298939,1506.13090729193,733.614649867354,1114.08602289051,911.514177563904,631.43722324551,813.941476090265,576.325313429837,1496.70781316862,1e+09,887.94074807951,976.984057648844,856.873518379463,1135.94917271857,1169.90537510518,588.793213276104,358.953650211277,858.02391907219,1621.85700504083,788.520722238801,860.13097258499,329.746569504521,314.039257736991,774.463644466285,913.065410417019,594.940857312725,760.195870746481,1392.05667039816
1333.82580579324,1955.92721022537,1631.34089135288,1332.86041223378,1720.97065678064,1834.68760226367,784.96914296041,1271.89032864473,866.408497592215,1217.77962604077,798.887497899422,832.517699031078,514.422882461502,1528.77604249282,1446.03380254405,932.988862527308,1332.84963139133,1530.67577464988,844.816242682395,1061.35568095714,758.573721994112,1318.21536309512,945.503079159449,1369.25135928361,1162.91605200032,1915.90264113289,919.209912533584,1768.51931360672,1187.78175529009,1075.19231726236,690.71339613475,1214.21139016236,505.290952818275,1026.60706280446,1629.9912766331,887.94074807951,1e+09,904.186099318055,1227.7702886941,847.19392697304,1323.92120921148,976.963695691913,772.750418246409,1155.12298280313,1574.68372281547,1299.92468116426,742.728422439858,857.093212317073,882.745551957075,903.265258769538,1258.54326941905,893.10419660866,1026.31319829767,1081.30959595298
1690.5985881338,2301.91578557948,2216.58276971558,1765.83288628907,2127.74187934063,1795.144105274,674.903385381938,1888.49703788489,1454.99968731955,1857.49270238136,1324.90249675212,1234.28685134372,717.11964092472,1152.8195470671,2059.44275111011,1437.00286471531,1615.51666345476,1854.53714087909,888.349759216492,763.022940480822,1077.58636104026,1967.49977003811,1425.96931064452,1885.72301033317,1062.9005914948,2206.63084173588,945.572501239329,1972.80058054533,1361.3450443587,1406.99541417163,1300.62316041196,1399.19251341622,631.130933325249,892.916738447656,1883.9519152834,976.984057648844,904.186099318055,1e+09,952.257746411128,1187.17696949528,1495.61644307623,1172.97571343144,1038.19655533044,1631.9773339725,2234.38823669925,1547.47341408504,1016.3748866929,833.798105059013,760.618125014123,1235.76153941608,1302.89755468341,587.411503802913,896.197044181691,1015.80521966566
1839.36564951072,1921.37644107031,1847.5258408477,1660.31015195957,1930.60554901823,1121.50959830935,1110.4344072479,1692.53066184929,1195.74030930633,1676.52199299622,1285.48051120972,1157.7386858009,1149.87936088965,646.604154719099,1969.60522752657,1400.29848446679,1837.18828232166,1434.25425169319,831.935256555461,1122.67209838848,837.659462490576,1895.92361710592,1371.99826461261,1926.1325895431,831.415530646379,2041.80889450996,896.318626772868,1841.4795593218,1272.57339018227,1361.74620568592,1122.53876681387,1461.97136456225,1134.83558659393,1062.62061122491,1691.90329448819,856.873518379463,1227.7702886941,952.257746411128,1e+09,1218.89328314664,1533.37748568316,1057.11386742394,1011.0713086128,1363.11853299704,1898.04911092943,1127.88427300854,711.823482824218,999.689593223817,613.259598620356,1078.65655289346,1271.14185770118,635.574718817544,815.127590994195,1464.44956304408
1994.97868732977,2113.24628441647,1848.31579652937,1757.47408390565,1912.30469251111,1347.35795444269,1023.49638059937,1489.06515136175,1032.54018991999,1401.88539035828,1126.744455145,1160.45995945573,576.172548027064,1299.34606083214,1610.39935587419,1413.71135961341,1950.00903623547,1961.80790716115,1151.30671543251,1371.00050255279,562.160862387271,1461.10998100759,1446.17820319627,1870.57148770102,1480.68653161295,2376.46436417633,649.307963296308,1442.57859671492,1100.43776411935,1667.58149108222,1157.45218290001,1534.71596104947,847.128070896013,1070.32034975516,1198.42629752522,1135.94917271857,847.19392697304,1187.17696949528,1218.89328314664,1e+09,997.036508308497,780.268247976297,937.493460350524,1171.66231137645,1434.05285390741,1118.17288520157,924.214445028858,1113.16193309868,1068.98725464806,631.787506998991,864.696308364966,1014.9955489065,979.23677560639,840.869217536235
2619.45546837506,2709.23204268295,2329.97042976944,2389.80746607337,2658.5141192591,1708.13121530519,1040.85038396496,2196.8304298466,1557.66026985989,1904.34790855033,1656.79454565133,1727.06207942853,1162.16234829735,1242.0277637396,2387.99467576877,2112.69699952454,2588.53680489577,2437.43796169256,1552.46967554925,1434.14181547712,1233.33218627424,2023.86210980393,2117.1553526135,2590.93391754788,2023.15035447196,3055.37410427921,1093.57969426101,552.174446710458,538.149328160874,2141.93896969545,1620.24001333136,1224.72620295313,1041.0619180433,803.398185335267,578.766568056587,1169.90537510518,1323.92120921148,1495.61644307623,1533.37748568316,997.036508308497,1e+09,693.31621335434,1142.74452311092,1439.28383559324,1918.48125085965,1303.85311492514,1542.90263895685,1172.0129727951,1165.61176688467,633.934666113157,695.234124306338,1370.54400680898,1464.84081599333,960.776888720789
2130.57992994865,2051.61866778405,1757.29325830949,1774.71192766601,2040.48707141212,1254.75373647581,687.098669697446,1649.06099420246,983.672699123037,1346.57101673102,1051.77902308422,1096.7131044626,867.224137752173,970.185052142116,2096.0841468319,1585.63436053209,2207.970715929,1897.46509854595,913.463669775651,959.943746164326,698.501089047111,1500.87967232553,1579.69977229852,2063.69680549251,1592.6864202033,2592.16899622691,537.429537893108,1075.28447319767,428.339800508895,1549.30295429913,1143.0973471669,870.119003642605,829.985041612197,526.900537767803,1033.69753109892,588.793213276104,976.963695691913,1172.97571343144,1057.11386742394,780.268247976297,693.31621335434,1e+09,499.35238018858,841.298442111954,1483.30985886294,677.801591323007,1026.02142940584,631.559519839579,654.403173128004,363.976152790262,417.655944408792,822.544751913232,853.746427166755,1125.08539613667
1730.66097584131,1691.81853849637,1454.94156697099,1338.4882033847,1665.84968907762,1366.37554903475,592.898284109509,1332.75394180621,714.937150524436,1036.52696149208,633.854094567512,664.185324213054,806.964682312677,1174.09425763011,1955.94282902134,1225.66550848916,1901.21448190361,1588.84140844831,492.155134281865,694.151242165567,629.332993732253,1197.99132192182,1209.16400641104,1665.2407145515,1398.86124883778,2286.31451685896,533.551695527247,1534.06719099914,793.619154191732,1096.95039477635,886.718317110908,749.427445921218,796.353131782628,675.284014544991,1495.75518404584,358.953650211277,772.750418246409,1038.19655533044,1011.0713086128,937.493460350524,1142.74452311092,499.35238018858,1e+09,634.323442023074,1385.58815295166,644.81661594596,831.827593435082,361.555149181975,550.80870545045,713.081647919788,781.792644823421,616.786141138077,624.427422283807,1337.59865826787
1866.41990934516,1341.82262385906,1000.89671704927,1223.22438272788,1419.56513950576,1321.06522083507,1214.82709831482,1065.1973762172,529.70136482739,613.706938693054,620.465512095556,730.975210660389,1272.87290920971,1559.17980409573,1926.97753269207,1277.24172825664,2132.20688248115,1551.14665854006,890.600308162983,1271.97615807058,828.058888062921,824.267586830879,1266.67107210199,1624.38994502552,1713.7737699008,2332.30508302409,922.233040885003,1697.22399794488,1103.4885271719,1196.32846104237,976.643334385691,1069.57759232325,1349.237075758,1234.52122290384,1635.45780743497,858.02391907219,1155.12298280313,1631.9773339725,1363.11853299704,1171.66231137645,1439.28383559324,841.298442111954,634.323442023074,1e+09,847.422309300386,455.080995757898,1058.05809911365,972.51782862835,1081.60525373169,966.679242199811,1080.38277115104,1147.87694427582,996.739175712483,1811.68097558593
