1e+09,8326.62096452697,9747.27553246547,10579.7950810779,12301.6599246646,12240.4764771107,18393.1913705262,8895.35338341878,8927.86520294746,7512.3759947902,12648.3421848359,13389.4621113957,12423.8140665297,12518.3089063859,11157.6364002507,7444.62214149247,8314.14265981767,13260.957242047,12506.9646450208,11983.2525689606,12995.8602388145,12436.9058167576,9119.42924538044,6831.35484871779,5541.82320982003,6123.19740775193,10103.5618647435,13753.8976029524,10243.5574775514,8427.51939068075,12439.6087801185,16955.1539365616,17688.3951554317,12678.9288119502,15647.2633078727,11939.0898289149,14544.6204297225,14209.7912543922,13310.4607282731,14505.502284778,14612.0114636658,12935.8592724063,13372.3800808869,12704.7396144667,12094.8983162323,12452.6366480035,13500.9797743386,11853.915280303,13071.8766767592,12849.8917499176,13373.6026773005,11908.1092232982,14108.048488168,16277.6081981383
8326.62096452697,1e+09,1610.82213204935,3145.83867079989,4864.55188972222,15513.4822416761,23420.594589363,12829.6079608693,12208.9011174593,8994.38232214975,16638.2881809518,17672.2545784798,16376.5370937876,16928.9800456259,15683.6906708689,11447.7305211339,11371.3448508829,18103.0096914602,16604.9109079543,16258.5502334556,17700.6367084662,16874.1742798633,13386.5085657912,10137.9438674812,7007.67861924332,7481.35024520307,13586.7670201855,17857.1040345628,13575.7573021913,12235.2489352199,16266.6552278057,21142.9642787382,22412.550433612,16643.9536245389,19655.4998635496,15826.9516906826,18823.5126734412,18674.0494328333,17594.0161506008,18761.6925982066,18973.2854455205,17190.6209699883,18132.5554083643,16968.3612164021,16118.1145893278,16425.3492290027,18137.8770600972,16000.9980984281,17399.7911374045,17384.3387664616,17490.3266209239,15774.7277973948,18460.0741335619,20511.9229335965
9747.27553246547,1610.82213204935,1e+09,1861.58075306982,3521.92879015178,16935.9798143922,24899.8944664631,14289.072667962,13663.2581707,10420.7581873825,18079.9465863785,19128.7791737973,17828.1128818476,18404.5651405704,17147.5047211949,12913.8100205091,12781.6503045734,19563.0527301901,18064.679039291,17728.4537207028,19192.8099498432,18334.5671922328,14867.2252413791,11605.3667030603,8482.10622452348,8907.77975411943,15045.2854538789,19313.3290485172,15019.8572468283,13703.4334372485,17692.5360985473,22562.8823943019,23869.6077887447,18091.9049712047,21086.944384806,17262.0142588141,20264.26078237,20126.1411941137,19044.5028072329,20217.7249533052,20428.7359180029,18658.9837653153,19613.519229121,18430.5669301408,17578.0855328275,17873.9067457285,19614.5166459513,17458.6174282444,18863.2205096532,18860.1439557656,18946.8393164058,17220.3460735143,19917.5447740001,21953.0240368041
10579.7950810779,3145.83867079989,1861.58075306982,1e+09,1954.70817103219,18636.4626480859,26526.4530132621,15899.2668413075,15316.4046602393,12113.1711348226,19748.6376386651,20781.9788980188,19494.1708333979,20039.6090890142,18753.8661843792,14487.2901744598,14418.881333349,21171.3699901542,19721.2408488716,19369.7824423895,20803.1655557994,19969.8109426179,16460.0087830141,13195.4130910214,10060.8136303532,10496.3413506945,16699.6038798679,20981.012197487,16701.9824162672,15321.413386,19372.7864662005,24256.0229930815,25517.3086021645,19760.922576684,22777.9886347215,18937.0144211938,21926.201856343,21772.3190035329,20695.4537077808,21880.2092940424,22087.6690627078,20308.5505810164,21230.3565391611,20081.7805065736,19234.5945048343,19539.0034133371,21235.4796576885,19107.8367386892,20510.9489926624,20488.1231607827,20607.0643348222,18887.6714281512,21572.8521937063,23630.0563664224
12301.6599246646,4864.55188972222,3521.92879015178,1954.70817103219,1e+09,20313.6943575559,28263.4388116821,17684.3346072393,17052.7675306884,13814.7208192131,21478.2112999011,22512.945405002,21209.2020735765,21773.8553076758,20524.6964438235,16291.3680335047,16193.6002199974,22952.3667204212,21439.3586455729,21104.6951379592,22539.4540192415,21728.8075904178,18233.7161113471,14979.5876329223,11846.20978575,12263.9930382237,18414.6778352813,22684.3155810309,18409.4309425685,17082.7592556999,21100.6814975512,25974.9068737503,27254.8548882286,21480.1594682581,24474.8063061386,20673.7540353367,23663.3389200003,23521.569935387,22439.2367826003,23593.1578789233,23815.037269742,22028.2141963937,22983.2623011182,21814.3314341902,20955.1595635991,21264.2121460566,22979.6120586619,20850.4895269895,22242.6505120658,22232.3646505967,22322.2427885193,20613.3165829543,23301.5983424056,25336.8123391914
12240.4764771107,15513.4822416761,16935.9798143922,18636.4626480859,20313.6943575559,1e+09,8326.51526759544,3622.5610127091,3551.87040277373,6539.66732748693,1824.76301770942,2758.03837859447,1590.6786771061,2406.09289571288,3118.90084204356,5258.25667879574,4986.50416300839,4180.29102689035,1869.91332283077,2005.70766952714,3235.25489590851,2641.78108812975,3438.76915258934,6067.26413883556,8885.65262849049,8590.34418539793,2187.08048192105,2638.81434276836,2166.00889010179,4175.26467410151,1925.18700642301,5780.14791971624,7182.93563049259,1611.31493960678,4197.39039594842,1700.23935562026,3702.62409466584,3756.80672812696,2719.15599486311,3520.02273680157,3785.50816741953,2290.85476488581,3638.15546196146,2245.30655027326,1460.35867159407,1519.89233391711,3477.01341513086,1776.54075739905,2593.84408195635,2824.97147410377,2329.89354005714,1311.95986299124,3385.97653243492,5121.24460876455
18393.1913705262,23420.594589363,24899.8944664631,26526.4530132621,28263.4388116821,8326.51526759544,1e+09,10699.8606925277,11263.160061528,14545.7088512145,6920.95845162359,5830.95007978117,7164.32939472356,6507.87089417883,7962.79924836737,12192.6007793251,12346.8124505639,5615.74231098614,6895.8886272764,7176.4469815571,5743.32229835659,6622.55624659391,10115.4430392099,13411.8237021779,16513.3012765982,16217.2624296057,9956.37808518238,5800.29346417059,9961.21364844164,11265.6949428209,7397.91993133205,3156.0325301397,1422.59445152159,6919.63407076559,4366.96372724803,7733.76416744783,4838.14586753025,4881.74020437385,5944.29057150641,4834.94610878963,4613.26869205556,6297.28242529268,5316.74766962849,6496.57440005115,7380.83618205959,7140.99335314073,5330.917583259,7471.7979475224,6064.85371051932,6064.39289721568,6131.95764488797,7757.88372439288,5056.87752741749,3429.10816797896
8895.35338341878,12829.6079608693,14289.072667962,15899.2668413075,17684.3346072393,3622.5610127091,10699.8606925277,1e+09,1237.40468711736,4179.95288157654,4060.71768171588,5026.81155409669,3885.51371285703,4299.73634914979,3089.57748103199,1808.09390140557,2098.14721835719,5383.21741432575,4088.67448238424,3648.06950641021,5058.2354423356,4125.98515947404,919.849771973663,2867.08041432395,5906.01306266757,5691.33382914761,1745.52301405625,5429.226995365,1913.61688626538,1271.08376970206,3822.06237464801,8563.29088593865,9676.75868986098,4143.95981558702,7195.02685938003,3308.4192912326,6140.96065139649,5924.4739591714,4888.47087120298,6172.55665470962,6338.00314491875,4643.13598702429,5414.86630865435,4352.03428854829,3615.3409731172,3910.91235901548,5428.91568521744,3353.68629068075,4764.81510771404,4696.29451189978,4984.67498412886,3262.52631408545,5800.75580104869,7929.70951474264
8927.86520294746,12208.9011174593,13663.2581707,15316.4046602393,17052.7675306884,3551.87040277373,11263.160061528,1237.40468711736,1e+09,3310.58179033535,4448.41982532,5479.36267272938,4219.21376700683,4779.31702414686,3863.0638591926,2111.83509990719,1914.19892983984,6105.88875666762,4426.38567269053,4097.56550735922,5593.04653547599,4750.96304196318,1703.92020573148,2592.0555577572,5414.19435928375,5162.26023349269,1530.54408427199,5720.35195486257,1569.92735331925,1312.00888964214,4168.98124078293,8970.18511919905,10210.3827383257,4457.02455717938,7507.88556194752,3698.6093053606,6623.45047189907,6490.82548893436,5390.13103919562,6586.01003721525,6793.57884033887,5023.91970953955,6019.02953392821,4790.89477705366,3931.20777321678,4244.10673331857,5977.03366412638,3813.93034047556,5211.70611358699,5235.13357707327,5338.13787050316,3588.02337963397,6277.91234977839,8336.63434130945
7512.3759947902,8994.38232214975,10420.7581873825,12113.1711348226,13814.7208192131,6539.66732748693,14545.7088512145,4179.95288157654,3310.58179033535,1e+09,7689.39005538151,8745.52167745298,7438.83923622497,8060.05480841167,7026.8260875946,3401.99984075543,2975.51097294229,9367.13845894785,7671.94643696761,7378.78909283901,8879.66547326531,8036.4151625336,4763.54637485561,2241.75520452167,2665.48042206279,2536.12094344887,4669.5914248465,8916.35487246891,4634.50713722614,3677.47459779126,7339.80948309287,12162.5507050618,13481.1206535807,7686.62156177862,10672.5262329685,6911.9624369205,9875.80870585291,9770.78193377071,8668.88161260725,9818.42510345728,10043.7405913434,8277.15608322085,9316.02253228276,8061.50954724362,7182.99197449781,7479.75491579102,9273.83800028877,7100.04759588976,8486.69400604853,8528.24486723382,8557.5829610352,6827.20514000422,9537.52588228205,11542.3649012063
12648.3421848359,16638.2881809518,18079.9465863785,19748.6376386651,21478.2112999011,1824.76301770942,6920.95845162359,4060.71768171588,4448.41982532,7689.39005538151,1e+09,1117.95537093392,539.70276356528,1067.45692934188,2089.53375787519,5675.38466882202,5588.63941526916,2366.50511423491,556.199748741403,894.976711428851,1806.91433086906,1097.5211337373,3608.06515390174,6740.90561467819,9784.2698826637,9460.16429205117,3216.70396716888,1701.55533027874,3162.25319922362,4631.75491100296,796.015567749777,4560.24214045702,5807.77168764407,591.727646641595,3192.2012989785,983.913179909691,2207.30089253821,2138.692036152,1073.30399626574,2219.46573571209,2489.15159160707,1073.60417016701,2062.48280288588,793.641291831518,822.153027787407,786.886962593739,1878.11489025565,902.499592520684,996.435450041798,1377.2801711707,1388.44267523006,887.454401589175,1910.02012026052,3923.63330200466
13389.4621113957,17672.2545784798,19128.7791737973,20781.9788980188,22512.945405002,2758.03837859447,5830.95007978117,5026.81155409669,5479.36267272938,8745.52167745298,1117.95537093392,1e+09,1410.26252860948,1068.35871232466,2645.32510605029,6612.21322749804,6604.88145455314,1746.38082035391,1118.74730082356,1509.57247245702,1112.2094564874,1256.63523315241,4491.39622324729,7723.57420895274,10793.7550518714,10468.9348660788,4221.36760325371,1220.86624238694,4205.22389094802,5588.3230269733,1694.18876761121,3642.66991438972,4749.70596590989,1246.58702544187,2375.98782172805,2006.17854534436,1253.92625301491,1156.9164495762,443.567347535862,1267.80455047298,1562.61155960143,894.047662487856,1231.28994083441,896.465739055319,1648.93444408806,1514.46824222233,893.770961600342,1756.66511256415,409.476857832039,955.81147236262,1153.38291525408,1951.49963164229,924.027980095841,2967.20993011954
12423.8140665297,16376.5370937876,17828.1128818476,19494.1708333979,21209.2020735765,1590.6786771061,7164.32939472356,3885.51371285703,4219.21376700683,7438.83923622497,539.70276356528,1410.26252860948,1e+09,1110.16584013381,2013.58739216851,5468.36494567618,5411.35839329646,2678.01491274787,599.796123612015,812.649368670154,1913.56541249574,1250.03926546329,3428.00734325351,6512.9787468101,9539.00636256209,9241.2782203654,2959.58792824271,1856.80335140801,2900.46947389556,4410.87949935158,924.573204186667,4874.76959857592,6086.8586765753,719.825239068484,3434.54691582456,923.729957833998,2547.31767857878,2442.6488450246,1446.20180908475,2404.71378517278,2729.06326504169,1166.52052292276,2265.37222822211,956.194671445099,676.910818424407,848.343913457272,2134.21612115549,874.135724072641,1255.17182596647,1540.26097395863,1510.5193743875,695.199869605857,2131.38057108532,4155.81583559715
12518.3089063859,16928.9800456259,18404.5651405704,20039.6090890142,21773.8553076758,2406.09289571288,6507.87089417883,4299.73634914979,4779.31702414686,8060.05480841167,1067.45692934188,1068.35871232466,1110.16584013381,1e+09,2205.319828755,5874.15776719523,6045.57836309315,2139.99372207023,881.783951033358,721.044152462247,967.479693378626,794.577469224996,3774.11455099074,7016.22449702117,10066.6746196944,9822.95499847169,3498.59474949586,1431.09025683218,3514.24160876853,4892.12432777418,1716.22817710816,4520.88567670097,5530.93003369235,954.881359646317,3154.57947707773,1575.57241940826,2216.15351386135,1958.62547070643,1082.44513560734,2027.1463700483,2147.42520055996,549.194613411312,1328.29038188191,386.078253855355,1043.01225769403,1023.78967678913,1416.79840654908,1060.08462497104,714.845521703815,532.428464960317,1107.92145217971,1479.56104757458,1652.55182496647,3815.70125198501
11157.6364002507,15683.6906708689,17147.5047211949,18753.8661843792,20524.6964438235,3118.90084204356,7962.79924836737,3089.57748103199,3863.0638591926,7026.8260875946,2089.53375787519,2645.32510605029,2013.58739216851,2205.319828755,1e+09,4334.72690387757,4529.71017719677,2553.76494043598,2150.92176231494,1766.70451323927,2728.84706995464,1769.73882974297,2475.16548806337,5563.92620773317,8694.72491996728,8407.09184102921,3165.79087693739,3532.82106644251,3092.18902366916,3501.29932809236,1866.01436516443,6091.02771831651,7011.54744103611,2480.94907821583,4971.88401450597,1703.04047277215,3680.58574231059,3339.77206353967,2606.66606397904,3764.3104283122,4013.51584719682,2665.65481915795,2931.01905259928,2279.84973991709,2151.64992947273,2446.72547785811,2961.36566419954,1772.64478804977,2495.47080812419,2492.58031706102,3161.96338098657,1888.51107780706,3328.34974410743,5426.72440922699
7444.62214149247,11447.7305211339,12913.8100205091,14487.2901744598,16291.3680335047,5258.25667879574,12192.6007793251,1808.09390140557,2111.83509990719,3401.99984075543,5675.38466882202,6612.21322749804,5468.36494567618,5874.15776719523,4334.72690387757,1e+09,1576.41694427585,6754.43651027975,5688.13323106975,5221.93053777049,6597.63887926582,5655.37644808018,2246.84228985926,1435.86660372752,4464.96942895469,4366.74350864577,3325.13889296372,7078.29849331744,3294.03951000895,1344.78901664908,5334.41822123088,10166.4842929353,11233.7799767799,5806.34505325855,8843.94791918745,4848.62522353502,7746.64317822242,7483.85331901956,6512.06900543138,7765.17744418632,7948.42992716801,6260.65384536631,6925.45635060246,5945.94626807206,5267.28763258662,5595.75473715566,6994.68257689368,4986.63553597012,6353.89826917303,6276.83815373632,6654.65281027493,4895.54498872189,7371.87288553594,9528.82015755886
8314.14265981767,11371.3448508829,12781.6503045734,14418.881333349,16193.6002199974,4986.50416300839,12346.8124505639,2098.14721835719,1914.19892983984,2975.51097294229,5588.63941526916,6604.88145455314,5411.35839329646,6045.57836309315,4529.71017719677,1576.41694427585,1e+09,6902.85379022329,5645.95386118236,5345.89750493778,6812.67781423722,5837.69039400858,2549.38045467914,1618.23519603919,4463.11110104824,4020.41672192075,3253.29645263078,7102.96392369411,3187.24401630939,1607.82071292169,5128.74391429325,10062.9171112208,11275.1283300857,5766.28613611049,8745.40454982501,4811.42717919538,7682.32731304128,7527.97543128297,6508.73819395895,7769.49330590483,8030.10680331837,6347.55933617796,7173.53422662079,6040.04659324744,5270.45058557615,5594.98683953769,7094.90717283179,5066.90497759727,6399.25998690474,6473.09629222368,6706.33490554267,4813.77072333114,7425.53972678754,9463.27576919853
13260.957242047,18103.0096914602,19563.0527301901,21171.3699901542,22952.3667204212,4180.29102689035,5615.74231098614,5383.21741432575,6105.88875666762,9367.13845894785,2366.50511423491,1746.38082035391,2678.01491274787,2139.99372207023,2553.76494043598,6754.43651027975,6902.85379022329,1e+09,2419.26651218918,2444.92914091595,1824.30321635412,1821.6956780703,4760.16073040607,7990.18588382648,11120.6850315032,10787.7373633816,5115.6240618814,2776.10850369722,5073.77370848366,5886.64034636906,2583.34430651433,4030.69757777733,4702.3076878805,2692.43109336154,3422.43651036802,2862.1599112733,2009.86858463433,1606.08563650884,1754.46025959553,2398.89597271328,2470.25884321866,2353.24842481622,1501.87986067462,2145.44056170289,2874.37862363329,2847.23899383245,1477.02598944636,2678.31556467867,1837.43955650247,1882.88206539868,2707.24603841247,3026.95924875113,1959.02252490879,3565.90100262192
12506.9646450208,16604.9109079543,18064.679039291,19721.2408488716,21439.3586455729,1869.91332283077,6895.8886272764,4088.67448238424,4426.38567269053,7671.94643696761,556.199748741403,1118.74730082356,599.796123612015,881.783951033358,2150.92176231494,5688.13323106975,5645.95386118236,2419.26651218918,1e+09,712.577683835244,1574.57351546379,1247.50539089016,3555.68404508893,6728.27507879249,9761.97854766645,9439.79584446083,3170.23263217386,1593.69851863519,3136.84453036806,4598.71350137188,1074.56316212682,4655.50183315397,5834.83709317578,616.301119177955,3243.94307910913,1213.25504437443,2325.75377796103,2255.22470188671,1204.36021119099,2234.29031361191,2524.47730267079,869.604569962693,1989.46850226386,716.428866113029,664.548155817169,844.487837212591,1766.90595321313,935.91989924352,881.778181744139,1277.73964147631,1367.31954564396,989.923918187655,1956.63677454452,3979.489885714
11983.2525689606,16258.5502334556,17728.4537207028,19369.7824423895,21104.6951379592,2005.70766952714,7176.4469815571,3648.06950641021,4097.56550735922,7378.78909283901,894.976711428851,1509.57247245702,812.649368670154,721.044152462247,1766.70451323927,5221.93053777049,5345.89750493778,2444.92914091595,712.577683835244,1e+09,1605.96491571267,952.553837428625,3119.83452766329,6336.38970602345,9388.56608443483,9128.26076527177,2875.08026322745,1934.76981282012,2848.29058896736,4201.58187515131,1311.08974837728,5083.97823752227,6175.76787500955,898.330120390049,3702.61506338426,1007.46156859704,2729.83409041649,2518.59073028946,1499.90232168632,2618.90086238483,2796.19061281594,1063.858072207,1981.32825276379,755.428156941479,599.349971635938,868.903197312566,1991.78589155562,478.28852056055,1183.2157300763,1209.94580312508,1593.7943226778,897.802603192929,2254.32685819958,4409.16636565236
12995.8602388145,17700.6367084662,19192.8099498432,20803.1655557994,22539.4540192415,3235.25489590851,5743.32229835659,5058.2354423356,5593.04653547599,8879.66547326531,1806.91433086906,1112.2094564874,1913.56541249574,967.479693378626,2728.84706995464,6597.63887926582,6812.67781423722,1824.30321635412,1574.57351546379,1605.96491571267,1e+09,1390.26260537353,4460.62527508196,7758.15327669543,10821.6985519973,10563.1148314832,4323.31179841334,1530.38970876702,4402.96536596644,5645.66130811086,2434.67065029338,4080.24940814897,4836.84816060004,1743.48541694503,2870.14593773557,2481.7461174544,1896.82959595742,1571.87775981468,1209.6140658491,1695.46997446136,1775.45383063035,1050.54967321874,735.139167709081,1183.95884447053,1910.3311826487,1873.34304562726,756.911296057867,1963.91020100207,942.49854673628,650.925740004188,1418.81095284044,2363.68266419162,1358.61649478431,3333.93354872289
12436.9058167576,16874.1742798633,18334.5671922328,19969.8109426179,21728.8075904178,2641.78108812975,6622.55624659391,4125.98515947404,4750.96304196318,8036.4151625336,1097.5211337373,1256.63523315241,1250.03926546329,794.577469224996,1769.73882974297,5655.37644808018,5837.69039400858,1821.6956780703,1247.50539089016,952.553837428625,1390.26260537353,1e+09,3645.72468107508,6868.77513469469,9958.76190576921,9715.57067615691,3585.14626722537,1962.0367459352,3570.92124262073,4762.29633672664,1572.65067535674,4623.66726793787,5621.28164003548,1295.4655509121,3410.04148191778,1404.69211281334,2255.9545061459,1896.22493067146,1122.52430539387,2254.15066328762,2353.09829735181,1202.3125620237,1443.08077452373,819.3815664878,1366.53036318261,1307.36068034036,1624.0302573536,1084.7115426232,1074.40640015778,894.7734631179,1566.49735671657,1512.6308314655,1786.03707257156,3967.73891414241
9119.42924538044,13386.5085657912,14867.2252413791,16460.0087830141,18233.7161113471,3438.76915258934,10115.4430392099,919.849771973663,1703.92020573148,4763.54637485561,3608.06515390174,4491.39622324729,3428.00734325351,3774.11455099074,2475.16548806337,2246.84228985926,2549.38045467914,4760.16073040607,3555.68404508893,3119.83452766329,4460.62527508196,3645.72468107508,1e+09,3333.95606713706,6429.25616994688,6160.4471409306,1820.63708300144,4978.50766173961,1935.81682904143,1377.90099412113,3359.90691914226,8090.52850323142,9135.00242323996,3726.44885533131,6753.97194142824,2919.42194771499,5646.97648156959,5416.21763372744,4400.70609248107,5675.09962696691,5871.2928529243,4145.69553177751,4853.25647372978,3856.43242270625,3166.59580254569,3536.46544095938,4837.48910376034,2912.65895725881,4221.28099795548,4176.14126445694,4578.10029549376,2864.95668701989,5297.01901708876,7440.58573768222
6831.35484871779,10137.9438674812,11605.3667030603,13195.4130910214,14979.5876329223,6067.26413883556,13411.8237021779,2867.08041432395,2592.0555577572,2241.75520452167,6740.90561467819,7723.57420895274,6512.9787468101,7016.22449702117,5563.92620773317,1435.86660372752,1618.23519603919,7990.18588382648,6728.27507879249,6336.38970602345,7758.15327669543,6868.77513469469,3333.95606713706,1e+09,3136.19837414664,2964.99507473453,4063.40829240676,8129.60224713362,4036.75397025878,2200.27847601162,6360.1592530612,11279.6002703997,12419.7449715765,6845.58854112632,9903.8973318992,5930.4720342482,8871.80081502059,8665.04042423923,7641.20362564694,8877.82756486067,9099.05572502993,7351.26915879156,8143.4719077062,7068.04309120283,6300.03969123211,6644.63086159796,8147.70493353803,6095.43275905001,7467.66492398394,7449.82837568088,7731.65342666108,5922.08526911763,8521.38362856643,10638.9800430116
5541.82320982003,7007.67861924332,8482.10622452348,10060.8136303532,11846.20978575,8885.65262849049,16513.3012765982,5906.01306266757,5414.19435928375,2665.48042206279,9784.2698826637,10793.7550518714,9539.00636256209,10066.6746196944,8694.72491996728,4464.96942895469,4463.11110104824,11120.6850315032,9761.97854766645,9388.56608443483,10821.6985519973,9958.76190576921,6429.25616994688,3136.19837414664,1e+09,1172.66920979448,6876.73691283882,11105.9520478435,6860.13145323032,5278.85180521295,9402.59243616887,14325.6298401432,15516.4107183717,9844.8591533348,12900.8829335127,8967.78386461226,11946.0850136603,11761.8632312785,10712.5421346756,11924.6047008108,12142.8623579451,10371.7107335193,11228.432206074,10114.4967600123,9304.04854174246,9633.78059858641,11234.1866311451,9138.93766016051,10529.7792109379,10510.9881854895,10718.425177385,8939.4323528902,11589.8234241252,13686.9586275476
6123.19740775193,7481.35024520307,8907.77975411943,10496.3413506945,12263.9930382237,8590.34418539793,16217.2624296057,5691.33382914761,5162.26023349269,2536.12094344887,9460.16429205117,10468.9348660788,9241.2782203654,9822.95499847169,8407.09184102921,4366.74350864577,4020.41672192075,10787.7373633816,9439.79584446083,9128.26076527177,10563.1148314832,9715.57067615691,6160.4471409306,2964.99507473453,1172.66920979448,1e+09,6647.61072483941,10837.7278478009,6639.09261575707,5034.28337430463,9034.43114219706,13967.6641542743,15181.5530008626,9553.83938212277,12577.4461532697,8685.88484680749,11594.7045376586,11449.964769793,10391.784226609,11626.3910584239,11878.8450411562,10108.9921860886,10987.0559173602,9850.14784743356,9022.80977298646,9365.13765273634,10917.2398650941,8876.2477090773,10225.9235840045,10267.5217947224,10467.9901371753,8639.40256989452,11303.5567658503,13352.9758591334
10103.5618647435,13586.7670201855,15045.2854538789,16699.6038798679,18414.6778352813,2187.08048192105,9956.37808518238,1745.52301405625,1530.54408427199,4669.5914248465,3216.70396716888,4221.36760325371,2959.58792824271,3498.59474949586,3165.79087693739,3325.13889296372,3253.29645263078,5115.6240618814,3170.23263217386,2875.08026322745,4323.31179841334,3585.14626722537,1820.63708300144,4063.40829240676,6876.73691283882,6647.61072483941,1e+09,4323.40017551001,847.381790930157,2378.59609097467,3129.58393651616,7659.30435413034,8892.12516588695,3115.95854808757,6127.96119210949,2610.60286163943,5346.94530499425,5239.95998678425,4124.00254422812,5241.23927540043,5435.1047841969,3678.4857919258,4783.86211534154,3511.29200256829,2602.68316740628,2881.8713268118,4727.90109907134,2579.32920002469,3946.23483478873,3951.57596914193,3922.67172044769,2347.54183521828,4973.11862466602,6986.19198835818
13753.8976029524,17857.1040345628,19313.3290485172,20981.012197487,22684.3155810309,2638.81434276836,5800.29346417059,5429.226995365,5720.35195486257,8916.35487246891,1701.55533027874,1220.86624238694,1856.80335140801,1431.09025683218,3532.82106644251,7078.29849331744,7102.96392369411,2776.10850369722,1593.69851863519,1934.76981282012,1530.38970876702,1962.0367459352,4978.50766173961,8129.60224713362,11105.9520478435,10837.7278478009,4323.40017551001,1e+09,4318.74906647747,6024.25381301286,2388.01585051272,3526.34552459058,4748.61309293566,1355.07607011562,1969.21612638126,2469.81859536283,1712.03827831039,1797.909632184,1322.10741863133,1314.19661557927,1344.40441222126,911.25827809683,1686.05796857641,1274.44245468362,1850.8424438347,1557.69312147804,1593.16622911735,2134.36519393941,1154.39135881208,1341.72834713291,638.775814038071,2323.55243777712,1279.75539404997,2877.75466449105
10243.5574775514,13575.7573021913,15019.8572468283,16701.9824162672,18409.4309425685,2166.00889010179,9961.21364844164,1913.61688626538,1569.92735331925,4634.50713722614,3162.25319922362,4205.22389094802,2900.46947389556,3514.24160876853,3092.18902366916,3294.03951000895,3187.24401630939,5073.77370848366,3136.84453036806,2848.29058896736,4402.96536596644,3570.92124262073,1935.81682904143,4036.75397025878,6860.13145323032,6639.09261575707,847.381790930157,4318.74906647747,1e+09,2200.1037051921,2939.96475504384,7601.79480017713,8910.98551305073,3105.13056843026,6102.9279274132,2403.0291710256,5354.73907724737,5250.78230509512,4155.56674580014,5236.63533528926,5439.75683894051,3690.49407410444,4807.72273399788,3479.18245978851,2621.76883853249,2909.61618058121,4798.3869435676,2578.20194998375,3933.09674054682,4001.58278853506,3980.14134321886,2303.54749751335,4957.23021569505,6975.23170231642
8427.51939068075,12235.2489352199,13703.4334372485,15321.413386,17082.7592556999,4175.26467410151,11265.6949428209,1271.08376970206,1312.00888964214,3677.47459779126,4631.75491100296,5588.3230269733,4410.87949935158,4892.12432777418,3501.29932809236,1344.78901664908,1607.82071292169,5886.64034636906,4598.71350137188,4201.58187515131,5645.66130811086,4762.29633672664,1377.90099412113,2200.27847601162,5278.85180521295,5034.28337430463,2378.59609097467,6024.25381301286,2200.1037051921,1e+09,4248.7312746866,9146.70442886398,10287.0388213421,4754.98103931025,7794.38847143251,3813.58045521528,6760.93562504481,6551.71416962767,5535.6216209564,6755.46950181851,6978.3978684509,5232.37520724575,6019.20154294571,4934.31868467167,4210.03856097542,4579.43406847396,6030.29055795822,3993.81338391017,5326.32012983636,5337.53865956023,5660.19755556288,3842.68435790659,6391.28477138987,8518.12187567189
12439.6087801185,16266.6552278057,17692.5360985473,19372.7864662005,21100.6814975512,1925.18700642301,7397.91993133205,3822.06237464801,4168.98124078293,7339.80948309287,796.015567749777,1694.18876761121,924.573204186667,1716.22817710816,1866.01436516443,5334.41822123088,5128.74391429325,2583.34430651433,1074.56316212682,1311.08974837728,2434.67065029338,1572.65067535674,3359.90691914226,6360.1592530612,9402.59243616887,9034.43114219706,3129.58393651616,2388.01585051272,2939.96475504384,4248.7312746866,1e+09,4977.78735842543,6280.2037016565,1284.94470927741,3715.2238130293,829.323802082154,2698.6884908229,2650.74641491788,1713.59747079062,2790.94404112659,3120.30658078657,1797.92348560777,2653.65456928742,1474.44901587,1284.12709635768,1424.06479677015,2455.22523697929,1253.69788753112,1632.59291949953,2061.23776416017,2155.61907059202,982.205896948293,2486.96248067799,4399.39531368801
16955.1539365616,21142.9642787382,22562.8823943019,24256.0229930815,25974.9068737503,5780.14791971624,3156.0325301397,8563.29088593865,8970.18511919905,12162.5507050618,4560.24214045702,3642.66991438972,4874.76959857592,4520.88567670097,6091.02771831651,10166.4842929353,10062.9171112208,4030.69757777733,4655.50183315397,5083.97823752227,4080.24940814897,4623.66726793787,8090.52850323142,11279.6002703997,14325.6298401432,13967.6641542743,7659.30435413034,3526.34552459058,7601.79480017713,9146.70442886398,4977.78735842543,1e+09,1880.05369667996,4562.78533634884,1706.78783842632,5393.57000238247,2504.96702916426,2855.78198150699,3723.78228292149,2656.93555578603,2507.19735090798,4174.84049886939,3697.85307731392,4350.7717072377,5127.44275446348,4810.99350274972,3535.1723056168,5274.18216153936,3938.31246163887,4164.7220475201,3894.48637265558,5420.6103607343,2958.19141236668,1140.70303777977
17688.3951554317,22412.550433612,23869.6077887447,25517.3086021645,27254.8548882286,7182.93563049259,1422.59445152159,9676.75868986098,10210.3827383257,13481.1206535807,5807.77168764407,4749.70596590989,6086.8586765753,5530.93003369235,7011.54744103611,11233.7799767799,11275.1283300857,4702.3076878805,5834.83709317578,6175.76787500955,4836.84816060004,5621.28164003548,9135.00242323996,12419.7449715765,15516.4107183717,15181.5530008626,8892.12516588695,4748.61309293566,8910.98551305073,10287.0388213421,6280.2037016565,1880.05369667996,1e+09,5822.98043522387,3164.85961555959,6662.11925921474,3639.15228994336,3779.08652760161,4829.8863052457,3737.2587771788,3546.2428490728,5278.92271078106,4421.90983790941,5472.29618409859,6321.06959551151,6051.2582375982,4330.30452580416,6426.57469623594,5023.95327270268,5093.09257507656,5060.47877033389,6665.03950403147,3990.2081043725,2196.98076332043
12678.9288119502,16643.9536245389,18091.9049712047,19760.922576684,21480.1594682581,1611.31493960678,6919.63407076559,4143.95981558702,4457.02455717938,7686.62156177862,591.727646641595,1246.58702544187,719.825239068484,954.881359646317,2480.94907821583,5806.34505325855,5766.28613611049,2692.43109336154,616.301119177955,898.330120390049,1743.48541694503,1295.4655509121,3726.44885533131,6845.58854112632,9844.8591533348,9553.83938212277,3115.95854808757,1355.07607011562,3105.13056843026,4754.98103931025,1284.94470927741,4562.78533634884,5822.98043522387,1e+09,3079.48346438165,1223.22613044359,2309.76078605556,2275.31407117787,1196.48566552216,2191.93804990013,2382.07392886955,787.80645338814,2065.54294160155,696.410000287187,606.006243614701,349.174787033658,1933.0359052537,907.903588108341,1022.17754617288,1285.62638845817,1016.13682976261,984.114373180272,1938.11989525932,3917.40353966757
15647.2633078727,19655.4998635496,21086.944384806,22777.9886347215,24474.8063061386,4197.39039594842,4366.96372724803,7195.02685938003,7507.88556194752,10672.5262329685,3192.2012989785,2375.98782172805,3434.54691582456,3154.57947707773,4971.88401450597,8843.94791918745,8745.40454982501,3422.43651036802,3243.94307910913,3702.61506338426,2870.14593773557,3410.04148191778,6753.97194142824,9903.8973318992,12900.8829335127,12577.4461532697,6127.96119210949,1969.21612638126,6102.9279274132,7794.38847143251,3715.2238130293,1706.78783842632,3164.85961555959,3079.48346438165,1e+09,4051.9186765778,1537.64632799614,1964.05896472076,2477.69095934097,1337.80511002164,1302.73400846067,2718.7994524422,2679.62198270577,2974.57259173482,3648.17178988326,3323.9383164403,2473.96260347646,3882.88590941068,2627.21118106254,2882.41704017653,2351.60162374497,3984.72237874861,1755.11932876372,1150.8654489557
11939.0898289149,15826.9516906826,17262.0142588141,18937.0144211938,20673.7540353367,1700.23935562026,7733.76416744783,3308.4192912326,3698.6093053606,6911.9624369205,983.913179909691,2006.17854534436,923.729957833998,1575.57241940826,1703.04047277215,4848.62522353502,4811.42717919538,2862.1599112733,1213.25504437443,1007.46156859704,2481.7461174544,1404.69211281334,2919.42194771499,5930.4720342482,8967.78386461226,8685.88484680749,2610.60286163943,2469.81859536283,2403.0291710256,3813.58045521528,829.323802082154,5393.57000238247,6662.11925921474,1223.22613044359,4051.9186765778,1e+09,3102.24542771845,2955.94398358629,1955.45695764443,3086.94148068926,3300.85012201402,1778.26054204664,2701.98526742838,1406.81239449331,1014.13862647076,1171.1624469304,2701.10032771832,779.248455949706,1812.4125659187,1997.3279464074,2129.21295557772,618.958143253645,2735.20024893974,4795.96111005917
14544.6204297225,18823.5126734412,20264.26078237,21926.201856343,23663.3389200003,3702.62409466584,4838.14586753025,6140.96065139649,6623.45047189907,9875.80870585291,2207.30089253821,1253.92625301491,2547.31767857878,2216.15351386135,3680.58574231059,7746.64317822242,7682.32731304128,2009.86858463433,2325.75377796103,2729.83409041649,1896.82959595742,2255.9545061459,5646.97648156959,8871.80081502059,11946.0850136603,11594.7045376586,5346.94530499425,1712.03827831039,5354.73907724737,6760.93562504481,2698.6884908229,2504.96702916426,3639.15228994336,2309.76078605556,1537.64632799614,3102.24542771845,1e+09,625.90480689958,1279.77907226208,865.536348168001,1055.33105355618,1961.0482206208,1656.2873046063,2055.2754715366,2812.23985454655,2555.95900614623,1284.02054438393,2909.26912338821,1603.13112012087,1892.43203040426,1831.14440910596,3076.41300779008,837.443572188598,1895.44920686364
14209.7912543922,18674.0494328333,20126.1411941137,21772.3190035329,23521.569935387,3756.80672812696,4881.74020437385,5924.4739591714,6490.82548893436,9770.78193377071,2138.692036152,1156.9164495762,2442.6488450246,1958.62547070643,3339.77206353967,7483.85331901956,7527.97543128297,1606.08563650884,2255.22470188671,2518.59073028946,1571.87775981468,1896.22493067146,5416.21763372744,8665.04042423923,11761.8632312785,11449.964769793,5239.95998678425,1797.909632184,5250.78230509512,6551.71416962767,2650.74641491788,2855.78198150699,3779.08652760161,2275.31407117787,1964.05896472076,2955.94398358629,625.90480689958,1e+09,1157.81162669063,963.699639462421,1057.88920984194,1837.31927870471,1194.21965211598,1869.79050500317,2713.57811238225,2485.21426786505,1028.49675726275,2726.70217357892,1460.23911021449,1578.06345727921,1797.82074437359,2975.29486521924,645.492455029492,2196.07594265317
13310.4607282731,17594.0161506008,19044.5028072329,20695.4537077808,22439.2367826003,2719.15599486311,5944.29057150641,4888.47087120298,5390.13103919562,8668.88161260725,1073.30399626574,443.567347535862,1446.20180908475,1082.44513560734,2606.66606397904,6512.06900543138,6508.73819395895,1754.46025959553,1204.36021119099,1499.90232168632,1209.6140658491,1122.52430539387,4400.70609248107,7641.20362564694,10712.5421346756,10391.784226609,4124.00254422812,1322.10741863133,4155.56674580014,5535.6216209564,1713.59747079062,3723.78228292149,4829.8863052457,1196.48566552216,2477.69095934097,1955.45695764443,1279.77907226208,1157.81162669063,1e+09,1438.33803731946,1613.30230533524,968.072312691568,1265.21795173796,905.293962920332,1611.14027176407,1396.58752303606,968.73364388773,1648.32454598601,578.449757800969,901.470597357451,1101.19674872386,1888.38373385814,1064.79514884319,3085.75463204708
14505.502284778,18761.6925982066,20217.7249533052,21880.2092940424,23593.1578789233,3520.02273680157,4834.94610878963,6172.55665470962,6586.01003721525,9818.42510345728,2219.46573571209,1267.80455047298,2404.71378517278,2027.1463700483,3764.3104283122,7765.17744418632,7769.49330590483,2398.89597271328,2234.29031361191,2618.90086238483,1695.46997446136,2254.15066328762,5675.09962696691,8877.82756486067,11924.6047008108,11626.3910584239,5241.23927540043,1314.19661557927,5236.63533528926,6755.46950181851,2790.94404112659,2656.93555578603,3737.2587771788,2191.93804990013,1337.80511002164,3086.94148068926,865.536348168001,963.699639462421,1438.33803731946,1e+09,705.188285779054,1699.90929187413,1560.63396598946,1918.53214460952,2684.11229793017,2444.33731377239,1372.3882645957,2864.35437205315,1540.18596062294,1753.23495889741,1508.37528175186,3020.15589052949,526.427486934336,1812.79422478118
14612.0114636658,18973.2854455205,20428.7359180029,22087.6690627078,23815.037269742,3785.50816741953,4613.26869205556,6338.00314491875,6793.57884033887,10043.7405913434,2489.15159160707,1562.61155960143,2729.06326504169,2147.42520055996,4013.51584719682,7948.42992716801,8030.10680331837,2470.25884321866,2524.47730267079,2796.19061281594,1775.45383063035,2353.09829735181,5871.2928529243,9099.05572502993,12142.8623579451,11878.8450411562,5435.1047841969,1344.40441222126,5439.75683894051,6978.3978684509,3120.30658078657,2507.19735090798,3546.2428490728,2382.07392886955,1302.73400846067,3300.85012201402,1055.33105355618,1057.88920984194,1613.30230533524,705.188285779054,1e+09,1839.99998907609,1452.63701804683,2053.88542272932,2890.82989805696,2577.1235819611,1491.59096035073,3013.39380607646,1740.48687719845,1768.83339110839,1562.00554019504,3272.60968661098,780.906346369397,1829.64782124867
12935.8592724063,17190.6209699883,18658.9837653153,20308.5505810164,22028.2141963937,2290.85476488581,6297.28242529268,4643.13598702429,5023.91970953955,8277.15608322085,1073.60417016701,894.047662487856,1166.52052292276,549.194613411312,2665.65481915795,6260.65384536631,6347.55933617796,2353.24842481622,869.604569962693,1063.858072207,1050.54967321874,1202.3125620237,4145.69553177751,7351.26915879156,10371.7107335193,10108.9921860886,3678.4857919258,911.25827809683,3690.49407410444,5232.37520724575,1797.92348560777,4174.84049886939,5278.92271078106,787.80645338814,2718.7994524422,1778.26054204664,1961.0482206208,1837.31927870471,968.072312691568,1699.90929187413,1839.99998907609,1e+09,1409.36944070744,463.76179931081,1119.95094352387,966.401129293628,1361.07245920267,1334.62377878562,583.489750124199,701.824518166757,674.156376666423,1618.31016548127,1424.60711032902,3473.87323280514
13372.3800808869,18132.5554083643,19613.519229121,21230.3565391611,22983.2623011182,3638.15546196146,5316.74766962849,5414.86630865435,6019.02953392821,9316.02253228276,2062.48280288588,1231.28994083441,2265.37222822211,1328.29038188191,2931.01905259928,6925.45635060246,7173.53422662079,1501.87986067462,1989.46850226386,1981.32825276379,735.139167709081,1443.08077452373,4853.25647372978,8143.4719077062,11228.432206074,10987.0559173602,4783.86211534154,1686.05796857641,4807.72273399788,6019.20154294571,2653.65456928742,3697.85307731392,4421.90983790941,2065.54294160155,2679.62198270577,2701.98526742838,1656.2873046063,1194.21965211598,1265.21795173796,1560.63396598946,1452.63701804683,1409.36944070744,1e+09,1437.64679733932,2334.95718211277,2193.77747356016,803.604842071027,2285.74245143673,1185.67967449054,861.85258223202,1626.97619404833,2721.44154556,1127.52206204579,3043.07056513647
12704.7396144667,16968.3612164021,18430.5669301408,20081.7805065736,21814.3314341902,2245.30655027326,6496.57440005115,4352.03428854829,4790.89477705366,8061.50954724362,793.641291831518,896.465739055319,956.194671445099,386.078253855355,2279.84973991709,5945.94626807206,6040.04659324744,2145.44056170289,716.428866113029,755.428156941479,1183.95884447053,819.3815664878,3856.43242270625,7068.04309120283,10114.4967600123,9850.14784743356,3511.29200256829,1274.44245468362,3479.18245978851,4934.31868467167,1474.44901587,4350.7717072377,5472.29618409859,696.410000287187,2974.57259173482,1406.81239449331,2055.2754715366,1869.79050500317,905.293962920332,1918.53214460952,2053.88542272932,463.76179931081,1437.64679733932,1e+09,960.593252110382,842.853972524304,1456.90094683887,1013.06948162503,562.045004425802,689.136447156875,984.019649956239,1356.71294192987,1552.69336763573,3692.46763131378
