1e+09,4153.68949151234,4374.33436776386,4866.11201761735,5261.81115311069,2486.7130397374,719.910706754664,1914.86037222039,2379.03152043011,3446.19486551472,1448.82668407922,1233.12019353346,1364.92179435307,1593.46271864139,2668.10488510103,1132.31116761251,1856.59265314177,2201.18315705441,1283.30561901676,1537.56940340916,1618.29244538804,1432.02782731342,1376.20135892245,2585.95713912663,3360.06209528931,2895.41199545073,1670.1713857865,1967.27052697386,2326.52612302119,2451.31922384662,1316.73722575919,1086.17242493998,941.68980301371,1717.69892495746,1113.27696311385,950.387730139652,1831.3174394681,1473.51706125175,996.397821505045,1033.50035902268,1344.92939286789,1075.31477949482,1392.35854401803,1548.28127512413,1331.56063380531,1278.48926655643,1539.86205674404,1022.28322166609,915.933825939407,1992.01527765226,969.966460554178,1642.13918058123,1321.47476449609,1718.83440432754
4153.68949151234,1e+09,448.882102004524,1421.55875668226,1613.69145046381,2265.07057358043,4183.48782971817,3237.48315078241,2752.61990912294,1972.34406293628,3437.57236406741,3122.41296061235,3177.460459455,3910.30104199152,2697.45912009802,3594.38373040498,2644.10891678085,2651.20675168875,3483.46329799813,3236.09431435488,3258.96302910911,3613.34372952533,3612.62884174392,2016.1974837054,1537.89557112959,1429.46755370662,3229.45876762655,3870.4706717659,3549.39249447,2624.19665869386,3056.34566795054,3207.454516591,3706.00349816349,3223.76578220255,3566.35626556013,3511.14908218093,3278.3562745986,3598.16765936497,3400.9381824726,3607.41285968213,3267.9222810067,3448.07726437503,2952.29684039393,3411.23875763629,3233.67341065854,3262.16943980536,3416.0207558942,3650.54556172088,3758.71742406901,3088.43808714049,3358.00080507733,2653.13874765343,3084.04134185974,2547.83817194107
4374.33436776386,448.882102004524,1e+09,1307.19784126199,1629.39906714101,2624.19999786602,4458.35224858916,3547.09106039019,3093.26438016539,2372.92565068946,3720.53465237189,3350.51101447227,3397.00304578904,4233.26538399142,2862.68497611945,3887.76151142274,2915.57306025762,3002.3196459238,3767.48136213041,3497.37153034961,3598.84669906902,3941.42817854138,3888.96663049453,2347.55123121946,1945.2885122264,1738.49845199816,3496.28323482237,4212.54286623887,3817.48204217125,2987.60710144423,3310.54466181926,3469.60918812191,3973.92543844245,3559.27832095216,3867.12015774012,3744.1854225452,3568.64993070209,3904.42928915354,3666.4063785538,3892.16465660177,3563.46328060217,3731.96584207305,3239.19818706729,3753.31261875427,3522.90107307883,3567.45730706059,3740.96937699308,3946.35772138057,4050.77492466565,3384.7916392889,3627.30624130359,2893.63985730775,3294.53032370321,2819.69176483885
4866.11201761735,1421.55875668226,1307.19784126199,1e+09,1138.78533420483,2925.83054095756,4931.59884391462,3720.41547839754,3649.45278950146,2687.18617202084,4186.56376214432,3691.52464145914,4152.7053429662,4908.13924245228,3238.22219396693,4315.7484780163,3606.18006817463,3495.00986672427,4247.5301107114,3814.60832320961,4036.38917905595,4360.36564138835,4315.1763592581,3048.47415455667,2431.17088083088,2572.13003594297,3938.68905834162,4691.05410464429,4281.17325782314,3548.66808061842,3935.33106329061,4083.02846699604,4295.92350307824,4086.93047589508,4433.58005235047,4361.92020078314,4095.90670568801,4420.62030572634,4055.24308735,4522.2307738217,4213.75077865315,4303.57933401953,3768.16993654745,4185.7847952445,4022.42585695498,4075.16473403223,4379.89052979638,4495.3109105489,4557.03463667987,4084.14451007797,4185.38821131326,3448.23737436969,3753.35612213923,3394.43206252534
5261.81115311069,1613.69145046381,1629.39906714101,1138.78533420483,1e+09,3212.40150880926,5288.42278256003,4081.53832113579,3988.96841263503,2896.1969692167,4387.01177059055,4137.27654679984,4529.9508761023,5099.05335946781,3254.84727105589,4654.9790751302,3994.26226118166,3651.15044876269,4639.33980604999,4317.64730392606,4198.29002628451,4651.72920226447,4780.21185755402,3359.61829802137,2497.19642182989,2837.59357174349,4433.3510189359,5000.08324417704,4816.63051594162,3819.42764848347,4330.08352735833,4379.58237606053,4637.77062592578,4373.75509664179,4706.45623959259,4620.07095172791,4534.38097180861,4792.64380203662,4398.25897069511,4754.50105578914,4431.60966473809,4564.03664772753,4111.24432371758,4377.31970688685,4410.7597681692,4383.49069182313,4610.41583760077,4787.52700008052,4872.75135453267,4445.24588631495,4458.72525013596,3762.04171234185,4138.89910147614,3629.12776869319
2486.7130397374,2265.07057358043,2624.19999786602,2925.83054095756,3212.40150880926,1e+09,2260.49669858197,1148.85692255389,1077.69553733882,1062.39331346729,1823.53012936447,1468.84046917969,1953.44760976587,2180.22761387429,2302.57129155646,1633.43871825667,1291.41308352517,1017.91982086017,1593.97974711099,1327.35473521587,1318.41909414268,1508.09258522148,1666.45806730923,986.670463021976,1191.50700560257,1301.58696244239,1435.86489500231,1844.00219655509,1910.05209596492,932.16323173573,1525.22206851986,1664.3712561505,1799.02642345798,1260.39526546239,1739.95021647172,2122.41016186787,1498.75142512026,1649.61222091739,1582.59337149503,1958.85984559896,1684.70021475632,1755.7814412392,1197.38450294799,1378.9068318418,1346.73474793665,1350.92641083813,1644.52485162128,1799.24564456886,1848.55370749676,1587.40516737221,1721.491210724,1402.50424698109,1713.18406354951,1256.76692807378
719.910706754664,4183.48782971817,4458.35224858916,4931.59884391462,5288.42278256003,2260.49669858197,1e+09,1685.41072543164,2028.62856094949,3149.24565958262,1505.99927031855,1344.55757823903,1443.59774805865,1207.26838772495,2953.42561670342,870.531762660042,1739.68939354127,2031.5758667596,895.87992225521,1364.24855030159,1355.54961174425,894.870500295993,978.643264627106,2410.49865220871,3175.97650701324,2853.87946551707,1444.66135734296,1389.77441601146,1982.58565842689,2098.01145323375,1275.62868131757,1108.2431691646,894.668615298425,1270.92789610583,823.032210973544,1224.67165064763,1439.9277292281,979.060731670921,1017.34750444477,921.82561713157,1248.20926430627,1020.22043025025,1273.44805547773,1175.91495840473,1047.02062529828,970.644480641599,1161.64134090519,707.06180224928,515.124318199015,1677.39062555506,1014.54156331813,1727.32934476897,1497.77805488664,1785.86815481995
1914.86037222039,3237.48315078241,3547.09106039019,3720.41547839754,4081.53832113579,1148.85692255389,1685.41072543164,1e+09,1498.11347998074,2090.64399805419,1308.08283353922,1162.01510515139,2021.02174213936,1938.92367766243,2528.345132651,959.071850801597,1609.46062884433,1158.3557140188,1431.45907119275,813.335661458417,1049.37885699113,1133.72508894352,1276.57874516224,1835.30686472317,2329.6891191101,2252.46520334943,1121.49406605653,1482.84668937824,1753.98717344227,1520.39460940244,1453.33016317697,1586.40086384243,1140.47079664496,1303.21677325762,1386.43205794586,1947.81122825083,1576.83419686408,1370.5963248528,1029.8918373305,1722.90800410237,1546.2397328681,1395.01483142653,1092.65536844881,1058.68639095815,1123.92468181814,1165.92126046316,1576.42617876639,1385.57007625021,1363.63645551151,1836.13565176977,1453.5103068434,1697.58952526811,1728.00539822652,1521.57135922046
2379.03152043011,2752.61990912294,3093.26438016539,3649.45278950146,3988.96841263503,1077.69553733882,2028.62856094949,1498.11347998074,1e+09,1392.69003518371,1951.6527117036,1772.42534564929,1598.65332868011,1658.92205745177,3009.4766227203,1502.91841744654,860.199302894393,1195.35867173832,1365.32733152164,1290.55142412071,1493.80148835111,1360.35070242934,1292.92951644705,818.70745898642,1763.12402842228,1530.55818105683,1006.67453146486,1192.81792143646,1104.39494661104,294.300911653362,1213.09819103814,1602.26272336967,2003.38412649696,874.550439711741,1472.51564901701,2152.29656227946,895.705128878918,1106.16145159737,1756.87081685023,1766.19659333269,1484.5295873104,1627.12637019993,1132.4566966997,1439.9682012114,1065.24099869466,1220.94974061179,1191.03225061289,1530.58915973556,1620.45805360707,754.086975487576,1723.45720347214,1725.43279834365,2001.52294116255,1611.9860533826
3446.19486551472,1972.34406293628,2372.92565068946,2687.18617202084,2896.1969692167,1062.39331346729,3149.24565958262,2090.64399805419,1392.69003518371,1e+09,2773.79745197806,2470.78828700478,2656.09312852543,2850.87648992376,3057.11377544245,2565.47756513285,1891.76006332727,1758.76430126382,2385.69012658811,2206.9239979664,2235.84950117399,2340.0751185165,2432.80062442445,1186.69342666925,899.094533572527,1410.71835335761,2161.60546335357,2404.7727394912,2279.08009771487,1224.91685934189,2322.18023266929,2542.67852702617,2825.1701469823,1951.64630927328,2595.6101201259,3031.84403881532,2044.56913470785,2355.5051967041,2608.43091459214,2811.69121690132,2507.13522449428,2662.23755200395,2103.06511677599,2268.88823100654,2185.56960360452,2230.84431801056,2341.92142474934,2666.90126705133,2737.70196482378,2015.60021638717,2661.16194169013,2244.83351113173,2620.59850787945,2136.88677617697
1448.82668407922,3437.57236406741,3720.53465237189,4186.56376214432,4387.01177059055,1823.53012936447,1505.99927031855,1308.08283353922,1951.6527117036,2773.79745197806,1e+09,1324.41612093783,1627.14477806986,1425.52172196708,2023.9620249896,899.405116507573,1630.5939036437,1099.23771187128,1662.66347073002,1489.1975392808,836.337567672289,1394.59364085027,1706.26542097061,2081.91190094586,2712.78267413739,2349.85484460211,1590.63173242583,1795.85733726262,2323.40783320535,1936.2811160831,1269.60603944688,1132.29775050558,1102.62527986619,1539.29821006198,975.467580650429,1204.40616716289,1999.67759556385,1590.07177815972,846.366659196828,1055.86492346322,856.041865389772,681.930089158706,1043.26815143567,1015.97953670337,1313.48494799141,1170.15191441112,1315.65594146038,1016.5955858649,1120.94775872919,1941.64923657699,840.072093275333,1552.83819198911,1626.7788610933,1193.21218448355
1233.12019353346,3122.41296061235,3350.51101447227,3691.52464145914,4137.27654679984,1468.84046917969,1344.55757823903,1162.01510515139,1772.42534564929,2470.78828700478,1324.41612093783,1e+09,1330.9060461956,1927.08209965222,2016.38746420424,1031.97291020646,1313.56161515172,1564.54550665681,1037.59402614896,842.880384989472,1235.4305142338,1227.88051597051,1156.51142674856,1790.53726537595,2366.84859184106,2009.84455013317,1201.96097848474,1916.50907720261,2008.47512401822,1795.64342003083,1002.48903425424,926.631766561022,747.01651708647,1347.59605932193,1221.09070338775,1163.98132369038,1448.3481517232,1381.17030908574,583.361772144867,1310.14553481665,1304.83985802856,1132.53343663664,821.492975015612,1249.14277862861,934.707994295545,937.778711743874,1506.60797080727,1199.46826760861,1143.42319514692,1703.67344285811,917.55534029289,873.420073103429,662.675141302283,985.224449757516
1364.92179435307,3177.460459455,3397.00304578904,4152.7053429662,4529.9508761023,1953.44760976587,1443.59774805865,2021.02174213936,1598.65332868011,2656.09312852543,1627.14477806986,1330.9060461956,1e+09,1389.61891042113,2488.46493662258,1377.18437509289,821.52455581072,1732.79407887954,1131.74067254827,1489.46730061455,1583.75923823667,1504.88492420517,1333.75618206627,1550.25791967014,2502.16761107245,1824.23758702095,1337.16695591837,1823.93366946279,1862.44442231171,1658.11321341457,598.431143741701,696.706372297541,1598.34480597899,1271.45101443194,1070.70303945585,998.433546762127,1258.27444852067,1250.54706872632,1335.43464894393,969.234590282456,951.313095305641,1055.92561115829,955.16807295889,1566.52372545072,1017.73633078514,1056.18392934185,1079.45742329191,1098.35226935624,1190.69856168553,1047.60242835725,964.712029623348,1102.82553248463,1197.76264739722,1180.69414032594
1593.46271864139,3910.30104199152,4233.26538399142,4908.13924245228,5099.05335946781,2180.22761387429,1207.26838772495,1938.92367766243,1658.92205745177,2850.87648992376,1425.52172196708,1927.08209965222,1389.61891042113,1e+09,3030.10815341631,1146.24917718618,1515.23745611043,1607.72390552607,1355.05419563204,1788.46143637485,1222.3494310139,1138.09404721227,1453.71615544438,2053.76454772693,2899.98154564818,2550.55560505942,1594.49870134786,1102.18636963084,1942.6877082537,1680.18712490603,1266.95430549014,1216.31796829612,1643.88271856602,1101.15655176728,715.017699291423,1457.73763589337,1517.61490484246,1035.66450006747,1508.08666965795,809.553723726845,842.062076512177,936.866799016808,1291.58032766065,1116.06085595724,1215.73535023047,1087.875588567,586.978699869084,761.404820184375,906.040409032621,1304.86585084445,1170.50771449829,1916.90125465554,2013.87612302743,1755.19012474433
2668.10488510103,2697.45912009802,2862.68497611945,3238.22219396693,3254.84727105589,2302.57129155646,2953.42561670342,2528.345132651,3009.4766227203,3057.11377544245,2023.9620249896,2016.38746420424,2488.46493662258,3030.10815341631,1e+09,2579.48643590153,2511.54264598473,2182.58761313263,2750.81095168316,2687.44897164579,2159.56758701829,2754.18751945106,3036.89962257563,2554.87110350014,2463.99775225141,2222.30575126376,2927.61341027124,3446.54367548128,3707.32883577921,2869.71452174254,2421.55605237624,2091.63285721945,2273.95421295153,2743.59706128652,2541.17944763844,1956.28406482801,3105.21584879377,3042.97779957396,2097.9788978443,2371.78564862004,2247.9160402693,2261.61596375247,2212.24131608647,2380.15410698551,2595.61660793731,2408.83441352867,2703.93091481643,2597.94278916992,2658.51482437093,3048.23561269466,2050.07566540847,1655.64953800616,1841.33889523357,1491.52174855079
1132.31116761251,3594.38373040498,3887.76151142274,4315.7484780163,4654.9790751302,1633.43871825667,870.531762660042,959.071850801597,1502.91841744654,2565.47756513285,899.405116507573,1031.97291020646,1377.18437509289,1146.24917718618,2579.48643590153,1e+09,1313.96256362196,1263.22608245714,952.146942388621,833.331458064557,803.979313353273,698.838938740537,853.746787402448,1891.79815664885,2674.14014507467,2356.43328827701,922.490131004121,1099.78457126839,1622.28879389583,1570.24025680786,900.430647634786,959.362224188549,748.506445129232,959.32193902777,540.431005309651,1278.1841654081,1281.48501934279,802.283284071157,586.577684369258,910.335507931005,865.790320516463,617.03729392963,707.822851425411,721.638039047278,637.820296478561,628.010262495765,922.578342743856,495.53174146567,482.305649147924,1428.4896778416,777.258126557709,1493.70215809578,1449.68705998916,1351.0329178077
1856.59265314177,2644.10891678085,2915.57306025762,3606.18006817463,3994.26226118166,1291.41308352517,1739.68939354127,1609.46062884433,860.199302894393,1891.76006332727,1630.5939036437,1313.56161515172,821.52455581072,1515.23745611043,2511.54264598473,1313.96256362196,1e+09,1227.96652885981,1126.41294696927,1164.75607789786,1400.97599804565,1369.98129764607,1194.75614859267,810.912674151785,1898.17519315262,1284.4869594122,929.694452710136,1535.07306659976,1399.37720997592,930.397912454666,558.449699256791,997.063479624041,1695.44782107855,942.257634991619,1170.31441326679,1510.65926532094,915.739553038963,1090.75535749315,1377.86962779502,1311.16483418371,1048.28697669102,1204.739401987,704.076084809021,1402.37680221829,803.459250615736,954.024903343723,1021.1716144214,1229.65053889306,1341.53157830891,644.762726202438,1206.26168027506,1127.01321522864,1405.64311420076,1072.59123807721
2201.18315705441,2651.20675168875,3002.3196459238,3495.00986672427,3651.15044876269,1017.91982086017,2031.5758667596,1158.3557140188,1195.35867173832,1758.76430126382,1099.23771187128,1564.54550665681,1732.79407887954,1607.72390552607,2182.58761313263,1263.22608245714,1227.96652885981,1e+09,1693.2144228951,1434.72789636223,883.656406359395,1428.34793250804,1720.6475350286,1256.28111054015,1825.81490110581,1604.3379693506,1404.73449313385,1604.88676952612,1958.52647554226,1097.66228053077,1282.76549314362,1404.78639208956,1662.98718509795,1232.22817533929,1293.02864975993,1785.87423311386,1697.95053390845,1529.68196338324,1352.59547988303,1505.76095885104,1094.11917097728,1203.82502146284,970.79356374051,1063.25164791784,1261.0272088262,1198.57826119115,1251.451917694,1385.85617680912,1526.85357221968,1536.90776252188,1336.75333098519,1526.76720573243,1852.79147701516,1109.62817961694
1283.30561901676,3483.46329799813,3767.48136213041,4247.5301107114,4639.33980604999,1593.97974711099,895.87992225521,1431.45907119275,1365.32733152164,2385.69012658811,1662.66347073002,1037.59402614896,1131.74067254827,1355.05419563204,2750.81095168316,952.146942388621,1126.41294696927,1693.2144228951,1e+09,959.547267777883,1215.18309599829,636.023054928043,544.626856756073,1677.9285957394,2418.80674474006,2144.68378769459,1014.22365142014,1231.22671458184,1545.15644317978,1417.13229770548,895.988615943305,891.576957474788,1056.35328384968,674.113606004211,877.345221449345,1317.25152655064,686.882223601689,610.828222334234,1015.89960926265,1052.20467319814,1177.19175608734,1113.75353386645,856.178203471684,1031.96986540306,534.358721178948,551.114167936191,926.535118384619,839.157423431385,746.136719308198,1066.30629736488,1017.44636743172,1223.70070482941,1134.42402698462,1383.9087166067
1537.56940340916,3236.09431435488,3497.37153034961,3814.60832320961,4317.64730392606,1327.35473521587,1364.24855030159,813.335661458417,1290.55142412071,2206.9239979664,1489.1975392808,842.880384989472,1489.46730061455,1788.46143637485,2687.44897164579,833.331458064557,1164.75607789786,1434.72789636223,959.547267777883,1e+09,1301.84614440417,1040.44891806374,675.805162158443,1634.00559959261,2412.81015222914,2097.95575074881,503.156860630957,1354.29685039876,1254.13728427154,1419.81957188229,957.075983190467,1272.79622226026,1086.54563300397,1090.95525586524,1189.44807179633,1698.06474797047,1031.28489953068,962.43217355822,922.416788116955,1513.5784165348,1403.44428478654,1255.01095959358,809.662340361709,1234.16168268181,662.809000391515,919.342201250437,1377.24378441146,1158.41660390379,1112.25445532936,1377.07173280843,1262.92236178635,1447.43825412347,1392.90673898147,1440.62045994079
1618.29244538804,3258.96302910911,3598.84669906902,4036.38917905595,4198.29002628451,1318.41909414268,1355.54961174425,1049.37885699113,1493.80148835111,2235.84950117399,836.337567672289,1235.4305142338,1583.75923823667,1222.3494310139,2159.56758701829,803.979313353273,1400.97599804565,883.656406359395,1215.18309599829,1301.84614440417,1e+09,804.915799944317,1384.83894698987,1703.68257043382,2204.11732414588,2070.58542286958,1420.52017419676,1377.82758663775,2083.62598603972,1405.46024369244,1192.29893562814,996.470747438177,996.366753610336,932.22486976051,778.895767095957,1290.54379584732,1541.77900760777,1196.19440359835,834.145957671677,954.639761533114,803.491453968242,767.750956365409,816.819309700744,277.545046253757,982.7866018114,713.818290393291,907.477046872261,844.51775842785,914.871054575452,1568.3642725464,829.697873686561,1313.71934019409,1459.30504912441,1041.33269126634
1432.02782731342,3613.34372952533,3941.42817854138,4360.36564138835,4651.72920226447,1508.09258522148,894.870500295993,1133.72508894352,1360.35070242934,2340.0751185165,1394.59364085027,1227.88051597051,1504.88492420517,1138.09404721227,2754.18751945106,698.838938740537,1369.98129764607,1428.34793250804,636.023054928043,1040.44891806374,804.915799944317,1e+09,773.290482225147,1806.91405141473,2449.66312157407,2319.01416688213,1126.36246612713,916.106974703282,1654.9814894131,1365.87673550727,1131.68854288625,1066.54875992615,942.537670175575,570.860002102092,713.576344058574,1454.36279174077,1013.87212788399,616.739838829956,944.748898438098,1017.21084515453,1082.96493285794,989.291118832065,900.315448218012,547.432933335217,664.408430184326,510.698795866996,792.512191325787,691.05539597054,610.942450726744,1286.17155698608,1021.19233761324,1480.88820867748,1464.83758533156,1455.46830844921
1376.20135892245,3612.62884174392,3888.96663049453,4315.1763592581,4780.21185755402,1666.45806730923,978.643264627106,1276.57874516224,1292.92951644705,2432.80062442445,1706.26542097061,1156.51142674856,1333.75618206627,1453.71615544438,3036.89962257563,853.746787402448,1194.75614859267,1720.6475350286,544.626856756073,675.805162158443,1384.83894698987,773.290482225147,1e+09,1777.26663095327,2633.16614088439,2325.10362201344,645.625035450144,1012.63879335131,1123.91173772677,1439.75969234452,949.027092658582,1204.66309547525,1173.59379957462,841.618457081355,998.848759873085,1639.31997355611,647.253919107486,477.738212727431,1111.62654790177,1317.01462353309,1351.58970183262,1234.20490434125,950.635381205644,1205.60670237022,535.419667737374,789.810043618084,1102.86570238629,938.359193059886,846.16812584734,1101.92922436062,1255.69828354585,1581.22493716106,1483.33116002463,1660.39030959591
2585.95713912663,2016.1974837054,2347.55123121946,3048.47415455667,3359.61829802137,986.670463021976,2410.49865220871,1835.30686472317,818.70745898642,1186.69342666925,2081.91190094586,1790.53726537595,1550.25791967014,2053.76454772693,2554.87110350014,1891.79815664885,810.912674151785,1256.28111054015,1677.9285957394,1634.00559959261,1703.68257043382,1806.91405141473,1777.26663095327,1e+09,1194.18055854213,717.590559581158,1466.50751934656,1926.52755565551,1749.41863997729,717.594584706435,1327.6171431177,1614.34275403336,2221.00969090637,1308.92669886438,1787.65486120783,2107.52665382908,1352.84481057511,1658.3324728172,1917.68866787599,1928.6204440221,1608.25860314814,1815.07537347626,1265.45490085581,1747.72818066769,1411.47533131118,1487.4277605652,1532.33534645651,1867.83837815267,1979.99511118083,1099.66681053854,1803.96263447999,1428.5168545733,1846.7017379642,1325.32266044915
3360.06209528931,1537.89557112959,1945.2885122264,2431.17088083088,2497.19642182989,1191.50700560257,3175.97650701324,2329.6891191101,1763.12402842228,899.094533572527,2712.78267413739,2366.84859184106,2502.16761107245,2899.98154564818,2463.99775225141,2674.14014507467,1898.17519315262,1825.81490110581,2418.80674474006,2412.81015222914,2204.11732414588,2449.66312157407,2633.16614088439,1194.18055854213,1e+09,987.738532304982,2436.11817461715,2763.0489983169,2761.71891493323,1533.75054210259,2307.94768374415,2357.8977721903,2777.88888850868,2069.83504077016,2603.6616711086,2749.85400077895,2249.6261580316,2551.21233839914,2552.95201715583,2683.67858036316,2413.44353772778,2602.11208755503,2092.29690127859,2288.00183052811,2280.73613127429,2231.02682388626,2370.65888246285,2687.23187832759,2767.23978478556,2158.69851901557,2510.51559310035,1874.12752709094,2316.37200583153,1805.28645541366
2895.41199545073,1429.46755370662,1738.49845199816,2572.13003594297,2837.59357174349,1301.58696244239,2853.87946551707,2252.46520334943,1530.55818105683,1410.71835335761,2349.85484460211,2009.84455013317,1824.23758702095,2550.55560505942,2222.30575126376,2356.43328827701,1284.4869594122,1604.3379693506,2144.68378769459,2097.95575074881,2070.58542286958,2319.01416688213,2325.10362201344,717.590559581158,987.738532304982,1e+09,2025.90029865736,2590.30432449548,2403.49985727064,1400.3610857918,1731.01204834051,1885.00508102763,2538.28939805925,1879.39086695663,2235.57156646796,2263.98583476134,1950.40207729073,2253.3344924356,2224.74806796185,2269.90598900043,1960.5929651511,2172.55485214988,1668.97022798491,2175.83105725146,1918.55532302303,1936.60538853428,2040.23430654423,2320.70327553955,2434.1292426451,1709.77890553136,2085.31469476432,1453.1112127432,1929.66954626952,1371.73798733577
1670.1713857865,3229.45876762655,3496.28323482237,3938.68905834162,4433.3510189359,1435.86489500231,1444.66135734296,1121.49406605653,1006.67453146486,2161.60546335357,1590.63173242583,1201.96097848474,1337.16695591837,1594.49870134786,2927.61341027124,922.490131004121,929.694452710136,1404.73449313385,1014.22365142014,503.156860630957,1420.52017419676,1126.36246612713,645.625035450144,1466.50751934656,2436.11817461715,2025.90029865736,1e+09,1125.03405948442,839.851904445064,1211.49151094838,810.971193323166,1311.16437131277,1419.53581772353,992.642848309501,1142.71540932115,1792.45992197873,819.713944495273,778.120312997932,1196.80804233595,1496.30241134605,1326.47775740869,1257.94402399312,825.725879817267,1341.49095628707,616.325185109289,964.45636199882,1212.51659489675,1128.92725035761,1143.90853629125,1029.18559302975,1351.39580297558,1604.69309760465,1639.20261099719,1558.21343698481
1967.27052697386,3870.4706717659,4212.54286623887,4691.05410464429,5000.08324417704,1844.00219655509,1389.77441601146,1482.84668937824,1192.81792143646,2404.7727394912,1795.85733726262,1916.50907720261,1823.93366946279,1102.18636963084,3446.54367548128,1099.78457126839,1535.07306659976,1604.88676952612,1231.22671458184,1354.29685039876,1377.82758663775,916.106974703282,1012.63879335131,1926.52755565551,2763.0489983169,2590.30432449548,1125.03405948442,1e+09,1187.86738283362,1310.99260528044,1428.65163360422,1662.96307397368,1707.2059319836,890.02544755754,1118.59019068647,2098.33448603887,1092.01295331145,673.085581408486,1623.76080282781,1513.0713559512,1437.93372388994,1425.46153988805,1350.69709853838,1181.58904937377,1062.43518682318,1148.72539007371,987.360561446526,1112.72475365654,1132.58442060625,1193.84592184251,1636.2338215243,2167.4051431839,2231.69829652218,2057.57327956989
2326.52612302119,3549.39249447,3817.48204217125,4281.17325782314,4816.63051594162,1910.05209596492,1982.58565842689,1753.98717344227,1104.39494661104,2279.08009771487,2323.40783320535,2008.47512401822,1862.44442231171,1942.6877082537,3707.32883577921,1622.28879389583,1399.37720997592,1958.52647554226,1545.15644317978,1254.13728427154,2083.62598603972,1654.9814894131,1123.91173772677,1749.41863997729,2761.71891493323,2403.49985727064,839.851904445064,1187.86738283362,1e+09,1390.65829401043,1479.51521147976,2014.60101503995,2181.00499462977,1422.4651897674,1756.77991823108,2513.80724839833,1021.14257976053,1153.40612374827,2006.00909190362,2120.98953816373,1958.57785086527,1955.39335186044,1578.58796929408,1960.26029445071,1303.20675696529,1630.24174704244,1660.60802018417,1744.08392831308,1762.26122779797,1167.71580373822,2095.57327123153,2314.98802638372,2378.88284871282,2292.52975937064
2451.31922384662,2624.19665869386,2987.60710144423,3548.66808061842,3819.42764848347,932.16323173573,2098.01145323375,1520.39460940244,294.300911653362,1224.91685934189,1936.2811160831,1795.64342003083,1658.11321341457,1680.18712490603,2869.71452174254,1570.24025680786,930.397912454666,1097.66228053077,1417.13229770548,1419.81957188229,1405.46024369244,1365.87673550727,1439.75969234452,717.594584706435,1533.75054210259,1400.3610857918,1211.49151094838,1310.99260528044,1390.65829401043,1e+09,1299.96317543998,1591.78642873345,2015.04811513274,865.970019457949,1501.13959470797,2129.88311674608,1037.46935371605,1226.96300596228,1772.47434156323,1758.08822324137,1468.75917712878,1640.57607394476,1155.6016134897,1372.23558979499,1150.38825893696,1224.17703805455,1188.70121233218,1573.08494103148,1669.70175573364,878.884866293646,1713.83277183044,1649.6204243401,1973.40838307736,1515.31810907809
1316.73722575919,3056.34566795054,3310.54466181926,3935.33106329061,4330.08352735833,1525.22206851986,1275.62868131757,1453.33016317697,1213.09819103814,2322.18023266929,1269.60603944688,1002.48903425424,598.431143741701,1266.95430549014,2421.55605237624,900.430647634786,558.449699256791,1282.76549314362,895.988615943305,957.075983190467,1192.29893562814,1131.68854288625,949.027092658582,1327.6171431177,2307.94768374415,1731.01204834051,810.971193323166,1428.65163360422,1479.51521147976,1299.96317543998,1e+09,622.426554864106,1266.8903730789,923.592691558351,770.178417965604,1103.76378446659,987.177051394531,890.413024781197,950.454618590493,910.155091509134,737.322406481724,765.94635823927,440.171567914149,1179.17736062053,533.317422554336,676.004954863498,855.717399086872,800.15304148644,899.126860348416,893.112274968831,769.855803576228,1056.57586102466,1166.62658863066,1003.51056167835
1086.17242493998,3207.454516591,3469.60918812191,4083.02846699604,4379.58237606053,1664.3712561505,1108.2431691646,1586.40086384243,1602.26272336967,2542.67852702617,1132.29775050558,926.631766561022,696.706372297541,1216.31796829612,2091.63285721945,959.362224188549,997.063479624041,1404.78639208956,891.576957474788,1272.79622226026,996.470747438177,1066.54875992615,1204.66309547525,1614.34275403336,2357.8977721903,1885.00508102763,1311.16437131277,1662.96307397368,2014.60101503995,1591.78642873345,622.426554864106,1e+09,1018.81765807234,1020.50134909269,668.484952934619,556.468142035103,1304.04262407331,1116.4318791131,773.305014984385,523.213780017308,584.73107810343,588.853516674563,618.100708461008,1001.04865825793,786.473562683451,609.268105352644,852.043940826998,704.641731804184,775.848499901882,1265.65043621847,337.485264419056,782.208451181653,840.492279500532,777.971807329803
941.68980301371,3706.00349816349,3973.92543844245,4295.92350307824,4637.77062592578,1799.02642345798,894.668615298425,1140.47079664496,2003.38412649696,2825.1701469823,1102.62527986619,747.01651708647,1598.34480597899,1643.88271856602,2273.95421295153,748.506445129232,1695.44782107855,1662.98718509795,1056.35328384968,1086.54563300397,996.366753610336,942.537670175575,1173.59379957462,2221.00969090637,2777.88888850868,2538.28939805925,1419.53581772353,1707.2059319836,2181.00499462977,2015.04811513274,1266.8903730789,1018.81765807234,1e+09,1342.48196468333,984.292250045686,1119.20346492494,1632.95272785222,1297.91955786944,399.280095922649,1091.55251893805,1234.18706997764,952.254192587252,1034.25596106573,944.679208303009,1036.36260083042,897.304267793261,1390.02039621726,925.580777134011,797.295784009924,1904.24676875136,819.934934308815,1330.30631085476,1089.80385001155,1329.19176216225
1717.69892495746,3223.76578220255,3559.27832095216,4086.93047589508,4373.75509664179,1260.39526546239,1270.92789610583,1303.21677325762,874.550439711741,1951.64630927328,1539.29821006198,1347.59605932193,1271.45101443194,1101.15655176728,2743.59706128652,959.32193902777,942.257634991619,1232.22817533929,674.113606004211,1090.95525586524,932.22486976051,570.860002102092,841.618457081355,1308.92669886438,2069.83504077016,1879.39086695663,992.642848309501,890.02544755754,1422.4651897674,865.970019457949,923.592691558351,1020.50134909269,1342.48196468333,1e+09,807.551486531973,1530.91304743281,684.87909465832,545.456416407397,1193.41009493803,1081.24208219066,991.569291577749,1067.04743877674,759.139847919999,765.718336008744,561.308235197026,509.004926007598,570.325981172171,848.626411267054,890.537609031758,787.206692679883,1110.66177957108,1350.33886709966,1497.96968514052,1309.77098879919
1113.27696311385,3566.35626556013,3867.12015774012,4433.58005235047,4706.45623959259,1739.95021647172,823.032210973544,1386.43205794586,1472.51564901701,2595.6101201259,975.467580650429,1221.09070338775,1070.70303945585,715.017699291423,2541.17944763844,540.431005309651,1170.31441326679,1293.02864975993,877.345221449345,1189.44807179633,778.895767095957,713.576344058574,998.848759873085,1787.65486120783,2603.6616711086,2235.57156646796,1142.71540932115,1118.59019068647,1756.77991823108,1501.13959470797,770.178417965604,668.484952934619,984.292250045686,807.551486531973,1e+09,1002.4496345453,1225.50695269346,747.872685154365,803.630811815973,442.926782549893,479.940246489081,368.741130062813,691.829444950126,685.496563886355,660.632784608817,494.464230961149,497.345879243007,123.75761350317,331.91625133458,1204.61120408205,558.628897748765,1365.36794769762,1395.7850305115,1232.29745966629
950.387730139652,3511.14908218093,3744.1854225452,4361.92020078314,4620.07095172791,2122.41016186787,1224.67165064763,1947.81122825083,2152.29656227946,3031.84403881532,1204.40616716289,1163.98132369038,998.433546762127,1457.73763589337,1956.28406482801,1278.1841654081,1510.65926532094,1785.87423311386,1317.25152655064,1698.06474797047,1290.54379584732,1454.36279174077,1639.31997355611,2107.52665382908,2749.85400077895,2263.98583476134,1792.45992197873,2098.33448603887,2513.80724839833,2129.88311674608,1103.76378446659,556.468142035103,1119.20346492494,1530.91304743281,1002.4496345453,1e+09,1822.10521142441,1579.75724913671,971.071853314676,661.147695375247,892.020728907126,820.92104407184,1119.961652156,1329.16270505157,1294.39766227385,1091.97067282047,1275.23280117789,1013.81579485625,1051.4493567928,1782.7343489707,540.099595445136,1018.35542832549,935.516071481404,1032.59723217719
1831.3174394681,3278.3562745986,3568.64993070209,4095.90670568801,4534.38097180861,1498.75142512026,1439.9277292281,1576.83419686408,895.705128878918,2044.56913470785,1999.67759556385,1448.3481517232,1258.27444852067,1517.61490484246,3105.21584879377,1281.48501934279,915.739553038963,1697.95053390845,686.882223601689,1031.28489953068,1541.77900760777,1013.87212788399,647.253919107486,1352.84481057511,2249.6261580316,1950.40207729073,819.713944495273,1092.01295331145,1021.14257976053,1037.46935371605,987.177051394531,1304.04262407331,1632.95272785222,684.87909465832,1225.50695269346,1822.10521142441,1e+09,623.155251843391,1496.12424256811,1481.62185870755,1435.14581025762,1473.76506964306,1042.29341147299,1380.73817655629,705.806428987439,927.126035768601,1058.02064833348,1222.11145506455,1213.55525964004,631.815101196545,1477.50937347281,1538.64437284904,1602.45006827046,1645.0786683317
1473.51706125175,3598.16765936497,3904.42928915354,4420.62030572634,4792.64380203662,1649.61222091739,979.060731670921,1370.5963248528,1106.16145159737,2355.5051967041,1590.07177815972,1381.17030908574,1250.54706872632,1035.66450006747,3042.97779957396,802.283284071157,1090.75535749315,1529.68196338324,610.828222334234,962.43217355822,1196.19440359835,616.739838829956,477.738212727431,1658.3324728172,2551.21233839914,2253.3344924356,778.120312997932,673.085581408486,1153.40612374827,1226.96300596228,890.413024781197,1116.4318791131,1297.91955786944,545.456416407397,747.872685154365,1579.75724913671,623.155251843391,1e+09,1188.57348822023,1098.21423242462,1097.16197318354,1062.04261920132,887.205636197156,1000.36019907831,499.386765643624,650.722093446964,700.89920416562,721.161634656198,708.022553807434,850.491416417591,1165.50207164123,1614.29104271813,1625.74728854149,1608.17489667635
996.397821505045,3400.9381824726,3666.4063785538,4055.24308735,4398.25897069511,1582.59337149503,1017.34750444477,1029.8918373305,1756.87081685023,2608.43091459214,846.366659196828,583.361772144867,1335.43464894393,1508.08666965795,2097.9788978443,586.577684369258,1377.86962779502,1352.59547988303,1015.89960926265,922.416788116955,834.145957671677,944.748898438098,1111.62654790177,1917.68866787599,2552.95201715583,2224.74806796185,1196.80804233595,1623.76080282781,2006.00909190362,1772.47434156323,950.454618590493,773.305014984385,399.280095922649,1193.41009493803,803.630811815973,971.071853314676,1496.12424256811,1188.57348822023,1e+09,933.298360654298,948.082449631887,684.091953979873,700.958682662538,851.477404397792,824.869276067426,713.30741619585,1200.85343631103,777.784095620372,735.136816789909,1671.0101536795,567.643233290066,1111.14764289,987.167931357173,1024.6192241999
1033.50035902268,3607.41285968213,3892.16465660177,4522.2307738217,4754.50105578914,1958.85984559896,921.82561713157,1722.90800410237,1766.19659333269,2811.69121690132,1055.86492346322,1310.14553481665,969.234590282456,809.553723726845,2371.78564862004,910.335507931005,1311.16483418371,1505.76095885104,1052.20467319814,1513.5784165348,954.639761533114,1017.21084515453,1317.01462353309,1928.6204440221,2683.67858036316,2269.90598900043,1496.30241134605,1513.0713559512,2120.98953816373,1758.08822324137,910.155091509134,523.213780017308,1091.55251893805,1081.24208219066,442.926782549893,661.147695375247,1481.62185870755,1098.21423242462,933.298360654298,1e+09,470.946750174582,447.653502946196,901.95431990761,917.658419347853,967.276492736177,735.048758246689,691.123957116233,482.089762803568,597.393179740111,1395.30512114734,446.593545967695,1266.63477786614,1289.22938164626,1170.07939593858
1344.92939286789,3267.9222810067,3563.46328060217,4213.75077865315,4431.60966473809,1684.70021475632,1248.20926430627,1546.2397328681,1484.5295873104,2507.13522449428,856.041865389772,1304.83985802856,951.313095305641,842.062076512177,2247.9160402693,865.790320516463,1048.28697669102,1094.11917097728,1177.19175608734,1403.44428478654,803.491453968242,1082.96493285794,1351.58970183262,1608.25860314814,2413.44353772778,1960.5929651511,1326.47775740869,1437.93372388994,1958.57785086527,1468.75917712878,737.322406481724,584.73107810343,1234.18706997764,991.569291577749,479.940246489081,892.020728907126,1435.14581025762,1097.16197318354,948.082449631887,470.946750174582,1e+09,347.317950874987,676.00935740565,857.097643503936,885.120671264659,710.118294581966,601.248366816909,588.072254829286,785.805221222155,1236.22517552427,518.552918803857,1216.2916891108,1385.93610696886,966.028868253946
1075.31477949482,3448.07726437503,3731.96584207305,4303.57933401953,4564.03664772753,1755.7814412392,1020.22043025025,1395.01483142653,1627.12637019993,2662.23755200395,681.930089158706,1132.53343663664,1055.92561115829,936.866799016808,2261.61596375247,617.03729392963,1204.739401987,1203.82502146284,1113.75353386645,1255.01095959358,767.750956365409,989.291118832065,1234.20490434125,1815.07537347626,2602.11208755503,2172.55485214988,1257.94402399312,1425.46153988805,1955.39335186044,1640.57607394476,765.94635823927,588.853516674563,952.254192587252,1067.04743877674,368.741130062813,820.92104407184,1473.76506964306,1062.04261920132,684.091953979873,447.653502946196,347.317950874987,1e+09,667.55870266217,800.076165811731,830.127990312337,669.051728568128,758.190720333611,422.488276405394,579.428827812355,1404.24918330046,359.600264182328,1262.50885185016,1311.58983184531,1051.06064425417
1392.35854401803,2952.29684039393,3239.19818706729,3768.16993654745,4111.24432371758,1197.38450294799,1273.44805547773,1092.65536844881,1132.4566966997,2103.06511677599,1043.26815143567,821.492975015612,955.16807295889,1291.58032766065,2212.24131608647,707.822851425411,704.076084809021,970.79356374051,856.178203471684,809.662340361709,816.819309700744,900.315448218012,950.635381205644,1265.45490085581,2092.29690127859,1668.97022798491,825.725879817267,1350.69709853838,1578.58796929408,1155.6016134897,440.171567914149,618.100708461008,1034.25596106573,759.139847919999,691.829444950126,1119.961652156,1042.29341147299,887.205636197156,700.958682662538,901.95431990761,676.00935740565,667.55870266217,1e+09,834.840023357769,432.892300924837,446.07954088929,813.431258005248,739.704061770652,825.903825272652,1052.96371205279,658.889213373538,937.252019416336,1089.6890710198,788.679455418993
1548.28127512413,3411.23875763629,3753.31261875427,4185.7847952445,4377.31970688685,1378.9068318418,1175.91495840473,1058.68639095815,1439.9682012114,2268.88823100654,1015.97953670337,1249.14277862861,1566.52372545072,1116.06085595724,2380.15410698551,721.638039047278,1402.37680221829,1063.25164791784,1031.96986540306,1234.16168268181,277.545046253757,547.432933335217,1205.60670237022,1747.72818066769,2288.00183052811,2175.83105725146,1341.49095628707,1181.58904937377,1960.26029445071,1372.23558979499,1179.17736062053,1001.04865825793,944.679208303009,765.718336008744,685.496563886355,1329.16270505157,1380.73817655629,1000.36019907831,851.477404397792,917.658419347853,857.097643503936,800.076165811731,834.840023357769,1e+09,871.691689532486,593.145242078195,794.996076279626,730.246715158651,762.050074338951,1470.69719123278,863.710906669587,1379.05369500248,1471.88113137576,1193.06840097289
