1e+09,2019.98993606404,1102.71883973205,1568.3238529717,1435.76946387643,2205.74188292738,1811.24646531056,1473.90320720188,902.42231394176,1120.29368975283,550.560791284668,1223.70847578171,1620.40094686469,1253.55998460385,1297.970516961,1588.77865812076,1501.12531372301,1122.79577319297,972.298788901848,2413.87315528385,1082.67521741287,952.291836098578,1063.05153228806,1468.78123813589,1865.04385431013,1546.15431982063,1690.58493418698,1352.88376414975,1362.25453238372,1450.32196553041,383.113815595314,1660.35112976141,1823.93261503818,1380.50451969561,1345.89711965663,2090.34425047646,796.358956375829,953.898652059012,1228.50009409849,1306.6364702931,1176.35284260293,859.224445066596,980.261961824491,1494.87350257472,1400.68920175034,1083.33795668757,1495.35581190565,1107.14028528457,973.753772675619,1833.49970275427,855.915150701283,1047.65982122061,1517.68796737011,1065.37067084654
2019.98993606404,1e+09,1011.69341457776,803.990413500062,1180.34383905708,1328.96392889348,2046.56287162159,2475.74256694835,2312.36457296422,1727.04217328356,1695.33768031623,2754.62679898748,2782.11103955252,2336.76266432858,1904.72625337606,2733.04510996434,1519.38349145303,1390.5141021579,2540.77929932924,2747.94282771676,2198.37819239548,2732.47773657902,2397.25927540181,1501.24464904958,1378.79176821593,1072.38853691188,1330.06276314315,2089.60863156238,2010.86583097928,1718.00452406273,1987.88530702855,2931.70216582449,2836.07538559891,2679.19867234589,1867.54030947126,3000.31274811477,1944.09425975183,2281.60575761896,2523.14345628623,2509.12200514443,2423.33008764799,2618.62444367267,2338.71323577732,2955.12098160126,3065.64361315858,2603.41984873743,2485.79772246255,2853.78960599761,2358.71738552969,2223.07206064041,2590.08016991753,2411.67982949645,2125.8025734061,2581.58645020848
1102.71883973205,1011.69341457776,1e+09,933.714216181804,776.433959393843,1341.38459593064,1656.19105147927,1755.51253926026,1365.16366359496,986.365506898939,705.716673602091,1931.46171176133,1989.96778554327,1666.62151501173,1316.64946003103,1899.51981411092,1070.23749317616,579.430679719326,1589.54916583288,2403.41377009869,1317.67722584099,1837.84947294385,1506.85963865252,1219.74878036422,1373.05312329859,754.40222176237,1068.20956455183,1363.26514831122,1403.88615845445,1101.89839885536,1053.30542094874,2028.79244680179,2182.70144529663,1827.78268746588,1366.97535361835,2479.94530947761,1088.88443973638,1494.39535495129,1744.6508452123,1833.93122335599,1727.03676550327,1678.35602376254,1525.83034165008,2131.99813583408,2151.43329838506,1683.46794561108,1763.53332718721,1950.56394486313,1543.3517152289,1791.76556292948,1727.49614503188,1738.82783308182,1756.94153391625,1784.27416144493
1568.3238529717,803.990413500062,933.714216181804,1e+09,966.002646476706,1531.28335630608,1810.59155369178,2336.73920068115,2024.53320938433,1629.90876036053,1397.3927207124,2360.54546300214,2725.48513457696,1929.50910658644,1823.18174379298,2603.13597030582,1530.76770814517,1436.50210849132,2331.53667470619,2737.90158961202,2121.85308346266,2351.28000712378,2172.4915920896,1293.41818647335,1353.9273940282,1260.23604800847,1504.48369279963,2014.35683837298,1910.18286077538,1839.53187482577,1664.34774260069,2865.2799449792,2709.35423771053,2453.96781456074,1708.00008650468,2656.4421854616,1524.55495217457,1897.92890446402,2317.75616599331,2179.16792664081,2070.11369569403,2274.93183607773,2012.37292155306,2764.91396920411,2817.8431518273,2328.67191862658,2379.12516623233,2487.59313094003,2001.13952781909,2193.73459543309,2219.16011166387,1967.4515865454,1733.35217768923,2190.06206731681
1435.76946387643,1180.34383905708,776.433959393843,966.002646476706,1e+09,1382.98038413421,2091.03770623583,2434.56194375908,1782.83943486226,1686.4883732478,1082.40092705984,2284.28687066664,2502.82920811629,2133.40618228222,2059.79307108748,2483.84270627188,1746.42224313022,1279.50592898196,2104.3087921453,3013.56791730334,1942.83250183849,2244.10275943416,1846.405330392,1846.51304531,1905.41930626831,1415.51711812327,1749.8809318065,2021.03051735989,2118.72827715118,1854.26279143491,1540.06569661817,2566.61739219152,2717.90705168517,2381.01881473037,2084.88301539919,3048.2805845427,1359.40731423661,1952.31540407794,2401.96438537294,2411.20548371556,2299.70805440604,2100.03297121736,2081.52725329264,2683.1164513118,2663.48415458024,2187.62812667053,2464.04838706548,2359.69272285609,2043.07521829227,2502.89936589548,2241.31335131882,2238.94780939619,2152.59339070341,2270.12030344209
2205.74188292738,1328.96392889348,1341.38459593064,1531.28335630608,1382.98038413421,1e+09,1568.18659074742,2465.89371220659,2008.79041151634,1705.10274136194,1758.77875771798,2785.09553678146,3122.44593463202,2241.51987037813,2241.58897891652,2409.67649189679,1495.21682942642,1611.28662937418,2590.91713661398,2960.32915762758,2306.12823648209,2876.40531782293,2474.98599886949,1809.32338099081,1722.74467516228,1298.00949110552,1502.27887730607,1951.62046417842,2177.1127525923,1845.4410752988,2190.51168679832,2777.32285310873,3189.93618771599,2399.44527355804,2188.72661047468,2897.18695012938,1682.42161526176,2288.81325474579,2746.26523356722,2717.46717989381,2611.97860741623,2627.94979752278,2324.95770200234,3283.24873839921,3151.07980505096,2426.39527000446,2525.18770852782,2902.76678598195,2319.68676508273,2412.63845014126,2796.28178374426,2785.73991612641,2733.39359738037,2681.04009022618
1811.24646531056,2046.56287162159,1656.19105147927,1810.59155369178,2091.03770623583,1568.18659074742,1e+09,1619.8208064783,1439.10281738311,1203.1252407792,1688.89875149459,2188.90546369641,2877.53110573978,1254.34004540236,1638.48168235107,1600.03355652311,1098.55054986104,1684.47555618952,2111.17984056309,2406.87359661865,1961.36704833644,2267.37015795833,2309.44451914308,1079.1920489885,1439.67570910952,1394.60772584982,1402.79980496149,1368.33448060041,1494.33289246406,1604.91233984913,1808.1725012841,2348.60807483922,2766.74108512163,1521.07513298982,1373.94370787161,1444.20471859082,1261.82277071703,1582.9786288829,1954.48947254775,1831.94401169905,1706.85736691734,2042.21228125286,1475.01800243251,2718.22954479566,2492.74236458564,1641.7829828269,1724.66193832299,2255.15396951073,1523.90980825638,1688.35854364528,2016.08339775417,1971.32380473123,2266.71717490295,1867.71047451151
1473.90320720188,2475.74256694835,1755.51253926026,2336.73920068115,2434.56194375908,2465.89371220659,1619.8208064783,1e+09,1169.23251490027,826.859874041545,1470.22941662177,1315.45213789784,1567.17764155822,1024.87030633149,742.417822994572,942.603422813646,1091.52276252032,1446.65145688241,1055.2734111594,1408.98684330266,930.230080141467,1248.1269900535,1403.79747673943,1340.61481533661,1623.09503162939,1654.50928069322,1315.31533447307,550.78939377951,521.803798376363,1040.62578264235,1185.12178070441,1157.0681554256,1364.06399571281,665.059924743628,975.226372746348,1329.76124161445,1461.22780065259,960.549167820159,814.569377769629,792.648893457879,777.810609788784,1097.55105293558,646.333529534094,1398.22679201194,1172.193222596,1078.92029307081,207.386299933241,1199.43503237983,801.812536694207,752.213675360931,1117.33021448451,1209.01183757646,1724.18211425012,930.973609239274
902.42231394176,2312.36457296422,1365.16366359496,2024.53320938433,1782.83943486226,2008.79041151634,1439.10281738311,1169.23251490027,1e+09,902.490083048008,842.660880425809,1332.75350204004,1791.82277647651,1140.39711920892,1368.22423330388,874.577704838169,1329.17283022186,1189.45073349004,878.094612783839,2366.49490536109,974.279327246555,1197.91186937938,1206.60758915233,1575.50995617292,1968.31628042853,1538.68149563189,1621.79056360555,963.630442337725,1280.01435691167,1282.98124218556,847.688501396592,1205.81214863676,2008.58339784536,745.072647062016,1415.94767198509,1840.95714659522,667.599880991601,988.240690166115,1239.28761798866,1422.18598122749,1295.84213351781,870.88668889816,837.606915862089,1682.56557898942,1336.94452742064,560.932928521762,1218.05298345351,1176.24166334984,868.640536297956,1728.93032100776,1098.15413940849,1493.31355819868,2065.1370059151,1169.40511834009
1120.29368975283,1727.04217328356,986.365506898939,1629.90876036053,1686.4883732478,1705.10274136194,1203.1252407792,826.859874041545,902.490083048008,1e+09,903.383226654115,1517.86749375563,1719.95319241542,1052.87263992375,663.166066230775,1093.66122560873,505.680283776222,750.363744993053,1130.75414551528,1777.26224404279,832.920408142339,1448.81227003363,1335.63974963311,886.4381289182,1205.15803752039,896.180530138878,762.090146111338,453.762704725719,584.109784287166,574.11418150051,887.671468506226,1415.81640066783,1741.58366870501,980.69965687768,771.456670850671,1674.59985280066,969.289776227935,978.917231179429,1090.98553120562,1176.65102260611,1077.61969135684,1230.74028125352,806.502431304457,1705.06870735463,1586.31117281572,1080.61695392031,858.807234424583,1478.84963664329,909.654164559257,1015.26332382294,1264.66574615588,1341.06432534014,1661.35016260871,1211.91857053187
550.560791284668,1695.33768031623,705.716673602091,1397.3927207124,1082.40092705984,1758.77875771798,1688.89875149459,1470.22941662177,842.660880425809,903.383226654115,1e+09,1360.27620070337,1652.21593301239,1323.60803590036,1270.31471321086,1556.13462810902,1225.28302061197,790.324711115628,1061.64426038104,2317.86783257804,988.003023224119,1232.96007299507,960.136067961203,1411.13652883057,1660.33864322915,1243.71976160227,1374.53455438559,1156.46691107009,1290.06626446086,1202.51825108811,520.064691745171,1589.15989201842,1858.63473520216,1380.55866583061,1391.00863218026,2251.29918562594,654.543458832185,1028.39151255735,1428.94971034673,1485.67709721864,1371.69537981288,1042.73485800562,1084.98274875686,1723.32160463449,1604.52583045584,1210.91324375448,1499.01915661542,1330.68712453379,1065.48949544329,1754.49530347049,1243.33587300456,1387.84439023256,1641.30843396359,1285.74083461637
1223.70847578171,2754.62679898748,1931.46171176133,2360.54546300214,2284.28687066664,2785.09553678146,2188.90546369641,1315.45213789784,1332.75350204004,1517.86749375563,1360.27620070337,1e+09,1690.70442262981,1027.53726516365,1570.69868001473,1779.8886531466,1787.02790017392,1915.87382841355,1217.64644145992,1817.95934462243,1435.49858247927,605.403150801183,849.107010334975,1937.14057879133,2044.06596767325,2304.79691756129,1993.45154031895,1369.2306313401,1408.68865584273,1918.56591708495,1109.81037893867,1605.83009425032,1234.67590917617,1237.39452908117,1810.74724321204,1920.70061232874,1323.03686921416,635.914571385182,1516.00667317133,923.793756960936,933.123886415946,666.56260973745,877.241922561844,1593.24291983363,1196.48281558909,1506.79076447263,1431.10186035097,505.577146437614,719.531818545921,1674.92493578071,1200.74968961062,1055.95539096119,1393.1449436437,557.066700494654
1620.40094686469,2782.11103955252,1989.96778554327,2725.48513457696,2502.82920811629,3122.44593463202,2877.53110573978,1567.17764155822,1791.82277647651,1719.95319241542,1652.21593301239,1690.70442262981,1e+09,2182.91865455404,1496.26931650021,1832.32060488878,2093.90563457382,1628.88179684715,956.642885877483,2228.67050835246,953.284316560385,1281.40254732851,1184.29385774815,2325.3371878289,2540.66274194353,2200.86309799133,2119.00445952811,1670.16052512925,1622.3438770495,1577.94594530358,1316.26903446826,1143.31425002053,1134.6539459236,1772.36972031797,1886.0654208961,2763.14722740212,2120.38186890947,1769.901931464,1250.63251405039,1693.04220109837,1707.69845719319,1308.76470375694,1654.24587682726,691.718134719627,986.656039813268,1673.88116059653,1448.27059557253,1372.09560465005,1721.19570456122,1913.98987128981,1355.1328167379,1709.43445373024,2082.54406049428,1625.62880274065
1253.55998460385,2336.76266432858,1666.62151501173,1929.50910658644,2133.40618228222,2241.51987037813,1254.34004540236,1024.87030633149,1140.39711920892,1052.87263992375,1323.60803590036,1027.53726516365,2182.91865455404,1e+09,1236.04400880389,1489.09918981242,1171.89525005437,1686.2744515944,1486.83432012447,1696.33339765507,1511.03981026312,1249.18729944712,1473.04031326369,1179.62587844621,1405.10185492013,1789.33088317952,1477.87069715182,1000.39919087332,1001.0926055066,1593.47322390431,1190.84248828298,1854.98672154277,1779.47389792601,992.144915473541,1234.58948719807,1120.16613674044,974.401305109964,493.443592723626,1420.60404384895,778.528107713524,682.696094539876,1136.88874864694,570.648275034631,1980.62541241397,1664.27581088592,1333.24177289792,1199.60485619224,1208.8795478045,495.548585912623,1231.83407324201,1286.0780909416,1011.14790698493,1382.8060106537,729.289393519472
1297.970516961,1904.72625337606,1316.64946003103,1823.18174379298,2059.79307108748,2241.58897891652,1638.48168235107,742.417822994572,1368.22423330388,663.166066230775,1270.31471321086,1570.69868001473,1496.26931650021,1236.04400880389,1e+09,1370.03221991309,854.482271202861,1032.52321446058,1190.34803750836,1508.55121063224,882.422808805393,1408.69924355769,1465.62205912711,908.985380410488,1245.72397769329,1181.45321557817,937.309015213233,783.237189745227,362.339467212723,703.325797052831,1009.89584750112,1530.59323505626,1414.52079323706,1244.89959305962,495.670689268591,1642.10582996347,1467.53715329459,1123.71139350814,807.436204476861,936.214863479533,889.491147117272,1330.71262228176,917.185287769053,1403.35577349438,1476.6111892438,1330.80701677591,692.586604043133,1485.18522030082,1063.10477117733,714.156246139457,1142.28689518002,1080.88313683765,1399.22223016932,1163.05127960894
1588.77865812076,2733.04510996434,1899.51981411092,2603.13597030582,2483.84270627188,2409.67649189679,1600.03355652311,942.603422813646,874.577704838169,1093.66122560873,1556.13462810902,1779.8886531466,1832.32060488878,1489.09918981242,1370.03221991309,1e+09,1477.41000923914,1501.36531803555,1062.87324851085,2297.77005444409,1054.01706651268,1588.74907502727,1704.24259816494,1772.58386740938,2213.35166261487,1742.09427856244,1753.14591874151,973.399509964947,1275.07564179542,1231.19529385065,1403.80820000454,953.41207523295,2095.43478283148,612.013203779134,1415.0444325886,1686.93206401443,1459.91668690374,1452.6705541519,1095.78355294282,1565.42261201249,1480.81389776028,1301.72302779816,1110.86691403606,1643.31537855641,1321.1319176373,625.40460831369,915.959921994407,1520.915445513,1250.78036948938,1595.93122862484,1314.66953509237,1803.522639808,2474.20571638657,1483.29577515747
1501.12531372301,1519.38349145303,1070.23749317616,1530.76770814517,1746.42224313022,1495.21682942642,1098.55054986104,1091.52276252032,1329.17283022186,505.680283776222,1225.28302061197,1787.02790017392,2093.90563457382,1171.89525005437,854.482271202861,1477.41000923914,1e+09,997.793889638537,1613.00129838757,1642.3623472608,1278.97102817069,1837.96350366377,1658.78890658215,729.547319781246,797.914860621106,838.868962115061,370.007619110742,692.777738528022,718.528610355913,773.363992567536,1300.67539663054,1829.61865463817,1939.61586261301,1335.31480625357,905.500645941238,1726.84146348181,1219.28736616927,1220.33024026286,1500.65515728964,1379.14217635456,1306.14697243457,1649.37579668795,1138.38257984739,2127.2043086173,2029.01770145063,1554.56016663878,1155.73510334332,1858.53622671176,1203.96482461075,932.137895646347,1703.21645350789,1591.18497620484,1677.6132304557,1505.86110919965
1122.79577319297,1390.5141021579,579.430679719326,1436.50210849132,1279.50592898196,1611.28662937418,1684.47555618952,1446.65145688241,1189.45073349004,750.363744993053,790.324711115628,1915.87382841355,1628.88179684715,1686.2744515944,1032.52321446058,1501.36531803555,997.793889638537,1e+09,1248.9423534335,2293.01231224344,885.449439493865,1711.30614087603,1431.48577932161,1250.82575453178,1540.16310662215,655.661762038934,1015.98966874669,1108.53302927788,1172.70938126204,637.516802602096,941.401562033971,1601.8903733402,1997.59604212163,1559.39664934872,1142.42117128492,2356.38633890965,1219.35591436627,1489.06351661036,1364.29446847079,1717.57484029081,1617.72316142163,1520.63476354449,1383.36500342462,1765.34770337178,1824.1200159529,1366.02049278186,1399.07686032612,1811.74713782029,1464.16907012134,1589.63088171437,1494.61145736944,1691.86673231079,1912.16801306789,1696.33237904604
972.298788901848,2540.77929932924,1589.54916583288,2331.53667470619,2104.3087921453,2590.91713661398,2111.17984056309,1055.2734111594,878.094612783839,1130.75414551528,1061.64426038104,1217.64644145992,956.642885877483,1486.83432012447,1190.34803750836,1062.87324851085,1613.00129838757,1248.9423534335,1e+09,2190.8327596373,491.947531043708,792.03068084513,895.625082386598,1832.50691955037,2195.92051276908,1790.62537047815,1793.03833835197,1104.71877688396,1221.25512776815,1245.9166132611,710.182195777957,745.209302947836,1421.80649411233,968.69941984085,1437.18173040155,2105.31521777619,1326.14683361233,1131.16702962029,796.124008493652,1264.52963373738,1201.25616776772,593.862908001502,937.316707575406,851.139637779842,618.973200227603,757.056088873209,995.818525184182,836.771691442773,1016.7516809428,1651.53711060333,728.205235150092,1302.11678089947,1929.26381249429,1055.97527310065
2413.87315528385,2747.94282771676,2403.41377009869,2737.90158961202,3013.56791730334,2960.32915762758,2406.87359661865,1408.98684330266,2366.49490536109,1777.26224404279,2317.86783257804,1817.95934462243,2228.67050835246,1696.33339765507,1508.55121063224,2297.77005444409,1642.3623472608,2293.01231224344,2190.8327596373,1e+09,1990.53580299376,2055.65661118291,1999.63370263156,1883.7061367156,1582.48289529461,2359.41582509315,1627.4279502024,1514.55458392889,1290.27024634377,1893.02877365876,2120.88780106351,2229.79878802999,1332.38363581965,1918.09001173042,1822.04856848,1988.07018787064,2363.36264682338,1668.09871548419,1992.99865368745,1371.02452709643,1494.52727787083,2063.4694968911,1685.37088482031,2281.29134130211,2178.73636195387,2445.29165495652,1494.28579930347,2008.03727383234,1693.56457467674,922.404694805919,2224.23634081453,1827.22975796696,1638.99859167115,1677.45830896031
1082.67521741287,2198.37819239548,1317.67722584099,2121.85308346266,1942.83250183849,2306.12823648209,1961.36704833644,930.230080141467,974.279327246555,832.920408142339,988.003023224119,1435.49858247927,953.284316560385,1511.03981026312,882.422808805393,1054.01706651268,1278.97102817069,885.449439493865,491.947531043708,1990.53580299376,1e+09,1121.24027215401,994.000008501006,1581.70875229923,1894.66109045919,1413.41586339619,1398.08835847381,856.136300305039,955.020368369178,790.104120670181,738.401451853935,817.621053850743,1399.56031717107,1045.45848004596,1193.9469170361,2116.63967011393,1343.44520498605,1198.34723907555,793.400099949578,1294.59847910462,1236.39705899844,929.915615741557,991.131739881233,1028.5907580277,990.216641397225,937.81727388655,836.210385967551,1176.71215430963,1100.76450333393,1382.48423245981,984.413079250779,1390.04365212032,1865.50370600007,1221.74804419733
952.291836098578,2732.47773657902,1837.84947294385,2351.28000712378,2244.10275943416,2876.40531782293,2267.37015795833,1248.1269900535,1197.91186937938,1448.81227003363,1232.96007299507,605.403150801183,1281.40254732851,1249.18729944712,1408.69924355769,1588.74907502727,1837.96350366377,1711.30614087603,792.03068084513,2055.65661118291,1121.24027215401,1e+09,804.404636734523,1918.53693276934,2195.55269365142,2184.58132208439,2034.09530578093,1385.66682893111,1370.89290613819,1749.26199146955,820.300311715167,1348.86588784801,1201.38397812689,1196.30723478545,1637.5141420458,1993.27589119018,1360.30774698228,827.948378282125,1114.51395984976,945.662326520413,917.787069749841,355.718204060461,854.95461300586,1064.84491603238,745.115480445817,1200.57091548146,1284.02952392069,246.793054602434,812.652310216368,1727.4218992186,713.36322424134,892.202644526455,1500.11446496592,590.432970624101
1063.05153228806,2397.25927540181,1506.85963865252,2172.4915920896,1846.405330392,2474.98599886949,2309.44451914308,1403.79747673943,1206.60758915233,1335.63974963311,960.136067961203,849.107010334975,1184.29385774815,1473.04031326369,1465.62205912711,1704.24259816494,1658.78890658215,1431.48577932161,895.625082386598,1999.63370263156,994.000008501006,804.404636734523,1e+09,1975.07151946455,2050.60496283414,1968.85632157352,1773.58158171537,1263.3297812527,1399.45067555095,1556.37095494615,835.25340142977,1260.7251077852,1185.94696883967,1359.76672727347,1808.85208295206,2423.29853744849,1281.84830549484,995.197109873215,1480.70443279542,1343.02802539634,1324.9186590127,711.828722025179,1124.94776069825,1401.73754954342,1155.81933579604,1452.61228223501,1438.92564780116,826.10312358688,1047.62098265546,1759.79114780703,1283.41939127473,1402.21885763243,1622.24969489903,1070.95129833247
1468.78123813589,1501.24464904958,1219.74878036422,1293.41818647335,1846.51304531,1809.32338099081,1079.1920489885,1340.61481533661,1575.50995617292,886.4381289182,1411.13652883057,1937.14057879133,2325.3371878289,1179.62587844621,908.985380410488,1772.58386740938,729.547319781246,1250.82575453178,1832.50691955037,1883.7061367156,1581.70875229923,1918.53693276934,1975.07151946455,1e+09,768.652850772051,979.135131940428,863.958090997474,1187.40414594189,932.154451955254,1160.33046439366,1382.57052268591,2237.77712612315,2148.57328897573,1629.48854043224,628.45051245106,1526.88127816147,1359.61690747799,1331.55711845193,1491.16644050891,1336.79125969614,1235.33549637335,1817.19619042634,1246.85503644169,2194.14081517117,2194.2852658212,1686.31416856409,1391.11868253575,1995.6794351298,1331.27125489135,1118.46706741862,1625.95731392309,1358.51501143712,1462.75988815663,1536.79038414483
1865.04385431013,1378.79176821593,1373.05312329859,1353.9273940282,1905.41930626831,1722.74467516228,1439.67570910952,1623.09503162939,1968.31628042853,1205.15803752039,1660.33864322915,2044.06596767325,2540.66274194353,1405.10185492013,1245.72397769329,2213.35166261487,797.914860621106,1540.16310662215,2195.92051276908,1582.48289529461,1894.66109045919,2195.55269365142,2050.60496283414,768.652850772051,1e+09,1262.06057366515,721.454821593147,1363.144587122,1155.95335048608,1430.86450812088,1727.96321199266,2511.29990618405,2132.0618660583,1964.35055766531,1238.09080708969,1919.79900630248,1646.92897943415,1518.52242390424,1993.26850491849,1574.31234194489,1535.22075213957,2109.28430376277,1577.89983341783,2569.28892423565,2539.89063000752,2206.94415998684,1709.1609562882,2245.51401803685,1592.08086814081,1143.69613477532,2124.75454062346,1710.73968554541,1403.78617894607,1792.70070658769
1546.15431982063,1072.38853691188,754.40222176237,1260.23604800847,1415.51711812327,1298.00949110552,1394.60772584982,1654.50928069322,1538.68149563189,896.180530138878,1243.71976160227,2304.79691756129,2200.86309799133,1789.33088317952,1181.45321557817,1742.09427856244,838.868962115061,655.661762038934,1790.62537047815,2359.41582509315,1413.41586339619,2184.58132208439,1968.85632157352,979.135131940428,1262.06057366515,1e+09,799.845620479352,1294.41898433235,1293.88207294946,805.351796049404,1427.05108647168,2086.82766892717,2402.62569979179,1826.28765658644,1098.83601752036,2290.31175869138,1438.77432021148,1760.97247261279,1695.64059714905,1939.30207832612,1833.80681479811,1995.92605301399,1649.10110536013,2269.56461652891,2326.10468491854,1713.68612263156,1632.04984712477,2271.27156738247,1739.95175246327,1592.90050012548,1894.45928430779,1946.1380174335,2062.75562571042,2014.62488473661
1690.58493418698,1330.06276314315,1068.20956455183,1504.48369279963,1749.8809318065,1502.27887730607,1402.79980496149,1315.31533447307,1621.79056360555,762.090146111338,1374.53455438559,1993.45154031895,2119.00445952811,1477.87069715182,937.309015213233,1753.14591874151,370.007619110742,1015.98966874669,1793.03833835197,1627.4279502024,1398.08835847381,2034.09530578093,1773.58158171537,863.958090997474,721.454821593147,799.845620479352,1e+09,939.404458580009,879.075307752413,796.489158494954,1467.59389600802,1992.65415544193,1963.78521328072,1642.18588107437,1052.52940871027,2020.94376007844,1494.31330419695,1472.93659866947,1675.28867151306,1577.90033354455,1527.09985901381,1873.86020041518,1420.30804880491,2233.0510291975,2213.78991636515,1838.53430452086,1347.99569520826,2074.09620876178,1481.81211126782,1001.91371889001,1917.56852594634,1766.48688313839,1706.91836049648,1740.88937494604
1352.88376414975,2089.60863156238,1363.26514831122,2014.35683837298,2021.03051735989,1951.62046417842,1368.33448060041,550.78939377951,963.630442337725,453.762704725719,1156.46691107009,1369.2306313401,1670.16052512925,1000.39919087332,783.237189745227,973.399509964947,692.777738528022,1108.53302927788,1104.71877688396,1514.55458392889,856.136300305039,1385.66682893111,1263.3297812527,1187.40414594189,1363.144587122,1294.41898433235,939.404458580009,1e+09,528.132806687863,773.079232808643,1070.06703154522,1204.30948364613,1548.47810940291,734.83120687679,1018.5605945647,1589.58987993759,1152.07060682061,916.759413968572,1121.80361574564,1072.13790512228,1019.26660800793,1153.27163760321,724.509485859226,1673.63512409366,1443.73381611708,1115.76258097321,637.281751111704,1347.55319249371,814.803733729786,859.972699741102,1333.61288142399,1408.87617053452,1745.94109837646,1109.87937029211
1362.25453238372,2010.86583097928,1403.88615845445,1910.18286077538,2118.72827715118,2177.1127525923,1494.33289246406,521.803798376363,1280.01435691167,584.109784287166,1290.06626446086,1408.68865584273,1622.3438770495,1001.0926055066,362.339467212723,1275.07564179542,718.528610355913,1172.70938126204,1221.25512776815,1290.27024634377,955.020368369178,1370.89290613819,1399.45067555095,932.154451955254,1155.95335048608,1293.88207294946,879.075307752413,528.132806687863,1e+09,801.269763001201,1072.94743072529,1474.38236231311,1370.56649382655,1039.17875627824,670.103595647718,1462.09486275686,1367.58897019536,937.306577060035,946.443015505952,800.335932405887,768.46247396994,1257.60473209988,743.930419192548,1546.60977815996,1473.90786723594,1311.60864986474,567.129262690614,1392.61685114751,870.316657774629,497.383614728109,1225.31065032505,1110.07973254177,1402.72886271724,1027.23311604523
1450.32196553041,1718.00452406273,1101.89839885536,1839.53187482577,1854.26279143491,1845.4410752988,1604.91233984913,1040.62578264235,1282.98124218556,574.11418150051,1202.51825108811,1918.56591708495,1577.94594530358,1593.47322390431,703.325797052831,1231.19529385065,773.363992567536,637.516802602096,1245.9166132611,1893.02877365876,790.104120670181,1749.26199146955,1556.37095494615,1160.33046439366,1430.86450812088,805.351796049404,796.489158494954,773.079232808643,801.269763001201,1e+09,1165.05955435763,1397.36593603823,1805.18250825228,1325.98828893773,900.600908616019,2055.06007425574,1466.2783822658,1467.66747115959,1146.81183351934,1523.58153867786,1456.34237636622,1555.01473456042,1260.01306965444,1668.76233172972,1706.53480989987,1328.98077333722,963.630425889511,1800.92863162314,1390.65766287034,1127.56021404624,1499.18911885726,1672.17659303675,1947.60457706384,1618.10729897618
383.113815595314,1987.88530702855,1053.30542094874,1664.34774260069,1540.06569661817,2190.51168679832,1808.1725012841,1185.12178070441,847.688501396592,887.671468506226,520.064691745171,1109.81037893867,1316.26903446826,1190.84248828298,1009.89584750112,1403.80820000454,1300.67539663054,941.401562033971,710.182195777957,2120.88780106351,738.401451853935,820.300311715167,835.25340142977,1382.57052268591,1727.96321199266,1427.05108647168,1467.59389600802,1070.06703154522,1072.94743072529,1165.05955435763,1e+09,1374.67123094942,1512.91320778821,1189.52300591456,1175.17561606766,2018.47118389141,889.400278333665,828.923706561708,991.16732235279,1114.17757678029,1006.47542016683,697.643129615708,799.892215426554,1254.89623244315,1175.23358350585,995.528314665133,1189.46437353121,962.905111005233,825.18883045034,1548.29234774961,759.033714205107,974.994373060686,1434.54846854333,922.708099780207
1660.35112976141,2931.70216582449,2028.79244680179,2865.2799449792,2566.61739219152,2777.32285310873,2348.60807483922,1157.0681554256,1205.81214863676,1415.81640066783,1589.15989201842,1605.83009425032,1143.31425002053,1854.98672154277,1530.59323505626,953.41207523295,1829.61865463817,1601.8903733402,745.209302947836,2229.79878802999,817.621053850743,1348.86588784801,1260.7251077852,2237.77712612315,2511.29990618405,2086.82766892717,1992.65415544193,1204.30948364613,1474.38236231311,1397.36593603823,1374.67123094942,1e+09,1603.95386140001,1015.25412523171,1828.93839715831,2324.96574542508,1770.89590408358,1570.11411728575,1206.19587766664,1666.92171879786,1645.01013291712,1117.71694015077,1343.04553321918,1211.42059805833,876.912623355372,1073.9303139869,1080.68497921457,1273.10452390996,1424.84111321228,1785.17588850511,1373.6356157657,1899.35527047996,2466.08409682233,1517.67558476771
1823.93261503818,2836.07538559891,2182.70144529663,2709.35423771053,2717.90705168517,3189.93618771599,2766.74108512163,1364.06399571281,2008.58339784536,1741.58366870501,1858.63473520216,1234.67590917617,1134.6539459236,1779.47389792601,1414.52079323706,2095.43478283148,1939.61586261301,1997.59604212163,1421.80649411233,1332.38363581965,1399.56031717107,1201.38397812689,1185.94696883967,2148.57328897573,2132.0618660583,2402.62569979179,1963.78521328072,1548.47810940291,1370.56649382655,1805.18250825228,1512.91320778821,1603.95386140001,1e+09,1738.98421996866,1853.98037052715,2370.88053357819,2140.15981431294,1419.64292235759,1488.52100294218,1173.45918050011,1289.61482059567,1339.73645400877,1445.97494535694,1273.06874806508,1270.63591169933,2010.1119454896,1359.33025692802,1217.33469575955,1444.38808676893,1440.76414093355,1549.5152661397,1391.4821026517,1466.82850657464,1243.36091128039
1380.50451969561,2679.19867234589,1827.78268746588,2453.96781456074,2381.01881473037,2399.44527355804,1521.07513298982,665.059924743628,745.072647062016,980.69965687768,1380.55866583061,1237.39452908117,1772.36972031797,992.144915473541,1244.89959305962,612.013203779134,1335.31480625357,1559.39664934872,968.69941984085,1918.09001173042,1045.45848004596,1196.30723478545,1359.76672727347,1629.48854043224,1964.35055766531,1826.28765658644,1642.18588107437,734.83120687679,1039.17875627824,1325.98828893773,1189.52300591456,1015.25412523171,1738.98421996866,1e+09,1360.97482482227,1416.54304742214,1194.10239506501,940.334369626039,1076.54593041821,1117.33373769881,1047.85339337142,919.036022090538,648.467833974824,1585.24336977008,1139.04686409296,718.204241633256,762.5417180063,1080.20648220606,736.805273936065,1348.70658673412,1135.63116111702,1437.18417841973,2060.28010750966,980.173965681603
1345.89711965663,1867.54030947126,1366.97535361835,1708.00008650468,2084.88301539919,2188.72661047468,1373.94370787161,975.226372746348,1415.94767198509,771.456670850671,1391.00863218026,1810.74724321204,1886.0654208961,1234.58948719807,495.670689268591,1415.0444325886,905.500645941238,1142.42117128492,1437.18173040155,1822.04856848,1193.9469170361,1637.5141420458,1808.85208295206,628.45051245106,1238.09080708969,1098.83601752036,1052.52940871027,1018.5605945647,670.103595647718,900.600908616019,1175.17561606766,1828.93839715831,1853.98037052715,1360.97482482227,1e+09,1439.8425925774,1459.11762620428,1273.59968251409,925.394861180891,1104.00567888032,1007.93467268469,1549.9701931005,1038.25386438,1672.0210460996,1740.09490137751,1335.47506764447,949.041795549596,1723.44432500734,1198.5916089728,948.570906205751,1210.94746653189,1140.34161070269,1539.30652613441,1331.65075579147
2090.34425047646,3000.31274811477,2479.94530947761,2656.4421854616,3048.2805845427,2897.18695012938,1444.20471859082,1329.76124161445,1840.95714659522,1674.59985280066,2251.29918562594,1920.70061232874,2763.14722740212,1120.16613674044,1642.10582996347,1686.93206401443,1726.84146348181,2356.38633890965,2105.31521777619,1988.07018787064,2116.63967011393,1993.27589119018,2423.29853744849,1526.88127816147,1919.79900630248,2290.31175869138,2020.94376007844,1589.58987993759,1462.09486275686,2055.06007425574,2018.47118389141,2324.96574542508,2370.88053357819,1416.54304742214,1439.8425925774,1e+09,1899.81733335076,1509.26340746074,1662.47206241188,1286.63438559678,1239.43367301361,1919.51673790566,1315.90849176529,2370.02800337886,2115.64773211421,1726.74281058298,1452.02180379635,1939.71528039555,1396.33020152828,1454.67169254784,1741.75988692472,1554.06339423461,2078.10851708952,1472.03764788812
796.358956375829,1944.09425975183,1088.88443973638,1524.55495217457,1359.40731423661,1682.42161526176,1261.82277071703,1461.22780065259,667.599880991601,969.289776227935,654.543458832185,1323.03686921416,2120.38186890947,974.401305109964,1467.53715329459,1459.91668690374,1219.28736616927,1219.35591436627,1326.14683361233,2363.36264682338,1343.44520498605,1360.30774698228,1281.84830549484,1359.61690747799,1646.92897943415,1438.77432021148,1494.31330419695,1152.07060682061,1367.58897019536,1466.2783822658,889.400278333665,1770.89590408358,2140.15981431294,1194.10239506501,1459.11762620428,1899.81733335076,1e+09,884.97812967327,1596.32451393819,1459.04496294665,1322.29532075857,1123.502575965,964.160646987835,2057.55264902262,1779.44598853126,1143.97324986208,1557.03862900058,1381.76520295599,903.473745274316,1788.68497159226,1363.39257611298,1439.19448428626,1774.73616515244,1223.89095245451
953.898652059012,2281.60575761896,1494.39535495129,1897.92890446402,1952.31540407794,2288.81325474579,1582.9786288829,960.549167820159,988.240690166115,978.917231179429,1028.39151255735,635.914571385182,1769.901931464,493.443592723626,1123.71139350814,1452.6705541519,1220.33024026286,1489.06351661036,1131.16702962029,1668.09871548419,1198.34723907555,827.948378282125,995.197109873215,1331.55711845193,1518.52242390424,1760.97247261279,1472.93659866947,916.759413968572,937.306577060035,1467.66747115959,828.923706561708,1570.11411728575,1419.64292235759,940.334369626039,1273.59968251409,1509.26340746074,884.97812967327,1e+09,1245.04382292351,661.833369587844,580.984720194946,726.465344114914,399.554341986168,1637.94561011653,1326.40940681978,1210.6535772879,1100.96184702287,809.570891213364,220.425393727674,1265.29574740453,1036.84351635143,836.649671009318,1226.75233771939,427.964705203595
1228.50009409849,2523.14345628623,1744.6508452123,2317.75616599331,2401.96438537294,2746.26523356722,1954.48947254775,814.569377769629,1239.28761798866,1090.98553120562,1428.94971034673,1516.00667317133,1250.63251405039,1420.60404384895,807.436204476861,1095.78355294282,1500.65515728964,1364.29446847079,796.124008493652,1992.99865368745,793.400099949578,1114.51395984976,1480.70443279542,1491.16644050891,1993.26850491849,1695.64059714905,1675.28867151306,1121.80361574564,946.443015505952,1146.81183351934,991.16732235279,1206.19587766664,1488.52100294218,1076.54593041821,925.394861180891,1662.47206241188,1596.32451393819,1245.04382292351,1e+09,1011.31856064249,948.139762956918,1059.72112416428,917.134453828881,841.090542153459,911.934603302232,905.392012224539,688.70037244073,1192.93979592434,1098.57977361683,1295.92268311038,603.427209694757,1045.13532932343,1783.50726684811,1073.17333627891
1306.6364702931,2509.12200514443,1833.93122335599,2179.16792664081,2411.20548371556,2717.46717989381,1831.94401169905,792.648893457879,1422.18598122749,1176.65102260611,1485.67709721864,923.793756960936,1693.04220109837,778.528107713524,936.214863479533,1565.42261201249,1379.14217635456,1717.57484029081,1264.52963373738,1371.02452709643,1294.59847910462,945.662326520413,1343.02802539634,1336.79125969614,1574.31234194489,1939.30207832612,1577.90033354455,1072.13790512228,800.335932405887,1523.58153867786,1114.17757678029,1666.92171879786,1173.45918050011,1117.33373769881,1104.00567888032,1286.63438559678,1459.04496294665,661.833369587844,1011.31856064249,1e+09,170.772538775999,1002.31863461676,595.318763100912,1428.18571887553,1253.91160334371,1399.77316265886,897.32360266517,959.216853479963,634.194976880139,975.988593529658,972.85978964083,568.626434753081,1098.56213497462,451.821951215299
1176.35284260293,2423.33008764799,1727.03676550327,2070.11369569403,2299.70805440604,2611.97860741623,1706.85736691734,777.810609788784,1295.84213351781,1077.61969135684,1371.69537981288,933.123886415946,1707.69845719319,682.696094539876,889.491147117272,1480.81389776028,1306.14697243457,1617.72316142163,1201.25616776772,1494.52727787083,1236.39705899844,917.787069749841,1324.9186590127,1235.33549637335,1535.22075213957,1833.80681479811,1527.09985901381,1019.26660800793,768.46247396994,1456.34237636622,1006.47542016683,1645.01013291712,1289.61482059567,1047.85339337142,1007.93467268469,1239.43367301361,1322.29532075857,580.984720194946,948.139762956918,170.772538775999,1e+09,943.327985644442,480.560188634056,1427.91179944701,1249.37325615686,1279.00946560219,882.228590275786,945.5620875437,537.2782976261,1012.09043108805,875.340058548676,506.675694798951,1120.13595505189,413.545997199828
859.224445066596,2618.62444367267,1678.35602376254,2274.93183607773,2100.03297121736,2627.94979752278,2042.21228125286,1097.55105293558,870.88668889816,1230.74028125352,1042.73485800562,666.56260973745,1308.76470375694,1136.88874864694,1330.71262228176,1301.72302779816,1649.37579668795,1520.63476354449,593.862908001502,2063.4694968911,929.915615741557,355.718204060461,711.828722025179,1817.19619042634,2109.28430376277,1995.92605301399,1873.86020041518,1153.27163760321,1257.60473209988,1555.01473456042,697.643129615708,1117.71694015077,1339.73645400877,919.036022090538,1549.9701931005,1919.51673790566,1123.502575965,726.465344114914,1059.72112416428,1002.31863461676,943.327985644442,1e+09,695.551626552623,1153.05536818489,738.247958005981,933.944644826448,1142.3104263728,334.974909657425,660.951606549224,1655.1388076533,729.336025848168,1044.78496667975,1653.28799321231,628.681692830323
980.261961824491,2338.71323577732,1525.83034165008,2012.37292155306,2081.52725329264,2324.95770200234,1475.01800243251,646.333529534094,837.606915862089,806.502431304457,1084.98274875686,877.241922561844,1654.24587682726,570.648275034631,917.185287769053,1110.86691403606,1138.38257984739,1383.36500342462,937.316707575406,1685.37088482031,991.131739881233,854.95461300586,1124.94776069825,1246.85503644169,1577.89983341783,1649.10110536013,1420.30804880491,724.509485859226,743.930419192548,1260.01306965444,799.892215426554,1343.04553321918,1445.97494535694,648.467833974824,1038.25386438,1315.90849176529,964.160646987835,399.554341986168,917.134453828881,595.318763100912,480.560188634056,695.551626552623,1e+09,1442.34557783494,1136.60080173296,908.992791720595,771.258732073744,832.586676989249,206.792216971529,1118.45530809237,825.069825651138,836.896165363422,1432.450475479,465.19067176804
1494.87350257472,2955.12098160126,2131.99813583408,2764.91396920411,2683.1164513118,3283.24873839921,2718.22954479566,1398.22679201194,1682.56557898942,1705.06870735463,1723.32160463449,1593.24291983363,691.718134719627,1980.62541241397,1403.35577349438,1643.31537855641,2127.2043086173,1765.34770337178,851.139637779842,2281.29134130211,1028.5907580277,1064.84491603238,1401.73754954342,2194.14081517117,2569.28892423565,2269.56461652891,2233.0510291975,1673.63512409366,1546.60977815996,1668.76233172972,1254.89623244315,1211.42059805833,1273.06874806508,1585.24336977008,1672.0210460996,2370.02800337886,2057.55264902262,1637.94561011653,841.090542153459,1428.18571887553,1427.91179944701,1153.05536818489,1442.34557783494,1e+09,651.147432307001,1395.18407097415,1273.53251631044,1173.85513101064,1545.46646903128,1850.55049293447,903.311489520642,1376.60879435663,2007.57207651432,1374.96663930439
