1e+09,1380.99871118694,2314.98123357404,2007.21815887063,1557.07008811421,2266.47978283505,1377.25687339,1026.65434894126,1718.99385871503,1138.1278440931,1717.63319311779,1280.26891198685,1059.22217678823,1005.3990424702,1495.30896175339,1992.03694940631,1139.31499511768,797.813266184512,1277.92837420569,970.07968775766,1270.54980236904,785.550188721255,1770.69114610651,1153.79498616522,1601.66160330452,1255.27790604312,1576.29246112516,852.526519587514,1386.2481440204,712.231167950406,1772.30529895388,1684.0021023146,1030.15158030263,784.676148739083,1108.31602501272,1671.24653597248,1050.34785828315,1125.55497213597,1323.62459322876,1063.92385643898,1190.31450188595,2492.84863252866,1150.85130334027,1555.34856935672,1783.71534847912,2965.33895718516,2416.38174835848,1776.30851996493,2502.75942411571,2307.2790239154,1993.65215637031,1230.69039640358,1234.9415746504,1772.89921501477
1380.99871118694,1e+09,1427.5447064453,1068.30477673743,890.218343216989,1053.42730309215,1892.07771848833,1695.21243609761,855.823608227771,942.643171088616,686.103843598038,406.723957371582,658.390280684641,1113.79463946456,1930.93248680527,1333.49139806,656.920535681449,786.038832501296,1062.66065472473,736.443590983043,1277.0396902994,1060.98151572023,824.67798054756,653.635740607871,914.072626764417,1268.93168795645,850.497737269184,1232.23546925902,1906.04364632608,1464.47853432544,941.084189113811,906.478917074192,750.526269426993,1799.27241803458,1687.48615496543,1940.95372641905,1213.7954651011,984.113999798804,1532.64143781251,1509.07231112363,1146.60862638478,2512.64052490602,1377.81666657796,1087.31824885817,1146.42300147023,2198.28224464012,1902.28803084601,1495.91322468919,2412.46476374268,2330.55815175249,1698.70204323772,1144.36430471245,1291.89140801385,1478.97184445817
2314.98123357404,1427.5447064453,1e+09,823.488414186867,958.224732982822,879.161585944245,1988.49645991639,2829.86912902346,1108.81660652247,1480.98841983994,1245.00625408068,1266.57324912537,1321.76513662602,2396.5837184626,2792.696168347,2002.82752896998,1457.99370612496,1928.12179991307,1359.12231061079,1780.07231521644,2485.36752254068,1774.41122770343,1253.81807464241,1507.03354398633,1594.11209138504,2148.21530140719,1412.89223481481,2222.76976009662,2946.50945184298,2518.39319245427,1920.20054408387,1839.70760405017,2040.55900243046,2827.40042438279,2845.71137340033,2917.83725910134,2315.43249545306,2289.58122146824,2746.81903521146,2248.19129904463,2240.00418459431,3655.46152277657,2472.44772733419,2249.36057247388,2026.09152888017,2750.70462783629,2692.6926166943,2431.80379699926,3468.67370019147,3343.45709390744,2756.17178985636,2316.21300056795,2363.05633436869,2448.35349453464
2007.21815887063,1068.30477673743,823.488414186867,1e+09,820.322964569443,729.261957666791,1784.59474940391,2387.93634720442,392.916458805176,963.604833217435,560.683684977546,896.232623095143,1024.44894938694,1877.6205521617,2434.70954805702,1268.27939788518,949.000406322357,1437.9225143936,973.518746558073,1467.3909358109,2173.35123962971,1330.83563556887,650.758085773815,997.182573353546,1074.38636988748,1784.02579642224,900.318366968041,1767.07246379428,2338.41770766046,2001.63912024621,1531.66759637984,1329.51834079113,1684.07472717216,2372.78053669108,2381.01174121423,2292.54832025412,1867.42240237714,1723.50810470969,2376.90824684084,1938.06327053582,1634.59636213348,3047.86108010191,1923.11057391404,1772.71681926358,1443.33106378959,2140.63182268694,2217.63335601267,1912.92789952993,3000.5657290751,2871.33485064003,2185.34154966678,1829.90131835025,1996.73865262833,2066.13727663483
1557.07008811421,890.218343216989,958.224732982822,820.322964569443,1e+09,1116.40397755472,1598.44159411597,2034.06692271911,695.414434564023,778.948736439055,825.40577742102,670.351442677645,539.194414752231,1731.97167219906,2385.64557438862,1756.48177681979,718.650919153381,1141.93921160454,921.779106565126,1211.08232152071,1907.49182158142,1130.73348747616,685.631817085525,803.586258344429,902.160224904645,1784.30695932623,1178.60416794613,1539.88338405868,2353.16574067786,1793.81282454441,1572.95936965962,1598.93613515362,1472.07362407592,1964.12026436774,2146.77382856229,2442.19785224293,1700.39270284837,1626.43264957391,2193.92252431575,1814.50524198747,1692.0734080707,3171.96900921179,1846.58681742831,1807.45019353231,1629.63931988032,2621.33727076468,2474.84145001251,2063.17739634768,2984.31108718578,2885.71075277825,2410.90114664621,1821.37913590224,1850.23252254953,2064.04920515476
2266.47978283505,1053.42730309215,879.161585944245,729.261957666791,1116.40397755472,1e+09,2175.00317271033,2509.73464888223,899.505704095311,1453.44339686828,827.857670315375,1129.16665067651,1314.8975635387,1980.17971007684,2464.56423894773,1543.65469189194,1260.73529342999,1669.10228527194,1313.50851211555,1471.70677079369,2039.38658603512,1727.74812411995,1003.72921801649,1243.00912542909,1218.69636460441,1803.21166649953,989.849276304226,1926.73432704148,2643.58012887826,2285.29783450648,1238.07390599269,1337.49285904636,1725.19382116909,2670.15779054347,2468.1940318176,2565.65727691755,1909.96602650414,1841.86298445351,2299.39996116378,2049.66000124411,1851.16047586372,3010.39007068851,2053.58134462699,1643.78503412095,1375.17374495007,1981.47035763849,1974.08250749557,1840.24517717069,2804.13431889416,2730.65202609194,2143.53644825555,1862.49813594538,1927.50693913148,1856.64790593155
1377.25687339,1892.07771848833,1988.49645991639,1784.59474940391,1598.44159411597,2175.00317271033,1e+09,1866.95290339633,1657.66535235554,1206.7812177027,1815.13931305561,1667.69574943993,1374.96119825252,1858.16713303728,1727.32279421074,2110.2690450035,1380.31680276667,1527.71645909835,920.399845882212,1487.68997835571,2085.99677967153,1055.75968425584,1909.30692268163,1390.22916779932,1766.13514380978,1539.26481954861,1513.9087851981,1330.60771435461,1952.63813265541,1481.55660387985,2105.94867425586,2038.77446366684,1949.745174401,1713.62122457094,1869.09335844949,2083.44169678443,1610.23585319046,1919.2829790836,2145.1543892923,1180.76163513217,1710.83407561926,2972.44431362473,1651.44098347474,2060.89916825157,1932.68799864334,2901.37517372366,2512.77202597052,1975.14377988034,2917.37993619275,2630.73555746297,2405.14543483341,1851.37551515083,1765.60992557813,2093.32327840207
1026.65434894126,1695.21243609761,2829.86912902346,2387.93634720442,2034.06692271911,2509.73464888223,1866.95290339633,1e+09,2037.58849159981,1622.90096503145,1948.61000323307,1791.5418155879,1614.8355401712,889.397839552132,1401.96482776851,2165.78739219712,1467.83167628308,1049.62873050427,1678.74777617128,1192.91581178221,999.616877458559,1402.94607515756,2031.95861899302,1395.18165480342,1582.23894564001,1420.25598882737,1805.42796472194,724.912147918629,1431.70489724664,820.687432095801,1603.20513069913,1925.65835235641,1409.24014071414,689.687410498408,445.71475328959,1735.6879051258,776.513000019961,1049.24287298032,1038.62882802279,1291.03776292562,1299.95654619683,1856.60876279845,814.741648990648,1339.75354681374,1536.60773348308,2592.01129993679,2007.17295318565,1465.03799292032,1685.64470514993,1577.19190766374,1777.89228858219,1229.43105166577,1011.72317686213,1390.46022625604
1718.99385871503,855.823608227771,1108.81660652247,392.916458805176,695.414434564023,899.505704095311,1657.66535235554,2037.58849159981,1e+09,668.035634378886,286.72381379997,690.663987695898,780.652555558489,1561.98824685079,2236.53179655466,1145.74709281761,609.911608513889,1090.84374032214,807.574320976094,1227.12041621839,1912.30063624944,1070.31971760778,373.111910825693,662.975361382307,746.943503218282,1609.53257186675,786.321103048875,1455.29247867911,2059.39436526859,1676.8103500098,1351.11450477004,1212.25628193877,1446.69277965296,2014.92900765759,2058.07876311865,2061.12620023617,1575.42058673232,1400.10206635088,2117.33102591446,1745.93125907064,1358.87093430539,2790.75747140449,1613.77628570381,1541.83565411493,1217.42596600368,2051.1240061732,2078.63482697178,1707.96136648345,2746.36792828274,2628.48285455698,1993.9435262063,1585.28233520089,1752.45054061448,1863.32016741622
1138.1278440931,942.643171088616,1480.98841983994,963.604833217435,778.948736439055,1453.44339686828,1206.7812177027,1622.90096503145,668.035634378886,1e+09,790.579640896476,658.81263793282,490.310741163194,1262.30132745712,1915.6360303043,1297.3872119379,371.754532722871,702.147761657046,571.738157988427,1004.21948572013,1707.08890992824,478.936369782041,813.477844934944,487.777245266731,899.355344566318,1379.37689559453,921.211225127006,1061.60955068236,1643.05273107713,1158.78764469596,1504.30524794671,1294.82271238189,1220.19099623788,1456.45941539749,1675.0668820677,1749.78703295573,1290.44340856157,1167.74786062746,1856.9150733138,1371.71212132867,1090.11506635768,2668.54507790294,1306.11360627627,1511.80280350977,1346.12619375005,2379.30682479162,2204.70395801795,1666.72736144818,2688.57031362395,2517.72893785252,1950.01488868675,1372.31384329533,1531.00244829981,1825.33855410442
1717.63319311779,686.103843598038,1245.00625408068,560.683684977546,825.40577742102,827.857670315375,1815.13931305561,1948.61000323307,286.72381379997,790.579640896476,1e+09,654.387400780303,829.892055330089,1413.35354455281,2158.12904187864,1040.46835362735,611.710413839751,1015.26806598061,919.173655138136,1126.64880202306,1744.91253385377,1126.82441271921,374.87951157672,625.491038464981,674.04276971124,1516.51902530103,709.381084396814,1394.10395763731,1994.27847481238,1633.14615166555,1129.89730073135,1037.60619316772,1301.89855699283,1994.81843386811,1948.10202171242,1981.56122446419,1456.04394133556,1232.99441580244,1955.49914418289,1718.74307265513,1245.13577078968,2604.22016350385,1502.25071286387,1333.09714210931,1031.24600833167,1880.81422732284,1890.63230600241,1546.87826644504,2554.35880222415,2460.25717543919,1804.62932357313,1430.14191718864,1614.94345012449,1687.6483898905
1280.26891198685,406.723957371582,1266.57324912537,896.232623095143,670.351442677645,1129.16665067651,1667.69574943993,1791.5418155879,690.663987695898,658.81263793282,654.387400780303,1e+09,398.718284255939,1244.79663214519,2007.53608896578,1304.83375929656,520.52980308528,775.287655067459,883.559958463488,862.562042174359,1532.11777683702,832.409575869956,725.569749438329,600.71729315877,974.229870872372,1345.65320591897,864.702676415425,1273.61339950552,1866.70494272662,1422.4707997706,1264.78435051198,1014.44769091363,878.40102049121,1752.43800934584,1805.50025037384,1916.90972786931,1352.94151174395,1122.62878454991,1743.22375276383,1504.42278429303,1168.5077845697,2719.92773810261,1472.44386731719,1354.20456165234,1346.6709031534,2391.25674761202,2150.95445949002,1684.00539390466,2693.08714927683,2568.39584511422,1881.01118470891,1289.06627308296,1481.06959829712,1739.22927614504
1059.22217678823,658.390280684641,1321.76513662602,1024.44894938694,539.194414752231,1314.8975635387,1374.96119825252,1614.8355401712,780.652555558489,490.310741163194,829.892055330089,398.718284255939,1e+09,1258.47691754756,1935.26323891609,1535.96812584116,398.004926979554,679.336538175299,702.804294807594,792.522644345258,1505.54114221432,662.926505579616,834.651695918723,494.660024562325,904.009598123825,1350.10917854816,966.675500051594,1105.08666176006,1867.40610543074,1296.80073465433,1367.47750310563,1287.88456283939,1011.86018856362,1533.33947702392,1688.19992237294,1982.8257432765,1268.97144183784,1186.87119355893,1736.60412477916,1373.64591183463,1240.28437876158,2778.68740114825,1409.91837210528,1452.35331424554,1412.43721113542,2529.92803391717,2237.52333896208,1727.70215358435,2680.63798801703,2543.45422620499,2027.86212381414,1362.17064760624,1434.19307033607,1749.93241212339
1005.3990424702,1113.79463946456,2396.5837184626,1877.6205521617,1731.97167219906,1980.17971007684,1858.16713303728,889.397839552132,1561.98824685079,1262.30132745712,1413.35354455281,1244.79663214519,1258.47691754756,1e+09,1223.44956557269,1415.62234059794,1077.70327785527,650.220594644618,1359.03067676929,785.752982940568,798.397698456102,1030.43658388083,1593.51523390898,1010.99314137139,1355.42507911725,890.452727998516,1218.655141211,657.651828553681,1019.33733111272,649.888247778031,1121.07290266958,1090.08783480965,711.951455929406,1115.60069998185,715.366629568364,1169.02707282595,524.678790690075,254.22073892584,759.449327473532,1070.23665490395,543.010508738091,1628.93206589471,505.274148161174,718.674318311153,1073.06607541195,2148.62878925141,1612.37568054098,1011.64458220266,1755.3604687357,1598.61378112413,1103.56048986904,463.430514316872,728.705034290281,1102.65573439764
1495.30896175339,1930.93248680527,2792.696168347,2434.70954805702,2385.64557438862,2464.56423894773,1727.32279421074,1401.96482776851,2236.53179655466,1915.6360303043,2158.12904187864,2007.53608896578,1935.26323891609,1223.44956557269,1e+09,2010.83331549385,1813.33879928711,1589.95063759854,1647.90321169054,1281.8542935529,1202.0276840406,1546.55673924367,2429.49599365794,1724.20554778135,2132.89678006227,720.746531521311,1576.47277867396,1098.09098634858,1359.60473259694,1231.9165308981,1593.34811111697,1628.95774804014,1544.46120394784,1727.63233053217,1019.80089801882,1384.73217760692,952.712334495571,1423.85995006531,929.611905851039,635.102377416429,1264.11007032616,1636.13769775041,995.204776164182,1218.95617825252,1546.79167398199,2409.99543366787,1543.30175626803,1037.05917237157,1727.76435873067,1343.72658666114,1273.55143684894,982.629420738052,818.402929063673,1090.12073987242
1992.03694940631,1333.49139806,2002.82752896998,1268.27939788518,1756.48177681979,1543.65469189194,2110.2690450035,2165.78739219712,1145.74709281761,1297.3872119379,1040.46835362735,1304.83375929656,1535.96812584116,1415.62234059794,2010.83331549385,1e+09,1277.02148200412,1392.94648206598,1400.50036508385,1548.40325109449,1991.93496839129,1366.99926452065,1309.30801941331,1271.66676629532,1508.18356160648,1464.37984962919,976.186381793968,1621.45233960175,1514.87713323556,1614.77360419348,1477.82004489721,781.110311927835,1473.27527509288,2187.43252755371,1994.62022884057,1313.37146245836,1607.34017967573,1238.58047695739,1974.11741813905,1777.37558110265,963.082783876859,2155.52496963037,1461.95996655175,1349.03616393335,1165.52957414216,1631.8623945664,1732.24119481093,1388.42066647684,2531.64479763651,2352.17064393721,1280.28454649738,1284.06633278815,1750.53212326995,1791.83323158156
1139.31499511768,656.920535681449,1457.99370612496,949.000406322357,718.650919153381,1260.73529342999,1380.31680276667,1467.83167628308,609.911608513889,371.754532722871,611.710413839751,520.52980308528,398.004926979554,1077.70327785527,1813.33879928711,1277.02148200412,1e+09,521.575082226903,598.211927079359,745.82260645545,1428.85776457981,623.456505539881,690.453339770328,145.26037587725,630.079086305838,1243.6545082538,764.226082713747,913.323206482787,1679.60606682043,1147.05264268908,1168.79791760595,1144.52853887529,1034.90991013711,1448.17648444518,1517.28679161192,1776.78691826004,1076.38597979535,970.385179194324,1634.19113885127,1305.45236581041,1010.39961356881,2491.07237723034,1154.41746820637,1234.82530663248,1082.77141322626,2183.12347197771,1958.18942308961,1454.25864962186,2418.89331015239,2285.37476180604,1780.72603594714,1193.40984372511,1295.02876172694,1546.10649293637
797.813266184512,786.038832501296,1928.12179991307,1437.9225143936,1141.93921160454,1669.10228527194,1527.71645909835,1049.62873050427,1090.84374032214,702.147761657046,1015.26806598061,775.287655067459,679.336538175299,650.220594644618,1589.95063759854,1392.94648206598,521.575082226903,1e+09,948.561990541472,641.003391956704,1111.81135962896,621.528775118256,1093.7201683246,507.77281711411,910.904614106219,1115.59084842966,1037.75671267403,642.459704962109,1348.98923090587,746.971160420535,1192.49296467526,1170.09491918391,755.699687243551,1037.18665190987,1105.22270561186,1526.0039214563,784.665900431515,588.41241642236,1267.86423504254,1170.17299686841,772.880250038775,2201.46231278212,847.516448276965,1067.06388538831,1136.92578601244,2297.19245330033,1932.92884729366,1352.75241977237,2189.38685743292,2058.45068697309,1597.18745077089,919.683048392217,1050.49000809146,1418.54251155896
1277.92837420569,1062.66065472473,1359.12231061079,973.518746558073,921.779106565126,1313.50851211555,920.399845882212,1678.74777617128,807.574320976094,571.738157988427,919.173655138136,883.559958463488,702.804294807594,1359.03067676929,1647.90321169054,1400.50036508385,598.211927079359,948.561990541472,1e+09,880.503088353471,1623.27441447834,651.387091674375,1083.63546172133,593.410797255999,1009.71436272839,1131.16437983168,671.52034622936,995.294050620218,1769.97717855344,1289.50361635786,1339.04785810665,1280.94257053156,1348.85664212325,1672.61851789343,1654.94176353732,1820.28225179503,1186.71453509258,1325.45522855357,1771.36585757996,1078.0944469294,1180.34447590523,2602.11681111744,1268.17987580627,1405.52619612727,1202.47752561119,2229.38535219912,1942.1019724515,1447.32298941874,2524.54097455359,2311.33545635418,1863.00756777851,1324.64728988512,1344.35096898094,1574.27936250209
970.07968775766,736.443590983043,1780.07231521644,1467.3909358109,1211.08232152071,1471.70677079369,1487.68997835571,1192.91581178221,1227.12041621839,1004.21948572013,1126.64880202306,862.562042174359,792.522644345258,785.752982940568,1281.8542935529,1548.40325109449,745.82260645545,641.003391956704,880.503088353471,1e+09,781.004817078614,852.586222384575,1320.47273122166,662.208793281998,1084.0453676392,733.657407241282,841.841659933743,662.351323241677,1602.6385309857,1045.69307122119,853.264404683566,1057.48922784112,710.905282579895,1420.45395370635,1122.71765707145,1695.08510694891,622.947213172994,830.431078356296,1007.65468916688,849.148928810488,947.163875683611,2173.1339684198,902.512819631943,816.472043734505,1025.46622694265,2226.55635212765,1646.4837304389,1118.76275013964,2004.65429084418,1844.91441725626,1482.79269265801,775.974866216684,665.384246582379,1024.11131836339
1270.54980236904,1277.0396902994,2485.36752254068,2173.35123962971,1907.49182158142,2039.38658603512,2085.99677967153,999.616877458559,1912.30063624944,1707.08890992824,1744.91253385377,1532.11777683702,1505.54114221432,798.397698456102,1202.0276840406,1991.93496839129,1428.85776457981,1111.81135962896,1623.27441447834,781.004817078614,1e+09,1497.8400405584,1930.80355867706,1329.55628327649,1578.31309542815,989.107973428583,1470.37301889691,934.231241235274,1702.3924832717,1241.71961468763,985.787467763716,1439.1666334723,952.022671736341,1499.73916942247,850.887116484907,1822.93259137578,654.434910361604,949.912055403025,450.032141852113,1140.65779302997,1238.83927137462,1801.25593006657,959.351922028616,768.258268227554,1269.04162638583,2343.26390752301,1555.06587966555,1126.60450389655,1511.00213570332,1420.9043034983,1398.5410974655,837.591378955156,485.782842945281,809.048729125755
785.550188721255,1060.98151572023,1774.41122770343,1330.83563556887,1130.73348747616,1727.74812411995,1055.75968425584,1402.94607515756,1070.31971760778,478.936369782041,1126.82441271921,832.409575869956,662.926505579616,1030.43658388083,1546.55673924367,1366.99926452065,623.456505539881,621.528775118256,651.387091674375,852.586222384575,1497.8400405584,1e+09,1233.50284081554,673.646769382887,1213.77343112296,1074.67885268112,980.459383962436,829.77679251712,1311.65743462232,813.601930553265,1524.3249321913,1234.02259355329,1026.96132770421,1220.65275627428,1389.14132452389,1451.85180807133,1063.0544820469,1019.74296570263,1563.78683150869,1004.8806117644,865.855820330383,2466.14071015828,1074.19920098648,1389.48266027324,1393.58832752,2490.74881856842,2140.79726648742,1525.07329512388,2557.88029067038,2335.17225724356,1763.98481779181,1111.45263677765,1287.48203156394,1685.93316279146
1770.69114610651,824.67798054756,1253.81807464241,650.758085773815,685.631817085525,1003.72921801649,1909.30692268163,2031.95861899302,373.111910825693,813.477844934944,374.87951157672,725.569749438329,834.651695918723,1593.51523390898,2429.49599365794,1309.30801941331,690.453339770328,1093.7201683246,1083.63546172133,1320.47273122166,1930.80355867706,1233.50284081554,1e+09,750.202024657359,646.773201671188,1807.64260010103,1054.70245742579,1551.89520429055,2176.20606811487,1757.15529339327,1401.4689322279,1358.96317915534,1462.74299420643,2004.07297145089,2107.20847824794,2213.52278590034,1662.10322841272,1406.8193608989,2175.50460314383,1955.31873381298,1479.03438009399,2861.9901554338,1709.97325870904,1616.33795398735,1320.21584693564,2147.29660589775,2212.30619361335,1859.01081868826,2778.84447875371,2714.44089843562,2120.44750793317,1696.11840161588,1855.24315514166,1967.02846784178
1153.79498616522,653.635740607871,1507.03354398633,997.182573353546,803.586258344429,1243.00912542909,1390.22916779932,1395.18165480342,662.975361382307,487.777245266731,625.491038464981,600.71729315877,494.660024562325,1010.99314137139,1724.20554778135,1271.66676629532,145.26037587725,507.77281711411,593.410797255999,662.208793281998,1329.55628327649,673.646769382887,750.202024657359,1e+09,579.596066411773,1163.68988055237,702.001549642164,824.841981654668,1658.91842303954,1120.55357439973,1045.63004614443,1110.72735687026,1021.40192084213,1439.38577848331,1429.94564029546,1750.02957617864,967.175855933139,911.636407017622,1540.9595965177,1237.07246958293,968.297340541633,2384.59910181984,1058.79457625169,1120.21439443528,956.145608628728,2082.04616531431,1827.65886382005,1330.45865715549,2282.98375686294,2151.79304193038,1691.18268956964,1114.84369653329,1181.95784506047,1410.68977067958
1601.66160330452,914.072626764417,1594.11209138504,1074.38636988748,902.160224904645,1218.69636460441,1766.13514380978,1582.23894564001,746.943503218282,899.355344566318,674.04276971124,974.229870872372,904.009598123825,1355.42507911725,2132.89678006227,1508.18356160648,630.079086305838,910.904614106219,1009.71436272839,1084.0453676392,1578.31309542815,1213.77343112296,646.773201671188,579.596066411773,1e+09,1626.08359449937,1044.65708799586,1172.57545492817,2061.07767483421,1526.87505065084,1112.67268035123,1471.26050273227,1444.82036547801,1697.52299103724,1698.35588626177,2154.03974663886,1281.94644127592,1216.75338857141,1859.69966540299,1709.41364935466,1384.67343727682,2526.157964657,1360.52602933571,1349.19077928216,995.18391099334,1953.57541218659,1891.77703361152,1542.53212796363,2278.36260654445,2242.28338193459,1960.00344262453,1515.81546360367,1499.01705323856,1573.10115857182
1255.27790604312,1268.93168795645,2148.21530140719,1784.02579642224,1784.30695932623,1803.21166649953,1539.26481954861,1420.25598882737,1609.53257186675,1379.37689559453,1516.51902530103,1345.65320591897,1350.10917854816,890.452727998516,720.746531521311,1464.37984962919,1243.6545082538,1115.59084842966,1131.16437983168,733.657407241282,989.107973428583,1074.67885268112,1807.64260010103,1163.68988055237,1626.08359449937,1e+09,931.54901921477,864.224445847258,1316.40186447756,1079.36985283081,1091.35809462339,970.212432511561,989.478752980579,1670.89320526478,1122.87906940151,1287.54575934217,715.077405879951,1006.85913111021,894.083308310808,503.006332663914,828.110784738371,1832.4966827528,838.980246608941,789.855420440981,1114.3061081229,2123.8300081692,1396.01584983839,821.802503707551,1899.99136266458,1607.00384436379,1068.21559471859,540.494049365948,606.636587257972,918.148064420984
1576.29246112516,850.497737269184,1412.89223481481,900.318366968041,1178.60416794613,989.849276304226,1513.9087851981,1805.42796472194,786.321103048875,921.211225127006,709.381084396814,864.702676415425,966.675500051594,1218.655141211,1576.47277867396,976.186381793968,764.226082713747,1037.75671267403,671.52034622936,841.841659933743,1470.37301889691,980.459383962436,1054.70245742579,702.001549642164,1044.65708799586,931.54901921477,1e+09,1125.90624103431,1723.52020144819,1429.25493891048,898.65289200002,735.622657481402,1173.59785591147,1951.57739754282,1670.3650752156,1649.21716459659,1123.06941797914,1132.94072603115,1590.21486290375,1174.84138159157,976.459846076632,2267.90152059123,1192.32066517359,990.340636144958,790.506318380821,1738.85501419756,1465.87302608377,1066.802379778,2254.29733961605,2062.13651638295,1391.46164948949,1036.40294181366,1190.31046462677,1252.70759740651
852.526519587514,1232.23546925902,2222.76976009662,1767.07246379428,1539.88338405868,1926.73432704148,1330.60771435461,724.912147918629,1455.29247867911,1061.60955068236,1394.10395763731,1273.61339950552,1105.08666176006,657.651828553681,1098.09098634858,1621.45233960175,913.323206482787,642.459704962109,995.294050620218,662.351323241677,934.231241235274,829.77679251712,1551.89520429055,824.841981654668,1172.57545492817,864.224445847258,1125.90624103431,1e+09,1247.72096055168,598.379781576885,1182.92195342719,1381.01719670683,1084.34491210131,959.848975308095,669.412207163867,1439.71607763475,360.140861608343,773.609218210331,1003.09970481503,756.190548935915,834.632705206308,1888.68882648784,457.602525342682,967.402602332659,1052.63042317805,2204.8001323476,1657.6120765728,1039.98329424083,1796.1732048998,1593.30760645897,1453.57577882957,823.468974278934,681.7975665841,1084.35325544769
1386.2481440204,1906.04364632608,2946.50945184298,2338.41770766046,2353.16574067786,2643.58012887826,1952.63813265541,1431.70489724664,2059.39436526859,1643.05273107713,1994.27847481238,1866.70494272662,1867.40610543074,1019.33733111272,1359.60473259694,1514.87713323556,1679.60606682043,1348.98923090587,1769.97717855344,1602.6385309857,1702.3924832717,1311.65743462232,2176.20606811487,1658.91842303954,2061.07767483421,1316.40186447756,1723.52020144819,1247.72096055168,1e+09,784.405260691181,1971.89926438954,1536.05674667312,1456.66394607679,1326.37858064732,1188.43309096474,425.131825672932,1274.67675690741,1088.10398708028,1440.02001243038,1362.0008931348,810.642646423194,1657.76279277224,990.15413416296,1499.62633645852,1700.34074561542,2480.29950844651,2075.9631135933,1470.35034155129,2257.46633317089,1978.98687216464,1298.15208762302,1072.39233240452,1471.84584158804,1809.52268358261
712.231167950406,1464.47853432544,2518.39319245427,2001.63912024621,1793.81282454441,2285.29783450648,1481.55660387985,820.687432095801,1676.8103500098,1158.78764469596,1633.14615166555,1422.4707997706,1296.80073465433,649.888247778031,1231.9165308981,1614.77360419348,1147.05264268908,746.971160420535,1289.50361635786,1045.69307122119,1241.71961468763,813.601930553265,1757.15529339327,1120.55357439973,1526.87505065084,1079.36985283081,1429.25493891048,598.379781576885,784.405260691181,1e+09,1615.42671288425,1476.62335272066,1103.47582683084,695.405193682072,744.634067378065,1095.31110712893,771.754828426749,773.241280261213,1153.31242332683,979.244486785604,726.483169660523,1906.62908828645,626.729972795302,1263.86831442204,1433.96629060798,2493.43427705645,2012.72206422049,1351.7078030033,2101.85350255435,1874.86342462591,1507.16692459727,905.049102645818,1061.02239561661,1516.74316019556
1772.30529895388,941.084189113811,1920.20054408387,1531.66759637984,1572.95936965962,1238.07390599269,2105.94867425586,1603.20513069913,1351.11450477004,1504.30524794671,1129.89730073135,1264.78435051198,1367.47750310563,1121.07290266958,1593.34811111697,1477.82004489721,1168.79791760595,1192.49296467526,1339.04785810665,853.264404683566,985.787467763716,1524.3249321913,1401.4689322279,1045.63004614443,1112.67268035123,1091.35809462339,898.65289200002,1182.92195342719,1971.89926438954,1615.42671288425,1e+09,1026.33832750219,1176.83479184633,2016.42046168452,1470.97667921691,1941.2527659478,969.586554104377,1064.05831259382,1223.83807535965,1412.48133304479,1231.33962670743,1923.8645184108,1160.81772526956,552.488960704194,593.186066171484,1568.83374208359,1051.00084134124,858.60269589607,1620.89842423885,1570.07515708644,1255.93844972594,996.769657292997,903.507201465489,703.578703131356
1684.0021023146,906.478917074192,1839.70760405017,1329.51834079113,1598.93613515362,1337.49285904636,2038.77446366684,1925.65835235641,1212.25628193877,1294.82271238189,1037.60619316772,1014.44769091363,1287.88456283939,1090.08783480965,1628.95774804014,781.110311927835,1144.52853887529,1170.09491918391,1280.94257053156,1057.48922784112,1439.1666334723,1234.02259355329,1358.96317915534,1110.72735687026,1471.26050273227,970.212432511561,735.622657481402,1381.01719670683,1536.05674667312,1476.62335272066,1026.33832750219,1e+09,907.983846221947,2067.91275865303,1713.04714538159,1378.72015862538,1258.31683681019,975.093675653781,1449.74758430563,1399.41938849653,818.530672974446,2061.25601896028,1275.00643817982,881.932227895092,1037.95235179656,1829.74238126573,1513.36392820762,1128.68467177507,2279.44098181989,2101.78465462093,1042.6477186471,824.020997547999,1267.06584817049,1353.47734905317
1030.15158030263,750.526269426993,2040.55900243046,1684.07472717216,1472.07362407592,1725.19382116909,1949.745174401,1409.24014071414,1446.69277965296,1220.19099623788,1301.89855699283,878.40102049121,1011.86018856362,711.951455929406,1544.46120394784,1473.27527509288,1034.90991013711,755.699687243551,1348.85664212325,710.905282579895,952.022671736341,1026.96132770421,1462.74299420643,1021.40192084213,1444.82036547801,989.478752980579,1173.59785591147,1084.34491210131,1456.66394607679,1103.47582683084,1176.83479184633,907.983846221947,1e+09,1502.52518008851,1307.84627395577,1533.54242543205,992.251588862422,703.084042131523,1044.2569794835,1244.9587049778,876.54653407563,2196.06498453484,1136.92815498606,965.600259424158,1368.60856273808,2460.15078070431,1938.06309066552,1411.90750607113,2267.53550353683,2131.52508157892,1431.32670735929,746.093646535072,1026.19259761509,1400.95400131482
784.676148739083,1799.27241803458,2827.40042438279,2372.78053669108,1964.12026436774,2670.15779054347,1713.62122457094,689.687410498408,2014.92900765759,1456.45941539749,1994.81843386811,1752.43800934584,1533.33947702392,1115.60069998185,1727.63233053217,2187.43252755371,1448.17648444518,1037.18665190987,1672.61851789343,1420.45395370635,1499.73916942247,1220.65275627428,2004.07297145089,1439.38577848331,1697.52299103724,1670.89320526478,1951.57739754282,959.848975308095,1326.37858064732,695.405193682072,2016.42046168452,2067.91275865303,1502.52518008851,1e+09,952.170099141955,1710.03024324133,1182.8607924012,1220.67720225291,1509.34734802828,1473.76723328347,1364.82449897414,2297.51935058228,1126.48011078758,1751.20731719577,1882.68227367233,2955.03956227324,2503.63849087683,1887.33584454384,2330.02739996765,2184.36424302359,2107.67467408991,1494.746466997,1475.5134540898,1932.0754323266
1108.31602501272,1687.48615496543,2845.71137340033,2381.01174121423,2146.77382856229,2468.1940318176,1869.09335844949,445.71475328959,2058.07876311865,1675.0668820677,1948.10202171242,1805.50025037384,1688.19992237294,715.366629568364,1019.80089801882,1994.62022884057,1517.28679161192,1105.22270561186,1654.94176353732,1122.71765707145,850.887116484907,1389.14132452389,2107.20847824794,1429.94564029546,1698.35588626177,1122.87906940151,1670.3650752156,669.412207163867,1188.43309096474,744.634067378065,1470.97667921691,1713.04714538159,1307.84627395577,952.170099141955,1e+09,1434.98750005009,573.178702238665,929.912108857606,722.360577481911,1053.7729406281,1088.7165525976,1515.89157099048,564.671526730364,1095.21686450675,1391.17623603194,2402.12541914447,1720.18962277419,1155.22434392632,1475.84565409124,1283.57828584781,1414.2497431147,931.8992281894,744.663242748022,1130.48166252266
1671.24653597248,1940.95372641905,2917.83725910134,2292.54832025412,2442.19785224293,2565.65727691755,2083.44169678443,1735.6879051258,2061.12620023617,1749.78703295573,1981.56122446419,1916.90972786931,1982.8257432765,1169.02707282595,1384.73217760692,1313.37146245836,1776.78691826004,1526.0039214563,1820.28225179503,1695.08510694891,1822.93259137578,1451.85180807133,2213.52278590034,1750.02957617864,2154.03974663886,1287.54575934217,1649.21716459659,1439.71607763475,425.131825672932,1095.31110712893,1941.2527659478,1378.72015862538,1533.54242543205,1710.03024324133,1434.98750005009,1e+09,1408.71929858294,1199.23664499547,1542.07181862584,1440.49880267219,822.572996517635,1581.13868623217,1130.52225603922,1466.96421953639,1651.73554856702,2288.25442265496,1926.04072225901,1382.4643882936,2283.3757045655,1985.05368123887,1078.54631249659,1069.05879118035,1548.423680457,1794.36457254372
1050.34785828315,1213.7954651011,2315.43249545306,1867.42240237714,1700.39270284837,1909.96602650414,1610.23585319046,776.513000019961,1575.42058673232,1290.44340856157,1456.04394133556,1352.94151174395,1268.97144183784,524.678790690075,952.712334495571,1607.34017967573,1076.38597979535,784.665900431515,1186.71453509258,622.947213172994,654.434910361604,1063.0544820469,1662.10322841272,967.175855933139,1281.94644127592,715.077405879951,1123.06941797914,360.140861608343,1274.67675690741,771.754828426749,969.586554104377,1258.31683681019,992.251588862422,1182.8607924012,573.178702238665,1408.71929858294,1e+09,678.798955729898,697.932480258657,771.080761853128,804.496948533678,1646.3954874513,372.271801242049,670.421932964607,925.729297257033,2061.08400624526,1400.82665016054,797.040384610466,1530.92662260475,1333.73202683298,1200.28310252207,597.886481365819,365.027368289009,775.587133983023
1125.55497213597,984.113999798804,2289.58122146824,1723.50810470969,1626.43264957391,1841.86298445351,1919.2829790836,1049.24287298032,1400.10206635088,1167.74786062746,1232.99441580244,1122.62878454991,1186.87119355893,254.22073892584,1423.85995006531,1238.58047695739,970.385179194324,588.41241642236,1325.45522855357,830.431078356296,949.912055403025,1019.74296570263,1406.8193608989,911.636407017622,1216.75338857141,1006.85913111021,1132.94072603115,773.609218210331,1088.10398708028,773.241280261213,1064.05831259382,975.093675653781,703.084042131523,1220.67720225291,929.912108857606,1199.23664499547,678.798955729898,1e+09,967.937203076728,1231.29887241076,494.506623514792,1694.51829042947,626.363836360306,719.647733894855,980.460609356643,2030.86524513568,1611.01334379949,1046.36482490573,1839.8082281314,1713.60271402096,1107.01885625314,557.407638896347,893.978911104731,1182.28198603379
1323.62459322876,1532.64143781251,2746.81903521146,2376.90824684084,2193.92252431575,2299.39996116378,2145.1543892923,1038.62882802279,2117.33102591446,1856.9150733138,1955.49914418289,1743.22375276383,1736.60412477916,759.449327473532,929.611905851039,1974.11741813905,1634.19113885127,1267.86423504254,1771.36585757996,1007.65468916688,450.032141852113,1563.78683150869,2175.50460314383,1540.9595965177,1859.69966540299,894.083308310808,1590.21486290375,1003.09970481503,1440.02001243038,1153.31242332683,1223.83807535965,1449.74758430563,1044.2569794835,1509.34734802828,722.360577481911,1542.07181862584,697.932480258657,967.937203076728,1e+09,1063.55943421137,1145.93997783479,1520.41214119725,878.1439638237,813.995675418488,1386.82347824083,2374.21851298485,1527.33452046367,1053.09890603874,1456.14505053583,1278.64252510231,1175.68875056283,705.318118723743,511.653784702117,869.077495048629
1063.92385643898,1509.07231112363,2248.19129904463,1938.06327053582,1814.50524198747,2049.66000124411,1180.76163513217,1291.03776292562,1745.93125907064,1371.71212132867,1718.74307265513,1504.42278429303,1373.64591183463,1070.23665490395,635.102377416429,1777.37558110265,1305.45236581041,1170.17299686841,1078.0944469294,849.148928810488,1140.65779302997,1004.8806117644,1955.31873381298,1237.07246958293,1709.41364935466,503.006332663914,1174.84138159157,756.190548935915,1362.0008931348,979.244486785604,1412.48133304479,1399.41938849653,1244.9587049778,1473.76723328347,1053.7729406281,1440.49880267219,771.080761853128,1231.29887241076,1063.55943421137,1e+09,1060.15231174582,2046.14525926191,897.343984824103,1166.10441089124,1377.41877404804,2425.93226556308,1705.73716020376,1114.00004012567,2039.76198780642,1719.41263915908,1468.76710921099,899.964292458318,753.242094880524,1162.18658213731
1190.31450188595,1146.60862638478,2240.00418459431,1634.59636213348,1692.0734080707,1851.16047586372,1710.83407561926,1299.95654619683,1358.87093430539,1090.11506635768,1245.13577078968,1168.5077845697,1240.28437876158,543.010508738091,1264.11007032616,963.082783876859,1010.39961356881,772.880250038775,1180.34447590523,947.163875683611,1238.83927137462,865.855820330383,1479.03438009399,968.297340541633,1384.67343727682,828.110784738371,976.459846076632,834.632705206308,810.642646423194,726.483169660523,1231.33962670743,818.530672974446,876.54653407563,1364.82449897414,1088.7165525976,822.572996517635,804.496948533678,494.506623514792,1145.93997783479,1060.15231174582,1e+09,1698.60187692702,636.394163078198,851.131014826742,1013.43571468545,1975.54367711777,1587.62381369139,971.857796748063,2015.5442262079,1793.4692836511,965.670105677917,509.528514805599,1000.1584809419,1281.38069877769
2492.84863252866,2512.64052490602,3655.46152277657,3047.86108010191,3171.96900921179,3010.39007068851,2972.44431362473,1856.60876279845,2790.75747140449,2668.54507790294,2604.22016350385,2719.92773810261,2778.68740114825,1628.93206589471,1636.13769775041,2155.52496963037,2491.07237723034,2201.46231278212,2602.11681111744,2173.1339684198,1801.25593006657,2466.14071015828,2861.9901554338,2384.59910181984,2526.157964657,1832.4966827528,2267.90152059123,1888.68882648784,1657.76279277224,1906.62908828645,1923.8645184108,2061.25601896028,2196.06498453484,2297.51935058228,1515.89157099048,1581.13868623217,1646.3954874513,1694.51829042947,1520.41214119725,2046.14525926191,1698.60187692702,1e+09,1456.64295058878,1496.53864296917,1709.21916075733,1895.20618717331,1357.09653647042,1279.6353376646,1102.72247229301,946.09117895687,1070.44415477875,1548.50437819852,1640.79702830667,1488.41254580173
1150.85130334027,1377.81666657796,2472.44772733419,1923.11057391404,1846.58681742831,2053.58134462699,1651.44098347474,814.741648990648,1613.77628570381,1306.11360627627,1502.25071286387,1472.44386731719,1409.91837210528,505.274148161174,995.204776164182,1461.95996655175,1154.41746820637,847.516448276965,1268.17987580627,902.512819631943,959.351922028616,1074.19920098648,1709.97325870904,1058.79457625169,1360.52602933571,838.980246608941,1192.32066517359,457.602525342682,990.15413416296,626.729972795302,1160.81772526956,1275.00643817982,1136.92815498606,1126.48011078758,564.671526730364,1130.52225603922,372.271801242049,626.363836360306,878.1439638237,897.343984824103,636.394163078198,1456.64295058878,1e+09,780.540108770843,931.952870696797,1961.83666848186,1406.89324648319,769.356851987425,1543.81189145569,1317.51598920089,1073.96711551146,618.339543778336,664.286603357316,958.688394735224
1555.34856935672,1087.31824885817,2249.36057247388,1772.71681926358,1807.45019353231,1643.78503412095,2060.89916825157,1339.75354681374,1541.83565411493,1511.80280350977,1333.09714210931,1354.20456165234,1452.35331424554,718.674318311153,1218.95617825252,1349.03616393335,1234.82530663248,1067.06388538831,1405.52619612727,816.472043734505,768.258268227554,1389.48266027324,1616.33795398735,1120.21439443528,1349.19077928216,789.855420440981,990.340636144958,967.402602332659,1499.62633645852,1263.86831442204,552.488960704194,881.932227895092,965.600259424158,1751.20731719577,1095.21686450675,1466.96421953639,670.421932964607,719.647733894855,813.995675418488,1166.10441089124,851.131014826742,1496.53864296917,780.540108770843,1e+09,657.131206229015,1652.6838941552,991.57084053536,553.199359272948,1441.85115299742,1307.26203899601,801.696272537175,519.051845772655,605.833101439662,566.400867407528
