1e+09,10333.9041540988,5557.59777620691,11031.11883772,13955.424085301,10385.2973020708,5997.66458529485,6711.10382376849,3605.41003320011,1869.7829116237,1712.26329330509,5044.20907013181,5580.73639876495,1355.65243886477,4022.08982964081,2174.557468176,3335.49139261369,3689.74450684597,4562.47064335761,4810.86904492317,4467.85246986738,4598.55785418646,4631.96867210908,1719.67901025162,4200.15876809437,5992.52150414999,4755.38583997135,2221.17384276873,2345.43700667914,2566.66127981469,3007.34723068355,7415.27006719917,8661.27706115559,5962.13024398159,2664.96221196474,4447.62798060944,2906.69137818242,3844.34222386613,4332.48735893136,4669.57425367667,5712.58054450876,4526.86271853919,3955.76500318207,4986.01622153398,5579.97614146333,5655.60316805378,6425.06041828402,4975.14685505865,3380.58589130642,4597.19820628826,3913.87286454223,4536.94547650729,3856.48470647817,7119.75578173156
10333.9041540988,1e+09,4828.29459689444,1703.81444740911,4155.85741368734,1273.3869881933,15753.390035951,16617.7605064852,12899.7194509803,10619.0818378003,9475.78401429138,15255.2792594334,15747.6439930677,11248.742638753,13807.0813640682,11567.6788270206,7196.18866272279,8354.51106632219,14582.2435293133,14763.0619651582,14022.8582395459,14700.8368734708,14790.0935766242,9958.77404914882,6305.73660242006,4565.13055296341,5926.12299630205,11379.8814373481,11957.3063690365,9888.61035423077,11568.2584917783,16895.4328641322,18738.509935766,15744.0397592708,11937.943433586,14389.3543275854,12350.5590026403,13864.6192674051,14283.0357116336,14777.6125394429,15712.9831709004,13930.0483578629,13648.2294306001,14959.6910860051,15505.3788683476,15405.8610296536,16172.0667859708,14943.261006872,12274.0664446466,13748.8392755025,13734.0390321675,14678.8236982294,13716.2609553916,17109.2189776915
5557.59777620691,4828.29459689444,1e+09,5774.74308112491,8676.56848898803,4864.87660407744,11015.4873464863,11828.1668454203,8131.09289161057,5832.0542913711,4667.26655423707,10442.4112524503,10934.069518665,6492.10582003251,9028.82541916721,6782.13151734025,2467.19235016243,3831.40054772403,9764.63683807032,9982.24363148386,9250.17300721452,9886.29975424577,9970.39732592939,5206.81780875805,1713.75136682659,817.406949199724,1388.60844916773,6594.90358283577,7169.78226641507,5175.75925015838,6857.48718635332,12162.3769851456,13936.1262814959,10956.5705627217,7176.38252164,9634.0360400613,7567.47431138686,9063.14804375941,9493.40347393915,9981.54991130636,10920.3698380504,9193.36646594706,8863.95202897105,10176.6970159723,10714.4117839852,10643.3877384788,11418.2509390581,10152.907045162,7567.82551903782,9050.82817722224,8965.91810866573,9898.68299148427,8939.80782393,12322.1082263954
11031.11883772,1703.81444740911,5774.74308112491,1e+09,3035.12039383943,2771.37572542952,16634.902484866,17527.5274302424,13878.52690108,11559.3085595852,10384.1526883564,16033.3139303919,16547.4207065996,11989.3084842329,14699.7421861473,12468.855040119,8076.20106826842,9501.90507727266,15442.7678324839,15619.3403543139,14981.7997957789,15515.2421141212,15600.2296332618,10855.281089829,7176.79518571486,5663.139094919,6980.45384755891,12320.4022005412,12842.2179583435,10934.6588885159,12560.2177187738,17910.7731488844,19591.9730176009,16681.7812199387,12871.1006955699,15197.7458902957,13278.7611651351,14697.7684154942,15132.1437804628,15581.3462220727,16567.2978933681,14869.4864595587,14561.462221683,15782.1096145256,16369.3858389434,16313.4836521878,17093.5749391899,15779.1582114351,13242.8773636548,14749.4227470027,14571.2369997712,15436.6666380634,14562.320419473,17970.6296645666
13955.424085301,4155.85741368734,8676.56848898803,3035.12039383943,1e+09,4828.48809659918,19582.6538877165,20473.5577026466,16790.5526920796,14490.6258148087,13305.0599858776,18971.2468144558,19462.1120905235,14959.6398328837,17660.418584725,15416.4572672777,11032.1371980773,12336.9108962495,18366.3904350174,18586.3643003144,17906.2189136317,18438.3571097726,18524.0455829605,13824.2894561095,10155.0270885803,8567.2043335793,9909.4418723357,15258.5889518002,15800.1457258058,13836.8846580616,15468.0277650223,20815.3053202661,22531.8644269421,19606.0053528912,15828.1357988046,18183.6428419583,16214.6667745532,17651.6007515806,18086.1338764618,18540.6409605601,19525.5416489454,17793.3269848362,17505.169137629,18714.2016805313,19298.3327142658,19263.6858081858,20053.2746039743,18717.6041527435,16177.4641216385,17702.7468686614,17520.9995921694,18398.4589724411,17522.4368746045,20925.9444945909
10385.2973020708,1273.3869881933,4864.87660407744,2771.37572542952,4828.48809659918,1e+09,15565.0678170607,16471.1742338122,12714.046202256,10494.5646203261,9387.90141473588,15206.0936691709,15711.6360226967,11234.6334149985,13696.6948284066,11446.9728965871,7161.34363704187,8142.98531381458,14492.462024249,14676.1540510925,13868.2008515633,14653.589385468,14718.2256725531,9870.90859063643,6318.97930232407,4483.29782107992,5827.53716286735,11245.2554895565,11869.9657940661,9719.87380198426,11422.5450738222,16680.7287495571,18643.7580454076,15575.6289597627,11823.9191287153,14308.225112064,12184.1234578118,13777.9494948922,14211.7031088642,14726.4244337382,15616.9090256779,13790.4525491262,13521.7575362377,14923.8315910292,15422.7526632343,15246.5751188685,16016.2063492764,14867.884551361,12121.3364307943,13567.3317507128,13673.6506900023,14659.7636352842,13658.123207575,16992.0819800959
5997.66458529485,15753.390035951,11015.4873464863,16634.902484866,19582.6538877165,15565.0678170607,1e+09,2042.00363160794,3607.20676174793,5310.6196692194,6565.1391478399,2504.54547427273,2801.40357253288,4962.26156476057,2736.05892045475,4532.12007205237,8597.52861153134,7994.9677072456,2584.86414567575,2098.28118032355,3040.72187110232,2937.88218957126,2465.73297846705,5904.54358662886,9509.94097374426,11250.2527668937,9910.09628695403,4630.11499063468,4152.16067747865,6224.66902937016,5217.29582682447,3477.77167042346,4039.11681952874,1970.96636412193,4249.76440959967,2315.8053368105,3786.40276065555,2745.3968286388,2868.02836976903,2490.9800554601,2247.07334059216,3765.73986926872,3063.53421585267,3364.85136653909,3082.57805798977,2513.83943019438,2527.87339360578,3049.46377651875,4605.37177615445,3355.01748189186,3608.172634825,2928.16944610451,3310.76465454735,2882.60308516452
6711.10382376849,16617.7605064852,11828.1668454203,17527.5274302424,20473.5577026466,16471.1742338122,2042.00363160794,1e+09,3857.81923315492,6012.50796979098,7200.35036365592,2114.72665070453,1960.95938139983,5725.70487145469,2892.46464246324,5112.89423880448,9486.49574108374,8544.96266919874,2268.78869168109,2060.07621839581,2768.55205876646,2442.46092126363,2342.61452625053,6704.82719259042,10392.6730706493,12071.8989954978,10706.4985584737,5241.30855248954,4693.97413023336,6814.81254007034,5342.68645921694,1820.32021268237,2370.644338972,1122.40267551356,4707.18272105513,2718.28025963108,4338.71337988579,2955.00454943812,2606.98481171257,2269.53947562055,1267.24357875667,3256.49965274065,3055.7055716479,2503.22273727289,1873.25697850028,1814.55269851829,1283.23147685833,2318.12064543673,4672.14520218497,3215.45989993656,3362.33051001831,2728.47778513955,3182.03259208639,1224.87051287065
3605.41003320011,12899.7194509803,8131.09289161057,13878.52690108,16790.5526920796,12714.046202256,3607.20676174793,3857.81923315492,1e+09,2423.00546930873,3535.05827008552,3074.26156647413,3542.68496570045,2871.6057461114,1640.35123275474,1757.02650199136,5908.95167205656,4746.72240840983,2117.79763216413,2531.21836013806,1354.51531323939,2453.29859564628,2613.46496381719,3248.95224347789,6809.28588614842,8365.1906883107,7013.16908880001,1691.30756833286,1584.29769260704,3090.70139072024,1727.54869801114,4110.42028904588,6050.27982265283,2913.19625080426,1400.1250358093,2586.78783200324,922.560945141295,1807.4112260634,2118.15379314157,2651.2496639698,3159.82776755316,1701.19449811008,1115.47026867595,2881.16928397135,3010.24715822472,2872.32892364367,3579.57828333171,2639.41914854386,1396.06065914057,1549.49160765717,2008.00499797685,2935.15386865834,1816.20084616212,4456.17892448228
1869.7829116237,10619.0818378003,5832.0542913711,11559.3085595852,14490.6258148087,10494.5646203261,5310.6196692194,6012.50796979098,2423.00546930873,1e+09,1384.04216308608,4831.74709443696,5330.09022404874,1785.48515826931,3306.58983233482,1274.57493785183,3528.34523489411,2848.93642716014,4053.23604739472,4252.95515374898,3543.03166752712,4269.34468525323,4339.75251713735,969.320080417196,4442.1775424447,6093.58706823001,4736.4409581668,819.707953602989,1500.06788103072,1128.57113382365,1830.79326743901,6475.00307203788,8194.53120314396,5139.9283968748,1486.59361037238,4030.03133130501,1869.31237464475,3401.32483723622,3854.0785170388,4335.61568525163,5185.96648036796,3727.87667096164,3132.95067608796,4670.21385394716,5090.81085455942,4983.82994074838,5711.8982827778,4579.00972244,2313.37777012316,3452.21088627274,3522.9527806089,4408.13375019407,3355.05251116879,6603.09534020977
1712.26329330509,9475.78401429138,4667.26655423707,10384.1526883564,13305.0599858776,9387.90141473588,6565.1391478399,7200.35036365592,3535.05827008552,1384.04216308608,1e+09,5842.97648562785,6352.79312938018,2260.88218733308,4422.46996278098,2174.82748879078,2510.17639005708,2096.50590817198,5122.95436250412,5403.45106531002,4617.05481135973,5273.77671847226,5361.84045281096,1178.87925424956,3402.40721751527,4967.88926658999,3647.63013061906,2023.71827718188,2599.8628482095,1252.31356093432,2407.19198143812,7562.58889668743,9293.04945369925,6343.33685101146,2637.28878426311,5119.17973822955,2947.91491515614,4441.10199024972,4871.62112791009,5390.34951159941,6287.65469857402,4595.57770447851,4223.21892155735,5579.18710491054,6071.38172401472,6008.20723636427,6794.76279892095,5515.53174009542,3061.14936892991,4530.42316366805,4368.78201829755,5353.87191256945,4345.90486843649,7672.39207617155
5044.20907013181,15255.2792594334,10442.4112524503,16033.3139303919,18971.2468144558,15206.0936691709,2504.54547427273,2114.72665070453,3074.26156647413,4831.74709443696,5842.97648562785,1e+09,1070.52355485529,4125.76038972212,1936.59780736734,3845.70036308083,8124.07761167999,7502.00479040103,1119.76618304894,1305.42151177311,2218.21996634689,926.514689306111,777.191146501297,5440.20937129262,9024.15009109445,10767.8727720521,9431.84269135146,4104.29495467857,3442.90959391907,5778.77546965618,4310.97513594082,3306.57341371699,3673.60916019927,1971.76600726354,3634.5402079768,1595.90865562538,3249.62202968284,1523.12763641134,1349.81627168293,766.908283043025,1116.51325379505,2504.20782629957,2122.29588964404,1272.48386158725,1337.43022692775,1762.144047205,2135.56449174451,1104.69222989935,3698.54433385623,2907.75786576187,1961.69146656654,953.975543397209,1884.48139425679,2234.10360518486
5580.73639876495,15747.6439930677,10934.069518665,16547.4207065996,19462.1120905235,15711.6360226967,2801.40357253288,1960.95938139983,3542.68496570045,5330.09022404874,6352.79312938018,1070.52355485529,1e+09,4783.84256357795,2420.10785441476,4388.01020239242,8643.15178578393,7934.74302832171,1437.17893624976,1726.80805548851,2492.57082150137,1413.18686075126,1175.1070808654,6002.9801842918,9557.92120025584,11264.8738695469,9931.85773215162,4608.33756585821,3975.79247685289,6211.49171568312,4777.24411362869,3049.53882201883,3192.78165714475,2037.99845336055,4161.71493441105,2423.41772177229,3840.11913574306,2243.10048671476,1856.61735395315,1515.63241635299,1444.04584463237,2923.47695988869,2676.59162923671,1414.29441796961,1387.59849055842,2066.39954810293,2161.65397441404,1598.43065370381,4242.1244329463,3307.53941721032,2540.57540543476,1722.43218870875,2504.86664487354,2149.63349666868
1355.65243886477,11248.742638753,6492.10582003251,11989.3084842329,14959.6398328837,11234.6334149985,4962.26156476057,5725.70487145469,2871.6057461114,1785.48515826931,2260.88218733308,4125.76038972212,4783.84256357795,1e+09,2985.59971501539,1403.53110389474,4136.52714914335,4247.20382889731,3717.14865474869,3769.20577490803,3596.47641091944,3789.8935917912,3766.83981034501,1759.62493898558,4999.99912391992,6813.47260291696,5517.65049641603,1686.07158139861,1479.5655906718,2764.12029446983,2590.75033183439,6506.43217079069,7714.25988633388,5057.02075562282,1871.4831371936,3277.22306544733,2045.92628097886,2820.16565751021,3344.86364285601,3670.8343654815,4695.69160898584,3647.83510412683,3018.0877802675,4117.04380605793,4682.78416413783,4589.07667457191,5348.89472521193,4030.61476653376,2615.53382358172,3599.05046559506,2947.22125558975,3525.84126352847,2873.90155629938,6089.12737750657
4022.08982964081,13807.0813640682,9028.82541916721,14699.7421861473,17660.418584725,13696.6948284066,2736.05892045475,2892.46464246324,1640.35123275474,3306.58983233482,4422.46996278098,1936.59780736734,2420.10785441476,2985.59971501539,1e+09,2296.37696023541,6685.77134663608,5918.15737241753,1240.86856733499,1071.82949441597,1031.63558323664,1631.66067734686,1559.99445534271,3923.5374110616,7581.49472997904,9261.83270944795,7901.65301097815,2512.97669294803,1879.04209505801,4153.24441830721,2788.81717751451,3618.91735299385,4982.23159546001,2322.64947404898,1963.86785703621,1276.09057915181,1733.62730738184,747.01705435686,788.647733655528,1339.07305599807,1991.71558220545,1582.71006738442,808.707295317657,1779.89154430825,2064.19659858261,1844.24493655263,2474.6212552025,1623.31676714682,2158.80751814515,1319.07746853625,1183.69188081189,1595.40278929805,920.859857198695,3366.63310507694
2174.557468176,11567.6788270206,6782.13151734025,12468.855040119,15416.4572672777,11446.9728965871,4532.12007205237,5112.89423880448,1757.02650199136,1274.57493785183,2174.82748879078,3845.70036308083,4388.01020239242,1403.53110389474,2296.37696023541,1e+09,4472.8112031473,3854.32500679432,3123.56804319996,3302.04751555758,2616.04407464783,3370.61600745324,3353.98794231583,1842.22068675281,5383.73693534519,7023.79764750523,5678.89673839911,651.931209101083,698.538817461134,2152.61430551318,1501.63625971804,5588.90903813079,7217.86778877945,4342.69794733643,928.280063019776,3059.30954597602,980.693678984422,2370.24927051988,2808.28396133653,3356.33463957335,4206.00565531004,2728.08254019192,2216.988051118,3628.13892209215,4076.67364093571,3883.24892548752,4661.21821527377,3508.33055643279,1542.15894158157,2579.1648246477,2414.02708580496,3365.75515152246,2382.69396660587,5571.1766281729
3335.49139261369,7196.18866272279,2467.19235016243,8076.20106826842,11032.1371980773,7161.34363704187,8597.52861153134,9486.49574108374,5908.95167205656,3528.34523489411,2510.17639005708,8124.07761167999,8643.15178578393,4136.52714914335,6685.77134663608,4472.8112031473,1e+09,2462.53920358641,7473.67890681022,7608.57665091179,7005.48713623114,7622.10555422188,7656.24285032809,2820.41138231642,980.032193552844,2765.85471738846,1557.24675880221,4289.00863128066,4825.82564789695,3080.67640603488,4809.02233198184,9959.48904704955,11620.8128913902,8653.35441981894,4870.55526990506,7242.14091303808,5273.20798852084,6727.34363804912,7186.63017344708,7641.00476652122,8588.94375063081,7035.98735876494,6583.94976042497,7940.70986606361,8473.35124994237,8348.56935611725,9104.82158719214,7898.12242262679,5436.33331777035,6805.74949217939,6725.71700579202,7575.46207930579,6653.83515761399,10005.8215355412
3689.74450684597,8354.51106632219,3831.40054772403,9501.90507727266,12336.9108962495,8142.98531381458,7994.9677072456,8544.96266919874,4746.72240840983,2848.93642716014,2096.50590817198,7502.00479040103,7934.74302832171,4247.20382889731,5918.15737241753,3854.32500679432,2462.53920358641,1e+09,6633.22519047107,6923.21526584289,5900.9188057539,6824.83546154045,7007.51119663751,2682.22944203139,3005.26908249494,3958.24072399595,2726.48432333656,3500.70371051307,4210.50216189233,1817.36342075546,3467.8687654956,8632.93372067109,10708.105628406,7604.13425318096,4026.32338241726,6742.57183960987,4432.2743974172,6078.9190864495,6429.38767237596,7005.38142546143,7765.82448194009,5874.03348610646,5618.61793929788,7123.24024651703,7513.7317382177,7439.89457278126,8160.38076177822,7060.28432931706,4258.08456739647,5655.02999310349,5955.12339383493,7067.3630203351,5877.96777465648,9120.03606890346
4562.47064335761,14582.2435293133,9764.63683807032,15442.7678324839,18366.3904350174,14492.462024249,2584.86414567575,2268.78869168109,2117.79763216413,4053.23604739472,5122.95436250412,1119.76618304894,1437.17893624976,3717.14865474869,1240.86856733499,3123.56804319996,7473.67890681022,6633.22519047107,1e+09,1121.23124042278,1223.91006687583,687.569304579546,704.243935224152,4773.90691417418,8390.13794784687,10065.7322301957,8718.38689752296,3301.30120363168,2730.80005767541,4912.54766930561,3447.83422858466,3060.60146252334,4201.13410995174,1667.90402766466,2852.43939958415,1692.77308686073,2464.31765385471,1069.22449911139,878.996683497725,994.926485374673,1426.34540662492,1783.19688172675,1292.23310393288,1215.1484144334,1299.82173277723,1644.07472798532,2193.21070841358,1070.05568756958,2908.49045798675,2115.38377719032,1527.8159809676,1408.74157953118,1384.06713630517,2731.51466234395
4810.86904492317,14763.0619651582,9982.24363148386,15619.3403543139,18586.3643003144,14676.1540510925,2098.28118032355,2060.07621839581,2531.21836013806,4252.95515374898,5403.45106531002,1305.42151177311,1726.80805548851,3769.20577490803,1071.82949441597,3302.04751555758,7608.57665091179,6923.21526584289,1121.23124042278,1e+09,1636.80297907231,1397.36014230405,1228.68063857131,4838.61904074913,8500.08828852971,10234.0696081911,8873.49640097972,3492.9440275504,2823.17392101514,5143.28548881938,3808.62039624586,3218.06512704451,4083.48485261057,1787.5546783805,2930.96126559189,1000.93896472262,2713.94236066281,1190.36854276312,930.907524676861,752.274760709144,1173.78136273328,2202.14749204044,1568.60418429889,1556.21872775006,1662.93142387171,1555.85773125309,1883.18915157241,1434.68502020478,3158.83089327365,2011.51834262082,1760.83830024225,1221.11597983156,1451.62080058809,2558.73842811257
4467.85246986738,14022.8582395459,9250.17300721452,14981.7997957789,17906.2189136317,13868.2008515633,3040.72187110232,2768.55205876646,1354.51531323939,3543.03166752712,4617.05481135973,2218.21996634689,2492.57082150137,3596.47641091944,1031.63558323664,2616.04407464783,7005.48713623114,5900.9188057539,1223.91006687583,1636.80297907231,1e+09,1693.54201908308,1797.62706952805,4304.22580455533,7907.28201734958,9475.43849057129,8120.89513228068,2746.39282297708,2326.43663623147,4223.36494634314,2637.69519236018,2997.65612584232,4842.64373992141,2018.36090793991,2266.45001248649,2088.97306799298,1909.67552215029,1389.03947233331,1217.85053311151,1836.16790629289,2081.68076443051,1036.57861824369,814.141596222672,1798.19817025266,1821.40601514325,1714.44083543294,2351.10313748674,1605.49456377155,2054.73128768703,1089.4561282585,1457.29834258466,2182.64213885373,1384.31068268651,3279.5893008729
4598.55785418646,14700.8368734708,9886.29975424577,15515.2421141212,18438.3571097726,14653.589385468,2937.88218957126,2442.46092126363,2453.29859564628,4269.34468525323,5273.77671847226,926.514689306111,1413.18686075126,3789.8935917912,1631.66067734686,3370.61600745324,7622.10555422188,6824.83546154045,687.569304579546,1397.36014230405,1693.54201908308,1e+09,953.080356265934,4941.61105768149,8514.97655199942,10217.3805160129,8876.18549667029,3553.52715046614,2942.56834129643,5145.73095194453,3615.47454047183,3289.72444399223,4159.17864348239,1936.87575613409,3067.3707460788,1763.7482129261,2764.04124091881,1265.56797379675,1053.48974204783,899.358516777375,1438.10924800587,1945.53713251636,1548.82972766538,1062.34223972315,1241.6593721307,1952.97405487119,2433.1272061896,979.804724269076,3080.43772480471,2465.94911752047,1533.84297556823,1200.13377583501,1365.11638815157,2722.75757077269
4631.96867210908,14790.0935766242,9970.39732592939,15600.2296332618,18524.0455829605,14718.2256725531,2465.73297846705,2342.61452625053,2613.46496381719,4339.75251713735,5361.84045281096,777.191146501297,1175.1070808654,3766.83981034501,1559.99445534271,3353.98794231583,7656.24285032809,7007.51119663751,704.243935224152,1228.68063857131,1797.62706952805,953.080356265934,1e+09,5005.54079183259,8581.11558540031,10290.5486815573,8958.35421196327,3609.8762157725,2997.72136842302,5271.58491172247,3895.32592534951,3360.51150295606,4091.92968545404,1984.47654176108,3223.01574920136,1676.61345035163,2773.86015566755,1214.49258318032,1145.79758391262,975.864869948703,1502.77663992358,2280.37242793803,1812.88751206466,1337.97312491694,1517.39960982597,1748.33620676917,2283.56572723449,1217.65432590699,3354.03338002173,2635.75041312716,1776.93512897911,1211.62761556511,1747.1633959364,2674.33998666961
1719.67901025162,9958.77404914882,5206.81780875805,10855.281089829,13824.2894561095,9870.90859063643,5904.54358662886,6704.82719259042,3248.95224347789,969.320080417196,1178.87925424956,5440.20937129262,6002.9801842918,1759.62493898558,3923.5374110616,1842.22068675281,2820.41138231642,2682.22944203139,4773.90691417418,4838.61904074913,4304.22580455533,4941.61105768149,5005.54079183259,1e+09,3694.27340034546,5447.01386377894,4090.51980468253,1601.31659290098,2073.34730337201,1356.13539832865,2456.30366803455,7253.10749498448,8867.95419961109,5893.31487718924,2097.7255479924,4482.35950742463,2584.57007161733,3997.60518667114,4460.44050979273,4904.19745111267,5812.32169692972,4404.52795740928,3824.7335751788,5292.30563581696,5771.78010960224,5625.66305396973,6348.54629439685,5209.708482065,2889.37913323953,4082.99909373,4075.01445267376,4902.05724086327,3916.15629626806,7240.38566634402
4200.15876809437,6305.73660242006,1713.75136682659,7176.79518571486,10155.0270885803,6318.97930232407,9509.94097374426,10392.6730706493,6809.28588614842,4442.1775424447,3402.40721751527,9024.15009109445,9557.92120025584,4999.99912391992,7581.49472997904,5383.73693534519,980.032193552844,3005.26908249494,8390.13794784687,8500.08828852971,7907.28201734958,8514.97655199942,8581.11558540031,3694.27340034546,1e+09,1971.40332816499,1012.26979990514,5199.49552654871,5721.64529798029,3925.29437554688,5632.46390892121,10853.9984285285,12522.4928131063,9562.7821816875,5741.33430559482,8106.15550147541,6184.66685751141,7626.42357516287,8073.4819062843,8524.3657467638,9476.04434661953,7894.42250676387,7470.03169769714,8817.75561084565,9360.44174570303,9244.62574056408,9993.70837468254,8781.34838044819,6262.23916396523,7656.12810746398,7587.72968466853,8444.19539802343,7513.32457896636,10895.8299165185
5992.52150414999,4565.13055296341,817.406949199724,5663.139094919,8567.2043335793,4483.29782107992,11250.2527668937,12071.8989954978,8365.1906883107,6093.58706823001,4967.88926658999,10767.8727720521,11264.8738695469,6813.47260291696,9261.83270944795,7023.79764750523,2765.85471738846,3958.24072399595,10065.7322301957,10234.0696081911,9475.43849057129,10217.3805160129,10290.5486815573,5447.01386377894,1971.40332816499,1e+09,1376.11279817463,6836.77967646318,7426.05535154432,5366.8674495277,7062.91304777285,12356.9405208814,14207.6903914535,11210.6763692964,7399.12656783894,9885.53741231098,7806.8190365795,9345.04728242185,9759.52031051732,10275.0077503572,11183.055207241,9410.77806057501,9111.10002645674,10468.4637705014,10990.5113019823,10853.8998117727,11614.8622230098,10433.4514227795,7752.57820275294,9199.17208366057,9230.26868108941,10202.1067918886,9207.71629170882,12570.4031342356
4755.38583997135,5926.12299630205,1388.60844916773,6980.45384755891,9909.4418723357,5827.53716286735,9910.09628695403,10706.4985584737,7013.16908880001,4736.4409581668,3647.63013061906,9431.84269135146,9931.85773215162,5517.65049641603,7901.65301097815,5678.89673839911,1557.24675880221,2726.48432333656,8718.38689752296,8873.49640097972,8120.89513228068,8876.18549667029,8958.35421196327,4090.51980468253,1012.26979990514,1376.11279817463,1e+09,5476.21001620647,6066.64537363937,4014.64854844107,5730.26606158039,11008.9572441399,12851.0638315083,9848.50364108173,6028.41355091039,8536.00360173893,6457.90811105268,7998.1063727735,8408.66784291662,8925.4066364508,9823.14358143563,8074.02301871254,7750.03072966811,9134.33599408298,9645.60002397466,9508.62127990699,10259.6064814787,9094.63666500207,6412.0826004271,7837.602601708,7895.30367712351,8869.34052080537,7853.75061632976,11215.4619512038
2221.17384276873,11379.8814373481,6594.90358283577,12320.4022005412,15258.5889518002,11245.2554895565,4630.11499063468,5241.30855248954,1691.30756833286,819.707953602989,2023.71827718188,4104.29495467857,4608.33756585821,1686.07158139861,2512.97669294803,651.931209101083,4289.00863128066,3500.70371051307,3301.30120363168,3492.9440275504,2746.39282297708,3553.52715046614,3609.8762157725,1601.31659290098,5199.49552654871,6836.77967646318,5476.21001620647,1e+09,804.101975560314,1724.11697332287,1428.6810592641,5694.84453574459,7417.31135876741,4393.16450918925,778.835401994542,3308.67185279834,1105.29066629552,2644.35804186952,3076.723789114,3595.1592538857,4408.60664476884,2955.52824464596,2346.80953837332,3915.51664948574,4311.18197965477,4168.41609944353,4898.87510402133,3802.91160417909,1672.08752620788,2672.92523784336,2769.41203528836,3689.50782568624,2609.20700828815,5808.27754900711
2345.43700667914,11957.3063690365,7169.78226641507,12842.2179583435,15800.1457258058,11869.9657940661,4152.16067747865,4693.97413023336,1584.29769260704,1500.06788103072,2599.8628482095,3442.90959391907,3975.79247685289,1479.5655906718,1879.04209505801,698.538817461134,4825.82564789695,4210.50216189233,2730.80005767541,2823.17392101514,2326.43663623147,2942.56834129643,2997.72136842302,2073.34730337201,5721.64529798029,7426.05535154432,6066.64537363937,804.101975560314,1e+09,2447.0357203768,1690.736804828,5295.26451431843,6809.57628116464,3937.95626597097,546.975425499172,2609.04195569945,964.09739170895,1985.60708381593,2402.50665422596,2894.02548183322,3777.12040800926,2547.63919435229,1837.72227659677,3263.40272897784,3720.96667993681,3621.91985651257,4332.32710541344,3181.10502355707,1587.00368852753,2296.19640740944,2126.40985209813,2947.81678418113,1928.63448361788,5199.82336725008
2566.66127981469,9888.61035423077,5175.75925015838,10934.6588885159,13836.8846580616,9719.87380198426,6224.66902937016,6814.81254007034,3090.70139072024,1128.57113382365,1252.31356093432,5778.77546965618,6211.49171568312,2764.12029446983,4153.24441830721,2152.61430551318,3080.67640603488,1817.36342075546,4912.54766930561,5143.28548881938,4223.36494634314,5145.73095194453,5271.58491172247,1356.13539832865,3925.29437554688,5366.8674495277,4014.64854844107,1724.11697332287,2447.0357203768,1e+09,2057.88904730066,7059.74271653011,9000.56396543017,5909.82882436539,2276.61711174716,4991.13902919965,2722.07283174055,4340.94770379695,4706.10251864534,5264.69573936614,6038.73769443582,4327.41097724725,3920.61676850722,5467.4030841982,5860.21325429374,5753.72670284226,6460.4879652469,5399.68468984069,2767.13946460962,4019.26583900593,4320.1426608736,5354.60088403422,4192.77619292993,7418.97775877513
3007.34723068355,11568.2584917783,6857.48718635332,12560.2177187738,15468.0277650223,11422.5450738222,5217.29582682447,5342.68645921694,1727.54869801114,1830.79326743901,2407.19198143812,4310.97513594082,4777.24411362869,2590.75033183439,2788.81717751451,1501.63625971804,4809.02233198184,3467.8687654956,3447.83422858466,3808.62039624586,2637.69519236018,3615.47454047183,3895.32592534951,2456.30366803455,5632.46390892121,7062.91304777285,5730.26606158039,1428.6810592641,1690.736804828,2057.88904730066,1e+09,5400.95057809271,7384.82759587521,4484.92313359995,1392.35362358131,3712.66133265613,1636.75724727279,2947.89305204582,3165.06848184996,3819.67020957307,4473.2847180791,2420.56352145528,2363.35961755718,3785.73577637162,4127.1866113613,4107.36345657406,4841.23145686095,3681.85530561699,889.039548951564,2461.21375540606,2623.45705177348,3893.29660299598,2629.82870039096,5755.29526601373
7415.27006719917,16895.4328641322,12162.3769851456,17910.7731488844,20815.3053202661,16680.7287495571,3477.77167042346,1820.32021268237,4110.42028904588,6475.00307203788,7562.58889668743,3306.57341371699,3049.53882201883,6506.43217079069,3618.91735299385,5588.90903813079,9959.48904704955,8632.93372067109,3060.60146252334,3218.06512704451,2997.65612584232,3289.72444399223,3360.51150295606,7253.10749498448,10853.9984285285,12356.9405208814,11008.9572441399,5694.84453574459,5295.26451431843,7059.74271653011,5400.95057809271,1e+09,2854.15760941823,1972.27176116782,5190.26058138703,3899.99079686094,4791.90420664896,3812.29202216987,3370.46687220035,3409.78958416792,2458.02582321667,3235.38087903109,3549.84410270367,3100.85131222057,2338.68052499695,2274.88274893455,1823.49268528832,2923.28787639877,4775.30831413009,3363.92577575665,3870.705700373,3821.2886979264,3857.6153416327,2058.84568678665
8661.27706115559,18738.509935766,13936.1262814959,19591.9730176009,22531.8644269421,18643.7580454076,4039.11681952874,2370.644338972,6050.27982265283,8194.53120314396,9293.04945369925,3673.60916019927,3192.78165714475,7714.25988633388,4982.23159546001,7217.86778877945,11620.8128913902,10708.105628406,4201.13410995174,4083.48485261057,4842.64373992141,4159.17864348239,4091.92968545404,8867.95419961109,12522.4928131063,14207.6903914535,12851.0638315083,7417.31135876741,6809.57628116464,9000.56396543017,7384.82759587521,2854.15760941823,1e+09,3363.50212964107,6866.53980976591,4668.34559768233,6516.3522212738,4948.17591206093,4479.80170237478,4069.07929356261,3102.42924283536,5090.07374891563,5166.61862419707,3913.03269645169,3333.36615972503,3594.8088310785,2873.82165520061,3912.42784992899,6702.73888585853,5321.98074645146,5126.21635332533,4292.52636386779,5095.29212122328,1826.19866602733
5962.13024398159,15744.0397592708,10956.5705627217,16681.7812199387,19606.0053528912,15575.6289597627,1970.96636412193,1122.40267551356,2913.19625080426,5139.9283968748,6343.33685101146,1971.76600726354,2037.99845336055,5057.02075562282,2322.64947404898,4342.69794733643,8653.35441981894,7604.13425318096,1667.90402766466,1787.5546783805,2018.36090793991,1936.87575613409,1984.47654176108,5893.31487718924,9562.7821816875,11210.6763692964,9848.50364108173,4393.16450918925,3937.95626597097,5909.82882436539,4484.92313359995,1972.27176116782,3363.50212964107,1e+09,3904.75401424981,2418.47983863831,3495.20290695691,2382.10647620966,2182.65665075843,1999.99825624924,1347.49455972928,2621.0537792842,2275.83707228791,2328.60434565428,1748.59942076509,1748.17764952536,1726.69602507216,2047.50958029505,3887.3658321928,2568.20392506125,2877.64758940354,2570.40591020173,2615.57409780339,2081.28312444511
2664.96221196474,11937.943433586,7176.38252164,12871.1006955699,15828.1357988046,11823.9191287153,4249.76440959967,4707.18272105513,1400.1250358093,1486.59361037238,2637.28878426311,3634.5402079768,4161.71493441105,1871.4831371936,1963.86785703621,928.280063019776,4870.55526990506,4026.32338241726,2852.43939958415,2930.96126559189,2266.45001248649,3067.3707460788,3223.01574920136,2097.7255479924,5741.33430559482,7399.12656783894,6028.41355091039,778.835401994542,546.975425499172,2276.61711174716,1392.35362358131,5190.26058138703,6866.53980976591,3904.75401424981,1e+09,2749.61222776958,984.70642569245,2170.45800830147,2521.32070588015,3046.27329059623,3832.33207461201,2441.68322419187,1788.57550396957,3381.49758054032,3768.47170042446,3658.3999392494,4337.782528666,3276.31670984354,1294.61297069819,2064.10179034368,2235.43371174365,3161.62129598091,1984.83873292013,5244.32634201
4447.62798060944,14389.3543275854,9634.0360400613,15197.7458902957,18183.6428419583,14308.225112064,2315.8053368105,2718.28025963108,2586.78783200324,4030.03133130501,5119.17973822955,1595.90865562538,2423.41772177229,3277.22306544733,1276.09057915181,3059.30954597602,7242.14091303808,6742.57183960987,1692.77308686073,1000.93896472262,2088.97306799298,1763.7482129261,1676.61345035163,4482.35950742463,8106.15550147541,9885.53741231098,8536.00360173893,3308.67185279834,2609.04195569945,4991.13902919965,3712.66133265613,3899.99079686094,4668.34559768233,2418.47983863831,2749.61222776958,1e+09,2515.67981804124,1075.58910607164,1261.83486185792,1002.4581429167,1700.83565308351,2379.99523344061,1656.99556471947,2034.36171643589,2238.87989566211,1972.47709233846,2446.42347513672,1754.14972915655,3011.93289643046,2200.15265506737,1720.82197338946,1158.52257211502,1390.5685281927,3027.66598461587
2906.69137818242,12350.5590026403,7567.47431138686,13278.7611651351,16214.6667745532,12184.1234578118,3786.40276065555,4338.71337988579,922.560945141295,1869.31237464475,2947.91491515614,3249.62202968284,3840.11913574306,2045.92628097886,1733.62730738184,980.693678984422,5273.20798852084,4432.2743974172,2464.31765385471,2713.94236066281,1909.67552215029,2764.04124091881,2773.86015566755,2584.57007161733,6184.66685751141,7806.8190365795,6457.90811105268,1105.29066629552,964.09739170895,2722.07283174055,1636.75724727279,4791.90420664896,6516.3522212738,3495.20290695691,984.70642569245,2515.67981804124,1e+09,1784.97468519864,2282.26892317711,2792.00949969731,3511.11135074067,2134.74936231399,1480.83489018864,3152.97567567528,3440.70065868858,3190.72478360325,3970.96832173212,2915.21588682554,1349.54053903542,1965.13843967798,2031.23192910116,2932.51749955563,1910.78313021128,4857.26113243873
3844.34222386613,13864.6192674051,9063.14804375941,14697.7684154942,17651.6007515806,13777.9494948922,2745.3968286388,2955.00454943812,1807.4112260634,3401.32483723622,4441.10199024972,1523.12763641134,2243.10048671476,2820.16565751021,747.01705435686,2370.24927051988,6727.34363804912,6078.9190864495,1069.22449911139,1190.36854276312,1389.03947233331,1265.56797379675,1214.49258318032,3997.60518667114,7626.42357516287,9345.04728242185,7998.1063727735,2644.35804186952,1985.60708381593,4340.94770379695,2947.89305204582,3812.29202216987,4948.17591206093,2382.10647620966,2170.45800830147,1075.58910607164,1784.97468519864,1e+09,746.128622490788,1040.78376534225,1917.3151364082,1710.76188346012,935.601364364118,1650.6576353684,1984.41944132283,1923.30645371454,2637.12331603966,1393.94769141457,2335.85722532436,1867.2578421043,1032.67186007947,1194.72432719854,829.913425545099,3310.75270452204
4332.48735893136,14283.0357116336,9493.40347393915,15132.1437804628,18086.1338764618,14211.7031088642,2868.02836976903,2606.98481171257,2118.15379314157,3854.0785170388,4871.62112791009,1349.81627168293,1856.61735395315,3344.86364285601,788.647733655528,2808.28396133653,7186.63017344708,6429.38767237596,878.996683497725,930.907524676861,1217.85053311151,1053.48974204783,1145.79758391262,4460.44050979273,8073.4819062843,9759.52031051732,8408.66784291662,3076.723789114,2402.50665422596,4706.10251864534,3165.06848184996,3370.46687220035,4479.80170237478,2182.65665075843,2521.32070588015,1261.83486185792,2282.26892317711,746.128622490788,1e+09,804.994511223524,1517.19796177032,1485.01039235421,1081.14611200337,1024.43481232336,1422.31074593423,1556.38285855377,2168.60110861818,917.524799174388,2514.70982743536,1735.98451346779,872.531236059776,994.719108542708,779.882488199344,2874.25016259893
4669.57425367667,14777.6125394429,9981.54991130636,15581.3462220727,18540.6409605601,14726.4244337382,2490.9800554601,2269.53947562055,2651.2496639698,4335.61568525163,5390.34951159941,766.908283043025,1515.63241635299,3670.8343654815,1339.07305599807,3356.33463957335,7641.00476652122,7005.38142546143,994.926485374673,752.274760709144,1836.16790629289,899.358516777375,975.864869948703,4904.19745111267,8524.3657467638,10275.0077503572,8925.4066364508,3595.1592538857,2894.02548183322,5264.69573936614,3819.67020957307,3409.78958416792,4069.07929356261,1999.99825624924,3046.27329059623,1002.4581429167,2792.00949969731,1040.78376534225,804.994511223524,1e+09,1116.22041456874,2140.67705436855,1609.54524813688,1191.59698287634,1429.81850984662,1685.38576417982,2113.32510911123,1039.94685316126,3175.14641799398,2333.76592097408,1503.26246909846,616.413742221894,1265.71435715172,2519.06656567467
5712.58054450876,15712.9831709004,10920.3698380504,16567.2978933681,19525.5416489454,15616.9090256779,2247.07334059216,1267.24357875667,3159.82776755316,5185.96648036796,6287.65469857402,1116.51325379505,1444.04584463237,4695.69160898584,1991.71558220545,4206.00565531004,8588.94375063081,7765.82448194009,1426.34540662492,1173.78136273328,2081.68076443051,1438.10924800587,1502.77663992358,5812.32169692972,9476.04434661953,11183.055207241,9823.14358143563,4408.60664476884,3777.12040800926,6038.73769443582,4473.2847180791,2458.02582321667,3102.42924283536,1347.49455972928,3832.33207461201,1700.83565308351,3511.11135074067,1917.3151364082,1517.19796177032,1116.22041456874,1e+09,2380.6050887537,2159.09182590737,1449.40477282918,1029.80265526945,1212.75757577514,1223.15672875556,1203.33353194366,3765.63236299031,2535.79026506531,2222.92753514369,1525.95234345637,2067.82527583933,1483.61576791297
4526.86271853919,13930.0483578629,9193.36646594706,14869.4864595587,17793.3269848362,13790.4525491262,3765.73986926872,3256.49965274065,1701.19449811008,3727.87667096164,4595.57770447851,2504.20782629957,2923.47695988869,3647.83510412683,1582.71006738442,2728.08254019192,7035.98735876494,5874.03348610646,1783.19688172675,2202.14749204044,1036.57861824369,1945.53713251636,2280.37242793803,4404.52795740928,7894.42250676387,9410.77806057501,8074.02301871254,2955.52824464596,2547.63919435229,4327.41097724725,2420.56352145528,3235.38087903109,5090.07374891563,2621.0537792842,2441.68322419187,2379.99523344061,2134.74936231399,1710.76188346012,1485.01039235421,2140.67705436855,2380.6050887537,1e+09,1149.6595921837,1796.00931002598,1881.91080351859,1896.27263092626,2598.84528414063,1554.32771258187,1717.11788360613,1280.57029873412,1172.43575828273,2291.16301705051,1396.34899692018,3440.31407749351
3955.76500318207,13648.2294306001,8863.95202897105,14561.462221683,17505.169137629,13521.7575362377,3063.53421585267,3055.7055716479,1115.47026867595,3132.95067608796,4223.21892155735,2122.29588964404,2676.59162923671,3018.0877802675,808.707295317657,2216.988051118,6583.94976042497,5618.61793929788,1292.23310393288,1568.60418429889,814.141596222672,1548.82972766538,1812.88751206466,3824.7335751788,7470.03169769714,9111.10002645674,7750.03072966811,2346.80953837332,1837.72227659677,3920.61676850722,2363.35961755718,3549.84410270367,5166.61862419707,2275.83707228791,1788.57550396957,1656.99556471947,1480.83489018864,935.601364364118,1081.14611200337,1609.54524813688,2159.09182590737,1149.6595921837,1e+09,1900.71073885534,2068.44415445523,2031.91674137992,2714.0518602267,1643.36073039367,1731.67650012928,1172.85113680296,1147.13976088356,1904.37314841393,828.725159205391,3524.77995754345
4986.01622153398,14959.6910860051,10176.6970159723,15782.1096145256,18714.2016805313,14923.8315910292,3364.85136653909,2503.22273727289,2881.16928397135,4670.21385394716,5579.18710491054,1272.48386158725,1414.29441796961,4117.04380605793,1779.89154430825,3628.13892209215,7940.70986606361,7123.24024651703,1215.1484144334,1556.21872775006,1798.19817025266,1062.34223972315,1337.97312491694,5292.30563581696,8817.75561084565,10468.4637705014,9134.33599408298,3915.51664948574,3263.40272897784,5467.4030841982,3785.73577637162,3100.85131222057,3913.03269645169,2328.60434565428,3381.49758054032,2034.36171643589,3152.97567567528,1650.6576353684,1024.43481232336,1191.59698287634,1449.40477282918,1796.00931002598,1900.71073885534,1e+09,826.962387717845,1641.68477287816,2056.02135378016,637.143698234551,3175.9951560259,2437.61940226525,1377.04611869029,1198.66124714199,1542.58120917506,2459.99952741865
