1e+09,3697.27582050623,4461.7610225448,3921.14128959924,3661.19595228117,4263.03548825247,3252.09898102748,4004.13536528175,3801.39663589581,4049.02666335997,4019.30487687859,4026.06479597634,3861.10094686736,3423.5709961676,3822.00564252592,3942.84574419289,4613.7303971732,3627.40192799199,3705.78574554709,3549.26513119265,3022.87205443763,4006.16748578988,3341.08815836997,3704.38353519179,3664.97425543482,4106.69260888857,3736.39472957556,3920.68281916556,4076.45952964089,3665.66501565541,4320.9042788634,4627.32381906648,3840.00309601438,3986.43443080405,4307.06885676326,4295.52045412427,4364.56257431372,4050.05050614187,3913.83456566575,3875.07704244703,3902.37063822749,3582.18388690475,3363.25055375005,3707.57973474611,3676.1036889892,3961.14987677821,3296.22118350696,3786.65524741823,3596.21701568468,3670.992730366,3879.2209748608,3991.35603861645,3809.93233348048,4105.39962915914
3697.27582050623,1e+09,943.367441562407,838.233037943506,781.676871539642,1458.45505758662,1951.46642730537,1167.2686748988,918.142472114214,909.652500628674,1161.97468320097,2633.50619408803,1521.33988457544,1464.08107258444,1685.97334848449,1120.37784322968,2133.51892621087,1288.24930067903,1945.14916142696,1589.87067580983,2026.08837117239,1935.81656721395,1671.49777143136,1206.11484382707,1062.09860893422,2099.42757769826,1238.67785767729,2047.87164031343,1202.67721933194,638.499258496045,1298.98258179238,2000.43369962616,2261.54416996441,1936.27533517318,1905.04707674115,1126.60471004696,2687.93833348163,2100.98146407816,1755.36559699112,2112.71109231717,1495.72764499424,1538.35531822138,1826.67585641241,1416.60336156597,1553.1593284335,1476.98442408849,1844.74697243281,1044.79300835141,1479.14136207463,2414.82862644536,1979.56401828787,1668.91376364988,1647.90524120776,1915.07492986567
4461.7610225448,943.367441562407,1e+09,747.310730218696,1431.98290391331,1929.5711101693,2809.18066757907,1051.98459988728,1468.30854213275,1396.78797027323,1672.52776580839,3183.79440741704,2160.09738553612,2205.25854291509,2089.40580294973,1020.24775334229,2126.45249514303,1824.69140763582,2673.32993036774,2287.41503505595,2864.50464394806,2213.16802007891,2268.28475344257,1595.21477096346,1478.45716579818,2463.82130098755,1794.99580776669,2673.7503328097,1725.38659757748,1425.84189723125,1710.0745849816,2295.73333734561,2841.05403442103,2449.18909408808,2400.68736090312,1359.27878299486,3058.97243040862,2461.83535655819,2190.87943554637,2732.62957098104,1982.74338001669,2280.54554918335,2468.96953699312,2054.91076404792,2230.99755699104,1915.05713993082,2603.70810693134,1566.4360391347,2224.20993599975,2956.01291768152,2483.82549892298,2148.61205951656,2228.80765993838,2488.23654747695
3921.14128959924,838.233037943506,747.310730218696,1e+09,1129.78925247145,2030.66845976885,2682.43955939365,725.493471989928,1344.28756871437,1426.54058855681,1695.29480748925,3172.5415420448,2174.25409906478,2178.55837488923,1962.1367971933,898.460110132888,1976.8656628107,1627.50112681989,2599.17382760369,2286.84842022815,2664.03180594752,2337.53736616124,2010.65088093383,1367.11535819038,1269.43057100418,2060.22631196187,1657.88908585587,2742.93897706456,1937.60415446499,1283.72445407883,1793.63353617733,2518.30388434359,2764.42948967775,2525.57981004363,2532.27559232798,1696.73135009641,3059.13377770571,2466.78621187569,2140.72606299825,2751.80583441129,2119.56094083185,2248.63680744579,2447.66134387501,2120.38214878828,2199.06885608432,2005.99715690227,2325.42249722497,1611.26342731411,2146.82658272623,2965.64979746429,2560.40556463229,2202.65254454714,2281.35770906274,2510.71733345273
3661.19595228117,781.676871539642,1431.98290391331,1129.78925247145,1e+09,1727.09728078646,2041.50677319474,1611.81288265729,1268.31568349524,1263.95098615413,1550.79223685831,3040.18024646566,1855.30589313461,1869.22933354899,2000.66457506,1630.12381465336,2370.31130259298,1642.39888145359,2145.23269430148,2017.05576534215,2199.60594595941,2613.2351685985,2020.10360165017,1560.08085162276,1468.48421741604,1916.58160162828,1506.87895300187,2354.22855625787,1622.33750502169,684.63799675449,1533.52746499696,2482.68847902833,2624.58629231351,2433.94292716571,2251.11880390618,1772.36373789355,3153.70147602781,2636.14064645648,2234.16832378404,2494.67103216035,2060.98569803383,1779.99414779937,2344.45540394779,1898.58430318488,1901.97001758703,2023.58710509333,1929.49704239214,1629.25640591038,1723.75329966327,2954.22971280163,2514.6451975577,2164.41987853559,2131.74826747907,2216.16798702174
4263.03548825247,1458.45505758662,1929.5711101693,2030.66845976885,1727.09728078646,1e+09,1450.52348526317,1892.18829174054,804.199921972142,628.979564135434,721.273789347707,2098.4246492786,1134.88940060254,1119.96076855397,2233.27355301584,2304.83581692927,2499.87895880981,1580.58817947624,1215.70374244715,1201.15197065151,1594.3764577414,2039.75988265776,1744.55802250885,1923.37070392059,1856.6305107102,2314.66523899246,771.515982400883,1121.75782814296,821.848382793323,1430.99558032162,1100.95681050621,978.93995086522,1576.06817920419,1207.64042777641,633.421277508105,1245.08062931683,2183.2536267232,1903.01006171801,1324.58101734096,1531.97458340535,996.750035866566,870.398316576957,1642.37846229181,963.608248408034,807.912933365966,845.143779483704,1353.295951409,872.496711913575,813.325614744796,2051.38935950736,1311.70321182042,1246.61971398659,1286.40250567231,1102.03832065859
3252.09898102748,1951.46642730537,2809.18066757907,2682.43955939365,2041.50677319474,1450.52348526317,1e+09,2678.40413849367,1618.12099825693,1644.08015491946,1530.79836702944,1861.13857705438,1249.93804466461,848.681653507368,2344.04429674441,2803.64436862096,3137.70948384327,1842.73380323909,858.888781100324,970.90295761214,574.347306688209,2255.64679136606,1732.11600015703,2241.73700415548,2177.90905710041,2684.68459493848,1501.22482420189,1035.44292498428,1426.62513085954,1703.88380137849,1833.69387649629,1854.00084209798,1516.35885666949,1414.49804492619,1325.5818792138,1966.64672694412,2358.82186955692,2139.75601859184,1759.03044345458,1304.68004510685,1426.83300371837,733.213081443587,1300.00602956294,1093.88842644028,930.74356736966,1527.05055630126,1080.93717199475,1508.63447620688,792.955465016794,1757.10838003807,1451.68539284516,1590.93048239073,1345.51918577923,1333.38854258614
4004.13536528175,1167.2686748988,1051.98459988728,725.493471989928,1611.81288265729,1892.18829174054,2678.40413849367,1e+09,1176.4936151548,1339.17576482701,1520.68424395073,2878.15959250004,2073.52002199159,2087.42421445666,1948.12311135616,1079.98087381212,1735.01414054756,1464.70854564995,2454.57081075287,2158.35965283824,2546.59274561128,2065.30560777334,1737.12882887252,1331.89157265147,1270.8493433527,1988.58079891163,1460.47253589378,2622.99111721714,1977.55448473614,1585.91988911798,1761.92421023153,2205.5127367576,2423.76020177327,2234.93695821605,2325.01285617951,1652.11906626006,2635.19700523509,2097.37362541823,1736.62212421125,2551.24196880657,1930.7050554137,2196.18180342612,2263.59945083047,1998.05303523205,2017.58501017925,1720.72939139192,2131.04381468331,1416.64596328793,2032.7977753333,2670.97994041513,2266.13571184517,1936.86727209171,2100.76195952802,2299.50386322789
3801.39663589581,918.142472114214,1468.30854213275,1344.28756871437,1268.31568349524,804.199921972142,1618.12099825693,1176.4936151548,1e+09,349.009987536174,596.502783815801,2188.10045450386,1189.72904843918,1153.28259026138,1824.28393500025,1673.20748859787,2030.83738905901,1102.00989768695,1419.83265616058,1261.46317326349,1595.78371820871,1847.80230982646,1315.95992347792,1350.27785399895,1275.86628570552,1857.40159225193,474.035407749252,1578.75286663239,1083.74342544719,1037.15523013674,1057.60717844576,1404.57998131114,1638.57532265075,1405.3818578237,1270.14082813679,1185.22591711454,2172.16151372314,1737.77153610594,1152.90064975261,1696.75818934225,1130.5079700294,1108.1843416147,1579.56400652205,1079.97177162183,966.297112072679,913.440590569524,1206.59589904823,630.69858078166,932.319945458639,2065.82606988101,1482.82065355187,1235.39215741399,1322.38164744525,1351.71997658539
4049.02666335997,909.652500628674,1396.78797027323,1426.54058855681,1263.95098615413,628.979564135434,1644.08015491946,1339.17576482701,349.009987536174,1e+09,475.179951492064,2192.03639978902,1094.52696554265,1178.47348616759,1815.82494445362,1709.38093177033,2046.57687463726,1170.39313395115,1404.48585756497,1255.73413026006,1705.66949081585,1850.65541735894,1469.93698654058,1398.86983883419,1319.97954415968,1936.48891427243,683.786245840029,1547.82008150172,905.240937651408,963.306547055505,836.845636482619,1266.72161523359,1696.48347124279,1390.01212753702,1157.59205685768,989.558628278284,2196.8097023411,1767.01857140778,1230.86048470166,1658.60193690349,1104.42144125329,1111.93336455023,1639.27258877223,1044.43335024309,984.944105723772,933.074462355497,1370.33370600011,660.102452351148,944.143785606833,2120.51641922434,1510.688749412,1196.25880953914,1277.3622682309,1270.84296862358
4019.30487687859,1161.97468320097,1672.52776580839,1695.29480748925,1550.79223685831,721.273789347707,1530.79836702944,1520.68424395073,596.502783815801,475.179951492064,1e+09,1742.32190272062,694.649272798871,1031.02855299938,1533.68733025999,1762.1620987866,1864.58440321161,881.116799578807,1077.84061354172,981.78065034915,1500.68663717646,1551.34712282584,1139.48683805475,1236.41961513881,1187.50393999346,1853.25321621197,915.369876989624,1525.21348013975,1054.47053202069,1068.67918380588,619.597811326025,1009.1904924245,1285.9536803089,1060.62060257191,1032.42988062144,910.449850074127,1750.01003054268,1346.80729898527,846.475189654133,1245.02339319388,1038.82088330953,1124.45817961363,1381.74160999805,885.638925860873,770.32806589141,860.798364194543,1181.24063606871,641.408947630137,763.019647584517,1782.9686341885,1300.23776529526,759.768452819673,894.942461837631,851.654360993942
4026.06479597634,2633.50619408803,3183.79440741704,3172.5415420448,3040.18024646566,2098.4246492786,1861.13857705438,2878.15959250004,2188.10045450386,2192.03639978902,1742.32190272062,1e+09,1261.31723880236,1593.43633195682,1897.59725729671,2854.934104511,2575.21820737583,1671.96983124696,1211.21287794508,1279.99907417935,1531.11356009278,1455.56897431898,1380.71947672219,2112.46346150649,2132.21240428809,2762.47113188536,2298.69723447869,2047.54001130625,2269.13879289038,2428.52858027243,1935.25874913408,1558.21887624942,717.981668150378,1089.16548903277,1756.53058871743,2016.11911096542,755.071381460058,961.405723043087,1209.90148458459,673.833297707972,1806.22855339517,1981.68432304441,1270.51050192433,1586.19140916221,1486.71583613009,1789.81597587573,1687.76699855164,1877.20627204365,1599.6329509922,943.90393621385,1425.87586956228,1061.90800656177,1055.5501080953,1091.23833496629
3861.10094686736,1521.33988457544,2160.09738553612,2174.25409906478,1855.30589313461,1134.88940060254,1249.93804466461,2073.52002199159,1189.72904843918,1094.52696554265,694.649272798871,1261.31723880236,1e+09,879.273573639058,1363.09957464596,2042.26816642673,2088.34506111897,932.828711768672,674.47890137498,652.239640622985,1203.1772903442,1415.84879824789,1054.66139945482,1352.3623105884,1320.11195915347,2068.05292267872,1416.32528491869,1505.34432831828,1253.92263042821,1236.56196508707,826.940176796363,1140.77136789104,1016.78931352567,901.958737637149,1130.73380598618,1098.63665918264,1518.41710922921,1172.15331599582,938.888202982655,696.837921470983,1166.47442243711,1155.57194284908,1098.81371578626,821.566924845444,745.863827853315,1154.37825611885,1159.25722283711,1010.23566651549,709.907654135381,1447.85408487872,1250.01981564294,572.431337105159,498.443547856726,523.446028163363
3423.5709961676,1464.08107258444,2205.25854291509,2178.55837488923,1869.22933354899,1119.96076855397,848.681653507368,2087.42421445666,1153.28259026138,1178.47348616759,1031.02855299938,1593.43633195682,879.273573639058,1e+09,1930.17936298677,2189.01766048152,2691.03288675557,1391.06799136491,906.032337005694,340.430086655102,855.077228500444,1502.84972495589,1335.21309422878,1761.83402231879,1668.97624914197,2582.48367005486,1133.04888464708,903.39484053209,927.015897921929,1424.27986800348,1477.6023166265,1318.70494527775,1244.37039815322,828.098929657562,1004.10767604874,1257.66266446929,1933.41183815037,1555.7904944754,1192.70825066317,1007.07809046767,663.631070023096,570.555137563409,661.515639951165,315.562658912616,481.582333355367,815.161145725187,1165.31552851578,773.07203325434,566.923324886179,1252.24578178567,809.920428066856,994.572953382506,741.910119286696,1084.76601260364
3822.00564252592,1685.97334848449,2089.40580294973,1962.1367971933,2000.66457506,2233.27355301584,2344.04429674441,1948.12311135616,1824.28393500025,1815.82494445362,1533.68733025999,1897.59725729671,1363.09957464596,1930.17936298677,1e+09,1413.06377060627,1318.53953968017,800.514532972388,1886.71202656897,1746.13512438184,2157.56921997882,1533.26904550376,1130.74508988543,638.262982711672,719.294843509948,1752.63716701433,2233.98281504133,2762.51343819356,2233.58936465502,1434.58592621704,1353.70082647533,2197.52406526072,1890.75185381372,1985.53525649886,2413.41831322297,1596.68660033834,1875.00454415449,1362.20854724965,1559.00790238536,1740.68301347488,2157.6487725763,2311.15286052221,1868.66262182343,1909.2425836441,1941.03956577397,2110.69930037417,1974.58662891756,1783.55832287593,1888.63530958203,2125.2951008507,2280.74353768678,1422.67845309473,1496.01616495277,1729.89555199151
3942.84574419289,1120.37784322968,1020.24775334229,898.460110132888,1630.12381465336,2304.83581692927,2803.64436862096,1079.98087381212,1673.20748859787,1709.38093177033,1762.1620987866,2854.934104511,2042.26816642673,2189.01766048152,1413.06377060627,1e+09,1662.41261656064,1400.9562071314,2595.08945267788,2189.62309747591,2708.0727900483,1827.74052532081,1801.19741036345,977.603303646218,879.924363738157,2193.6137173167,2071.08588057087,2923.06469179182,2114.24337338444,1424.31445246476,1775.27608348673,2489.17457784704,2632.95504023521,2414.15463382112,2668.37107505684,1509.91385459569,2716.64143636955,2064.95488163785,2005.72365142858,2542.49774340116,2148.07967906221,2463.00417204275,2245.2727843182,2110.92185871481,2276.06642317398,2090.85302300281,2484.28209128915,1687.18749210039,2264.67654507217,2668.7208153533,2505.50528119579,1989.37498277725,2066.33932905513,2440.56926142243
4613.7303971732,2133.51892621087,2126.45249514303,1976.8656628107,2370.31130259298,2499.87895880981,3137.70948384327,1735.01414054756,2030.83738905901,2046.57687463726,1864.58440321161,2575.21820737583,2088.34506111897,2691.03288675557,1318.53953968017,1662.41261656064,1e+09,1357.06426612744,2537.58372049081,2544.52677193619,2919.12555836504,2223.68142052768,1686.89565948816,1172.66573847793,1309.80448999078,1344.22499861444,2451.29765960807,3361.08045570171,2796.2885840342,2030.29419203228,1659.03831134185,2464.90570726347,2371.31262995835,2547.26338094434,2814.93379387509,2123.50450990809,2181.32275729659,1841.25002547183,1858.29561663369,2505.13602522897,2716.64598943256,2925.28837525465,2719.66611533475,2597.20258792032,2504.8552540616,2503.75241461691,2403.66631336382,2234.30685654411,2475.04290486044,2896.01100733405,2849.69761058959,1986.41980613364,2259.31869918788,2233.73663919899
3627.40192799199,1288.24930067903,1824.69140763582,1627.50112681989,1642.39888145359,1580.58817947624,1842.73380323909,1464.70854564995,1102.00989768695,1170.39313395115,881.116799578807,1671.96983124696,932.828711768672,1391.06799136491,800.514532972388,1400.9562071314,1357.06426612744,1e+09,1370.79316889894,1263.56671897451,1624.75368610137,1406.77041744558,571.267204729976,531.417958861008,566.188994771181,1480.52319309763,1481.23677526586,2168.39371053783,1734.09292080903,1109.84575883318,966.847659096302,1673.74769822097,1377.41602851136,1462.19330141401,1802.85344615141,1295.16522613912,1621.82023519871,1108.18382044677,933.656545524102,1390.88078522208,1597.63039884073,1695.50580075681,1464.35892017633,1372.94932794331,1296.40339647812,1464.80763552761,1293.97760622045,1151.90259379863,1251.49688257702,1803.6592244102,1728.33139906674,948.992716410405,1086.44307715591,1233.39457526778
3705.78574554709,1945.14916142696,2673.32993036774,2599.17382760369,2145.23269430148,1215.70374244715,858.888781100324,2454.57081075287,1419.83265616058,1404.48585756497,1077.84061354172,1211.21287794508,674.47890137498,906.032337005694,1886.71202656897,2595.08945267788,2537.58372049081,1370.79316889894,1e+09,753.767500095354,763.833169612318,1853.12038052038,1253.82010475985,1860.90690145961,1843.384304669,2247.40626874626,1449.8347219942,1274.98366099335,1493.44721322851,1643.25366334599,1326.08075033159,1310.5444965357,818.396185169506,946.763442471244,1039.36100128877,1672.82068605694,1615.64176840041,1495.02084888472,1143.36651048559,680.065068798567,1336.31655942744,1007.83513924649,1185.3713251973,986.515250160888,656.713091616118,1306.32997079605,816.284492012436,1317.6105709579,578.750795593406,1454.83546413332,1238.09593549935,969.069627890586,859.389781996505,533.918527867314
3549.26513119265,1589.87067580983,2287.41503505595,2286.84842022815,2017.05576534215,1201.15197065151,970.90295761214,2158.35965283824,1261.46317326349,1255.73413026006,981.78065034915,1279.99907417935,652.239640622985,340.430086655102,1746.13512438184,2189.62309747591,2544.52677193619,1263.56671897451,753.767500095354,1e+09,887.289360130054,1304.63248453348,1188.29992834301,1668.51171488246,1595.0883965787,2522.05972439195,1320.90792657929,1085.37395813609,1096.66574055179,1484.12684939664,1371.17080110393,1189.24738486154,1010.42788594733,631.674184053773,1015.80851709365,1202.46498822211,1645.15617404549,1286.98257999089,1018.98739653639,685.756420750109,768.526730439482,830.2105545583,543.856604446429,389.592688843105,506.528649831379,886.474183606043,1175.94536365428,859.381997076969,619.725452115693,1046.77499315756,773.249316262226,735.269482910858,433.433965212696,855.607187557468
3022.87205443763,2026.08837117239,2864.50464394806,2664.03180594752,2199.60594595941,1594.3764577414,574.347306688209,2546.59274561128,1595.78371820871,1705.66949081585,1500.68663717646,1531.11356009278,1203.1772903442,855.077228500444,2157.56921997882,2708.0727900483,2919.12555836504,1624.75368610137,763.833169612318,887.289360130054,1e+09,2025.27230620971,1353.21174843407,2068.90782687388,2028.25131477832,2523.21256009081,1500.82641904385,1265.79251783221,1679.68529055297,1817.16484951146,1872.90238522994,1823.28669561317,1148.70961609103,1249.51417983151,1433.63779965513,2015.83148678157,1992.53217941392,1811.64279111529,1461.48406282792,1115.39446896602,1441.73668781786,974.08289508645,1071.78689962138,1122.377119332,880.431657597567,1469.45702706816,793.409700028932,1467.97326205214,815.223794181696,1434.51222905209,1308.80389948227,1404.88525883789,1206.61832200576,1235.48587810626
4006.16748578988,1935.81656721395,2213.16802007891,2337.53736616124,2613.2351685985,2039.75988265776,2255.64679136606,2065.30560777334,1847.80230982646,1850.65541735894,1551.34712282584,1455.56897431898,1415.84879824789,1502.84972495589,1533.26904550376,1827.74052532081,2223.68142052768,1406.77041744558,1853.12038052038,1304.63248453348,2025.27230620971,1e+09,1383.22416570851,1567.53781951186,1510.72075010572,2847.26690700047,2075.82662855066,2166.805383762,1865.49510495203,2044.22497866551,1806.6344828714,1550.89171662628,1534.42731004111,1216.92774539,1918.23964188524,1227.4217619873,1397.39024352541,819.921512768143,1176.40283398163,1364.99206133223,1378.40470584658,2014.04036816544,1081.90679871235,1367.74299438893,1611.92828370247,1422.34872373128,2133.56586563434,1353.92567454791,1781.03050633615,1093.52821710279,1326.52276844387,1006.92372392352,1025.05933638009,1623.76454139755
3341.08815836997,1671.49777143136,2268.28475344257,2010.65088093383,2020.10360165017,1744.55802250885,1732.11600015703,1737.12882887252,1315.95992347792,1469.93698654058,1139.48683805475,1380.71947672219,1054.66139945482,1335.21309422878,1130.74508988543,1801.19741036345,1686.89565948816,571.267204729976,1253.82010475985,1188.29992834301,1353.21174843407,1383.22416570851,1e+09,1002.50374074115,1037.97997196478,1712.96818887567,1553.51013836409,2103.69033479265,1939.13909960065,1532.78690156199,1398.99832819771,1730.32111277069,1052.42290739037,1329.98408167166,1820.26510714786,1630.76698685005,1362.39204067699,951.666253420809,787.349831904472,1234.657022942,1615.79017143316,1689.49693565866,1259.97932709231,1388.01323448301,1237.2908662073,1474.11939336677,1077.07988663794,1279.64157512954,1237.38175721965,1491.18636132443,1567.69565190441,953.260351950085,1062.49986310587,1218.55087965173
3704.38353519179,1206.11484382707,1595.21477096346,1367.11535819038,1560.08085162276,1923.37070392059,2241.73700415548,1331.89157265147,1350.27785399895,1398.86983883419,1236.41961513881,2112.46346150649,1352.3623105884,1761.83402231879,638.262982711672,977.603303646218,1172.66573847793,531.417958861008,1860.90690145961,1668.51171488246,2068.90782687388,1567.53781951186,1002.50374074115,1e+09,169.937151912112,1499.12173431646,1780.70381158687,2564.598267585,1959.81713111198,1099.22002419898,1182.13104666953,2058.92191136527,1892.10908501598,1904.11371769125,2222.68617386711,1395.01658477597,2017.09234813382,1444.00675230416,1387.55990897691,1849.3550744246,1915.54424681342,2065.80211583782,1819.11203253126,1730.53353573399,1742.99531026334,1810.72280073456,1761.92664518135,1430.96847715105,1688.44386501299,2185.02362957475,2131.55903995174,1376.49166819128,1491.57639807688,1716.49426433647
3664.97425543482,1062.09860893422,1478.45716579818,1269.43057100418,1468.48421741604,1856.6305107102,2177.90905710041,1270.8493433527,1275.86628570552,1319.97954415968,1187.50393999346,2132.21240428809,1320.11195915347,1668.97624914197,719.294843509948,879.924363738157,1309.80448999078,566.188994771181,1843.384304669,1595.0883965787,2028.25131477832,1510.72075010572,1037.97997196478,169.937151912112,1e+09,1614.73389711742,1704.86128016329,2474.19166280626,1837.13802099897,1001.85963937071,1168.07801310529,2017.03416329521,1904.68920178595,1854.6730951572,2160.91988886678,1282.36575149214,2065.27455005382,1465.17764039041,1386.23371831737,1830.93376917353,1809.45631356493,1975.35741753233,1740.95405910093,1634.16668155363,1681.25522815544,1723.39629531341,1760.35071465887,1326.30074425071,1631.30453039891,2142.11307301926,2057.41330062776,1350.26603712009,1439.68913266024,1711.59130212209
4106.69260888857,2099.42757769826,2463.82130098755,2060.22631196187,1916.58160162828,2314.66523899246,2684.68459493848,1988.58079891163,1857.40159225193,1936.48891427243,1853.25321621197,2762.47113188536,2068.05292267872,2582.48367005486,1752.63716701433,2193.6137173167,1344.22499861444,1480.52319309763,2247.40626874626,2522.05972439195,2523.21256009081,2847.26690700047,1712.96818887567,1499.12173431646,1614.73389711742,1e+09,2164.19984273634,3153.26488795344,2753.2926687332,1785.82234667954,1673.04501302266,2686.02249491697,2365.49079945368,2683.03168125164,2719.01777239503,2504.32427375131,2606.95607362303,2358.41286644218,2071.80073851227,2556.45010989849,2820.43125237968,2624.20232529811,2830.07670228211,2601.49770774452,2341.87848589546,2595.91497719012,1855.03867789866,2316.83413098564,2187.91988774726,3142.0405332045,2969.59701897412,2229.39969989681,2415.59533192131,2169.63878901535
3736.39472957556,1238.67785767729,1794.99580776669,1657.88908585587,1506.87895300187,771.515982400883,1501.22482420189,1460.47253589378,474.035407749252,683.786245840029,915.369876989624,2298.69723447869,1416.32528491869,1133.04888464708,2233.98281504133,2071.08588057087,2451.29765960807,1481.23677526586,1449.8347219942,1320.90792657929,1500.82641904385,2075.82662855066,1553.51013836409,1780.70381158687,1704.86128016329,2164.19984273634,1e+09,1329.28033668598,1101.87638181422,1384.18823430919,1437.3781307297,1464.69001406441,1684.30377913249,1425.48248628315,1159.12725681868,1489.46281531296,2330.70750779672,1972.06184535374,1323.36885296579,1798.20342995446,1090.341197103,924.936711780866,1612.84548419866,1102.80381732201,927.671317655127,867.461058203767,1163.30366052893,777.694582467951,921.890189501982,2091.45017377895,1398.19942876544,1447.88979421778,1489.15841544813,1477.84928037334
3920.68281916556,2047.87164031343,2673.7503328097,2742.93897706456,2354.22855625787,1121.75782814296,1035.44292498428,2622.99111721714,1578.75286663239,1547.82008150172,1525.21348013975,2047.54001130625,1505.34432831828,903.39484053209,2762.51343819356,2923.06469179182,3361.08045570171,2168.39371053783,1274.98366099335,1085.37395813609,1265.79251783221,2166.805383762,2103.69033479265,2564.598267585,2474.19166280626,3153.26488795344,1329.28033668598,1e+09,1048.00027915073,2050.69270694076,1972.84358046957,1379.37784301474,1646.95380502915,1156.12218939003,768.411818883598,1766.39818101695,2393.60898974749,2192.66252533307,1736.65851389961,1489.39958197926,919.478789532418,619.026780923087,1338.28479016987,904.26597370464,900.746663774005,1059.15061884512,1572.32163678428,1294.60488393177,1007.52484068632,1706.71123869857,981.549260353244,1590.6343552495,1408.08032668595,1451.0447875238
4076.45952964089,1202.67721933194,1725.38659757748,1937.60415446499,1622.33750502169,821.848382793323,1426.62513085954,1977.55448473614,1083.74342544719,905.240937651408,1054.47053202069,2269.13879289038,1253.92263042821,927.015897921929,2233.58936465502,2114.24337338444,2796.2885840342,1734.09292080903,1493.44721322851,1096.66574055179,1679.68529055297,1865.49510495203,1939.13909960065,1959.81713111198,1837.13802099897,2753.2926687332,1101.87638181422,1048.00027915073,1e+09,1309.23820674467,1369.27525921562,1307.44885379888,1912.38616633775,1324.46652215147,999.015764590329,958.541292902919,2476.06640486478,2049.05561893766,1638.65320339601,1638.37064643505,751.868259537534,818.871180589475,1440.48858804921,756.537381693727,1006.47950679584,909.128840099136,1753.53123924269,810.842900443729,1034.73491305745,1977.09351154668,1287.11480008584,1400.29717567379,1269.19721883559,1471.07476285198
3665.66501565541,638.499258496045,1425.84189723125,1283.72445407883,684.63799675449,1430.99558032162,1703.88380137849,1585.91988911798,1037.15523013674,963.306547055505,1068.67918380588,2428.52858027243,1236.56196508707,1424.27986800348,1434.58592621704,1424.31445246476,2030.29419203228,1109.84575883318,1643.25366334599,1484.12684939664,1817.16484951146,2044.22497866551,1532.78690156199,1099.22002419898,1001.85963937071,1785.82234667954,1384.18823430919,2050.69270694076,1309.23820674467,1e+09,994.147595732143,2001.01366534564,2098.0453563734,1910.25298855937,1858.91779788672,1259.81587718206,2570.13358662541,2047.36791039129,1733.17917504221,1892.86733954073,1660.02430762324,1485.06802039503,1835.13721762161,1426.8143626625,1463.17341822492,1648.27805830812,1613.02131870599,1236.5822376211,1299.12670617611,2406.94170652303,2064.24433369696,1573.22154085176,1528.65920606916,1659.38898685631
4320.9042788634,1298.98258179238,1710.0745849816,1793.63353617733,1533.52746499696,1100.95681050621,1833.69387649629,1761.92421023153,1057.60717844576,836.845636482619,619.597811326025,1935.25874913408,826.940176796363,1477.6023166265,1353.70082647533,1775.27608348673,1659.03831134185,966.847659096302,1326.08075033159,1371.17080110393,1872.90238522994,1806.6344828714,1398.99832819771,1182.13104666953,1168.07801310529,1673.04501302266,1437.3781307297,1972.84358046957,1369.27525921562,994.147595732143,1e+09,1339.72218560416,1626.04410084721,1503.60146488356,1439.90776850464,1042.49332261651,1943.59571099547,1564.65910338323,1267.70965023542,1472.5923432505,1550.52152961512,1562.93890574776,1803.7474237265,1344.17038592583,1268.61697556828,1438.22577608663,1535.74357426623,1187.29504770297,1182.66435314505,2172.17215231666,1819.01624058171,1068.83875776471,1199.00956968658,1045.99127128289
4627.32381906648,2000.43369962616,2295.73333734561,2518.30388434359,2482.68847902833,978.93995086522,1854.00084209798,2205.5127367576,1404.57998131114,1266.72161523359,1009.1904924245,1558.21887624942,1140.77136789104,1318.70494527775,2197.52406526072,2489.17457784704,2464.90570726347,1673.74769822097,1310.5444965357,1189.24738486154,1823.28669561317,1550.89171662628,1730.32111277069,2058.92191136527,2017.03416329521,2686.02249491697,1464.69001406441,1379.37784301474,1307.44885379888,2001.01366534564,1339.72218560416,1e+09,1225.38715502489,746.40915120328,705.563006258123,1206.4512462176,1520.15913798523,1374.67603696289,1023.90625796505,1184.90720218927,995.214559780955,1412.44341299041,1463.24305588648,1059.3176070471,1027.71756358447,860.107697326329,1718.75406638064,1106.25121834961,1220.44610114499,1565.02735193351,980.719663869345,878.846249750205,1025.80902364914,920.843755585062
3840.00309601438,2261.54416996441,2841.05403442103,2764.42948967775,2624.58629231351,1576.06817920419,1516.35885666949,2423.76020177327,1638.57532265075,1696.48347124279,1285.9536803089,717.981668150378,1016.78931352567,1244.37039815322,1890.75185381372,2632.95504023521,2371.31262995835,1377.41602851136,818.396185169506,1010.42788594733,1148.70961609103,1534.42731004111,1052.42290739037,1892.10908501598,1904.68920178595,2365.49079945368,1684.30377913249,1646.95380502915,1912.38616633775,2098.0453563734,1626.04410084721,1225.38715502489,1e+09,769.283449776479,1302.42585658455,1816.71393284689,903.338972313272,972.481158429304,742.090403522374,659.691355332174,1446.74871484304,1516.90950409047,1136.35333074709,1248.07919864887,980.950002803405,1322.05231927485,1088.15461750617,1438.80429982677,1100.99801757315,1059.96802631023,1101.20395713056,808.034474759586,891.573509195961,728.974403871631
3986.43443080405,1936.27533517318,2449.18909408808,2525.57981004363,2433.94292716571,1207.64042777641,1414.49804492619,2234.93695821605,1405.3818578237,1390.01212753702,1060.62060257191,1089.16548903277,901.958737637149,828.098929657562,1985.53525649886,2414.15463382112,2547.26338094434,1462.19330141401,946.763442471244,631.674184053773,1249.51417983151,1216.92774539,1329.98408167166,1904.11371769125,1854.6730951572,2683.03168125164,1425.48248628315,1156.12218939003,1324.46652215147,1910.25298855937,1503.60146488356,746.40915120328,769.283449776479,1e+09,835.842654092264,1294.84695686402,1281.7148793706,1073.87894168756,784.887903397676,677.349018748828,765.279308357413,1142.99625524321,775.338830705647,681.204667922938,674.269473504474,746.440719816383,1372.9227345703,969.932970003598,923.94337737764,887.485660222181,455.701961264158,602.6457988736,557.62678522467,781.28227421336
4307.06885676326,1905.04707674115,2400.68736090312,2532.27559232798,2251.11880390618,633.421277508105,1325.5818792138,2325.01285617951,1270.14082813679,1157.59205685768,1032.42988062144,1756.53058871743,1130.73380598618,1004.10767604874,2413.41831322297,2668.37107505684,2814.93379387509,1802.85344615141,1039.36100128877,1015.80851709365,1433.63779965513,1918.23964188524,1820.26510714786,2222.68617386711,2160.91988886678,2719.01777239503,1159.12725681868,768.411818883598,999.015764590329,1858.91779788672,1439.90776850464,705.563006258123,1302.42585658455,835.842654092264,1e+09,1413.25814892397,1937.35477964156,1778.88621485468,1282.60479240489,1219.33739686766,853.957505968535,847.724825577263,1401.39909597516,835.908640462581,691.458322026715,794.915988768625,1420.14249232251,1055.46561114041,835.488182082787,1675.01287371172,923.282782846079,1142.05631249076,1117.6471576486,936.744929743418
4295.52045412427,1126.60471004696,1359.27878299486,1696.73135009641,1772.36373789355,1245.08062931683,1966.64672694412,1652.11906626006,1185.22591711454,989.558628278284,910.449850074127,2016.11911096542,1098.63665918264,1257.66266446929,1596.68660033834,1509.91385459569,2123.50450990809,1295.16522613912,1672.82068605694,1202.46498822211,2015.83148678157,1227.4217619873,1630.76698685005,1395.01658477597,1282.36575149214,2504.32427375131,1489.46281531296,1766.39818101695,958.541292902919,1259.81587718206,1042.49332261651,1206.4512462176,1816.71393284689,1294.84695686402,1413.25814892397,1e+09,2038.93386383669,1493.10363066332,1330.18617493943,1534.83182384912,1013.463701126,1505.64090253951,1426.69994809701,1010.94233707962,1296.95159331411,1063.47634252013,1972.60725259743,821.771841693301,1372.41197076534,1830.19115253025,1423.85665423174,1035.67657538442,1046.13126915316,1414.01743599575
4364.56257431372,2687.93833348163,3058.97243040862,3059.13377770571,3153.70147602781,2183.2536267232,2358.82186955692,2635.19700523509,2172.16151372314,2196.8097023411,1750.01003054268,755.071381460058,1518.41710922921,1933.41183815037,1875.00454415449,2716.64143636955,2181.32275729659,1621.82023519871,1615.64176840041,1645.15617404549,1992.53217941392,1397.39024352541,1362.39204067699,2017.09234813382,2065.27455005382,2606.95607362303,2330.70750779672,2393.60898974749,2476.06640486478,2570.13358662541,1943.59571099547,1520.15913798523,903.338972313272,1281.7148793706,1937.35477964156,2038.93386383669,1e+09,683.395170454109,1036.5948627598,1176.24558821702,1963.14433870768,2299.94292618317,1622.18304904225,1851.54519761198,1731.90747896647,1831.16148419521,1888.15631580121,1922.89048094269,1875.75713475919,1283.37159049903,1617.40376211384,1111.00529418181,1322.1271435834,1308.66824329163
4050.05050614187,2100.98146407816,2461.83535655819,2466.78621187569,2636.14064645648,1903.01006171801,2139.75601859184,2097.37362541823,1737.77153610594,1767.01857140778,1346.80729898527,961.405723043087,1172.15331599582,1555.7904944754,1362.20854724965,2064.95488163785,1841.25002547183,1108.18382044677,1495.02084888472,1286.98257999089,1811.64279111529,819.921512768143,951.666253420809,1444.00675230416,1465.17764039041,2358.41286644218,1972.06184535374,2192.66252533307,2049.05561893766,2047.36791039129,1564.65910338323,1374.67603696289,972.481158429304,1073.87894168756,1778.88621485468,1493.10363066332,683.395170454109,1e+09,702.426730627473,1056.80604691684,1569.15991492263,1994.65839218148,1240.05042978098,1457.09682114814,1450.50943116548,1464.57774064745,1722.11819248854,1436.52265081342,1588.38868864016,1125.58262464379,1379.85611130291,706.001258284998,925.100681871979,1195.20100527066
3913.83456566575,1755.36559699112,2190.87943554637,2140.72606299825,2234.16832378404,1324.58101734096,1759.03044345458,1736.62212421125,1152.90064975261,1230.86048470166,846.475189654133,1209.90148458459,938.888202982655,1192.70825066317,1559.00790238536,2005.72365142858,1858.29561663369,933.656545524102,1143.36651048559,1018.98739653639,1461.48406282792,1176.40283398163,787.349831904472,1387.55990897691,1386.23371831737,2071.80073851227,1323.36885296579,1736.65851389961,1638.65320339601,1733.17917504221,1267.70965023542,1023.90625796505,742.090403522374,784.887903397676,1282.60479240489,1330.18617493943,1036.5948627598,702.426730627473,1e+09,1013.78345000301,1181.76719276683,1491.86883786746,1143.32691366031,1092.45361498784,939.080030987775,955.903383768464,1200.36975045192,963.018882161716,1083.19986830686,1260.04562774528,1065.93965804824,511.091001681697,799.535101605927,874.222884909792
3875.07704244703,2112.71109231717,2732.62957098104,2751.80583441129,2494.67103216035,1531.97458340535,1304.68004510685,2551.24196880657,1696.75818934225,1658.60193690349,1245.02339319388,673.833297707972,696.837921470983,1007.07809046767,1740.68301347488,2542.49774340116,2505.13602522897,1390.88078522208,680.065068798567,685.756420750109,1115.39446896602,1364.99206133223,1234.657022942,1849.3550744246,1830.93376917353,2556.45010989849,1798.20342995446,1489.39958197926,1638.37064643505,1892.86733954073,1472.5923432505,1184.90720218927,659.691355332174,677.349018748828,1219.33739686766,1534.83182384912,1176.24558821702,1056.80604691684,1013.78345000301,1e+09,1287.88798037718,1368.35920514315,904.240500751874,993.420022951017,915.216130485035,1320.84315563961,1327.62925212576,1373.62692413188,1008.10551660032,952.152150394043,1049.8867209847,689.300444871465,531.337237919572,614.902084400435
3902.37063822749,1495.72764499424,1982.74338001669,2119.56094083185,2060.98569803383,996.750035866566,1426.83300371837,1930.7050554137,1130.5079700294,1104.42144125329,1038.82088330953,1806.22855339517,1166.47442243711,663.631070023096,2157.6487725763,2148.07967906221,2716.64598943256,1597.63039884073,1336.31655942744,768.526730439482,1441.73668781786,1378.40470584658,1615.79017143316,1915.54424681342,1809.45631356493,2820.43125237968,1090.341197103,919.478789532418,751.868259537534,1660.02430762324,1550.52152961512,995.214559780955,1446.74871484304,765.279308357413,853.957505968535,1013.463701126,1963.14433870768,1569.15991492263,1181.76719276683,1287.88798037718,1e+09,857.284416806931,908.698401231123,423.721103793521,742.68911685846,373.971025883022,1582.06677112567,569.02876526587,956.07836739464,1346.01907330468,589.326485320319,1029.13027139425,915.692784289578,1275.78726149778
3582.18388690475,1538.35531822138,2280.54554918335,2248.63680744579,1779.99414779937,870.398316576957,733.213081443587,2196.18180342612,1108.1843416147,1111.93336455023,1124.45817961363,1981.68432304441,1155.57194284908,570.555137563409,2311.15286052221,2463.00417204275,2925.28837525465,1695.50580075681,1007.83513924649,830.2105545583,974.08289508645,2014.04036816544,1689.49693565866,2065.80211583782,1975.35741753233,2624.20232529811,924.936711780866,619.026780923087,818.871180589475,1485.06802039503,1562.93890574776,1412.44341299041,1516.90950409047,1142.99625524321,847.724825577263,1505.64090253951,2299.94292618317,1994.65839218148,1491.86883786746,1368.35920514315,857.284416806931,1e+09,1203.36931932803,666.066013770407,579.106580864006,932.477209319349,1150.65930917887,954.156322412633,547.772706786309,1729.54368461742,1089.10959035351,1362.12195114828,1187.28570794902,1242.82749370136
3363.25055375005,1826.67585641241,2468.96953699312,2447.66134387501,2344.45540394779,1642.37846229181,1300.00602956294,2263.59945083047,1579.56400652205,1639.27258877223,1381.74160999805,1270.51050192433,1098.81371578626,661.515639951165,1868.66262182343,2245.2727843182,2719.66611533475,1464.35892017633,1185.3713251973,543.856604446429,1071.78689962138,1081.90679871235,1259.97932709231,1819.11203253126,1740.95405910093,2830.07670228211,1612.84548419866,1338.28479016987,1440.48858804921,1835.13721762161,1803.7474237265,1463.24305588648,1136.35333074709,775.338830705647,1401.39909597516,1426.69994809701,1622.18304904225,1240.05042978098,1143.32691366031,904.240500751874,908.698401231123,1203.36931932803,1e+09,730.242876856735,932.191961722477,1062.84072419154,1475.43988366182,1083.00267178802,1094.55694954625,669.293373865303,733.27757806986,958.598639525427,694.777463940793,1272.94357604727
3707.57973474611,1416.60336156597,2054.91076404792,2120.38214878828,1898.58430318488,963.608248408034,1093.88842644028,1998.05303523205,1079.97177162183,1044.43335024309,885.638925860873,1586.19140916221,821.566924845444,315.562658912616,1909.2425836441,2110.92185871481,2597.20258792032,1372.94932794331,986.515250160888,389.592688843105,1122.377119332,1367.74299438893,1388.01323448301,1730.53353573399,1634.16668155363,2601.49770774452,1102.80381732201,904.26597370464,756.537381693727,1426.8143626625,1344.17038592583,1059.3176070471,1248.07919864887,681.204667922938,835.908640462581,1010.94233707962,1851.54519761198,1457.09682114814,1092.45361498784,993.420022951017,423.721103793521,666.066013770407,730.242876856735,1e+09,477.975249254603,601.513238590806,1316.1777960063,600.871927701736,639.105390213539,1256.76794751458,690.238183455537,848.255685333143,638.53355401263,1007.85649514204
