1e+09,13482.2954960459,9213.39024485016,13874.1097312332,16511.1393186237,14776.5192337201,4978.88496457791,6585.10365162159,2972.82697153736,2251.07465220503,3876.43263052513,4552.5909743244,5345.8026385006,1039.43338661022,3342.06916641472,2563.51406549681,4861.65965219697,5407.67210040513,3849.19381812608,4091.58199652653,3318.98658793614,4179.81627105786,4080.61694417646,2311.73434712988,5707.17806531389,8121.7142423321,7343.04017803253,1167.02238316152,1488.07490543991,2602.17518589737,3418.46967331875,5521.91352684919,8177.14837518557,5342.05340576075,1756.83695088645,3905.3567873115,1535.85663054857,3223.03713911274,4009.35530631796,4510.75726823113,5046.7046924404,3748.7489589195,3049.63247359415,4680.06995103706,5000.90253660277,4581.82449765375,5356.56710173596,4525.59476072483,2586.87698770158,3385.96128356483,3416.74796938551,4457.93902755522,3390.30120888985,6651.59852892521
13482.2954960459,1e+09,4840.14598118693,1189.34820443804,3312.76797489652,1555.29665607562,18378.8882544783,19920.1771735118,13477.2268071959,11963.2142912639,10363.1078563479,17433.5150177639,18330.8647953036,14133.9902543655,16478.7873952545,12614.5423280553,8684.48544064068,8798.68847148256,16635.7417908971,17179.5738870672,15943.4346859891,17119.9854339628,16817.5329320564,11568.7224366911,7863.31713739819,5424.49482602758,6366.01736096439,13543.9750679518,14453.0842389471,11505.7900284161,12356.5185791508,17223.3187596497,21189.9959853111,18621.5342735205,14619.223969086,17127.6167129551,14394.3996124847,16335.6322192194,17103.3985776804,17748.1023660165,18067.2344792113,16195.6505550317,15941.6107927116,17404.0095853369,17629.4334233945,16981.0071563085,18122.1835740205,17382.2095450665,14546.904431129,15986.2945842712,15821.3851461748,17593.5356376852,16261.8366602269,19730.6722258037
9213.39024485016,4840.14598118693,1e+09,5186.77328982095,7982.46908413055,5827.74725929325,13932.4667062656,15492.9652101042,8815.18349321215,7441.65391495063,5747.00600955837,12820.5683360606,13736.5730902471,9801.46484813877,12062.1675851979,8003.29752984981,4413.88368780828,4524.67970457578,12045.2088495219,12647.3503309349,11473.7631735625,12561.3796528447,12188.1916077243,7104.38989785893,3698.45806485622,2165.71064110605,2047.17551292018,9168.22391234529,10078.4815256416,7227.59805903732,7810.8568185507,12583.6014725952,16593.9757407771,14207.048815229,10305.4079357248,12677.470197358,9991.64787712718,11849.4355264038,12660.119607168,13264.7451669001,13519.306721441,11792.4993246258,11485.0884121412,12848.2679398859,13038.0192887072,12373.6634735716,13565.1778269325,12850.1595610094,10219.8513542125,11602.9555574474,11299.1252325479,13090.577594266,11786.1333872522,15193.7065656903
13874.1097312332,1189.34820443804,5186.77328982095,1e+09,2879.04989263819,1452.38150112152,18721.6948675968,20352.8432408718,13891.4803920101,12376.2811163814,10766.5429535808,17802.9884074556,18735.0680346696,14504.1318939087,16920.9412296302,13010.013073656,9063.88004942144,9368.79483893206,17042.0304511874,17582.7882044458,16420.947616237,17532.7003114209,17184.0654031402,11955.7250464286,8221.75959405893,5975.38655258386,6829.40831486155,13985.8497561535,14894.5409965363,12018.7056360076,12842.2072665761,17698.3386474917,21615.4550278476,19063.9053574996,15080.8899124521,17506.8763807225,14821.7087086442,16736.8667443641,17547.3925338553,18151.6771851088,18476.9670664533,16685.1362603696,16383.2956866773,17844.1847668897,18057.8575791233,17371.622463161,18544.6712580002,17805.1576660922,15032.4890643898,16467.560408321,16256.8948391875,17986.6373550061,16695.3685167204,20143.616257085
16511.1393186237,3312.76797489652,7982.46908413055,2879.04989263819,1e+09,2639.26125052068,21397.2968166098,23018.4463988776,16657.31199872,15092.5214584045,13529.9562552582,20558.2741827591,21460.1601809865,17184.936591556,19605.4685389944,15779.0335728713,11754.349509573,12019.0720351573,19774.4292618295,20305.2494129843,19118.4305428479,20257.7795739711,19934.3365367172,14676.1789164789,10916.1559084414,8597.06780385615,9568.00560079267,16655.2427624037,17567.4579089634,14653.3803435692,15589.0027174544,20458.5287583394,24354.8955460293,21719.8410989998,17731.2644380315,20220.2262275673,17509.9498581178,19452.5901245181,20243.8727009903,20859.7575813742,21211.2844570125,19380.8757610073,19083.6795620394,20581.3927166555,20806.3103693855,20143.58201175,21291.5988219767,20541.3437810748,17710.9102167195,19150.4145079735,19001.9725301743,20713.687519242,19411.10466295,22878.0017193679
14776.5192337201,1555.29665607562,5827.74725929325,1452.38150112152,2639.26125052068,1e+09,19618.6997503963,21174.0222052094,14597.7753879624,13166.1816713465,11505.3150537263,18598.4488144684,19508.2312161123,15396.823144386,17723.7142530396,13757.304375927,9934.28745262085,10007.5024212538,17812.3479965107,18383.0999399176,17159.4433409362,18316.0431431,17970.083442355,12786.0716896864,9111.94287589096,6742.79845371341,7544.32878622744,14801.1669072171,15714.4148418164,12779.1683373997,13490.6099086698,18320.3485851198,22361.1517438816,19882.6261648782,15897.261231945,18358.6000100852,15641.490141911,17555.4696123516,18337.8162460147,18974.586135729,19261.1511658104,17415.9267667414,17169.8218644545,18580.737803174,18786.8198779809,18109.8095921962,19287.2380402664,18570.3267634794,15786.6858889699,17219.9311219499,17001.9739553559,18803.8078716599,17479.744845223,20921.9006969419
4978.88496457791,18378.8882544783,13932.4667062656,18721.6948675968,21397.2968166098,19618.6997503963,1e+09,2344.8646652419,5743.109466169,6593.86595995854,8308.42233131537,2254.44340399133,2077.5107802127,4367.22292516652,2614.7327663071,6205.83029625368,9697.12057386624,10081.1950307689,2707.53941356354,2047.31700657226,3521.14478580475,2425.59103883981,2545.67054773394,6893.25667122587,10539.2969209573,13032.2780646747,12144.3101209702,5035.14559657415,4200.77485398825,7208.1252902263,6980.97224060517,4534.03673029895,3978.33978768782,1932.99220626985,4216.83737707538,1973.41804478929,4238.20695335893,2534.50452755563,2404.38448971873,1667.72387240814,2177.7195717539,3780.9287504924,3191.37596401615,2855.42726121679,2960.98407319256,3212.16889418972,2752.19261646056,2596.38629606613,4797.8011162198,3642.89902990736,3707.18531649013,1916.47940549853,3042.53530199733,2724.9740091788
6585.10365162159,19920.1771735118,15492.9652101042,20352.8432408718,23018.4463988776,21174.0222052094,2344.8646652419,1e+09,6962.00769442982,8056.87958378428,9776.46414449519,3252.36451909991,2421.2944070063,5981.67051448005,3511.02737373265,7628.70136951238,11299.1639999427,11348.4470727805,3687.2785997128,3011.46252546831,4191.98404365999,3158.53019289036,3801.28158442649,8426.83184961584,12140.4917738698,14516.8049129862,13639.149198964,6377.55055873334,5484.65272814971,8468.45288828485,8049.56626401696,4534.98411121803,2450.4746688754,1399.89534523121,5331.72360487676,3160.39927151618,5548.90704200386,3741.67020247643,2966.7357363439,2374.14851066651,2390.48534442276,4131.10236716545,4074.81118497532,3117.63235407897,3114.54779221639,3910.99554176427,2734.66470676023,2999.28561259177,5623.60309900156,4175.16549322299,4536.08424964749,2730.80567122598,3851.05596848449,1590.81630410302
2972.82697153736,13477.2268071959,8815.18349321215,13891.4803920101,16657.31199872,14597.7753879624,5743.109466169,6962.00769442982,1e+09,1926.45039414463,3154.80318199091,4185.69812948808,5076.72387152384,2890.65108335475,3786.83142194104,1319.84083839681,5159.79926686107,4928.815925798,3365.672093119,4088.3655166093,3022.40239369281,3883.18840741729,3607.96862317288,2457.65333482979,5951.93110861509,8241.31950865879,7127.96077588114,2110.09367339462,2478.37425755272,2852.21014117123,1558.99356589436,3951.44545214786,7834.03188601502,5741.67199898253,2768.35906838329,4397.08849184321,2299.4888686619,3469.04365665813,4227.60846522002,4760.25180468429,4842.21283677205,3480.38041712397,3074.02835671696,4151.77317922114,4271.38120924602,3769.99464869647,4906.99091412446,4203.20646254737,2599.25137426144,3380.05018050028,2806.58465958182,4598.29745472169,3307.49687236436,6499.6869562849
2251.07465220503,11963.2142912639,7441.65391495063,12376.2811163814,15092.5214584045,13166.1816713465,6593.86595995854,8056.87958378428,1926.45039414463,1e+09,1800.76398708992,5529.56282784634,6394.69009680688,2729.20067199171,4682.98483270019,1242.02953692736,3408.37221315396,3558.33957484386,4688.08437926409,5262.44998789537,4148.77659544353,5178.68135517141,4917.70187442265,699.709090622667,4252.84643651755,6641.13777606669,5643.03190896525,1853.96355001926,2744.10901325002,1338.91769952451,1785.99401376376,5696.03044182526,9283.20311043554,6771.85012227826,3025.63694209996,5353.12053540736,2641.10979506722,4468.9725388617,5285.51819165349,5862.94262087734,6161.38884849025,4590.95839647889,4098.05751948408,5553.12721057244,5769.57695901528,5235.22344832577,6305.34036765661,5526.14511064449,3171.85433715043,4346.71971247284,4092.07356447804,5743.28700540031,4432.55916285389,7847.74622292286
3876.43263052513,10363.1078563479,5747.00600955837,10766.5429535808,13529.9562552582,11505.3150537263,8308.42233131537,9776.46414449519,3154.80318199091,1800.76398708992,1e+09,7112.84148543323,8024.24714093478,4318.41522091149,6363.27537770447,2303.78190443453,2162.53275850333,2251.50769741078,6313.84681549212,6914.71678547285,5764.75705561822,6831.19706196506,6490.77957959597,1599.78148135925,2890.93506222468,5135.87115035999,4006.23969150624,3573.79819780021,4451.78871558388,2110.33770318876,2349.00855124029,7013.98431817466,10873.4339396715,8513.78450545937,4721.95072087797,6999.53373568554,4333.49452017653,6131.68218554256,6943.39044826805,7542.09395581227,7781.27776812395,6125.31846501062,5766.49590044075,7113.92064424393,7307.90217556311,6674.19093463021,7836.51673644611,7108.99560286121,4644.66865587848,5931.89583484066,5585.75552625605,7372.12448629294,6062.5284859537,9451.82943036955
4552.5909743244,17433.5150177639,12820.5683360606,17802.9884074556,20558.2741827591,18598.4488144684,2254.44340399133,3252.36451909991,4185.69812948808,5529.56282784634,7112.84148543323,1e+09,1329.39960625088,3832.48800349068,1961.82039529616,4874.13252141343,8840.3967301417,8946.58601671051,1131.00960057817,881.116482991891,2267.07893863447,950.45494743307,935.169845108363,5918.44723051579,9687.20364290439,12106.2990432337,11090.817605835,4227.22029606927,3422.07271177864,6285.07987484646,5481.21308882441,2529.69952182072,3914.61869891564,2478.28419542634,3555.48026374778,1508.59902515546,3389.89159772108,1538.06791826629,1646.98518390421,1280.07856266715,1078.2311136301,2611.59624500036,2124.29957560133,1270.79283705095,1302.66957310747,1486.14582151282,1565.13092037056,1198.22214543047,3782.62832065219,2684.82847308725,2097.66289674962,1086.69517119568,1806.81146678341,2595.19292791499
5345.8026385006,18330.8647953036,13736.5730902471,18735.0680346696,21460.1601809865,19508.2312161123,2077.5107802127,2421.2944070063,5076.72387152384,6394.69009680688,8024.24714093478,1329.39960625088,1e+09,4735.0119374084,2420.82334177858,5809.41676983155,9730.78261953272,9764.98224025523,1761.2047634219,1430.90309612496,2760.76143766534,1542.63895957544,1674.74821770319,6839.92666392703,10594.5247615455,12983.858556735,11990.3009270744,4992.27281808597,4179.72959149273,7038.30729209091,6349.14622943904,2722.94983482987,3024.61061159945,1927.41720543322,4236.86471277996,2264.93671134537,4202.94737452184,2364.81473437138,1971.24370297028,1512.98748173936,1194.26459702195,3119.4032926507,2816.52200857725,1528.33668201741,1482.76515267928,2137.8337843013,1481.28847710363,1663.65326216132,4513.06777255782,3179.50547959899,2981.73194658742,1638.48937036528,2584.32082075736,1995.41684236653
1039.43338661022,14133.9902543655,9801.46484813877,14504.1318939087,17184.936591556,15396.823144386,4367.22292516652,5981.67051448005,2890.65108335475,2729.20067199171,4318.41522091149,3832.48800349068,4735.0119374084,1e+09,2692.49451607612,2582.90309148446,5506.21454569289,6030.40722244361,3260.4935455081,3396.27631960357,2804.97050171655,3563.44575853204,3433.23371125532,2788.96188118447,6337.20347015937,8765.85646190377,7936.36823469022,1386.55196051212,1154.6623333252,3261.78491052062,3512.02192646914,4964.4614049663,7489.24040960096,4814.48318563893,1507.49508947791,3099.10808685338,1099.1270116779,2483.79070895678,3325.20305799511,3803.5941272039,4323.21654799988,3129.74937868833,2450.36690709779,3984.11074615152,4311.33654063331,3792.24622901784,4586.29906922782,3776.02075310769,2189.30153133368,2800.8428400037,2679.45397454407,3673.56375423103,2697.87584855197,5899.11701087544
3342.06916641472,16478.7873952545,12062.1675851979,16920.9412296302,19605.4685389944,17723.7142530396,2614.7327663071,3511.02737373265,3786.83142194104,4682.98483270019,6363.27537770447,1961.82039529616,2420.82334177858,2692.49451607612,1e+09,4230.18222830885,7886.60902755424,7966.72801575402,1471.29408732585,1142.63627274824,1103.21776009997,1455.9435845183,1903.32540822635,5023.64103741499,8738.06189843606,11068.0427431683,10188.2205501402,2993.31651251584,2056.81361282446,5096.92963612409,4731.68016959092,3148.36125889327,4968.73854418805,2391.81077322183,2021.20388390187,1287.60042322919,2126.05889426892,740.151977637026,701.06370509391,1454.89367178499,1939.68644698054,1391.42756775191,931.755023973576,1616.91022709982,2046.49880456843,2081.51452303365,2196.79795577563,1433.63670872366,2385.5307259392,1205.83819283517,1493.90692112996,1453.82757000272,890.997303643507,3417.65667782766
2563.51406549681,12614.5423280553,8003.29752984981,13010.013073656,15779.0335728713,13757.304375927,6205.83029625368,7628.70136951238,1319.84083839681,1242.02953692736,2303.78190443453,4874.13252141343,5809.41676983155,2582.90309148446,4230.18222830885,1e+09,4185.75563206932,4300.12205407009,4123.29161147984,4694.36380221005,3650.47769059064,4661.09833998383,4268.82058101532,1546.92666235345,5013.45401145757,7325.41336087596,6258.22262972483,1976.56700645336,2563.01319153843,2279.55510279967,1517.31739395553,4922.07471851048,8627.15238628599,6433.91678862884,2960.19110423635,4830.82572314506,2407.65190806312,3949.89014154824,4768.22673507668,5354.86556868611,5555.57325968257,4073.3500578271,3678.75290295502,4881.94234648465,5095.64687051605,4423.69612149162,5581.08679319718,4883.34474446562,2887.63760356108,3908.94732885978,3367.18536640025,5143.7816515867,3917.30252530999,7209.11971698348
4861.65965219697,8684.48544064068,4413.88368780828,9063.88004942144,11754.349509573,9934.28745262085,9697.12057386624,11299.1639999427,5159.79926686107,3408.37221315396,2162.53275850333,8840.3967301417,9730.78261953272,5506.21454569289,7886.60902755424,4185.75563206932,1e+09,2094.74863348804,8052.59632772561,8557.18103473919,7447.99127537754,8537.6623372326,8221.45606323479,2951.68009138863,929.499711242558,3407.04479763622,2574.70306016053,4948.83817149036,5859.91994266133,3182.96280070943,4338.06550160322,9008.55175847927,12635.124861979,10023.4674758888,6080.64837343848,8506.88714383822,5789.56730796007,7710.81531276038,8527.38841270292,9119.12831862234,9482.80251910267,7786.37378577474,7381.09160783146,8887.31616690888,9127.7244007036,8492.14281158178,9596.30117098249,8830.94378333936,6172.24193173761,7526.01144124828,7346.31581915044,8980.34290134848,7711.22830945888,11148.4186871592
5407.67210040513,8798.68847148256,4524.67970457578,9368.79483893206,12019.0720351573,10007.5024212538,10081.1950307689,11348.4470727805,4928.815925798,3558.33957484386,2251.50769741078,8946.58601671051,9764.98224025523,6030.40722244361,7966.72801575402,4300.12205407009,2094.74863348804,1e+09,8055.13744970252,8655.43483230046,7293.04718291333,8513.13817664791,8359.00590399361,3386.3748757927,2323.08508352578,3634.48450130139,2702.71320359745,5096.38378179077,6009.27953392917,2978.46781023398,3738.83357368311,8569.39451597953,12550.3132036734,10029.1776554162,6135.46999287748,8742.71935843191,5948.66441933818,7861.7045465853,8552.09861669053,9233.85619420186,9486.62521449014,7568.40263309901,7345.73171112994,8781.43092126221,8989.23877581968,8496.85287880166,9555.73146418944,8798.6769673855,5996.91495158969,7383.48815562807,7274.14234948698,9121.41641457619,7684.40131543766,11144.5569149473
3849.19381812608,16635.7417908971,12045.2088495219,17042.0304511874,19774.4292618295,17812.3479965107,2707.53941356354,3687.2785997128,3365.672093119,4688.08437926409,6313.84681549212,1131.00960057817,1761.2047634219,3260.4935455081,1471.29408732585,4123.29161147984,8052.59632772561,8055.13744970252,1e+09,924.90735384686,1395.38618941138,763.759953453963,753.31235048949,5135.99287386577,8901.05620177179,11293.6315610259,10286.755259201,3351.98902872608,2627.88305951768,5366.39502478153,4638.50108085576,2289.93835504365,4627.72368945036,2622.92185470707,2731.10390898992,1799.25865475201,2593.6992854801,1147.4892236531,1471.17034567721,1642.92111271357,1661.45565760871,1990.94167255096,1368.34521853953,1225.16137675818,1348.57798940217,1425.88794454543,1922.37342519605,1274.42757989617,2965.62479565437,1957.95627583968,1552.4016106021,1602.19885878751,1274.93925388624,3285.88448505117
4091.58199652653,17179.5738870672,12647.3503309349,17582.7882044458,20305.2494129843,18383.0999399176,2047.31700657226,3011.46252546831,4088.3655166093,5262.44998789537,6914.71678547285,881.116482991891,1430.90309612496,3396.27631960357,1142.63627274824,4694.36380221005,8557.18103473919,8655.43483230046,924.90735384686,1e+09,1679.48315055555,727.594675557759,1109.12741143658,5641.84502374888,9411.14382257014,11803.7782870825,10847.6674571587,3760.43556643376,2887.26532990995,5874.02537098709,5267.11987783646,2699.48944726591,4130.95718577426,2048.52009707008,2947.83214907159,1071.82502774473,2896.25065643497,949.249899868312,855.007371781086,802.734401654744,1048.15947326731,2022.39494369918,1536.62406414191,1025.78371282644,1316.98632957977,1534.37246299587,1487.72500950276,852.05872849235,3240.9380766994,2013.06232062001,1776.37822723653,737.59456010738,1270.20393083158,2654.58548506165
3318.98658793614,15943.4346859891,11473.7631735625,16420.947616237,19118.4305428479,17159.4433409362,3521.14478580475,4191.98404365999,3022.40239369281,4148.77659544353,5764.75705561822,2267.07893863447,2760.76143766534,2804.97050171655,1103.21776009997,3650.47769059064,7447.99127537754,7293.04718291333,1395.38618941138,1679.48315055555,1e+09,1625.26551550816,2017.46560159027,4583.8015729523,8295.62807692703,10553.3539286333,9622.66133399176,2631.94438476576,1859.97218804476,4538.98709533306,3920.74793781748,2500.04193226834,5349.56031771771,3021.94273908359,1839.0383251852,2158.45360855868,1899.26886235204,1302.24571437191,1413.77074909619,2210.11501877165,2373.63533243841,983.988963810062,791.885898535894,1645.48076254328,2004.94980847402,2032.2436659023,2460.52827407043,1706.28350680653,1900.43470074612,920.661228411407,1045.6767409673,2167.70985159453,939.108426594075,3925.75201151321
4179.81627105786,17119.9854339628,12561.3796528447,17532.7003114209,20257.7795739711,18316.0431431,2425.59103883981,3158.53019289036,3883.18840741729,5178.68135517141,6831.19706196506,950.45494743307,1542.63895957544,3563.44575853204,1455.9435845183,4661.09833998383,8537.6623372326,8513.13817664791,763.759953453963,727.594675557759,1625.26551550816,1e+09,1237.30203568086,5601.63735339052,9380.75757117729,11765.2408499061,10783.1990520532,3755.65788274172,2943.35681778476,5790.36921150111,5091.21892436379,2376.12871932478,4168.07229783746,2066.59096291453,2955.58397292312,1471.55715723175,2938.72855602555,1210.35317048372,1183.06775592102,1122.10474105584,1104.10947450876,1979.02187789827,1455.04384525003,1044.77725501659,1156.14487033416,1688.7687739593,1709.99964052628,975.723065270059,3194.65536296171,2028.88342809537,1787.37646356329,1193.56825569383,1217.04485767781,2787.90577581094
4080.61694417646,16817.5329320564,12188.1916077243,17184.0654031402,19934.3365367172,17970.083442355,2545.67054773394,3801.28158442649,3607.96862317288,4917.70187442265,6490.77957959597,935.169845108363,1674.74821770319,3433.23371125532,1903.32540822635,4268.82058101532,8221.45606323479,8359.00590399361,753.31235048949,1109.12741143658,2017.46560159027,1237.30203568086,1e+09,5335.9023788484,9071.35694347323,11505.012388268,10473.9417057429,3694.88842504074,3005.31243425704,5720.6723592424,4965.35392328684,2573.26230476024,4569.60851869173,2921.41106030973,3204.67351474374,1905.48713747955,2947.88015643445,1456.26036209189,1876.47214916715,1817.01062550553,1801.22295416198,2583.38882081269,1961.77313558423,1548.70007254471,1605.87753290841,1361.15331024834,1973.07799468242,1568.5961823873,3472.72511903836,2541.15621076312,1939.03568925381,1670.07568843451,1819.89992293532,3285.60997559053
2311.73434712988,11568.7224366911,7104.38989785893,11955.7250464286,14676.1789164789,12786.0716896864,6893.25667122587,8426.83184961584,2457.65333482979,699.709090622667,1599.78148135925,5918.44723051579,6839.92666392703,2788.96188118447,5023.64103741499,1546.92666235345,2951.68009138863,3386.3748757927,5135.99287386577,5641.84502374888,4583.8015729523,5601.63735339052,5335.9023788484,1e+09,3784.0554872121,6234.33284242989,5274.10768605458,2154.88493685858,3037.72143131986,1423.53502872251,2129.51506139309,6216.1694160552,9713.8157647703,7157.77556709485,3306.74949173656,5620.30950707343,2923.1987088975,4798.29695100251,5640.44402796447,6207.13825054671,6545.34904933266,4949.1905881164,4469.09615961662,5973.6166579301,6204.17299972365,5610.10795835517,6691.19384749089,5902.51550615498,3436.01011564285,4694.20439930986,4449.86121819546,6067.45222388277,4787.10698784767,8219.49973787335
5707.17806531389,7863.31713739819,3698.45806485622,8221.75959405893,10916.1559084414,9111.94287589096,10539.2969209573,12140.4917738698,5951.93110861509,4252.84643651755,2890.93506222468,9687.20364290439,10594.5247615455,6337.20347015937,8738.06189843606,5013.45401145757,929.499711242558,2323.08508352578,8901.05620177179,9411.14382257014,8295.62807692703,9380.75757117729,9071.35694347323,3784.0554872121,1e+09,2676.6231218272,1912.05710986885,5791.08105451823,6712.11914262553,3983.90348938074,5060.15562557121,9826.27553625482,13491.5643508898,10861.6705501594,6903.72411156471,9341.46456120238,6628.02952567352,8556.50234866444,9376.68160814368,9963.12704842711,10324.0500979751,8592.39354880816,8209.71400935501,9729.62489434202,9955.16661758104,9305.60839457045,10428.9900460495,9662.03667421626,6943.61670656582,8334.3218252237,8174.00970666784,9823.76282192318,8539.88813868191,11983.5999613472
8121.7142423321,5424.49482602758,2165.71064110605,5975.38655258386,8597.06780385615,6742.79845371341,13032.2780646747,14516.8049129862,8241.31950865879,6641.13777606669,5135.87115035999,12106.2990432337,12983.858556735,8765.85646190377,11068.0427431683,7325.41336087596,3407.04479763622,3634.48450130139,11293.6315610259,11803.7782870825,10553.3539286333,11765.2408499061,11505.012388268,6234.33284242989,2676.6231218272,1e+09,1369.64624852551,8148.55871251475,9046.82592390834,6125.62840603313,7113.67524442183,11981.3910063857,15829.1984779363,13229.7245224797,9212.35283695213,11749.8844556149,8995.89370212321,10951.7351218791,11696.5543333325,12360.2950580235,12697.0579080274,10807.2571357537,10552.3677201707,12037.7410228124,12287.2907525988,11663.9268469157,12758.1149523078,12007.898212485,9161.08102777178,10586.9483404379,10457.6258093221,12213.1496630435,10876.8362576394,14349.6123810401
7343.04017803253,6366.01736096439,2047.17551292018,6829.40831486155,9568.00560079267,7544.32878622744,12144.3101209702,13639.149198964,7127.96077588114,5643.03190896525,4006.23969150624,11090.817605835,11990.3009270744,7936.36823469022,10188.2205501402,6258.22262972483,2574.70306016053,2702.71320359745,10286.755259201,10847.6674571587,9622.66133399176,10783.1990520532,10473.9417057429,5274.10768605458,1912.05710986885,1369.64624852551,1e+09,7278.30228223588,8188.96885320734,5299.003001122,6042.91871810303,10902.8267710076,14838.2657322478,12354.6532362831,8386.40937689069,10847.8749237904,8111.10851659624,10022.1037239943,10798.4524799853,11439.2329576725,11726.2138031805,9903.47597993755,9629.54826199028,11051.5114894389,11268.8947645455,10624.3547384159,11769.8460349658,11037.0640459454,8293.3576083936,9700.67675456718,9480.81765106259,11276.5056250241,9941.94623377133,13388.611955173
1167.02238316152,13543.9750679518,9168.22391234529,13985.8497561535,16655.2427624037,14801.1669072171,5035.14559657415,6377.55055873334,2110.09367339462,1853.96355001926,3573.79819780021,4227.22029606927,4992.27281808597,1386.55196051212,2993.31651251584,1976.56700645336,4948.83817149036,5096.38378179077,3351.98902872608,3760.43556643376,2631.94438476576,3755.65788274172,3694.88842504074,2154.88493685858,5791.08105451823,8148.55871251475,7278.30228223588,1e+09,999.063228529606,2198.26147359681,2535.61820465937,4723.37230834073,7826.93130446409,5100.24795993293,1214.92841492822,3783.7238203389,942.276257368294,2915.91180900589,3643.79287579577,4272.06177248176,4679.05785731487,3041.90196456099,2501.14265690704,4130.09041574153,4415.16933027489,4000.30081290145,4862.04308222377,4042.69862234374,1716.39853766542,2707.62494038595,2768.71282174587,4208.57359538835,2889.72396072705,6312.05782700064
1488.07490543991,14453.0842389471,10078.4815256416,14894.5409965363,17567.4579089634,15714.4148418164,4200.77485398825,5484.65272814971,2478.37425755272,2744.10901325002,4451.78871558388,3422.07271177864,4179.72959149273,1154.6623333252,2056.81361282446,2563.01319153843,5859.91994266133,6009.27953392917,2627.88305951768,2887.26532990995,1859.97218804476,2943.35681778476,3005.31243425704,3037.72143131986,6712.11914262553,9046.82592390834,8188.96885320734,999.063228529606,1e+09,3111.07308221777,3149.96162405195,4143.25968030004,6942.71735767776,4234.39173945916,609.950201573866,2854.06617088672,346.794698344712,2019.99241659468,2708.27236785741,3355.98901757738,3798.19757462668,2293.08434136209,1676.65943250262,3307.62790437498,3650.10950394642,3318.72506603063,4031.25795381541,3194.0086385763,1448.33018207175,1961.94049909777,2032.91965898803,3288.19221679634,2029.90809501317,5416.82336918973
2602.17518589737,11505.7900284161,7227.59805903732,12018.7056360076,14653.3803435692,12779.1683373997,7208.1252902263,8468.45288828485,2852.21014117123,1338.91769952451,2110.33770318876,6285.07987484646,7038.30729209091,3261.78491052062,5096.92963612409,2279.55510279967,3182.96280070943,2978.46781023398,5366.39502478153,5874.02537098709,4538.98709533306,5790.36921150111,5720.6723592424,1423.53502872251,3983.90348938074,6125.62840603313,5299.003001122,2198.26147359681,3111.07308221777,1e+09,2127.90319448513,6275.2187433029,9850.76405033132,7155.49201854771,3216.80478759591,5931.92005469561,3091.37218809059,5057.14148759949,5720.23115604606,6407.17981491077,6750.82621878241,4869.25215209687,4548.23118457055,6106.66263265788,6369.28693155678,5948.78969083628,6882.01434537157,6085.6076027953,3301.15614032417,4611.61419755599,4656.12620458252,6337.67141810776,4926.24567961242,8394.86512043523
3418.46967331875,12356.5185791508,7810.8568185507,12842.2072665761,15589.0027174544,13490.6099086698,6980.97224060517,8049.56626401696,1558.99356589436,1785.99401376376,2349.00855124029,5481.21308882441,6349.14622943904,3512.02192646914,4731.68016959092,1517.31739395553,4338.06550160322,3738.83357368311,4638.50108085576,5267.11987783646,3920.74793781748,5091.21892436379,4965.35392328684,2129.51506139309,5060.15562557121,7113.67524442183,6042.91871810303,2535.61820465937,3149.96162405195,2127.90319448513,1e+09,4938.48033425263,8996.06057643011,6811.39218204326,3321.60318219982,5462.22121924772,3008.42359706874,4558.53032806627,5206.14684937911,5881.71934722323,5990.14294089048,4152.51742654983,4028.7116732772,5227.76044099192,5397.5863854875,4897.68992545465,5977.4638960683,5271.00413108356,2871.14067131863,4071.58646262117,3727.72181729002,5712.17909995826,4281.83093722767,7606.42536532108
5521.91352684919,17223.3187596497,12583.6014725952,17698.3386474917,20458.5287583394,18320.3485851198,4534.03673029895,4534.98411121803,3951.44545214786,5696.03044182526,7013.98431817466,2529.69952182072,2722.94983482987,4964.4614049663,3148.36125889327,4922.07471851048,9008.55175847927,8569.39451597953,2289.93835504365,2699.48944726591,2500.04193226834,2376.12871932478,2573.26230476024,6216.1694160552,9826.27553625482,11981.3910063857,10902.8267710076,4723.37230834073,4143.25968030004,6275.2187433029,4938.48033425263,1e+09,4466.59147357356,3814.28708812014,4212.03690114415,3502.74761925549,4105.41456211185,3059.12330040814,2866.10034006139,3158.19196748709,2595.70267378604,2685.60027524574,2925.94044071304,1865.86397591036,1738.79001532675,2141.57569707447,2338.15258060718,2292.22864546711,3914.4882648055,3015.32937026787,2437.71109795644,3023.7997892387,2716.62085841952,3620.91654386013
8177.14837518557,21189.9959853111,16593.9757407771,21615.4550278476,24354.8955460293,22361.1517438816,3978.33978768782,2450.4746688754,7834.03188601502,9283.20311043554,10873.4339396715,3914.61869891564,3024.61061159945,7489.24040960096,4968.73854418805,8627.15238628599,12635.124861979,12550.3132036734,4627.72368945036,4130.95718577426,5349.56031771771,4168.07229783746,4569.60851869173,9713.8157647703,13491.5643508898,15829.1984779363,14838.2657322478,7826.93130446409,6942.71735767776,9850.76405033132,8996.06057643011,4466.59147357356,1e+09,3358.90808832275,6907.73633143304,4518.13764608826,6977.3772923069,5033.24985097104,4310.06101825717,3740.83524728101,3232.26515377374,5328.59889695218,5416.48261839729,3832.45986937894,3662.85510764486,4478.33204100589,3259.81914038187,3926.29391842995,7006.26441023317,5545.40173754797,5461.83772654406,3855.7416053465,5077.25348457215,1811.1797468501
5342.05340576075,18621.5342735205,14207.048815229,19063.9053574996,21719.8410989998,19882.6261648782,1932.99220626985,1399.89534523121,5741.67199898253,6771.85012227826,8513.78450545937,2478.28419542634,1927.41720543322,4814.48318563893,2391.81077322183,6433.91678862884,10023.4674758888,10029.1776554162,2622.92185470707,2048.52009707008,3021.94273908359,2066.59096291453,2921.41106030973,7157.77556709485,10861.6705501594,13229.7245224797,12354.6532362831,5100.24795993293,4234.39173945916,7155.49201854771,6811.39218204326,3814.28708812014,3358.90808832275,1e+09,4054.97912475515,2264.9777507958,4308.02899491171,2640.90515409017,1940.95912350054,1469.98283006979,1715.49662893869,3057.79239138304,2845.54333328452,2308.79221481709,2381.17414386265,3208.25882800936,2332.83581548295,2161.9439081299,4422.90059441765,3044.44235760837,3492.96094663253,1966.90292978581,2697.79402527324,2112.69005871661
1756.83695088645,14619.223969086,10305.4079357248,15080.8899124521,17731.2644380315,15897.261231945,4216.83737707538,5331.72360487676,2768.35906838329,3025.63694209996,4721.95072087797,3555.48026374778,4236.86471277996,1507.49508947791,2021.20388390187,2960.19110423635,6080.64837343848,6135.46999287748,2731.10390898992,2947.83214907159,1839.0383251852,2955.58397292312,3204.67351474374,3306.74949173656,6903.72411156471,9212.35283695213,8386.40937689069,1214.92841492822,609.950201573866,3216.80478759591,3321.60318219982,4212.03690114415,6907.73633143304,4054.97912475515,1e+09,2882.7938098657,702.676354234295,2103.76179656823,2654.76402663212,3322.6373262064,3784.46059856619,2096.10580706223,1580.09838826574,3318.22715201958,3641.77938488866,3422.00600842547,4030.13848546176,3173.32548814331,1167.23201511096,1720.59660217031,2148.19469706542,3317.40831740683,1984.42446477562,5348.82104836197
3905.3567873115,17127.6167129551,12677.470197358,17506.8763807225,20220.2262275673,18358.6000100852,1973.41804478929,3160.39927151618,4397.08849184321,5353.12053540736,6999.53373568554,1508.59902515546,2264.93671134537,3099.10808685338,1287.60042322919,4830.82572314506,8506.88714383822,8742.71935843191,1799.25865475201,1071.82502774473,2158.45360855868,1471.55715723175,1905.48713747955,5620.30950707343,9341.46456120238,11749.8844556149,10847.8749237904,3783.7238203389,2854.06617088672,5931.92005469561,5462.22121924772,3502.74761925549,4518.13764608826,2264.9777507958,2882.7938098657,1e+09,2861.51550836266,1022.75808874826,1120.19654021069,929.998573816111,1513.2169502421,2223.927454842,1724.33434687128,1808.86992003295,2105.04535704103,2132.52218687169,2070.70399545662,1406.97086149643,3229.90587935624,2183.26203699877,2017.08575209385,749.004535099755,1412.33862610919,2897.53164586688
1535.85663054857,14394.3996124847,9991.64787712718,14821.7087086442,17509.9498581178,15641.490141911,4238.20695335893,5548.90704200386,2299.4888686619,2641.10979506722,4333.49452017653,3389.89159772108,4202.94737452184,1099.1270116779,2126.05889426892,2407.65190806312,5789.56730796007,5948.66441933818,2593.6992854801,2896.25065643497,1899.26886235204,2938.72855602555,2947.88015643445,2923.1987088975,6628.02952567352,8995.89370212321,8111.10851659624,942.276257368294,346.794698344712,3091.37218809059,3008.42359706874,4105.41456211185,6977.3772923069,4308.02899491171,702.676354234295,2861.51550836266,1e+09,2011.75032011927,2763.54029807781,3382.78906361304,3799.09102171822,2277.44442887198,1656.84198618939,3296.84832411198,3604.55570030482,3201.78544407648,4001.03443156892,3163.91575335059,1327.53658311174,1946.21930470335,1954.79687387207,3293.99755175987,2005.78609073849,5423.18944144495
3223.03713911274,16335.6322192194,11849.4355264038,16736.8667443641,19452.5901245181,17555.4696123516,2534.50452755563,3741.67020247643,3469.04365665813,4468.9725388617,6131.68218554256,1538.06791826629,2364.81473437138,2483.79070895678,740.151977637026,3949.89014154824,7710.81531276038,7861.7045465853,1147.4892236531,949.249899868312,1302.24571437191,1210.35317048372,1456.26036209189,4798.29695100251,8556.50234866444,10951.7351218791,10022.1037239943,2915.91180900589,2019.99241659468,5057.14148759949,4558.53032806627,3059.12330040814,5033.24985097104,2640.90515409017,2103.76179656823,1022.75808874826,2011.75032011927,1e+09,1037.45711381242,1429.05676101406,1850.87410938724,1662.95166096312,890.875589013416,1610.99957240839,1948.47602317811,1795.54698941576,2204.10311389917,1364.12515496196,2461.85174777037,1527.209233635,1273.93680549704,1298.1869342664,735.082592842464,3474.07577080581
4009.35530631796,17103.3985776804,12660.119607168,17547.3925338553,20243.8727009903,18337.8162460147,2404.38448971873,2966.7357363439,4227.60846522002,5285.51819165349,6943.39044826805,1646.98518390421,1971.24370297028,3325.20305799511,701.06370509391,4768.22673507668,8527.38841270292,8552.09861669053,1471.17034567721,855.007371781086,1413.77074909619,1183.06775592102,1876.47214916715,5640.44402796447,9376.68160814368,11696.5543333325,10798.4524799853,3643.79287579577,2708.27236785741,5720.23115604606,5206.14684937911,2866.10034006139,4310.06101825717,1940.95912350054,2654.76402663212,1120.19654021069,2763.54029807781,1037.45711381242,1e+09,949.672898002254,1327.716480202,1498.22083949597,1325.55753911326,1150.21105685,1593.88558268779,1904.63667380422,1644.21235188768,941.385310699078,2879.94579237179,1514.49736424333,1684.06627286458,970.710253834789,1056.90051485464,2757.35752982815
4510.75726823113,17748.1023660165,13264.7451669001,18151.6771851088,20859.7575813742,18974.586135729,1667.72387240814,2374.14851066651,4760.25180468429,5862.94262087734,7542.09395581227,1280.07856266715,1512.98748173936,3803.5941272039,1454.89367178499,5354.86556868611,9119.12831862234,9233.85619420186,1642.92111271357,802.734401654744,2210.11501877165,1122.10474105584,1817.01062550553,6207.13825054671,9963.12704842711,12360.2950580235,11439.2329576725,4272.06177248176,3355.98901757738,6407.17981491077,5881.71934722323,3158.19196748709,3740.83524728101,1469.98283006979,3322.6373262064,929.998573816111,3382.78906361304,1429.05676101406,949.672898002254,1e+09,807.458165108261,2306.19872177139,1949.94757342345,1385.59944828944,1601.50211841883,2064.58228181877,1541.48897663915,1069.49689452565,3631.05090757483,2320.78290193202,2331.56964879885,524.792582550478,1651.23485195171,2170.45680074495
5046.7046924404,18067.2344792113,13519.306721441,18476.9670664533,21211.2844570125,19261.1511658104,2177.7195717539,2390.48534442276,4842.21283677205,6161.38884849025,7781.27776812395,1078.2311136301,1194.26459702195,4323.21654799988,1939.68644698054,5555.57325968257,9482.80251910267,9486.62521449014,1661.45565760871,1048.15947326731,2373.63533243841,1104.10947450876,1801.22295416198,6545.34904933266,10324.0500979751,12697.0579080274,11726.2138031805,4679.05785731487,3798.19757462668,6750.82621878241,5990.14294089048,2595.70267378604,3232.26515377374,1715.49662893869,3784.46059856619,1513.2169502421,3799.09102171822,1850.87410938724,1327.716480202,807.458165108261,1e+09,2421.39484506348,2261.29168333057,1014.54868246921,1053.76204462867,1800.31765697057,1028.58177307397,860.671151253485,3920.01274434153,2570.50527564135,2386.75612688016,834.934044281343,1893.88424770364,1729.23896980724
3748.7489589195,16195.6505550317,11792.4993246258,16685.1362603696,19380.8757610073,17415.9267667414,3780.9287504924,4131.10236716545,3480.38041712397,4590.95839647889,6125.31846501062,2611.59624500036,3119.4032926507,3129.74937868833,1391.42756775191,4073.3500578271,7786.37378577474,7568.40263309901,1990.94167255096,2022.39494369918,983.988963810062,1979.02187789827,2583.38882081269,4949.1905881164,8592.39354880816,10807.2571357537,9903.47597993755,3041.90196456099,2293.08434136209,4869.25215209687,4152.51742654983,2685.60027524574,5328.59889695218,3057.79239138304,2096.10580706223,2223.927454842,2277.44442887198,1662.95166096312,1498.22083949597,2306.19872177139,2421.39484506348,1e+09,1090.13317635966,1755.54135622035,2067.23055879116,2123.41357005648,2391.93201847377,1675.12139437714,1744.41180983734,506.72153220482,1191.03329227188,2239.53883453715,1051.14367467059,3783.44618666633
3049.63247359415,15941.6107927116,11485.0884121412,16383.2956866773,19083.6795620394,17169.8218644545,3191.37596401615,4074.81118497532,3074.02835671696,4098.05751948408,5766.49590044075,2124.29957560133,2816.52200857725,2450.36690709779,931.755023973576,3678.75290295502,7381.09160783146,7345.73171112994,1368.34521853953,1536.62406414191,791.885898535894,1455.04384525003,1961.77313558423,4469.09615961662,8209.71400935501,10552.3677201707,9629.54826199028,2501.14265690704,1676.65943250262,4548.23118457055,4028.7116732772,2925.94044071304,5416.48261839729,2845.54333328452,1580.09838826574,1724.33434687128,1656.84198618939,890.875589013416,1325.55753911326,1949.94757342345,2261.29168333057,1090.13317635966,1e+09,1799.84465085185,2089.7926594282,2072.042993497,2538.68124820742,1638.57450056444,1778.73886141277,886.46413328459,1104.92760228895,1933.5770465125,491.246164158052,3870.69437607776
4680.06995103706,17404.0095853369,12848.2679398859,17844.1847668897,20581.3927166555,18580.737803174,2855.42726121679,3117.63235407897,4151.77317922114,5553.12721057244,7113.92064424393,1270.79283705095,1528.33668201741,3984.11074615152,1616.91022709982,4881.94234648465,8887.31616690888,8781.43092126221,1225.16137675818,1025.78371282644,1645.48076254328,1044.77725501659,1548.70007254471,5973.6166579301,9729.62489434202,12037.7410228124,11051.5114894389,4130.09041574153,3307.62790437498,6106.66263265788,5227.76044099192,1865.86397591036,3832.45986937894,2308.79221481709,3318.22715201958,1808.86992003295,3296.84832411198,1610.99957240839,1150.21105685,1385.59944828944,1014.54868246921,1755.54135622035,1799.84465085185,1e+09,555.095888293185,1205.12998149577,917.081130325993,523.289402816453,3292.38667062361,1960.24042285634,1684.02181906886,1262.57778184158,1469.86873434331,2429.58546781133
