1e+09,9768.16604776454,11229.5538895007,11484.4611208624,13126.9407984915,3631.69207568593,8506.22740705302,2883.1486352077,2761.52357998262,4851.13364016082,1688.09887808742,2273.39369491956,1777.69389949451,2434.3686443306,3899.97223681144,1351.81920070696,2991.98167424201,5725.97807179699,1873.58100412018,2408.06140833244,4215.32818526624,1787.5940215832,1036.15520835442,3246.17564506297,5173.19513973714,5057.61169744179,2212.01267335881,2882.77446795617,1986.98504138808,2999.03738887997,1943.55175508655,4373.66286175558,6055.56933002174,1688.76762741355,3059.91149412855,1170.2674244804,2668.779800939,2786.34686923577,2424.88364749734,2335.10708585281,4272.99336383758,3078.42770160353,4526.86110796433,2494.7572439017,2079.31196466524,2244.69970993895,4724.13205311833,1756.13284292505,2591.96866470257,3069.31938825206,2072.9905384251,2238.76564957121,3827.37279669749,5089.07549775988
9768.16604776454,1e+09,1534.94076527402,2088.64865209542,3434.54156702172,9796.07784209068,17255.2368616197,10005.1177527004,8658.28329727666,5798.55414116312,10546.8876810507,10625.9534988725,10088.9322549316,11649.9925068989,10973.9514827522,8565.0095948983,6884.29428665713,13657.7906466749,10514.750383623,10877.0057666805,12860.3965554799,10940.5024268861,9371.79519885598,7309.1521428754,5061.59571833824,5171.33472561968,9486.8132636729,11806.6776630769,8755.82365174174,9222.89489506413,9970.98451864208,12952.9360074077,14901.5430637971,10288.0689231313,12023.4966040167,9710.41310323613,11387.5387398682,11914.1705418632,11352.0830922875,11428.2861205476,12887.0249871373,11827.9926821968,13012.4732352655,11325.3576314525,10580.6775976447,10767.5360258092,13272.3635351282,10813.4872635103,11686.1407139868,11697.8774495803,11093.3797076229,9656.36753114752,12016.3977807328,13060.9006068188
11229.5538895007,1534.94076527402,1e+09,1343.16041283236,1971.15978324945,11289.9081683953,18760.9596787291,11475.5091117431,10155.1093045718,7293.52326535674,12052.0339992136,12129.3998324443,11606.5937106414,13154.9996322805,12468.7915875397,10033.7650412196,8370.67991875212,15153.0740248802,12028.8390269469,12394.4178833417,14374.6363055453,12442.3993133238,10860.7841202834,8824.90598705731,6575.02914150196,6675.47310324145,10980.1392174644,13318.7550626588,10260.0107625431,10730.9082045044,11488.7208977022,14465.5144293143,16411.167764626,11801.3129686404,13537.7194615157,11209.7090761625,12903.2573328714,13426.4345184975,12858.7087665558,12933.6366048919,14395.6891383983,13338.7354430021,14525.343416257,12839.5754160564,12094.576782732,12274.3453802474,14778.6134975545,12315.0295497088,13196.5932578753,13217.8660850646,12601.3898909525,11170.1905124443,13526.1185140564,14568.0067061112
11484.4611208624,2088.64865209542,1343.16041283236,1e+09,2289.79790704333,11205.8383308345,18705.6927164246,11449.4004997947,10221.8086909998,7304.31783201553,12238.1896724638,12321.7485428692,11796.4923131878,13387.0194852663,12404.2362354117,10329.286114345,8683.62652121797,15073.0145193953,12201.2959702484,12493.5928588497,14410.1816588793,12662.6203694733,11118.2098836998,8928.19244104875,6640.10257375592,6751.33379214063,11053.4521744973,13474.3148523218,10487.1451072015,10768.4202030335,11634.1358467701,14481.1845579946,16402.7256381097,11989.4753249006,13662.046010459,11438.819829082,13044.3496043574,13592.0513876346,12963.4791811574,13191.7304977702,14429.5407754232,13433.0062607668,14529.523175046,12963.2203455237,12213.7590898707,12362.2895635234,14790.2838425671,12484.3439790403,13342.4039570311,13337.9980482942,12756.1915910275,11250.3187276317,13514.2431865384,14507.3645551871
13126.9407984915,3434.54156702172,1971.15978324945,2289.79790704333,1e+09,13151.6997822829,20626.5678434925,13385.1134858768,12070.8375800398,9180.80653019113,13947.9392326788,13962.6890359486,13481.7441378406,15057.5662940198,14292.6616427732,11936.9424956268,10273.7476941718,17025.7958167776,13896.7566956646,14270.7863989761,16257.9433026813,14323.521921235,12747.1281793626,10727.4478054988,8455.32315032962,8575.98965577735,12894.7422933768,15222.3910175636,12159.8979094316,12620.8370578104,13373.0103301613,16342.1607746344,18278.8572074241,13690.0513996953,15430.8760391625,13082.0428282016,14782.5427373169,15318.4600365703,14746.9748463541,14797.1909477542,16290.8377975382,15233.0551277772,16403.6373748294,14730.2666150107,13986.5115184988,14175.3951066028,16675.3475251402,14221.6078362364,15087.944984573,15108.5691100514,14490.4718279668,13031.5828354579,15374.1546459765,16416.9290444224
3631.69207568593,9796.07784209068,11289.9081683953,11205.8383308345,13151.6997822829,1e+09,7517.23473317815,1409.00278775452,1802.34737156853,4070.20082677747,2749.30210853591,3538.62798147813,2649.59351910817,3647.2787136302,2049.56789160545,3645.44415710898,4192.74861829326,3925.86521904408,2825.23021086778,2326.59238757029,3421.94695699685,3494.07899567254,3381.20600407606,2798.68131990765,4804.39943291563,4668.70048442819,1668.33148933298,3176.44701874595,2858.35228369423,1202.65171271653,2120.8588750551,3473.03412103884,5368.87562861164,2755.35635510182,3152.57178032476,3082.70701841742,3131.31298568189,3524.16308264813,2772.83515638777,3966.90792829882,3422.66787123729,2794.27057859471,3491.73907750851,2673.72256313179,2205.47345520185,2095.81818696184,3692.18092927473,2767.78902884595,3108.26041991336,3006.3004603499,2928.39104472063,2011.63850825639,2748.49077748134,3429.22923221823
8506.22740705302,17255.2368616197,18760.9596787291,18705.6927164246,20626.5678434925,7517.23473317815,1e+09,7463.8534899876,8742.49632137755,11534.183178431,7194.06563894854,7597.81392359671,7622.55511126027,6494.11777470967,6544.04140443809,9498.62504673703,10896.8653424597,3784.34346213448,7285.28174435965,6643.95911436848,4511.0780955776,7228.64338874868,8702.20647879031,10012.7977852097,12223.3180070266,12098.5106004582,7950.44802611777,5978.97083431589,8982.24522093446,8113.03892002251,7534.83107788091,4399.91037326898,2661.12391800908,7497.46535567188,5603.23722522972,8194.15359212286,6491.51046455291,6058.26493268494,6277.50103273588,6984.08250003535,4493.87243400389,5658.1261778702,4343.99154335042,6253.7158256112,6932.93607731241,6692.35246569545,4090.99488745708,6935.30499507412,6041.97899839945,6008.75861017898,6671.46488673215,7820.79959970846,5419.0126488688,4302.24397936705
2883.1486352077,10005.1177527004,11475.5091117431,11449.4004997947,13385.1134858768,1409.00278775452,7463.8534899876,1e+09,1653.80732961854,4349.84229610684,2320.53859616685,3522.58765080445,2552.55863094269,3167.46313478152,2637.64109082339,3098.62895195601,4029.76604885445,4034.54820913073,2665.97225910173,2248.47978594427,3336.55052777565,3124.14791120715,2960.59528096969,2980.16448339685,5081.9606426949,4878.26463777848,1038.24834119781,2780.95968723029,2609.34584503473,1510.40921726531,2013.90399344159,3437.9502668596,5296.44979090711,2507.93074679107,2852.53858466454,2777.06199597704,3001.50121076104,3205.731406528,2431.7951830695,3708.8721728175,3243.692106335,2493.6222970811,3499.00550089593,2390.03111023685,1941.31320638891,1668.50358714029,3517.15416790336,2177.31948663948,2722.45893065442,2910.37876064268,2582.74315817504,2195.71971435336,2939.92314515193,3710.47528871976
2761.52357998262,8658.28329727666,10155.1093045718,10221.8086909998,12070.8375800398,1802.34737156853,8742.49632137755,1653.80732961854,1e+09,2971.77162001053,2568.25457706202,3544.57349159247,2401.71164624315,3556.51082204174,3396.41036199986,2249.80493927807,2674.18858706711,5255.61570806885,2742.29862855963,2723.03198855614,4406.83433372529,3288.39069889817,2425.85870054296,1520.29655350527,3724.80451089718,3522.2815658746,975.64702218579,3388.7369283112,1482.84929244344,841.414158960972,1924.77518497616,4546.26092307734,6509.00148104915,2454.24148709943,3645.31320268917,2511.83985970444,3407.26471767311,3775.15732131788,3190.00213198988,3886.75403675098,4374.13393807277,3392.9427626472,4600.25874072318,3028.85075591387,2325.4997887336,2378.94141394865,4695.53461536597,2617.19517384547,3406.21882476743,3473.4252670095,3081.16746429012,2136.2382535429,3914.93246857465,4822.29788705551
4851.13364016082,5798.55414116312,7293.52326535674,7304.31783201553,9180.80653019113,4070.20082677747,11534.183178431,4349.84229610684,2971.77162001053,1e+09,5207.16242180902,5590.84609961677,4785.76844475367,6305.96104851592,5550.93718840342,3758.72944260424,2476.46538677608,7942.60063902246,5180.08790434101,5357.72534148588,7213.91612698679,5731.89501070109,4360.17226612665,1787.3256494271,1032.8498946604,862.277935586896,3861.57648151633,6257.12031893267,3466.04929333095,3492.41099648939,4507.50688633972,7313.04504088413,9268.40958670904,4940.63026373154,6481.08059237038,4634.59566066987,5968.54801109952,6485.06846477352,5886.0448793566,6309.82688722123,7226.2054285427,6247.70053127549,7353.60532532852,5804.9522094243,5053.61789415266,5191.95018892709,7560.31892483379,5388.489793727,6202.16392202754,6174.13740825388,5717.8393064426,4273.96838364535,6458.07875574462,7417.10956803255
1688.09887808742,10546.8876810507,12052.0339992136,12238.1896724638,13947.9392326788,2749.30210853591,7194.06563894854,2320.53859616685,2568.25457706202,5207.16242180902,1e+09,1858.95923954776,856.59513207816,1322.3384663164,2700.38393657272,2417.51409158251,3844.94261621679,4273.2175944012,1069.18091827342,1179.09100577521,2778.00431466548,1300.55430790106,1814.55222448956,3459.15811280722,5691.22294000156,5549.5672940059,1812.0862143673,1612.84131590805,2200.70857568648,2332.8929841508,898.393575277562,2952.8551705595,4785.80822138748,970.638906803143,1634.48950479959,1153.08235568844,1675.70136477238,1713.98422177685,1222.01118787841,1553.80161256191,2832.06721099624,1583.53451961111,3114.54835415988,1069.86226459297,845.61788982968,1036.87062838138,3321.99294771979,584.005165388116,1271.76380503614,1778.46466911772,847.613341565599,1630.82910658965,2524.43514666153,3622.15388851716
2273.39369491956,10625.9534988725,12129.3998324443,12321.7485428692,13962.6890359486,3538.62798147813,7597.81392359671,3522.58765080445,3544.57349159247,5590.84609961677,1858.95923954776,1e+09,1380.9052716968,2319.71610224182,2948.9803811148,3013.4518824929,4073.3951948835,5010.09788960256,1195.42884568677,1647.53870503852,3387.66708641803,1187.93776053293,1960.49492636426,3896.8486579671,5845.48107259787,5879.29378083797,3006.0236488757,2625.80543056792,2914.90628202692,3332.3943322182,1929.42903766892,3468.5154701111,5002.19300465306,1396.37601637238,2500.77974787865,1575.74109780129,1495.69764344268,1962.28892413936,1806.03855296613,1371.1399873463,3655.82667459769,2679.04923140655,3582.61813888949,1987.76884901137,1849.59302780368,2168.56534582198,4151.95693932392,2054.24830317564,2172.98103486892,2083.42184221055,1500.72587946633,1684.19736420646,2671.25717342977,4040.47152639392
1777.69389949451,10088.9322549316,11606.5937106414,11796.4923131878,13481.7441378406,2649.59351910817,7622.55511126027,2552.55863094269,2401.71164624315,4785.76844475367,856.59513207816,1380.9052716968,1e+09,1809.61280576813,2684.71782967969,2226.44347952065,3420.07019101948,4649.28608250772,684.199163328924,1138.34467583417,3165.21963869808,1236.08428333184,1432.61458560912,3030.81014012755,5210.88687986028,5136.19154623345,1858.4748464265,2029.13014259805,1845.16526907483,2159.90494587146,640.72074915676,3314.63623639156,5156.95593805105,587.819778418522,2098.09021174019,836.110191601562,1598.226659645,1949.38281007092,1559.10736448777,1586.0241617012,3303.13304544337,2103.17266041093,3441.47939187495,1432.08528674098,941.287638131937,1356.99344644696,3783.34648333985,1187.57711408565,1738.88308034209,1896.73420093591,1167.40032752265,1141.51915612485,2651.42161181507,3871.2331698052
2434.3686443306,11649.9925068989,13154.9996322805,13387.0194852663,15057.5662940198,3647.2787136302,6494.11777470967,3167.46313478152,3556.51082204174,6305.96104851592,1322.3384663164,2319.71610224182,1809.61280576813,1e+09,3461.98956607324,3304.94399615183,4840.10021934464,4050.58198198728,1637.77992096008,1683.59266676949,2414.38344995156,1347.14138118462,2558.98409207639,4568.09227151773,6824.43768740693,6693.0037227242,2776.58961004323,921.01654241387,3031.38446720306,3269.65085347044,1963.70586331049,2657.09336986866,4199.67548393921,1614.96780757389,1179.97057810778,2196.04564772684,1564.81976712975,1079.07452884405,1485.12192677908,1239.6795812225,2470.76135106165,1472.15415344318,2809.94953411979,1176.72027071008,1581.11067863701,1682.31473413865,2878.69015557423,1108.27994112498,923.437857952553,1511.81073220162,1224.8686037694,2735.42124803475,2714.03403847483,3550.79528683364
3899.97223681144,10973.9514827522,12468.7915875397,12404.2362354117,14292.6616427732,2049.56789160545,6544.04140443809,2637.64109082339,3396.41036199986,5550.93718840342,2700.38393657272,2948.9803811148,2684.71782967969,3461.98956607324,1e+09,4410.04702207357,5181.99399026089,3255.42942258007,2775.67415286809,2127.62981719095,2584.5075614515,3267.11539035584,3836.95665541064,4092.97981073692,6039.73793904173,5968.49071759352,2915.05545182249,3144.05715565096,3945.78057233293,2827.30108856485,2500.1033319445,2501.21637416678,4206.38840947909,2894.60112366108,2668.61664687905,3159.68746338938,2715.3123967971,3052.75289615783,2219.318589162,3428.10167260249,2715.6512064144,2372.84965320182,2556.19287079438,2384.6882143165,2346.88649851244,2220.52453246975,3132.1706185647,2861.97869647906,2758.90470159808,2545.56745744441,2480.66375893631,2049.17420713809,1537.6097138741,2312.92190395612
1351.81920070696,8565.0095948983,10033.7650412196,10329.286114345,11936.9424956268,3645.44415710898,9498.62504673703,3098.62895195601,2249.80493927807,3758.72944260424,2417.51409158251,3013.4518824929,2226.44347952065,3304.94399615183,4410.04702207357,1e+09,1768.65514677113,6459.70073242561,2534.76868360803,3098.13957101677,5093.05971570136,2727.59609495248,1188.85742517764,2316.33517272436,4064.24238147776,3922.07783208085,2193.68295382446,3656.72275001811,1252.64399192269,2720.43328120724,2239.52028459222,5262.69562964647,7091.85414101982,2270.85057024895,3945.51073731906,1651.77261921852,3498.80034521834,3750.24971753882,3374.85772540118,3253.88757700693,5129.89206582361,3894.0159385909,5393.82095032826,3310.84068755958,2694.88372097944,2927.05911153157,5557.64714418791,2575.96479156839,3504.86222299822,3860.21998607592,3010.95556802155,2530.66415497987,4633.84249742047,5853.11779829349
2991.98167424201,6884.29428665713,8370.67991875212,8683.62652121797,10273.7476941718,4192.74861829326,10896.8653424597,4029.76604885445,2674.18858706711,2476.46538677608,3844.94261621679,4073.3951948835,3420.07019101948,4840.10021934464,5181.99399026089,1768.65514677113,1e+09,7603.35709404076,3824.65919381061,4319.66578722243,6406.44606616648,4131.21129844505,2530.87345001681,1654.62375294204,2500.67919617851,2437.62629467685,3184.37360705367,5109.09997090486,2130.31930665335,3290.8457371776,3404.35121855839,6547.65013148229,8454.60537711253,3542.89580840306,5373.21174150991,2983.65647613796,4730.82996007043,5158.19606272387,4729.97965668987,4650.43299833467,6455.30795020656,5276.87149400097,6638.89553124614,4683.2648935972,3973.55445967461,4217.83639656637,6882.49266560452,4077.38043111015,4981.28628476622,5091.82644070868,4391.47211313018,3330.77089742,5758.13670323135,6957.99079387865
5725.97807179699,13657.7906466749,15153.0740248802,15073.0145193953,17025.7958167776,3925.86521904408,3784.34346213448,4034.54820913073,5255.61570806885,7942.60063902246,4273.2175944012,5010.09788960256,4649.28608250772,4050.58198198728,3255.42942258007,6459.70073242561,7603.35709404076,1e+09,4500.83996603967,3686.05725924056,1809.05457601478,4673.83117717147,5806.73792250865,6500.47903635571,8660.92939291737,8514.96808045691,4600.1367014253,3367.27913921611,5817.96108072235,4619.00533368387,4403.2485970247,1701.03277987228,2265.32802587175,4581.06952360472,2979.77249235575,5295.28016370239,3835.40661148202,3642.43988106873,3473.60033371717,4675.23096067991,1631.23771262805,2784.75564222429,1548.43021040666,3408.62449200554,3886.45315997762,3580.57318937904,1308.75341535371,4074.45302838307,3448.53393033909,3220.39623447178,3898.12230419981,4620.96834912338,2548.06998126033,1241.11614903683
1873.58100412018,10514.750383623,12028.8390269469,12201.2959702484,13896.7566956646,2825.23021086778,7285.28174435965,2665.97225910173,2742.29862855963,5180.08790434101,1069.18091827342,1195.42884568677,684.199163328924,1637.77992096008,2775.67415286809,2534.76868360803,3824.65919381061,4500.83996603967,1e+09,859.89414621801,2915.74521711003,878.96983691137,1558.15713527231,3464.91402118436,5619.89108705854,5572.91239664684,2080.55190117911,1751.72008777087,2150.29493649127,2463.33173419659,999.349196277257,3064.11164599138,4807.01051888801,566.093513653001,1840.44012184586,1182.889936131,1211.2332696471,1561.35227405605,1298.12029122882,1361.42208811228,3111.07732266493,1944.55536295576,3195.3841355305,1194.22873772155,858.81716703848,1276.2095657062,3557.17716537987,1110.65516106486,1425.79638595418,1654.3090834847,992.704445240375,1394.88056739636,2404.45815403388,3696.21882286479
2408.06140833244,10877.0057666805,12394.4178833417,12493.5928588497,14270.7863989761,2326.59238757029,6643.95911436848,2248.47978594427,2723.03198855614,5357.72534148588,1179.09100577521,1647.53870503852,1138.34467583417,1683.59266676949,2127.62981719095,3098.13957101677,4319.66578722243,3686.05725924056,859.89414621801,1e+09,2199.21609674902,1360.78410774818,2233.07066383937,3659.83851595941,5882.00027625807,5814.80932657297,1970.26009303341,1432.91919541892,2583.55576614866,2282.93022552158,1100.21804157176,2327.72233507349,4173.93126035875,1037.53159696464,1338.7841712539,1788.73404974021,991.121027120301,1345.35792925154,774.873732810708,1749.79906409279,2386.61531694993,1327.18223891823,2437.6461944466,669.888480196518,526.924392394203,725.828812530889,2828.48802723292,1091.52147028815,1097.20129652676,1135.8458297674,831.248458344435,1383.39797216853,1646.44639305384,2893.86528905545
4215.32818526624,12860.3965554799,14374.6363055453,14410.1816588793,16257.9433026813,3421.94695699685,4511.0780955776,3336.55052777565,4406.83433372529,7213.91612698679,2778.00431466548,3387.66708641803,3165.21963869808,2414.38344995156,2584.5075614515,5093.05971570136,6406.44606616648,1809.05457601478,2915.74521711003,2199.21609674902,1e+09,2989.68194962274,4310.4390580891,5583.80490340592,7835.08575061562,7719.66357840806,3603.63378228144,1832.00626603732,4577.50739156148,3821.75955852798,3065.2913245889,295.308358838689,2156.19976259158,3067.31361058826,1288.43447703017,3779.96203680672,2235.77688376993,1928.89582035941,1876.37411317679,2923.52435750072,464.519988267459,1267.09788939134,482.238884475319,1817.54361562522,2465.39434636733,2240.12256595482,848.919901757522,2567.12085077816,1761.19762840517,1688.86399298463,2274.4102278393,3374.27517736773,1349.34243763398,1266.55397089899
1787.5940215832,10940.5024268861,12442.3993133238,12662.6203694733,14323.521921235,3494.07899567254,7228.64338874868,3124.14791120715,3288.39069889817,5731.89501070109,1300.55430790106,1187.93776053293,1236.08428333184,1347.14138118462,3267.11539035584,2727.59609495248,4131.21129844505,4673.83117717147,878.96983691137,1360.78410774818,2989.68194962274,1e+09,1673.18284033754,3989.84681743548,6120.46095177479,6080.67846136432,2595.1344615453,1752.13548308914,2595.85088044364,3127.42142262599,1672.62018249811,3151.01364632082,4718.83061964508,883.480053651468,1864.29822971004,1494.86379560146,1066.3141573195,1216.56840247476,1361.16314734862,887.626117799606,3171.3730982967,2113.00065167998,3271.11908746839,1396.88355520423,1370.19459340635,1642.39693557922,3623.25183310517,1227.02472411928,1449.12893919071,1601.1138794914,959.341812181664,2002.49814928753,2694.40181352003,3928.80228081027
1036.15520835442,9371.79519885598,10860.7841202834,11118.2098836998,12747.1281793626,3381.20600407606,8702.20647879031,2960.59528096969,2425.85870054296,4360.17226612665,1814.55222448956,1960.49492636426,1432.61458560912,2558.98409207639,3836.95665541064,1188.85742517764,2530.87345001681,5806.73792250865,1558.15713527231,2233.07066383937,4310.4390580891,1673.18284033754,1e+09,2727.97119588899,4680.13613402431,4635.61512292598,2092.61198288168,2898.22744550872,1361.61072862254,2635.94856226369,1667.00192678353,4471.26971495793,6223.62049494505,1313.85918826943,3165.41070092018,1033.94104812605,2452.02428399476,2780.04057385859,2537.39721200682,2301.9943376125,4423.00359531846,3216.20034382188,4586.60413724577,2512.0198435522,1946.1397923582,2260.11295438967,4858.97340119289,1910.74152752276,2708.95292978671,2928.64414859505,2154.49952703638,1891.04043121769,3808.8769743981,5104.56448852397
3246.17564506297,7309.1521428754,8824.90598705731,8928.19244104875,10727.4478054988,2798.68131990765,10012.7977852097,2980.16448339685,1520.29655350527,1787.3256494271,3459.15811280722,3896.8486579671,3030.81014012755,4568.09227151773,4092.97981073692,2316.33517272436,1654.62375294204,6500.47903635571,3464.91402118436,3659.83851595941,5583.80490340592,3989.84681743548,2727.97119588899,1e+09,2318.29973083724,2198.89984426304,2308.70824785203,4576.39281448828,1915.47553440392,2052.37064827482,2786.5337233739,5696.16003569949,7661.5796503789,3191.60167661944,4776.51768229743,2923.017170083,4244.84649575223,4744.40547576828,4164.99773235232,4552.02368862465,5611.08599782609,4574.82042325161,5750.29063548965,4089.31233999067,3341.82962228777,3508.79299814053,5992.62714587684,3667.33210710456,4488.06909933437,4457.03658319067,3960.06823878074,2592.48430766707,4871.43120352736,5910.81106690952
5173.19513973714,5061.59571833824,6575.02914150196,6640.10257375592,8455.32315032962,4804.39943291563,12223.3180070266,5081.9606426949,3724.80451089718,1032.8498946604,5691.22294000156,5845.48107259787,5210.88687986028,6824.43768740693,6039.73793904173,4064.24238147776,2500.67919617851,8660.92939291737,5619.89108705854,5882.00027625807,7835.08575061562,6120.46095177479,4680.13613402431,2318.29973083724,1e+09,568.578044686919,4547.19560035633,6872.37083183817,3993.67266163615,4251.31594378729,5036.09685888784,7923.48577436093,9865.21944666717,5391.98271119261,7059.20987160036,4964.88408049977,6432.81731505722,6981.58607314269,6386.48404495776,6668.97926228595,7876.72143021448,6856.17005893232,7972.30557473809,6357.38639566607,5605.92252290379,5778.55080450107,8254.06755063829,5926.41194077833,6751.84693044799,6707.32482072398,6177.77450786285,4681.66063788267,6995.60606248665,8043.48488105125
5057.61169744179,5171.33472561968,6675.47310324145,6751.33379214063,8575.98965577735,4668.70048442819,12098.5106004582,4878.26463777848,3522.2815658746,862.277935586896,5549.5672940059,5879.29378083797,5136.19154623345,6693.0037227242,5968.49071759352,3922.07783208085,2437.62629467685,8514.96808045691,5572.91239664684,5814.80932657297,7719.66357840806,6080.67846136432,4635.61512292598,2198.89984426304,568.578044686919,1e+09,4359.69814998699,6742.46313673275,3864.86305185578,4073.9344818983,4919.00002671275,7816.52248802497,9779.57098169444,5332.48611796599,6935.40030948467,4877.31114161276,6411.07879995247,6917.31989611584,6298.60753473337,6617.49545774684,7732.87030163445,6708.63341182837,7874.2110308462,6249.23947186376,5503.03666032673,5655.06660122584,8105.41520095054,5786.56727536283,6634.21699014285,6647.49814992077,6090.29532401344,4649.31699016103,6938.3959118805,7947.13439802046
2212.01267335881,9486.8132636729,10980.1392174644,11053.4521744973,12894.7422933768,1668.33148933298,7950.44802611777,1038.24834119781,975.64702218579,3861.57648151633,1812.0862143673,3006.0236488757,1858.4748464265,2776.58961004323,2915.05545182249,2193.68295382446,3184.37360705367,4600.1367014253,2080.55190117911,1970.26009303341,3603.63378228144,2595.1344615453,2092.61198288168,2308.70824785203,4547.19560035633,4359.69814998699,1e+09,2576.25947932269,1577.96868429003,992.166618466878,1320.45370748088,3751.01613515591,5685.10985146286,1845.73391015607,2796.38591596368,2019.38965737175,2710.10181849317,2980.06859900909,2339.03793975215,3200.79447354872,3573.2768294522,2541.39259401219,3834.64833564957,2194.1730716377,1534.97364097889,1509.97558016678,3912.20041061293,1761.5699459573,2538.34704087128,2761.73923055744,2281.91033318577,1736.38400856493,3180.12758527075,4146.63827756895
2882.77446795617,11806.6776630769,13318.7550626588,13474.3148523218,15222.3910175636,3176.44701874595,5978.97083431589,2780.95968723029,3388.7369283112,6257.12031893267,1612.84131590805,2625.80543056792,2029.13014259805,921.01654241387,3144.05715565096,3656.72275001811,5109.09997090486,3367.27913921611,1751.72008777087,1432.91919541892,1832.00626603732,1752.13548308914,2898.22744550872,4576.39281448828,6872.37083183817,6742.46313673275,2576.25947932269,1e+09,3137.04612892447,2973.35635725017,1962.31773314109,2095.20532425822,3737.66295888219,1786.18131568438,753.437104475218,2588.80073425901,1475.33410968499,1055.39595100607,1357.48095890882,1863.70823663469,1884.9531872967,992.030711268558,2215.88922757885,902.431075429032,1408.8476601464,1383.25203216912,2205.44739279811,1223.94119830162,716.212068245153,1196.62704565792,1398.47062453954,2713.49015207352,2239.17944863738,2943.77590974585
1986.98504138808,8755.82365174174,10260.0107625431,10487.1451072015,12159.8979094316,2858.35228369423,8982.24522093446,2609.34584503473,1482.84929244344,3466.04929333095,2200.70857568648,2914.90628202692,1845.16526907483,3031.38446720306,3945.78057233293,1252.64399192269,2130.31930665335,5817.96108072235,2150.29493649127,2583.55576614866,4577.50739156148,2595.85088044364,1361.61072862254,1915.47553440392,3993.67266163615,3864.86305185578,1577.96868429003,3137.04612892447,1e+09,1786.97781637042,1659.3882569188,4758.22383977467,6656.60980734187,1873.42011991438,3514.02017458637,1746.66557133872,3077.14146853862,3407.67620574491,3083.89085611018,3145.90788779646,4623.02444158583,3435.33264911857,4854.62532046501,2868.97548610998,2178.69881293859,2458.24268087998,4994.90843926092,2292.85261081039,3138.19424489626,3344.32056672204,2782.01344060377,2142.78087465798,4142.33007146944,5251.10678560244
2999.03738887997,9222.89489506413,10730.9082045044,10768.4202030335,12620.8370578104,1202.65171271653,8113.03892002251,1510.40921726531,841.414158960972,3492.41099648939,2332.8929841508,3332.3943322182,2159.90494587146,3269.65085347044,2827.30108856485,2720.43328120724,3290.8457371776,4619.00533368387,2463.33173419659,2282.93022552158,3821.75955852798,3127.42142262599,2635.94856226369,2052.37064827482,4251.31594378729,4073.9344818983,992.166618466878,2973.35635725017,1786.97781637042,1e+09,1594.01691057529,3952.59668749545,5924.77961471986,2276.23503678772,3167.79924449136,2492.66458531829,3060.36578545768,3424.05176418231,2824.50956981916,3627.92756293452,3809.9259720761,2884.35740703194,4006.13204509038,2596.25832668862,1957.21259634716,2011.33744351862,4118.61865369932,2390.00370909754,2996.98124523661,3035.25225465693,2779.96088308811,1888.62517610033,3325.56900003593,4151.58034013555
1943.55175508655,9970.98451864208,11488.7208977022,11634.1358467701,13373.0103301613,2120.8588750551,7534.83107788091,2013.90399344159,1924.77518497616,4507.50688633972,898.393575277562,1929.42903766892,640.72074915676,1963.70586331049,2500.1033319445,2239.52028459222,3404.35121855839,4403.2485970247,999.349196277257,1100.21804157176,3065.2913245889,1672.62018249811,1667.00192678353,2786.5337233739,5036.09685888784,4919.00002671275,1320.45370748088,1962.31773314109,1659.3882569188,1594.01691057529,1e+09,3219.63247480205,5145.52571457961,900.766556828127,2071.79799425523,1158.65368333251,1847.88472383967,2156.93513606692,1609.92143298982,2077.07540987322,3152.39530460569,1948.46102945376,3343.2701098625,1393.58011018384,733.3744347194,1078.47018656057,3594.70462488923,1122.85077864336,1755.88400320181,1995.22012890809,1373.18952060522,1102.80804050388,2573.90425175452,3708.78348224859
4373.66286175558,12952.9360074077,14465.5144293143,14481.1845579946,16342.1607746344,3473.03412103884,4399.91037326898,3437.9502668596,4546.26092307734,7313.04504088413,2952.8551705595,3468.5154701111,3314.63623639156,2657.09336986866,2501.21637416678,5262.69562964647,6547.65013148229,1701.03277987228,3064.11164599138,2327.72233507349,295.308358838689,3151.01364632082,4471.26971495793,5696.16003569949,7923.48577436093,7816.52248802497,3751.01613515591,2095.20532425822,4758.22383977467,3952.59668749545,3219.63247480205,1e+09,2000.97892337726,3231.62212848285,1519.60483995018,3922.53832902879,2368.58227824156,2111.91746476987,1997.02495162179,3086.18457029064,624.181855792044,1477.83980921479,317.315151072242,2000.06959051429,2624.68430240667,2391.96947812885,936.011480057804,2763.57735913073,1969.96416335425,1849.86883318791,2420.13544660211,3444.73829908747,1252.08792526723,1043.20405127664
6055.56933002174,14901.5430637971,16411.167764626,16402.7256381097,18278.8572074241,5368.87562861164,2661.12391800908,5296.44979090711,6509.00148104915,9268.40958670904,4785.80822138748,5002.19300465306,5156.95593805105,4199.67548393921,4206.38840947909,7091.85414101982,8454.60537711253,2265.32802587175,4807.01051888801,4173.93126035875,2156.19976259158,4718.83061964508,6223.62049494505,7661.5796503789,9865.21944666717,9779.57098169444,5685.10985146286,3737.66295888219,6656.60980734187,5924.77961471986,5145.52571457961,2000.97892337726,1e+09,5023.94582268758,3241.58217995472,5712.06512384969,3961.88878155357,3588.40702599357,3757.4587764605,4519.27877315618,2282.13079430168,3344.06613458825,1963.73187535875,3831.05142446561,4514.94336368686,4296.04100626379,2093.60017438861,4556.69677151114,3657.64438967213,3542.23501058301,4159.20119920881,5315.14558812833,2935.32353589856,2175.19551387915
1688.76762741355,10288.0689231313,11801.3129686404,11989.4753249006,13690.0513996953,2755.35635510182,7497.46535567188,2507.93074679107,2454.24148709943,4940.63026373154,970.638906803143,1396.37601637238,587.819778418522,1614.96780757389,2894.60112366108,2270.85057024895,3542.89580840306,4581.06952360472,566.093513653001,1037.53159696464,3067.31361058826,883.480053651468,1313.85918826943,3191.60167661944,5391.98271119261,5332.48611796599,1845.73391015607,1786.18131568438,1873.42011991438,2276.23503678772,900.766556828127,3231.62212848285,5023.94582268758,1e+09,1974.55913355361,1114.98251457142,1268.36455481064,1641.03699595713,1417.99764016024,1502.46399218084,3203.9708329821,2048.86979015261,3332.57308228942,1307.2683891994,831.918595296439,1223.38420579963,3649.93884939186,1010.00903679126,1590.45341868286,1650.0966932577,1046.45948999472,1367.37241507206,2643.66746515139,3862.55512130248
3059.91149412855,12023.4966040167,13537.7194615157,13662.046010459,15430.8760391625,3152.57178032476,5603.23722522972,2852.53858466454,3645.31320268917,6481.08059237038,1634.48950479959,2500.77974787865,2098.09021174019,1179.97057810778,2668.61664687905,3945.51073731906,5373.21174150991,2979.77249235575,1840.44012184586,1338.7841712539,1288.43447703017,1864.29822971004,3165.41070092018,4776.51768229743,7059.20987160036,6935.40030948467,2796.38591596368,753.437104475218,3514.02017458637,3167.79924449136,2071.79799425523,1519.60483995018,3241.58217995472,1974.55913355361,1e+09,2656.98040958152,1431.89416794678,989.992874923855,1013.39830343256,1823.81509750852,1407.459446414,500.769849631545,1697.93572437239,731.460225644567,1480.5497024754,1377.20981447999,1857.21898315734,1392.61301807071,516.802723580285,1054.67525125036,1215.22091172758,2627.50096384378,1672.0893681858,2405.55307104208
1170.2674244804,9710.41310323613,11209.7090761625,11438.819829082,13082.0428282016,3082.70701841742,8194.15359212286,2777.06199597704,2511.83985970444,4634.59566066987,1153.08235568844,1575.74109780129,836.110191601562,2196.04564772684,3159.68746338938,1651.77261921852,2983.65647613796,5295.28016370239,1182.889936131,1788.73404974021,3779.96203680672,1494.86379560146,1033.94104812605,2923.017170083,4964.88408049977,4877.31114161276,2019.38965737175,2588.80073425901,1746.66557133872,2492.66458531829,1158.65368333251,3922.53832902879,5712.06512384969,1114.98251457142,2656.98040958152,1e+09,2209.74926946475,2476.43420786824,2028.87530964818,1859.17895787361,3897.64114451292,2653.58226007788,4078.84201473899,2017.44608869729,1535.5775462672,1860.9660132845,4390.95290210451,1514.63490518342,2226.14771598832,2591.04079363873,1614.13174772074,1439.03804977492,3235.73612630882,4519.55699137648
2668.779800939,11387.5387398682,12903.2573328714,13044.3496043574,14782.5427373169,3131.31298568189,6491.51046455291,3001.50121076104,3407.26471767311,5968.54801109952,1675.70136477238,1495.69764344268,1598.226659645,1564.81976712975,2715.3123967971,3498.80034521834,4730.82996007043,3835.40661148202,1211.2332696471,991.121027120301,2235.77688376993,1066.3141573195,2452.02428399476,4244.84649575223,6432.81731505722,6411.07879995247,2710.10181849317,1475.33410968499,3077.14146853862,3060.36578545768,1847.88472383967,2368.58227824156,3961.88878155357,1268.36455481064,1431.89416794678,2209.74926946475,1e+09,763.23564277358,1032.12206700564,1400.80842248325,2476.08567846511,1693.35385962297,2421.79635661217,1080.36178065498,1297.98330786648,1445.04349329008,2896.85090410259,1511.66586708174,1266.10272099068,713.834427721163,990.050173122554,2014.64927012123,1915.30334511273,3060.31492863071
2786.34686923577,11914.1705418632,13426.4345184975,13592.0513876346,15318.4600365703,3524.16308264813,6058.26493268494,3205.731406528,3775.15732131788,6485.06846477352,1713.98422177685,1962.28892413936,1949.38281007092,1079.07452884405,3052.75289615783,3750.24971753882,5158.19606272387,3642.43988106873,1561.35227405605,1345.35792925154,1928.89582035941,1216.56840247476,2780.04057385859,4744.40547576828,6981.58607314269,6917.31989611584,2980.06859900909,1055.39595100607,3407.67620574491,3424.05176418231,2156.93513606692,2111.91746476987,3588.40702599357,1641.03699595713,989.992874923855,2476.43420786824,763.23564277358,1e+09,1049.07350085683,1282.6846562971,2129.07112753426,1402.82220167062,2209.59024040658,1004.51955735068,1550.32301501977,1597.2408659623,2537.94099895959,1448.3279084862,876.708354414397,791.151997911906,1043.74254560212,2560.03924196486,2038.81184502151,2991.7732239259
2424.88364749734,11352.0830922875,12858.7087665558,12963.4791811574,14746.9748463541,2772.83515638777,6277.50103273588,2431.7951830695,3190.00213198988,5886.0448793566,1222.01118787841,1806.03855296613,1559.10736448777,1485.12192677908,2219.318589162,3374.85772540118,4729.97965668987,3473.60033371717,1298.12029122882,774.873732810708,1876.37411317679,1361.16314734862,2537.39721200682,4164.99773235232,6386.48404495776,6298.60753473337,2339.03793975215,1357.48095890882,3083.89085611018,2824.50956981916,1609.92143298982,1997.02495162179,3757.4587764605,1417.99764016024,1013.39830343256,2028.87530964818,1032.12206700564,1049.07350085683,1e+09,1637.45922242357,2034.02940345021,1050.40787197165,2139.88021096976,581.297384219128,978.895885526137,876.962386365573,2527.59518989889,1064.03734976739,815.874835192262,1057.17259697743,539.864824099515,1839.78003706965,1520.1549872957,2722.33079338276
2335.10708585281,11428.2861205476,12933.6366048919,13191.7304977702,14797.1909477542,3966.90792829882,6984.08250003535,3708.8721728175,3886.75403675098,6309.82688722123,1553.80161256191,1371.1399873463,1586.0241617012,1239.6795812225,3428.10167260249,3253.88757700693,4650.43299833467,4675.23096067991,1361.42208811228,1749.79906409279,2923.52435750072,887.626117799606,2301.9943376125,4552.02368862465,6668.97926228595,6617.49545774684,3200.79447354872,1863.70823663469,3145.90788779646,3627.92756293452,2077.07540987322,3086.18457029064,4519.27877315618,1502.46399218084,1823.81509750852,1859.17895787361,1400.80842248325,1282.6846562971,1637.45922242357,1e+09,3129.98963416814,2151.47148551869,3240.08730302132,1601.73343056827,1843.24795613612,2112.26575084671,3608.06571355068,1640.23540871425,1505.81327195639,1749.02958159661,1225.52003557673,2478.02497826394,2780.88093590862,3891.30611706404
4272.99336383758,12887.0249871373,14395.6891383983,14429.5407754232,16290.8377975382,3422.66787123729,4493.87243400389,3243.692106335,4374.13393807277,7226.2054285427,2832.06721099624,3655.82667459769,3303.13304544337,2470.76135106165,2715.6512064144,5129.89206582361,6455.30795020656,1631.23771262805,3111.07732266493,2386.61531694993,464.519988267459,3171.3730982967,4423.00359531846,5611.08599782609,7876.72143021448,7732.87030163445,3573.2768294522,1884.9531872967,4623.02444158583,3809.9259720761,3152.39530460569,624.181855792044,2282.13079430168,3203.9708329821,1407.459446414,3897.64114451292,2476.08567846511,2129.07112753426,2034.02940345021,3129.98963416814,1e+09,1292.3224948905,717.03082416309,1947.71160390855,2568.40458277118,2291.56210729712,585.098048108178,2607.01459865494,1890.62701879562,1880.2042611642,2416.55165398963,3524.58295962799,1664.24173487508,1391.55121619723
3078.42770160353,11827.9926821968,13338.7354430021,13433.0062607668,15233.0551277772,2794.27057859471,5658.1261778702,2493.6222970811,3392.9427626472,6247.70053127549,1583.53451961111,2679.04923140655,2103.17266041093,1472.15415344318,2372.84965320182,3894.0159385909,5276.87149400097,2784.75564222429,1944.55536295576,1327.18223891823,1267.09788939134,2113.00065167998,3216.20034382188,4574.82042325161,6856.17005893232,6708.63341182837,2541.39259401219,992.030711268558,3435.33264911857,2884.35740703194,1948.46102945376,1477.83980921479,3344.06613458825,2048.86979015261,500.769849631545,2653.58226007788,1693.35385962297,1402.82220167062,1050.40787197165,2151.47148551869,1292.3224948905,1e+09,1663.4657823953,775.730486831606,1397.6371752354,1192.82857267924,1762.55229638726,1381.59819542441,777.172475451878,1277.90281504503,1317.83224812569,2498.61503815614,1564.62593539159,2245.91514294285
4526.86110796433,13012.4732352655,14525.343416257,14529.523175046,16403.6373748294,3491.73907750851,4343.99154335042,3499.00550089593,4600.25874072318,7353.60532532852,3114.54835415988,3582.61813888949,3441.47939187495,2809.94953411979,2556.19287079438,5393.82095032826,6638.89553124614,1548.43021040666,3195.3841355305,2437.6461944466,482.238884475319,3271.11908746839,4586.60413724577,5750.29063548965,7972.30557473809,7874.2110308462,3834.64833564957,2215.88922757885,4854.62532046501,4006.13204509038,3343.2701098625,317.315151072242,1963.73187535875,3332.57308228942,1697.93572437239,4078.84201473899,2421.79635661217,2209.59024040658,2139.88021096976,3240.08730302132,717.03082416309,1663.4657823953,1e+09,2146.42192716157,2739.82760585406,2501.75402531904,912.845283659833,2912.58338593078,2151.72669040471,1875.37824886075,2564.22020622255,3533.96728042295,1338.04508545116,943.822786703097
2494.7572439017,11325.3576314525,12839.5754160564,12963.2203455237,14730.2666150107,2673.72256313179,6253.7158256112,2390.03111023685,3028.85075591387,5804.9522094243,1069.86226459297,1987.76884901137,1432.08528674098,1176.72027071008,2384.6882143165,3310.84068755958,4683.2648935972,3408.62449200554,1194.22873772155,669.888480196518,1817.54361562522,1396.88355520423,2512.0198435522,4089.31233999067,6357.38639566607,6249.23947186376,2194.1730716377,902.431075429032,2868.97548610998,2596.25832668862,1393.58011018384,2000.06959051429,3831.05142446561,1307.2683891994,731.460225644567,2017.44608869729,1080.36178065498,1004.51955735068,581.297384219128,1601.73343056827,1947.71160390855,775.730486831606,2146.42192716157,1e+09,765.616105368742,758.151541579914,2408.59687600478,854.306222498701,495.188705646645,957.489476443475,681.558552290264,1931.8183719232,1683.63075040224,2734.66539252977
