1e+09,3564.94479699195,4305.17233803712,3743.87186622352,3257.01126878615,4437.81061604706,2935.8698255202,3963.26264527094,3729.75123153006,3909.62559582117,3903.99942885498,3561.39022082669,3672.37392989875,3496.75730072878,3639.21457717184,3903.46017247518,4574.82880932172,3628.14666974752,3452.40519590329,3348.04407818953,2930.16605295673,3837.73295765873,3262.9399377402,3617.10186664683,3681.10870047327,4024.67276160435,3776.30336281396,3774.36921278245,3857.75166133073,3331.54252528765,4067.68441291849,4487.02602026108,3658.74774503518,3843.73315747855,4199.70796563285,4149.51500914264,4043.10814846697,3893.80062010114,4007.90495335156,3657.4475534859,3865.26737005346,3441.89895220647,3190.66004381539,3565.7201870029,3574.41025041894,3990.04032042284,3276.80317222442,3739.6196267535,3461.99849183965,3377.41224867501,3874.33590890103,3895.0032203581,3698.19098338634,3982.01957560482
3564.94479699195,1e+09,983.265013818757,716.758048646823,667.170093604323,1722.10187094144,1791.97871761916,793.861005844223,920.564553684314,1076.09274056654,1096.4391699041,1253.51229200196,1213.96199075589,1208.28474781402,1219.08425168239,1078.45030117294,2013.70824853056,1065.63055436676,1466.1423484437,1056.77898025084,1720.3381303395,953.362323516092,1082.53798921793,1158.68287106525,765.547893145817,2126.66935314355,1315.76699973818,1906.8819751626,1142.14417675703,711.690876012894,1100.70890661428,1733.66632074918,1592.54122213524,1259.67424801018,1706.92303218394,769.308645148357,1498.17749702764,894.945993845439,1105.08559102904,1398.47222357114,1306.9348386205,1471.3151337494,1031.05769887044,1066.24889477082,1327.581874349,1156.65064777572,1659.67236329946,864.41364149347,1232.76551472695,1078.44232145257,1488.71792526321,898.626643606788,905.672184402282,1657.24645593225
4305.17233803712,983.265013818757,1e+09,736.025079124348,1427.31396048662,2294.54544228263,2540.77330090664,852.910100538152,1431.0791742947,1361.86098919824,1435.85939962797,1859.33740364679,1753.04474209873,2052.47879506708,1481.45257592,876.265197928116,1832.87754697361,1456.51452550258,2165.11625357624,1722.86368035895,2583.79160330318,1018.28265766436,1690.99275288216,1306.78414525889,1237.565348618,2431.37769945354,1962.0920041629,2450.49854360291,1509.57064104334,1186.89613395613,1249.40459495713,1741.94907121305,2130.56458911717,1749.86683073313,2143.14023376913,689.355381280222,1763.46862370727,1333.76132853671,1712.11939177734,2049.01449992429,1727.6711543578,2155.47223800262,1734.09494255649,1632.94696000819,1946.77939266369,1656.19614176582,2436.25991103166,1316.93769305917,1947.42408116466,1786.10980325959,2039.58762072141,1460.71505407455,1616.19674860458,2145.49063747666
3743.87186622352,716.758048646823,736.025079124348,1e+09,835.834195699123,2255.62792649852,2168.68589867228,471.053758609354,1177.74076196759,1179.34659265205,1195.09325016921,1507.45883953758,1358.28205277843,1885.10835224398,813.369194892453,506.343514029755,1528.19426327283,1159.58462110361,1835.53324273901,1448.70556863705,2169.22178114641,826.426271363634,1127.59987486697,644.809414478417,800.774817536116,1996.8270929402,1720.74610111428,2370.49086163605,1538.76473516909,701.054203824497,1054.90360204144,1869.23932598263,1782.06391049816,1629.32072318497,2101.43769165303,938.87865254249,1463.3567232565,991.791729749749,1557.63033656898,1704.67904275262,1672.07340427985,1938.71807741611,1462.7528478523,1489.05354064251,1692.6332076974,1645.68853210442,2019.48440296032,1186.52025128103,1688.96486186066,1548.65060133007,1930.05592641768,1248.43082095084,1359.499551563,1830.50967547293
3257.01126878615,667.170093604323,1427.31396048662,835.834195699123,1e+09,1833.92598691987,1525.19991129032,804.605767689992,866.20320612429,1037.58274614606,985.603229043005,1002.83215315425,846.614423335676,1350.73176930137,872.611184606295,1192.1967562026,1863.11865966717,1182.95350956832,1254.48179512498,975.697209025422,1417.89599474009,987.931451923664,671.604630046577,881.078215767477,851.327014548465,1885.97771879734,1171.30174839791,1944.14215678792,1373.97862716274,686.460812719852,1112.6814499667,1889.05715199408,1283.1316837332,1278.86127750433,1741.93728606974,1213.28260578482,1249.33710542831,724.782228189958,1210.26757103543,1087.14939759906,1386.30288111942,1400.30733490902,1001.03034849099,1143.58616063679,1184.68172312229,1347.8894790746,1353.73324015479,974.092171511505,1167.96585485193,1047.90909925432,1491.40170993599,889.237382592522,838.843136587526,1336.19475440521
4437.81061604706,1722.10187094144,2294.54544228263,2255.62792649852,1833.92598691987,1e+09,1926.73684199478,1958.3853005729,1429.80215309671,1611.01546584755,1556.02647901634,1478.0153738375,1546.84585389107,1064.01513772126,2424.5461938268,2617.20302441366,2877.41869294338,2088.11995390591,1413.11044210989,1556.28337053379,1679.54791875671,2075.86572614897,1958.57939083408,2464.12742689983,2012.34763621994,2669.32652807782,1038.58751017909,1614.28180324874,1541.49489191499,2094.36786685148,1771.98196604819,1829.30332722597,1623.70705322727,1278.59027510771,1121.93754875216,1736.33328885903,1786.19649935274,1480.00516546396,932.890272647325,1304.06931387868,1487.06242057958,1417.0531406761,1700.55230578186,1487.59589805162,1369.91487158874,1031.9425991304,1578.68122944437,1496.97736706338,1305.27353784561,1446.93846496663,1221.35818247556,1124.03089712872,1093.98073141166,1434.65572211594
2935.8698255202,1791.97871761916,2540.77330090664,2168.68589867228,1525.19991129032,1926.73684199478,1e+09,2051.66280577487,1309.26413542112,1455.75082521014,1459.63213930771,1051.11449794968,1263.80194009979,1306.99263555691,2287.16398754003,2608.58917625984,3032.19224618097,2061.38288816028,850.230084565349,838.762537730436,526.294500731292,1843.54728344569,1446.07729962821,2164.55841512767,2232.74705291486,2664.41643809672,1093.77462230571,1015.37781086648,1378.93998524229,1653.30469369684,1883.13114229997,1863.44013064547,1026.55323729459,1121.33393112846,1333.44571250576,2002.38619389467,1630.41699322597,1668.45770012308,1720.86462358316,1072.94529333979,1274.11781590244,658.535910030729,893.871739568939,1037.12831028759,813.280232084858,1378.85904464525,1004.95678329966,1314.63337794231,898.080836840426,871.581764552242,1151.7880265917,1474.09595664597,1291.16506659683,1357.25817002514
3963.26264527094,793.861005844223,852.910100538152,471.053758609354,804.605767689992,1958.3853005729,2051.66280577487,1e+09,909.721036856904,871.606277340864,852.764994532491,1247.83618820741,1040.4216634615,1782.59709317613,834.851619331244,851.669465403099,1401.00069564579,1206.47669625236,1614.54885113458,1313.51048884278,2037.40942122589,733.103279695297,1025.13366401655,703.439955717615,891.900150409226,1891.32710819678,1425.56187512153,2192.29704862275,1397.9970094031,810.528212093817,755.810742117363,1602.1466006268,1488.62881605859,1372.52721965723,1796.81955137404,824.804885472922,1090.33165963389,607.472172284459,1304.95911824854,1406.25110371512,1473.06219033685,1765.82956838988,1409.89324936323,1345.20290410034,1455.58190607743,1412.21879480483,1828.272605412,992.791395107754,1507.38925732539,1417.189386109,1690.19876943512,928.330827776391,1108.34772946039,1452.90660363975
3729.75123153006,920.564553684314,1431.0791742947,1177.74076196759,866.20320612429,1429.80215309671,1309.26413542112,909.721036856904,1e+09,331.914005429117,294.140914189101,449.539845508716,631.653965633083,1195.94881675597,1441.17204281793,1664.98993174133,1952.53519678904,1178.84844967451,766.810027973031,607.97224443226,1324.89758072086,1023.73192008455,799.899378547078,1279.67663282565,1291.32454146895,1927.41790707153,713.330451544023,1394.86609188839,869.351337607529,842.293244363268,646.325822012396,1068.37019819911,741.169594829685,564.151884690639,1008.82045890238,919.961858883291,710.479614978502,527.555955705175,826.49986243193,819.875586049493,940.91660411537,971.412411646053,864.779445350085,668.369219443864,618.345848858064,750.373022369541,1103.73149678715,450.072435614535,647.758950073251,764.222379546687,1039.66606220459,387.507968305169,604.567069149486,915.818032471516
3909.62559582117,1076.09274056654,1361.86098919824,1179.34659265205,1037.58274614606,1611.01546584755,1455.75082521014,871.606277340864,331.914005429117,1e+09,186.412945365927,651.024469970216,674.985857407398,1462.27623317211,1498.394720893,1656.25584442742,1915.65797617946,1362.10534757779,996.724753179132,751.529821763581,1557.63008785783,888.690992977874,981.03688707408,1285.62190258256,1463.35051228337,2062.16531071105,866.366118393374,1451.09545678429,855.212968914761,951.055206021186,637.909254361465,891.85606764769,811.467263849874,617.051305160276,1033.73696620562,860.044529777383,614.665653750069,612.803914967912,1087.47482067402,935.919715680784,907.923028841101,1109.9505123653,992.478785818619,751.214414864358,745.250828513461,850.853186337103,1363.74561682155,463.409652791135,908.032054390152,913.565102551537,1089.7297260789,592.103867999526,806.501785924867,929.502062289267
3903.99942885498,1096.4391699041,1435.85939962797,1195.09325016921,985.603229043005,1556.02647901634,1459.63213930771,852.764994532491,294.140914189101,186.412945365927,1e+09,552.051363461771,581.470228558608,1460.3575472808,1416.29220184254,1667.03659132006,1821.43504267926,1316.09390003145,927.476601645562,804.40771739212,1511.55907426736,979.319142976384,882.104154167749,1234.21915314907,1400.88190401618,1925.18447295318,818.58920570699,1526.69232018112,995.138758364883,959.509370824486,570.383194177388,997.145523983336,721.481705866476,675.640335533633,1062.23641073915,967.435574185692,478.545623216846,491.067802854148,998.995838529871,861.082664556662,1016.08411507119,1145.76125911989,1063.19684673159,849.33747291639,748.698573659654,908.974042038605,1259.57866677711,580.229046584192,886.033331991523,965.299221899614,1138.69009651441,514.3233363362,767.625781028751,818.902527044581
3561.39022082669,1253.51229200196,1859.33740364679,1507.45883953758,1002.83215315425,1478.0153738375,1051.11449794968,1247.83618820741,449.539845508716,651.024469970216,552.051363461771,1e+09,613.868523056851,1246.9223833102,1582.06785230596,1985.79997550106,2088.62454538866,1327.98975380083,408.624213306064,664.605343568648,1031.71716565152,1360.65612036988,739.701750640081,1449.82353122716,1515.75691319552,1846.71172883046,660.277717479547,1354.6064463895,1145.70107039315,1059.18141411186,900.308555385319,1261.56596779558,374.246313809502,676.648373455519,1017.15862361777,1367.48517801839,685.253435015104,767.790168665893,936.022410682565,686.835245382763,1132.63235879962,888.01900058501,960.700894659727,843.095268993961,504.012295782553,970.332872472122,721.300356508993,798.034003160267,513.830057801215,838.685111051818,1102.31081306499,645.326219520019,756.854716970173,750.218079427576
3672.37392989875,1213.96199075589,1753.04474209873,1358.28205277843,846.614423335676,1546.84585389107,1263.80194009979,1040.4216634615,631.653965633083,674.985857407398,581.470228558608,613.868523056851,1e+09,1408.76152957128,1377.79818569339,1765.56904217875,2038.01868833433,1628.10546666977,925.736683350077,795.87257340607,1249.10362416414,1033.87028872098,922.934541720051,1317.45860993809,1507.09658187523,2092.23814633994,634.313599885735,1538.1696139893,1178.06887841925,1174.42651979594,1055.35046486937,1477.2604568931,679.720392073094,830.830594585924,1174.86604172561,1305.46614559704,735.299961784305,585.662813144219,1175.86508005808,435.941180321382,1015.04957149885,1057.98904654065,996.534323844392,941.159865378884,707.080849620466,1060.5704616856,1167.92563971342,792.997283854113,968.281677147719,881.158197771546,1023.38642252084,649.854572654529,626.729513745763,526.178633070557
3496.75730072878,1208.28474781402,2052.47879506708,1885.10835224398,1350.73176930137,1064.01513772126,1306.99263555691,1782.59709317613,1195.94881675597,1462.27623317211,1460.3575472808,1246.9223833102,1408.76152957128,1e+09,2159.33827245756,2266.77903332019,2911.47834778142,1709.92272720144,1109.68010872503,980.712763606144,1085.02917946938,1751.92119420367,1562.4594644022,2147.97078343724,1689.25169891878,2606.33605941367,964.96317909027,1245.96277560768,1140.03568009953,1563.5091136287,1712.51631574709,1861.24164403766,1502.20343968452,1076.08897276201,1246.9873146107,1511.04525971263,1826.91295090927,1424.75847872543,1013.00501425215,1199.06415587324,1186.20441821804,900.519509949674,968.032770209769,968.959840137867,1053.29515156009,866.853199913342,1267.29108238794,1140.88304580268,850.439126745707,825.001168180991,1028.8903532447,1071.43772436852,854.609927510791,1578.78035353244
3639.21457717184,1219.08425168239,1481.45257592,813.369194892453,872.611184606295,2424.5461938268,2287.16398754003,834.851619331244,1441.17204281793,1498.394720893,1416.29220184254,1582.06785230596,1377.79818569339,2159.33827245756,1e+09,900.574341517678,1194.16544318616,1323.98211192599,1908.72071115708,1758.45852785899,2181.45543979243,1340.45069189433,1013.39354754212,423.773607012047,839.307866637743,1585.0580396629,1867.21469325303,2731.35591615227,2072.25250782814,1051.26475547314,1271.4672366994,2309.2358193567,1799.52025459565,1960.17577732202,2397.22678436981,1611.82895829551,1472.3567151679,1082.65710518151,1705.13204556128,1734.17099312611,2099.46529294961,2207.02011669581,1824.34442458106,1904.93672448719,1904.97835468018,2049.98435386712,1938.30116354503,1632.82099113773,1895.80090109695,1872.92892534661,2243.69529836384,1458.94325033567,1562.7751908384,1792.98668065326
3903.46017247518,1078.45030117294,876.265197928116,506.343514029755,1192.1967562026,2617.20302441366,2608.58917625984,851.669465403099,1664.98993174133,1656.25584442742,1667.03659132006,1985.79997550106,1765.56904217875,2266.77903332019,900.574341517678,1e+09,1596.84168636092,1521.51495257194,2313.00761498963,1910.31759040218,2587.38710474486,1136.27942408547,1550.77961051853,870.389200415539,992.153749173987,2241.99994194915,2151.01315279568,2823.58545231059,1965.51104815007,1161.80407423111,1505.13563913689,2326.44513118191,2250.47066772709,2100.21628619531,2559.92797681888,1306.74030212587,1901.03334760335,1403.46831528182,1963.94228173844,2109.83345385365,2078.04299895358,2390.49930824085,1884.4209683879,1944.53688365636,2162.83783409668,2081.16344257245,2465.40917143585,1647.65995220494,2168.74041023816,1982.3039505081,2340.87619559429,1685.30780194598,1764.28163049441,2237.43033558589
4574.82880932172,2013.70824853056,1832.87754697361,1528.19426327283,1863.11865966717,2877.41869294338,3032.19224618097,1401.00069564579,1952.53519678904,1915.65797617946,1821.43504267926,2088.62454538866,2038.01868833433,2911.47834778142,1194.16544318616,1596.84168636092,1e+09,1614.51072501857,2432.9201753654,2474.88192395112,2960.40177845846,2046.94030022861,1653.13184528639,1154.92567219713,1529.19163190883,1293.18876781389,2486.92063749529,3332.05144050929,2670.02869398439,1722.12002653706,1406.77147486719,2416.43854159381,2235.86082594602,2480.20743751405,2813.72083075063,2072.77520225904,1662.86544073777,1630.22166084861,2104.86121278815,2415.03910620511,2755.24536395581,2896.77181441687,2645.00278597207,2569.30346712879,2507.41036029207,2595.96551175088,2475.7515787938,2241.11424260344,2470.25253156433,2641.41175887062,2906.57177791982,1994.92749116353,2281.96985725053,2258.03697150866
3628.14666974752,1065.63055436676,1456.51452550258,1159.58462110361,1182.95350956832,2088.11995390591,2061.38288816028,1206.47669625236,1178.84844967451,1362.10534757779,1316.09390003145,1327.98975380083,1628.10546666977,1709.92272720144,1323.98211192599,1521.51495257194,1614.51072501857,1e+09,1492.37643331031,1522.72526225186,1956.66572053072,1701.42649635534,921.880679101151,1178.98323223869,835.28588309632,1302.147463385,1762.5362867754,2329.76859125536,1766.35653414026,775.875421185644,940.376179993943,1823.52510849179,1657.78390358937,1654.88798487994,2044.78288333994,1403.46395439997,1481.15707857067,1230.05797168264,1168.80732616629,1848.35969288989,1997.56258580301,1908.81298743486,1642.55083269895,1611.21367378756,1671.13227169485,1686.23068451502,1535.53654085469,1436.02501078498,1382.80456562017,1672.67466648479,2116.7004753153,1292.56672028952,1515.88435271296,1945.92478289887
3452.40519590329,1466.1423484437,2165.11625357624,1835.53324273901,1254.48179512498,1413.11044210989,850.230084565349,1614.54885113458,766.810027973031,996.724753179132,927.476601645562,408.624213306064,925.736683350077,1109.68010872503,1908.72071115708,2313.00761498963,2432.9201753654,1492.37643331031,1e+09,746.388114455208,766.437146933785,1687.00383490969,993.309171507039,1799.13042339904,1749.99657913951,2007.38382675063,711.861411160909,1194.73838286882,1252.85029440871,1319.38382970991,1236.54334562117,1421.88264459483,528.588274841582,770.70094952582,983.575970273776,1630.79707358089,1047.31717024978,1120.3761645983,999.347053430389,806.391210641584,1240.75288720196,753.446505533074,1012.91068308119,922.983211710809,529.349662321608,1024.0079444516,456.717905276332,1025.18611417635,353.01615458786,865.992103774624,1107.32870977863,891.762778153473,910.746905292574,943.298195800246
3348.04407818953,1056.77898025084,1722.86368035895,1448.70556863705,975.697209025422,1556.28337053379,838.762537730436,1313.51048884278,607.97224443226,751.529821763581,804.40771739212,664.605343568648,795.87257340607,980.712763606144,1758.45852785899,1910.31759040218,2474.88192395112,1522.72526225186,746.388114455208,1e+09,975.34722381314,1112.63645284522,1052.74660075443,1603.12015669444,1614.32613576068,2363.9817386562,692.679500274117,994.780613150458,672.262639003537,1036.36807037847,1223.80126842556,1306.81371243188,858.109778466602,520.575502689091,989.426123821279,1164.44882875977,1170.72406599506,1009.46183900136,1184.49407107001,788.731631164872,680.939793006695,511.951137609831,318.411429286073,295.979559260433,408.059435131697,732.751621697284,1105.5127379637,489.677481512066,548.534565911757,256.14355311036,768.892449501229,799.67427825334,671.195016295562,1091.60373240476
2930.16605295673,1720.3381303395,2583.79160330318,2169.22178114641,1417.89599474009,1679.54791875671,526.294500731292,2037.40942122589,1324.89758072086,1557.63008785783,1511.55907426736,1031.71716565152,1249.10362416414,1085.02917946938,2181.45543979243,2587.38710474486,2960.40177845846,1956.66572053072,766.437146933785,975.34722381314,1e+09,1966.11398998125,1366.73986105623,2145.36621419281,2054.14700194509,2476.28547706035,1012.40098483753,1266.35785665032,1553.07181733492,1675.44148978709,1879.9800716497,2062.36612283076,1082.40642001976,1231.67922382413,1415.23602303644,2064.13995707655,1671.7464760244,1587.89215483924,1499.39450752629,990.506267521816,1447.59767052175,805.241082471579,1043.34248082784,1192.89166662359,911.777511457702,1398.50739422429,729.845562841893,1420.27066304279,849.848459785626,960.160313905964,1235.97786756074,1379.51300932612,1172.05956090124,1322.77909002222
3837.73295765873,953.362323516092,1018.28265766436,826.426271363634,987.931451923664,2075.86572614897,1843.54728344569,733.103279695297,1023.73192008455,888.690992977874,979.319142976384,1360.65612036988,1033.87028872098,1751.92119420367,1340.45069189433,1136.27942408547,2046.94030022861,1701.42649635534,1687.00383490969,1112.63645284522,1966.11398998125,1e+09,1351.62433442137,1166.14015521291,1449.59173880096,2518.8388267017,1368.75148230057,1879.32623753834,1059.29876607122,1049.03472921539,1214.74327732241,1548.51693603913,1528.81488732286,1229.81917768426,1668.47637618877,788.85050713047,1319.83292802536,967.477145673219,1645.20942733744,1337.00739676338,1063.53347906871,1535.99755934051,1106.52432774883,1082.76569409083,1328.0518677371,1290.78522245182,1995.74699107878,801.734878934427,1534.83280939652,1167.20475427407,1390.5465097939,1111.30589159781,1107.29540155281,1472.71914790295
3262.9399377402,1082.53798921793,1690.99275288216,1127.59987486697,671.604630046577,1958.57939083408,1446.07729962821,1025.13366401655,799.899378547078,981.03688707408,882.104154167749,739.701750640081,922.934541720051,1562.4594644022,1013.39354754212,1550.77961051853,1653.13184528639,921.880679101151,993.309171507039,1052.74660075443,1366.73986105623,1351.62433442137,1e+09,885.263766117195,1053.86734544723,1397.74946328017,1255.65085358152,1971.35860657061,1554.85038431355,644.435039317385,877.321773923342,1729.82024141239,992.999908308153,1288.00493019243,1718.19702953416,1458.65041219615,951.605946334931,819.458597245767,1178.79676526533,1182.2368945351,1612.94278364113,1449.84573044859,1214.93397734198,1270.38120062444,1145.88949266498,1487.19387300379,1021.77389798331,1127.00260518776,1034.41178753918,1236.99585019514,1683.05062345136,981.414933195945,1102.138182126,1276.33307110644
3617.10186664683,1158.68287106525,1306.78414525889,644.809414478417,881.078215767477,2464.12742689983,2164.55841512767,703.439955717615,1279.67663282565,1285.62190258256,1234.21915314907,1449.82353122716,1317.45860993809,2147.97078343724,423.773607012047,870.389200415539,1154.92567219713,1178.98323223869,1799.13042339904,1603.12015669444,2145.36621419281,1166.14015521291,885.263766117195,1e+09,938.182567520843,1583.95241655171,1819.66785307099,2572.08148232127,1888.46167522669,797.950487875031,1058.56738793522,2042.11579245644,1660.09717664358,1803.37390216228,2265.63565382874,1434.07536824255,1297.3471609789,1034.31354810812,1695.10840803767,1712.49372349215,1958.05103311941,2085.96615885781,1683.32805647028,1737.22115710695,1771.35938047591,1936.97292730177,1889.77127129185,1456.18203844849,1772.59979414418,1757.85467482383,2155.07445469988,1399.12911880927,1544.27562361775,1748.30165606511
3681.10870047327,765.547893145817,1237.565348618,800.774817536116,851.327014548465,2012.34763621994,2232.74705291486,891.900150409226,1291.32454146895,1463.35051228337,1400.88190401618,1515.75691319552,1507.09658187523,1689.25169891878,839.307866637743,992.153749173987,1529.19163190883,835.28588309632,1749.99657913951,1614.32613576068,2054.14700194509,1449.59173880096,1053.86734544723,938.182567520843,1e+09,1591.60351636329,1732.47249845416,2518.6959643236,1830.95851034369,902.771262889996,1155.71857482693,2154.56510971472,1849.89077366746,1784.24266426963,2196.19676839303,1316.24692128795,1620.44004341413,1049.29023487308,1233.49714251797,1748.99721949465,1966.0824235774,2025.38458054267,1661.08170608793,1700.36487493126,1795.44116077359,1732.56990222617,1786.90853162662,1462.02475769051,1627.11124942335,1685.23571645037,2083.39837993121,1230.86043575216,1353.37619806911,1905.86216012596
4024.67276160435,2126.66935314355,2431.37769945354,1996.8270929402,1885.97771879734,2669.32652807782,2664.41643809672,1891.32710819678,1927.41790707153,2062.16531071105,1925.18447295318,1846.71172883046,2092.23814633994,2606.33605941367,1585.0580396629,2241.99994194915,1293.18876781389,1302.147463385,2007.38382675063,2363.9817386562,2476.28547706035,2518.8388267017,1397.74946328017,1583.95241655171,1591.60351636329,1e+09,2362.81907513038,3140.87045196073,2757.57603552468,1743.94192173937,1547.97414561743,2536.67716694498,2006.13188773819,2425.23243556159,2709.39442791189,2427.13595583354,1739.14516674141,1787.19644149713,1835.49592102516,2323.32110959721,2862.75420191815,2678.44720743195,2564.59853068663,2532.18322453175,2343.13722003215,2567.64171328478,1842.82990682808,2339.76263770495,2125.24895640487,2539.95082572478,2884.41285945684,1989.08415699286,2247.2173944681,2226.3822053502
3776.30336281396,1315.76699973818,1962.0920041629,1720.74610111428,1171.30174839791,1038.58751017909,1093.77462230571,1425.56187512153,713.330451544023,866.366118393374,818.58920570699,660.277717479547,634.313599885735,964.96317909027,1867.21469325303,2151.01315279568,2486.92063749529,1762.5362867754,711.861411160909,692.679500274117,1012.40098483753,1368.75148230057,1255.65085358152,1819.66785307099,1732.47249845416,2362.81907513038,1e+09,1092.96425742107,972.493426867246,1450.7492859209,1287.49319870048,1387.76648882296,750.442204303569,531.459151675837,702.700435605387,1364.66069317615,1072.84249459089,901.060535757726,952.775347235643,353.532907237785,795.786761890395,658.622142051116,906.340362998361,742.189584001285,438.087907502593,650.674796192384,1029.04098173979,780.408959328377,668.968890382804,651.63698429417,581.521465124031,598.891804084845,444.684556511692,637.118689648954
3774.36921278245,1906.8819751626,2450.49854360291,2370.49086163605,1944.14215678792,1614.28180324874,1015.37781086648,2192.29704862275,1394.86609188839,1451.09545678429,1526.69232018112,1354.6064463895,1538.1696139893,1245.96277560768,2731.35591615227,2823.58545231059,3332.05144050929,2329.76859125536,1194.73838286882,994.780613150458,1266.35785665032,1879.32623753834,1971.35860657061,2572.08148232127,2518.6959643236,3140.87045196073,1092.96425742107,1e+09,958.614860984327,1978.03018515896,1971.12785001379,1434.61225162063,1347.90342955273,873.764251900935,789.624877647608,1787.41838848659,1808.97614218651,1825.88537184019,1714.9343559157,1301.98398519337,885.182074151979,586.243552459215,1058.71431047285,882.447314687965,888.323796540428,967.157503719017,1563.6284041613,1211.99656979713,1050.47798182542,915.09489338538,741.288591170807,1486.15445381696,1342.70300930623,1518.44052122564
3857.75166133073,1142.14417675703,1509.57064104334,1538.76473516909,1373.97862716274,1541.49489191499,1378.93998524229,1397.9970094031,869.351337607529,855.212968914761,995.138758364883,1145.70107039315,1178.06887841925,1140.03568009953,2072.25250782814,1965.51104815007,2670.02869398439,1766.35653414026,1252.85029440871,672.262639003537,1553.07181733492,1059.29876607122,1554.85038431355,1888.46167522669,1830.95851034369,2757.57603552468,972.493426867246,958.614860984327,1e+09,1325.16581464359,1354.80456369175,1055.7605116692,1312.6034800731,578.532596661588,910.339867027694,857.021826443178,1435.43679146802,1230.79335007953,1342.2519077282,1184.12987210019,407.317586288636,829.623465736114,702.934669866269,383.081943322835,826.489466720539,520.915726293611,1668.61201332125,468.471643645589,980.177190818068,633.909247921183,722.022940009526,968.367984755795,906.78099257759,1405.20447935523
3331.54252528765,711.690876012894,1186.89613395613,701.054203824497,686.460812719852,2094.36786685148,1653.30469369684,810.528212093817,842.293244363268,951.055206021186,959.509370824486,1059.18141411186,1174.42651979594,1563.5091136287,1051.26475547314,1161.80407423111,1722.12002653706,775.875421185644,1319.38382970991,1036.36807037847,1675.44148978709,1049.03472921539,644.435039317385,797.950487875031,902.771262889996,1743.94192173937,1450.7492859209,1978.03018515896,1325.16581464359,1e+09,863.438230158938,1621.03708424576,1361.60495416255,1307.02644215792,1803.85186952809,1058.00039002828,1227.16255100944,935.555899291966,1304.42787723201,1462.80115377997,1502.1246477573,1527.12588394016,1097.3745352431,1151.87999045039,1294.65727430081,1415.91801471695,1482.26289318056,958.053834813055,1186.54325867201,1205.03052048485,1707.70835132935,1063.74694659961,1179.37140197649,1621.10999136394
4067.68441291849,1100.70890661428,1249.40459495713,1054.90360204144,1112.6814499667,1771.98196604819,1883.13114229997,755.810742117363,646.325822012396,637.909254361465,570.383194177388,900.308555385319,1055.35046486937,1712.51631574709,1271.4672366994,1505.13563913689,1406.77147486719,940.376179993943,1236.54334562117,1223.80126842556,1879.9800716497,1214.74327732241,877.321773923342,1058.56738793522,1155.71857482693,1547.97414561743,1287.49319870048,1971.12785001379,1354.80456369175,863.438230158938,1e+09,1144.15419703814,1128.94725983989,1132.76353931436,1480.51248089977,995.36390571489,684.919211221294,644.627782987981,996.195802641228,1355.0830636533,1493.89311689291,1602.4939869778,1449.67040692014,1259.00106334347,1232.66013215322,1258.34015301905,1467.56985257943,960.787178671739,1182.31538372805,1395.45663056936,1638.42470473928,789.421609344462,1139.29899705916,1283.06814542331
4487.02602026108,1733.66632074918,1741.94907121305,1869.23932598263,1889.05715199408,1829.30332722597,1863.44013064547,1602.1466006268,1068.37019819911,891.85606764769,997.145523983336,1261.56596779558,1477.2604568931,1861.24164403766,2309.2358193567,2326.44513118191,2416.43854159381,1823.52510849179,1421.88264459483,1306.81371243188,2062.36612283076,1548.51693603913,1729.82024141239,2042.11579245644,2154.56510971472,2536.67716694498,1387.76648882296,1434.61225162063,1055.7605116692,1621.03708424576,1144.15419703814,1e+09,1297.2638836798,933.998841755171,1002.74391710945,1219.04108577193,1167.21409737032,1418.5124116482,1503.90555501335,1584.09766422402,1220.21186615276,1437.90647717437,1533.84560686531,1159.21301144354,1205.88372764541,1088.14899361255,1839.59931457913,1049.77636613709,1310.66192399108,1431.28701097998,1389.96073293457,1253.07827468997,1479.86637183903,1481.88998437806
3658.74774503518,1592.54122213524,2130.56458911717,1782.06391049816,1283.1316837332,1623.70705322727,1026.55323729459,1488.62881605859,741.169594829685,811.467263849874,721.481705866476,374.246313809502,679.720392073094,1502.20343968452,1799.52025459565,2250.47066772709,2235.86082594602,1657.78390358937,528.588274841582,858.109778466602,1082.40642001976,1528.81488732286,992.999908308153,1660.09717664358,1849.89077366746,2006.13188773819,750.442204303569,1347.90342955273,1312.6034800731,1361.60495416255,1128.94725983989,1297.2638836798,1e+09,791.36996866194,1006.9527043511,1625.47207287606,670.955841169894,1003.38598689637,1231.07262600547,696.399605470882,1220.44596390008,955.582666021104,1154.1570282245,1025.83551654249,577.52561614183,1157.65544286718,813.381014592792,1018.97326294658,755.363401483021,1020.14968886924,1148.91857405127,916.282941672494,994.933935394707,602.631223137335
3843.73315747855,1259.67424801018,1749.86683073313,1629.32072318497,1278.86127750433,1278.59027510771,1121.33393112846,1372.52721965723,564.151884690639,617.051305160276,675.640335533633,676.648373455519,830.830594585924,1076.08897276201,1960.17577732202,2100.21628619531,2480.20743751405,1654.88798487994,770.70094952582,520.575502689091,1231.67922382413,1229.81917768426,1288.00493019243,1803.37390216228,1784.24266426963,2425.23243556159,531.459151675837,873.764251900935,578.532596661588,1307.02644215792,1132.76353931436,933.998841755171,791.36996866194,1e+09,520.172854828085,1102.56085564471,1026.70802154264,982.569087341954,1048.84905587029,772.606776439348,563.061329430463,590.931043946754,773.98669361947,417.535897019645,357.91017783796,424.415928188375,1211.17905249389,484.239479699869,600.071519237499,569.987318806305,584.309658058123,669.954323592288,678.666860764543,918.007726329142
4199.70796563285,1706.92303218394,2143.14023376913,2101.43769165303,1741.93728606974,1121.93754875216,1333.44571250576,1796.81955137404,1008.82045890238,1033.73696620562,1062.23641073915,1017.15862361777,1174.86604172561,1246.9873146107,2397.22678436981,2559.92797681888,2813.72083075063,2044.78288333994,983.575970273776,989.426123821279,1415.23602303644,1668.47637618877,1718.19702953416,2265.63565382874,2196.19676839303,2709.39442791189,702.700435605387,789.624877647608,910.339867027694,1803.85186952809,1480.51248089977,1002.74391710945,1006.9527043511,520.172854828085,1e+09,1472.1590540767,1289.12329565484,1348.95794741719,1224.93845514785,983.143377895615,820.745827768865,784.495010691592,1211.47149425812,867.737732958525,696.470768015428,617.536695913692,1391.38962699166,972.426155345484,894.236310322948,969.521067383272,638.338473852234,999.235457737564,1009.30292826287,1021.45787152481
4149.51500914264,769.308645148357,689.355381280222,938.87865254249,1213.28260578482,1736.33328885903,2002.38619389467,824.804885472922,919.961858883291,860.044529777383,967.435574185692,1367.48517801839,1305.46614559704,1511.04525971263,1611.82895829551,1306.74030212587,2072.77520225904,1403.46395439997,1630.79707358089,1164.44882875977,2064.13995707655,788.85050713047,1458.65041219615,1434.07536824255,1316.24692128795,2427.13595583354,1364.66069317615,1787.41838848659,857.021826443178,1058.00039002828,995.36390571489,1219.04108577193,1625.47207287606,1102.56085564471,1472.1590540767,1e+09,1393.0047353473,986.645347934099,1266.74326838551,1515.44651617931,1087.7967412619,1531.16166576231,1213.13666761004,1014.95247854272,1346.61229513175,981.368532051033,1968.9777452272,710.359060264596,1384.97336313736,1202.51610700231,1384.40992661133,941.565560383344,1075.68920841477,1640.83975207819
4043.10814846697,1498.17749702764,1763.46862370727,1463.3567232565,1249.33710542831,1786.19649935274,1630.41699322597,1090.33165963389,710.479614978502,614.665653750069,478.545623216846,685.253435015104,735.299961784305,1826.91295090927,1472.3567151679,1901.03334760335,1662.86544073777,1481.15707857067,1047.31717024978,1170.72406599506,1671.7464760244,1319.83292802536,951.605946334931,1297.3471609789,1620.44004341413,1739.14516674141,1072.84249459089,1808.97614218651,1435.43679146802,1227.16255100944,684.919211221294,1167.21409737032,670.955841169894,1026.70802154264,1289.12329565484,1393.0047353473,1e+09,729.345645424719,1233.96737732405,1023.65917350454,1407.66819179805,1444.71177326137,1451.09224165799,1266.17178123665,1015.29802821635,1314.49684411945,1290.26181548552,1046.42179325547,1153.6348397565,1350.56402917448,1469.00019176309,869.05625007821,1129.52248839941,772.548423660291
3893.80062010114,894.945993845439,1333.76132853671,991.791729749749,724.782228189958,1480.00516546396,1668.45770012308,607.472172284459,527.555955705175,612.803914967912,491.067802854148,767.790168665893,585.662813144219,1424.75847872543,1082.65710518151,1403.46831528182,1630.22166084861,1230.05797168264,1120.3761645983,1009.46183900136,1587.89215483924,967.477145673219,819.458597245767,1034.31354810812,1049.29023487308,1787.19644149713,901.060535757726,1825.88537184019,1230.79335007953,935.555899291966,644.627782987981,1418.5124116482,1003.38598689637,982.569087341954,1348.95794741719,986.645347934099,729.345645424719,1e+09,874.86802033221,888.505903525689,1224.12641728704,1365.30011964403,1197.7087967866,1082.3142223495,1011.55471547514,1065.17800310558,1332.03621609925,788.022674610319,1072.23925492401,1103.83205126505,1303.8717286988,429.555688473567,665.071952423195,918.608149648151
4007.90495335156,1105.08559102904,1712.11939177734,1557.63033656898,1210.26757103543,932.890272647325,1720.86462358316,1304.95911824854,826.49986243193,1087.47482067402,998.995838529871,936.022410682565,1175.86508005808,1013.00501425215,1705.13204556128,1963.94228173844,2104.86121278815,1168.80732616629,999.347053430389,1184.49407107001,1499.39450752629,1645.20942733744,1178.79676526533,1695.10840803767,1233.49714251797,1835.49592102516,952.775347235643,1714.9343559157,1342.2519077282,1304.42787723201,996.195802641228,1503.90555501335,1231.07262600547,1048.84905587029,1224.93845514785,1266.74326838551,1233.96737732405,874.86802033221,1e+09,1164.61741177092,1436.35520965394,1330.3080340658,1378.18990618129,1200.32944748515,1112.96768371773,938.986936703594,1137.16514192091,1085.39732453144,875.58473981677,1210.44867615277,1359.33281491326,604.184913830195,810.966573108905,1273.85935424599
3657.4475534859,1398.47222357114,2049.01449992429,1704.67904275262,1087.14939759906,1304.06931387868,1072.94529333979,1406.25110371512,819.875586049493,935.919715680784,861.082664556662,686.835245382763,435.941180321382,1199.06415587324,1734.17099312611,2109.83345385365,2415.03910620511,1848.35969288989,806.391210641584,788.731631164872,990.506267521816,1337.00739676338,1182.2368945351,1712.49372349215,1748.99721949465,2323.32110959721,353.532907237785,1301.98398519337,1184.12987210019,1462.80115377997,1355.0830636533,1584.09766422402,696.399605470882,772.606776439348,983.143377895615,1515.44651617931,1023.65917350454,888.505903525689,1164.61741177092,1e+09,951.068732584559,826.069202730619,978.256371356711,921.324344354365,576.431028137799,963.609887921456,1042.02137617229,922.37357784143,865.223997933483,781.613038529937,782.082325398037,747.263760863592,574.366112248973,470.6032037715
3865.26737005346,1306.9348386205,1727.6711543578,1672.07340427985,1386.30288111942,1487.06242057958,1274.11781590244,1473.06219033685,940.91660411537,907.923028841101,1016.08411507119,1132.63235879962,1015.04957149885,1186.20441821804,2099.46529294961,2078.04299895358,2755.24536395581,1997.56258580301,1240.75288720196,680.939793006695,1447.59767052175,1063.53347906871,1612.94278364113,1958.05103311941,1966.0824235774,2862.75420191815,795.786761890395,885.182074151979,407.317586288636,1502.1246477573,1493.89311689291,1220.21186615276,1220.44596390008,563.061329430463,820.745827768865,1087.7967412619,1407.66819179805,1224.12641728704,1436.35520965394,951.068732584559,1e+09,725.165055694219,718.131745851692,474.703860317146,730.396323306737,587.600754934845,1648.5262117722,583.0180163597,1041.09686038332,580.602735181294,425.22153143979,978.953961225961,822.015519561523,1187.60724732548
3441.89895220647,1471.3151337494,2155.47223800262,1938.71807741611,1400.30733490902,1417.0531406761,658.535910030729,1765.82956838988,971.412411646053,1109.9505123653,1145.76125911989,888.01900058501,1057.98904654065,900.519509949674,2207.02011669581,2390.49930824085,2896.77181441687,1908.81298743486,753.446505533074,511.951137609831,805.241082471579,1535.99755934051,1449.84573044859,2085.96615885781,2025.38458054267,2678.44720743195,658.622142051116,586.243552459215,829.623465736114,1527.12588394016,1602.4939869778,1437.90647717437,955.582666021104,590.931043946754,784.495010691592,1531.16166576231,1444.71177326137,1365.30011964403,1330.3080340658,826.069202730619,725.165055694219,1e+09,622.588270689386,544.080740148004,430.433880520574,755.887839298927,1107.01669404757,866.310671872395,605.5338589212,430.663398607311,562.174907301989,1057.16895593845,864.796071221418,1142.83118083994
3190.66004381539,1031.05769887044,1734.09494255649,1462.7528478523,1001.03034849099,1700.55230578186,893.871739568939,1409.89324936323,864.779445350085,992.478785818619,1063.19684673159,960.700894659727,996.534323844392,968.032770209769,1824.34442458106,1884.4209683879,2645.00278597207,1642.55083269895,1012.91068308119,318.411429286073,1043.34248082784,1106.52432774883,1214.93397734198,1683.32805647028,1661.08170608793,2564.59853068663,906.340362998361,1058.71431047285,702.934669866269,1097.3745352431,1449.67040692014,1533.84560686531,1154.1570282245,773.98669361947,1211.47149425812,1213.13666761004,1451.09224165799,1197.7087967866,1378.18990618129,978.256371356711,718.131745851692,622.588270689386,1e+09,409.59628904569,690.996263303934,874.975092788361,1317.59188700447,636.076782157626,790.600547368898,278.825853715182,850.708457110895,1011.12827484944,803.679781505047,1340.69444263039
3565.7201870029,1066.24889477082,1632.94696000819,1489.05354064251,1143.58616063679,1487.59589805162,1037.12831028759,1345.20290410034,668.369219443864,751.214414864358,849.33747291639,843.095268993961,941.159865378884,968.959840137867,1904.93672448719,1944.53688365636,2569.30346712879,1611.21367378756,922.983211710809,295.979559260433,1192.89166662359,1082.76569409083,1270.38120062444,1737.22115710695,1700.36487493126,2532.18322453175,742.189584001285,882.447314687965,383.081943322835,1151.87999045039,1259.00106334347,1159.21301144354,1025.83551654249,417.535897019645,867.737732958525,1014.95247854272,1266.17178123665,1082.3142223495,1200.32944748515,921.324344354365,474.703860317146,544.080740148004,409.59628904569,1e+09,513.659156737228,534.780013276487,1321.50429416631,379.036346278296,665.862184915167,304.581615170713,648.783417636425,817.931930175122,709.97309723679,1195.15338149545
