1e+09,892.364445448159,692.913557018478,1756.81409893022,2118.81242289165,1732.49954825391,482.960621893753,2125.63011775332,1076.43720104798,1678.76771826837,1789.3058857557,989.738840957553,1235.72092156765,1258.56327937851,1310.15588793853,922.990709649886,874.963316888199,1696.28819971725,960.91894902744,1502.67221142869,1585.14915370763,1532.0208192776,1367.44230777755,1029.92044076229,1400.80024179038,1208.04429893941,991.246336386672,1399.65625176327,1105.99602282287,1066.74159457668,653.133097385211,916.891813410939,1466.29490550162,1753.75056704196,1213.76361100504,693.770326260788,2013.28593418819,1498.03514077608,1474.71437743042,1278.40337257065,1145.27640410514,1063.39849868241,830.349236767277,1310.41595690071,473.882979120373,1138.90216208417,1200.12203458648,754.201329155551,839.064152434127,778.272899181258,1322.97461940885,627.55315599557,685.358600150315,1098.18206942201
892.364445448159,1e+09,294.777894354377,1530.50392978914,1491.45078299621,1413.03766616464,565.585313988968,1655.18914822446,443.828144781288,942.166243610967,1174.43610737238,706.333851234669,1404.87217927468,960.382541022066,588.366244782958,668.934788002538,803.263755811253,937.391777540213,828.071907082954,1081.6109655047,798.099574739894,894.521428474466,1101.92038596262,573.891107615373,916.839696620952,1047.5434902189,937.714832718349,675.701371465235,1102.2590084912,304.948737167413,682.621220736654,821.621370705509,805.938151473176,1186.53775249673,720.91687655374,885.736591826261,1677.19586438197,1034.26220055651,827.697484531637,1004.23542802472,745.438815128378,556.187804163306,493.115385584348,581.928284584965,555.893846341188,560.792728822334,770.950060250338,495.058260813816,356.303403856882,825.118700369832,837.738419138098,746.226469846789,884.734340861708,570.141038954398
692.913557018478,294.777894354377,1e+09,1544.46369497635,1702.95955674232,1535.62187422555,468.945257999268,1667.04021097273,472.770877592941,1113.74635101535,1249.42738352415,575.734080109907,1317.99741164389,1057.87129571607,854.840085279112,619.701946261265,707.696882429194,1137.65486866624,796.835542317234,981.523991403165,1016.24781357698,1000.74443001198,985.769611826212,580.480744555752,1122.723008894,1104.58672439062,796.745658852309,776.569327619885,854.309448033908,527.072844965475,487.415371321012,838.679108717989,869.386330810417,1262.36283702428,766.401321697712,849.347407542991,1662.6613818514,1033.76884094076,883.849263788798,1031.17949809914,816.665840904344,629.747125995824,507.853422455732,829.05306693842,450.808832433439,644.002657215015,888.363536847388,492.162731624409,382.50848957899,710.791864683326,909.410538920679,730.195308872907,804.042892574768,712.915283256012
1756.81409893022,1530.50392978914,1544.46369497635,1e+09,1178.82362472085,1102.16088458083,1676.23193696457,2179.02251486762,1839.46524740208,1748.21409263854,2419.61374227375,1561.89579457146,2456.24063418062,2409.18996515426,1860.68053741098,1622.36508070779,1974.32392360018,1883.52092855376,1754.50265494242,1821.0235999569,2053.75612707546,2083.94725290733,2103.89983941727,2030.47660131803,1704.2959125105,1857.45308236844,1338.85217824822,1982.82314695487,1891.7702895172,1696.30707208335,1967.12938031539,1955.01952483856,1822.21687219167,2447.99721691018,2223.33358869064,2177.08962364897,2578.1806488685,2225.91635337,1880.99298956695,2503.90459646529,2255.26707238855,2020.71708024652,1537.96699223358,1780.39655411372,1404.67335758175,1923.72255509988,2175.69058900847,1908.05333649246,1831.90499767319,2192.0195858614,2145.84711687483,1736.0519690954,1687.80295881954,1842.25738337508
2118.81242289165,1491.45078299621,1702.95955674232,1178.82362472085,1e+09,896.989438566587,1847.52765475919,2298.26276854932,1798.8499588904,1499.35736330603,2188.82436979306,1860.78228514246,2506.33049037831,2115.23432281154,1458.48345801384,1805.03802671855,2039.27100021061,1366.61158311351,1861.48714086346,2072.75510758025,1652.86973730539,1897.89562492251,2315.07345816499,1977.58890017617,1394.75336529438,1714.72827654996,1742.00507163441,1786.68927614737,2351.09880964199,1500.33694495603,2125.29563291792,1880.49951871836,1745.16276418562,2213.32433642248,2076.99681877465,2195.71844001001,2516.59346319583,2141.96882932502,1754.46688033716,2355.50108745464,2048.52142273397,1851.71974353572,1556.19249831118,1454.09595470863,1658.80408333836,1798.7281933633,1894.91718929878,1903.78774013807,1800.15714777905,2268.11508010506,1924.10872286365,1844.78994538674,1940.75409544847,1612.43791303727
1732.49954825391,1413.03766616464,1535.62187422555,1102.16088458083,896.989438566587,1e+09,1568.43044468029,2703.83790105842,1759.14582854862,1836.02469378819,2429.4485890218,1765.92817028327,1962.09486949536,1968.72343276043,1587.87748330909,1839.26230434922,1643.77868516416,1455.54910401539,1521.61369568626,2072.57305847104,1916.86006500214,2016.13295137002,2263.6404731759,1895.85803798702,1523.27059096537,1148.19218125713,1284.4146389309,1819.39693739437,2214.49264902821,1419.63092185962,1846.19732807736,1442.412552774,1794.32110894344,2257.96394242689,2057.52247251397,1954.14603786411,2278.17085362358,2016.80767489119,1694.18809354215,2320.7179757351,1958.36001468065,1717.78459123954,1201.02773036263,1640.90595927981,1310.63592015479,1706.61343470043,1693.2931418393,1799.68255134065,1658.89014802066,2011.27148672177,1716.20519813337,1536.28742619993,1591.98050638191,1376.89353353845
482.960621893753,565.585313988968,468.945257999268,1676.23193696457,1847.52765475919,1568.43044468029,1e+09,1915.47842029087,735.259793474388,1261.09234879925,1566.76898408795,711.059410035477,1217.96616952196,1068.30504992722,943.003232338044,827.165224970199,745.34107896989,1438.5829914885,598.660118514671,1270.47103890644,1202.50686043781,1101.88046057637,1106.5399811123,682.228935622053,994.381805092993,1038.44009162782,998.803838548892,1050.12154039425,1109.27230498196,670.425537923489,578.891357855686,714.1882173489,1075.26619169394,1357.21842527281,912.005450806079,591.730423503811,1722.58083128195,1170.34670380191,1138.21492263105,1023.86683045209,925.310738022638,830.387143024264,634.946864312283,927.109588775782,368.24388304492,725.359853107407,895.735905164016,534.194968340212,476.144147291553,595.190676254257,1017.30362041035,288.279313687264,407.053409149217,754.87551496919
2125.63011775332,1655.18914822446,1667.04021097273,2179.02251486762,2298.26276854932,2703.83790105842,1915.47842029087,1e+09,1560.62817740165,1198.75215027961,1329.19423512894,1462.87441094579,2887.31447855962,2262.47998609933,1714.36127837746,1318.67391063902,2282.99185154043,2093.64464716437,2136.00211406731,1420.99087889402,1425.27311502042,1475.22538467856,1491.4611739499,1675.07307213745,1805.13413875534,2683.72840747718,2228.48352614508,1645.86415192749,1533.98715151073,1798.81506161695,1960.64140408184,2430.9594787244,1545.14995828884,1833.20163912757,1678.86438728684,2111.19428307771,2610.0350402054,1994.5362599612,1853.87642390209,1824.76995319958,1955.00087199469,1943.58136179065,2110.74180891458,1509.99163640068,1990.04501275725,1781.42548367873,2224.86864776328,1706.87274358694,1755.9874485884,2024.25832168229,2204.053363442,2080.26380267023,2095.51430648898,2135.4356049996
1076.43720104798,443.828144781288,472.770877592941,1839.46524740208,1798.8499588904,1759.14582854862,735.259793474388,1560.62817740165,1e+09,895.569223175964,983.515271767551,612.708425680601,1368.35585525111,978.095781710564,762.014402947871,853.688962971878,775.887769139326,1038.7224469992,826.709882002145,813.538725691654,723.319696054241,601.250927067892,759.17493721803,269.120412269304,1130.68861283733,1226.7469536135,1095.40531174538,352.861080738582,945.934686593107,424.521415007535,616.988283438187,933.876342402997,529.009113437566,810.291193584134,428.73025155685,981.838238509786,1390.00347229782,674.830918527004,582.189735567367,799.404134465165,678.899732213823,531.387853831832,742.287344766163,731.463878192218,867.92748136005,319.958804223294,744.351224019952,604.463262986263,324.706780495881,687.419446771765,677.588770420526,942.556988091436,1005.00775807951,656.412304881619
1678.76771826837,942.166243610967,1113.74635101535,1748.21409263854,1499.35736330603,1836.02469378819,1261.09234879925,1198.75215027961,895.569223175964,1e+09,1234.0284001189,959.673848346406,2153.9717642764,1587.02744938454,871.001440871368,1136.52071243775,1586.58642897259,1346.21097729888,1273.01072316772,1121.42174426038,654.286178059723,614.53194270111,1140.05085825151,1015.48502657597,857.384516713476,1768.14984944716,1675.75714532267,908.47230590701,1510.67773704387,914.238116630454,1459.42611686923,1588.50311645901,726.238864699487,1064.29432954423,1096.38892957746,1548.50925076346,1821.51938114861,1253.44492232407,1062.04613397912,1326.69746977222,1354.71731040096,1281.76597883545,1357.26913112323,678.98168045979,1369.08859852093,926.022034889019,1372.76105772272,1185.52743426713,1048.22523600608,1450.82031537334,1359.04108359534,1334.63632346044,1377.37387266494,1223.50515180771
1789.3058857557,1174.43610737238,1249.42738352415,2419.61374227375,2188.82436979306,2429.4485890218,1566.76898408795,1329.19423512894,983.515271767551,1234.0284001189,1e+09,1423.68772927914,2105.16028539397,1256.23235820448,1100.11871263969,1146.89715131741,1584.28277687413,1237.77792697236,1799.83268027892,1360.45659254531,784.802714763398,1123.40072667771,1375.20098672885,1044.78607240908,1661.51882378744,2012.23928592004,1860.30288840285,921.551456132537,1425.8674330035,1205.81714368307,1341.09718652304,1737.09778524411,1231.83754606685,1238.71530635574,836.481904287236,1529.36330124663,2074.27399790867,1368.4601905061,1279.85593431448,1020.4261173647,979.293180717603,1042.84097665943,1535.76705440636,1075.5414272356,1659.35393352353,1202.1373693551,1347.17787329662,1120.54430724537,1164.73108497198,1399.54519855559,1360.91278794785,1759.82503073459,1903.54357586056,1426.12457225868
989.738840957553,706.333851234669,575.734080109907,1561.89579457146,1860.78228514246,1765.92817028327,711.059410035477,1462.87441094579,612.708425680601,959.673848346406,1423.68772927914,1e+09,1582.59775025115,1490.60905864012,1157.18607570261,875.958576189537,1020.28793906426,1500.33107093068,752.935668367491,633.084874641623,1154.19099277373,836.706019818191,584.527049673494,719.144866629805,1198.13677679136,1442.90080674314,1023.35849011966,877.196643290431,718.021674324668,819.362711318986,820.875854316595,1191.66912236577,665.669156263079,1146.05474829957,965.057216283055,1184.63491840313,1514.31490017763,967.777701282686,885.133400510906,1216.00617009125,1215.39993314958,1066.42173510296,942.845843974507,1035.36135266872,817.912424285143,724.781442298297,1233.91086444686,893.631190033114,699.801931406309,912.200500054676,1144.24887078817,913.987754896093,796.245241430051,1043.48294959717
1235.72092156765,1404.87217927468,1317.99741164389,2456.24063418062,2506.33049037831,1962.09486949536,1217.96616952196,2887.31447855962,1368.35585525111,2153.9717642764,2105.16028539397,1582.59775025115,1e+09,1224.08939796079,1702.5826837778,1856.72112976074,632.643587575184,1681.95359344424,1099.85121530142,1801.756883378,1913.87111799619,1749.24148164283,1673.94828596943,1280.06202837988,1972.54972388531,860.556400708286,1248.01845242769,1459.28069064865,1685.76791116096,1310.80052815064,975.534128311255,702.418821430633,1629.45252226016,1640.12337602999,1386.98132438761,1253.78664070088,1410.70360387999,1245.19861588423,1383.67282780287,1495.11616063769,1261.0255042623,1143.97257091243,1052.38826656325,1820.18116079142,1270.15225122817,1250.15496743404,996.788856629126,1387.31534782111,1199.48384545187,984.445817401852,952.975926453549,1280.71738834139,1301.39831166327,1041.64030826385
1258.56327937851,960.382541022066,1057.87129571607,2409.18996515426,2115.23432281154,1968.72343276043,1068.30504992722,2262.47998609933,978.095781710564,1587.02744938454,1256.23235820448,1490.60905864012,1224.08939796079,1e+09,842.496683732346,1279.03218610792,950.095089609456,1131.08437488103,1307.50359846541,1766.61464847317,1064.04479271316,1301.84183505524,1615.12240913808,851.297093322889,1377.2875864539,1160.51478051768,1568.95375056118,1040.32127484734,1685.84372434102,864.58580730891,921.039904835833,850.399120119488,1412.46904783786,1323.89795414903,733.841855442983,766.479147400632,1870.06618540628,1273.03687919871,1296.68975333346,726.722743692531,348.761225482421,538.126454097919,999.382692665828,1023.50804154144,1190.31656491036,944.275581067307,495.165397720802,747.205686340783,795.579871477402,849.576538047044,835.703800039224,1131.99575856096,1387.37809475283,778.719545664548
1310.15588793853,588.366244782958,854.840085279112,1860.68053741098,1458.48345801384,1587.87748330909,943.003232338044,1714.36127837746,762.014402947871,871.001440871368,1100.11871263969,1157.18607570261,1702.5826837778,842.496683732346,1e+09,925.119829103236,1197.6927177703,919.609067267173,1168.20657475465,1485.3880584211,485.249375063997,905.970270262772,1433.08493781771,785.764526814491,695.686399248972,1273.95267043168,1485.6124722484,831.732504715308,1593.94285048116,523.577443841883,1109.26058020647,1067.8176347111,1035.87816011344,1197.41493706234,777.98748402529,988.372585769152,1919.1726148265,1269.19707685607,1103.35390890684,938.211462038276,734.761250951627,723.84754299507,928.700636104014,237.495497641534,1021.7494182039,761.402977995227,784.930432713626,683.679839837332,683.339098398445,1098.42159023756,999.874509076014,984.203605307357,1218.57712644707,737.683950415082
922.990709649886,668.934788002538,619.701946261265,1622.36508070779,1805.03802671855,1839.26230434922,827.165224970199,1318.67391063902,853.688962971878,1136.52071243775,1146.89715131741,875.958576189537,1856.72112976074,1279.03218610792,925.119829103236,1e+09,1282.65923307791,1411.21794532241,1311.06514708461,1265.86563643224,1038.63648568688,1222.23398471815,1248.15896864141,922.51080654917,1147.34690076716,1629.34307654956,1285.80730543111,1134.61683391355,1011.21561756136,941.540427013094,937.791523527484,1356.98640619573,1228.33075472366,1583.45846055399,994.667998831771,983.975853616337,2205.69996266491,1515.58872716182,1363.45377461064,1130.33354205739,1035.90275561946,996.086819860598,1044.71363401652,820.373798703981,823.820879439214,1082.29606656404,1307.05640069585,593.083475743508,810.757787875023,1080.31609360409,1423.55016634469,1017.98717383865,1149.1392989973,1206.87004557243
874.963316888199,803.263755811253,707.696882429194,1974.32392360018,2039.27100021061,1643.77868516416,745.34107896989,2282.99185154043,775.887769139326,1586.58642897259,1584.28277687413,1020.28793906426,632.643587575184,950.095089609456,1197.6927177703,1282.65923307791,1e+09,1223.34032836329,727.223809497461,1262.17478484559,1379.4500696292,1248.66662732693,1199.86898226431,753.665574243643,1514.05088748694,727.73275609938,813.281744231358,915.308527219101,1182.09271506088,752.93377046059,458.644416732614,433.486827712216,1090.47891598141,1257.5078790608,902.541197453058,944.433536941589,1300.18656934303,858.708651348058,878.854193424598,1128.3310000616,842.945457013679,635.113383341904,519.319009954383,1279.98970011481,779.196408230942,729.771843592229,655.674777767149,875.097109925521,633.436753117468,610.307905159355,573.877674509124,907.407533085328,946.951417497223,583.275122305075
1696.28819971725,937.391777540213,1137.65486866624,1883.52092855376,1366.61158311351,1455.54910401539,1438.5829914885,2093.64464716437,1038.7224469992,1346.21097729888,1237.77792697236,1500.33107093068,1681.95359344424,1131.08437488103,919.609067267173,1411.21794532241,1223.34032836329,1e+09,1492.83942642871,1539.47692892749,999.791177696623,1334.16610292722,1731.48022656916,1195.85590712259,1472.06316369237,1199.76751943866,1329.16460466716,880.834175653965,1752.82622652675,848.307416035013,1332.97047979316,1213.16354420993,1192.8466408554,1425.43335919292,1152.29619399701,1585.88179600499,1800.79945638042,1293.37303988447,965.86648575256,1485.83973493106,1045.25765947923,839.912740884433,963.454767542307,1053.07334084574,1343.7262972049,1090.10990771573,973.444245039232,1241.25278618016,1098.32374107091,1495.22966680708,943.946053172532,1562.66820345843,1724.17285110861,868.136290740112
960.91894902744,828.071907082954,796.835542317234,1754.50265494242,1861.48714086346,1521.61369568626,598.660118514671,2136.00211406731,826.709882002145,1273.01072316772,1799.83268027892,752.935668367491,1099.85121530142,1307.50359846541,1168.20657475465,1311.06514708461,727.223809497461,1492.83942642871,1e+09,1177.27243049347,1339.2442784272,1005.35344247682,1023.47774431103,800.19169784496,1130.74358737956,914.261177344855,1021.8500118902,1012.3348686576,1287.50609159724,740.912280637863,838.161574220627,698.638671345926,888.157349291217,1151.2083855671,1068.84029826724,1042.75266664727,1246.21317654726,894.774853356977,919.017710928359,1253.5016865565,1181.62253406069,1024.23796795471,751.453159817696,1159.35751289238,760.707621165977,640.59684451299,920.375768422876,1000.13146450854,698.720851485055,791.234370208979,867.179613574951,618.901506380458,478.850000522084,714.226012827872
1502.67221142869,1081.6109655047,981.523991403165,1821.0235999569,2072.75510758025,2072.57305847104,1270.47103890644,1420.99087889402,813.538725691654,1121.42174426038,1360.45659254531,633.084874641623,1801.756883378,1766.61464847317,1485.3880584211,1265.86563643224,1262.17478484559,1539.47692892749,1177.27243049347,1e+09,1307.12746038785,939.729526991677,539.687278616052,986.574293046398,1672.13925239497,1750.33175895314,1215.1804168929,864.919518047778,728.881570970209,1131.2465086797,1127.18650129426,1547.47948842626,628.850824838451,1089.72456033623,1133.50563051094,1668.1279742274,1341.63270614576,880.408610816591,777.57054560985,1466.28031583323,1450.91562104762,1276.37206080359,1276.58935644944,1377.69566526864,1329.53962599841,972.415588830208,1488.14340468249,1312.48891389604,1073.85358215168,1264.18414520987,1252.25319580347,1495.60847423382,1381.08779757118,1330.42693478447
1585.14915370763,798.099574739894,1016.24781357698,2053.75612707546,1652.86973730539,1916.86006500214,1202.50686043781,1425.27311502042,723.319696054241,654.286178059723,784.802714763398,1154.19099277373,1913.87111799619,1064.04479271316,485.249375063997,1038.63648568688,1379.4500696292,999.791177696623,1339.2442784272,1307.12746038785,1e+09,658.567281149011,1267.29264284142,779.959164315671,954.203535992191,1598.53387305368,1675.01033098307,671.415887658313,1540.83729231869,717.916926461551,1244.98655526877,1367.70665619496,866.04941279352,945.312715190058,695.690433813776,1267.78498109892,1831.14885137719,1153.44590714086,1009.48784554347,907.876907460477,854.19630126804,868.177521881326,1207.30091157921,429.056809991404,1326.55558963807,779.944987611306,987.154788369078,893.149003134415,833.072604638995,1220.5321355458,1069.87850109253,1298.85632119184,1461.0239229732,982.328611361799
1532.0208192776,894.521428474466,1000.74443001198,2083.94725290733,1897.89562492251,2016.13295137002,1101.88046057637,1475.22538467856,601.250927067892,614.53194270111,1123.40072667771,836.706019818191,1749.24148164283,1301.84183505524,905.970270262772,1222.23398471815,1248.66662732693,1334.16610292722,1005.35344247682,939.729526991677,658.567281149011,1e+09,767.445932167211,618.33907283949,1068.36690668515,1578.80377688299,1586.23602641599,576.39229054525,1324.07531809939,762.23419622843,1145.16100571055,1314.61075029835,444.975611017053,486.295903026131,698.065274240167,1313.31411075188,1355.59554023315,743.303397207358,759.01264409758,931.970590254864,1053.92933638836,1013.560318728,1227.08231211276,805.418194852835,1314.98471185029,534.448949199079,1038.20112627564,1023.19092480338,784.122889858471,1049.94063179782,962.765234052414,1202.07022952072,1221.92031601901,988.690887234226
1367.44230777755,1101.92038596262,985.769611826212,2103.89983941727,2315.07345816499,2263.6404731759,1106.5399811123,1491.4611739499,759.17493721803,1140.05085825151,1375.20098672885,584.527049673494,1673.94828596943,1615.12240913808,1433.08493781771,1248.15896864141,1199.86898226431,1731.48022656916,1023.47774431103,539.687278616052,1267.29264284142,767.445932167211,1e+09,778.582132725893,1559.98922928974,1757.27163019836,1419.06454226015,899.797099017328,770.548426901256,1114.36688128282,995.006619676472,1452.88892748207,691.375999872718,887.856602442084,944.645429089667,1407.32633717273,1302.36780714973,791.105599082702,925.363115701074,1155.95998092495,1313.25072111155,1232.3310532077,1329.1704459173,1322.31433645711,1307.17931463132,838.426752376139,1369.48542745076,1159.51274516497,944.719987932933,976.743540700424,1203.04504358731,1298.26368180736,1175.42980151943,1295.45695903029
1029.92044076229,573.891107615373,580.480744555752,2030.47660131803,1977.58890017617,1895.85803798702,682.228935622053,1675.07307213745,269.120412269304,1015.48502657597,1044.78607240908,719.144866629805,1280.06202837988,851.297093322889,785.764526814491,922.51080654917,753.665574243643,1195.85590712259,800.19169784496,986.574293046398,779.959164315671,618.33907283949,778.582132725893,1e+09,1130.89087745016,1240.73967346096,1239.76375414835,507.581509316484,1032.24558763891,512.572107610237,559.570819646629,878.814959021522,688.590969589349,767.989184494157,287.816954504074,805.60375303247,1402.07274472475,691.705988480655,751.616480327567,574.349189169794,568.545822515653,528.205773633723,827.393292878302,776.361246328022,909.972287160439,307.570544590993,655.689838566986,526.967240537778,278.272131914067,485.800504219582,668.52168528777,859.761003011884,945.522747002948,671.577546750932
1400.80024179038,916.839696620952,1122.723008894,1704.2959125105,1394.75336529438,1523.27059096537,994.381805092993,1805.13413875534,1130.68861283733,857.384516713476,1661.51882378744,1198.13677679136,1972.54972388531,1377.2875864539,695.686399248972,1147.34690076716,1514.05088748694,1472.06316369237,1130.74358737956,1672.13925239497,954.203535992191,1068.36690668515,1559.98922928974,1130.89087745016,1e+09,1463.53175442148,1681.18783477635,1274.54859330667,1816.61520710909,885.756812787799,1437.33946091381,1305.52624075505,1221.84809550942,1459.3348983698,1252.18577247947,1183.38509961889,2100.25800429376,1564.71772809028,1427.49984847635,1329.00998054943,1302.21614281194,1276.7954529211,1208.50197939432,602.974319602419,1105.11116350347,1041.86716168617,1225.29116013297,1039.22377325579,1014.47969447397,1361.79155938051,1412.89600622268,887.058361665116,1052.14783343407,1080.27775641267
1208.04429893941,1047.5434902189,1104.58672439062,1857.45308236844,1714.72827654996,1148.19218125713,1038.44009162782,2683.72840747718,1226.7469536135,1768.14984944716,2012.23928592004,1442.90080674314,860.556400708286,1160.51478051768,1273.95267043168,1629.34307654956,727.73275609938,1199.76751943866,914.261177344855,1750.33175895314,1598.53387305368,1578.80377688299,1757.27163019836,1240.73967346096,1463.53175442148,1e+09,992.021652183056,1291.20884627546,1793.00887964895,929.988326055763,1098.47883944116,444.370183855758,1420.76348809364,1629.6015147882,1380.29488907262,1252.14433193622,1565.52883033178,1304.59829280894,1193.39055124465,1584.24431619621,1218.25327506229,1007.11756096297,623.950603974385,1409.97030341068,945.865212120628,1083.71517152802,826.655419688276,1251.82540791438,1040.44195892899,1182.21942354201,862.450877905519,1031.50551554512,1125.69262172229,637.857955660976
991.246336386672,937.714832718349,796.745658852309,1338.85217824822,1742.00507163441,1284.4146389309,998.803838548892,2228.48352614508,1095.40531174538,1675.75714532267,1860.30288840285,1023.35849011966,1248.01845242769,1568.95375056118,1485.6124722484,1285.80730543111,813.281744231358,1329.16460466716,1021.8500118902,1215.1804168929,1675.01033098307,1586.23602641599,1419.06454226015,1239.76375414835,1681.18783477635,992.021652183056,1e+09,1248.19045113316,1121.01767501677,1054.01096151795,928.227779965672,998.13652788584,1264.43793058418,1741.46694398717,1428.57068596552,1443.22520086091,1660.16737571848,1314.53654631585,1093.3034150683,1733.46495776523,1412.37560747841,1130.02354683431,636.754822046916,1503.99142128537,747.38757274924,1176.3031230937,1300.53514189352,1234.12767698484,1055.13210864801,1237.4093184553,1175.90509838167,1184.866617219,1132.25907503539,1036.13486535296
1399.65625176327,675.701371465235,776.569327619885,1982.82314695487,1786.68927614737,1819.39693739437,1050.12154039425,1645.86415192749,352.861080738582,908.47230590701,921.551456132537,877.196643290431,1459.28069064865,1040.32127484734,831.732504715308,1134.61683391355,915.308527219101,880.834175653965,1012.3348686576,864.919518047778,671.415887658313,576.39229054525,899.797099017328,507.581509316484,1274.54859330667,1291.20884627546,1248.19045113316,1e+09,1175.61470329356,539.626462935242,881.379057273317,1065.48166544526,467.237084786728,649.878087259449,521.143422773424,1253.33808483585,1258.90705625952,558.97721304182,398.887171641305,928.291342682889,768.370134440427,611.421979405386,901.980984112193,837.105742424456,1151.80926606795,426.485900001395,763.473467122467,889.943854970638,607.94113349896,937.135080284587,592.040201422167,1225.38953981989,1289.82584045289,707.195453534594
1105.99602282287,1102.2590084912,854.309448033908,1891.7702895172,2351.09880964199,2214.49264902821,1109.27230498196,1533.98715151073,945.934686593107,1510.67773704387,1425.8674330035,718.021674324668,1685.76791116096,1685.84372434102,1593.94285048116,1011.21561756136,1182.09271506088,1752.82622652675,1287.50609159724,728.881570970209,1540.83729231869,1324.07531809939,770.548426901256,1032.24558763891,1816.61520710909,1793.00887964895,1121.01767501677,1175.61470329356,1e+09,1277.26212012257,866.281320472743,1514.3317591598,1141.67714332906,1496.52326841249,1169.30624470239,1411.1410419586,1764.67291170347,1236.07295783865,1212.43980151594,1392.50220053686,1377.63437642213,1253.32511005724,1251.36755571654,1505.38629281657,1145.22205279151,1179.32341649778,1553.40571242673,1124.75443106484,1059.37125598158,1078.33300584745,1431.56448681154,1381.29707496252,1290.89503403646,1448.79555289903
1066.74159457668,304.948737167413,527.072844965475,1696.30707208335,1500.33694495603,1419.63092185962,670.425537923489,1798.81506161695,424.521415007535,914.238116630454,1205.81714368307,819.362711318986,1310.80052815064,864.58580730891,523.577443841883,941.540427013094,752.93377046059,848.307416035013,740.912280637863,1131.2465086797,717.916926461551,762.23419622843,1114.36688128282,512.572107610237,885.756812787799,929.988326055763,1054.01096151795,539.626462935242,1277.26212012257,1e+09,759.234872552625,711.657478496503,702.947281593719,989.021777818871,648.473933169252,933.904048925798,1483.02687838083,862.617189371972,680.302811547917,948.226284174827,688.105141675311,495.891455058463,525.288023659402,575.748063218627,736.104848985523,371.076021052291,558.739140118177,625.503734840968,348.782177153593,813.18163198636,612.304623043139,786.426464966687,925.448264356252,344.673951148038
653.133097385211,682.621220736654,487.415371321012,1967.12938031539,2125.29563291792,1846.19732807736,578.891357855686,1960.64140408184,616.988283438187,1459.42611686923,1341.09718652304,820.875854316595,975.534128311255,921.039904835833,1109.26058020647,937.791523527484,458.644416732614,1332.97047979316,838.161574220627,1127.18650129426,1244.98655526877,1145.16100571055,995.006619676472,559.570819646629,1437.33946091381,1098.47883944116,928.227779965672,881.379057273317,866.281320472743,759.234872552625,1e+09,729.151323800485,1060.29574242284,1243.40359879647,704.137320485145,720.253842960938,1540.00205301811,947.911989321794,984.228909095846,884.987427763807,706.738239873859,588.513828639566,662.937106745429,1138.91682005316,690.930136989262,712.617596962073,796.302852311858,573.344088833224,471.32515634114,375.589929444334,808.134883481712,826.101840271525,886.093403033789,776.180645146476
916.891813410939,821.621370705509,838.679108717989,1955.01952483856,1880.49951871836,1442.412552774,714.1882173489,2430.9594787244,933.876342402997,1588.50311645901,1737.09778524411,1191.66912236577,702.418821430633,850.399120119488,1067.8176347111,1356.98640619573,433.486827712216,1213.16354420993,698.638671345926,1547.47948842626,1367.70665619496,1314.61075029835,1452.88892748207,878.814959021522,1305.52624075505,444.370183855758,998.13652788584,1065.48166544526,1514.3317591598,711.657478496503,729.151323800485,1e+09,1230.1122534143,1367.86483268633,1021.95306619238,851.938097927308,1478.3269301139,1075.90838192664,1061.55693502515,1178.28899812397,872.597124737413,712.625450920748,502.254307995462,1189.71111661613,749.744927825457,792.591711097208,534.127683424104,893.013660925744,694.136043150044,749.58020484802,651.902180008627,741.253680935211,870.432304490131,440.284910597672
1466.29490550162,805.938151473176,869.386330810417,1822.21687219167,1745.16276418562,1794.32110894344,1075.26619169394,1545.14995828884,529.009113437566,726.238864699487,1231.83754606685,665.669156263079,1629.45252226016,1412.46904783786,1035.87816011344,1228.33075472366,1090.47891598141,1192.8466408554,888.157349291217,628.850824838451,866.04941279352,444.975611017053,691.375999872718,688.590969589349,1221.84809550942,1420.76348809364,1264.43793058418,467.237084786728,1141.67714332906,702.947281593719,1060.29574242284,1230.1122534143,1e+09,655.95906739674,836.862277737502,1431.67568628513,1154.39960702523,585.436402609199,423.243626650184,1184.81681499715,1148.10287783804,985.797730622261,1042.7105902886,955.595118551785,1191.31273643825,521.979847599503,1066.23700995604,1096.153185189,777.938385735014,1091.13883621655,864.308603393487,1225.2749823203,1186.16494616052,907.192704390859
1753.75056704196,1186.53775249673,1262.36283702428,2447.99721691018,2213.32433642248,2257.96394242689,1357.21842527281,1833.20163912757,810.291193584134,1064.29432954423,1238.71530635574,1146.05474829957,1640.12337602999,1323.89795414903,1197.41493706234,1583.45846055399,1257.5078790608,1425.43335919292,1151.2083855671,1089.72456033623,945.312715190058,486.295903026131,887.856602442084,767.989184494157,1459.3348983698,1629.6015147882,1741.46694398717,649.878087259449,1496.52326841249,989.021777818871,1243.40359879647,1367.86483268633,655.95906739674,1e+09,770.237724991447,1485.86869749652,1056.87456843279,534.541009652206,759.89001243601,981.776565925262,1112.08265717976,1089.41828697705,1393.39827163665,1175.42629539244,1582.57525372413,679.418231136021,1033.16612367034,1268.26231273345,987.897115139021,1109.77092438034,862.243353932056,1459.97578753896,1469.1529542563,1081.58562767818
1213.76361100504,720.91687655374,766.401321697712,2223.33358869064,2076.99681877465,2057.52247251397,912.005450806079,1678.86438728684,428.73025155685,1096.38892957746,836.481904287236,965.057216283055,1386.98132438761,733.841855442983,777.98748402529,994.667998831771,902.541197453058,1152.29619399701,1068.84029826724,1133.50563051094,695.690433813776,698.065274240167,944.645429089667,287.816954504074,1252.18577247947,1380.29488907262,1428.57068596552,521.143422773424,1169.30624470239,648.473933169252,704.137320485145,1021.95306619238,836.862277737502,770.237724991447,1e+09,880.273910439245,1518.05353943792,790.971104023402,859.594846075754,419.833810215423,421.524987871419,495.085150049969,989.018039977027,801.841259788994,1116.64306763621,505.982538433887,664.530277037849,590.270340352622,479.334206478111,627.029112083323,717.653358523459,1077.60033305489,1208.71900613832,787.835527632513
693.770326260788,885.736591826261,849.347407542991,2177.08962364897,2195.71844001001,1954.14603786411,591.730423503811,2111.19428307771,981.838238509786,1548.50925076346,1529.36330124663,1184.63491840313,1253.78664070088,766.479147400632,988.372585769152,983.975853616337,944.433536941589,1585.88179600499,1042.75266664727,1668.1279742274,1267.78498109892,1313.31411075188,1407.32633717273,805.60375303247,1183.38509961889,1252.14433193622,1443.22520086091,1253.33808483585,1411.1410419586,933.904048925798,720.253842960938,851.938097927308,1431.67568628513,1485.86869749652,880.273910439245,1e+09,1995.34997461598,1401.1866004926,1462.50907785217,762.33772738859,737.216191629023,842.624182064579,973.779805500196,1040.55328729479,826.010581590817,967.219317941903,866.196919354947,492.578963314513,688.370747126866,566.03023929822,1145.90656477743,614.986230740169,864.875093409447,951.160163064034
2013.28593418819,1677.19586438197,1662.6613818514,2578.1806488685,2516.59346319583,2278.17085362358,1722.58083128195,2610.0350402054,1390.00347229782,1821.51938114861,2074.27399790867,1514.31490017763,1410.70360387999,1870.06618540628,1919.1726148265,2205.69996266491,1300.18656934303,1800.79945638042,1246.21317654726,1341.63270614576,1831.14885137719,1355.59554023315,1302.36780714973,1402.07274472475,2100.25800429376,1565.52883033178,1660.16737571848,1258.90705625952,1764.67291170347,1483.02687838083,1540.00205301811,1478.3269301139,1154.39960702523,1056.87456843279,1518.05353943792,1995.34997461598,1e+09,745.411410832971,981.231456181466,1771.31203185661,1728.71252260172,1570.46820222506,1576.52975113063,1940.73632884532,1849.5622228787,1222.74342181833,1438.38723322338,1874.78333566842,1503.37160313078,1502.87331402218,1085.05266932071,1817.7730354475,1699.56168690636,1384.24672439562
1498.03514077608,1034.26220055651,1033.76884094076,2225.91635337,2141.96882932502,2016.80767489119,1170.34670380191,1994.5362599612,674.830918527004,1253.44492232407,1368.4601905061,967.777701282686,1245.19861588423,1273.03687919871,1269.19707685607,1515.58872716182,858.708651348058,1293.37303988447,894.774853356977,880.408610816591,1153.44590714086,743.303397207358,791.105599082702,691.705988480655,1564.71772809028,1304.59829280894,1314.53654631585,558.97721304182,1236.07295783865,862.617189371972,947.911989321794,1075.90838192664,585.436402609199,534.541009652206,790.971104023402,1401.1866004926,745.411410832971,1e+09,445.363494911741,1099.51465347216,1055.48151646535,914.631863975884,1080.1849853613,1278.60289703254,1328.26881387014,562.374650211049,896.060924546986,1189.19371899619,837.440320201983,922.352707590757,575.605090144276,1320.6368793124,1283.40463665985,868.167285147281
1474.71437743042,827.697484531637,883.849263788798,1880.99298956695,1754.46688033716,1694.18809354215,1138.21492263105,1853.87642390209,582.189735567367,1062.04613397912,1279.85593431448,885.133400510906,1383.67282780287,1296.68975333346,1103.35390890684,1363.45377461064,878.854193424598,965.86648575256,919.017710928359,777.57054560985,1009.48784554347,759.01264409758,925.363115701074,751.616480327567,1427.49984847635,1193.39055124465,1093.3034150683,398.887171641305,1212.43980151594,680.302811547917,984.228909095846,1061.55693502515,423.243626650184,759.89001243601,859.594846075754,1462.50907785217,981.231456181466,445.363494911741,1e+09,1252.42688648879,1067.15768778564,837.657320149475,888.19062098178,1108.43102631603,1188.87262576779,559.264670437888,908.940663134839,1146.47844702812,794.254770146204,1081.50957397519,596.947214416819,1304.79388249639,1292.72025983969,750.08912230481
1278.40337257065,1004.23542802472,1031.17949809914,2503.90459646529,2355.50108745464,2320.7179757351,1023.86683045209,1824.76995319958,799.404134465165,1326.69746977222,1020.4261173647,1216.00617009125,1495.11616063769,726.722743692531,938.211462038276,1130.33354205739,1128.3310000616,1485.83973493106,1253.5016865565,1466.28031583323,907.876907460477,931.970590254864,1155.95998092495,574.349189169794,1329.00998054943,1584.24431619621,1733.46495776523,928.291342682889,1392.50220053686,948.226284174827,884.987427763807,1178.28899812397,1184.81681499715,981.776565925262,419.833810215423,762.33772738859,1771.31203185661,1099.51465347216,1252.42688648879,1e+09,536.395160119851,774.278317273576,1259.19088846767,965.574165095566,1295.30924805623,809.276561257028,834.709997364354,674.622688545234,728.996843271629,663.473260199686,1008.53825063802,1127.71905481818,1293.65006126077,1044.79140157258
1145.27640410514,745.438815128378,816.665840904344,2255.26707238855,2048.52142273397,1958.36001468065,925.310738022638,1955.00087199469,678.899732213823,1354.71731040096,979.293180717603,1215.39993314958,1261.0255042623,348.761225482421,734.761250951627,1035.90275561946,842.945457013679,1045.25765947923,1181.62253406069,1450.91562104762,854.19630126804,1053.92933638836,1313.25072111155,568.545822515653,1302.21614281194,1218.25327506229,1412.37560747841,768.370134440427,1377.63437642213,688.105141675311,706.738239873859,872.597124737413,1148.10287783804,1112.08265717976,421.524987871419,737.216191629023,1728.71252260172,1055.48151646535,1067.15768778564,536.395160119851,1e+09,316.341429155272,893.323773443873,859.880245441189,1063.70942869752,724.001686324003,502.877015680773,533.766511782071,559.712738197015,678.393563501306,728.884188057335,1061.19649556527,1274.82320570344,713.189669442849
1063.39849868241,556.187804163306,629.747125995824,2020.71708024652,1851.71974353572,1717.78459123954,830.387143024264,1943.58136179065,531.387853831832,1281.76597883545,1042.84097665943,1066.42173510296,1143.97257091243,538.126454097919,723.84754299507,996.086819860598,635.113383341904,839.912740884433,1024.23796795471,1276.37206080359,868.177521881326,1013.560318728,1232.3310532077,528.205773633723,1276.7954529211,1007.11756096297,1130.02354683431,611.421979405386,1253.32511005724,495.891455058463,588.513828639566,712.625450920748,985.797730622261,1089.41828697705,495.085150049969,842.624182064579,1570.46820222506,914.631863975884,837.657320149475,774.278317273576,316.341429155272,1e+09,627.675202314063,844.101139378452,892.676417466038,596.033486810934,432.183709896613,560.885119877502,438.697164909918,688.755988431317,544.905609991309,999.941696800368,1176.73849762808,502.255955664042
830.349236767277,493.115385584348,507.853422455732,1537.96699223358,1556.19249831118,1201.02773036263,634.946864312283,2110.74180891458,742.287344766163,1357.26913112323,1535.76705440636,942.845843974507,1052.38826656325,999.382692665828,928.700636104014,1044.71363401652,519.319009954383,963.454767542307,751.453159817696,1276.58935644944,1207.30091157921,1227.08231211276,1329.1704459173,827.393292878302,1208.50197939432,623.950603974385,636.754822046916,901.980984112193,1251.36755571654,525.288023659402,662.937106745429,502.254307995462,1042.7105902886,1393.39827163665,989.018039977027,973.779805500196,1576.52975113063,1080.1849853613,888.19062098178,1259.19088846767,893.323773443873,627.675202314063,1e+09,1005.64552109578,479.804720589533,745.679907735216,725.360766722326,776.444373989535,583.587754755015,870.924796638608,745.707935588726,778.276116426555,882.878550084891,455.981497212332
1310.41595690071,581.928284584965,829.05306693842,1780.39655411372,1454.09595470863,1640.90595927981,927.109588775782,1509.99163640068,731.463878192218,678.98168045979,1075.5414272356,1035.36135266872,1820.18116079142,1023.50804154144,237.495497641534,820.373798703981,1279.98970011481,1053.07334084574,1159.35751289238,1377.69566526864,429.056809991404,805.418194852835,1322.31433645711,776.361246328022,602.974319602419,1409.97030341068,1503.99142128537,837.105742424456,1505.38629281657,575.748063218627,1138.91682005316,1189.71111661613,955.595118551785,1175.42629539244,801.841259788994,1040.55328729479,1940.73632884532,1278.60289703254,1108.43102631603,965.574165095566,859.880245441189,844.101139378452,1005.64552109578,1e+09,1023.88096632372,765.41207091344,943.823997681771,696.382254656162,700.444587815482,1127.30690173528,1109.95035839446,980.361442173243,1178.37023303374,860.940988163533
