1e+09,9867.79386585472,11354.5462122755,11955.4334039591,13953.0859029141,9341.28870995325,15668.2470043078,7157.16218462318,7117.38400045972,6671.73005675439,10219.4870010534,10931.3461862526,9840.98093918487,9981.42219828918,9322.54138656407,6224.28727804236,7411.30817829754,11499.2355751763,10077.6010889001,9617.87430919639,10454.3559309409,10076.8086210516,7513.68733146383,6039.24830974021,5848.86177929518,6266.01124228165,7647.21923189077,10852.5827034398,8092.54185772307,7072.21198228673,10307.4289593671,14045.3872351637,14735.2679025086,10081.9607444683,12469.941924544,9729.57648527931,11911.0231094478,11607.5715373673,10809.354510483,11501.3307231903,11700.8257992631,10270.7447633558,10921.1347094155,10206.9640916092,9554.43579106061,9816.24050136813,11115.9604802194,9500.23801254474,10626.152042447,10298.7514112294,10378.4856502237,9515.54764894276,11316.6587111214,13043.5557443743
9867.79386585472,1e+09,1575.15097406566,2757.30261609059,4747.20542638509,14143.5046488662,22734.2571581259,12950.2176846878,11798.5252549545,8370.54629205287,15811.1013260778,16419.3544982347,15221.8098921317,16180.7251523132,15240.578475222,11641.8347210996,11051.6946636115,18002.7904842111,15624.2130385693,15445.2868808999,17043.9603506286,15981.0574787997,13094.5964587688,10025.4052058807,6914.70963840854,7575.2131732777,12922.9207133991,16752.5228937137,12760.6006135448,12219.1144996681,15480.4079375448,19835.4804738,21254.7779314934,15457.6212159116,18205.364359949,15018.6209454231,17506.2093159656,17602.12617515,16707.4184837964,17297.5212970529,17950.5118384045,16406.8814562122,17439.2072106446,16151.0510591169,15200.02618304,15492.6084170065,17651.500059519,15384.8112659857,16691.8481549767,16347.3590204259,16200.8433208059,14670.5361240788,17305.1111116861,18971.2899601108
11354.5462122755,1575.15097406566,1e+09,1611.09841716762,3447.21512647528,15523.4942061638,24174.3816105707,14370.6135160855,13212.9514382026,9752.3694050164,17209.7404539464,17822.1414848385,16626.9785148445,17615.9644982896,16663.623546699,13074.5497763365,12418.8422134271,19427.4214544262,17038.7507243958,16872.470347658,18496.8620536106,17396.0266208695,14536.6552402779,11456.4771168977,8352.56325803044,8974.36447723737,14343.0072588945,18167.3933903326,14162.0816572671,13651.6094134977,16860.3810250807,21207.2154542929,22668.2331929332,16858.212525434,19591.9143686471,16408.5926312222,18893.7983724369,19007.5371780092,18114.286421855,18705.6712882778,19364.7801465702,17835.4397740426,18879.5234971834,17571.4028422633,16617.8357137444,16899.318378769,19089.0266112838,16801.9362122673,18114.3335703994,17777.7176413678,17614.5143434839,16067.7405446441,18717.7799184919,20366.0032825319
11955.4334039591,2757.30261609059,1611.09841716762,1e+09,2203.3827966107,16846.316822558,25411.6811167325,15565.1632391279,14473.7015217566,11075.1904934182,18504.9747713203,19137.539890963,17932.5162091576,18869.4579381709,17916.3335297348,14265.2656771159,13716.9909121935,20672.0217541512,18335.2065387849,18146.9406040192,19722.7891476916,18674.6692210331,15767.5765643583,12691.8933154278,9587.97489347985,10220.856312066,15588.2124200981,19453.5078797912,15468.029209867,14894.1835675239,18183.6134075794,22542.3737650985,23948.4930567082,18169.1608901705,20911.8434570939,17721.5240640414,20214.0464204152,20297.9790295192,19397.517545583,20011.7118448747,20639.4600187311,19094.4766126569,20124.2077338488,18848.0094304226,17898.7467780457,18183.0239991922,20322.2698975114,18066.1793083568,19383.9729407338,19048.6269829245,18901.0942958708,17380.4377521914,20008.425220479,21679.0066546763
13953.0859029141,4747.20542638509,3447.21512647528,2203.3827966107,1e+09,18860.1375659299,27460.1393305879,17667.2274010582,16527.1923653263,13087.7568883098,20541.2053917778,21139.2601222796,19948.9390005158,20914.7727588611,19963.5728298093,16359.4281654922,15754.346118535,22733.3895394836,20347.8046263252,20179.9293174332,21768.7797866004,20721.9950119239,17823.8245524551,14749.8989115044,11637.2273054882,12249.4732420011,17645.5949998718,21478.4917351731,17490.1553304681,16944.6035419983,20199.5923239431,24557.838318427,25986.5324627662,20187.630500341,22927.493775051,19753.3940773124,22228.4725054759,22336.7902215023,21441.637001703,22024.8174140241,22687.4789170591,21135.5505338919,22175.5526248682,20886.8832906372,19931.0466458789,20227.3411304205,22375.2114689828,20121.422571138,21421.8589152739,21083.3043681488,20936.0883495079,19400.2420148719,22039.6946482908,23695.7640707765
9341.28870995325,14143.5046488662,15523.4942061638,16846.316822558,18860.1375659299,1e+09,8843.15581655667,2622.97533207996,2558.7978697232,5777.66294826031,1873.15418874155,2793.08903005257,1560.82673000561,2571.69983170665,2562.08637124122,3639.86490932013,3654.91861731558,4343.85274007994,1803.29035856681,1875.73550896708,3521.80879263767,2571.34547394939,2157.07381048957,4559.48906023471,7451.87721956018,6843.47470299263,1781.78375868117,2793.3727674802,1528.98804491729,2568.22818380688,1679.09361016591,5724.45700941146,7243.35242653566,1599.33021665321,4078.96768817798,1381.95271062363,3676.8005608545,3795.18188831576,2816.82755773228,3414.9530114044,4012.53404650976,2624.89884443192,3833.44190707255,2347.68129862211,1426.48562810846,1635.451316365,3924.91582570888,1782.06672610764,2810.34999526749,2822.21464343164,2338.86223296713,1178.84754951605,3428.08813855478,4919.31273778157
15668.2470043078,22734.2571581259,24174.3816105707,25411.6811167325,27460.1393305879,8843.15581655667,1e+09,9958.26425310154,10986.0355182568,14478.6660000637,7079.75143633589,6774.79480174123,7703.70302276769,6572.52270983524,7739.53688832866,11269.1505123856,12003.7200096512,4875.39159893849,7281.17781267564,7354.65443940774,5717.03759508366,6949.57598442524,9708.65543896785,12805.9942425374,15900.6956093405,15358.097065418,9885.7691025332,6152.11502667172,10078.4583675779,10554.648285528,7576.4905966021,3868.07522777156,2060.58007306195,7510.69177481009,4999.61181504124,7913.70683920627,5838.9455077608,5451.17028311353,6201.62475924656,5757.98076865493,4897.150594897,6365.94566646622,5359.72593915025,6648.62868262321,7614.82144207597,7359.23686621786,5131.86890099504,7400.37099236248,6099.64602668056,6564.79510500518,6686.02078868291,8284.51013449196,5613.01764786109,4264.52357580539
7157.16218462318,12950.2176846878,14370.6135160855,15565.1632391279,17667.2274010582,2622.97533207996,9958.26425310154,1e+09,1657.86937609692,4945.00774351264,3443.45826992284,4549.16632625144,3254.75987329327,3649.9374149018,3044.77963258427,1673.88888095955,2909.64099082688,5263.9762275869,3565.25923026643,3182.34956987758,4445.27026145768,3666.8504162428,1460.98306951176,3239.21702729224,6194.61026650588,5691.4383080905,1240.11384195162,4409.87345369456,2012.38173530769,1467.44552743875,3501.18157369766,7457.40250427051,8602.8071597299,3488.68569022777,5864.19478921872,2969.09306231718,5384.33269700155,5168.70451684946,4214.37358727249,5075.81362380456,5321.08463322094,3866.13434546706,4840.64275634962,3709.17393072905,2956.88042096734,3114.89002802667,4929.03341242479,2826.53454459697,4157.48760840005,4087.05833920927,3880.08803383377,2913.27187521179,4881.60526689736,6559.64696124723
7117.38400045972,11798.5252549545,13212.9514382026,14473.7015217566,16527.1923653263,2558.7978697232,10986.0355182568,1657.86937609692,1e+09,3539.28346446,4074.07545024635,4955.34322816291,3629.56178087658,4462.52532592253,3826.74996593715,1660.02441825414,1885.28799675275,6291.84420824292,3983.90152164935,3773.31367700858,5357.54757824884,4398.96416576676,1690.34174970625,2197.1908003858,5055.16670673678,4504.00425574843,1195.26202231979,5040.47723504432,1293.12740903594,1034.94218350592,3902.37759193034,8157.30776768291,9505.11125030633,3843.85397553029,6503.96084103372,3407.13237454901,5953.30050511479,5945.41588554577,4971.77594624899,5676.95390132772,6190.29982193916,4653.07766977943,5760.20340810982,4422.33513592084,3469.87174384011,3739.03554466924,5894.5925600842,3616.59990737156,4931.84149137014,4754.17083535079,4500.71823509315,3123.15971540041,5617.61206670592,7277.49351621834
6671.73005675439,8370.54629205287,9752.3694050164,11075.1904934182,13087.7568883098,5777.66294826031,14478.6660000637,4945.00774351264,3539.28346446,1e+09,7477.64959649087,8150.39952347736,6916.35046682859,7931.97978451156,7111.29673720623,3891.23288544903,3027.73308963984,9768.78062631156,7309.84795449262,7174.83192989913,8839.30092901017,7753.2075031628,4964.21818664329,2261.0070940844,2027.85705351733,1613.61900676709,4687.43335451289,8441.06066059237,4445.93838857445,4098.88123426381,7151.33689660891,11476.0434276932,12938.2028782092,7133.08154785854,9847.0802775899,6710.30416609411,9204.81231181821,9316.75121374935,8393.39618416169,8994.87063703531,9650.44048728865,8128.35284758234,9221.58642841892,7859.71266393372,6888.29664158709,7175.07434508521,9399.40990632923,7104.54911952898,8390.44277196383,8114.86864634912,7896.90047263482,6358.16065544903,9007.39793032372,10630.9631068403
10219.4870010534,15811.1013260778,17209.7404539464,18504.9747713203,20541.2053917778,1873.15418874155,7079.75143633589,3443.45826992284,4074.07545024635,7477.64959649087,1e+09,1527.98733849466,889.984982850834,1114.68466787697,1690.43565192527,4659.53080933049,5021.37990644006,2484.50381760624,756.541923293085,901.817837481606,1936.62487361389,1181.61214846497,2992.75956022197,5942.77716809237,8996.02173759046,8411.77959005703,3113.62914511346,1432.55631913723,3132.62118202952,3755.67582769067,802.99293651937,4127.07735071685,5484.26364280566,897.613292738025,2531.84929701592,998.200133039462,2111.38564319738,2005.63175288985,1032.09664799378,1759.44658103052,2294.87942088468,1170.68664539235,2123.73679270761,797.303493094066,853.48098725162,758.753116896399,2201.55253007963,854.465566831104,1092.97281343133,1424.61890504092,986.549331761975,1351.6844059173,1646.22022594184,3217.09413354661
10931.3461862526,16419.3544982347,17822.1414848385,19137.539890963,21139.2601222796,2793.08903005257,6774.79480174123,4549.16632625144,4955.34322816291,8150.39952347736,1527.98733849466,1e+09,1446.44473675976,1776.32940813353,2159.24866078458,5516.74621579605,5654.39873869893,2554.81522394478,1203.57885321237,1569.71219527657,2167.99942728314,1315.74906893374,3692.94681474023,6610.93104768156,9611.08787067312,9074.83806878668,4135.61434571697,1833.26437272424,3948.51146819912,4618.22731011586,1601.47960608307,3698.91618958851,5012.84665803773,1298.61878567192,2354.65161427333,1893.17943761282,1205.00922631323,1518.50773280876,1290.99512741141,1063.38126854859,2375.95129356643,1955.52477757251,2083.89668301958,1508.87078959731,1822.93468451286,1878.91284220424,2456.37936160114,2073.03285089745,1625.38044294251,1157.47369888045,1391.29100148028,1865.77115960131,1370.17282249357,2746.72200084027
9840.98093918487,15221.8098921317,16626.9785148445,17932.5162091576,19948.9390005158,1560.82673000561,7703.70302276769,3254.75987329327,3629.56178087658,6916.35046682859,889.984982850834,1446.44473675976,1e+09,1538.15658724982,1403.26691837298,4220.86618901855,4447.34159298564,3090.84686708999,606.552215229654,783.278574646339,2419.55984257468,1238.49682676218,2480.58137407343,5362.8401383502,8397.35746283913,7845.54951754178,2822.79872753974,2009.55267922988,2628.05846711979,3256.30948980591,712.920365819353,4716.87951740343,6078.00889049202,712.197412519872,3153.59816804551,655.069171691051,2433.8642944092,2469.29576772407,1665.07201288713,2105.77519564649,2973.26715908611,1776.00135394093,2613.23402327461,1287.33548851882,814.970379891196,1129.74785377092,2863.70009431854,1170.70255769773,1742.68301196747,1564.95597724025,1415.26718802493,660.516773973228,2132.38588524685,3766.27714394467
9981.42219828918,16180.7251523132,17615.9644982896,18869.4579381709,20914.7727588611,2571.69983170665,6572.52270983524,3649.9374149018,4462.52532592253,7931.97978451156,1114.68466787697,1776.32940813353,1538.15658724982,1e+09,1863.34828432583,4883.20771349121,5595.08850575217,2087.81930944706,1219.04205272009,886.178663588782,1037.06793292436,1098.70222107721,3226.52050817905,6300.68824553318,9362.99422379401,8863.82483691437,3416.56202866273,1117.73487656957,3564.72621979585,4070.87733157117,1812.16477283386,4091.26336949847,5151.47969492262,1422.37271715258,2522.22500606112,1693.25131200304,2291.07898499812,1892.50996351406,1086.8882214837,1706.50536251721,1854.81605772648,533.447759860326,1338.67395967054,435.988499504287,1180.37315091457,1067.61152429149,1640.17582572723,958.596068477229,726.025995058028,933.127910310264,813.73546868746,1997.8236870655,1433.03942594054,3129.92962666894
9322.54138656407,15240.578475222,16663.623546699,17916.3335297348,19963.5728298093,2562.08637124122,7739.53688832866,3044.77963258427,3826.74996593715,7111.29673720623,1690.43565192527,2159.24866078458,1403.26691837298,1863.34828432583,1e+09,3850.37463226632,4415.58221931151,2920.33416468047,1731.19536783114,1456.07285940642,2510.65391665199,1338.91531050324,2349.93656761199,5227.98215183449,8333.94192796542,7833.39411367767,3138.17685578745,2804.67006548007,3135.15386662282,3175.70332153367,1669.51306547748,5202.23955062625,6241.72142264456,1936.83590120588,3825.8237157637,1509.75329504525,2938.63959277078,2666.71572011341,2115.5881529967,2626.88926256894,3314.03530743111,2289.16354645097,2666.14149301945,1876.17673916931,1747.53293734339,1976.2004638447,2974.73823312237,1636.67241945357,2211.37300277452,1951.50176277143,2208.40888032538,1655.26548193938,2483.00699209648,4162.01570314193
6224.28727804236,11641.8347210996,13074.5497763365,14265.2656771159,16359.4281654922,3639.86490932013,11269.1505123856,1673.88888095955,1660.02441825414,3891.23288544903,4659.53080933049,5516.74621579605,4220.86618901855,4883.20771349121,3850.37463226632,1e+09,2061.72098861606,6496.75983451751,4647.59937335395,4280.0157809639,5704.21458891581,4693.45070274526,1968.37339643676,1856.63769446276,4814.16021485575,4464.3057936033,2272.06546661843,5714.68040077483,2455.5265109137,1248.99060805116,4520.0862026072,8738.75158443699,9894.70132345085,4570.4102991307,7163.60338626449,3961.61917835372,6488.65156809949,6322.1884106613,5466.96186885367,6188.27954460689,6640.68781503091,5185.71388292875,6051.52555407312,4929.18325368412,4147.2232266783,4405.7455702639,6275.06848040721,4118.10817373706,5437.96610256077,5178.08057267362,5116.97308577053,3810.8997261408,6048.33326247818,7790.92465410878
7411.30817829754,11051.6946636115,12418.8422134271,13716.9909121935,15754.346118535,3654.91861731558,12003.7200096512,2909.64099082688,1885.28799675275,3027.73308963984,5021.37990644006,5654.39873869893,4447.34159298564,5595.08850575217,4415.58221931151,2061.72098861606,1e+09,7167.84788721831,4921.69018532252,4814.64292950163,6481.89631233793,5227.73179748158,2609.91124115361,1526.6934106755,4239.84261766873,3595.04461105839,2877.85531121702,6233.76280213644,2616.03877293514,2021.55595799374,4619.72220103114,9014.35090069163,10396.049274989,4799.57779962988,7483.61249876021,4270.5341904263,6639.28861492706,6722.60643479893,5891.34239819755,6506.48938442998,7264.42334206921,5856.09334282677,6799.17295218323,5504.5948427382,4591.93211646253,4898.31449923338,6965.72292359523,4766.28386232923,5997.10157947154,5717.40388389696,5598.38723474895,3919.96713618877,6506.7602115108,8113.79266971371
11499.2355751763,18002.7904842111,19427.4214544262,20672.0217541512,22733.3895394836,4343.85274007994,4875.39159893849,5263.9762275869,6291.84420824292,9768.78062631156,2484.50381760624,2554.81522394478,3090.84686708999,2087.81930944706,2920.33416468047,6496.75983451751,7167.84788721831,1e+09,2798.76461721953,2774.4027869255,1513.03973312005,2302.53762069157,4945.92249069878,8006.50495412949,11121.2957771071,10572.5707234806,5282.77858112566,2239.82464510059,5472.49153318669,5809.0709176253,3002.21320328853,2886.14302519816,3463.66001476762,3070.30044630815,2076.77914673178,3275.78439914778,2051.43321270764,1250.10977993935,1686.2816334468,1756.11918513522,1287.7202505591,2070.72047456918,1183.37484399492,2171.34247925103,3071.48731423394,2876.1434605214,1032.23796607178,2784.44594610849,1687.46779874462,2195.36821802175,2381.66440635535,3652.96404035134,1346.89603629976,1926.76473203139
10077.6010889001,15624.2130385693,17038.7507243958,18335.2065387849,20347.8046263252,1803.29035856681,7281.17781267564,3565.25923026643,3983.90152164935,7309.84795449262,756.541923293085,1203.57885321237,606.552215229654,1219.04205272009,1731.19536783114,4647.59937335395,4921.69018532252,2798.76461721953,1e+09,688.026752023495,1998.03645422199,1242.68420859847,2835.99069649391,5799.40345565818,8821.84166329798,8254.9944758431,3074.64107475978,1525.76013586671,2990.96001374141,3668.61068160687,979.035597616348,4336.97999682959,5665.48371685066,580.319101357176,2726.40042776185,1112.557096018,2128.66790594494,2170.42936846606,1313.10399294953,1734.56723184776,2569.64326195291,1367.49921228497,2249.20121838843,957.223141278981,721.931235437282,970.708430838014,2430.54399672172,1137.08190813151,1314.46919804155,1250.62840096489,1008.79188235235,1106.18352279357,1784.45632852138,3379.43501319377
9617.87430919639,15445.2868808999,16872.470347658,18146.9406040192,20179.9293174332,1875.73550896708,7354.65443940774,3182.34956987758,3773.31367700858,7174.83192989913,901.817837481606,1569.71219527657,783.278574646339,886.178663588782,1456.07285940642,4280.0157809639,4814.64292950163,2774.4027869255,688.026752023495,1e+09,1838.1186447289,951.9232107686,2535.01621551027,5570.25537707204,8620.92056310694,8119.23200993173,2823.37550150525,1604.85964124593,2819.81493273938,3394.07993652183,1310.01324737577,4618.06798533759,5832.30303471965,807.825759616515,3012.70682669257,1008.96493804294,2466.70233966322,2309.3798908365,1434.8559704026,2000.59416986554,2588.14103734708,1227.9590905645,2096.07317851739,779.815872562235,544.603634765689,782.439057562952,2423.63591991454,711.327581427854,1347.49655031098,1088.44677077017,973.558558793461,1151.20617484445,1905.28548834551,3653.23538533996
10454.3559309409,17043.9603506286,18496.8620536106,19722.7891476916,21768.7797866004,3521.80879263767,5717.03759508366,4445.27026145768,5357.54757824884,8839.30092901017,1936.62487361389,2167.99942728314,2419.55984257468,1037.06793292436,2510.65391665199,5704.21458891581,6481.89631233793,1513.03973312005,1998.03645422199,1838.1186447289,1e+09,1795.191264991,4042.83982581551,7156.79635540233,10223.465661971,9712.22230395289,4287.87398821374,1403.64187191748,4532.77526250751,4942.11602552996,2621.47832968346,3677.29505358219,4402.79720481196,2291.50904397081,2317.93706452526,2679.74474110875,2287.05086200548,1710.47798001027,1372.48398456958,1697.04920170277,1446.67786694205,1049.06638464875,756.379432295723,1324.49597636233,2125.90064281001,2011.90728282891,869.031262613722,1927.50173001219,974.215874537055,1363.17819029649,1516.44718216626,2926.62518544825,1363.78588378088,2687.73741031374
10076.8086210516,15981.0574787997,17396.0266208695,18674.6692210331,20721.9950119239,2571.34547394939,6949.57598442524,3666.8504162428,4398.96416576676,7753.2075031628,1181.61214846497,1315.74906893374,1238.49682676218,1098.70222107721,1338.91531050324,4693.45070274526,5227.73179748158,2302.53762069157,1242.68420859847,951.9232107686,1795.191264991,1e+09,3040.72181060682,6047.33199262286,9118.80100520896,8652.58212161549,3523.45453495572,1811.20930284161,3486.17154390027,3959.07595808669,1539.26935742254,4226.85174802713,5369.27195509782,1254.20686599141,2815.35990814674,1358.97886745895,1996.21175397301,1724.42211398486,1172.50794325668,1650.28501838319,2296.12752193775,1522.04236849701,1727.21664764441,980.603227967357,1381.05293511871,1346.90492648887,2270.94337562609,1259.98789021958,1393.34138210993,804.062456404974,1141.74237120289,1618.61273200232,1493.58825849027,3263.57059796475
7513.68733146383,13094.5964587688,14536.6552402779,15767.5765643583,17823.8245524551,2157.07381048957,9708.65543896785,1460.98306951176,1690.34174970625,4964.21818664329,2992.75956022197,3692.94681474023,2480.58137407343,3226.52050817905,2349.93656761199,1968.37339643676,2609.91124115361,4945.92249069878,2835.99069649391,2535.01621551027,4042.83982581551,3040.72181060682,1e+09,3143.90014461338,6222.76419189254,5728.36123185331,1372.74675989419,4022.44047707359,1586.43905801641,1249.14882956356,2907.05827688404,7056.70143941913,8226.3784170861,2789.55321644883,5461.68364070092,2404.40301848505,4708.22157760231,4621.58723486856,3745.4629193332,4424.38538339508,5022.1158861679,3544.3640070117,4419.59817569426,3249.85006506454,2397.33479295237,2741.13392804876,4633.19429428553,2511.84218811613,3748.56478244674,3412.11091951888,3379.53192038483,2066.75479205928,4349.3380734314,6081.25523356815
6039.24830974021,10025.4052058807,11456.4771168977,12691.8933154278,14749.8989115044,4559.48906023471,12805.9942425374,3239.21702729224,2197.1908003858,2261.0070940844,5942.77716809237,6610.93104768156,5362.8401383502,6300.68824553318,5227.98215183449,1856.63769446276,1526.6934106755,8006.50495412949,5799.40345565818,5570.25537707204,7156.79635540233,6047.33199262286,3143.90014461338,1e+09,3119.87229732244,2734.74047468859,3326.86494605657,7016.0431024973,3200.5611771844,2329.57949739862,5655.45283982636,10036.7181977776,11320.4681451696,5690.29238284818,8439.2503202121,5177.55322527929,7666.97225501045,7661.59483559396,6801.83233937738,7431.32574805465,8083.30438157564,6583.97677390344,7521.03192048139,6286.75081690852,5382.49014587115,5701.27306332542,7741.11302979746,5517.91562698271,6811.69020755495,6480.37439447753,6402.39035729625,4856.23245232351,7391.6500408028,9098.29050291867
5848.86177929518,6914.70963840854,8352.56325803044,9587.97489347985,11637.2273054882,7451.87721956018,15900.6956093405,6194.61026650588,5055.16670673678,2027.85705351733,8996.02173759046,9611.08787067312,8397.35746283913,9362.99422379401,8333.94192796542,4814.16021485575,4239.84261766873,11121.2957771071,8821.84166329798,8620.92056310694,10223.465661971,9118.80100520896,6222.76419189254,3119.87229732244,1e+09,1236.8125630426,6217.6518084161,10014.8552122684,6052.54042900169,5379.26648065515,8675.99534176339,13064.4378447754,14408.1435532132,8681.14806114376,11452.9792395953,8207.0986447587,10689.6015951531,10739.5860624607,9871.41963269722,10474.0981796955,11146.2207792956,9625.1853270002,10598.4312731036,9339.94608876839,8408.07723819186,8718.68215562421,10823.6482313543,8574.77671545446,9876.44794261075,9520.94721474707,9420.6761132734,7861.2744287679,10462.6300685392,12154.2427364563
6266.01124228165,7575.2131732777,8974.36447723737,10220.856312066,12249.4732420011,6843.47470299263,15358.097065418,5691.4383080905,4504.00425574843,1613.61900676709,8411.77959005703,9074.83806878668,7845.54951754178,8863.82483691437,7833.39411367767,4464.3057936033,3595.04461105839,10572.5707234806,8254.9944758431,8119.23200993173,9712.22230395289,8652.58212161549,5728.36123185331,2734.74047468859,1236.8125630426,1e+09,5664.38576117482,9478.06453889189,5557.23383886264,4892.27623864393,8068.30804384662,12465.5916815489,13833.4854306751,8143.3780260651,10860.9642997342,7684.49329175971,10116.4691061457,10197.2043168263,9303.49989734508,9930.52589722216,10619.2685383552,9091.938641104,10122.1593753112,8824.70099510459,7862.0987653107,8179.17996057673,10252.3491427867,8049.16895470582,9319.18733357153,9052.76779723748,8905.39770284854,7316.59623715154,9930.90042529881,11561.9201907209
7647.21923189077,12922.9207133991,14343.0072588945,15588.2124200981,17645.5949998718,1781.78375868117,9885.7691025332,1240.11384195162,1195.26202231979,4687.43335451289,3113.62914511346,4135.61434571697,2822.79872753974,3416.56202866273,3138.17685578745,2272.06546661843,2877.85531121702,5282.77858112566,3074.64107475978,2823.37550150525,4287.87398821374,3523.45453495572,1372.74675989419,3326.86494605657,6217.6518084161,5664.38576117482,1e+09,3962.26637903107,1108.33689264591,1427.8449403209,3116.18580883746,7149.02442056957,8448.7438335826,2948.95123306575,5475.09137928309,2605.7196975308,5063.83147399279,4997.42427327318,3973.80597237711,4740.40453796931,5113.20174330135,3560.05356484983,4721.64989089619,3399.77565803981,2472.84652849707,2695.43057938801,4806.17179578508,2574.82041129085,3881.23850570923,3803.23281273971,3474.0887836237,2397.83166517168,4641.08051059233,6282.18772942993
10852.5827034398,16752.5228937137,18167.3933903326,19453.5078797912,21478.4917351731,2793.3727674802,6152.11502667172,4409.87345369456,5040.47723504432,8441.06066059237,1432.55631913723,1833.26437272424,2009.55267922988,1117.73487656957,2804.67006548007,5714.68040077483,6233.76280213644,2239.82464510059,1525.76013586671,1604.85964124593,1403.64187191748,1811.20930284161,4022.44047707359,7016.0431024973,10014.8552122684,9478.06453889189,3962.26637903107,1e+09,4031.19296278409,4801.45200521676,2078.4741554323,3376.29570240819,4660.72706743272,1610.02047769586,1695.95836508447,2167.68556841162,2017.33523560166,1836.40688026919,1166.25499248663,1459.31560205461,1404.73074996599,747.084283464724,1533.58174134932,950.017117214211,1661.27513792869,1394.5262251747,1624.9831629897,1651.54805718756,804.210429676214,1394.41892453452,820.719597000096,2453.0722401715,1321.19012583352,2573.15862585267
8092.54185772307,12760.6006135448,14162.0816572671,15468.029209867,17490.1553304681,1528.98804491729,10078.4583675779,2012.38173530769,1293.12740903594,4445.93838857445,3132.62118202952,3948.51146819912,2628.05846711979,3564.72621979585,3135.15386662282,2455.5265109137,2616.03877293514,5472.49153318669,2990.96001374141,2819.81493273938,4532.77526250751,3486.17154390027,1586.43905801641,3200.5611771844,6052.54042900169,5557.23383886264,1108.33689264591,4031.19296278409,1e+09,1400.3836148713,2920.35963566133,7125.62515328304,8561.03376614647,2803.89114649624,5470.948273115,2377.69888314311,4974.01219908034,5011.77388327726,4065.90031846576,4658.34067019577,5236.61542308579,3738.87170678535,4870.99088192536,3456.95761585241,2519.30770441008,2796.31312722663,5087.57051074479,2754.9856629028,4008.57831878086,3813.6005330265,3513.75492908939,2131.24642641343,4635.83200961812,6274.33120319608
7072.21198228673,12219.1144996681,13651.6094134977,14894.1835675239,16944.6035419983,2568.22818380688,10554.648285528,1467.44552743875,1034.94218350592,4098.88123426381,3755.67582769067,4618.22731011586,3256.30948980591,4070.87733157117,3175.70332153367,1248.99060805116,2021.55595799374,5809.0709176253,3668.61068160687,3394.07993652183,4942.11602552996,3959.07595808669,1249.14882956356,2329.57949739862,5379.26648065515,4892.27623864393,1427.8449403209,4801.45200521676,1400.3836148713,1e+09,3556.69750884159,7872.9336597675,9127.66136353119,3622.80061822342,6251.7304114381,3050.373556714,5639.36879875753,5547.88571624362,4647.91909072221,5305.08564466211,5850.72673635507,4328.42066594734,5328.48491428849,4070.62489396898,3204.87965267028,3525.98995941565,5513.75253320277,3294.87754157875,4577.13850489583,4387.47848659113,4249.89275341155,2852.72141971487,5217.43269336558,6925.87272753405
10307.4289593671,15480.4079375448,16860.3810250807,18183.6134075794,20199.5923239431,1679.09361016591,7576.4905966021,3501.18157369766,3902.37759193034,7151.33689660891,802.99293651937,1601.47960608307,712.920365819353,1812.16477283386,1669.51306547748,4520.0862026072,4619.72220103114,3002.21320328853,979.035597616348,1310.01324737577,2621.47832968346,1539.26935742254,2907.05827688404,5655.45283982636,8675.99534176339,8068.30804384662,3116.18580883746,2078.4741554323,2920.35963566133,3556.69750884159,1e+09,4447.18714552244,5913.63560486271,1077.26921500617,2939.64433986494,830.211320508219,2318.58539346732,2396.14342657112,1634.56010446236,2082.71915946438,2908.31990436059,1915.0124870089,2757.14956043375,1488.67150345535,1232.85291138075,1348.30515941311,2867.53134591411,1429.59354867039,1782.89989623647,1933.30484551713,1636.12651708234,1101.32577455538,2102.59009600064,3552.25266271981
14045.3872351637,19835.4804738,21207.2154542929,22542.3737650985,24557.838318427,5724.45700941146,3868.07522777156,7457.40250427051,8157.30776768291,11476.0434276932,4127.07735071685,3698.91618958851,4716.87951740343,4091.26336949847,5202.23955062625,8738.75158443699,9014.35090069163,2886.14302519816,4336.97999682959,4618.06798533759,3677.29505358219,4226.85174802713,7056.70143941913,10036.7181977776,13064.4378447754,12465.5916815489,7149.02442056957,3376.29570240819,7125.62515328304,7872.9336597675,4447.18714552244,1e+09,2009.97538671497,4437.67164870273,1718.20445971951,4901.01518032744,2621.90984564687,2643.87690311028,3340.58660815732,2778.707825249,2410.43138703428,3842.30298366748,3240.85628019818,3929.7028128473,4773.0456737601,4491.96119580301,3092.98150629777,4708.08512700227,3460.08729102316,3920.43186248658,3830.56434437538,5223.08767793534,2821.19349894686,1146.09580860415
14735.2679025086,21254.7779314934,22668.2331929332,23948.4930567082,25986.5324627662,7243.35242653566,2060.58007306195,8602.8071597299,9505.11125030633,12938.2028782092,5484.26364280566,5012.84665803773,6078.00889049202,5151.47969492262,6241.72142264456,9894.70132345085,10396.049274989,3463.66001476762,5665.48371685066,5832.30303471965,4402.79720481196,5369.27195509782,8226.3784170861,11320.4681451696,14408.1435532132,13833.4854306751,8448.7438335826,4660.72706743272,8561.03376614647,9127.66136353119,5913.63560486271,2009.97538671497,1e+09,5853.83681003323,3293.71537698691,6316.91928585446,3963.78240385367,3723.19698600544,4559.54671010178,4040.71675457461,3422.09588933449,4961.03801072921,3971.40298316602,5141.5036250595,6074.97080366647,5821.12569400456,3774.28174659762,5928.22885238922,4600.87483349634,4996.71371657413,5112.38315162313,6629.13154862686,3980.52202630509,2432.60575184307
10081.9607444683,15457.6212159116,16858.212525434,18169.1608901705,20187.630500341,1599.33021665321,7510.69177481009,3488.68569022777,3843.85397553029,7133.08154785854,897.613292738025,1298.61878567192,712.197412519872,1422.37271715258,1936.83590120588,4570.4102991307,4799.57779962988,3070.30044630815,580.319101357176,807.825759616515,2291.50904397081,1254.20686599141,2789.55321644883,5690.29238284818,8681.14806114376,8143.3780260651,2948.95123306575,1610.02047769586,2803.89114649624,3622.80061822342,1077.26921500617,4437.67164870273,5853.83681003323,1e+09,2829.87033849609,958.959399401247,2217.37731944746,2327.70280081028,1460.55580451416,1924.04934993882,2702.62946067344,1568.60872877847,2445.05888149958,1098.38709569987,721.817662363564,822.890840330599,2720.41730574557,1144.68965951475,1580.50369180208,1317.29254135139,955.999454759259,911.234478002232,1979.5440043606,3563.02972799835
12469.941924544,18205.364359949,19591.9143686471,20911.8434570939,22927.493775051,4078.96768817798,4999.61181504124,5864.19478921872,6503.96084103372,9847.0802775899,2531.84929701592,2354.65161427333,3153.59816804551,2522.22500606112,3825.8237157637,7163.60338626449,7483.61249876021,2076.77914673178,2726.40042776185,3012.70682669257,2317.93706452526,2815.35990814674,5461.68364070092,8439.2503202121,11452.9792395953,10860.9642997342,5475.09137928309,1695.95836508447,5470.948273115,6251.7304114381,2939.64433986494,1718.20445971951,3293.71537698691,2829.87033849609,1e+09,3341.9521814652,1601.98674922735,1602.73098223002,1850.3860817678,1460.65518836582,1197.80344831696,2218.40240206776,2049.08785026411,2321.11914771732,3113.18828348046,2836.80435014472,1904.55433918279,3088.61095010362,1877.64984006603,2471.077755879,2204.61236955615,3654.33596296235,1480.09961992428,1116.2913799273
9729.57648527931,15018.6209454231,16408.5926312222,17721.5240640414,19753.3940773124,1381.95271062363,7913.70683920627,2969.09306231718,3407.13237454901,6710.30416609411,998.200133039462,1893.17943761282,655.069171691051,1693.25131200304,1509.75329504525,3961.61917835372,4270.5341904263,3275.78439914778,1112.557096018,1008.96493804294,2679.74474110875,1358.97886745895,2404.40301848505,5177.55322527929,8207.0986447587,7684.49329175971,2605.7196975308,2167.68556841162,2377.69888314311,3050.373556714,830.211320508219,4901.01518032744,6316.91928585446,958.959399401247,3341.9521814652,1e+09,2754.18865691877,2721.08843016908,1887.65147196192,2438.14106989321,3103.33469648377,1910.51787610061,2814.18871255998,1429.85661704242,945.182638541356,1078.89316134639,3100.97390348581,1072.12393430051,1963.42155888643,1851.07412390752,1577.80163892677,741.325033571645,2380.02875577166,4018.59497992769
11911.0231094478,17506.2093159656,18893.7983724369,20214.0464204152,22228.4725054759,3676.8005608545,5838.9455077608,5384.33269700155,5953.30050511479,9204.81231181821,2111.38564319738,1205.00922631323,2433.8642944092,2291.07898499812,2938.63959277078,6488.65156809949,6639.28861492706,2051.43321270764,2128.66790594494,2466.70233966322,2287.05086200548,1996.21175397301,4708.22157760231,7666.97225501045,10689.6015951531,10116.4691061457,5063.83147399279,2017.33523560166,4974.01219908034,5639.36879875753,2318.58539346732,2621.90984564687,3963.78240385367,2217.37731944746,1601.98674922735,2754.18865691877,1e+09,858.441593179175,1365.31633048902,796.059715096801,1870.7613251027,2301.43628345431,1968.99457881427,2050.49427056015,2679.89851925404,2547.17130124772,2161.11847523453,2753.60668792767,1820.75302597579,1781.21967856298,1912.29229614617,2883.97878343444,1116.62965257063,1730.18275907489
11607.5715373673,17602.12617515,19007.5371780092,20297.9790295192,22336.7902215023,3795.18188831576,5451.17028311353,5168.70451684946,5945.41588554577,9316.75121374935,2005.63175288985,1518.50773280876,2469.29576772407,1892.50996351406,2666.71572011341,6322.1884106613,6722.60643479893,1250.10977993935,2170.42936846606,2309.3798908365,1710.47798001027,1724.42211398486,4621.58723486856,7661.59483559396,10739.5860624607,10197.2043168263,4997.42427327318,1836.40688026919,5011.77388327726,5547.88571624362,2396.14342657112,2643.87690311028,3723.19698600544,2327.70280081028,1602.73098223002,2721.08843016908,858.441593179175,1e+09,1086.77675002735,767.776477824113,1315.84705410621,1936.51575668777,1268.17129375333,1769.59538768047,2606.72830820552,2427.95621978651,1542.48514407757,2506.44665411016,1444.52247794903,1548.04743648249,1782.90029177181,2987.29991996117,617.034258287172,1639.01307813574
10809.354510483,16707.4184837964,18114.286421855,19397.517545583,21441.637001703,2816.82755773228,6201.62475924656,4214.37358727249,4971.77594624899,8393.39618416169,1032.09664799378,1290.99512741141,1665.07201288713,1086.8882214837,2115.5881529967,5466.96186885367,5891.34239819755,1686.2816334468,1313.10399294953,1434.8559704026,1372.48398456958,1172.50794325668,3745.4629193332,6801.83233937738,9871.41963269722,9303.49989734508,3973.80597237711,1166.25499248663,4065.90031846576,4647.91909072221,1634.56010446236,3340.58660815732,4559.54671010178,1460.55580451416,1850.3860817678,1887.65147196192,1365.31633048902,1086.77675002735,1e+09,1050.287110794,1491.94829307185,1095.82258422611,1349.245670699,882.903414479749,1610.15158037993,1395.58195574463,1447.43909070468,1507.08732623561,672.499725427453,1053.99099550233,901.996389904084,2148.23797475978,838.45789942012,2393.71785210789
11501.3307231903,17297.5212970529,18705.6712882778,20011.7118448747,22024.8174140241,3414.9530114044,5757.98076865493,5075.81362380456,5676.95390132772,8994.87063703531,1759.44658103052,1063.38126854859,2105.77519564649,1706.50536251721,2626.88926256894,6188.27954460689,6506.48938442998,1756.11918513522,1734.56723184776,2000.59416986554,1697.04920170277,1650.28501838319,4424.38538339508,7431.32574805465,10474.0981796955,9930.52589722216,4740.40453796931,1459.31560205461,4658.34067019577,5305.08564466211,2082.71915946438,2778.707825249,4040.71675457461,1924.04934993882,1460.65518836582,2438.14106989321,796.059715096801,767.776477824113,1050.287110794,1e+09,1456.81773654085,1708.23175072939,1428.88148416865,1504.14508442504,2276.44956629836,2167.52440159275,1730.43922794185,2329.66128593837,1245.25786743148,1329.63657121034,1469.13919126133,2652.63484948457,520.059484097733,1767.78694242264
11700.8257992631,17950.5118384045,19364.7801465702,20639.4600187311,22687.4789170591,4012.53404650976,4897.150594897,5321.08463322094,6190.29982193916,9650.44048728865,2294.87942088468,2375.95129356643,2973.26715908611,1854.81605772648,3314.03530743111,6640.68781503091,7264.42334206921,1287.7202505591,2569.64326195291,2588.14103734708,1446.67786694205,2296.12752193775,5022.1158861679,8083.30438157564,11146.2207792956,10619.2685383552,5113.20174330135,1404.73074996599,5236.61542308579,5850.72673635507,2908.31990436059,2410.43138703428,3422.09588933449,2702.62946067344,1197.80344831696,3103.33469648377,1870.7613251027,1315.84705410621,1491.94829307185,1456.81773654085,1e+09,1626.6234243057,1053.4066652058,1828.30329784202,2798.01051563428,2489.09160924222,1087.2908909303,2586.91200146043,1365.22800443735,1955.08581371765,1845.10509760284,3493.39628367582,1100.67260940754,1633.32774938161
10270.7447633558,16406.8814562122,17835.4397740426,19094.4766126569,21135.5505338919,2624.89884443192,6365.94566646622,3866.13434546706,4653.07766977943,8128.35284758234,1170.68664539235,1955.52477757251,1776.00135394093,533.447759860326,2289.16354645097,5185.71388292875,5856.09334282677,2070.72047456918,1367.49921228497,1227.9590905645,1049.06638464875,1522.04236849701,3544.3640070117,6583.97677390344,9625.1853270002,9091.938641104,3560.05356484983,747.084283464724,3738.87170678535,4328.42066594734,1915.0124870089,3842.30298366748,4961.03801072921,1568.60872877847,2218.40240206776,1910.51787610061,2301.43628345431,1936.51575668777,1095.82258422611,1708.23175072939,1626.6234243057,1e+09,1402.39923916123,602.57306113035,1338.67898523134,1124.85674087859,1460.75705413323,1152.14414436736,544.655517919354,1272.22923087783,842.453361142325,2240.50223005914,1433.29315424305,2938.66890336424
10921.1347094155,17439.2072106446,18879.5234971834,20124.2077338488,22175.5526248682,3833.44190707255,5359.72593915025,4840.64275634962,5760.20340810982,9221.58642841892,2123.73679270761,2083.89668301958,2613.23402327461,1338.67395967054,2666.14149301945,6051.52555407312,6799.17295218323,1183.37484399492,2249.20121838843,2096.07317851739,756.379432295723,1727.21664764441,4419.59817569426,7521.03192048139,10598.4312731036,10122.1593753112,4721.64989089619,1533.58174134932,4870.99088192536,5328.48491428849,2757.14956043375,3240.85628019818,3971.40298316602,2445.05888149958,2049.08785026411,2814.18871255998,1968.99457881427,1268.17129375333,1349.245670699,1428.88148416865,1053.4066652058,1402.39923916123,1e+09,1494.96345640955,2451.80317976382,2263.05689621362,1006.34332262901,2223.36672454186,1184.70258149461,1334.92258498386,1621.99180444909,3128.93053861859,1024.4418433469,2286.08427902385
10206.9640916092,16151.0510591169,17571.4028422633,18848.0094304226,20886.8832906372,2347.68129862211,6648.62868262321,3709.17393072905,4422.33513592084,7859.71266393372,797.303493094066,1508.87078959731,1287.33548851882,435.988499504287,1876.17673916931,4929.18325368412,5504.5948427382,2171.34247925103,957.223141278981,779.815872562235,1324.49597636233,980.603227967357,3249.85006506454,6286.75081690852,9339.94608876839,8824.70099510459,3399.77565803981,950.017117214211,3456.95761585241,4070.62489396898,1488.67150345535,3929.7028128473,5141.5036250595,1098.38709569987,2321.11914771732,1429.85661704242,2050.49427056015,1769.59538768047,882.903414479749,1504.14508442504,1828.30329784202,602.57306113035,1494.96345640955,1e+09,1018.28264843314,845.370456249803,1786.45875838207,898.813092138738,656.798500455048,888.187417102945,520.379568680401,1766.83686046562,1294.81985681407,2997.45847874495
