1e+09,1282.89378063813,989.556514758,2555.88694454587,5058.963767858,3756.97892919298,7224.6147631552,3173.25458389333,2113.74635091347,2099.27866578022,1783.39660244153,1369.93403932452,2038.06184398315,1035.6293463397,4940.79400503603,1801.15757020312,882.354947625954,4745.14476831846,1715.74455257769,2276.05035008016,3340.87189482027,1177.58753691605,1211.71592887937,2246.44409621072,1968.72839546241,1975.87597335966,1695.664197328,1414.05701716727,981.687227634138,2531.56315392289,2039.67513638815,4443.96132452793,4884.70262930099,1701.77399792099,2379.84740554936,1335.8613234539,2474.0201877511,1696.19801727275,2006.93425455345,1255.3086016992,3901.35108799503,2365.62361268652,3964.74664155227,1779.39158045665,1771.32772331943,2467.49318629252,4200.47205479337,1232.35437050387,1675.2464469146,3195.56016006584,1663.02429480149,3266.35270817467,5480.03606499082,5625.56765813016
1282.89378063813,1e+09,372.885850764011,1642.00090971351,3944.19932205511,3598.9538552196,7861.41706095027,3505.57544716984,2541.78867367057,2147.61538595718,1289.06161621545,1989.84417683898,2810.1413960333,871.130163178844,5327.46592325094,1088.54658581983,726.548310162511,4829.84218387102,2410.94337330847,2746.43730135971,3602.46179777107,1253.3251663874,1876.24906611569,2843.91285836961,2178.87948466637,2081.64052302505,1818.72534295314,1253.40295308412,1621.36695343775,2834.79319215706,2749.90941748997,5003.25787081777,5370.34636315946,2125.2231738808,2914.21564200387,2222.66499043378,3049.81349229752,2175.43767725026,2138.28457561196,1949.38431467476,4416.69715470735,2708.28966971777,4389.08847902386,1757.63629741764,2264.03268470223,2966.60812572203,4693.47658130943,1760.22567891166,2179.5307118506,3976.67449223594,1901.09709360148,3962.09432217356,6186.17091955921,6103.80882814985
989.556514758,372.885850764011,1e+09,1926.68730078339,4199.0728400922,3768.32937723071,7802.87639468292,3440.24287504531,2475.73516255273,2172.12128839529,1293.88743586913,1835.74361259954,2685.35533350803,829.466167543921,5333.50357469647,1038.67141387447,503.115459412648,4915.03935329108,2296.96222089089,2642.54054069185,3611.81110481985,1122.17844187099,1592.836484326,2738.70645077197,2206.99395069402,2149.41426872532,1836.64294521281,1251.30452340747,1319.64669347519,2837.11312414574,2617.81951671615,4966.71619505282,5333.16535858396,2001.41930346942,2821.05708237178,2045.38568162584,2946.29965975968,2061.31509495759,2140.99701956822,1736.38764289545,4369.18751194086,2685.83517643954,4383.79625626009,1808.71617671209,2211.93948264866,2903.45499853192,4666.17919799487,1641.56841276872,2094.70423525614,3844.32302528026,1879.38344661221,3878.71019627659,6105.65715692423,6090.35310394233
2555.88694454587,1642.00090971351,1926.68730078339,1e+09,3339.07957302608,2975.32075432213,8083.35883069037,4091.11343488542,3236.22057077388,2685.40351960371,2464.11377336762,2927.02821370072,3571.58292161893,2230.79487902855,5475.48116730393,2256.07958605188,2179.66282835213,4705.7943832471,3162.52114642733,3472.02106704438,3959.82840616863,2564.90517809139,3254.69537573027,3628.79338600312,2614.40796376541,2308.57735174718,2145.82136996536,2266.13432940327,2953.87690220835,3225.94205515226,3551.81271686726,5264.61936422758,5660.66780933133,3218.50450332138,3702.76171869052,3260.9273802095,3804.49968838217,3131.50049364518,2717.5303131336,3281.83957773685,4856.98481462522,3251.99372016614,4547.64858675338,2347.43120314526,2783.46141210903,3586.07182612117,5015.22938418573,2752.09844304305,2977.15381691978,4690.47616737363,2660.94415390478,4433.98897063355,6516.29198818623,6249.53891317592
5058.963767858,3944.19932205511,4199.0728400922,3339.07957302608,1e+09,6024.05144175413,11343.5649297873,7105.96424117797,6294.63933819087,5698.99506573747,4757.20788985514,5859.43541797331,6563.4064496266,4672.02000936426,8661.99705060559,3634.69390749758,4351.35031734978,7777.27778611514,6175.66748202978,6514.6754847191,7070.15572812226,5061.43402402916,5669.74471474686,6663.20767820575,5698.1247734847,5382.04471176151,5308.19302702907,5013.62218048987,5454.64589712293,6377.13066747107,6597.07540028913,8484.44750870674,8868.36803592409,5953.42366699196,6715.28363025718,6116.23764812977,6778.64996288347,6006.58277469811,5749.11421803394,5863.8052259092,8016.03998136861,6341.38541539623,7779.38178689027,5344.2467817177,5933.07330955046,6682.80214259707,8196.16120982256,5641.84150130079,5989.97022241346,7799.26077277199,5606.30083399027,7629.03455331669,9772.65524981312,9462.0797636619
3756.97892919298,3598.9538552196,3768.32937723071,2975.32075432213,6024.05144175413,1e+09,5625.59437259744,3347.34283380116,2681.0544354787,2511.5478123261,3709.68577035845,3158.92524579168,2929.4698698058,3399.66050805077,3106.30501132777,4630.5578004707,3858.10892560073,2179.85410610435,2855.337302334,3020.25379084275,2426.95785023144,3607.36817731432,4210.88213091984,2973.04362847234,2229.86598034501,1903.27813571743,2185.73004076441,3022.27895337277,4016.84019195437,2083.38132829782,2995.38605652093,3038.07679216639,3535.4268864594,3397.81037952385,2996.54009632776,3311.81238201985,3083.69414926319,3097.44015993853,2410.74258192367,3799.90012309534,3032.94312937121,2346.1811516377,2351.20984335725,2439.40933473659,2344.13437460398,2638.69302238817,2906.91743386358,3027.99218134724,2746.70853719502,3469.93383343256,2574.90709791635,2901.38560577528,4345.30346613444,3748.08965589139
7224.6147631552,7861.41706095027,7802.87639468292,8083.35883069037,11343.5649297873,5625.59437259744,1e+09,4942.48270070822,5377.06494448412,5898.42966083347,7371.38253705504,6081.36979402667,5367.96564246643,7256.23294755619,2774.17888871644,8765.71452460665,7804.57261838212,3954.89619071095,5657.91956530844,5345.22633476825,4447.17829213087,7045.7443712996,7017.24196773205,5142.08547772205,5808.30245344541,6107.01560960016,6203.8502318399,6746.14627963254,7045.38433737294,5065.95917222988,5255.77137008451,2936.34926480145,2637.48788101481,6150.81050242974,5098.55650158945,5967.7256713341,5184.98846056575,5922.2473266489,5830.30422303159,6512.32424841546,3531.02971664074,5207.78568323429,3587.58978166401,6189.52508010106,5637.53043787792,4947.40496355413,3240.41740081428,6204.30614301873,5725.85143412751,4135.7385093596,6044.2451167288,3990.85359187731,1820.5031707745,1960.87613662873
3173.25458389333,3505.57544716984,3440.24287504531,4091.11343488542,7105.96424117797,3347.34283380116,4942.48270070822,1e+09,1399.60178958159,1623.1723698363,2710.78993760122,1921.16305130512,2374.11130137153,3061.34347112506,2663.35763771973,4232.76709450213,3626.4665071113,2796.91615131738,2154.85458193819,1181.69761203956,1269.95020382691,2623.66792881645,2704.09757148295,1401.26218367585,2044.54894573351,2772.14102922272,2444.72677686076,2382.87175093415,2651.00277534747,1625.24844608448,1666.77791256064,2708.12150877689,2483.29785050042,1955.16654804648,1278.22806998595,2216.9541678844,1959.65927997701,1903.60290717366,1826.49461075033,2313.58781996707,1859.22793884989,1589.95004044152,2247.24467922387,2017.93627525747,2027.80273803938,1455.37800127664,2300.13932980157,2062.43429546252,1783.27567019236,1831.06181179118,2160.14147613067,2009.14996503497,3502.09376090932,3452.16796503299
2113.74635091347,2541.78867367057,2475.73516255273,3236.22057077388,6294.63933819087,2681.0544354787,5377.06494448412,1399.60178958159,1e+09,845.094247643421,2099.51758763769,908.789500104397,1139.42328837882,1975.52098055171,2948.97782921473,3435.36500364954,2533.61088346257,2846.87202541667,926.762130376506,555.650115180407,1275.93573325619,1731.93829760185,1958.86088166056,448.82224788885,994.539982253102,1499.25769689537,1279.48747383474,1388.30983897688,1891.38690962479,678.669198873796,611.074655995485,2615.8133444686,2873.49078395947,1021.39453572065,486.694672150826,1112.17916654647,1028.74393208417,739.147956095395,671.7180549159,1434.8822653096,1936.23105129527,522.802507549457,2084.71103841756,1023.53054766333,795.92335271683,504.827482017372,2262.14374359809,943.67646208857,466.92372642649,1576.93142577602,839.219553215963,1623.07060209961,3732.70701748744,3688.33587977017
2099.27866578022,2147.61538595718,2172.12128839529,2685.40351960371,5698.99506573747,2511.5478123261,5898.42966083347,1623.1723698363,845.094247643421,1e+09,1764.55589477919,1054.68167609948,1788.5753230155,1790.53120570405,3337.73583625187,3072.48718898875,2343.88934691892,3033.94512753609,1282.17675368882,1065.55487775149,1577.93591390779,1438.36377210357,1974.80766828064,1215.84237481674,719.176305713696,1456.7591009841,1224.82383953775,1062.58166952004,1921.54923265057,1028.42727282973,1399.07622194075,3162.3336891764,3334.55390619195,1117.11303053899,1241.54380482527,1518.62227209402,1561.39424810008,1035.78918849349,622.553374338297,1612.61164720462,2528.1161120091,1077.73348704585,2545.28558159983,572.349074254515,1083.12750025101,1168.92560045539,2794.18692121698,1076.34296118849,881.892333394502,2320.09472440243,918.39619233749,2227.0710399985,4290.64425346591,4150.09061211921
1783.39660244153,1289.06161621545,1293.88743586913,2464.11377336762,4757.20788985514,3709.68577035845,7371.38253705504,2710.78993760122,2099.51758763769,1764.55589477919,1e+09,1792.70612005984,2735.35333459866,1139.49575225185,4825.89237921858,1799.16973293239,1598.66213153374,4366.85504759432,2405.76557322196,2224.91513323542,3028.53624941159,1169.22458950366,1720.9919194174,2399.40365728654,2137.74974332825,2338.10479408003,1933.59324060155,979.075630275823,1432.66387575733,2513.24955058188,2400.36418253564,4648.83133661569,4833.79891951455,1708.81566893565,2367.91477255834,2096.67992633592,2769.10352002232,1847.22751803886,1815.83742270612,1584.29482694983,3871.43642951812,2287.77158940747,4031.65596212028,1514.66628727255,2214.63305380372,2583.90553983693,4248.45886503565,1526.03063196648,1905.69986920816,3547.46459610241,1731.60795952779,3691.34580734453,5795.12863974563,5649.68013368899
1369.93403932452,1989.84417683898,1835.74361259954,2927.02821370072,5859.43541797331,3158.92524579168,6081.36979402667,1921.16305130512,908.789500104397,1054.68167609948,1792.70612005984,1e+09,1324.33205526409,1548.91836418192,3776.13445389594,2774.25060919161,1885.738458456,3699.9897290398,777.911109831965,947.407793297057,2143.25279271952,1085.30176531691,1163.86963324936,1037.88378169234,1147.33999058692,1623.3000530401,1264.43503344379,1075.41796511868,1134.1735343412,1455.94424886395,982.069704399846,3360.51552464797,3633.84437834093,723.907320518311,1192.45644624867,773.967429288856,1332.69824225141,600.936747669836,1010.71875356105,911.325364071471,2754.47685768096,1345.06728047336,2878.18181242951,1096.99089699961,963.126905708692,1256.46106581143,3069.09515743647,599.954924140139,623.817108454073,2101.15123146812,932.61733846203,2195.07849155788,4361.21474877126,4478.14033486
2038.06184398315,2810.1413960333,2685.35533350803,3571.58292161893,6563.4064496266,2929.4698698058,5367.96564246643,2374.11130137153,1139.42328837882,1788.5753230155,2735.35333459866,1324.33205526409,1e+09,2155.97821252906,3230.46203096399,3688.05714597808,2540.80805624904,3274.98534140231,781.623218437119,1402.9661876895,2004.18347989898,2135.00696785748,2158.43145316223,1012.03478877952,1512.9155361751,1477.48427226824,1530.30926821999,1926.40351647831,2141.65342793833,1298.45303396003,763.156004169528,2559.47498280409,3126.03841457523,1499.65441582386,1174.37389710433,1011.08158355298,1022.73167306973,1147.89946907384,1406.20781003378,1656.85705659843,2168.98508641715,1182.16483656045,2237.87011624893,1737.24466667767,1009.91644431606,1055.02094391533,2367.69522713545,1330.4563267541,1001.91497633282,1491.92330282089,1192.92978460595,1527.24344120379,3644.23725082492,3772.14618509145
1035.6293463397,871.130163178844,829.466167543921,2230.79487902855,4672.02000936426,3399.66050805077,7256.23294755619,3061.34347112506,1975.52098055171,1790.53120570405,1139.49575225185,1548.91836418192,2155.97821252906,1e+09,4765.32752060129,1705.49875634666,845.309007878184,4365.89758147165,1893.06553629292,2264.36556481059,3062.20469818724,998.954482796889,1591.19944177341,2225.17495981777,1770.49557607468,1686.39991683468,1505.93525182858,870.435114755833,1363.41060832751,2305.44253897164,2118.04708757855,4399.9843103243,4808.13495337849,1584.87109425341,2274.3117209169,1571.38515434632,2489.52199805505,1613.00652459933,1679.35098544051,1323.17986626913,3777.23881802568,2105.81008144134,3841.31745081033,1342.05147002639,1768.50413078398,2381.17978535851,4075.83622397907,1155.56836911539,1590.64732228738,3320.8904682931,1320.39873405725,3369.9658522899,5588.91358081336,5521.07370879977
4940.79400503603,5327.46592325094,5333.50357469647,5475.48116730393,8661.99705060559,3106.30501132777,2774.17888871644,2663.35763771973,2948.97782921473,3337.73583625187,4825.89237921858,3776.13445389594,3230.46203096399,4765.32752060129,1e+09,6282.51390525322,5392.87372574215,1404.35260504618,3416.17940868158,3041.26583614455,1818.8730132145,4629.6276767684,4829.87617564881,2852.66134839031,3286.99718894008,3603.98651802417,3706.35790113421,4215.8920304486,4793.52885376734,2512.82994687265,3026.49278730348,1014.52129553795,854.187726849315,3826.33711478746,2770.8191730786,3753.95668156946,3036.44523243875,3586.22167747617,3298.01764366111,4258.00318650656,1241.42604193726,2690.16683770728,1124.58591130247,3598.65090062929,3227.17004553525,2572.68029315731,930.013084047746,3804.16985552696,3323.49420795343,2302.17306938466,3557.57041193846,1971.97874451019,1753.75519414769,941.942579353965
1801.15757020312,1088.54658581983,1038.67141387447,2256.07958605188,3634.69390749758,4630.5578004707,8765.71452460665,4232.76709450213,3435.36500364954,3072.48718898875,1799.16973293239,2774.25060919161,3688.05714597808,1705.49875634666,6282.51390525322,1e+09,1288.8309739062,5829.04653767664,3295.71870617017,3565.78500958765,4533.9802023057,1947.24330226092,2263.52493814404,3689.13326472493,3156.00164033544,3137.81129273256,2820.95567827642,2177.26741979482,2015.45685545486,3816.28287989766,3577.15578093826,5961.46148720261,6293.57024214396,2896.64071184191,3753.37806787433,2960.82606219953,3936.37557378612,3027.22797897681,3119.18137196284,2534.3118583947,5320.27709642083,3652.0697074125,5366.19949791284,2725.62244999193,3205.20409850917,3882.82607474247,5647.00511816662,2583.35493070542,3073.02720378457,4789.78863046168,2885.80426304349,4856.46601597293,7077.29876757369,7068.67647199248
882.354947625954,726.548310162511,503.115459412648,2179.66282835213,4351.35031734978,3858.10892560073,7804.57261838212,3626.4665071113,2533.61088346257,2343.88934691892,1598.66213153374,1885.738458456,2540.80805624904,845.309007878184,5392.87372574215,1288.8309739062,1e+09,5009.80758158435,2233.07040961542,2716.09361478945,3713.81081909136,1230.05440420333,1581.53409640766,2753.66879747729,2303.25815945586,2113.93611982482,1894.52314937031,1395.77636339064,1385.7221430359,2894.47750944795,2600.32829123555,4946.99508919304,5370.76510215258,2007.54460862019,2852.54918665744,1989.62074755467,2864.21563961235,2040.42808488807,2210.58859589477,1719.47544783286,4392.91683711404,2732.17297894917,4409.91081890552,1974.75774686416,2240.80581166687,2920.42580843958,4668.14164715468,1700.84096960886,2123.16142130079,3805.4370121446,1872.48632408891,3858.8267096878,6085.65843599524,6104.36970879058
4745.14476831846,4829.84218387102,4915.03935329108,4705.7943832471,7777.27778611514,2179.85410610435,3954.89619071095,2796.91615131738,2846.87202541667,3033.94512753609,4366.85504759432,3699.9897290398,3274.98534140231,4365.89758147165,1404.35260504618,5829.04653767664,5009.80758158435,1e+09,3423.64067054357,3036.42238270633,1759.07577247258,4384.69271336088,4787.75668542168,2956.60681919325,3035.95663885372,3115.95402488548,3227.97262218873,3807.11143121659,4649.2107409968,2285.19955710656,3103.86526117034,1901.85075939202,1994.82728104465,3753.25603111485,2851.8364251829,3788.61700954319,3145.32558923556,3478.92874458503,2935.43888262045,4226.55618550138,1862.42076414005,2462.73499382292,1388.94299847042,3201.30965354806,3030.2916371696,2623.04385230213,1679.2427873896,3625.38585935346,3192.30705509354,2916.16711991957,3233.14529283792,2533.08012220301,3059.516287569,2068.19243149664
1715.74455257769,2410.94337330847,2296.96222089089,3162.52114642733,6175.66748202978,2855.337302334,5657.91956530844,2154.85458193819,926.762130376506,1282.17675368882,2405.76557322196,777.911109831965,781.623218437119,1893.06553629292,3416.17940868158,3295.71870617017,2233.07040961542,3423.64067054357,1e+09,1133.55229389737,1980.62879245456,1621.62114397907,1734.3697479488,918.813828204604,1009.55289192791,1346.17417595198,1303.30909979176,1532.52245787786,1794.89006838859,1203.02168234824,836.778792931561,2869.50393723375,3291.30511736606,1077.44406476624,1147.90981204971,807.052835569023,959.26116219724,793.041733138931,1095.96515847905,1372.48674339682,2436.63449021391,1210.64988349233,2463.87877096257,1321.37770311898,755.968067381156,969.206620231208,2643.44425861413,996.156309421368,678.546569072455,1753.8706209125,948.255484455534,1697.48933018738,3899.32563432448,4043.48853134271
2276.05035008016,2746.43730135971,2642.54054069185,3472.02106704438,6514.6754847191,3020.25379084275,5345.22633476825,1181.69761203956,555.650115180407,1065.55487775149,2224.91513323542,947.407793297057,1402.9661876895,2264.36556481059,3041.26583614455,3565.78500958765,2716.09361478945,3036.42238270633,1133.55229389737,1e+09,1443.86168191416,1820.18212901896,1874.40548153274,620.745547466915,1392.10616197185,1923.92282542726,1589.17690261343,1592.3046881486,1850.03996497373,1085.07481391838,803.107259274874,2723.12085438748,2826.97682887568,1053.2016813982,669.543578566773,1353.10023427683,991.908734561804,839.82813092918,967.692455173647,1533.40357349264,2029.71104463172,995.115916464007,2241.25022672615,1395.78771211814,1188.67313686312,758.789590136818,2379.76779140319,1232.9211686073,861.335040155688,1562.96548231239,1221.76988455273,1736.02951705897,3705.32202148477,3742.47498400457
3340.87189482027,3602.46179777107,3611.81110481985,3959.82840616863,7070.15572812226,2426.95785023144,4447.17829213087,1269.95020382691,1275.93573325619,1577.93591390779,3028.53624941159,2143.25279271952,2004.18347989898,3062.20469818724,1818.8730132145,4533.9802023057,3713.81081909136,1759.07577247258,1980.62879245456,1443.86168191416,1e+09,2873.27638459999,3173.44546291566,1329.40494899034,1704.01389175675,2201.81051711995,2173.27240963944,2445.81181594169,3121.15711310725,937.387020552344,1596.09371786246,1842.52015704035,1902.50489090042,2137.43847626078,1203.87769341408,2259.06761640726,1719.37126572477,1935.68935198807,1588.47291859194,2609.04923056274,1116.47231591294,1075.96172957034,1253.83006276768,1866.96567649221,1738.66790325237,1059.23828848848,1382.87577146322,2136.2036700886,1685.79718789064,1615.79382509032,1896.89401641209,1447.92421466042,3002.8477834216,2668.03003397638
1177.58753691605,1253.3251663874,1122.17844187099,2564.90517809139,5061.43402402916,3607.36817731432,7045.7443712996,2623.66792881645,1731.93829760185,1438.36377210357,1169.22458950366,1085.30176531691,2135.00696785748,998.954482796889,4629.6276767684,1947.24330226092,1230.05440420333,4384.69271336088,1621.62114397907,1820.18212901896,2873.27638459999,1e+09,905.575631739282,1935.41794496693,1637.2197366267,1968.77728405221,1685.36165299914,745.606166350574,980.545316341881,2208.68460500815,1941.6394229362,4290.5272201444,4531.18992025274,990.170467697356,2015.00433607474,1456.05984059722,2093.80250011791,1205.93134427297,1495.29861559489,973.61417039811,3638.35866534623,2078.45374598522,3771.41444044539,1305.12177596575,1765.02934057766,2125.91141322963,3950.93397044294,1083.70080723417,1420.10333363456,3061.61012225593,1309.30983903735,3172.79190447467,5344.42013542162,5381.27937028919
1211.71592887937,1876.24906611569,1592.836484326,3254.69537573027,5669.74471474686,4210.88213091984,7017.24196773205,2704.09757148295,1958.86088166056,1974.80766828064,1720.9919194174,1163.86963324936,2158.43145316223,1591.19944177341,4829.87617564881,2263.52493814404,1581.53409640766,4787.75668542168,1734.3697479488,1874.40548153274,3173.44546291566,905.575631739282,1e+09,1998.06637414777,2157.5289420075,2509.19744472212,2154.76785250755,1460.99813158676,621.55237719761,2566.10196582287,1936.55450444856,4394.99173987847,4606.30133962163,1157.21980198232,2106.49697374575,1425.775154153,2120.02865025452,1376.58575559244,1964.88302237054,850.40316168274,3738.02263587314,2391.65799361029,3980.48795106831,1946.47698386084,2061.48684616225,2299.2376038809,4092.86447501014,1371.38796647776,1676.53793699994,2933.43357795945,1782.88332343987,3200.28127231029,5286.99789860938,5507.38121250926
2246.44409621072,2843.91285836961,2738.70645077197,3628.79338600312,6663.20767820575,2973.04362847234,5142.08547772205,1401.26218367585,448.82224788885,1215.84237481674,2399.40365728654,1037.88378169234,1012.03478877952,2225.17495981777,2852.66134839031,3689.13326472493,2753.66879747729,2956.60681919325,918.813828204604,620.745547466915,1329.40494899034,1935.41794496693,1998.06637414777,1e+09,1270.96064356848,1791.90716854976,1638.54173248654,1721.10361628811,2007.12159589298,909.427533506656,412.67690606575,2441.49195290503,2701.77578538635,1095.91957560763,254.958246973892,1052.49520383705,869.726664188238,858.917957083213,1079.76125523191,1444.67885521316,1756.62936198846,771.965808245417,2032.98721272417,1407.87639215948,1024.70952127908,416.457463614233,2106.12290883035,1144.30310621793,695.133813952393,1188.89593497497,1149.83550045213,1364.24321966429,3463.1337769425,3538.24329564828
1968.72839546241,2178.87948466637,2206.99395069402,2614.40796376541,5698.1247734847,2229.86598034501,5808.30245344541,2044.54894573351,994.539982253102,719.176305713696,2137.74974332825,1147.33999058692,1512.9155361751,1770.49557607468,3286.99718894008,3156.00164033544,2303.25815945586,3035.95663885372,1009.55289192791,1392.10616197185,1704.01389175675,1637.2197366267,2157.5289420075,1270.96064356848,1e+09,1034.63638037718,1074.47491417901,1317.49930698274,2111.29664216093,935.927766870927,1351.89412954565,2989.17434493206,3359.83475090666,1374.85461089528,1372.55686913148,1333.57900590854,1590.51132806403,1204.75026611327,875.330267727559,1719.38917345667,2508.22290183708,1080.1611701038,2408.5381036222,667.864362052655,743.634345293438,1156.97200791549,2695.92908819947,1066.64463810587,843.263481125561,2246.2983597688,895.592040049486,1992.03513550841,4149.10634926366,4057.3863271939
1975.87597335966,2081.64052302505,2149.41426872532,2308.57735174718,5382.04471176151,1903.27813571743,6107.01560960016,2772.14102922272,1499.25769689537,1456.7591009841,2338.10479408003,1623.3000530401,1477.48427226824,1686.39991683468,3603.98651802417,3137.81129273256,2113.93611982482,3115.95402488548,1346.17417595198,1923.92282542726,2201.81051711995,1968.77728405221,2509.19744472212,1791.90716854976,1034.63638037718,1e+09,713.586124304558,1477.77064035662,2348.35046630608,1305.40618858653,1693.50468162919,3181.43875631765,3745.23794795471,1860.3244704352,1887.23989471397,1670.52805118621,1883.76504949529,1559.4062742916,1138.69360286251,2107.27722186712,2848.5009621027,1352.42756160912,2580.0826732103,1141.14614791446,954.212957730087,1646.88448839012,2954.1469728502,1411.17691073798,1272.00935452535,2657.21282446476,951.166868745963,2374.79931103662,4483.56792013905,4286.18750890579
1695.664197328,1818.72534295314,1836.64294521281,2145.82136996536,5308.19302702907,2185.73004076441,6203.8502318399,2444.72677686076,1279.48747383474,1224.82383953775,1933.59324060155,1264.43503344379,1530.30926821999,1505.93525182858,3706.35790113421,2820.95567827642,1894.52314937031,3227.97262218873,1303.30909979176,1589.17690261343,2173.27240963944,1685.36165299914,2154.76785250755,1638.54173248654,1074.47491417901,713.586124304558,1e+09,1138.13839224411,1878.03550514893,1301.74830808417,1500.14100227279,3330.02474312129,3778.27939850933,1649.40848685218,1727.01797078085,1515.03897699036,1857.0409949433,1340.64468249421,904.957080971247,1850.44997289848,2873.35780638263,1255.5700589772,2680.91443671744,927.891994630841,787.730910082878,1588.59007528689,3074.74660660029,1099.1745347305,1055.92688099129,2617.51282375082,834.300380079022,2445.8722405923,4577.8186451737,4422.38525466744
1414.05701716727,1253.40295308412,1251.30452340747,2266.13432940327,5013.62218048987,3022.27895337277,6746.14627963254,2382.87175093415,1388.30983897688,1062.58166952004,979.075630275823,1075.41796511868,1926.40351647831,870.435114755833,4215.8920304486,2177.26741979482,1395.77636339064,3807.11143121659,1532.52245787786,1592.3046881486,2445.81181594169,745.606166350574,1460.99813158676,1721.10361628811,1317.49930698274,1477.77064035662,1138.13839224411,1e+09,1286.42294728445,1752.23296016825,1717.26936233079,3929.50428513572,4203.21407198111,1059.98714435601,1755.81833157648,1460.60812208477,1954.73267850108,1065.19490150864,979.661961852148,1222.32270685773,3273.22196069866,1598.01987687888,3329.52742741369,790.373851667678,1398.74536875015,1831.33277806083,3572.90300046055,870.205813759021,1126.74156934942,2898.79338656621,838.062846748381,2941.87820271336,5105.39269692352,4992.62554664377
981.687227634138,1621.36695343775,1319.64669347519,2953.87690220835,5454.64589712293,4016.84019195437,7045.38433737294,2651.00277534747,1891.38690962479,1921.54923265057,1432.66387575733,1134.1735343412,2141.65342793833,1363.41060832751,4793.52885376734,2015.45685545486,1385.7221430359,4649.2107409968,1794.89006838859,1850.03996497373,3121.15711310725,980.545316341881,621.55237719761,2007.12159589298,2111.29664216093,2348.35046630608,1878.03550514893,1286.42294728445,1e+09,2478.10653834737,1871.19690730292,4381.83850453209,4633.05440723504,1341.71100699815,2094.00122029573,1400.15943763559,2269.96935655528,1435.58667321064,1865.01551832686,934.619378570763,3703.57813924588,2259.69133082375,3901.2145161475,1792.08362809887,1901.85714734309,2306.11750106104,4080.23463038586,1193.12930841548,1593.06766510403,2989.17190176477,1684.54994215072,3225.40287798284,5344.32526496096,5495.87677961397
2531.56315392289,2834.79319215706,2837.11312414574,3225.94205515226,6377.13066747107,2083.38132829782,5065.95917222988,1625.24844608448,678.669198873796,1028.42727282973,2513.24955058188,1455.94424886395,1298.45303396003,2305.44253897164,2512.82994687265,3816.28287989766,2894.47750944795,2285.19955710656,1203.02168234824,1085.07481391838,937.387020552344,2208.68460500815,2566.10196582287,909.427533506656,935.927766870927,1305.40618858653,1301.74830808417,1752.23296016825,2478.10653834737,1e+09,1040.57934147282,2220.71007544884,2577.59292701544,1590.87401760793,917.634222770707,1571.38287708629,1273.36830991666,1287.32119803101,858.294592316647,2029.29716020104,1676.7216604732,422.639580730438,1595.23682172899,1167.39326154471,857.435834275662,597.769692523801,1882.27956781133,1410.3199338448,932.365305553569,1662.09026737419,1081.14328948572,1426.01000988773,3469.83156777098,3273.23929536171
2039.67513638815,2749.90941748997,2617.81951671615,3551.81271686726,6597.07540028913,2995.38605652093,5255.77137008451,1666.77791256064,611.074655995485,1399.07622194075,2400.36418253564,982.069704399846,763.156004169528,2118.04708757855,3026.49278730348,3577.15578093826,2600.32829123555,3103.86526117034,836.778792931561,803.107259274874,1596.09371786246,1941.6394229362,1936.55450444856,412.67690606575,1351.89412954565,1693.50468162919,1500.14100227279,1717.26936233079,1871.19690730292,1040.57934147282,1e+09,2528.62782534322,2895.595973526,1208.87854261708,564.790852882729,855.983257955434,1004.10519578379,902.214946229556,1162.13175978458,1386.85660314973,1903.80474917992,837.345709548929,2124.36440280381,1463.50051021515,881.515535087159,675.945004419738,2245.90874384958,1035.66856286169,654.843685393698,1250.64747814882,1124.92870098509,1425.61844243121,3561.97122374676,3673.3149599238
4443.96132452793,5003.25787081777,4966.71619505282,5264.61936422758,8484.44750870674,3038.07679216639,2936.34926480145,2708.12150877689,2615.8133444686,3162.3336891764,4648.83133661569,3360.51552464797,2559.47498280409,4399.9843103243,1014.52129553795,5961.46148720261,4946.99508919304,1901.85075939202,2869.50393723375,2723.12085438748,1842.52015704035,4290.5272201444,4394.99173987847,2441.49195290503,2989.17434493206,3181.43875631765,3330.02474312129,3929.50428513572,4381.83850453209,2220.71007544884,2528.62782534322,1e+09,1053.61555445997,3458.08475834529,2422.75786070338,3240.58304868121,2499.92113969621,3167.79131646957,3006.42390866624,3842.86198820619,1003.98952887966,2379.90688082538,811.211278274655,3373.35225716201,2787.83807684378,2174.63181557247,530.320456705189,3419.7748560395,2922.23329633347,1695.41983387596,3173.95852918717,1313.94909166984,1450.32702253664,1234.80333798545
4884.70262930099,5370.34636315946,5333.16535858396,5660.66780933133,8868.36803592409,3535.4268864594,2637.48788101481,2483.29785050042,2873.49078395947,3334.55390619195,4833.79891951455,3633.84437834093,3126.03841457523,4808.13495337849,854.187726849315,6293.57024214396,5370.76510215258,1994.82728104465,3291.30511736606,2826.97682887568,1902.50489090042,4531.18992025274,4606.30133962163,2701.77578538635,3359.83475090666,3745.23794795471,3778.27939850933,4203.21407198111,4633.05440723504,2577.59292701544,2895.595973526,1053.61555445997,1e+09,3649.85752010952,2640.23194477304,3665.14406510849,2755.84145950017,3429.23746624523,3277.76570688022,4120.86112799255,1207.53337945582,2739.04496910876,1358.51453867818,3678.3841281329,3256.17455697633,2464.58402674772,987.803520240741,3776.13955094353,3273.18045154862,1988.20564255813,3555.07547047879,1831.04700919993,1396.95861810578,1103.42799307431
1701.77399792099,2125.2231738808,2001.41930346942,3218.50450332138,5953.42366699196,3397.81037952385,6150.81050242974,1955.16654804648,1021.39453572065,1117.11303053899,1708.81566893565,723.907320518311,1499.65441582386,1584.87109425341,3826.33711478746,2896.64071184191,2007.54460862019,3753.25603111485,1077.44406476624,1053.2016813982,2137.43847626078,990.170467697356,1157.21980198232,1095.91957560763,1374.85461089528,1860.3244704352,1649.40848685218,1059.98714435601,1341.71100699815,1590.87401760793,1208.87854261708,3458.08475834529,3649.85752010952,1e+09,1168.51554987514,1060.48434599479,1212.93815646141,435.277855398135,1055.16753309605,797.421402835414,2781.88300487278,1446.73987057107,3021.00624204916,1236.24949747209,1400.74296507246,1316.29560183114,3103.88480048793,909.630652902594,872.395923592035,2171.30425026066,969.484593843554,2375.96326440457,4463.40342958151,4531.89754407577
2379.84740554936,2914.21564200387,2821.05708237178,3702.76171869052,6715.28363025718,2996.54009632776,5098.55650158945,1278.22806998595,486.694672150826,1241.54380482527,2367.91477255834,1192.45644624867,1174.37389710433,2274.3117209169,2770.8191730786,3753.37806787433,2852.54918665744,2851.8364251829,1147.90981204971,669.543578566773,1203.87769341408,2015.00433607474,2106.49697374575,254.958246973892,1372.55686913148,1887.23989471397,1727.01797078085,1755.81833157648,2094.00122029573,917.634222770707,564.790852882729,2422.75786070338,2640.23194477304,1168.51554987514,1e+09,1201.29527227905,1008.3233652455,966.418779049745,1113.17280778862,1510.24128542429,1658.87305147199,719.97302185568,2000.03832828274,1434.82995532572,1162.38920336521,494.87297632827,2047.66838784995,1226.42781907457,810.479128293875,1217.17107659523,1214.9645877967,1439.19791762634,3463.13896563508,3481.15965981166
1335.8613234539,2222.66499043378,2045.38568162584,3260.9273802095,6116.23764812977,3311.81238201985,5967.7256713341,2216.9541678844,1112.17916654647,1518.62227209402,2096.67992633592,773.967429288856,1011.08158355298,1571.38515434632,3753.95668156946,2960.82606219953,1989.62074755467,3788.61700954319,807.052835569023,1353.10023427683,2259.06761640726,1456.05984059722,1425.775154153,1052.49520383705,1333.57900590854,1670.52805118621,1515.03897699036,1460.60812208477,1400.15943763559,1571.38287708629,855.983257955434,3240.58304868121,3665.14406510849,1060.48434599479,1201.29527227905,1e+09,1469.35428426911,934.972754843691,1397.81877280283,830.17195218822,2658.80630883485,1384.33259161229,2853.67078013565,1383.75522933068,1011.65568851265,1327.549908704,2979.9719216798,660.586577520313,746.801284948011,1907.95367729408,1108.90015150148,2041.24152502833,4233.4946418178,4414.2986834264
2474.0201877511,3049.81349229752,2946.29965975968,3804.49968838217,6778.64996288347,3083.69414926319,5184.98846056575,1959.65927997701,1028.74393208417,1561.39424810008,2769.10352002232,1332.69824225141,1022.73167306973,2489.52199805505,3036.44523243875,3936.37557378612,2864.21563961235,3145.32558923556,959.26116219724,991.908734561804,1719.37126572477,2093.80250011791,2120.02865025452,869.726664188238,1590.51132806403,1883.76504949529,1857.0409949433,1954.73267850108,2269.96935655528,1273.36830991666,1004.10519578379,2499.92113969621,2755.84145950017,1212.93815646141,1008.3233652455,1469.35428426911,1e+09,952.278975090808,1270.12262388322,1779.52954915056,2036.74410410341,1281.6247716473,2196.35357356233,1811.47013168862,1410.59034591904,824.211299000445,2226.96438586251,1613.87997512207,1161.35492331156,1404.80498304925,1331.05562870227,1546.95295170862,3481.15051978509,3592.49545669859
1696.19801727275,2175.43767725026,2061.31509495759,3131.50049364518,6006.58277469811,3097.44015993853,5922.2473266489,1903.60290717366,739.147956095395,1035.78918849349,1847.22751803886,600.936747669836,1147.89946907384,1613.00652459933,3586.22167747617,3027.22797897681,2040.42808488807,3478.92874458503,793.041733138931,839.82813092918,1935.68935198807,1205.93134427297,1376.58575559244,858.917957083213,1204.75026611327,1559.4062742916,1340.64468249421,1065.19490150864,1435.58667321064,1287.32119803101,902.214946229556,3167.79131646957,3429.23746624523,435.277855398135,966.418779049745,934.972754843691,952.278975090808,1e+09,779.736043478817,982.506805218162,2539.33621046919,1137.77779451877,2707.80182094259,1127.12565138054,1069.06692465907,1036.02993586093,2837.68525955575,791.975141718476,579.356965522984,1955.78029425598,691.820218481652,2108.57019717153,4230.19128037965,4271.49857443497
2006.93425455345,2138.28457561196,2140.99701956822,2717.5303131336,5749.11421803394,2410.74258192367,5830.30422303159,1826.49461075033,671.7180549159,622.553374338297,1815.83742270612,1010.71875356105,1406.20781003378,1679.35098544051,3298.01764366111,3119.18137196284,2210.58859589477,2935.43888262045,1095.96515847905,967.692455173647,1588.47291859194,1495.29861559489,1964.88302237054,1079.76125523191,875.330267727559,1138.69360286251,904.957080971247,979.661961852148,1865.01551832686,858.294592316647,1162.13175978458,3006.42390866624,3277.76570688022,1055.16753309605,1113.17280778862,1397.81877280283,1270.12262388322,779.736043478817,1e+09,1568.13484522218,2408.8508325133,803.261261856938,2394.62587887962,701.227076416762,876.260139627497,1009.98135106545,2655.84063535446,987.075730225397,684.995441736659,2178.05075227828,497.55296079915,2126.43257483044,4214.72328639734,4049.99887754305
1255.3086016992,1949.38431467476,1736.38764289545,3281.83957773685,5863.8052259092,3799.90012309534,6512.32424841546,2313.58781996707,1434.8822653096,1612.61164720462,1584.29482694983,911.325364071471,1656.85705659843,1323.17986626913,4258.00318650656,2534.3118583947,1719.47544783286,4226.55618550138,1372.48674339682,1533.40357349264,2609.04923056274,973.61417039811,850.40316168274,1444.67885521316,1719.38917345667,2107.27722186712,1850.44997289848,1222.32270685773,934.619378570763,2029.29716020104,1386.85660314973,3842.86198820619,4120.86112799255,797.421402835414,1510.24128542429,830.17195218822,1779.52954915056,982.506805218162,1568.13484522218,1e+09,3136.65077936643,1791.749506488,3433.07699590324,1503.39907779006,1599.67677857122,1772.97573742564,3512.70890211529,821.715753773773,1136.88487482242,2416.12168064856,1310.36038042975,2686.54877020686,4811.64056819501,4960.07687463612
3901.35108799503,4416.69715470735,4369.18751194086,4856.98481462522,8016.03998136861,3032.94312937121,3531.02971664074,1859.22793884989,1936.23105129527,2528.1161120091,3871.43642951812,2754.47685768096,2168.98508641715,3777.23881802568,1241.42604193726,5320.27709642083,4392.91683711404,1862.42076414005,2436.63449021391,2029.71104463172,1116.47231591294,3638.35866534623,3738.02263587314,1756.62936198846,2508.22290183708,2848.5009621027,2873.35780638263,3273.22196069866,3703.57813924588,1676.7216604732,1903.80474917992,1003.98952887966,1207.53337945582,2781.88300487278,1658.87305147199,2658.80630883485,2036.74410410341,2539.33621046919,2408.8508325133,3136.65077936643,1e+09,1724.0827371968,882.67719427886,2755.02068645591,2313.63427425339,1565.62313670947,567.084371941248,2770.58374526019,2304.31946424536,1186.93827396373,2601.34640913124,1123.36572157067,2077.28782411104,1877.44105159123
2365.62361268652,2708.28966971777,2685.83517643954,3251.99372016614,6341.38541539623,2346.1811516377,5207.78568323429,1589.95004044152,522.802507549457,1077.73348704585,2287.77158940747,1345.06728047336,1182.16483656045,2105.81008144134,2690.16683770728,3652.0697074125,2732.17297894917,2462.73499382292,1210.64988349233,995.115916464007,1075.96172957034,2078.45374598522,2391.65799361029,771.965808245417,1080.1611701038,1352.42756160912,1255.5700589772,1598.01987687888,2259.69133082375,422.639580730438,837.345709548929,2379.90688082538,2739.04496910876,1446.73987057107,719.97302185568,1384.33259161229,1281.6247716473,1137.77779451877,803.261261856938,1791.749506488,1724.0827371968,1e+09,1786.06887297215,1114.36458392216,836.51180810554,632.717070182242,2017.94889132505,1202.45160592849,770.046294712208,1632.39653574124,940.602188494158,1566.89431580436,3622.59252940487,3443.91298631368
3964.74664155227,4389.08847902386,4383.79625626009,4547.64858675338,7779.38178689027,2351.20984335725,3587.58978166401,2247.24467922387,2084.71103841756,2545.28558159983,4031.65596212028,2878.18181242951,2237.87011624893,3841.31745081033,1124.58591130247,5366.19949791284,4409.91081890552,1388.94299847042,2463.87877096257,2241.25022672615,1253.83006276768,3771.41444044539,3980.48795106831,2032.98721272417,2408.5381036222,2580.0826732103,2680.91443671744,3329.52742741369,3901.2145161475,1595.23682172899,2124.36440280381,811.211278274655,1358.51453867818,3021.00624204916,2000.03832828274,2853.67078013565,2196.35357356233,2707.80182094259,2394.62587887962,3433.07699590324,882.67719427886,1786.06887297215,1e+09,2738.17188625915,2226.44587562779,1716.23218939047,647.908501101815,2898.02561579431,2407.66998382253,1684.10733336685,2614.45472575067,1215.53095991011,2167.22852364489,1748.03031978853
1779.39158045665,1757.63629741764,1808.71617671209,2347.43120314526,5344.2467817177,2439.40933473659,6189.52508010106,2017.93627525747,1023.53054766333,572.349074254515,1514.66628727255,1096.99089699961,1737.24466667767,1342.05147002639,3598.65090062929,2725.62244999193,1974.75774686416,3201.30965354806,1321.37770311898,1395.78771211814,1866.96567649221,1305.12177596575,1946.47698386084,1407.87639215948,667.864362052655,1141.14614791446,927.891994630841,790.373851667678,1792.08362809887,1167.39326154471,1463.50051021515,3373.35225716201,3678.3841281329,1236.24949747209,1434.82995532572,1383.75522933068,1811.47013168862,1127.12565138054,701.227076416762,1503.39907779006,2755.02068645591,1114.36458392216,2738.17188625915,1e+09,953.019854252785,1404.07922155411,3022.44658220786,833.815115178419,845.878396284005,2537.07003407474,714.082575827194,2429.15304910992,4575.61695182191,4410.74445924948
