1e+09,4171.30091219754,1991.06693895509,5981.57021058852,9059.64329971109,3079.67113189055,7495.12543934389,5274.74414061953,3507.858034998,2043.05301448592,1558.2440505261,2743.7165921793,3135.67806883934,1134.63205670385,4027.31332762923,2470.33897963417,1347.20926433127,1949.00774949716,3163.66443768931,3402.29343333287,3815.32033082414,2667.59921742379,2961.83463324677,2369.29870991397,1574.24798618261,1780.52196919892,1351.12748650895,2232.77913639034,2190.66235191551,2135.24943669352,2572.59695411077,6097.2312293286,5606.61487824873,4809.43437438333,3117.66310198841,3243.56721101937,3444.89386608644,2859.01627060778,2917.90888906765,2889.49145856152,4367.62603443793,3102.43560621329,3569.49150372991,2396.71035456936,3117.10415493291,4439.68008517506,5122.65096782906,2737.11216785137,2507.8686888671,4514.14693060605,2348.20447465718,3109.61730259529,4575.48880769039,5443.13729973808
4171.30091219754,1e+09,2257.06141620028,2121.23870662875,5502.56951568083,1949.27673774146,11142.4549830098,9147.18944168645,7522.75289881304,5789.20547881141,4807.4722212302,6800.24128999111,7193.08497429997,4670.17449194353,7819.07688482471,5743.65937565939,3410.04554157272,5667.38940566995,7247.06255593258,7197.01043278388,7794.35970819284,6535.27500219386,6923.63441062568,5809.46347136291,3152.80315682727,2958.35009583044,3383.43032082826,5946.75065021227,5976.00971155503,5955.6457587234,6562.67999494109,10147.9757768335,9566.6021786996,8721.51485312041,6811.60052030358,7118.053295354,7313.11246360262,6790.27637336655,6808.88713914396,6792.15703465401,8290.66297727751,7191.07758954108,7539.18263332969,6390.82787629271,7244.46193938515,8445.86190734847,9064.64460211761,6823.41366253725,6532.96222887443,8314.96749590761,6322.46636254397,6973.83515911439,8038.36320010486,9373.51784998034
1991.06693895509,2257.06141620028,1e+09,4129.71198479991,7213.85062827059,1815.82045048512,9268.82522066847,7011.19568454625,5335.26410934829,3626.55367419262,2629.09607340622,4587.55518031119,5045.19604427816,2450.70120918483,5816.39871895832,3589.30985186568,1321.85234860025,3649.16476687474,5053.04186926054,5090.63288543772,5632.59479165686,4301.03422978706,4710.82010326228,3867.45081835568,1435.68287863302,1402.12734314683,1534.05582923178,3750.70710977277,3822.12915693596,3856.04135936066,4446.45647324923,8014.66908219547,7471.90720827019,6529.4039006865,4772.17396196954,4998.31500073775,5206.08860627631,4613.35582987049,4625.65154434486,4618.23737312191,6212.97430797038,4984.94102076444,5454.47822974847,4147.30882121166,5025.05620029269,6272.99388894171,6971.73721297641,4590.5784149059,4344.18070031623,6293.57635912205,4117.30390510586,4959.49075655959,6261.83253277345,7327.05116017351
5981.57021058852,2121.23870662875,4129.71198479991,1e+09,3684.80195478672,3361.32511176768,13074.1495726835,11122.1184918612,9435.48909722755,7742.89885816675,6708.03907421536,8650.54724805315,9021.23008246658,6500.1754815774,9770.90418213688,7468.11278897822,5260.61744209746,7590.12209573733,9106.52756966672,9141.11332380799,9734.53693614647,8386.42497779596,8811.31617936276,7822.13241914249,5115.19524276444,4777.08185311912,5233.79238543143,7836.36043681632,7924.75037779109,7894.97087405014,8474.22894096566,12009.856339861,11490.818326786,10640.6821621783,8814.11222998097,9041.95787445396,9250.87248395523,8707.20213189059,8718.89807963713,8731.15795062144,10229.6789997683,9049.56924962177,9412.34386544606,8232.45352853571,9040.32846115118,10362.4752919995,10986.6808899412,8650.66299481144,8421.83697268001,10272.8523024475,8195.99123902655,8868.5140966455,9910.79160950829,11265.2623351611
9059.64329971109,5502.56951568083,7213.85062827059,3684.80195478672,1e+09,6788.97716035339,16442.3171687478,14055.6386224746,12393.7424058474,10704.3159320715,9491.69496780211,11560.8265729488,12065.6094975347,9371.94558297795,13010.3718995077,9986.69646981924,8259.46324565344,10807.2029033048,12080.8540507242,12154.8328155306,12732.6428982988,11123.9365017785,11661.1673155692,11061.2744953102,8413.80038799353,8081.20180340771,8469.6224634986,10661.2455694304,10909.5616976073,11011.0909911734,11602.1040641472,15065.7681228904,14596.7519363727,13445.3641323655,11953.4706143655,12087.5872500677,12305.3027138466,11660.5465013781,11629.404207065,11682.0673711163,13380.9718130897,11995.6028826941,12565.2334081703,11051.836753703,11945.508697251,13326.5538299104,14099.7426345377,11520.6243535149,11411.2999401295,13471.040951274,11118.1575142647,12116.5735238557,13332.40575022,14458.7680617403
3079.67113189055,1949.27673774146,1815.82045048512,3361.32511176768,6788.97716035339,1e+09,9832.35721933962,8162.09972068462,6409.41947351708,4854.78236191902,4191.1223321206,5686.39531028225,5862.85535859448,3705.45450244636,6585.72929933352,4993.01445989294,2483.92647240211,4426.40287172327,6028.55358739557,6095.21812025624,6697.81730813853,5618.42247752872,5940.17235375372,4759.59026459211,2212.69046972232,1619.38047295872,2112.5008657513,4989.86731437821,4992.56616363769,4799.2872005851,5372.99074398049,8800.27943603497,8324.92845443131,7687.40540211715,5759.75078204778,5960.06841480868,6148.35521839784,5699.70593704623,5732.25592344759,5783.40520846499,7066.1438136865,6011.04889941015,6198.4607589788,5374.56798880617,6000.52995413738,7292.61393931559,7788.13868497474,5713.55880566569,5389.61852837471,7089.07909768963,5207.00401517034,5676.54576840529,6707.10452811793,8030.28987243923
7495.12543934389,11142.4549830098,9268.82522066847,13074.1495726835,16442.3171687478,9832.35721933962,1e+09,4008.88496935245,4764.89163389893,6157.52955920635,7505.47550097261,5576.56377055799,4850.85286188934,7404.37991355117,3536.01036336151,7592.97151925384,8303.76810797363,5687.16457519035,4960.16634465015,4903.17050019679,4410.91475314362,6300.31027957354,5666.89729642244,5493.35455865539,8096.99098205624,8409.14330470709,8005.12056925441,6430.54379036486,5941.72368473998,5595.92240796815,5048.6981908805,2848.34153152321,2816.55740894802,4708.62958371117,4766.5581238038,4817.76894046404,4618.74768458941,5357.19402541106,5471.57158799919,5374.22713952434,3419.52654079479,5114.01857458496,4139.29510872322,6135.89036715944,5291.58197133901,4098.54433400445,2986.19142847541,5695.73572426776,5467.30828052525,3239.25166768499,5839.73697408539,4408.69412768679,3364.98271208041,2492.01494688535
5274.74414061953,9147.18944168645,7011.19568454625,11122.1184918612,14055.6386224746,8162.09972068462,4008.88496935245,1e+09,1955.86248900581,3411.61578528415,4610.35497546556,2819.17876616578,2918.98335089462,4762.16860800833,2346.62139440942,4347.20101015585,5967.88689533406,3941.46674274946,2501.47569064742,2287.72349201122,1614.06551397395,3121.94918824762,2617.44768457748,3640.38118039856,6142.5269339906,6621.9417716256,6073.43675281138,3488.44340402707,3223.21000999004,3409.75740906886,2998.0374754996,2374.6489254414,1899.89808179281,1255.10923807452,2584.90552444379,2323.08571946883,2504.83631728702,2667.52076569237,2683.61898105897,2443.97217584407,1829.29753766302,2505.16959783165,2610.01611362842,3158.94233608339,2724.15195290204,1410.94884170192,1761.02963700217,2845.17785528427,2885.63414493244,1964.47050364723,3223.26115941604,3063.77843487417,3777.02572364817,2455.88216199393
3507.858034998,7522.75289881304,5335.26410934829,9435.48909722755,12393.7424058474,6409.41947351708,4764.89163389893,1955.86248900581,1e+09,1830.44711289346,3068.19441742208,1137.53842559274,1172.02147501656,3067.59499725762,1655.40016455237,2958.66058306795,4277.02158846551,2214.87194706602,620.613293766739,1176.35509876908,433.244343413737,1571.90611294059,1087.41155999005,2237.43503755975,4551.03561114391,4877.11178166956,4361.14210060851,1883.27080777035,1669.78949577484,1717.55232193957,1277.30056979554,2878.16498460391,2435.14267690828,1446.35395121664,1342.82346308068,1014.59243280245,972.969050741081,900.84133625184,922.177241857551,923.346632094361,1423.43690306244,668.740640308334,1299.69146280954,1450.65173098163,1029.19347724322,968.993174898564,1935.86380830367,1154.81983716076,1086.32618586684,1768.45392645667,1332.0301218441,1708.86103440274,3161.71838325301,2549.6115643172
2043.05301448592,5789.20547881141,3626.55367419262,7742.89885816675,10704.3159320715,4854.78236191902,6157.52955920635,3411.61578528415,1830.44711289346,1e+09,1440.70495188987,1438.11737066208,2062.0003524733,1461.76182420393,2657.64005867988,1839.06157539654,2576.72423594377,1446.38670147371,1773.35882220717,1684.5219136301,2096.6468871987,1253.69706452556,1428.89801885929,1359.55567719752,2888.40937676777,3324.64346741121,2780.54975042706,675.786371940127,307.953123867903,879.306680231647,1431.56317747419,4639.88307409788,4085.68892648474,2957.05719023153,1466.16079421733,1567.20604605776,1939.62381976506,1215.62742104643,1176.52762615248,1059.2858068057,2865.66694566902,1704.59851463622,2362.34565083097,1045.93689881369,1914.38876017908,2748.80609518023,3556.80698818477,1463.57131086941,1045.52799044311,2985.93006292847,985.337531914825,2173.49337956204,3827.70575346382,4108.4065855268
1558.2440505261,4807.4722212302,2629.09607340622,6708.03907421536,9491.69496780211,4191.1223321206,7505.47550097261,4610.35497546556,3068.19441742208,1440.70495188987,1e+09,2396.99701234691,3185.27684646092,1036.26696671273,4003.16832440256,1608.67645345483,1884.41136429921,2328.30753982372,2952.09673694817,2987.27930513703,3365.57020922161,1832.54901347822,2310.50115509601,2399.1092018914,2420.35659195086,2859.93324033971,2398.09040855427,1501.16096901698,1693.55837540369,2121.6756807533,2585.62868933264,5922.26583637547,5353.31866759303,4088.48891808453,2821.45593350313,2978.78691053926,3160.46280155296,2403.34302354034,2400.36393930171,2318.8052156876,4196.914511126,2821.57188965654,3651.8184044117,1837.14749367055,2958.21519607685,4006.44389860884,4914.86052021825,2374.10389503071,2253.39128453094,4369.82771155797,2004.86726453399,3357.91415649656,4956.80521080867,5409.0940957983
2743.7165921793,6800.24128999111,4587.55518031119,8650.54724805315,11560.8265729488,5686.39531028225,5576.56377055799,2819.17876616578,1137.53842559274,1438.11737066208,2396.99701234691,1e+09,1189.1460810178,2293.09816756719,2277.58939550131,2421.00835436394,3570.55494940212,1942.76294946141,894.854515046999,1266.66573953036,1442.7794857843,995.780395770072,588.571480705615,2157.96650896162,3878.92171323423,4258.43520817213,3682.15324534436,1385.11481744294,1284.70634438381,1504.92852405023,1150.50637681849,3666.1615633657,3157.53241047499,2283.42936669826,1769.84220672353,1431.04031215057,1503.92512074239,752.647544737907,1149.57358516104,834.427153860659,2176.46900917518,624.539887837438,1672.50205171773,910.076205215805,851.400411968423,2028.3212773868,2818.04660607308,342.781268449722,602.077644826645,2486.88270786943,1017.37635071786,1796.23198668769,3412.37796536374,3250.36224295078
3135.67806883934,7193.08497429997,5045.19604427816,9021.23008246658,12065.6094975347,5862.85535859448,4850.85286188934,2918.98335089462,1172.02147501656,2062.0003524733,3185.27684646092,1189.1460810178,1e+09,2909.56705746749,1696.75024334756,3244.4439144328,4002.44127520942,1764.31726914407,637.291588599755,1545.38538627101,1402.58782840862,1957.14501935856,1549.6183103913,2186.45752613674,4224.97233074963,4410.1642637208,3925.05745305722,2103.68147192012,1906.15801315106,1586.09253837851,990.541821075718,3031.88448821851,2670.04393061238,2388.96765794349,1716.42409966185,1450.63252066125,1048.75529958137,1150.01707117764,1382.69233725366,1515.80759474941,1650.45328425254,774.645815647383,825.019410923161,1709.89053401088,927.770000646712,1733.13188150816,2205.46473002857,1288.19532129254,1098.85664115025,1987.69023937333,1324.18366422487,1225.93201687532,2718.92649843647,2502.20402361598
1134.63205670385,4670.17449194353,2450.70120918483,6500.1754815774,9371.94558297795,3705.45450244636,7404.37991355117,4762.16860800833,3067.59499725762,1461.76182420393,1036.26696671273,2293.09816756719,2909.56705746749,1e+09,3876.44718018961,1587.99622449173,1352.95645864898,2026.01882219786,2797.77661531438,2846.06855479625,3403.71058083674,1993.27446216019,2437.45083626316,2295.53224605972,2039.21961894741,2355.91819159749,1782.82745657004,1379.72198242979,1619.62738727153,1856.72881288572,2458.64144437533,5782.63174236437,5301.06845806579,4172.58535162554,2821.34196945354,2784.43283738359,3110.11839570458,2346.01358139718,2346.11347803127,2349.53090241435,4110.28029783858,2704.7028668229,3384.0269095118,1822.22515013925,2721.75220753102,4006.42173279349,4788.72735666795,2271.9835934927,2073.77931388564,4238.75142050109,1870.45624987595,3131.49345752151,4754.1609685201,5261.93670500701
4027.31332762923,7819.07688482471,5816.39871895832,9770.90418213688,13010.3718995077,6585.72929933352,3536.01036336151,2346.62139440942,1655.40016455237,2657.64005867988,4003.16832440256,2277.58939550131,1696.75024334756,3876.44718018961,1e+09,4221.80614355989,4818.21507587613,2260.88037363767,1756.44415863414,1683.92315293781,1422.34768636223,2996.40536875437,2432.00565797039,2092.20142526957,4728.64375574012,5084.84270976989,4616.96169105831,2984.3072609904,2445.00258053034,2079.54961734506,1575.67821296101,2633.45520406177,2001.03342468336,2524.05552478546,1355.74291685408,1514.11286075378,1438.76333971227,1994.46231724242,2160.69842055758,2006.63906026968,735.307100468913,1903.84590053922,963.42788702632,2768.19952637089,2188.24109631457,1700.02985838485,1463.12041134693,2425.43500929215,2019.80268370452,659.017236496892,2426.10108369375,1076.16400000186,1702.62392753068,1722.78925196903
2470.33897963417,5743.65937565939,3589.30985186568,7468.11278897822,9986.69646981924,4993.01445989294,7592.97151925384,4347.20101015585,2958.66058306795,1839.06157539654,1608.67645345483,2421.00835436394,3244.4439144328,1587.99622449173,4221.80614355989,1e+09,2633.99632998985,3005.63594533669,2860.03645613129,3029.75608123822,3313.0516634215,1724.8553210342,2381.67901691223,3116.06307896679,3441.82470789841,3726.30807729313,3233.0605532993,1456.48809662146,1969.69049573785,2510.4866482019,2982.81898492014,5641.8396708166,5320.30433728184,3663.89062830756,3148.35714441675,2825.90485298072,3397.73389021271,2541.62835168716,2300.64110204091,2379.78114892946,4266.2946016186,2756.14253662614,3732.56600331461,1640.35313405376,2651.81423414235,3764.40007438104,4777.93918189631,2230.41651076654,2347.77486069257,4445.89967912008,2095.73024502201,3736.6890355902,5485.1453212472,5428.50879639151
1347.20926433127,3410.04554157272,1321.85234860025,5260.61744209746,8259.46324565344,2483.92647240211,8303.76810797363,5967.88689533406,4277.02158846551,2576.72423594377,1884.41136429921,3570.55494940212,4002.44127520942,1352.95645864898,4818.21507587613,2633.99632998985,1e+09,2700.25064694002,3990.70131605962,3970.2095757529,4588.7389044159,3309.33399857131,3726.72962872275,2937.59609070069,1172.33597739726,1263.97519109356,871.563317091765,2616.95975803985,2748.53264062845,2785.14728831349,3485.49103748668,6930.45493150342,6432.34985327291,5418.45249858297,3756.84336383619,3875.11945572004,4159.70574491754,3536.17674616244,3513.55169712927,3564.91714961232,5180.66880537639,3938.70772667889,4406.88036119657,3126.83565087774,3964.98876285924,5194.5378500883,5878.62045251265,3575.79623797274,3276.18372288552,5238.36140627964,3045.83797302155,4027.08612109302,5457.43393986588,6305.48514451505
1949.00774949716,5667.38940566995,3649.16476687474,7590.12209573733,10807.2029033048,4426.40287172327,5687.16457519035,3941.46674274946,2214.87194706602,1446.38670147371,2328.30753982372,1942.76294946141,1764.31726914407,2026.01882219786,2260.88037363767,3005.63594533669,2700.25064694002,1e+09,1917.75566663222,2095.49160468373,2418.461475608,2291.84644847773,2188.92250203154,894.784072611935,2680.37185580658,2890.73259067663,2469.96855348403,1856.64783771721,1434.57234836728,749.984369103784,1101.28303269414,4531.65290637975,3994.91609839306,3577.46462208923,1512.38447939008,1897.03462461812,1820.39949609969,1679.71454295068,1788.51742107814,1853.40040193694,2704.6254509451,1980.39680248682,1947.17861435463,1963.2333494264,2190.82954711223,2999.98966236552,3447.21448413063,2060.5842842262,1458.76076283947,2787.68943910544,1446.30019663969,1468.90109748751,2927.58206735524,3747.21898804967
3163.66443768931,7247.06255593258,5053.04186926054,9106.52756966672,12080.8540507242,6028.55358739557,4960.16634465015,2501.47569064742,620.613293766739,1773.35882220717,2952.09673694817,894.854515046999,637.291588599755,2797.77661531438,1756.44415863414,2860.03645613129,3990.70131605962,1917.75566663222,1e+09,1309.62618498562,967.678028323471,1530.22443409455,1124.13485000688,2169.74374291067,4284.49248288522,4534.87499903801,4026.27926086853,1780.87788598769,1616.26227846844,1515.2084670434,1019.62358368174,3026.19584065539,2664.30019552978,1920.93367662707,1510.13642536031,1108.94345135358,998.664528608081,830.881679964121,935.306206651063,1066.83416255761,1621.33164953997,308.056269859907,1075.45518265523,1292.7181387294,590.600601421976,1372.82366777383,2157.59221700951,905.022943300334,829.338417716194,1974.79070556857,1065.78693522674,1485.33843251294,3068.42112699675,2642.04024607878
3402.29343333287,7197.01043278388,5090.63288543772,9141.11332380799,12154.8328155306,6095.21812025624,4903.17050019679,2287.72349201122,1176.35509876908,1684.5219136301,2987.27930513703,1266.66573953036,1545.38538627101,2846.06855479625,1683.92315293781,3029.75608123822,3970.2095757529,2095.49160468373,1309.62618498562,1e+09,1195.93907123231,1815.70743543667,1353.24156291477,1916.07717639452,4130.61535235369,4603.56309906794,4004.31355798968,1755.36347683322,1424.38550076866,1552.41499838155,1421.34786016654,3327.17845493746,2662.08266098181,1983.50374428686,1271.85011129457,963.846181037203,1291.58537592371,969.008506928603,1309.00103598126,892.685274662913,1634.83311337886,1240.81818893825,1464.40950287138,1777.32686656113,1579.18508541589,1778.86360078563,2238.66395680549,1475.33099821701,1116.18666857296,1691.35880072798,1618.97807103741,1699.67646241866,3013.81833204989,2805.66569496439
3815.32033082414,7794.35970819284,5632.59479165686,9734.53693614647,12732.6428982988,6697.81730813853,4410.91475314362,1614.06551397395,433.244343413737,2096.6468871987,3365.57020922161,1442.7794857843,1402.58782840862,3403.71058083674,1422.34768636223,3313.0516634215,4588.7389044159,2418.461475608,967.678028323471,1195.93907123231,1e+09,1917.79594607977,1359.67618104459,2329.97598734408,4788.08803168864,5158.3378188715,4639.79154760211,2217.2013164122,1917.37892329607,1946.53014466769,1449.16770282117,2639.05550394455,2104.70670303489,1340.55719531096,1333.87413285512,1114.14473350638,1041.26919891064,1193.93978792902,1275.55861970354,1138.88182578352,1107.96462953472,1013.28865418498,1296.19448563863,1832.62954213338,1375.80688721201,771.28622397914,1640.49738530727,1503.94549043508,1398.59948369789,1455.38710963784,1714.07673638026,1711.20475905135,2973.41415418371,2268.2458776332
2667.59921742379,6535.27500219386,4301.03422978706,8386.42497779596,11123.9365017785,5618.42247752872,6300.31027957354,3121.94918824762,1571.90611294059,1253.69706452556,1832.54901347822,995.780395770072,1957.14501935856,1993.27446216019,2996.40536875437,1724.8553210342,3309.33399857131,2291.84644847773,1530.22443409455,1815.70743543667,1917.79594607977,1e+09,727.797933151778,2436.68560864959,3829.12389794324,4184.68887844724,3642.15513346151,957.162682776549,1280.84695467491,1791.39707622291,1790.98022431852,4313.01038905542,3844.0437943395,2410.66714249396,2120.76581293173,1907.74578421759,1974.74879470782,1116.74978218041,1160.34950092634,1104.06479126001,2899.07666623358,1329.89132161241,2499.46380377872,591.262967468791,1488.86690375601,2441.28928668849,3467.37661675221,903.826717463032,1162.76538837377,3193.77751221027,1024.96434172121,2597.11781076639,4259.90795706903,4024.51728822228
2961.83463324677,6923.63441062568,4710.82010326228,8811.31617936276,11661.1673155692,5940.17235375372,5666.89729642244,2617.44768457748,1087.41155999005,1428.89801885929,2310.50115509601,588.571480705615,1549.6183103913,2437.45083626316,2432.00565797039,2381.67901691223,3726.72962872275,2188.92250203154,1124.13485000688,1353.24156291477,1359.67618104459,727.797933151778,1e+09,2274.37584073082,4072.58679938194,4482.78370786501,3923.91004034241,1367.49267259463,1338.2636344906,1713.86884124778,1404.92851725631,3751.35934178532,3186.95894051053,2047.61152726781,1777.15163010926,1597.66936714077,1508.50041640697,756.349852978104,1091.76721099326,750.543619518546,2274.04577931052,863.133516322938,1987.22777866555,925.432939223583,1217.26690524305,1958.74980025525,2893.54457803919,677.376372262865,913.056138087905,2602.25020637909,1113.19810505588,2116.07493220349,3670.89222426919,3388.7269341893
2369.29870991397,5809.46347136291,3867.45081835568,7822.13241914249,11061.2744953102,4759.59026459211,5493.35455865539,3640.38118039856,2237.43503755975,1359.55567719752,2399.1092018914,2157.96650896162,2186.45752613674,2295.53224605972,2092.20142526957,3116.06307896679,2937.59609070069,894.784072611935,2169.74374291067,1916.07717639452,2329.97598734408,2436.68560864959,2274.37584073082,1e+09,2773.54079865431,3209.83890147154,2759.06121334776,1935.00522466995,1308.63484437027,866.365271637778,1337.58930404665,4580.31690511694,3928.80075817036,3476.93175490978,1100.80724775049,1746.49790798615,1921.0180905447,1787.22895925508,1875.52970077789,1741.07786152716,2606.81598155681,2214.0825748603,2125.1835711298,2170.96623826811,2507.43345409205,2972.78816751211,3378.88239611858,2297.56939882128,1641.36229510733,2570.70706512819,1777.56899449782,1608.298994155,2897.39116525539,3761.21586009099
1574.24798618261,3152.80315682727,1435.68287863302,5115.19524276444,8413.80038799353,2212.69046972232,8096.99098205624,6142.5269339906,4551.03561114391,2888.40937676777,2420.35659195086,3878.92171323423,4224.97233074963,2039.21961894741,4728.64375574012,3441.82470789841,1172.33597739726,2680.37185580658,4284.49248288522,4130.61535235369,4788.08803168864,3829.12389794324,4072.58679938194,2773.54079865431,1e+09,1077.2864944851,737.653864898707,3156.5914135187,3007.86862371015,2920.26589198655,3550.08121100067,7082.4383752702,6484.89661493535,5800.09198962396,3783.67045514009,4053.90545442293,4350.04125633309,3841.91301010317,3917.46844422517,3818.57383962914,5201.4051948584,4240.32625399273,4469.64847458947,3608.54744176933,4324.59677605901,5454.65803942832,5975.52014187886,3942.53819225635,3544.34051857324,5197.06638367262,3474.02808126244,3911.37787003506,5074.45232661614,6296.28375999685
1780.52196919892,2958.35009583044,1402.12734314683,4777.08185311912,8081.20180340771,1619.38047295872,8409.14330470709,6621.9417716256,4877.11178166956,3324.64346741121,2859.93324033971,4258.43520817213,4410.1642637208,2355.91819159749,5084.84270976989,3726.30807729313,1263.97519109356,2890.73259067663,4534.87499903801,4603.56309906794,5158.3378188715,4184.68887844724,4482.78370786501,3209.83890147154,1077.2864944851,1e+09,722.372835314286,3506.97276110038,3471.54068870005,3241.30759168272,3873.42410330963,7331.57637333882,6847.76510981503,6147.03215300685,4184.97204386123,4431.37177914469,4602.95554823203,4182.31449711759,4178.29566748214,4269.33048731297,5561.7515572974,4536.10251465947,4730.55122413868,3918.88815677355,4570.76848813195,5746.63830715837,6275.36684210573,4290.11996505925,3898.09964218464,5586.58052401467,3686.66812501478,4232.47307925284,5405.76967434796,6580.24651611169
1351.12748650895,3383.43032082826,1534.05582923178,5233.79238543143,8469.6224634986,2112.5008657513,8005.12056925441,6073.43675281138,4361.14210060851,2780.54975042706,2398.09040855427,3682.15324534436,3925.05745305722,1782.82745657004,4616.96169105831,3233.0605532993,871.563317091765,2469.96855348403,4026.27926086853,4004.31355798968,4639.79154760211,3642.15513346151,3923.91004034241,2759.06121334776,737.653864898707,722.372835314286,1e+09,2946.08971782938,2900.35287682378,2734.48795139053,3384.45024110268,6844.21630789822,6333.29622383163,5612.66698474976,3708.50657708733,3887.3540462119,4138.52407853331,3641.99573404473,3679.80388120074,3700.81199564366,5060.93832223828,4003.92717165285,4240.55830727512,3387.86399214904,4037.89297085745,5252.14538166072,5783.45110460873,3726.12250225352,3339.89054251782,5082.2083781069,3196.99014505832,3766.15253533364,5017.06024601061,6111.9116494596
2232.77913639034,5946.75065021227,3750.70710977277,7836.36043681632,10661.2455694304,4989.86731437821,6430.54379036486,3488.44340402707,1883.27080777035,675.786371940127,1501.16096901698,1385.11481744294,2103.68147192012,1379.72198242979,2984.3072609904,1456.48809662146,2616.95975803985,1856.64783771721,1780.87788598769,1755.36347683322,2217.2013164122,957.162682776549,1367.49267259463,1935.00522466995,3156.5914135187,3506.97276110038,2946.08971782938,1e+09,752.571807072255,1288.29586299111,1773.78199979592,4662.44457241049,4188.54885633438,2827.63045980199,1896.13209228682,1732.42539697962,2073.23354080046,1224.19098260851,1118.61008988834,1192.09353567579,3071.94874315963,1684.22652651002,2538.34358925265,866.249089581051,1807.33148215816,2776.74040349472,3661.42740470161,1359.00737286447,1139.53736976898,3224.54750121626,930.389019980352,2537.238324143,4229.02478555045,4265.26686873166
2190.66235191551,5976.00971155503,3822.12915693596,7924.75037779109,10909.5616976073,4992.56616363769,5941.72368473998,3223.21000999004,1669.78949577484,307.953123867903,1693.55837540369,1284.70634438381,1906.15801315106,1619.62738727153,2445.00258053034,1969.69049573785,2748.53264062845,1434.57234836728,1616.26227846844,1424.38550076866,1917.37892329607,1280.84695467491,1338.2636344906,1308.63484437027,3007.86862371015,3471.54068870005,2900.35287682378,752.571807072255,1e+09,783.579500880415,1293.26687129919,4427.55934169154,3866.86185689378,2810.56521272857,1316.27802549461,1319.55471856987,1817.82199153272,1080.40233464205,1102.77056942956,863.659742028075,2645.44823460978,1545.87209373868,2148.01691462148,1045.92222846634,1753.91814871732,2581.79324280625,3338.25505099595,1334.2040120986,860.66781902195,2748.02328236134,990.020730237504,1985.9129226882,3637.13131085475,3890.32969640106
2135.24943669352,5955.6457587234,3856.04135936066,7894.97087405014,11011.0909911734,4799.2872005851,5595.92240796815,3409.75740906886,1717.55232193957,879.306680231647,2121.6756807533,1504.92852405023,1586.09253837851,1856.72881288572,2079.54961734506,2510.4866482019,2785.14728831349,749.984369103784,1515.2084670434,1552.41499838155,1946.53014466769,1791.39707622291,1713.86884124778,866.365271637778,2920.26589198655,3241.30759168272,2734.48795139053,1288.29586299111,783.579500880415,1e+09,922.935888672664,4250.72629389379,3731.81426889121,3020.37522894093,1087.94749358597,1273.35898469363,1571.20809637043,1190.75267360607,1209.33526484594,1231.70001948526,2427.30341626258,1561.21351480187,1756.91892581872,1439.84100205544,1764.36157037043,2555.43066875233,3134.82178097894,1588.74405751839,929.091150479865,2501.70736773908,1009.69464666304,1486.52986411306,3129.62439382109,3594.48993147846
2572.59695411077,6562.67999494109,4446.45647324923,8474.22894096566,11602.1040641472,5372.99074398049,5048.6981908805,2998.0374754996,1277.30056979554,1431.56317747419,2585.62868933264,1150.50637681849,990.541821075718,2458.64144437533,1575.67821296101,2982.81898492014,3485.49103748668,1101.28303269414,1019.62358368174,1421.34786016654,1449.16770282117,1790.98022431852,1404.92851725631,1337.58930404665,3550.08121100067,3873.42410330963,3384.45024110268,1773.78199979592,1293.26687129919,922.935888672664,1e+09,3631.51047477492,3068.909089807,2699.77646971004,1086.31767987086,1263.11693152297,1120.79519623346,1003.42479065449,1277.6529867691,1138.14668580109,1817.32199739067,1052.33175823977,1161.96699036591,1498.68452871176,1369.22246651156,2075.14053355429,2606.82189665884,1294.91351135896,796.516750796868,2046.5181074205,1125.0812662648,863.804339361641,2574.64048655341,2925.33953398576
6097.2312293286,10147.9757768335,8014.66908219547,12009.856339861,15065.7681228904,8800.27943603497,2848.34153152321,2374.6489254414,2878.16498460391,4639.88307409788,5922.26583637547,3666.1615633657,3031.88448821851,5782.63174236437,2633.45520406177,5641.8396708166,6930.45493150342,4531.65290637975,3026.19584065539,3327.17845493746,2639.05550394455,4313.01038905542,3751.35934178532,4580.31690511694,7082.4383752702,7331.57637333882,6844.21630789822,4662.44457241049,4427.55934169154,4250.72629389379,3631.51047477492,1e+09,1166.19038775836,2522.51152675265,3637.24061161755,3272.56321688367,3047.16699153492,3593.0379919088,3667.57123704503,3690.02161061423,2039.62226311638,3149.0821284622,2633.34135248357,4213.83869995044,3195.28917802442,2058.79343558308,1285.15214317216,3706.89639465416,3744.41457754079,2234.62065657686,4049.81803313433,3321.16869392387,3418.25511417741,1231.74456170912
5606.61487824873,9566.6021786996,7471.90720827019,11490.818326786,14596.7519363727,8324.92845443131,2816.55740894802,1899.89808179281,2435.14267690828,4085.68892648474,5353.31866759303,3157.53241047499,2670.04393061238,5301.06845806579,2001.03342468336,5320.30433728184,6432.34985327291,3994.91609839306,2664.30019552978,2662.08266098181,2104.70670303489,3844.0437943395,3186.95894051053,3928.80075817036,6484.89661493535,6847.76510981503,6333.29622383163,4188.54885633438,3866.86185689378,3731.81426889121,3068.909089807,1166.19038775836,1e+09,2252.82430284743,3013.78462792217,2843.20866845893,2472.95715126648,3037.42659312122,3257.82972196215,3108.77640094942,1364.91309998109,2725.74065873846,2200.26762317678,3817.71734596735,2945.59208199302,1789.86238077121,975.939121359524,3285.77100379804,3245.00414982786,1559.35991929381,3633.6850137567,2750.67198022592,2759.05453996473,850.237191611847
4809.43437438333,8721.51485312041,6529.4039006865,10640.6821621783,13445.3641323655,7687.40540211715,4708.62958371117,1255.10923807452,1446.35395121664,2957.05719023153,4088.48891808453,2283.42936669826,2388.96765794349,4172.58535162554,2524.05552478546,3663.89062830756,5418.45249858297,3577.46462208923,1920.93367662707,1983.50374428686,1340.55719531096,2410.66714249396,2047.61152726781,3476.93175490978,5800.09198962396,6147.03215300685,5612.66698474976,2827.63045980199,2810.56521272857,3020.37522894093,2699.77646971004,2522.51152675265,2252.82430284743,1e+09,2457.45128598717,2055.82582897968,2014.96762720893,2068.03802921997,1986.02503005375,2034.16747594686,1991.42977481005,1924.05729171457,2392.33276441636,2514.40785553975,2109.48221675368,1014.2659591054,1923.31337033256,2268.74297250702,2390.06675887934,2254.28215217173,2540.19229096933,2997.17188387653,4081.44147972257,2720.20397740684
3117.66310198841,6811.60052030358,4772.17396196954,8814.11222998097,11953.4706143655,5759.75078204778,4766.5581238038,2584.90552444379,1342.82346308068,1466.16079421733,2821.45593350313,1769.84220672353,1716.42409966185,2821.34196945354,1355.74291685408,3148.35714441675,3756.84336383619,1512.38447939008,1510.13642536031,1271.85011129457,1333.87413285512,2120.76581293173,1777.15163010926,1100.80724775049,3783.67045514009,4184.97204386123,3708.50657708733,1896.13209228682,1316.27802549461,1087.94749358597,1086.31767987086,3637.24061161755,3013.78462792217,2457.45128598717,1e+09,992.398280379405,1189.61448490677,1270.70531953715,1285.42144372964,1158.87656961387,1710.27021970214,1598.23510573382,1513.77439445249,1901.33216698188,1963.19678697781,1935.72554480226,2422.25572211111,1888.91096240665,1309.80839755286,1722.28343741673,1549.94760682418,1363.19416221608,2723.15103172777,2949.35139532406
3243.56721101937,7118.053295354,4998.31500073775,9041.95787445396,12087.5872500677,5960.06841480868,4817.76894046404,2323.08571946883,1014.59243280245,1567.20604605776,2978.78691053926,1431.04031215057,1450.63252066125,2784.43283738359,1514.11286075378,2825.90485298072,3875.11945572004,1897.03462461812,1108.94345135358,963.846181037203,1114.14473350638,1907.74578421759,1597.66936714077,1746.49790798615,4053.90545442293,4431.37177914469,3887.3540462119,1732.42539697962,1319.55471856987,1273.35898469363,1263.11693152297,3272.56321688367,2843.20866845893,2055.82582897968,992.398280379405,1e+09,1389.93794760773,1168.22045710559,1085.64138088966,964.018601947079,1620.40556673322,1211.13720217818,1283.86409981742,1603.18747684106,1350.87049027655,1601.04034980384,2166.37810411756,1458.27588830098,1043.46272726916,1667.120165405,1446.59174219957,1518.32816999488,3024.00990155456,2816.76052535532
3444.89386608644,7313.11246360262,5206.08860627631,9250.87248395523,12305.3027138466,6148.35521839784,4618.74768458941,2504.83631728702,972.969050741081,1939.62381976506,3160.46280155296,1503.92512074239,1048.75529958137,3110.11839570458,1438.76333971227,3397.73389021271,4159.70574491754,1820.39949609969,998.664528608081,1291.58537592371,1041.26919891064,1974.74879470782,1508.50041640697,1921.0180905447,4350.04125633309,4602.95554823203,4138.52407853331,2073.23354080046,1817.82199153272,1571.20809637043,1120.79519623346,3047.16699153492,2472.95715126648,2014.96762720893,1189.61448490677,1389.93794760773,1e+09,951.361964869313,1156.13752663773,1328.95303254103,1409.96236045506,1104.67963713468,1146.59202221191,1895.63819630751,1574.64297639179,1452.6514501077,2002.20861450549,1670.55206599495,1295.47931330454,1683.53538967852,1403.22206318173,1441.36725271528,2725.94068800112,2447.78546690677
2859.01627060778,6790.27637336655,4613.35582987049,8707.20213189059,11660.5465013781,5699.70593704623,5357.19402541106,2667.52076569237,900.84133625184,1215.62742104643,2403.34302354034,752.647544737907,1150.01707117764,2346.01358139718,1994.46231724242,2541.62835168716,3536.17674616244,1679.71454295068,830.881679964121,969.008506928603,1193.93978792902,1116.74978218041,756.349852978104,1787.22895925508,3841.91301010317,4182.31449711759,3641.99573404473,1224.19098260851,1080.40233464205,1190.75267360607,1003.42479065449,3593.0379919088,3037.42659312122,2068.03802921997,1270.70531953715,1168.22045710559,951.361964869313,1e+09,639.523703313646,600.106688431316,1964.39428137531,725.269524452807,1532.59972523813,1073.56749163711,1169.34031184254,1799.91946267048,2594.3407249627,924.289736716794,562.479230727678,2210.79762314419,763.207244593498,1692.75362076116,3281.31091972401,3117.5922222446
2917.90888906765,6808.88713914396,4625.65154434486,8718.89807963713,11629.404207065,5732.25592344759,5471.57158799919,2683.61898105897,922.177241857551,1176.52762615248,2400.36393930171,1149.57358516104,1382.69233725366,2346.11347803127,2160.69842055758,2300.64110204091,3513.55169712927,1788.51742107814,935.306206651063,1309.00103598126,1275.55861970354,1160.34950092634,1091.76721099326,1875.52970077789,3917.46844422517,4178.29566748214,3679.80388120074,1118.61008988834,1102.77056942956,1209.33526484594,1277.6529867691,3667.57123704503,3257.82972196215,1986.02503005375,1285.42144372964,1085.64138088966,1156.13752663773,639.523703313646,1e+09,803.349405924969,2156.96850528699,973.413823715279,1738.18095597093,979.572188253627,1235.09741210967,1741.53516611064,2669.00914548827,1131.26283148524,825.468554761476,2374.45425135967,652.607222684518,1962.64782936216,3598.2112922951,3308.19892740748
2889.49145856152,6792.15703465401,4618.23737312191,8731.15795062144,11682.0673711163,5783.40520846499,5374.22713952434,2443.97217584407,923.346632094361,1059.2858068057,2318.8052156876,834.427153860659,1515.80759474941,2349.53090241435,2006.63906026968,2379.78114892946,3564.91714961232,1853.40040193694,1066.83416255761,892.685274662913,1138.88182578352,1104.06479126001,750.543619518546,1741.07786152716,3818.57383962914,4269.33048731297,3700.81199564366,1192.09353567579,863.659742028075,1231.70001948526,1138.14668580109,3690.02161061423,3108.77640094942,2034.16747594686,1158.87656961387,964.018601947079,1328.95303254103,600.106688431316,803.349405924969,1e+09,1998.80458654667,941.937994562275,1710.80251557566,1015.57853718952,1289.08480450279,1829.80082129176,2657.8075753711,928.158224388493,641.170053184021,2194.59848728646,1032.60303209898,1784.37138709967,3374.41541485336,3237.73382857517
4367.62603443793,8290.66297727751,6212.97430797038,10229.6789997683,13380.9718130897,7066.1438136865,3419.52654079479,1829.29753766302,1423.43690306244,2865.66694566902,4196.914511126,2176.46900917518,1650.45328425254,4110.28029783858,735.307100468913,4266.2946016186,5180.66880537639,2704.6254509451,1621.33164953997,1634.83311337886,1107.96462953472,2899.07666623358,2274.04577931052,2606.81598155681,5201.4051948584,5561.7515572974,5060.93832223828,3071.94874315963,2645.44823460978,2427.30341626258,1817.32199739067,2039.62226311638,1364.91309998109,1991.42977481005,1710.27021970214,1620.40556673322,1409.96236045506,1964.39428137531,2156.96850528699,1998.80458654667,1e+09,1735.23764631822,1030.22552399948,2754.92449254059,2015.2280517599,1189.40687210054,908.043186693232,2311.14252833961,2085.32054871667,564.393007575395,2499.76453529127,1505.54824203677,2112.17718735905,1293.07697887635
3102.43560621329,7191.07758954108,4984.94102076444,9049.56924962177,11995.6028826941,6011.04889941015,5114.01857458496,2505.16959783165,668.740640308334,1704.59851463622,2821.57188965654,624.539887837438,774.645815647383,2704.7028668229,1903.84590053922,2756.14253662614,3938.70772667889,1980.39680248682,308.056269859907,1240.81818893825,1013.28865418498,1329.89132161241,863.133516322938,2214.0825748603,4240.32625399273,4536.10251465947,4003.92717165285,1684.22652651002,1545.87209373868,1561.21351480187,1052.33175823977,3149.0821284622,2725.74065873846,1924.05729171457,1598.23510573382,1211.13720217818,1104.67963713468,725.269524452807,973.413823715279,941.937994562275,1735.23764631822,1e+09,1249.51309072774,1164.59055130977,561.76721780467,1494.08939029765,2306.05552619619,671.681845742462,737.766455661953,2098.76804544952,1048.51420576929,1587.52068984943,3168.9697916831,2770.61840048391
3569.49150372991,7539.18263332969,5454.47822974847,9412.34386544606,12565.2334081703,6198.4607589788,4139.29510872322,2610.01611362842,1299.69146280954,2362.34565083097,3651.8184044117,1672.50205171773,825.019410923161,3384.0269095118,963.42788702632,3732.56600331461,4406.88036119657,1947.17861435463,1075.45518265523,1464.40950287138,1296.19448563863,2499.46380377872,1987.22777866555,2125.1835711298,4469.64847458947,4730.55122413868,4240.55830727512,2538.34358925265,2148.01691462148,1756.91892581872,1161.96699036591,2633.34135248357,2200.26762317678,2392.33276441636,1513.77439445249,1283.86409981742,1146.59202221191,1532.59972523813,1738.18095597093,1710.80251557566,1030.22552399948,1249.51309072774,1e+09,2229.63852660022,1422.3608515071,1578.75390073944,1651.8624718178,1799.06699291605,1477.04168025144,1259.32281862118,1870.91992928613,847.035348613032,2103.02921560781,1922.1768043549
2396.71035456936,6390.82787629271,4147.30882121166,8232.45352853571,11051.836753703,5374.56798880617,6135.89036715944,3158.94233608339,1450.65173098163,1045.93689881369,1837.14749367055,910.076205215805,1709.89053401088,1822.22515013925,2768.19952637089,1640.35313405376,3126.83565087774,1963.2333494264,1292.7181387294,1777.32686656113,1832.62954213338,591.262967468791,925.432939223583,2170.96623826811,3608.54744176933,3918.88815677355,3387.86399214904,866.249089581051,1045.92222846634,1439.84100205544,1498.68452871176,4213.83869995044,3817.71734596735,2514.40785553975,1901.33216698188,1603.18747684106,1895.63819630751,1073.56749163711,979.572188253627,1015.57853718952,2754.92449254059,1164.59055130977,2229.63852660022,1e+09,1199.20590800746,2357.09635297329,3338.86119512327,713.013694328517,874.237479006706,3028.82682175789,728.761470647289,2288.71335472575,4027.0212297429,3890.0972959169
