1e+09,9944.7268175149,11425.6192060168,11770.1891492618,13705.8872939733,4419.86997381145,10353.061114936,3991.25196622564,3595.59852369532,4833.43867252911,4718.97332916812,5093.99797153474,4594.55656125812,4926.62999696547,5746.06392848183,3600.4581687613,4328.22385443498,7526.57889613867,4351.06585270782,4582.55484382893,5758.28883367273,5206.84430095619,3391.83246605725,3982.49408428939,5181.35514391747,5081.15956239321,3292.28696056404,5004.43094845957,3658.37923307576,4136.36435879384,4925.78010982017,7169.84001626257,8406.26281277239,4369.75196721736,5796.58545765522,4671.63231696374,5728.98764119805,6021.1706423419,5139.1567424238,5497.88023485416,6456.49530412592,5048.51136573941,6362.59295686908,4953.19766929405,4213.98887152066,4434.86211648119,6302.60960943164,4456.69752120334,5061.99088371364,5315.9235109057,4640.43348212212,4397.89944561037,5935.04559805567,7115.61610616396
9944.7268175149,1e+09,1548.22419594192,2048.9971957033,4009.04506406451,10948.1949868825,19043.6013627833,11154.2048991804,9688.38378363491,6514.17729140833,12285.9626086115,12452.1486720405,11813.8916652473,13177.3094381365,12697.6082702767,10022.665894661,8507.34364988861,15359.6827424006,12042.7597304522,12375.8404727639,14185.2605215766,12875.1639977361,10678.443487831,8489.85266802669,5856.50155813178,5912.36211968618,10493.1022493874,13248.9147315129,10066.3387937224,10452.1496406959,11878.0085048084,15069.2554160848,16870.5593822789,11882.729130608,13841.6756919421,11636.9749096705,13374.8032957498,13948.9066142906,13080.0700296214,13326.9505462803,14590.8913984102,13248.4981770086,14570.1869760892,12925.6987527599,11988.4155810391,12236.3201509522,14663.3820094513,12368.7988619631,13266.7336969278,13284.7290267961,12649.8175091106,11268.9757319776,13741.2625680758,14875.0817638459
11425.6192060168,1548.22419594192,1e+09,982.128717276916,2692.29080275516,12385.1584369478,20499.7442591585,12573.1380458102,11131.9529714916,7953.83973449302,13706.9194329543,13862.7471976986,13240.1636618548,14625.9832603931,14104.6964371694,11415.7969279197,9873.15088359334,16791.0388596864,13482.7075250003,13821.7011517975,15653.0541579559,14283.4800667729,12106.1926037008,9921.42372120554,7291.7466958953,7349.84998490446,11942.3495046578,14705.4202086306,11500.1627930521,11893.4421398601,13287.5248566014,16488.0216652666,18309.019995322,13316.5858390317,15276.1877524663,13029.6135467711,14792.3971110804,15367.9030121191,14505.9539873081,14748.8109397978,16031.6821969218,14702.9148343551,16022.7311344633,14367.6995726595,13436.4094669447,13674.4617141334,16122.1945063692,13800.8590701521,14710.8541355592,14735.7545339049,14088.6528923066,12689.6857885056,15171.7551643935,16305.8938682613
11770.1891492618,2048.9971957033,982.128717276916,1e+09,2263.31062549974,12839.8885249211,20941.395786924,13009.0083484292,11583.9828390498,8423.75292429093,14230.7154210883,14442.5182054308,13788.1991991993,15132.1822080888,14601.8009744141,11972.758819253,10474.7176179265,17227.6001918201,14025.1397274466,14336.8312908781,16101.5444613304,14852.8933147653,12653.5069290849,10428.5570025579,7810.43006925995,7827.08450554228,12389.0866329484,15193.6928438974,12032.8390956582,12364.076440604,13835.7797861161,16994.4373297206,18796.8680673031,13855.706777902,15786.0768656782,13604.4804389767,15348.1038174492,15914.7123076353,15022.888461511,15313.2460734424,16495.8948538599,15170.6427884582,16488.0065135783,14874.4829829174,13937.786529105,14166.2045407653,16555.5396087745,14308.3396428761,15216.3936514471,15238.9162428173,14599.9670880109,13227.5986642361,15681.8534554178,16783.9434207668
13705.8872939733,4009.04506406451,2692.29080275516,2263.31062549974,1e+09,14938.9452020181,23022.8394887577,15137.0579062181,13682.4701443161,10511.7235250172,16266.4447211092,16381.7335095252,15788.4460116219,17158.6421559604,16652.853929333,13980.9390987408,12471.0995293278,19344.2629362584,16009.2331583027,16359.5933112899,18164.6199269542,16840.4780237884,14633.3036709384,12494.761567589,9860.84645742443,9912.54588004515,14476.8606504518,17235.5431765523,14048.0945154387,14444.4862626609,15861.5751226856,19060.1923294992,20856.6767224479,15864.8027992251,17830.6381414463,15590.6444387139,17356.2741494913,17934.3598509314,17062.7841568045,17280.0430935892,18583.0985879132,17230.3563947209,18559.7108332781,16912.4764452342,15975.9631080758,16229.2339851609,18649.3590517047,16353.9784737598,17246.9231787789,17275.952408481,16626.5177239824,15244.2460461448,17720.4512150312,18856.6142571566
4419.86997381145,10948.1949868825,12385.1584369478,12839.8885249211,14938.9452020181,1e+09,8146.32514230804,1301.24161780201,1574.78360589638,4496.26598464771,2142.71890176943,3436.01450960266,2132.2867313286,2881.91605845833,2499.42192444573,2602.42633044626,3411.11338051083,4439.39859095801,2486.912325837,2211.85010348803,3471.22334585374,3273.47425259463,2641.56718899974,2606.1278771388,5166.59086022882,5047.42537653604,1377.68120662946,2792.48814151466,2023.33376431077,778.893675478239,1876.10908923229,4301.54338308938,6102.62111266954,2235.97147128491,3231.02251921895,2547.42290005017,3357.007692693,3705.40074380626,2814.94103305913,3578.8574699197,3721.2279481913,2596.31940022795,3780.62584800453,2502.98099551315,1828.0690970256,1854.04046147866,3816.43735209947,2204.24025194624,2888.85353412041,2908.13334845567,2579.78709191282,1899.00459154263,3217.18315850994,4058.97186064402
10353.061114936,19043.6013627833,20499.7442591585,20941.395786924,23022.8394887577,8146.32514230804,1e+09,8087.7439877323,9452.70553934692,12606.5270409062,7017.45662677013,7538.98273994575,7573.12886950962,6156.25844504598,6753.09923367042,9499.99475744066,10994.284103192,3918.5430928599,7423.10042449919,6893.06470199577,4911.6418939088,6940.71595393444,8897.92646895893,10631.6165937735,13247.5641071632,13155.8666430038,8669.62959558827,6014.76643246436,9251.63327806501,8667.17657181968,7470.42027625622,4296.12891854982,2611.27662743724,7529.57348966062,5424.84012832636,7985.43584674625,6344.04860547269,5728.54645279237,6298.78700735308,6497.87338060692,4509.29939385267,5856.73952249885,4562.50498182742,6312.12163902915,7210.89774339506,6946.02118762965,4421.33641819982,6920.90414433692,6028.04688077324,6062.94791046402,6704.95611729115,8077.39949927574,5588.32634950752,4401.23582888943
3991.25196622564,11154.2048991804,12573.1380458102,13009.0083484292,15137.0579062181,1301.24161780201,8087.7439877323,1e+09,1674.26674407037,4766.6872424148,2158.9644661967,3664.40962152159,2451.92213887391,2773.76472309747,3008.35908832373,2374.09093294676,3559.6666020289,4545.15948970991,2616.3316028172,2361.25609026213,3483.50430717403,3253.07865184659,2517.98825892815,2969.50963448513,5455.82299268406,5292.37629948967,1009.77678503717,2692.27621524984,2153.06571736675,1462.89038290639,2204.76168970708,4382.52951258745,6074.55062531378,2356.01948724963,3227.08642601961,2655.82192656059,3483.95960793176,3698.78354858729,2745.15901872733,3688.09504046466,3706.73643566683,2547.06565217703,3852.44682716063,2518.14859239879,1876.37958339991,1728.723773279,3736.39903821848,1974.46555320674,2795.16634444178,3059.04435533387,2547.42209205699,2300.65292280257,3413.34841782962,4305.23851188294
3595.59852369532,9688.38378363491,11131.9529714916,11583.9828390498,13682.4701443161,1574.78360589638,9452.70553934692,1674.26674407037,1e+09,3217.21220560597,3093.03161338516,4110.45074861626,2909.27037664085,3789.57689144844,3889.70580694736,1998.13316793451,2455.84175905126,5853.42020080568,3106.95477517778,3136.11029096555,4694.32443448469,3993.74416218666,2366.86280113571,1514.78098674363,3957.6572687892,3816.76084753813,984.949577744973,3722.55795126147,1359.36089453831,1002.66300764514,2799.29292956275,5647.35733354992,7402.06968568927,2850.57218463241,4396.86839931559,3098.75099872513,4307.78007258959,4714.43162474545,3838.48217395887,4461.32373698659,5035.74287153345,3750.71314043076,5085.47177705275,3546.07970991911,2647.01590322008,2790.3779155161,5052.56757303651,3006.30121676122,3880.67681383029,3968.58352838894,3488.49330900892,2587.91199091082,4505.27589685693,5509.68326602356
4833.43867252911,6514.17729140833,7953.83973449302,8423.75292429093,10511.7235250172,4496.26598464771,12606.5270409062,4766.6872424148,3217.21220560597,1e+09,5995.05573010794,6501.3249838706,5584.66861042802,6839.03202576944,6518.29837254325,3987.47795413341,2713.84388670388,8917.91844596597,5838.9279915666,6062.20183883711,7803.07879878834,6716.64623184071,4639.83556444622,2119.27096547374,1020.12231075494,794.342609331767,4103.11950630249,6844.63121092729,3757.24686009583,3965.94870450943,5567.10401167429,8682.71782660821,10495.3254921655,5624.00009062055,7462.85889085409,5556.15052377093,7122.39254547936,7651.17062868814,6794.23322563334,7190.33543358723,8162.00870214557,6865.5645079265,8171.08114564407,6574.38363112467,5641.27783799026,5860.9421323794,8219.60609243533,6036.22512371764,6930.91997902876,6938.73148028514,6396.95763549361,5087.80780914531,7437.57125545026,8497.9787063866
4718.97332916812,12285.9626086115,13706.9194329543,14230.7154210883,16266.4447211092,2142.71890176943,7017.45662677013,2158.9644661967,3093.03161338516,5995.05573010794,1e+09,1800.22762088576,845.31542456056,1265.78193161381,1782.40576109931,2584.2588699664,4028.20817623668,3811.97429269926,1014.99018497718,709.145231881312,2421.38557854795,1387.2489343301,2162.31492428832,3914.26990339195,6484.60344711995,6454.65709514456,2380.13369370294,1606.16708766554,2573.4689800734,2440.93792962869,792.87263397093,2949.19314247134,4691.22377123497,999.031338347301,1638.60765935595,1156.36280167601,1692.05132292138,1928.20609038557,930.778338273942,1619.42235083995,2644.22826026801,1431.39831172179,2662.92183572857,855.862733561872,776.91505153395,720.972264376377,2993.98873757067,629.409363689483,1181.88746325528,1634.49059244769,777.837700809108,1276.30699524057,1690.91585887648,3061.08565089251
5093.99797153474,12452.1486720405,13862.7471976986,14442.5182054308,16381.7335095252,3436.01450960266,7538.98273994575,3664.40962152159,4110.45074861626,6501.3249838706,1800.22762088576,1e+09,1394.77973020832,2159.42273188924,2510.07704786128,3096.31597919205,4231.01195735725,4791.04603332091,1345.24773339337,1660.10754106473,3297.0871354576,1134.8812145771,2321.92771872856,4447.68037689311,6772.24685656097,6877.4990206397,3572.7915801373,2664.65268826915,3252.7195601527,3607.07624425933,1929.10896475549,3568.04864339039,5026.41429726997,1483.45085547179,2527.21271829263,1468.58234474612,1576.90753584349,2097.88832958287,1777.71559513889,1141.19185170593,3615.79771173665,2715.54323449287,3395.10599581221,1998.81540956137,2018.3517950298,2232.8149999944,4047.24668861437,2089.13451053301,2183.15280958526,2081.99021846886,1554.29304611454,1692.20738223777,2270.10420029566,3764.5461463369
4594.55656125812,11813.8916652473,13240.1636618548,13788.1991991993,15788.4460116219,2132.2867313286,7573.12886950962,2451.92213887391,2909.27037664085,5584.66861042802,845.31542456056,1394.77973020832,1e+09,1704.05785054381,2011.98532256078,2285.26489204206,3542.20476984321,4369.68527917057,655.282985129326,837.586075278237,2942.67285813425,1383.70608909551,1735.25813053851,3492.02239010577,6014.61289321266,6039.75012243884,2371.04618982845,2030.20621442749,2178.01989554733,2282.04088019913,671.56003670558,3472.57671126211,5207.14801201195,618.195754919103,2191.98839857788,832.128146681748,1763.29024167889,2238.30286480628,1483.45077235478,1655.26534531476,3248.34528130862,2039.68561214713,3169.55890009951,1368.14162837771,925.591063105084,1220.76509419298,3583.88297636795,1195.81114106702,1724.98626603228,1839.91413337688,1153.06666286039,762.401211371021,2123.59068174637,3535.41530297361
4926.62999696547,13177.3094381365,14625.9832603931,15132.1822080888,17158.6421559604,2881.91605845833,6156.25844504598,2773.76472309747,3789.57689144844,6839.03202576944,1265.78193161381,2159.42273188924,1704.05785054381,1e+09,2481.55654982916,3431.94674259377,4975.24465405471,3320.64323479654,1374.92474354053,956.959241922037,1636.61414004646,1406.37618544968,2751.43311763161,4802.44778470313,7385.03292661583,7355.76815043133,2971.93126856931,591.83818151586,3241.71570042779,3143.10280670232,1790.95706176893,2456.42220153621,3921.86200460955,1489.31950030878,975.407893088835,2184.02799086916,1406.16039725203,1318.80555124704,908.946237464021,1417.98948818389,2031.25515600576,944.602065528125,1975.50625202757,544.313369576754,1228.96074148038,1150.5687350176,2219.90314079241,957.591138169104,324.413088823494,1043.71690817003,930.225745612322,2307.3687806027,1507.21422511865,2681.12011948365
5746.06392848183,12697.6082702767,14104.6964371694,14601.8009744141,16652.853929333,2499.42192444573,6753.09923367042,3008.35908832373,3889.70580694736,6518.29837254325,1782.40576109931,2510.07704786128,2011.98532256078,2481.55654982916,1e+09,3842.46378114355,4834.75070442107,3317.04419539445,2448.96258591266,1974.11183064689,2553.44131869131,2578.3377354024,3533.93326131097,4494.27805034357,6950.55843566544,6919.02219229712,3401.90867947686,2701.15891696509,3763.29869064362,3129.86592171294,1923.94926796421,2703.0408091629,4456.02945113697,2382.47803041287,2211.86815739546,2343.44263746737,2375.02438939056,2603.15270704582,1847.76357887041,2453.65476487627,2583.73256015401,2083.64764305292,2526.93309068523,1963.21102469908,2171.05976999713,2040.98191055188,3084.89493505046,2260.15476627155,2285.48940627604,2179.73118645396,1934.018305084,1970.27290102158,1553.9014231926,2425.46962745362
3600.4581687613,10022.665894661,11415.7969279197,11972.758819253,13980.9390987408,2602.42633044626,9499.99475744066,2374.09093294676,1998.13316793451,3987.47795413341,2584.2588699664,3096.31597919205,2285.26489204206,3431.94674259377,3842.46378114355,1e+09,1778.92588746693,6218.45905978322,2386.54163127317,2788.71052343193,4802.43813190758,3078.42570175082,1111.81253122997,2174.29844989137,4376.95559376606,4379.86982583958,1845.94488679917,3637.64483578317,1175.14956026882,2208.01090701563,2351.69212362078,5486.76512263829,7205.95974562723,2239.5456261483,4126.11588110416,1971.47983613833,3734.24231316073,4160.5758716072,3348.4165067984,3632.12493813195,5115.88923560704,3756.61410474912,5143.55722660884,3254.45841898464,2425.24627069088,2643.99988577912,5316.45311166195,2588.66896583939,3517.2797810524,3813.35572578798,2983.5772342274,2042.4148087252,4242.20943528252,5598.23700397723
4328.22385443498,8507.34364988861,9873.15088359334,10474.7176179265,12471.0995293278,3411.11338051083,10994.284103192,3559.6666020289,2455.84175905126,2713.84388670388,4028.20817623668,4231.01195735725,3542.20476984321,4975.24465405471,4834.75070442107,1778.92588746693,1e+09,7501.09310865423,3799.77815882717,4184.67519238949,6243.66371005838,4464.92267053977,2510.60935900032,1413.96226374681,2878.18186616134,3005.40431982121,2958.92365092444,5149.28006833965,2091.3960966541,2928.42677340582,3588.69086924466,6846.71708166038,8657.98875782939,3594.54501152789,5594.92814348853,3271.63234835456,5015.99284551922,5563.75091864293,4804.06659827901,5001.64131551834,6531.33511805205,5237.11597636524,6525.90760548293,4720.69548943797,3858.97345956149,4100.19610263948,6759.30661782701,4148.2847725777,5059.89649563111,5131.5099970574,4440.65683005341,3085.59395241824,5565.26695613966,6860.42112127237
7526.57889613867,15359.6827424006,16791.0388596864,17227.6001918201,19344.2629362584,4439.39859095801,3918.5430928599,4545.15948970991,5853.42020080568,8917.91844596597,3811.97429269926,4791.04603332091,4369.68527917057,3320.64323479654,3317.04419539445,6218.45905978322,7501.09310865423,1e+09,4428.0435960591,3744.31657546474,2018.9968104482,4193.79990683867,5777.2494409191,6984.03994143791,9574.14279216683,9470.45692164322,5206.76147997006,3096.36277927829,5878.14933117559,5045.93231959169,4138.52220239302,1650.8539883951,2407.47905170533,4381.09229731582,2536.60882429672,4875.37847680567,3546.89207783378,3156.07344084386,3292.41474337605,3961.37722228015,1353.1225167737,2724.75225409577,1575.19866486739,3224.15071898012,3961.47466692645,3636.72885324161,1437.53671226164,3786.12822531145,3165.64575371282,3028.65968583464,3680.63591396922,4714.21677521304,2571.53931111309,1244.21045699673
4351.06585270782,12042.7597304522,13482.7075250003,14025.1397274466,16009.2331583027,2486.912325837,7423.10042449919,2616.3316028172,3106.95477517778,5838.9279915666,1014.99018497718,1345.24773339337,655.282985129326,1374.92474354053,2448.96258591266,2386.54163127317,3799.77815882717,4428.0435960591,1e+09,728.777891198683,2801.94311633909,1163.82554972814,1616.96924714108,3786.34095720393,6278.98555742884,6306.21916827349,2456.8582182739,1743.56747959464,2271.56871218988,2558.15348826062,1151.37184927373,3488.66148681697,5084.95029456533,500.883025665674,2087.77945322297,1144.817799783,1664.41996989942,2072.04342218014,1422.57358649737,1435.12696776278,3214.28218898092,1937.02920132867,3105.02193190322,1244.37400402773,867.159286694204,1232.80776035844,3474.23059469287,1059.9526936142,1480.53705168091,1703.12402566578,1003.60813866768,1277.46104868211,2186.64114271181,3624.43050899034
4582.55484382893,12375.8404727639,13821.7011517975,14336.8312908781,16359.5933112899,2211.85010348803,6893.06470199577,2361.25609026213,3136.11029096555,6062.20183883711,709.145231881312,1660.10754106473,837.586075278237,956.959241922037,1974.11183064689,2788.71052343193,4184.67519238949,3744.31657546474,728.777891198683,1e+09,2172.00807367284,1275.84809750221,2123.35136105638,3986.54298947095,6563.01919636839,6555.81294190126,2427.53010704296,1264.05151184594,2577.34799895164,2475.0076151398,1075.03367919335,2931.80901743275,4584.08104342626,732.698544491525,1552.99401711661,1500.10380527482,1426.92988212456,1752.47514941011,944.294776698463,1443.71603076921,2564.20898553531,1302.27516266725,2465.37572213649,634.443044252201,536.845524895197,721.715474338745,2822.78128125436,725.353076921853,1013.15411221591,1151.89052149065,588.311138344329,1382.26545996057,1632.34994798909,2994.24184247031
5758.28883367273,14185.2605215766,15653.0541579559,16101.5444613304,18164.6199269542,3471.22334585374,4911.6418939088,3483.50430717403,4694.32443448469,7803.07879878834,2421.38557854795,3297.0871354576,2942.67285813425,1636.61414004646,2553.44131869131,4802.43813190758,6243.66371005838,2018.9968104482,2801.94311633909,2172.00807367284,1e+09,2764.81475958155,4172.86416146033,5812.38406134695,8399.68573868094,8326.34945871839,3896.63397830743,1503.66369182075,4509.44859917485,3967.3609273042,2943.81401343563,1731.58355582398,2878.5629740202,2864.41350747409,1250.13806561515,3504.87781745669,2322.09504017385,2001.84233889685,1842.71447907699,2486.12309264847,915.09054459108,1103.7614292953,726.863913810556,1669.83150775759,2417.94722843572,2196.68905887929,884.218713158685,2276.59375174843,1521.07887034171,1562.70609584784,2055.64451659328,3370.30586892347,1451.22252449443,1605.18691624994
5206.84430095619,12875.1639977361,14283.4800667729,14852.8933147653,16840.4780237884,3273.47425259463,6940.71595393444,3253.07865184659,3993.74416218666,6716.64623184071,1387.2489343301,1134.8812145771,1383.70608909551,1406.37618544968,2578.3377354024,3078.42570175082,4464.92267053977,4193.79990683867,1163.82554972814,1275.84809750221,2764.81475958155,1e+09,2356.15600289964,4633.7381182583,7113.71888383284,7171.22503030689,3338.95322996594,1896.14339465664,3169.4001668139,3449.55125097454,1656.47869569759,2969.85005544051,4475.78718041866,1200.91432650294,1796.83480746005,1535.38279601538,885.577884321871,1266.37460508335,1148.91414396377,800.540110050708,2963.65173679365,2147.35310417267,2842.61394290537,1374.75137908642,1640.5273027597,1701.94644181302,3372.6504994885,1449.89174792465,1474.67979520979,1536.14748074526,1137.23479132499,1931.08871062414,1894.94238413731,3326.19980183091
3391.83246605725,10678.443487831,12106.1926037008,12653.5069290849,14633.3036709384,2641.56718899974,8897.92646895893,2517.98825892815,2366.86280113571,4639.83556444622,2162.31492428832,2321.92771872856,1735.25813053851,2751.43311763161,3533.93326131097,1111.81253122997,2510.60935900032,5777.2494409191,1616.96924714108,2123.35136105638,4172.86416146033,2356.15600289964,1e+09,2730.90203903399,5011.45427485875,5063.74659744146,1957.81772524921,3003.67987626844,1368.21773128402,2365.75546354648,2068.5797848524,4967.01469162313,6571.62853105682,1509.5675900734,3557.4098781979,1655.46858197309,3009.56039839708,3475.50287452046,2755.18239526896,2880.10476052521,4600.63892830116,3227.68206110825,4530.18693590011,2653.57488854187,1851.68414938941,2175.20153921424,4776.71728138687,2086.34481601197,2895.4416098067,3063.74799469539,2307.55651051063,1658.91642721989,3669.13015585438,5091.98271465055
3982.49408428939,8489.85266802669,9921.42372120554,10428.5570025579,12494.761567589,2606.1278771388,10631.6165937735,2969.50963448513,1514.78098674363,2119.27096547374,3914.26990339195,4447.68037689311,3492.02239010577,4802.44778470313,4494.27805034357,2174.29844989137,1413.96226374681,6984.03994143791,3786.34095720393,3986.54298947095,5812.38406134695,4633.7381182583,2730.90203903399,1e+09,2642.557538068,2619.70767405449,2309.3817501011,4856.52554739497,1892.39958190653,2115.60365406661,3488.77419955778,6616.42502328863,8432.76431809878,3545.01294161248,5398.56229117531,3500.35890746935,5022.79881149942,5555.00852811227,4699.41409358656,5103.8803555922,6150.26600645858,4861.75666723459,6142.5164879388,4508.41297224422,3590.78929391575,3813.48651522462,6275.85180053672,3992.95481498351,4884.08285052578,4872.74819261164,4314.16287738421,2983.05577257617,5348.00204798016,6474.10069852949
5181.35514391747,5856.50155813178,7291.7466958953,7810.43006925995,9860.84645742443,5166.59086022882,13247.5641071632,5455.82299268406,3957.6572687892,1020.12231075494,6484.60344711995,6772.24685656097,6014.61289321266,7385.03292661583,6950.55843566544,4376.95559376606,2878.18186616134,9574.14279216683,6278.98555742884,6563.01919636839,8399.68573868094,7113.71888383284,5011.45427485875,2642.557538068,1e+09,542.212451443159,4782.90907409915,7456.80763935211,4324.01963103777,4676.36093417734,6060.88535308993,9230.58759949766,11042.6127390849,6081.2036118683,8015.10339000689,5909.12073099713,7561.75817522618,8128.41905473629,7271.75002939458,7576.27469370006,8771.87500241539,7458.9360623483,8749.42837452825,7109.09927337493,6180.43435543975,6422.42106861579,8880.63823177704,6576.31337412536,7471.51596715151,7456.68944054934,6859.45754243001,5470.05400795093,7922.94152187179,9061.10482224436
5081.15956239321,5912.36211968618,7349.84998490446,7827.08450554228,9912.54588004515,5047.42537653604,13155.8666430038,5292.37629948967,3816.76084753813,794.342609331767,6454.65709514456,6877.4990206397,6039.75012243884,7355.76815043133,6919.02219229712,4379.86982583958,3005.40431982121,9470.45692164322,6306.21916827349,6555.81294190126,8326.34945871839,7171.22503030689,5063.74659744146,2619.70767405449,542.212451443159,1e+09,4647.21171187627,7404.59248781457,4307.45621650412,4561.17408380781,6051.55685611562,9190.25215777565,11002.1884744582,6110.92931707609,7976.33017385815,5943.13321124472,7615.53229201347,8153.0386124009,7257.76323322138,7629.67574168785,8692.28592189074,7378.64269035302,8694.74135725152,7077.57941224258,6147.34642893989,6368.36606249201,8777.23753283458,6531.46160823135,7433.00019089869,7464.13047567498,6852.48702312525,5499.9766451686,7905.34674837859,9005.46398410432
3292.28696056404,10493.1022493874,11942.3495046578,12389.0866329484,14476.8606504518,1377.68120662946,8669.62959558827,1009.77678503717,984.949577744973,4103.11950630249,2380.13369370294,3572.7915801373,2371.04618982845,2971.93126856931,3401.90867947686,1845.94488679917,2958.92365092444,5206.76147997006,2456.8582182739,2427.53010704296,3896.63397830743,3338.95322996594,1957.81772524921,2309.3817501011,4782.90907409915,4647.21171187627,1e+09,2920.73745940987,1387.83275249578,1072.68355426938,2297.49337182939,4939.98579972655,6618.86959308763,2245.63270975019,3627.79190139126,2596.72432707055,3681.55185220852,4003.21990703733,3073.1156812102,3776.49720189225,4281.33877457741,2928.14255009895,4339.93749757989,2774.01796984086,1899.09292637301,2004.20881464482,4277.8399908365,2191.28663346446,3058.56833121315,3282.82007437203,2718.34587091121,2184.02103533826,3806.45084170281,4855.93744640517
5004.43094845957,13248.9147315129,14705.4202086306,15193.6928438974,17235.5431765523,2792.48814151466,6014.76643246436,2692.27621524984,3722.55795126147,6844.63121092729,1606.16708766554,2664.65268826915,2030.20621442749,591.83818151586,2701.15891696509,3637.64483578317,5149.28006833965,3096.36277927829,1743.56747959464,1264.05151184594,1503.66369182075,1896.14339465664,3003.67987626844,4856.52554739497,7456.80763935211,7404.59248781457,2920.73745940987,1e+09,3289.43967321184,3047.19253320167,2008.83049006132,2493.3651311631,3931.07542152272,1786.48118224066,1116.70294384854,2589.65659580571,1756.30942305164,1630.57497352928,1364.4576784569,1941.21942646884,1905.37970428469,899.53236211934,1899.84924162419,876.087435248332,1396.35672963609,1281.33744130888,1934.36164436746,1215.94407174014,753.067639126792,1176.38632986787,1398.10411218192,2604.11593332555,1762.88375331444,2643.70009887657
3658.37923307576,10066.3387937224,11500.1627930521,12032.8390956582,14048.0945154387,2023.33376431077,9251.63327806501,2153.06571736675,1359.36089453831,3757.24686009583,2573.4689800734,3252.7195601527,2178.01989554733,3241.71570042779,3763.29869064362,1175.14956026882,2091.3960966541,5878.14933117559,2271.56871218988,2577.34799895164,4509.44859917485,3169.4001668139,1368.21773128402,1892.39958190653,4324.01963103777,4307.45621650412,1387.83275249578,3289.43967321184,1e+09,1415.31764233334,2183.79986182342,5331.2311038821,7074.31615346671,2095.14689938438,3954.87359634919,2267.80468976056,3639.26589209967,4087.82811067197,3355.2327948445,3662.38544694575,4872.97854037959,3505.98942551172,4882.49200431501,3072.68455489658,2167.48938209625,2461.41700936676,4979.40148121238,2508.32113041771,3370.13044115506,3536.1008712705,2968.70991496306,2050.34423356177,4123.30254502383,5341.50774348404
4136.36435879384,10452.1496406959,11893.4421398601,12364.076440604,14444.4862626609,778.893675478239,8667.17657181968,1462.89038290639,1002.66300764514,3965.94870450943,2440.93792962869,3607.07624425933,2282.04088019913,3143.10280670232,3129.86592171294,2208.01090701563,2928.42677340582,5045.93231959169,2558.15348826062,2475.0076151398,3967.3609273042,3449.55125097454,2365.75546354648,2115.60365406661,4676.36093417734,4561.17408380781,1072.68355426938,3047.19253320167,1415.31764233334,1e+09,2065.48560004663,4833.64372322785,6629.42547416441,2324.70272411334,3637.7244121291,2621.77586021384,3652.4039219807,4034.4653862067,3200.66398091084,3824.49443167329,4262.95594308691,3031.52680553875,4321.18266083488,2845.58473558599,2033.70040045234,2173.86490060905,4322.63210053782,2430.40365955946,3202.24191395653,3286.02746834228,2903.57428895835,2083.73391309927,3727.64419336127,4661.18307031595
4925.78010982017,11878.0085048084,13287.5248566014,13835.7797861161,15861.5751226856,1876.10908923229,7470.42027625622,2204.76168970708,2799.29292956275,5567.10401167429,792.87263397093,1929.10896475549,671.56003670558,1790.95706176893,1923.94926796421,2351.69212362078,3588.69086924466,4138.52220239302,1151.37184927373,1075.03367919335,2943.81401343563,1656.47869569759,2068.5797848524,3488.77419955778,6060.88535308993,6051.55685611562,2297.49337182939,2008.83049006132,2183.79986182342,2065.48560004663,1e+09,3325.88795137479,5165.50796490529,1020.88338702322,2108.99341483088,1034.14140976948,1919.68082125649,2297.11442716727,1567.693937572,1963.24607889587,3099.37697502256,1981.65643493013,3124.47288743237,1396.45052300466,1048.94912412376,1164.0569759681,3457.20001859887,1182.63647144843,1764.35714227591,1984.56664209091,1423.33190461677,1063.20270118167,2125.70135294213,3389.63346581898
7169.84001626257,15069.2554160848,16488.0216652666,16994.4373297206,19060.1923294992,4301.54338308938,4296.12891854982,4382.52951258745,5647.35733354992,8682.71782660821,2949.19314247134,3568.04864339039,3472.57671126211,2456.42220153621,2703.0408091629,5486.76512263829,6846.71708166038,1650.8539883951,3488.66148681697,2931.80901743275,1731.58355582398,2969.85005544051,4967.01469162313,6616.42502328863,9230.58759949766,9190.25215777565,4939.98579972655,2493.3651311631,5331.2311038821,4833.64372322785,3325.88795137479,1e+09,1952.94167649728,3517.53136000235,1507.43817408874,3847.49706971948,2352.91172278095,1849.37233774056,2271.57160472656,2633.21894752411,1043.39658385486,2213.84724739536,1130.16128610035,2386.97168858368,3300.51058603059,3025.4799226569,1729.69058062418,3023.43691845886,2262.4716762868,2235.64202071799,2759.40105885317,3928.72688980794,1485.22094134173,867.134869037107
8406.26281277239,16870.5593822789,18309.019995322,18796.8680673031,20856.6767224479,6102.62111266954,2611.27662743724,6074.55062531378,7402.06968568927,10495.3254921655,4691.22377123497,5026.41429726997,5207.14801201195,3921.86200460955,4456.02945113697,7205.95974562723,8657.98875782939,2407.47905170533,5084.95029456533,4584.08104342626,2878.5629740202,4475.78718041866,6571.62853105682,8432.76431809878,11042.6127390849,11002.1884744582,6618.86959308763,3931.07542152272,7074.31615346671,6629.42547416441,5165.50796490529,1952.94167649728,1e+09,5177.39467110631,3136.18936875629,5569.52190342223,3877.22036688657,3278.55332318997,3893.28993433574,4028.85718076479,2433.19307819992,3743.84976645698,2384.59193842469,4028.17635369903,4968.9253555774,4714.68285404225,2670.92112700843,4666.7719524635,3775.74334993786,3740.57817063085,4330.27324479645,5691.03676588897,3180.59172614154,2284.95630135458
4369.75196721736,11882.729130608,13316.5858390317,13855.706777902,15864.8027992251,2235.97147128491,7529.57348966062,2356.01948724963,2850.57218463241,5624.00009062055,999.031338347301,1483.45085547179,618.195754919103,1489.31950030878,2382.47803041287,2239.5456261483,3594.54501152789,4381.09229731582,500.883025665674,732.698544491525,2864.41350747409,1200.91432650294,1509.5675900734,3545.01294161248,6081.2036118683,6110.92931707609,2245.63270975019,1786.48118224066,2095.14689938438,2324.70272411334,1020.88338702322,3517.53136000235,5177.39467110631,1e+09,2160.26999625047,1161.33902470381,1615.93004235951,2097.78608237351,1428.93163377399,1656.98117243377,3219.40520677345,1993.27385218389,3121.73891694997,1287.39973050331,752.067734781915,1068.62182038362,3481.09805416337,1008.33485603742,1613.83723150756,1634.91436968424,1046.67321805805,1087.26559363386,2238.75490083216,3634.41772495953
5796.58545765522,13841.6756919421,15276.1877524663,15786.0768656782,17830.6381414463,3231.02251921895,5424.84012832636,3227.08642601961,4396.86839931559,7462.85889085409,1638.60765935595,2527.21271829263,2191.98839857788,975.407893088835,2211.86815739546,4126.11588110416,5594.92814348853,2536.60882429672,2087.77945322297,1552.99401711661,1250.13806561515,1796.83480746005,3557.4098781979,5398.56229117531,8015.10339000689,7976.33017385815,3627.79190139126,1116.70294384854,3954.87359634919,3637.7244121291,2108.99341483088,1507.43817408874,3136.18936875629,2160.26999625047,1e+09,2621.20147131044,1434.73221023995,1045.44702395674,1033.30083872026,1588.42243735727,1258.09749880524,987.558627272326,1287.25503910453,954.800868348998,1901.24487023634,1680.27206615476,1708.00154736464,1597.01238498642,773.194351440826,1179.98038377763,1438.81411318488,2752.51970982952,890.598258419586,1806.90314007143
4671.63231696374,11636.9749096705,13029.6135467711,13604.4804389767,15590.6444387139,2547.42290005017,7985.43584674625,2655.82192656059,3098.75099872513,5556.15052377093,1156.36280167601,1468.58234474612,832.128146681748,2184.02799086916,2343.44263746737,1971.47983613833,3271.63234835456,4875.37847680567,1144.817799783,1500.10380527482,3504.87781745669,1535.38279601538,1655.46858197309,3500.35890746935,5909.12073099713,5943.13321124472,2596.72432707055,2589.65659580571,2267.80468976056,2621.77586021384,1034.14140976948,3847.49706971948,5569.52190342223,1161.33902470381,2621.20147131044,1e+09,2162.73180683598,2578.91186602024,1823.23799162369,1895.44510073492,3722.41645933122,2559.52142895894,3700.54701084853,1893.0269992792,1514.53321145494,1699.95839569679,4122.05156304479,1548.44653507959,2162.73682349471,2474.5066207024,1578.16246144052,990.99726427473,2556.92257377888,4012.95337391303
5728.98764119805,13374.8032957498,14792.3971110804,15348.1038174492,17356.2741494913,3357.007692693,6344.04860547269,3483.95960793176,4307.78007258959,7122.39254547936,1692.05132292138,1576.90753584349,1763.29024167889,1406.16039725203,2375.02438939056,3734.24231316073,5015.99284551922,3546.89207783378,1664.41996989942,1426.92988212456,2322.09504017385,885.577884321871,3009.56039839708,5022.79881149942,7561.75817522618,7615.53229201347,3681.55185220852,1756.30942305164,3639.26589209967,3652.4039219807,1919.68082125649,2352.91172278095,3877.22036688657,1615.93004235951,1434.73221023995,2162.73180683598,1e+09,721.308528162533,1141.00902275135,956.642428496667,2429.22178868048,1985.71915003104,2237.49230429962,1335.49343027212,1887.54043758008,1856.85120647832,2878.11112764952,1757.48089062157,1453.18908714592,1010.7466073156,1341.81947668082,2284.5247491984,1434.08368898053,2671.95808153871
6021.1706423419,13948.9066142906,15367.9030121191,15914.7123076353,17934.3598509314,3705.40074380626,5728.54645279237,3698.78354858729,4714.43162474545,7651.17062868814,1928.20609038557,2097.88832958287,2238.30286480628,1318.80555124704,2603.15270704582,4160.5758716072,5563.75091864293,3156.07344084386,2072.04342218014,1752.47514941011,2001.84233889685,1266.37460508335,3475.50287452046,5555.00852811227,8128.41905473629,8153.0386124009,4003.21990703733,1630.57497352928,4087.82811067197,4034.4653862067,2297.11442716727,1849.37233774056,3278.55332318997,2097.78608237351,1045.44702395674,2578.91186602024,721.308528162533,1e+09,1187.87150761351,1139.74254443712,1990.71938449396,1846.1767431641,1856.36901331605,1394.54226938447,2192.90878207462,2062.58871847977,2463.61063849384,1906.71707542047,1302.21038860854,1178.06287769372,1569.66168584189,2809.23960813242,1299.1206713004,2337.93977465203
5139.1567424238,13080.0700296214,14505.9539873081,15022.888461511,17062.7841568045,2814.94103305913,6298.78700735308,2745.15901872733,3838.48217395887,6794.23322563334,930.778338273942,1777.71559513889,1483.45077235478,908.946237464021,1847.76357887041,3348.4165067984,4804.06659827901,3292.41474337605,1422.57358649737,944.294776698463,1842.71447907699,1148.91414396377,2755.18239526896,4699.41409358656,7271.75002939458,7257.76323322138,3073.1156812102,1364.4576784569,3355.2327948445,3200.66398091084,1567.693937572,2271.57160472656,3893.28993433574,1428.93163377399,1033.30083872026,1823.23799162369,1141.00902275135,1187.87150761351,1e+09,1198.92154372169,2038.65967974059,1175.87032167667,1975.27795785808,620.989611587827,1303.54737892414,1106.07812002589,2456.94293020819,1000.57104140586,774.344436668851,1071.17849072879,560.117942579954,1930.87373308044,1067.85496365377,2491.3750799709
5497.88023485416,13326.9505462803,14748.8109397978,15313.2460734424,17280.0430935892,3578.8574699197,6497.87338060692,3688.09504046466,4461.32373698659,7190.33543358723,1619.42235083995,1141.19185170593,1655.26534531476,1417.98948818389,2453.65476487627,3632.12493813195,5001.64131551834,3961.37722228015,1435.12696776278,1443.71603076921,2486.12309264847,800.540110050708,2880.10476052521,5103.8803555922,7576.27469370006,7629.67574168785,3776.49720189225,1941.21942646884,3662.38544694575,3824.49443167329,1963.24607889587,2633.21894752411,4028.85718076479,1656.98117243377,1588.42243735727,1895.44510073492,956.642428496667,1139.74254443712,1198.92154372169,1e+09,2731.37260402165,2053.94648679073,2543.50989744487,1408.04898867191,1931.17156418067,2007.37459130079,3177.73844255628,1779.88793678141,1396.75185899286,1508.93107397257,1253.6867343958,2245.80265902862,1545.76928931843,2966.76089759522
6456.49530412592,14590.8913984102,16031.6821969218,16495.8948538599,18583.0985879132,3721.2279481913,4509.29939385267,3706.73643566683,5035.74287153345,8162.00870214557,2644.22826026801,3615.79771173665,3248.34528130862,2031.25515600576,2583.73256015401,5115.88923560704,6531.33511805205,1353.1225167737,3214.28218898092,2564.20898553531,915.09054459108,2963.65173679365,4600.63892830116,6150.26600645858,8771.87500241539,8692.28592189074,4281.33877457741,1905.37970428469,4872.97854037959,4262.95594308691,3099.37697502256,1043.39658385486,2433.19307819992,3219.40520677345,1258.09749880524,3722.41645933122,2429.22178868048,1990.71938449396,2038.65967974059,2731.37260402165,1e+09,1524.56220273231,563.484637235125,1987.25199245088,2820.26628233931,2506.18625245611,765.398553630721,2574.75623923897,1859.9593553086,1912.86481644679,2433.50287289742,3672.26090033102,1468.74331705714,1042.85976607596
5048.51136573941,13248.4981770086,14702.9148343551,15170.6427884582,17230.3563947209,2596.31940022795,5856.73952249885,2547.06565217703,3750.71314043076,6865.5645079265,1431.39831172179,2715.54323449287,2039.68561214713,944.602065528125,2083.64764305292,3756.61410474912,5237.11597636524,2724.75225409577,1937.02920132867,1302.27516266725,1103.7614292953,2147.35310417267,3227.68206110825,4861.75666723459,7458.9360623483,7378.64269035302,2928.14255009895,899.53236211934,3505.98942551172,3031.52680553875,1981.65643493013,2213.84724739536,3743.84976645698,1993.27385218389,987.558627272326,2559.52142895894,1985.71915003104,1846.1767431641,1175.87032167667,2053.94648679073,1524.56220273231,1e+09,1562.50349913208,809.509574186742,1436.43392702205,1194.51956827839,1659.91673402614,1263.66407375536,783.466608477988,1317.34654787569,1275.8149075003,2475.84139372861,1331.75658226269,2199.27318296295
6362.59295686908,14570.1869760892,16022.7311344633,16488.0065135783,18559.7108332781,3780.62584800453,4562.50498182742,3852.44682716063,5085.47177705275,8171.08114564407,2662.92183572857,3395.10599581221,3169.55890009951,1975.50625202757,2526.93309068523,5143.55722660884,6525.90760548293,1575.19866486739,3105.02193190322,2465.37572213649,726.863913810556,2842.61394290537,4530.18693590011,6142.5164879388,8749.42837452825,8694.74135725152,4339.93749757989,1899.84924162419,4882.49200431501,4321.18266083488,3124.47288743237,1130.16128610035,2384.59193842469,3121.73891694997,1287.25503910453,3700.54701084853,2237.49230429962,1856.36901331605,1975.27795785808,2543.50989744487,563.484637235125,1562.50349913208,1e+09,1945.22226830252,2781.05585785327,2525.07059798335,955.102773684592,2607.50380565398,1839.1683946284,1656.62583150209,2319.69672871261,3587.70590811176,1316.52127069789,1023.53081668311
4953.19766929405,12925.6987527599,14367.6995726595,14874.4829829174,16912.4764452342,2502.98099551315,6312.12163902915,2518.14859239879,3546.07970991911,6574.38363112467,855.862733561872,1998.81540956137,1368.14162837771,544.313369576754,1963.21102469908,3254.45841898464,4720.69548943797,3224.15071898012,1244.37400402773,634.443044252201,1669.83150775759,1374.75137908642,2653.57488854187,4508.41297224422,7109.09927337493,7077.57941224258,2774.01796984086,876.087435248332,3072.68455489658,2845.58473558599,1396.45052300466,2386.97168858368,4028.17635369903,1287.39973050331,954.800868348998,1893.0269992792,1335.49343027212,1394.54226938447,620.989611587827,1408.04898867191,1987.25199245088,809.509574186742,1945.22226830252,1e+09,959.930642911247,823.652946998917,2276.08114811401,760.410768335115,465.106171427557,958.430789102687,657.997961774959,1912.71030587489,1229.85183908469,2513.05296494125
