1e+09,3620.11025866616,4340.93417340093,3756.94819260261,3460.58298368931,4361.66456314559,3290.00682868592,3958.56367985915,3777.06792877756,4024.14906162781,4037.3382513359,3741.21680454368,3943.57733584622,3464.59795731049,3835.68203493199,3933.47320634068,4614.58801500199,3642.74551090246,3702.25066789109,3540.98042694393,3084.35328819511,3895.73839221784,3310.83568225607,3713.99339576688,3674.69296026212,4066.3504454363,3785.06945137074,3941.61842690284,4064.32532581977,3601.95034321685,4317.69065625364,4606.84817315483,3758.01749039304,3943.4973222509,4343.78766315758,4298.17676688616,4103.27604583216,3937.8252246386,3893.69582435506,3898.33374396036,3951.53138837337,3614.48268316505,3297.95437071224,3716.98410293883,3711.13581645835,3988.72217245072,3325.69906917328,3801.39183626208,3606.40551351342,3439.1501599087,3921.36835451606,3984.44143883431,3838.56730998689,4208.82257005448
3620.11025866616,1e+09,967.567283913631,771.464270073475,651.474022122141,1584.86298041818,1778.62882493791,1174.2220400759,881.265496828283,874.285257281627,939.150207155384,1202.15260541247,1149.22063551783,1114.5272913213,1134.00003906526,1048.19240032544,1935.68004579786,1062.51610750143,1522.06820721018,984.554461825246,1717.33804601773,515.118540823373,1037.36490031233,895.984408179071,748.213385004572,2127.22320728221,1357.20441525954,1884.66538239551,1138.60465746457,720.19825985627,1159.89471720497,1610.56227330706,1446.4774639793,1199.28517671987,1705.41469733904,767.935538635894,1302.76007791151,866.92795311952,1089.03677858004,1396.96786834916,1202.38992577283,1451.87115268539,936.902212826931,1001.52894516334,1252.56486279154,1193.85382291971,1660.78447608352,772.474020987114,1248.83324915699,1045.30069123674,1470.64275692637,894.786404121118,934.225927064755,1591.05174677004
4340.93417340093,967.567283913631,1e+09,775.043997912377,1531.6590574276,2106.30519982267,2654.82115830803,1108.77310641087,1430.1029509794,1356.44934310132,1459.21313299326,1923.64772653415,1887.10134031005,1931.62558240462,1566.51052683983,872.777341937794,1804.49407097945,1406.20806874374,2286.96929561811,1790.77144566246,2614.05104372505,874.257115613021,1687.00252243439,1248.7702146512,1145.27029307496,2425.06219159427,1964.48966245689,2501.91287851915,1639.75373465042,1383.38526463166,1485.08493989401,1750.34009229635,2109.53869528388,1768.23118098285,2204.43520857384,867.025413814382,1703.55338169956,1333.8127940607,1551.28977544494,2162.38546538308,1723.90624394136,2210.79071327433,1741.98393577553,1684.21870892708,1974.84578440951,1634.3943012627,2430.20946136336,1312.48766325631,1998.70306596553,1787.62339400669,2039.93775753085,1487.94044044108,1682.66572833109,2233.03677099147
3756.94819260261,771.464270073475,775.043997912377,1e+09,1179.25481008135,2063.94893577821,2432.43459626359,643.841402831474,1209.95859015918,1303.37759375401,1359.50922372744,1703.85463772588,1714.22708206935,1764.69104709578,1169.55865453597,528.01617844532,1535.54599406856,1112.14285624644,2091.91564925548,1653.333797967,2263.20294889787,802.598807811225,1150.81755365479,749.27112389308,651.575801499717,2010.64669502128,1709.02885493487,2499.37086819864,1798.11228564848,1230.28563557411,1519.93106080506,1976.1444943627,1834.82849514607,1718.20453174236,2241.73800509783,1227.71783439844,1468.94629227892,1028.5874231683,1291.50612174314,1971.98134950612,1733.22210884814,2085.11669606284,1542.99869734229,1647.75253797407,1811.84384219502,1609.34647876087,2031.76123060757,1235.76529628405,1826.36482220831,1583.85462360028,1951.84658369965,1354.83026184094,1535.26482184671,2072.47889361991
3460.58298368931,651.474022122141,1531.6590574276,1179.25481008135,1e+09,1524.5935468183,1523.82341595081,1506.84638855459,1024.46727610012,1028.39139951674,972.016619765321,998.610263015557,814.825786165361,1087.97686161058,847.599994513923,1371.8253334882,1936.99010900934,1159.02671142645,1265.3597590804,968.269082951634,1417.59317577364,1000.62004057484,901.48599318015,865.295878182719,780.498344136618,1903.76460028545,1356.27831904075,1943.95980346817,1375.27740994317,696.179109856077,1138.19894267215,1869.38654255882,1288.95213056963,1310.49579404132,1741.27613106021,1212.24819249195,1276.29801766672,902.136610165002,1163.97124491974,1090.64704753646,1425.78861725713,1401.76648522498,1055.58779412231,1149.28933358837,1194.69173923653,1445.16590653115,1387.61752161754,1088.03223159978,1150.26899171455,1153.26372005713,1578.59637007058,889.458387503317,809.700448746324,1307.67618185849
4361.66456314559,1584.86298041818,2106.30519982267,2063.94893577821,1524.5935468183,1e+09,1472.57507319661,1955.08144768958,1048.14574415966,928.170909046389,896.91867697133,955.352409532734,838.208989453108,1043.82317870413,2090.66388568321,2411.68610009678,2596.00273663184,2019.56637286324,1090.95358897618,1045.65329120125,1428.59157753362,1459.63891281371,1668.17155361791,2019.03913127012,1964.70668014337,2572.38458887858,758.678189682556,1202.22906581899,1106.60084759592,1775.13538762541,1433.27803042536,1236.1065401089,910.492377507907,702.688698357957,577.832054147224,1443.91974042881,1091.8329120795,1147.2698335614,1049.53650093744,676.874417229666,895.65737617685,975.164221400683,1291.31999066846,1005.11331197035,751.781442840936,863.528436590249,1403.08066870726,1048.56441003879,1022.24576374764,1088.28048029908,785.554699050295,779.718054234991,747.126709400755,584.60153284096
3290.00682868592,1778.62882493791,2654.82115830803,2432.43459626359,1523.82341595081,1472.57507319661,1e+09,2567.44134910615,1523.96457078241,1549.79469214474,1528.00622292581,1083.98698525397,1264.05969154941,836.248591867275,2301.68956540625,2776.57639062929,3157.40367799241,2035.98946215348,777.805718608445,883.418113918885,517.779500559843,1995.38256136511,1684.41205187448,2253.5596405243,2188.36073996039,2685.92289678985,1402.72925359814,1039.40229213717,1374.67357394401,1649.16955022824,1873.07337557822,1914.62911982974,1201.89329097886,1233.56106042628,1325.96349610387,1996.58980188721,1799.66371200288,1831.42340265707,1671.63994179369,1068.33158190704,1428.19246171516,685.326565441615,1073.27339746218,1093.23425700991,923.558384185862,1526.05973179296,1082.34854658747,1510.99156979779,824.097318949649,1114.20441140753,1364.32514240558,1471.86318341753,1231.02126208283,1362.37509688044
3958.56367985915,1174.2220400759,1108.77310641087,643.841402831474,1506.84638855459,1955.08144768958,2567.44134910615,1e+09,1163.96078598035,1330.2643212159,1385.01587030619,1754.37468640539,1817.25552146637,1876.34344913185,1528.76511793015,1035.35487070859,1543.10235016994,1396.14855001178,2169.065159971,1803.35588986201,2318.29450253845,984.81434123392,1224.42171517823,1117.09415023981,1079.09409965026,2057.2625863997,1520.98963632235,2514.91473998623,1957.19546601764,1661.08309999831,1709.53916767063,1938.81518603502,1739.19070052712,1690.3204207191,2176.05852740683,1487.15866668624,1300.52718864313,950.233426111711,1129.71547935752,2005.78987159672,1724.73733437877,2140.61536773891,1689.18664741348,1766.74171049421,1815.63698830466,1510.45573119506,1993.40197647138,1265.52316300414,1904.41351250195,1620.80660107861,1848.82090871452,1371.6079542639,1620.89212515824,2028.93418890313
3777.06792877756,881.265496828283,1430.1029509794,1209.95859015918,1024.46727610012,1048.14574415966,1523.96457078241,1163.96078598035,1e+09,349.109454755955,416.92776628572,669.077190912977,952.862932115632,924.414703582759,1532.59554126325,1668.0144771554,1934.45473661184,1093.11278091513,1053.45962822502,783.048420725054,1374.77232362308,909.998266701646,798.861914663605,1236.61543246071,1178.54881672335,1910.94710489328,712.176141905919,1482.28757800233,1077.9712507762,1102.44676324982,1028.27869797055,1094.72244331611,701.76737050108,619.494634197908,1126.37904179721,1052.42851643235,585.230634963687,526.245841028696,280.834949035906,1072.6939922923,942.849400010415,1084.89373926666,884.449792978663,785.405095157906,706.318929662798,678.390874348999,1076.29983280683,447.601464921642,768.562841607633,765.926674688903,1039.08415337739,448.997512576629,742.994716737609,1115.09312821845
4024.14906162781,874.285257281627,1356.44934310132,1303.37759375401,1028.39139951674,928.170909046389,1549.79469214474,1330.2643212159,349.109454755955,1e+09,195.924803687538,657.913126484037,829.861224060988,952.319645497246,1518.96535776824,1703.49128715118,1947.13177730733,1149.76413476852,1025.70769934714,764.042331942413,1499.01769682683,904.003258954302,1023.69562659025,1285.49425062892,1222.35934037418,1985.4585950606,874.050124363586,1446.83972322438,896.465721988298,1029.9135754033,791.887895917093,896.016413075118,816.117457416517,567.906071106834,995.404764706298,817.737227965072,647.166153240418,599.392095877148,498.65360562218,1007.46079958478,909.177198075271,1088.6725314345,977.059509088367,727.57333616619,727.153933771936,699.774982690865,1254.57506881812,481.182007560549,776.469073627534,888.102368311221,1075.29219433603,305.630964563475,653.152278951854,1015.47692076187
4037.3382513359,939.150207155384,1459.21313299326,1359.50922372744,972.016619765321,896.91867697133,1528.00622292581,1385.01587030619,416.92776628572,195.924803687538,1e+09,550.556245900453,704.457276703137,1001.52991942328,1427.89835807735,1739.40517059712,1870.03737842322,1138.03568524893,943.525445867784,807.767888257512,1461.14437592594,1005.43030365113,970.320624536035,1237.94717395372,1192.54073251189,1864.22845686895,893.070528009966,1520.75563849029,1016.74828861425,1014.90781606016,699.664995980219,994.269656381004,736.727324320199,656.629301737289,1027.25298982286,931.556487551882,546.123633438437,550.207876988325,490.603537186596,914.843966586652,1033.62186296537,1126.13777807158,1066.45457212204,832.377093509907,738.19644180936,841.689579536304,1175.48458441615,643.111581376047,766.884285534656,977.428713155082,1157.95621536395,234.93918745071,622.762370411058,880.541545357174
3741.21680454368,1202.15260541247,1923.64772653415,1703.85463772588,998.610263015557,955.352409532734,1083.98698525397,1754.37468640539,669.077190912977,657.913126484037,550.556245900453,1e+09,634.328127706789,849.046397554339,1579.41625384191,2087.59723787899,2154.01796064935,1253.89429211557,432.7748464271,664.138601197069,1005.99741928098,1386.39868804035,929.87845178819,1454.26097183415,1424.52925101593,1837.76948959874,897.030260526366,1353.67532543812,1153.40249431844,1080.88770647094,948.953907257881,1248.7694935015,426.984235891678,717.499734355351,1003.76395930517,1358.0709751703,755.910577978639,904.110436064091,732.865067526076,714.246909058765,1178.09903552291,882.472292766181,1007.24749763899,846.83984985356,525.07748894806,1042.97507630815,717.205234155468,915.267813374862,405.094495025543,937.647228759303,1192.66737550752,586.597338981349,682.420526288593,746.487621330722
3943.57733584622,1149.22063551783,1887.10134031005,1714.22708206935,814.825786165361,838.208989453108,1264.05969154941,1817.25552146637,952.862932115632,829.861224060988,704.457276703137,634.328127706789,1e+09,918.202629706537,1390.60609192539,1979.16053547963,2201.28324547297,1557.22557498906,837.771854206144,817.283047175212,1215.34971625454,1262.345498269,1224.20157829501,1441.48812946899,1394.75753283501,2093.95723416215,1023.47219869423,1538.38932273336,1158.41264284365,1159.18055159669,1029.01582947008,1528.72227755731,892.845956534497,939.153605753606,1141.47682376823,1274.68589166116,1029.19969058487,901.035796736179,1018.85878864541,395.199068698295,1173.17816323864,1049.1565598613,1127.69129246439,974.380982624353,796.110227167068,1192.18832916616,1190.41809760269,1046.57003177045,858.669636530837,1077.89290210113,1217.32527263669,573.230433682651,411.619404183039,531.31730858311
3464.59795731049,1114.5272913213,1931.62558240462,1764.69104709578,1087.97686161058,1043.82317870413,836.248591867275,1876.34344913185,924.414703582759,952.319645497246,1001.52991942328,849.046397554339,918.202629706537,1e+09,1908.00922191168,2123.00532886755,2723.21674642324,1681.18279987633,896.873948612624,285.857598114866,851.05330831858,1207.95233854652,1335.91182265148,1777.27312988184,1677.79773614104,2557.36683940728,850.470745822571,899.328607740241,762.558791372836,1293.02925195063,1516.22435348467,1471.70936692677,980.500597909048,644.464893380547,999.78667564636,1313.37537711044,1371.84551429817,1228.94729024479,1134.28880467013,809.759677126492,667.366088664984,385.104549830303,356.051880910634,391.514362060959,481.181790802603,813.792235278759,1159.03277740537,750.803030494683,606.64797724875,358.647606990483,732.736173393944,885.987822771848,626.455895255205,1147.15609539417
3835.68203493199,1134.00003906526,1566.51052683983,1169.55865453597,847.599994513923,2090.66388568321,2301.68956540625,1528.76511793015,1532.59554126325,1518.96535776824,1427.89835807735,1579.41625384191,1390.60609192539,1908.00922191168,1e+09,1134.78765841897,1338.93033115992,1213.23488208178,1896.01945538541,1757.31719040701,2157.71653858889,1410.44814505887,1180.07368253004,528.244268402413,576.57795994991,1557.37482938437,1965.7984467895,2727.4194595258,2069.43083919226,1061.10464804373,1289.98841529682,2312.99127845308,1830.7029123263,1975.99593028427,2382.44867304628,1590.15145181206,1541.53226051225,1190.47912619248,1563.22652142932,1738.29149034332,2134.21540145319,2198.51587626744,1854.98172513909,1904.78832377774,1913.20107262671,2076.62202162551,1924.25718650081,1703.74320550369,1849.80875406081,1922.13334524429,2292.4253824934,1413.65178031933,1502.82806927473,1795.80785266687
3933.47320634068,1048.19240032544,872.777341937794,528.01617844532,1371.8253334882,2411.68610009678,2776.57639062929,1035.35487070859,1668.0144771554,1703.49128715118,1739.40517059712,2087.59723787899,1979.16053547963,2123.00532886755,1134.78765841897,1e+09,1589.91094555639,1443.06644018909,2463.70372603931,2016.85693617569,2630.62535702065,1088.39319365751,1552.64551392132,887.529793640755,804.521587280292,2227.09929057956,2135.83857430753,2895.38194338847,2114.45348208467,1446.11947314183,1776.62862323559,2376.45766023719,2266.15546701898,2136.56095443121,2634.7417459402,1452.54729809394,1885.90600738743,1404.82322845261,1749.85202654396,2271.42849654133,2100.42164669383,2468.06333725454,1914.91383579001,2022.0072420988,2219.05709935549,2038.89175342881,2452.05023747475,1659.01936914552,2229.90721647785,1988.11077805036,2342.60167390873,1716.78493647282,1844.20107843478,2383.02525555228
4614.58801500199,1935.68004579786,1804.49407097945,1535.54599406856,1936.99010900934,2596.00273663184,3157.40367799241,1543.10235016994,1934.45473661184,1947.13177730733,1870.03737842322,2154.01796064935,2201.28324547297,2723.21674642324,1338.93033115992,1589.91094555639,1e+09,1450.85294802747,2530.51541890185,2532.65310830362,2963.75186947221,2039.21780592462,1641.27372497704,1175.35823602849,1307.41666090042,1180.92830557151,2451.87058188233,3370.27282303673,2750.49460764787,1881.92461363361,1636.14640093728,2455.88400241135,2249.88396178559,2488.11230759385,2848.02104567365,2122.2567336682,1660.75609633083,1601.94852901084,1819.20906077339,2525.3604127926,2762.24597020251,2932.50957132283,2650.08248711243,2602.67060487877,2534.91743719593,2526.40863523698,2421.1099264387,2234.98750895838,2475.88166795184,2625.78190438582,2890.56066018342,1967.10064920431,2290.75612506002,2381.85077236169
3642.74551090246,1062.51610750143,1406.20806874374,1112.14285624644,1159.02671142645,2019.56637286324,2035.98946215348,1396.14855001178,1093.11278091513,1149.76413476852,1138.03568524893,1253.89429211557,1557.22557498906,1681.18279987633,1213.23488208178,1443.06644018909,1450.85294802747,1e+09,1550.19938585332,1449.44068378116,1947.73436058411,1423.72866719751,777.336183449607,818.645205812628,832.00650177748,1291.00059817957,1762.10878180094,2299.93016952689,1753.59383019558,759.492364938582,1001.1670789134,1667.79113359557,1463.35106666172,1581.05052360764,2036.78564311515,1393.09568249995,1199.59595552002,1161.82380996432,1166.71610437158,1836.39982550097,1895.92596756835,1881.81499986051,1550.12798345814,1546.48430871445,1583.74116142759,1694.41252350188,1524.25105264848,1334.14785447491,1397.77548951897,1619.46495540966,2077.8982157459,1282.05133996264,1535.47274072189,1868.00066097419
3702.25066789109,1522.06820721018,2286.96929561811,2091.91564925548,1265.3597590804,1090.95358897618,777.805718608445,2169.065159971,1053.45962822502,1025.70769934714,943.525445867784,432.7748464271,837.771854206144,896.873948612624,1896.01945538541,2463.70372603931,2530.51541890185,1550.19938585332,1e+09,752.85992568339,829.221124972103,1735.9548777258,1257.87979640346,1819.21096519892,1788.01994024116,2074.54196255463,1128.53038886864,1209.42788747407,1247.85877317908,1304.18684631459,1228.29563070134,1410.19006570037,633.078478547486,895.209286200718,1007.94992400416,1644.3466969286,1144.96523711421,1329.79873014678,1131.7312665558,782.31844526382,1337.40532173309,788.739324872293,1130.39498379991,964.649683771264,619.959614410487,1269.23097011537,716.425603813823,1215.9359393899,410.242529974648,1089.35805559972,1308.59979424574,966.421975743515,927.38453157253,860.401234366851
3540.98042694393,984.554461825246,1790.77144566246,1653.333797967,968.269082951634,1045.65329120125,883.418113918885,1803.35588986201,783.048420725054,764.042331942413,807.767888257512,664.138601197069,817.283047175212,285.857598114866,1757.31719040701,2016.85693617569,2532.65310830362,1449.44068378116,752.85992568339,1e+09,941.439229584151,1153.25981227129,1194.88866347455,1612.07076866991,1519.07229472465,2353.18189758038,916.24126980834,991.932347642721,683.124786038393,1058.27974590842,1258.84293670815,1298.64558440708,889.372673236591,570.8524597477,971.081237899281,1149.57539726631,1220.83806899195,1114.85597509275,1011.47713271235,812.368382878113,757.441082923286,496.690019730616,439.952832358197,303.289971314582,434.77798771327,815.550048372263,1095.0914965883,664.754277458972,429.653206086025,486.785028323592,891.111647101529,742.565130140111,571.299272098259,1093.14374031963
3084.35328819511,1717.33804601773,2614.05104372505,2263.20294889787,1417.59317577364,1428.59157753362,517.779500559843,2318.29450253845,1374.77232362308,1499.01769682683,1461.14437592594,1005.99741928098,1215.34971625454,851.05330831858,2157.71653858889,2630.62535702065,2963.75186947221,1947.73436058411,829.221124972103,941.439229584151,1e+09,1896.6358811327,1423.28677226341,2086.33564035128,2035.19557428764,2484.12617133269,1153.42554666524,1254.52232052682,1555.85811682814,1682.82479319744,1907.52585767533,2009.29022988218,993.847554356301,1225.01099946082,1416.5499739155,2065.3821602793,1610.19641488236,1630.80749501589,1470.89863158547,997.525445640361,1429.77840160635,795.467736932177,1035.40766729825,1173.66865285736,874.44534420397,1463.68411291508,765.576730380437,1442.92714847285,850.237409021739,1009.99351186035,1285.53893375502,1379.71562464879,1173.18885517209,1274.84012511373
3895.73839221784,515.118540823373,874.257115613021,802.598807811225,1000.62004057484,1459.63891281371,1995.38256136511,984.81434123392,909.998266701646,904.003258954302,1005.43030365113,1386.39868804035,1262.345498269,1207.95233854652,1410.44814505887,1088.39319365751,2039.21780592462,1423.72866719751,1735.9548777258,1153.25981227129,1896.6358811327,1e+09,1295.51271699663,1172.58722080705,1038.80049191363,2401.672995164,1231.18926940581,1887.14230600133,1146.36236291148,1200.2826561273,1381.08005832392,1578.21100943442,1529.14268049126,1169.08829769184,1644.64422091831,745.995832293988,1318.35777037191,823.35379236389,1071.45450850701,1448.97106910387,1026.03775812589,1524.51530235023,1046.53718744247,1067.50719693124,1314.3144697522,1020.19979092333,1851.23509363344,696.098674183481,1433.67657904424,1049.98629438674,1291.43073356646,906.495110135736,964.566557112572,1607.97168550942
3310.83568225607,1037.36490031233,1687.00252243439,1150.81755365479,901.48599318015,1668.17155361791,1684.41205187448,1224.42171517823,798.861914663605,1023.69562659025,970.320624536035,929.87845178819,1224.20157829501,1335.91182265148,1180.07368253004,1552.64551392132,1641.27372497704,777.336183449607,1257.87979640346,1194.88866347455,1423.28677226341,1295.51271699663,1e+09,867.16616764032,876.167152945145,1365.57793765131,1237.84422509458,2049.96530097463,1705.20884937887,1011.59762944562,1231.2075533394,1771.50453874666,998.497817323604,1325.99494444738,1803.2202029425,1561.74047981731,898.409517425099,814.881398180128,805.620417007911,1405.5344640385,1627.13983258969,1546.02432891595,1242.60464026174,1356.46485387569,1218.76807961975,1432.61688315474,979.016500473817,1132.87940333471,1123.89321298778,1238.18795620859,1681.27720614419,1009.06379233426,1193.45957200066,1470.10833202863
3713.99339576688,895.984408179071,1248.7702146512,749.27112389308,865.295878182719,2019.03913127012,2253.5596405243,1117.09415023981,1236.61543246071,1285.49425062892,1237.94717395372,1454.26097183415,1441.48812946899,1777.27312988184,528.244268402413,887.529793640755,1175.35823602849,818.645205812628,1819.21096519892,1612.07076866991,2086.33564035128,1172.58722080705,867.16616764032,1e+09,161.299484190124,1431.33506835402,1771.89046419354,2568.34669920165,1914.26803805005,920.853548399526,1185.32588409264,2049.98066749421,1658.6965257997,1770.33118907169,2241.65121702731,1399.30893007942,1304.33418237045,962.97669951043,1271.98187935206,1766.9342532477,1945.76385902812,2069.46506505908,1655.64946039311,1720.66683466033,1756.85000737115,1820.87881172801,1770.56661097514,1429.68869639513,1688.38341774018,1711.48544001987,2118.83605519634,1264.43434036727,1446.83773150274,1820.78488575669
3674.69296026212,748.213385004572,1145.27029307496,651.575801499717,780.498344136618,1964.70668014337,2188.36073996039,1079.09409965026,1178.54881672335,1222.35934037418,1192.54073251189,1424.52925101593,1394.75753283501,1677.79773614104,576.57795994991,804.521587280292,1307.41666090042,832.00650177748,1788.01994024116,1519.07229472465,2035.19557428764,1038.80049191363,876.167152945145,161.299484190124,1e+09,1572.54161754149,1712.92462096264,2477.18395746057,1800.22569826675,847.076132233697,1179.23899897349,1995.96032863882,1640.68904284145,1693.12259987279,2176.94250245614,1285.20085379679,1314.19957841266,927.528294015876,1244.22522101105,1715.28343171034,1835.3069958729,1984.3395813973,1541.69388787139,1616.17591242414,1689.52256161319,1730.1129347531,1767.40669940453,1327.65784771529,1630.84239670791,1609.3026981895,2025.37103879758,1205.50612885211,1365.38736360785,1798.16811911456
4066.3504454363,2127.22320728221,2425.06219159427,2010.64669502128,1903.76460028545,2572.38458887858,2685.92289678985,2057.2625863997,1910.94710489328,1985.4585950606,1864.22845686895,1837.76948959874,2093.95723416215,2557.36683940728,1557.37482938437,2227.09929057956,1180.92830557151,1291.00059817957,2074.54196255463,2353.18189758038,2484.12617133269,2401.672995164,1365.57793765131,1431.33506835402,1572.54161754149,1e+09,2379.20837578384,3141.37012617106,2776.01975738646,1783.92041131324,1633.08101856583,2474.48378891437,1911.50624895657,2404.7702718763,2722.23185050429,2442.46091065958,1593.49844624964,1774.63532718697,1796.36764235498,2349.30546877157,2825.71006817755,2682.50579209067,2537.36300587835,2520.70065771404,2317.12829241283,2577.09059109299,1842.87005363916,2312.59338823322,2146.82655209963,2528.57869932893,2876.29890732865,1994.81340470732,2270.86187153688,2211.25799623201
3785.06945137074,1357.20441525954,1964.48966245689,1709.02885493487,1356.27831904075,758.678189682556,1402.72925359814,1520.98963632235,712.176141905919,874.050124363586,893.070528009966,897.030260526366,1023.47219869423,850.470745822571,1965.7984467895,2135.83857430753,2451.87058188233,1762.10878180094,1128.53038886864,916.24126980834,1153.42554666524,1231.18926940581,1237.84422509458,1771.89046419354,1712.92462096264,2379.20837578384,1e+09,1258.90406830703,1235.37760478325,1670.6294758264,1585.78361014358,1415.30909090559,683.861534230432,644.17208904143,959.452744172427,1516.89927374892,935.776248790276,907.615947138436,708.942637947528,882.417806937281,798.050497900979,903.251568501268,943.98048984076,910.558924287715,619.049744285546,634.685942730734,1062.37104864543,774.030247535586,912.186882716475,676.607971058574,598.504777842249,761.912054111234,779.193765888819,963.011409433969
3941.61842690284,1884.66538239551,2501.91287851915,2499.37086819864,1943.95980346817,1202.22906581899,1039.40229213717,2514.91473998623,1482.28757800233,1446.83972322438,1520.75563849029,1353.67532543812,1538.38932273336,899.328607740241,2727.4194595258,2895.38194338847,3370.27282303673,2299.93016952689,1209.42788747407,991.932347642721,1254.52232052682,1887.14230600133,2049.96530097463,2568.34669920165,2477.18395746057,3141.37012617106,1258.90406830703,1e+09,968.160682531573,1988.46192719398,1993.5195138749,1414.86146664612,1354.23085602123,907.501215371087,781.311165861592,1784.05001888961,1827.40373344261,1889.86146135107,1639.34603458208,1314.80936990881,937.329747954262,584.362642543139,1100.43217001322,886.654002866958,898.330388832528,1058.45445726304,1572.71966987127,1291.71103730672,1016.33328578769,1011.53730227807,876.003512150494,1471.73736835075,1313.80323580055,1508.69237278512
4064.32532581977,1138.60465746457,1639.75373465042,1798.11228564848,1375.27740994317,1106.60084759592,1374.67357394401,1957.19546601764,1077.9712507762,896.465721988298,1016.74828861425,1153.40249431844,1158.41264284365,762.558791372836,2069.43083919226,2114.45348208467,2750.49460764787,1753.59383019558,1247.85877317908,683.124786038393,1555.85811682814,1146.36236291148,1705.20884937887,1914.26803805005,1800.22569826675,2776.01975738646,1235.37760478325,968.160682531573,1e+09,1326.34906940066,1364.49341684011,1057.90091123886,1360.87442051058,692.875010012629,910.262975573543,856.11380756299,1511.1126429886,1379.5734952151,1309.79850874094,1184.39427050286,612.323774158737,841.368601743612,828.816498870528,443.868249146073,872.98523074563,784.231236243495,1708.20917191075,749.352374854447,952.076323306068,850.321198195129,940.354981855257,975.437892948598,869.29794178981,1385.09342424979
3601.95034321685,720.19825985627,1383.38526463166,1230.28563557411,696.179109856077,1775.13538762541,1649.16955022824,1661.08309999831,1102.44676324982,1029.9135754033,1014.90781606016,1080.88770647094,1159.18055159669,1293.02925195063,1061.10464804373,1446.11947314183,1881.92461363361,759.492364938582,1304.18684631459,1058.27974590842,1682.82479319744,1200.2826561273,1011.59762944562,920.853548399526,847.076132233697,1783.92041131324,1670.6294758264,1988.46192719398,1326.34906940066,1e+09,866.571387769063,1644.66042479899,1444.48684864211,1383.94125164329,1806.33490560306,1061.05318377544,1366.45596002945,1165.05132856883,1284.01419867539,1462.93185579507,1598.76966067661,1540.1301718686,1213.76250110967,1189.83313649436,1345.0132220168,1555.66754018974,1541.11517327551,1165.82511655908,1162.06772982473,1363.03891573205,1835.48590765497,1079.48452888404,1147.4589503333,1610.30301403183
4317.69065625364,1159.89471720497,1485.08493989401,1519.93106080506,1138.19894267215,1433.27803042536,1873.07337557822,1709.53916767063,1028.27869797055,791.887895917093,699.664995980219,948.953907257881,1029.01582947008,1516.22435348467,1289.98841529682,1776.62862323559,1636.14640093728,1001.1670789134,1228.29563070134,1258.84293670815,1907.52585767533,1381.08005832392,1231.2075533394,1185.32588409264,1179.23899897349,1633.08101856583,1585.78361014358,1993.5195138749,1364.49341684011,866.571387769063,1e+09,1197.04890401353,1258.52739024624,1256.50705740159,1502.11844076957,1025.10093146968,961.432680014571,1016.20303281382,1077.03870854301,1358.49460116704,1620.02124720634,1631.6930495041,1570.09438232229,1317.12323645132,1311.29116884848,1472.18576813526,1569.56408273125,1217.976199398,1188.7541050192,1574.5021831995,1808.18355249128,868.567171610809,1137.45672453944,1266.93172637676
4606.84817315483,1610.56227330706,1750.34009229635,1976.1444943627,1869.38654255882,1236.1065401089,1914.62911982974,1938.81518603502,1094.72244331611,896.016413075118,994.269656381004,1248.7694935015,1528.72227755731,1471.70936692677,2312.99127845308,2376.45766023719,2455.88400241135,1667.79113359557,1410.19006570037,1298.64558440708,2009.29022988218,1578.21100943442,1771.50453874666,2049.98066749421,1995.96032863882,2474.48378891437,1415.30909090559,1414.86146664612,1057.90091123886,1644.66042479899,1197.04890401353,1e+09,1310.42978011033,902.37997888916,936.226400663857,1167.21219934509,1209.2854508345,1427.33893588734,1164.6631332278,1603.98542667943,1230.66581995276,1406.24141682714,1528.24257727627,1132.03279696306,1189.0651180234,993.693944985075,1761.1901306219,1076.2322472868,1201.00235794939,1426.15202594254,1392.19086446507,1133.87878814272,1381.3093505077,1515.84905683251
3758.01749039304,1446.4774639793,2109.53869528388,1834.82849514607,1288.95213056963,910.492377507907,1201.89329097886,1739.19070052712,701.76737050108,816.117457416517,736.727324320199,426.984235891678,892.845956534497,980.500597909048,1830.7029123263,2266.15546701898,2249.88396178559,1463.35106666172,633.078478547486,889.372673236591,993.847554356301,1529.14268049126,998.497817323604,1658.6965257997,1640.68904284145,1911.50624895657,683.861534230432,1354.23085602123,1360.87442051058,1444.48684864211,1258.52739024624,1310.42978011033,1e+09,741.923624438527,978.685314439734,1610.87214306412,680.31554208323,959.634477235994,651.18347099723,834.536208321724,1211.41902593611,942.48047385609,1129.92069748279,1015.52117604706,559.503039580662,1000.78869163275,559.336314930472,1001.14690705211,593.9950259051,967.246754297992,1105.57126133958,747.057159526632,879.275224147707,785.916211246466
3943.4973222509,1199.28517671987,1768.23118098285,1718.20453174236,1310.49579404132,702.688698357957,1233.56106042628,1690.3204207191,619.494634197908,567.906071106834,656.629301737289,717.499734355351,939.153605753606,644.464893380547,1975.99593028427,2136.56095443121,2488.11230759385,1581.05052360764,895.209286200718,570.8524597477,1225.01099946082,1169.08829769184,1325.99494444738,1770.33118907169,1693.12259987279,2404.7702718763,644.17208904143,907.501215371087,692.875010012629,1383.94125164329,1256.50705740159,902.37997888916,741.923624438527,1e+09,566.869140454832,1127.83672683594,976.964005017585,1011.13780534604,771.731178584875,886.82141533682,554.526602337525,631.061918594364,774.734097545732,445.910318449798,364.440523816987,393.111136703096,1176.06844082307,523.271254895585,582.418151073608,597.626237375837,623.015328061838,619.531744868655,666.228370981002,983.848089900062
4343.78766315758,1705.41469733904,2204.43520857384,2241.73800509783,1741.27613106021,577.832054147224,1325.96349610387,2176.05852740683,1126.37904179721,995.404764706298,1027.25298982286,1003.76395930517,1141.47682376823,999.78667564636,2382.44867304628,2634.7417459402,2848.02104567365,2036.78564311515,1007.94992400416,971.081237899281,1416.5499739155,1644.64422091831,1803.2202029425,2241.65121702731,2176.94250245614,2722.23185050429,959.452744172427,781.311165861592,910.262975573543,1806.33490560306,1502.11844076957,936.226400663857,978.685314439734,566.869140454832,1e+09,1472.18446384955,1278.67664759313,1437.21543040701,1195.43202500184,984.088886178479,854.501642069809,782.279917868278,1240.28864152664,863.11586748246,690.569518730736,800.548354317214,1423.87885035912,1061.94058798033,881.700649143461,1064.85998450501,796.835381242575,1003.16231991637,996.158189797183,968.857054162274
4298.17676688616,767.935538635894,867.025413814382,1227.71783439844,1212.24819249195,1443.91974042881,1996.58980188721,1487.15866668624,1052.42851643235,817.737227965072,931.556487551882,1358.0709751703,1274.68589166116,1313.37537711044,1590.15145181206,1452.54729809394,2122.2567336682,1393.09568249995,1644.3466969286,1149.57539726631,2065.3821602793,745.995832293988,1561.74047981731,1399.30893007942,1285.20085379679,2442.46091065958,1516.89927374892,1784.05001888961,856.11380756299,1061.05318377544,1025.10093146968,1167.21219934509,1610.87214306412,1127.83672683594,1472.18446384955,1e+09,1387.81807910835,1108.67464776642,1241.11432092294,1515.3538878757,1117.18789355238,1530.35826194392,1244.75199067927,1012.38120690775,1345.16811358283,1109.73199025711,1993.42803700058,834.564918385622,1376.74366877063,1284.02765935941,1467.45741587277,946.938886570828,1062.92550646788,1608.39007681594
4103.27604583216,1302.76007791151,1703.55338169956,1468.94629227892,1276.29801766672,1091.8329120795,1799.66371200288,1300.52718864313,585.230634963687,647.166153240418,546.123633438437,755.910577978639,1029.19969058487,1371.84551429817,1541.53226051225,1885.90600738743,1660.75609633083,1199.59595552002,1144.96523711421,1220.83806899195,1610.19641488236,1318.35777037191,898.409517425099,1304.33418237045,1314.19957841266,1593.49844624964,935.776248790276,1827.40373344261,1511.1126429886,1366.45596002945,961.432680014571,1209.2854508345,680.31554208323,976.964005017585,1278.67664759313,1387.81807910835,1e+09,579.762520434014,358.120733133394,1175.49395191979,1391.06728557608,1448.01631738044,1420.6863281527,1268.41494803554,1014.20832283116,1097.25123772999,1094.74188693043,991.702072045834,1050.42199853202,1274.73587417159,1398.10866419603,647.944739464717,1026.42353996779,1005.47373436604
3937.8252246386,866.92795311952,1333.8127940607,1028.5874231683,902.136610165002,1147.2698335614,1831.42340265707,950.233426111711,526.245841028696,599.392095877148,550.207876988325,904.110436064091,901.035796736179,1228.94729024479,1190.47912619248,1404.82322845261,1601.94852901084,1161.82380996432,1329.79873014678,1114.85597509275,1630.80749501589,823.35379236389,814.881398180128,962.97669951043,927.528294015876,1774.63532718697,907.615947138436,1889.86146135107,1379.5734952151,1165.05132856883,1016.20303281382,1427.33893588734,959.634477235994,1011.13780534604,1437.21543040701,1108.67464776642,579.762520434014,1e+09,472.874855537911,1115.62928264724,1218.69318924002,1444.94522771626,1207.44288556437,1152.54917843014,1060.19743274543,1027.88810285945,1316.0987057588,781.534611005808,1152.41285063123,1105.22212129508,1303.99784025895,496.342894277736,797.801644708758,1100.28177254738
3893.69582435506,1089.03677858004,1551.28977544494,1291.50612174314,1163.97124491974,1049.53650093744,1671.63994179369,1129.71547935752,280.834949035906,498.65360562218,490.603537186596,732.865067526076,1018.85878864541,1134.28880467013,1563.22652142932,1749.85202654396,1819.20906077339,1166.71610437158,1131.7312665558,1011.47713271235,1470.89863158547,1071.45450850701,805.620417007911,1271.98187935206,1244.22522101105,1796.36764235498,708.942637947528,1639.34603458208,1309.79850874094,1284.01419867539,1077.03870854301,1164.6631332278,651.18347099723,771.731178584875,1195.43202500184,1241.11432092294,358.120733133394,472.874855537911,1e+09,1128.57513560241,1123.5945729221,1253.99739198293,1128.09919062997,1028.11680197339,839.888299120782,820.510570681451,1059.06035611763,688.676562255461,920.510506784143,973.485135787907,1150.29121695334,535.609256548092,880.954457562932,1079.81645106935
3898.33374396036,1396.96786834916,2162.38546538308,1971.98134950612,1090.64704753646,676.874417229666,1068.33158190704,2005.78987159672,1072.6939922923,1007.46079958478,914.843966586652,714.246909058765,395.199068698295,809.759677126492,1738.29149034332,2271.42849654133,2525.3604127926,1836.39982550097,782.31844526382,812.368382878113,997.525445640361,1448.97106910387,1405.5344640385,1766.9342532477,1715.28343171034,2349.30546877157,882.417806937281,1314.80936990881,1184.39427050286,1462.93185579507,1358.49460116704,1603.98542667943,834.536208321724,886.82141533682,984.088886178479,1515.3538878757,1175.49395191979,1115.62928264724,1128.57513560241,1e+09,1087.53337291322,844.946148106493,1098.20207539414,962.49244672361,671.766867819484,1146.98528957437,1115.00026242149,1125.34824543339,826.705319082925,995.989605116439,1018.96868121645,760.704239635878,498.819965919569,430.555558435842
3951.53138837337,1202.38992577283,1723.90624394136,1733.22210884814,1425.78861725713,895.65737617685,1428.19246171516,1724.73733437877,942.849400010415,909.177198075271,1033.62186296537,1178.09903552291,1173.17816323864,667.366088664984,2134.21540145319,2100.42164669383,2762.24597020251,1895.92596756835,1337.40532173309,757.441082923286,1429.77840160635,1026.03775812589,1627.13983258969,1945.76385902812,1835.3069958729,2825.71006817755,798.050497900979,937.329747954262,612.323774158737,1598.76966067661,1620.02124720634,1230.66581995276,1211.41902593611,554.526602337525,854.501642069809,1117.18789355238,1391.06728557608,1218.69318924002,1123.5945729221,1087.53337291322,1e+09,770.174034098787,713.75542673944,522.671279295123,750.870439623241,402.757779688984,1588.30132575655,587.977289102224,1011.46104927476,555.225469606718,398.596073111615,909.254772987197,787.423387511445,1294.02061293474
3614.48268316505,1451.87115268539,2210.79071327433,2085.11669606284,1401.76648522498,975.164221400683,685.326565441615,2140.61536773891,1084.89373926666,1088.6725314345,1126.13777807158,882.472292766181,1049.1565598613,385.104549830303,2198.51587626744,2468.06333725454,2932.50957132283,1881.81499986051,788.739324872293,496.690019730616,795.467736932177,1524.51530235023,1546.02432891595,2069.46506505908,1984.3395813973,2682.50579209067,903.251568501268,584.362642543139,841.368601743612,1540.1301718686,1631.6930495041,1406.24141682714,942.48047385609,631.061918594364,782.279917868278,1530.35826194392,1448.01631738044,1444.94522771626,1253.99739198293,844.946148106493,770.174034098787,1e+09,678.006079913743,544.484008764261,434.567206194853,876.902442179288,1126.99499102702,962.655348761954,565.624068618018,599.786462084632,722.134423151258,1045.69008630665,834.719165228642,1120.41980877705
3297.95437071224,936.902212826931,1741.98393577553,1542.99869734229,1055.58779412231,1291.31999066846,1073.27339746218,1689.18664741348,884.449792978663,977.059509088367,1066.45457212204,1007.24749763899,1127.69129246439,356.051880910634,1854.98172513909,1914.91383579001,2650.08248711243,1550.12798345814,1130.39498379991,439.952832358197,1035.40766729825,1046.53718744247,1242.60464026174,1655.64946039311,1541.69388787139,2537.36300587835,943.98048984076,1100.43217001322,828.816498870528,1213.76250110967,1570.09438232229,1528.24257727627,1129.92069748279,774.734097545732,1240.28864152664,1244.75199067927,1420.6863281527,1207.44288556437,1128.09919062997,1098.20207539414,713.75542673944,678.006079913743,1e+09,462.043343421372,707.813318255598,819.690287181689,1269.36229532786,652.506245410724,778.529128934814,287.506042197377,859.347849534751,970.580117352504,795.344605061228,1414.25997542885
3716.98410293883,1001.52894516334,1684.21870892708,1647.75253797407,1149.28933358837,1005.11331197035,1093.23425700991,1766.74171049421,785.405095157906,727.57333616619,832.377093509907,846.83984985356,974.380982624353,391.514362060959,1904.78832377774,2022.0072420988,2602.67060487877,1546.48430871445,964.649683771264,303.289971314582,1173.66865285736,1067.50719693124,1356.46485387569,1720.66683466033,1616.17591242414,2520.70065771404,910.558924287715,886.654002866958,443.868249146073,1189.83313649436,1317.12323645132,1132.03279696306,1015.52117604706,445.910318449798,863.11586748246,1012.38120690775,1268.41494803554,1152.54917843014,1028.11680197339,962.49244672361,522.671279295123,544.484008764261,462.043343421372,1e+09,514.877139616822,608.469679030928,1307.89097733718,522.860459300567,606.526266042947,455.476886241223,749.160339246546,771.776521539752,652.475148032475,1203.57541238595
