1e+09,1421.56489296127,1330.26686266328,868.517447608279,1249.14595900559,3048.70292706587,2180.03130484404,1284.30077664852,1952.16456493811,1954.8219155207,1923.50491023548,2036.9890714238,2015.68170093892,2412.99046085972,1517.04505674683,681.390230411326,1346.17508738648,1527.1602892624,2249.86938640891,1962.65220125727,2239.36714334653,1567.86613404971,1416.28394780143,801.81728323852,1233.0268885146,2084.62491635786,2395.97193806605,3211.34272247607,2403.80013239454,1126.69817879501,1814.93255869192,2619.69198328735,2335.55511001132,2371.45107796893,3254.88277467868,1786.83341786525,2135.53799877221,1713.04339658982,2270.62093822373,2432.86292809521,2624.32693412997,2465.00276565768,1881.88022448295,2153.03793364167,2413.19130022881,2459.83498596959,2289.9947672866,1942.40495239793,2200.17561678608,2259.14504923876,2662.77875952923,2008.65538589874,2051.41909275019,2610.66825138699
1421.56489296127,1e+09,796.649962405071,627.342742286863,619.651324698011,1865.93750758164,1306.08208869121,890.386281453168,1188.83087236999,1219.63705023257,1164.5138857051,1243.90516077392,1402.10452442035,1221.48590998832,1888.26276219704,1050.17719123965,1776.4031371848,1213.34100763141,1326.45155682369,898.889609796443,1397.43366332717,1056.62602135287,1140.85361957615,1174.10974333748,965.726874794317,2214.35069399587,1391.37494367981,2380.2641406575,1500.6749142969,711.10702302818,1333.81867594512,1747.9535861687,1712.94386685612,1377.36295459839,2474.17914424158,775.436060742599,1676.93923065208,926.935324119219,1249.87377074647,1741.30167535669,1832.05157948678,1493.1286809917,912.31988205892,1168.18115239033,1644.24007237386,1307.48874622308,1599.1946565381,917.409005623991,1209.8624098632,1462.06998279836,1619.14998523917,946.171413962608,913.126998396171,2002.81619997942
1330.26686266328,796.649962405071,1e+09,747.094060142363,1038.86804985041,2134.50495389446,1388.46860353412,783.014406764013,1130.50994719197,1164.21720220069,1262.98331461663,1457.60605055001,1442.91493158814,1369.54333319541,1612.09085807841,841.639088683504,1812.46643670993,1216.22553919904,1616.9960170019,1179.76286947844,1477.17029607287,829.654728185164,1235.20347178107,1204.43528809148,1071.06558048515,2345.00180396519,1573.02966898276,2076.91962836793,1193.9948843274,821.482314843113,1205.80703941385,1687.89168491346,1734.21072606532,1389.51313678569,2230.30972396212,600.782764150238,1654.72323507588,1216.06023530909,1519.22135892042,1708.86676876812,1523.60041923728,1426.10634358031,839.17434529423,1061.06268156033,1497.33541753343,1359.70618668152,1742.24807088428,989.515759652164,1333.33570971455,1198.02868112579,1620.87496899051,1275.04153328431,1296.15456632301,1984.78868807236
868.517447608279,627.342742286863,747.094060142363,1e+09,546.497023139193,2302.82391500088,1422.53712679142,689.864736524487,1270.37055129596,1246.98412724461,1206.80217670503,1339.18177784048,1386.9390159989,1668.37420352869,1568.87046833064,612.915000550647,1411.48904533475,1203.3030487371,1525.57300064599,1123.03284551254,1560.50475042532,907.148363775187,962.931576073814,664.19574938417,936.253933716703,2057.93200293401,1632.1255207857,2554.69563948428,1685.42515719328,484.725226803805,1289.52524752329,1895.63397656299,1724.45741330425,1592.12514175237,2634.02655793369,1002.57243897885,1597.27274921974,1003.16521430919,1594.23233422861,1817.08208435943,1959.30004460777,1708.88146566694,1081.40744268754,1370.67627122527,1749.33384358161,1652.88692486812,1715.26731613472,1117.25987071048,1456.11354334063,1593.75165747365,1878.42276210655,1224.43913213357,1241.12474550305,2031.63467798716
1249.14595900559,619.651324698011,1038.86804985041,546.497023139193,1e+09,1919.26816364989,1169.28227789529,598.694958221631,1065.33063595299,1077.05341367084,956.937870919528,1022.79138801615,1045.9596203487,1422.85497746608,1534.03641192118,942.458864142092,1343.70428443166,1241.74330914243,1196.66003275784,936.444264118265,1212.61007929177,945.455382448056,772.623651657132,744.889185718252,878.417951376224,1909.55478732609,1258.49036655034,2421.84479009288,1632.90673499744,675.914915799318,1162.13532563983,1809.15882249182,1432.91907719871,1373.72817016322,2434.25261692373,1034.18914009962,1343.8244295666,582.799220572574,1266.6274880169,1480.61444981467,1837.9673970721,1491.15358142614,989.3335062556,1251.67655007194,1527.75646180928,1436.49413340257,1375.11006959443,980.739108529888,1205.40699666129,1449.87311389652,1624.17553087713,851.385040859892,846.59893302555,1684.36074986922
3048.70292706587,1865.93750758164,2134.50495389446,2302.82391500088,1919.26816364989,1e+09,1464.12996001038,1892.56931096327,1429.67352087811,1609.95169719467,1579.76601919398,1493.07534397967,1539.28454861341,815.432548099473,2522.27246365257,2556.6551330596,2652.69510211784,2092.08625883351,1357.63663459705,1623.80977660562,1090.731495557,2070.60621485593,1947.65296700927,2482.78247150249,2001.35954758259,2662.35745909523,998.70519869479,1674.29838114358,1557.50990873253,2169.81274450124,1724.16898177064,1810.5710864255,1574.81757108562,1265.91807835262,1549.17515297658,1681.21848000193,1774.23393088397,1512.52355125466,940.396649504878,1305.5060463284,1582.95452515225,1186.8195620228,1578.61330040007,1438.0002118915,1333.87832106231,1032.2083482999,1324.46390464218,1548.37121285563,1187.65655161751,1393.52603915392,1155.39939497128,1196.20774023578,1183.13189078817,1488.32709425717
2180.03130484404,1306.08208869121,1388.46860353412,1422.53712679142,1169.28227789529,1464.12996001038,1e+09,1015.16836189866,519.668989550079,323.336136396785,314.938095504497,471.860182469341,632.10011121657,1196.15804821102,1970.41896425608,1812.84464690166,1846.84852573242,1579.45239358456,600.22974984584,573.541379675434,655.265134888161,1020.39216960931,1070.28736575744,1513.99360784648,1652.25918496464,2218.52724653091,538.570490372431,1518.52921753254,961.332713476453,1214.26079661661,882.873934319051,823.059558598283,607.720420094636,373.278067799329,1558.2064100112,924.309614523186,727.350896129234,692.896484837382,1084.43219354647,904.693105423049,1126.35048555057,589.968496108055,653.218297967839,562.231241038774,679.910184068455,723.216481490847,966.244584098664,502.640621517999,555.116259895168,891.928882030401,804.647716146638,580.394839915036,704.499778282435,991.062643882818
1284.30077664852,890.386281453168,783.014406764013,689.864736524487,598.694958221631,1892.56931096327,1015.16836189866,1e+09,733.583270597142,792.229096600219,801.172469571939,968.610044032169,806.447749206358,1326.83444668127,1149.6493581523,855.394525467635,1260.78390392644,1116.0564798432,1208.99662977198,1010.42403474977,988.140424332494,697.659496029403,632.55832861484,734.941056412009,846.724976305766,1866.78610874412,1158.81344067973,2015.80842643839,1280.75255486764,709.850394519859,784.379921912844,1610.48769054594,1186.18320372529,1166.77192762768,2027.40069443611,838.407743225216,1059.2377742981,625.120840877986,1226.11428659811,1180.24968926071,1440.4331145527,1218.84625781925,782.821067294436,998.450707245981,1153.85340802027,1275.79736960851,1216.58963257953,870.527419326927,1055.3858398709,1037.6087311699,1430.81625630267,886.76105789553,954.525531036232,1398.83988465442
1952.16456493811,1188.83087236999,1130.50994719197,1270.37055129596,1065.33063595299,1429.67352087811,519.668989550079,733.583270597142,1e+09,322.643257794116,413.704947396088,550.078908430418,622.479206640672,1008.9622919614,1576.33574577245,1557.05687587191,1577.45057415439,1188.20335502809,722.918400028662,823.889057883402,469.528376032802,1009.95400187335,799.172657064793,1317.86707360796,1269.26175889767,1914.6533555973,681.508109709635,1463.7314996269,893.320243081953,1040.44655196699,452.584337112985,1030.47568137244,649.849441870961,557.964905168775,1447.5639868068,796.400172400785,663.32506194173,619.738966017145,837.514284116994,824.015815928311,1075.01381609726,631.510382416631,646.841082415148,582.735318219172,545.286134703607,760.33004583536,739.64197379543,626.634433222434,430.565225372417,669.482116490052,976.308048722328,583.836617128457,786.118274243768,987.666983653903
1954.8219155207,1219.63705023257,1164.21720220069,1246.98412724461,1077.05341367084,1609.95169719467,323.336136396785,792.229096600219,322.643257794116,1e+09,256.585655678567,513.66080062625,621.204951445173,1213.62533312386,1731.1318897184,1595.30936238085,1645.4296185799,1358.80973160336,720.63817696539,660.146089513526,672.268545672041,885.045561934525,875.59806269772,1308.59665393887,1461.30359467155,2062.00806581837,730.316216443261,1519.34869407914,897.048151383191,1017.52844151896,630.46659261217,871.758662302819,627.928889206414,503.589479238794,1561.52911061562,792.532062947613,639.705943383365,659.447305703799,1084.30907286622,931.514198335162,1097.26524815106,660.479602031736,574.717013755465,529.095213643064,642.495611580344,817.20959526917,939.004305314944,494.580384063096,563.088477328386,791.247544767123,961.280279315039,654.036478875605,818.586432516445,1044.36478119477
1923.50491023548,1164.5138857051,1262.98331461663,1206.80217670503,956.937870919528,1579.76601919398,314.938095504497,801.172469571939,413.704947396088,256.585655678567,1e+09,288.964723452535,589.998895083711,1244.92355375742,1759.80243308731,1608.26667962748,1541.52515198423,1323.7359417195,536.259467608731,589.732216688219,656.905350716524,978.18740607309,761.491952485383,1231.61284842275,1414.43167353535,1938.24007764776,691.6801015643,1716.07975004077,1112.25651286023,961.873819167566,664.697052122243,966.451129028261,590.535131385085,606.127605789408,1720.1148194234,904.313697618255,598.832597559618,488.963890180042,1010.83484536298,976.077361278295,1303.26090607368,800.825044438546,690.692082190031,696.249459892071,793.912557275674,902.025373645332,838.760743418527,550.772924352677,542.597957791955,979.00189060083,1061.82118828925,521.893411723122,718.332035203777,1059.24654830686
2036.9890714238,1243.90516077392,1457.60605055001,1339.18177784048,1022.79138801615,1493.07534397967,471.860182469341,968.610044032169,550.078908430418,513.66080062625,288.964723452535,1e+09,710.051460106942,1264.2396535863,1855.93268081038,1765.30220291031,1512.15827491701,1297.07997679403,294.406605224815,706.150358917986,655.161004181415,1240.64523510954,757.832384567986,1317.36760511256,1438.37397609245,1794.42746116972,704.606141968689,1838.42433075174,1313.0499077339,1053.07614159661,713.145173229126,1038.11815300572,570.767959331986,722.88027452684,1790.55879724738,1098.71605162571,611.919399022453,508.413996561857,887.667521879673,1049.58149392984,1498.44911948988,927.89549530106,917.616923884908,896.191063668903,911.381597795347,986.387791033527,662.343273763688,749.482911746492,507.587624750644,1158.87693367329,1185.51128510023,494.291512368966,746.077021090986,1085.56998977496
2015.68170093892,1402.10452442035,1442.91493158814,1386.9390159989,1045.9596203487,1539.28454861341,632.10011121657,806.447749206358,622.479206640672,621.204951445173,589.998895083711,710.051460106942,1e+09,1304.96159165701,1507.25955312945,1612.63082111189,1595.23725132032,1621.75136201577,937.771480905663,997.011643763502,544.681859988012,973.520338462428,939.244706932118,1313.62006965485,1460.94182851337,2062.62534712439,630.506392116686,1668.95972866334,1207.72912799187,1311.21540015361,888.879545776592,1405.07482975107,635.15322859921,837.0886395717,1595.61508340828,1159.09828733374,639.249050449041,589.094853737495,1164.38764035007,536.303635266441,1169.24130738697,857.454240528321,881.19314625115,915.187519692003,725.175870530729,1063.91948638043,930.171221173822,885.549780983543,892.530174055757,881.92151408161,994.285558730489,738.642530050904,794.81685047563,667.300967405263
2412.99046085972,1221.48590998832,1369.54333319541,1668.37420352869,1422.85497746608,815.432548099473,1196.15804821102,1326.83444668127,1008.9622919614,1213.62533312386,1244.92355375742,1264.2396535863,1304.96159165701,1e+09,2075.19217577554,1883.7214151514,2287.12265987201,1551.87587947619,1221.75878163408,1205.0656004965,910.998681612657,1495.36772691536,1535.57425147728,1969.05380030613,1424.52829336591,2450.99396957643,908.848617207508,1548.92244331342,1042.30906812711,1572.81869377878,1305.93557789043,1549.76229761212,1474.97626689381,975.478300219948,1569.85596801108,977.912628305821,1591.64073226341,1157.29828575005,701.225753163701,1227.33182697264,1241.00997264325,902.553627935759,994.911314590401,928.76120025548,1099.31214161402,645.437327863829,1255.3954298945,1040.26735203024,862.988159072881,927.133347205244,989.198299533516,864.10532963291,849.491384005748,1531.84025074418
1517.04505674683,1888.26276219704,1612.09085807841,1568.87046833064,1534.03641192118,2522.27246365257,1970.41896425608,1149.6493581523,1576.33574577245,1731.1318897184,1759.80243308731,1855.93268081038,1507.25955312945,2075.19217577554,1e+09,1261.91476815988,1219.57222898031,1576.00566315607,2094.4734612069,2135.60992550138,1663.57185161928,1643.19164856081,1283.33242669232,1225.23807380443,1185.23230811516,1782.76910134207,1985.66137979264,2511.41446444031,2084.50666957436,1645.91782033612,1397.56446405881,2526.19781966892,1816.34163997305,2086.02235453027,2379.34396800883,1871.92885473781,1622.90066867939,1569.63252941572,1906.71124198186,1641.32893440041,2046.2316060505,2038.17996543485,1840.79074473445,1972.87965580772,1787.43727836811,2186.79233705444,1728.01295232414,1966.95563384129,1935.89893561105,1694.77608016516,2255.20684137841,1855.02751227576,1937.88437619482,1780.83794158817
681.390230411326,1050.17719123965,841.639088683504,612.915000550647,942.458864142092,2556.6551330596,1812.84464690166,855.394525467635,1557.05687587191,1595.30936238085,1608.26667962748,1765.30220291031,1612.63082111189,1883.7214151514,1261.91476815988,1e+09,1506.79290342104,1421.80271838255,1980.10043861416,1622.16202501476,1808.56625120563,1084.15065078614,1260.59154649712,833.235723070009,928.920809703389,2211.78513215005,1946.43295684696,2692.34290990208,1877.83478325437,991.111506138436,1534.43342015872,2319.02659398292,2034.19355549073,1940.70475418081,2755.94173893426,1303.35124279681,1880.70493270476,1371.42099644857,1891.31178180648,1957.85758036687,2064.26456499645,1979.77511253172,1397.2464818349,1680.06905584265,1958.5451190616,1966.21923637727,2005.31412624057,1524.47043723386,1829.87861996363,1715.02659810278,2133.9065366365,1619.18843449427,1610.18415425069,2206.19227614005
1346.17508738648,1776.4031371848,1812.46643670993,1411.48904533475,1343.70428443166,2652.69510211784,1846.84852573242,1260.78390392644,1577.45057415439,1645.4296185799,1541.52515198423,1512.15827491701,1595.23725132032,2287.12265987201,1219.57222898031,1506.79290342104,1e+09,1203.69197770858,1711.61747981259,1917.51681551949,1743.30603136684,1853.1426185267,825.241396138124,815.803670254063,1241.20524809558,913.602739269099,2022.13136455078,2912.2585676241,2382.21843116873,1263.08374995485,1258.55235985636,2305.5284893924,1648.50524227253,2088.57388049837,2780.33047729942,1976.03465705944,1407.5070598402,1389.41278427255,1816.15672242238,1956.73393822461,2510.78079933315,2195.95111931026,1943.56211133064,2075.2183962658,1989.91238214149,2291.83858565563,1491.92318404803,1916.90206792105,1797.1110231146,2095.80560868607,2483.0530140736,1719.12855941608,1900.44734486384,1964.24160486942
1527.1602892624,1213.34100763141,1216.22553919904,1203.3030487371,1241.74330914243,2092.08625883351,1579.45239358456,1116.0564798432,1188.20335502809,1358.80973160336,1323.7359417195,1297.07997679403,1621.75136201577,1551.87587947619,1576.00566315607,1421.80271838255,1203.69197770858,1e+09,1374.07930790038,1517.3666565468,1455.68944916146,1690.43649718054,854.366854752688,1188.87200513764,816.631384469149,1294.14178759516,1722.97288693119,2412.34717076544,1801.57341926439,876.674958693357,902.561961252522,1797.88400649208,1606.2217091672,1634.16829882971,2370.56104886586,1334.71624373872,1485.00138178387,1241.8041322608,1168.75448901812,1872.95106946231,2107.38466937102,1737.31613939432,1479.08586295725,1550.72511355172,1663.6683434507,1680.51027217926,1250.43333380872,1455.61119946227,1237.19076225132,1651.23860783353,2076.80588474224,1321.99575475869,1538.13733860147,2015.50993118367
2249.86938640891,1326.45155682369,1616.9960170019,1525.57300064599,1196.66003275784,1357.63663459705,600.22974984584,1208.99662977198,722.918400028662,720.63817696539,536.259467608731,294.406605224815,937.771480905663,1221.75878163408,2094.4734612069,1980.10043861416,1711.61747981259,1374.07930790038,1e+09,766.372094351041,745.341663265914,1461.71717462716,976.357039765679,1555.94225689773,1573.42801077774,1870.67692763876,729.261855508706,1865.06997174369,1390.49157789611,1215.58301296127,892.60272938189,1005.6818004717,718.199186716331,751.453542875406,1812.89172566924,1203.27331338312,828.175389334892,704.196112670327,803.901568850317,1185.97688029742,1603.30559205037,971.825046806265,1051.2500403805,981.765515079848,1018.28862480144,958.205911012868,677.683271078754,853.59776030634,476.508958782519,1281.96426307444,1212.03339537325,535.448641234619,787.328633164068,1213.45157608369
1962.65220125727,898.889609796443,1179.76286947844,1123.03284551254,936.444264118265,1623.80977660562,573.541379675434,1010.42403474977,823.889057883402,660.146089513526,589.732216688219,706.150358917986,997.011643763502,1205.0656004965,2135.60992550138,1622.16202501476,1917.51681551949,1517.3666565468,766.372094351041,1e+09,1032.43864021064,930.69460329369,1133.76792435666,1419.18230992357,1548.41839794676,2332.30560450384,863.06566013253,1901.94302362084,1123.33518265921,958.616865384706,1131.62997375467,1014.94375597863,1128.61071082991,720.59059492891,2016.83716174608,721.262803352565,1181.89377826436,720.138063776662,1173.74776762301,1351.39886858026,1433.25146492163,945.832591846993,564.878099239119,671.264145176845,1158.69039117445,845.742756575544,1295.71939103341,332.438978460709,762.159029337054,1176.33170959555,1066.317885295,588.96259253029,612.080740262263,1511.63578943474
2239.36714334653,1397.43366332717,1477.17029607287,1560.50475042532,1212.61007929177,1090.731495557,655.265134888161,988.140424332494,469.528376032802,672.268545672041,656.905350716524,655.161004181415,544.681859988012,910.998681612657,1663.57185161928,1808.56625120563,1743.30603136684,1455.68944916146,745.341663265914,1032.43864021064,1e+09,1267.8595307052,1019.33422521762,1569.81527938799,1405.50924255232,1987.60626694524,416.343424230526,1442.65187578293,1077.54077927473,1392.1780806348,772.511123997577,1273.37759702297,627.836038787198,652.319850610113,1320.42644952303,1108.02926130134,746.357232496611,680.080932169106,710.271211580478,523.436976531082,1103.455219617,633.145381251415,908.83194365075,818.082917924583,523.503545737753,769.08708772154,599.610041693766,889.691640963317,546.785168599149,741.318744940393,866.775321464565,574.424323475251,720.578241275713,709.058751797057
1567.86613404971,1056.62602135287,829.654728185164,907.148363775187,945.455382448056,2070.60621485593,1020.39216960931,697.659496029403,1009.95400187335,885.045561934525,978.18740607309,1240.64523510954,973.520338462428,1495.36772691536,1643.19164856081,1084.15065078614,1853.1426185267,1690.43649718054,1461.71717462716,930.69460329369,1267.8595307052,1e+09,1228.8051747531,1182.93001044018,1453.78324453819,2521.87136575203,1242.63443228489,1917.10554469492,1088.14812236202,1048.34205085936,1250.5800773641,1544.7859065903,1404.61287022439,1141.38825931407,2063.40063923611,752.09254357426,1345.80868755555,985.13754263047,1635.49096475646,1316.89705375933,1237.06128833619,1179.5279966156,608.488895050682,877.604546136812,1245.65738122487,1247.34901679522,1674.34671406492,761.791727573882,1295.23735770707,1035.48130663957,1253.23644277527,1117.36515499634,1055.63667944989,1553.12913407096
1416.28394780143,1140.85361957615,1235.20347178107,962.931576073814,772.623651657132,1947.65296700927,1070.28736575744,632.55832861484,799.172657064793,875.59806269772,761.491952485383,757.832384567986,939.244706932118,1535.57425147728,1283.33242669232,1260.59154649712,825.241396138124,854.366854752688,976.357039765679,1133.76792435666,1019.33422521762,1228.8051747531,1e+09,692.631952699267,915.588836869476,1308.36281974841,1258.09043101043,2232.84510371857,1625.80881843469,708.608278458557,597.371764481718,1583.69635331398,1024.84507760929,1289.59526278596,2159.71036472486,1217.61215015291,845.418393223143,630.203312749148,1123.28087284526,1336.38603401113,1807.60384116653,1415.27506828178,1160.13023428407,1275.66341536473,1284.47449943547,1477.62559378213,902.672118435039,1112.63391162592,1002.45286996447,1379.6097872587,1702.84425212642,920.352247077172,1124.05954135001,1418.39444894571
801.81728323852,1174.10974333748,1204.43528809148,664.19574938417,744.889185718252,2482.78247150249,1513.99360784648,734.941056412009,1317.86707360796,1308.59665393887,1231.61284842275,1317.36760511256,1313.62006965485,1969.05380030613,1225.23807380443,833.235723070009,815.803670254063,1188.87200513764,1555.94225689773,1419.18230992357,1569.81527938799,1182.93001044018,692.631952699267,1e+09,987.949230223902,1617.08079965103,1739.55638123632,2687.41040730663,1960.93369138276,717.397310421498,1179.7296008408,2042.00938543387,1583.90906216235,1761.94490705584,2673.43671340842,1426.5922462638,1377.16567082541,1033.95493291536,1704.20910542105,1772.04727188639,2138.95137623556,1877.10937438392,1408.79519625814,1637.90845275308,1781.92441601769,1927.10568041818,1579.9906692446,1417.99121710961,1577.99722363507,1752.70650532255,2097.77128250436,1386.19117274639,1479.25175808582,1890.92982907881
1233.0268885146,965.726874794317,1071.06558048515,936.253933716703,878.417951376224,2001.35954758259,1652.25918496464,846.724976305766,1269.26175889767,1461.30359467155,1414.43167353535,1438.37397609245,1460.94182851337,1424.52829336591,1185.23230811516,928.920809703389,1241.20524809558,816.631384469149,1573.42801077774,1548.41839794676,1405.50924255232,1453.78324453819,915.588836869476,987.949230223902,1e+09,1591.55090741704,1642.98956965648,2508.52063037161,1827.13861321466,963.349439144487,1161.63993672738,2157.46939544921,1745.27758184766,1728.48677316316,2457.41121009488,1297.3072007046,1627.58993582536,1091.07860990856,1222.50425672061,1706.54166292534,2029.86993149807,1766.71635332331,1401.8500852445,1582.89001813139,1711.0178226132,1701.76285151604,1422.35424715505,1464.98759315566,1419.38719928707,1567.23460135999,1991.12768465511,1263.54339771137,1347.58618006419,1940.5022819363
2084.62491635786,2214.35069399587,2345.00180396519,2057.93200293401,1909.55478732609,2662.35745909523,2218.52724653091,1866.78610874412,1914.6533555973,2062.00806581837,1938.24007764776,1794.42746116972,2062.62534712439,2450.99396957643,1782.76910134207,2211.78513215005,913.602739269099,1294.14178759516,1870.67692763876,2332.30560450384,1987.60626694524,2521.87136575203,1308.36281974841,1617.08079965103,1591.55090741704,1e+09,2304.08860738905,3134.15785491095,2755.68466719253,1785.96228918754,1546.34559510479,2539.14050749461,1916.38786862159,2388.99648323308,2920.55700139545,2415.4701306578,1744.25170588995,1815.10614887945,1830.66751705491,2293.67489601295,2906.02291579058,2496.39486704327,2414.58002965319,2460.6870670201,2282.41507517805,2549.9465173411,1507.21252167702,2347.05458803156,1981.02196812655,2466.74772508256,2822.72818891582,2014.32480270685,2251.39161133731,2255.34735335824
2395.97193806605,1391.37494367981,1573.02966898276,1632.1255207857,1258.49036655034,998.70519869479,538.570490372431,1158.81344067973,681.508109709635,730.316216443261,691.6801015643,704.606141968689,630.506392116686,908.848617207508,1985.66137979264,1946.43295684696,2022.13136455078,1722.97288693119,729.261855508706,863.06566013253,416.343424230526,1242.63443228489,1258.09043101043,1739.55638123632,1642.98956965648,2304.08860738905,1e+09,1458.74201858999,1045.94337480573,1499.40669996502,1082.90655146231,1199.45040593599,770.231362059479,521.321045230288,1414.23134228456,1096.8491184297,952.121699259081,745.063231947464,872.343740907219,649.401859329029,1083.04714191027,544.839494254959,840.013801493761,741.651664395085,665.649858333944,611.983999790844,898.385689890484,776.863300137161,622.128667961862,839.402066533077,608.428251809529,517.771257120362,538.392385068734,829.151515707473
3211.34272247607,2380.2641406575,2076.91962836793,2554.69563948428,2421.84479009288,1674.29838114358,1518.52921753254,2015.80842643839,1463.7314996269,1519.34869407914,1716.07975004077,1838.42433075174,1668.95972866334,1548.92244331342,2511.41446444031,2692.34290990208,2912.2585676241,2412.34717076544,1865.06997174369,1901.94302362084,1442.65187578293,1917.10554469492,2232.84510371857,2687.41040730663,2508.52063037161,3134.15785491095,1458.74201858999,1e+09,954.577182474,2391.98614471322,1714.06563719129,1443.94748938457,1563.31543992247,1223.29071262722,480.914065608399,1681.98760720762,1720.5668470013,1992.76932638979,1817.12801582607,1341.42390380521,741.217490079666,1002.0231693429,1563.69127467669,1282.32722333264,995.32061301874,1214.62681882132,1802.52191803595,1636.42841160254,1511.49561411868,1014.00161927879,1080.62722962176,1795.98058700533,1848.12414812967,1444.48808703983
2403.80013239454,1500.6749142969,1193.9948843274,1685.42515719328,1632.90673499744,1557.50990873253,961.332713476453,1280.75255486764,893.320243081953,897.048151383191,1112.25651286023,1313.0499077339,1207.72912799187,1042.30906812711,2084.50666957436,1877.83478325437,2382.21843116873,1801.57341926439,1390.49157789611,1123.33518265921,1077.54077927473,1088.14812236202,1625.80881843469,1960.93369138276,1827.13861321466,2755.68466719253,1045.94337480573,954.577182474,1e+09,1574.01974638186,1229.1090489863,1064.44323906914,1310.29093998241,692.070533182854,1220.85184375501,756.510117909866,1403.55838221999,1342.04744413154,1385.18251786543,1166.40027486279,511.776992155763,556.732780245604,684.373343724023,467.282626255246,762.157448431753,635.282111427671,1528.27976401574,812.901907858507,993.463804574681,490.91461925675,715.711602462892,1164.378202819,1180.02101760943,1412.43027173025
1126.69817879501,711.10702302818,821.482314843113,484.725226803805,675.914915799318,2169.81274450124,1214.26079661661,709.850394519859,1040.44655196699,1017.52844151896,961.873819167566,1053.07614159661,1311.21540015361,1572.81869377878,1645.91782033612,991.111506138436,1263.08374995485,876.674958693357,1215.58301296127,958.616865384706,1392.1780806348,1048.34205085936,708.608278458557,717.397310421498,963.349439144487,1785.96228918754,1499.40669996502,2391.98614471322,1574.01974638186,1e+09,978.510149002043,1566.16810911217,1469.55754402473,1384.35604166703,2453.37829622747,927.299259840102,1342.3271127039,883.434044566995,1366.68638875201,1738.63083068258,1900.55377979683,1545.91055685638,1015.21301735153,1222.92696478571,1567.44419722043,1495.44260093793,1427.48561201155,972.94109256419,1169.75447090404,1508.86694211252,1796.68180084844,1057.40621447011,1181.60548737724,1902.26603925424
1814.93255869192,1333.81867594512,1205.80703941385,1289.52524752329,1162.13532563983,1724.16898177064,882.873934319051,784.379921912844,452.584337112985,630.46659261217,664.697052122243,713.145173229126,888.879545776592,1305.93557789043,1397.56446405881,1534.43342015872,1258.55235985636,902.561961252522,892.60272938189,1131.62997375467,772.511123997577,1250.5800773641,597.371764481718,1179.7296008408,1161.63993672738,1546.34559510479,1082.90655146231,1714.06563719129,1229.1090489863,978.510149002043,1e+09,1220.76650531541,772.711130177378,965.241044299298,1644.20880769445,1061.95961693466,654.480105427201,813.720561003592,964.001560527783,1105.10006809338,1412.4654629406,1043.29777393609,1008.6778077761,979.603113459732,852.133438904964,1166.99944395874,702.578631186574,985.229547821217,703.335242185403,998.192953040643,1415.68879948949,899.053563977142,1145.81986747481,1188.25587825182
2619.69198328735,1747.9535861687,1687.89168491346,1895.63397656299,1809.15882249182,1810.5710864255,823.059558598283,1610.48769054594,1030.47568137244,871.758662302819,966.451129028261,1038.11815300572,1405.07482975107,1549.76229761212,2526.19781966892,2319.02659398292,2305.5284893924,1797.88400649208,1005.6818004717,1014.94375597863,1273.37759702297,1544.7859065903,1583.69635331398,2042.00938543387,2157.46939544921,2539.14050749461,1199.45040593599,1443.94748938457,1064.44323906914,1566.16810911217,1220.76650531541,1e+09,1082.25751759921,734.992560846707,1599.87797909716,1215.65236696187,1205.31925210709,1414.48285528669,1475.87751835984,1538.94300420776,1369.52098570997,928.540697546424,1111.45256408,880.567429104666,1060.72249085234,992.870544985599,1390.37937473914,954.605659735998,900.471515929294,1274.84428500111,1192.60205093736,1220.98669689723,1379.84648747605,1557.83603543505
2335.55511001132,1712.94386685612,1734.21072606532,1724.45741330425,1432.91907719871,1574.81757108562,607.720420094636,1186.18320372529,649.849441870961,627.928889206414,590.535131385085,570.767959331986,635.15322859921,1474.97626689381,1816.34163997305,2034.19355549073,1648.50524227253,1606.2217091672,718.199186716331,1128.61071082991,627.836038787198,1404.61287022439,1024.84507760929,1583.90906216235,1745.27758184766,1916.38786862159,770.231362059479,1563.31543992247,1310.29093998241,1469.55754402473,772.711130177378,1082.25751759921,1e+09,784.608124671163,1436.36601658491,1386.71834548332,275.85616451332,887.475083312202,1155.36989081419,784.161023387416,1328.84637949614,878.029095417686,1151.20260414924,1033.58139157011,663.479197714593,1125.83301661481,668.863647464863,1057.46656656369,766.345550518825,1080.18315558057,1148.93095279917,905.264336423345,1103.38761575432,656.804703926517
2371.45107796893,1377.36295459839,1389.51313678569,1592.12514175237,1373.72817016322,1265.91807835262,373.278067799329,1166.77192762768,557.964905168775,503.589479238794,606.127605789408,722.88027452684,837.0886395717,975.478300219948,2086.02235453027,1940.70475418081,2088.57388049837,1634.16829882971,751.453542875406,720.59059492891,652.319850610113,1141.38825931407,1289.59526278596,1761.94490705584,1728.48677316316,2388.99648323308,521.321045230288,1223.29071262722,692.070533182854,1384.35604166703,965.241044299298,734.992560846707,784.608124671163,1e+09,1306.41586966019,854.788278113358,949.422249897273,915.722075413714,1012.58877502173,909.680062384573,901.389443581408,283.537882301466,633.700946740653,378.584132393316,541.864736534866,408.089969737067,1035.72769297726,541.693281571777,486.525772698631,702.07213781776,576.247666372715,674.411090433721,772.828908814881,1056.31941722189
3254.88277467868,2474.17914424158,2230.30972396212,2634.02655793369,2434.25261692373,1549.17515297658,1558.2064100112,2027.40069443611,1447.5639868068,1561.52911061562,1720.1148194234,1790.55879724738,1595.61508340828,1569.85596801108,2379.34396800883,2755.94173893426,2780.33047729942,2370.56104886586,1812.89172566924,2016.83716174608,1320.42644952303,2063.40063923611,2159.71036472486,2673.43671340842,2457.41121009488,2920.55700139545,1414.23134228456,480.914065608399,1220.85184375501,2453.37829622747,1644.20880769445,1599.87797909716,1436.36601658491,1306.41586966019,1e+09,1856.98938642632,1597.65690343703,1955.01614650621,1709.48877422462,1180.24332279408,957.169774021307,1083.90707765934,1714.18546201979,1444.06625208125,944.118799834004,1330.80422688689,1601.87812273593,1770.47333716156,1497.80082127097,1090.81030202323,1202.03062935185,1783.71679983118,1866.25323110236,1219.46397261256
1786.83341786525,775.436060742599,600.782764150238,1002.57243897885,1034.18914009962,1681.21848000193,924.309614523186,838.407743225216,796.400172400785,792.532062947613,904.313697618255,1098.71605162571,1159.09828733374,977.912628305821,1871.92885473781,1303.35124279681,1976.03465705944,1334.71624373872,1203.27331338312,721.262803352565,1108.02926130134,752.09254357426,1217.61215015291,1426.5922462638,1297.3072007046,2415.4701306578,1096.8491184297,1681.98760720762,756.510117909866,927.299259840102,1061.95961693466,1215.65236696187,1386.71834548332,854.788278113358,1856.98938642632,1e+09,1396.25552940714,966.128372112112,1194.89738643115,1382.32656109184,1157.33413662607,917.089685636034,341.830563730045,518.454909997003,1105.28620542374,796.838344082412,1456.2888687345,471.965273404728,888.84767260763,855.877964139748,1094.78209859314,864.5278099055,874.02921112512,1653.21747752678
2135.53799877221,1676.93923065208,1654.72323507588,1597.27274921974,1343.8244295666,1774.23393088397,727.350896129234,1059.2377742981,663.32506194173,639.705943383365,598.832597559618,611.919399022453,639.249050449041,1591.64073226341,1622.90066867939,1880.70493270476,1407.5070598402,1485.00138178387,828.175389334892,1181.89377826436,746.357232496611,1345.80868755555,845.418393223143,1377.16567082541,1627.58993582536,1744.25170588995,952.121699259081,1720.5668470013,1403.55838221999,1342.3271127039,654.480105427201,1205.31925210709,275.85616451332,949.422249897273,1597.65690343703,1396.25552940714,1e+09,857.894833764605,1239.42426323677,890.31476742779,1436.80448809154,1045.63619729809,1183.94674394586,1121.62934853721,797.288346145859,1287.08145864976,713.999249159269,1108.93997632875,878.292869320934,1150.88255790936,1335.06036035829,981.604479360195,1189.95788215382,779.860051419484
1713.04339658982,926.935324119219,1216.06023530909,1003.16521430919,582.799220572574,1512.52355125466,692.896484837382,625.120840877986,619.738966017145,659.447305703799,488.963890180042,508.413996561857,589.094853737495,1157.29828575005,1569.63252941572,1371.42099644857,1389.41278427255,1241.8041322608,704.196112670327,720.138063776662,680.080932169106,985.13754263047,630.203312749148,1033.95493291536,1091.07860990856,1815.10614887945,745.063231947464,1992.76932638979,1342.04744413154,883.434044566995,813.720561003592,1414.48285528669,887.475083312202,915.722075413714,1955.01614650621,966.128372112112,857.894833764605,1e+09,895.050289369262,1007.6950485638,1497.78828330308,1041.8171272829,797.964532231853,931.169077182012,1041.92219071292,1053.45647380421,869.036065189472,728.212882953879,735.934193321659,1108.82885329522,1218.31302086122,399.344420644636,523.615450020337,1168.22943422942
2270.62093822373,1249.87377074647,1519.22135892042,1594.23233422861,1266.6274880169,940.396649504878,1084.43219354647,1226.11428659811,837.514284116994,1084.30907286622,1010.83484536298,887.667521879673,1164.38764035007,701.225753163701,1906.71124198186,1891.31178180648,1816.15672242238,1168.75448901812,803.901568850317,1173.74776762301,710.271211580478,1635.49096475646,1123.28087284526,1704.20910542105,1222.50425672061,1830.66751705491,872.343740907219,1817.12801582607,1385.18251786543,1366.68638875201,964.001560527783,1475.87751835984,1155.36989081419,1012.58877502173,1709.48877422462,1194.89738643115,1239.42426323677,895.050289369262,1e+09,1196.8185468984,1581.35156606619,1059.25488009261,1171.5553446594,1112.85125430131,1093.71977224516,926.557333843945,689.481650734811,1110.97583610086,608.736893739816,1171.92934326264,1291.53134646434,667.121443816641,850.338468611176,1374.47656316869
2432.86292809521,1741.30167535669,1708.86676876812,1817.08208435943,1480.61444981467,1305.5060463284,904.693105423049,1180.24968926071,824.015815928311,931.514198335162,976.077361278295,1049.58149392984,536.303635266441,1227.33182697264,1641.32893440041,1957.85758036687,1956.73393822461,1872.95106946231,1185.97688029742,1351.39886858026,523.436976531082,1316.89705375933,1336.38603401113,1772.04727188639,1706.54166292534,2293.67489601295,649.401859329029,1341.42390380521,1166.40027486279,1738.63083068258,1105.10006809338,1538.94300420776,784.161023387416,909.680062384573,1180.24332279408,1382.32656109184,890.31476742779,1007.6950485638,1196.8185468984,1e+09,956.225244437732,777.393543837354,1125.07744364555,1042.08414151641,568.759909100492,1042.14724031684,997.729423190476,1174.35524378273,1024.46876409191,758.130035020378,858.889251126127,999.755562625185,1032.69726745063,386.657604735766
2624.32693412997,1832.05157948678,1523.60041923728,1959.30004460777,1837.9673970721,1582.95452515225,1126.35048555057,1440.4331145527,1075.01381609726,1097.26524815106,1303.26090607368,1498.44911948988,1169.24130738697,1241.00997264325,2046.2316060505,2064.26456499645,2510.78079933315,2107.38466937102,1603.30559205037,1433.25146492163,1103.455219617,1237.06128833619,1807.60384116653,2138.95137623556,2029.86993149807,2906.02291579058,1083.04714191027,741.217490079666,511.776992155763,1900.55377979683,1412.4654629406,1369.52098570997,1328.84637949614,901.389443581408,957.169774021307,1157.33413662607,1436.80448809154,1497.78828330308,1581.35156606619,956.225244437732,1e+09,659.094548680233,990.561225720046,811.906401563629,714.97978230157,894.324469529935,1618.97479702434,1136.4853795364,1247.89485642822,480.34309082155,671.445808088784,1369.36526956835,1352.50559492373,1195.66428749879
2465.00276565768,1493.1286809917,1426.10634358031,1708.88146566694,1491.15358142614,1186.8195620228,589.968496108055,1218.84625781925,631.510382416631,660.479602031736,800.825044438546,927.89549530106,857.454240528321,902.553627935759,2038.17996543485,1979.77511253172,2195.95111931026,1737.31613939432,971.825046806265,945.832591846993,633.145381251415,1179.5279966156,1415.27506828178,1877.10937438392,1766.71635332331,2496.39486704327,544.839494254959,1002.0231693429,556.732780245604,1545.91055685638,1043.29777393609,928.540697546424,878.029095417686,283.537882301466,1083.90707765934,917.089685636034,1045.63619729809,1041.8171272829,1059.25488009261,777.393543837354,659.094548680233,1e+09,703.901501348023,432.53324288429,402.496278989011,382.763620920275,1107.57955583335,710.950258034977,642.308968799284,496.981083543428,416.80813127865,816.144033979297,870.4174759275,977.372927955343
1881.88022448295,912.31988205892,839.17434529423,1081.40744268754,989.3335062556,1578.61330040007,653.218297967839,782.821067294436,646.841082415148,574.717013755465,690.692082190031,917.616923884908,881.19314625115,994.911314590401,1840.79074473445,1397.2464818349,1943.56211133064,1479.08586295725,1051.2500403805,564.878099239119,908.83194365075,608.488895050682,1160.13023428407,1408.79519625814,1401.8500852445,2414.58002965319,840.013801493761,1563.69127467669,684.373343724023,1015.21301735153,1008.6778077761,1111.45256408,1151.20260414924,633.700946740653,1714.18546201979,341.830563730045,1183.94674394586,797.964532231853,1171.5553446594,1125.07744364555,990.561225720046,703.901501348023,1e+09,328.189067459597,896.953623327316,671.110518394698,1330.3251379644,257.95676692035,785.469005117325,715.176760388647,848.719884001783,706.206285585168,690.07733189839,1380.78994510389
2153.03793364167,1168.18115239033,1061.06268156033,1370.67627122527,1251.67655007194,1438.0002118915,562.231241038774,998.450707245981,582.735318219172,529.095213643064,696.249459892071,896.191063668903,915.187519692003,928.76120025548,1972.87965580772,1680.06905584265,2075.2183962658,1550.72511355172,981.765515079848,671.264145176845,818.082917924583,877.604546136812,1275.66341536473,1637.90845275308,1582.89001813139,2460.6870670201,741.651664395085,1282.32722333264,467.282626255246,1222.92696478571,979.603113459732,880.567429104666,1033.58139157011,378.584132393316,1444.06625208125,518.454909997003,1121.62934853721,931.169077182012,1112.85125430131,1042.08414151641,811.906401563629,432.53324288429,328.189067459597,1e+09,686.417386289129,445.648456409309,1242.31794074625,364.448524485969,647.570461185499,578.322845649383,662.013667154992,745.51289512657,786.021531766147,1269.40286516929
