1e+09,1838.6557683808,1107.95057665042,1302.47891242047,1242.37849937127,2178.33850445701,1843.0682479496,1486.66345196215,1251.98389582295,1258.49886424263,655.040089918167,1199.00941389132,1611.58883670743,1300.51820125671,1293.46987842779,1122.18930510855,1498.10053317526,1985.18451160087,913.867657650713,2339.38456485889,1120.29593246606,1323.65595560176,1062.09455148777,1514.46692106497,1729.10697936825,1553.88879660032,1695.1259121375,1400.55757157641,1381.41127630406,1718.28918264651,1295.67303962072,1741.61562131258,1791.29899405432,1637.45642534389,1509.99004788111,1979.54070407759,850.144567353106,946.189280165443,1025.69784025316,1337.57711007628,1274.21617506607,1168.19412920114,1285.24586262707,1398.88308953965,1374.23956768825,682.28162506402,1427.96056321595,1141.02556264091,1378.24464305144,1949.3959749625,724.567063907821,1045.45358127465,1372.77719761803,1079.08059170759
1838.6557683808,1e+09,851.965111198809,855.772480335749,1180.87287186217,1237.75154283887,1819.54719894813,2059.40745424503,1895.96977839838,1348.12185780811,1510.8997074591,2690.30125164451,2592.48304017596,2286.87372817128,1653.88613616537,1879.27704532887,1347.11885255162,1569.76943717859,2094.75543333822,2760.30185880095,1767.60161413708,2595.20645487021,2422.92921594916,1254.64551798506,1378.63745593249,536.648166679064,1176.90779035573,1746.80561560238,1748.51709248151,1335.27633297382,1936.68213277244,2416.66422289072,2793.79836793925,2251.18444137747,1450.1850773953,2567.02617409718,1716.12688248859,2167.00866401129,1959.71612446803,2341.71565741872,2224.32416374053,2394.24830163874,2091.25376843653,2549.01308419553,2637.15350254778,1990.5053991135,2128.17462744484,2650.72802403415,2211.33249284227,2046.60544502354,2162.87869504972,2317.24872898876,2153.63809148613,2413.89016763398
1107.95057665042,851.965111198809,1e+09,842.535246977834,703.515832799803,1352.32353551212,1727.98257413089,1548.9679749756,1188.56977956702,842.02889807892,669.447990885028,1947.9275689563,1970.66153245554,1792.8578855838,1295.51378282904,1273.43062606488,1119.0258194519,1292.66117285235,1315.47231966317,2430.19111153835,1076.83920173812,1856.31573270821,1662.23159090423,1187.50003288421,1343.06250941645,674.283141343456,1067.55605918378,1223.7330293001,1335.33388970699,1041.16182099614,1285.99245514894,1728.58872630247,2189.99584570382,1645.60862242515,1235.94290539652,2276.48700826515,1027.55791968142,1509.3983110498,1406.91616374253,1801.07097375423,1677.76042655082,1625.43473138727,1478.14259917641,1911.20134630028,1899.15527335181,1322.54576087181,1659.33458548901,1883.28315016622,1584.43463689734,1775.02090987684,1490.43674290458,1781.42112312053,1685.42938529029,1753.81025076831
1302.47891242047,855.772480335749,842.535246977834,1e+09,965.132784750367,1462.89137071076,1438.91872456369,1960.24877306428,1714.35150441792,1341.40016259131,1230.29426557227,2281.35757225824,2507.73418565445,1793.96290454959,1534.24721635726,1667.95902539601,1325.16124332098,1873.84481171734,1893.18191233701,2725.9804237008,1746.68418914239,2299.72068527898,2137.04093694997,1071.30420791669,1348.91805748163,871.60649165779,1407.78198351165,1718.03518875488,1658.43524419858,1659.56657007184,1800.87500040952,2460.83925186104,2670.00760392176,2140.23274140921,1393.37527809273,2157.89993340748,1265.87429063869,1749.66823598075,1708.52006092993,2010.39739099015,1895.38098616083,2119.96684851438,1849.48280140692,2353.79007133177,2417.40848395549,1545.29278966803,1954.41787921621,2280.77037956476,1963.66666137611,2094.53653978631,1735.8050158932,1817.57809716667,1847.15937168399,1999.74398508909
1242.37849937127,1180.87287186217,703.515832799803,965.132784750367,1e+09,1340.13130375348,1904.56519617996,2133.33374920569,1468.13528072177,1460.23950576609,919.195240903694,2235.53111441107,2335.5365251051,2089.41932093584,1886.07191721313,1657.90424162555,1640.31902281233,1719.67329740274,1690.48463619165,3019.35520550332,1597.09297982303,2199.97126847148,1869.9331354356,1735.53527123479,1905.36203336794,1179.3151891246,1694.31597864743,1782.71729918122,1948.78402959384,1702.00430249162,1673.33528496234,2157.24004206764,2695.61745794911,2092.9867549987,1874.3842546287,2702.25811824111,1139.39409244563,1860.39456207548,1925.27615842507,2297.55832158838,2175.63529689606,1957.62690566921,1948.90086035693,2330.15808658984,2294.79421537096,1526.9144091926,2164.07035703556,2188.09017782632,2014.04103920451,2433.28135987189,1852.4738284791,2164.12779121289,2203.69837967903,2136.39441229844
2178.33850445701,1237.75154283887,1352.32353551212,1462.89137071076,1340.13130375348,1e+09,1539.51490574142,2325.96594742915,1943.08468539073,1646.20591716225,1748.3349780291,2783.46858480566,3079.51542028937,2282.60183172624,2194.57846558286,1886.92332109707,1484.91252062201,2089.61840006734,2426.8242300793,2964.69994837589,2180.27571235842,2920.14004246372,2529.31440764093,1789.98887231178,1693.7059145259,1221.41219275067,1502.07952971872,1857.58520636336,2121.33568524644,1860.96490219456,2375.09310950118,2597.47751605283,3189.93641116872,2311.28087564017,2135.45744361718,2694.56047427034,1635.02050280723,2277.66989590239,2519.16423900864,2689.70918015313,2586.85966283446,2621.53462275439,2327.40506586198,3130.87597298264,2990.25575712179,2114.40948236145,2398.24900293944,2852.24314184468,2390.42719539835,2421.05855418658,2640.57498566127,2785.16428703946,2723.06224098899,2647.17766721465
1843.0682479496,1819.54719894813,1727.98257413089,1438.91872456369,1904.56519617996,1539.51490574142,1e+09,1902.0051113496,2093.53498155631,1621.98836231953,1835.97448718657,2182.8317159598,2897.73438862157,1194.11489706812,1683.487727606,1448.82391128115,1096.64490428762,2713.01155535689,2290.23584075964,2254.35154492373,2196.12296538696,2664.38140865755,2212.95213434453,1315.27078375519,1163.98814130557,1506.89475710814,1484.51823511872,1648.65142613592,1645.60753604862,2179.11849228077,2489.28346220353,2746.25268560633,2750.68380867376,2207.77609655055,1860.33386248275,1509.84027039287,1447.15765609694,1605.54522187947,2029.93667130283,1957.50523565072,1949.19747357727,2431.04756162853,2005.32614798691,2811.2657245803,2710.24343146515,1546.9452953159,1730.29381710159,2385.86647945773,2108.30113629434,2016.12668585087,2141.92598394529,1958.94654342583,2202.32565187349,1954.88715699909
1486.66345196215,2059.40745424503,1548.9679749756,1960.24877306428,2133.33374920569,2325.96594742915,1902.0051113496,1e+09,1280.55571194697,785.643402123381,1342.48118273591,1159.16527363444,1668.58508269731,1231.00314703091,850.154142611797,922.752342885132,1078.22739174072,1808.87197272223,1058.43050990606,1074.65291434025,927.841356428996,1266.56546779075,1424.16941032308,1226.13892532616,1154.12315343728,1634.97405282163,1090.45305474376,504.832733784171,442.335001215142,1134.03338619284,1334.84255094,1198.75292858871,1096.99983495897,883.930854479014,997.349480422986,1392.91218090015,1400.90505923849,860.353093386663,862.973971507832,670.732103749329,660.355178067076,1121.33801803916,706.423239283646,1415.63334200633,1159.58235214236,1319.25382284836,811.741039309951,1171.54604066592,861.553436241769,611.921868705475,1146.71885686946,1216.02652577976,981.652115924985,882.892137579671
1251.98389582295,1895.96977839838,1188.56977956702,1714.35150441792,1468.13528072177,1943.08468539073,2093.53498155631,1280.55571194697,1e+09,926.958907125877,792.690110572852,1389.35616499154,2104.12771993527,1686.12621864438,1680.16312880625,1347.19497323142,1572.34213271158,1260.19114141467,1080.9775740042,2325.55675834842,1103.76085938033,1110.60465567186,1582.03178801818,1575.1249244425,1718.02660541099,1690.17775840294,1551.35241392793,1088.16383954807,1426.19224885707,1261.28508189069,710.894150067364,1168.83704415971,1948.14957744522,734.741478276543,1422.59624078654,2090.16864513369,819.787573826293,1184.49095804907,1523.69341958939,1501.01652569184,1308.596501218,833.834529927851,791.197713343511,1855.85219756316,1400.20312962084,1483.28627078525,1794.97348072332,1315.55775190601,739.639348128532,1675.96481985751,1354.58841937321,1740.36924145424,1417.46052407113,1347.63468744315
1258.49886424263,1348.12185780811,842.02889807892,1341.40016259131,1460.23950576609,1646.20591716225,1621.98836231953,785.643402123381,926.958907125877,1e+09,867.278700015168,1527.93704592172,1867.18371728655,1400.38412526706,920.13382423428,922.427975941754,762.764551745819,1279.48238885887,1098.54137072757,1719.58098925291,814.338305988365,1481.5897252276,1540.67715086581,870.330874955037,896.725806810532,988.76136660976,655.403976109392,483.57220122749,677.762825625602,671.225154251537,1084.28404318241,1309.7496416873,1687.30818163132,980.179470199208,775.015957900223,1699.21654223351,998.991943260805,1063.21727929902,1073.64093811665,1202.37545970466,1074.89865182723,1249.78677925477,846.357574846471,1695.25055738083,1512.94851402815,1265.03486062638,1187.3639170027,1506.82456108865,981.499444829186,999.270478249008,1274.32656803505,1477.21790508374,1197.43058638069,1275.28309919798
655.040089918167,1510.8997074591,669.447990885028,1230.29426557227,919.195240903694,1748.3349780291,1835.97448718657,1342.48118273591,792.690110572852,867.278700015168,1e+09,1381.4813057729,1691.40760392047,1510.1537738257,1313.01709303421,1027.17369139791,1294.89667931461,1460.70225354108,824.439884467024,2312.97710825248,832.02363157545,1323.2114428163,1176.57376585576,1410.05602917047,1570.90943707777,1250.4709025803,1368.19229247939,1093.52829085488,1276.61327734753,1255.69772007438,979.346799249377,1378.21743132207,1850.09193363465,1309.92841304401,1361.62054225838,2124.98967990435,643.546455199623,1074.24142905587,1183.49764930058,1482.64947374624,1361.36101743806,1065.45618685144,1121.79944811896,1566.23666519463,1402.00025841652,952.886690798019,1496.44596263948,1300.7633702561,1194.98738273674,1770.39703383168,1062.17899541461,1463.69684156249,1459.75884340531,1292.13516173812
1199.00941389132,2690.30125164451,1947.9275689563,2281.35757225824,2235.53111441107,2783.46858480566,2182.8317159598,1159.16527363444,1389.35616499154,1527.93704592172,1381.4813057729,1e+09,1638.7160450792,1105.10555188181,1530.52379432663,1123.96328245188,1785.53143234724,2419.12610231464,969.226891857629,1794.89671655502,1326.17132569665,941.797446906712,951.031730122607,1947.30268802772,1994.54389851414,2284.77955050372,2003.8704777505,1312.72354816237,1369.48793112608,2018.66232198454,1546.15646103491,1449.67507600841,1231.17170236324,1262.87004323485,1828.23579100181,1675.28228507914,1308.14540973089,624.170657192406,1173.55500062843,903.391934323082,954.044283353765,833.836408116125,1036.42585658599,1352.27874877926,895.594348798607,1044.39773070416,1253.58127758036,352.381414095579,1062.87392568451,1741.90374475744,917.568338544874,1061.63941722225,1349.55173398429,478.889192193768
1611.58883670743,2592.48304017596,1970.66153245554,2507.73418565445,2335.5365251051,3079.51542028937,2897.73438862157,1668.58508269731,2104.12771993527,1867.18371728655,1691.40760392047,1638.7160450792,1e+09,2179.43746476012,1495.69872922324,1582.48043447621,2072.41932014252,2400.53227757929,1046.31920593096,2079.69152743862,1118.12201503235,1652.32067722945,1076.57472378837,2360.25395298896,2383.35968823424,2212.26022510915,2105.46670232516,1759.51705285854,1659.02576083074,1920.06802343042,1888.75985858446,1471.51412626587,1012.06984724376,2115.54708912376,2078.24309740223,2728.87684308032,2151.74051511794,1745.95297602771,1184.01834525484,1728.03216341595,1808.78171518843,1616.95602274768,1927.16935161392,692.037096838023,1140.13372373595,1535.35205321125,1422.05779119556,1437.7625959803,2042.59796056395,2058.31436942951,1369.4469436601,1680.42370847355,1913.75892481263,1641.6821092404
1300.51820125671,2286.87372817128,1792.8578855838,1793.96290454959,2089.41932093584,2282.60183172624,1194.11489706812,1231.00314703091,1686.12621864438,1400.38412526706,1510.1537738257,1105.10555188181,2179.43746476012,1e+09,1264.11539908349,931.423835157765,1211.64226069414,2603.84176625616,1565.91018934676,1635.0060055853,1670.46618496155,1778.37868087761,1447.87470593971,1386.55371378104,1342.05374508624,1858.32620774718,1603.36874037135,1237.17341108674,1156.52414047438,2039.54229478087,1982.63945506993,2111.9233175473,1830.2876112513,1615.12478827489,1615.77406041191,941.527643088614,1168.75539485386,643.308142416991,1308.45867611476,1004.50578365682,1079.43346687047,1610.53675881676,1310.92842359909,1971.00057696592,1782.3560910211,911.688178874773,1054.84305823189,1364.23778799739,1411.65213884299,1593.39322052028,1298.03190080213,1044.13557098683,1487.21945613282,894.413888979817
1293.46987842779,1653.88613616537,1295.51378282904,1534.24721635726,1886.07191721313,2194.57846558286,1683.487727606,850.154142611797,1680.16312880625,920.13382423428,1313.01709303421,1530.52379432663,1495.69872922324,1264.11539908349,1e+09,921.821751804545,826.485765334165,1972.27547292461,1202.52557149526,1330.46391724842,989.297063727574,1706.71916998667,1426.91619820507,979.442063932319,948.639486896893,1195.37179747558,916.242633367385,905.344179248975,459.039382950962,1217.13838194348,1627.77747238374,1698.00908643034,1339.90117400501,1602.79719905545,913.755911772942,1546.37027800589,1501.24215628259,1099.82358562635,593.572165705233,983.033892498117,1034.24215462337,1582.37793813615,1281.70304103564,1354.04723100784,1514.84593414644,1110.76286897789,608.209901349855,1525.51004906556,1473.07843093978,993.857473282764,1105.60251578042,1058.80908165731,1166.46959235978,1178.39300074296
1122.18930510855,1879.27704532887,1273.43062606488,1667.95902539601,1657.90424162555,1886.92332109707,1448.82391128115,922.752342885132,1347.19497323142,922.427975941754,1027.17369139791,1123.96328245188,1582.48043447621,931.423835157765,921.821751804545,1e+09,816.659713344549,2097.00540786141,1023.9974857391,1516.13503969798,980.455933226986,1608.94167728355,907.056488538614,1382.13102587996,1248.6659880048,1386.03682934473,1115.95894964824,676.888834299991,821.071259879433,1448.03273239938,1646.68648288009,1466.05885451437,1469.08107972297,1359.29082156837,1463.6047555949,1632.46459238784,1018.83699024918,727.955461412304,1039.89321826811,1149.7215159768,1192.99222533091,1349.19701326382,1201.45938387446,1596.96455724603,1442.05617238026,639.843858609271,702.297468313819,1238.55173662629,1326.12817540387,1378.24425922984,1220.30395918394,1310.71875896395,1561.40685505092,1029.38249309963
1498.10053317526,1347.11885255162,1119.0258194519,1325.16124332098,1640.31902281233,1484.91252062201,1096.64490428762,1078.22739174072,1572.34213271158,762.764551745819,1294.89667931461,1785.53143234724,2072.41932014252,1211.64226069414,826.485765334165,816.659713344549,1e+09,1940.01115228753,1551.01521185319,1566.27440673721,1290.3157690271,2064.48824348796,1668.08792711895,840.486449801542,547.700109914175,850.230218293845,476.440824762111,765.900703094076,748.644901271624,1201.99207214524,1815.10049592302,1874.48698493748,1931.83163484813,1576.54172409106,1126.89934767929,1545.10032347417,1260.20446329157,1224.70627409187,1286.44804418989,1413.57688276938,1400.88429611442,1830.46676566388,1411.6556363717,2034.06718696802,1985.85595331081,1217.25386349767,1000.40853255058,1874.85696049059,1563.05039208594,1160.87157157887,1611.46057022814,1591.8296938115,1624.32265236929,1515.41326518544
1985.18451160087,1569.76943717859,1292.66117285235,1873.84481171734,1719.67329740274,2089.61840006734,2713.01155535689,1808.87197272223,1260.19114141467,1279.48238885887,1460.70225354108,2419.12610231464,2400.53227757929,2603.84176625616,1972.27547292461,2097.00540786141,1940.01115228753,1e+09,1712.94899579643,2750.87295297329,1426.87400123487,1855.23594550666,2385.89701177566,1763.46218641059,1948.14742486291,1618.8147878309,1615.01800438881,1638.36966530756,1823.65004619856,899.960740865956,1021.90656446663,1555.70225650669,2404.83168163595,1521.40606874036,1431.60196500284,2796.05342906748,1810.71899263801,2146.31511283875,1948.18312429812,2183.97201582346,1983.11714961573,1721.67007414313,1581.85980715739,2199.03240187588,2025.96431935511,2308.42281538716,2345.69299291276,2247.91703670309,1606.24004849836,1863.12942226245,2010.83720857756,2404.85277884115,1818.66868357049,2241.68893883607
913.867657650713,2094.75543333822,1315.47231966317,1893.18191233701,1690.48463619165,2426.8242300793,2290.23584075964,1058.43050990606,1080.9775740042,1098.54137072757,824.439884467024,969.226891857629,1046.31920593096,1565.91018934676,1202.52557149526,1023.9974857391,1551.01521185319,1712.94899579643,1e+09,1935.03614669081,483.387972336921,850.172824842102,781.572830003705,1726.80252429165,1823.19739644395,1740.76093576918,1598.70742016793,1066.3234271083,1151.42340179449,1356.57121143713,994.365315012546,898.668521146702,1100.41220240417,1201.11355000266,1466.26805250609,2131.23309804442,1223.81168269469,973.355337479587,821.600104065232,1152.71217027496,1109.48280279597,671.200907776502,1006.57049087483,862.301697029526,635.898482699872,1015.7168821084,1209.86858211956,751.632370976663,1092.66490435083,1587.68039217596,746.136824181731,1239.17704590587,1263.80292553863,957.561791583185
2339.38456485889,2760.30185880095,2430.19111153835,2725.9804237008,3019.35520550332,2964.69994837589,2254.35154492373,1074.65291434025,2325.55675834842,1719.58098925291,2312.97710825248,1794.89671655502,2079.69152743862,1635.0060055853,1330.46391724842,1516.13503969798,1566.27440673721,2750.87295297329,1935.03614669081,1e+09,1804.70901516006,2160.63977291449,2000.08300682747,1862.72288263714,1592.70605762645,2281.52485669124,1638.76903006495,1352.02936957745,1131.66943998678,1942.09173158736,2388.13715918915,1986.58253689596,1340.18237691741,1822.75681828378,1763.66299031306,1532.38678407248,2311.42390030475,1608.90121654501,1532.45432114631,1281.67386659009,1447.34166467355,2076.61258702725,1719.91671964081,1973.75343746376,1890.65902026251,1945.07607609574,1015.37035824373,1899.51048270337,1848.54939274016,994.330920619489,1946.8172328701,1761.02622595463,1768.39930021475,1574.09084105715
1120.29593246606,1767.60161413708,1076.83920173812,1746.68418914239,1597.09297982303,2180.27571235842,2196.12296538696,927.841356428996,1103.76085938033,814.338305988365,832.02363157545,1326.17132569665,1118.12201503235,1670.46618496155,989.297063727574,980.455933226986,1290.3157690271,1426.87400123487,483.387972336921,1804.70901516006,1e+09,1166.09029320203,1061.04660755313,1508.56858601126,1560.57520011052,1406.36730255648,1227.74367442883,842.373397609398,935.698214169505,924.707526248165,996.504116449099,849.661878690576,1185.94664812545,1187.00909920691,1221.04026305442,2146.3487007008,1298.16684686522,1148.88142738927,815.900517587775,1245.72940757614,1187.82256094924,976.040085037495,1048.48259208248,1038.97476730669,960.336022285949,1168.23829435608,1131.79743823707,1162.995887396,1169.7447635275,1335.29090115225,1008.54253266781,1416.56293707692,1291.28088021158,1205.13894447902
1323.65595560176,2595.20645487021,1856.31573270821,2299.72068527898,2199.97126847148,2920.14004246372,2664.38140865755,1266.56546779075,1110.60465567186,1481.5897252276,1323.2114428163,941.797446906712,1652.32067722945,1778.37868087761,1706.71916998667,1608.94167728355,2064.48824348796,1855.23594550666,850.172824842102,2160.63977291449,1166.09029320203,1e+09,1418.79233684849,1984.94499188265,2167.22166164424,2314.00650439881,2085.20770864679,1465.49729160446,1530.32570327365,1736.12418553512,877.373994029912,1117.7894614819,1307.99890019067,1042.36011641851,1631.43675773841,2105.16319046767,1494.59360128431,1162.38090430805,1229.85130918335,1135.61857461033,1013.36942671466,343.371804753972,845.638342200731,1163.87815582216,582.742925825788,1574.43410884673,1711.57992553664,660.508226292452,814.577385212725,1744.27051623308,898.119699650331,1329.57766640388,1068.91541643855,952.84946597036
1062.09455148777,2422.92921594916,1662.23159090423,2137.04093694997,1869.9331354356,2529.31440764093,2212.95213434453,1424.16941032308,1582.03178801818,1540.67715086581,1176.57376585576,951.031730122607,1076.57472378837,1447.87470593971,1426.91619820507,907.056488538614,1668.08792711895,2385.89701177566,781.572830003705,2000.08300682747,1061.04660755313,1418.79233684849,1e+09,2082.25501288867,2071.82304379501,1993.96028794457,1884.2880867585,1360.04058476209,1452.47348230527,1919.18308087061,1725.53611411063,1397.25869583982,1293.51667812982,1697.46538833639,2003.22715646529,2238.83238014819,1385.08592451876,1054.25911444957,1174.17641340644,1439.55266006492,1507.40017278094,1226.3863547023,1532.94232595359,1212.44601013818,1104.33578023172,749.002979833859,1162.9843667049,928.634246999323,1613.36416540098,1988.70666904398,1122.30735638683,1405.60476859607,1814.68956921012,1127.22929251328
1514.46692106497,1254.64551798506,1187.50003288421,1071.30420791669,1735.53527123479,1789.98887231178,1315.27078375519,1226.13892532616,1575.1249244425,870.330874955037,1410.05602917047,1947.30268802772,2360.25395298896,1386.55371378104,979.442063932319,1382.13102587996,840.486449801542,1763.46218641059,1726.80252429165,1862.72288263714,1508.56858601126,1984.94499188265,2082.25501288867,1e+09,483.374236901389,995.563045015231,842.149512972608,1143.49365721896,925.203911740542,1237.07260700413,1620.59050404474,2120.12574311054,2133.61305041472,1601.45119510399,604.683397407271,1365.16478606064,1359.01174674835,1365.52430652113,1292.33640562355,1337.65585334943,1231.95488578113,1841.97976864568,1295.90969037198,2091.49986057853,2072.29918655584,1547.64313363902,1412.10001136605,1983.05151698084,1447.1864279698,1149.86460376864,1515.00027653463,1435.17481576287,1218.62833960974,1546.66052435562
1729.10697936825,1378.63745593249,1343.06250941645,1348.91805748163,1905.36203336794,1693.7059145259,1163.98814130557,1154.12315343728,1718.02660541099,896.725806810532,1570.90943707777,1994.54389851414,2383.35968823424,1342.05374508624,948.639486896893,1248.6659880048,547.700109914175,1948.14742486291,1823.19739644395,1592.70605762645,1560.57520011052,2167.22166164424,2071.82304379501,483.374236901389,1e+09,1008.78722151899,597.248167096392,1005.22496755701,829.885863116128,1261.60913317081,1870.12898739632,2118.30730185684,2107.7344952816,1638.03767056805,881.001633256148,1326.96227745931,1484.66183708614,1407.35532208465,1407.2705635378,1408.50992225827,1361.58846701197,1986.59791175769,1425.60525514604,2213.82696164357,2170.46440880748,1573.76180205265,1255.88643674498,2076.36634958766,1578.58584441899,1010.39811475477,1728.60239916529,1617.93957269732,1484.31520890948,1631.571704002
1553.88879660032,536.648166679064,674.283141343456,871.60649165779,1179.3151891246,1221.41219275067,1506.89475710814,1634.97405282163,1690.17775840294,988.76136660976,1250.4709025803,2284.77955050372,2212.26022510915,1858.32620774718,1195.37179747558,1386.03682934473,850.230218293845,1618.8147878309,1740.76093576918,2281.52485669124,1406.36730255648,2314.00650439881,1993.96028794457,995.563045015231,1008.78722151899,1e+09,745.575039952385,1308.00587311373,1295.79265389954,1111.15198249384,1789.50683714816,2097.01929981581,2363.05967095628,1955.68939504718,1217.77512944714,2203.54745896248,1444.96353393433,1753.99442396491,1564.7563899534,1942.88008909454,1863.80033104407,2094.88950360156,1782.33130057237,2204.55099024722,2284.10235646304,1563.10486625178,1618.5715231339,2273.85242493879,1923.07781030826,1669.9903053012,1834.88139232486,1955.82352956498,1886.4215833954,2014.60838283772
1695.1259121375,1176.90779035573,1067.55605918378,1407.78198351165,1694.31597864743,1502.07952971872,1484.51823511872,1090.45305474376,1551.35241392793,655.403976109392,1368.19229247939,2003.8704777505,2105.46670232516,1603.36874037135,916.242633367385,1115.95894964824,476.440824762111,1615.01800438881,1598.70742016793,1638.76903006495,1227.74367442883,2085.20770864679,1884.2880867585,842.149512972608,597.248167096392,745.575039952385,1e+09,786.112908875055,796.471964541126,828.798787161275,1695.80697179838,1764.11330032966,1964.27534065365,1526.68066487396,959.260414225459,1796.69409552656,1465.14645786693,1485.4614883261,1367.43211257451,1552.6014488593,1497.22253155635,1867.18817485009,1424.66693188268,2054.3011863405,2016.15316754457,1545.65226532361,1227.53994097952,2027.53820264872,1573.08479526693,1017.73904739869,1740.28223403562,1801.91724776694,1618.43505038046,1718.39917731591
1400.55757157641,1746.80561560238,1223.7330293001,1718.03518875488,1782.71729918122,1857.58520636336,1648.65142613592,504.832733784171,1088.16383954807,483.57220122749,1093.52829085488,1312.72354816237,1759.51705285854,1237.17341108674,905.344179248975,676.888834299991,765.900703094076,1638.36966530756,1066.3234271083,1352.02936957745,842.373397609398,1465.49729160446,1360.04058476209,1143.49365721896,1005.22496755701,1308.00587311373,786.112908875055,1e+09,540.233358466506,942.011358583324,1330.11728366336,1178.80299469419,1431.55937788134,895.246068184608,1065.71350859413,1576.6393553378,1136.32831219679,909.919205314406,1064.48222314889,1054.16344667229,1005.33377059562,1219.32678253207,845.074576531563,1645.97064338949,1388.74017343058,1195.49123618703,910.804774800835,1349.89740658318,975.219210844413,859.540768724788,1317.03098369021,1460.48991448075,1299.31566564865,1119.62938122398
1381.41127630406,1748.51709248151,1335.33388970699,1658.43524419858,1948.78402959384,2121.33568524644,1645.60753604862,442.335001215142,1426.19224885707,677.762825625602,1276.61327734753,1369.48793112608,1659.02576083074,1156.52414047438,459.039382950962,821.071259879433,748.644901271624,1823.65004619856,1151.42340179449,1131.66943998678,935.698214169505,1530.32570327365,1452.47348230527,925.203911740542,829.885863116128,1295.79265389954,796.471964541126,540.233358466506,1e+09,1058.80548558269,1462.71372219584,1468.3941187229,1282.44307023743,1213.77913897051,809.374466856967,1354.64338045111,1365.98249765508,925.340531155963,735.413055092171,795.636407349488,806.821593104696,1377.23513918285,956.360967888171,1464.0462116682,1402.91406675534,1187.94500714469,637.313168701228,1392.9978577514,1139.87833315666,643.572459401426,1147.4931826377,1141.22215764504,1040.21372890383,1027.72968950984
1718.28918264651,1335.27633297382,1041.16182099614,1659.56657007184,1702.00430249162,1860.96490219456,2179.11849228077,1134.03338619284,1261.28508189069,671.225154251537,1255.69772007438,2018.66232198454,1920.06802343042,2039.54229478087,1217.13838194348,1448.03273239938,1201.99207214524,899.960740865956,1356.57121143713,1942.09173158736,924.707526248165,1736.12418553512,1919.18308087061,1237.07260700413,1261.60913317081,1111.15198249384,828.798787161275,942.011358583324,1058.80548558269,1e+09,1165.1718426052,1289.3766931351,1825.74190073515,1273.20983144963,927.00988015231,2231.07055341152,1583.38625287704,1659.43584410486,1370.75115272613,1639.0937733394,1510.78815258791,1559.92400478357,1262.27297657836,1800.17766184341,1712.01104242934,1803.87896087847,1572.91942606734,1911.49375625452,1373.7209386553,1125.01645179082,1658.70236790691,1932.13840596371,1479.42751262101,1781.30955967794
1295.67303962072,1936.68213277244,1285.99245514894,1800.87500040952,1673.33528496234,2375.09310950118,2489.28346220353,1334.84255094,710.894150067364,1084.28404318241,979.346799249377,1546.15646103491,1888.75985858446,1982.63945506993,1627.77747238374,1646.68648288009,1815.10049592302,1021.90656446663,994.365315012546,2388.13715918915,996.504116449099,877.373994029912,1725.53611411063,1620.59050404474,1870.12898739632,1789.50683714816,1695.80697179838,1330.11728366336,1462.71372219584,1165.1718426052,1e+09,1139.69544335318,1774.49015638295,988.522240366902,1243.096312399,2266.61694869248,1293.88790032213,1416.11530960582,1339.03862785956,1464.43907261449,1253.11866963987,790.83744947998,863.941645251576,1508.08368594054,1189.25815725603,1696.55027290676,1875.07107531955,1334.83074312813,863.376219211532,1651.21827806017,1168.61356696728,1634.08379448546,1125.00973022459,1409.66278925139
1741.61562131258,2416.66422289072,1728.58872630247,2460.83925186104,2157.24004206764,2597.47751605283,2746.25268560633,1198.75292858871,1168.83704415971,1309.7496416873,1378.21743132207,1449.67507600841,1471.51412626587,2111.9233175473,1698.00908643034,1466.05885451437,1874.48698493748,1555.70225650669,898.668521146702,1986.58253689596,849.661878690576,1117.7894614819,1397.25869583982,2120.12574311054,2118.30730185684,2097.01929981581,1764.11330032966,1178.80299469419,1468.3941187229,1289.3766931351,1139.69544335318,1e+09,1276.57672072618,1015.20370906533,1765.64604468166,2512.10792795612,1703.37938457644,1527.92510526531,1477.14505953207,1594.00530507273,1523.03429816928,945.11133222494,1199.79126634594,1401.59332183055,944.515970960788,1758.63657715288,1651.76897425154,1261.92616741234,1208.00321485499,1601.03909115299,1535.59193567171,1965.16877946908,1676.16680145503,1515.48938848149
1791.29899405432,2793.79836793925,2189.99584570382,2670.00760392176,2695.61745794911,3189.93641116872,2750.68380867376,1096.99983495897,1948.14957744522,1687.30818163132,1850.09193363465,1231.17170236324,1012.06984724376,1830.2876112513,1339.90117400501,1469.08107972297,1931.83163484813,2404.83168163595,1100.41220240417,1340.18237691741,1185.94664812545,1307.99890019067,1293.51667812982,2133.61305041472,2107.7344952816,2363.05967095628,1964.27534065365,1431.55937788134,1282.44307023743,1825.74190073515,1774.49015638295,1276.57672072618,1e+09,1622.46402296014,1794.84333299595,2120.91428822572,2104.43530988719,1402.10821130182,1015.63382801086,1110.07626850591,1241.36428364119,1332.53060865408,1455.04145614481,809.358483059268,802.223977265701,1622.36661497949,1107.99256685232,1094.7708497672,1560.18256982957,1458.19016397039,1251.08978286932,1390.32573431552,1447.32472631404,1170.43556136167
1637.45642534389,2251.18444137747,1645.60862242515,2140.23274140921,2092.9867549987,2311.28087564017,2207.77609655055,883.930854479014,734.741478276543,980.179470199208,1309.92841304401,1262.87004323485,2115.54708912376,1615.12478827489,1602.79719905545,1359.29082156837,1576.54172409106,1521.40606874036,1201.11355000266,1822.75681828378,1187.00909920691,1042.36011641851,1697.46538833639,1601.45119510399,1638.03767056805,1955.68939504718,1526.68066487396,895.246068184608,1213.77913897051,1273.20983144963,988.522240366902,1015.20370906533,1622.46402296014,1e+09,1355.09967994978,1794.60601726396,1269.19634804864,1127.29019067851,1470.82784308701,1198.43377985603,1032.04986134392,839.046057972982,510.135698515601,1812.67616365969,1257.08523223368,1676.18270567382,1604.92963814617,1231.43559624529,425.954443808255,1232.2177742185,1434.61301708858,1693.953024939,1240.32863443525,1183.84057875206
1509.99004788111,1450.1850773953,1235.94290539652,1393.37527809273,1874.3842546287,2135.45744361718,1860.33386248275,997.349480422986,1422.59624078654,775.015957900223,1361.62054225838,1828.23579100181,2078.24309740223,1615.77406041191,913.755911772942,1463.6047555949,1126.89934767929,1431.60196500284,1466.26805250609,1763.66299031306,1221.04026305442,1631.43675773841,2003.22715646529,604.683397407271,881.001633256148,1217.77512944714,959.260414225459,1065.71350859413,809.374466856967,927.00988015231,1243.096312399,1765.64604468166,1794.84333299595,1355.09967994978,1e+09,1569.73373850472,1495.48224646767,1368.81931378835,1049.15213615567,1153.02765409161,1006.69908209951,1549.25885254853,1040.86098384943,1726.67823091044,1712.47783223608,1649.6450408497,1393.09970863539,1771.10690995772,1200.15258663222,896.960840895521,1301.95440864878,1349.30618152442,838.113397936103,1422.5074178717
1979.54070407759,2567.02617409718,2276.48700826515,2157.89993340748,2702.25811824111,2694.56047427034,1509.84027039287,1392.91218090015,2090.16864513369,1699.21654223351,2124.98967990435,1675.28228507914,2728.87684308032,941.527643088614,1546.37027800589,1632.46459238784,1545.10032347417,2796.05342906748,2131.23309804442,1532.38678407248,2146.3487007008,2105.16319046767,2238.83238014819,1365.16478606064,1326.96227745931,2203.54745896248,1796.69409552656,1576.6393553378,1354.64338045111,2231.07055341152,2266.61694869248,2512.10792795612,2120.91428822572,1794.60601726396,1569.73373850472,1e+09,1795.65789250068,1271.19769705581,1665.40172264832,1117.81772472081,1165.28573178427,2028.40133030917,1492.61413402795,2377.87858569356,2190.45924050186,1760.02836869182,1480.40429673789,1885.69649771643,1585.8247920877,1431.8022660619,1746.24750645491,1349.83177963034,1444.63759386221,1326.66389017716
850.144567353106,1716.12688248859,1027.55791968142,1265.87429063869,1139.39409244563,1635.02050280723,1447.15765609694,1400.90505923849,819.787573826293,998.991943260805,643.546455199623,1308.14540973089,2151.74051511794,1168.75539485386,1501.24215628259,1018.83699024918,1260.20446329157,1810.71899263801,1223.81168269469,2311.42390030475,1298.16684686522,1494.59360128431,1385.08592451876,1359.01174674835,1484.66183708614,1444.96353393433,1465.14645786693,1136.32831219679,1365.98249765508,1583.38625287704,1293.88790032213,1703.37938457644,2104.43530988719,1269.19634804864,1495.48224646767,1795.65789250068,1e+09,901.738869019185,1448.25815216073,1459.04578509381,1335.56448672462,1218.91142446857,1092.84324383692,1973.63678122394,1679.64800586313,958.830590198289,1576.57283894529,1374.46331889942,1128.01596633204,1825.45516110366,1263.86808722271,1484.68680414423,1545.35832605257,1230.07275841716
946.189280165443,2167.00866401129,1509.3983110498,1749.66823598075,1860.39456207548,2277.66989590239,1605.54522187947,860.353093386663,1184.49095804907,1063.21727929902,1074.24142905587,624.170657192406,1745.95297602771,643.308142416991,1099.82358562635,727.955461412304,1224.70627409187,2146.31511283875,973.355337479587,1608.90121654501,1148.88142738927,1162.38090430805,1054.25911444957,1365.52430652113,1407.35532208465,1753.99442396491,1485.4614883261,909.919205314406,925.340531155963,1659.43584410486,1416.11530960582,1527.92510526531,1402.10821130182,1127.29019067851,1368.81931378835,1271.19769705581,901.738869019185,1e+09,928.561776189393,682.70404473681,689.335364753615,975.045883740863,800.205560777979,1479.17776609169,1180.57503535354,733.095700573943,944.969981851275,794.135379831424,900.619566631771,1388.39484401952,819.450692476369,850.409988123376,1113.49860125642,408.090642994911
1025.69784025316,1959.71612446803,1406.91616374253,1708.52006092993,1925.27615842507,2519.16423900864,2029.93667130283,862.973971507832,1523.69341958939,1073.64093811665,1183.49764930058,1173.55500062843,1184.01834525484,1308.45867611476,593.572165705233,1039.89321826811,1286.44804418989,1948.18312429812,821.600104065232,1532.45432114631,815.900517587775,1229.85130918335,1174.17641340644,1292.33640562355,1407.2705635378,1564.7563899534,1367.43211257451,1064.48222314889,735.413055092171,1370.75115272613,1339.03862785956,1477.14505953207,1015.63382801086,1470.82784308701,1049.15213615567,1665.40172264832,1448.25815216073,928.561776189393,1e+09,743.540555114514,785.823797870744,1178.68853366782,1079.86852889599,841.84153502901,1024.37781326032,1019.60136298457,791.816592021158,1073.75707229336,1254.06681823577,1214.21618581701,586.165113086748,711.223857937851,873.970754316184,839.4821175582
1337.57711007628,2341.71565741872,1801.07097375423,2010.39739099015,2297.55832158838,2689.70918015313,1957.50523565072,670.732103749329,1501.01652569184,1202.37545970466,1482.64947374624,903.391934323082,1728.03216341595,1004.50578365682,983.033892498117,1149.7215159768,1413.57688276938,2183.97201582346,1152.71217027496,1281.67386659009,1245.72940757614,1135.61857461033,1439.55266006492,1337.65585334943,1408.50992225827,1942.88008909454,1552.6014488593,1054.16344667229,795.636407349488,1639.0937733394,1464.43907261449,1594.00530507273,1110.07626850591,1198.43377985603,1153.02765409161,1117.81772472081,1459.04578509381,682.70404473681,743.540555114514,1e+09,260.156671257917,1111.22286032101,791.580055458701,1298.94644677908,1104.1597421569,1238.43867175569,917.249320904627,947.13738517704,933.558795738115,1045.83471179723,819.818274436475,670.921743424671,690.497096662977,464.779935023017
1274.21617506607,2224.32416374053,1677.76042655082,1895.38098616083,2175.63529689606,2586.85966283446,1949.19747357727,660.355178067076,1308.596501218,1074.89865182723,1361.36101743806,954.044283353765,1808.78171518843,1079.43346687047,1034.24215462337,1192.99222533091,1400.88429611442,1983.11714961573,1109.48280279597,1447.34166467355,1187.82256094924,1013.36942671466,1507.40017278094,1231.95488578113,1361.58846701197,1863.80033104407,1497.22253155635,1005.33377059562,806.821593104696,1510.78815258791,1253.11866963987,1523.03429816928,1241.36428364119,1032.04986134392,1006.69908209951,1165.28573178427,1335.56448672462,689.335364753615,785.823797870744,260.156671257917,1e+09,983.511046048798,578.516790767563,1347.25831932855,1095.49433718299,1282.62123212584,1075.5937957705,958.646600682441,724.248671866231,1024.75786418061,785.084599326722,749.66671968282,510.611427310435,521.811437015326
1168.19412920114,2394.24830163874,1625.43473138727,2119.96684851438,1957.62690566921,2621.53462275439,2431.04756162853,1121.33801803916,833.834529927851,1249.78677925477,1065.45618685144,833.836408116125,1616.95602274768,1610.53675881676,1582.37793813615,1349.19701326382,1830.46676566388,1721.67007414313,671.200907776502,2076.61258702725,976.040085037495,343.371804753972,1226.3863547023,1841.97976864568,1986.59791175769,2094.88950360156,1867.18817485009,1219.32678253207,1377.23513918285,1559.92400478357,790.83744947998,945.11133222494,1332.53060865408,839.046057972982,1549.25885254853,2028.40133030917,1218.91142446857,975.045883740863,1178.68853366782,1111.22286032101,983.511046048798,1e+09,696.644930147346,1240.75163497777,640.750643776501,1365.94358521866,1566.41086940815,607.405215404017,665.87695545048,1646.07898792859,893.292852428586,1341.34323433639,1134.22595015279,880.652571505926
1285.24586262707,2091.25376843653,1478.14259917641,1849.48280140692,1948.90086035693,2327.40506586198,2005.32614798691,706.423239283646,791.197713343511,846.357574846471,1121.79944811896,1036.42585658599,1927.16935161392,1310.92842359909,1281.70304103564,1201.45938387446,1411.6556363717,1581.85980715739,1006.57049087483,1719.91671964081,1048.48259208248,845.638342200731,1532.94232595359,1295.90969037198,1425.60525514604,1782.33130057237,1424.66693188268,845.074576531563,956.360967888171,1262.27297657836,863.941645251576,1199.79126634594,1455.04145614481,510.135698515601,1040.86098384943,1492.61413402795,1092.84324383692,800.205560777979,1079.86852889599,791.580055458701,578.516790767563,696.644930147346,1e+09,1529.50977885073,1085.94606210438,1386.12267130294,1354.35690373697,995.566987700979,194.208502131086,1110.7038128142,998.13258593235,1215.83093314819,778.315434191048,804.896824940936
1398.88308953965,2549.01308419553,1911.20134630028,2353.79007133177,2330.15808658984,3130.87597298264,2811.2657245803,1415.63334200633,1855.85219756316,1695.25055738083,1566.23666519463,1352.27874877926,692.037096838023,1971.00057696592,1354.04723100784,1596.96455724603,2034.06718696802,2199.03240187588,862.301697029526,1973.75343746376,1038.97476730669,1163.87815582216,1212.44601013818,2091.49986057853,2213.82696164357,2204.55099024722,2054.3011863405,1645.97064338949,1464.0462116682,1800.17766184341,1508.08368594054,1401.59332183055,809.358483059268,1812.67616365969,1726.67823091044,2377.87858569356,1973.63678122394,1479.17776609169,841.84153502901,1298.94644677908,1347.25831932855,1240.75163497777,1529.50977885073,1e+09,737.341109256767,1495.08916653824,1380.41648255155,1089.50238907494,1640.507633661,1802.93814064709,900.751103413146,1236.63512169112,1355.33190034766,1256.87789780869
