1e+09,1401.94376231716,1356.31880555421,948.109220817939,1180.56400588871,2164.81953162383,1136.91867651121,1162.82879947996,1262.17523846731,765.59739687384,987.952916742493,853.008588409284,1509.41447233687,1131.25995982356,1370.52167151782,1303.11438757309,631.315049321652,1913.68230158509,767.158086250807,1068.73247124807,1486.0184052023,1091.08086684718,776.909795664851,616.041695423289,648.85854498496,1411.15742608683,1255.87431258068,939.363674462665,886.949939511808,1404.16078060883,1927.95744608121,1942.98972223221,1550.5958614997,1298.45353713562,1375.27723394231,1457.71368080292,1240.95849068371,957.550704506033,1491.82995663045,1053.68804657735,1200.19435459429,2495.40568066597,1370.25218883241,1946.760190008,1696.01149088088,2346.78770690917,2305.85354335439,1713.6432201599,2681.96060166812,2443.46451905895,1958.17580507982,1458.95236423264,1623.93457697655,1761.7178509909
1401.94376231716,1e+09,685.686641695753,803.783505366962,822.674299525638,1123.00597246853,1932.61070484979,1753.74102278529,988.9247617994,934.894959447317,550.431824661329,1474.42082276398,1762.64100445893,1765.57456546021,1538.95842685889,941.242975113228,857.78026207182,1423.51539074925,1103.51484421371,1550.3664288161,1167.15699462412,1656.22706097322,1120.36290812397,1170.00896398276,1151.19092434748,598.909969778431,506.645955771878,1138.57605130268,1236.73908594335,1193.82757511292,1532.31851943387,1104.23010926165,1723.06642019395,1819.3605142467,1715.3669610611,2095.53684579871,1321.94958364531,1419.40453465529,1691.98358514496,1766.82308242789,1659.06790111195,2353.03430289488,1638.78556708924,1986.28240426683,1759.15510114941,2195.40871579758,2191.82571084017,1850.08490894337,2653.80253297038,2408.63357188261,1943.30294470523,1978.9908449005,1990.03129216603,2006.44846597165
1356.31880555421,685.686641695753,1e+09,747.590565817949,780.614228092212,1440.88690819231,1927.62930873651,2049.18051196082,1044.81965778789,922.036678879967,819.713344651653,1281.85669300433,1698.33393224065,1929.58937844299,1897.33277418591,1215.95543199576,1017.42468173325,1631.95024976253,1176.2224191878,1649.79408563614,1623.74091797306,1556.74647322549,1143.2219439374,1271.47397338679,1407.08364836636,1199.61668140286,989.318830256454,1509.19951782394,1488.72178142862,1502.64801810005,1894.77459820423,1357.16762811379,1708.10914592716,1953.98084253659,2045.44801970131,2176.59985139667,1711.07168169542,1621.09643038284,1987.18918460221,1861.02201459306,1760.37746784603,2853.38389705977,1937.42925039858,2247.64923444473,2086.00277025224,2687.31886444463,2652.7672614649,2207.42293693347,3152.51695221453,2914.74485432259,2257.09690285996,2096.73902362693,2190.83604041927,2341.13234000131
948.109220817939,803.783505366962,747.590565817949,1e+09,799.52859598641,1375.16067886629,1385.96999440825,1705.09331213866,941.809130556717,863.371692204464,522.247459639585,884.730320210628,1826.42773990651,1225.68141696772,1535.68180170893,803.831182960702,621.006386038019,1838.24056575846,1064.84941165406,1367.07225218713,1468.81497725207,1428.81524214994,883.497127895729,809.239686063406,919.526491951156,994.510783350287,840.467282290036,1181.01859320673,1143.89617168692,1554.75708372723,1731.21721205053,1537.19334961481,1681.39588999736,1744.2484037258,1716.89470836158,1538.67827624881,1122.99702768974,1017.0990283645,1646.87911635918,1427.31924393249,1351.7918006853,2469.50787965943,1544.49060489211,2069.21973173465,1822.14919142204,2184.06478669933,2242.3954399258,1752.29430998334,2724.45424254106,2555.36654730784,1858.68612078533,1613.07601696262,1829.68781941073,1822.05137213526
1180.56400588871,822.674299525638,780.614228092212,799.52859598641,1e+09,1259.34765529618,1385.9274033657,1891.40226776326,1104.84394599418,870.706623668386,913.623534777864,1529.67649387052,1966.4915387817,1824.70091683541,1964.90861286219,1391.20015709459,811.299299087581,1698.86842780717,1296.5808953166,1854.7271619028,1740.82610039027,1743.62757674912,1218.06310107482,1245.96800123438,1219.6235600381,1209.7205149951,1153.4260173067,1320.12600114535,1536.78800893292,1455.70362883384,2105.37247495544,1837.47367270935,2140.27113256709,1702.63326271396,1996.83015537126,2225.73244250067,1428.09912106968,1624.86417047703,2152.20428182364,1974.9980952649,1949.37744708407,2877.75738774136,1911.65075999776,2540.56160543294,2272.88758762945,2670.88260949447,2737.9903488873,2307.93330336906,3082.8966623129,2908.90187347391,2488.22321241483,2288.29766523064,2356.13967911497,2410.0547937547
2164.81953162383,1123.00597246853,1440.88690819231,1375.16067886629,1259.34765529618,1e+09,2113.83789915405,2577.80245212856,1656.80842178569,1846.35454834655,1432.87334045965,2234.02367368835,2805.67427353925,2199.01976712352,2355.32691204427,1545.68007892966,1620.79765664934,2205.55796915429,2143.77974120477,2498.73221250297,2082.06616794472,2589.02060719879,1972.84691081189,1963.31098692999,1892.54251754089,1321.72569079216,1455.92196408324,1947.25592565538,2153.08841934092,2140.10776936583,2237.40282819165,1980.86427096861,2752.76230811888,2530.46747289903,2533.72792696848,2584.88266625393,1652.52114500844,2063.24834457707,2542.05641994823,2602.16792551903,2468.45789656214,2834.22366933169,2352.29103639409,2906.19335088015,2631.59187407546,2462.80862394949,2692.9732095771,2509.63871055178,3053.04386496493,2995.74990805307,2589.37020155481,2705.9907050099,2798.2093115062,2597.88399298352
1136.91867651121,1932.61070484979,1927.62930873651,1385.96999440825,1385.9274033657,2113.83789915405,1e+09,1939.141885964,1871.8091225336,1604.18496667311,1660.53961931054,1675.19571808789,2487.25856313734,1384.97837279143,2150.89394031877,1830.02995229586,1255.04819497101,2657.62977143168,1830.21843633485,2061.70959024301,2320.44777351269,2103.01846777436,1562.99005351922,1473.28425970686,1362.06808310011,1936.24741884915,1944.83152257464,1660.69863969957,1818.60105405226,2229.26526573219,2698.55654613721,2794.14080502397,2608.65232863638,1906.32916194974,2179.73657101036,1873.54553123216,1445.80279388304,1588.76254245246,2349.96665365703,1959.39851288603,2078.15737652373,3051.5005608225,2086.22705619499,2891.78106692052,2595.47991280996,2646.60887701602,2831.80094438151,2394.55490615688,3127.49563780671,3054.42760131911,2665.82354877437,2204.37037911055,2485.06318847228,2357.84156191632
1162.82879947996,1753.74102278529,2049.18051196082,1705.09331213866,1891.40226776326,2577.80245212856,1939.141885964,1e+09,1524.13129450845,1238.68606377887,1368.20984728221,1580.21922251313,1781.98699406028,1453.03034600107,1021.4127750327,1675.79226105147,1286.3893196074,1664.40272329145,1002.44147579796,1154.75389984187,1058.20333863582,1219.49376230467,1452.13824889368,981.366409859233,817.474539358872,1502.7928838333,1413.5227121274,642.511898566867,761.57574770997,1063.28926181919,1452.69320525705,1871.29897926547,1639.18322154663,997.27174581455,438.216965554735,1634.55941485772,1213.88224564823,1110.33157660223,1114.47250437146,979.862992871963,1133.13978815502,1681.43450939964,775.8866310873,1524.61900949057,1076.99712706209,2009.37853123795,1865.9880253903,1223.50071054332,1801.36530726002,1506.79725689955,1630.78349412177,1463.93533566206,1112.94371385079,1331.22432279462
1262.17523846731,988.9247617994,1044.81965778789,941.809130556717,1104.84394599418,1656.80842178569,1871.8091225336,1524.13129450845,1e+09,692.813153093964,722.538541740162,1254.26832723305,2094.19020275141,1690.53722345886,1743.4851127268,1420.38315545489,1123.08519369636,1076.2714919573,1090.23079845508,1627.27372543773,1406.03814208577,1062.34808401013,1489.77266816115,846.685629557984,1052.59053396846,1266.05312629447,1028.51174956828,1084.35227583106,1237.45396172949,1119.50033774001,1246.78833371988,1310.08821225901,1834.07324365741,1181.44427930394,1410.81989658496,1767.98173593507,1169.52173925926,1281.50376296755,1775.75586973548,1473.52668896766,1306.18192875265,2242.64675187601,1167.47447115558,2135.3718811954,1694.01435336304,2483.56407759091,2488.77223309004,1771.31588786416,2425.38149508485,2363.87405914528,1964.04623158418,1876.59275590097,1605.21563713415,1899.73180088664
765.59739687384,934.894959447317,922.036678879967,863.371692204464,870.706623668386,1846.35454834655,1604.18496667311,1238.68606377887,692.813153093964,1e+09,650.440660936876,1084.5660601365,1535.29519278867,1590.07991660797,1498.13918792614,1320.21114886976,698.411407839248,1207.21355886189,587.905991804812,1277.24849132814,1248.80211318687,913.532085862341,1009.85636696512,655.634885130436,773.3654647707,1166.99737707503,933.285386738697,810.230854139732,937.361812268881,864.004761155863,1545.57598965564,1438.69912219338,1538.95785582322,1068.82310631835,1306.32870132291,1817.43559553014,1258.58398937059,1205.41597990071,1595.07544924997,1305.86612032015,1288.77141297439,2406.39011417517,1263.6917630894,1950.0215780601,1624.76786074196,2492.16865131556,2425.21492097092,1792.60461025291,2618.52389899348,2398.13669155868,2013.19007738961,1767.70585183169,1640.01223934457,1926.26785598473
987.952916742493,550.431824661329,819.713344651653,522.247459639585,913.623534777864,1432.87334045965,1660.53961931054,1368.20984728221,722.538541740162,650.440660936876,1e+09,1011.36630406594,1659.35577999415,1304.14252204274,1225.50035340672,748.81192819025,575.756358019605,1423.78939085105,766.155056891228,1167.9891017471,995.20062173413,1228.47352364632,881.332938054626,636.756328433412,697.363008410971,654.467189169939,411.792334921377,802.242499622153,814.56364066904,1101.23318161959,1293.0418944489,1137.974805345,1462.43219692401,1485.27467251011,1322.13533153759,1579.2616714465,965.176785309303,910.728896324257,1337.80316698683,1253.2674372216,1150.40925391793,2087.77391510671,1195.68206664648,1730.06667209677,1423.71632894338,1991.90877476856,1980.34298350059,1457.58100217449,2364.17549632002,2148.83500953424,1602.75848770175,1514.19608003719,1529.53398988058,1588.71657906626
853.008588409284,1474.42082276398,1281.85669300433,884.730320210628,1529.67649387052,2234.02367368835,1675.19571808789,1580.21922251313,1254.26832723305,1084.5660601365,1011.36630406594,1e+09,1616.5532989048,1099.87826544577,1424.69911869138,1128.09007113794,1046.0544759237,2074.69379145454,973.400200431457,953.223489534327,1565.63324354716,992.525342497611,951.156703020065,744.756775061496,1050.43112277769,1520.33231771873,1263.21704275235,1358.97333196792,1022.54654637332,1745.42668648672,1748.22191394571,1683.29856163427,1227.32605203344,1746.21033332185,1576.13191982778,1105.30534455416,1470.46992893428,860.169255670069,1378.80382382702,877.148242773136,854.142288673263,2447.83171296558,1426.76951800212,1751.82035782782,1577.95650925493,2291.93596537949,2213.34742173478,1553.3379114346,2712.9868446419,2497.27375495759,1618.98850968745,1071.19604312189,1397.64087669186,1589.04690616734
1509.41447233687,1762.64100445893,1698.33393224065,1826.42773990651,1966.4915387817,2805.67427353925,2487.25856313734,1781.98699406028,2094.19020275141,1535.29519278867,1659.35577999415,1616.5532989048,1e+09,2171.71512685251,1502.88249354366,1702.31610777787,1495.64776688898,2186.43808576872,1087.5362982448,1092.23430663938,1517.19310389284,1658.24919903493,1087.30107343826,1669.36495572418,1681.37846932212,1746.2825347864,1575.12769383946,1671.7607138583,1361.00898171173,1632.45894714079,2263.85595866875,1801.28431570366,953.611846298062,2227.64765521839,1916.57545499779,2412.39446805451,2333.86341080621,1863.19908313631,1556.01498328262,1674.96529080456,1800.96199135351,2873.66424604546,2136.15278009322,1530.26311812708,1760.35707732835,2709.16269629567,2381.1103245125,2128.75052692888,3230.18131457044,2687.43548916062,2164.62864027528,1867.44378721288,2056.05428697785,2279.6856760966
1131.25995982356,1765.57456546021,1929.58937844299,1225.68141696772,1824.70091683541,2199.01976712352,1384.97837279143,1453.03034600107,1690.53722345886,1590.07991660797,1304.14252204274,1099.87826544577,2171.71512685251,1e+09,1212.57440959308,1114.70112308188,1178.74415926443,2501.48183337397,1466.06139523555,1240.25994638221,1615.43614572041,1690.43999358155,1254.83553938355,999.15432821962,955.611265159636,1486.28294274677,1451.34247891392,1300.90232292821,1115.42382415833,2035.10635188926,1878.7000088359,2144.62723138545,1830.55607190821,1913.93877357663,1490.36539382126,684.247140366695,982.305629170473,546.350214056881,1291.55269540193,1016.45595566163,1091.09226122267,2008.20791408659,1339.54572027236,1859.80788139528,1589.27932557496,1552.7128773215,1680.84656018924,1196.65441088896,2184.49396629975,2063.58535466794,1396.00876920598,961.870043612961,1448.37132372883,1089.14587728183
1370.52167151782,1538.95842685889,1897.33277418591,1535.68180170893,1964.90861286219,2355.32691204427,2150.89394031877,1021.4127750327,1743.4851127268,1498.13918792614,1225.50035340672,1424.69911869138,1502.88249354366,1212.57440959308,1e+09,1041.0213811445,1212.63898510645,2047.73746351919,1050.9331409752,682.604623336233,680.539194095388,1573.23133921874,1100.27092277311,1126.76491523299,978.648129870997,1087.69077853037,1054.06314322245,958.840352822095,593.637363968947,1446.8969282226,1389.91396633029,1517.71208145682,1160.99767734479,1862.17207266139,983.908089762453,1470.51488435174,1314.37286745429,886.88911426401,354.018834527204,945.69678555021,1027.57769404556,1501.49977622376,1153.6264522366,834.25344428417,712.621847054944,1306.14517301868,1035.31427272109,753.074991152939,1856.56295686411,1360.74963758952,933.826362285837,961.544940083406,1115.50693229581,895.962038816377
1303.11438757309,941.242975113228,1215.95543199576,803.831182960702,1391.20015709459,1545.68007892966,1830.02995229586,1675.79226105147,1420.38315545489,1320.21114886976,748.81192819025,1128.09007113794,1702.31610777787,1114.70112308188,1041.0213811445,1e+09,869.12114782693,2081.46712083088,1165.24494892705,1094.30145316544,1113.17984131047,1715.13353267319,832.623126810684,1062.77702525036,1032.51668320662,675.872120078939,646.646864756956,1210.71672789303,984.118258899814,1670.28101961915,1571.66715833856,1343.64528704566,1415.21540636046,2106.59923587758,1626.18736192974,1476.06394478695,1188.27131914391,895.174670441474,1170.83496095735,1344.86162544702,1271.29893923499,2056.65741653782,1535.74699410417,1550.88132295801,1443.8752754653,1531.91215054911,1537.40916411344,1316.27895930156,2410.13317549052,2118.10190656635,1308.67282179313,1275.57318841374,1653.71633885621,1399.00852827994
631.315049321652,857.78026207182,1017.42468173325,621.006386038019,811.299299087581,1620.79765664934,1255.04819497101,1286.3893196074,1123.08519369636,698.411407839248,575.756358019605,1046.0544759237,1495.64776688898,1178.74415926443,1212.63898510645,869.12114782693,1e+09,1748.4976281082,750.06337345587,1118.87149020788,1189.45895410476,1375.28881341339,559.825956079208,691.198885126416,563.8407518972,844.368866254554,764.368738567977,773.001632727901,819.953575576081,1235.11544322788,1744.34804910029,1612.66400183051,1556.74723105583,1503.12772225117,1420.20402784248,1631.50634185099,1029.69542676463,947.851279895744,1415.18014796704,1287.1926167439,1333.32521580446,2333.77641392658,1404.73106582719,1858.02774519112,1625.78420508381,2058.04586508659,2058.15688369473,1630.43936290191,2575.71754107472,2309.18525385037,1829.96148459469,1562.74046034522,1739.23366831487,1719.56232315086
1913.68230158509,1423.51539074925,1631.95024976253,1838.24056575846,1698.86842780717,2205.55796915429,2657.62977143168,1664.40272329145,1076.2714919573,1207.21355886189,1423.78939085105,2074.69379145454,2186.43808576872,2501.48183337397,2047.73746351919,2081.46712083088,1748.4976281082,1e+09,1419.05570077429,2035.68122983438,1462.42604018118,1448.90604498704,2039.73065447377,1576.4126926982,1642.58629222333,1649.32717936739,1464.43898206788,1387.1596143559,1639.24017904638,763.80963688605,1322.81895083946,1330.24997030633,2074.58814021,1279.87690091665,1526.48958797628,2587.58903093208,1842.283452295,2010.47451794346,2079.00454951402,2009.43678723666,1882.07298492912,2333.52563244975,1511.76033616443,2239.70675040283,1822.7791190926,2906.59949458125,2785.09699051936,2163.55911659469,2506.28647003889,2352.0190271977,2376.71516454959,2477.24648412305,1930.82371326333,2371.17607935387
767.158086250807,1103.51484421371,1176.2224191878,1064.84941165406,1296.5808953166,2143.77974120477,1830.21843633485,1002.44147579796,1090.23079845508,587.905991804812,766.155056891228,973.400200431457,1087.5362982448,1466.06139523555,1050.9331409752,1165.24494892705,750.06337345587,1419.05570077429,1e+09,747.008718155284,911.535662659448,840.368717944689,751.095009369654,650.025593034613,725.478388858,1106.94788337121,854.665366971191,730.350974805949,531.669930031782,873.478989730148,1437.78866951997,1302.36115505646,1023.07507759695,1282.05080991355,1071.38050714954,1675.52507092553,1367.06164546446,1031.1720711889,1119.04358029524,964.687627680587,1013.99511266081,2180.08148384412,1162.6156686971,1420.75393559194,1205.90584960021,2227.99243059755,2048.11765479916,1467.62190529441,2458.41030237021,2102.46432469138,1653.90770035695,1389.22101718913,1331.54491302397,1621.09548996967
1068.73247124807,1550.3664288161,1649.79408563614,1367.07225218713,1854.7271619028,2498.73221250297,2061.70959024301,1154.75389984187,1627.27372543773,1277.24849132814,1167.9891017471,953.223489534327,1092.23430663938,1240.25994638221,682.604623336233,1094.30145316544,1118.87149020788,2035.68122983438,747.008718155284,1e+09,999.539040308081,1175.02153354736,820.088449071196,951.475410927681,1001.45558478646,1327.70730309809,1136.89320646224,1111.31819124857,564.477195376394,1479.3958729495,1568.55957247406,1510.72980999251,668.558003616739,1800.07937208335,1173.6326377108,1378.59036131115,1556.11562677714,890.32103086471,629.733658620849,674.19667916714,813.633094644017,2013.32730419075,1288.34586773118,934.603083185584,947.78719272841,1874.05897783394,1601.52686093615,1121.83985153853,2351.35557187764,1909.35794805479,1201.28917080776,807.722608325408,1107.57093741214,1231.06991076868
1486.0184052023,1167.15699462412,1623.74091797306,1468.81497725207,1740.82610039027,2082.06616794472,2320.44777351269,1058.20333863582,1406.03814208577,1248.80211318687,995.20062173413,1565.63324354716,1517.19310389284,1615.43614572041,680.539194095388,1113.17984131047,1189.45895410476,1462.42604018118,911.535662659448,999.539040308081,1e+09,1456.06906237307,1233.80690669164,1122.17932484073,1011.96936040574,813.278379769191,730.284711739196,791.745038822474,677.218524259341,942.038673622267,990.321435242113,1008.94206211259,1230.64127132971,1651.78285640093,909.596633898785,1831.04718098688,1308.34366960673,1150.69516688826,787.030625388873,1228.65672215636,1180.56675414819,1485.15159748088,1064.39808079496,1015.00229044077,731.317860440999,1630.27907675343,1395.4119166755,1035.48957947437,1851.55852629616,1394.35059425526,1202.73850798916,1429.02368724245,1225.46968787482,1267.10084740718
1091.08086684718,1656.22706097322,1556.74647322549,1428.81524214994,1743.62757674912,2589.02060719879,2103.01846777436,1219.49376230467,1062.34808401013,913.532085862341,1228.47352364632,992.525342497611,1658.24919903493,1690.43999358155,1573.23133921874,1715.13353267319,1375.28881341339,1448.90604498704,840.368717944689,1175.02153354736,1456.06906237307,1e+09,1442.11075989329,842.972134236951,1151.65948344118,1753.96408184432,1450.66476368595,1209.7435042603,1046.64465746499,1242.70404859725,1437.63087268603,1576.8361686935,1303.39911980176,1099.1237564078,1161.45486550275,1582.90638920942,1633.01935009969,1255.86150108203,1477.99268749883,928.18580009608,891.629620302063,2303.58451503304,1090.36207463393,1739.6201534243,1397.29449866519,2652.44811581678,2480.94564305629,1642.56830755984,2501.6889702559,2300.38252203845,1836.59696618501,1480.90104682926,1144.3832887193,1759.80726850982
776.909795664851,1120.36290812397,1143.2219439374,883.497127895729,1218.06310107482,1972.84691081189,1562.99005351922,1452.13824889368,1489.77266816115,1009.85636696512,881.332938054626,951.156703020065,1087.30107343826,1254.83553938355,1100.27092277311,832.623126810684,559.825956079208,2039.73065447377,751.095009369654,820.088449071196,1233.80690669164,1442.11075989329,1e+09,936.508539790214,896.729059638417,1046.01725368179,925.817243628568,1093.44654350361,840.533026120925,1479.06606884209,1912.72912319021,1631.73314298019,1194.81128263002,1857.20902789643,1586.08463084414,1663.36192429669,1448.38234372006,1048.74377685877,1264.44592209394,1231.96552366533,1325.20156783789,2468.74466486512,1637.65110221927,1613.08860748565,1578.44369991457,2074.13733385714,1965.91871947952,1641.59997197856,2778.63979851653,2400.45700046887,1740.67247585524,1382.6277793752,1751.76662004389,1730.31902107675
616.041695423289,1170.00896398276,1271.47397338679,809.239686063406,1245.96800123438,1963.31098692999,1473.28425970686,981.366409859233,846.685629557984,655.634885130436,636.756328433412,744.756775061496,1669.36495572418,999.15432821962,1126.76491523299,1062.77702525036,691.198885126416,1576.4126926982,650.025593034613,951.475410927681,1122.17932484073,842.972134236951,936.508539790214,1e+09,395.593237176775,1129.29119207581,917.83100737554,667.330530546895,587.299509875498,1169.93386133576,1344.31604342134,1505.75350525908,1401.04407575208,1137.56251951266,992.792725043853,1177.65743894394,882.196046409187,582.407446037566,1181.58114363763,763.553249747521,754.334818963038,2001.99957257738,855.088526586575,1659.68242230253,1274.64388740542,2030.34136297323,1992.90846576053,1269.45608616446,2208.12609427089,2026.07999086907,1520.14988481399,1197.84576361066,1166.39324783711,1350.56942568681
648.85854498496,1151.19092434748,1407.08364836636,919.526491951156,1219.6235600381,1892.54251754089,1362.06808310011,817.474539358872,1052.59053396846,773.3654647707,697.363008410971,1050.43112277769,1681.37846932212,955.611265159636,978.648129870997,1032.51668320662,563.8407518972,1642.58629222333,725.478388858,1001.45558478646,1011.96936040574,1151.65948344118,896.729059638417,395.593237176775,1e+09,975.213340454282,877.692592995976,406.421274910653,528.576446126764,1110.40574557231,1432.22728772357,1618.1616001191,1541.40038072527,1159.4584476815,923.263402393922,1315.46576625924,702.624172797947,617.167303168274,1142.3429321793,919.771241940082,981.756870920698,1905.17388054214,891.852206029677,1661.81345463322,1278.51719464386,1844.70542957406,1837.52694238751,1237.11164096051,2095.94264561319,1880.41437191381,1545.38761351319,1298.79785528773,1298.51362268557,1316.7233539738
1411.15742608683,598.909969778431,1199.61668140286,994.510783350287,1209.7205149951,1321.72569079216,1936.24741884915,1502.7928838333,1266.05312629447,1166.99737707503,654.467189169939,1520.33231771873,1746.2825347864,1486.28294274677,1087.69077853037,675.872120078939,844.368866254554,1649.32717936739,1106.94788337121,1327.70730309809,813.278379769191,1753.96408184432,1046.01725368179,1129.29119207581,975.213340454282,1e+09,352.181222952048,929.456494786066,985.369825192552,1232.3729881006,1382.26875357146,1163.55819532158,1625.69405193597,1865.29646182584,1453.98002647904,1879.62431597381,1079.13692921705,1161.83201475084,1299.08671254078,1568.85266889533,1495.06297432583,1914.37335290167,1433.25406840518,1640.99083233271,1420.39742016099,1633.21385755204,1633.23074236312,1430.70383993334,2239.85070897593,1937.57271334523,1543.50569367269,1686.36157401075,1752.16949656704,1582.95305340999
1255.87431258068,506.645955771878,989.318830256454,840.467282290036,1153.4260173067,1455.92196408324,1944.83152257464,1413.5227121274,1028.51174956828,933.285386738697,411.792334921377,1263.21704275235,1575.12769383946,1451.34247891392,1054.06314322245,646.646864756956,764.368738567977,1464.43898206788,854.665366971191,1136.89320646224,730.284711739196,1450.66476368595,925.817243628568,917.83100737554,877.692592995976,352.181222952048,1e+09,858.422518052736,816.810466142544,1085.90063191804,1213.48640210758,930.390403056695,1373.10740450265,1710.10300575726,1333.84218699215,1751.07239501969,1113.79614966115,1043.16381364578,1192.34141171898,1363.82563280648,1261.18685570379,1937.11842732963,1286.85148171807,1513.37680298067,1279.23699954309,1794.9731553703,1731.95262504492,1365.57730326774,2273.05878839506,1971.16425350603,1461.49845809019,1535.48524815447,1556.04470305323,1533.78648686837
939.363674462665,1138.57605130268,1509.19951782394,1181.01859320673,1320.12600114535,1947.25592565538,1660.69863969957,642.511898566867,1084.35227583106,810.230854139732,802.242499622153,1358.97333196792,1671.7607138583,1300.90232292821,958.840352822095,1210.71672789303,773.001632727901,1387.1596143559,730.350974805949,1111.31819124857,791.745038822474,1209.7435042603,1093.44654350361,667.330530546895,406.421274910653,929.456494786066,858.422518052736,1e+09,562.187125341732,786.293046452784,1283.18859751792,1503.39687574506,1578.21309581438,1042.29078869575,731.03121869042,1617.42635835453,830.147495027239,909.547948488698,1141.30390369962,1091.24141682764,1132.99036337473,1761.33734616626,824.13483842148,1593.08283648403,1167.39792123337,1876.34108024101,1819.16377170941,1255.59260204096,1951.79563914873,1690.97764834429,1593.35151310061,1504.15315736131,1308.57381687087,1391.65385531029
886.949939511808,1236.73908594335,1488.72178142862,1143.89617168692,1536.78800893292,2153.08841934092,1818.60105405226,761.57574770997,1237.45396172949,937.361812268881,814.56364066904,1022.54654637332,1361.00898171173,1115.42382415833,593.637363968947,984.118258899814,819.953575576081,1639.24017904638,531.669930031782,564.477195376394,677.218524259341,1046.64465746499,840.533026120925,587.299509875498,528.576446126764,985.369825192552,816.810466142544,562.187125341732,1e+09,1061.46991262117,1243.48962372028,1356.90437286494,1076.79782034512,1368.91721849789,766.940188932618,1343.33977481499,1078.15652973026,654.405620620728,687.080502051979,677.580727810347,748.179356170698,1735.71071797693,863.447801201671,1149.79033540903,843.138363259554,1739.76259544226,1573.43201829631,974.543320124867,2021.09142363724,1660.11350819756,1219.67072253129,1022.79095728306,1007.03557241043,1116.94932861791
1404.16078060883,1193.82757511292,1502.64801810005,1554.75708372723,1455.70362883384,2140.10776936583,2229.26526573219,1063.28926181919,1119.50033774001,864.004761155863,1101.23318161959,1745.42668648672,1632.45894714079,2035.10635188926,1446.8969282226,1670.28101961915,1235.11544322788,763.80963688605,873.478989730148,1479.3958729495,942.038673622267,1242.70404859725,1479.06606884209,1169.93386133576,1110.40574557231,1232.3729881006,1085.90063191804,786.293046452784,1061.46991262117,1e+09,1304.94065516406,1310.03647869057,1656.06337913137,1064.11157662155,1058.9609915384,2245.36819630991,1489.51581723727,1569.80781062524,1552.342855654,1564.83376768908,1544.33184115332,2079.6947111295,1212.37632878574,1771.94205825134,1405.08090720784,2453.03191628238,2297.0826753515,1755.77272532637,2288.79354221826,1986.32417754505,2018.89952796072,2033.6256295346,1627.37857424141,1958.49866987445
1927.95744608121,1532.31851943387,1894.77459820423,1731.21721205053,2105.37247495544,2237.40282819165,2698.55654613721,1452.69320525705,1246.78833371988,1545.57598965564,1293.0418944489,1748.22191394571,2263.85595866875,1878.7000088359,1389.91396633029,1571.66715833856,1744.34804910029,1322.81895083946,1437.78866951997,1568.55957247406,990.321435242113,1437.63087268603,1912.72912319021,1344.31604342134,1432.22728772357,1382.26875357146,1213.48640210758,1283.18859751792,1243.48962372028,1304.94065516406,1e+09,978.602367665233,1670.42331826397,1663.31098667687,1058.64489074477,1790.23380464676,1429.2500454784,1378.38610606753,1282.36065137698,1406.89789131976,1159.60900061184,1232.8326864583,880.588763896065,1460.59116665137,933.752987839932,1921.13502320894,1784.54353213924,1105.21071036251,1534.66989056279,1408.10564568146,1231.36544335953,1623.84080167977,1030.73484737832,1314.42778767036
1942.98972223221,1104.23010926165,1357.16762811379,1537.19334961481,1837.47367270935,1980.86427096861,2794.14080502397,1871.29897926547,1310.08821225901,1438.69912219338,1137.974805345,1683.29856163427,1801.28431570366,2144.62723138545,1517.71208145682,1343.64528704566,1612.66400183051,1330.24997030633,1302.36115505646,1510.72980999251,1008.94206211259,1576.8361686935,1631.73314298019,1505.75350525908,1618.1616001191,1163.55819532158,930.390403056695,1503.39687574506,1356.90437286494,1310.03647869057,978.602367665233,1e+09,1345.47257846453,2067.98954039908,1627.63228546868,2192.29997466132,1825.40712962889,1648.17122150582,1463.68703123311,1711.12580700543,1497.74433115268,2000.46106985365,1569.93438942524,1467.87126346284,1313.59275709788,2227.92934955308,2021.02550644469,1621.80407543575,2400.32037907443,2082.21583218455,1562.45010694742,1853.52362790443,1621.31561319812,1847.76030669565
1550.5958614997,1723.06642019395,1708.10914592716,1681.39588999736,2140.27113256709,2752.76230811888,2608.65232863638,1639.18322154663,1834.07324365741,1538.95785582322,1462.43219692401,1227.32605203344,953.611846298062,1830.55607190821,1160.99767734479,1415.21540636046,1556.74723105583,2074.58814021,1023.07507759695,668.558003616739,1230.64127132971,1303.39911980176,1194.81128263002,1401.04407575208,1541.40038072527,1625.69405193597,1373.10740450265,1578.21309581438,1076.79782034512,1656.06337913137,1670.42331826397,1345.47257846453,1e+09,2149.2438806706,1571.85680604182,1838.60226495564,2080.29567742184,1439.01227632012,1001.55410837358,1139.63976176685,1150.75559859598,2305.2462548717,1678.95145888736,895.1236308466,1145.42283201445,2283.37044795627,1916.27878924232,1506.52519271999,2702.56029283345,2214.65972659458,1425.53626895285,1200.45958607527,1361.70057296015,1660.27124018939
1298.45353713562,1819.3605142467,1953.98084253659,1744.2484037258,1702.63326271396,2530.46747289903,1906.32916194974,997.27174581455,1181.44427930394,1068.82310631835,1485.27467251011,1746.21033332185,2227.64765521839,1913.93877357663,1862.17207266139,2106.59923587758,1503.12772225117,1279.87690091665,1282.05080991355,1800.07937208335,1651.78285640093,1099.1237564078,1857.20902789643,1137.56251951266,1159.4584476815,1865.29646182584,1710.10300575726,1042.29078869575,1368.91721849789,1064.11157662155,1663.31098667687,2067.98954039908,2149.2438806706,1e+09,1084.45841879714,2000.95667012057,1414.13561404131,1573.2549014702,1919.42102416328,1501.61222943875,1534.16075490804,2271.90878016702,1077.19491332813,2299.42021498899,1783.66560714165,2762.08342071705,2714.03899712219,1933.60163909219,2287.43346268258,2231.25381483147,2310.78683696701,2098.95057302453,1610.88764890665,2035.76026304671
1375.27723394231,1715.3669610611,2045.44801970131,1716.89470836158,1996.83015537126,2533.72792696848,2179.73657101036,438.216965554735,1410.81989658496,1306.32870132291,1322.13533153759,1576.13191982778,1916.57545499779,1490.36539382126,983.908089762453,1626.18736192974,1420.20402784248,1526.48958797628,1071.38050714954,1173.6326377108,909.596633898785,1161.45486550275,1586.08463084414,992.792725043853,923.263402393922,1453.98002647904,1333.84218699215,731.03121869042,766.940188932618,1058.9609915384,1058.64489074477,1627.63228546868,1571.85680604182,1084.45841879714,1e+09,1544.69052408565,1181.16852057613,1060.71257770425,980.430495802737,915.696547388926,948.725084415923,1347.47589562856,454.175152336629,1358.18731042519,784.325490724355,1880.20744778336,1718.50749215708,963.623873199497,1503.3379139435,1240.29204984149,1365.53350607006,1360.82782066652,798.943999351644,1112.45819341672
1457.71368080292,2095.53684579871,2176.59985139667,1538.67827624881,2225.73244250067,2584.88266625393,1873.54553123216,1634.55941485772,1767.98173593507,1817.43559553014,1579.2616714465,1105.30534455416,2412.39446805451,684.247140366695,1470.51488435174,1476.06394478695,1631.50634185099,2587.58903093208,1675.52507092553,1378.59036131115,1831.04718098688,1582.90638920942,1663.36192429669,1177.65743894394,1315.46576625924,1879.62431597381,1751.07239501969,1617.42635835453,1343.33977481499,2245.36819630991,1790.23380464676,2192.29997466132,1838.60226495564,2000.95667012057,1544.69052408565,1e+09,1327.42160823154,766.01057845176,1377.84634604153,908.046948400797,884.462437076895,1959.87342384655,1295.09549547514,1868.13941144659,1559.3532980053,1801.39201205623,1857.72344039687,1154.56982196834,2117.73220967619,2087.59654691705,1286.6567759119,790.237764536725,1179.63585699147,1008.6291040318
1240.95849068371,1321.94958364531,1711.07168169542,1122.99702768974,1428.09912106968,1652.52114500844,1445.80279388304,1213.88224564823,1169.52173925926,1258.58398937059,965.176785309303,1470.46992893428,2333.86341080621,982.305629170473,1314.37286745429,1188.27131914391,1029.69542676463,1842.283452295,1367.06164546446,1556.11562677714,1308.34366960673,1633.01935009969,1448.38234372006,882.196046409187,702.624172797947,1079.13692921705,1113.79614966115,830.147495027239,1078.15652973026,1489.51581723727,1429.2500454784,1825.40712962889,2080.29567742184,1414.13561404131,1181.16852057613,1327.42160823154,1e+09,815.496404835729,1471.46031754173,1334.09717325988,1287.9340153129,1697.96205361015,968.284087858517,2022.15342014398,1539.99387388392,1626.91239048082,1816.67241554442,1271.4144379391,1803.30908629109,1801.87219488509,1598.2064450502,1563.16192433797,1507.42055906771,1295.30472519018
957.550704506033,1419.40453465529,1621.09643038284,1017.0990283645,1624.86417047703,2063.24834457707,1588.76254245246,1110.33157660223,1281.50376296755,1205.41597990071,910.728896324257,860.169255670069,1863.19908313631,546.350214056881,886.88911426401,895.174670441474,947.851279895744,2010.47451794346,1031.1720711889,890.32103086471,1150.69516688826,1255.86150108203,1048.74377685877,582.407446037566,617.167303168274,1161.83201475084,1043.16381364578,909.547948488698,654.405620620728,1569.80781062524,1378.38610606753,1648.17122150582,1439.01227632012,1573.2549014702,1060.71257770425,766.01057845176,815.496404835729,1e+09,922.00468729828,647.142131529079,643.251303224486,1725.68645338601,899.240810183791,1483.33475227273,1135.27305618516,1550.46424344452,1554.87677289874,877.873409495925,1959.53404537916,1778.47496395086,1109.79979937825,786.782266576974,1030.84861905131,882.666638997985
1491.82995663045,1691.98358514496,1987.18918460221,1646.87911635918,2152.20428182364,2542.05641994823,2349.96665365703,1114.47250437146,1775.75586973548,1595.07544924997,1337.80316698683,1378.80382382702,1556.01498328262,1291.55269540193,354.018834527204,1170.83496095735,1415.18014796704,2079.00454951402,1119.04358029524,629.733658620849,787.030625388873,1477.99268749883,1264.44592209394,1181.58114363763,1142.3429321793,1299.08671254078,1192.34141171898,1141.30390369962,687.080502051979,1552.342855654,1282.36065137698,1463.68703123311,1001.55410837358,1919.42102416328,980.430495802737,1377.84634604153,1471.46031754173,922.00468729828,1e+09,808.663975579474,849.467234270987,1436.61417179422,1111.77835223573,596.973527637533,487.029628564834,1404.21392907206,1065.54142570808,608.058223445749,1817.3465984231,1327.3611348838,712.704582067493,764.80901419897,868.845731646303,771.924281390345
1053.68804657735,1766.82308242789,1861.02201459306,1427.31924393249,1974.9980952649,2602.16792551903,1959.39851288603,979.862992871963,1473.52668896766,1305.86612032015,1253.2674372216,877.148242773136,1674.96529080456,1016.45595566163,945.69678555021,1344.86162544702,1287.1926167439,2009.43678723666,964.687627680587,674.19667916714,1228.65672215636,928.18580009608,1231.96552366533,763.553249747521,919.771241940082,1568.85266889533,1363.82563280648,1091.24141682764,677.580727810347,1564.83376768908,1406.89789131976,1711.12580700543,1139.63976176685,1501.61222943875,915.696547388926,908.046948400797,1334.09717325988,647.142131529079,808.663975579474,1e+09,340.419727248584,1805.4281913164,877.910705425102,1246.42218573804,938.085493491931,1909.30389205071,1737.5429631235,930.705532109915,2040.92450320927,1778.72481457925,1148.1800485551,629.413442659116,666.604249911445,970.248332747859
1200.19435459429,1659.06790111195,1760.37746784603,1351.7918006853,1949.37744708407,2468.45789656214,2078.15737652373,1133.13978815502,1306.18192875265,1288.77141297439,1150.40925391793,854.142288673263,1800.96199135351,1091.09226122267,1027.57769404556,1271.29893923499,1333.32521580446,1882.07298492912,1013.99511266081,813.633094644017,1180.56675414819,891.629620302063,1325.20156783789,754.334818963038,981.756870920698,1495.06297432583,1261.18685570379,1132.99036337473,748.179356170698,1544.33184115332,1159.60900061184,1497.74433115268,1150.75559859598,1534.16075490804,948.725084415923,884.462437076895,1287.9340153129,643.251303224486,849.467234270987,340.419727248584,1e+09,1697.2953961229,785.27791691859,1250.86037222385,877.933896144807,1882.04200503071,1729.28162553125,856.928900084482,1957.16006368922,1747.94404003675,1018.76476715678,676.870238598212,549.09436684417,926.422474198462
2495.40568066597,2353.03430289488,2853.38389705977,2469.50787965943,2877.75738774136,2834.22366933169,3051.5005608225,1681.43450939964,2242.64675187601,2406.39011417517,2087.77391510671,2447.83171296558,2873.66424604546,2008.20791408659,1501.49977622376,2056.65741653782,2333.77641392658,2333.52563244975,2180.08148384412,2013.32730419075,1485.15159748088,2303.58451503304,2468.74466486512,2001.99957257738,1905.17388054214,1914.37335290167,1937.11842732963,1761.33734616626,1735.71071797693,2079.6947111295,1232.8326864583,2000.46106985365,2305.2462548717,2271.90878016702,1347.47589562856,1959.87342384655,1697.96205361015,1725.68645338601,1436.61417179422,1805.4281913164,1697.2953961229,1e+09,1320.57423187794,1638.38649783865,1188.84153691735,1336.69588029589,1259.14749140043,985.338928338874,517.127288779078,475.109933173366,1191.43162913362,1797.62968778333,1351.26131033194,1067.32517378726
1370.25218883241,1638.78556708924,1937.42925039858,1544.49060489211,1911.65075999776,2352.29103639409,2086.22705619499,775.8866310873,1167.47447115558,1263.6917630894,1195.68206664648,1426.76951800212,2136.15278009322,1339.54572027236,1153.6264522366,1535.74699410417,1404.73106582719,1511.76033616443,1162.6156686971,1288.34586773118,1064.39808079496,1090.36207463393,1637.65110221927,855.088526586575,891.852206029677,1433.25406840518,1286.85148171807,824.13483842148,863.447801201671,1212.37632878574,880.588763896065,1569.93438942524,1678.95145888736,1077.19491332813,454.175152336629,1295.09549547514,968.284087858517,899.240810183791,1111.77835223573,877.910705425102,785.27791691859,1320.57423187794,1e+09,1541.97579377888,920.849829342439,1859.79831376953,1791.0891262581,912.966240668296,1451.97986917863,1373.18305585963,1295.37964566377,1298.07696824957,712.258960701794,1026.45828044787
1946.760190008,1986.28240426683,2247.64923444473,2069.21973173465,2540.56160543294,2906.19335088015,2891.78106692052,1524.61900949057,2135.3718811954,1950.0215780601,1730.06667209677,1751.82035782782,1530.26311812708,1859.80788139528,834.25344428417,1550.88132295801,1858.02774519112,2239.70675040283,1420.75393559194,934.603083185584,1015.00229044077,1739.6201534243,1613.08860748565,1659.68242230253,1661.81345463322,1640.99083233271,1513.37680298067,1593.08283648403,1149.79033540903,1771.94205825134,1460.59116665137,1467.87126346284,895.1236308466,2299.42021498899,1358.18731042519,1868.13941144659,2022.15342014398,1483.33475227273,596.973527637533,1246.42218573804,1250.86037222385,1638.38649783865,1541.97579377888,1e+09,655.564140416482,1724.67660501904,1235.29977203916,1038.11094445632,2076.24196280202,1481.69844411743,937.467932464893,1150.653049229,1152.93802014679,1219.1575050419
