1e+09,8668.30648754992,4516.15036456937,9899.03759069032,12927.1795954918,8445.96072761412,6452.69484961129,6812.1336514634,3937.18293569146,1993.94727849058,1059.07182003866,4739.22064225754,5256.24807592831,1355.72753081141,4381.25565868964,2179.36979962098,2725.86603100739,2741.99101667019,4573.92601596265,4705.38317510912,4790.94405726053,4455.14707218516,4421.51317893546,1909.94606214416,3438.50905021348,4550.34694682724,3478.91114146366,2280.1896958148,2498.72355947992,2349.20573517945,2864.33167388136,7736.41193609803,8384.57117828336,6081.73204155691,3142.66767360152,4528.01642199982,3284.64502929921,3888.73816047057,4509.86390812406,4583.17168433608,5798.69635810498,4620.05125891478,4158.56452260873,4997.96188295789,5582.12667467337,6025.36715229869,6721.77128044387,4965.90505033071,3252.17481038458,4911.58994273749,4061.80887358083,4506.17711650352,4062.66200481901,7188.09271667388
8668.30648754992,1e+09,4201.20459419676,1984.6883582064,4820.97967299179,1227.58376239668,14267.102087961,15139.1966041167,11973.160124161,9553.57370846638,8576.32009028931,13362.8328891182,13813.1742488539,9742.8523749516,12691.6379618747,10490.5326080042,6174.91186138717,8087.15483484767,13050.9097059094,13133.1268032217,13071.7846981313,13013.351095621,12991.8083998803,9046.7353881718,5431.38965889026,4317.04332264572,5451.76439895379,10276.6872676851,10758.4334357099,9221.78985983198,11004.3562681922,15999.1268590289,16927.6741186378,14299.786902678,11090.4693756035,12912.1678060193,11394.2128365412,12419.2478214745,13022.7377407095,13140.7468057337,14282.4426899113,13117.8518047697,12524.8740028313,13595.9863281117,14153.3034700808,14461.040259798,15140.6018410729,13585.4125982688,11616.7027018685,13083.7455358739,12665.2972781297,13107.6560575566,12542.9825506815,15724.3966009828
4516.15036456937,4201.20459419676,1e+09,5655.86278319232,8686.25252693588,3975.39095871085,10244.8987761617,10983.6565075935,7821.1296180603,5409.80185332143,4381.92846851703,9179.90370537731,9628.06299062797,5628.75320370329,8545.30037516529,6313.50389556386,2087.90599050819,4104.75173308935,8858.30962401405,8978.42103788857,8901.55380669016,8823.62175809911,8799.21069378953,4974.74644902632,1502.80865741451,704.297453282347,1413.46727531981,6111.26782025629,6596.54384156583,5131.54364903973,6830.76324732456,11837.0681004377,12743.2930221391,10145.2506956063,6975.09889679709,8791.53190375261,7242.76134597158,8240.49635878204,8850.74884744788,8971.57075102794,10113.2629141292,8923.30923985043,8349.19077093703,9418.7348984723,9961.4486286634,10296.1619769504,10981.6080976057,9397.53378024788,7434.89411704699,8949.28080017607,8489.094882807,8955.52574045209,8381.16983152113,11546.84015383
9899.03759069032,1984.6883582064,5655.86278319232,1e+09,3190.25651705313,2946.90052249817,15779.4099729204,16568.8179416608,13447.4186736191,11029.3896727108,9970.07015419149,14607.909433841,15110.4309330475,10956.674897381,14096.7308680524,11853.5348155139,7582.66468399467,9700.55975679754,14411.7774187641,14461.6490817299,14508.0521326641,14300.7432241929,14292.3826982977,10510.1137464444,6828.33914659341,5890.29760310971,6944.9583067935,11706.4123309492,12142.2713684055,10771.6278495453,12425.3392209267,17459.6685702879,18256.0407656206,15756.7812670926,12550.2840495743,14228.804291085,12835.4098884765,13736.9861073672,14356.6523167172,14432.8029252672,15632.3170120619,14457.0231968238,13913.2189951787,14854.8886480848,15445.604840245,15840.1342768835,16526.9427177473,14841.0060823045,12983.7958414941,14531.9470801232,13944.2742068994,14353.0271401959,13868.5779805105,17057.5744917324
12927.1795954918,4820.97967299179,8686.25252693588,3190.25651705313,1e+09,5527.94320109207,18881.1652246915,19620.1260406935,16470.1836097901,14078.4338157801,12996.3831855367,17605.7170458207,18101.2478086346,14004.1856211313,17170.7109164676,14888.2011807538,10650.7936635868,12683.8787348193,17425.0779408529,17499.9585834453,17536.4841377199,17292.4989359982,17291.0225949653,13616.3008537782,9926.68999791471,8955.33728316248,9996.90597652594,14741.0791314069,15200.2715240617,13799.0831165154,15443.2037745378,20459.4483216704,21269.1764024233,18783.5351277229,15634.3859396204,17316.745843443,15888.58642219,16777.3002238739,17406.5491191477,17475.9321519168,18686.7349887828,17460.0324694228,16951.2999837004,17852.2224515717,18434.6895932912,18895.5291927614,19585.2053142136,17834.2943260562,16008.8486369195,17594.7875017773,16978.2585424065,17403.8987943679,16925.7179137459,20100.6714727245
8445.96072761412,1227.58376239668,3975.39095871085,2946.90052249817,5527.94320109207,1e+09,13780.9324630883,14739.9751703115,11547.3973528021,9161.85208375468,8243.16115285878,13063.1762587052,13522.7052112845,9473.44638881754,12337.8030396988,10130.7824625692,5857.95407177284,7662.73360178337,12709.2513007927,12798.9614287019,12689.3537991105,12720.8529674861,12661.9999334031,8689.70826651275,5172.58877236534,4000.94290687833,5123.39350592944,9890.94726479219,10421.236566718,8810.93953209305,10658.4104736119,15574.556540698,16594.5460285872,13874.4301998641,10732.1722602975,12578.4041441472,10979.1166920887,12085.003825018,12716.1393080998,12841.9452670575,13944.1995749738,12782.336401699,12163.9369462317,13340.7592072978,13851.5128388815,14080.1060420297,14764.4308974847,13290.8183749121,11270.2966153558,12695.1605570942,12389.3014998546,12846.9828508059,12253.8724050073,15376.8456412848
6452.69484961129,14267.102087961,10244.8987761617,15779.4099729204,18881.1652246915,13780.9324630883,1e+09,2272.53983085006,3112.14767112681,5009.54001511117,6136.1752587585,3707.40083354902,3637.94644357225,5510.28540658286,2521.03704744694,4446.11434341268,8286.52793284377,6645.34358527082,3124.47727332109,3113.77262210971,2629.00981143091,3795.86525179701,3456.46320331925,5356.38406122078,9016.68213060658,9980.42007397985,8954.66278188073,4503.27486464018,4150.00156630091,5393.74479173793,4188.02727791976,3248.48808235462,4277.39816296075,2268.11730201504,3598.27237294511,2758.15993327073,3301.08959810242,3267.20029858899,3022.60826171702,3244.61098449414,2599.23398540801,3327.50485033456,3012.1055986303,3869.81779055552,3636.87732890456,2122.26801059621,2367.24324026915,3712.65651752219,3778.03091354478,2292.40711563195,3576.8860574947,3492.81832122714,3327.28168062159,3125.1299134116
6812.1336514634,15139.1966041167,10983.6565075935,16568.8179416608,19620.1260406935,14739.9751703115,2272.53983085006,1e+09,3291.31766860934,5592.86580897486,6641.53455516118,2715.44582372766,2320.07805306201,5847.67812959982,2535.76154190413,4770.82547778684,9022.65539055992,7301.63004464757,2375.10893971203,2436.59163168554,2159.14032841777,2818.38385164264,2738.18042836845,6154.63952774653,9785.45635333376,10832.829638257,9709.22218628248,4894.01958540217,4438.06342758866,6002.55848824483,4267.49294930876,1371.74702704252,2228.71347882585,1098.96048987213,4099.510052055,2730.49289914843,3822.06291618806,3008.75521963818,2434.47119978857,2512.94569278765,1273.24997070489,2434.07411407295,2710.05738944768,2626.10100866284,2056.42802886461,1167.08259587743,708.905743240947,2538.01220727955,3673.01165833979,2092.92354867539,3014.65275212586,2868.44800421761,2915.9480591396,1237.35796651575
3937.18293569146,11973.160124161,7821.1296180603,13447.4186736191,16470.1836097901,11547.3973528021,3112.14767112681,3291.31766860934,1e+09,2468.3390968625,3522.43463940781,2556.5297658936,2746.5628337615,3286.57680876319,1518.27456815294,1995.08242471333,5944.02548503117,4082.60039100081,1635.45289861861,2204.28604058094,1326.29046528278,2087.61508432469,2067.94529231312,3185.89638362581,6716.38013123885,7688.45116377805,6584.90950189143,1880.00101686143,1739.85763865898,2843.30133666835,1241.32625514004,4072.16525849578,5241.81623062083,2355.78987908515,1382.90083426108,2241.50535038398,922.111322997392,1636.40075085536,1938.51876624912,2211.86835724914,2713.45816356177,1745.68515675078,1075.29702026928,2778.71235082007,2863.44348056671,2833.80481633792,3469.23639345894,2624.3410660964,1137.67547745392,1522.84825071312,2058.53284404209,2588.76111203796,1754.22712785432,4050.75960350648
1993.94727849058,9553.57370846638,5409.80185332143,11029.3896727108,14078.4338157801,9161.85208375468,5009.54001511117,5592.86580897486,2468.3390968625,1e+09,1267.18265186989,4182.43011353448,4557.65095290326,1925.16176733281,3232.47816397884,1323.20190549288,3497.27463030858,1994.13765179338,3624.27386513492,3795.84006762667,3550.27066289318,3779.45526913602,3723.406042792,974.280099304096,4263.9658449148,5253.96687310645,4138.28052135183,838.437866809461,1413.87418665877,742.073250831749,1644.29802055467,6477.52809159482,7471.93337706514,4756.07428048596,1668.26439909866,3657.05850061221,1924.838157846,3086.72399535495,3653.27364825029,3841.92640969345,4820.19268754891,3728.66600705936,3032.71871971339,4431.10639424287,4840.08420969099,4990.86393787689,5644.360783366,4368.86098418112,2226.20677271901,3559.68635444192,3460.67924631856,3981.78515878243,3228.24751297047,6258.03110969417
1059.07182003866,8576.32009028931,4381.92846851703,9970.07015419149,12996.3831855367,8243.16115285878,6136.1752587585,6641.53455516118,3522.43463940781,1267.18265186989,1e+09,4877.81864070406,5312.62053008682,1825.80570899535,4239.70347538599,2009.72924940152,2546.87373766349,1780.2148422873,4487.04439954632,4701.66603292918,4553.22693438401,4502.79927822682,4459.28034820642,1353.9823696415,3332.34617304385,4328.69930107186,3223.9595149133,1833.08241454115,2312.13537438879,1420.27572583636,2516.73409711872,7501.63247522831,8385.98451413428,5816.62921538755,2783.51171420204,4562.89139133291,2936.72172592161,3901.280908817,4516.57620996259,4660.75766556254,5764.40724825198,4560.14104198543,3995.05967501113,5131.69495337554,5625.56358978369,5943.86967331889,6639.16634447428,5081.63671856814,3092.86482842364,4664.58885952449,4178.17661688684,4698.03942741012,4077.44713294973,7183.67370250765
4739.22064225754,13362.8328891182,9179.90370537731,14607.909433841,17605.7170458207,13063.1762587052,3707.40083354902,2715.44582372766,2556.5297658936,4182.43011353448,4877.81864070406,1e+09,1119.09841278594,3745.81742392765,1869.85899757174,3027.15093695376,7251.48904183134,6030.98466118925,1167.56825937501,1220.82465677918,1860.04161829783,829.020515668943,787.235438544277,4755.54348199026,8011.64778685384,9151.12067720124,7999.46405314756,3396.76108672659,2859.18354183498,4764.84437418474,2858.5546422974,3593.84678760795,3752.97230683894,2420.04926104821,3082.04490238218,1670.64085928125,2709.10746551332,1210.54810061393,1144.67890379792,799.092430135588,1595.56758788213,1008.14116848783,1598.82316573785,891.620213712094,1090.44366287305,2006.99583686663,2493.04377225912,351.057826718049,2067.74778324147,2114.76560512034,991.90469577475,984.352577331923,1422.02387096701,2646.87812615164
5256.24807592831,13813.1742488539,9628.06299062797,15110.4309330475,18101.2478086346,13522.7052112845,3637.94644357225,2320.07805306201,2746.5628337615,4557.65095290326,5312.62053008682,1119.09841278594,1e+09,4401.34129636637,1932.64886001053,3496.14089152597,7732.18993818052,6317.68194121863,1126.78509344063,1520.91998241196,1651.29367427481,1215.03373677442,1067.73686739758,5179.52120055513,8506.93007371637,9582.29027518996,8448.21306419884,3799.68618183134,3274.77247133293,5043.25372914154,3149.00743468478,3017.59207794891,3220.73128152598,2187.7393014251,3352.52043149628,2239.45328162925,3072.61717791202,1802.68477555007,1240.99644701345,1316.27414249464,1473.41471195316,1206.64629809236,1909.80017918106,590.607530260155,721.504873857412,1747.88439900927,2093.82161635131,879.042630934359,2544.07111060206,2106.7285874787,1448.29685258237,1498.67005161243,1798.49720897754,2321.29079358877
1355.72753081141,9742.8523749516,5628.75320370329,10956.674897381,14004.1856211313,9473.44638881754,5510.28540658286,5847.67812959982,3286.57680876319,1925.16176733281,1825.80570899535,3745.81742392765,4401.34129636637,1e+09,3461.60355479942,1420.15736842788,3665.16426491365,3465.80912883269,3734.31684396223,3634.73985214898,3997.4232027645,3615.25686915882,3505.3752788111,1959.22246197312,4382.21690645271,5591.7767301905,4468.58562341598,1771.44250651835,1720.80483294882,2574.14010318009,2434.86102749212,6874.82310293145,7403.57027128804,5201.47015182246,2517.41669627815,3389.86016677679,2564.80095993822,2883.96513188007,3576.66799882237,3562.32271714678,4803.83540124971,3768.32557513281,3285.22509769118,4133.61955040616,4687.22283531517,5043.76313799528,5706.84557942477,4020.6760817181,2456.47000061063,4000.94471313964,3146.42965564145,3488.94350422875,3151.08686306804,6172.08776278335
4381.25565868964,12691.6379618747,8545.30037516529,14096.7308680524,17170.7109164676,12337.8030396988,2521.03704744694,2535.76154190413,1518.27456815294,3232.47816397884,4239.70347538599,1869.85899757174,1932.64886001053,3461.60355479942,1e+09,2390.19802876247,6572.9602794327,5074.89046131047,1142.5823308191,1211.00718106872,974.351770460751,1729.24694604328,1467.59983070999,3714.12723480228,7327.71146151375,8389.12292479375,7279.59918274351,2561.25990022489,2008.06758240354,3726.41316740374,2110.74189724845,3647.15851646182,4378.80299905123,2052.36344941631,1742.44971689286,1166.66839534634,1602.5072246015,1055.96682727252,845.229438081756,1241.11303711628,1738.81409549727,1425.33092683769,918.077540025896,1956.26912276916,2179.96161179503,1875.41580936069,2469.14503085582,1943.06021020966,1581.02091918482,841.614790744555,1312.99101379255,1526.20765562881,1029.07503934358,3134.22629991837
2179.36979962098,10490.5326080042,6313.50389556386,11853.5348155139,14888.2011807538,10130.7824625692,4446.11434341268,4770.82547778684,1995.08242471333,1323.20190549288,2009.72924940152,3027.15093695376,3496.14089152597,1420.15736842788,2390.19802876247,1e+09,4338.46229063939,3253.36904300757,2664.60752723548,2748.4248259867,2778.0722951896,2776.89889281191,2579.75425038898,1923.87846014243,5131.18539691366,6216.73193748934,5074.44312870881,663.517243031408,626.044235178314,2001.87348418925,1323.86464674452,5711.18933292357,6488.62240300667,4035.6100631503,1470.08481598852,2689.10325368886,1342.82801460202,1989.91231254043,2658.16257296276,2782.97190650571,3882.30567281867,2771.75766539934,2196.03078320865,3364.53040378594,3809.50013455834,4042.10866376697,4712.06918696023,3254.59194892386,1399.83360211134,2860.29083386637,2393.96201903873,2885.93996444833,2324.75724962844,5277.03617353529
2725.86603100739,6174.91186138717,2087.90599050819,7582.66468399467,10650.7936635868,5857.95407177284,8286.52793284377,9022.65539055992,5944.02548503117,3497.27463030858,2546.87373766349,7251.48904183134,7732.18993818052,3665.16426491365,6572.9602794327,4338.46229063939,1e+09,2688.42808698689,6948.64476528337,6974.54030080836,6989.92705529893,6945.20093671882,6874.68540243843,3032.40567132763,848.946278865747,1958.86583136773,835.968229420234,4158.21280680775,4618.35843198641,3339.9026949299,4993.08146218345,9939.68739666394,10798.17904063,8223.48630285842,5046.95421892254,6775.7090716987,5314.25267501462,6274.93041131932,6903.53993585899,7009.25355200538,8151.25389516852,7024.12706149312,6413.669252534,7531.61874249487,8062.31733238652,8331.78871067912,8997.97464856398,7485.96840051439,5515.78692005955,6981.95417068889,6570.73445974649,7009.71422980281,6447.53495912973,9584.0855479644
2741.99101667019,8087.15483484767,4104.75173308935,9700.55975679754,12683.8787348193,7662.73360178337,6645.34358527082,7301.63004464757,4082.60039100081,1994.13765179338,1780.2148422873,6030.98466118925,6317.68194121863,3465.80912883269,5074.89046131047,3253.36904300757,2688.42808698689,1e+09,5387.03907353567,5683.57967468566,5244.40428526444,5513.68620593338,5560.75882276871,2037.31636055866,3301.34996056159,3933.67490720827,2977.21947607159,2758.71489110419,3359.82183009754,1388.76545762775,3253.86026256507,8037.26326924159,9212.48215339384,6381.37119406167,3422.63362371727,5588.12429018897,3740.81318704904,4994.31127848475,5498.18566704508,5717.22286319153,6626.45111546143,5471.60608679938,4819.23863196252,6198.42348469351,6587.66247861865,6803.3844711952,7442.30894073204,6180.1085819911,4023.01824238966,5299.27099021177,5302.19707689181,5869.00034230703,5047.050666627,8053.87322579639
4573.92601596265,13050.9097059094,8858.30962401405,14411.7774187641,17425.0779408529,12709.2513007927,3124.47727332109,2375.10893971203,1635.45289861861,3624.27386513492,4487.04439954632,1167.56825937501,1126.78509344063,3734.31684396223,1142.5823308191,2664.60752723548,6948.64476528337,5387.03907353567,1e+09,1201.60740348085,754.28788622117,839.180594687461,733.470986610923,4277.74903251698,7727.33911293532,8782.4796446334,7650.35737129319,2879.63330366906,2411.8746132832,4105.30345284,2182.32986308211,3211.41208923738,3912.05106983536,1783.41116773446,2379.19304740074,1698.07555744731,2020.75520353159,1020.93100011705,731.495807165017,1000.48119112755,1494.44575645956,431.254338528901,850.296217679463,1207.71571977846,1306.21816347806,1753.6081263783,2348.54220151566,1118.51660023444,1575.81346503956,1315.84031778176,1001.38760487635,1410.55982453776,1096.2425690056,2781.41246143034
4705.38317510912,13133.1268032217,8978.42103788857,14461.6490817299,17499.9585834453,12798.9614287019,3113.77262210971,2436.59163168554,2204.28604058094,3795.84006762667,4701.66603292918,1220.82465677918,1520.91998241196,3634.73985214898,1211.00718106872,2748.4248259867,6974.54030080836,5683.57967468566,1201.60740348085,1e+09,1479.03774583342,1397.00197487334,1188.74962111456,4330.06264055152,7729.12708908322,8870.70472292365,7703.33337771383,3005.54193634027,2442.72765987124,4332.78409293609,2652.98854562171,3515.78685278275,3912.60645287767,2117.47266317655,2539.54443550413,1154.16128366013,2364.38412435459,1098.02095503683,942.772445927436,784.133264375387,1499.04908095099,1264.07366889751,1260.70669646036,1493.96493288832,1633.4658489543,1913.85786488966,2276.03799252121,1338.21628397655,1857.69409868794,1303.65782136265,1274.08292135952,1268.69338151501,1228.88765117077,2781.05033544882
4790.94405726053,13071.7846981313,8901.55380669016,14508.0521326641,17536.4841377199,12689.3537991105,2629.00981143091,2159.14032841777,1326.29046528278,3550.27066289318,4553.22693438401,1860.04161829783,1651.29367427481,3997.4232027645,974.351770460751,2778.0722951896,6989.92705529893,5244.40428526444,754.28788622117,1479.03774583342,1e+09,1525.71917062086,1388.31908144346,4206.44914780864,7768.61700223405,8776.7177412003,7660.75077579215,2863.02638725178,2468.08151168068,3952.72454471596,2184.42223020184,2993.39582988953,4006.42453592976,1427.86451440604,2195.21245766782,1865.7278173142,1884.18325093394,1428.7560077564,1124.00158567504,1509.67883104321,1611.61158270223,1041.16505828807,915.089997923702,1845.32012352871,1804.70330655762,1713.5627791826,2272.04483828995,1805.38216716018,1739.25217196932,862.317475295497,1592.24192989005,1948.70739576264,1424.44069592244,2880.21161679138
4455.14707218516,13013.351095621,8823.62175809911,14300.7432241929,17292.4989359982,12720.8529674861,3795.86525179701,2818.38385164264,2087.61508432469,3779.45526913602,4502.79927822682,829.020515668943,1215.03373677442,3615.25686915882,1729.24694604328,2776.89889281191,6945.20093671882,5513.68620593338,839.180594687461,1397.00197487334,1525.71917062086,1e+09,925.030517496585,4414.87363378614,7700.31562388192,8801.61766649177,7653.71238104751,3031.05184533356,2540.90791448647,4292.74009940038,2290.51014378893,3597.98461072306,4036.65069396647,2287.807156624,2671.16437133696,1869.30047988546,2395.58305476976,1157.98482835484,1060.54881481241,949.283433806785,1755.95206486396,548.727165356336,1199.08101265094,941.111949504415,1188.56380405092,2263.34486170358,2769.10236611072,774.236541697691,1611.44050386603,1896.88615372668,854.010970245699,1264.98521173174,1094.52421791388,2969.01371844254
4421.51317893546,12991.8083998803,8799.21069378953,14292.3826982977,17291.0225949653,12661.9999334031,3456.46320331925,2738.18042836845,2067.94529231312,3723.406042792,4459.28034820642,787.235438544277,1067.73686739758,3505.3752788111,1467.59983070999,2579.75425038898,6874.68540243843,5560.75882276871,733.470986610923,1188.74962111456,1388.31908144346,925.030517496585,1e+09,4350.97068314646,7661.8310124343,8747.67913922316,7610.98893384428,2942.65805359712,2450.78903869754,4275.9543909518,2429.19846819892,3587.52415884549,4032.06022591429,2305.42022199858,2661.50909726042,1716.13284934471,2209.12744322278,928.319311982682,932.036737097846,980.724943090569,1770.38468034492,849.475925321018,1290.5147578389,1107.49137342013,1376.81181553617,1936.100955813,2548.8455459482,888.174167942302,1743.02174186096,1836.2730940413,900.30642261399,1216.5871312816,1335.67706969162,2917.98672248521
1909.94606214416,9046.7353881718,4974.74644902632,10510.1137464444,13616.3008537782,8689.70826651275,5356.38406122078,6154.63952774653,3185.89638362581,974.280099304096,1353.9823696415,4755.54348199026,5179.52120055513,1959.22246197312,3714.12723480228,1923.87846014243,3032.40567132763,2037.31636055866,4277.74903251698,4330.06264055152,4206.44914780864,4414.87363378614,4350.97068314646,1e+09,3725.8078150785,4754.12262258768,3692.20569417523,1630.88106194167,1953.44659604505,1233.38384872675,2395.19657525223,7145.99201240108,8053.31605250905,5394.28942738522,2100.2930067493,3997.52587746471,2513.78192164714,3622.89337974498,4168.1518252938,4340.46434854613,5337.98096648911,4391.38041304781,3650.08348383979,5003.86412091695,5472.20590687156,5509.77283864771,6163.96815038008,4963.80102336909,2890.72597075544,4107.07118924179,3964.49983352251,4390.53060465361,3705.405466086,6787.74814982112
3438.50905021348,5431.38965889026,1502.80865741451,6828.33914659341,9926.68999791471,5172.58877236534,9016.68213060658,9785.45635333376,6716.38013123885,4263.9658449148,3332.34617304385,8011.64778685384,8506.93007371637,4382.21690645271,7327.71146151375,5131.18539691366,848.946278865747,3301.34996056159,7727.33911293532,7729.12708908322,7768.61700223405,7700.31562388192,7661.8310124343,3725.8078150785,1e+09,1343.87543288059,599.689855008404,4941.57121012133,5378.70500316758,4076.78109363257,5749.36985350569,10721.4477367098,11564.0569966729,8991.05499154021,5771.89304896583,7494.76356438947,6087.49293482136,7038.05369528395,7656.91758875594,7752.09002091049,8899.79528626923,7793.7730879209,7173.24775062872,8283.62788795465,8827.37057127999,9103.95488123705,9763.34339130812,8246.97837349535,6274.53026078447,7731.0579313442,7316.62876972038,7737.20422009785,7175.87857188233,10342.399300728
4550.34694682724,4317.04332264572,704.297453282347,5890.29760310971,8955.33728316248,4000.94290687833,9980.42007397985,10832.829638257,7688.45116377805,5253.96687310645,4328.69930107186,9151.12067720124,9582.29027518996,5591.7767301905,8389.12292479375,6216.73193748934,1958.86583136773,3933.67490720827,8782.4796446334,8870.70472292365,8776.7177412003,8801.61766649177,8747.67913922316,4754.12262258768,1343.87543288059,1e+09,1229.57604535059,5987.18082763499,6474.34625149134,4948.9667890682,6750.58242462826,11712.3566986879,12656.3185076625,10007.2045779328,6795.12692599631,8651.73812880395,7093.8576812902,8156.22794799165,8753.54188750474,8893.59865623584,10001.510503349,8868.59762830066,8245.30767949869,9390.3847699016,9924.65885885253,10160.1500391825,10836.0501783584,9371.51215914486,7359.63498482092,8781.85981072916,8434.20380230404,8888.24446855508,8292.43123029067,11442.2398001615
3478.91114146366,5451.76439895379,1413.46727531981,6944.9583067935,9996.90597652594,5123.39350592944,8954.66278188073,9709.22218628248,6584.90950189143,4138.28052135183,3223.9595149133,7999.46405314756,8448.21306419884,4468.58562341598,7279.59918274351,5074.44312870881,835.968229420234,2977.21947607159,7650.35737129319,7703.33337771383,7660.75077579215,7653.71238104751,7610.98893384428,3692.20569417523,599.689855008404,1229.57604535059,1e+09,4838.52092411514,5331.14276731547,3868.66975561368,5634.2659386117,10591.5802150387,11511.4777551407,8882.81881226337,5703.38092154995,7526.3576419474,6003.06722162096,7017.31824462166,7627.77168587262,7748.23450488561,8869.08701091042,7724.95360868918,7106.65961829466,8254.46680451863,8775.19051221682,9056.30733686749,9714.40752241741,8222.26344505575,6209.20415985012,7653.77154119458,7308.74091064254,7767.47082080776,7162.64515329358,10311.3114762236
2280.1896958148,10276.6872676851,6111.26782025629,11706.4123309492,14741.0791314069,9890.94726479219,4503.27486464018,4894.01958540217,1880.00101686143,838.437866809461,1833.08241454115,3396.76108672659,3799.68618183134,1771.44250651835,2561.25990022489,663.517243031408,4158.21280680775,2758.71489110419,2879.63330366906,3005.54193634027,2863.02638725178,3031.05184533356,2942.65805359712,1630.88106194167,4941.57121012133,5987.18082763499,4838.52092411514,1e+09,733.277338528882,1450.21816127781,1132.62680928009,5788.45261477539,6716.59610336962,4076.88973743465,1272.34189265307,2969.00585900399,1359.94836350503,2324.92783836402,2929.31524983229,3087.48364471781,4093.61948033766,2976.17714702939,2308.18509747377,3685.97992327685,4071.56887685816,4284.00302531406,4922.56582431358,3590.75633754227,1490.59818214031,2889.30913664495,2742.60991488035,3270.66035054085,2541.11728405046,5518.78109839483
2498.72355947992,10758.4334357099,6596.54384156583,12142.2713684055,15200.2715240617,10421.236566718,4150.00156630091,4438.06342758866,1739.85763865898,1413.87418665877,2312.13537438879,2859.18354183498,3274.77247133293,1720.80483294882,2008.06758240354,626.044235178314,4618.35843198641,3359.82183009754,2411.8746132832,2442.72765987124,2468.08151168068,2540.90791448647,2450.78903869754,1953.44659604505,5378.70500316758,6474.34625149134,5331.14276731547,733.277338528882,1e+09,2039.8814804542,1071.029545951,5422.37083872913,6200.52982505528,3719.45859119308,963.33032579692,2351.50904472001,1172.89985855571,1761.49615951895,2327.40998560632,2477.35086622787,3545.44758582044,2522.84420535633,1853.1187426606,3116.22131585675,3564.12825263065,3780.9335612121,4408.27287951869,3059.9901296246,1105.35335590028,2446.71376848621,2130.5511471448,2610.75866893131,1921.03751938894,4986.70744100754
2349.20573517945,9221.78985983198,5131.54364903973,10771.6278495453,13799.0831165154,8810.93953209305,5393.74479173793,6002.55848824483,2843.30133666835,742.073250831749,1420.27572583636,4764.84437418474,5043.25372914154,2574.14010318009,3726.41316740374,2001.87348418925,3339.9026949299,1388.76545762775,4105.30345284,4332.78409293609,3952.72454471596,4292.74009940038,4275.9543909518,1233.38384872675,4076.78109363257,4948.9667890682,3868.66975561368,1450.21816127781,2039.8814804542,1e+09,2058.53578802993,6810.30449695166,7918.26304575063,5128.04088865329,2113.75667603913,4261.23961132204,2456.60937784174,3687.92722844418,4183.05659966489,4410.87581490343,5316.37985906763,4218.85439099289,3525.91058274313,4945.45493271347,5329.45697433613,5483.80850174402,6108.61382668769,4921.49671275924,2765.87387892145,3972.11656206109,4037.09770061365,4585.62312691525,3768.19115810225,6747.69971903759
2864.33167388136,11004.3562681922,6830.76324732456,12425.3392209267,15443.2037745378,10658.4104736119,4188.02727791976,4267.49294930876,1241.32625514004,1644.29802055467,2516.73409711872,2858.5546422974,3149.00743468478,2434.86102749212,2110.74189724845,1323.86464674452,4993.08146218345,3253.86026256507,2182.32986308211,2652.98854562171,2184.42223020184,2290.51014378893,2429.19846819892,2395.19657525223,5749.36985350569,6750.58242462826,5634.2659386117,1132.62680928009,1071.029545951,2058.53578802993,1e+09,5069.99065267383,6034.18573667566,3402.15966655006,1102.8413881878,2675.92773618796,1153.60001599341,1899.254866599,2338.37492442936,2553.14972210797,3451.99785595241,2235.47199602232,1652.93814001009,3011.5415183756,3356.7944005107,3720.3006503776,4363.21388746873,2968.81135707542,909.136957724193,2378.16556484194,2148.74415752551,2772.01317523925,1904.47152842987,4869.50261769105
7736.41193609803,15999.1268590289,11837.0681004377,17459.6685702879,20459.4483216704,15574.556540698,3248.48808235462,1371.74702704252,4072.16525849578,6477.52809159482,7501.63247522831,3593.84678760795,3017.59207794891,6874.82310293145,3647.15851646182,5711.18933292357,9939.68739666394,8037.26326924159,3211.41208923738,3515.78685278275,2993.39582988953,3597.98461072306,3587.52415884549,7145.99201240108,10721.4477367098,11712.3566986879,10591.5802150387,5788.45261477539,5422.37083872913,6810.30449695166,5069.99065267383,1e+09,1983.06291879506,1820.83776649651,5090.93608177317,3988.82445751878,4755.62484240504,4040.43744986852,3487.78878830126,3585.7682683492,2423.63552810648,3229.89903873171,3659.15261484131,3408.2449003116,2703.36553253533,2273.43912876505,1827.3672690513,3347.9591993183,4571.0213767494,3151.41446236448,4003.75361495934,3962.32436755246,3966.66796119867,1847.13043516152
8384.57117828336,16927.6741186378,12743.2930221391,18256.0407656206,21269.1764024233,16594.5460285872,4277.39816296075,2228.71347882585,5241.81623062083,7471.93337706514,8385.98451413428,3752.97230683894,3220.73128152598,7403.57027128804,4378.80299905123,6488.62240300667,10798.17904063,9212.48215339384,3912.05106983536,3912.60645287767,4006.42453592976,4036.65069396647,4032.06022591429,8053.31605250905,11564.0569966729,12656.3185076625,11511.4777551407,6716.59610336962,6200.52982505528,7918.26304575063,6034.18573667566,1983.06291879506,1e+09,3115.41459497769,6030.25929180496,4358.93144724714,5747.44731058929,4582.29435800451,3945.21293885387,3876.27631102325,2767.6595068758,3881.85926412847,4487.01761957762,3486.04258450754,2875.34943038233,2775.57148906311,2100.82870950965,3500.76835254777,5378.36793070165,4100.34479485567,4354.84010087627,4050.19579210685,4474.47103212212,1436.95331789171
6081.73204155691,14299.786902678,10145.2506956063,15756.7812670926,18783.5351277229,13874.4301998641,2268.11730201504,1098.96048987213,2355.78987908515,4756.07428048596,5816.62921538755,2420.04926104821,2187.7393014251,5201.47015182246,2052.36344941631,4035.6100631503,8223.48630285842,6381.37119406167,1783.41116773446,2117.47266317655,1427.86451440604,2287.807156624,2305.42022199858,5394.28942738522,8991.05499154021,10007.2045779328,8882.81881226337,4076.88973743465,3719.45859119308,5128.04088865329,3402.15966655006,1820.83776649651,3115.41459497769,1e+09,3356.75259478562,2443.77749699108,3021.0189449257,2459.92851018073,2068.82907073059,2197.67269460218,1360.00434087543,1805.49059025518,1957.87668396148,2455.7592509446,1925.47206180718,1422.848765927,1583.55459561709,2275.23908682143,2875.19880770009,1462.24916286521,2593.51145638495,2682.47964868329,2405.56949355033,2076.57114026946
3142.66767360152,11090.4693756035,6975.09889679709,12550.2840495743,15634.3859396204,10732.1722602975,3598.27237294511,4099.510052055,1382.90083426108,1668.26439909866,2783.51171420204,3082.04490238218,3352.52043149628,2517.41669627815,1742.44971689286,1470.08481598852,5046.95421892254,3422.63362371727,2379.19304740074,2539.54443550413,2195.21245766782,2671.16437133696,2661.50909726042,2100.2930067493,5771.89304896583,6795.12692599631,5703.38092154995,1272.34189265307,963.33032579692,2113.75667603913,1102.8413881878,5090.93608177317,6030.25929180496,3356.75259478562,1e+09,2286.83012224345,979.531900858773,1932.24782722093,2276.09530457316,2538.20579799984,3338.73257024279,2526.31198692877,1710.91505966836,3234.68258350027,3589.32946520656,3549.91346062126,4160.78622319148,3218.83724552827,1308.83820634943,2063.33456058391,2274.19467689114,2722.08626343839,1861.2737315344,4789.6412832278
4528.01642199982,12912.1678060193,8791.53190375261,14228.804291085,17316.745843443,12578.4041441472,2758.15993327073,2730.49289914843,2241.50535038398,3657.05850061221,4562.89139133291,1670.64085928125,2239.45328162925,3389.86016677679,1166.66839534634,2689.10325368886,6775.7090716987,5588.12429018897,1698.07555744731,1154.16128366013,1865.7278173142,1869.30047988546,1716.13284934471,3997.52587746471,7494.76356438947,8651.73812880395,7526.3576419474,2969.00585900399,2351.50904472001,4261.23961132204,2675.92773618796,3988.82445751878,4358.93144724714,2443.77749699108,2286.83012224345,1e+09,2122.63185804793,1107.2934352736,1184.63171412047,1033.82511132203,1705.66566536353,1743.44970523959,1401.32322153028,2075.53906376151,2276.91081353662,2026.64546783595,2545.35685979393,1857.9698488404,1910.72724003192,1493.8701016822,1376.74692372999,1176.79573316698,1164.50303267102,3023.70456182478
3284.64502929921,11394.2128365412,7242.76134597158,12835.4098884765,15888.58642219,10979.1166920887,3301.08959810242,3822.06291618806,922.111322997392,1924.838157846,2936.72172592161,2709.10746551332,3072.61717791202,2564.80095993822,1602.5072246015,1342.82801460202,5314.25267501462,3740.81318704904,2020.75520353159,2364.38412435459,1884.18325093394,2395.58305476976,2209.12744322278,2513.78192164714,6087.49293482136,7093.8576812902,6003.06722162096,1359.94836350503,1172.89985855571,2456.60937784174,1153.60001599341,4755.62484240504,5747.44731058929,3021.0189449257,979.531900858773,2122.63185804793,1e+09,1561.57996170545,2090.97902746536,2333.10130478726,3089.82297353748,2167.95512820261,1426.27089432548,3031.63191601487,3286.16420962191,3151.57716946611,3863.81799238784,2870.229549496,1102.94346727292,1958.84395271803,2064.38328093404,2547.94906927121,1829.7257381094,4469.48120750049
3888.73816047057,12419.2478214745,8240.49635878204,13736.9861073672,16777.3002238739,12085.003825018,3267.20029858899,3008.75521963818,1636.40075085536,3086.72399535495,3901.280908817,1210.54810061393,1802.68477555007,2883.96513188007,1055.96682727252,1989.91231254043,6274.93041131932,4994.31127848475,1020.93100011705,1098.02095503683,1428.7560077564,1157.98482835484,928.319311982682,3622.89337974498,7038.05369528395,8156.22794799165,7017.31824462166,2324.92783836402,1761.49615951895,3687.92722844418,1899.254866599,4040.43744986852,4582.29435800451,2459.92851018073,1932.24782722093,1107.2934352736,1561.57996170545,1e+09,859.931344992145,864.490625860107,1960.15192390794,1080.87120689747,811.266954460737,1651.88040983601,1979.10146384666,2232.69216554813,2883.52871587921,1423.82592981024,1102.91229252375,1541.6509684426,712.902818482295,1109.26177036802,782.938650661723,3331.49218369187
4509.86390812406,13022.7377407095,8850.74884744788,14356.6523167172,17406.5491191477,12716.1393080998,3022.60826171702,2434.47119978857,1938.51876624912,3653.27364825029,4516.57620996259,1144.67890379792,1240.99644701345,3576.66799882237,845.229438081756,2658.16257296276,6903.53993585899,5498.18566704508,731.495807165017,942.772445927436,1124.00158567504,1060.54881481241,932.036737097846,4168.1518252938,7656.91758875594,8753.54188750474,7627.77168587262,2929.31524983229,2327.40998560632,4183.05659966489,2338.37492442936,3487.78878830126,3945.21293885387,2068.82907073059,2276.09530457316,1184.63171412047,2090.97902746536,859.931344992145,1e+09,561.985159145684,1354.18539517305,920.180669977369,988.550086692627,1138.21624373403,1476.59464359722,1709.05595648592,2280.48162693761,1172.44215494838,1678.17599556781,1283.66554436894,678.809062918285,852.210156534173,714.267206723086,2740.18622358043
4583.17168433608,13140.7468057337,8971.57075102794,14432.8029252672,17475.9321519168,12841.9452670575,3244.61098449414,2512.94569278765,2211.86835724914,3841.92640969345,4660.75766556254,799.092430135588,1316.27414249464,3562.32271714678,1241.11303711628,2782.97190650571,7009.25355200538,5717.22286319153,1000.48119112755,784.133264375387,1509.67883104321,949.283433806785,980.724943090569,4340.46434854613,7752.09002091049,8893.59865623584,7748.23450488561,3087.48364471781,2477.35086622787,4410.87581490343,2553.14972210797,3585.7682683492,3876.27631102325,2197.67269460218,2538.20579799984,1033.82511132203,2333.10130478726,864.490625860107,561.985159145684,1e+09,1319.47355009489,964.636828604423,1158.90172085471,1072.92403048865,1365.40720973635,1832.75751754017,2330.26782286929,906.914970325223,1765.37397426154,1530.19102895684,689.424288954197,615.92999082688,799.997634684003,2664.50787666316
5798.69635810498,14282.4426899113,10113.2629141292,15632.3170120619,18686.7349887828,13944.1995749738,2599.23398540801,1273.24997070489,2713.45816356177,4820.19268754891,5764.40724825198,1595.56758788213,1473.41471195316,4803.83540124971,1738.81409549727,3882.30567281867,8151.25389516852,6626.45111546143,1494.44575645956,1499.04908095099,1611.61158270223,1755.95206486396,1770.38468034492,5337.98096648911,8899.79528626923,10001.510503349,8869.08701091042,4093.61948033766,3545.44758582044,5316.37985906763,3451.99785595241,2423.63552810648,2767.6595068758,1360.00434087543,3338.73257024279,1705.66566536353,3089.82297353748,1960.15192390794,1354.18539517305,1319.47355009489,1e+09,1492.21450103529,1842.09364924805,1565.61019963463,1202.87429866965,903.420909820002,1148.8065163029,1448.96461192122,2757.95934843137,1575.04380335913,1848.39649831956,1630.48922357678,1810.25676374928,1476.07859641687
4620.05125891478,13117.8518047697,8923.30923985043,14457.0231968238,17460.0324694228,12782.336401699,3327.50485033456,2434.07411407295,1745.68515675078,3728.66600705936,4560.14104198543,1008.14116848783,1206.64629809236,3768.32557513281,1425.33092683769,2771.75766539934,7024.12706149312,5471.60608679938,431.254338528901,1264.07366889751,1041.16505828807,548.727165356336,849.475925321018,4391.38041304781,7793.7730879209,8868.59762830066,7724.95360868918,2976.17714702939,2522.84420535633,4218.85439099289,2235.47199602232,3229.89903873171,3881.85926412847,1805.49059025518,2526.31198692877,1743.44970523959,2167.95512820261,1080.87120689747,920.180669977369,964.636828604423,1492.21450103529,1e+09,890.141805950041,1166.78818441909,1171.48841253339,1898.29749270234,2446.87925926066,940.798134617624,1564.78268411304,1481.9859240897,1022.1414131616,1417.28392663573,1105.97788169565,2759.49065432373
4158.56452260873,12524.8740028313,8349.19077093703,13913.2189951787,16951.2999837004,12163.9369462317,3012.1055986303,2710.05738944768,1075.29702026928,3032.71871971339,3995.05967501113,1598.82316573785,1909.80017918106,3285.22509769118,918.077540025896,2196.03078320865,6413.669252534,4819.23863196252,850.296217679463,1260.70669646036,915.089997923702,1199.08101265094,1290.5147578389,3650.08348383979,7173.24775062872,8245.30767949869,7106.65961829466,2308.18509747377,1853.1187426606,3525.91058274313,1652.93814001009,3659.15261484131,4487.01761957762,1957.87668396148,1710.91505966836,1401.32322153028,1426.27089432548,811.266954460737,988.550086692627,1158.90172085471,1842.09364924805,890.141805950041,1e+09,1843.18248494282,1973.00813586767,2178.18788884247,2773.51693016286,1671.45154647091,969.255179815924,1016.82231540225,1151.73858066837,1604.22261036304,819.410986929026,3268.26897008187
4997.96188295789,13595.9863281117,9418.7348984723,14854.8886480848,17852.2224515717,13340.7592072978,3869.81779055552,2626.10100866284,2778.71235082007,4431.10639424287,5131.69495337554,891.620213712094,590.607530260155,4133.61955040616,1956.26912276916,3364.53040378594,7531.61874249487,6198.42348469351,1207.71571977846,1493.96493288832,1845.32012352871,941.111949504415,1107.49137342013,5003.86412091695,8283.62788795465,9390.3847699016,8254.46680451863,3685.97992327685,3116.22131585675,4945.45493271347,3011.5415183756,3408.2449003116,3486.04258450754,2455.7592509446,3234.68258350027,2075.53906376151,3031.63191601487,1651.88040983601,1138.21624373403,1072.92403048865,1565.61019963463,1166.78818441909,1843.18248494282,1e+09,821.926892247723,2035.72724889657,2404.43372969604,667.024273171524,2375.45492203073,2200.53668678802,1135.06488475329,1146.14828438558,1523.44373250212,2536.47052109817
