1e+09,1859.18331772313,946.969991604803,1596.08104841202,1219.0575481904,1988.47901746536,1824.26435228012,1823.55701092672,1246.0977602901,1408.72774821823,1272.04233880009,1373.48881775572,1487.13159266421,1286.13378911371,1373.5459302841,1570.43827223486,1553.52031296665,976.578570469371,1062.31861567046,2699.19833317228,1277.19866226833,1544.97307714406,1585.16375292902,1721.22657308676,1882.99990188529,1323.47571549311,1567.00917304271,1712.08111075381,1568.77750853969,1320.987367767,671.0702767967,1505.42676809601,2149.3339766309,2094.77562963197,1683.66716122873,1842.72251147589,1845.51905947893,1636.40555413382,1681.32030044843,1570.7529746908,1319.72338760818,1103.86929905673,1009.28670822517,1571.88483999306,1397.47854706253,1414.40181126157,1647.93523565096,1169.51919184766,1139.61129456495,1958.17618377408,1275.80011302712,887.083430180048,1461.20919809588,1141.62403649363
1859.18331772313,1e+09,992.503921150944,920.330899731178,1273.06079112507,1549.06029960102,1739.78809959719,2421.91860148107,2239.47622195459,1722.08037939581,1787.9974201883,2455.52002557503,2783.41393551157,1839.82013919839,1799.18144551905,2683.76681841027,1449.95157812253,1410.31937616981,2490.56474814448,2721.7779912954,2241.98924422041,2605.81675913714,2478.48028709127,1221.77021030961,1150.46126531926,1095.90508366373,1328.52287353286,2130.23371288223,1910.70774327211,1725.34237179176,1858.60902007388,2930.51507732003,2846.06564070473,2764.10656122372,1738.92157888158,2297.08186615105,2093.37663118704,2140.69325866645,2479.38698653518,2171.184992625,2029.05630481266,2449.93913955021,2064.06625375737,2890.09883677012,2985.86155077559,2514.35889100979,2402.72719154714,2615.356746335,2058.85636468404,2099.51907750323,2379.07089114637,1914.32327081922,1620.89486306176,2205.34232716828
946.969991604803,992.503921150944,1e+09,1130.27499339762,913.276677902157,1524.82864247102,1402.39890066985,1766.2627636623,1338.08631111749,1064.97340605294,1004.19291916444,1626.59521329063,1988.89915045987,1113.37605574217,1246.91601409237,1874.08079759118,1045.18256309604,609.039089960571,1563.34387918973,2440.00860174713,1415.16138001996,1771.22051424999,1687.4568633894,1043.78443047403,1252.8598961975,778.644597810837,1088.23273990447,1489.81212849137,1354.21721282075,1107.24129863368,927.664230311808,2028.50735041804,2251.62537205904,2038.25955729392,1316.15131341347,1772.96535231233,1468.89913442006,1440.98118287506,1772.21351470414,1516.10414269601,1316.44194896699,1519.18006194131,1229.70063031618,2092.17300881165,2099.55970939147,1636.27679611366,1716.89036636007,1706.29788240506,1218.51003643794,1717.62800876674,1538.74322627266,1188.24804662158,1302.73184700459,1371.40725085585
1596.08104841202,920.330899731178,1130.27499339762,1e+09,863.838300551671,1308.24190415993,1882.19148396225,2746.42405320082,2379.28491810039,2085.44658102288,2105.01884219596,2534.13642659585,2808.74442034159,2026.60547537008,2031.99566704755,2677.14334875815,1794.60172392094,1656.72406308353,2511.75290088416,3156.76977907797,2459.73410412589,2812.67560330017,2701.83516664137,1788.97604193013,1504.29210840182,1248.55561141665,1552.86788140524,2498.98263017173,2240.46818482209,1987.74573587771,1917.87010287454,2902.97282160891,3112.44401353663,3124.74035020512,2188.42898799573,2434.62531979769,2530.8768385285,2516.87990390881,2767.42783266339,2474.37561194739,2255.14010178969,2497.33523626685,2082.77413482595,2917.23517164798,2848.46980338567,2655.93077021974,2619.14862377071,2577.33216838653,2192.38251183501,2439.78244767848,2554.04489441748,1875.44815076291,1701.89204519558,2302.79065844032
1219.0575481904,1273.06079112507,913.276677902157,863.838300551671,1e+09,1392.26939810512,1896.45784856927,2600.05262452513,1928.21990737571,1923.22949436618,1623.96706336674,2131.2587421287,2573.06771801677,1815.89471916739,2084.63177549418,2472.53621188851,1831.06866616192,1471.31924690055,2164.81502771022,3190.20001990471,2183.72849784491,2390.4023503377,2230.75852807963,1902.20733005107,1831.18771290657,1437.52412769317,1768.65201523646,2303.62198847814,2210.97060502848,1967.79336684521,1564.88057863851,2599.61752669503,2929.54130930083,2784.02064900748,2221.43353206888,2491.71033190056,2042.22163544998,2164.94238634657,2593.84050668116,2323.95290242724,2112.53628470614,2076.50439927297,1882.35623137599,2710.18222228691,2585.88085643945,2294.49963205488,2524.77739939584,2196.51280859002,1902.75695528883,2537.46723101994,2252.01333805997,1804.63882766054,1784.40670128757,2033.40954185329
1988.47901746536,1549.06029960102,1524.82864247102,1308.24190415993,1392.26939810512,1e+09,1194.11291924173,2698.71764425254,2207.11704639786,2050.4558586568,2272.80482008465,2644.80570065175,3247.23400407177,1878.2375457327,2292.73624407606,2401.13500036962,1668.71620196485,1913.15754134363,2681.0444065513,3207.67129062502,2626.5566593546,3041.25275312658,2886.22305220854,1912.02076688513,1612.43059180853,1401.77082599118,1571.08289911768,2360.590828225,2321.2228304495,2078.72394533281,2234.35567193319,2859.41942023202,3444.32728471033,2909.63740723823,2381.30984395143,2149.22075497144,2411.49548011187,2540.13592862666,2982.8843079476,2645.3061992518,2425.58775860615,2620.94276059207,2089.71251441436,3328.1713704826,3046.42806214097,2575.23138929301,2625.79288056008,2737.81722023221,2179.55263368426,2480.95146857007,2828.34191675971,2339.35990317865,2364.41126610833,2443.72361362737
1824.26435228012,1739.78809959719,1402.39890066985,1882.19148396225,1896.45784856927,1194.11291924173,1e+09,1782.58916127637,1512.92442580586,1243.01241803934,1839.05231662941,2225.07621979563,2700.19119924868,1246.06153439547,1591.51760109651,1504.91980420885,960.330745628817,1366.75574514981,2053.72150380717,2567.46701972976,1889.817185841,2459.72132858582,2429.89482179785,1238.33441610092,1404.98323054049,966.65986753356,1114.78000735571,1499.10680006462,1537.03954923092,1266.17903039025,1794.53557401351,2140.03202403609,2872.31268299606,1986.47114419012,1541.24138810246,1170.22159640813,1864.67257219599,1912.31671022349,2123.43233052057,1942.03600597414,1748.63043499763,2078.89414333679,1475.19323737604,2692.80483388604,2485.35621243716,1737.58139582006,1735.63482930598,2260.21611968856,1564.57892562184,1709.93758105376,2131.09331991821,1933.00916001451,2247.12043055106,1876.89240152439
1823.55701092672,2421.91860148107,1766.2627636623,2746.42405320082,2600.05262452513,2698.71764425254,1782.58916127637,1e+09,1182.28694939088,781.756372343712,1445.55391023649,1279.56428795118,1471.73415676881,927.118751832795,905.65000960636,1212.89752246428,1147.45284848659,1276.63050167227,1130.15870155479,1414.59369279663,745.539470987285,1214.92041212583,1377.21969478366,1341.58281235263,1803.40780828963,1720.74074973542,1460.51254671091,471.470229282825,583.476791312217,846.092885858285,1280.90349093911,1170.45858397467,1359.36742067772,826.035463282298,974.848044825449,1061.30995595066,1569.83126309804,920.467581992978,817.144834652952,573.438496614938,644.309277831695,1153.54829508781,957.289384094486,1478.95205016931,1552.26959739602,1091.3484332696,392.35084376104,1316.34096107354,838.339039768518,840.628437896316,1069.12518719746,1347.71852751233,1822.87580353133,895.413989839337
1246.0977602901,2239.47622195459,1338.08631111749,2379.28491810039,1928.21990737571,2207.11704639786,1512.92442580586,1182.28694939088,1e+09,880.185152112895,882.157244089737,1219.60075299255,1697.81924476665,915.315885091043,1409.8124056058,1052.15591045244,1338.43314685493,986.220332735033,906.479464411632,2385.77978795194,851.928129069583,1177.57053347135,1240.67068467019,1553.55505911442,2053.66289402618,1553.18101163387,1682.54023304051,973.149335610933,1282.45210557744,1125.89923483409,898.157678250317,1166.58064046169,2027.66639240778,1003.53112841605,1412.57135968418,1502.16598300587,1007.61262908918,985.635824734471,1262.33108370982,1270.45498759303,1134.94713313,858.122996195767,934.078466190073,1709.867704707,1566.24171419995,552.934246995065,1227.62285222295,1181.32883715755,779.76319565622,1737.3531021931,1013.95389165386,1459.70860417413,2052.00701178139,1022.32579313055
1408.72774821823,1722.08037939581,1064.97340605294,2085.44658102288,1923.22949436618,2050.4558586568,1243.01241803934,781.756372343712,880.185152112895,1e+09,943.202830943589,1327.01423922278,1704.93751771143,577.964560418716,772.436368511996,1283.25888264995,615.518699472242,628.320457171339,1187.7722269863,1764.97103064045,788.318329547144,1338.07884704153,1369.94990492353,751.582916450341,1343.75504348821,1076.21246262065,1012.79835683121,486.119672714446,563.728957656071,473.556148941179,934.891957821865,1478.80737119478,1747.91194786808,1101.03068508557,678.753704814935,1094.05847837307,1131.69367334982,805.611107296815,1059.67476468018,807.67954975968,692.641031992763,1173.37220769882,830.66627245844,1743.14243158728,1792.36197635969,1035.82768484917,866.58258065807,1427.28176506953,694.970118134586,1010.02247494796,1090.32709174816,1193.54604465014,1569.93002149777,936.610058188572
1272.04233880009,1787.9974201883,1004.19291916444,2105.01884219596,1623.96706336674,2272.80482008465,1839.05231662941,1445.55391023649,882.157244089737,943.202830943589,1e+09,1224.93881961509,1721.02771023595,1109.82529129589,1438.33508609781,1819.46125190948,1374.47586544835,817.15666515057,1236.96460866914,2293.14363198209,985.948358891073,1061.14534951627,960.534747471428,1366.66711345521,1880.75848226188,1540.2469592244,1672.80476945159,1160.38806495931,1338.5167923489,1261.0919493439,790.821673387876,1759.07084450854,1852.46996893337,1373.8456098849,1355.41293822215,1972.91285240884,672.446812915341,771.635833214088,1391.53243390156,1235.90365789571,1175.02387588508,1076.22348427267,1278.01495292504,1838.83561388722,1955.29928844666,1208.84416927907,1566.00298958846,1402.32593336927,1013.1112176854,1809.08183104027,1091.59761281344,1429.9595867716,1687.85554775875,1149.34152704929
1373.48881775572,2455.52002557503,1626.59521329063,2534.13642659585,2131.2587421287,2644.80570065175,2225.07621979563,1279.56428795118,1219.60075299255,1327.01423922278,1224.93881961509,1e+09,1184.51229221144,1019.31656368373,1444.13781402607,1685.14352670626,1602.09401362717,1450.85294223777,962.999436915724,1831.66331597813,1017.7258123876,781.426741671924,612.067583441567,1922.34379974031,2028.32960442823,2036.68010418917,1772.59967220464,1208.32230729222,1294.88385818961,1477.54283914207,968.218491612302,1168.84201618525,1160.2801616851,1452.46661462493,1790.24683636084,1856.44998526758,1586.33680812115,897.734045973528,1512.76983120368,955.538551289272,929.995282192335,584.532427757435,954.428442943734,1462.96482497017,1280.96318245295,1447.51397713459,1306.45744951759,562.519945068618,715.312188068958,1596.98199839572,1220.31233587963,1171.8580465227,1467.35865182988,565.644960023512
1487.13159266421,2783.41393551157,1988.89915045987,2808.74442034159,2573.06771801677,3247.23400407177,2700.19119924868,1471.73415676881,1697.81924476665,1704.93751771143,1721.02771023595,1184.51229221144,1e+09,1684.18633553417,1383.52249981704,1789.00267439711,2052.61044957391,1633.95654825947,839.638767982994,2185.07641479652,1016.88498041814,972.275540060532,1303.23969073229,2162.67298743939,2451.65208530901,2227.54792859772,2137.55114434719,1700.53462572804,1503.11289695751,1579.14877016068,1140.47236454901,1157.41279334557,1132.94192657876,1866.48908563645,1757.6450813233,2045.10907860681,2228.21144409591,1571.96527674755,1143.45700802435,1159.40825044503,1126.26529126134,963.657622446894,1302.24578413601,396.602430022813,821.160004749379,1534.53526886807,1313.17425911415,850.846783739587,1320.60021270633,1782.3442720754,907.327136428752,1006.9887846446,1631.02309165137,989.268346910989
1286.13378911371,1839.82013919839,1113.37605574217,2026.60547537008,1815.89471916739,1878.2375457327,1246.06153439547,927.118751832795,915.315885091043,577.964560418716,1109.82529129589,1019.31656368373,1684.18633553417,1e+09,929.001172927139,1232.61639912829,651.120276369889,907.239354966483,1159.86726977702,1694.71262593397,967.718819389186,1362.0755502541,1286.06334326891,1120.38378272804,1274.30314533081,1222.66278016467,930.207960350802,631.347741819039,709.003268257629,760.715180668823,939.63031235694,1316.48678132369,1691.504624469,1267.39810233407,1167.22025046689,1059.75658214516,1338.62932800682,864.184176608204,1391.82862989666,858.805181982503,689.928991636096,1027.55937847893,546.99077204282,1802.15356956615,1627.21559800784,1212.62994297519,938.424205463606,1181.24828998818,408.656112887107,1032.83006462825,1302.91746641911,1101.60473682714,1428.08463219096,722.590173334789
1373.5459302841,1799.18144551905,1246.91601409237,2031.99566704755,2084.63177549418,2292.73624407606,1591.51760109651,905.65000960636,1409.8124056058,772.436368511996,1438.33508609781,1444.13781402607,1383.52249981704,929.001172927139,1e+09,1391.69935226686,842.539940774323,852.413261452448,1186.20290642031,1640.51019759098,897.662056177045,1492.88000733482,1626.62028334827,916.893790196007,1259.7002867746,1094.49951936947,904.404876368986,974.143630990831,444.559522111494,406.587792241725,1007.57359095999,1452.26528069082,1549.1474489215,1604.45101430365,644.352851937508,1023.30552578397,1830.84709145794,1274.97572439635,996.415480961632,736.20344029351,556.306087689143,1300.70493879281,812.175748345147,1403.74538054449,1540.136399901,1372.43289274922,717.025239792854,1396.86207296927,924.778764732409,720.654740010777,1110.69573205266,742.159889174833,1207.55537371998,915.981299863703
1570.43827223486,2683.76681841027,1874.08079759118,2677.14334875815,2472.53621188851,2401.13500036962,1504.91980420885,1212.89752246428,1052.15591045244,1283.25888264995,1819.46125190948,1685.14352670626,1789.00267439711,1232.61639912829,1391.69935226686,1e+09,1509.89978505197,1468.5625710197,1106.42142391586,2463.84079662222,1217.05667706972,1763.54665223237,1963.92713187124,1830.2495465373,2201.53760631064,1680.17156439454,1726.17256730027,1290.29858602573,1370.40670415757,1178.25290184238,1428.07824929168,857.413339527675,2273.76908444987,1398.35946365732,1561.81897821098,956.069379804625,1981.42248881959,1693.4674944917,1373.74694765812,1512.88868691652,1327.80181800599,1306.42506509176,959.551057057414,1667.09492156266,1314.21584368779,854.985707248958,1011.96643284251,1410.30815313534,1149.11085670618,1637.49675083647,1364.44028953267,1538.74496236381,2326.32516246117,1290.21847506537
1553.52031296665,1449.95157812253,1045.18256309604,1794.60172392094,1831.06866616192,1668.71620196485,960.330745628817,1147.45284848659,1338.43314685493,615.518699472242,1374.47586544835,1602.09401362717,2052.61044957391,651.120276369889,842.539940774323,1509.89978505197,1e+09,896.437022495167,1612.44567728653,1715.09067416274,1308.24219825688,1832.31591978567,1784.4277720883,609.811651003816,797.015972424643,833.32717206389,464.341717919034,869.436899953067,708.270957684981,646.29123295926,1277.89562022882,1808.88321682192,2012.62320887443,1605.04980305908,911.900771246521,967.907456888312,1559.1647011461,1245.33127319601,1559.10948002377,1123.88346846993,975.459049678663,1581.05246927482,986.112036535403,2121.99399023654,2072.23049396055,1550.20934434676,1142.81234518183,1741.03571850206,986.581023991441,890.312340529996,1610.27342491889,1292.40634496276,1446.75958216975,1225.25275829112
976.578570469371,1410.31937616981,609.039089960571,1656.72406308353,1471.31924690055,1913.15754134363,1366.75574514981,1276.63050167227,986.220332735033,628.320457171339,817.15666515057,1450.85294223777,1633.95654825947,907.239354966483,852.413261452448,1468.5625710197,896.437022495167,1e+09,1152.79848850525,2203.44578932635,898.944037968994,1412.27666021924,1465.71108677665,835.146274732756,1402.24579222047,809.133996690289,1097.36578053993,1080.25205267104,953.687893705273,640.981104167666,647.478819962476,1631.41359752823,1949.5403321296,1569.48051826074,822.842176301142,1436.01270419171,1272.20185049386,1131.75910868877,1187.71033050993,1114.7951704237,920.646843420429,1203.0879627442,940.154525118079,1664.89004114386,1768.28304991028,1135.41097202731,1230.07637535236,1448.29209892204,918.376719326007,1403.6499236633,1025.68797618964,988.135174356221,1409.9787983867,1063.45500017631
1062.31861567046,2490.56474814448,1563.34387918973,2511.75290088416,2164.81502771022,2681.0444065513,2053.72150380717,1130.15870155479,906.479464411632,1187.7722269863,1236.96460866914,962.999436915724,839.638767982994,1159.86726977702,1186.20290642031,1106.42142391586,1612.44567728653,1152.79848850525,1e+09,2255.77212585846,550.854471979669,822.941008274591,1117.53461234988,1801.97635298025,2199.67720206852,1775.52781867815,1806.34735109281,1229.03614365079,1225.1471831172,1154.75497799317,681.831108999875,664.815688217419,1529.06859136535,1337.32747205013,1456.14381054894,1583.23948242204,1662.89452867583,1191.8470117427,924.854757948512,1022.28154659076,876.060141200363,417.852064731048,776.221497125659,844.474251472477,758.261799710364,771.423803690293,991.113349269396,574.924869961285,785.893275642437,1636.47374977419,536.906209872823,954.975162975457,1752.57470865011,651.01417795621
2699.19833317228,2721.7779912954,2440.00860174713,3156.76977907797,3190.20001990471,3207.67129062502,2567.46701972976,1414.59369279663,2385.77978795194,1764.97103064045,2293.14363198209,1831.66331597813,2185.07641479652,1694.71262593397,1640.51019759098,2463.84079662222,1715.09067416274,2203.44578932635,2255.77212585846,1e+09,1912.97797381465,2035.21380967701,1967.77557317902,1904.22372380453,1828.04183702124,2445.42225337466,1802.61711769305,1482.21100461439,1347.07410787232,1815.76984797083,2207.50887395725,2270.46522772316,1321.34121070222,1952.12902655024,1832.3895823214,1901.89387019886,2405.34588230051,1636.36774980443,1993.87651761587,1289.10921116095,1478.76055729114,2123.95221636458,1891.54089995432,2360.9506647535,2462.54160714088,2462.91728084806,1563.19871785388,2129.15084545459,1756.03964713215,1050.52182866421,2215.74094546271,1999.28249897307,1819.93320234562,1711.55986559045
1277.19866226833,2241.98924422041,1415.16138001996,2459.73410412589,2183.72849784491,2626.5566593546,1889.817185841,745.539470987285,851.928129069583,788.318329547144,985.948358891073,1017.7258123876,1016.88498041814,967.718819389186,897.662056177045,1217.05667706972,1308.24219825688,898.944037968994,550.854471979669,1912.97797381465,1e+09,729.710619218331,1006.68040315683,1398.36078756521,1933.61006792993,1588.52214570651,1577.02239822394,824.882943392576,840.636959453961,836.670626650655,673.448173581308,999.382335845496,1348.36735877134,1025.46599885125,1008.34267940021,1429.76092498012,1353.63484248892,819.81244251353,554.541438127035,640.147322575046,567.347922442658,646.97035905828,799.221657301653,1029.99275584831,1210.67608541674,739.258303166086,738.276223103521,911.6912753778,668.013510192721,1300.45391498507,374.588367278003,985.270810488162,1628.2373471641,618.380383744504
1544.97307714406,2605.81675913714,1771.22051424999,2812.67560330017,2390.4023503377,3041.25275312658,2459.72132858582,1214.92041212583,1177.57053347135,1338.07884704153,1061.14534951627,781.426741671924,972.275540060532,1362.0755502541,1492.88000733482,1763.54665223237,1832.31591978567,1412.27666021924,822.941008274591,2035.21380967701,729.710619218331,1e+09,476.405127071487,1941.69166089779,2363.31092127126,2171.28079529111,2087.1455704622,1247.46112576705,1376.02340350737,1503.1988545432,961.370276584418,1242.51915116025,1108.98989553557,1219.2171842621,1633.11676946261,2059.13259349659,1411.01310404971,834.506617529184,1077.78860283453,952.277893789413,1017.15127581889,623.389979306694,1259.93464969418,1152.56373867132,1350.84202925435,1201.76019363266,1309.19646210949,832.512447354392,1005.08225514134,1771.54726609255,759.670216672998,1343.45427186786,1778.30723411339,841.081495219102
1585.16375292902,2478.48028709127,1687.4568633894,2701.83516664137,2230.75852807963,2886.22305220854,2429.89482179785,1377.21969478366,1240.67068467019,1369.94990492353,960.534747471428,612.067583441567,1303.23969073229,1286.06334326891,1626.62028334827,1963.92713187124,1784.4277720883,1465.71108677665,1117.53461234988,1967.77557317902,1006.68040315683,476.405127071487,1e+09,1944.41570670986,2244.68578663028,2188.2121503867,2033.19428146943,1269.60319304892,1451.36779036191,1620.64850087858,1043.12770637156,1494.20639180135,1175.38719531055,1338.34247481726,1781.54004108805,2168.75305111025,1272.78189172379,700.803413091004,1441.83286177698,1051.77400780776,1119.5082967982,772.057778278284,1326.6847099443,1554.65696389911,1628.69868284468,1453.96618533582,1517.43565553865,952.057489808257,1000.9732832099,1821.18093354285,1133.25267941444,1455.15704633555,1678.71027226261,907.604106039632
1721.22657308676,1221.77021030961,1043.78443047403,1788.97604193013,1902.20733005107,1912.02076688513,1238.33441610092,1341.58281235263,1553.55505911442,751.582916450341,1366.66711345521,1922.34379974031,2162.67298743939,1120.38378272804,916.893790196007,1830.2495465373,609.811651003816,835.146274732756,1801.97635298025,1904.22372380453,1398.36078756521,1941.69166089779,1944.41570670986,1e+09,958.871673478782,792.132313821372,807.258833026929,1116.9218273899,899.661129092504,747.055298154025,1393.66304776298,2133.46828694499,2141.95536750886,1761.82322932807,630.589943703513,1339.57376937592,1559.21526108488,1391.44033465327,1505.41013076171,1282.98343247292,1186.44944531994,1828.62649124965,1372.80342055955,2191.47155639766,2342.20430701508,1678.50476525984,1372.2894966442,2041.12249749984,1342.55163639988,1116.70083487029,1618.8733695691,1453.65300893989,1547.62071299786,1521.21696401269
1882.99990188529,1150.46126531926,1252.8598961975,1504.29210840182,1831.18771290657,1612.43059180853,1404.98323054049,1803.40780828963,2053.66289402618,1343.75504348821,1880.75848226188,2028.32960442823,2451.65208530901,1274.30314533081,1259.7002867746,2201.53760631064,797.015972424643,1402.24579222047,2199.67720206852,1828.04183702124,1933.61006792993,2363.31092127126,2244.68578663028,958.871673478782,1e+09,1057.49057017072,484.003921161802,1573.92187001134,1261.99047389432,1274.76258232661,1751.45552444246,2425.0085726034,2300.45336901229,2343.76205067835,1428.51502109708,1529.25677340334,2138.75024979543,1807.78610590413,2169.27846345277,1615.71991842646,1492.30924084119,2139.91301629295,1542.73120027437,2579.1670455207,2550.28371025657,2292.62876846645,1761.41610410488,2220.72798775537,1583.49240737049,1214.80832479861,2200.77908566489,1558.00404819756,1263.30891230134,1726.50965343377
1323.47571549311,1095.90508366373,778.644597810837,1248.55561141665,1437.52412769317,1401.77082599118,966.65986753356,1720.74074973542,1553.18101163387,1076.21246262065,1540.2469592244,2036.68010418917,2227.54792859772,1222.66278016467,1094.49951936947,1680.17156439454,833.32717206389,809.133996690289,1775.52781867815,2445.42225337466,1588.52214570651,2171.28079529111,2188.2121503867,792.132313821372,1057.49057017072,1e+09,784.939973564858,1518.42329667982,1272.73955285439,901.738489751879,1331.49195600274,2092.2310210395,2516.64183947577,2130.26403166368,1100.31935623254,1346.54296329527,1860.79583060582,1779.62631732058,1784.08463829494,1647.147002365,1423.40747992274,1858.87440487517,1295.43662002431,2231.43109606817,2218.84303771132,1700.08778379235,1598.58774203983,2022.62049154062,1428.61970146012,1517.43617289163,1742.11876492391,1341.80929986343,1596.25997885683,1614.1050443512
1567.00917304271,1328.52287353286,1088.23273990447,1552.86788140524,1768.65201523646,1571.08289911768,1114.78000735571,1460.51254671091,1682.54023304051,1012.79835683121,1672.80476945159,1772.59967220464,2137.55114434719,930.207960350802,904.404876368986,1726.17256730027,464.341717919034,1097.36578053993,1806.34735109281,1802.61711769305,1577.02239822394,2087.1455704622,2033.19428146943,807.258833026929,484.003921161802,784.939973564858,1e+09,1265.8683795719,936.067906030327,868.915683596516,1432.88068016845,1994.28739897237,2133.39570260653,2023.125709762,1146.43573121218,1094.60470120496,1956.62990795398,1590.56774046251,1816.99552770501,1339.78133249422,1162.57859734299,1793.5568034495,1125.17553430565,2224.91491131684,2147.93636146418,1876.10330869598,1364.22781275709,1879.21751473852,1228.56959766226,972.664444142995,1846.61723987404,1243.22861143878,1259.01719106611,1391.03663485186
1712.08111075381,2130.23371288223,1489.81212849137,2498.98263017173,2303.62198847814,2360.590828225,1499.10680006462,471.470229282825,973.149335610933,486.119672714446,1160.38806495931,1208.32230729222,1700.53462572804,631.347741819039,974.143630990831,1290.29858602573,869.436899953067,1080.25205267104,1229.03614365079,1482.21100461439,824.882943392576,1247.46112576705,1269.60319304892,1116.9218273899,1573.92187001134,1518.42329667982,1265.8683795719,1e+09,584.268640866511,789.916866132127,1180.311368072,1361.82946593911,1542.12724899731,781.224964974878,959.007653358408,1104.14041330802,1207.50044898542,658.967966899758,1076.27138078646,676.108490480633,692.618898240584,1149.72328618672,912.306686153291,1760.4622712799,1768.53025213028,1095.14767145806,728.886042601997,1374.41444932015,687.086770721137,922.675120017875,1185.10989406046,1392.20380113689,1746.45581856513,901.800551175258
1568.77750853969,1910.70774327211,1354.21721282075,2240.46818482209,2210.97060502848,2321.2228304495,1537.03954923092,583.476791312217,1282.45210557744,563.728957656071,1338.5167923489,1294.88385818961,1503.11289695751,709.003268257629,444.559522111494,1370.40670415757,708.270957684981,953.687893705273,1225.1471831172,1347.07410787232,840.636959453961,1376.02340350737,1451.36779036191,899.661129092504,1261.99047389432,1272.73955285439,936.067906030327,584.268640866511,1e+09,478.448063952609,1094.83006037467,1416.3544199105,1416.43865592549,1283.68093224134,682.93923368042,957.306128362291,1603.12263467272,977.44965594142,1001.0806235264,504.053796136881,429.117479368995,1239.43053984481,800.263179272919,1562.27214629846,1647.63672834761,1312.5844850523,571.677120934536,1374.08178788601,761.400800629997,504.439352350706,1159.57523304872,1013.29259969665,1348.95015189591,833.437447922758
1320.987367767,1725.34237179176,1107.24129863368,1987.74573587771,1967.79336684521,2078.72394533281,1266.17903039025,846.092885858285,1125.89923483409,473.556148941179,1261.0919493439,1477.54283914207,1579.14877016068,760.715180668823,406.587792241725,1178.25290184238,646.29123295926,640.981104167666,1154.75497799317,1815.76984797083,836.670626650655,1503.1988545432,1620.64850087858,747.055298154025,1274.76258232661,901.738489751879,868.915683596516,789.916866132127,478.448063952609,1e+09,955.106747332464,1418.22187964366,1780.51752928748,1399.95333854382,522.486072350259,877.275294477167,1570.37334946184,1171.33145667655,985.917859813889,850.026560937951,652.917367206602,1265.62840304728,748.069300666723,1566.79250540715,1632.02968879246,1123.61307695309,724.591538523602,1442.31128113871,827.735642158775,869.318708127232,1078.51565088319,954.051479061796,1459.79660686001,962.115713674816
671.0702767967,1858.60902007388,927.664230311808,1917.87010287454,1564.88057863851,2234.35567193319,1794.53557401351,1280.90349093911,898.157678250317,934.891957821865,790.821673387876,968.218491612302,1140.47236454901,939.63031235694,1007.57359095999,1428.07824929168,1277.89562022882,647.478819962476,681.831108999875,2207.50887395725,673.448173581308,961.370276584418,1043.12770637156,1393.66304776298,1751.45552444246,1331.49195600274,1432.88068016845,1180.311368072,1094.83006037467,955.106747332464,1e+09,1256.97936009308,1619.06859715702,1538.6623902273,1239.94637069512,1635.54638292529,1383.55858303868,1027.28440492397,1134.91008793648,990.64636520809,793.747543618246,664.887007543387,748.83189154843,1251.76826681299,1283.82927949942,1044.05030783962,1197.66281177133,875.672905427592,694.620950663022,1551.78329637227,736.676926610302,719.718997595589,1310.2453245862,671.571379005985
1505.42676809601,2930.51507732003,2028.50735041804,2902.97282160891,2599.61752669503,2859.41942023202,2140.03202403609,1170.45858397467,1166.58064046169,1478.80737119478,1759.07084450854,1168.84201618525,1157.41279334557,1316.48678132369,1452.26528069082,857.413339527675,1808.88321682192,1631.41359752823,664.815688217419,2270.46522772316,999.382335845496,1242.51915116025,1494.20639180135,2133.46828694499,2425.0085726034,2092.2310210395,1994.28739897237,1361.82946593911,1416.3544199105,1418.22187964366,1256.97936009308,1e+09,1704.37665878174,1376.03037946115,1783.73437986153,1452.12810144284,2040.50703787074,1510.01836137843,1245.13850225587,1268.2660574974,1148.71644904215,811.204246475572,910.528508230247,1117.85573322321,634.813142428542,982.844972922994,983.874048443194,762.737691739434,1005.69114950864,1695.1866126772,1094.10991975212,1326.13635271792,2116.87211826789,919.021328044132
2149.3339766309,2846.06564070473,2251.62537205904,3112.44401353663,2929.54130930083,3444.32728471033,2872.31268299606,1359.36742067772,2027.66639240778,1747.91194786808,1852.46996893337,1160.2801616851,1132.94192657876,1691.504624469,1549.1474489215,2273.76908444987,2012.62320887443,1949.5403321296,1529.06859136535,1321.34121070222,1348.36735877134,1108.98989553557,1175.38719531055,2141.95536750886,2300.45336901229,2516.64183947577,2133.39570260653,1542.12724899731,1416.43865592549,1780.51752928748,1619.06859715702,1704.37665878174,1e+09,1773.15029915684,1847.87628933866,2186.77201472856,2182.63593803456,1329.85692828214,1478.69986467843,961.389628818618,1167.00120921103,1389.76358798898,1619.02172039167,1406.55097955958,1676.74372848089,2019.90832648415,1427.54933596006,1332.81245019695,1451.01049231217,1509.22492326359,1484.62530515279,1495.88772239096,1569.86593048579,1181.50962112037
2094.77562963197,2764.10656122372,2038.25955729392,3124.74035020512,2784.02064900748,2909.63740723823,1986.47114419012,826.035463282298,1003.53112841605,1101.03068508557,1373.8456098849,1452.46661462493,1866.48908563645,1267.39810233407,1604.45101430365,1398.35946365732,1605.04980305908,1569.48051826074,1337.32747205013,1952.12902655024,1025.46599885125,1219.2171842621,1338.34247481726,1761.82322932807,2343.76205067835,2130.26403166368,2023.125709762,781.224964974878,1283.68093224134,1399.95333854382,1538.6623902273,1376.03037946115,1773.15029915684,1e+09,1473.01170114158,1607.56164584752,1196.85951447946,913.140219407731,1156.35048103938,1173.62962411487,1253.15923341769,1271.6755332631,1404.32882434991,1861.99418895441,1892.82691152678,973.500114021565,1124.08234342507,1545.80614961903,1154.9101820488,1602.66085314392,1258.42371866554,1917.60395269722,2399.40785022055,1304.30667153089
1683.66716122873,1738.92157888158,1316.15131341347,2188.42898799573,2221.43353206888,2381.30984395143,1541.24138810246,974.848044825449,1412.57135968418,678.753704814935,1355.41293822215,1790.24683636084,1757.6450813233,1167.22025046689,644.352851937508,1561.81897821098,911.900771246521,822.842176301142,1456.14381054894,1832.3895823214,1008.34267940021,1633.11676946261,1781.54004108805,630.589943703513,1428.51502109708,1100.31935623254,1146.43573121218,959.007653358408,682.93923368042,522.486072350259,1239.94637069512,1783.73437986153,1847.87628933866,1473.01170114158,1e+09,1219.41423179328,1597.79213238143,1280.7188878907,934.71275111662,992.849396686124,927.302143208998,1580.40260376905,1231.61594890615,1712.39436900499,1981.33065218807,1337.55137034059,973.279304054083,1796.32964143556,1220.46311484616,992.135710525531,1181.3254865616,1277.47048196817,1640.72500297887,1312.19867379143
1842.72251147589,2297.08186615105,1772.96535231233,2434.62531979769,2491.71033190056,2149.22075497144,1170.22159640813,1061.30995595066,1502.16598300587,1094.05847837307,1972.91285240884,1856.44998526758,2045.10907860681,1059.75658214516,1023.30552578397,956.069379804625,967.907456888312,1436.01270419171,1583.23948242204,1901.89387019886,1429.76092498012,2059.13259349659,2168.75305111025,1339.57376937592,1529.25677340334,1346.54296329527,1094.60470120496,1104.14041330802,957.306128362291,877.275294477167,1635.54638292529,1452.12810144284,2186.77201472856,1607.56164584752,1219.41423179328,1e+09,2121.86021778062,1702.93460623126,1519.23970300937,1347.51455227764,1188.7249743738,1699.69263430186,1022.5035841013,1993.85073154938,1796.41618429583,1457.46420697045,869.024521633308,1776.14675322733,1219.10893573954,965.136391190385,1700.48625542814,1493.60078756005,2005.11914670924,1386.5866885269
1845.51905947893,2093.37663118704,1468.89913442006,2530.8768385285,2042.22163544998,2411.49548011187,1864.67257219599,1569.83126309804,1007.61262908918,1131.69367334982,672.446812915341,1586.33680812115,2228.21144409591,1338.62932800682,1830.84709145794,1981.42248881959,1559.1647011461,1272.20185049386,1662.89452867583,2405.34588230051,1353.63484248892,1411.01310404971,1272.78189172379,1559.21526108488,2138.75024979543,1860.79583060582,1956.62990795398,1207.50044898542,1603.12263467272,1570.37334946184,1383.55858303868,2040.50703787074,2182.63593803456,1196.85951447946,1597.79213238143,2121.86021778062,1e+09,894.867888182384,1674.83549036913,1550.9575021257,1552.49917761653,1484.42140832716,1652.21642211304,2314.12474095499,2392.06386469927,1363.71603305087,1802.77166468746,1832.93303909335,1341.82483133977,2025.50454465054,1511.86180105855,1996.33427872188,2223.2506400089,1566.26651997672
1636.40555413382,2140.69325866645,1440.98118287506,2516.87990390881,2164.94238634657,2540.13592862666,1912.31671022349,920.467581992978,985.635824734471,805.611107296815,771.635833214088,897.734045973528,1571.96527674755,864.184176608204,1274.97572439635,1693.4674944917,1245.33127319601,1131.75910868877,1191.8470117427,1636.36774980443,819.81244251353,834.506617529184,700.803413091004,1391.44033465327,1807.78610590413,1779.62631732058,1590.56774046251,658.967966899758,977.44965594142,1171.33145667655,1027.28440492397,1510.01836137843,1329.85692828214,913.140219407731,1280.7188878907,1702.93460623126,894.867888182384,1e+09,1209.26305455017,745.20353105712,832.015545768227,954.602314788729,1119.47701977307,1728.34972763038,1812.87305857305,1231.61828165223,1164.37368189941,1223.38515762617,748.618045267411,1360.28945849771,1104.9398706717,1425.63846963387,1645.41203247089,859.957652969028
1681.32030044843,2479.38698653518,1772.21351470414,2767.42783266339,2593.84050668116,2982.8843079476,2123.43233052057,817.144834652952,1262.33108370982,1059.67476468018,1391.53243390156,1512.76983120368,1143.45700802435,1391.82862989666,996.415480961632,1373.74694765812,1559.10948002377,1187.71033050993,924.854757948512,1993.87651761587,554.541438127035,1077.78860283453,1441.83286177698,1505.41013076171,2169.27846345277,1784.08463829494,1816.99552770501,1076.27138078646,1001.0806235264,985.917859813889,1134.91008793648,1245.13850225587,1478.69986467843,1156.35048103938,934.71275111662,1519.23970300937,1674.83549036913,1209.26305455017,1e+09,880.228304816427,891.058937949674,1147.642265473,1213.20820484367,1003.28549919751,1419.94944846639,935.383123110525,795.539286647743,1353.73565647064,1163.89260595641,1369.72564559477,546.104749933564,1273.72799019257,1920.68374026022,1091.77922374443
1570.7529746908,2171.184992625,1516.10414269601,2474.37561194739,2323.95290242724,2645.3061992518,1942.03600597414,573.438496614938,1270.45498759303,807.67954975968,1235.90365789571,955.538551289272,1159.40825044503,858.805181982503,736.20344029351,1512.88868691652,1123.88346846993,1114.7951704237,1022.28154659076,1289.10921116095,640.147322575046,952.277893789413,1051.77400780776,1282.98343247292,1615.71991842646,1647.147002365,1339.78133249422,676.108490480633,504.053796136881,850.026560937951,990.64636520809,1268.2660574974,961.389628818618,1173.62962411487,992.849396686124,1347.51455227764,1550.9575021257,745.20353105712,880.228304816427,1e+09,291.61192756813,959.44888415173,860.10045814428,1292.55680567625,1449.57718214657,1290.22588898224,648.340621124421,1078.36674763273,690.784324083863,824.825155896691,948.830415985912,982.623559762333,1320.87358028693,591.261277947406
1319.72338760818,2029.05630481266,1316.44194896699,2255.14010178969,2112.53628470614,2425.58775860615,1748.63043499763,644.309277831695,1134.94713313,692.641031992763,1175.02387588508,929.995282192335,1126.26529126134,689.928991636096,556.306087689143,1327.80181800599,975.459049678663,920.646843420429,876.060141200363,1478.76055729114,567.347922442658,1017.15127581889,1119.5082967982,1186.44944531994,1492.30924084119,1423.40747992274,1162.57859734299,692.618898240584,429.117479368995,652.917367206602,793.747543618246,1148.71644904215,1167.00120921103,1253.15923341769,927.302143208998,1188.7249743738,1552.49917761653,832.015545768227,891.058937949674,291.61192756813,1e+09,855.255399398332,598.743698421954,1240.36386072797,1310.85287698506,1171.69918165884,581.416940155685,969.73984258666,512.607757549571,826.985769829203,880.822014143607,754.251948423072,1225.12840510699,438.225720719357
1103.86929905673,2449.93913955021,1519.18006194131,2497.33523626685,2076.50439927297,2620.94276059207,2078.89414333679,1153.54829508781,858.122996195767,1173.37220769882,1076.22348427267,584.532427757435,963.657622446894,1027.55937847893,1300.70493879281,1306.42506509176,1581.05246927482,1203.0879627442,417.852064731048,2123.95221636458,646.97035905828,623.389979306694,772.057778278284,1828.62649124965,2139.91301629295,1858.87440487517,1793.5568034495,1149.72328618672,1239.43053984481,1265.62840304728,664.887007543387,811.204246475572,1389.76358798898,1271.6755332631,1580.40260376905,1699.69263430186,1484.42140832716,954.602314788729,1147.642265473,959.44888415173,855.255399398332,1e+09,779.129842067418,1112.78661018184,959.984685034089,949.422359911541,1112.18923385366,375.635448407096,628.23753986848,1644.91533347464,757.260093098798,1037.23731937296,1656.09415354321,498.246601292974
1009.28670822517,2064.06625375737,1229.70063031618,2082.77413482595,1882.35623137599,2089.71251441436,1475.19323737604,957.289384094486,934.078466190073,830.66627245844,1278.01495292504,954.428442943734,1302.24578413601,546.99077204282,812.175748345147,959.551057057414,986.112036535403,940.154525118079,776.221497125659,1891.54089995432,799.221657301653,1259.93464969418,1326.6847099443,1372.80342055955,1542.73120027437,1295.43662002431,1125.17553430565,912.306686153291,800.263179272919,748.069300666723,748.83189154843,910.528508230247,1619.02172039167,1404.32882434991,1231.61594890615,1022.5035841013,1652.21642211304,1119.47701977307,1213.20820484367,860.10045814428,598.743698421954,779.129842067418,1e+09,1382.3306722344,1121.62832778956,1051.0009105134,770.620440229819,842.136333083902,388.220091571779,1135.55810828861,1058.5072853788,756.22974624118,1405.8571770276,492.035207175259
1571.88483999306,2890.09883677012,2092.17300881165,2917.23517164798,2710.18222228691,3328.1713704826,2692.80483388604,1478.95205016931,1709.867704707,1743.14243158728,1838.83561388722,1462.96482497017,396.602430022813,1802.15356956615,1403.74538054449,1667.09492156266,2121.99399023654,1664.89004114386,844.474251472477,2360.9506647535,1029.99275584831,1152.56373867132,1554.65696389911,2191.47155639766,2579.1670455207,2231.43109606817,2224.91491131684,1760.4622712799,1562.27214629846,1566.79250540715,1251.76826681299,1117.85573322321,1406.55097955958,1861.99418895441,1712.39436900499,1993.85073154938,2314.12474095499,1728.34972763038,1003.28549919751,1292.55680567625,1240.36386072797,1112.78661018184,1382.3306722344,1e+09,804.169762239293,1425.89952209123,1282.15026377566,1061.37259127038,1450.14838926918,1849.99475828987,844.011024572547,1138.46517500537,1882.77832726001,1169.55804888
