1e+09,1823.24672694071,902.423267596753,1593.71203832436,1223.53566547935,1782.09017375665,1553.87778525211,2086.81078044944,1175.20804073151,1412.45304909579,1302.11289437591,1359.67256146471,1312.18673183355,1285.6680939496,1265.71823523247,1624.2693283135,1649.44287118409,1213.21115029495,1091.25476567115,2590.67406699492,1219.07297976782,1467.11617764238,1577.04115719914,1720.96727081023,1879.2606153751,1677.63723131671,1717.72380768854,1735.62678969299,1546.20211592793,1348.87267264186,664.664777763949,1614.47262686612,1815.66219424209,2101.89646046136,1643.08312239521,1848.08221935605,2012.40584217001,1711.32580171048,1623.54397347285,1501.14709722265,1249.53998887591,1121.71835408894,1155.17761049979,981.561460225492,1186.49778811425,1438.16510641164,1654.8091384205,1111.70793992847,1146.91119324907,1893.97425431287,1331.28604304259,635.212649118388,1313.27396418265,1245.37743178524
1823.24672694071,1e+09,989.920562772589,964.309495442205,1360.52333761682,1505.85853336228,1650.41316045407,2614.54934627366,2239.95720956897,1722.30902889116,1861.20104819442,2390.1444536471,2424.88546457353,1832.8669365505,1540.23999905859,2736.3351332028,1503.54427297636,1469.46225439785,2380.0459578546,2462.26165618116,2113.46908652575,2457.46299028083,2420.8812058422,1176.53172855644,1139.08651497593,1409.21825577162,1401.97628496348,2102.95997094571,1801.57411998508,1630.84530839071,1766.59008892838,2879.30672502948,2369.2298026785,2750.34503322765,1572.5221522764,2283.31083100834,2254.69163401561,2132.56115947468,2245.60870934809,2007.12151067144,1851.16160377748,2373.76575318627,2045.78340043613,2399.74199344429,2746.58043572367,2494.52899778696,2260.76829367806,2512.24381161543,2019.60133489261,1900.40089988928,2236.78105882091,1616.13244188092,1229.13886811052,2126.21187267403
902.423267596753,989.920562772589,1e+09,1174.08753293781,1032.26544125046,1452.91105250803,1241.5429095283,2018.4939029633,1332.38689009612,1072.22389341033,1110.26467880411,1553.10909491252,1573.0518226365,1117.43769933719,921.058868639785,1941.56041075214,1153.88934937454,821.239141724261,1444.70921119096,2193.87610121903,1247.10394093676,1589.46081461608,1624.25512608088,1013.20961686119,1250.13319258389,1234.19213893137,1226.74672471542,1477.20235655106,1231.5378675461,1017.28353918659,793.25869960562,2004.2893279664,1699.54019949515,2032.67098867475,1138.70105286682,1764.1653029124,1706.20165581329,1466.3917523977,1515.60092692635,1315.52707589012,1089.03192887077,1438.28705111323,1254.42069207264,1433.36223729384,1805.73432998877,1627.36528689781,1577.57845069588,1577.51752941132,1179.37082959517,1518.05568768079,1396.13818538854,735.309035100209,878.977456650625,1312.57291199384
1593.71203832436,964.309495442205,1174.08753293781,1e+09,869.029972210395,1106.96595218643,1859.45454684969,3037.2544073719,2404.71055054449,2138.00686271116,2253.67358834415,2494.29141535226,2329.46903896575,2025.96092353727,1810.99408229293,2802.10626190371,1783.40595799162,1617.67262506973,2358.84317891207,2930.0257740334,2369.91217674833,2687.32535064141,2682.6517466492,1789.77145538194,1552.51193212806,1369.28057709149,1526.1135744105,2467.64012955698,2195.6707354246,1880.49352418454,1831.4443980367,2793.18797050968,2646.09251041985,3115.27536596687,2081.17587296221,2464.34650489739,2589.59448159359,2475.87272748419,2495.29115445473,2377.26538590036,2098.73677375225,2405.56306294389,2009.49979186364,2433.37410545522,2573.3140014969,2632.39216026032,2440.41163357742,2504.09988838305,2166.64150641032,2275.92490691147,2347.90556673389,1561.561109371,1313.58807755704,2164.74515361509
1223.53566547935,1360.52333761682,1032.26544125046,869.029972210395,1e+09,1267.51507087687,2009.01984942907,2984.35749478845,2009.19954860138,2019.49187866651,1915.94574093318,2065.74677196892,1715.1582205441,1818.77457797826,1781.36581630501,2674.14208758622,1760.71008022332,1279.61455755239,1858.6069277015,2885.4611037926,2045.97046183468,2184.2642463768,2203.31176427668,1909.25783562619,1903.72123883724,1381.22227356787,1639.65958387709,2240.1407273205,2154.86609022463,1780.18072517933,1396.29187955098,2353.76336852284,2253.73766567895,2766.24444397092,2074.7699080621,2541.5819667286,2059.87851979188,2051.25013655088,2130.53860901416,2192.55992406137,1869.85436398132,1890.70874007606,1693.68497575553,2030.8168086019,2152.26516184693,2243.96207690772,2215.46476128599,2082.13235285368,1856.78444416685,2316.697750873,1831.22879550863,1331.626619402,1251.89642898285,1729.34715650155
1782.09017375665,1505.85853336228,1452.91105250803,1106.96595218643,1267.51507087687,1e+09,1534.24617121895,2997.41359184881,2216.10105243421,2009.06192893599,2458.78883174216,2383.77618710314,1929.03595176451,1700.34915702629,1582.62818381324,2555.04116270169,1262.0172299537,1350.22981480932,2063.55796124073,2553.32616780544,2248.37853254295,2617.32977347143,2689.27969372842,1711.67600631662,1517.0441390744,740.843950032664,902.217694295562,2079.62027435299,2011.52189764367,1520.17742878915,1827.04055078151,2269.96483441925,2392.4274840839,2753.49990101689,1940.34511283431,2048.2992798661,2284.15333255016,2194.53042776809,2107.5180567198,2254.1908373738,1858.11476141814,2192.02908609808,1529.15094120888,2329.24191208213,2276.68895490798,2344.86767223654,1891.18828105506,2405.564535634,1919.64035793166,1886.51893152441,2047.43769243413,1498.23814575654,1468.67409148524,1766.76367831128
1553.87778525211,1650.41316045407,1241.5429095283,1859.45454684969,2009.01984942907,1534.24617121895,1e+09,1663.43702288364,1417.8303157642,919.075622242261,1753.47725853517,1904.39417030719,1874.6561499379,1022.11997979689,546.441782717976,1352.08228159384,817.058943406166,1194.41797361728,1596.2507480656,1905.26310306477,1331.8319671415,1993.797821997,2138.85013149589,836.788277702311,1140.83512594941,1195.36096523184,948.168993798047,1203.63939749412,865.995247100121,598.991481658963,1391.3116106394,1799.792856581,1927.16156180534,1806.62543378532,790.274890402067,708.885009715963,2084.69430984497,1718.80082112501,1384.20792480754,1283.78749877073,1057.57423573951,1727.25117721772,1153.30197593692,1575.96576076386,1789.99293191342,1505.30888424934,1061.63915220757,1825.72864013248,1236.5291720376,893.080801887489,1615.34605657735,1104.99264499815,1563.84676010791,1465.41601605141
2086.81078044944,2614.54934627366,2018.4939029633,3037.2544073719,2984.35749478845,2997.41359184881,1663.43702288364,1e+09,1479.94474923897,1132.56303811311,1489.71975280588,1642.57400728247,2355.17564139068,1487.25673022515,1437.81557454355,1284.69625947148,1944.2069859714,2169.13452736339,1909.80942206284,1784.74915610009,1230.15334637597,1610.89787823437,1657.24520518238,1693.59463213604,2016.36232951818,2674.79939522574,2262.25357798369,1386.87355122953,1035.10828713715,1631.97323630015,1764.77392291477,2109.41266809034,1720.35178797826,1452.32645514017,1425.60434135843,1367.72875896502,2431.18341130405,1786.90314320614,1814.04934596609,962.361973323967,1329.84803680721,1787.40864737194,1883.08362305024,1544.80919456093,1983.49907562368,1678.81506494909,1622.31330901278,1610.01156986526,1424.1035562065,1397.70678405737,2040.02135297648,1770.05686479277,2172.78928798906,1894.42143083317
1175.20804073151,2239.95720956897,1332.38689009612,2404.71055054449,2009.19954860138,2216.10105243421,1417.8303157642,1479.94474923897,1e+09,852.298712717554,989.75821779867,1056.52564597363,1005.22587889489,900.607687619865,1028.84120203266,1145.64698886699,1410.435505757,1088.25738738591,521.746756386659,2066.99275117258,305.556949520053,752.998598471471,1090.71872712446,1507.3102879633,2038.15614374856,1813.70290315145,1753.65038593786,908.863609954761,1075.22151220109,967.753845871976,663.387130867038,1038.38836679732,1243.19095950703,960.214173869559,1174.62901798823,1462.4976571947,1353.20961857356,976.359427977218,686.561909225963,909.44428762844,737.043671297705,591.062223035782,902.93102914896,456.878549726292,1011.04541490479,447.844470212595,912.671235768938,888.01956143995,650.125892270105,1469.39939914238,611.126335874997,1006.77944188387,1741.43899359122,842.195003428541
1412.45304909579,1722.30902889116,1072.22389341033,2138.00686271116,2019.49187866651,2009.06192893599,919.075622242261,1132.56303811311,852.298712717554,1e+09,959.417029242237,1298.8323152355,1570.64621710301,671.067534827904,486.042276247653,1316.06285176659,952.771205589254,1063.35499777826,1240.58216845963,1559.07743216942,620.722334623139,1213.11347581337,1334.50294342126,769.641265460734,1346.24730231856,1605.7620831244,1321.88561971148,644.903983395978,361.75329245219,605.120987489279,940.540754194097,1631.35175121738,1261.68352081653,1155.28002821827,506.202787230572,1090.2030997938,1534.90699206825,1026.49119660132,983.630832629803,517.419492674947,502.734681417545,1211.69945242209,1076.48211164887,1132.08686826586,1610.81166468958,1113.35344747299,913.043690247077,1341.6318840129,738.899157327981,838.12189632535,1194.41648602989,980.476819868782,1407.25053110667,1113.46779993855
1302.11289437591,1861.20104819442,1110.26467880411,2253.67358834415,1915.94574093318,2458.78883174216,1753.47725853517,1489.71975280588,989.75821779867,959.417029242237,1e+09,1190.72659838436,1633.28615775069,1261.05971591356,1279.73224226789,1816.43552354605,1683.36068303855,1347.23129190945,1349.76091212481,2109.17671258242,798.955003927005,849.632784207389,872.840933618492,1411.14881352039,1904.32736214129,2105.60852881061,1986.24909872856,1318.62703665593,1209.97218703572,1376.96625692135,848.102705985543,1960.97929004872,1340.74421434515,1487.21793218075,1253.28727066064,1971.40009678401,1512.22843555463,1142.49341770533,1377.62666659005,956.14929775637,1063.16940743232,1177.95081705477,1551.48853605175,1128.08047536512,1772.74003111003,1356.82603100029,1640.02989006298,1268.09732536584,1102.6504722259,1700.9016762588,1280.66617051439,1226.92420682779,1516.07107527978,1388.46396694333
1359.67256146471,2390.1444536471,1553.10909491252,2494.29141535226,2065.74677196892,2383.77618710314,1904.39417030719,1642.57400728247,1056.52564597363,1298.8323152355,1190.72659838436,1e+09,1182.29868578122,961.598234919345,1406.54622355613,1701.59743949619,1669.05475731026,1618.99639456053,1066.41481516341,1746.29272992818,1000.71080218013,727.100687044099,621.544597514933,1908.21924180635,2001.99415396249,2267.37671706755,1899.98102724738,1227.60914655276,1299.97777354076,1521.59898205802,985.519117013973,1360.59954420836,684.156665099449,1438.07590039608,1781.96877388466,1848.72954168532,1710.72022867563,1022.49284437594,1545.10344462758,925.269071081488,907.753636291257,670.853334716315,1122.84384711321,1036.54437830708,1173.75692287628,1454.69454322892,1383.73129595308,539.952970266856,707.01871375516,1570.25833466981,1363.78506473711,1098.41226795771,1404.81087531383,835.13913667125
1312.18673183355,2424.88546457353,1573.0518226365,2329.46903896575,1715.1582205441,1929.03595176451,1874.6561499379,2355.17564139068,1005.22587889489,1570.64621710301,1633.28615775069,1182.29868578122,1e+09,1177.50590316992,1512.53074824944,1843.44771471827,1541.3836402726,1131.62698447854,569.407467636314,2308.65639474565,1223.16162603313,1170.56215388163,1396.66900713806,2004.87538859651,2302.33968290954,1714.52992365254,1741.1929860587,1361.57794815427,1707.55230253717,1377.02605770552,966.301910274424,856.958180601597,1317.06466287726,1531.99662496365,1841.69115812071,1991.92850326009,1260.7939100424,1120.66245667462,1112.84346122894,1558.2576056288,1201.17385294553,661.413101246112,813.269067898196,1099.45289394316,1008.82846420985,1126.74333000023,1199.29849078534,1137.26987593095,1016.68959343548,1874.12100287041,719.269119036818,1188.54282800411,1738.70454430878,620.287557992259
1285.6680939496,1832.8669365505,1117.43769933719,2025.96092353727,1818.77457797826,1700.34915702629,1022.11997979689,1487.25673022515,900.607687619865,671.067534827904,1261.05971591356,961.598234919345,1177.50590316992,1e+09,553.104065072749,1394.45157287731,750.37538279184,1013.60748379242,1007.98856461767,1381.26345090283,808.449260127066,1183.98600291558,1262.2812885011,1121.86454645826,1300.37899771567,1481.20402224002,1039.18691980798,605.16541928633,610.673738669021,645.430732766887,850.221935026379,1266.52215594517,936.378161321589,1262.86041481234,1035.75548094133,1098.61554089681,1506.14273022181,881.511692605379,1069.12900802476,633.793196476579,232.911099778435,926.803963468003,562.419930834603,1103.03135648992,1282.0970250336,1202.68468149387,673.265711439399,1072.10069494428,350.848523724983,752.361191449958,1131.68994729122,702.738315591231,1122.91325319456,591.604877092811
1265.71823523247,1540.23999905859,921.058868639785,1810.99408229293,1781.36581630501,1582.62818381324,546.441782717976,1437.81557454355,1028.84120203266,486.042276247653,1279.73224226789,1406.54622355613,1512.53074824944,553.104065072749,1e+09,1318.07873964342,648.114204982425,920.29842486011,1246.29975399179,1625.12625614135,899.057113981086,1493.41657560776,1606.78731053615,709.520279484667,1074.87350162705,1256.14278674839,921.768483893868,819.264779116007,486.969928743039,343.930459250122,946.426816399451,1569.36492043756,1424.28669761393,1471.78373577778,628.866054657111,891.377102185153,1694.67427165223,1231.86586225936,1112.19940828972,809.471852444543,547.946314158604,1284.4245962687,848.593346073371,1228.74446187969,1531.5819732551,1250.23979759884,843.578795489787,1404.19889292792,758.154157015577,719.748831746187,1270.74644630626,738.064552867837,1204.81726805354,1041.355280872
1624.2693283135,2736.3351332028,1941.56041075214,2802.10626190371,2674.14208758622,2555.04116270169,1352.08228159384,1284.69625947148,1145.64698886699,1316.06285176659,1816.43552354605,1701.59743949619,1843.44771471827,1394.45157287731,1318.07873964342,1e+09,1826.63335905156,1865.24281939376,1327.5482843573,2356.02553600338,1151.36985565022,1707.89205121401,1955.87878913802,1887.09988164379,2234.49169933567,2246.20032307895,2070.10422631326,1475.56643638977,1304.51678210746,1369.00148834835,1513.11535518611,1322.31210703071,1987.21430170478,1539.72097134513,1533.86818423227,992.315209497466,2412.41801694897,1931.14935116371,1480.76946467031,1366.45055636858,1312.91559663978,1456.11462921021,1370.96853585339,1025.93532617802,1164.70853508507,1105.20497555883,1238.62719601178,1342.46716563199,1273.06068610259,1588.63763637275,1619.25952697522,1444.98006342648,2265.63161416414,1586.69532251784
1649.44287118409,1503.54427297636,1153.88934937454,1783.40595799162,1760.71008022332,1262.0172299537,817.058943406166,1944.2069859714,1410.435505757,952.771205589254,1683.36068303855,1669.05475731026,1541.3836402726,750.37538279184,648.114204982425,1826.63335905156,1e+09,882.540749030888,1494.31685465299,1490.69892691314,1345.04550811487,1794.4811726513,1881.1343982289,811.586096788258,1024.10759630031,953.130019776945,457.378850188769,904.096880760021,919.215453525451,563.635594599915,1291.68002388362,1716.05608136797,1476.47779627734,1647.90917310391,936.422034875301,1197.53510420363,1560.11309990654,1231.14741136064,1227.90479447716,1202.33665759637,878.080442271664,1545.98420839283,934.849457132003,1688.44581171561,1851.84739957157,1576.91299645859,901.007034101288,1790.02268734226,1068.40635289201,750.46315998855,1408.07413458951,1087.28115430187,1231.16172840939,1092.91316311041
1213.21115029495,1469.46225439785,821.239141724261,1617.67262506973,1279.61455755239,1350.22981480932,1194.41797361728,2169.13452736339,1088.25738738591,1063.35499777826,1347.23129190945,1618.99639456053,1131.62698447854,1013.60748379242,920.29842486011,1865.24281939376,882.540749030888,1e+09,1102.72985096079,2151.35586944606,1138.29962356139,1504.22745171733,1683.24605078996,1081.37484074672,1597.4743667114,848.147531918828,1095.65513018468,1163.71854642779,1285.96538440971,718.244894447569,836.297714572986,1587.23831786534,1595.43778211499,1647.61452570072,1043.15966539164,1674.22069671235,1145.53236863914,1152.74832092699,920.27791172015,1385.12303565423,1014.06757260056,1250.67877062817,945.131249298213,1357.04836420814,1650.56160884712,1221.2013958803,1139.61481404903,1634.80769765132,1091.78216059798,1462.10103830071,842.827622708226,960.787851921536,1359.09255358125,1010.13329823346
1091.25476567115,2380.0459578546,1444.70921119096,2358.84317891207,1858.6069277015,2063.55796124073,1596.2507480656,1909.80942206284,521.746756386659,1240.58216845963,1349.76091212481,1066.41481516341,569.407467636314,1007.98856461767,1246.29975399179,1327.5482843573,1494.31685465299,1102.72985096079,1e+09,2257.02851639052,786.054167471937,945.365638840338,1259.47647945486,1800.66646733925,2198.43089818625,1756.52442160649,1757.31005326323,1164.43780267561,1402.78437412883,1144.23165591588,718.981739128332,697.3798575382,1325.88237313873,1260.83430263457,1539.31346206677,1648.30368643039,1403.69880529977,1120.0962402401,868.729491959379,1256.30880236509,951.602307584424,416.175644530047,721.177743278313,565.248900043158,697.120264803714,649.036028660968,987.899583257327,839.844755951956,760.243542162642,1684.58617992669,552.281740961984,993.171104895828,1761.71847643146,660.463859874255
2590.67406699492,2462.26165618116,2193.87610121903,2930.0257740334,2885.4611037926,2553.32616780544,1905.26310306477,1784.74915610009,2066.99275117258,1559.07743216942,2109.17671258242,1746.29272992818,2308.65639474565,1381.26345090283,1625.12625614135,2356.02553600338,1490.69892691314,2151.35586944606,2257.02851639052,1e+09,1885.75748414265,2018.396142857,1903.75589504012,1725.39722371401,1601.69807426369,2426.50513968135,1704.83914505152,1262.68553119928,1316.80882184925,1739.1754818879,2129.61605943419,2309.92212732378,1266.07110448031,1745.16295878064,1793.75480595872,1755.61687936178,2155.85806606094,1497.29689928217,2055.62453629061,1321.88069503265,1441.84635304876,2064.22230157026,1831.237493773,2320.90345473482,2466.5837519533,2325.63205849507,1593.22942214861,2109.66093225902,1583.25655444719,1017.77142414198,2282.89893508232,1994.81625083615,1817.79498255441,1730.95619054903
1219.07297976782,2113.46908652575,1247.10394093676,2369.91217674833,2045.97046183468,2248.37853254295,1331.8319671415,1230.15334637597,305.556949520053,620.722334623139,798.955003927005,1000.71080218013,1223.16162603313,808.449260127066,899.057113981086,1151.36985565022,1345.04550811487,1138.29962356139,786.054167471937,1885.75748414265,1e+09,729.084277364421,991.862146923654,1334.40561187369,1862.35881470247,1854.97184962468,1703.10346124362,800.559094071137,848.385121215595,916.201821107118,684.585436158264,1264.34827500179,1152.16954507572,939.066986694773,1009.91298392485,1374.50899258608,1415.42852394602,927.765310409912,812.137553989471,649.555821080837,595.867899789878,736.935192198066,993.345705683575,598.307384711237,1194.32401792813,683.418817197771,947.209036696758,913.14196503063,586.583662404605,1304.31800179251,840.330653136014,977.520343113124,1624.6554447636,924.48735578157
1467.11617764238,2457.46299028083,1589.46081461608,2687.32535064141,2184.2642463768,2617.32977347143,1993.797821997,1610.89787823437,752.998598471471,1213.11347581337,849.632784207389,727.100687044099,1170.56215388163,1183.98600291558,1493.41657560776,1707.89205121401,1794.4811726513,1504.22745171733,945.365638840338,2018.396142857,729.084277364421,1e+09,414.547545644646,1868.69212753198,2282.66262829179,2304.60519968172,2130.90872427704,1170.60878460739,1385.00608338014,1512.16408299496,925.340694393152,1414.45735100073,905.756013007918,1081.08437931551,1629.24055160679,2004.83714590487,1329.8534557988,840.21699453177,1206.97335103141,988.447799633344,1020.86376813951,642.405226161805,1328.01652967875,881.744254361773,1340.92796939284,1102.86514778553,1406.30343308263,838.773911730688,892.53719804835,1772.50601790234,1019.26997547264,1340.59597265545,1776.65696444193,1023.28076279191
1577.04115719914,2420.8812058422,1624.25512608088,2682.6517466492,2203.31176427668,2689.27969372842,2138.85013149589,1657.24520518238,1090.71872712446,1334.50294342126,872.840933618492,621.544597514933,1396.66900713806,1262.2812885011,1606.78731053615,1955.87878913802,1881.1343982289,1683.24605078996,1259.47647945486,1903.75589504012,991.862146923654,414.547545644646,1e+09,1935.06453404014,2220.1011920631,2452.98124970412,2183.11546378106,1316.27514076655,1447.60088643245,1688.0783222647,1083.24747140254,1700.23632245638,783.666186395713,1342.99705532067,1778.08831220499,2157.78352510163,1499.36495887426,923.004410227817,1531.02072412492,1009.34048784342,1122.27812947593,888.373148288488,1499.85839928308,1177.19276012894,1574.30879648816,1484.42480651598,1627.78698996521,935.393431343197,1015.1812650458,1809.04775147037,1354.26194035718,1416.85870527022,1644.72492730548,1163.9921761335
1720.96727081023,1176.53172855644,1013.20961686119,1789.77145538194,1909.25783562619,1711.67600631662,836.788277702311,1693.59463213604,1507.3102879633,769.641265460734,1411.14881352039,1908.21924180635,2004.87538859651,1121.86454645826,709.520279484667,1887.09988164379,811.586096788258,1081.37484074672,1800.66646733925,1725.39722371401,1334.40561187369,1868.69212753198,1935.06453404014,1e+09,958.884897524202,1281.32488585058,1052.01985546852,1145.47750135042,849.702151874408,769.979677783771,1380.86725379379,2194.1669846436,1772.23294258966,1769.11419413785,480.626325017679,1350.19849648117,1750.56556072602,1467.68213282032,1403.42621986337,1183.89317520628,1086.96249622515,1828.43559440851,1467.56567498698,1786.10592311878,2203.49735670366,1694.82697597719,1352.13591380453,2002.03320859071,1345.15988358262,975.009268981583,1633.92774693375,1290.57732910508,1383.93345858824,1578.61945623383
1879.2606153751,1139.08651497593,1250.13319258389,1552.51193212806,1903.72123883724,1517.0441390744,1140.83512594941,2016.36232951818,2038.15614374856,1346.24730231856,1904.32736214129,2001.99415396249,2302.33968290954,1300.37899771567,1074.87350162705,2234.49169933567,1024.10759630031,1597.4743667114,2198.43089818625,1601.69807426369,1862.35881470247,2282.66262829179,2220.1011920631,958.884897524202,1e+09,1530.71289979539,900.96243007131,1607.45217900876,1181.81104944911,1292.67723044076,1736.25526202226,2487.20417569608,1917.57761331843,2358.36087556591,1338.89983553662,1526.69819040962,2342.00605483846,1886.9179390477,2090.86140762605,1488.03527202819,1389.13907435505,2139.72220528741,1648.48083018881,2191.60437248606,2401.75044792335,2314.10939127778,1743.14248066531,2160.86666955645,1588.33770083695,1044.23429387279,2213.42997881117,1370.52100418053,1008.25449639464,1786.39614629566
1677.63723131671,1409.21825577162,1234.19213893137,1369.28057709149,1381.22227356787,740.843950032664,1195.36096523184,2674.79939522574,1813.70290315145,1605.7620831244,2105.60852881061,2267.37671706755,1714.52992365254,1481.20402224002,1256.14278674839,2246.20032307895,953.130019776945,848.147531918828,1756.52442160649,2426.50513968135,1854.97184962468,2304.60519968172,2452.98124970412,1281.32488585058,1530.71289979539,1e+09,844.428037904948,1690.70115360462,1703.29252302709,1072.58214692395,1553.0483294798,2038.00296462002,2213.59993989429,2290.20916525107,1421.52513259527,1787.9454743364,1814.51195661533,1850.38736336476,1557.04590494308,1969.06616084884,1577.85281097446,1952.47777646763,1342.58523457544,2022.63755114454,2133.95538578012,1866.57351652701,1522.89765601632,2265.30714235399,1686.65439373335,1658.36962746548,1587.56547175227,1389.87419311965,1597.00640891012,1575.52356907156
1717.72380768854,1401.97628496348,1226.74672471542,1526.1135744105,1639.65958387709,902.217694295562,948.168993798047,2262.25357798369,1753.65038593786,1321.88561971148,1986.24909872856,1899.98102724738,1741.1929860587,1039.18691980798,921.768483893868,2070.10422631326,457.378850188769,1095.65513018468,1757.31005326323,1704.83914505152,1703.10346124362,2130.90872427704,2183.11546378106,1052.01985546852,900.96243007131,844.428037904948,1e+09,1333.30849033523,1244.8500678395,906.014397622908,1513.72726278547,1945.04051788131,1769.71469675199,2083.48239910972,1286.71634706333,1383.21768207322,1898.793538724,1602.40101425954,1623.65161253885,1540.88960311893,1207.12916355293,1813.71465274999,1119.73579691818,1960.02072869141,2024.06697243446,1926.9591076616,1254.88089104106,2007.84354211179,1355.51016768595,1014.58240360259,1729.33736428148,1180.40076359684,1158.67426332857,1331.8052384264
1735.62678969299,2102.95997094571,1477.20235655106,2467.64012955698,2240.1407273205,2079.62027435299,1203.63939749412,1386.87355122953,908.863609954761,644.903983395978,1318.62703665593,1227.60914655276,1361.57794815427,605.16541928633,819.264779116007,1475.56643638977,904.096880760021,1163.71854642779,1164.43780267561,1262.68553119928,800.559094071137,1170.60878460739,1316.27514076655,1145.47750135042,1607.45217900876,1690.70115360462,1333.30849033523,1e+09,672.15596612691,758.162601227468,1168.11976590588,1362.93320518652,944.668655190803,780.710510752865,925.723375960659,1183.75383412262,1278.09143925621,692.326111814368,808.17004021431,665.860196437661,542.46374044723,1120.14202510217,946.247712863815,1276.5818984695,1572.20579909247,1094.91140545708,554.563551903657,1375.63226837698,703.911694532773,785.348815941044,1095.03944938071,1235.63827194693,1608.07257519678,880.087895894495
1546.20211592793,1801.57411998508,1231.5378675461,2195.6707354246,2154.86609022463,2011.52189764367,865.995247100121,1035.10828713715,1075.22151220109,361.75329245219,1209.97218703572,1299.97777354076,1707.55230253717,610.673738669021,486.969928743039,1304.51678210746,919.215453525451,1285.96538440971,1402.78437412883,1316.80882184925,848.385121215595,1385.00608338014,1447.60088643245,849.702151874408,1181.81104944911,1703.29252302709,1244.8500678395,672.15596612691,1e+09,712.164707283364,1144.16074618036,1678.02326932614,1241.80085702177,1271.57922277772,707.189104695484,895.356241615593,1772.20855434681,1159.68544420459,1226.49638120135,468.213286227548,522.288448177825,1337.14901518118,1093.60853750325,1292.63823133157,1652.97114236759,1338.52551443744,912.418678622923,1375.18874842692,764.360090337009,551.107076619417,1448.7588264097,1025.50710192568,1362.15910080284,1165.30236921582
1348.87267264186,1630.84530839071,1017.28353918659,1880.49352418454,1780.18072517933,1520.17742878915,598.991481658963,1631.97323630015,967.753845871976,605.120987489279,1376.96625692135,1521.59898205802,1377.02605770552,645.430732766887,343.930459250122,1369.00148834835,563.635594599915,718.244894447569,1144.23165591588,1739.1754818879,916.201821107118,1512.16408299496,1688.0783222647,769.979677783771,1292.67723044076,1072.58214692395,906.014397622908,758.162601227468,712.164707283364,1e+09,971.65488832198,1451.51323655694,1479.22304761655,1370.97990098323,610.932802442298,977.552983269961,1496.97088568883,1166.06269428363,860.437941864491,985.105706764508,649.964937823572,1265.63396568676,778.652026132341,1242.01922553558,1526.55858636346,1095.99185777085,684.461448877875,1505.5161431549,831.595113381506,857.822438503447,1069.77462205831,875.6259458239,1394.381705775,987.985760524918
664.664777763949,1766.59008892838,793.25869960562,1831.4443980367,1396.29187955098,1827.04055078151,1391.3116106394,1764.77392291477,663.387130867038,940.540754194097,848.102705985543,985.519117013973,966.301910274424,850.221935026379,946.426816399451,1513.11535518611,1291.68002388362,836.297714572986,718.981739128332,2129.61605943419,684.585436158264,925.340694393152,1083.24747140254,1380.86725379379,1736.25526202226,1553.0483294798,1513.72726278547,1168.11976590588,1144.16074618036,971.65488832198,1e+09,1352.55040797007,1276.48136555141,1510.55369394802,1239.23194911203,1651.59277387012,1411.53588803119,1067.45687154095,1081.87976531591,1018.03514443265,753.631612792351,679.22320035464,852.177532325278,718.87967518911,1140.15686008549,1021.37252307863,1210.99879529255,900.251370062829,672.357053804004,1521.33484637669,819.739286236789,563.57281446145,1219.5230573466,790.746029645423
1614.47262686612,2879.30672502948,2004.2893279664,2793.18797050968,2353.76336852284,2269.96483441925,1799.792856581,2109.41266809034,1038.38836679732,1631.35175121738,1960.97929004872,1360.59954420836,856.958180601597,1266.52215594517,1569.36492043756,1322.31210703071,1716.05608136797,1587.23831786534,697.3798575382,2309.92212732378,1264.34827500179,1414.45735100073,1700.23632245638,2194.1669846436,2487.20417569608,2038.00296462002,1945.04051788131,1362.93320518652,1678.02326932614,1451.51323655694,1352.55040797007,1e+09,1545.35078881787,1375.61377006775,1921.45421517142,1630.21502109384,1803.991241359,1475.8677538655,1188.27411109558,1579.14839499016,1288.06758219435,887.681963655903,878.988841965585,1033.32065821796,653.714639043673,979.888953300322,990.718084371129,1124.33961559664,1092.67802892709,1801.81084881294,1074.34212413923,1418.50526953551,2161.56076285169,922.655557236827
1815.66219424209,2369.2298026785,1699.54019949515,2646.09251041985,2253.73766567895,2392.4274840839,1927.16156180534,1720.35178797826,1243.19095950703,1261.68352081653,1340.74421434515,684.156665099449,1317.06466287726,936.378161321589,1424.28669761393,1987.21430170478,1476.47779627734,1595.43778211499,1325.88237313873,1266.07110448031,1152.16954507572,905.756013007918,783.666186395713,1772.23294258966,1917.57761331843,2213.59993989429,1769.71469675199,944.668655190803,1241.80085702177,1479.22304761655,1276.48136555141,1545.35078881787,1e+09,1206.03378638411,1687.00582805751,1882.7917378988,1394.92629611747,626.78667710793,1446.18554556461,900.708251266746,914.072535305596,1005.59987037589,1232.69397629744,1449.90792280062,1626.94166490382,1587.93146127281,1267.77841084316,1150.65436474208,857.589342750946,1363.965692897,1408.43450192048,1399.3638018757,1484.86701741267,880.621074015379
2101.89646046136,2750.34503322765,2032.67098867475,3115.27536596687,2766.24444397092,2753.49990101689,1806.62543378532,1452.32645514017,960.214173869559,1155.28002821827,1487.21793218075,1438.07590039608,1531.99662496365,1262.86041481234,1471.78373577778,1539.72097134513,1647.90917310391,1647.61452570072,1260.83430263457,1745.16295878064,939.066986694773,1081.08437931551,1342.99705532067,1769.11419413785,2358.36087556591,2290.20916525107,2083.48239910972,780.710510752865,1271.57922277772,1370.97990098323,1510.55369394802,1375.61377006775,1206.03378638411,1e+09,1410.70042312321,1641.36820817268,1351.69873969757,952.450365688417,866.617357142124,1086.73662246195,1129.87463742665,1228.1132512924,1434.18756015383,1315.59102828349,1668.6257400328,973.828987040333,993.571448311595,1501.64114454819,1151.27275703892,1486.18972029146,1157.29950993682,1768.56879054788,2270.80047157385,1284.20881631454
1643.08312239521,1572.5221522764,1138.70105286682,2081.17587296221,2074.7699080621,1940.34511283431,790.274890402067,1425.60434135843,1174.62901798823,506.202787230572,1253.28727066064,1781.96877388466,1841.69115812071,1035.75548094133,628.866054657111,1533.86818423227,936.422034875301,1043.15966539164,1539.31346206677,1793.75480595872,1009.91298392485,1629.24055160679,1778.08831220499,480.626325017679,1338.89983553662,1421.52513259527,1286.71634706333,925.723375960659,707.189104695484,610.932802442298,1239.23194911203,1921.45421517142,1687.00582805751,1410.70042312321,1e+09,1165.95986783422,1624.22805612389,1333.62474043488,1062.67423187918,1008.25199270817,933.512008224854,1607.96139294449,1342.14434845884,1480.6560024192,1957.51821654359,1300.0164101272,1106.84829353439,1799.70721896646,1175.40571391329,987.197280841069,1364.82013038349,1258.68083083044,1625.27631936849,1454.69822777784
1848.08221935605,2283.31083100834,1764.1653029124,2464.34650489739,2541.5819667286,2048.2992798661,708.885009715963,1367.72875896502,1462.4976571947,1090.2030997938,1971.40009678401,1848.72954168532,1991.92850326009,1098.61554089681,891.377102185153,992.315209497466,1197.53510420363,1674.22069671235,1648.30368643039,1755.61687936178,1374.50899258608,2004.83714590487,2157.78352510163,1350.19849648117,1526.69819040962,1787.9454743364,1383.21768207322,1183.75383412262,895.356241615593,977.552983269961,1651.59277387012,1630.21502109384,1882.7917378988,1641.36820817268,1165.95986783422,1e+09,2337.74406141904,1819.80447793163,1515.71039624989,1240.65750946827,1129.2409446615,1740.84260488994,1241.1608209656,1566.40107778947,1661.55462248462,1512.60599053422,967.614647832494,1731.61759433196,1248.61648327259,845.517540858852,1800.54570241913,1375.61696147583,1914.74687300959,1534.66170913984
2012.40584217001,2254.69163401561,1706.20165581329,2589.59448159359,2059.87851979188,2284.15333255016,2084.69430984497,2431.18341130405,1353.20961857356,1534.90699206825,1512.22843555463,1710.72022867563,1260.7939100424,1506.14273022181,1694.67427165223,2412.41801694897,1560.11309990654,1145.53236863914,1403.69880529977,2155.85806606094,1415.42852394602,1329.8534557988,1499.36495887426,1750.56556072602,2342.00605483846,1814.51195661533,1898.793538724,1278.09143925621,1772.20855434681,1496.97088568883,1411.53588803119,1803.991241359,1394.92629611747,1351.69873969757,1624.22805612389,2337.74406141904,1e+09,817.709000072764,1020.72313944576,1641.67068472943,1448.85901750308,1403.25106745016,1543.31791805836,1740.27086012494,2074.32252632034,1449.02566619781,1487.91970529327,1911.26414105952,1479.16913772564,1928.77473552512,956.361195365015,1783.98769793965,1997.14916263157,1289.05066913601
1711.32580171048,2132.56115947468,1466.3917523977,2475.87272748419,2051.25013655088,2194.53042776809,1718.80082112501,1786.90314320614,976.359427977218,1026.49119660132,1142.49341770533,1022.49284437594,1120.66245667462,881.511692605379,1231.86586225936,1931.14935116371,1231.14741136064,1152.74832092699,1120.0962402401,1497.29689928217,927.765310409912,840.21699453177,923.004410227817,1467.68213282032,1886.9179390477,1850.38736336476,1602.40101425954,692.326111814368,1159.68544420459,1166.06269428363,1067.45687154095,1475.8677538655,626.78667710793,952.450365688417,1333.62474043488,1819.80447793163,817.709000072764,1e+09,953.209756244658,924.751392915956,810.609268883597,947.012661953366,1116.71348850097,1334.86770288295,1654.52221580733,1252.19275437131,1052.62155706598,1322.93075824096,835.691282113198,1336.47524892906,960.392614819585,1332.01956306955,1542.81947868181,794.460905646086
1623.54397347285,2245.60870934809,1515.60092692635,2495.29115445473,2130.53860901416,2107.5180567198,1384.20792480754,1814.04934596609,686.561909225963,983.630832629803,1377.62666659005,1545.10344462758,1112.84346122894,1069.12900802476,1112.19940828972,1480.76946467031,1227.90479447716,920.27791172015,868.729491959379,2055.62453629061,812.137553989471,1206.97335103141,1531.02072412492,1403.42621986337,2090.86140762605,1557.04590494308,1623.65161253885,808.17004021431,1226.49638120135,860.437941864491,1081.87976531591,1188.27411109558,1446.18554556461,866.617357142124,1062.67423187918,1515.71039624989,1020.72313944576,953.209756244658,1e+09,1221.34693379891,975.685587574194,1067.34642244212,1027.39968454346,1104.62964490367,1464.17784035957,578.879249844041,759.403177633594,1502.34919253148,1015.49922176238,1452.70601878012,524.065909595348,1358.38385304008,1969.57899653708,1013.13030425508
1501.14709722265,2007.12151067144,1315.52707589012,2377.26538590036,2192.55992406137,2254.1908373738,1283.78749877073,962.361973323967,909.44428762844,517.419492674947,956.14929775637,925.269071081488,1558.2576056288,633.793196476579,809.471852444543,1366.45055636858,1202.33665759637,1385.12303565423,1256.30880236509,1321.88069503265,649.555821080837,988.447799633344,1009.34048784342,1183.89317520628,1488.03527202819,1969.06616084884,1540.88960311893,665.860196437661,468.213286227548,985.105706764508,1018.03514443265,1579.14839499016,900.708251266746,1086.73662246195,1008.25199270817,1240.65750946827,1641.67068472943,924.751392915956,1221.34693379891,1e+09,459.923276536424,1072.84945859147,1120.04915628735,1108.76270495539,1518.60128134412,1263.16292147925,1015.90603979896,1076.29365509604,595.412210069629,887.900646525274,1345.59537688712,1051.61855855629,1382.84353326759,1033.84007888067
1249.53998887591,1851.16160377748,1089.03192887077,2098.73677375225,1869.85436398132,1858.11476141814,1057.57423573951,1329.84803680721,737.043671297705,502.734681417545,1063.16940743232,907.753636291257,1201.17385294553,232.911099778435,547.946314158604,1312.91559663978,878.080442271664,1014.06757260056,951.602307584424,1441.84635304876,595.867899789878,1020.86376813951,1122.27812947593,1086.96249622515,1389.13907435505,1577.85281097446,1207.12916355293,542.46374044723,522.288448177825,649.964937823572,753.631612792351,1288.06758219435,914.072535305596,1129.87463742665,933.512008224854,1129.2409446615,1448.85901750308,810.609268883597,975.685587574194,459.923276536424,1e+09,853.262358539271,682.658551546818,967.954254600908,1273.8032126667,1073.29769640114,711.723027729186,997.681655389133,277.966502658144,825.348890712285,1049.20367736679,729.086497063277,1205.95022791158,658.73968075409
1121.71835408894,2373.76575318627,1438.28705111323,2405.56306294389,1890.70874007606,2192.02908609808,1727.25117721772,1787.40864737194,591.062223035782,1211.69945242209,1177.95081705477,670.853334716315,661.413101246112,926.803963468003,1284.4245962687,1456.11462921021,1545.98420839283,1250.67877062817,416.175644530047,2064.22230157026,736.935192198066,642.405226161805,888.373148288488,1828.43559440851,2139.72220528741,1952.47777646763,1813.71465274999,1120.14202510217,1337.14901518118,1265.63396568676,679.22320035464,887.681963655903,1005.59987037589,1228.1132512924,1607.96139294449,1740.84260488994,1403.25106745016,947.012661953366,1067.34642244212,1072.84945859147,853.262358539271,1e+09,814.305798886389,606.206516543661,787.889193668755,904.937530551143,1100.81619732815,555.869091963207,612.521829896699,1639.52043863442,776.215580686191,972.967085928399,1604.6573185263,570.760702659179
1155.17761049979,2045.78340043613,1254.42069207264,2009.49979186364,1693.68497575553,1529.15094120888,1153.30197593692,1883.08362305024,902.93102914896,1076.48211164887,1551.48853605175,1122.84384711321,813.269067898196,562.419930834603,848.593346073371,1370.96853585339,934.849457132003,945.131249298213,721.177743278313,1831.237493773,993.345705683575,1328.01652967875,1499.85839928308,1467.56567498698,1648.48083018881,1342.58523457544,1119.73579691818,946.247712863815,1093.60853750325,778.652026132341,852.177532325278,878.988841965585,1232.69397629744,1434.18756015383,1342.14434845884,1241.1608209656,1543.31791805836,1116.71348850097,1027.39968454346,1120.04915628735,682.658551546818,814.305798886389,1e+09,1018.8822029067,950.418555900504,1081.7261917417,665.347615461271,1062.42980996393,580.142917564284,1177.69900662266,954.544776320105,703.376066837649,1353.0913035712,431.108572403751
981.561460225492,2399.74199344429,1433.36223729384,2433.37410545522,2030.8168086019,2329.24191208213,1575.96576076386,1544.80919456093,456.878549726292,1132.08686826586,1128.08047536512,1036.54437830708,1099.45289394316,1103.03135648992,1228.74446187969,1025.93532617802,1688.44581171561,1357.04836420814,565.248900043158,2320.90345473482,598.307384711237,881.744254361773,1177.19276012894,1786.10592311878,2191.60437248606,2022.63755114454,1960.02072869141,1276.5818984695,1292.63823133157,1242.01922553558,718.87967518911,1033.32065821796,1449.90792280062,1315.59102828349,1480.6560024192,1566.40107778947,1740.27086012494,1334.86770288295,1104.62964490367,1108.76270495539,967.954254600908,606.206516543661,1018.8822029067,1e+09,734.421632715159,689.053343580887,1198.62885590161,652.014288110314,800.436133242372,1705.33254053278,918.631705091872,985.291942624114,1808.69483617331,1009.61288868556
