1e+09,2203.13634101478,2511.95064012014,3009.02501918811,5038.71192513523,3990.59476399195,7434.55269437913,2990.02769564096,2342.93813898276,2047.70114474745,1843.23359431191,1078.02672953874,1949.04965139424,1732.6423699656,4664.05477773364,1716.16926606906,867.057411190286,5458.60412694491,1680.68591762411,2049.56073247416,3580.90792911518,1144.92501793786,521.397124176956,1914.47170867057,1953.15362524303,1964.19267845596,2162.28750477359,2348.94321212753,1231.59905005647,2909.73531462915,1930.67329520041,4534.07511956959,4766.60720709185,1388.09335964841,2428.37177040502,1103.09757673562,2245.62227333539,1820.86056330516,2043.0044047187,773.846973438548,4060.07966323322,2671.06553008345,4280.42292224729,2132.79985772224,2067.66126739851,2473.28244790198,4631.0477517944,1536.53980976739,1939.69505776037,3060.6746548106,1711.69997870538,3018.01456361629,5061.40751139443,5585.61855109172
2203.13634101478,1e+09,585.996156386712,1253.13591601231,3116.5873537894,4932.1057719092,8852.0472359901,4288.45786713593,3898.47175770198,3033.8047429754,2696.1478075024,2274.49501351399,3490.35370816483,3315.03686804536,5402.27151437245,2277.28321626889,1840.73050591335,6597.76945032183,3280.06192423253,3514.72108916198,4858.04340086624,2544.84573190596,2404.24998292607,3326.35703856336,2619.05029518335,2730.54460055133,3647.53765628266,3875.3513126296,3118.79496604057,4318.54753942804,3561.48356659132,5853.4770290828,6039.53351269782,2979.88870006918,4033.46423296402,2631.99177097878,3793.39854739784,3505.41042445817,3225.81080781251,2611.24082374644,5491.14284133094,4111.37388704798,5597.89086717489,3449.58183141087,3647.2074783593,3942.50474018739,6085.3423680595,3263.82174756833,3586.50289895324,4740.27876947126,3017.85314457148,4156.24888704947,6230.95081536518,6727.26202868597
2511.95064012014,585.996156386712,1e+09,1430.3495208165,3134.3729305716,5378.86915018389,9161.76243247444,4706.43139574986,4332.17764870048,3504.15875664902,3206.62122540221,2617.41774869813,3802.61031314017,3793.4101744209,5690.71306854422,2677.61945324574,2243.48072991501,7038.89915449142,3641.12746564852,3923.15984564738,5297.2785713232,3023.71923909942,2761.08308536705,3693.71167563198,3002.38005455672,3119.32519954236,4095.12491703245,4378.92687963615,3504.57121124682,4756.29229740982,3915.69820519917,6183.64071237164,6399.05612887557,3433.17377088606,4448.64650646688,2922.89022691582,4187.86960211275,3948.90915013248,3689.56462243176,2995.51174290805,5869.75138974386,4543.91526723375,5972.52632663097,3937.88009988877,4047.36778967516,4347.0841074564,6473.83880440346,3689.65038205519,4011.98954665886,5070.31832791591,3468.43769223263,4409.02215270007,6459.34795879584,7050.16716913152
3009.02501918811,1253.13591601231,1430.3495208165,1e+09,3062.2192253005,4737.65638765624,8778.93391410369,4373.25209040138,4151.04622715768,3139.06248900846,3209.9351488932,2654.60982223377,3862.75805205296,3939.21303616598,5160.27787104532,3133.16544170588,2702.12119206375,6460.62539509915,3613.60644973965,3706.76792599699,4895.30066188993,3115.95049681474,3137.28333919651,3596.48777186855,2716.17234164182,2867.41992303185,3879.89491545841,4271.61635858138,3763.96554067648,4451.58897036777,3902.38277073124,5845.7977361007,5945.22494380154,3424.3135687609,4327.47151110207,3199.01631835475,4030.50829030285,3884.6149067443,3386.63437052186,3315.64532626757,5584.04939998743,4320.92647557211,5573.0518006385,3711.04343297138,3916.06302193925,4134.85076037818,6140.0922359603,3736.17344893141,3933.54876639403,5003.92143054825,3333.28240480761,4228.02990018992,6151.71382514662,6579.72694241942
5038.71192513523,3116.5873537894,3134.3729305716,3062.2192253005,1e+09,7243.32165203921,11589.7945385067,6851.58566131958,6549.05726727137,5571.06519715036,4866.32150570634,5200.11085380879,6394.62180583809,5665.55243512052,8020.06438260941,4166.15764743726,4381.45536916673,8920.63258747943,6103.17882882355,6218.40147298323,7386.86842762886,4993.82113087764,5058.07204725279,6187.10930562892,5372.7618521483,5453.48317952847,6206.82019583297,6120.39913965585,5646.80231743595,6915.04291453784,6438.78996100199,8604.28346220648,8689.76714996438,5606.01764078566,6747.55988594396,5642.93583054956,6487.30244257195,6111.26122698907,5789.21430226935,5404.06009461405,8201.77047757983,6750.49902012437,8256.69418519301,5933.06299708675,6405.46809068627,6669.14649132856,8737.97789953145,5966.60708806102,6286.48063327964,7623.44193456604,5669.87770460704,7075.65092734937,9081.9416210687,9382.22488640088
3990.59476399195,4932.1057719092,5378.86915018389,4737.65638765624,7243.32165203921,1e+09,4595.0414932947,2079.41731715882,1954.41502473246,2198.93206352538,3566.30326276384,3196.70564566086,2637.82869034363,3309.64015349101,2185.4268614392,4829.01364988752,4173.41205666299,1892.78152027644,2561.94906188628,2135.95892195988,1202.60653598756,3417.65480555015,3945.09643508242,2304.39473764804,2620.47909657757,2433.56934388564,2075.83192602388,2772.21495948637,3727.63728982582,1397.74566720845,2424.29347060128,2009.49353298288,1814.85808522319,2760.99186092607,2040.15390598357,3326.28995365708,2059.61419899456,2442.19844689165,1994.19399525222,3485.69982114066,1770.69663906611,1693.01220822533,1477.39105801409,2190.72537728945,2114.25119493877,1760.2950117807,1907.63720654636,2750.90835467124,2285.06874686518,2294.03937481465,2346.27669572453,2418.22258623974,3089.33180283375,2549.48008646861
7434.55269437913,8852.0472359901,9161.76243247444,8778.93391410369,11589.7945385067,4595.0414932947,1e+09,5191.28295691923,5403.36250917889,6165.38149092982,7477.90883664009,6749.61406695968,5700.79306829322,6937.64215480303,3887.60349451947,8661.9003594881,7976.82290220862,3419.41708058552,5901.04825984333,5664.79683708074,4433.09151630101,7237.05896550526,7463.01414378936,5641.15919642408,6335.17667857022,6278.17966757881,5804.06639972356,6448.21786106053,7104.25461380714,4910.63839698058,5542.76703538043,3058.20187623381,2921.39405866446,6461.67952371518,5234.4504506586,6533.42636198649,5492.30570866189,6022.09615830734,5988.68632214111,6916.89566917125,3584.93729754092,5137.15657177198,3402.74329134597,6028.01697320105,5496.69126486107,5132.55278470665,3082.70109512745,6191.83557148444,5727.69990027411,4394.93207402572,6191.7012690213,4819.25418071095,2991.01898253756,2320.16372853297
2990.02769564096,4288.45786713593,4706.43139574986,4373.25209040138,6851.58566131958,2079.41731715882,5191.28295691923,1e+09,1158.90742261839,1508.82077944997,2506.3740645602,2342.47143045545,2339.38837966251,2457.79684060746,2862.51331147997,3723.92247538802,3408.7628917248,2954.91760165999,2038.71962461737,1206.12615045028,1224.90112282584,2513.63180664949,2867.02119716615,1580.92255882444,2194.20960846953,2422.76123945386,1538.2019869315,2002.88511749925,2468.56676085538,1223.07418217376,1617.26139863041,2698.66595921022,2497.48115444341,1986.48894771655,1204.49475947386,2454.51555157021,1969.87725140426,1778.74993259311,1607.0693875499,2425.66500419988,1938.98900695698,1237.41701455088,2162.79245056016,1378.02794565277,1398.71865319656,1341.66470274805,2510.89937028548,1678.07953956301,1450.8329140187,1832.24182222217,1925.101327515,2292.368177126,3505.67450894974,3468.26752111195
2342.93813898276,3898.47175770198,4332.17764870048,4151.04622715768,6549.05726727137,1954.41502473246,5403.36250917889,1158.90742261839,1e+09,1167.36563248196,2168.37461189251,1846.08647432887,1426.29040174152,1679.40647750924,3054.43600476422,3289.10203348878,2712.85457413404,3161.04807739458,1179.11707908926,610.358512023876,1305.93770314667,1883.82550688751,2265.21201285884,927.68148639498,1801.90552035893,1711.32158538365,627.922283567003,1349.65700120438,1910.11167013869,634.545558254094,839.90478478218,2593.40481151709,2656.05997044494,1151.69646504624,331.381818451164,1819.92774705481,955.340986768599,748.659250994737,861.404656825119,1751.73894967258,1911.93391148857,479.210248116628,2140.02277525264,770.238372193959,465.328257684831,535.927254578455,2439.59552129036,894.323117614657,429.441683351768,1383.02080935176,1023.25944618166,2004.70020678904,3541.14923773342,3592.80356340282
2047.70114474745,3033.8047429754,3504.15875664902,3139.06248900846,5571.06519715036,2198.93206352538,6165.38149092982,1508.82077944997,1167.36563248196,1e+09,1754.40041182166,1296.81834718668,1787.59477947325,1806.58890902164,3209.76164583914,2801.97139375119,2256.85584978306,3768.9451960595,1284.07251901908,933.950078269711,1932.90092296527,1437.19128584194,1958.58062961421,1078.08145374086,994.250931706881,1263.31071265148,1168.3316634843,1680.98984018346,1980.26612289864,1449.65390524773,1385.42354520197,3281.40038253487,3286.66496602559,1006.32721591936,1381.01266558276,1638.10637560569,1454.02212077396,1199.42214278377,666.262473729386,1585.78602235611,2753.64579243591,1399.12939773275,2858.79013715593,732.651285605915,1114.43694182309,1243.71537157824,3286.19046070066,1161.56199714006,1091.18775712523,2279.5621593192,905.727055629896,2192.83029448245,4014.54819248692,4162.17611586776
1843.23359431191,2696.1478075024,3206.62122540221,3209.9351488932,4866.32150570634,3566.30326276384,7477.90883664009,2506.3740645602,2168.37461189251,1754.40041182166,1e+09,1967.80372984706,2724.05518284781,1214.2050679354,4695.09439586682,1513.92292095734,1645.78894889351,4845.3512562352,2396.45694334365,2066.61040268842,3137.82353863311,1161.86644701532,1660.92508039947,2271.2299477816,2318.74851646314,2341.44234695198,1940.6345471778,1564.4913728749,1458.79327832973,2663.99795375297,2340.26035807984,4665.06479100773,4693.60382711409,1532.26462437139,2335.41671016117,2208.25682858675,2615.82746573623,1849.11150637272,1808.35214571167,1509.11551005879,3923.59824597269,2399.97114315985,4180.00385168483,1585.60564425711,2239.77983460429,2546.89393652347,4494.63304221824,1569.03963232291,1965.00429340498,3418.09398340654,1731.25511993467,3645.25351598486,5521.13996797763,5582.91991036053
1078.02672953874,2274.49501351399,2617.41774869813,2654.60982223377,5200.11085380879,3196.70564566086,6749.61406695968,2342.47143045545,1846.08647432887,1296.81834718668,1967.80372984706,1e+09,1512.29002158977,2018.23177197268,3732.57436918543,2398.291207214,1551.89740553298,4764.17379807874,1133.57012465043,1401.99774347179,2906.28911517764,1334.47944798712,1226.69151423657,1202.85610739606,1015.95321368654,1213.40294457365,1730.51150273554,2322.70824866146,1679.26114076995,2299.76985383321,1410.40908214603,3811.47806525238,3990.15917245165,1171.90996322243,1960.01634062066,780.577559246998,1734.51323065003,1567.32857633618,1416.59869529094,1074.46551833923,3430.04983902567,2134.23980100644,3557.47359229833,1686.19958181112,1501.97545083134,1833.37709048084,4011.33412353048,1344.43696579646,1533.73930780299,2546.2768381698,1238.83166431118,2195.93631943187,4266.57517032104,4784.18426646591
1949.04965139424,3490.35370816483,3802.61031314017,3862.75805205296,6394.62180583809,2637.82869034363,5700.79306829322,2339.38837966251,1426.29040174152,1787.59477947325,2724.05518284781,1512.29002158977,1e+09,2156.50095497313,3115.82002585194,3435.95363845323,2424.46665217322,3984.44320314646,784.867153663599,1346.96332567,2326.7438960917,2131.78109052032,2150.54436050503,882.947013642382,1627.77568786366,1217.58283541614,1462.18493833714,2333.94276699323,2201.08488870829,1669.86669066725,776.57510596207,2735.49528339933,3120.92119238856,1449.0727058709,1371.82503086217,1165.32290657997,925.402586499519,1331.58384865543,1429.376602404,1640.29290783689,2471.74245753881,1501.6986344803,2612.13694975972,1790.36227001688,1028.49971633443,1177.85221080575,2970.65077392143,1400.25773648997,1205.7094710999,1495.10898064322,1174.00528759457,1491.90242328378,3348.94876276123,3816.36819467147
1732.6423699656,3315.03686804536,3793.4101744209,3939.21303616598,5665.55243512052,3309.64015349101,6937.64215480303,2457.79684060746,1679.40647750924,1806.58890902164,1214.2050679354,2018.23177197268,2156.50095497313,1e+09,4559.55459270969,2012.98461504305,1727.73938824697,4515.72495255192,1882.05397029416,1812.4270458973,2796.40196209343,1048.97696366508,1550.18015685274,1961.56037773503,2365.18431167637,2211.09330872761,1504.6004749102,915.64612127175,1162.94842091126,2192.26906405213,1885.93343838005,4155.225416978,4283.12271982721,1043.40223859258,1794.80929780854,1969.61945994651,1973.88257789059,1157.91184828552,1605.47651926149,1210.03294818778,3430.40569944722,1938.34854585031,3729.55908357811,1311.67572841004,1762.73354744839,2064.07295721348,3917.0165136236,1058.51718002118,1404.42083575401,2791.25218265924,1375.41858097817,3320.27995524474,5103.54483097778,5179.69505657428
4664.05477773364,5402.27151437245,5690.71306854422,5160.27787104532,8020.06438260941,2185.4268614392,3887.60349451947,2862.51331147997,3054.43600476422,3209.76164583914,4695.09439586682,3732.57436918543,3115.82002585194,4559.55459270969,1e+09,5867.44617622522,5079.58962950749,2666.19649249638,3294.34244573936,3083.20412194846,2283.07644780021,4525.32906635529,4800.05650983403,2833.62752340529,3060.54243422633,3095.97046830231,3386.04924296739,4305.47949779116,4751.03165238877,2617.97555655128,3001.10878521589,1646.00073718088,1693.02185579513,3831.58075420576,2950.12791370137,3663.63999747519,3114.06440941738,3649.42254449934,3186.03086479086,4215.36822102174,2041.404113129,2763.14406006998,1777.19916374052,3426.42026677989,2999.10271894779,2645.26851861961,2287.47764887441,3690.84881425669,3293.84981967909,2560.6122468855,3389.36230167269,1936.64609035828,1725.31469410656,1680.67474533296
1716.16926606906,2277.28321626889,2677.61945324574,3133.16544170588,4166.15764743726,4829.01364988752,8661.9003594881,3723.92247538802,3289.10203348878,2801.97139375119,1513.92292095734,2398.291207214,3435.95363845323,2012.98461504305,5867.44617622522,1e+09,1274.16295712126,6241.88384247096,3057.4352680801,3076.31664951773,4443.04370453409,1551.09931013459,1487.86558596535,3195.05027110686,3049.66728601662,3126.74816768156,3012.80907674217,2598.27313375634,1745.2895984048,3859.34641505527,3240.75145153096,5807.68865059931,5904.42021166346,2306.91460568006,3448.95559323399,2653.39042536148,3457.40624125948,2748.16128969899,2903.77531312256,1935.22815370695,5155.94573914428,3619.5781646761,5402.96327619391,2775.89511457115,3219.26082725523,3605.87849666347,5716.20454730235,2489.37943343316,2964.98306516243,4379.32050336579,2700.33127876933,4491.49661413654,6509.64305517591,6805.42539544002
867.057411190286,1840.73050591335,2243.48072991501,2702.12119206375,4381.45536916673,4173.41205666299,7976.82290220862,3408.7628917248,2712.85457413404,2256.85584978306,1645.78894889351,1551.89740553298,2424.46665217322,1727.73938824697,5079.58962950749,1274.16295712126,1e+09,5721.41849902627,2168.25464865177,2458.26891283277,3918.84968503514,1134.8036331454,938.991644052278,2403.68079873348,2241.33455278323,2115.20651634775,2398.17552501897,2399.22283243971,1550.55466740131,3243.77402676265,2464.38810127382,5008.88667799542,5220.50396007895,1646.74512089758,2854.20479202176,1744.22339827787,2598.47944340532,2108.78185488684,2216.92315324641,1270.65367988292,4511.77201317841,3003.73079594361,4699.52354001978,2332.38607636043,2508.96303791028,2889.02416691173,5055.95923459634,1938.38513384209,2333.36362421291,3641.72578886714,1894.40293338033,3582.39347334991,5646.13564487252,6037.44243944404
5458.60412694491,6597.76945032183,7038.89915449142,6460.62539509915,8920.63258747943,1892.78152027644,3419.41708058552,2954.91760165999,3161.04807739458,3768.9451960595,4845.3512562352,4764.17379807874,3984.44320314646,4515.72495255192,2666.19649249638,6241.88384247096,5721.41849902627,1e+09,4051.2103890319,3504.7721161582,1962.30282181421,4904.68247720482,5406.69767059339,3683.53154809349,4267.5699529709,4109.07826822513,3426.53060409505,3891.36600551786,4970.28684204443,2586.33912186705,3665.75684784193,2107.26214510677,1651.11314681944,4220.50565686151,3113.23671049922,4741.41911940929,3513.48957607675,3791.98814358642,3550.42934721985,4850.88152335222,1839.02945650688,2805.21560281915,1643.30775845549,3544.0586510666,3441.23447852657,3067.57802717388,1548.10388847131,4018.2089016252,3567.54838750647,3044.79894641666,3863.03886408097,3595.88217597574,3278.28477742554,2014.95508208
1680.68591762411,3280.06192423253,3641.12746564852,3613.60644973965,6103.17882882355,2561.94906188628,5901.04825984333,2038.71962461737,1179.11707908926,1284.07251901908,2396.45694334365,1133.57012465043,784.867153663599,1882.05397029416,3294.34244573936,3057.4352680801,2168.25464865177,4051.2103890319,1e+09,981.787196392375,2234.58797363183,1620.81265129564,1727.94861086781,726.978922390464,1269.74043611283,1179.34746873006,1212.87527075128,1966.23505052168,1840.76865184086,1534.01674955002,790.862812819012,2973.22609974418,3211.05757556603,942.987955702511,1248.66719689435,1057.93591776629,720.598762141596,947.180569321394,1108.70527057465,1349.4422329244,2630.95572727859,1463.15092943278,2753.15321963744,1369.85515102875,759.650810965144,1017.24278842369,3115.78129372073,1059.59628411013,887.900172767187,1658.70324075767,931.702065576759,1666.91832376395,3584.73115116043,4033.57296991142
2049.56073247416,3514.72108916198,3923.15984564738,3706.76792599699,6218.40147298323,2135.95892195988,5664.79683708074,1206.12615045028,610.358512023876,933.950078269711,2066.61040268842,1401.99774347179,1346.96332567,1812.4270458973,3083.20412194846,3076.31664951773,2458.26891283277,3504.7721161582,981.787196392375,1e+09,1672.60681993707,1712.0556174377,1980.21747462242,738.294464424595,1498.26761911883,1471.54924559119,651.830740453379,1579.54006403763,1739.76829284822,1056.59702550215,749.451556739994,2819.32655511915,2872.14756393191,1058.25912724625,821.288498641007,1563.56289515325,992.207444035772,845.578945516029,719.847031667145,1599.19251899201,2262.37211013131,943.147735988376,2402.88018569383,909.269436305873,466.670421603941,757.929393281459,2815.03375015292,895.114195228743,612.910085575364,1609.13934166684,938.482784711579,1887.26244706453,3593.24931438107,3795.91378548038
3580.90792911518,4858.04340086624,5297.2785713232,4895.30066188993,7386.86842762886,1202.60653598756,4433.09151630101,1224.90112282584,1305.93770314667,1932.90092296527,3137.82353863311,2906.28911517764,2326.7438960917,2796.40196209343,2283.07644780021,4443.04370453409,3918.84968503514,1962.30282181421,2234.58797363183,1672.60681993707,1e+09,3055.61793945186,3523.25622986748,1830.5664650867,2482.09770790757,2467.17731014615,1731.05833203275,2287.57143175902,3168.41536378992,771.421075677869,1857.66553905702,1839.29041912907,1662.03165225576,2357.62971496798,1258.26240915796,2875.49181605512,1851.81466645558,2000.94020335441,1792.56309699268,2953.9779814176,1067.26271489264,1017.85770449508,1229.11109111423,1697.56760351392,1592.02653605397,1231.08228372437,1512.30928635647,2138.58957020743,1701.17631029238,1572.53864435822,2085.46892125009,2157.65106748056,2970.01729900686,2591.54192447277
1144.92501793786,2544.84573190596,3023.71923909942,3115.95049681474,4993.82113087764,3417.65480555015,7237.05896550526,2513.63180664949,1883.82550688751,1437.19128584194,1161.86644701532,1334.47944798712,2131.78109052032,1048.97696366508,4525.32906635529,1551.09931013459,1134.8036331454,4904.68247720482,1620.81265129564,1712.0556174377,3055.61793945186,1e+09,849.041295108783,1830.62182162237,1805.65329465543,1876.60723066922,1662.34761497107,1482.81790497013,1073.30232339262,2418.84986419166,1914.31267809102,4358.5803508482,4462.46624670708,806.446669532462,2068.01809334445,1592.28415865385,1978.78983633937,1311.17908795862,1508.202582215,908.121036426313,3768.19232440437,2245.55205548658,3972.67045182457,1387.17164777831,1790.41379647276,2143.69954541209,4284.37803491942,1164.37975793982,1543.4350273983,2996.33706339924,1305.95975183005,3140.91234572059,5102.12408519236,5367.37451260856
521.397124176956,2404.24998292607,2761.08308536705,3137.28333919651,5058.07204725279,3945.09643508242,7463.01414378936,2867.02119716615,2265.21201285884,1958.58062961421,1660.92508039947,1226.69151423657,2150.54436050503,1550.18015685274,4800.05650983403,1487.86558596535,938.991644052278,5406.69767059339,1727.94861086781,1980.21747462242,3523.25622986748,849.041295108783,1e+09,2010.13619473905,2066.63222415117,2141.08536490258,2058.13968384073,2075.74229944374,918.339557244487,2854.12562475796,2016.26673282579,4608.1174682944,4774.84921209037,1269.07348865225,2395.50650685821,1411.83752524857,2239.11236569316,1699.08073372044,1994.84081610539,859.568855531656,4082.22412092967,2649.9168050903,4299.15732968683,1991.76785123166,2052.15373922131,2469.00757912972,4628.63543320275,1460.34388138548,1879.69179638578,3115.77271223368,1735.09257026823,3197.84702378022,5196.53029275304,5657.72168389362
1914.47170867057,3326.35703856336,3693.71167563198,3596.48777186855,6187.10930562892,2304.39473764804,5641.15919642408,1580.92255882444,927.68148639498,1078.08145374086,2271.2299477816,1202.85610739606,882.947013642382,1961.56037773503,2833.62752340529,3195.05027110686,2403.68079873348,3683.53154809349,726.978922390464,738.294464424595,1830.5664650867,1830.62182162237,2010.13619473905,1e+09,1133.56063424062,1125.67693962344,1140.40204436856,2004.88542433227,1992.23276431244,1246.20087413707,444.841466479914,2691.12128485507,2893.94927916852,1127.05189419121,918.465659564907,1079.24931711815,999.767358338929,1098.94026302616,944.662911201662,1433.52579244323,2246.04114212095,1078.63155855,2423.08121069022,1183.20100591573,554.311628418528,735.704298070903,2840.02611451022,983.282525676115,768.40434407934,1448.40920064048,881.283434202641,1405.85412006367,3337.73405478927,3697.31898932186
1953.15362524303,2619.05029518335,3002.38005455672,2716.17234164182,5372.7618521483,2620.47909657757,6335.17667857022,2194.20960846953,1801.90552035893,994.250931706881,2318.74851646314,1015.95321368654,1627.77568786366,2365.18431167637,3060.54243422633,3049.66728601662,2241.33455278323,4267.5699529709,1269.74043611283,1498.26761911883,2482.09770790757,1805.65329465543,2066.63222415117,1133.56063424062,1e+09,890.869869341196,1847.89088154577,2513.19493740537,2431.96687347916,2012.45835355666,1555.11587484663,3375.53627865262,3524.12849483386,1441.0378173733,1897.14518092317,1278.19291963303,1696.10601269496,1766.04842742208,1300.01054730337,1677.87594151058,3079.46999478806,1954.43345279393,3140.76614613377,1581.85220033352,1518.55995742677,1613.91993912338,3622.58395372695,1655.73704651433,1621.74723890624,2445.69319339119,1255.25185723822,1812.48272333835,3829.58543591862,4245.20575804047
1964.19267845596,2730.54460055133,3119.32519954236,2867.41992303185,5453.48317952847,2433.56934388564,6278.17966757881,2422.76123945386,1711.32158538365,1263.31071265148,2341.44234695198,1213.40294457365,1217.58283541614,2211.09330872761,3095.97046830231,3126.74816768156,2115.20651634775,4109.07826822513,1179.34746873006,1471.54924559119,2467.17731014615,1876.60723066922,2141.08536490258,1125.67693962344,890.869869341196,1e+09,1566.59698952858,2382.18252144961,2408.58452220386,1889.65389050482,1415.84055497079,3228.75892791642,3473.46792799358,1401.68995294965,1816.25595668672,1356.40941662169,1368.46043837591,1573.35204792189,1078.84561991047,1728.4050720245,2967.85367750838,1768.10646690181,2993.81370753091,1623.00221885246,1411.56041436419,1517.26059363578,3473.7322700663,1632.08988811891,1527.55137929956,2355.5146924823,922.21795330605,1869.68490599352,3837.60362571488,4149.51644471979
2162.28750477359,3647.53765628266,4095.12491703245,3879.89491545841,6206.82019583297,2075.83192602388,5804.06639972356,1538.2019869315,627.922283567003,1168.3316634843,1940.6345471778,1730.51150273554,1462.18493833714,1504.6004749102,3386.04924296739,3012.80907674217,2398.17552501897,3426.53060409505,1212.87527075128,651.830740453379,1731.05833203275,1662.34761497107,2058.13968384073,1140.40204436856,1847.89088154577,1566.59698952858,1e+09,1161.50860552129,1693.32248523428,1041.91776753254,1048.99231775071,2964.9670308791,3033.24954008074,1020.93559297343,904.372203796645,1859.39435739168,938.519579657239,591.27932071061,637.825429408392,1696.97851377087,2354.84011013487,880.592147080588,2493.99221221719,842.55449034469,722.835105815981,952.501137112182,2834.47404809076,934.797249942467,648.990980214671,1828.67109522188,830.288413143289,2311.932597136,3919.80925516791,3954.24194477273
2348.94321212753,3875.3513126296,4378.92687963615,4271.61635858138,6120.39913965585,2772.21495948637,6448.21786106053,2002.88511749925,1349.65700120438,1680.98984018346,1564.4913728749,2322.70824866146,2333.94276699323,915.64612127175,4305.47949779116,2598.27313375634,2399.22283243971,3891.36600551786,1966.23505052168,1579.54006403763,2287.57143175902,1482.81790497013,2075.74229944374,2004.88542433227,2513.19493740537,2382.18252144961,1161.50860552129,1e+09,1512.62802674683,1756.72565883236,1916.05210085739,3797.9261263616,3795.71293631381,1251.10242190638,1551.56413773327,2418.21942283987,1816.16279531875,1041.86047847109,1444.20915033107,1820.58270421862,3026.99953320115,1616.26562816884,3273.58540360566,1054.51859722814,1614.63165963634,1823.9686263475,3438.82889841876,1217.25585346713,1288.14796219223,2595.42643317047,1485.63867286093,3288.65660104548,4852.58771619844,4761.65461446964
1231.59905005647,3118.79496604057,3504.57121124682,3763.96554067648,5646.80231743595,3727.63728982582,7104.25461380714,2468.56676085538,1910.11167013869,1980.26612289864,1458.79327832973,1679.26114076995,2201.08488870829,1162.94842091126,4751.03165238877,1745.2895984048,1550.55466740131,4970.28684204443,1840.76865184086,1739.76829284822,3168.41536378992,1073.30232339262,918.339557244487,1992.23276431244,2431.96687347916,2408.58452220386,1693.32248523428,1512.62802674683,1e+09,2536.64222603425,1855.44530749359,4374.32816434707,4483.11661945125,1252.41944204009,2039.96828764567,1776.29937963734,2139.52352588141,1411.56114465509,1880.24265763757,1084.46945720016,3713.21151639655,2297.10360042816,3984.15825596825,1741.33942159477,1844.41451935296,2271.10758353716,4250.11703941197,1173.11988019128,1601.35541289247,2847.07699437511,1713.53804743285,3291.55817358588,5119.22310255179,5421.19574099663
2909.73531462915,4318.54753942804,4756.29229740982,4451.58897036777,6915.04291453784,1397.74566720845,4910.63839698058,1223.07418217376,634.545558254094,1449.65390524773,2663.99795375297,2299.76985383321,1669.86669066725,2192.26906405213,2617.97555655128,3859.34641505527,3243.77402676265,2586.33912186705,1534.01674955002,1056.59702550215,771.421075677869,2418.84986419166,2854.12562475796,1246.20087413707,2012.45835355666,1889.65389050482,1041.91776753254,1756.72565883236,2536.64222603425,1e+09,1232.79647403779,2097.47778484064,2117.01148232597,1673.2238104629,661.768415610779,2268.30834165023,1110.42998658177,1269.97712050257,1162.42989195048,2319.56201130731,1437.97182183797,433.827430206989,1594.59759528854,1159.5395991082,895.107418302407,564.793095301279,1907.50619380384,1499.45374393477,1006.39453729638,1283.76846050992,1407.16278543031,1903.63037215737,3162.59063667747,3047.56471437441
1930.67329520041,3561.48356659132,3915.69820519917,3902.38277073124,6438.78996100199,2424.29347060128,5542.76703538043,1617.26139863041,839.90478478218,1385.42354520197,2340.26035807984,1410.40908214603,776.57510596207,1885.93343838005,3001.10878521589,3240.75145153096,2464.38810127382,3665.75684784193,790.862812819012,749.451556739994,1857.66553905702,1914.31267809102,2016.26673282579,444.841466479914,1555.11587484663,1415.84055497079,1048.99231775071,1916.05210085739,1855.44530749359,1232.79647403779,1e+09,2643.4456167472,2876.91984154929,1190.15337629232,770.821201252275,1187.70404503816,937.441634289837,1000.19717156169,1108.36110356688,1451.14659662627,2150.09013936626,1007.14818552187,2375.22607006154,1296.11675303578,472.90120987369,748.549800146924,2739.22144471746,910.357165842067,672.948490673692,1233.29282986645,1011.24753720343,1544.35659593243,3347.23006684632,3699.02949759799
4534.07511956959,5853.4770290828,6183.64071237164,5845.7977361007,8604.28346220648,2009.49353298288,3058.20187623381,2698.66595921022,2593.40481151709,3281.40038253487,4665.06479100773,3811.47806525238,2735.49528339933,4155.225416978,1646.00073718088,5807.68865059931,5008.88667799542,2107.26214510677,2973.22609974418,2819.32655511915,1839.29041912907,4358.5803508482,4608.1174682944,2691.12128485507,3375.53627865262,3228.75892791642,2964.9670308791,3797.9261263616,4374.32816434707,2097.47778484064,2643.4456167472,1e+09,755.211724352847,3563.98769318863,2434.8972207467,3612.12621621947,2571.50200552129,3176.61796593484,3049.50812548516,4034.47093190669,1026.42196220658,2300.04749748782,722.041357818235,3210.0923849011,2604.25285872935,2218.96040717269,937.670713470352,3357.57708139366,2874.14575117547,1675.38850786915,3211.16659658137,1972.77290844638,1416.2327544228,1144.21897248735
4766.60720709185,6039.53351269782,6399.05612887557,5945.22494380154,8689.76714996438,1814.85808522319,2921.39405866446,2497.48115444341,2656.05997044494,3286.66496602559,4693.60382711409,3990.15917245165,3120.92119238856,4283.12271982721,1693.02185579513,5904.42021166346,5220.50396007895,1651.11314681944,3211.05757556603,2872.14756393191,1662.03165225576,4462.46624670708,4774.84921209037,2893.94927916852,3524.12849483386,3473.46792799358,3033.24954008074,3795.71293631381,4483.11661945125,2117.01148232597,2876.91984154929,755.211724352847,1e+09,3701.78018069685,2546.9719126445,3900.74728280364,2795.12150093695,3307.16826470925,3126.46510276382,4242.62230902068,1073.05138576864,2385.3130750281,642.124839419875,3221.7374074558,2750.81684355756,2357.14256709262,889.698742777576,3492.48919263897,3003.87496770422,1984.5690023529,3383.8409301857,2329.28098989796,1733.9192834443,1072.00197667728
1388.09335964841,2979.88870006918,3433.17377088606,3424.3135687609,5606.01764078566,2760.99186092607,6461.67952371518,1986.48894771655,1151.69646504624,1006.32721591936,1532.26462437139,1171.90996322243,1449.0727058709,1043.40223859258,3831.58075420576,2306.91460568006,1646.74512089758,4220.50565686151,942.987955702511,1058.25912724625,2357.62971496798,806.446669532462,1269.07348865225,1127.05189419121,1441.0378173733,1401.68995294965,1020.93559297343,1251.10242190638,1252.41944204009,1673.2238104629,1190.15337629232,3563.98769318863,3701.78018069685,1e+09,1320.84360845635,1259.31861897615,1222.2852566402,598.446612907117,892.05419140319,869.75548069558,2998.67305365223,1506.04207879461,3198.9284683156,841.228606265859,1019.34749629358,1359.0599843274,3508.97503717254,564.028125451205,781.336434962558,2225.04265682706,651.798137002554,2451.70040981764,4349.24403140362,4591.67383044571
2428.37177040502,4033.46423296402,4448.64650646688,4327.47151110207,6747.55988594396,2040.15390598357,5234.4504506586,1204.49475947386,331.381818451164,1381.01266558276,2335.41671016117,1960.01634062066,1371.82503086217,1794.80929780854,2950.12791370137,3448.95559323399,2854.20479202176,3113.23671049922,1248.66719689435,821.288498641007,1258.26240915796,2068.01809334445,2395.50650685821,918.465659564907,1897.14518092317,1816.25595668672,904.372203796645,1551.56413773327,2039.96828764567,661.768415610779,770.821201252275,2434.8972207467,2546.9719126445,1320.84360845635,1e+09,1808.38797322367,1056.9811350256,943.107305718708,1106.30621041374,1803.3626291459,1725.29202539744,439.360881167179,2024.50087275852,990.546876730223,552.085335432848,526.556366213533,2287.92472120479,981.464216617193,554.898696159939,1149.53020425737,1182.60099458778,1888.00870244287,3378.08851987333,3454.46083124415
1103.09757673562,2631.99177097878,2922.89022691582,3199.01631835475,5642.93583054956,3326.28995365708,6533.42636198649,2454.51555157021,1819.92774705481,1638.10637560569,2208.25682858675,780.577559246998,1165.32290657997,1969.61945994651,3663.63999747519,2653.39042536148,1744.22339827787,4741.41911940929,1057.93591776629,1563.56289515325,2875.49181605512,1592.28415865385,1411.83752524857,1079.24931711815,1278.19291963303,1356.40941662169,1859.39435739168,2418.21942283987,1776.29937963734,2268.30834165023,1187.70404503816,3612.12621621947,3900.74728280364,1259.31861897615,1808.38797322367,1e+09,1694.5217801787,1577.21809303596,1636.89537634511,891.391385812091,3227.87332040773,2046.73536789689,3443.68333049077,1808.12473648806,1450.06808533255,1753.51458371466,3822.21923405762,1261.85619751222,1461.91644354252,2237.52419119883,1308.19395538276,1992.03191982458,4057.83807900217,4636.55564945575
2245.62227333539,3793.39854739784,4187.86960211275,4030.50829030285,6487.30244257195,2059.61419899456,5492.30570866189,1969.87725140426,955.340986768599,1454.02212077396,2615.82746573623,1734.51323065003,925.402586499519,1973.88257789059,3114.06440941738,3457.40624125948,2598.47944340532,3513.48957607675,720.598762141596,992.207444035772,1851.81466645558,1978.78983633937,2239.11236569316,999.767358338929,1696.10601269496,1368.46043837591,938.519579657239,1816.16279531875,2139.52352588141,1110.42998658177,937.441634289837,2571.50200552129,2795.12150093695,1222.2852566402,1056.9811350256,1694.5217801787,1e+09,875.369343705844,1034.03325594489,1853.47699732152,2225.6576121003,1125.8930084604,2290.53064764478,1352.28342310331,698.107436430812,755.753033338273,2622.01631076162,1284.95456250406,869.864777652251,1441.71823401801,1012.56956284494,1761.35741917988,3397.04981195448,3637.59079622764
1820.86056330516,3505.41042445817,3948.90915013248,3884.6149067443,6111.26122698907,2442.19844689165,6022.09615830734,1778.74993259311,748.659250994737,1199.42214278377,1849.11150637272,1567.32857633618,1331.58384865543,1157.91184828552,3649.42254449934,2748.16128969899,2108.78185488684,3791.98814358642,947.180569321394,845.578945516029,2000.94020335441,1311.17908795862,1699.08073372044,1098.94026302616,1766.04842742208,1573.35204792189,591.27932071061,1041.86047847109,1411.56114465509,1269.97712050257,1000.19717156169,3176.61796593484,3307.16826470925,598.446612907117,943.107305718708,1577.21809303596,875.369343705844,1e+09,826.41550995852,1305.20661257136,2579.77241674532,1114.03141643313,2779.49834709431,802.332658751967,720.206932138257,1037.62745024407,3050.37266815057,600.172402564463,455.405756990401,1850.34038279447,733.406797555081,2352.57072794847,4073.04682180306,4223.07909344592
2043.0044047187,3225.81080781251,3689.56462243176,3386.63437052186,5789.21430226935,1994.19399525222,5988.68632214111,1607.0693875499,861.404656825119,666.262473729386,1808.35214571167,1416.59869529094,1429.376602404,1605.47651926149,3186.03086479086,2903.77531312256,2216.92315324641,3550.42934721985,1108.70527057465,719.847031667145,1792.56309699268,1508.202582215,1994.84081610539,944.662911201662,1300.01054730337,1078.84561991047,637.825429408392,1444.20915033107,1880.24265763757,1162.42989195048,1108.36110356688,3049.50812548516,3126.46510276382,892.05419140319,1106.30621041374,1636.89537634511,1034.03325594489,826.41550995852,1e+09,1578.7765075526,2516.79274269853,1034.40704865155,2615.29120256235,686.718107523021,812.403179954387,975.944913711835,3027.32640669948,999.558357125786,795.486682980928,2032.23334671489,486.230525574033,2139.32126584578,3912.36164853149,3991.533712973
773.846973438548,2611.24082374644,2995.51174290805,3315.64532626757,5404.06009461405,3485.69982114066,6916.89566917125,2425.66500419988,1751.73894967258,1585.78602235611,1509.11551005879,1074.46551833923,1640.29290783689,1210.03294818778,4215.36822102174,1935.22815370695,1270.65367988292,4850.88152335222,1349.4422329244,1599.19251899201,2953.9779814176,908.121036426313,859.568855531656,1433.52579244323,1677.87594151058,1728.4050720245,1696.97851377087,1820.58270421862,1084.46945720016,2319.56201130731,1451.14659662627,4034.47093190669,4242.62230902068,869.75548069558,1803.3626291459,891.391385812091,1853.47699732152,1305.20661257136,1578.7765075526,1e+09,3466.00310716826,2059.00009531326,3742.42096063497,1513.84220399618,1550.93388750133,1927.95872601049,4047.10864775089,892.057524098082,1348.25026823658,2558.82907903205,1232.13926445025,2686.79944474834,4681.34217453713,5078.56797117061
4060.07966323322,5491.14284133094,5869.75138974386,5584.04939998743,8201.77047757983,1770.69663906611,3584.93729754092,1938.98900695698,1911.93391148857,2753.64579243591,3923.59824597269,3430.04983902567,2471.74245753881,3430.40569944722,2041.404113129,5155.94573914428,4511.77201317841,1839.02945650688,2630.95572727859,2262.37211013131,1067.26271489264,3768.19232440437,4082.22412092967,2246.04114212095,3079.46999478806,2967.85367750838,2354.84011013487,3026.99953320115,3713.21151639655,1437.97182183797,2150.09013936626,1026.42196220658,1073.05138576864,2998.67305365223,1725.29202539744,3227.87332040773,2225.6576121003,2579.77241674532,2516.79274269853,3466.00310716826,1e+09,1581.58837394564,614.980118459126,2522.20503950412,2066.24256289043,1699.58363904222,727.856305049287,2700.86060136394,2249.44210321137,1281.92080106378,2698.48609992714,2073.12881905587,2260.14683146914,1871.23997197046
2671.06553008345,4111.37388704798,4543.91526723375,4320.92647557211,6750.49902012437,1693.01220822533,5137.15657177198,1237.41701455088,479.210248116628,1399.12939773275,2399.97114315985,2134.23980100644,1501.6986344803,1938.34854585031,2763.14406006998,3619.5781646761,3003.73079594361,2805.21560281915,1463.15092943278,943.147735988376,1017.85770449508,2245.55205548658,2649.9168050903,1078.63155855,1954.43345279393,1768.10646690181,880.592147080588,1616.26562816884,2297.10360042816,433.827430206989,1007.14818552187,2300.04749748782,2385.3130750281,1506.04207879461,439.360881167179,2046.73536789689,1125.8930084604,1114.03141643313,1034.40704865155,2059.00009531326,1581.58837394564,1e+09,1824.58910385325,1032.28909027462,759.790553442197,583.948294372028,2130.88891000915,1243.85527703186,807.606329284262,1308.86346476628,1202.0603839658,1947.7451010335,3344.03311131933,3270.50676447856
4280.42292224729,5597.89086717489,5972.52632663097,5573.0518006385,8256.69418519301,1477.39105801409,3402.74329134597,2162.79245056016,2140.02277525264,2858.79013715593,4180.00385168483,3557.47359229833,2612.13694975972,3729.55908357811,1777.19916374052,5402.96327619391,4699.52354001978,1643.30775845549,2753.15321963744,2402.88018569383,1229.11109111423,3972.67045182457,4299.15732968683,2423.08121069022,3140.76614613377,2993.81370753091,2493.99221221719,3273.58540360566,3984.15825596825,1594.59759528854,2375.22607006154,722.041357818235,642.124839419875,3198.9284683156,2024.50087275852,3443.68333049077,2290.53064764478,2779.49834709431,2615.29120256235,3742.42096063497,614.980118459126,1824.58910385325,1e+09,2731.37000887833,2250.03382494575,1858.04006587587,695.73494687273,2979.83063359312,2487.35612146713,1561.31128270438,2848.37864775735,2066.42216995947,2017.63860255002,1503.78134102003
2132.79985772224,3449.58183141087,3937.88009988877,3711.04343297138,5933.06299708675,2190.72537728945,6028.01697320105,1378.02794565277,770.238372193959,732.651285605915,1585.60564425711,1686.19958181112,1790.36227001688,1311.67572841004,3426.42026677989,2775.89511457115,2332.38607636043,3544.0586510666,1369.85515102875,909.269436305873,1697.56760351392,1387.17164777831,1991.76785123166,1183.20100591573,1581.85220033352,1623.00221885246,842.55449034469,1054.51859722814,1741.33942159477,1159.5395991082,1296.11675303578,3210.0923849011,3221.7374074558,841.228606265859,990.546876730223,1808.12473648806,1352.28342310331,802.332658751967,686.718107523021,1513.84220399618,2522.20503950412,1032.28909027462,2731.37000887833,1e+09,959.170309486277,1101.66305792652,3036.12178278474,814.663886704204,727.555515819927,2089.70985553019,850.353126765581,2438.62965525723,4129.65527998403,4143.8899688095
