1e+09,7104.13791632032,3500.92973368504,8766.08554242428,11637.4209134026,6818.56426307621,6777.46037791443,6647.29317558659,4063.18068660502,2079.3509905497,984.749368925921,4221.01976560167,4772.02839141806,1042.82719138887,4405.92760931225,2158.17486786868,2240.03966746127,1825.74210785642,4359.6708522892,4471.03612771134,4816.89441161004,4229.50900143267,4074.08643692055,2286.93378811019,2848.60737513965,3590.54576088371,2634.92888418265,2331.74727112524,2553.55676482823,2200.68941654655,3070.32668533822,7588.18275902077,7849.49244487183,6048.30831175958,3433.75281654053,4041.64824120061,3575.16232779716,3676.71387919974,4139.79914061057,4217.50936717395,5568.8516726072,4456.18655532957,4155.95775002586,4456.27655629675,5116.54220148725,5512.39151229301,6244.38161916775,4446.72726158239,3280.25942908484,5083.33159306965,3643.43502908999,3984.22731496334,4442.13592041036,6695.9578721345
7104.13791632032,1e+09,3630.56214764325,2277.52020575011,5345.5123207977,1277.2396522188,12810.49359478,13423.0724020881,10821.5412720878,8509.82508611076,7474.24421195214,11262.4300784378,11768.4186288388,7802.55101443111,11037.1723744626,8852.12542755693,5147.54901675545,7722.84555750664,11341.9007168904,11245.5410452321,11618.8095466919,11300.8646358011,11025.1630360009,8002.02759567224,4566.88617885316,3731.07332743542,4742.82177712804,9008.08579245891,9279.10290742052,8460.66114422508,9935.22955862621,14456.7821682143,14759.7581107144,12880.765628176,9909.78476916628,10808.3062691756,10097.6084516483,10578.2741703172,11090.3191107966,11170.0582381248,12428.3616447302,11480.7390413074,11047.8944031295,11511.9421501804,12183.9921944616,12346.1446331517,13041.2788083186,11520.1761214488,10228.4416171184,11706.0661152242,10685.8448575908,10918.9189024555,11092.3852689086,13588.6727487382
3500.92973368504,3630.56214764325,1e+09,5451.59697430946,8427.48269661231,3365.74801883623,9497.61117697498,9879.15486247685,7250.3450344794,4962.64502457107,3875.11289254907,7656.81038292056,8162.63616934505,4223.75744832726,7524.56560600677,5257.43505706918,1637.45382847884,4219.7988915113,7729.87361385036,7701.63494104336,8049.06988220378,7690.63753027017,7421.97080156612,4608.93988337882,1324.22422984176,702.186162210564,1297.54099099027,5425.41517585521,5713.89191012571,4935.4494283601,6353.61043213227,10872.8773122159,11193.6214403784,9308.5201994678,6424.70088039124,7272.72122325612,6584.30240942046,6996.49516663165,7499.94527112032,7592.49960007902,8875.48478853409,7867.8867274828,7466.44419691194,7906.41660900815,8564.62163205124,8773.45326865083,9488.44851371393,7905.03613184026,6631.62824390059,8201.22743412838,7083.84608182589,7359.12953232242,7614.9978182794,10025.9067441105
8766.08554242428,2277.52020575011,5451.59697430946,1e+09,3194.96488090245,3039.05371439861,14845.7230551125,15291.5479512017,12672.4729626975,10387.7759777346,9288.92286024058,12951.7593484167,13492.236670293,9476.60527454848,12931.6475899322,10546.3824067118,6963.47589325188,9660.20354043847,13102.2959204866,13053.8150661943,13473.1924847862,12976.3431969219,12793.9737696542,9952.21319178302,6458.3134678645,5678.81508171379,6617.15705446078,10826.5033772082,11102.2421409506,10369.6046896109,11747.7978187403,16290.1807679534,16561.5529972041,14716.9823674217,11811.9995757789,12584.0423394989,12003.2490263595,12366.2795841433,12855.273447854,12920.4918753544,14245.2986912595,13212.5665124608,12847.2712255988,13162.8753841818,13840.8062120781,14184.8431752663,14898.7539897033,13184.7587617749,11987.6838130141,13601.7605827922,12391.8669626937,12668.1926826679,12931.2282929929,15402.7602192432
11637.4209134026,5345.5123207977,8427.48269661231,3194.96488090245,1e+09,5850.87829259847,17891.1041748267,18222.8272344524,15581.9494611457,13339.3017894941,12212.8405003791,15783.5604362482,16308.4865979158,12354.2171167824,15907.4882593199,13338.9717190119,9911.28560253916,12636.5138868083,15951.8509105871,15969.2630440731,16381.8824232534,15798.9198160476,15650.1897543384,13002.4131283581,9506.93455457646,8687.78321420948,9593.97864985117,13724.8925074006,14035.4110541694,13322.1538219088,14669.1946434833,19147.2768341976,19449.3501514832,17611.2695752237,14813.9682272037,15514.2198546978,14972.1596606969,15276.8474434354,15741.8892215039,15820.7370956318,17181.9310849334,16058.0640493429,15756.7329476545,15954.4801073711,16617.3166727213,17088.439644874,17821.5009185955,15988.9318310511,14876.1064348102,16573.3453519922,15253.4911970309,15590.5042081967,15924.1335542911,18321.4885266809
6818.56426307621,1277.2396522188,3365.74801883623,3039.05371439861,5850.87829259847,1e+09,12336.4357870537,13004.605089625,10374.9529039847,8094.38309564108,7110.53366819256,10912.8986916538,11432.3263095225,7446.00614164399,10668.1241579577,8383.60926120725,4748.40822639545,7328.51625380609,10955.4878028867,10881.2609363713,11215.8406952622,10969.2306385772,10653.3423890345,7650.32421727995,4290.10660049375,3360.81258723244,4368.00329988429,8575.57325736886,8904.26095353792,8043.01234154219,9583.1417659972,14008.9637729919,14412.1938257644,12430.9282866727,9549.45322498624,10412.538745162,9671.52418933024,10205.6033331107,10735.0372721989,10833.5701368893,12071.0208455458,11107.573269558,10659.6190825704,11200.6659680173,11823.4300422551,11913.4997099887,12628.0749330252,11169.8575797635,9848.96271930197,11313.7295002842,10358.2157440893,10625.8003215946,10825.4871281943,13217.6316221288
6777.46037791443,12810.49359478,9497.61117697498,14845.7230551125,17891.1041748267,12336.4357870537,1e+09,2536.92211902534,3182.72239819938,4802.89757547462,5969.32648855799,4276.33236203642,4229.75608732939,6127.09464747363,2787.18943455589,5495.35407902894,8064.75748055699,5394.92684534276,3797.36024757989,3485.6818109948,2963.90828721133,4397.21882837323,3921.3089544054,4981.50683143163,8455.98170338016,9235.60902109872,8357.2833679791,4697.98060547295,4428.40618234145,4817.2367700685,4046.29093851394,3570.69374725697,4038.22279876928,2733.27565461298,3470.35383180159,3554.77771538531,3269.12606870705,3727.55809890336,3757.05984224367,3762.1171840069,2877.8628756249,3901.06091058573,3400.33650405368,4687.94382135708,4509.68189020024,2712.30338096608,2608.47146202522,4430.60832088552,4111.05819434607,2414.60332218358,4307.0252439706,3880.87352139953,3324.50789895287,3084.3720438689
6647.29317558659,13423.0724020881,9879.15486247685,15291.5479512017,18222.8272344524,13004.605089625,2536.92211902534,1e+09,2710.55683950734,4927.9070065191,6045.04469414412,2889.6991375574,2533.95809079393,5938.73347554005,2428.1125803183,5063.36058951957,8373.65421043884,5735.29067191891,2488.6611160823,2451.14811121238,1914.98526808955,2934.87679046327,2810.87332548089,5509.42258508094,8908.44055854334,9737.93559822615,8736.01658031279,4513.26963938562,4199.79286134447,4992.46214594563,3613.88660623158,1391.89517216635,1819.6949109947,812.767266503764,3575.30368574475,2935.34375513329,3423.96405403153,3017.21314150989,2634.17148185155,2610.3858786394,1277.69052164442,2476.68923510803,2510.7674010549,3024.01783513259,2555.02036324566,1280.91570339347,433.469114009291,2838.29425026723,3415.4683819207,1781.91683602238,3233.94347099636,2923.32685933339,2817.72065315212,848.207137909131
4063.18068660502,10821.5412720878,7250.3450344794,12672.4729626975,15581.9494611457,10374.9529039847,3182.72239819938,2710.55683950734,1e+09,2342.63160328294,3411.48773578332,1640.58020949907,1890.2946316117,3409.03034869155,1033.19229454153,2561.80779468328,5769.36173771415,3160.27088892709,1119.48899168326,1453.56384266395,1005.3158902554,1736.46158684838,1159.44416049243,3103.33551199351,6353.04052082938,7129.26566522808,6144.13638889145,1941.71667577945,1743.66094353231,2447.23289122633,1188.00442377123,3686.55682426027,4185.5990243811,2090.69549392062,1428.28584663575,1334.01130872268,1000.37708265434,915.892760261812,1147.26882202908,1351.71955308784,1926.42232116948,1340.43316375715,762.629293824988,2113.31933029535,2258.63947083194,1558.22855095137,2336.31467966111,1837.94819570629,1132.80013281249,1430.2002918123,1449.93721726149,1509.26063604004,1842.50862613992,2939.493281877
2079.3509905497,8509.82508611076,4962.64502457107,10387.7759777346,13339.3017894941,8094.38309564108,4802.89757547462,4927.9070065191,2342.63160328294,1e+09,1272.4649922493,3104.26743662655,3565.69203816034,1559.99015958435,2617.8378224405,1500.79081133914,3465.60548991082,957.463805634448,2979.5973413198,2906.46237543169,3147.15560223831,3176.85521793172,2741.7631597204,1122.88927624232,4027.45545979096,4816.42306112119,3821.82018119639,705.85132350942,915.838855749198,370.316731461056,1612.20853750376,5970.98668842931,6352.91894610659,4373.87936886696,1600.71154328317,2508.67860749439,1744.04717418996,2206.57862166749,2731.36414121223,2861.64879073236,4000.55226157589,3165.9740200766,2602.70419696515,3480.17788377261,4013.13692635823,3852.42441632539,4543.07117684722,3384.55009057334,1914.78059813651,3271.92320282735,2526.59656183966,2726.05590995489,3000.30693388193,5142.96797760787
984.749368925921,7474.24421195214,3875.11289254907,9288.92286024058,12212.8405003791,7110.53366819256,5969.32648855799,6045.04469414412,3411.48773578332,1272.4649922493,1e+09,3866.91641580213,4376.79648175466,1117.41958918752,3743.81043153897,1884.448116744,2500.86047903517,915.806371893098,3888.92427819056,3938.28520123924,4202.11230573387,3912.63466855775,3574.0021295321,1542.54351296811,3083.56720625642,3843.56897042319,2862.02876308048,1689.15596094618,1952.60756487319,1363.519407746,2493.59192545613,7024.17371609643,7346.71118172615,5466.03898497806,2743.79043104607,3572.47694033146,2810.59212229381,3151.03200813638,3691.02661334215,3788.17999978882,5037.81509709318,4029.4324328992,3620.31925987198,4197.00992112242,4809.74007170866,4928.12124832578,5654.2222175645,4134.79406271945,2806.3742682864,4429.34269343658,3304.46518250685,3576.96009783447,3895.44487446556,6168.09120629713
4221.01976560167,11262.4300784378,7656.81038292056,12951.7593484167,15783.5604362482,10912.8986916538,4276.33236203642,2889.6991375574,1640.58020949907,3104.26743662655,3866.91641580213,1e+09,1118.93772190413,3553.04414547582,1926.0003048546,2900.61134609585,6214.48665511481,3947.20130687554,907.550596440771,1317.17996670918,1609.47967946166,376.829339887435,795.836419184244,3915.94687382247,6798.49855351165,7658.95235213015,6614.14913759132,2548.73450496516,2279.67295781654,3290.12384853519,1669.11104888201,3648.32121424361,3761.03725212873,2309.68997545125,2414.27474540492,1667.80691202549,2244.13769829304,1082.35088797487,1085.46520976031,802.323836988532,1822.87197452262,567.994029458057,1069.20514252411,1027.73753847955,1211.23877943203,1998.98665628363,2526.4366036772,450.142327825323,1223.53312006664,2079.48709875777,934.904176159247,1060.25202895349,1866.62569038359,2711.97174675549
4772.02839141806,11768.4186288388,8162.63616934505,13492.236670293,16308.4865979158,11432.3263095225,4229.75608732939,2533.95809079393,1890.2946316117,3565.69203816034,4376.79648175466,1118.93772190413,1e+09,4220.63316539118,1987.03277944779,3357.36350951159,6744.4736614283,4336.49187354248,819.857275627899,1603.54495216068,1346.28563993679,931.866655643392,1073.27456561683,4402.57750458751,7353.28897443858,8143.4191983773,7124.11811245434,3035.58479128816,2760.66772848527,3648.20754919454,2093.32384193177,3086.34837978476,3258.31721534291,2056.94352197624,2731.71977179212,2233.63292738534,2657.38865256853,1711.52622042433,1172.62766345503,1317.42066656782,1733.02511216658,838.595483651087,1470.80573050964,759.990866458275,873.29339061967,1752.61215546966,2154.63538398032,912.47643136686,1890.02441545076,2067.36160426762,1393.14987912285,1560.57404656107,2173.51117869221,2422.96425485396
1042.82719138887,7802.55101443111,4223.75744832726,9476.60527454848,12354.2171167824,7446.00614164399,6127.09464747363,5938.73347554005,3409.03034869155,1559.99015958435,1117.41958918752,3553.04414547582,4220.63316539118,1e+09,3768.52218311104,1522.6344026719,2749.8601793364,1776.94390780914,3739.86150989579,3714.6018566732,4196.78655855882,3611.47399540686,3480.74603098244,1973.06031724831,3368.62493762663,4225.24377662402,3181.50407948819,1637.86365375754,1866.54791556499,1793.03344118285,2516.55698906264,6919.8036129503,7194.61626445775,5327.72583166589,2829.46141493395,3211.64032654655,2981.11847594154,2979.31655491658,3489.43338436199,3509.62463347578,4874.87467043,3808.66774379178,3449.16039518315,3894.78247180764,4487.21281330627,4841.24157522634,5542.62453140207,3803.24727823475,2562.19234765854,4371.94665969291,3028.79983787308,3347.96012783904,3858.13913298886,6010.73890328802
4405.92760931225,11037.1723744626,7524.56560600677,12931.6475899322,15907.4882593199,10668.1241579577,2787.18943455589,2428.1125803183,1033.19229454153,2617.8378224405,3743.81043153897,1926.0003048546,1987.03277944779,3768.52218311104,1e+09,3142.94272728601,6051.9894232971,3377.37612437525,1473.57424868922,1167.45961429079,963.601474832828,1994.11302766418,1505.56240667732,3121.91795047532,6538.91292870612,7376.52543351543,6391.89906520746,2345.50751823566,1942.19402941622,2672.9426642186,1451.68828499785,3615.81480225412,3884.16460374686,2079.77354565347,1187.87192718744,1392.72649184971,1278.34323497252,1186.68780258331,1222.99406323171,1295.39704295633,1569.49536450415,1649.25773492199,962.58222791614,2279.51469639921,2493.33439331751,1595.47604353685,2068.92901117946,2142.49468895491,1542.97011422775,777.446136012007,1700.06104510985,1342.09794068838,1202.06643822211,2675.50609610593
2158.17486786868,8852.12542755693,5257.43505706918,10546.3824067118,13338.9717190119,8383.60926120725,5495.35407902894,5063.36058951957,2561.80779468328,1500.79081133914,1884.448116744,2900.61134609585,3357.36350951159,1522.6344026719,3142.94272728601,1e+09,3747.76716812824,2109.94823668734,2829.59611418308,3096.38043473343,3325.90954123831,2912.13929180937,2754.40044183848,2483.08891361143,4513.3439468536,5182.40783374871,4182.0450543245,1096.86940895441,1500.27703651692,1631.882839422,2032.13974868856,5894.88961504794,6386.57434492076,4380.72774582032,2454.94859836209,2578.71672668791,2514.66947585562,2404.60399093073,2673.50162287215,2898.24671998434,4175.70337457056,3000.07703587758,2719.80831344784,3076.88638212398,3568.48862333902,3904.07571587694,4651.85666575186,3037.74222257255,1945.42900955034,3680.96203908707,2349.9964598484,2907.67916386936,3622.63036525948,5239.65957265355
2240.03966746127,5147.54901675545,1637.45382847884,6963.47589325188,9911.28560253916,4748.40822639545,8064.75748055699,8373.65421043884,5769.36173771415,3465.60548991082,2500.86047903517,6214.48665511481,6744.4736614283,2749.8601793364,6051.9894232971,3747.76716812824,1e+09,2835.91847992851,6271.39809086459,6186.70244994052,6581.34288868161,6265.52139600528,5992.88717451781,3200.0501423259,926.910833629643,1519.33026863813,475.278250396544,3896.85820075609,4203.77801376333,3454.13372643562,4924.85308386961,9383.97330348398,9734.48811317267,7796.01557741517,4956.1293808677,5729.43968637423,5142.19855029928,5521.95047211581,6023.16288556104,6113.875578927,7396.32458575879,6413.89083598248,5974.52876786111,6493.11287356072,7118.54621330788,7285.24738200427,7982.77296183475,6467.04819266874,5146.33439188516,6695.27706172792,5645.19227544997,5925.62017205794,6222.92990585624,8552.83805959168
1825.74210785642,7722.84555750664,4219.7988915113,9660.20354043847,12636.5138868083,7328.51625380609,5394.92684534276,5735.29067191891,3160.27088892709,957.463805634448,915.806371893098,3947.20130687554,4336.49187354248,1776.94390780914,3377.37612437525,2109.94823668734,2835.91847992851,1e+09,3802.49116615673,3768.55648885618,3928.19995496665,3997.01062232764,3529.52130446892,1000.62339718797,3341.34972346506,4055.58991817467,3131.80868775537,1603.39628114824,1809.92830797245,843.130961298421,2380.63459680397,6767.92582003527,7145.30835574645,5211.92359866297,2323.61015863247,3427.27122647158,2459.08021062754,3068.21448743402,3573.25342205111,3725.99081311267,4824.81908271181,4006.26030506007,3471.4811821757,4268.62585847015,4850.13967116412,4665.58707692826,5357.03443957569,4223.25178956927,2800.46695518801,4068.56544827535,3344.70805006954,3529.56482483323,3689.67857803359,5956.66495760841
4359.6708522892,11341.9007168904,7729.87361385036,13102.2959204866,15951.8509105871,10955.4878028867,3797.36024757989,2488.6611160823,1119.48899168326,2979.5973413198,3888.92427819056,907.550596440771,819.857275627899,3739.86150989579,1473.57424868922,2829.59611418308,6271.39809086459,3802.49116615673,1e+09,1291.71649970108,908.865917118692,841.431304920372,670.112814532001,3824.99053019743,6887.1365847063,7674.00282533829,6661.03863929643,2451.73057016875,2201.46323019486,3086.85680448575,1531.62620766295,3251.16893978151,3606.79253811472,1865.12627808414,2126.36330780984,1589.45112894357,1962.88100439125,1083.30806172575,635.220061002484,915.929461858281,1600.38183675022,430.956528434133,784.104410075597,1060.0956538445,1197.63011005068,1407.26608660196,2079.55632294487,887.34659282605,1273.99922378312,1668.14307318048,969.358250854657,1214.99500023663,1911.9892353515,2517.29728607886
4471.03612771134,11245.5410452321,7701.63494104336,13053.8150661943,15969.2630440731,10881.2609363713,3485.6818109948,2451.14811121238,1453.56384266395,2906.46237543169,3938.28520123924,1317.17996670918,1603.54495216068,3714.6018566732,1167.45961429079,3096.38043473343,6186.70244994052,3768.55648885618,1291.71649970108,1e+09,1257.0355138579,1500.11643731412,1221.95627728655,3562.5274570591,6706.23772575951,7608.78497646635,6550.27606607538,2430.16572963656,2063.60100356149,3022.13705777882,1703.51941744143,3515.71933882669,3634.02140810975,2039.03007084251,1867.06909202632,1328.77924001694,1913.92222621506,1081.78133557573,1152.73807532327,850.600638313892,1495.90251600831,1271.46063108537,904.387176877249,1825.88577066037,1956.28855573507,1802.55448358711,2087.30608457409,1567.06890958885,1387.56301428079,1127.97901398918,1520.0980168726,1206.79090782124,1418.79186743511,2552.23732977558
4816.89441161004,11618.8095466919,8049.06988220378,13473.1924847862,16381.8824232534,11215.8406952622,2963.90828721133,1914.98526808955,1005.3158902554,3147.15560223831,4202.11230573387,1609.47967946166,1346.28563993679,4196.78655855882,963.601474832828,3325.90954123831,6581.34288868161,3928.19995496665,908.865917118692,1257.0355138579,1e+09,1635.14048876541,1154.93533667474,3856.09589014589,7147.31198755868,7936.74895543509,6942.54108525834,2732.40116110355,2441.7321224901,3201.99345594272,1790.49166278428,2867.35492614709,3288.07752130329,1414.14972739806,1985.17391638617,1735.23171559305,1792.85176629302,1374.44678445548,1080.41212257175,1284.40354258309,1226.29017198215,1136.17664361665,938.605616007064,1836.21576395586,1824.95224721087,911.076242583462,1517.51162868691,1681.60331002885,1727.88540340498,982.677888679704,1657.7660886265,1537.19794766321,1710.26437903618,2145.12388299604
4229.50900143267,11300.8646358011,7690.63753027017,12976.3431969219,15798.9198160476,10969.2306385772,4397.21882837323,2934.87679046327,1736.46158684838,3176.85521793172,3912.63466855775,376.829339887435,931.866655643392,3611.47399540686,1994.11302766418,2912.13929180937,6265.52139600528,3997.01062232764,841.431304920372,1500.11643731412,1635.14048876541,1e+09,896.889392009962,3994.64436211786,6860.69287632816,7696.5169846756,6665.98078074787,2630.79763296229,2350.04275267494,3344.92033374489,1710.13739930451,3644.85794221119,3759.46619863778,2368.54298341829,2473.99541679042,1767.02373294758,2374.89307647734,1233.20468807899,992.656586640113,877.072880210077,1874.99307169387,564.610891056841,1179.01841156108,693.770255920503,1034.29980875953,2013.88661870523,2559.19471396766,308.479245493113,1330.55486226612,2190.31192022963,798.851831568283,1062.9200040925,1963.96340363053,2743.08251294051
4074.08643692055,11025.1630360009,7421.97080156612,12793.9737696542,15650.1897543384,10653.3423890345,3921.3089544054,2810.87332548089,1159.44416049243,2741.7631597204,3574.0021295321,795.836419184244,1073.27456561683,3480.74603098244,1505.56240667732,2754.40044183848,5992.88717451781,3529.52130446892,670.112814532001,1221.95627728655,1154.93533667474,896.889392009962,1e+09,3578.9139438243,6576.47391653004,7395.80994180489,6369.93080383139,2238.241075644,1991.85269452839,2870.61683103127,1260.93979562864,3606.02339648539,3845.85494409241,2233.28529032903,2033.804857994,1755.76929791473,1748.28905493342,857.516688700576,1002.19159510545,981.339990472211,1843.03896605579,688.971104619055,868.790279584204,1343.92145518256,1587.47547272391,1822.50269286495,2429.82049236152,1029.80848442805,1084.63414615252,1796.2109613851,1045.87216556327,1157.00682279751,1691.0584509413,2782.14228811181
2286.93378811019,8002.02759567224,4608.93988337882,9952.21319178302,13002.4131283581,7650.32421727995,4981.50683143163,5509.42258508094,3103.33551199351,1122.88927624232,1542.54351296811,3915.94687382247,4402.57750458751,1973.06031724831,3121.91795047532,2483.08891361143,3200.0501423259,1000.62339718797,3824.99053019743,3562.5274570591,3856.09589014589,3994.64436211786,3578.9139438243,1e+09,3540.18651843374,4394.21474092926,3480.34168295298,1773.3177014286,1754.19189018762,1150.75025261783,2371.00007619148,6676.4534361965,6966.47264458133,5055.21259298756,1967.22698367524,3094.35103506373,2286.61777730779,2939.40030984213,3483.0417668469,3543.19975996274,4566.64642422643,3984.93380734235,3323.66926203556,4320.06670881365,4877.32660468827,4529.43359361852,5154.46405559298,4230.58416705069,2740.63768355104,3774.7856432783,3309.94099796356,3313.14787975122,3334.93902549957,5726.32163831198
2848.60737513965,4566.88617885316,1324.22422984176,6458.3134678645,9506.93455457646,4290.10660049375,8455.98170338016,8908.44055854334,6353.04052082938,4027.45545979096,3083.56720625642,6798.49855351165,7353.28897443858,3368.62493762663,6538.91292870612,4513.3439468536,926.910833629643,3341.34972346506,6887.1365847063,6706.23772575951,7147.31198755868,6860.69287632816,6576.47391653004,3540.18651843374,1e+09,1174.50035891863,635.153954407906,4523.20186901934,4761.44091643486,4017.65519244746,5468.90613527056,9982.43587712939,10259.2567739968,8375.92750458121,5416.5880410273,6269.66588019649,5638.86252854244,6067.52764323328,6606.79148990643,6653.08594189944,7904.20877444416,7013.59757970188,6533.83246203176,7114.96436722631,7759.54903562701,7864.02815103685,8529.26287359582,7079.86444857527,5727.00607116843,7184.04114421681,6233.37978258184,6424.91739761688,6611.68134123991,9072.00770976855
3590.54576088371,3731.07332743542,702.186162210564,5678.81508171379,8687.78321420948,3360.81258723244,9235.60902109872,9737.93559822615,7129.26566522808,4816.42306112119,3843.56897042319,7658.95235213015,8143.4191983773,4225.24377662402,7376.52543351543,5182.40783374871,1519.33026863813,4055.58991817467,7674.00282533829,7608.78497646635,7936.74895543509,7696.5169846756,7395.80994180489,4394.21474092926,1174.50035891863,1e+09,1120.69779124437,5314.27106659041,5604.44410108621,4761.64593930502,6288.96174735544,10760.5903264319,11124.2491347461,9181.70475807734,6252.62757406036,7141.59460794296,6445.74629738869,6931.33572796038,7420.1338429438,7535.01196297657,8777.91970463959,7835.31310748333,7377.60776902649,7909.43565878123,8555.64333112362,8647.67521937544,9351.8319018789,7910.17068447325,6575.03448035826,8042.53132480689,7055.0766872657,7315.31807198429,7543.22772489337,9936.5951410531
2634.92888418265,4742.82177712804,1297.54099099027,6617.15705446078,9593.97864985117,4368.00329988429,8357.2833679791,8736.01658031279,6144.13638889145,3821.82018119639,2862.02876308048,6614.14913759132,7124.11811245434,3181.50407948819,6391.89906520746,4182.0450543245,475.278250396544,3131.80868775537,6661.03863929643,6550.27606607538,6942.54108525834,6665.98078074787,6369.93080383139,3480.34168295298,635.153954407906,1120.69779124437,1e+09,4283.24472925608,4575.75215188716,3787.84569363642,5291.61326831431,9758.12895247855,10097.2601906854,8175.68140513071,5289.70074225376,6125.09884606771,5486.03622405102,5903.8628734753,6409.98765595535,6499.54197970134,7764.77798456595,6809.61264078949,6357.64382361107,6891.37674109463,7526.59479478602,7662.75733383878,8348.00069632843,6873.54781829588,5541.76525298573,7039.30859940094,6043.6887250172,6300.79881313473,6550.21062184263,8923.5263623581
2331.74727112524,9008.08579245891,5425.41517585521,10826.5033772082,13724.8925074006,8575.57325736886,4697.98060547295,4513.26963938562,1941.71667577945,705.85132350942,1689.15596094618,2548.73450496516,3035.58479128816,1637.86365375754,2345.50751823566,1096.86940895441,3896.85820075609,1603.39628114824,2451.73057016875,2430.16572963656,2732.40116110355,2630.79763296229,2238.241075644,1773.3177014286,4523.20186901934,5314.27106659041,4283.24472925608,1e+09,573.196741791158,899.646005993469,1288.05915186376,5493.52551761617,5894.39315180961,3910.48181574854,1551.80955632449,2083.02327524202,1617.23879767337,1751.83155454513,2247.46571942711,2381.05329390167,3589.7426344656,2628.03089861973,2137.0107579046,2926.63964860726,3422.32159783384,3423.40331743135,4116.28785791276,2807.65459077501,1391.95284564528,2936.66282284841,2033.13685766601,2338.62044331696,2787.8523399922,4711.83726501669
2553.55676482823,9279.10290742052,5713.89191012571,11102.2421409506,14035.4110541694,8904.26095353792,4428.40618234145,4199.79286134447,1743.66094353231,915.838855749198,1952.60756487319,2279.67295781654,2760.66772848527,1866.54791556499,1942.19402941622,1500.27703651692,4203.77801376333,1809.92830797245,2201.46323019486,2063.60100356149,2441.7321224901,2350.04275267494,1991.85269452839,1754.19189018762,4761.44091643486,5604.44410108621,4575.75215188716,573.196741791158,1e+09,1095.79184296106,936.45422029056,5247.8808713899,5552.01160667915,3653.99248306561,1117.99606032401,1738.95917289625,1397.29415890141,1408.91787429218,1897.28722569884,1988.94492623602,3207.75119925159,2359.83156850229,1806.14493825939,2651.5467339272,3186.43549509479,3154.17148801393,3802.61860651315,2559.29693351514,1103.90487629143,2567.72315752692,1705.5104756641,1885.416356909,2293.38336511801,4364.58671745676
2200.68941654655,8460.66114422508,4935.4494283601,10369.6046896109,13322.1538219088,8043.01234154219,4817.2367700685,4992.46214594563,2447.23289122633,370.316731461056,1363.519407746,3290.12384853519,3648.20754919454,1793.03344118285,2672.9426642186,1631.882839422,3454.13372643562,843.130961298421,3086.85680448575,3022.13705777882,3201.99345594272,3344.92033374489,2870.61683103127,1150.75025261783,4017.65519244746,4761.64593930502,3787.84569363642,899.646005993469,1095.79184296106,1e+09,1762.92451301807,6023.02431318354,6430.99457698419,4458.43646250566,1668.11358965749,2691.00466612379,1866.51986686453,2387.9726690647,2842.1634586174,3023.42289905002,4113.70832502743,3311.81740698366,2746.15877499827,3599.98159505018,4141.3773569309,3931.95097842025,4606.08944564693,3552.1152967774,2117.97046202255,3333.80773893757,2691.53329154592,2896.67700377519,3131.64511384991,5247.15681068329
3070.32668533822,9935.22955862621,6353.61043213227,11747.7978187403,14669.1946434833,9583.1417659972,4046.29093851394,3613.88660623158,1188.00442377123,1612.20853750376,2493.59192545613,1669.11104888201,2093.32384193177,2516.55698906264,1451.68828499785,2032.13974868856,4924.85308386961,2380.63459680397,1531.62620766295,1703.51941744143,1790.49166278428,1710.13739930451,1260.93979562864,2371.00007619148,5468.90613527056,6288.96174735544,5291.61326831431,1288.05915186376,936.45422029056,1762.92451301807,1e+09,4609.65102650949,4874.60809401125,3071.79625046975,1096.26480742565,1577.31619521896,1044.29185163919,804.236262425414,1329.91896666677,1432.49508323764,2570.25805649939,1676.36435067082,1214.45101123924,2083.06797135859,2592.52219880563,2525.04790324857,3221.40274084133,1952.90951162618,700.751790151121,2124.63255086615,1130.6377931504,1256.76133414424,1698.11965152636,3688.46739160047
7588.18275902077,14456.7821682143,10872.8773122159,16290.1807679534,19147.2768341976,14008.9637729919,3570.69374725697,1391.89517216635,3686.55682426027,5970.98668842931,7024.17371609643,3648.32121424361,3086.34837978476,6919.8036129503,3615.81480225412,5894.88961504794,9383.97330348398,6767.92582003527,3251.16893978151,3515.71933882669,2867.35492614709,3644.85794221119,3606.02339648539,6676.4534361965,9982.43587712939,10760.5903264319,9758.12895247855,5493.52551761617,5247.8808713899,6023.02431318354,4609.65102650949,1e+09,1408.49108566579,1703.4873527561,4758.19789859564,4060.38960028468,4517.84831241599,4034.5174184777,3564.30423503662,3610.41740665813,2422.48517592988,3232.72140129644,3536.16118109738,3599.05824366597,2949.48212879821,2216.85418395076,1627.3939677595,3473.83168383271,4384.99295351771,3048.268325722,4103.38305734427,3955.82879563815,3996.75149441393,1522.23306326594
7849.49244487183,14759.7581107144,11193.6214403784,16561.5529972041,19449.3501514832,14412.1938257644,4038.22279876928,1819.6949109947,4185.5990243811,6352.91894610659,7346.71118172615,3761.03725212873,3258.31721534291,7194.61626445775,3884.16460374686,6386.57434492076,9734.48811317267,7145.30835574645,3606.79253811472,3634.02140810975,3288.07752130329,3759.46619863778,3845.85494409241,6966.47264458133,10259.2567739968,11124.2491347461,10097.2601906854,5894.39315180961,5552.01160667915,6430.99457698419,4874.60809401125,1408.49108566579,1e+09,2344.72012969565,5047.67556667423,4352.96164861351,4904.96246525904,4266.86243858412,3837.20115590778,3714.88508084705,2473.39715290529,3478.42443152069,3828.61309365415,3723.12238419582,3154.8617322317,2799.44422864611,2067.94307414397,3621.00003349903,4659.21733903882,3313.16564720208,4299.90443962421,3977.38225972812,3865.41009220238,1398.29179032847
6048.30831175958,12880.765628176,9308.5201994678,14716.9823674217,17611.2695752237,12430.9282866727,2733.27565461298,812.767266503764,2090.69549392062,4373.87936886696,5466.03898497806,2309.68997545125,2056.94352197624,5327.72583166589,2079.77354565347,4380.72774582032,7796.01557741517,5211.92359866297,1865.12627808414,2039.03007084251,1414.14972739806,2368.54298341829,2233.28529032903,5055.21259298756,8375.92750458121,9181.70475807734,8175.68140513071,3910.48181574854,3653.99248306561,4458.43646250566,3071.79625046975,1703.4873527561,2344.72012969565,1e+09,3158.72851644455,2404.85509216252,2919.05151520147,2454.01855021514,2090.59884337,2115.96779155544,1093.74588529512,1864.91755619384,1937.74673234146,2508.3658989669,2015.07718901783,674.799405971879,566.489893378514,2248.48339353441,2810.0480190559,1537.5693948567,2662.77998428334,2489.84466174097,2609.49542178177,1201.80023693624
3433.75281654053,9909.78476916628,6424.70088039124,11811.9995757789,14813.9682272037,9549.45322498624,3470.35383180159,3575.30368574475,1428.28584663575,1600.71154328317,2743.79043104607,2414.27474540492,2731.71977179212,2829.46141493395,1187.87192718744,2454.94859836209,4956.1293808677,2323.61015863247,2126.36330780984,1867.06909202632,1985.17391638617,2473.99541679042,2033.804857994,1967.22698367524,5416.5880410273,6252.62757406036,5289.70074225376,1551.80955632449,1117.99606032401,1668.11358965749,1096.26480742565,4758.19789859564,5047.67556667423,3158.72851644455,1e+09,1497.25082250771,932.876327494701,1376.65386797118,1734.25926075083,1842.96128893149,2652.16282976743,2313.83449702004,1554.67051136246,2783.94191528846,3216.06976409095,2626.14555885617,3212.82210000803,2689.05898923769,1420.34924747402,1875.0402430348,1852.50154631514,1688.97757569483,1716.11111449696,3806.1373582807
4041.64824120061,10808.3062691756,7272.72122325612,12584.0423394989,15514.2198546978,10412.538745162,3554.77771538531,2935.34375513329,1334.01130872268,2508.67860749439,3572.47694033146,1667.80691202549,2233.63292738534,3211.64032654655,1392.72649184971,2578.71672668791,5729.43968637423,3427.27122647158,1589.45112894357,1328.77924001694,1735.23171559305,1767.02373294758,1755.76929791473,3094.35103506373,6269.66588019649,7141.59460794296,6125.09884606771,2083.02327524202,1738.95917289625,2691.00466612379,1577.31619521896,4060.38960028468,4352.96164861351,2404.85509216252,1497.25082250771,1e+09,1679.03297772855,1076.52722822045,1161.12526567981,1084.75150536886,1961.39277435704,1604.29960129023,969.378202973432,2111.92166663444,2314.96754154351,2006.58633569553,2571.37434264247,1863.38579765437,1151.1661744075,1605.83208757952,1357.06766905707,1256.18987239191,1832.90966935089,3073.08280923245
3575.16232779716,10097.6084516483,6584.30240942046,12003.2490263595,14972.1596606969,9671.52418933024,3269.12606870705,3423.96405403153,1000.37708265434,1744.04717418996,2810.59212229381,2244.13769829304,2657.38865256853,2981.11847594154,1278.34323497252,2514.66947585562,5142.19855029928,2459.08021062754,1962.88100439125,1913.92222621506,1792.85176629302,2374.89307647734,1748.28905493342,2286.61777730779,5638.86252854244,6445.74629738869,5486.03622405102,1617.23879767337,1397.29415890141,1866.51986686453,1044.29185163919,4517.84831241599,4904.96246525904,2919.05151520147,932.876327494701,1679.03297772855,1e+09,1220.71800216102,1829.47118974309,1886.41502090606,2569.52082501777,2120.3840745016,1426.24847214642,2821.70519691551,3118.62793309814,2400.18262286435,3086.91782331503,2555.00969007947,1348.0766254186,1876.40202057022,1918.28173053387,1812.12720933162,1804.34004774599,3635.86751451425
3676.71387919974,10578.2741703172,6996.49516663165,12366.2795841433,15276.8474434354,10205.6033331107,3727.55809890336,3017.21314150989,915.892760261812,2206.57862166749,3151.03200813638,1082.35088797487,1711.52622042433,2979.31655491658,1186.68780258331,2404.60399093073,5521.95047211581,3068.21448743402,1083.30806172575,1081.78133557573,1374.44678445548,1233.20468807899,857.516688700576,2939.40030984213,6067.52764323328,6931.33572796038,5903.8628734753,1751.83155454513,1408.91787429218,2387.9726690647,804.236262425414,4034.5174184777,4266.86243858412,2454.01855021514,1376.65386797118,1076.52722822045,1220.71800216102,1e+09,915.084075754791,772.143836017617,1936.80372583285,1098.29063129938,548.403162919398,1739.37535773622,2069.41948084481,1990.77113353092,2635.03529966868,1420.7060741758,484.264808756532,1630.87006153157,890.711896799409,822.904175223337,1402.52961861773,3053.27421590332
4139.79914061057,11090.3191107966,7499.94527112032,12855.273447854,15741.8892215039,10735.0372721989,3757.05984224367,2634.17148185155,1147.26882202908,2731.36414121223,3691.02661334215,1085.46520976031,1172.62766345503,3489.43338436199,1222.99406323171,2673.50162287215,6023.16288556104,3573.25342205111,635.220061002484,1152.73807532327,1080.41212257175,992.656586640113,1002.19159510545,3483.0417668469,6606.79148990643,7420.1338429438,6409.98765595535,2247.46571942711,1897.28722569884,2842.1634586174,1329.91896666677,3564.30423503662,3837.20115590778,2090.59884337,1734.25926075083,1161.12526567981,1829.47118974309,915.084075754791,1e+09,636.005242431224,1619.26069392794,805.907931652245,632.415497912567,1157.43106878984,1504.21288433519,1590.30761426838,2214.25529575973,1135.31966049215,1073.19441654343,1536.89632652954,698.312883455547,854.134995712036,1668.42568506961,2689.38624890513
4217.50936717395,11170.0582381248,7592.49960007902,12920.4918753544,15820.7370956318,10833.5701368893,3762.1171840069,2610.3858786394,1351.71955308784,2861.64879073236,3788.17999978882,802.323836988532,1317.42066656782,3509.62463347578,1295.39704295633,2898.24671998434,6113.875578927,3725.99081311267,915.929461858281,850.600638313892,1284.40354258309,877.072880210077,981.339990472211,3543.19975996274,6653.08594189944,7535.01196297657,6499.54197970134,2381.05329390167,1988.94492623602,3023.42289905002,1432.49508323764,3610.41740665813,3714.88508084705,2115.96779155544,1842.96128893149,1084.75150536886,1886.41502090606,772.143836017617,636.005242431224,1e+09,1445.26162956746,782.864371075859,598.96314293953,1291.59269400225,1556.2275395327,1729.0010718331,2226.15927053749,1026.79932289615,1056.07530995663,1486.22086982386,830.720546152556,531.515653109106,1339.58010077785,2550.06786356756
5568.8516726072,12428.3616447302,8875.48478853409,14245.2986912595,17181.9310849334,12071.0208455458,2877.8628756249,1277.69052164442,1926.42232116948,4000.55226157589,5037.81509709318,1822.87197452262,1733.02511216658,4874.87467043,1569.49536450415,4175.70337457056,7396.32458575879,4824.81908271181,1600.38183675022,1495.90251600831,1226.29017198215,1874.99307169387,1843.03896605579,4566.64642422643,7904.20877444416,8777.91970463959,7764.77798456595,3589.7426344656,3207.75119925159,4113.70832502743,2570.25805649939,2422.48517592988,2473.39715290529,1093.74588529512,2652.16282976743,1961.39277435704,2569.52082501777,1936.80372583285,1619.26069392794,1445.26162956746,1e+09,1493.42603204846,1482.53745824515,2095.36447051581,1852.84673427135,986.640283943444,986.550218437967,1858.37953028976,2357.06966362897,1130.18727970191,2127.38832842055,1693.10264195648,1680.20103044249,1188.91227477052
4456.18655532957,11480.7390413074,7867.8867274828,13212.5665124608,16058.0640493429,11107.573269558,3901.06091058573,2476.68923510803,1340.43316375715,3165.9740200766,4029.4324328992,567.994029458057,838.595483651087,3808.66774379178,1649.25773492199,3000.07703587758,6413.89083598248,4006.26030506007,430.956528434133,1271.46063108537,1136.17664361665,564.610891056841,688.971104619055,3984.93380734235,7013.59757970188,7835.31310748333,6809.61264078949,2628.03089861973,2359.83156850229,3311.81740698366,1676.36435067082,3232.72140129644,3478.42443152069,1864.91755619384,2313.83449702004,1604.29960129023,2120.3840745016,1098.29063129938,805.907931652245,782.864371075859,1493.42603204846,1e+09,842.268582282398,985.158447408334,1026.66758081669,1488.72588635383,2093.29869442944,570.160509856654,1324.74883332653,1763.40755561498,978.333499630877,1113.14044352004,1846.84081666504,2383.07678518759
4155.95775002586,11047.8944031295,7466.44419691194,12847.2712255988,15756.7329476545,10659.6190825704,3400.33650405368,2510.7674010549,762.629293824988,2602.70419696515,3620.31925987198,1069.20514252411,1470.80573050964,3449.16039518315,962.58222791614,2719.80831344784,5974.52876786111,3471.4811821757,784.104410075597,904.387176877249,938.605616007064,1179.01841156108,868.790279584204,3323.66926203556,6533.83246203176,7377.60776902649,6357.64382361107,2137.0107579046,1806.14493825939,2746.15877499827,1214.45101123924,3536.16118109738,3828.61309365415,1937.74673234146,1554.67051136246,969.378202973432,1426.24847214642,548.403162919398,632.415497912567,598.96314293953,1482.53745824515,842.268582282398,1e+09,1600.98183674894,1779.3516992995,1468.57879727306,2118.50661084642,1296.81571223517,912.391167920865,1241.17944597065,992.617586082374,876.913755337433,1431.13505414409,2594.84505417954
4456.27655629675,11511.9421501804,7906.41660900815,13162.8753841818,15954.4801073711,11200.6659680173,4687.94382135708,3024.01783513259,2113.31933029535,3480.17788377261,4197.00992112242,1027.73753847955,759.990866458275,3894.78247180764,2279.51469639921,3076.88638212398,6493.11287356072,4268.62585847015,1060.0956538445,1825.88577066037,1836.21576395586,693.770255920503,1343.92145518256,4320.06670881365,7114.96436722631,7909.43565878123,6891.37674109463,2926.63964860726,2651.5467339272,3599.98159505018,2083.06797135859,3599.05824366597,3723.12238419582,2508.3658989669,2783.94191528846,2111.92166663444,2821.70519691551,1739.37535773622,1157.43106878984,1291.59269400225,2095.36447051581,985.158447408334,1600.98183674894,1e+09,821.459916855351,2171.6801909121,2638.59410918011,704.908398091553,1773.34931451759,2451.96900418827,1086.83486096095,1466.49894111793,2366.59637699376,2853.99578948533
