1e+09,15853.0140972845,13054.8403851866,16372.1961506849,18864.308941631,18438.9494189067,4945.23803529213,6648.12330973185,3333.445097058,3138.60282597209,5630.10034352852,3260.13064672261,3898.1373837642,1113.12093893701,2703.96289604721,2756.74542867128,6109.09231194782,6783.7518824615,2343.16245254144,2929.6991412942,1463.78895316231,2731.11174443669,2980.47157562356,3487.70617813485,7197.3504094493,9636.13840762471,9505.77123346128,810.72046421686,2113.65258370433,2689.9940661087,4484.20569111186,2348.45686200535,6676.91209888973,5477.58869421573,1262.31042168715,4630.01274428052,750.877412165261,2743.78692899066,3163.4299034118,3693.19608365167,4191.61866120953,3061.22460067862,1960.89501695017,2924.32436295976,2959.74180802988,3183.26525028939,3794.92849464914,3119.08918133163,1462.54908003116,2100.73313752604,2140.38725989013,3865.34753603088,1888.74520499722,5268.67181042813
15853.0140972845,1e+09,3967.96797713893,1094.13491919416,3095.50899539963,2886.70263399263,20553.5412107841,22476.4710752444,13309.3690923875,12908.8742015987,10569.2793438862,18290.3425740307,19239.0726129302,16650.3591295083,18353.7839428522,13818.0029799027,9812.5261333359,9085.07237120872,17291.9954038711,18311.1230370942,16826.2590664384,18353.1189177616,17687.8195910632,12566.4857395495,8761.77723182346,6285.01801919454,6475.36709177171,15204.078326824,17502.0033416663,13357.2593388165,11770.0545904809,16784.4834719928,22290.9325682036,21297.205598639,16821.7238897266,20300.5278521939,16053.3999301083,18391.2697869179,18849.0236229175,19345.6847694932,19870.3168323532,18392.4474054135,17679.3966349477,18295.7970975713,18199.7654014853,17831.5315201303,18989.0814539882,18577.2183311065,15876.0352708855,17489.9818203508,17291.9900129164,19490.6399027482,17365.3584435652,20794.0420072265
13054.8403851866,3967.96797713893,1e+09,3922.23897915464,6527.01220870622,5710.79267399019,17459.3809368717,19600.6168507244,10172.6391853737,9975.61915643836,7529.1873629164,15134.9331797534,16097.9577638904,13831.9602205327,15454.9230348229,10884.6734489189,7009.72582338282,6650.76096019847,14160.9904360924,15235.5695570793,13899.9634944377,15348.974913697,14517.2516878988,9620.79979300578,5997.46202281432,4231.67862969295,3786.40901755212,12389.3501286468,14855.6040339765,10828.5298025632,8762.27011356646,13701.4832727191,19215.7725968278,18500.1826922736,14120.8299391502,17490.3364065961,13192.007919138,15491.2976055074,15950.2031549852,16333.2947270047,16922.8364192324,15728.9149682837,14841.680890162,15282.062957955,15136.6493749806,14741.7171072979,15917.8542572672,15581.9250500829,13157.3789814917,14699.1849203009,14409.0396472076,16518.1308329,14412.1131953402,17720.4367980279
16372.1961506849,1094.13491919416,3922.23897915464,1e+09,2698.50276479384,2146.13301440055,20988.2550275339,22989.8973176807,13704.9321993507,13365.6007491957,10978.0871476911,18704.7741075908,19660.9706850399,17166.0567916805,18853.7788963619,14269.9833841389,10284.7003094791,9641.09734611678,17709.5307534982,18757.9573090249,17321.0445428531,18813.9521822317,18088.7600438726,13023.5891179774,9226.14705894611,6864.86039833295,6912.25204403022,15713.9983621674,18056.4801395925,13927.1610285657,12212.8719929957,17216.7044697875,22744.0886964328,21826.5359369484,17371.1398240588,20818.2059035043,16556.6991193172,18886.6108586745,19355.1734158571,19812.66167077,20351.8449013425,18950.8062336857,18190.1074087208,18760.2319092516,18642.4712608737,18253.5413259126,19432.990164105,19044.7120419186,16419.0618214562,18017.572792277,17786.9941476012,19969.4062684247,17849.4375743411,21246.6099769328
18864.308941631,3095.50899539963,6527.01220870622,2698.50276479384,1e+09,1532.47782897502,23533.1028834873,25491.9886007408,16297.9559198938,15910.4170874399,13569.4472090686,21290.9017287432,22233.4309055125,19685.3580268026,21377.6370657914,16854.1047650179,12819.2699443689,12108.277360975,20281.0600360903,21319.8039162887,19852.537475479,21361.9251123793,20679.6209744473,15572.706420995,11756.5400586525,9320.8642819215,9486.6121248842,18218.8659361114,20538.1978269054,16377.2614517141,14788.1905651469,19811.7233559678,25313.3789270141,24307.7425038464,19845.344670834,23342.1780437195,19076.4354586752,21424.5852731249,21882.6676792547,22356.2811531972,22901.5331486235,21443.074195882,20706.3125526444,21325.2210725165,21216.7647582496,20853.4109199383,22013.6406518958,21604.7708885052,18910.378971586,20522.4706913861,20341.7213025594,22523.0629022786,20387.8629711969,23811.8580416292
18438.9494189067,2886.70263399263,5710.79267399019,2146.13301440055,1532.47782897502,1e+09,23018.326787573,25044.7446019439,15721.516673626,15421.421268839,13003.6575099393,20713.515182501,21676.3265595003,19222.2615312169,20892.7539507936,16310.5278581627,12345.8491980949,11727.3543337873,19727.531413555,20775.502595006,19350.808860505,20857.7173395365,20097.4831302604,15068.0499497248,11282.8969826902,8923.30180829383,8953.67022280249,17772.97330135,20138.5023654839,16015.6362733517,14218.5647549041,19226.2812382712,24762.4551803915,23898.9810255668,19437.9118024005,22881.985665204,18604.625523259,20934.7586899372,21391.6047879209,21842.8146994544,22396.4693055356,21009.215904612,20246.3064614092,20780.1459948577,20659.4334926203,20254.0106131378,21433.9888058266,21069.0381509954,18459.1253783352,20057.7801042463,19822.3387798438,22002.370235261,19879.5655424458,23253.9759758455
4945.23803529213,20553.5412107841,17459.3809368717,20988.2550275339,23533.1028834873,23018.326787573,1e+09,2740.72183015716,7385.59232210931,7678.8307265169,10080.1526156056,2715.24273964594,1735.02829025927,4291.88217727374,2670.77174586298,7000.88366779509,10756.8068289897,11573.4683433489,3353.09515127442,2452.1447047024,3977.82607215298,2379.8132829489,3326.31845318514,8015.73290233027,11828.4188189504,14362.2871055483,14112.8790830007,5513.30094090646,4167.88279637276,7596.21338217931,8893.11514652206,4194.99764805655,2377.80150214437,2436.05089833936,4364.52484192724,2496.48756293718,4693.64938243154,2770.71738122097,2414.42623525756,1498.23532851151,1797.80463563203,3759.63138878002,3334.7640372896,2716.75614203778,2725.2044608983,3470.70068718119,2367.10351877564,2445.01470604984,5254.02286435832,3758.09985745456,3875.95745662927,1885.28268050179,3412.3672759391,1445.07563590976
6648.12330973185,22476.4710752444,19600.6168507244,22989.8973176807,25491.9886007408,25044.7446019439,2740.72183015716,1e+09,9505.13822314542,9660.6167126949,12114.9291582328,4894.56748441576,3960.41672551008,5863.91669951919,4279.94441174182,8909.67201836858,12708.8572066532,13402.0407874846,5630.26006459737,4542.77378502386,5749.47377205949,4340.02873253162,5499.66716917488,9997.52891591717,13777.8217440058,16250.6527868667,16103.6517548816,7282.60518974494,5211.39223407719,9201.88597316333,10895.2361972286,6202.25727114734,2020.37549151142,1373.53000200214,5705.05755821096,2612.52313876834,6449.82600043598,4205.11438126242,3751.6497068623,3440.04204315878,2901.18215239926,4425.65105764113,4825.04440293558,4507.08102549754,4686.49615004643,5360.0162172236,4161.33837205051,4198.83125970787,6723.40704103954,5115.62115613539,5438.36199296259,3291.35638506376,5239.63357732199,2569.68179115625
3333.445097058,13309.3690923875,10172.6391853737,13704.9321993507,16297.9559198938,15721.516673626,7385.59232210931,9505.13822314542,1e+09,1079.52848628464,2745.11832537324,5010.14346724722,5970.51232671033,3907.14637783127,5478.76660657305,1338.6647199355,3612.35413784418,4615.50773411767,4050.18158041093,5117.87012517903,3917.82830891044,5217.68997176912,4388.98751547552,1152.82814014058,4637.6618729377,7281.69516405349,6865.31780090332,2719.62659834029,5146.86688505736,2744.92669501391,1784.71447668808,3616.65506276172,9076.7273877538,8468.98526128721,4433.34939845711,7448.00941372257,3307.35158200636,5395.30991578797,5908.98086232305,6251.57465133386,6786.3386160801,5949.03203404554,4852.67445984171,5168.01867507268,4998.44666034359,4676.65410031574,5844.8543157208,5480.61599284241,3655.44730343634,4874.03120088495,4425.73914208689,6395.94685884741,4381.79142688239,7617.3665812996
3138.60282597209,12908.8742015987,9975.61915643836,13365.6007491957,15910.4170874399,15421.421268839,7678.8307265169,9660.6167126949,1079.52848628464,1e+09,2518.85260549322,5473.92501730705,6376.59496297985,3904.97906231263,5595.49109775004,1442.57490290799,3100.53290972697,3963.83620683297,4445.48399353771,5460.33389073416,4061.33140698958,5456.04459266968,4900.49526496047,465.303788293197,4191.30745102289,6772.95456353429,6495.479029425,2494.14115204012,4988.58456632741,1807.49729933408,1612.16791123009,4069.26292381065,9432.89534518962,8534.27447830218,4252.6016796192,7561.75091849765,3290.10603432473,5568.00203131249,6069.87503528697,6496.19073646241,7020.65485199208,5906.77610814901,4901.04469297108,5483.74447384267,5369.89847015751,5149.51774997426,6236.73015528971,5762.64513312246,3495.83005226227,4885.66238423205,4601.07145307482,6654.61694232658,4564.54022904827,7971.27666719704
5630.10034352852,10569.2793438862,7529.1873629164,10978.0871476911,13569.4472090686,13003.6575099393,10080.1526156056,12114.9291582328,2745.11832537324,2518.85260549322,1e+09,7737.41875898545,8697.5556963954,6333.95900784809,8014.26439975623,3400.81265804219,1128.9310054649,2223.80627829854,6764.30134225258,7804.41423146542,6440.00863674887,7878.3254135,7123.12219342754,2155.1255625601,1987.90225081617,4613.43578824936,4136.74700545006,4952.82926226011,7413.33039467418,3704.48073650006,1420.72171455215,6267.00090608738,11776.1875762532,11017.711235479,6696.71568935848,9985.11919517239,5723.24271083273,7977.67576749645,8474.37190163377,8900.03369257106,9421.23941088432,8271.22169124973,7348.80036530453,7811.78068584878,7678.6270571763,7319.47608187225,8497.86856039207,8112.50715164554,5773.24399648066,7260.09449137544,6919.45481140675,9033.81078790673,6953.13979337393,10298.476934654
3260.13064672261,18290.3425740307,15134.9331797534,18704.7741075908,21290.9017287432,20713.515182501,2715.24273964594,4894.56748441576,5010.14346724722,5473.92501730705,7737.41875898545,1e+09,1042.02424117676,2571.94382185926,2113.14674764911,4650.17584207307,8526.97229717559,9409.24253616092,1239.57388400208,832.993282445903,2157.04308026057,1208.69451587239,769.445754943128,5783.1748609825,9590.12757099195,12177.6354025895,11844.1418049262,3667.70753536865,3242.01397021975,5733.64520700401,6578.86885273601,1714.26418500767,4106.7073878717,4193.52350503726,3173.76885509956,3299.75688854497,2877.72927444539,1714.71553034315,2020.25039787151,1847.69495106741,2260.8844271435,3259.52624056012,2204.9123214314,1163.79960126304,942.547345919557,1447.34320152478,1522.98744610716,1446.31539015527,3650.54802724194,2720.68244163114,2130.82647308503,1890.49373905337,1795.89382584272,2803.58592019221
3898.1373837642,19239.0726129302,16097.9577638904,19660.9706850399,22233.4309055125,21676.3265595003,1735.02829025927,3960.41672551008,5970.51232671033,6376.59496297985,8697.5556963954,1042.02424117676,1e+09,3182.92269475713,2124.15665267419,5608.68384054584,9451.35808041363,10312.4168326198,2004.97781082485,1113.16370449274,2796.00574604202,1307.32312796034,1697.122670581,6696.92723824143,10515.9706366222,13102.7788696673,12793.7336191199,4398.18209334266,3511.21632564842,6502.9651844524,7527.29645904159,2689.61058768737,3190.94038574838,3383.81738991631,3569.82414048648,2768.89168554857,3568.24267434265,1817.98572667664,1838.28660183879,1277.52986845709,1657.07878741477,3309.80483846102,2489.4623373331,1476.75996075869,1376.22633498273,2100.88628507114,1427.26446701373,1490.43815718734,4257.27062557691,3014.73183185503,2729.68628461221,1406.12431513007,2311.26700060811,1940.22420201893
1113.12093893701,16650.3591295083,13831.9602205327,17166.0567916805,19685.3580268026,19222.2615312169,4291.88217727374,5863.91669951919,3907.14637783127,3904.97906231263,6333.95900784809,2571.94382185926,3182.92269475713,1e+09,1933.84705142366,3156.74240000669,6902.01026337979,7593.74654752843,1935.87413079983,2200.58886305461,858.711697544642,1996.61118210332,2397.00081898192,4230.37920601688,7985.56687838127,10432.6452343881,10277.8321207247,1582.20818952501,1448.71742969428,3504.14077248617,5134.52932739701,1754.60802830718,5810.84492615317,4749.11957751118,918.348369411086,3726.55481622101,804.136415665899,1786.5261194844,2276.78663666581,2937.63727168621,3279.69230125328,2142.72793949675,1083.11286734117,2005.32866625399,2110.3420573689,2320.36482622884,2885.86109340003,2202.78675772304,1409.03935353133,1312.10339866948,1102.93235386401,2947.40154624374,1149.3881463196,4405.96350784933
2703.96289604721,18353.7839428522,15454.9230348229,18853.7788963619,21377.6370657914,20892.7539507936,2670.77174586298,4279.94441174182,5478.76660657305,5595.49109775004,8014.26439975623,2113.14674764911,2124.15665267419,1933.84705142366,1e+09,4857.4000235414,8606.67389374664,9329.00781722258,2017.84691961506,1358.79792842792,1704.92770585735,1185.85232874924,2473.6055027227,5907.82707597303,9693.20860739105,12099.2342860489,11947.2770268836,3232.22963817548,1944.8339431427,5239.83648522547,6752.39857299612,2438.91741641655,4257.93911556988,3340.06503251059,1947.93648353841,2399.58925910248,2366.02866641552,1110.32755883118,792.722258928056,1234.37537738728,1882.46347943327,1694.37925028607,1029.11166541829,1200.56473694674,1492.48909872066,2176.65091898081,1670.21555186748,987.761920150802,2763.67503113156,1253.4213804224,1565.5684867485,1491.01040080209,1171.85880702412,2764.19953856446
2756.74542867128,13818.0029799027,10884.6734489189,14269.9833841389,16854.1047650179,16310.5278581627,7000.88366779509,8909.67201836858,1338.6647199355,1442.57490290799,3400.81265804219,4650.17584207307,5608.68384054584,3156.74240000669,4857.4000235414,1e+09,4139.20079611995,4965.28484785113,3767.95233798147,4699.13030147069,3376.38589463645,4702.93886746362,4095.41734195674,1667.73053048147,5212.20953737472,7699.27412369504,7403.66470525239,2170.68708454259,4233.77788958042,2223.72887245725,2380.8893622132,3066.66691350724,8549.13323794875,7831.57254347427,3708.14566879458,6657.27048525896,2701.77717685971,4719.20266595958,5273.02247445429,5746.94683345861,6135.58739855444,5050.76183919812,4165.33436504202,4602.63922925749,4509.8189840059,4148.44773003108,5325.38325390765,4896.33363246419,2948.68869655649,4175.93884368533,3609.780900775,5775.23355016921,3840.02559125587,7129.06746954327
6109.09231194782,9812.5261333359,7009.72582338282,10284.7003094791,12819.2699443689,12345.8491980949,10756.8068289897,12708.8572066532,3612.35413784418,3100.53290972697,1128.9310054649,8526.97229717559,9451.35808041363,6902.01026337979,8606.67389374664,4139.20079611995,1e+09,1142.3339628585,7506.52178837176,8522.60000212377,7063.76237065631,8547.57427341231,7935.29417473606,2760.88606014446,1135.87417670268,3727.77196872341,3427.58650796738,5445.65870803524,7875.10358031563,3849.38334393965,2170.84556154969,7062.11193049218,12508.8036172529,11559.9430554091,7144.03317390114,10582.5879839432,6286.20783040141,8618.38021456468,9093.6382271069,9558.90509851416,10089.8368061282,8780.06384629975,7919.90986212596,8525.36356000728,8419.88663267505,8121.4495943643,9247.68930268529,8804.7059095804,6245.69757301777,7799.05619532261,7576.66994908713,9714.15444245149,7591.77697647264,11020.5493575184
6783.7518824615,9085.07237120872,6650.76096019847,9641.09734611678,12108.277360975,11727.3543337873,11573.4683433489,13402.0407874846,4615.50773411767,3963.83620683297,2223.80627829854,9409.24253616092,10312.4168326198,7593.74654752843,9329.00781722258,4965.28484785113,1142.3339628585,1e+09,8386.77321810957,9355.79652030227,7821.08276377382,9338.67950189961,8838.83705276322,3655.7373503303,1083.46517055234,2951.42408641998,2938.14191527571,6144.09123787237,8447.23841079438,4296.32654560847,3139.42187174645,7924.85772272916,13310.4991232448,12212.8834919441,7749.43824540205,11250.9168085628,7010.1797756477,9350.77315900135,9816.53618795347,10341.4725675167,10839.0491929228,9367.60393939667,8615.84768249184,9326.26208342871,9253.4407168469,8979.97254356048,10075.5995063669,9591.47351252664,6870.41294903734,8464.75830340713,8307.93680990052,10478.8134957876,8360.55580775585,11830.9681195074
2343.16245254144,17291.9954038711,14160.9904360924,17709.5307534982,20281.0600360903,19727.531413555,3353.09515127442,5630.26006459737,4050.18158041093,4445.48399353771,6764.30134225258,1239.57388400208,2004.97781082485,1935.87413079983,2017.84691961506,3767.95233798147,7506.52178837176,8386.77321810957,1e+09,1196.16959771598,1451.09469560053,1423.46836522629,987.752457805092,4756.89428400506,8571.26292000193,11145.7143422977,10835.4496600049,2639.14206406173,2932.88680514608,4731.84104687594,5589.28308282914,1285.12248914257,5130.49558326484,4770.48664247161,2525.42642282447,3895.26084510396,1943.22470170076,1980.10813086053,2331.63455176835,2314.02577122641,3005.05866614946,3238.11211609481,1876.6336785585,1523.8113232287,1256.34732968236,1564.76474056006,2112.9454093516,1769.30200364438,2810.18108877346,2264.14705434519,1854.21903633309,2597.8913607193,1242.72707236947,3657.0398917157
2929.6991412942,18311.1230370942,15235.5695570793,18757.9573090249,21319.8039162887,20775.502595006,2452.1447047024,4542.77378502386,5117.87012517903,5460.33389073416,7804.41423146542,832.993282445903,1113.16370449274,2200.58886305461,1358.79792842792,4699.13030147069,8522.60000212377,9355.79652030227,1196.16959771598,1e+09,1714.73452228034,758.701934029432,1297.7830478936,5765.21022023482,9593.47731694301,12134.5417515949,11865.77509888,3387.48811717473,2773.17586194962,5511.75229838932,6580.59107107409,1847.36319807449,4036.62922176412,3769.52426575291,2624.49884496069,2930.22319506552,2526.17624523706,1245.29700152213,1342.29130262399,1271.89663054825,1951.14673438468,2679.20907812362,1620.84077663415,661.388581017241,619.495126130949,1494.48102771497,1191.04575940641,851.381856983105,3193.23543942504,2051.61964238014,1790.88136966132,1489.87567675964,1222.09712212246,2546.14889256304
1463.78895316231,16826.2590664384,13899.9634944377,17321.0445428531,19852.537475479,19350.808860505,3977.82607215298,5749.47377205949,3917.82830891044,4061.33140698958,6440.00863674887,2157.04308026057,2796.00574604202,858.711697544642,1704.92770585735,3376.38589463645,7063.76237065631,7821.08276377382,1451.09469560053,1714.73452228034,1e+09,1795.44527875399,2024.39712840638,4344.7713674945,8137.02551650172,10612.7879552123,10418.7727461299,1816.67468059089,2092.90722737536,3903.35072478761,5170.15559700093,1479.21584831288,5563.17875156821,4753.82964726335,1388.370688361,3818.25614923881,929.761880859825,1768.89128509923,2065.68883353713,2611.19869904609,3180.51659247362,2435.96956935016,1212.03578606409,1634.85014242896,1710.11844923093,1988.80150118105,2460.23750176685,1882.21659473611,1587.48038435125,1267.82432122909,1183.25070492267,2744.55327889622,605.673256302439,4044.68602803728
2731.11174443669,18353.1189177616,15348.974913697,18813.9521822317,21361.9251123793,20857.7173395365,2379.8132829489,4340.02873253162,5217.68997176912,5456.04459266968,7878.3254135,1208.69451587239,1307.32312796034,1996.61118210332,1185.85232874924,4702.93886746362,8547.57427341231,9338.67950189961,1423.46836522629,758.701934029432,1795.44527875399,1e+09,1574.92817610836,5801.47236496047,9632.74096574802,12161.3698420162,11925.0690602571,3293.94412637798,2268.42848474445,5357.35029852445,6702.09469242266,2053.8993656214,4034.14450297706,3403.88587564272,2332.01151804617,2531.34716275741,2459.09151173762,864.544969160078,1208.18260854889,1223.68339692095,1695.08504482813,2342.23039477332,1267.83664835025,937.204623548134,981.885867705611,1817.23221749451,1585.17675686341,971.754902586038,3159.87162810453,1950.09133829675,1718.09665318922,1382.51212540795,1297.73275369007,2692.20781430409
2980.47157562356,17687.8195910632,14517.2516878988,18088.7600438726,20679.6209744473,20097.4831302604,3326.31845318514,5499.66716917488,4388.98751547552,4900.49526496047,7123.12219342754,769.445754943128,1697.122670581,2397.00081898192,2473.6055027227,4095.41734195674,7935.29417473606,8838.83705276322,987.752457805092,1297.7830478936,2024.39712840638,1574.92817610836,1e+09,5204.3253980223,8979.39298457863,11612.1776142376,11247.5706664951,3274.13411356346,3295.62639725743,5289.52161184733,6000.55766034291,1398.03688005718,4781.21830838124,4731.57757187812,3090.91015459848,3833.40315123521,2581.65354968478,2017.54786505798,2492.15941037085,2457.15300968418,2848.78051164002,3469.58763899977,2285.6166040699,1537.27301774929,1189.90368026156,1336.08612102664,2006.90988033843,1863.5832647349,3385.34190940886,2767.80337289339,2124.899245282,2501.77872838507,1821.44925592233,3459.59337323044
3487.70617813485,12566.4857395495,9620.79979300578,13023.5891179774,15572.706420995,15068.0499497248,8015.73290233027,9997.52891591717,1152.82814014058,465.303788293197,2155.1255625601,5783.1748609825,6696.92723824143,4230.37920601688,5907.82707597303,1667.73053048147,2760.88606014446,3655.7373503303,4756.89428400506,5765.21022023482,4344.7713674945,5801.47236496047,5204.3253980223,1e+09,3837.99619421385,6431.16340127508,6140.97729693735,2808.00148409861,5341.04146887103,1997.25065545114,1166.91487427318,4352.56604876939,9756.07715602434,8887.87924355411,4569.54579989084,7911.3527334205,3594.71933701367,5899.04089625593,6378.96086048504,6817.22830420839,7357.7335136304,6210.17149974137,5230.36789255785,5779.69287594073,5665.70420904586,5412.30445783494,6510.4861472013,6063.05695473002,3717.84790927493,5161.66220209149,4898.20562891147,6975.19776204948,4860.48313872191,8267.21459997259
7197.3504094493,8761.77723182346,5997.46202281432,9226.14705894611,11756.5400586525,11282.8969826902,11828.4188189504,13777.8217440058,4637.6618729377,4191.30745102289,1987.90225081617,9590.12757099195,10515.9706366222,7985.56687838127,9693.20860739105,5212.20953737472,1135.87417670268,1083.46517055234,8571.26292000193,9593.47731694301,8137.02551650172,9632.74096574802,8979.39298457863,3837.99619421385,1e+09,2823.36692420592,2436.98444941694,6522.20205678266,8957.33977312461,4892.02051617734,3152.87128500356,8135.51983116629,13585.9952012909,12631.2161431036,8210.61296149685,11673.7904623477,7364.03422791475,9698.75371174565,10174.2734506892,10641.9035481957,11174.7211138802,9840.55150853853,8998.1941401539,9596.82621015927,9479.38885434077,9157.02572711795,10303.0112286118,9876.69343789206,7277.3015046032,8854.4261078909,8658.73954900481,10797.7388125894,8668.23737176134,12083.5462112991
9636.13840762471,6285.01801919454,4231.67862969295,6864.86039833295,9320.8642819215,8923.30180829383,14362.2871055483,16250.6527868667,7281.69516405349,6772.95456353429,4613.43578824936,12177.6354025895,13102.7788696673,10432.6452343881,12099.2342860489,7699.27412369504,3727.77196872341,2951.42408641998,11145.7143422977,12134.5417515949,10612.7879552123,12161.3698420162,11612.1776142376,6431.16340127508,2823.36692420592,1e+09,1117.88760830416,8979.41682952741,11281.1643663188,7148.40792859501,5678.43525886313,10650.6837930435,16112.3383802104,15080.823398903,10585.0809267195,14073.3193587263,9826.44084396787,12188.2160889853,12616.2736666458,13120.9285673233,13661.9086958485,12161.0822486775,11448.7798689293,12104.3257660516,12030.7492336138,11704.5778777964,12806.6148668413,12365.9918622244,9643.43609434936,11242.9171865135,11077.9464609015,13278.4021221531,11143.904959138,14596.745513576
9505.77123346128,6475.36709177171,3786.40901755212,6912.25204403022,9486.6121248842,8953.67022280249,14112.8790830007,16103.6517548816,6865.31780090332,6495.479029425,4136.74700545006,11844.1418049262,12793.7336191199,10277.8321207247,11947.2770268836,7403.66470525239,3427.58650796738,2938.14191527571,10835.4496600049,11865.77509888,10418.7727461299,11925.0690602571,11247.5706664951,6140.97729693735,2436.98444941694,1117.88760830416,1e+09,8831.81039982177,11217.675327442,7140.50827602629,5326.07206401678,10338.3478176448,15855.1656679582,14963.9314597501,10510.5277869382,13937.1741806114,9659.3729078859,11993.9630045869,12450.1972621682,12909.3534145905,13455.0812478595,12091.9212764019,11297.7954802873,11858.1164680189,11750.1109477187,11383.57053539,12536.4462569741,12137.6560473347,9549.74897865907,11127.0780160292,10887.7093449541,13065.2805212594,10942.645870643,14346.4287786787
810.72046421686,15204.078326824,12389.3501286468,15713.9983621674,18218.8659361114,17772.97330135,5513.30094090646,7282.60518974494,2719.62659834029,2494.14115204012,4952.82926226011,3667.70753536865,4398.18209334266,1582.20818952501,3232.22963817548,2170.68708454259,5445.65870803524,6144.09123787237,2639.14206406173,3387.48811717473,1816.67468059089,3293.94412637798,3274.13411356346,2808.00148409861,6522.20205678266,8979.41682952741,8831.81039982177,1e+09,2684.81221747444,2156.89251118362,3770.50560088432,2496.42774852388,7263.67297066711,6144.83646183525,1784.64800960862,5243.32105973876,916.78712250991,3303.35443647817,3723.47376653845,4244.04416652325,4773.02880729836,3530.09436716641,2508.26902177577,3352.31780195434,3329.1636934071,3358.17464527978,4158.95768199197,3559.03665676542,1284.44353756792,2459.4942210544,2468.40869691386,4416.00677447397,2304.26777439168,5774.25690059769
2113.65258370433,17502.0033416663,14855.6040339765,18056.4801395925,20538.1978269054,20138.5023654839,4167.88279637276,5211.39223407719,5146.86688505736,4988.58456632741,7413.33039467418,3242.01397021975,3511.21632564842,1448.71742969428,1944.8339431427,4233.77788958042,7875.10358031563,8447.23841079438,2932.88680514608,2773.17586194962,2092.90722737536,2268.42848474445,3295.62639725743,5341.04146887103,8957.33977312461,11281.1643663188,11217.675327442,2684.81221747444,1e+09,4192.96919059752,6282.06202667564,2866.55387898082,5491.35140650278,3984.11459187609,1204.77257351751,2926.98426432395,2111.22213528089,1791.70553626984,2178.59110582964,2919.77322066287,2931.5939939903,1321.63185252172,1259.27293582448,2464.42483504772,2699.08260333025,3055.79616825141,3205.99158144559,2450.55113970307,2297.33030047923,1593.22209597407,1707.3685595969,2797.97620595673,2030.12448992666,4308.37204062045
2689.9940661087,13357.2593388165,10828.5298025632,13927.1610285657,16377.2614517141,16015.6362733517,7596.21338217931,9201.88597316333,2744.92669501391,1807.49729933408,3704.48073650006,5733.64520700401,6502.9651844524,3504.14077248617,5239.83648522547,2223.72887245725,3849.38334393965,4296.32654560847,4731.84104687594,5511.75229838932,3903.35072478761,5357.35029852445,5289.52161184733,1997.25065545114,4892.02051617734,7148.40792859501,7140.50827602629,2156.89251118362,4192.96919059752,1e+09,2854.77838542679,4376.12213604694,9299.63940021332,7978.44297745494,3522.37140017915,7054.65992462429,3017.87771760222,5277.80848746902,5725.00977668161,6322.81562138261,6752.63295607721,5168.21716106241,4475.20523650033,5425.94203480833,5428.70791943166,5346.24208989829,6243.41042929263,5631.5293971709,2876.47140093553,4363.87129844591,4349.0516791365,6438.16366121583,4410.03824966406,7867.2811406165
4484.20569111186,11770.0545904809,8762.27011356646,12212.8719929957,14788.1905651469,14218.5647549041,8893.11514652206,10895.2361972286,1784.71447668808,1612.16791123009,1420.72171455215,6578.86885273601,7527.29645904159,5134.52932739701,6752.39857299612,2380.8893622132,2170.84556154969,3139.42187174645,5589.28308282914,6580.59107107409,5170.15559700093,6702.09469242266,6000.55766034291,1166.91487427318,3152.87128500356,5678.43525886313,5326.07206401678,3770.50560088432,6282.06202667564,2854.77838542679,1e+09,5080.26576608941,10569.7400076965,9834.97825315338,5498.19960491614,8799.48802014072,4490.73834734334,6776.14299423352,7215.22934759527,7662.68803046947,8221.22404387571,7046.91382027622,6134.32358138206,6567.56709220393,6455.59190767198,6108.19622670228,7234.23421172552,6861.48667045998,4494.03185837617,5976.7725113894,5684.55775154937,7805.10964179876,5689.56971084809,9042.20265273899
2348.45686200535,16784.4834719928,13701.4832727191,17216.7044697875,19811.7233559678,19226.2812382712,4194.99764805655,6202.25727114734,3616.65506276172,4069.26292381065,6267.00090608738,1714.26418500767,2689.61058768737,1754.60802830718,2438.91741641655,3066.66691350724,7062.11193049218,7924.85772272916,1285.12248914257,1847.36319807449,1479.21584831288,2053.8993656214,1398.03688005718,4352.56604876939,8135.51983116629,10650.6837930435,10338.3478176448,2496.42774852388,2866.55387898082,4376.12213604694,5080.26576608941,1e+09,5569.72315130654,5333.8654856211,2613.42198333909,4130.88153588311,1846.84366669191,2188.66912419397,2666.68165233498,2963.92288226263,3361.22929513891,3192.25150386056,2120.77278853724,1747.2174009264,1653.33340385417,1419.0341549096,2407.13730306354,2109.95171778882,2595.95534853741,2390.09118600107,1397.48538732969,2939.50871755809,1533.69889701336,4167.93401218157
6676.91209888973,22290.9325682036,19215.7725968278,22744.0886964328,25313.3789270141,24762.4551803915,2377.80150214437,2020.37549151142,9076.7273877538,9432.89534518962,11776.1875762532,4106.7073878717,3190.94038574838,5810.84492615317,4257.93911556988,8549.13323794875,12508.8036172529,13310.4991232448,5130.49558326484,4036.62922176412,5563.17875156821,4034.14450297706,4781.21830838124,9756.07715602434,13585.9952012909,16112.3383802104,15855.1656679582,7263.67297066711,5491.35140650278,9299.63940021332,10569.7400076965,5569.72315130654,1e+09,2671.01294087094,5957.39935369453,2851.17382032383,6376.89935579981,4045.19460604802,3675.67914311083,3161.22610178393,2607.33680729974,4770.05314963052,4879.21516332289,4041.95372503199,4168.97470113456,4712.97017777537,3517.22837677624,3831.48204004665,6824.31484374805,5255.86619346421,5166.57144681074,2897.46096367147,5034.74013554821,1779.10197512678
5477.58869421573,21297.205598639,18500.1826922736,21826.5359369484,24307.7425038464,23898.9810255668,2436.05089833936,1373.53000200214,8468.98526128721,8534.27447830218,11017.711235479,4193.52350503726,3383.81738991631,4749.11957751118,3340.06503251059,7831.57254347427,11559.9430554091,12212.8834919441,4770.48664247161,3769.52426575291,4753.82964726335,3403.88587564272,4731.57757187812,8887.87924355411,12631.2161431036,15080.823398903,14963.9314597501,6144.83646183525,3984.11459187609,7978.44297745494,9834.97825315338,5333.8654856211,2671.01294087094,1e+09,4524.85065157956,1754.29285913156,5360.64815335795,3211.67306793515,2860.69238611914,2731.45707817275,2173.16631098496,3362.10681638761,3732.7374469014,3715.92080744464,3921.47940772357,4656.00330374668,3627.49310718849,3421.31105038697,5646.29927803159,4100.17861799947,4470.75247119543,2587.28528645374,4282.99282226809,2575.19798031142
1262.31042168715,16821.7238897266,14120.8299391502,17371.1398240588,19845.344670834,19437.9118024005,4364.52484192724,5705.05755821096,4433.34939845711,4252.6016796192,6696.71568935848,3173.76885509956,3569.82414048648,918.348369411086,1947.93648353841,3708.14566879458,7144.03317390114,7749.43824540205,2525.42642282447,2624.49884496069,1388.370688361,2332.01151804617,3090.91015459848,4569.54579989084,8210.61296149685,10585.0809267195,10510.5277869382,1784.64800960862,1204.77257351751,3522.37140017915,5498.19960491614,2613.42198333909,5957.39935369453,4524.85065157956,1e+09,3699.19485281595,1223.92306800714,2060.05490383145,2351.18764166112,3056.04597236364,3430.33560292576,1915.16353638534,1162.7072960122,2452.09764673024,2604.71850431097,2954.34766820021,3249.13852397832,2513.37638987876,1346.39087288944,1138.16290872616,1714.24447906359,3150.34093970796,1558.05445216141,4553.14533944393
4630.01274428052,20300.5278521939,17490.3364065961,20818.2059035043,23342.1780437195,22881.985665204,2496.48756293718,2612.52313876834,7448.00941372257,7561.75091849765,9985.11919517239,3299.75688854497,2768.89168554857,3726.55481622101,2399.58925910248,6657.27048525896,10582.5879839432,11250.9168085628,3895.26084510396,2930.22319506552,3818.25614923881,2531.34716275741,3833.40315123521,7911.3527334205,11673.7904623477,14073.3193587263,13937.1741806114,5243.32105973876,2926.98426432395,7054.65992462429,8799.48802014072,4130.88153588311,2851.17382032383,1754.29285913156,3699.19485281595,1e+09,4416.82985999008,2149.4414809201,1931.90158351817,2045.33431558266,1135.29437116547,2234.77252256242,2779.86989028264,2655.6083696961,2934.86337569571,3500.71508876401,2624.0369286845,2368.68778497716,4717.86958920019,3176.00555923632,3182.95858633128,1553.45830323829,3336.36022374683,2283.09571144094
750.877412165261,16053.3999301083,13192.007919138,16556.6991193172,19076.4354586752,18604.625523259,4693.64938243154,6449.82600043598,3307.35158200636,3290.10603432473,5723.24271083273,2877.72927444539,3568.24267434265,804.136415665899,2366.02866641552,2701.77717685971,6286.20783040141,7010.1797756477,1943.22470170076,2526.17624523706,929.761880859825,2459.09151173762,2581.65354968478,3594.71933701367,7364.03422791475,9826.44084396787,9659.3729078859,916.78712250991,2111.22213528089,3017.87771760222,4490.73834734334,1846.84366669191,6376.89935579981,5360.64815335795,1223.92306800714,4416.82985999008,1e+09,2434.88566269548,2830.38676507293,3372.74949025272,3898.9468964196,2790.5834036452,1668.70141199677,2450.66149892228,2462.87009557955,2573.13335445328,3265.40252076218,2655.75478596952,1067.7416852404,1654.230845378,1632.19427514006,3519.90484476498,1401.45919409022,4875.80501553333
2743.78692899066,18391.2697869179,15491.2976055074,18886.6108586745,21424.5852731249,20934.7586899372,2770.71738122097,4205.11438126242,5395.30991578797,5568.00203131249,7977.67576749645,1714.71553034315,1817.98572667664,1786.5261194844,1110.32755883118,4719.20266595958,8618.38021456468,9350.77315900135,1980.10813086053,1245.29700152213,1768.89128509923,864.544969160078,2017.54786505798,5899.04089625593,9698.75371174565,12188.2160889853,11993.9630045869,3303.35443647817,1791.70553626984,5277.80848746902,6776.14299423352,2188.66912419397,4045.19460604802,3211.67306793515,2060.05490383145,2149.4414809201,2434.88566269548,1e+09,841.451922274826,1482.9614682115,1515.22831094855,1618.38110372681,955.262335905693,907.916815848236,1191.42215612267,1854.51832301544,1624.3573693618,922.611370296291,2916.41476213518,1586.06948971349,1372.49116499889,1231.7621233826,1344.72555947301,2742.24478949273
3163.4299034118,18849.0236229175,15950.2031549852,19355.1734158571,21882.6676792547,21391.6047879209,2414.42623525756,3751.6497068623,5908.98086232305,6069.87503528697,8474.37190163377,2020.25039787151,1838.28660183879,2276.78663666581,792.722258928056,5273.02247445429,9093.6382271069,9816.53618795347,2331.63455176835,1342.29130262399,2065.68883353713,1208.18260854889,2492.15941037085,6378.96086048504,10174.2734506892,12616.2736666458,12450.1972621682,3723.47376653845,2178.59110582964,5725.00977668161,7215.22934759527,2666.68165233498,3675.67914311083,2860.69238611914,2351.18764166112,1931.90158351817,2830.38676507293,841.451922274826,1e+09,1018.68353402811,1314.24596054163,1653.63343743406,1335.92481012219,1080.36847714102,1464.4030065525,2214.80817826285,1448.35031083644,874.744960031208,3194.51832095232,1645.70859792978,1808.02674651123,914.597263553746,1568.98106865571,2262.96398442397
3693.19608365167,19345.6847694932,16333.2947270047,19812.66167077,22356.2811531972,21842.8146994544,1498.23532851151,3440.04204315878,6251.57465133386,6496.19073646241,8900.03369257106,1847.69495106741,1277.52986845709,2937.63727168621,1234.37537738728,5746.94683345861,9558.90509851416,10341.4725675167,2314.02577122641,1271.89663054825,2611.19869904609,1223.68339692095,2457.15300968418,6817.22830420839,10641.9035481957,13120.9285673233,12909.3534145905,4244.04416652325,2919.77322066287,6322.81562138261,7662.68803046947,2963.92288226263,3161.22610178393,2731.45707817275,3056.04597236364,2045.33431558266,3372.74949025272,1482.9614682115,1018.68353402811,1e+09,1175.56406312034,2512.53021822624,1996.03962861462,1382.00055090438,1551.33447789315,2374.69661199068,1310.78555873949,1081.64460771549,3883.29417376536,2370.26212402764,2455.57339307951,838.041369503917,2032.12235977561,1686.23860882735
4191.61866120953,19870.3168323532,16922.8364192324,20351.8449013425,22901.5331486235,22396.4693055356,1797.80463563203,2901.18215239926,6786.3386160801,7020.65485199208,9421.23941088432,2260.8844271435,1657.07878741477,3279.69230125328,1882.46347943327,6135.58739855444,10089.8368061282,10839.0491929228,3005.05866614946,1951.14673438468,3180.51659247362,1695.08504482813,2848.78051164002,7357.7335136304,11174.7211138802,13661.9086958485,13455.0812478595,4773.02880729836,2931.5939939903,6752.63295607721,8221.22404387571,3361.22929513891,2607.33680729974,2173.16631098496,3430.33560292576,1135.29437116547,3898.9468964196,1515.22831094855,1314.24596054163,1175.56406312034,1e+09,2352.19097664284,2332.80572690912,1775.96917383157,1993.32217767224,2646.68074517876,1676.74092957141,1522.99461860507,4339.56068303002,2802.84667609557,2686.67835389724,565.870955342294,2655.32090343145,1569.94960008275
3061.22460067862,18392.4474054135,15728.9149682837,18950.8062336857,21443.074195882,21009.215904612,3759.63138878002,4425.65105764113,5949.03203404554,5906.77610814901,8271.22169124973,3259.52624056012,3309.80483846102,2142.72793949675,1694.37925028607,5050.76183919812,8780.06384629975,9367.60393939667,3238.11211609481,2679.20907812362,2435.96956935016,2342.23039477332,3469.58763899977,6210.17149974137,9840.55150853853,12161.0822486775,12091.9212764019,3530.09436716641,1321.63185252172,5168.21716106241,7046.91382027622,3192.25150386056,4770.05314963052,3362.10681638761,1915.16353638534,2234.77252256242,2790.5834036452,1618.38110372681,1653.63343743406,2512.53021822624,2352.19097664284,1e+09,1478.64666715886,2202.07663713141,2516.91300143648,2863.59057050759,2641.79609286939,2043.69540183952,2727.70367098408,1441.13253321823,1831.68045474641,2229.58054169389,2189.16916463758,3544.3302186732
1960.89501695017,17679.3966349477,14841.680890162,18190.1074087208,20706.3125526444,20246.3064614092,3334.7640372896,4825.04440293558,4852.67445984171,4901.04469297108,7348.80036530453,2204.9123214314,2489.4623373331,1083.11286734117,1029.11166541829,4165.33436504202,7919.90986212596,8615.84768249184,1876.6336785585,1620.84077663415,1212.03578606409,1267.83664835025,2285.6166040699,5230.36789255785,8998.1941401539,11448.7798689293,11297.7954802873,2508.26902177577,1259.27293582448,4475.20523650033,6134.32358138206,2120.77278853724,4879.21516332289,3732.7374469014,1162.7072960122,2779.86989028264,1668.70141199677,955.262335905693,1335.92481012219,1996.03962861462,2332.80572690912,1478.64666715886,1e+09,1391.75415332594,1573.00469722757,2090.24519083288,2174.20854445934,1404.16016237465,2093.76606587269,870.06027101575,1128.0732679219,2034.38665636599,915.310549321923,3467.17035963046
2924.32436295976,18295.7970975713,15282.062957955,18760.2319092516,21325.2210725165,20780.1459948577,2716.75614203778,4507.08102549754,5168.01867507268,5483.74447384267,7811.78068584878,1163.79960126304,1476.75996075869,2005.32866625399,1200.56473694674,4602.63922925749,8525.36356000728,9326.26208342871,1523.8113232287,661.388581017241,1634.85014242896,937.204623548134,1537.27301774929,5779.69287594073,9596.82621015927,12104.3257660516,11858.1164680189,3352.31780195434,2464.42483504772,5425.94203480833,6567.56709220393,1747.2174009264,4041.95372503199,3715.92080744464,2452.09764673024,2655.6083696961,2450.66149892228,907.916815848236,1080.36847714102,1382.00055090438,1775.96917383157,2202.07663713141,1391.75415332594,1e+09,487.659943403188,1210.91823435771,953.35964111137,460.205238453454,2975.2121450579,1742.5295209264,1345.15205300367,1291.53522030954,1140.80028032956,2543.44319539478
