1e+09,8294.21988341279,9349.26503445057,9429.52777476158,11144.5702223639,4055.56084781131,7767.4583373585,2921.83135519489,2805.73012114494,4462.66355915388,1360.13600117782,1559.4403587826,1665.69922459008,1761.37164335072,4368.52653023877,1437.34332060924,2718.16074710456,5657.50079100304,1601.32428299205,2040.71419505525,3842.98816422846,1167.71863443211,999.185275762208,3218.9055200487,4819.06259886713,4587.32950616151,2250.43818557631,2352.59252738336,2030.04233657823,3249.87634304753,1870.44977713918,4288.59340552354,5390.7548923597,1505.53103847114,2557.06658270762,1118.80973802519,2336.68081130051,2151.80484675075,2154.72878105343,1070.88403200347,4105.71927118745,2774.48954052813,4289.93727043881,2154.15616639091,1995.02780098424,2398.61404654855,4688.0406902351,1572.59588744216,2079.18129250434,2814.44461267228,1763.40981498913,2718.06878967402,4124.4768352362,5185.65150833528
8294.21988341279,1e+09,1117.3613046817,1562.6850439548,2975.32941093923,8426.18623522528,14526.669246603,8880.58858755432,7459.06571843284,5034.87167216802,8549.64709526072,8117.19431410879,7927.78959863341,9417.60443894306,9170.60460354714,7223.64127818512,5670.29181020695,11684.3773656109,8282.60510792951,8699.24876633034,10590.2716308034,8768.40951371456,7627.32066464365,6114.79896115972,4377.28332498594,4520.02064879133,8134.79134216115,9614.89524568521,7102.83498019629,7735.59089302815,7954.08410029716,10785.5109290891,12335.736574064,8252.17080390366,9763.34879487566,7719.00879073862,9159.53258905169,9629.81794710056,9329.66742314537,8829.12591299954,10818.2450461154,9715.64320918075,10807.9061704338,9188.4512007846,8623.48947684753,9024.57501994969,11282.8937314813,8951.20437617196,9472.45018587588,9505.6445189056,9019.50845150666,7863.85447262346,9971.63266776309,10933.7702919487
9349.26503445057,1117.3613046817,1e+09,1342.76363020451,1870.20700624289,9519.8046198806,15626.5920339785,9982.07553981636,8568.77876079783,6136.16505889468,9634.1494553645,9193.48832132831,9029.55628977415,10507.7774310555,10245.2523501181,8264.04701649864,6737.36675027418,12785.2430123483,9380.37188051199,9804.04505961187,11700.2700683959,9852.42636526658,8694.72317111362,7229.78035519752,5474.00961902699,5623.31266753859,9238.49853948681,10716.9136889265,8179.84252031175,8842.44912860119,9059.38648556292,11891.1749042851,13440.0165655664,9353.12252436586,10869.7116358715,8799.88876658677,10264.6110209934,10731.5677484839,10430.5682073749,9908.86989989272,11928.0633875495,10821.615687886,11917.3464136401,10294.3962386825,9730.41885048634,10132.5422388412,12392.3716559705,10047.6655867221,10573.2699421466,10618.5201559163,10118.3272542353,8961.8577295447,11063.3511877369,12027.3501492764
9429.52777476158,1562.6850439548,1342.76363020451,1e+09,2368.53000297653,9117.89546289603,15251.9485413635,9728.0912314801,8390.15391333794,5858.25996572361,9617.8363004836,9137.59241113325,8959.04993381553,10533.4648585069,9828.89855037684,8416.57139988131,6881.65978303926,12407.440835402,9288.75101583092,9643.53191171679,11449.7769643343,9857.27996998158,8765.61892898043,7062.79063999493,5215.79234414101,5406.00894162228,9084.50991073817,10647.2627514258,8223.96666454212,8594.40279723379,8947.87131982797,11599.4795425959,13128.5474036963,9302.43683485139,10739.6875827652,8795.57455023263,10142.1824329234,10660.9531319906,10285.5799792282,9949.52877458023,11683.0250631589,10657.1551338479,11623.5858658462,10163.6392225718,9593.60215424321,9959.85208303316,12117.8279420241,9995.67055124367,10474.1127389913,10469.0069785439,10029.3287685169,8731.03269081041,10712.310527902,11626.5942991187
11144.5702223639,2975.32941093923,1870.20700624289,2368.53000297653,1e+09,11309.2021591667,17430.7893517362,11788.4687161734,10404.0951463018,7949.78171489004,11447.1252068674,10989.1115160872,10872.8291615844,12344.4086298048,12011.1697133127,10043.9481882326,8556.77586084268,14582.4789760383,11212.83549342,11623.9581834287,13526.629756181,11670.6927181552,10498.772015293,9073.44684695954,7294.58457269501,7456.7328965372,11063.1613688719,12551.1112192069,9989.61675643766,10670.2883374302,10897.0669836888,13713.4109138281,15249.5490778547,11190.7752225304,12707.2405674403,10625.6462795493,12097.0345488016,12564.5115186107,12252.1499069714,11731.35142926,13759.1228930917,12654.7354500954,13737.1368296927,12128.9492599895,11565.1014019376,11967.9836936344,14222.6643436137,11880.8757715414,12406.7989288736,12461.1911894008,11948.906301298,10781.6121721846,12861.1891313673,13819.533520937
4055.56084781131,8426.18623522528,9519.8046198806,9117.89546289603,11309.2021591667,1e+09,6157.45372972465,1678.37193538858,1866.15332140743,3476.24476317477,3293.81412833208,3461.48931382144,2592.02178434133,3638.81407863881,1778.1547385703,4378.84137207549,4387.39348358453,3362.23458617926,2665.66798300163,2337.40716572873,2694.25774670873,3592.04536412056,3873.46161034287,2670.37620549989,4161.15587950031,3962.83698186034,2091.19866655466,3139.64531713377,3619.89964518355,1319.21805422758,2264.97580249768,2727.61974714219,4243.39601701279,2851.42422555817,2759.84163677918,3221.25797250081,2817.4516199218,3282.60483025295,2708.29129939894,3749.33148170444,2863.15099697868,2496.86291758278,2750.07341178377,2497.69922270477,2243.32593993829,2079.59138842225,3133.32190165645,2963.90662061071,2878.13427379613,2582.78405173565,2862.59964816948,1941.94227625334,2153.95603657549,2673.67033611102
7767.4583373585,14526.669246603,15626.5920339785,15251.9485413635,17430.7893517362,6157.45372972465,1e+09,5913.09282869803,7282.7241106402,9571.60899928534,7032.65939894006,7495.39035450456,7099.18921600206,6437.77890162438,5674.84200123669,8837.91548830945,9700.13008721533,3074.92928286164,6847.0036783618,6326.2077531409,4164.48772129298,7025.80159531992,8173.96632404979,8508.46696294932,10210.1805250152,10019.6872682385,6779.57001446994,5887.69277680995,8438.59934383071,6908.41143189229,6951.04318230005,3852.5688674831,2587.66996278505,6993.55954157824,5354.24300705525,7608.8211580047,6115.60739610548,5922.27180388574,5827.4634542226,7061.05178526542,3928.67464656976,5247.15836790734,3881.22665185892,5862.54904798246,6326.45624128548,5818.28061728721,3383.26010742597,6403.0636236258,5780.20129008497,5579.31321036918,6238.77153463725,6889.38499652908,4761.34935342913,3727.2950306489
2921.83135519489,8880.58858755432,9982.07553981636,9728.0912314801,11788.4687161734,1678.37193538858,5913.09282869803,1e+09,1650.97290634947,4042.25197717807,1965.36928191625,2753.06467762746,1963.41736235575,2310.81271906661,2545.07241665144,3396.57651724497,4036.46627035331,3281.54665543551,1901.17862335447,1220.72006295465,2001.98996910574,2513.82360391496,2956.63713372135,2942.30263779918,4795.16910936413,4510.75329463938,1028.98897977578,1734.65126463506,2793.38195768141,1527.05669203864,1451.40767794579,2445.52999946842,3787.5306771959,1993.90059656945,1531.2114417676,2468.48461236849,2087.83583231537,2141.73638496898,1576.28947611154,2660.97937575623,2241.45279780771,1284.35051341135,2365.35307159418,1294.98118017213,1206.17495451531,1120.72888902714,2706.16245851944,1654.64658371508,1567.90510372918,1907.12889601096,1808.07012723511,2097.31406613316,2396.19574521782,2976.87258576849
2805.73012114494,7459.06571843284,8568.77876079783,8390.15391333794,10404.0951463018,1866.15332140743,7282.7241106402,1650.97290634947,1e+09,2598.79945357467,2187.17696179344,2644.55941912826,1550.3760409978,2695.5866523078,3140.20997971473,2724.14792652675,2777.95040618079,4550.82357866134,1796.79799159505,1785.91896249522,3319.01047074275,2604.8995978924,2409.0990361959,1481.15219329413,3390.31138798489,3083.77569913896,946.848842635402,2460.01155420051,1830.94773398915,620.849838205665,1106.4239563115,3650.07048627831,5174.15228227775,1774.03535931503,2555.13209257369,2053.04449605945,2453.39189197323,2773.48727601192,2456.4507376701,2751.97564184351,3521.02053636442,2460.28086725886,3624.06980926141,2084.32120468511,1573.69586445412,1865.5415395536,3951.36641651973,2091.37429067587,2408.49012798475,2490.26363919566,2318.41725228657,1839.58399098818,3305.81369370689,4079.80230153374
4462.66355915388,5034.87167216802,6136.16505889468,5858.25996572361,7949.78171489004,3476.24476317477,9571.60899928534,4042.25197717807,2598.79945357467,1e+09,4305.25803350972,4095.8537309821,3480.66581889155,5052.547160532,4576.1160393504,3773.4046702017,2546.35744888655,6747.37233365701,3797.70359105341,4057.61942324561,5729.06962443292,4568.22155235492,3775.70276985623,1419.96297381305,1081.51934166708,832.883856669104,3408.76373119347,4986.05853394242,3076.00832084375,2771.99371555925,3349.46999747721,5919.13134168351,7482.64475231185,3816.53410869076,5062.41670754196,3624.06702828466,4584.94642970886,5102.49563910642,4749.08246909864,4717.03453981418,5946.41221362932,4969.69258370173,5925.58111654039,4520.64451073074,3947.02222553915,4271.03723237108,6345.94476801524,4461.13830662086,4861.79146328799,4791.6507538843,4543.0463219078,3292.45053350844,5203.8696193698,6068.54446689649
1360.13600117782,8549.64709526072,9634.1494553645,9617.8363004836,11447.1252068674,3293.81412833208,7032.65939894006,1965.36928191625,2187.17696179344,4305.25803350972,1e+09,1839.05930124616,1445.67107361945,1228.94899825013,3712.79431761308,1943.51883031783,3102.18615282836,4662.57405851103,1560.35048191104,1347.06323660027,2995.39516957279,1349.8819070941,1664.01590407063,3006.76854115843,4867.32043636948,4560.50152592892,1459.01419348819,1558.37816841741,1950.67330991122,2556.9732918042,1281.56521180157,3549.61945537828,4707.37874106174,1306.14626902962,1767.14028025508,1435.10119622276,2009.13240937475,1704.33647792917,1523.19700597132,1240.83833108911,3228.90954486186,1870.01712623174,3467.55714969487,1407.84903334839,1343.17470717699,1719.17176826517,3850.49348076321,904.994992085592,1430.113965179,2191.02823242878,1260.91661734629,2473.43209158853,3580.98865590217,4379.69032295664
1559.4403587826,8117.19431410879,9193.48832132831,9137.59241113325,10989.1115160872,3461.48931382144,7495.39035450456,2753.06467762746,2644.55941912826,4095.8537309821,1839.05930124616,1e+09,1372.91876795388,2324.992480633,3501.16728126492,2339.45108931561,2843.69090790473,5227.11921541876,1281.32434469185,1620.46165024045,3501.19517170923,1149.98060731475,1443.97410236472,2803.93553606355,4344.42482796054,4250.27388845707,2274.36849369226,2627.56056442092,2494.18021115155,2981.78070124213,1771.89931040113,3826.37215339805,4967.36469161466,1236.66531947815,2539.01959452857,1290.00947225205,1635.28654629701,1965.81879284435,1800.9968995809,1316.22158917106,3839.59069269108,2733.37238485721,3784.94025520879,2018.73497418557,1766.50782837212,2118.35946267389,4430.74611532866,1899.77274088245,2197.33960131337,2249.64219532796,1497.82749654291,1834.42393802523,3377.51998842346,4547.08151753408
1665.69922459008,7927.78959863341,9029.55628977415,8959.04993381553,10872.8291615844,2592.02178434133,7099.18921600206,1963.41736235575,1550.3760409978,3480.66581889155,1445.67107361945,1372.91876795388,1e+09,1858.36280279175,3020.24073043855,2238.92486901638,2653.94761566614,4648.22120517086,641.73902912321,1190.49696341486,3001.19151371584,1378.48256086176,1553.96574701632,2085.61914500227,3917.8601657027,3701.75895178225,1305.21976475228,2054.24081541089,1987.77180875975,1855.56014391881,637.136434996461,3320.87604223645,4746.58656804024,645.379096655601,1955.37897518614,795.009811574675,1509.72345901493,1836.75230238048,1559.90583417718,1414.14682010037,3255.84357409873,2042.46919377013,3346.12472784563,1392.70162741342,941.580371556247,1334.69307846411,3809.90348690095,1258.60313816548,1655.70004623422,1819.01381330654,1166.11193202025,1265.36754241604,2952.42419411574,4013.2731791519
1761.37164335072,9417.60443894306,10507.7774310555,10533.4648585069,12344.4086298048,3638.81407863881,6437.77890162438,2310.81271906661,2695.5866523078,5052.547160532,1228.94899825013,2324.992480633,1858.36280279175,1e+09,4022.6873316727,2648.60025736237,3849.79227030498,4374.57788889397,1760.6395621762,1676.62618239726,2637.8049170096,1310.84421004176,2161.58009971872,3711.06987250308,5624.76941088255,5347.55505767823,1978.63391386583,922.971594633334,2587.67787147087,2963.40406983253,1843.72417676831,3198.20863789403,4219.29238715451,1515.53990742573,1326.08706546742,2030.18072715214,1765.71802213717,1125.15814883953,1523.59333678643,1175.18220221377,2807.73225326063,1630.15135846338,3134.90781393967,1289.47176200179,1536.80840982212,1699.10029271376,3346.56677496505,820.243159313139,1042.04347965908,1815.53491676696,1277.5416113771,2905.71462979419,3508.91428912135,4203.17542264179
4368.52653023877,9170.60460354714,10245.2523501181,9828.89855037684,12011.1697133127,1778.1547385703,5674.84200123669,2545.07241665144,3140.20997971473,4576.1160393504,3712.79431761308,3501.16728126492,3020.24073043855,4022.6873316727,1e+09,5055.55353702243,5132.03455833064,3156.53889622796,3093.70596426034,2795.071355887,2548.66777058133,3854.50375939627,4434.66738156313,3630.73151414422,4952.63876532501,4827.68682137729,3093.82082120151,3719.81382188679,4639.88721952377,2747.52956288008,2962.1950000633,2292.81086095212,3633.29089136832,3339.51392268396,2973.44734757487,3535.0841147984,2972.2479958274,3456.45723082176,2733.64857103103,3896.55159139463,2712.95250127974,2725.31231793716,2424.42475665878,2823.47022810583,2782.29337692847,2468.27850132435,3044.60753439585,3395.50231270721,3163.53038393817,2724.88238285619,2938.72903786654,2066.59617729251,1383.2904540262,2029.43444750009
1437.34332060924,7223.64127818512,8264.04701649864,8416.57139988131,10043.9481882326,4378.84137207549,8837.91548830945,3396.57651724497,2724.14792652675,3773.4046702017,1943.51883031783,2339.45108931561,2238.92486901638,2648.60025736237,5055.55353702243,1e+09,1711.09672251454,6464.67726050574,2390.34406180366,2752.15897887459,4792.52110736093,2212.15978331132,1082.4196331368,2796.7073820298,4169.69378752205,3884.8410277642,2482.27501635093,3098.32102442597,1191.11184924003,3308.90012363625,2255.67642296053,5281.18828586901,6508.34018451709,2174.73940845794,3513.42096878527,1743.95796451635,3263.90982923855,3190.45362602248,3179.35852121147,2212.18771927249,5042.33443154061,3651.40099780892,5238.32491235509,3045.0568994848,2703.18690659747,3216.69851369382,5613.40138454396,2455.38439294136,3075.81581668994,3695.62636965643,2805.2581703116,3269.93364772131,5059.50281238187,6060.98885687806
2718.16074710456,5670.29181020695,6737.36675027418,6881.65978303926,8556.77586084268,4387.39348358453,9700.13008721533,4036.46627035331,2777.95040618079,2546.35744888655,3102.18615282836,2843.69090790473,2653.94761566614,3849.79227030498,5132.03455833064,1711.09672251454,1e+09,7097.46526035175,2969.95322535558,3475.3294636624,5571.17664544035,3200.92735117497,2007.78373058455,1951.20545209878,2679.25944647024,2471.61511752943,3079.66722916616,4191.06310322333,1766.74274420471,3323.30911051019,2764.68954179307,5928.74356563007,7352.32875551685,2824.37218576094,4456.07858170163,2328.62103700881,3888.80025876876,4160.50239033701,4041.1765042126,3247.57269998687,5824.86502908866,4532.29729221286,5915.79546018961,3892.98225679234,3386.75680555897,3884.76138976386,6368.13734294417,3496.1875491884,4083.58196288504,4319.58700478414,3648.71919951371,3241.19999702271,5424.93143037772,6496.00958170476
5657.50079100304,11684.3773656109,12785.2430123483,12407.440835402,14582.4789760383,3362.23458617926,3074.92928286164,3281.54665543551,4550.82357866134,6747.37233365701,4662.57405851103,5227.11921541876,4648.22120517086,4374.57788889397,3156.53889622796,6464.67726050574,7097.46526035175,1e+09,4542.58899891901,3880.44444350129,1877.04040824911,4903.17007749069,5869.40430070207,5735.77621052286,7439.39397267009,7220.5065965554,4181.95651630908,3723.14449336848,5900.18965272304,4144.04109782951,4399.21807534021,1703.05527059459,1881.32942237663,4624.23083303591,3157.88039441015,5268.04253673981,3909.30030848233,3874.51875260657,3589.88424488868,4957.40266623562,1660.77603173938,2917.62511664881,1557.98979537736,3537.21911611367,3885.66516955592,3412.49978808791,1307.35320189305,4155.92976377128,3634.8835236772,3272.88592825965,3994.43009486961,4383.02646640424,2594.41936305602,1374.99139760945
1601.32428299205,8282.60510792951,9380.37188051199,9288.75101583092,11212.83549342,2665.66798300163,6847.0036783618,1901.17862335447,1796.79799159505,3797.70359105341,1560.35048191104,1281.32434469185,641.73902912321,1760.6395621762,3093.70596426034,2390.34406180366,2969.95322535558,4542.58899891901,1e+09,968.564237931589,2819.34544983406,1110.1629397075,1539.64678358382,2462.76997417542,4249.6486356286,4076.33511963872,1368.56225390006,1845.37247107461,2149.23975377341,2057.30937182525,908.96685137578,3142.95454049211,4475.49506157699,534.178127313352,1765.92493059586,1051.93744861565,1177.66685272194,1522.79876766433,1317.35670575589,1328.30029417297,3114.38208421831,1926.71388213196,3164.79718111603,1198.38855497706,792.20679522458,1160.93468980817,3634.2426945101,1124.80638000502,1405.95763513699,1635.13891364006,1013.02781062516,1390.07733788448,2782.46969868497,3907.34243835884
2040.71419505525,8699.24876633034,9804.04505961187,9643.53191171679,11623.9581834287,2337.40716572873,6326.2077531409,1220.72006295465,1785.91896249522,4057.61942324561,1347.06323660027,1620.46165024045,1190.49696341486,1676.62618239726,2795.071355887,2752.15897887459,3475.3294636624,3880.44444350129,968.564237931589,1e+09,2218.56802895471,1380.48342021916,2041.23821157649,2760.47146199703,4644.0730314994,4437.44602748022,1082.61481229475,1415.20426108742,2368.70803772858,1950.4681424212,996.609578270247,2673.67158933179,3937.14246872018,976.379918013475,1286.21254934789,1683.22582661983,1091.10510437813,1255.64253105731,803.914959806073,1610.72466272172,2549.52120899199,1370.05955819446,2579.82663859415,719.593061320077,480.448997917573,782.957195509435,3111.07120410318,988.838755359032,1066.58231440428,1297.94949381707,863.533083037355,1648.39542631615,2496.13999717564,3413.60845428998
3842.98816422846,10590.2716308034,11700.2700683959,11449.7769643343,13526.629756181,2694.25774670873,4164.48772129298,2001.98996910574,3319.01047074275,5729.06962443292,2995.39516957279,3501.19517170923,3001.19151371584,2637.8049170096,2548.66777058133,4792.52110736093,5571.17664544035,1877.04040824911,2819.34544983406,2218.56802895471,1e+09,3084.12496916062,4130.63973455686,4513.5230392012,6355.91390498644,6138.41402693725,2745.71861753895,2083.08834505404,4389.41247563954,3082.69562410887,2837.79274207966,736.179396546793,1905.28622025668,2910.91447517786,1359.65577643755,3554.61327400042,2191.50137857588,2067.28277995537,1780.78765441026,3132.91265326692,422.804126990265,1211.9725114457,568.930827517722,1769.27315030778,2216.82046397538,1730.28271080191,994.591476989422,2393.75108797887,1821.62503844781,1623.26552418266,2186.75858297161,2980.16749539351,1675.15828684934,1709.35813517823
1167.71863443211,8768.40951371456,9852.42636526658,9857.27996998158,11670.6927181552,3592.04536412056,7025.80159531992,2513.82360391496,2604.8995978924,4568.22155235492,1349.8819070941,1149.98060731475,1378.48256086176,1310.84421004176,3854.50375939627,2212.15978331132,3200.92735117497,4903.17007749069,1110.1629397075,1380.48342021916,3084.12496916062,1e+09,1319.99462411784,3224.12960189258,4985.32767498787,4815.33176075128,2013.47817586881,1724.64804128263,2298.5390506798,2959.31114300271,1648.00077487846,3530.04745000687,4593.71058175197,877.502148373439,1887.33427415495,1410.33485098398,1285.45174024543,1159.04108689037,1433.17057341407,528.30768023946,3380.26602530038,2198.55582724206,3470.19213751919,1486.08477322123,1421.98662099895,1770.32844045957,3943.12345925156,1150.16254155663,1478.24902019247,1831.19298054574,1067.72242900484,2323.48624385857,3427.63053773303,4443.06614063982
999.185275762208,7627.32066464365,8694.72317111362,8765.61892898043,10498.772015293,3873.46161034287,8173.96632404979,2956.63713372135,2409.0990361959,3775.70276985623,1664.01590407063,1443.97410236472,1553.96574701632,2161.58009971872,4434.66738156313,1082.4196331368,2007.78373058455,5869.40430070207,1539.64678358382,2041.23821157649,4130.63973455686,1319.99462411784,1e+09,2598.13186399382,4146.27193320699,3960.28364645766,2099.93049680222,2565.14171027645,1367.40585460206,2942.20285622865,1748.76094852899,4569.06406394132,5776.81988386344,1327.57927134315,2893.4113840759,1196.94216376565,2329.79997403211,2389.03927556665,2455.35788430119,1477.36764276872,4418.91289182079,3098.72681783987,4526.7235845587,2378.78190145713,2024.39773646386,2533.84318745261,4974.6278094949,1891.77884973376,2446.18440576339,2869.61792333056,2069.18774882803,2559.93454926098,4285.04128368677,5368.72006832169
3218.9055200487,6114.79896115972,7229.78035519752,7062.79063999493,9073.44684695954,2670.37620549989,8508.46696294932,2942.30263779918,1481.15219329413,1419.96297381305,3006.76854115843,2803.93553606355,2085.61914500227,3711.06987250308,3630.73151414422,2796.7073820298,1951.20545209878,5735.77621052286,2462.76997417542,2760.47146199703,4513.5230392012,3224.12960189258,2598.13186399382,1e+09,1983.62788375239,1732.53922469305,2219.90047707099,3713.15467586525,2123.44087624308,1782.68093552941,2013.74419964404,4744.97524321255,6303.2935824932,2449.90983960635,3747.80307164077,2305.97447082573,3246.60798503607,3744.97249294304,3411.25089421755,3342.11523023968,4742.52131969905,3692.54159043605,4749.15078072912,3192.53839005892,2623.90663780173,2974.44799556153,5203.24659825959,3125.98681439957,3536.20489167412,3465.73222961613,3161.4916697344,2060.2125189407,4111.49645056396,5053.94452837583
4819.06259886713,4377.28332498594,5474.00961902699,5215.79234414101,7294.58457269501,4161.15587950031,10210.1805250152,4795.16910936413,3390.31138798489,1081.51934166708,4867.32043636948,4344.42482796054,3917.8601657027,5624.76941088255,4952.63876532501,4169.69378752205,2679.25944647024,7439.39397267009,4249.6486356286,4644.0730314994,6355.91390498644,4985.32767498787,4146.27193320699,1983.62788375239,1e+09,590.714013461675,4147.03939936673,5674.34419702401,3713.0407246218,3567.61805661705,3939.16383596824,6485.31657050757,8051.12068977357,4298.36658103983,5676.36971140887,3952.64717685503,5048.93420683019,5630.02581030496,5268.91345001035,5101.6788268177,6586.28158720837,5610.75027844762,6526.62674775416,5110.27861410706,4537.30536736288,4859.78889762714,7009.38104241024,5039.24741244166,5449.93704470978,5326.78882031192,5016.34291307921,3621.24881354485,5646.83680754102,6621.12398419634
4587.32950616151,4520.02064879133,5623.31266753859,5406.00894162228,7456.7328965372,3962.83698186034,10019.6872682385,4510.75329463938,3083.77569913896,832.883856669104,4560.50152592892,4250.27388845707,3701.75895178225,5347.55505767823,4827.68682137729,3884.8410277642,2471.61511752943,7220.5065965554,4076.33511963872,4437.44602748022,6138.41402693725,4815.33176075128,3960.28364645766,1732.53922469305,590.714013461675,1e+09,3844.02184085887,5402.64572443909,3408.80144707784,3276.91768935382,3665.72287205402,6301.32296304514,7885.74971783914,4108.24802589863,5424.58302547763,3723.24144833504,4926.27572622564,5444.40888130199,5064.56110049035,4900.71195502245,6350.62549230389,5338.3389193456,6343.02967377577,4873.07688926617,4306.77729674986,4635.30972123762,6784.28916894025,4769.4578750944,5200.52414673752,5165.92673870817,4806.55874098091,3509.86762771761,5534.63445883285,6464.53630233445
2250.43818557631,8134.79134216115,9238.49853948681,9084.50991073817,11063.1613688719,2091.19866655466,6779.57001446994,1028.98897977578,946.848842635402,3408.76373119347,1459.01419348819,2274.36849369226,1305.21976475228,1978.63391386583,3093.82082120151,2482.27501635093,3079.66722916616,4181.95651630908,1368.56225390006,1082.61481229475,2745.71861753895,2013.47817586881,2099.93049680222,2219.90047707099,4147.03939936673,3844.02184085887,1e+09,1683.38720370567,1803.04270947751,1223.88734203766,689.623238225047,3194.63884778859,4593.61778296802,1347.42536027047,1814.26364691023,1751.03186961289,1980.1108965409,2080.29574907031,1722.41815526892,2166.7236906214,2981.69304193104,1746.5760889237,3140.94078336412,1346.09250926524,915.388577490456,1260.64405848757,3474.84781721445,1305.98483517229,1611.09531598847,2034.34340889143,1653.92450973435,1888.39802740312,3028.09744808518,3810.87846604953
2352.59252738336,9614.89524568521,10716.9136889265,10647.2627514258,12551.1112192069,3139.64531713377,5887.69277680995,1734.65126463506,2460.01155420051,4986.05853394242,1558.37816841741,2627.56056442092,2054.24081541089,922.971594633334,3719.81382188679,3098.32102442597,4191.06310322333,3723.14449336848,1845.37247107461,1415.20426108742,2083.08834505404,1724.64804128263,2565.14171027645,3713.15467586525,5674.34419702401,5402.64572443909,1683.38720370567,1e+09,2728.75229725968,2613.30574315368,1830.10638168933,2707.57464968189,3729.8835750999,1685.12010577881,926.79856953925,2441.52240948143,1658.61626496306,1083.43452658663,1380.40522956123,1819.39645929632,2273.33269204048,1180.59440749141,2580.65139986012,1014.81127698701,1336.68356636865,1367.63589547803,2750.71806523315,961.66688250142,831.517828672362,1524.61209883039,1425.51816631708,2857.30888024029,3113.24622975761,3665.77725373487
2030.04233657823,7102.83498019629,8179.84252031175,8223.96666454212,9989.61675643766,3619.89964518355,8438.59934383071,2793.38195768141,1830.94773398915,3076.00832084375,1950.67330991122,2494.18021115155,1987.77180875975,2587.67787147087,4639.88721952377,1191.11184924003,1766.74274420471,5900.18965272304,2149.23975377341,2368.70803772858,4389.41247563954,2298.5390506798,1367.40585460206,2123.44087624308,3713.0407246218,3408.80144707784,1803.04270947751,2728.75229725968,1e+09,2444.58851347216,1791.72008190454,4876.32715828214,6200.69239359606,1901.07562335116,3221.69265121613,1909.69008496143,2969.65372570608,3017.7050127539,3004.43674448307,2441.83669759057,4629.37743307888,3307.52207430276,4800.35148252709,2730.11204530144,2287.78451756279,2807.27368626573,5136.57428679855,2278.82781905523,2860.95662378862,3294.19133043301,2706.0797344683,2918.32630257482,4659.16750219393,5553.32823652627
3249.87634304753,7735.59089302815,8842.44912860119,8594.40279723379,10670.2883374302,1319.21805422758,6908.41143189229,1527.05669203864,620.849838205665,2771.99371555925,2556.9732918042,2981.78070124213,1855.56014391881,2963.40406983253,2747.52956288008,3308.90012363625,3323.30911051019,4144.04109782951,2057.30937182525,1950.4681424212,3082.69562410887,2959.31114300271,2942.20285622865,1782.68093552941,3567.61805661705,3276.91768935382,1223.88734203766,2613.30574315368,2444.58851347216,1e+09,1429.79397246596,3330.54487187908,4895.2701398595,2121.971473583,2554.38043601575,2440.47549760288,2563.12549392339,2931.36640967996,2533.94715106689,3099.13458815522,3255.39022605586,2386.82048315327,3331.82179790576,2159.34240195945,1723.25559508739,1839.51050831464,3626.5823830433,2333.94561408359,2508.33963087139,2471.02908054519,2483.71966209957,1816.57027078503,2953.98133154223,3636.43262417991
1870.44977713918,7954.08410029716,9059.38648556292,8947.87131982797,10897.0669836888,2264.97580249768,6951.04318230005,1451.40767794579,1106.4239563115,3349.46999747721,1281.56521180157,1771.89931040113,637.136434996461,1843.72417676831,2962.1950000633,2255.67642296053,2764.68954179307,4399.21807534021,908.96685137578,996.609578270247,2837.79274207966,1648.00077487846,1748.76094852899,2013.74419964404,3939.16383596824,3665.72287205402,689.623238225047,1830.10638168933,1791.72008190454,1429.79397246596,1e+09,3223.41583769454,4665.67643784907,893.396602858999,1813.45520578811,1152.43034023753,1708.27946674424,1918.28499230432,1544.41140590841,1729.36215385905,3083.4448725411,1812.36412745894,3215.69544793968,1254.61388243555,731.442127785924,1171.43528959136,3626.48344977611,1144.70271800149,1547.68735780196,1876.78733339715,1298.90954111516,1451.81279778076,2939.99317788324,3877.45667489658
4288.59340552354,10785.5109290891,11891.1749042851,11599.4795425959,13713.4109138281,2727.61974714219,3852.5688674831,2445.52999946842,3650.07048627831,5919.13134168351,3549.61945537828,3826.37215339805,3320.87604223645,3198.20863789403,2292.81086095212,5281.18828586901,5928.74356563007,1703.05527059459,3142.95454049211,2673.67158933179,736.179396546793,3530.04745000687,4569.06406394132,4744.97524321255,6485.31657050757,6301.32296304514,3194.63884778859,2707.57464968189,4876.32715828214,3330.54487187908,3223.41583769454,1e+09,1660.41826531751,3309.43645470041,1920.81374211557,3890.19084421317,2519.34066088729,2563.94873092268,2232.76150490822,3573.90945630972,751.577545633184,1770.34455719784,489.302401792593,2256.48129717487,2634.48292228285,2105.76815119804,920.797778668042,2907.12750692157,2342.12514127661,1971.93102975231,2604.65473902013,3066.71698314337,1259.56654270428,1143.37280962948
5390.7548923597,12335.736574064,13440.0165655664,13128.5474036963,15249.5490778547,4243.39601701279,2587.66996278505,3787.5306771959,5174.15228227775,7482.64475231185,4707.37874106174,4967.36469161466,4746.58656804024,4219.29238715451,3633.29089136832,6508.34018451709,7352.32875551685,1881.32942237663,4475.49506157699,3937.14246872018,1905.28622025668,4593.71058175197,5776.81988386344,6303.2935824932,8051.12068977357,7885.74971783914,4593.61778296802,3729.8835750999,6200.69239359606,4895.2701398595,4665.67643784907,1660.41826531751,1e+09,4613.81875470851,3079.19951161012,5230.50072950956,3682.29521703516,3529.94528368359,3378.71843810638,4645.49877768793,1837.20807115035,3025.44707059965,1617.78094246409,3527.40893547941,4002.90002058508,3518.02802865469,1614.2825866,4107.83801758297,3481.24171990398,3219.08808498618,3809.9432874388,4558.30545043879,2591.58627707047,2019.3818383852
1505.53103847114,8252.17080390366,9353.12252436586,9302.43683485139,11190.7752225304,2851.42422555817,6993.55954157824,1993.90059656945,1774.03535931503,3816.53410869076,1306.14626902962,1236.66531947815,645.379096655601,1515.53990742573,3339.51392268396,2174.73940845794,2824.37218576094,4624.23083303591,534.178127313352,976.379918013475,2910.91447517786,877.502148373439,1327.57927134315,2449.90983960635,4298.36658103983,4108.24802589863,1347.42536027047,1685.12010577881,1901.07562335116,2121.971473583,893.396602858999,3309.43645470041,4613.81875470851,1e+09,1776.48943717659,1086.93313929607,1155.17552601325,1395.2025302801,1381.76589055455,1089.17414502916,3193.16509053322,1971.69780318892,3272.75595795042,1221.97771313555,848.996915600993,1311.89441019466,3737.68361864672,1021.07154812971,1428.13002856883,1589.22299335241,1001.09233050703,1670.47322672349,3073.19249520755,4094.15271628942
2557.06658270762,9763.34879487566,10869.7116358715,10739.6875827652,12707.2405674403,2759.84163677918,5354.24300705525,1531.2114417676,2555.13209257369,5062.41670754196,1767.14028025508,2539.01959452857,1955.37897518614,1326.08706546742,2973.44734757487,3513.42096878527,4456.07858170163,3157.88039441015,1765.92493059586,1286.21254934789,1359.65577643755,1887.33427415495,2893.4113840759,3747.80307164077,5676.36971140887,5424.58302547763,1814.26364691023,926.79856953925,3221.69265121613,2554.38043601575,1813.45520578811,1920.81374211557,3079.19951161012,1776.48943717659,1e+09,2408.42546343041,1425.36184784777,1026.98964868201,855.366265935242,1901.75152719802,1582.29429323372,431.832062612308,1869.29003252572,615.502625664587,1186.52348139428,886.660517390957,2156.67937994965,1067.20232458517,505.603258593138,1107.76498662848,1080.86331217227,2447.60878340473,2314.39645298726,2913.59943422221
1118.80973802519,7719.00879073862,8799.88876658677,8795.57455023263,10625.6462795493,3221.25797250081,7608.8211580047,2468.48461236849,2053.04449605945,3624.06702828466,1435.10119622276,1290.00947225205,795.009811574675,2030.18072715214,3535.0841147984,1743.95796451635,2328.62103700881,5268.04253673981,1051.93744861565,1683.22582661983,3554.61327400042,1410.33485098398,1196.94216376565,2305.97447082573,3952.64717685503,3723.24144833504,1751.03186961289,2441.52240948143,1909.69008496143,2440.47549760288,1152.43034023753,3890.19084421317,5230.50072950956,1086.93313929607,2408.42546343041,1e+09,2048.95350498736,2212.44935675373,1945.44116328405,1339.32597902826,3811.1593008296,2518.54201978049,3937.71221122113,1881.95886147918,1521.76768640946,1924.63891122465,4390.59099999078,1518.80834225389,2012.41122323446,2461.33669543604,1511.59817481366,1749.80182326457,3509.4936132012,4629.14240519775
2336.68081130051,9159.53258905169,10264.6110209934,10142.1824329234,12097.0345488016,2817.4516199218,6115.60739610548,2087.83583231537,2453.39189197323,4584.94642970886,2009.13240937475,1635.28654629701,1509.72345901493,1765.71802213717,2972.2479958274,3263.90982923855,3888.80025876876,3909.30030848233,1177.66685272194,1091.10510437813,2191.50137857588,1285.45174024543,2329.79997403211,3246.60798503607,5048.93420683019,4926.27572622564,1980.1108965409,1658.61626496306,2969.65372570608,2563.12549392339,1708.27946674424,2519.34066088729,3682.29521703516,1155.17552601325,1425.36184784777,2048.95350498736,1e+09,865.987571273399,1028.13793899457,1533.47065224607,2514.786118997,1696.93252211159,2444.79517861926,1095.89028552132,1142.77082829411,1162.24656015839,3015.25737193361,1434.29937547919,1309.2050736993,733.913012216025,976.935198106814,1844.80831402615,2367.82259603628,3346.14007554974
2151.80484675075,9629.81794710056,10731.5677484839,10660.9531319906,12564.5115186107,3282.60483025295,5922.27180388574,2141.73638496898,2773.48727601192,5102.49563910642,1704.33647792917,1965.81879284435,1836.75230238048,1125.15814883953,3456.45723082176,3190.45362602248,4160.50239033701,3874.51875260657,1522.79876766433,1255.64253105731,2067.28277995537,1159.04108689037,2389.03927556665,3744.97249294304,5630.02581030496,5444.40888130199,2080.29574907031,1083.43452658663,3017.7050127539,2931.36640967996,1918.28499230432,2563.94873092268,3529.94528368359,1395.2025302801,1026.98964868201,2212.44935675373,865.987571273399,1e+09,912.28789217001,1297.78569737072,2350.67227245739,1424.11450115502,2454.2155441607,953.369019372876,1307.16384206418,1315.33549712611,2884.09848829751,1096.66119221025,870.076791668414,1012.86409419033,905.379456526378,2493.3138831884,2769.10909270473,3555.97863922156
2154.72878105343,9329.66742314537,10430.5682073749,10285.5799792282,12252.1499069714,2708.29129939894,5827.4634542226,1576.28947611154,2456.4507376701,4749.08246909864,1523.19700597132,1800.9968995809,1559.90583417718,1523.59333678643,2733.64857103103,3179.35852121147,4041.1765042126,3589.88424488868,1317.35670575589,803.914959806073,1780.78765441026,1433.17057341407,2455.35788430119,3411.25089421755,5268.91345001035,5064.56110049035,1722.41815526892,1380.40522956123,3004.43674448307,2533.94715106689,1544.41140590841,2232.76150490822,3378.71843810638,1381.76589055455,855.366265935242,1945.44116328405,1028.13793899457,912.28789217001,1e+09,1513.33596649918,2110.84047367393,1027.74968207244,2173.53350243331,563.116814968262,926.625848117783,818.425778308577,2721.7990601806,1012.21907811501,725.42754620982,1098.32944907254,540.221171280801,1947.88891292599,2229.03855496041,3120.07576904793
1070.88403200347,8829.12591299954,9908.86989989272,9949.52877458023,11731.35142926,3749.33148170444,7061.05178526542,2660.97937575623,2751.97564184351,4717.03453981418,1240.83833108911,1316.22158917106,1414.14682010037,1175.18220221377,3896.55159139463,2212.18771927249,3247.57269998687,4957.40266623562,1328.30029417297,1610.72466272172,3132.91265326692,528.30768023946,1477.36764276872,3342.11523023968,5101.6788268177,4900.71195502245,2166.7236906214,1819.39645929632,2441.83669759057,3099.13458815522,1729.36215385905,3573.90945630972,4645.49877768793,1089.17414502916,1901.75152719802,1339.32597902826,1533.47065224607,1297.78569737072,1513.33596649918,1e+09,3389.6789160627,2196.73618295416,3541.30139348517,1567.08646672735,1575.34268440235,1879.92306318636,3982.25069824842,1151.24564780936,1514.60397843793,1957.05189823878,1057.72757040743,2435.9075954149,3527.76396256893,4507.07491083741
4105.71927118745,10818.2450461154,11928.0633875495,11683.0250631589,13759.1228930917,2863.15099697868,3928.67464656976,2241.45279780771,3521.02053636442,5946.41221362932,3228.90954486186,3839.59069269108,3255.84357409873,2807.73225326063,2712.95250127974,5042.33443154061,5824.86502908866,1660.77603173938,3114.38208421831,2549.52120899199,422.804126990265,3380.26602530038,4418.91289182079,4742.52131969905,6586.28158720837,6350.62549230389,2981.69304193104,2273.33269204048,4629.37743307888,3255.39022605586,3083.4448725411,751.577545633184,1837.20807115035,3193.16509053322,1582.29429323372,3811.1593008296,2514.786118997,2350.67227245739,2110.84047367393,3389.6789160627,1e+09,1406.85809486956,678.956552733678,2045.49294674902,2497.94006087016,2005.63341333854,693.826013565361,2628.04014101764,2067.05284226117,1898.20841516415,2472.48254602535,3258.88194907395,1877.64993494528,1659.26828792091
2774.48954052813,9715.64320918075,10821.615687886,10657.1551338479,12654.7354500954,2496.86291758278,5247.15836790734,1284.35051341135,2460.28086725886,4969.69258370173,1870.01712623174,2733.37238485721,2042.46919377013,1630.15135846338,2725.31231793716,3651.40099780892,4532.29729221286,2917.62511664881,1926.71388213196,1370.05955819446,1211.9725114457,2198.55582724206,3098.72681783987,3692.54159043605,5610.75027844762,5338.3389193456,1746.5760889237,1180.59440749141,3307.52207430276,2386.82048315327,1812.36412745894,1770.34455719784,3025.44707059965,1971.69780318892,431.832062612308,2518.54201978049,1696.93252211159,1424.11450115502,1027.74968207244,2196.73618295416,1406.85809486956,1e+09,1734.19255113151,775.418417049789,1255.97852752346,884.567064614097,2001.31777336834,1269.19146620989,804.270049050691,1308.49660660622,1295.10244965408,2410.86341149805,2169.57636014499,2681.75224858673
4289.93727043881,10807.9061704338,11917.3464136401,11623.5858658462,13737.1368296927,2750.07341178377,3881.22665185892,2365.35307159418,3624.06980926141,5925.58111654039,3467.55714969487,3784.94025520879,3346.12472784563,3134.90781393967,2424.42475665878,5238.32491235509,5915.79546018961,1557.98979537736,3164.79718111603,2579.82663859415,568.930827517722,3470.19213751919,4526.7235845587,4749.15078072912,6526.62674775416,6343.02967377577,3140.94078336412,2580.65139986012,4800.35148252709,3331.82179790576,3215.69544793968,489.302401792593,1617.78094246409,3272.75595795042,1869.29003252572,3937.71221122113,2444.79517861926,2454.2155441607,2173.53350243331,3541.30139348517,678.956552733678,1734.19255113151,1e+09,2211.60559406509,2603.91107947257,2111.63211398198,926.022523376187,2875.12905332961,2314.72736982134,1869.71608248418,2581.90162196394,3146.2960740369,1494.10072843165,1266.40488865133
2154.15616639091,9188.4512007846,10294.3962386825,10163.6392225718,12128.9492599895,2497.69922270477,5862.54904798246,1294.98118017213,2084.32120468511,4520.64451073074,1407.84903334839,2018.73497418557,1392.70162741342,1289.47176200179,2823.47022810583,3045.0568994848,3892.98225679234,3537.21911611367,1198.38855497706,719.593061320077,1769.27315030778,1486.08477322123,2378.78190145713,3192.53839005892,5110.27861410706,4873.07688926617,1346.09250926524,1014.81127698701,2730.11204530144,2159.34240195945,1254.61388243555,2256.48129717487,3527.40893547941,1221.97771313555,615.502625664587,1881.95886147918,1095.89028552132,953.369019372876,563.116814968262,1567.08646672735,2045.49294674902,775.418417049789,2211.60559406509,1e+09,592.019519526172,476.612652475781,2620.15664255021,709.385087100089,453.949818482175,1023.36335922291,662.627583639558,1943.18385774481,2330.15383801156,3141.33326450729
