1e+09,1644.44350824223,2385.13301069353,2018.84341416069,1698.87988298173,2460.9366948786,1046.61470589707,1107.92567683938,1994.2953900062,1324.29274671426,1781.81617427276,1308.02156094615,1354.45557095831,1124.02914846547,1269.17110859805,1775.01422842185,1212.48137816628,2002.07956540194,1322.55501106759,927.547068940439,1433.46705877742,1176.21167393459,1775.24563398984,1210.5865517591,1555.11783328467,1420.41150069267,1720.64298708361,1026.6493060924,822.162489049458,1395.48213782907,2138.32589831391,2070.45040128954,1031.2977823112,1294.06082967533,1330.28262812832,1458.64746402275,1090.30557657016,1029.8369927809,1320.78309430428,928.496320186569,1203.91203578168,2486.92122681841,1406.36492842363,1595.16417280479,1873.81233403988,2933.35088669937,2427.47686551283,1781.40489471091,2689.94871566355,2395.55868153965,1906.91691457704,1337.06654710975,1499.37582186722,1800.37949016312
1644.44350824223,1e+09,1240.12121685745,1201.21759040567,888.014282880631,997.304599307553,1852.77148380474,1863.01372227904,1185.5799293173,894.400825804628,767.125071354079,1349.64984403363,804.257115666377,1913.74476359832,1637.2009961822,938.611896312848,847.821204971898,1420.58488869902,793.344951896715,1101.09113641878,1256.75133522905,1430.99194934842,1147.58345073463,1118.87438173371,1214.10388179925,866.962854971307,464.210209495655,1203.74838188884,1431.98514175253,1339.6313993782,1419.24416215111,824.962565817383,995.283639773105,2059.38583133419,1868.80156397088,2244.18457424963,1439.53014476947,1480.18350500875,1727.10298476958,1667.96380494302,1519.90854978186,2491.43615021537,1682.87577453002,1211.75752104124,1321.09255065646,2317.58293010196,2007.47951267255,1703.10194172281,2725.80286299285,2377.69123207787,1799.30877719751,1836.62594400711,1842.05302914981,1924.9160888205
2385.13301069353,1240.12121685745,1e+09,742.859211156462,840.274066659205,880.098834620294,2140.21123020603,2800.50474091725,1105.93882529731,1271.80151772987,949.26101921442,1529.85197525774,1327.73845549491,2634.62106719354,2723.80282076365,1430.12300443004,1373.28660340804,2130.11152949793,1265.05057108402,1910.17522636014,2445.23900146795,1890.25735681679,1085.09090397994,1561.09548247377,1506.53707591284,2063.87298475463,1257.96161082125,2161.0236373071,2469.27678150911,2357.7695265441,2108.55275995172,1681.52566923613,1949.16626353423,2820.27496194963,2857.21013693428,2895.51320953644,2362.02467400322,2263.69156825748,2794.4259905927,2429.18773558159,2219.60715506145,3482.64805177038,2519.01416478749,2199.76254843563,1988.69759166647,2686.22112686205,2756.76692077876,2497.68533618629,3606.47621104036,3357.56131318551,2660.26566838728,2569.39424547888,2653.09696741374,2703.23879809017
2018.84341416069,1201.21759040567,742.859211156462,1e+09,849.784392243114,962.854593331725,1634.37151923912,2398.27541218685,971.236948586697,1086.35319988483,582.088489320996,1014.87161138737,1195.42359379427,2043.87859431523,2299.4550143023,962.712462160951,969.861708647166,2181.29380696411,935.257888713054,1423.80796141896,2169.34548928934,1595.20081074453,604.737630630012,1055.53300403161,953.430481419594,1819.20990493126,1001.69056294846,1801.6295375576,2092.38943437879,2239.09808898583,1841.06951843215,1669.4402512519,1646.63652203515,2555.3245294874,2469.61669471195,2314.6307114959,1884.65885745935,1723.85309646733,2364.40632504229,1919.24885674057,1722.08676122895,3052.50363926073,2090.30445988138,1771.31335717315,1520.41059273474,2148.27176283635,2239.42027241427,1952.45093029249,3142.73285635289,2916.86859981728,2162.41683484013,1998.37175122648,2180.87481908064,2122.93041230748
1698.87988298173,888.014282880631,840.274066659205,849.784392243114,1e+09,1133.82323251907,1491.95004990114,2122.81668699867,1067.87697671595,666.602890032739,761.558487642281,1269.31592501631,621.481724670968,2146.16050839633,2163.93587661465,1260.51758841358,721.539764392788,1753.91278124085,666.425248996465,1386.27779752112,1921.6831122222,1453.51203238914,754.987353933825,1095.63283526006,1045.76479391878,1579.94527971699,976.752262449388,1506.58287143456,1864.773273189,1734.26955753712,1950.34948155452,1600.7490439791,1513.17942366396,2173.75172798091,2268.26405321338,2510.77486523583,1813.32110391403,1791.81532968663,2283.34920592537,1929.56946850845,1834.70850477671,3102.54692554359,2042.25154696967,1828.34440098139,1712.27736047639,2600.78520945118,2500.60234995491,2160.26661218008,3231.28272884005,2928.89533262969,2383.46461276437,2184.39918279604,2250.92703746701,2350.62400995991
2460.9366948786,997.304599307553,880.098834620294,962.854593331725,1133.82323251907,1e+09,2292.71815886733,2643.3198935808,1329.02854709747,1475.1553403625,856.261348596326,1731.89203638679,1349.19017773626,2478.95703621503,2371.13147967379,1028.76781418355,1332.71244497829,2113.87354934017,1306.98525863913,1752.94620211232,2074.59843487842,2102.15077948752,1085.49047540732,1596.51480040117,1424.62510998508,1660.07599262805,859.0576885169,1973.33260868511,2285.99037058339,2235.53708915777,1788.99987132476,1348.69731222391,1823.97790967983,2884.98336527267,2654.13063135559,2805.18564061276,2126.10355051206,2098.23936963827,2470.67354715268,2353.62624862148,2133.50422242376,3002.63004897373,2350.36747533231,1747.50926727156,1594.5230762206,2039.57427030741,2108.72054772556,2106.1188197013,3155.18355920856,2856.18927686874,2238.47109105746,2379.7326487654,2476.25972284815,2338.17818846212
1046.61470589707,1852.77148380474,2140.21123020603,1634.37151923912,1491.95004990114,2292.71815886733,1e+09,1678.25555253066,1946.98596615384,1372.52885222862,1637.27811849423,1223.65023478934,1294.00726748346,1349.34396511786,1837.14679361776,1669.97751742351,1042.14820260844,2503.5907622453,1270.13035232609,1174.54372336665,2057.33882245973,1542.52720147815,1283.37445704673,1171.92819485666,1221.67359462338,1885.67471020322,1772.15103667831,1449.2295897821,1578.02602621123,2052.95797195169,2449.42066036032,2469.61569864625,1617.85519148037,1937.23708216109,1982.23594294423,1798.20153194796,1513.96530881655,1362.94798972668,1959.89808786069,1414.68544242174,1594.6661021982,2963.85606857013,1878.87215012092,1917.511817695,1951.09616016228,2653.99979229464,2438.97812179609,1990.30673191345,3044.8842060906,2777.33653915041,2252.95191131546,1650.53556901995,1994.83541757209,2009.06893380989
1107.92567683938,1863.01372227904,2800.50474091725,2398.27541218685,2122.81668699867,2643.3198935808,1678.25555253066,1e+09,2094.67792412103,1607.44763143314,1967.98998612798,1888.03662800805,1871.31594144335,1349.38472201222,1010.91740290688,2032.0265413867,1585.05447212391,1735.23220342408,1548.45253666362,1226.99014327744,1059.3794712944,1394.22439237735,2189.56092379271,1401.42443010674,1595.72293892142,1413.14648784194,1808.96198445407,678.649337065911,763.465733350227,1058.90770343784,1741.17092411974,2047.23771853686,1440.27522224053,876.907377492059,446.365608554243,1597.16955790548,736.609494304818,1125.23166525831,1067.72769815155,992.555555724716,1227.52406391891,1676.65955131028,813.632709703832,1365.09726869553,1514.70079098151,2661.21923285174,2082.28148524641,1389.17559246483,1782.8945746454,1509.25536258779,1659.69404791968,1462.54298336835,1097.80717204799,1431.85018015154
1994.2953900062,1185.5799293173,1105.93882529731,971.236948586697,1067.87697671595,1329.02854709747,1946.98596615384,2094.67792412103,1e+09,797.952072996869,706.500863906054,1237.39976365765,1498.61389840746,2193.83747233016,2269.85483709862,1441.7934610408,1230.98238638902,1423.34997790424,849.537223375174,1529.98843966221,1944.0360801693,1092.85323804251,1343.72152635879,939.288244842871,1025.53578884406,1804.52900223299,1059.65901071996,1559.2970177936,1947.82176879714,1766.95025855286,1273.86762130137,1326.7691062879,1632.00520697699,2013.24573192147,2078.87471221813,2312.56605010538,1721.21231418439,1722.83197779122,2277.22817284522,1780.69897663811,1517.20079373167,2726.94413155092,1649.15936710192,1725.0557134771,1291.29607782259,2462.34323706099,2420.9205176957,1849.30991721236,2764.75472595672,2622.94385832027,2119.8016668783,2069.80932237731,1829.35268666269,2065.97969936783
1324.29274671426,894.400825804628,1271.80151772987,1086.35319988483,666.602890032739,1475.1553403625,1372.52885222862,1607.44763143314,797.952072996869,1e+09,758.309067003686,1047.0264072601,880.454894642537,1819.57642070895,1830.59469061286,1325.94319331561,686.124861377286,1303.35598958995,334.031567220824,1088.04080231396,1561.08702044441,827.182442209698,1095.62985766179,655.015466305949,841.89246736148,1393.64549154367,938.101504635825,1049.01199587993,1436.21261782509,1276.87465704352,1527.94908652088,1398.28044089875,1214.68459511101,1563.37407407824,1715.52953559535,2088.20578811093,1357.08441354987,1394.40152821919,1898.51864041415,1437.52909960112,1338.0610720367,2654.42500093711,1461.35398138165,1536.96629871966,1373.54897349894,2582.19792426917,2363.01576478025,1785.44250187454,2759.96082901551,2509.89389733909,2047.09064999574,1824.74514631496,1701.53493940031,1970.346287585
1781.81617427276,767.125071354079,949.26101921442,582.088489320996,761.558487642281,856.261348596326,1637.27811849423,1967.98998612798,706.500863906054,758.309067003686,1e+09,1033.06640338364,1020.58271580504,1850.75343935922,1896.04014287673,794.368368327944,726.471076024366,1677.94425673203,551.436699540392,1120.83617402366,1659.88650910235,1301.71640989887,757.890026125163,758.996260728602,692.316021120413,1365.00579493275,499.927825090782,1335.00513639461,1687.58646033322,1727.52012871052,1343.85734834468,1199.16750435458,1313.51333251703,2150.16070580782,2000.93808534897,2130.74400714868,1469.91462826927,1428.03393398056,1963.46148205153,1619.31647329977,1406.83824677893,2577.65070556505,1642.48914851819,1331.31887836836,1067.32262849618,2000.45274510547,1937.94060453359,1577.09660908899,2684.61870950048,2435.51143068556,1813.12179706715,1772.89077336987,1789.59435792025,1792.71509300837
1308.02156094615,1349.64984403363,1529.85197525774,1014.87161138737,1269.31592501631,1731.89203638679,1223.65023478934,1888.03662800805,1237.39976365765,1047.0264072601,1033.06640338364,1e+09,1293.01119848206,1304.63183193574,1801.32331101332,1099.12353982617,957.03998876745,2104.99836016563,963.176373568206,896.364421984719,1837.98786560195,1014.93916862046,1124.20994271533,705.123901452787,1078.67051340991,1612.77130747047,1241.27432064794,1464.59230484118,1494.52645593847,1967.38468823461,1749.48441241984,1690.08177450087,1073.65407347991,2021.82331557434,1932.47453742604,1449.34483653822,1374.58317725775,1045.59942827069,1780.57957965939,1137.21835664924,997.100702938274,2679.54525808018,1577.80805708426,1496.90534921217,1472.43548079364,2396.94509728529,2197.89240130176,1588.7504588827,2822.83487381037,2629.20473086445,1717.3633794279,1252.74641348519,1545.71400605028,1666.10058168767
1354.45557095831,804.257115666377,1327.73845549491,1195.42359379427,621.481724670968,1349.19017773626,1294.00726748346,1871.31594144335,1498.61389840746,880.454894642537,1020.58271580504,1293.01119848206,1e+09,1831.91680305084,1753.43357439054,1132.77653030066,544.295085316779,1866.16138565238,784.242668566305,1094.71960747947,1602.44080655106,1541.20656253469,833.395172712201,1149.46089685556,1163.27284121138,1199.84293547114,969.843330801424,1277.69495357851,1507.81323588169,1560.64933540498,2035.62169822882,1612.70859385693,1202.13977785447,2081.70601627607,2049.7219213347,2295.65693051031,1572.78922141525,1550.65885809871,1914.00665278363,1724.52795538373,1723.41812552845,2905.00432039266,1947.53486315393,1591.09871117414,1721.85656908466,2539.93122406887,2280.59905917283,2010.11955644434,3104.82715728267,2730.69687193581,2168.57260966747,1930.28972392747,2129.25632282729,2168.909260504
1124.02914846547,1913.74476359832,2634.62106719354,2043.87859431523,2146.16050839633,2478.95703621503,1349.34396511786,1349.38472201222,2193.83747233016,1819.57642070895,1850.75343935922,1304.63183193574,1831.91680305084,1e+09,997.444451736536,1508.67866966429,1464.96095162977,2525.23427075588,1636.44336434232,826.17326300238,1499.72603438095,1601.1976376138,1842.73895964675,1300.74447509878,1553.66421481606,1490.45330215341,1751.27433773238,1306.63491905735,996.577655880363,1994.04580243283,1982.185445613,2152.16559613799,1169.0025144541,1926.71765770182,1399.94401113045,660.541215595212,885.881732004899,537.693181935572,961.766015723159,664.342211363993,902.874147874442,1975.73334552009,1308.99846352087,1198.19370203653,1538.86576874008,2203.04127494244,1680.03177898515,1111.53710324937,2172.31622732511,1931.34524202691,1162.83718761484,438.664241533317,1145.87627613107,985.191350956757
1269.17110859805,1637.2009961822,2723.80282076365,2299.4550143023,2163.93587661465,2371.13147967379,1837.14679361776,1010.91740290688,2269.85483709862,1830.59469061286,1896.04014287673,1801.32331101332,1753.43357439054,997.444451736536,1e+09,1574.08230280376,1526.9562733425,2099.48057373723,1656.81082022058,943.79772229011,686.77871567194,1762.48107286291,2044.3630439577,1528.71045191691,1718.4017428122,866.4336241167,1569.79947467822,948.723988207319,564.25519926714,1425.33958750187,1725.88855216668,1774.61942424284,1034.78895882204,1744.46022992787,969.813224285996,1381.58118277574,691.423998281807,867.819753981206,309.266174516387,1009.13647962008,1178.91606690214,1469.20048723787,1162.21878740623,807.489812257715,1421.39896696881,2227.93975165398,1467.06271553059,1065.18660092962,1811.98014150266,1388.1648423008,1048.33821450904,1027.59117108897,1162.51984365859,1078.50620095575
1775.01422842185,938.611896312848,1430.12300443004,962.712462160951,1260.51758841358,1028.76781418355,1669.97751742351,2032.0265413867,1441.7934610408,1325.94319331561,794.368368327944,1099.12353982617,1132.77653030066,1508.67866966429,1574.08230280376,1e+09,876.464241540977,2170.46696890324,1045.21187373661,920.687014353955,1539.35838033253,1696.93030823308,857.81359239639,1072.97063734289,1053.12009623784,1122.84003998789,646.498462256486,1446.1718937941,1561.53929118034,1980.07581322029,1565.33079989503,1323.34352074584,1123.62179433295,2458.95021970759,2042.87245749704,1873.01209990753,1384.35072044623,1217.45643379958,1652.24170153764,1538.64038465783,1374.87067980956,2403.39787677779,1758.72270383935,1019.86945885246,1133.83726905584,1626.37174391343,1446.37212428199,1344.76888267092,2607.99213794827,2292.18410259735,1419.54413520679,1420.75353735263,1769.59165066407,1505.93699260626
1212.48137816628,847.821204971898,1373.28660340804,969.861708647166,721.539764392788,1332.71244497829,1042.14820260844,1585.05447212391,1230.98238638902,686.124861377286,726.471076024366,957.03998876745,544.295085316779,1464.96095162977,1526.9562733425,876.464241540977,1e+09,1799.88748981707,430.221162310735,730.006807160043,1446.85014573037,1244.52938908649,648.717600655323,666.681538142463,661.203999685422,1131.90170240176,761.60537970789,988.124351840395,1290.14323956683,1506.26588881246,1700.57582047964,1528.58291093418,1064.15014983789,1869.31774835099,1747.4302574638,1904.4154093842,1189.93288041805,1147.53726410082,1661.46885086661,1337.49121200851,1310.67861167412,2557.98362672633,1552.07845397712,1270.73473329409,1282.04689976615,2168.34863854962,1938.7735715137,1569.57940738913,2703.46521078042,2378.80485023467,1805.29249261719,1547.81588982669,1723.43821606694,1723.52427879621
2002.07956540194,1420.58488869902,2130.11152949793,2181.29380696411,1753.91278124085,2113.87354934017,2503.5907622453,1735.23220342408,1423.34997790424,1303.35598958995,1677.94425673203,2104.99836016563,1866.16138565238,2525.23427075588,2099.48057373723,2170.46696890324,1799.88748981707,1e+09,1465.06899533776,1875.65307087958,1508.17580957924,1356.26325641448,2268.12703762378,1640.41498691642,1837.72131592361,1657.70754233067,1577.84742513337,1397.87412140722,1734.03140876975,879.015629098824,1353.24143795555,1291.75207923192,1723.59042060462,1430.56462807522,1635.38811879627,2642.54992696448,1748.05564593923,2021.33834171818,2103.02170326414,1963.83334379473,1829.73405720613,2414.44406002707,1529.60298786973,1852.49752372304,1717.51627747745,3133.79411542941,2755.26838449542,2122.43596640747,2535.02317667906,2336.27445423264,2317.27410171952,2415.0004749896,1844.76666887712,2346.31616407508
1322.55501106759,793.344951896715,1265.05057108402,935.257888713054,666.425248996465,1306.98525863913,1270.13035232609,1548.45253666362,849.537223375174,334.031567220824,551.436699540392,963.176373568206,784.242668566305,1636.44336434232,1656.81082022058,1045.21187373661,430.221162310735,1465.06899533776,1e+09,883.037712105208,1442.55168721956,969.796396879263,864.686639598415,491.995964617597,573.099360233459,1228.07966142266,705.027728178119,938.567154763046,1344.13499772158,1345.15898149624,1436.35151014645,1348.00888005235,1126.83588507821,1681.55483740495,1659.00336364939,1961.64995496138,1193.72456429446,1218.50414344802,1746.27483973743,1336.47429765783,1232.62560049676,2495.14615325435,1388.4720347922,1306.84659202984,1144.87502256797,2264.82240195561,2061.16553840297,1557.62951089147,2602.65177440241,2330.85692718365,1835.16615634661,1646.75999134664,1608.39893711106,1746.29139879345
927.547068940439,1101.09113641878,1910.17522636014,1423.80796141896,1386.27779752112,1752.94620211232,1174.54372336665,1226.99014327744,1529.98843966221,1088.04080231396,1120.83617402366,896.364421984719,1094.71960747947,826.17326300238,943.79772229011,920.687014353955,730.006807160043,1875.65307087958,883.037712105208,1e+09,1063.78294642281,1146.51682246708,1225.46477334112,706.267822005222,983.383800100449,881.668311101176,980.844015580459,780.811678319427,740.781801409835,1433.39333544565,1507.91298618322,1474.27929182364,612.15076272108,1680.69395149742,1291.71907580557,1248.5259330106,645.672891331206,462.605512288818,1005.26006759445,720.596174913523,751.532810860577,2037.70663077392,1118.78857332384,809.203159843064,1102.07885865758,2072.30622148369,1615.21523813392,1061.56160979945,2250.78810006629,1935.75758725105,1202.53879080885,856.843616011697,1154.09612264317,1152.22552015654
1433.46705877742,1256.75133522905,2445.23900146795,2169.34548928934,1921.6831122222,2074.59843487842,2057.33882245973,1059.3794712944,1944.0360801693,1561.08702044441,1659.88650910235,1837.98786560195,1602.44080655106,1499.72603438095,686.77871567194,1539.35838033253,1446.85014573037,1508.17580957924,1442.55168721956,1063.78294642281,1e+09,1582.04157407446,1998.31469188414,1448.1714813861,1638.76709949889,559.693929304222,1274.32428298295,768.569419701305,685.617594289995,922.306209130135,1329.93062811562,1267.01884563727,966.565352472351,1572.24739271528,921.386542065815,1787.82671193268,813.227986422012,1131.2931085709,757.635334577262,1233.13712027495,1251.01492473112,1479.04333033214,1062.83573194544,754.202508614231,1248.98187793098,2333.97438334271,1642.03160615136,1194.88072287572,1818.6468761967,1394.26492593768,1230.16250646002,1424.06353804878,1209.78747431109,1348.19814500688
1176.21167393459,1430.99194934842,1890.25735681679,1595.20081074453,1453.51203238914,2102.15077948752,1542.52720147815,1394.22439237735,1092.85323804251,827.182442209698,1301.71640989887,1014.93916862046,1541.20656253469,1601.1976376138,1762.48107286291,1696.93030823308,1244.52938908649,1356.26325641448,969.796396879263,1146.51682246708,1582.04157407446,1e+09,1709.3700591446,762.948315811759,1239.14256181442,1626.36454277631,1431.44480700445,1116.33053151833,1275.77692505391,1326.34283844713,1433.79312346656,1577.4997672583,1181.50326681732,1160.43409282906,1391.07395367752,1621.59517420348,1201.55431579267,1183.98893094488,1707.52425619667,1027.40436202111,914.526170101217,2402.97924674767,1066.37631903564,1576.87123688017,1441.24373119192,2820.6707010213,2492.97637223059,1640.21793216633,2495.06354416075,2358.21737539184,1862.7510700574,1533.24866701393,1216.57403765657,1759.95023244977
1775.24563398984,1147.58345073463,1085.09090397994,604.737630630012,754.987353933825,1085.49047540732,1283.37445704673,2189.56092379271,1343.72152635879,1095.62985766179,757.890026125163,1124.20994271533,833.395172712201,1842.73895964675,2044.3630439577,857.81359239639,648.717600655323,2268.12703762378,864.686639598415,1225.46477334112,1998.31469188414,1709.3700591446,1e+09,1063.91340037618,850.104494282908,1604.08500912514,974.168624520416,1599.43668267925,1891.44979187923,2111.6596428402,2025.92534729195,1818.65626438863,1551.08137665308,2473.03503357716,2342.5517609863,2268.79989732457,1728.24087039394,1600.74616523045,2177.56398858908,1836.65216685142,1751.416054026,2991.65861458155,2075.92832027024,1660.60748462724,1558.80956431503,2060.3067793171,2073.76047594702,1906.60388342728,3105.67482475226,2803.39515115155,2130.93658561206,1908.48154636088,2200.98515519755,2056.33143977327
1210.5865517591,1118.87438173371,1561.09548247377,1055.53300403161,1095.63283526006,1596.51480040117,1171.92819485666,1401.42443010674,939.288244842871,655.015466305949,758.996260728602,705.123901452787,1149.46089685556,1300.74447509878,1528.71045191691,1072.97063734289,666.681538142463,1640.41498691642,491.995964617597,706.267822005222,1448.1714813861,762.948315811759,1063.91340037618,1e+09,539.269624306803,1331.6780638728,926.760156081388,915.655719689448,1214.39194887812,1482.74044387411,1329.60976970689,1474.00209623325,1061.39408491851,1580.28722674076,1472.35191425148,1538.44635519085,955.43879123678,882.547845048641,1558.49771745101,966.789189792687,835.339336677018,2279.75963967696,1106.52790150091,1183.32520589228,980.021383083043,2153.46631768412,1927.62726783473,1263.29623493463,2360.59321701135,2152.58022173391,1565.56639558979,1280.9545792494,1252.19380828209,1410.05623792103
1555.11783328467,1214.10388179925,1506.53707591284,953.430481419594,1045.76479391878,1424.62510998508,1221.67359462338,1595.72293892142,1025.53578884406,841.89246736148,692.316021120413,1078.67051340991,1163.27284121138,1553.66421481606,1718.4017428122,1053.12009623784,661.203999685422,1837.72131592361,573.099360233459,983.383800100449,1638.76709949889,1239.14256181442,850.104494282908,539.269624306803,1e+09,1474.59591546294,908.992305688007,1078.53650615081,1526.18571982574,1692.62076691739,1478.11093196688,1666.51463167894,1442.19944341967,1876.65777836557,1724.55798183187,1892.880887457,1189.54893774909,1203.88814036022,1817.47789274038,1363.76029675306,1263.43145975553,2398.48449017291,1392.18093332009,1311.33720621357,957.137403615594,1875.15044247122,1809.61821619921,1374.79839245615,2417.59381652502,2188.65490612385,1758.98540207132,1588.71484905253,1593.34814224638,1543.62811603054
1420.41150069267,866.962854971307,2063.87298475463,1819.20990493126,1579.94527971699,1660.07599262805,1885.67471020322,1413.14648784194,1804.52900223299,1393.64549154367,1365.00579493275,1612.77130747047,1199.84293547114,1490.45330215341,866.4336241167,1122.84003998789,1131.90170240176,1657.70754233067,1228.07966142266,881.668311101176,559.693929304222,1626.36454277631,1604.08500912514,1331.6780638728,1474.59591546294,1e+09,927.534996051362,909.754626808789,873.066434413785,1166.51397929901,1457.60849198267,1106.3273506065,759.828139581577,1895.05254834793,1378.687263958,1879.2967238837,997.135447168537,1138.59448839348,998.758912000288,1353.14725610334,1331.79816503853,1892.87809652391,1390.95342344738,719.745118149473,1264.74899553231,2179.44038918251,1571.89068637103,1313.45712347225,2226.75809135164,1790.87958556682,1310.55081519184,1436.07998603838,1496.8886334995,1482.90336627172
1720.64298708361,464.210209495655,1257.96161082125,1001.69056294846,976.752262449388,859.0576885169,1772.15103667831,1808.96198445407,1059.65901071996,938.101504635825,499.927825090782,1241.27432064794,969.843330801424,1751.27433773238,1569.79947467822,646.498462256486,761.60537970789,1577.84742513337,705.027728178119,980.844015580459,1274.32428298295,1431.44480700445,974.168624520416,926.760156081388,908.992305688007,927.534996051362,1e+09,1147.73442237305,1444.40520658159,1503.51895285693,1206.8325014682,904.385791905202,1083.12537566064,2109.94703324515,1804.68643406549,2080.77021237329,1284.18618303578,1312.669890757,1657.59561709121,1549.4849721117,1361.77262459634,2289.1173569304,1532.51605926333,987.708382367995,945.237566435021,1886.64991763178,1658.38768525336,1392.47390248435,2470.61652214584,2151.20621398786,1558.7583563529,1654.93221087753,1675.70891798069,1627.41310195045
1026.6493060924,1203.74838188884,2161.0236373071,1801.6295375576,1506.58287143456,1973.33260868511,1449.2295897821,678.649337065911,1559.2970177936,1049.01199587993,1335.00513639461,1464.59230484118,1277.69495357851,1306.63491905735,948.723988207319,1446.1718937941,988.124351840395,1397.87412140722,938.567154763046,780.811678319427,768.569419701305,1116.33053151833,1599.43668267925,915.655719689448,1078.53650615081,909.754626808789,1147.73442237305,1e+09,651.18241921907,815.569682430631,1369.66150267137,1501.19916969735,1019.69207170596,1141.48809603955,809.703093238503,1657.45116760646,546.331407663883,910.007969305764,1064.34377007619,947.366179520886,1029.79193811177,1811.18876793668,819.104484421859,967.240468497881,1088.64245099114,2308.48868929436,1808.69844448985,1197.71036599004,1962.51862080338,1627.33276523273,1480.0256494399,1360.76821446564,1127.81125863329,1345.22564259681
822.162489049458,1431.98514175253,2469.27678150911,2092.38943437879,1864.773273189,2285.99037058339,1578.02602621123,763.465733350227,1947.82176879714,1436.21261782509,1687.58646033322,1494.52645593847,1507.81323588169,996.577655880363,564.25519926714,1561.53929118034,1290.14323956683,1734.03140876975,1344.13499772158,740.781801409835,685.617594289995,1275.77692505391,1891.44979187923,1214.39194887812,1526.18571982574,873.066434413785,1444.40520658159,651.18241921907,1e+09,1067.13813810584,1606.51071997668,1619.99589635283,749.329105533744,1287.86994292902,767.188352818263,1305.16682615672,542.148778934344,719.248756620406,585.684787748495,714.060434557188,914.418629786161,1731.29679344704,923.902451506651,952.067015813488,1401.65668521218,2505.82897830239,1852.54649901156,1206.96213499016,2013.74266764649,1667.85302113226,1273.48133841843,1033.59634219554,1001.80365930655,1259.6945561524
1395.48213782907,1339.6313993782,2357.7695265441,2239.09808898583,1734.26955753712,2235.53708915777,2052.95797195169,1058.90770343784,1766.95025855286,1276.87465704352,1727.52012871052,1967.38468823461,1560.64933540498,1994.04580243283,1425.33958750187,1980.07581322029,1506.26588881246,879.015629098824,1345.15898149624,1433.39333544565,922.306209130135,1326.34283844713,2111.6596428402,1482.74044387411,1692.62076691739,1166.51397929901,1503.51895285693,815.569682430631,1067.13813810584,1e+09,1551.18429433772,1473.06577687488,1331.0157730846,1031.09829866022,1066.84268029546,2237.85985363248,1235.58412505988,1580.90580386688,1492.3627921521,1528.08227317772,1562.13383648777,2087.40971234686,1229.10406975976,1491.01380335663,1626.23092831246,2949.80127139101,2412.99467173055,1820.12061158045,2283.67722703976,1961.75736254512,1998.16750956971,1989.35896775821,1561.42579407412,1992.25287862761
2138.32589831391,1419.24416215111,2108.55275995172,1841.06951843215,1950.34948155452,1788.99987132476,2449.42066036032,1741.17092411974,1273.86762130137,1527.94908652088,1343.85734834468,1749.48441241984,2035.62169822882,1982.185445613,1725.88855216668,1565.33079989503,1700.57582047964,1353.24143795555,1436.35151014645,1507.91298618322,1329.93062811562,1433.79312346656,2025.92534729195,1329.60976970689,1478.11093196688,1457.60849198267,1206.8325014682,1369.66150267137,1606.51071997668,1551.18429433772,1e+09,974.359196600514,1514.95288184154,1916.78542980168,1487.38131381969,1990.81064827874,1308.3056695207,1475.99751900198,1650.77856207306,1543.90223829101,1235.42649975626,1600.20572902362,1069.32351507858,1096.33792837792,738.931406153508,2074.01040149272,1759.08004263592,1129.71970466129,1692.34009894584,1590.80150719692,1319.65668971138,1714.29444297064,1172.04769595781,1380.75075643651
2070.45040128954,824.962565817383,1681.52566923613,1669.4402512519,1600.7490439791,1348.69731222391,2469.61569864625,2047.23771853686,1326.7691062879,1398.28044089875,1199.16750435458,1690.08177450087,1612.70859385693,2152.16559613799,1774.61942424284,1323.34352074584,1528.58291093418,1291.75207923192,1348.00888005235,1474.27929182364,1267.01884563727,1577.4997672583,1818.65626438863,1474.00209623325,1666.51463167894,1106.3273506065,904.385791905202,1501.19916969735,1619.99589635283,1473.06577687488,974.359196600514,1e+09,1201.33070359498,2186.83269106258,1867.79431541591,2287.95872753422,1586.99165571215,1660.16566284814,1749.86040820404,1798.6795785242,1536.13959049951,2179.76735143914,1616.96032848676,1205.8010985233,1282.52717951707,2391.72188238934,2019.32951694368,1630.28920253432,2446.94078589981,2179.60005957515,1615.9907803883,1917.52015926821,1697.64035225368,1872.16645878512
1031.2977823112,995.283639773105,1949.16626353423,1646.63652203515,1513.17942366396,1823.97790967983,1617.85519148037,1440.27522224053,1632.00520697699,1214.68459511101,1313.51333251703,1073.65407347991,1202.13977785447,1169.0025144541,1034.78895882204,1123.62179433295,1064.15014983789,1723.59042060462,1126.83588507821,612.15076272108,966.565352472351,1181.50326681732,1551.08137665308,1061.39408491851,1442.19944341967,759.828139581577,1083.12537566064,1019.69207170596,749.329105533744,1331.0157730846,1514.95288184154,1201.33070359498,1e+09,1734.32137999276,1390.76547192544,1417.86959509681,951.500759379623,813.55455299568,1009.41835014032,943.391103307637,902.636996638184,2118.33659610554,1278.49732471367,940.113898312327,1387.08857806558,2450.60496941062,1906.10926397203,1343.64524942412,2432.29733957426,2109.67748907268,1286.4222981976,1065.93755248607,1257.37142340678,1448.21407954763
1294.06082967533,2059.38583133419,2820.27496194963,2555.3245294874,2173.75172798091,2884.98336527267,1937.23708216109,876.907377492059,2013.24573192147,1563.37407407824,2150.16070580782,2021.82331557434,2081.70601627607,1926.71765770182,1744.46022992787,2458.95021970759,1869.31774835099,1430.56462807522,1681.55483740495,1680.69395149742,1572.24739271528,1160.43409282906,2473.03503357716,1580.28722674076,1876.65777836557,1895.05254834793,2109.94703324515,1141.48809603955,1287.86994292902,1031.09829866022,1916.78542980168,2186.83269106258,1734.32137999276,1e+09,969.648254884213,2000.47705090561,1354.68785275428,1629.17583918986,1728.58813101907,1374.21680207309,1515.42979956183,2246.27502801861,1124.83542894061,1947.32121703123,1934.81738003875,3306.09614981174,2813.46060663731,1984.99864221616,2299.30480924126,2151.68983215518,2243.55932477838,1981.89579582278,1434.99169959272,2061.00453563305
1330.28262812832,1868.80156397088,2857.21013693428,2469.61669471195,2268.26405321338,2654.13063135559,1982.23594294423,446.365608554243,2078.87471221813,1715.52953559535,2000.93808534897,1932.47453742604,2049.7219213347,1399.94401113045,969.813224285996,2042.87245749704,1747.4302574638,1635.38811879627,1659.00336364939,1291.71907580557,921.386542065815,1391.07395367752,2342.5517609863,1472.35191425148,1724.55798183187,1378.687263958,1804.68643406549,809.703093238503,767.188352818263,1066.84268029546,1487.38131381969,1867.79431541591,1390.76547192544,969.648254884213,1e+09,1508.99884771328,708.833025472149,1107.34695908735,917.839532107874,958.170323742079,1102.18276932639,1339.87296953853,572.950180207669,1229.40494414981,1402.06744869853,2623.72340253313,1994.66978237,1217.85395881444,1494.15058678836,1259.4339611905,1426.99054748096,1381.50914984303,813.724786951952,1270.006897186
1458.64746402275,2244.18457424963,2895.51320953644,2314.6307114959,2510.77486523583,2805.18564061276,1798.20153194796,1597.16955790548,2312.56605010538,2088.20578811093,2130.74400714868,1449.34483653822,2295.65693051031,660.541215595212,1381.58118277574,1873.01209990753,1904.4154093842,2642.54992696448,1961.64995496138,1248.5259330106,1787.82671193268,1621.59517420348,2268.79989732457,1538.44635519085,1892.880887457,1879.2967238837,2080.77021237329,1657.45116760646,1305.16682615672,2237.85985363248,1990.81064827874,2287.95872753422,1417.86959509681,2000.47705090561,1508.99884771328,1e+09,1176.9079588481,832.818626472775,1199.89641590431,743.919789829522,862.801137342783,1951.48995956935,1321.09917053944,1477.97415095799,1716.84143598062,2482.16122675381,1982.98079821767,1226.58672820148,2123.3798168486,2027.66227390066,1192.15410002231,507.768197605955,989.482789693686,1050.64256562353
1090.30557657016,1439.53014476947,2362.02467400322,1884.65885745935,1813.32110391403,2126.10355051206,1513.96530881655,736.609494304818,1721.21231418439,1357.08441354987,1469.91462826927,1374.58317725775,1572.78922141525,885.881732004899,691.423998281807,1384.35072044623,1189.93288041805,1748.05564593923,1193.72456429446,645.672891331206,813.227986422012,1201.55431579267,1728.24087039394,955.43879123678,1189.54893774909,997.135447168537,1284.18618303578,546.331407663883,542.148778934344,1235.58412505988,1308.3056695207,1586.99165571215,951.500759379623,1354.68785275428,708.833025472149,1176.9079588481,1e+09,489.199460138705,705.627991579132,566.77476452291,671.914689078904,1497.88862880389,601.146663302725,713.47405566005,955.813659193046,2090.32923225027,1519.55927271693,761.647252341923,1676.25796827338,1380.83294319045,1022.21978977126,872.362073740027,720.101018677241,844.820916348548
1029.8369927809,1480.18350500875,2263.69156825748,1723.85309646733,1791.81532968663,2098.23936963827,1362.94798972668,1125.23166525831,1722.83197779122,1394.40152821919,1428.03393398056,1045.59942827069,1550.65885809871,537.693181935572,867.819753981206,1217.45643379958,1147.53726410082,2021.33834171818,1218.50414344802,462.605512288818,1131.2931085709,1183.98893094488,1600.74616523045,882.547845048641,1203.88814036022,1138.59448839348,1312.669890757,910.007969305764,719.248756620406,1580.90580386688,1475.99751900198,1660.16566284814,813.55455299568,1629.17583918986,1107.34695908735,832.818626472775,489.199460138705,1e+09,817.394926397271,370.619675543542,463.544333802065,1769.82499391889,894.693422575577,814.704975374522,1095.2693924784,2076.21044785927,1561.86575405827,815.025804990247,1967.00204570305,1719.38777260977,951.377655928496,475.026780823987,799.449781724906,821.618729886314
1320.78309430428,1727.10298476958,2794.4259905927,2364.40632504229,2283.34920592537,2470.67354715268,1959.89808786069,1067.72769815155,2277.22817284522,1898.51864041415,1963.46148205153,1780.57957965939,1914.00665278363,961.766015723159,309.266174516387,1652.24170153764,1661.46885086661,2103.02170326414,1746.27483973743,1005.26006759445,757.635334577262,1707.52425619667,2177.56398858908,1558.49771745101,1817.47789274038,998.758912000288,1657.59561709121,1064.34377007619,585.684787748495,1492.3627921521,1650.77856207306,1749.86040820404,1009.41835014032,1728.58813101907,917.839532107874,1199.89641590431,705.627991579132,817.394926397271,1e+09,903.459344409033,1047.04718790511,1351.28113825362,1067.04190344147,824.85577345376,1431.42168748416,2306.73899431644,1536.4255391655,997.641347529261,1722.04744182615,1358.45852932653,896.156876500984,890.519937676861,972.298893036498,981.734717833693
928.496320186569,1667.96380494302,2429.18773558159,1919.24885674057,1929.56946850845,2353.62624862148,1414.68544242174,992.555555724716,1780.69897663811,1437.52909960112,1619.31647329977,1137.21835664924,1724.52795538373,664.342211363993,1009.13647962008,1538.64038465783,1337.49121200851,1963.83334379473,1336.47429765783,720.596174913523,1233.13712027495,1027.40436202111,1836.65216685142,966.789189792687,1363.76029675306,1353.14725610334,1549.4849721117,947.366179520886,714.060434557188,1528.08227317772,1543.90223829101,1798.6795785242,943.391103307637,1374.21680207309,958.170323742079,743.919789829522,566.77476452291,370.619675543542,903.459344409033,1e+09,399.573312297005,1800.16930814854,761.156998456954,1082.97189778867,1279.20215001383,2383.57987755812,1868.11727410246,1008.08557826208,1968.57840323925,1779.85219934128,1154.81519677393,623.683562233285,656.363000480679,987.917124864227
1203.91203578168,1519.90854978186,2219.60715506145,1722.08676122895,1834.70850477671,2133.50422242376,1594.6661021982,1227.52406391891,1517.20079373167,1338.0610720367,1406.83824677893,997.100702938274,1723.41812552845,902.874147874442,1178.91606690214,1374.87067980956,1310.67861167412,1829.73405720613,1232.62560049676,751.532810860577,1251.01492473112,914.526170101217,1751.416054026,835.339336677018,1263.43145975553,1331.79816503853,1361.77262459634,1029.79193811177,914.418629786161,1562.13383648777,1235.42649975626,1536.13959049951,902.636996638184,1515.42979956183,1102.18276932639,862.801137342783,671.914689078904,463.544333802065,1047.04718790511,399.573312297005,1e+09,1763.32443257048,713.928950806731,967.182880896886,1048.35764236257,2241.24699915025,1787.2805379962,874.651708853301,1923.50252757827,1773.98684025559,1017.33549136949,682.643287449602,555.517794224452,921.379893366466
2486.92122681841,2491.43615021537,3482.64805177038,3052.50363926073,3102.54692554359,3002.63004897373,2963.85606857013,1676.65955131028,2726.94413155092,2654.42500093711,2577.65070556505,2679.54525808018,2905.00432039266,1975.73334552009,1469.20048723787,2403.39787677779,2557.98362672633,2414.44406002707,2495.14615325435,2037.70663077392,1479.04333033214,2402.97924674767,2991.65861458155,2279.75963967696,2398.48449017291,1892.87809652391,2289.1173569304,1811.18876793668,1731.29679344704,2087.40971234686,1600.20572902362,2179.76735143914,2118.33659610554,2246.27502801861,1339.87296953853,1951.48995956935,1497.88862880389,1769.82499391889,1351.28113825362,1800.16930814854,1763.32443257048,1e+09,1375.65836976337,1421.84608885772,1588.18994254466,2256.24223165422,1572.69952870852,1198.79534204133,549.317795542799,439.642026084859,1215.52576233497,1778.15725626279,1310.28119455329,1206.85817203183
1406.36492842363,1682.87577453002,2519.01416478749,2090.30445988138,2042.25154696967,2350.36747533231,1878.87215012092,813.632709703832,1649.15936710192,1461.35398138165,1642.48914851819,1577.80805708426,1947.53486315393,1308.99846352087,1162.21878740623,1758.72270383935,1552.07845397712,1529.60298786973,1388.4720347922,1118.78857332384,1062.83573194544,1066.37631903564,2075.92832027024,1106.52790150091,1392.18093332009,1390.95342344738,1532.51605926333,819.104484421859,923.902451506651,1229.10406975976,1069.32351507858,1616.96032848676,1278.49732471367,1124.83542894061,572.950180207669,1321.09917053944,601.146663302725,894.693422575577,1067.04190344147,761.156998456954,713.928950806731,1375.65836976337,1e+09,1051.66319850987,994.317193806886,2342.50865215051,1837.85304632879,910.264135622183,1454.53729446859,1323.98555800281,1207.31339394542,1184.07593248913,444.57676356283,1011.95376272832
1595.16417280479,1211.75752104124,2199.76254843563,1771.31335717315,1828.34440098139,1747.50926727156,1917.511817695,1365.09726869553,1725.0557134771,1536.96629871966,1331.31887836836,1496.90534921217,1591.09871117414,1198.19370203653,807.489812257715,1019.86945885246,1270.73473329409,1852.49752372304,1306.84659202984,809.203159843064,754.202508614231,1576.87123688017,1660.60748462724,1183.32520589228,1311.33720621357,719.745118149473,987.708382367995,967.240468497881,952.067015813488,1491.01380335663,1096.33792837792,1205.8010985233,940.113898312327,1947.32121703123,1229.40494414981,1477.97415095799,713.47405566005,814.704975374522,824.85577345376,1082.97189778867,967.182880896886,1421.84608885772,1051.66319850987,1e+09,753.72967156667,1681.29392406563,1052.21114116892,619.809358996781,1702.27893369448,1345.09448326131,677.136004876421,1021.4919551323,1047.82772496246,817.047276845104
