1e+09,4270.2417068241,4514.727475175,4786.98799977606,5208.61036796764,2484.52261352156,1613.3117594873,1437.71470170545,2460.40247429155,3364.74253361234,1472.36822619208,2238.42152189886,1954.54909160655,1788.8545471614,2737.14639645014,1081.2044784406,1953.27601201162,2038.52613659968,1911.4093634541,1816.79686941056,1557.09424159233,1706.76209745237,1553.908827023,2676.09272279568,3201.53767775736,3033.62489192385,1744.8189276541,2163.43667889772,2607.61408908604,2791.74751163138,1985.83108251936,1507.91801166376,1376.02083425361,1950.84254341554,1532.23697139183,1427.24167116155,2496.26634432306,1952.13142195909,1074.59067262842,1859.71696099165,1479.28001226948,1504.99169721962,1743.6928671644,1501.58187712159,1640.14041286105,1290.18375435439,1606.60959031745,1147.75340252164,1392.35912565688,2522.78747943619,1258.67243196949,1961.03622580002,1855.47530226085,2148.144472958
4270.2417068241,1e+09,493.77802279972,1245.68631183778,1212.72069504895,2256.06209316144,4274.18628576247,3279.32413585483,2773.80693095248,1896.14236195492,3495.24815825715,3897.23402481811,3219.67085547576,3983.79072841433,2950.50128983195,3632.58932064994,2738.39205436329,2788.24177274855,3681.03379720969,3419.77520348926,3418.58988556685,4072.74083604641,3824.03315563555,2145.49302615972,1532.52633569541,1364.97913676364,3181.52356747518,3961.68847968893,3460.82402813261,2658.68894525102,3096.77118056856,3389.99759740328,4101.09574991855,3546.62104334534,3671.11765621861,3532.33844587406,3998.88066652407,4081.88982471355,3687.50348558479,3983.63051646359,3381.05479349271,3492.66509808771,3337.18504840532,3522.00557796265,3354.88478845399,3382.11479561235,3469.31587183986,3710.03840310313,3835.96649702523,3710.24476417662,3642.26429690378,2961.755857494,3361.91098058827,2880.4227137002
4514.727475175,493.77802279972,1e+09,901.563729694135,955.798908139155,2636.60286368653,4637.90049132148,3505.56525196722,3126.97465394269,2276.70417533767,3817.65700279635,4255.164818923,3617.81489623226,4362.71675828262,3179.7812881549,3933.40645564376,3096.34850745196,3163.24378021992,4073.86550453007,3804.48076034037,3789.69523733769,4439.02706664422,4177.11440803337,2547.99912517646,1925.97194642082,1734.64488636724,3493.41621496781,4357.72361352806,3859.46656115842,3061.92772961741,3486.19452466439,3747.40423509394,4435.12043448653,3940.91849536374,4041.94541289216,3853.7894442743,4384.92830047425,4462.36442289287,4001.59462149779,4371.34726441403,3728.17250172253,3836.32770018412,3709.32131424335,3892.38287204638,3729.02132975932,3717.67135423507,3833.27164696164,4041.21874407956,4194.53175025533,4109.58341656426,3973.42910978666,3304.11666237741,3694.62470389078,3255.34878042277
4786.98799977606,1245.68631183778,901.563729694135,1e+09,1042.95068018579,3015.51478190706,5002.81605391404,3762.88522507663,3566.70281407072,2660.18963908591,4306.80266112809,4532.02185662205,4089.05699166691,4880.60664652459,3512.38922142749,4308.59663767682,3537.19379490296,3699.80350732306,4406.75831512235,4142.19295010505,4226.00559663614,4769.19757176194,4479.97503643715,3031.31463794176,2298.30313024631,2265.60541544639,3854.69399821828,4805.77779582036,4286.48622253706,3552.05107247911,3957.39052916186,4152.86873911276,4725.64638866473,4331.41844074202,4496.25598573969,4256.86397869371,4698.59829168232,4829.29193375178,4323.86053911317,4824.37813287889,4216.89115599395,4307.30983388704,4113.95228880939,4306.12724239542,4116.26414884905,4080.02854396878,4297.98548472421,4454.24784346359,4597.65360983187,4526.43970670106,4363.80202394655,3620.28693720539,3952.1953933099,3686.13262234283
5208.61036796764,1212.72069504895,955.798908139155,1042.95068018579,1e+09,3256.47600583821,5202.9590457162,4244.32909508676,3871.45123520883,2937.72510446434,4455.73814349542,4813.78374688768,4223.49278559819,5061.74064319775,3585.2518140153,4632.33557328266,3857.62173288154,3899.04191640716,4653.69345503118,4421.70161125782,4444.37307595796,5135.73074245525,4875.9055818176,3294.81706182604,2619.21881831206,2469.89659415126,4208.39751523071,5036.25417463217,4496.63488941453,3678.4741357253,4076.74340183436,4386.31664130623,5052.48528007752,4635.64216089853,4688.4545077456,4425.42283722132,5082.58773027087,5182.45907400145,4674.0917917388,4991.06752127238,4433.23427937212,4465.73617243563,4396.26560559073,4543.91166580073,4388.89125135267,4421.02720232527,4551.50023045149,4735.74059687606,4822.05418815467,4844.46007141147,4653.24089003568,3893.78594021294,4221.63665113425,3823.09246464168
2484.52261352156,2256.06209316144,2636.60286368653,3015.51478190706,3256.47600583821,1e+09,2134.63656986383,1583.26623427647,1003.647943255,1066.23791350711,1836.47849189692,2330.27205746454,1372.18569421198,2039.16088090175,2426.07244572375,1660.37869014873,970.4631282022,1211.10683645168,1530.48090559798,1324.91463506144,1490.28341911866,2117.79443530292,1733.6272842223,770.493193156175,1078.97767122402,989.039599712772,1174.08335487733,1838.91333077446,1415.79710287174,867.131903345737,1107.86950386767,1554.76462610905,2241.25145679819,1559.80330429833,1649.76254491366,1809.9787731352,2270.3192462515,2154.90151095125,1883.14329083052,2173.22785844007,1606.94098559966,1617.86450650232,1552.55082940946,1460.3107257019,1220.88200338935,1354.04405286534,1469.89928899908,1705.92480335447,1734.63866320914,2094.46901402241,1895.95743599375,1447.25748586767,1714.14259360183,1418.4132008692
1613.3117594873,4274.18628576247,4637.90049132148,5002.81605391404,5202.9590457162,2134.63656986383,1e+09,2027.7508768584,2228.65842600431,3080.23051643866,1374.45699692642,1996.54903901707,1313.79400721727,1211.54511183034,2887.64144268294,1234.14304523422,1934.6467339026,1907.74649770351,973.76991368598,1199.49476155588,1141.0594870996,1504.68154404844,1340.92744494249,2491.24292727546,3091.97234913251,2982.0812613341,1682.11569929063,1333.34466133105,1813.07755716627,2169.37876356343,1250.8496330095,1252.89349746896,1319.88113464812,1505.38904908333,851.83297740813,1204.53396506699,2232.17867087292,1679.8085339407,1385.66646051638,1268.79885328605,1394.05369107506,1078.19318621479,1568.9068549471,938.753652136704,1123.39603889279,1262.71302832433,1282.93486397401,1030.85192782475,580.932848184711,2262.53317825397,1409.46563480633,1875.92105809386,1642.04195238733,1826.93193283165
1437.71470170545,3279.32413585483,3505.56525196722,3762.88522507663,4244.32909508676,1583.26623427647,2027.7508768584,1e+09,1388.04170809093,2215.00123467234,1727.31127669566,2683.44323029201,1939.46574323962,1932.7296306002,2898.64546885265,917.823096081156,1319.93741798617,1656.40055859083,1908.25303369338,1722.62016544565,1668.19100204383,2032.44510951711,1530.13314093905,1816.74555051058,2269.0538466947,2039.37737817207,762.20016741011,1895.40537376573,1880.40086771412,1858.53377133696,1700.33321475527,1725.73140644771,2102.21253587738,1839.14900492048,1666.439302525,1815.31255793596,2525.90295646923,2142.3176596154,1600.87937390673,2373.71669305754,1544.07930864966,1575.05471898598,1816.02902787924,1544.95565425031,1422.32035863936,1105.88322579737,1382.96181747726,1254.40609600719,1600.04553094592,2447.0048599257,1751.6528141444,1961.42382768233,2084.24807741305,2128.009930146
2460.40247429155,2773.80693095248,3126.97465394269,3566.70281407072,3871.45123520883,1003.647943255,2228.65842600431,1388.04170809093,1e+09,1213.98945423756,1986.09168116681,2769.51007338843,1701.63229805972,1753.72763808979,3158.68395739428,1497.20854696331,946.119039867606,1268.23526874945,1768.75300310699,1593.53316131168,1660.77270645323,2085.21017391533,1623.67326780975,964.679515849694,1625.00539217567,1488.59562359964,803.420508451209,1395.96056624104,947.21880476477,741.146019216187,1404.85785729375,1847.9515804804,2497.68921369333,1512.58248611439,1662.64131038538,2179.21181632259,2229.24928617237,2001.56544552008,2081.56294600956,2344.0068383646,1607.38039243982,1717.28355707495,1740.32380754272,1549.55806822461,1300.99598838736,1350.64780261177,1217.2920670899,1576.95522266804,1761.01168159101,1965.0269211133,2067.93840350722,2054.05497511629,2329.4511863527,2020.57281096228
3364.74253361234,1896.14236195492,2276.70417533767,2660.18963908591,2937.72510446434,1066.23791350711,3080.23051643866,2215.00123467234,1213.98945423756,1e+09,2777.09415846852,3111.91600548601,2280.41329811067,2778.27932965712,3213.76672250803,2510.11913512088,1609.06312840734,1894.19406437144,2389.96382587687,2186.0884119358,2404.94874371576,2819.25063486736,2439.36865323796,974.699098132341,879.501041386535,1038.7878343531,1832.45973358216,2410.97588637879,1775.14915652178,1179.25510564932,2056.84905663979,2497.76141222495,3152.47755811203,2212.58395006834,2555.04818330301,2839.40403736418,2696.3591572897,2753.38363387669,2787.74944200515,3039.40765974227,2458.55600900203,2568.07867398956,2339.78888857521,2374.82292969392,2096.14418678678,2213.60021618629,2230.12626449715,2578.19755680204,2668.10863228992,2471.92062815536,2788.90478512623,2317.22445378086,2658.03494138057,2305.33284733463
1472.36822619208,3495.24815825715,3817.65700279635,4306.80266112809,4455.73814349542,1836.47849189692,1374.45699692642,1727.31127669566,1986.09168116681,2777.09415846852,1e+09,2055.63028173843,967.719344231581,1133.9446510302,2035.65023412668,1034.67833721403,1419.25818870282,1126.36197534363,1574.85933657581,1462.35948583103,824.329377069627,1811.32487400797,1716.8900280449,1989.87762460409,2596.1819248273,2274.69601415222,1549.84080930914,1783.63678497053,2110.44248675485,2008.12455320879,979.711056281391,860.020074998253,1526.37005978236,1634.78051404462,790.740955686501,573.574673778402,2464.6117384083,1943.74030397582,1148.18569029578,1218.59571519844,583.545374756754,436.611978534717,1274.79992002667,935.744005270672,1192.29008877873,1108.4003640833,1048.63215838539,859.138005735982,956.210002928227,2220.97319454783,951.255237830521,1477.17153377663,1549.45860951495,1244.8233621683
2238.42152189886,3897.23402481811,4255.164818923,4532.02185662205,4813.78374688768,2330.27205746454,1996.54903901707,2683.44323029201,2769.51007338843,3111.91600548601,2055.63028173843,1e+09,1492.2985853374,2210.82803745565,2098.03361524548,2286.28399235528,1970.47281173834,1955.1034835783,1453.43209280654,1330.01476059478,1468.70561961885,1254.9126112204,1639.03175057715,2345.21017478178,2645.93668930305,2889.54044609173,2530.55109077055,2427.86272682374,2743.05868247473,2822.3149561663,1967.1904050193,1270.76820844716,934.654493382448,1468.22589947869,1834.96599221893,1720.23904612121,1445.55957106582,1482.11573053524,1254.41191631776,1225.06499080661,1848.46228644244,2074.01644631859,1148.43019948972,1620.33407364037,1672.28676685549,1746.89982388802,2043.92064444782,2035.95804335453,1886.23706328234,1620.99143264238,1273.50385052421,1064.82376842368,931.613518472118,1318.23480503285
1954.54909160655,3219.67085547576,3617.81489623226,4089.05699166691,4223.49278559819,1372.18569421198,1313.79400721727,1939.46574323962,1701.63229805972,2280.41329811067,967.719344231581,1492.2985853374,1e+09,1151.77184190273,2032.12641523602,1355.23732087779,1074.5268373568,838.249780137162,926.222673227124,783.935782829181,432.79206912789,1376.2654548451,1341.7129963595,1483.40187990308,2076.6963305693,1995.1156237672,1518.01006557928,1459.91957076409,1670.74001253935,1592.08442916825,562.054073733124,524.669730592494,1317.6194220639,994.835609585825,704.768044110969,914.697938010139,1801.97865733754,1459.4355111138,1115.67790351875,855.2050160634,757.594930289268,838.965222640367,722.615478729871,611.368688599604,729.258694703053,968.036053512471,934.359583993229,1087.26408627343,937.094293174385,1577.39012913737,930.748695567176,983.201671886292,1119.8655751473,687.678967978518
1788.8545471614,3983.79072841433,4362.71675828262,4880.60664652459,5061.74064319775,2039.16088090175,1211.54511183034,1932.7296306002,1753.72763808979,2778.27932965712,1133.9446510302,2210.82803745565,1151.77184190273,1e+09,2977.46712860109,1124.77693277378,1453.73054814157,1277.69266895447,1366.34839832306,1361.60250403706,946.604810625849,1418.8266113236,1338.95448145185,2038.94439176256,2831.76974342901,2662.24394239146,1464.43970316295,904.45792931457,1539.80689734135,1851.1984396601,1165.15500222073,1210.9164777143,1674.57197850675,1202.2331600401,638.90919683473,1438.43513840562,1999.00809990855,1371.30333752237,1457.41712086828,1146.71277733354,841.49521305828,926.680111796946,1297.74111035291,862.058342689171,1049.35990232141,1123.98515715289,654.177023748159,797.129301368354,832.231427248455,1724.46094484624,1271.37571728423,1960.9301197646,2034.38350892844,1781.08659767009
2737.14639645014,2950.50128983195,3179.7812881549,3512.38922142749,3585.2518140153,2426.07244572375,2887.64144268294,2898.64546885265,3158.68395739428,3213.76672250803,2035.65023412668,2098.03361524548,2032.12641523602,2977.46712860109,1e+09,2716.77184110113,2387.02672873598,2173.16955845604,2635.225061527,2426.24269596015,2160.91903332818,2855.68988044921,2925.82196476477,2537.58754942564,2536.15288791902,2390.91036709869,2947.14212058055,3438.58396602439,3508.02196153331,3076.4245240051,2268.33923827544,1921.3920060987,2283.40286219931,2732.69704288639,2499.23094817186,1777.46680506276,3176.14512584044,3060.28052024647,2093.91191397824,2308.97200749598,2222.36446680107,2289.72291177339,2138.16988403635,2398.38451210393,2493.77498000521,2450.01321812761,2704.2362358899,2628.38771930627,2624.30713434994,3030.13900473229,2016.7875549497,1496.60763137838,1622.47579048194,1416.69152616228
1081.2044784406,3632.58932064994,3933.40645564376,4308.59663767682,4632.33557328266,1660.37869014873,1234.14304523422,917.823096081156,1497.20854696331,2510.11913512088,1034.67833721403,2286.28399235528,1355.23732087779,1124.77693277378,2716.77184110113,1e+09,1233.29517038704,1337.86686415353,1385.59632602717,1290.30497716625,1026.00982987494,1573.28066482112,1173.30265289907,1898.28006642856,2539.60867471743,2298.46877910056,781.092964313468,1324.3798862109,1619.05191077989,1765.05436774622,1150.77221199506,1158.35259351374,1577.70711670449,1419.13666459577,852.828161999825,1185.7266650877,2253.44635014903,1694.31130834921,1146.2305279044,1645.51160615779,895.824439887638,804.185829457346,1384.66300080561,856.725881889885,909.459887350729,647.578257973506,746.36890885138,393.277026789005,768.315230357957,2134.50606862571,1198.24753869975,1729.58029790467,1763.26161113432,1754.02499443423
1953.27601201162,2738.39205436329,3096.34850745196,3537.19379490296,3857.62173288154,970.4631282022,1934.6467339026,1319.93741798617,946.119039867606,1609.06312840734,1419.25818870282,1970.47281173834,1074.5268373568,1453.73054814157,2387.02672873598,1233.29517038704,1e+09,542.245286470985,1387.07334550124,1076.68843822157,987.921735715942,1490.54807463564,1220.3007975905,757.958822034548,1476.78870865131,1422.91331717712,977.410068804287,1494.11315123721,1462.79942599797,1275.62547003421,1069.56758692474,1085.42934988879,1770.54219672958,988.011575792511,1223.47655032698,1552.65812231798,1714.27341176955,1480.22787877408,1310.0935859701,1652.99819712545,957.843287495403,1293.74234189038,909.088801328011,1027.98761266856,847.16702402773,800.510300558338,862.204930744426,1180.60284782818,1398.7383284589,1420.64327686439,1255.85340103851,1233.72248394848,1591.32149215675,1246.88529344122
2038.52613659968,2788.24177274855,3163.24378021992,3699.80350732306,3899.04191640716,1211.10683645168,1907.74649770351,1656.40055859083,1268.23526874945,1894.19406437144,1126.36197534363,1955.1034835783,838.249780137162,1277.69266895447,2173.16955845604,1337.86686415353,542.245286470985,1e+09,1492.7426193085,1220.79846285126,853.043234074335,1619.8854209789,1494.88796867859,975.781061201743,1697.24892101895,1524.39831930503,1293.28885083728,1580.00300354145,1657.21946826605,1400.47782385156,931.003709928161,961.558835589378,1785.38745069523,1136.27952133267,1092.95725822193,1360.9489942316,1900.33062570701,1603.26239424494,1343.79687806603,1423.00166472144,709.641273250084,1094.40387174936,883.774591510754,1003.39241202034,978.485815277871,994.127432374744,862.432061034375,1186.55970882211,1366.42851807184,1503.93399901724,1153.33893049702,1236.36409083247,1609.15845904,1035.00343009093
1911.4093634541,3681.03379720969,4073.86550453007,4406.75831512235,4653.69345503118,1530.48090559798,973.76991368598,1908.25303369338,1768.75300310699,2389.96382587687,1574.85933657581,1453.43209280654,926.222673227124,1366.34839832306,2635.225061527,1385.59632602717,1387.07334550124,1492.7426193085,1e+09,363.791869892663,868.50748638109,1035.60739163063,847.29534048052,1808.52420180102,2338.26340218548,2426.69970610292,1464.29038902808,1193.46228490891,1436.38254914908,1723.27104902276,1007.01056767047,958.670247686868,1154.57358232379,804.247629216276,930.877311894538,1359.04422797788,1493.61435220073,1175.6257653267,1195.14486946144,1155.98032366472,1317.3679355442,1281.17490788729,1006.33230600036,710.011972715954,627.664493977475,960.604913947456,1119.62651022562,1176.88155381075,862.070730334814,1568.68585921465,1246.33830523658,1294.77398514181,1177.45798931427,1349.89059430755
1816.79686941056,3419.77520348926,3804.48076034037,4142.19295010505,4421.70161125782,1324.91463506144,1199.49476155588,1722.62016544565,1593.53316131168,2186.0884119358,1462.35948583103,1330.01476059478,783.935782829181,1361.60250403706,2426.24269596015,1290.30497716625,1076.68843822157,1220.79846285126,363.791869892663,1e+09,696.273016352063,934.653520830045,738.025340350858,1527.4145580359,2059.46383857547,2162.25025503525,1325.39516854408,1271.62104799347,1460.96840229349,1631.13778032391,933.149095053947,754.727563561846,1086.99825961222,609.934802335463,910.603727095381,1276.55519481141,1355.12654505031,1075.68852810653,994.982583465661,1125.7613777795,1133.7813183326,1219.927852047,712.76041956607,609.203392308349,451.211028012393,742.617879060288,989.019347535729,1095.73211256219,919.97350869468,1375.32606741093,1044.60961152959,1016.34834687719,1016.11236002718,1123.95433928608
1557.09424159233,3418.58988556685,3789.69523733769,4226.00559663614,4444.37307595796,1490.28341911866,1141.0594870996,1668.19100204383,1660.77270645323,2404.94874371576,824.329377069627,1468.70561961885,432.79206912789,946.604810625849,2160.91903332818,1026.00982987494,987.921735715942,853.043234074335,868.50748638109,696.273016352063,1e+09,1103.203431784,1042.66648766516,1586.86090196967,2225.97016644429,2139.15766915391,1326.81720779465,1324.63220887913,1667.2927389034,1717.08474418125,712.621837933697,297.125203071029,1060.4976169233,846.38198976585,464.361222218221,809.888296063105,1683.97219151624,1225.3961148951,769.747107237176,772.805794103538,494.936395004449,690.028302390561,562.336607558142,305.518183583236,531.842523967386,628.725013499543,679.811187242458,725.86215757539,675.034220614037,1503.28424757263,605.080516129879,1024.50835931192,1116.95466206109,917.199320704066
1706.76209745237,4072.74083604641,4439.02706664422,4769.19757176194,5135.73074245525,2117.79443530292,1504.68154404844,2032.44510951711,2085.21017391533,2819.25063486736,1811.32487400797,1254.9126112204,1376.2654548451,1418.8266113236,2855.68988044921,1573.28066482112,1490.54807463564,1619.8854209789,1035.60739163063,934.653520830045,1103.203431784,1e+09,628.0278817059,2071.28534053133,2657.65200272722,2825.89004715329,1791.68075504539,1468.80006954657,1966.13864981593,2339.09391863602,1681.59215548836,1132.89167469798,905.917381332315,682.179463997561,1277.65694448862,1718.95311087883,862.642368134095,362.941862424273,987.029152457008,1106.00343249919,1387.1923137042,1681.43185154796,864.932165606067,1075.19220151562,1072.41036697712,1085.3056472257,1269.60777667751,1315.95076363062,1288.68600485145,1035.49323150854,1041.9511502465,1488.36328475275,1476.65546888907,1685.91580590491
1553.908827023,3824.03315563555,4177.11440803337,4479.97503643715,4875.9055818176,1733.6272842223,1340.92744494249,1530.13314093905,1623.67326780975,2439.36865323796,1716.8900280449,1639.03175057715,1341.7129963595,1338.95448145185,2925.82196476477,1173.30265289907,1220.3007975905,1494.88796867859,847.29534048052,738.025340350858,1042.66648766516,628.0278817059,1e+09,1811.5780764571,2409.76942245519,2524.08685599367,1248.72755995854,1149.05221365263,1521.34344120583,1925.95213112891,1434.87995588481,1139.5686310179,1159.52134917819,637.470622303491,1120.89817325215,1648.43201091219,1185.75462002052,743.544270975172,1029.61051063011,1405.80710088547,1293.48167145886,1482.85235859812,977.409923778145,879.298381210838,737.738677581703,721.007598364955,987.417319171585,1031.34791971478,1055.01567149498,1303.85161115059,1166.04286992374,1509.48020040012,1512.74077415795,1716.5440973654
2676.09272279568,2145.49302615972,2547.99912517646,3031.31463794176,3294.81706182604,770.493193156175,2491.24292727546,1816.74555051058,964.679515849694,974.699098132341,1989.87762460409,2345.21017478178,1483.40187990308,2038.94439176256,2537.58754942564,1898.28006642856,757.958822034548,975.781061201743,1808.52420180102,1527.4145580359,1586.86090196967,2071.28534053133,1811.5780764571,1e+09,845.50692338975,917.962110928332,1426.93910889708,1919.80311912446,1585.66640306213,1090.413710708,1417.79076591012,1665.21822723029,2375.51776922422,1474.10783730364,1821.53682743446,2091.66018117188,2037.57829744037,2013.28763672755,1978.57381578247,2187.36983178428,1608.74113371294,1855.86538339935,1462.07453462537,1636.22999162709,1412.25820043645,1497.90084131093,1500.9109610833,1873.85328838733,2005.77674315962,1713.22302313505,1916.93205289076,1550.49424755463,1968.00528853456,1499.84403719187
3201.53767775736,1532.52633569541,1925.97194642082,2298.30313024631,2619.21881831206,1078.97767122402,3091.97234913251,2269.0538466947,1625.00539217567,879.501041386535,2596.1819248273,2645.93668930305,2076.6963305693,2831.76974342901,2536.15288791902,2539.60867471743,1476.78870865131,1697.24892101895,2338.26340218548,2059.46383857547,2225.97016644429,2657.65200272722,2409.76942245519,845.50692338975,1e+09,754.483732760356,2044.04631239118,2678.18955906784,2239.11023317299,1639.72994782678,2024.62589862918,2220.86020429022,2844.49998794164,2129.78345817128,2515.18541658463,2581.7381010087,2516.2473420751,2648.93383705596,2485.83824425484,2795.76434298386,2304.83644131205,2499.83341897015,2043.65942355863,2293.5953405516,2059.5360703809,2128.6059564654,2268.96223657425,2563.19044393896,2659.45604707053,2299.15228753991,2479.95356688386,1810.40086715622,2221.08576867261,1850.75313810351
3033.62489192385,1364.97913676364,1734.64488636724,2265.60541544639,2469.89659415126,989.039599712772,2982.0812613341,2039.37737817207,1488.59562359964,1038.7878343531,2274.69601415222,2889.54044609173,1995.1156237672,2662.24394239146,2390.91036709869,2298.46877910056,1422.91331717712,1524.39831930503,2426.69970610292,2162.25025503525,2139.15766915391,2825.89004715329,2524.08685599367,917.962110928332,754.483732760356,1e+09,1841.36758073992,2629.40646745611,2198.63459881355,1447.00714531753,1819.8853322119,2157.44206392663,2913.94096357493,2279.09421716172,2355.26876491835,2352.20328505,2881.54178180709,2835.01236510531,2466.91589086454,2785.27798714958,2094.46264067899,2209.02011742763,2118.29159189664,2206.78952911237,2029.17203523999,2052.55416384075,2118.5262575668,2369.84211784245,2513.31134380522,2586.77457338285,2423.73278677745,1904.94005800708,2307.92446882475,1818.73387794916
1744.8189276541,3181.52356747518,3493.41621496781,3854.69399821828,4208.39751523071,1174.08335487733,1682.11569929063,762.20016741011,803.420508451209,1832.45973358216,1549.84080930914,2530.55109077055,1518.01006557928,1464.43970316295,2947.14212058055,781.092964313468,977.410068804287,1293.28885083728,1464.29038902808,1325.39516854408,1326.81720779465,1791.68075504539,1248.72755995854,1426.93910889708,2044.04631239118,1841.36758073992,1e+09,1245.37106410098,1135.013479964,1192.081880577,1185.82795193907,1492.12677236219,2027.42394155736,1404.05737528778,1245.99925674135,1688.09567246646,2221.64704431194,1823.33317961913,1594.03388088208,2053.6865668597,1267.98328624631,1254.71961640838,1546.09417103228,1144.28508318513,956.075184595856,848.773606034024,889.951654304884,988.2271028969,1226.75266272383,2076.58516292976,1655.76962349839,1841.23248966555,1985.6991797853,1881.12668249642
2163.43667889772,3961.68847968893,4357.72361352806,4805.77779582036,5036.25417463217,1838.91333077446,1333.34466133105,1895.40537376573,1395.96056624104,2410.97588637879,1783.63678497053,2427.86272682374,1459.91957076409,904.45792931457,3438.58396602439,1324.3798862109,1494.11315123721,1580.00300354145,1193.46228490891,1271.62104799347,1324.63220887913,1468.80006954657,1149.05221365263,1919.80311912446,2678.18955906784,2629.40646745611,1245.37106410098,1e+09,814.424595650205,1484.75363555709,1303.22372519073,1600.97023329605,1976.83977952185,1101.54793222991,1066.27726089418,1938.54520899049,1847.27797491336,1351.87032943252,1820.56141514095,1666.86846757625,1419.44612701575,1419.78668528057,1559.01004275149,1094.49005207905,1019.94998990147,1234.08779420267,874.436160677267,1154.7057849513,1084.17309678852,1694.94332170725,1770.19084728173,2178.42071563323,2232.2497036622,2097.93161430491
2607.61408908604,3460.82402813261,3859.46656115842,4286.48622253706,4496.63488941453,1415.79710287174,1813.07755716627,1880.40086771412,947.21880476477,1775.14915652178,2110.44248675485,2743.05868247473,1670.74001253935,1539.80689734135,3508.02196153331,1619.05191077989,1462.79942599797,1657.21946826605,1436.38254914908,1460.96840229349,1667.2927389034,1966.13864981593,1521.34344120583,1585.66640306213,2239.11023317299,2198.63459881355,1135.013479964,814.424595650205,1e+09,865.324587134793,1347.54316290796,1914.99683694256,2436.21431132403,1417.70380044634,1511.1513676333,2232.06851975919,2146.57217679723,1858.55703393789,2208.73603065192,2184.23187445839,1772.0146096181,1722.01021939476,1856.32207544919,1458.4619039591,1240.73561079708,1495.0874601173,1243.08718209947,1587.45689862749,1537.70092729373,1981.34156424378,2190.78198883412,2277.25830961268,2398.09125453974,2193.11568876336
2791.74751163138,2658.68894525102,3061.92772961741,3552.05107247911,3678.4741357253,867.131903345737,2169.37876356343,1858.53377133696,741.146019216187,1179.25510564932,2008.12455320879,2822.3149561663,1592.08442916825,1851.1984396601,3076.4245240051,1765.05436774622,1275.62547003421,1400.47782385156,1723.27104902276,1631.13778032391,1717.08474418125,2339.09391863602,1925.95213112891,1090.413710708,1639.72994782678,1447.00714531753,1192.081880577,1484.75363555709,865.324587134793,1e+09,1196.1494268694,1909.50824522965,2638.29905905301,1701.74785409002,1682.84126369661,2146.02388509541,2483.13088448837,2274.96783051981,2303.63740202316,2345.30971104031,1752.2284755134,1699.22700049169,1898.15290461543,1614.75275958891,1402.55637911636,1619.63069114536,1428.21630469618,1783.01459166772,1792.42182621726,2215.56740396224,2249.45314801176,2089.4836052001,2320.80175180906,1923.20793691166
1985.83108251936,3096.77118056856,3486.19452466439,3957.39052916186,4076.74340183436,1107.86950386767,1250.8496330095,1700.33321475527,1404.85785729375,2056.84905663979,979.711056281391,1967.1904050193,562.054073733124,1165.15500222073,2268.33923827544,1150.77221199506,1069.56758692474,931.003709928161,1007.01056767047,933.149095053947,712.621837933697,1681.59215548836,1434.87995588481,1417.79076591012,2024.62589862918,1819.8853322119,1185.82795193907,1303.22372519073,1347.54316290796,1196.1494268694,1e+09,880.394944896891,1660.52928158464,1220.09926985471,697.949149437121,1004.87502606045,2132.55481198022,1750.52652327807,1384.08707515098,1314.25950325649,871.492394114831,675.25060873723,1130.41402516954,676.799476211381,700.525163573729,955.778930558735,849.407521511318,998.08227210987,853.281147863938,1916.82372791553,1276.18571418897,1306.94086270191,1412.13068198379,1049.18538590661
1507.91801166376,3389.99759740328,3747.40423509394,4152.86873911276,4386.31664130623,1554.76462610905,1252.89349746896,1725.73140644771,1847.9515804804,2497.76141222495,860.020074998253,1270.76820844716,524.669730592494,1210.9164777143,1921.3920060987,1158.35259351374,1085.42934988879,961.558835589378,958.670247686868,754.727563561846,297.125203071029,1132.89167469798,1139.5686310179,1665.21822723029,2220.86020429022,2157.44206392663,1492.12677236219,1600.97023329605,1914.99683694256,1909.50824522965,880.394944896891,1e+09,896.753322826294,982.969563363993,711.627007497608,699.101588183005,1713.04872502215,1315.22703245485,600.727850361543,771.540527321799,642.30740880049,835.311500818707,523.732583958646,537.512848404575,718.849625304208,736.499168974412,942.748886819815,900.319066942381,854.761649408769,1579.41967516553,447.944120287341,796.643472075181,870.009473741522,756.149887125562
1376.02083425361,4101.09574991855,4435.12043448653,4725.64638866473,5052.48528007752,2241.25145679819,1319.88113464812,2102.21253587738,2497.68921369333,3152.47755811203,1526.37005978236,934.654493382448,1317.6194220639,1674.57197850675,2283.40286219931,1577.70711670449,1770.54219672958,1785.38745069523,1154.57358232379,1086.99825961222,1060.4976169233,905.917381332315,1159.52134917819,2375.51776922422,2844.49998794164,2913.94096357493,2027.42394155736,1976.83977952185,2436.21431132403,2638.29905905301,1660.52928158464,896.753322826294,1e+09,1283.47948440947,1282.23741631572,1208.17739914302,1609.37286167625,1244.8709639557,605.110556014353,952.515613992758,1379.22932705189,1515.84895810895,1007.79699498461,1117.27506183571,1262.63711342571,1207.44636696625,1548.30767782118,1344.37924719924,1227.18715349371,1757.35761650838,750.02321970723,1194.14667239833,946.167557888136,1425.23698597812
1950.84254341554,3546.62104334534,3940.91849536374,4331.41844074202,4635.64216089853,1559.80330429833,1505.38904908333,1839.14900492048,1512.58248611439,2212.58395006834,1634.78051404462,1468.22589947869,994.835609585825,1202.2331600401,2732.69704288639,1419.13666459577,988.011575792511,1136.27952133267,804.247629216276,609.934802335463,846.38198976585,682.179463997561,637.470622303491,1474.10783730364,2129.78345817128,2279.09421716172,1404.05737528778,1101.54793222991,1417.70380044634,1701.74785409002,1220.09926985471,982.969563363993,1283.47948440947,1e+09,1040.78426904907,1624.9347349663,949.856804365795,616.399474204837,1150.26747372079,1144.60418800562,1136.35197042994,1430.93852205467,643.556078364582,805.482274354936,665.356539984391,855.105049569935,892.853240068042,1175.18669410439,1150.50025875703,837.283505988265,1115.85447760898,1318.99040955573,1456.94199901712,1392.77557025531
1532.23697139183,3671.11765621861,4041.94541289216,4496.25598573969,4688.4545077456,1649.76254491366,851.83297740813,1666.439302525,1662.64131038538,2555.04818330301,790.740955686501,1834.96599221893,704.768044110969,638.90919683473,2499.23094817186,852.828161999825,1223.47655032698,1092.95725822193,930.877311894538,910.603727095381,464.361222218221,1277.65694448862,1120.89817325215,1821.53682743446,2515.18541658463,2355.26876491835,1245.99925674135,1066.27726089418,1511.1513676333,1682.84126369661,697.949149437121,711.627007497608,1282.23741631572,1040.78426904907,1e+09,895.323135744855,1928.86353449382,1367.0920133261,1046.36790776476,930.14248688037,589.970704526928,484.343513428228,984.023409121958,328.236781912083,617.784303944346,738.889592090726,556.387006498175,512.223517324224,340.426163947485,1753.34324041244,916.988381987471,1456.48721676505,1469.09484901418,1308.72872024725
1427.24167116155,3532.33844587406,3853.7894442743,4256.86397869371,4425.42283722132,1809.9787731352,1204.53396506699,1815.31255793596,2179.21181632259,2839.40403736418,573.574673778402,1720.23904612121,914.697938010139,1438.43513840562,1777.46680506276,1185.7266650877,1552.65812231798,1360.9489942316,1359.04422797788,1276.55519481141,809.888296063105,1718.95311087883,1648.43201091219,2091.66018117188,2581.7381010087,2352.20328505,1688.09567246646,1938.54520899049,2232.06851975919,2146.02388509541,1004.87502606045,699.101588183005,1208.17739914302,1624.9347349663,895.323135744855,1e+09,2389.88711706223,1934.83363271884,956.477875436751,1133.02949259938,893.115141065249,677.52571213202,1218.7070014979,917.811562359072,1160.9178087186,1121.82957560407,1283.8297124619,1026.0728486321,935.176401487976,2268.05164004262,866.290930288434,1183.92774070042,1098.99947479514,1041.24214397997
2496.26634432306,3998.88066652407,4384.92830047425,4698.59829168232,5082.58773027087,2270.3192462515,2232.17867087292,2525.90295646923,2229.24928617237,2696.3591572897,2464.6117384083,1445.55957106582,1801.97865733754,1999.00809990855,3176.14512584044,2253.44635014903,1714.27341176955,1900.33062570701,1493.61435220073,1355.12654505031,1683.97219151624,862.642368134095,1185.75462002052,2037.57829744037,2516.2473420751,2881.54178180709,2221.64704431194,1847.27797491336,2146.57217679723,2483.13088448837,2132.55481198022,1713.04872502215,1609.37286167625,949.856804365795,1928.86353449382,2389.88711706223,1e+09,708.297130023834,1684.03905913729,1667.78979424866,1966.38428713718,2330.92965713254,1258.21912503347,1697.29169888384,1578.77101534706,1677.48239543669,1798.40703131966,2024.65127451618,2003.73500947605,617.834040823262,1701.84609885853,1778.70731625526,1891.46991720725,1990.42128899889
1952.13142195909,4081.88982471355,4462.36442289287,4829.29193375178,5182.45907400145,2154.90151095125,1679.8085339407,2142.3176596154,2001.56544552008,2753.38363387669,1943.74030397582,1482.11573053524,1459.4355111138,1371.30333752237,3060.28052024647,1694.31130834921,1480.22787877408,1603.26239424494,1175.6257653267,1075.68852810653,1225.3961148951,362.941862424273,743.544270975172,2013.28763672755,2648.93383705596,2835.01236510531,1823.33317961913,1351.87032943252,1858.55703393789,2274.96783051981,1750.52652327807,1315.22703245485,1244.8709639557,616.399474204837,1367.0920133261,1934.83363271884,708.297130023834,1e+09,1263.49726746836,1225.75417584441,1457.33877917936,1796.04733620804,967.21607110304,1194.21321551053,1159.3751410566,1214.94952388978,1262.48472145211,1426.94437698181,1428.66845664066,781.867674865766,1252.77732833892,1684.82369911513,1747.11703348688,1822.94156184448
1074.59067262842,3687.50348558479,4001.59462149779,4323.86053911317,4674.0917917388,1883.14329083052,1385.66646051638,1600.87937390673,2081.56294600956,2787.74944200515,1148.18569029578,1254.41191631776,1115.67790351875,1457.41712086828,2093.91191397824,1146.2305279044,1310.0935859701,1343.79687806603,1195.14486946144,994.982583465661,769.747107237176,987.029152457008,1029.61051063011,1978.57381578247,2485.83824425484,2466.91589086454,1594.03388088208,1820.56141514095,2208.73603065192,2303.63740202316,1384.08707515098,600.727850361543,605.110556014353,1150.26747372079,1046.36790776476,956.477875436751,1684.03905913729,1263.49726746836,1e+09,1049.12191012294,942.526935742422,1175.3738958306,754.121328500925,860.526414585863,989.582268737673,775.445001853774,1178.7035648542,966.672732262579,1052.75596768672,1682.42513447107,358.002613817274,991.872304583609,960.060849425702,1213.977427632
1859.71696099165,3983.63051646359,4371.34726441403,4824.37813287889,4991.06752127238,2173.22785844007,1268.79885328605,2373.71669305754,2344.0068383646,3039.40765974227,1218.59571519844,1225.06499080661,855.2050160634,1146.71277733354,2308.97200749598,1645.51160615779,1652.99819712545,1423.00166472144,1155.98032366472,1125.7613777795,772.805794103538,1106.00343249919,1405.80710088547,2187.36983178428,2795.76434298386,2785.27798714958,2053.6865668597,1666.86846757625,2184.23187445839,2345.30971104031,1314.25950325649,771.540527321799,952.515613992758,1144.60418800562,930.14248688037,1133.02949259938,1667.78979424866,1225.75417584441,1049.12191012294,1e+09,1045.33276591715,1217.35313722026,879.678702368086,931.485728876186,1180.2632983788,1305.41589288625,1276.73368456386,1276.18344535572,1089.73038371884,1533.41963591184,810.925528270013,1348.90015379197,1310.88097281942,1205.78782142631
1479.28001226948,3381.05479349271,3728.17250172253,4216.89115599395,4433.23427937212,1606.94098559966,1394.05369107506,1544.07930864966,1607.38039243982,2458.55600900203,583.545374756754,1848.46228644244,757.594930289268,841.49521305828,2222.36446680107,895.824439887638,957.843287495403,709.641273250084,1317.3679355442,1133.7813183326,494.936395004449,1387.1923137042,1293.48167145886,1608.74113371294,2304.83644131205,2094.46264067899,1267.98328624631,1419.44612701575,1772.0146096181,1752.2284755134,871.492394114831,642.30740880049,1379.22932705189,1136.35197042994,589.970704526928,893.115141065249,1966.38428713718,1457.33877917936,942.526935742422,1045.33276591715,1e+09,581.819224330032,841.48307463668,627.913424127881,823.989220681921,730.027909534971,594.820754849728,633.962600237585,851.516034904804,1682.09928294973,718.637119205514,1308.66026798402,1485.48339640671,1150.82649004965
1504.99169721962,3492.66509808771,3836.32770018412,4307.30983388704,4465.73617243563,1617.86450650232,1078.19318621479,1575.05471898598,1717.28355707495,2568.07867398956,436.611978534717,2074.01644631859,838.965222640367,926.680111796946,2289.72291177339,804.185829457346,1293.74234189038,1094.40387174936,1281.17490788729,1219.927852047,690.028302390561,1681.43185154796,1482.85235859812,1855.86538339935,2499.83341897015,2209.02011742763,1254.71961640838,1419.78668528057,1722.01021939476,1699.22700049169,675.25060873723,835.311500818707,1515.84895810895,1430.93852205467,484.343513428228,677.52571213202,2330.92965713254,1796.04733620804,1175.3738958306,1217.35313722026,581.819224330032,1e+09,1229.24501695146,666.445514352074,899.304487479074,902.836552151052,782.710180079447,617.531476525691,619.11074009421,2119.28237144086,1041.10341786971,1501.33675775956,1539.24144103516,1293.65470640353
1743.6928671644,3337.18504840532,3709.32131424335,4113.95228880939,4396.26560559073,1552.55082940946,1568.9068549471,1816.02902787924,1740.32380754272,2339.78888857521,1274.79992002667,1148.43019948972,722.615478729871,1297.74111035291,2138.16988403635,1384.66300080561,909.088801328011,883.774591510754,1006.33230600036,712.76041956607,562.336607558142,864.932165606067,977.409923778145,1462.07453462537,2043.65942355863,2118.29159189664,1546.09417103228,1559.01004275149,1856.32207544919,1898.15290461543,1130.41402516954,523.732583958646,1007.79699498461,643.556078364582,984.023409121958,1218.7070014979,1258.21912503347,967.21607110304,754.121328500925,879.678702368086,841.48307463668,1229.24501695146,1e+09,747.777172358183,765.8638016645,803.723437508202,979.756714853233,1127.50728636227,1157.21189425273,1082.95923995319,627.653120919509,824.345203479707,1049.6191046756,895.890048778309
1501.58187712159,3522.00557796265,3892.38287204638,4306.12724239542,4543.91166580073,1460.3107257019,938.753652136704,1544.95565425031,1549.55806822461,2374.82292969392,935.744005270672,1620.33407364037,611.368688599604,862.058342689171,2398.38451210393,856.725881889885,1027.98761266856,1003.39241202034,710.011972715954,609.203392308349,305.518183583236,1075.19220151562,879.298381210838,1636.22999162709,2293.5953405516,2206.78952911237,1144.28508318513,1094.49005207905,1458.4619039591,1614.75275958891,676.799476211381,537.512848404575,1117.27506183571,805.482274354936,328.236781912083,917.811562359072,1697.29169888384,1194.21321551053,860.526414585863,931.485728876186,627.913424127881,666.445514352074,747.777172358183,1e+09,337.384886739166,506.757777148018,549.869070415858,564.549576122416,440.821136403417,1568.92701535157,794.490538584318,1210.01192134623,1238.03928217161,1153.93853969785
