1e+09,5382.28989596436,6105.82491532471,5971.86614006041,6011.06071366776,4088.85950635382,2547.90516534662,4029.8089696039,4051.98695371789,4773.27516508319,3631.20407991619,3656.27026583102,3659.86356480675,3038.43466712714,4457.84603605822,3999.77599033996,4796.73928995521,3836.37792684715,3210.26855561961,3252.2946148066,2505.30562023878,3900.58714910973,3310.48480212491,4426.68836131481,4725.46014007102,4605.41250618226,3415.98016561865,3255.60906883796,4057.35371571176,4198.28942307459,4187.82315873056,3944.12454533322,3164.70847218192,3617.70751420012,3423.91201671421,4005.76648942496,4261.8180273564,4005.38515165521,3490.66289654272,3391.4255657614,3314.8774173414,2853.40811991555,3119.25366692098,3236.5944802678,3221.21186440756,3418.00310899508,2860.94457585253,3383.76021247074,3027.08767854517,3673.74351832024,3115.44648557795,3864.16518246827,3558.12114764239,3799.57697334848
5382.28989596436,1e+09,967.982374736235,1008.52406961857,1193.97406948392,2222.18591272198,4462.20551909031,3301.50755475434,2774.37708307649,1846.93916001584,3435.76752772943,3878.6714274607,3217.60888978135,3985.33031466653,2955.44353392177,3677.37805982741,2952.13071550025,2736.95433783613,3699.68414330197,3434.74765671366,3652.80980876366,4067.98019198717,3806.37807590103,2159.94597775037,1490.7770328255,1377.72256085904,3195.22244360232,4048.60294305332,3459.4007003815,2662.40835825386,3121.69913873839,3409.35905147874,4104.69693895907,3550.38986246581,3666.64108363499,3559.08097398753,3974.73884640237,4085.0271141695,3685.37829603692,3989.39950179222,3345.62638616448,3558.46621400288,3407.14440621468,3545.46256721179,3388.25602943461,3381.7745743766,3564.67632374947,3705.37200104119,3880.61180704796,3758.32792850757,3661.17512398683,2944.40659546198,3315.43342664274,2882.72970734337
6105.82491532471,967.982374736235,1e+09,652.886327472096,1425.91945943661,2748.00175802346,5102.21487585539,3511.44340223504,3251.18011849544,2348.74897568897,3820.47826186722,4391.85140015006,3746.23298146285,4566.24378177513,3224.71781664691,3940.16830250943,3105.08686661098,3212.53610694106,4309.15502726463,4028.94879042909,4342.97889997177,4470.97911343813,4311.75111363121,2613.10833701934,1988.48771200629,1848.84127958568,3682.97457633093,4665.87326864972,3984.13525528439,3213.06412066426,3506.66011523786,3774.07948860381,4594.80013997345,4080.10080330131,4159.48300700941,3863.37070284486,4408.55977619676,4502.89718491329,4077.71172285389,4527.71071519593,3836.2263940753,4144.26276078146,4008.47646401972,4085.05380925393,3959.49623959918,3835.20622867924,4182.57405661872,4136.26181742646,4428.22685500641,4352.0608712425,4158.81954411345,3381.32149885219,3796.63335323547,3395.47661747213
5971.86614006041,1008.52406961857,652.886327472096,1e+09,1122.81670480983,3009.40917721403,5239.71370309486,3730.9906935692,3499.61646708607,2645.14776078767,4054.76286137673,4579.34396135516,3995.19800668252,4762.36755150209,3368.15758057725,4220.84915742081,3494.28119277771,3460.51292140342,4516.10188910746,4227.9075620808,4433.5342744587,4743.62193693806,4521.54295893559,2914.79786781176,2267.7873403386,2107.44347361916,3864.50188364555,4871.86106549643,4274.37412251197,3495.32149329643,3841.15050072241,4055.49428557112,4769.09603295006,4322.78359475697,4399.5811116287,4136.78574874261,4689.55318207396,4785.34650522823,4281.38880650893,4745.23389890319,4036.75107253346,4287.37963371568,4159.68108159748,4293.058270895,4157.12047006098,4048.64659236886,4329.04981340016,4358.73793636415,4619.87285491711,4544.38290208913,4318.5144364816,3599.71604527357,3986.21348867569,3611.25102312204
6011.06071366776,1193.97406948392,1425.91945943661,1122.81670480983,1e+09,3265.71001304464,5303.49275811705,4311.77710779442,3862.93593062324,2962.03722572827,4360.80648933199,4811.26395835855,4189.23591367209,4974.32132478392,3584.16648851585,4690.28974553812,4070.79447847714,3811.48553188911,4665.75262261085,4429.69529531095,4533.97600392856,5160.20895168016,4873.94988799639,3315.27562826984,2661.77700174151,2483.80453918983,4205.46708451035,5050.85209923039,4495.3499597028,3665.47181119975,4106.0036381377,4412.70530222674,5054.4957480544,4632.3271952551,4649.5470350132,4455.52063716464,5101.90343106375,5201.85272479912,4679.76041686965,4945.46106617978,4343.76871941866,4432.69941437495,4400.104705186,4531.29383698519,4391.99726177055,4418.30637539997,4545.54658703439,4708.08957575151,4819.1034844668,4839.27430813753,4625.95694583294,3907.45635960275,4214.6779818985,3802.26414984546
4088.85950635382,2222.18591272198,2748.00175802346,3009.40917721403,3265.71001304464,1e+09,2485.83685745867,1661.56471851084,929.703138211332,1074.2653330067,1517.51422962027,2351.13971390473,1246.0981309271,1859.27831093142,2372.19390545967,1701.39846561586,1400.1943506885,785.466907323281,1652.62735990301,1429.03306644738,1884.6659843325,2131.25618875348,1758.3069034159,703.367281510876,1102.84045106262,917.803892669888,1197.37388421495,1958.00787705259,1410.37503498183,788.07098398558,1067.00237108453,1532.92445169356,2276.10765979995,1557.77883019381,1524.2332123727,1783.16192963511,2278.63632074098,2154.74165119626,1866.46771528468,2081.66691129969,1326.23814629953,1605.07623996494,1636.51051872574,1453.64010607853,1296.21494803138,1330.76185021964,1551.7484795546,1600.96040531926,1779.26651851261,2127.29996754101,1850.5060481933,1447.86876501291,1712.09724793891,1344.78431501115
2547.90516534662,4462.20551909031,5102.21487585539,5239.71370309486,5303.49275811705,2485.83685745867,1e+09,2706.37708508995,2543.32895086342,3387.69689824813,1774.91977159533,2189.42649504385,1680.32350712593,996.015845456286,3253.11757457366,2227.4273108903,3072.02776253731,2200.65718402481,1121.54837470347,1393.28597233303,1071.70467219286,2149.64401057477,1635.49651026837,2924.50821729056,3437.52103955743,3324.09146006845,1936.57549274486,1377.50965510228,2138.12037603125,2450.57321398484,2094.07746666641,2067.5130452551,1583.2613751052,1846.42076220454,1307.38071448221,2106.12824619015,2676.80513050539,2265.26040858441,1928.84891531193,1442.87105969314,1571.59100073779,999.683133597842,1663.9339184595,1271.41631502038,1376.36180802869,1731.26862522833,1240.81304639337,1539.31449376013,886.962852435208,2350.47820087743,1614.51420981669,2315.56884678474,1942.1333637266,2144.12010857601
4029.8089696039,3301.50755475434,3511.44340223504,3730.9906935692,4311.77710779442,1661.56471851084,2706.37708508995,1e+09,1462.22295283585,2241.09336313773,1478.48272702119,2806.73693813653,1983.26796911058,2037.83455498723,2865.85030880889,837.23722193892,1394.64901344388,1497.20446516166,2217.11088240981,2012.04759645492,2400.27104846515,2048.63390499621,1727.04838200903,1802.04387074788,2284.05362614366,2032.83356824901,1120.03942662747,2282.65984005502,1989.69031623014,1939.98095248381,1642.01099006675,1685.84213258537,2288.64991949402,1970.65219437627,1707.69363414519,1743.83032233644,2537.42151322952,2153.65743148719,1653.09691482381,2452.00768583624,1480.31438231884,1902.17376180516,2137.98641560231,1756.48648773624,1731.47499234035,1246.49675073784,1843.79883138047,1279.83883797922,1901.84464946536,2654.88566693558,1909.67263650082,2008.66568500087,2178.89681449122,2185.50122697289
4051.98695371789,2774.37708307649,3251.18011849544,3499.61646708607,3862.93593062324,929.703138211332,2543.32895086342,1462.22295283585,1e+09,1147.07665641839,1880.7307722,2738.32954012113,1691.81049550474,1731.44902272634,3167.78067307382,1623.76804784427,1496.32307410532,1149.62978445237,1790.12302300708,1609.47627102732,2065.50090895647,2084.55605894876,1573.79721597161,1011.99925706494,1596.81469021925,1508.33069656491,836.920424293732,1597.1272296846,935.499106413256,745.867291010941,1475.3731665921,1894.88247334762,2496.23300903582,1514.81246027355,1645.40907317907,2234.37009085335,2193.64878989322,2015.71283247391,2080.369405995,2343.15123796993,1519.96930610457,1821.2319932672,1850.53841092262,1588.40518596484,1366.20918950943,1347.08458546596,1431.70692329122,1562.76828167198,1838.86085572019,2038.05139707025,2089.69987299612,2032.96393334953,2260.00062654859,2020.35485346015
4773.27516508319,1846.93916001584,2348.74897568897,2645.14776078767,2962.03722572827,1074.2653330067,3387.69689824813,2241.09336313773,1147.07665641839,1e+09,2549.30491926721,3148.15108995741,2205.11747854848,2665.68673973518,3153.38585482335,2496.50696175677,1801.64154903244,1623.29139842482,2513.90702091386,2290.14680819811,2726.66105165274,2817.91763623425,2480.84900868634,862.720767340163,883.098381721991,923.413300694765,1870.11512990511,2542.26323827805,1781.50022402468,1126.27689122169,1993.57726627287,2454.36629150989,3197.63635914092,2222.90659077254,2474.36831304477,2788.34811259283,2697.10101774109,2739.0343921353,2771.15334009145,2982.07348945327,2279.36750161092,2588.84074114265,2429.51129151523,2387.83374846324,2171.39977631941,2202.56195179614,2324.51162292211,2503.45779055689,2721.92934592359,2526.23254879673,2769.98005287042,2314.97917528431,2674.20364170345,2260.42029521061
3631.20407991619,3435.76752772943,3820.47826186722,4054.76286137673,4360.80648933199,1517.51422962027,1774.91977159533,1478.48272702119,1880.7307722,2549.30491926721,1e+09,1754.19910546095,905.971632006213,1401.40654187142,1984.99122547179,968.194507265973,1637.26440693005,1123.68835403772,1287.37163880521,1171.8035260657,1570.35712326846,1539.02479486199,1356.09876834248,1891.27642014593,2367.86953154096,2189.10760327125,1393.66249519028,1944.885370581,1954.2140249727,1914.57880869396,881.239732535931,683.143065470184,1248.23245699669,1460.31245050503,759.411783816923,489.351716457601,2188.64188516532,1771.56060559609,840.245779935847,1293.8083404817,681.232907014921,995.144949743504,1380.5018018822,874.287210188963,1066.22507558207,825.971813017854,1408.45043302915,759.387890935851,1010.30254745794,2260.90688450453,986.85612421467,1107.36357290639,976.548582048021,1134.30599266688
3656.27026583102,3878.6714274607,4391.85140015006,4579.34396135516,4811.26395835855,2351.13971390473,2189.42649504385,2806.73693813653,2738.32954012113,3148.15108995741,1754.19910546095,1e+09,1317.70964776008,1881.51680513356,2067.11553291053,2396.65973832332,2373.09688757118,1691.97495229687,1484.65553755745,1343.47048746893,1604.05628666827,1370.96500473207,1639.0240479932,2360.5386557733,2704.158445025,2888.08019516426,2505.95914529746,2400.97697871096,2730.14785768097,2783.60844306451,2008.72763967642,1336.39992932505,925.360029339932,1429.35510811694,1665.79134413647,1772.71713688338,1547.47568455857,1546.61873087714,1258.00701893908,867.257967446826,1514.59963832031,1901.77879754718,1057.47316779198,1526.58133360133,1642.1253555682,1718.21701338917,1938.52296176754,1922.98335237204,1821.75993105568,1532.72139686246,1063.24913171843,1126.29840033625,941.572568897374,1194.72862240762
3659.86356480675,3217.60888978135,3746.23298146285,3995.19800668252,4189.23591367209,1246.0981309271,1680.32350712593,1983.26796911058,1691.81049550474,2205.11747854848,905.971632006213,1317.70964776008,1e+09,1171.1784266285,2075.19501599247,1541.35525830355,1666.03863466608,796.94352372047,732.413967917052,574.406922399095,1208.24403429109,1340.19820884823,1157.67802082444,1530.84209466555,2018.82989412184,2019.81802078801,1481.48421081698,1601.42681865267,1622.32394286715,1578.16345734528,808.803304765751,741.881484942171,1207.69886813725,926.844359372165,702.555855715402,1119.30903641488,1706.28442807757,1467.940559253,1084.58826155366,876.417529890862,680.664376620372,1027.44289456884,873.82272092227,631.494995783815,709.401905128539,912.990030668463,1166.8624326372,1090.84619397053,1009.65285172677,1629.67448577929,962.292481681115,859.061129140412,787.550737095712,676.501425719119
3038.43466712714,3985.33031466653,4566.24378177513,4762.36755150209,4974.32132478392,1859.27831093142,996.015845456286,2037.83455498723,1731.44902272634,2665.68673973518,1401.40654187142,1881.51680513356,1171.1784266285,1e+09,3084.6552059509,1585.18739791231,2244.66059104712,1463.93363743033,584.819780103238,750.485879081013,989.880619064744,1375.61303606792,729.943745161228,2147.96811116925,2762.3577045343,2728.60002735835,1239.65310514676,683.783768380034,1367.52143134943,1803.25604612878,1515.10522565266,1494.93895256629,1321.91262158283,968.782388516637,694.757058114561,1789.74390966976,1851.53740256577,1420.37356054666,1413.75715386342,1132.16044803729,946.18409836564,891.676960339338,1121.59887740671,621.08600990523,630.357648164913,973.353058196254,561.285872350267,883.323512140371,506.757547945761,1608.90175734878,1200.09410718493,1840.97318182531,1655.7717230645,1763.66470929142
4457.84603605822,2955.44353392177,3224.71781664691,3368.15758057725,3584.16648851585,2372.19390545967,3253.11757457366,2865.85030880889,3167.78067307382,3153.38585482335,1984.99122547179,2067.11553291053,2075.19501599247,3084.6552059509,1e+09,2733.83154943753,2534.62908927519,2156.33829261552,2691.02632956276,2475.95216765187,2659.11841349723,2812.9021285498,2904.77694839036,2532.38789110199,2464.63037455924,2386.84480792112,2985.17953163625,3605.8805671708,3512.52811100495,3095.42079011885,2273.77112115534,1921.99958821536,2311.22618588056,2753.1017635932,2537.54288188397,1791.53481171871,3105.84563104801,3041.8762714647,2080.10120780216,2395.90564945701,2248.17981905363,2508.84556651062,2330.97709988751,2482.39193196804,2581.46469404484,2457.80759350686,2927.38209311665,2649.30081510198,2750.35626045064,3145.92095933766,2124.01162904067,1419.73635080602,1494.37219630854,1465.67573214542
3999.77599033996,3677.37805982741,3940.16830250943,4220.84915742081,4690.28974553812,1701.39846561586,2227.4273108903,837.23722193892,1623.76804784427,2496.50696175677,968.194507265973,2396.65973832332,1541.35525830355,1585.18739791231,2733.83154943753,1e+09,1342.38454553827,1369.22590477247,1750.92409301489,1633.99194471699,2134.95305510449,1564.06341198175,1369.36431376022,1925.4721355813,2518.87147601858,2330.48113937873,1180.02911718313,1938.29973683123,1761.72258778163,1903.69660093199,1160.17762980502,1176.52536700234,1807.86120861088,1615.54632815033,1133.74396311513,1183.9828003396,2216.67644860498,1716.79218614252,1247.27933222675,1897.91992876412,1118.86801647916,1556.31790463902,1875.02420808373,1304.44109970516,1391.47954807105,925.310033556321,1616.00539658752,755.150407137545,1393.87785114048,2438.62358003444,1551.18194445397,1760.52746860138,1808.67019392702,1894.44114131318
4796.73928995521,2952.13071550025,3105.08686661098,3494.28119277771,4070.79447847714,1400.1943506885,3072.02776253731,1394.64901344388,1496.32307410532,1801.64154903244,1637.26440693005,2373.09688757118,1666.03863466608,2244.66059104712,2534.62908927519,1342.38454553827,1e+09,1126.4130379217,2150.1003854239,1900.99805226097,2599.94493557075,1676.43344001484,1786.58422983637,1141.3977279634,1646.66697604586,1691.83978068256,1725.2690134295,2453.63992596713,1917.31159001348,1781.54304250557,1273.2248381963,1311.72763220876,2284.18496700683,1641.62077103697,1779.93793318756,1674.04431566192,1849.53195481992,1706.63660300018,1670.88555056892,2229.6969608671,1596.86186885403,2283.69805727465,2011.70737688164,1829.82302950313,1799.97567011335,1441.45832784025,2153.55548874414,1672.54697664968,2196.1751842237,2223.05835582425,1971.96554850738,1560.02165273435,1938.47105103481,1763.11719264489
3836.37792684715,2736.95433783613,3212.53610694106,3460.51292140342,3811.48553188911,785.466907323281,2200.65718402481,1497.20446516166,1149.62978445237,1623.29139842482,1123.68835403772,1691.97495229687,796.94352372047,1463.93363743033,2156.33829261552,1369.22590477247,1126.4130379217,1e+09,1242.52184922439,927.728343266497,1536.99860832728,1399.52405502728,1145.88597849001,859.782056221227,1419.73363198876,1448.41360581154,1148.64367220649,1746.79460604274,1502.0864320005,1303.4436005827,925.573472070154,911.428653872589,1599.70768239075,936.231452953809,1083.77518397498,1390.39775639923,1615.2532591826,1461.85518855323,1167.26075985617,1477.68351560813,761.086584956009,1370.0029316757,1026.68868689589,970.938185725538,865.722349948296,761.288588053177,1232.632560782,1145.17598215296,1410.15344150911,1563.01141179455,1186.19943512885,889.666050493105,1173.44145414247,944.849177699806
3210.26855561961,3699.68414330197,4309.15502726463,4516.10188910746,4665.75262261085,1652.62735990301,1121.54837470347,2217.11088240981,1790.12302300708,2513.90702091386,1287.37163880521,1484.65553755745,732.413967917052,584.819780103238,2691.02632956276,1750.92409301489,2150.1003854239,1242.52184922439,1e+09,367.171112289624,809.44818154098,1348.33190720979,908.377460695718,1943.1937769044,2492.13637716719,2505.2260193244,1450.51009693142,1030.94462542854,1477.27014191718,1717.3862546032,1306.77784393523,1262.43920879383,1168.28422650483,827.202428127481,651.793616568926,1610.02779677868,1721.11773074941,1414.5103015885,1323.83425998121,777.670641788669,848.500319151384,855.470927501338,821.026124675701,491.801856747207,527.26583295336,1021.33297366726,753.655444550094,1077.36417450183,654.277635717438,1447.45201205429,1040.74727532672,1464.82585743152,1262.61796910229,1305.97665989864
3252.2946148066,3434.74765671366,4028.94879042909,4227.9075620808,4429.69529531095,1429.03306644738,1393.28597233303,2012.04759645492,1609.47627102732,2290.14680819811,1171.8035260657,1343.47048746893,574.406922399095,750.485879081013,2475.95216765187,1633.99194471699,1900.99805226097,927.728343266497,367.171112289624,1e+09,805.378253555433,1216.43830747802,771.705001538801,1660.01812137699,2197.92136199183,2234.79886392489,1311.96698998107,1186.76300658556,1489.26034597716,1622.67407867384,1211.6077982169,1070.81093307829,1093.48573122835,626.618817464015,663.875800206635,1508.75292672458,1550.71899846491,1291.50828591999,1116.30263163714,804.718072494958,619.430188560422,885.673210445026,532.111879683211,403.292979854596,354.635319025051,798.692478241782,703.249767721256,997.287747844121,788.176165523926,1275.32175693038,839.405467339831,1181.49951557332,1067.53780270302,1074.37854851072
2505.30562023878,3652.80980876366,4342.97889997177,4433.5342744587,4533.97600392856,1884.6659843325,1071.70467219286,2400.27104846515,2065.50090895647,2726.66105165274,1570.35712326846,1604.05628666827,1208.24403429109,989.880619064744,2659.11841349723,2134.95305510449,2599.94493557075,1536.99860832728,809.44818154098,805.378253555433,1e+09,1828.94317861436,1262.70241628818,2212.33177254227,2626.57845521507,2602.04803328071,1601.77466645593,1399.44813612366,1981.51832088427,2063.08675782188,1856.27492861375,1692.42168028538,1269.22530809151,1322.01634085967,1192.74771691251,1949.89315209834,2157.18639169173,1924.77444608453,1517.35098388606,1165.03766252426,1101.86433438967,812.752013593322,819.379518538266,930.07775787834,893.623028351441,1310.28798906958,786.907400333737,1416.61435828527,969.050514575995,1652.96576728013,1070.63419836095,1628.02075201761,1369.01184578513,1475.1735718213
3900.58714910973,4067.98019198717,4470.97911343813,4743.62193693806,5160.20895168016,2131.25618875348,2149.64401057477,2048.63390499621,2084.55605894876,2817.91763623425,1539.02479486199,1370.96500473207,1340.19820884823,1375.61303606792,2812.9021285498,1564.06341198175,1676.43344001484,1399.52405502728,1348.33190720979,1216.43830747802,1828.94317861436,1e+09,823.540538953609,2044.81821011062,2655.61714695473,2805.73257715343,1876.8632785315,1777.71210276017,2003.99968607782,2350.21268563081,1632.02187663034,1074.2349087141,1112.84543001263,813.504761571806,1220.32691120044,1661.99385720886,845.76921893623,328.03106179141,990.296350139694,1099.95022137368,1194.43700059903,1836.44944896395,1217.7978756756,1208.35914474961,1295.98033133223,1124.74436593388,1570.53146269026,1253.70958531073,1493.67150364463,1280.1869660327,1126.10427487866,1498.64814609701,1513.46693729992,1683.69891328586
3310.48480212491,3806.37807590103,4311.75111363121,4521.54295893559,4873.94988799639,1758.3069034159,1635.49651026837,1727.04838200903,1573.79721597161,2480.84900868634,1356.09876834248,1639.0240479932,1157.67802082444,729.943745161228,2904.77694839036,1369.36431376022,1786.58422983637,1145.88597849001,908.377460695718,771.705001538801,1262.70241628818,823.540538953609,1e+09,1830.54994203928,2468.36291847451,2522.59343069786,1206.03410440999,1118.70088236311,1500.58591560097,1873.32869902748,1489.34651538854,1209.56064420103,1156.96686694131,554.089862026007,836.4779377246,1701.36304764739,1297.06555655449,858.490084042909,1033.83461133781,1131.19163778734,777.384967631868,1261.73077100465,897.087638472407,715.49085584653,687.266081005021,655.310382490618,794.530539249436,801.2590154251,957.865315741206,1211.76342109341,954.682127516798,1549.54072889357,1514.70711314102,1630.3082625381
4426.68836131481,2159.94597775037,2613.10833701934,2914.79786781176,3315.27562826984,703.367281510876,2924.50821729056,1802.04387074788,1011.99925706494,862.720767340163,1891.27642014593,2360.5386557733,1530.84209466555,2147.96811116925,2532.38789110199,1925.4721355813,1141.3977279634,859.782056221227,1943.1937769044,1660.01812137699,2212.33177254227,2044.81821011062,1830.54994203928,1e+09,724.820599872824,919.916695087115,1532.4373990803,2206.33479583222,1625.34520204171,1158.12774791903,1422.98690296151,1668.69414342473,2434.1198215166,1539.44786579475,1859.31497842619,2096.93873897165,1974.86483190622,2005.9604937037,1983.26406312926,2261.16347796881,1599.58488883835,2095.29633784818,1737.26511701582,1763.74836569733,1589.49845945191,1534.38413557362,1854.41114241152,1894.37274307355,2173.72518000781,1913.4200960061,2022.60415665053,1522.77040153793,1923.1543121913,1548.60886875931
4725.46014007102,1490.7770328255,1988.48771200629,2267.7873403386,2661.77700174151,1102.84045106262,3437.52103955743,2284.05362614366,1596.81469021925,883.098381721991,2367.86953154096,2704.158445025,2018.82989412184,2762.3577045343,2464.63037455924,2518.87147601858,1646.66697604586,1419.73363198876,2492.13637716719,2197.92136199183,2626.57845521507,2655.61714695473,2468.36291847451,724.820599872824,1e+09,608.458570898627,2103.09177010895,2833.93082581421,2260.55513956196,1627.37425483507,1959.06548838981,2171.71933764472,2912.4315828359,2160.70970273658,2455.53241921177,2523.21658614555,2515.38678475101,2635.88369324217,2475.62304883033,2760.87705454263,2144.64496241219,2565.17650476532,2187.15814471656,2335.08292835608,2167.13018649088,2133.40758663224,2409.96877832473,2505.09916137066,2742.90505566635,2392.41825423566,2487.29487843722,1814.67898213431,2252.25426999262,1818.60186797441
4605.41250618226,1377.72256085904,1848.84127958568,2107.44347361916,2483.80453918983,917.803892669888,3324.09146006845,2032.83356824901,1508.33069656491,923.413300694765,2189.10760327125,2888.08019516426,2019.81802078801,2728.60002735835,2386.84480792112,2330.48113937873,1691.83978068256,1448.41360581154,2505.2260193244,2234.79886392489,2602.04803328071,2805.73257715343,2522.59343069786,919.916695087115,608.458570898627,1e+09,1905.52154052375,2822.86258156503,2215.84900999594,1483.76547857133,1831.04113135123,2164.57848829743,2947.54985762752,2309.28218518223,2374.99806157816,2364.16577800712,2835.32609740044,2829.20071620944,2465.70659905026,2831.25874589378,2076.35012122233,2389.46990746902,2292.9241265031,2286.29765258157,2134.88633118956,2068.89004637753,2355.13339605212,2379.14902572327,2630.68073283323,2705.22025112559,2493.34221297438,1875.43638092578,2255.83082153782,1847.65116975581
3415.98016561865,3195.22244360232,3682.97457633093,3864.50188364555,4205.46708451035,1197.37388421495,1936.57549274486,1120.03942662747,836.920424293732,1870.11512990511,1393.66249519028,2505.95914529746,1481.48421081698,1239.65310514676,2985.17953163625,1180.02911718313,1725.2690134295,1148.64367220649,1450.51009693142,1311.96698998107,1601.77466645593,1876.8632785315,1206.03410440999,1532.4373990803,2103.09177010895,1905.52154052375,1e+09,1317.86575302646,1147.71929046261,1197.87652685909,1373.34098733709,1634.57029533759,2018.03430069957,1408.32507781407,1177.01052896735,1840.02908137344,2264.31263243396,1907.39418175688,1639.17748685126,1989.33309362711,1052.80133572294,1200.48201423428,1571.37675816464,1129.86597452972,970.074204120489,877.562691093918,921.996244569358,952.037514176831,1237.10573691176,2080.40388696522,1619.8170313341,1877.55726541163,1944.81403650838,1875.85360268332
3255.60906883796,4048.60294305332,4665.87326864972,4871.86106549643,5050.85209923039,1958.00787705259,1377.50965510228,2282.65984005502,1597.1272296846,2542.26323827805,1944.885370581,2400.97697871096,1601.42681865267,683.783768380034,3605.8805671708,1938.29973683123,2453.63992596713,1746.79460604274,1030.94462542854,1186.76300658556,1399.44813612366,1777.71210276017,1118.70088236311,2206.33479583222,2833.93082581421,2822.86258156503,1317.86575302646,1e+09,1018.12848349312,1637.9988816846,1808.48495960016,2006.35661959683,1969.20571820214,1234.33275165168,1231.97630086784,2339.68058685368,2041.88125017103,1701.13722773914,2011.58236296703,1701.26938825102,1468.00766465983,1379.84774743448,1565.61985005939,1174.73019098004,1043.03535026383,1417.15469833043,844.887353675033,1375.89025935937,1111.17933174623,1711.17090213105,1817.4986605222,2320.81845681647,2221.29550735601,2211.48291422294
4057.35371571176,3459.4007003815,3984.13525528439,4274.37412251197,4495.3499597028,1410.37503498183,2138.12037603125,1989.69031623014,935.499106413256,1781.50022402468,1954.2140249727,2730.14785768097,1622.32394286715,1367.52143134943,3512.52811100495,1761.72258778163,1917.31159001348,1502.0864320005,1477.27014191718,1489.26034597716,1981.51832088427,2003.99968607782,1500.58591560097,1625.34520204171,2260.55513956196,2215.84900999594,1147.71929046261,1018.12848349312,1e+09,845.222555957897,1430.95099098467,1970.63824521397,2441.87914743953,1418.71233951778,1439.47170982969,2290.51433250264,2158.56105146461,1898.10044473416,2217.94785445916,2129.65978313439,1611.84198040627,1728.65582867151,1913.8245156231,1461.64773639205,1285.3682235064,1494.34489991434,1338.47899299914,1539.33686102165,1579.30781781133,2012.15870880008,2172.0047090879,2284.84997481235,2365.15444237792,2176.34730955333
4198.28942307459,2662.40835825386,3213.06412066426,3495.32149329643,3665.47181119975,788.07098398558,2450.57321398484,1939.98095248381,745.867291010941,1126.27689122169,1914.57880869396,2783.60844306451,1578.16345734528,1803.25604612878,3095.42079011885,1903.69660093199,1781.54304250557,1303.4436005827,1717.3862546032,1622.67407867384,2063.08675782188,2350.21268563081,1873.32869902748,1158.12774791903,1627.37425483507,1483.76547857133,1197.87652685909,1637.9988816846,845.222555957897,1e+09,1311.84527460368,1975.09750103634,2626.58536328062,1697.06003883186,1661.36283427191,2223.99916139822,2460.93853612804,2298.9568258234,2307.62874865087,2333.73170283133,1665.90413850858,1771.89549869624,1974.89811820762,1636.36159775277,1439.60245745136,1615.81034400699,1574.46321741729,1771.60865385107,1846.96702729096,2262.07093573566,2257.98522076651,2074.84665300836,2246.70807271439,1921.33621630885
4187.82315873056,3121.69913873839,3506.66011523786,3841.15050072241,4106.0036381377,1067.00237108453,2094.07746666641,1642.01099006675,1475.3731665921,1993.57726627287,881.239732535931,2008.72763967642,808.803304765751,1515.10522565266,2273.77112115534,1160.17762980502,1273.2248381963,925.573472070154,1306.77784393523,1211.6077982169,1856.27492861375,1632.02187663034,1489.34651538854,1422.98690296151,1959.06548838981,1831.04113135123,1373.34098733709,1808.48495960016,1430.95099098467,1311.84527460368,1e+09,879.576304307932,1784.43326014172,1348.37360412461,918.616700261867,1005.05175130438,2052.81370467464,1737.87859411985,1408.01689922387,1536.94946836257,1013.4806051425,1362.10219506467,1577.36601320049,1060.98262563531,1115.50273079002,1061.40574451997,1536.81205692173,1113.1030323829,1312.49746582612,2169.63176880318,1522.11951472281,1273.57395097419,1358.3129161942,1185.71342557972
3944.12454533322,3409.35905147874,3774.07948860381,4055.49428557112,4412.70530222674,1532.92445169356,2067.5130452551,1685.84213258537,1894.88247334762,2454.36629150989,683.143065470184,1336.39992932505,741.881484942171,1494.93895256629,1921.99958821536,1176.52536700234,1311.72763220876,911.428653872589,1262.43920879383,1070.81093307829,1692.42168028538,1074.2349087141,1209.56064420103,1668.69414342473,2171.71933764472,2164.57848829743,1634.57029533759,2006.35661959683,1970.63824521397,1975.09750103634,879.576304307932,1e+09,1102.05859172732,1127.1789582848,889.01576313359,697.414919613855,1628.73993823446,1304.0244411053,651.216334101042,1062.24184270815,754.834640633298,1396.69839389182,1180.58037485806,944.89728870391,1105.06527123967,858.123688637017,1545.51191376838,999.275711503087,1282.80669163362,1855.19697582224,897.667020670805,754.568003363514,797.787746960305,911.924489363017
3164.70847218192,4104.69693895907,4594.80013997345,4769.09603295006,5054.4957480544,2276.10765979995,1583.2613751052,2288.64991949402,2496.23300903582,3197.63635914092,1248.23245699669,925.360029339932,1207.69886813725,1321.91262158283,2311.22618588056,1807.86120861088,2284.18496700683,1599.70768239075,1168.28422650483,1093.48573122835,1269.22530809151,1112.84543001263,1156.96686694131,2434.1198215166,2912.4315828359,2947.54985762752,2018.03430069957,1969.20571820214,2441.87914743953,2626.58536328062,1784.43326014172,1102.05859172732,1e+09,1278.69921701704,1131.18492931085,1388.49797324303,1718.61362289492,1378.81433797303,718.358207999324,620.21016792697,1040.13965595972,1346.88345356976,958.8588298076,1042.524919894,1249.06576852462,1218.26005704858,1462.38785730736,1258.13595163639,1173.98812281045,1712.13867204149,499.439353675699,1283.69634185815,945.469051635219,1378.72849622397
3617.70751420012,3550.38986246581,4080.10080330131,4322.78359475697,4632.3271952551,1557.77883019381,1846.42076220454,1970.65219437627,1514.81246027355,2222.90659077254,1460.31245050503,1429.35510811694,926.844359372165,968.782388516637,2753.1017635932,1615.54632815033,1641.62077103697,936.231452953809,827.202428127481,626.618817464015,1322.01634085967,813.504761571806,554.089862026007,1539.44786579475,2160.70970273658,2309.28218518223,1408.32507781407,1234.33275165168,1418.71233951778,1697.06003883186,1348.37360412461,1127.1789582848,1278.69921701704,1e+09,949.37670937305,1735.98140914585,991.876408026726,763.426025623963,1182.0761362112,1040.6057257194,889.423678962956,1426.27152123991,764.049867940568,803.257716925272,719.492778629501,862.26936800515,995.261862225214,1127.09384365278,1190.66201707286,888.400024932463,1076.95861350379,1340.59578564905,1392.29145813655,1375.06426798895
3423.91201671421,3666.64108363499,4159.48300700941,4399.5811116287,4649.5470350132,1524.2332123727,1307.38071448221,1707.69363414519,1645.40907317907,2474.36831304477,759.411783816923,1665.79134413647,702.555855715402,694.757058114561,2537.54288188397,1133.74396311513,1779.93793318756,1083.77518397498,651.793616568926,663.875800206635,1192.74771691251,1220.32691120044,836.4779377246,1859.31497842619,2455.53241921177,2374.99806157816,1177.01052896735,1231.97630086784,1439.47170982969,1661.36283427191,918.616700261867,889.01576313359,1131.18492931085,949.37670937305,1e+09,1116.35390472735,1821.0594217378,1366.36677934587,996.426177345818,950.793379183932,521.877136307005,759.798046193856,1076.81062949806,308.900780024914,535.473979012986,634.103667628567,878.552214555288,520.926648675224,458.334016629794,1788.61101858397,939.29969738098,1355.05226519127,1192.39200160853,1296.28164609393
4005.76648942496,3559.08097398753,3863.37070284486,4136.78574874261,4455.52063716464,1783.16192963511,2106.12824619015,1743.83032233644,2234.37009085335,2788.34811259283,489.351716457601,1772.71713688338,1119.30903641488,1789.74390966976,1791.53481171871,1183.9828003396,1674.04431566192,1390.39775639923,1610.02779677868,1508.75292672458,1949.89315209834,1661.99385720886,1701.36304764739,2096.93873897165,2523.21658614555,2364.16577800712,1840.02908137344,2339.68058685368,2290.51433250264,2223.99916139822,1005.05175130438,697.414919613855,1388.49797324303,1735.98140914585,1116.35390472735,1e+09,2309.6189861317,1921.11909820813,998.038204729659,1428.67823931773,1091.14275582987,1426.8085066329,1678.21488212922,1263.39113638651,1475.38628480815,1227.10076077721,1860.85151205033,1167.40766671288,1405.75325139229,2508.12086431256,1242.34017430815,1142.89773295777,1024.84208281081,1203.85386089841
4261.8180273564,3974.73884640237,4408.55977619676,4689.55318207396,5101.90343106375,2278.63632074098,2676.80513050539,2537.42151322952,2193.64878989322,2697.10101774109,2188.64188516532,1547.47568455857,1706.28442807757,1851.53740256577,3105.84563104801,2216.67644860498,1849.53195481992,1615.2532591826,1721.11773074941,1550.71899846491,2157.18639169173,845.76921893623,1297.06555655449,1974.86483190622,2515.38678475101,2835.32609740044,2264.31263243396,2041.88125017103,2158.56105146461,2460.93853612804,2052.81370467464,1628.73993823446,1718.61362289492,991.876408026726,1821.0594217378,2309.6189861317,1e+09,627.061014256189,1654.73831212068,1569.3649467858,1734.1035046098,2370.3031265431,1448.7907018959,1729.54559928323,1699.83608047953,1667.73752413262,1939.20848775989,1925.83974468282,2092.77240633089,852.749230606513,1682.20347883364,1777.25897575452,1929.97361199577,1939.86418011674
4005.38515165521,4085.0271141695,4502.89718491329,4785.34650522823,5201.85272479912,2154.74165119626,2265.26040858441,2153.65743148719,2015.71283247391,2739.0343921353,1771.56060559609,1546.61873087714,1467.940559253,1420.37356054666,3041.8762714647,1716.79218614252,1706.63660300018,1461.85518855323,1414.5103015885,1291.50828591999,1924.77444608453,328.03106179141,858.490084042909,2005.9604937037,2635.88369324217,2829.20071620944,1907.39418175688,1701.13722773914,1898.10044473416,2298.9568258234,1737.87859411985,1304.0244411053,1378.81433797303,763.426025623963,1366.36677934587,1921.11909820813,627.061014256189,1e+09,1275.63764706127,1284.03632456407,1361.29995125982,1985.1677879464,1313.26709495822,1337.75474680526,1366.98680670298,1259.33176756564,1606.89683993715,1414.69244325401,1632.07348226114,1114.73446008455,1363.92442517905,1683.43204504964,1742.28072456766,1843.8514917151
3490.66289654272,3685.37829603692,4077.71172285389,4281.38880650893,4679.76041686965,1866.46771528468,1928.84891531193,1653.09691482381,2080.369405995,2771.15334009145,840.245779935847,1258.00701893908,1084.58826155366,1413.75715386342,2080.10120780216,1247.27933222675,1670.88555056892,1167.26075985617,1323.83425998121,1116.30263163714,1517.35098388606,990.296350139694,1033.83461133781,1983.26406312926,2475.62304883033,2465.70659905026,1639.17748685126,2011.58236296703,2217.94785445916,2307.62874865087,1408.01689922387,651.216334101042,718.358207999324,1182.0761362112,996.426177345818,998.038204729659,1654.73831212068,1275.63764706127,1e+09,1036.6877397751,714.85282953906,1337.39691217679,1036.84324393806,958.928458749661,1130.49568707713,790.930375191142,1427.79742183546,915.134064386197,1217.76386721729,1791.68920438228,488.131407922088,973.032889218037,877.686593608448,1209.53571708321
3391.4255657614,3989.39950179222,4527.71071519593,4745.23389890319,4945.46106617978,2081.66691129969,1442.87105969314,2452.00768583624,2343.15123796993,2982.07348945327,1293.8083404817,867.257967446826,876.417529890862,1132.16044803729,2395.90564945701,1897.91992876412,2229.6969608671,1477.68351560813,777.670641788669,804.718072494958,1165.03766252426,1099.95022137368,1131.19163778734,2261.16347796881,2760.87705454263,2831.25874589378,1989.33309362711,1701.26938825102,2129.65978313439,2333.73170283133,1536.94946836257,1062.24184270815,620.21016792697,1040.6057257194,950.793379183932,1428.67823931773,1569.3649467858,1284.03632456407,1036.6877397751,1e+09,1039.37103880183,1276.90323513569,870.051013044638,874.387811786052,1065.2101932952,1253.60640290324,1359.49655674444,1309.51051855264,1055.35853599618,1519.40819212613,794.320134958192,1259.45198372149,937.925836300504,1205.68514957264
3314.8774173414,3345.62638616448,3836.2263940753,4036.75107253346,4343.76871941866,1326.23814629953,1571.59100073779,1480.31438231884,1519.96930610457,2279.36750161092,681.232907014921,1514.59963832031,680.664376620372,946.18409836564,2248.17981905363,1118.86801647916,1596.86186885403,761.086584956009,848.500319151384,619.430188560422,1101.86433438967,1194.43700059903,777.384967631868,1599.58488883835,2144.64496241219,2076.35012122233,1052.80133572294,1468.00766465983,1611.84198040627,1665.90413850858,1013.4806051425,754.834640633298,1040.13965595972,889.423678962956,521.877136307005,1091.14275582987,1734.1035046098,1361.29995125982,714.85282953906,1039.37103880183,1e+09,795.273035252674,805.154496602981,388.874465476971,484.063436132084,323.201097615711,836.386895102978,557.599370605814,754.076634169234,1650.88796070478,643.914318135573,1022.62791229264,956.229732386522,1056.5696754119
2853.40811991555,3558.46621400288,4144.26276078146,4287.37963371568,4432.69941437495,1605.07623996494,999.683133597842,1902.17376180516,1821.2319932672,2588.84074114265,995.144949743504,1901.77879754718,1027.44289456884,891.676960339338,2508.84556651062,1556.31790463902,2283.69805727465,1370.0029316757,855.470927501338,885.673210445026,812.752013593322,1836.44944896395,1261.73077100465,2095.29633784818,2565.17650476532,2389.46990746902,1200.48201423428,1379.84774743448,1728.65582867151,1771.89549869624,1362.10219506467,1396.69839389182,1346.88345356976,1426.27152123991,759.798046193856,1426.8085066329,2370.3031265431,1985.1677879464,1337.39691217679,1276.90323513569,795.273035252674,1e+09,1173.91864002579,665.389162295269,740.405103440002,997.337306581881,778.954370871619,922.818656779326,519.558595155542,2098.34662155708,1084.80399423122,1561.58445157475,1305.7909867586,1411.93116510685
3119.25366692098,3407.14440621468,4008.47646401972,4159.68108159748,4400.104705186,1636.51051872574,1663.9339184595,2137.98641560231,1850.53841092262,2429.51129151523,1380.5018018822,1057.47316779198,873.82272092227,1121.59887740671,2330.97709988751,1875.02420808373,2011.70737688164,1026.68868689589,821.026124675701,532.111879683211,819.379518538266,1217.7978756756,897.087638472407,1737.26511701582,2187.15814471656,2292.9241265031,1571.37675816464,1565.61985005939,1913.8245156231,1974.89811820762,1577.36601320049,1180.58037485806,958.8588298076,764.049867940568,1076.81062949806,1678.21488212922,1448.7907018959,1313.26709495822,1036.84324393806,870.051013044638,805.154496602981,1173.91864002579,1e+09,798.37694098715,759.51572794775,975.555723626283,959.493326865799,1269.94310443421,1161.45692309272,1086.04188436727,669.047647406371,1052.11255281933,970.600143261889,1049.98085220636
3236.5944802678,3545.46256721179,4085.05380925393,4293.058270895,4531.29383698519,1453.64010607853,1271.41631502038,1756.48648773624,1588.40518596484,2387.83374846324,874.287210188963,1526.58133360133,631.494995783815,621.08600990523,2482.39193196804,1304.44109970516,1829.82302950313,970.938185725538,491.801856747207,403.292979854596,930.07775787834,1208.35914474961,715.49085584653,1763.74836569733,2335.08292835608,2286.29765258157,1129.86597452972,1174.73019098004,1461.64773639205,1636.36159775277,1060.98262563531,944.89728870391,1042.524919894,803.257716925272,308.900780024914,1263.39113638651,1729.54559928323,1337.75474680526,958.928458749661,874.387811786052,388.874465476971,665.389162295269,798.37694098715,1e+09,290.801597829173,567.787205738206,663.303446244628,628.008105361706,475.892949622076,1580.51108173907,778.707276067201,1248.92215157711,1092.70925693892,1183.74889055914
