1e+09,2309.49650094994,2569.7481042896,3323.80351641008,3783.9784223222,1764.80944025127,654.717868245552,1831.07511836626,686.338997507791,1436.58949735128,1358.76989619288,891.405990163854,1127.72124357041,1293.70784433735,2539.14158585141,910.394887727298,670.387740490531,1580.15474068206,807.972646938001,892.271868322654,1262.67622243392,1011.97374605273,751.222839575582,668.679356193983,1727.44645966235,1641.85364067568,1006.53844606155,1389.20268323236,1186.69883584674,877.314702031147,317.449388407034,898.98115525299,902.650070569985,847.254599456385,707.129136014066,850.019141431533,1231.74823649153,904.647685731854,965.243809511359,824.575060864686,881.072489526259,809.556557011306,797.624441325615,1188.25552306732,496.109191106152,681.025790113708,1018.0330998057,672.649177506373,632.683533450966,509.904020772537,945.32622787057,1099.02348309761,1045.48206584331,1296.06318210186
2309.49650094994,1e+09,445.040592081217,1446.52229993181,1698.28952481607,2064.23536703061,2756.13469099389,2642.67477794753,2489.44142381378,1969.97219274791,2023.67171347034,1734.7904516108,2376.68594040105,3008.18094319474,587.38616046005,2495.3870067186,2130.91815518569,2056.16723556232,2583.05212554838,2373.43727608294,2176.44839644775,2667.92546095276,2807.3182820977,1778.90371377992,1443.2182057125,1460.63669921716,2633.61992502715,3295.10024226882,3265.56778889981,2367.59048238922,2152.80862630657,2021.01514749395,2063.66240708116,2569.48171314761,2453.67159344929,1835.80315864746,2912.18554216588,2874.575519168,1949.85339446329,2349.61508117819,2179.41085211119,2162.53878002222,2029.77530340183,2377.58080157121,2371.0408209898,2273.76504148956,2638.60677521301,2506.22133681365,2528.19834704479,2685.22048921499,1995.77802433036,1435.96840992412,1602.37454794439,1386.24776439856
2569.7481042896,445.040592081217,1e+09,1354.68735544405,1747.24959931316,2429.86175366007,3069.3516228839,2923.37516377902,2824.62171909798,2350.68258903664,2359.95897784262,2003.77411177009,2607.98948561914,3355.31955142875,893.628235285793,2809.4453049846,2413.24839883921,2444.96803418777,2892.094400655,2646.68784326751,2572.37342238642,3025.85993591904,3085.81441703807,2104.20227656468,1836.85995859782,1753.80136380948,2909.12755755055,3645.30009856528,3513.17859573065,2732.61898974226,2424.63247645906,2337.15249605155,2408.55198993088,2923.84618371076,2790.43271717847,2123.1857466317,3205.7609134806,3197.85993070366,2290.70326998064,2669.46660142059,2518.2812789083,2504.05020770351,2360.40297099881,2765.89083302288,2684.43163656667,2620.30819181638,2992.10373824171,2834.03442722561,2862.07703400869,2975.05034056569,2335.83221293825,1733.61017045355,1859.04224521661,1749.12412672743
3323.80351641008,1446.52229993181,1354.68735544405,1e+09,1168.35904605562,2613.45007794295,3706.69665407085,3252.45312756387,3426.7971067456,2717.11454867107,3078.04215034492,2532.28512987776,3440.85969622419,4152.90482527592,1737.48704326104,3417.9645543364,3155.02832210743,2950.75751867211,3445.59255863197,3044.44351202317,3164.27391924277,3553.35231287301,3622.09693343511,2880.68818050479,2383.75393744824,2455.60034417248,3357.44282582742,4166.96142461147,4040.56866080754,3315.74704181426,3210.36690970051,3096.07793910296,2864.7210774873,3529.95915234157,3533.59485556848,3090.9567103892,3689.72888302108,3764.61701289786,2789.72702920913,3547.68947622252,3364.58779836401,3258.19600842245,2979.80540282415,3336.71166680611,3289.08338735886,3247.79286831842,3713.0998409146,3568.98441847257,3523.3460981005,3755.17898847711,3048.51041543243,2539.99616694593,2560.31155645168,2492.65165410251
3783.9784223222,1698.28952481607,1747.24959931316,1168.35904605562,1e+09,2791.11225961981,4086.51339806931,3697.92267000001,3771.24323260911,2974.20682557552,3297.0370708562,3072.97579539768,3765.58350004352,4309.67629767016,1613.79544391475,3806.94986300056,3515.5965673268,3027.09416369891,3830.05065757622,3598.56359004534,3312.74870023369,3850.62745805148,4129.1521721414,3207.9605972019,2484.7121068647,2622.47929166276,3834.75750518856,4458.50561393613,4604.62238121651,3571.0376614648,3623.5368063537,3350.26221969266,3237.0055663684,3805.22542694911,3811.13693603366,3369.91331529462,4067.88004502345,4116.27496920456,3127.83698363582,3792.05063855956,3566.60594114349,3498.7891789875,3299.71087851648,3520.4642887409,3687.56727240331,3548.83008485895,3898.67379813957,3878.05522407817,3844.53426754139,4122.66231779902,3275.15193707101,2878.30191408059,3003.6202438058,2674.29228458671
1764.80944025127,2064.23536703061,2429.86175366007,2613.45007794295,2791.11225961981,1e+09,1754.30635927708,2345.8650685195,1488.4790512802,1313.79839263869,1868.05255054562,1419.80520491369,1754.30108214069,2076.87072363689,2208.37930193162,1872.5788052309,1380.15066228293,1029.81354996912,1421.2676078065,1479.74559218806,1459.75926066595,1565.53583066629,1892.5375861261,1438.46548384033,1502.28102843642,1199.58593189484,1383.32502832848,1922.17136096135,2351.27174852249,1224.97575396413,1634.87821632071,1261.58129595361,1032.23259234535,1459.94291960337,1705.63487868887,1859.61306921628,1452.27919571273,1567.28155654943,832.988435694038,1972.76450469893,1675.25931998601,1430.90484945715,1048.53719666972,1496.67135941729,1400.73623544906,1281.39819923395,1557.41694735225,1789.75101709707,1562.78823846995,1925.25424165226,1123.92309296499,1518.38400663337,1523.87937042274,1103.12412003364
654.717868245552,2756.13469099389,3069.3516228839,3706.69665407085,4086.51339806931,1754.30635927708,1e+09,1826.6032163828,474.114688973038,1401.97370699311,1537.52465209505,1233.58800679157,1419.54921415216,1029.28488403357,2908.44673841554,877.304132784065,990.721427243804,1621.35672469078,574.210784468561,981.679055394379,1167.37751918563,556.332037096553,523.389283707644,1006.82734974771,1863.51198193089,1955.17311361424,1024.29061374202,857.88482915832,1052.12530479977,670.075223836847,821.567898228747,1109.98941756217,912.634657845077,437.809005275131,618.861425361122,1234.97559951604,1025.57601351631,473.372755764419,1092.28950997435,912.302035731588,1025.07579105157,938.277310926786,966.054320418888,966.678800791659,469.609712953214,574.14897248014,793.063983106029,566.625188462355,366.029309072375,440.692333266645,1110.09863259982,1464.26726392418,1408.95539865533,1589.23232209769
1831.07511836626,2642.67477794753,2923.37516377902,3252.45312756387,3697.92267000001,2345.8650685195,1826.6032163828,1e+09,1584.05452197833,1242.90957233421,1363.98519269822,1518.79427751095,2850.93755801491,2321.14972696722,2742.27338992669,1077.8896706528,2238.02488442376,2081.6356672098,2099.54669833752,1417.86378354904,1421.94023573426,1543.23241269745,1580.0493487863,1715.27325161328,1919.610179724,2772.50304502989,2086.40550869192,2002.68999263491,1779.28422144974,1753.79484852134,1900.4100091033,2346.71519839967,1547.81410098241,1806.43277500161,1697.30717046149,2020.50281625639,2595.46657316175,2087.8379376283,1870.09932086507,1822.19500188646,1927.10940257682,1905.44568883503,1972.57429616732,1428.87379820613,1720.72653236939,1776.57765321418,2230.86517517308,1611.54784399968,1737.97206709429,2032.05263408702,2217.77811667443,2067.14410709558,2079.12683660714,2258.0910275496
686.338997507791,2489.44142381378,2824.62171909798,3426.7971067456,3771.24323260911,1488.4790512802,474.114688973038,1584.05452197833,1e+09,1127.64469838686,1142.42794726845,1059.86965434434,1446.5934731292,1007.25742002727,2632.63757731671,604.914575043452,881.558498966461,1206.32416016592,772.05525909743,784.04543305857,822.652809513224,508.820586061531,695.965508053381,793.079665796571,1665.15827905338,1771.83071739374,881.762198271167,846.925892507721,1121.47160735348,365.769440084871,697.029122705788,1010.62969321112,641.682367530852,423.602263450043,415.956895723583,1156.10978566051,1163.68564698547,589.216252830826,785.215709152587,848.723148205585,784.677493305371,626.850212969574,693.349962068218,682.907575005579,316.644556245643,396.265211569222,729.992912568334,410.854248974013,218.210321479072,668.386880107622,903.196826057311,1364.59853271942,1370.26864107006,1350.36849470802
1436.58949735128,1969.97219274791,2350.68258903664,2717.11454867107,2974.20682557552,1313.79839263869,1401.97370699311,1242.90957233421,1127.64469838686,1e+09,1203.97234133513,951.04195238696,2123.55821989886,1875.43467708156,2007.271681786,1103.07926927307,1557.64470104706,1324.13519453264,1383.72851748455,1177.43166786867,714.958862033334,994.331891372292,1422.23660696805,1015.87747888217,867.262866897921,1778.22474791574,1658.69555654436,1740.77318700628,1985.11099505796,1022.15635257039,1435.26523796126,1482.87150805456,729.890611393242,1134.08526160955,1253.95496414345,1402.70987296019,1887.32399195263,1570.22743964051,1047.29385499009,1382.10404713249,1365.40449504899,1292.66934074418,1209.74226474072,758.69564437922,1175.78802281704,1030.0811718986,1544.104107371,1257.40751974052,1229.55817894071,1623.83135192667,1361.4754674984,1203.05625300731,1262.08534556899,1283.94434229058
1358.76989619288,2023.67171347034,2359.95897784262,3078.04215034492,3297.0370708562,1868.05255054562,1537.52465209505,1363.98519269822,1142.42794726845,1203.97234133513,1e+09,1348.38090349129,2004.38638410861,1510.33799160983,2059.73538849047,884.329738728717,1465.86689388907,1124.25919595972,1800.42618160257,1425.9520521392,789.649930728801,1388.18717495156,1636.20537350908,996.820737846078,1539.64138948003,1908.47248065043,1708.79586451981,1739.77972740804,1870.07480743418,1182.67178709902,1204.27169866272,1519.1700745802,1248.73029429897,1389.29442016442,1005.41212813453,1213.54780573326,2198.38499014618,1697.50923004854,1280.52592078411,1058.39070621392,890.263452804843,945.318810243402,1246.27754669656,986.829930484478,1299.71868521615,1241.79834707572,1448.24908779533,1029.3113563932,1227.21976365279,1502.87829979676,1339.84392445538,1510.23706351023,1696.14981531703,1391.83787892125
891.405990163854,1734.7904516108,2003.77411177009,2532.28512987776,3072.97579539768,1419.80520491369,1233.58800679157,1518.79427751095,1059.86965434434,951.04195238696,1348.38090349129,1e+09,1606.67275171393,1941.62222885916,2018.13084147188,1105.83237188102,1079.74176898923,1519.42306234965,1124.00799174205,750.242166570235,1226.09973713397,1217.5674885607,1119.7897233856,708.925460891341,1217.49876086179,1465.79166394819,1250.60216395943,1857.74856398814,1649.91085737988,1106.73056337123,922.283458541895,1167.60399091473,647.810331501436,1201.9421815545,1221.06642976539,1096.59431783135,1588.72895378664,1421.810078386,824.723404966781,1322.40087738174,1299.97781115679,1176.56205832927,926.455069768632,1242.17971445359,882.594356315516,949.664058865028,1546.65388894866,1202.9141815192,1141.07467029989,1325.46472389875,1149.45578818848,802.158748690058,685.580423364028,1088.78875623327
1127.72124357041,2376.68594040105,2607.98948561914,3440.85969622419,3765.58350004352,1754.30108214069,1419.54921415216,2850.93755801491,1446.5934731292,2123.55821989886,2004.38638410861,1606.67275171393,1e+09,1539.51408889299,2610.31322365727,1898.40647191269,634.663806908823,1678.29989873681,1220.72050257215,1713.68716036504,1880.03966785278,1765.96349846196,1714.45009834057,1249.76847415831,2107.79420646324,1176.7142468756,1322.92137634857,1924.22446988391,2039.98184790944,1379.33346997744,983.409811726525,679.751938798265,1519.59421343331,1433.09206197648,1401.86863000782,1254.21597039744,1159.55140735545,1322.85893454291,1255.2742148232,1462.4700030428,1257.80240292345,1151.61828875717,1021.36251096268,1861.01480372941,1238.4220255228,1245.3481478687,1161.48176907776,1482.05886536264,1334.45131852009,1170.04120243691,863.855868359994,1380.92606492889,1380.99300447178,1227.26884707467
1293.70784433735,3008.18094319474,3355.31955142875,4152.90482527592,4309.67629767016,2076.87072363689,1029.28488403357,2321.14972696722,1007.25742002727,1875.43467708156,1510.33799160983,1941.62222885916,1539.51408889299,1e+09,3031.81166131737,1313.38372774296,1292.26587020628,1512.39784091356,1368.50481310809,1768.96636081639,1262.65541197906,1160.86077029074,1485.76915737271,1371.56235581909,2186.61520169874,2114.42075625926,1571.83520767923,1001.22669391102,1690.73081041897,998.566926099598,1225.63010141723,1297.42621894272,1538.30955675378,953.182646191169,754.941498594427,1414.20503856407,1551.15904568165,1025.94420208898,1517.6800102459,914.583465901281,850.524237808659,920.151677442366,1297.86267004641,1159.74260342543,1178.32771714833,1077.25749823336,574.381785052416,830.072026814541,866.291064942956,891.405956396972,1228.30313628192,1902.07938964177,2010.88891391345,1764.91368392338
2539.14158585141,587.38616046005,893.628235285793,1737.48704326104,1613.79544391475,2208.37930193162,2908.44673841554,2742.27338992669,2632.63757731671,2007.271681786,2059.73538849047,2018.13084147188,2610.31322365727,3031.81166131737,1e+09,2625.57646580708,2362.3905945038,2108.12141526526,2766.97792849889,2652.38491037783,2156.10077113756,2748.28454631248,3024.31502153794,1927.75766329692,1354.65064005448,1657.91343139502,2919.46439115123,3401.61045293255,3521.43102198524,2467.07687594043,2378.3109587268,2180.64315987279,2239.66411631298,2660.51775523111,2542.51200343283,1930.37532381659,3135.09237744281,3042.89594917408,2156.52995708383,2391.54485816177,2239.37587756053,2273.73109271963,2224.95621786138,2378.2931089544,2564.65216766329,2400.31021574296,2705.34115484536,2605.64058177639,2655.46041090806,2840.94441645732,2138.13216099941,1606.52310104773,1843.48947884169,1519.08812226283
910.394887727298,2495.3870067186,2809.4453049846,3417.9645543364,3806.94986300056,1872.5788052309,877.304132784065,1077.8896706528,604.914575043452,1103.07926927307,884.329738728717,1105.83237188102,1898.40647191269,1313.38372774296,2625.57646580708,1e+09,1315.28157023506,1459.82957282691,1274.66813947788,871.436530677938,845.018221519513,789.601694717026,826.666492547025,956.984375525536,1721.64898094821,2125.03416607828,1286.50346015858,1159.0645289629,1099.0255762265,874.148057596652,957.823033759368,1465.62565640071,931.279987705094,913.324254523003,669.164551810689,1262.89753321479,1732.7599729045,1140.40780210414,1167.0217481264,915.672512965198,988.402208921044,955.82969570944,1131.69141668566,774.28530187522,798.705217273557,888.601529708339,1232.74238999882,572.17245617034,730.423851130287,1004.46216414557,1350.23089836516,1530.16453010779,1560.99524598892,1630.09543174625
670.387740490531,2130.91815518569,2413.24839883921,3155.02832210743,3515.5965673268,1380.15066228293,990.721427243804,2238.02488442376,881.558498966461,1557.64470104706,1465.86689388907,1079.74176898923,634.663806908823,1292.26587020628,2362.3905945038,1315.28157023506,1e+09,1226.09085711459,866.640043270561,1134.0041150719,1334.44016242768,1255.59064710597,1236.25775107782,730.94604274187,1709.74160574047,1121.67245406135,879.002756878498,1511.8516657728,1611.3553030291,840.734483175277,463.407130933481,395.431382543167,931.784806647973,966.62347059235,909.644189889651,955.651777898205,1012.01868317734,937.774863120141,687.740455113701,1082.56032903483,835.40030632027,639.905728838241,431.693270274161,1321.33064366948,672.062269510795,710.547036162983,851.582538395428,984.888220967232,825.396615391655,841.00104125976,444.954551499364,1070.38395232739,1076.9517644723,917.23159234732
1580.15474068206,2056.16723556232,2444.96803418777,2950.75751867211,3027.09416369891,1029.81354996912,1621.35672469078,2081.6356672098,1206.32416016592,1324.13519453264,1124.25919595972,1519.42306234965,1678.29989873681,1512.39784091356,2108.12141526526,1459.82957282691,1226.09085711459,1e+09,1606.34308673459,1505.76076277077,994.456915808825,1452.56339104357,1850.04228119251,1184.27704237649,1585.91837403443,1359.77551908394,1392.7507644586,1639.99841371875,2148.85401456218,986.454456171191,1342.94237236748,1169.01366553176,1113.48948742231,1320.64165533274,1244.34535443341,1542.55928978435,1728.87625803584,1485.20727388469,856.464310231314,1499.15668037067,1067.68485926326,878.303415853542,889.128550154588,1142.08477811413,1281.08697230126,1142.70416805926,1193.97845365819,1358.601774951,1281.96054424464,1660.01562610115,905.002793034364,1578.10708144283,1732.847281586,1035.84788907445
807.972646938001,2583.05212554838,2892.094400655,3445.59255863197,3830.05065757622,1421.2676078065,574.210784468561,2099.54669833752,772.05525909743,1383.72851748455,1800.42618160257,1124.00799174205,1220.72050257215,1368.50481310809,2766.97792849889,1274.66813947788,866.640043270561,1606.34308673459,1e+09,1019.51892655311,1335.716388048,788.600690527215,813.593690425387,1023.42417559876,1714.88765241342,1635.33742512058,959.434929945747,1201.53759187967,1422.37181397833,745.721795577949,930.606907238497,897.868847605261,795.395591325474,593.261127582113,980.80956887665,1294.81343575049,659.70926831446,588.857405234918,913.081866537716,1219.96362544135,1232.55953016477,1076.13271291231,844.493674931909,1167.89192783408,562.902762562061,584.742748565555,913.380791729277,989.36309502629,699.006815059768,791.095181757543,962.017127550232,1269.58125561147,1145.08311881715,1378.79630453523
892.271868322654,2373.43727608294,2646.68784326751,3044.44351202317,3598.56359004534,1479.74559218806,981.679055394379,1417.86378354904,784.04543305857,1177.43166786867,1425.9520521392,750.242166570235,1713.68716036504,1768.96636081639,2652.38491037783,871.436530677938,1134.0041150719,1505.76076277077,1019.51892655311,1e+09,1292.81723909453,1016.50918889108,707.658521251599,1062.00025442558,1786.89574609153,1874.83373801519,758.576142519655,1358.78190917454,1045.3480669136,978.180116849653,958.730054186266,1361.76077337394,663.216525653576,1068.19068143286,1128.65919798671,1511.10523763238,1332.18492571414,1047.52736933218,849.106120929534,1448.60545014852,1383.63500873605,1175.26797012426,941.71525855749,1219.95880868987,677.749453338031,926.589242652859,1438.99335512712,1083.77558313518,949.710904591497,1203.01983533107,1280.82156848641,1447.21957953864,1324.85978510935,1527.25810444731
1262.67622243392,2176.44839644775,2572.37342238642,3164.27391924277,3312.74870023369,1459.75926066595,1167.37751918563,1421.94023573426,822.652809513224,714.958862033334,789.649930728801,1226.09973713397,1880.03966785278,1262.65541197906,2156.10077113756,845.018221519513,1334.44016242768,994.456915808825,1335.716388048,1292.81723909453,1e+09,809.541969387628,1378.00603286052,850.997340830158,1174.30819979254,1757.16954950284,1556.56487898834,1371.38635074147,1834.11706019545,690.93453474262,1187.36864970404,1258.54135386963,844.094974869534,848.87098960914,765.524957986348,1159.25253103023,1788.23278277746,1313.20905616737,1010.05495647514,913.243132960769,824.919046876723,825.597883415407,1020.6327170437,276.862460799582,1006.75402378138,795.56155644928,1060.19573107988,813.38060850994,877.857034260135,1286.03289642995,1089.10142190707,1312.5393068019,1466.1396351985,1222.21874879254
1011.97374605273,2667.92546095276,3025.85993591904,3553.35231287301,3850.62745805148,1565.53583066629,556.332037096553,1543.23241269745,508.820586061531,994.331891372292,1388.18717495156,1217.5674885607,1765.96349846196,1160.86077029074,2748.28454631248,789.601694717026,1255.59064710597,1452.56339104357,788.600690527215,1016.50918889108,809.541969387628,1e+09,770.498784943883,1030.34151711945,1583.89364481963,1993.55478748391,1240.37000588534,871.750600229217,1335.50199067617,540.852093922174,1109.85604116029,1265.89941496155,746.822151787158,358.468799758082,697.507728344282,1346.36751531668,1285.98622613152,759.30663160544,1052.96090729903,999.519969335281,1087.5810684726,1006.03869572696,1037.23393769198,553.331987689127,662.430871563215,572.621104483584,911.362441293254,666.261016344195,527.087430698172,907.844350480852,1190.37030137684,1470.14106775506,1460.41998216267,1553.73242796178
751.222839575582,2807.3182820977,3085.81441703807,3622.09693343511,4129.1521721414,1892.5375861261,523.389283707644,1580.0493487863,695.965508053381,1422.23660696805,1636.20537350908,1119.7897233856,1714.45009834057,1485.76915737271,3024.31502153794,826.666492547025,1236.25775107782,1850.04228119251,813.593690425387,707.658521251599,1378.00603286052,770.498784943883,1e+09,1184.74447806268,1995.32794184315,2181.47831799906,1010.70015489264,1068.86243539569,737.859432751252,986.024673575667,985.725287034882,1437.32145743393,962.316372509582,844.14882929493,958.414898621677,1475.62764100568,1236.76020286877,794.577166422494,1222.85073001573,1234.59192962695,1364.30359777434,1249.3989448931,1181.74313279156,1195.34421770467,644.61629501588,889.369129158416,1274.7213395876,858.820422847524,743.340290042185,816.881651342469,1427.6630706858,1599.19246105652,1472.15220486878,1813.11971879962
668.679356193983,1778.90371377992,2104.20227656468,2880.68818050479,3207.9605972019,1438.46548384033,1006.82734974771,1715.27325161328,793.079665796571,1015.87747888217,996.820737846078,708.925460891341,1249.76847415831,1371.56235581909,1927.75766329692,956.984375525536,730.94604274187,1184.27704237649,1023.42417559876,1062.00025442558,850.997340830158,1030.34151711945,1184.74447806268,1e+09,1133.84009701545,1249.98503383041,1277.16674510418,1618.19113639273,1699.77282117346,754.308117416219,556.163298141832,715.779541129809,696.306374737443,875.356953191097,719.94381725243,517.267189564542,1496.32994539974,1204.83357991882,724.947941441315,723.103759221317,636.682137805043,607.423814317483,626.022578666297,903.188400667325,699.381451069443,595.543325711908,1018.98919145396,762.791261748586,777.586124554702,939.424235476177,679.550073872412,650.946357697775,781.465272548947,760.430452967265
1727.44645966235,1443.2182057125,1836.85995859782,2383.75393744824,2484.7121068647,1502.28102843642,1863.51198193089,1919.610179724,1665.15827905338,867.262866897921,1539.64138948003,1217.49876086179,2107.79420646324,2186.61520169874,1354.65064005448,1721.64898094821,1709.74160574047,1585.91837403443,1714.88765241342,1786.89574609153,1174.30819979254,1583.89364481963,1995.32794184315,1133.84009701545,1e+09,1464.11911871951,2151.6634875835,2370.06773470718,2626.74394241236,1474.35624534914,1679.91464967718,1488.93392657297,1239.68898522976,1570.53162117163,1640.49218590032,1281.39602683948,2212.82890321416,2049.96641072482,1374.63065199347,1554.68978629179,1541.79059440639,1555.53456772905,1475.94661414294,1296.44503180814,1623.94256884288,1398.63166108879,1816.18137880004,1680.98821036913,1678.20911620096,1938.11842238806,1450.10566197777,887.882490535769,1075.08299186621,1047.01519234441
1641.85364067568,1460.63669921716,1753.80136380948,2455.60034417248,2622.47929166276,1199.58593189484,1955.17311361424,2772.50304502989,1771.83071739374,1778.22474791574,1908.47248065043,1465.79166394819,1176.7142468756,2114.42075625926,1657.91343139502,2125.03416607828,1121.67245406135,1359.77551908394,1635.33742512058,1874.83373801519,1757.16954950284,1993.55478748391,2181.47831799906,1249.98503383041,1464.11911871951,1e+09,1736.84501979883,2428.5438194729,2657.98177552067,1551.84615197512,1439.79115985618,904.103961887127,1445.00275857868,1744.62844511374,1771.4516505962,1376.45903244521,1731.01892187809,1893.49329185503,1132.4006984279,1799.66121795187,1502.49687407329,1381.36068193647,1115.77971723813,1860.34122786654,1594.46206837918,1463.67851586337,1628.16245015662,1873.69935608678,1745.78558875367,1864.98802875514,937.866659339162,1052.41557884706,1166.95830491068,564.545238931301
1006.53844606155,2633.61992502715,2909.12755755055,3357.44282582742,3834.75750518856,1383.32502832848,1024.29061374202,2086.40550869192,881.762198271167,1658.69555654436,1708.79586451981,1250.60216395943,1322.92137634857,1571.83520767923,2919.46439115123,1286.50346015858,879.002756878498,1392.7507644586,959.434929945747,758.576142519655,1556.56487898834,1240.37000588534,1010.70015489264,1277.16674510418,2151.6634875835,1736.84501979883,1e+09,1198.37533148008,1147.07173245617,983.21532606037,958.576928785583,1167.93246564174,963.839470192002,1110.87384715817,1199.08299345792,1675.61817094468,862.872552756199,767.901099295997,828.886668610372,1591.9704845882,1379.1623281543,1096.12918381001,804.070874114963,1475.72640936591,739.45259665512,983.954946834458,1204.22069509704,1216.93761902572,973.605385923887,1148.57118081554,1088.65008974417,1690.98906105273,1590.8408785922,1544.83822687037
1389.20268323236,3295.10024226882,3645.30009856528,4166.96142461147,4458.50561393613,1922.17136096135,857.88482915832,2002.68999263491,846.925892507721,1740.77318700628,1739.77972740804,1857.74856398814,1924.22446988391,1001.22669391102,3401.61045293255,1159.0645289629,1511.8516657728,1639.99841371875,1201.53759187967,1358.78190917454,1371.38635074147,871.750600229217,1068.86243539569,1618.19113639273,2370.06773470718,2428.5438194729,1198.37533148008,1e+09,1148.62571628011,963.190163934412,1428.671553052,1631.07359582577,1349.65422660769,889.107885129808,1019.51857614268,1907.0097092831,1297.87069702648,688.726806796425,1453.3063700748,1437.00150177375,1394.4656551884,1266.24378967875,1371.76228104581,1165.61779567747,1051.08920106716,1107.0038795325,997.879389004503,1009.59159955895,865.470513073669,1107.74027655403,1522.24129802078,2166.10044132307,2153.91875118353,2075.25168948251
1186.69883584674,3265.56778889981,3513.17859573065,4040.56866080754,4604.62238121651,2351.27174852249,1052.12530479977,1779.28422144974,1121.47160735348,1985.11099505796,1870.07480743418,1649.91085737988,2039.98184790944,1690.73081041897,3521.43102198524,1099.0255762265,1611.3553030291,2148.85401456218,1422.37181397833,1045.3480669136,1834.11706019545,1335.50199067617,737.859432751252,1699.77282117346,2626.74394241236,2657.98177552067,1147.07173245617,1148.62571628011,1e+09,1465.35339635188,1341.5324786974,1912.76115934531,1520.76291153487,1398.10617840706,1338.69581444031,1968.51913015851,1598.67184953636,1136.86138271119,1669.24706463723,1653.2022386266,1716.64332101925,1593.52399385764,1602.7715323152,1681.10206159531,1152.15066145882,1445.69407199449,1647.96809820457,1239.21080167984,1198.39524594351,1195.60399213117,1867.76767267773,2200.62440089171,2090.93256605755,2318.64919709731
877.314702031147,2367.59048238922,2732.61898974226,3315.74704181426,3571.0376614648,1224.97575396413,670.075223836847,1753.79484852134,365.769440084871,1022.15635257039,1182.67178709902,1106.73056337123,1379.33346997744,998.566926099598,2467.07687594043,874.148057596652,840.734483175277,986.454456171191,745.721795577949,978.180116849653,690.93453474262,540.852093922174,986.024673575667,754.308117416219,1474.35624534914,1551.84615197512,983.21532606037,963.190163934412,1465.35339635188,1e+09,818.268567891985,835.111464835683,562.354967524961,343.984774227,527.29929527736,1131.64032863804,1108.21300727793,663.185397230669,635.41386276977,898.901975300978,737.623318774563,552.443765825989,561.564346980825,574.021637484163,467.556893543449,260.425883890215,579.913368271503,604.217387700818,381.711421233371,837.416990632504,693.937170282728,1260.31599942237,1305.43369391172,1136.40400764869
317.449388407034,2152.80862630657,2424.63247645906,3210.36690970051,3623.5368063537,1634.87821632071,821.567898228747,1900.4100091033,697.029122705788,1435.26523796126,1204.27169866272,922.283458541895,983.409811726525,1225.63010141723,2378.3109587268,957.823033759368,463.407130933481,1342.94237236748,930.606907238497,958.730054186266,1187.36864970404,1109.85604116029,985.725287034882,556.163298141832,1679.91464967718,1439.79115985618,958.576928785583,1428.671553052,1341.5324786974,818.268567891985,1e+09,725.769328712643,888.230668069956,898.421391052106,667.963519512855,774.463365563536,1262.49581516138,956.195443777055,820.282141461095,806.410041480139,690.085763220775,581.431314258185,606.03252882993,1168.54156515718,537.992379778747,664.200310599145,925.089580040766,690.269382922349,658.989807584306,631.603775479533,728.643915983658,1055.79502679261,1069.69016850675,1096.85703963643
898.98115525299,2021.01514749395,2337.15249605155,3096.07793910296,3350.26221969266,1261.58129595361,1109.98941756217,2346.71519839967,1010.62969321112,1482.87150805456,1519.1700745802,1167.60399091473,679.751938798265,1297.42621894272,2180.64315987279,1465.62565640071,395.431382543167,1169.01366553176,897.868847605261,1361.76077337394,1258.54135386963,1265.89941496155,1437.32145743393,715.779541129809,1488.93392657297,904.103961887127,1167.93246564174,1631.07359582577,1912.76115934531,835.111464835683,725.769328712643,1e+09,960.658855161394,952.207282685866,977.109914339221,875.55405332852,1093.84931494242,1074.11426226449,728.498012008269,1068.82421711898,822.925765607081,687.152338059036,513.378006833172,1261.04404403653,839.146447767015,706.671079428046,797.610989267324,1078.83187452911,921.143519979379,985.42413746569,268.264717769594,919.72432538234,991.763355594468,693.436056244554
902.650070569985,2063.66240708116,2408.55198993088,2864.7210774873,3237.0055663684,1032.23259234535,912.634657845077,1547.81410098241,641.682367530852,729.890611393242,1248.73029429897,647.810331501436,1519.59421343331,1538.30955675378,2239.66411631298,931.279987705094,931.784806647973,1113.48948742231,795.395591325474,663.216525653576,844.094974869534,746.822151787158,962.316372509582,696.306374737443,1239.68898522976,1445.00275857868,963.839470192002,1349.65422660769,1520.76291153487,562.354967524961,888.230668069956,960.658855161394,1e+09,723.001470261299,907.673669057333,1188.06986743205,1222.53123681974,974.067085369381,442.767194245463,1180.54856448178,1067.18052554383,868.90053613748,595.87997575015,796.383964303652,548.347646662225,509.862102239419,1099.2264242639,927.413747741535,751.656655395268,1126.86764471255,854.596091963917,1037.28335526027,1002.00267200243,1032.91787151738
847.254599456385,2569.48171314761,2923.84618371076,3529.95915234157,3805.22542694911,1459.94291960337,437.809005275131,1806.43277500161,423.602263450043,1134.08526160955,1389.29442016442,1201.9421815545,1433.09206197648,953.182646191169,2660.51775523111,913.324254523003,966.62347059235,1320.64165533274,593.261127582113,1068.19068143286,848.87098960914,358.468799758082,844.14882929493,875.356953191097,1570.53162117163,1744.62844511374,1110.87384715817,889.107885129808,1398.10617840706,343.984774227,898.421391052106,952.207282685866,723.001470261299,1e+09,540.236322270171,1158.03791980228,1061.1870729518,568.264638174856,899.030941569866,853.103448533646,870.985136784779,772.221265376706,805.983805482467,644.423715888855,501.73372001491,327.450909145172,591.401446058428,567.66401497717,322.181543853772,686.309064124903,898.578414051885,1324.3133953487,1332.35482237278,1344.888832246
707.129136014066,2453.67159344929,2790.43271717847,3533.59485556848,3811.13693603366,1705.63487868887,618.861425361122,1697.30717046149,415.956895723583,1253.95496414345,1005.41212813453,1221.06642976539,1401.86863000782,754.941498594427,2542.51200343283,669.164551810689,909.644189889651,1244.34535443341,980.80956887665,1128.65919798671,765.524957986348,697.507728344282,958.414898621677,719.94381725243,1640.49218590032,1771.4516505962,1199.08299345792,1019.51857614268,1338.69581444031,527.29929527736,667.963519512855,977.109914339221,907.673669057333,540.236322270171,1e+09,919.667269723132,1394.70562481837,825.482028211396,992.103338468327,474.249313125491,469.745160060218,487.148384991678,818.930322677088,674.222941689172,590.663209367233,521.518737151409,614.603318490878,148.585448143484,320.113117350727,567.940069197446,889.597065474027,1323.27994339822,1406.8141916401,1319.84959908317
850.019141431533,1835.80315864746,2123.1857466317,3090.9567103892,3369.91331529462,1859.61306921628,1234.97559951604,2020.50281625639,1156.10978566051,1402.70987296019,1213.54780573326,1096.59431783135,1254.21597039744,1414.20503856407,1930.37532381659,1262.89753321479,955.651777898205,1542.55928978435,1294.81343575049,1511.10523763238,1159.25253103023,1346.36751531668,1475.62764100568,517.267189564542,1281.39602683948,1376.45903244521,1675.61817094468,1907.0097092831,1968.51913015851,1131.64032863804,774.463365563536,875.55405332852,1188.06986743205,1158.03791980228,919.667269723132,1e+09,1769.3778831838,1495.73794800426,1199.23727210256,633.362643830531,722.341619734043,873.667767632525,1035.88682625082,1211.48461207726,1075.95109596115,956.660646101845,1175.42123100614,956.553146040512,1061.53364501555,1014.31522309389,942.328883193124,702.685195517879,904.250494055712,959.761342730577
1231.74823649153,2912.18554216588,3205.7609134806,3689.72888302108,4067.88004502345,1452.27919571273,1025.57601351631,2595.46657316175,1163.68564698547,1887.32399195263,2198.38499014618,1588.72895378664,1159.55140735545,1551.15904568165,3135.09237744281,1732.7599729045,1012.01868317734,1728.87625803584,659.70926831446,1332.18492571414,1788.23278277746,1285.98622613152,1236.76020286877,1496.32994539974,2212.82890321416,1731.01892187809,862.872552756199,1297.87069702648,1598.67184953636,1108.21300727793,1262.49581516138,1093.84931494242,1222.53123681974,1061.1870729518,1394.70562481837,1769.3778831838,1e+09,697.952854138444,1137.8309868781,1701.63673558724,1579.04491788549,1356.93226909083,1060.01208139342,1639.93027613981,979.390962180068,1052.22544670807,1099.71363054206,1433.91301985162,1112.61322776606,1159.30918658484,1146.2873468725,1736.84262801786,1607.99804331349,1649.26921983647
904.647685731854,2874.575519168,3197.85993070366,3764.61701289786,4116.27496920456,1567.28155654943,473.372755764419,2087.8379376283,589.216252830826,1570.22743964051,1697.50923004854,1421.810078386,1322.85893454291,1025.94420208898,3042.89594917408,1140.40780210414,937.774863120141,1485.20727388469,588.857405234918,1047.52736933218,1313.20905616737,759.30663160544,794.577166422494,1204.83357991882,2049.96641072482,1893.49329185503,767.901099295997,688.726806796425,1136.86138271119,663.185397230669,956.195443777055,1074.11426226449,974.067085369381,568.264638174856,825.482028211396,1495.73794800426,697.952854138444,1e+09,1012.67127425439,1214.79016010997,1145.03592969828,959.508744879379,889.735520534052,1130.91687820105,568.664470667898,674.004115491886,700.882867817441,840.905259407979,538.050193941049,700.20386481367,1037.78910718893,1661.70254982653,1603.49434476708,1610.87862357783
965.243809511359,1949.85339446329,2290.70326998064,2789.72702920913,3127.83698363582,832.988435694038,1092.28950997435,1870.09932086507,785.215709152587,1047.29385499009,1280.52592078411,824.723404966781,1255.2742148232,1517.6800102459,2156.52995708383,1167.0217481264,687.740455113701,856.464310231314,913.081866537716,849.106120929534,1010.05495647514,1052.96090729903,1222.85073001573,724.947941441315,1374.63065199347,1132.4006984279,828.886668610372,1453.3063700748,1669.24706463723,635.41386276977,820.282141461095,728.498012008269,442.767194245463,899.030941569866,992.103338468327,1199.23727210256,1137.8309868781,1012.67127425439,1e+09,1273.92511067174,999.969252627299,732.129446204699,293.274577145718,1028.74761885508,653.409254831916,619.094718116703,1030.32412739875,1060.42589038556,865.936378667625,1192.16604489475,569.80089882344,1060.40842876695,1066.26896709977,801.783311998946
824.575060864686,2349.61508117819,2669.46660142059,3547.68947622252,3792.05063855956,1972.76450469893,912.302035731588,1822.19500188646,848.723148205585,1382.10404713249,1058.39070621392,1322.40087738174,1462.4700030428,914.583465901281,2391.54485816177,915.672512965198,1082.56032903483,1499.15668037067,1219.96362544135,1448.60545014852,913.243132960769,999.519969335281,1234.59192962695,723.103759221317,1554.68978629179,1799.66121795187,1591.9704845882,1437.00150177375,1653.2022386266,898.901975300978,806.410041480139,1068.82421711898,1180.54856448178,853.103448533646,474.249313125491,633.362643830531,1701.63673558724,1214.79016010997,1273.92511067174,1e+09,495.86472449651,725.428550168795,1087.74765051459,882.747372864967,930.305130857613,809.476744940829,871.363458781696,489.83246380778,724.031852821407,714.728116559017,1053.28713962528,1207.91413113681,1350.60097119764,1335.16877644738
881.072489526259,2179.41085211119,2518.2812789083,3364.58779836401,3566.60594114349,1675.25931998601,1025.07579105157,1927.10940257682,784.677493305371,1365.40449504899,890.263452804843,1299.97781115679,1257.80240292345,850.524237808659,2239.37587756053,988.402208921044,835.40030632027,1067.68485926326,1232.55953016477,1383.63500873605,824.919046876723,1087.5810684726,1364.30359777434,636.682137805043,1541.79059440639,1502.49687407329,1379.1623281543,1394.4656551884,1716.64332101925,737.623318774563,690.085763220775,822.925765607081,1067.18052554383,870.985136784779,469.745160060218,722.341619734043,1579.04491788549,1145.03592969828,999.969252627299,495.86472449651,1e+09,314.943429523462,787.396681603371,876.01688117296,863.982689583536,725.91043262926,688.781781771266,588.794404694882,706.826380732921,841.923675044241,715.308613047543,1199.06842415268,1372.65731477306,1058.95482991486
809.556557011306,2162.53878002222,2504.05020770351,3258.19600842245,3498.7891789875,1430.90484945715,938.277310926786,1905.44568883503,626.850212969574,1292.66934074418,945.318810243402,1176.56205832927,1151.61828875717,920.151677442366,2273.73109271963,955.82969570944,639.905728838241,878.303415853542,1076.13271291231,1175.26797012426,825.597883415407,1006.03869572696,1249.3989448931,607.423814317483,1555.53456772905,1381.36068193647,1096.12918381001,1266.24378967875,1593.52399385764,552.443765825989,581.431314258185,687.152338059036,868.90053613748,772.221265376706,487.148384991678,873.667767632525,1356.93226909083,959.508744879379,732.129446204699,725.428550168795,314.943429523462,1e+09,511.691935054677,859.361830604548,674.186972805023,572.478964679053,612.150435677375,612.799178361068,596.084168972806,830.47838960445,517.777430466026,1192.49000876318,1319.21819203648,966.843697088625
797.624441325615,2029.77530340183,2360.40297099881,2979.80540282415,3299.71087851648,1048.53719666972,966.054320418888,1972.57429616732,693.349962068218,1209.74226474072,1246.27754669656,926.455069768632,1021.36251096268,1297.86267004641,2224.95621786138,1131.69141668566,431.693270274161,889.128550154588,844.493674931909,941.71525855749,1020.6327170437,1037.23393769198,1181.74313279156,626.022578666297,1475.94661414294,1115.77971723813,804.070874114963,1371.76228104581,1602.7715323152,561.564346980825,606.03252882993,513.378006833172,595.87997575015,805.983805482467,818.930322677088,1035.88682625082,1060.01208139342,889.735520534052,293.274577145718,1087.74765051459,787.396681603371,511.691935054677,1e+09,1027.20699476785,550.01378519088,512.903466161031,815.838367509153,904.439714408871,717.559000710046,975.896277172938,352.420870409231,1044.56589634163,1077.23737690446,789.113514394476
1188.25552306732,2377.58080157121,2765.89083302288,3336.71166680611,3520.4642887409,1496.67135941729,966.678800791659,1428.87379820613,682.907575005579,758.69564437922,986.829930484478,1242.17971445359,1861.01480372941,1159.74260342543,2378.2931089544,774.28530187522,1321.33064366948,1142.08477811413,1167.89192783408,1219.95880868987,276.862460799582,553.331987689127,1195.34421770467,903.188400667325,1296.44503180814,1860.34122786654,1475.72640936591,1165.61779567747,1681.10206159531,574.021637484163,1168.54156515718,1261.04404403653,796.383964303652,644.423715888855,674.222941689172,1211.48461207726,1639.93027613981,1130.91687820105,1028.74761885508,882.747372864967,876.01688117296,859.361830604548,1027.20699476785,1e+09,891.539600466519,683.971854903402,957.777925513007,700.694264640435,725.047502305884,1148.57256361973,1117.63461095297,1374.16591738407,1480.46827554663,1347.69914546979
