1e+09,5709.50974851607,6896.20697119076,8108.50053175678,9307.51080979764,15358.0871921343,20810.3556155391,10445.1762578522,10545.9665933237,8116.02793621363,14743.2038061983,15621.7612177149,14598.6011934877,15262.5486446694,12816.5357472837,8558.80857227219,9173.23255236125,15180.4864235603,14779.8111852554,14079.7175765532,15362.0694852614,14330.0633349054,10635.3156013115,7519.97239284161,5657.77688176195,5965.07949270586,12309.9729368183,16310.9952542081,12142.360019712,9646.66678876699,14398.9704451673,19431.1201925159,20125.9959279808,15004.8674681318,18505.2971564117,14021.3308506575,16709.3069029448,16545.214162878,15980.3284450727,17107.0116406841,17113.2875167339,15343.7190739208,15519.2398797557,14937.5592341922,14318.9276578485,14969.4277674566,15839.7236516172,13946.5919631966,15430.880773812,15132.986000357,15999.2617129479,14233.1091329161,16725.4317496859,18978.8801359643
5709.50974851607,1e+09,1708.60199751142,3673.38687707952,4917.18032824708,17003.910858823,23532.3132907243,12479.9417408256,12351.5386200546,9233.66104373558,16954.8926362245,17968.7956266551,16829.1463472542,17513.4128935882,15464.5659538766,10906.8970901169,11157.6191007625,17863.8241135402,17044.0655345666,16419.0664708533,17825.7565194861,16744.4056705277,12999.7291600979,9690.81706042891,6888.6460935223,7286.32855764136,14048.7245251945,18459.8301255022,14051.4564927021,12044.7821841617,16663.1483999393,21714.3745182586,22637.742308373,17109.0100115875,20612.5719115277,16218.0386368636,19022.8932116647,18910.5701266752,18149.7190233788,19397.3035969771,19383.2550308043,17595.1862323137,18045.3299283721,17234.9867812018,16473.0672168573,16981.7566543482,18267.6734428224,16151.9046333583,17755.4698509276,17485.9951483637,18071.0710422875,16314.9280924894,19035.807303243,21268.460531061
6896.20697119076,1708.60199751142,1e+09,2159.23028697728,3499.2775358065,18557.5044750608,25090.1370798866,14002.3739608789,13890.3951480438,10754.4818549617,18484.3713313383,19511.6673196424,18374.4458944807,19086.696535383,16990.4537822243,12415.1775345623,12618.5758220332,19389.9779680793,18596.7109192002,17971.2185364543,19400.7120098387,18274.6351000971,14538.6447654793,11192.5879277851,8433.35778295336,8759.42608826629,15605.3797122755,20013.7345058912,15594.8405111691,13572.0310694605,18180.6220413907,23228.1002345844,24176.7615320787,18651.3259056052,22152.2043500596,17745.2463127537,20545.2994935557,20447.2459015634,19697.1052657872,20951.059383215,20929.0543782346,19154.8937384236,19601.0266840158,18783.4361760275,18023.4267718933,18528.4847300096,19826.6209970005,17692.2358612415,19308.2616894608,19043.6885861091,19625.0730792856,17858.9982645276,20589.3752476441,22809.855201237
8108.50053175678,3673.38687707952,2159.23028697728,1e+09,1508.58143439458,20655.3210733481,27140.1428018038,16062.59596202,15964.9525794285,12839.3657099523,20558.5035209472,21577.0057223239,20442.3429182567,21155.1574846466,19010.9186871939,14426.7665743125,14649.412888413,21426.1315637891,20662.6415243332,20032.3856682523,21449.6895623153,20333.9569189152,16570.1294300678,13196.9353309623,10452.1491497921,10750.0620013282,17688.2483583112,22095.3229338134,17678.1615224095,15596.5714969477,20249.9383818396,25316.9813384712,26243.4615815521,20733.5562224549,24244.4771021814,19823.1354674204,22617.5030616799,22515.963248229,21776.6956105122,23023.0400129088,23008.7987074445,21225.3570111718,21654.420558655,20853.4913831545,20096.6167363713,20616.6673983454,21882.1064477097,19765.2940302643,21375.2928467027,21108.0050243717,21709.5561670869,19938.0724300871,22661.7024194631,24888.0125613879
9307.51080979764,4917.18032824708,3499.2775358065,1508.58143439458,1e+09,21872.257312877,28425.9753600558,17378.8012043553,17248.8783226388,14118.3013279325,21852.7282232219,22865.608593357,21724.4299310661,22413.5421026575,20344.30951933,15777.3217985912,16007.4808553813,22756.071115955,21938.8067083399,21318.0466057798,22716.8174345946,21644.1975736524,17885.5996283155,14546.7538966877,11772.9148043507,12092.6135225434,18933.3400558723,23348.1456596386,18950.2792851715,16928.031186532,21561.3858330744,26610.3238415526,27532.99147768,22004.8998000332,25501.1926399963,21125.584339826,23916.1293803512,23811.8461188838,23051.341139168,24291.3449613273,24281.5714612811,22489.8547497422,22944.6713720136,22135.9473154573,21367.465071145,21878.6189350425,23161.5241287852,21054.0061836697,22654.7970730947,22385.8428469401,22960.8749527778,21215.0406190844,23936.8235123397,26159.9584181894
15358.0871921343,17003.910858823,18557.5044750608,20655.3210733481,21872.257312877,1e+09,7273.07720291762,5247.96102131104,5007.31138114058,7942.19137496699,2345.31433179009,2634.29786172711,2189.674017451,1900.48964488102,4205.40632916725,7239.67372760679,7022.80834633126,3934.14182462961,2166.20993844087,2520.18483907431,2615.84502342933,2983.45496791891,5118.00576944771,8248.51369907937,10490.465447834,10447.7876271056,3132.50484858364,2245.86891986153,3416.91549437501,6078.85005122679,2786.39698176696,5322.08855959763,6260.8652447645,1781.69506958963,3882.42838029242,2538.76005293923,3307.48300814985,3165.03602205409,2127.19474529249,3091.49028086779,3117.72731520895,2054.59601756647,3028.16417239885,2285.93616148833,1987.30963649352,1407.83173493852,2803.25266178416,2386.5263749433,2369.30132140258,2356.72297769594,1765.63841485169,1902.60651226153,2884.19515653848,4705.70665342624
20810.3556155391,23532.3132907243,25090.1370798866,27140.1428018038,28425.9753600558,7273.07720291762,1e+09,11130.9432714393,11231.9679932014,14388.6503235085,6687.04353500858,5630.44698624363,6776.73278228528,6160.52163688271,8330.99622216935,12864.7445441097,12737.3463683336,5964.96978522943,6550.21397972616,7125.86966402698,5736.44897179431,6873.13005821947,10612.1030257108,14052.0009413855,16741.0988335593,16569.898989321,9660.48272688275,5353.03198555735,9567.81768218333,11610.3534583535,7024.524717246,2615.29718854282,1331.64321509179,6572.09171313061,3624.72684630166,7418.44911166748,4736.23328563955,4764.54767942352,5605.27595110178,4318.40430590977,4350.07384231578,6026.97099556651,5497.39843509637,6341.80929017895,7140.4934034771,6767.11934154408,5318.68791176922,7433.98721437561,5829.37751935831,6076.56541162851,5759.38570896237,7338.37396991323,4637.95359922887,2761.96239034857
10445.1762578522,12479.9417408256,14002.3739608789,16062.59596202,17378.8012043553,5247.96102131104,11130.9432714393,1e+09,876.314067729145,3436.43433590692,4544.4507396494,5562.30010615213,4451.70957589329,5292.16691993932,3148.12577636282,2052.44430453058,1948.03114294921,5467.68481812001,4713.15664078757,4061.89559854756,5536.35923834428,4297.97114222513,913.311263425564,3079.41145657738,5675.26458392911,5557.08921601048,2330.85865598925,6275.87604332654,2049.04462886976,1055.12314774153,4214.86118931573,9327.96343078166,10208.5090271939,4827.73733266424,8359.82038707172,3801.35712757957,6591.89531682657,6467.3995160729,5819.04329897965,7052.04604034177,7049.28336631462,5327.03805186334,5665.85993429065,4881.93711585883,4194.28233459552,4777.67588217326,5901.63100876359,3780.40873693573,5397.73566800006,5144.13601307353,5887.10831962518,3995.67565887173,6670.07011307977,8900.42103426012
10545.9665933237,12351.5386200546,13890.3951480438,15964.9525794285,17248.8783226388,5007.31138114058,11231.9679932014,876.314067729145,1e+09,3166.8278141541,4608.96015116208,5629.10795039498,4497.97655787577,5274.211916353,3613.94469344787,2528.55009345277,2362.81397156018,5747.78127670147,4711.4588527228,4115.61607237604,5566.78130923966,4496.21465725337,1389.9581903784,3301.76707945912,5661.8281909733,5567.15107181402,1927.36216552572,6184.34125147538,1800.47391255747,1582.75426481814,4361.62113683662,9374.05094133267,10293.0458119742,4778.6334214815,8311.43042064361,3916.40420673097,6680.90849020551,6584.58738982178,5838.89054928246,7074.9663702381,7064.93032083828,5291.93629904027,5776.63903396257,4914.25574754713,4143.66418747948,4692.00836224745,5958.01795281787,3821.31059732129,5426.77799032723,5184.82942385765,5804.25848370832,3987.70118800293,6720.07621000685,8931.63262881988
8116.02793621363,9233.66104373558,10754.4818549617,12839.3657099523,14118.3013279325,7942.19137496699,14388.6503235085,3436.43433590692,3166.8278141541,1e+09,7757.67249886846,8788.13332761287,7650.2620471393,8408.79734684455,6561.67722244854,2724.60282610145,2716.14249782665,8845.27068978107,7867.35284158528,7270.84484661171,8714.54579800921,7623.92619412072,4051.21086877738,2015.29239474077,2849.0083587803,2889.45416033894,4899.51797169885,9284.78034653486,4877.83197481217,3300.4425763979,7495.50059028748,12494.0133016897,13444.4164238653,7909.49419715319,11413.9304899276,7058.88937401628,9819.43070257131,9742.0163698333,8985.01757811302,10219.3370672613,10200.2997161358,8429.76388426153,8928.65207419351,8067.19494147749,7285.55260139545,7803.04635692369,9118.87178032458,6976.0845428865,8587.24112598453,8338.95849800202,8902.81574176395,7134.92832166519,9874.22426530814,12066.6470348685
14743.2038061983,16954.8926362245,18484.3713313383,20558.5035209472,21852.7282232219,2345.31433179009,6687.04353500858,4544.4507396494,4608.96015116208,7757.67249886846,1e+09,1086.67133458098,484.091538244576,1456.63479129121,2440.66286309683,6447.74732432188,6209.85144680612,1940.51777239993,631.961561251948,881.552425894229,1502.69532184671,924.329021993792,4159.75169182008,7568.07601893639,10194.3026169572,10018.3387741781,3162.8970915444,2015.49737332997,3015.4340224253,5181.292925979,642.066202894998,4802.81960692883,5696.70498767489,735.129255505452,3880.99160864849,921.176978815689,2083.97712768159,2014.63023455919,1483.32907269426,2584.49140420316,2586.5922957629,1166.76897957565,1515.97995431998,717.835440543305,826.61478803612,1053.9116153644,1565.32016479058,903.286605347384,1033.14516758295,1003.48743385256,1733.38423446736,866.986758837758,2239.07014698066,4376.96124001573
15621.7612177149,17968.7956266551,19511.6673196424,21577.0057223239,22865.608593357,2634.29786172711,5630.44698624363,5562.30010615213,5629.10795039498,8788.13332761287,1086.67133458098,1e+09,1217.70429628872,1268.07806786491,3147.26619730521,7419.07559799063,7214.3051127742,1649.15412857622,993.254159769794,1620.57599068973,913.275684500578,1543.17660152686,5108.63620977262,8554.84968833468,11194.1381998035,11015.0189110233,4128.05711824582,1416.40718598149,4017.06362551055,6138.87872089032,1501.17595061338,3869.99533822717,4670.11629309164,1164.63858020418,2999.69343997016,1895.38116781295,1186.84718413956,1069.66852276768,891.601559947043,1623.45054787634,1686.88402016855,915.78188358364,834.277110857058,911.507828874772,1611.80964111771,1496.89287946733,568.405219803619,1866.64820129557,436.59499298549,811.674430236656,1366.36972108577,1775.20340947171,1296.45115484541,3399.56016958077
14598.6011934877,16829.1463472542,18374.4458944807,20442.3429182567,21724.4299310661,2189.674017451,6776.73278228528,4451.70957589329,4497.97655787577,7650.2620471393,484.091538244576,1217.70429628872,1e+09,1266.57642319759,2401.14697065798,6352.47621964065,6175.06545573405,2143.66360882485,575.733623041073,701.548013182277,1353.51579226103,928.810062122499,4066.93281869765,7477.02625066945,10076.9640170788,9938.32810147663,2974.95585101695,2011.75229262949,2881.94441046319,5099.08354050019,959.844275025902,4991.20616427533,5822.97750098693,713.229597044318,3972.0352794254,961.996558049976,2289.83988918439,2139.82983748708,1555.07657615308,2607.66888431028,2642.4959201293,1054.75883134487,1511.17774960459,675.584808665796,615.136262628046,948.655999295846,1608.89075785151,798.675969464463,1081.34696314365,886.974730361581,1650.94035225383,706.445826514674,2265.91984670685,4467.86414491309
15262.5486446694,17513.4128935882,19086.696535383,21155.1574846466,22413.5421026575,1900.48964488102,6160.52163688271,5292.16691993932,5274.211916353,8408.79734684455,1456.63479129121,1268.07806786491,1266.57642319759,1e+09,3253.77320658647,7152.02410288864,7087.30492288853,2368.75348020853,1073.3595276048,1484.77313142446,901.503105651889,1783.83091639875,4904.1097018725,8300.08015851654,10794.1825457188,10728.9565856145,3615.82034419577,1428.25294387934,3592.23144143024,5909.09499994712,1924.36425842406,4544.4384854347,5296.32448862416,1079.07670686564,3356.94097350549,1823.67134136061,2232.87651788002,1880.37964411445,1076.42853905868,2053.04146563093,2078.16369795548,724.051728193504,1279.74077707167,947.101979567143,1378.09565800056,1034.92094905843,1296.79894443973,1708.20749254884,890.643330576275,763.853413620703,1108.88981089196,1490.91975692859,1660.20413892389,3931.28157460134
12816.5357472837,15464.5659538766,16990.4537822243,19010.9186871939,20344.30951933,4205.40632916725,8330.99622216935,3148.12577636282,3613.94469344787,6561.67722244854,2440.66286309683,3147.26619730521,2401.14697065798,3253.77320658647,1e+09,4615.44214432377,4545.51581175338,2541.17138577861,2658.9469503546,2071.86348669501,3183.13313601552,1868.24514670854,2572.28453319224,5829.93189636895,8593.20640899542,8401.72275988086,3131.73982230325,4294.38356007006,2752.56459493687,3476.63481742043,1986.50386030332,6810.85685663706,7494.64042472352,3017.40806673542,6106.33733264876,1932.26947349483,4082.95039683315,3877.87328216124,3597.83745928023,4644.28508004192,4700.53880717945,3285.25357140054,3113.95800639636,2744.28417562759,2541.84527634945,3160.47447176844,3416.68858897032,2054.81026401466,3110.57115568829,2901.1953582963,3994.31666193355,2371.01024867039,4233.43327520347,6386.90397157339
8558.80857227219,10906.8970901169,12415.1775345623,14426.7665743125,15777.3217985912,7239.67372760679,12864.7445441097,2052.44430453058,2528.55009345277,2724.60282610145,6447.74732432188,7419.07559799063,6352.47621964065,7152.02410288864,4615.44214432377,1e+09,1346.50605379256,7067.68547593199,6612.84081961754,5912.898894358,7343.54828275814,6065.70804491941,2413.19733596322,1351.43273117829,4067.73460333882,4012.12973418109,4293.16888999257,8205.06176620262,4010.47741790176,1411.87483570606,6066.31557594888,11190.5725821336,12009.5592468125,6778.28892187402,10293.6557154055,5676.39703616652,8446.94559182193,8289.62634337037,7718.7595776394,8927.746892856,8924.93168115028,7222.91858587649,7427.38407762787,6751.13731740068,6135.17488437779,6742.32112435325,7729.54743298726,5686.10417248049,7264.5762446959,6988.3287498085,7830.21391219934,5946.88169397206,8524.40528465183,10775.2651854096
9173.23255236125,11157.6191007625,12618.5758220332,14649.412888413,16007.4808553813,7022.80834633126,12737.3463683336,1948.03114294921,2362.81397156018,2716.14249782665,6209.85144680612,7214.3051127742,6175.06545573405,7087.30492288853,4545.51581175338,1346.50605379256,1e+09,6907.32709649688,6421.43307077945,5816.46041432416,7268.58509397118,5968.21243243737,2354.19427724222,1738.895282241,4382.5709720551,4003.4869154276,4139.97988370717,8054.01103014517,3929.50199015092,1639.67807071998,5788.05709575329,10914.3163925598,11791.5035562137,6581.12357485407,10059.0996006004,5520.17276884519,8168.47250155744,8089.59976426523,7503.70047733117,8755.03404387442,8777.70546080808,7102.5640698483,7366.67867574662,6630.62751854604,5967.12840051226,6567.05739766298,7552.57253708298,5542.51054364356,7100.9288985808,6899.99450622245,7681.38402318879,5748.53856596614,8376.46251008742,10544.3541135245
15180.4864235603,17863.8241135402,19389.9779680793,21426.1315637891,22756.071115955,3934.14182462961,5964.96978522943,5467.68481812001,5747.78127670147,8845.27068978107,1940.51777239993,1649.15412857622,2143.66360882485,2368.75348020853,2541.17138577861,7067.68547593199,6907.32709649688,1e+09,2041.54824422545,2176.79604290342,1976.34768740219,1745.92090069969,4898.50580195635,8262.94097519763,11000.0167434918,10770.8243912711,4673.18541961476,2944.31814182843,4392.11687451507,5847.68194894353,1750.27815306596,4531.9917510406,5142.62452212876,2441.77746834145,4135.06119238881,2260.93246199439,2127.86901540015,1914.25642582179,2156.55986443688,2813.70764924148,2877.24042486894,2326.5965842191,1578.72138856101,1976.45460689083,2552.54462542773,2731.07219677547,1716.74766448072,2431.09349388295,1812.19368586804,1939.73899932439,2920.11522151096,2553.28644096192,2423.97646826449,4245.03043294156
14779.8111852554,17044.0655345666,18596.7109192002,20662.6415243332,21938.8067083399,2166.20993844087,6550.21397972616,4713.15664078757,4711.4588527228,7867.35284158528,631.961561251948,993.254159769794,575.733623041073,1073.3595276048,2658.9469503546,6612.84081961754,6421.43307077945,2041.54824422545,1e+09,827.924083174297,1075.83796307808,1248.91915182689,4274.34801373262,7714.67481076811,10299.2179159391,10139.0028835729,3175.7077618383,1754.82279065437,3091.06770745967,5312.52719380334,1093.36115158716,4780.22517775052,5609.91605127029,625.889769208604,3754.5420260932,1250.17199112762,2135.05719075626,2021.85578568304,1348.52040985667,2435.66502916555,2475.19941576431,804.536835701138,1361.85713024531,565.284873139199,696.905162916734,925.655355464441,1291.64045926101,1051.34271343839,750.987156348229,746.289797464765,1519.10766076668,945.115351319615,2104.20780732322,4284.50256735832
14079.7175765532,16419.0664708533,17971.2185364543,20032.3856682523,21318.0466057798,2520.18483907431,7125.86966402698,4061.89559854756,4115.61607237604,7270.84484661171,881.552425894229,1620.57599068973,701.548013182277,1484.77313142446,2071.86348669501,5912.898894358,5816.46041432416,2176.79604290342,827.924083174297,1e+09,1543.94328655557,852.181433557432,3618.73022105821,7047.7622373772,9659.64363635119,9537.95875640066,2711.92727548141,2361.87500022757,2494.72597902054,4627.69673699563,1049.17637749808,5426.23151482684,6240.22411735348,1089.69137424318,4444.47682873924,777.050864937425,2763.50277501218,2595.44247491637,2031.13095665937,3081.16960010318,3062.79313129372,1346.18599602729,1672.0807953864,865.981163478745,622.081382618062,1261.64109635031,1944.73219649905,480.079397600022,1399.74782925354,1108.22555109508,2085.54618397675,829.306404895079,2710.93671152611,4952.48263932343
15362.0694852614,17825.7565194861,19400.7120098387,21449.6895623153,22716.8174345946,2615.84502342933,5736.44897179431,5536.35923834428,5566.78130923966,8714.54579800921,1502.69532184671,913.275684500578,1353.51579226103,901.503105651889,3183.13313601552,7343.54828275814,7268.58509397118,1976.34768740219,1075.83796307808,1543.94328655557,1e+09,1718.05253982525,5036.82920273261,8483.33579459755,11072.9369331266,10955.1408765337,4019.57874680917,1458.5615127241,3939.81216429159,6061.09810977351,1937.47049974961,4281.50154399131,4920.62766816389,1363.23058541099,3264.88369837273,2082.49748340784,1885.24292376341,1596.50693105292,1282.35408183543,1822.0631003069,1912.02832034465,777.540082310874,747.374727563088,982.448856175221,1608.13750030898,1580.66928770695,758.801152081361,1926.21041381776,692.001814014964,666.716625111449,1403.38757241184,1870.27459842131,1502.62817935775,3672.37444715269
14330.0633349054,16744.4056705277,18274.6351000971,20333.9569189152,21644.1975736524,2983.45496791891,6873.13005821947,4297.97114222513,4496.21465725337,7623.92619412072,924.329021993792,1543.17660152686,928.810062122499,1783.83091639875,1868.24514670854,6065.70804491941,5968.21243243737,1745.92090069969,1248.91915182689,852.181433557432,1718.05253982525,1e+09,3874.79405848879,7256.97450067864,9945.58265835642,9813.72938244682,3259.07595453067,2544.09215226178,2966.0395012373,4847.48775919032,915.000880655314,5187.79298166378,5982.73759214793,1434.25217196977,4382.69968274122,858.939369804412,2507.24325014547,2308.69835303359,2056.14701813854,2976.92562891652,2942.29844485565,1625.56009768941,1505.79521482836,1050.60344878551,1279.42709784497,1670.39872213193,1950.67575388633,979.847930803551,1506.49456865931,1229.35290628851,2275.51047156457,1289.79723611892,2581.70085699331,4764.36844287887
10635.3156013115,12999.7291600979,14538.6447654793,16570.1294300678,17885.5996283155,5118.00576944771,10612.1030257108,913.311263425564,1389.9581903784,4051.21086877738,4159.75169182008,5108.63620977262,4066.93281869765,4904.1097018725,2572.28453319224,2413.19733596322,2354.19427724222,4898.50580195635,4274.34801373262,3618.73022105821,5036.82920273261,3874.79405848879,1e+09,3465.68706342624,6165.42837850705,5979.65964558185,2375.73701997927,5912.90314223901,2024.10027706139,1080.39172414453,3799.96311862365,8921.47086679657,9735.09726465021,4491.90914248051,8004.39369936287,3472.34064116699,6163.68662482933,6039.38751666094,5445.83686886598,6645.09094174038,6664.52815758925,4925.10903661026,5175.79330760996,4471.2877290217,3831.3006891916,4497.09710286536,5402.43541206186,3419.75065813284,4951.32753779226,4713.08757689691,5573.46018551313,3686.6918927407,6264.16131205926,8492.23446681732
7519.97239284161,9690.81706042891,11192.5879277851,13196.9353309623,14546.7538966877,8248.51369907937,14052.0009413855,3079.41145657738,3301.76707945912,2015.29239474077,7568.07601893639,8554.84968833468,7477.02625066945,8300.08015851654,5829.93189636895,1351.43273117829,1738.895282241,8262.94097519763,7714.67481076811,7047.7622373772,8483.33579459755,7256.97450067864,3465.68706342624,1e+09,2890.37332154516,2719.56543168206,5192.990614694,9302.19090826994,4996.41848755686,2466.13750938588,7196.81163409881,12332.909028145,13175.4621133909,7873.9142011518,11412.2048819674,6837.14531692138,9580.5995475492,9464.06939581489,8858.08398352036,10075.6891121253,10080.6888170551,8340.52507039575,8609.66539421249,7893.22551056917,7220.73689402959,7836.30741062396,8864.36719949597,6812.69277689813,8399.03450618582,8142.11223365903,8936.20631118709,7053.48049357195,9693.18695079694,11922.4088313897
5657.77688176195,6888.6460935223,8433.35778295336,10452.1491497921,11772.9148043507,10490.465447834,16741.0988335593,5675.26458392911,5661.8281909733,2849.0083587803,10194.3026169572,11194.1381998035,10076.9640170788,10794.1825457188,8593.20640899542,4067.73460333882,4382.5709720551,11000.0167434918,10299.2179159391,9659.64363635119,11072.9369331266,9945.58265835642,6165.42837850705,2890.37332154516,1e+09,1229.54850620055,7464.37998121746,11813.2999846529,7404.42024623805,5208.26932808779,9865.04562076628,14980.4080883533,15854.5870695298,10412.850009397,13948.1944663781,9446.51421776308,12249.1518717012,12114.0576749865,11401.9080830535,12662.6930769288,12667.0774455515,10889.8799982644,11262.1731369927,10491.2627585434,9765.42404129488,10312.2148947013,11487.4949400032,9403.86235770707,10998.0140516731,10736.4942248762,11421.3737162918,9583.42348520089,12280.3994796586,14534.0107795027
5965.07949270586,7286.32855764136,8759.42608826629,10750.0620013282,12092.6135225434,10447.7876271056,16569.898989321,5557.08921601048,5567.15107181402,2889.45416033894,10018.3387741781,11015.0189110233,9938.32810147663,10728.9565856145,8401.72275988086,4012.12973418109,4003.4869154276,10770.8243912711,10139.0028835729,9537.95875640066,10955.1408765337,9813.72938244682,5979.65964558185,2719.56543168206,1229.54850620055,1e+09,7422.61765891926,11711.4565458401,7356.95728734373,5051.75594034391,9649.45173125914,14771.8337413302,15651.9951129177,10285.2234382778,13806.6665286013,9320.61143748091,12031.5965450933,11944.2311403204,11257.6365831777,12530.1480934983,12553.8363556205,10784.3737325122,11141.8289801226,10372.5584108984,9641.2264732035,10219.4284688724,11310.901677068,9281.89151337162,10848.552856833,10630.9665518569,11341.092676656,9460.22154738461,12159.5786854274,14365.3046831385
12309.9729368183,14048.7245251945,15605.3797122755,17688.2483583112,18933.3400558723,3132.50484858364,9660.48272688275,2330.85865598925,1927.36216552572,4899.51797169885,3162.8970915444,4128.05711824582,2974.95585101695,3615.82034419577,3131.73982230325,4293.16888999257,4139.97988370717,4673.18541961476,3175.7077618383,2711.92727548141,4019.57874680917,3259.07595453067,2375.73701997927,5192.990614694,7464.37998121746,7422.61765891926,1e+09,4459.48430785444,766.607200657547,3178.73287951347,3128.74077488053,7781.82413666616,8704.62380999317,3136.21363605862,6576.42391110093,2601.02398028161,5182.78354560558,5070.08414213216,4215.65401957988,5407.57884453847,5404.99094933562,3645.15844075398,4331.86442292462,3387.42722764637,2547.18587580491,2974.44793134793,4440.12869680598,2397.28118886792,3879.25557701474,3637.77766544356,4041.16462282842,2411.2068747621,5087.58816928021,7260.9632353497
16310.9952542081,18459.8301255022,20013.7345058912,22095.3229338134,23348.1456596386,2245.86891986153,5353.03198555735,6275.87604332654,6184.34125147538,9284.78034653486,2015.49737332997,1416.40718598149,2011.75229262949,1428.25294387934,4294.38356007006,8205.06176620262,8054.01103014517,2944.31814182843,1754.82279065437,2361.87500022757,1458.5615127241,2544.09215226178,5912.90314223901,9302.19090826994,11813.2999846529,11711.4565458401,4459.48430785444,1e+09,4438.22855120148,6919.5765892936,2601.8049421123,3529.82313313288,4421.47908079412,1491.71938775361,2257.29833542224,2686.58520914562,1718.5951935229,1680.84411100494,1298.89127628143,1334.79613683139,1174.74207705351,1047.26868653655,1611.28911266725,1566.48334488433,2100.29454960489,1596.04536987518,1448.3400711159,2550.66966914573,1284.27838882386,1433.04338294415,627.96368318558,2379.01285778367,1263.90330508311,3001.50849495716
12142.360019712,14051.4564927021,15594.8405111691,17678.1615224095,18950.2792851715,3416.91549437501,9567.81768218333,2049.04462886976,1800.47391255747,4877.83197481217,3015.4340224253,4017.06362551055,2881.94441046319,3592.23144143024,2752.56459493687,4010.47741790176,3929.50199015092,4392.11687451507,3091.06770745967,2494.72597902054,3939.81216429159,2966.0395012373,2024.10027706139,4996.41848755686,7404.42024623805,7356.95728734373,766.607200657547,4438.22855120148,1e+09,2821.70155643718,2905.23517011962,7702.85276470348,8638.51307463269,3075.85264970544,6595.83637814038,2330.75009177303,5084.41906080724,4973.2144560636,4203.68122068028,5392.17300749893,5341.2893034641,3580.14817934956,4143.88587240286,3230.57994838388,2463.96160647848,2969.41508479364,4363.99995539643,2178.06653970901,3778.37136296844,3507.13634367129,4064.81031895709,2358.87589330172,5042.9968864456,7255.01521061121
9646.66678876699,12044.7821841617,13572.0310694605,15596.5714969477,16928.031186532,6078.85005122679,11610.3534583535,1055.12314774153,1582.75426481814,3300.4425763979,5181.292925979,6138.87872089032,5099.08354050019,5909.09499994712,3476.63481742043,1411.87483570606,1639.67807071998,5847.68194894353,5312.52719380334,4627.69673699563,6061.09810977351,4847.48775919032,1080.39172414453,2466.13750938588,5208.26932808779,5051.75594034391,3178.73287951347,6919.5765892936,2821.70155643718,1e+09,4807.83845898549,9926.15189769429,10751.5682220316,5505.67852344287,9028.45986611227,4447.19350780917,7186.53391434981,7057.09020269686,6473.66812707448,7676.79507620205,7672.79003237414,5940.84208476374,6167.57909357472,5476.38394449294,4851.42578432362,5496.20012162949,6440.27831307778,4420.71309677523,5976.84183711599,5721.64894584594,6582.73541269129,4705.57954917351,7285.30907804878,9524.8782806501
14398.9704451673,16663.1483999393,18180.6220413907,20249.9383818396,21561.3858330744,2786.39698176696,7024.524717246,4214.86118931573,4361.62113683662,7495.50059028748,642.066202894998,1501.17595061338,959.844275025902,1924.36425842406,1986.50386030332,6066.31557594888,5788.05709575329,1750.27815306596,1093.36115158716,1049.17637749808,1937.47049974961,915.000880655314,3799.96311862365,7196.81163409881,9865.04562076628,9649.45173125914,3128.74077488053,2601.8049421123,2905.23517011962,4807.83845898549,1e+09,5153.22823133228,6035.92975392358,1329.52817172108,4360.64710116515,819.940284654925,2413.27437884713,2349.6923628637,1909.54907190153,3065.37215924918,3080.45098548898,1747.97920393808,1868.20779963044,1230.55136601444,1208.43792231955,1579.14265622204,1935.58663185092,984.879842772711,1501.3577231293,1498.17776688883,2345.96253081757,1083.73874550096,2691.70393018995,4793.69375714595
19431.1201925159,21714.3745182586,23228.1002345844,25316.9813384712,26610.3238415526,5322.08855959763,2615.29718854282,9327.96343078166,9374.05094133267,12494.0133016897,4802.81960692883,3869.99533822717,4991.20616427533,4544.4384854347,6810.85685663706,11190.5725821336,10914.3163925598,4531.9917510406,4780.22517775052,5426.23151482684,4281.50154399131,5187.79298166378,8921.47086679657,12332.909028145,14980.4080883533,14771.8337413302,7781.82413666616,3529.82313313288,7702.85276470348,9926.15189769429,5153.22823133228,1e+09,1401.59775681185,4665.49407227145,1640.89767837608,5569.16411880634,2803.31637593762,3031.1223859653,3753.99905990931,2639.36777439219,2574.16388468178,4302.22945001775,4016.38612902196,4593.04328536103,5317.68038888198,4852.18330060809,3732.05180757181,5619.18710522261,4100.7910577107,4425.73990991337,3915.25958000233,5470.19255172064,2973.59066453337,1150.67873027183
20125.9959279808,22637.742308373,24176.7615320787,26243.4615815521,27532.99147768,6260.8652447645,1331.64321509179,10208.5090271939,10293.0458119742,13444.4164238653,5696.70498767489,4670.11629309164,5822.97750098693,5296.32448862416,7494.64042472352,12009.5592468125,11791.5035562137,5142.62452212876,5609.91605127029,6240.22411735348,4920.62766816389,5982.73759214793,9735.09726465021,13175.4621133909,15854.5870695298,15651.9951129177,8704.62380999317,4421.47908079412,8638.51307463269,10751.5682220316,6035.92975392358,1401.59775681185,1e+09,5591.17297975121,2547.90239691398,6469.74291132963,3662.05656312133,3771.14178624989,4598.88727745093,3341.90320141084,3395.65138014785,5123.01993112461,4686.84001509546,5432.96809750435,6196.32187001289,5787.97328089894,4413.0344478941,6500.25278729989,4903.73969193921,5200.61686870894,4800.12528279211,6361.84089048131,3691.52990082703,1615.13954740759
15004.8674681318,17109.0100115875,18651.3259056052,20733.5562224549,22004.8998000332,1781.69506958963,6572.09171313061,4827.73733266424,4778.6334214815,7909.49419715319,735.129255505452,1164.63858020418,713.229597044318,1079.07670686564,3017.40806673542,6778.28892187402,6581.12357485407,2441.77746834145,625.889769208604,1089.69137424318,1363.23058541099,1434.25217196977,4491.90914248051,7873.9142011518,10412.850009397,10285.2234382778,3136.21363605862,1491.71938775361,3075.85264970544,5505.67852344287,1329.52817172108,4665.49407227145,5591.17297975121,1e+09,3551.45526345187,1291.34674003538,2140.15389044807,2057.69818051628,1294.18021179432,2354.45618479087,2314.33849473235,715.046781686345,1560.13050800246,628.944887092661,699.984501042702,437.018328105355,1552.6139537567,1125.35521472111,926.422296147928,865.728276770489,1156.7212241504,923.752642377817,2048.78484043591,4186.48222730015
18505.2971564117,20612.5719115277,22152.2043500596,24244.4771021814,25501.1926399963,3882.42838029242,3624.72684630166,8359.82038707172,8311.43042064361,11413.9304899276,3880.99160864849,2999.69343997016,3972.0352794254,3356.94097350549,6106.33733264876,10293.6557154055,10059.0996006004,4135.06119238881,3754.5420260932,4444.47682873924,3264.88369837273,4382.69968274122,8004.39369936287,11412.2048819674,13948.1944663781,13806.6665286013,6576.42391110093,2257.29833542224,6595.83637814038,9028.45986611227,4360.64710116515,1640.89767837608,2547.90239691398,3551.45526345187,1e+09,4641.54181964356,2218.73776469866,2335.71225518042,2682.20959059877,1563.19292206688,1520.6407310407,3166.54923430854,3206.71942531616,3593.45168787616,4220.1297309443,3649.12166979946,2849.38262658773,4618.34781098176,3117.98654581767,3409.04274169451,2595.18822560137,4382.7913786992,1962.84618773352,1088.48433172003
14021.3308506575,16218.0386368636,17745.2463127537,19823.1354674204,21125.584339826,2538.76005293923,7418.44911166748,3801.35712757957,3916.40420673097,7058.88937401628,921.176978815689,1895.38116781295,961.996558049976,1823.67134136061,1932.26947349483,5676.39703616652,5520.17276884519,2260.93246199439,1250.17199112762,777.050864937425,2082.49748340784,858.939369804412,3472.34064116699,6837.14531692138,9446.51421776308,9320.61143748091,2601.02398028161,2686.58520914562,2330.75009177303,4447.19350780917,819.940284654925,5569.16411880634,6469.74291132963,1291.34674003538,4641.54181964356,1e+09,2907.09158703334,2744.28169875106,2156.11523643798,3345.96052990767,3297.3941511442,1766.95255980459,2054.87769168873,1227.19047356146,966.133270361807,1369.22165302043,2318.33383023239,464.276469466201,1743.19792077664,1524.92998993396,2339.65516181338,750.360857654502,2940.30682565613,5164.52655478699
16709.3069029448,19022.8932116647,20545.2994935557,22617.5030616799,23916.1293803512,3307.48300814985,4736.23328563955,6591.89531682657,6680.90849020551,9819.43070257131,2083.97712768159,1186.84718413956,2289.83988918439,2232.87651788002,4082.95039683315,8446.94559182193,8168.47250155744,2127.86901540015,2135.05719075626,2763.50277501218,1885.24292376341,2507.24325014547,6163.68662482933,9580.5995475492,12249.1518717012,12031.5965450933,5182.78354560558,1718.5951935229,5084.41906080724,7186.53391434981,2413.27437884713,2803.31637593762,3662.05656312133,2140.15389044807,2218.73776469866,2907.09158703334,1e+09,652.833750429617,1394.48565750961,1157.51797407211,1251.05752425698,1897.07062588613,1619.02226958124,2018.54245573384,2703.96342643535,2428.8177941336,1252.55304382689,2950.37086839943,1544.87632152221,1905.24734462484,1869.93284002394,2823.87885096015,1103.31147469788,2437.44385492261
16545.214162878,18910.5701266752,20447.2459015634,22515.963248229,23811.8461188838,3165.03602205409,4764.54767942352,6467.3995160729,6584.58738982178,9742.0163698333,2014.63023455919,1069.66852276768,2139.82983748708,1880.37964411445,3877.87328216124,8289.62634337037,8089.59976426523,1914.25642582179,2021.85578568304,2595.44247491637,1596.50693105292,2308.69835303359,6039.38751666094,9464.06939581489,12114.0576749865,11944.2311403204,5070.08414213216,1680.84411100494,4973.2144560636,7057.09020269686,2349.6923628637,3031.1223859653,3771.14178624989,2057.69818051628,2335.71225518042,2744.28169875106,652.833750429617,1e+09,1127.91421788184,1001.12209974608,1141.98021449586,1724.29607547544,1292.70648528581,1838.56985624697,2596.42434313038,2289.69231408939,1038.62576787792,2810.99676403229,1358.33356105929,1647.53970747293,1726.85101502706,2670.6836517641,705.593642190744,2532.05071679064
15980.3284450727,18149.7190233788,19697.1052657872,21776.6956105122,23051.341139168,2127.19474529249,5605.27595110178,5819.04329897965,5838.89054928246,8985.01757811302,1483.32907269426,891.601559947043,1555.07657615308,1076.42853905868,3597.83745928023,7718.7595776394,7503.70047733117,2156.55986443688,1348.52040985667,2031.13095665937,1282.35408183543,2056.14701813854,5445.83686886598,8858.08398352036,11401.9080830535,11257.6365831777,4215.65401957988,1298.89127628143,4203.68122068028,6473.66812707448,1909.54907190153,3753.99905990931,4598.88727745093,1294.18021179432,2682.20959059877,2156.11523643798,1394.48565750961,1127.91421788184,1e+09,1454.09989110102,1561.31148218413,1108.43704133343,1388.24042146885,1308.31053699036,1859.90711803036,1389.33053313457,960.033861486146,2169.7927339034,848.055493585178,1190.01069549815,1094.01352285975,1873.17894807197,1073.43237635167,3210.22585571483
17107.0116406841,19397.3035969771,20951.059383215,23023.0400129088,24291.3449613273,3091.49028086779,4318.40430590977,7052.04604034177,7074.9663702381,10219.3370672613,2584.49140420316,1623.45054787634,2607.66888431028,2053.04146563093,4644.28508004192,8927.746892856,8755.03404387442,2813.70764924148,2435.66502916555,3081.16960010318,1822.0631003069,2976.92562891652,6645.09094174038,10075.6891121253,12662.6930769288,12530.1480934983,5407.57884453847,1334.79613683139,5392.17300749893,7676.79507620205,3065.37215924918,2639.36777439219,3341.90320141084,2354.45618479087,1563.19292206688,3345.96052990767,1157.51797407211,1001.12209974608,1454.09989110102,1e+09,532.699282804098,1877.85814147395,1766.58674242167,2258.64384042726,2954.84871484142,2512.53067443962,1440.48404305636,3313.00166106206,1765.26412202254,2013.84440002201,1533.80211562639,3114.63840886868,522.213562156327,1914.32480060203
17113.2875167339,19383.2550308043,20929.0543782346,23008.7987074445,24281.5714612811,3117.72731520895,4350.07384231578,7049.28336631462,7064.93032083828,10200.2997161358,2586.5922957629,1686.88402016855,2642.4959201293,2078.16369795548,4700.53880717945,8924.93168115028,8777.70546080808,2877.24042486894,2475.19941576431,3062.79313129372,1912.02832034465,2942.29844485565,6664.52815758925,10080.6888170551,12667.0774455515,12553.8363556205,5404.99094933562,1174.74207705351,5341.2893034641,7672.79003237414,3080.45098548898,2574.16388468178,3395.65138014785,2314.33849473235,1520.6407310407,3297.3941511442,1251.05752425698,1141.98021449586,1561.31148218413,532.699282804098,1e+09,1845.79796722177,1737.753728179,2206.51086364876,2944.17303178669,2467.68908266418,1607.14028541382,3279.3671414619,1791.15016896965,1991.03667469989,1467.30404715587,3130.34241732434,686.486796814039,2008.19279709394
15343.7190739208,17595.1862323137,19154.8937384236,21225.3570111718,22489.8547497422,2054.59601756647,6026.97099556651,5327.03805186334,5291.93629904027,8429.76388426153,1166.76897957565,915.78188358364,1054.75883134487,724.051728193504,3285.25357140054,7222.91858587649,7102.5640698483,2326.5965842191,804.536835701138,1346.18599602729,777.540082310874,1625.56009768941,4925.10903661026,8340.52507039575,10889.8799982644,10784.3737325122,3645.15844075398,1047.26868653655,3580.14817934956,5940.84208476374,1747.97920393808,4302.22945001775,5123.01993112461,715.046781686345,3166.54923430854,1766.95255980459,1897.07062588613,1724.29607547544,1108.43704133343,1877.85814147395,1845.79796722177,1e+09,1078.36041637293,607.603590838632,1171.7475432447,919.888306426384,1109.87520199345,1591.15114470625,581.949419795226,492.145356373501,851.101729877222,1472.93585036824,1577.39374272881,3756.17106281117
15519.2398797557,18045.3299283721,19601.0266840158,21654.420558655,22944.6713720136,3028.16417239885,5497.39843509637,5665.85993429065,5776.63903396257,8928.65207419351,1515.97995431998,834.277110857058,1511.17774960459,1279.74077707167,3113.95800639636,7427.38407762787,7366.67867574662,1578.72138856101,1361.85713024531,1672.0807953864,747.374727563088,1505.79521482836,5175.79330760996,8609.66539421249,11262.1731369927,11141.8289801226,4331.86442292462,1611.28911266725,4143.88587240286,6167.57909357472,1868.20779963044,4016.38612902196,4686.84001509546,1560.13050800246,3206.71942531616,2054.87769168873,1619.02226958124,1292.70648528581,1388.24042146885,1766.58674242167,1737.753728179,1078.36041637293,1e+09,1026.54776313623,1871.06146406258,1832.6878565375,875.596100379621,2027.73329989424,822.355095442352,763.871632671354,1624.82971784738,2086.13611010883,1389.15369142511,3528.21822081628
14937.5592341922,17234.9867812018,18783.4361760275,20853.4913831545,22135.9473154573,2285.93616148833,6341.80929017895,4881.93711585883,4914.25574754713,8067.19494147749,717.835440543305,911.507828874772,675.584808665796,947.101979567143,2744.28417562759,6751.13731740068,6630.62751854604,1976.45460689083,565.284873139199,865.981163478745,982.448856175221,1050.60344878551,4471.2877290217,7893.22551056917,10491.2627585434,10372.5584108984,3387.42722764637,1566.48334488433,3230.57994838388,5476.38394449294,1230.55136601444,4593.04328536103,5432.96809750435,628.944887092661,3593.45168787616,1227.19047356146,2018.54245573384,1838.56985624697,1308.31053699036,2258.64384042726,2206.51086364876,607.603590838632,1026.54776313623,1e+09,886.500675183048,924.251276926356,1278.67344470744,1114.6931798033,648.757263234871,368.508060156084,1342.26581547769,1136.71951663548,1891.62822256383,4120.97394098774
