1e+09,1356.6734091151,733.232604225971,1492.47726103281,2127.83366173204,1681.04225440647,754.14000285093,2174.64912162859,1290.16492724768,1690.94003178705,1553.12506969014,1388.03238074621,1312.41758019313,1281.20576200702,1392.05909292673,1646.55059239004,1071.74906503342,1483.91756509585,1147.85062634473,2265.53749845373,1696.59593878448,1684.19416701282,1555.12809568858,1045.29492168478,1632.98590395018,1195.25824130185,1000.61804990716,1696.34744350914,1191.68626324213,1190.27214312526,656.724428280234,1655.0497893417,1943.29842628455,2190.84812650261,1224.42402161179,1342.81115779547,2003.29203782175,1723.03691254715,1649.90998066561,1478.36358268188,1244.13995410484,1226.89949184927,1159.8198762739,1518.52375990631,1207.11019496979,1556.6536810736,1596.74346286434,1185.28447408207,1207.91438736361,1337.93659192056,1426.09109568779,672.896038032622,1169.94944548899,1405.85116498867
1356.6734091151,1e+09,720.251552375974,906.464720493854,1349.5998019413,1555.76895228694,1681.40613829616,2560.38165350402,1855.58260487104,1739.48684355473,1387.04681517965,1810.54548791241,2023.53518659795,1679.91813181476,1567.0989686679,2591.10144647021,1605.03360288811,1345.12736668317,1878.30287712073,2494.93854279018,1872.77177672561,1796.71909451645,1786.02151700364,1190.62733980872,1289.46895142923,1416.88499222767,1529.83724872942,2015.00648949327,1959.37783232331,1587.03658707038,1369.77479692831,2494.87912348474,2017.310812344,2560.85881449954,1568.34649771662,2304.98776137749,2012.41324707427,1865.18992180421,2066.70160059453,1846.75598458486,1670.28086362743,1747.63919843313,1825.54327009797,1922.06427166211,2198.93240446358,2177.17040288536,2175.68638636178,1848.48411340211,1732.82729837685,1978.52868773743,1822.81518388453,1305.73132971527,1060.8603898723,1759.64374289229
733.232604225971,720.251552375974,1e+09,1206.87019757719,1674.35006772777,1501.86013043825,993.702904192194,2100.50027343488,1233.29599423658,1365.36090086101,1084.22393674001,1293.83611508568,1445.05444987378,1146.08285786849,1145.28265921562,1943.91702616135,1030.27031913959,1073.25770917334,1229.57333514516,2107.66635922292,1440.3332374836,1359.45522732453,1317.94600841613,638.237643045285,1225.48392041675,1073.74606220465,1034.08571854561,1502.37396176851,1318.71394104256,1030.19367713066,671.49550765437,1864.94404122483,1651.53789956513,2042.06918391616,998.035870998633,1637.0855799255,1673.54043091286,1425.99660262569,1520.59076947087,1321.15223335541,1101.78042208963,1149.05460261904,1237.31844627808,1425.58227124919,1541.35681115698,1569.71141185251,1592.64343193949,1246.77863664726,1142.03702781477,1380.60922309682,1279.71682176175,699.840080804179,883.352844168173,1262.46680487053
1492.47726103281,906.464720493854,1206.87019757719,1e+09,1027.5389091903,1110.58222018903,1886.28302377984,3030.69577541198,2255.48583254251,2171.25851583822,2074.40959002797,2233.18468871251,2246.38229201977,2003.9161291082,1836.80040714826,2768.91027254406,1921.77518115413,1597.31976319709,2131.42662916179,2978.02195176597,2278.87404939369,2343.5752247581,2422.9312539773,1775.74052862461,1508.13146184277,1394.43387060843,1675.92254901591,2461.72635445128,2429.59949701592,1881.91386588228,1780.82448663533,2613.88860644443,2503.31866235603,3053.13471112888,2090.7480052364,2497.05617257602,2566.48083630095,2421.54312922566,2456.988362447,2360.50735701035,2072.44337821326,2085.40101558429,1965.73944700207,2170.10023932076,2273.51427756678,2503.71869987425,2437.26214275363,2144.70063733846,2086.36046724913,2367.48421264008,2180.56588689725,1490.44293829049,1378.89576658281,2010.65501004026
2127.83366173204,1349.5998019413,1674.35006772777,1027.5389091903,1e+09,1071.12287665795,2187.64866701671,3044.7243076837,2343.40814927746,2001.87320315249,2114.37746797964,2458.03380839239,2569.74274412829,2100.679704191,1740.46051319758,2918.89579336091,2223.27417890822,1396.65850120923,2290.82550387409,3099.99155894012,2119.35035638282,2283.27765381261,2647.69604142923,1984.81158997523,1438.77765804866,1604.8225961146,2087.38096489357,2429.2949019623,2819.29004361027,1906.35222797362,2197.3849095914,2710.32111318936,2484.99212091306,2951.93681026542,2206.28290518238,2720.70847219984,2601.18992117069,2478.06103641537,2423.62290006098,2496.05894349472,2194.9466123348,2192.7859987468,2135.22331745417,2076.34590986184,2505.6964814598,2516.20427028491,2434.0368606494,2349.93036213842,2239.97052752932,2635.73710631391,2205.73578123038,1849.60161396988,1883.18857319176,2038.36075337512
1681.04225440647,1555.76895228694,1501.86013043825,1110.58222018903,1071.12287665795,1e+09,1695.79825167972,2962.78032174172,1993.07911348245,1978.8379050847,2209.07647916499,2037.96233044186,1819.74277531194,1657.21321968539,1565.82270627935,2501.15740524262,1607.72939212418,1223.3419109554,1725.06444949167,2686.30788659826,2032.97264497091,2127.53926588912,2375.22742908969,1805.29907677371,1488.27542975082,957.812000707864,1361.1067699119,2067.51630765032,2373.05483356369,1534.08255234195,1772.60139743824,1982.88066728686,2162.38913248749,2642.4580908881,2012.09176878193,2177.53164564835,2256.59951774789,2115.02945442847,2039.34567844689,2230.04229092186,1814.03235822849,1723.09005185452,1451.13223260322,1885.94699233568,1841.75425746759,2139.69484765936,1887.07314349497,1920.00907727021,1792.47400045301,2119.21184955634,1784.71654979159,1396.09429047611,1564.58710677929,1483.41466374039
754.14000285093,1681.40613829616,993.702904192194,1886.28302377984,2187.64866701671,1695.79825167972,1e+09,1666.7475932186,655.352145033492,1172.24228664555,1314.19262705282,1023.24068835245,1106.71024776136,760.540586096495,887.678297076142,1035.95410564368,843.682874366903,1195.24953298464,533.769430653349,1903.81506460055,1112.47396868421,1166.40032154488,1283.83430765033,845.564798344869,1479.43347069072,1195.55694364593,991.723381946801,1091.88324375823,939.564636786634,614.906608843977,608.225721422565,1024.0759210625,1505.71846362459,1540.54294523067,798.503931612111,703.590234866858,1751.86982584323,1330.76800093029,1082.74970681132,1012.15268586316,709.654565334431,620.593178499409,646.672952658452,896.515734998555,598.787034178263,907.832265619591,905.293681133366,634.806226655032,653.368619769881,920.644619112066,949.80341044871,516.239813943094,1382.2762768347,896.611021458024
2174.64912162859,2560.38165350402,2100.50027343488,3030.69577541198,3044.7243076837,2962.78032174172,1666.7475932186,1e+09,1402.74971591514,1162.76904607063,1352.15472705604,1467.62020366306,2452.43941344124,1520.74405893957,1429.95847967695,1322.63640925993,2084.25048341124,2168.7889149938,1805.63769571861,1861.24571432683,1145.20716470864,1206.28336397382,1487.18511867218,1634.24252285271,1864.04193576754,2676.09777317646,2364.46039738457,1416.64569088393,1551.23329728316,1629.9981569008,1882.74405586633,2025.31214976852,1626.22761112951,1423.0649450394,1417.6496742496,1409.29415967711,2510.81199602838,1832.58687848626,1838.42609443513,1048.78165325295,1379.39808387572,1549.52843713822,1928.58343750018,1266.00909301632,1790.63439233139,1609.42081085091,1658.4437598544,1272.39438630481,1437.99625799235,1542.86657614973,1976.5038193234,1808.27577625759,2274.81060547906,1830.04143753632
1290.16492724768,1855.58260487104,1233.29599423658,2255.48583254251,2343.40814927746,1993.07911348245,655.352145033492,1402.74971591514,1e+09,844.438834729905,1036.97208303792,1022.85620802731,1213.58512841086,736.950315760839,818.815711805776,1082.60035627188,961.669979098859,1087.42687933488,500.16615369295,1741.15825719548,715.984693551475,702.130867360209,1061.88329099765,733.155502332213,1597.17808299513,1410.49229140042,1306.99297874931,644.238528186572,969.142010801307,478.254657896815,823.991420707765,1032.52115266468,1253.34862121439,942.935508558247,413.988744532989,878.564501217753,1397.60249037414,974.514242943632,574.240177277766,783.321521918044,579.002259667439,475.773620538171,852.423839002641,723.445425239527,941.219921644246,451.64955164375,651.939789474458,767.634843138325,616.163339626758,930.161737387644,610.215752254889,967.577966005841,1673.26992410071,850.046481199705
1690.94003178705,1739.48684355473,1365.36090086101,2171.25851583822,2001.87320315249,1978.8379050847,1172.24228664555,1162.76904607063,844.438834729905,1e+09,754.716879366031,1187.85375661316,1873.01782407429,887.637086370325,474.808860806114,1444.077312958,1451.90300664335,1062.06425347057,1192.67786543559,1805.94595323337,225.220278838296,539.824122562154,1260.46061703649,921.460168753918,1114.56666871031,1735.06293894487,1702.23939177191,854.327826890825,1489.46354419972,762.531865170237,1338.2670847032,1608.32053754841,1183.54017333591,1183.53402954879,781.367650853297,1345.41413653938,1784.33249499638,1246.33018446157,1141.81895412539,855.711813346059,808.102352366332,911.460700085308,1281.44348384937,571.766994238038,1453.92700941278,1089.76426675681,1100.43513843388,990.666598306413,921.472655644214,1328.75132161741,1178.97368711095,1180.51536436423,1691.648003723,1070.73054957818
1553.12506969014,1387.04681517965,1084.22393674001,2074.40959002797,2114.37746797964,2209.07647916499,1314.19262705282,1352.15472705604,1036.97208303792,754.716879366031,1e+09,1251.02981263438,1921.58095814358,1166.96223396475,989.402196227601,1800.939241396,1469.32779266575,1258.10335580985,1415.21556743134,1870.44462724776,862.962342979113,730.440476904176,1009.73808638676,640.467478331258,1289.25493452614,1811.9643692137,1729.48975657562,1156.94300594282,1345.46009680704,1074.15488790025,1164.57332229448,2008.79904716724,1348.96387449776,1471.69126283334,681.860486316666,1659.24319061432,1654.3092342425,1227.86637803142,1353.5443709757,900.931919458957,1003.20345319382,1165.6772772084,1573.47006704926,1139.13705887395,1792.53285501271,1376.95527418286,1525.25407401521,1231.67271586246,1137.81500495467,1405.1471138283,1323.8240693914,1254.25454438084,1522.44913534082,1398.22471012352
1388.03238074621,1810.54548791241,1293.83611508568,2233.18468871251,2458.03380839239,2037.96233044186,1023.24068835245,1467.62020366306,1022.85620802731,1187.85375661316,1251.02981263438,1e+09,1307.4020871943,525.254832819271,1089.25574453385,1563.5668588519,845.957952619396,1551.74497337675,1061.85124890448,922.867169477818,1234.73637732919,897.099092965766,633.775897301246,964.331476464395,1287.98840386861,1727.11125958926,1062.87397813664,804.877643558324,721.917956003312,1023.93757539217,974.559455087272,1355.02880013674,690.341897902771,1366.66587994286,1080.75946033333,1052.86073832203,1655.68172388294,881.96597576097,1392.61324706467,507.855194519068,502.51543797181,699.38667294995,925.186919600575,1319.86044178921,1171.07489478684,1432.03966439481,1022.09397992553,555.716057083112,480.396605316899,342.537802877289,1344.06584317882,914.781353548486,1101.01978138451,806.2486274717
1312.41758019313,2023.53518659795,1445.05444987378,2246.38229201977,2569.74274412829,1819.74277531194,1106.71024776136,2452.43941344124,1213.58512841086,1873.01782407429,1921.58095814358,1307.4020871943,1e+09,1172.09914256431,1641.11395594578,1871.35782054101,559.296700329977,1480.01072388007,807.533944921202,1821.47178224094,1813.65795261951,1598.60022125608,1446.37881863639,1320.07348647717,2077.2743058874,1105.33430580979,719.19717685764,1297.43222285405,1200.03988267057,1183.39750088464,948.163101317489,1029.00627199255,1566.54269772643,1695.99971650941,1381.82370912501,1395.46725167594,1232.28460722351,1149.99640860309,1166.32792845752,1528.68607123896,1194.44676105719,1004.9385454345,824.090750585152,1761.40540421562,1158.12600117604,1347.66299281386,1093.46666030565,1348.41701364971,1118.37828689581,1094.27949053247,981.7875287454,1219.53512372543,1585.68158657405,1008.70957985934
1281.20576200702,1679.91813181476,1146.08285786849,2003.9161291082,2100.679704191,1657.21321968539,760.540586096495,1520.74405893957,736.950315760839,887.637086370325,1166.96223396475,525.254832819271,1172.09914256431,1e+09,667.749311942738,1388.22284936533,714.793861613263,1103.51653109503,719.321004837201,1293.53688834142,906.38711558583,735.460934788518,931.083802780394,812.937852421696,1107.50496111756,1357.86880964252,938.118586213918,592.857962668968,978.838101322175,560.49973532554,883.02718095198,1067.96409068845,787.774998206975,1235.91766238694,868.336453398105,929.313816694878,1527.7911754556,857.62411964683,1060.4751200759,641.14716890898,233.778896395718,314.461393337879,554.808896287722,930.581385693911,916.75566559471,1100.77053312668,662.819911438997,464.75548420648,205.441619444552,610.583748882985,985.147286856133,683.578462358199,1174.17503763281,373.21167278101
1392.05909292673,1567.0989686679,1145.28265921562,1836.80040714826,1740.46051319758,1565.82270627935,887.678297076142,1429.95847967695,818.815711805776,474.808860806114,989.402196227601,1089.25574453385,1641.11395594578,667.749311942738,1e+09,1353.63982354982,1217.93882038467,861.270715861163,977.786699030008,1837.35873576719,529.693421235341,786.305372867311,1343.47647444978,872.350897918951,899.588863036888,1399.64596387801,1377.33116722159,914.653907387926,1432.78430386433,513.960889270769,1149.35103232215,1383.94158829049,1225.45509677018,1403.97851173015,837.9123836655,1161.88336174506,1812.45270432086,1288.52568100135,1148.30519806365,937.223486154716,683.123844701677,730.053314696947,949.342817216205,483.5542834057,1152.53497231104,1078.88335541893,961.787782101644,800.110882128221,746.679265950247,1214.77074479097,1088.11537053752,819.617711741273,1437.64340940304,815.03845326463
1646.55059239004,2591.10144647021,1943.91702616135,2768.91027254406,2918.89579336091,2501.15740524262,1035.95410564368,1322.63640925993,1082.60035627188,1444.077312958,1800.939241396,1563.5668588519,1871.35782054101,1388.22284936533,1353.63982354982,1e+09,1732.46664513346,1927.30679013488,1197.81580708388,2247.19359557649,1295.34093681934,1537.38496281836,1818.28084313178,1637.21316425199,2079.07174633296,2113.36168250965,1937.69999243949,1453.57362090814,1427.58072013459,1291.91566156619,1550.39957952781,1203.71490033978,1959.36512352854,1542.89117629858,1352.53392659852,615.321303873025,2432.58541961017,1932.0692589294,1480.83248823086,1364.32247357434,1310.40282108213,1262.33677622099,1374.66162407336,1000.52908478465,882.102085985517,1054.68048512334,1210.82664105973,1061.95590548761,1263.94526625958,1422.82605503976,1564.72938685895,1445.77454829583,2275.49173707575,1560.17413323001
1071.74906503342,1605.03360288811,1030.27031913959,1921.77518115413,2223.27417890822,1607.72939212418,843.682874366903,2084.25048341124,961.669979098859,1451.90300664335,1469.32779266575,845.957952619396,559.296700329977,714.793861613263,1217.93882038467,1732.46664513346,1e+09,1189.52112339378,680.154951904344,1499.10152915004,1444.60096016166,1189.94235314153,1033.88874459489,877.908873915739,1553.46197851766,1029.07237967016,436.790657638187,980.798008409479,928.294101887974,845.849832712639,610.106241977575,1114.04203708837,1151.63355196,1535.92453551599,1044.50655962517,1222.60306424448,1202.07421135303,839.91253294614,1090.95429432218,1093.34494767205,743.8887689702,638.749874129146,582.577366879284,1441.69613324029,1060.5273161027,1259.24798764977,938.579042063054,951.672036312931,688.960451404869,745.645790573514,888.549982274492,788.593194238956,1102.57079618499,644.861210261557
1483.91756509585,1345.12736668317,1073.25770917334,1597.31976319709,1396.65850120923,1223.3419109554,1195.24953298464,2168.7889149938,1087.42687933488,1062.06425347057,1258.10335580985,1551.74497337675,1480.01072388007,1103.51653109503,861.270715861163,1927.30679013488,1189.52112339378,1e+09,1064.67102139581,2223.15889668283,1074.43756984759,1170.03668600604,1639.00377138065,963.123952406958,1310.99491482614,847.843444746729,1312.46092360878,1220.68049288092,1780.45979297484,708.317188765034,1203.71153699713,1571.81384692972,1554.33067311946,1661.84791807193,1025.83993502885,1711.18452882791,1404.40400725717,1307.75296879801,1033.97399285475,1489.50606188763,1132.02400619422,1032.47307766353,1113.52673896948,1100.89045903759,1530.16786811121,1208.65774369753,1217.82241086293,1421.35590177126,1189.73232846721,1616.45459936244,831.386661427762,1111.05512680515,1566.92620311232,980.268329438425
1147.85062634473,1878.30287712073,1229.57333514516,2131.42662916179,2290.82550387409,1725.06444949167,533.769430653349,1805.63769571861,500.16615369295,1192.67786543559,1415.21556743134,1061.85124890448,807.533944921202,719.321004837201,977.786699030008,1197.81580708388,680.154951904344,1064.67102139581,1e+09,1786.92219312985,1088.54154679553,1055.52493480732,1255.89329204356,922.223132923915,1671.73506025925,1100.32128771555,968.43413684153,819.182214345502,1030.21696355671,506.21947878366,751.899618100714,696.960127840897,1345.37995830174,1216.71988814188,795.663437201937,840.680294939759,1370.37101516341,1039.81067959509,655.471226599612,1059.64611838104,688.134974986739,434.932669616804,481.020993512757,975.55317220539,672.903465884966,639.346338223658,529.546132645684,825.257622624596,633.724130043981,897.733367320164,540.352930037397,852.604345520242,1585.00551513236,666.15730642244
2265.53749845373,2494.93854279018,2107.66635922292,2978.02195176597,3099.99155894012,2686.30788659826,1903.81506460055,1861.24571432683,1741.15825719548,1805.94595323337,1870.44462724776,922.867169477818,1821.47178224094,1293.53688834142,1837.35873576719,2247.19359557649,1499.10152915004,2223.15889668283,1786.92219312985,1e+09,1857.91127091689,1402.10801206612,1036.83954703705,1732.02481818246,1892.34718204668,2437.15942705848,1712.1157261412,1243.85958942318,1361.88820323109,1793.48689050129,1794.16276023108,1871.30368019197,722.752427252929,1570.82033240597,1818.42720635169,1757.73645134872,1899.58150477941,1149.13950375923,1933.35471049676,1161.39918766116,1303.37417624411,1444.52321968184,1639.54466980927,2055.94958821952,1908.60501914356,2076.12043145382,1559.73422219941,1401.05140940652,1298.56136347113,1024.76025327879,1962.00731841143,1811.31739485381,1712.4725866711,1414.85209460212
1696.59593878448,1872.77177672561,1440.3332374836,2278.87404939369,2119.35035638282,2032.97264497091,1112.47396868421,1145.20716470864,715.984693551475,225.220278838296,862.962342979113,1234.73637732919,1813.65795261951,906.38711558583,529.693421235341,1295.34093681934,1444.60096016166,1074.43756984759,1088.54154679553,1857.91127091689,1e+09,561.627399883588,1305.82776142185,965.183442149729,1300.01822148768,1724.10411185056,1721.04914494038,798.850548100206,1466.51585531831,706.029828973252,1331.05025246983,1476.34071951565,1250.88485964936,1049.61400214555,728.82673523959,1243.16532818447,1753.79631425659,1249.28767531742,996.490846219874,883.472654189138,812.502054582018,863.188091090233,1237.16650273922,446.203976338177,1356.48335938927,897.890665782867,983.31470928691,982.083768015743,911.626218852881,1319.70366457777,1072.80874935843,1215.88063127101,1817.03128033064,1062.75854369654
1684.19416701282,1796.71909451645,1359.45522732453,2343.5752247581,2283.27765381261,2127.53926588912,1166.40032154488,1206.28336397382,702.130867360209,539.824122562154,730.440476904176,897.099092965766,1598.60022125608,735.460934788518,786.305372867311,1537.38496281836,1189.94235314153,1170.03668600604,1055.52493480732,1402.10801206612,561.627399883588,1e+09,814.963615629557,773.356408068104,1325.45956049213,1732.47703546108,1528.74681919538,470.819536659217,1169.65994844656,779.455469093649,1164.13414033779,1486.18908749863,806.454989816543,850.167377873322,650.501910450692,1301.60505626707,1397.34046080402,765.326483012316,943.808875408575,551.076982825449,591.853310711362,720.555480792423,1181.28223469245,911.389484249188,1437.71754597348,1030.51050717593,937.765925271333,912.594556470725,723.9583782235,1007.83100726263,1010.78487097898,1203.43416562768,1596.07887048228,916.708398292499
1555.12809568858,1786.02151700364,1317.94600841613,2422.9312539773,2647.69604142923,2375.22742908969,1283.83430765033,1487.18511867218,1061.88329099765,1260.46061703649,1009.73808638676,633.775897301246,1446.37881863639,931.083802780394,1343.47647444978,1818.28084313178,1033.88874459489,1639.00377138065,1255.89329204356,1036.83954703705,1305.82776142185,814.963615629557,1e+09,848.268198213277,1584.25513459796,1893.76754164813,1357.44871291699,884.607295414186,699.247067065712,1212.25058387282,999.227788794927,1694.57939094042,824.83071123716,1270.42048369821,957.343197761388,1420.8272050816,1384.32896408332,701.26486693688,1353.32626432062,564.336200859027,775.696605896919,956.150546671391,1323.08709788887,1525.53701003942,1584.58580499763,1469.93997367239,1293.51717483766,995.895302679955,841.945654421947,716.230950601829,1337.43009035987,1247.19415537437,1322.14902299249,1159.72879885773
1045.29492168478,1190.62733980872,638.237643045285,1775.74052862461,1984.81158997523,1805.29907677371,845.564798344869,1634.24252285271,733.155502332213,921.460168753918,640.467478331258,964.331476464395,1320.07348647717,812.937852421696,872.350897918951,1637.21316425199,877.908873915739,963.123952406958,922.223132923915,1732.02481818246,965.183442149729,773.356408068104,848.268198213277,1e+09,1260.912616322,1269.08776934458,1131.82793617228,960.976833123463,986.595675492245,692.57773267699,559.653601971791,1580.10152120046,1224.88085824704,1435.97888838938,434.631198834138,1350.18962009045,1320.06934624663,937.776590931977,1047.28054493531,819.067292900895,669.178706400615,748.381454473586,1068.25589532658,1082.70774574675,1366.31629152989,1123.42272262047,1183.97087510631,943.648871985762,763.503724221434,1034.46225513549,901.329654732385,776.677615809803,1157.29100830344,983.008165988462
1632.98590395018,1289.46895142923,1225.48392041675,1508.13146184277,1438.77765804866,1488.27542975082,1479.43347069072,1864.04193576754,1597.17808299513,1114.56666871031,1289.25493452614,1287.98840386861,2077.2743058874,1107.50496111756,899.588863036888,2079.07174633296,1553.46197851766,1310.99491482614,1671.73506025925,1892.34718204668,1300.01822148768,1325.45956049213,1584.25513459796,1260.912616322,1e+09,1709.10054528691,1530.338659611,1512.93375882753,1814.99498227957,1261.63677554199,1537.70368706068,2055.79039405772,1380.68062603196,2099.19502121647,1490.05361165295,1783.105595471,2226.68799442131,1663.83271151279,1920.10024904951,1338.11072228721,1195.39403725299,1349.33681273432,1446.85727710096,1342.4469756009,1758.02593578707,1941.5012789849,1671.39723737357,1259.69042736698,1248.76251028769,1564.96005971399,1791.20489567777,1079.20556359759,1072.90732661307,1263.2556374701
1195.25824130185,1416.88499222767,1073.74606220465,1394.43387060843,1604.8225961146,957.812000707864,1195.55694364593,2676.09777317646,1410.49229140042,1735.06293894487,1811.9643692137,1727.11125958926,1105.33430580979,1357.86880964252,1399.64596387801,2113.36168250965,1029.07237967016,847.843444746729,1100.32128771555,2437.15942705848,1724.10411185056,1732.47703546108,1893.76754164813,1269.08776934458,1709.10054528691,1e+09,936.215396369874,1634.27573508879,1811.6922872828,1078.23709243376,1122.29102255164,1531.15894700714,1920.12769143096,2126.12318565976,1422.87449745225,1792.48777415635,1536.61896155163,1587.24009053451,1360.92631119396,1848.68573830167,1424.35349355418,1259.94550576602,1055.73303907759,1611.1502730658,1465.23824485986,1514.24882334443,1448.62644149553,1614.50446883866,1406.55895624748,1696.09489657861,1055.17740915924,1096.55529865119,1489.74432021069,1168.99145621343
1000.61804990716,1529.83724872942,1034.08571854561,1675.92254901591,2087.38096489357,1361.1067699119,991.723381946801,2364.46039738457,1306.99297874931,1702.23939177191,1729.48975657562,1062.87397813664,719.19717685764,938.118586213918,1377.33116722159,1937.69999243949,436.790657638187,1312.46092360878,968.43413684153,1712.1157261412,1721.04914494038,1528.74681919538,1357.44871291699,1131.82793617228,1530.338659611,936.215396369874,1e+09,1347.10649285793,1207.04951903391,1084.48860791619,809.394494730475,1306.32255442521,1411.30938500387,1940.65880406629,1369.64612520899,1410.60916475826,1524.50524964659,1222.46894741748,1457.70444428903,1396.43571631493,1032.91349153741,952.036771506227,705.438106569244,1654.52902918021,1166.41972385587,1589.49565101638,1236.47040926987,1141.49832549154,961.489492714299,1015.04104557402,1216.69148184739,778.461946533034,935.019202369663,848.947010537171
1696.34744350914,2015.00648949327,1502.37396176851,2461.72635445128,2429.2949019623,2067.51630765032,1091.88324375823,1416.64569088393,644.238528186572,854.327826890825,1156.94300594282,804.877643558324,1297.43222285405,592.857962668968,914.653907387926,1453.57362090814,980.798008409479,1220.68049288092,819.182214345502,1243.85958942318,798.850548100206,470.819536659217,884.607295414186,960.976833123463,1512.93375882753,1634.27573508879,1347.10649285793,1e+09,1093.23450691057,731.689726591812,1150.30043666861,1101.80201238698,694.355757591165,669.712121810558,825.920126404485,1115.92751762827,1275.39211378305,600.240489387379,766.134543536578,657.569216052576,518.313323868874,510.109314559144,913.692344993653,1003.82472728061,1198.09817206271,908.312103684631,557.145390270798,837.631726357114,574.961963698469,800.606873003224,858.564417443444,1199.9970874548,1651.02482086127,652.206819191581
1191.68626324213,1959.37783232331,1318.71394104256,2429.59949701592,2819.29004361027,2373.05483356369,939.564636786634,1551.23329728316,969.142010801307,1489.46354419972,1345.46009680704,721.917956003312,1200.03988267057,978.838101322175,1432.78430386433,1427.58072013459,928.294101887974,1780.45979297484,1030.21696355671,1361.88820323109,1466.51585531831,1169.65994844656,699.247067065712,986.595675492245,1814.99498227957,1811.6922872828,1207.04951903391,1093.23450691057,1e+09,1199.78874769686,766.778792807939,1401.71946636979,1272.1280317641,1442.57674450963,1004.65649666938,996.724229413532,1649.65140790411,1090.36799659565,1365.52725769206,756.896925215052,828.534876876043,910.58631589762,1138.94429354556,1493.17615551548,1174.17716210119,1325.92337003313,1214.689635339,806.847304822914,797.660247724556,531.606913800037,1326.33289471384,1072.51979412969,1410.88365948437,1211.98048585776
1190.27214312526,1587.03658707038,1030.19367713066,1881.91386588228,1906.35222797362,1534.08255234195,614.906608843977,1629.9981569008,478.254657896815,762.531865170237,1074.15488790025,1023.93757539217,1183.39750088464,560.49973532554,513.960889270769,1291.91566156619,845.849832712639,708.317188765034,506.21947878366,1793.48689050129,706.029828973252,779.455469093649,1212.25058387282,692.57773267699,1261.63677554199,1078.23709243376,1084.48860791619,731.689726591812,1199.78874769686,1e+09,822.29998978475,1051.25338900762,1209.91315733816,1225.96012908251,606.946370118481,1019.32117774527,1431.67224108732,1024.41929682137,729.713190095945,928.454112544072,538.897855720358,402.174971871697,629.543603652678,646.904868663083,921.751216272591,733.064019237065,659.545649291996,769.979104781422,570.539844270319,1023.28502456549,609.232470818816,719.206310803792,1433.47945611369,581.542135188844
656.724428280234,1369.77479692831,671.49550765437,1780.82448663533,2197.3849095914,1772.60139743824,608.225721422565,1882.74405586633,823.991420707765,1338.2670847032,1164.57332229448,974.559455087272,948.163101317489,883.02718095198,1149.35103232215,1550.39957952781,610.106241977575,1203.71153699713,751.899618100714,1794.16276023108,1331.05025246983,1164.13414033779,999.227788794927,559.653601971791,1537.70368706068,1122.29102255164,809.394494730475,1150.30043666861,766.778792807939,822.29998978475,1e+09,1374.49820229057,1431.74494603613,1630.41908204609,741.326975227531,1172.73967187948,1409.25280794469,1095.22627337916,1138.90490744399,1017.4643005531,784.092995568765,762.481250523578,881.678150290683,1296.31659794203,1108.59553115643,1164.02026120682,1172.48687655769,912.412794079522,778.193561075906,900.656543250534,939.044468542358,631.929490924423,1115.01441842695,1003.15196067196
1655.0497893417,2494.87912348474,1864.94404122483,2613.88860644443,2710.32111318936,1982.88066728686,1024.0759210625,2025.31214976852,1032.52115266468,1608.32053754841,2008.79904716724,1355.02880013674,1029.00627199255,1067.96409068845,1383.94158829049,1203.71490033978,1114.04203708837,1571.81384692972,696.960127840897,1871.30368019197,1476.34071951565,1486.18908749863,1694.57939094042,1580.10152120046,2055.79039405772,1531.15894700714,1306.32255442521,1101.80201238698,1401.71946636979,1051.25338900762,1374.49820229057,1e+09,1565.33251189643,1343.34402548268,1420.85924408437,846.068138331659,1783.17861483363,1422.81625089117,1055.96388721395,1438.98483459695,1122.08688602978,892.652262249976,713.705759819829,1301.7765146906,620.291344933975,979.455186723722,571.712414593211,1108.21758184032,1018.76984878823,1133.76425477257,1071.93299333494,1333.0109448913,2029.31464583489,933.508666751413
1943.29842628455,2017.310812344,1651.53789956513,2503.31866235603,2484.99212091306,2162.38913248749,1505.71846362459,1626.22761112951,1253.34862121439,1183.54017333591,1348.96387449776,690.341897902771,1566.54269772643,787.774998206975,1225.45509677018,1959.36512352854,1151.63355196,1554.33067311946,1345.37995830174,722.752427252929,1250.88485964936,806.454989816543,824.83071123716,1224.88085824704,1380.68062603196,1920.12769143096,1411.30938500387,694.355757591165,1272.1280317641,1209.91315733816,1431.74494603613,1565.33251189643,1e+09,1182.45515466761,1303.40874997063,1519.73591794759,1489.06011994143,690.769901631506,1405.71861007102,802.894430793987,812.601171178088,950.013203329301,1223.66187355821,1495.02519704519,1606.66978268716,1590.19306161233,1103.28227693551,1069.3003403628,858.796302274294,878.856260943734,1419.80786411401,1392.9451792515,1447.17865151473,879.639047848605
2190.84812650261,2560.85881449954,2042.06918391616,3053.13471112888,2951.93681026542,2642.4580908881,1540.54294523067,1423.0649450394,942.935508558247,1183.53402954879,1471.69126283334,1366.66587994286,1695.99971650941,1235.91766238694,1403.97851173015,1542.89117629858,1535.92453551599,1661.84791807193,1216.71988814188,1570.82033240597,1049.61400214555,850.167377873322,1270.42048369821,1435.97888838938,2099.19502121647,2126.12318565976,1940.65880406629,669.712121810558,1442.57674450963,1225.96012908251,1630.41908204609,1343.34402548268,1182.45515466761,1e+09,1143.67655781694,1404.92365753446,1455.03847076289,1014.0676834413,869.491432102698,1084.89884993948,1122.360889732,1083.70207146614,1459.10436405351,1287.25220116339,1571.90454156733,956.230939051859,917.95449004839,1343.18196753083,1171.00944248968,1288.05018108768,1137.19604360902,1786.59256043453,2292.36321960548,1271.14203907353
1224.42402161179,1568.34649771662,998.035870998633,2090.7480052364,2206.28290518238,2012.09176878193,798.503931612111,1417.6496742496,413.988744532989,781.367650853297,681.860486316666,1080.75946033333,1381.82370912501,868.336453398105,837.9123836655,1352.53392659852,1044.50655962517,1025.83993502885,795.663437201937,1818.42720635169,728.82673523959,650.501910450692,957.343197761388,434.631198834138,1490.05361165295,1422.87449745225,1369.64612520899,825.920126404485,1004.65649666938,606.946370118481,741.326975227531,1420.85924408437,1303.40874997063,1143.67655781694,1e+09,1181.56886781939,1357.77851150326,987.987399666615,781.276286213782,781.983106275321,677.538335963361,695.08605711811,1091.99856744412,847.273091216758,1257.12435792964,759.023151096197,1013.20255788268,920.990546096973,771.075742777582,1073.93925158735,745.462871174682,966.029183979449,1546.74786565232,1032.58764887055
1342.81115779547,2304.98776137749,1637.0855799255,2497.05617257602,2720.70847219984,2177.53164564835,703.590234866858,1409.29415967711,878.564501217753,1345.41413653938,1659.24319061432,1052.86073832203,1395.46725167594,929.313816694878,1161.88336174506,615.321303873025,1222.60306424448,1711.18452882791,840.680294939759,1757.73645134872,1243.16532818447,1301.60505626707,1420.8272050816,1350.18962009045,1783.105595471,1792.48777415635,1410.60916475826,1115.92751762827,996.724229413532,1019.32117774527,1172.73967187948,846.068138331659,1519.73591794759,1404.92365753446,1181.56886781939,1e+09,2092.28237250616,1519.62496593732,1304.66572071163,1024.31951123661,891.709173161295,840.637068775818,887.590069964733,1017.46528456749,446.870737797856,1026.15665524324,855.122553731335,599.326976032283,796.232718179805,875.303325653456,1325.16261858687,1049.44900890896,1802.89051905544,1102.00638137898
2003.29203782175,2012.41324707427,1673.54043091286,2566.48083630095,2601.18992117069,2256.59951774789,1751.86982584323,2510.81199602838,1397.60249037414,1784.33249499638,1654.3092342425,1655.68172388294,1232.28460722351,1527.7911754556,1812.45270432086,2432.58541961017,1202.07421135303,1404.40400725717,1370.37101516341,1899.58150477941,1753.79631425659,1397.34046080402,1384.32896408332,1320.06934624663,2226.68799442131,1536.61896155163,1524.50524964659,1275.39211378305,1649.65140790411,1431.67224108732,1409.25280794469,1783.17861483363,1489.06011994143,1455.03847076289,1357.77851150326,2092.28237250616,1e+09,839.499134484366,1072.16125293726,1646.6581924006,1466.96346996099,1369.04531214274,1557.62949002643,1964.3594542242,2010.39364185226,1513.20167631417,1471.65098953522,1854.32102530819,1514.31737941556,1594.77984775329,1000.99076918821,1801.74569559636,1958.7914592932,1383.43272351784
1723.03691254715,1865.18992180421,1425.99660262569,2421.54312922566,2478.06103641537,2115.02945442847,1330.76800093029,1832.58687848626,974.514242943632,1246.33018446157,1227.86637803142,881.96597576097,1149.99640860309,857.62411964683,1288.52568100135,1932.0692589294,839.91253294614,1307.75296879801,1039.81067959509,1149.13950375923,1249.28767531742,765.326483012316,701.26486693688,937.776590931977,1663.83271151279,1587.24009053451,1222.46894741748,600.240489387379,1090.36799659565,1024.41929682137,1095.22627337916,1422.81625089117,690.769901631506,1014.0676834413,987.987399666615,1519.62496593732,839.499134484366,1e+09,957.544517868491,896.281059266567,789.858259942884,799.477054767678,1112.37014675871,1487.67386190657,1542.40022387187,1268.2708462312,983.930800818838,1171.27515021023,846.366076706764,887.645541756393,943.818171577556,1331.77843427501,1502.88205864599,843.983288756359
1649.90998066561,2066.70160059453,1520.59076947087,2456.988362447,2423.62290006098,2039.34567844689,1082.74970681132,1838.42609443513,574.240177277766,1141.81895412539,1353.5443709757,1392.61324706467,1166.32792845752,1060.4751200759,1148.30519806365,1480.83248823086,1090.95429432218,1033.97399285475,655.471226599612,1933.35471049676,996.490846219874,943.808875408575,1353.32626432062,1047.28054493531,1920.10024904951,1360.92631119396,1457.70444428903,766.134543536578,1365.52725769206,729.713190095945,1138.90490744399,1055.96388721395,1405.71861007102,869.491432102698,781.276286213782,1304.66572071163,1072.16125293726,957.544517868491,1e+09,1219.70433298402,972.592476991263,780.737248246809,1033.85204091301,1071.91104990106,1251.89262115407,472.294681210788,712.955341588798,1256.91894997251,1004.57964617048,1276.07972497803,316.97824704544,1360.14695775861,1983.06630854846,968.756086019592
1478.36358268188,1846.75598458486,1321.15223335541,2360.50735701035,2496.05894349472,2230.04229092186,1012.15268586316,1048.78165325295,783.321521918044,855.711813346059,900.931919458957,507.855194519068,1528.68607123896,641.14716890898,937.223486154716,1364.32247357434,1093.34494767205,1489.50606188763,1059.64611838104,1161.39918766116,883.472654189138,551.076982825449,564.336200859027,819.067292900895,1338.11072228721,1848.68573830167,1396.43571631493,657.569216052576,756.896925215052,928.454112544072,1017.4643005531,1438.98483459695,802.894430793987,1084.89884993948,781.983106275321,1024.31951123661,1646.6581924006,896.281059266567,1219.70433298402,1e+09,461.927663384647,700.051402612694,1112.66148266218,1054.01539315135,1251.97990966309,1194.43122171182,1005.32761346737,575.334582916758,540.16475949473,625.597320806284,1246.5193931905,1038.73023456526,1399.14983707965,966.956018389668
1244.13995410484,1670.28086362743,1101.78042208963,2072.44337821326,2194.9466123348,1814.03235822849,709.654565334431,1379.39808387572,579.002259667439,808.102352366332,1003.20345319382,502.51543797181,1194.44676105719,233.778896395718,683.123844701677,1310.40282108213,743.8887689702,1132.02400619422,688.134974986739,1303.37417624411,812.502054582018,591.853310711362,775.696605896919,669.178706400615,1195.39403725299,1424.35349355418,1032.91349153741,518.313323868874,828.534876876043,538.897855720358,784.092995568765,1122.08688602978,812.601171178088,1122.360889732,677.538335963361,891.709173161295,1466.96346996099,789.858259942884,972.592476991263,461.927663384647,1e+09,277.167660631611,678.053278437617,879.389113532798,954.017447953653,990.888070671961,689.515011729259,425.260745308099,145.072098626855,560.026498837332,923.349682731304,716.558797447913,1233.01601360242,541.597760242784
1226.89949184927,1747.63919843313,1149.05460261904,2085.40101558429,2192.7859987468,1723.09005185452,620.593178499409,1549.52843713822,475.773620538171,911.460700085308,1165.6772772084,699.38667294995,1004.9385454345,314.461393337879,730.053314696947,1262.33677622099,638.749874129146,1032.47307766353,434.932669616804,1444.52321968184,863.188091090233,720.555480792423,956.150546671391,748.381454473586,1349.33681273432,1259.94550576602,952.036771506227,510.109314559144,910.58631589762,402.174971871697,762.481250523578,892.652262249976,950.013203329301,1083.70207146614,695.08605711811,840.637068775818,1369.04531214274,799.477054767678,780.737248246809,700.051402612694,277.167660631611,1e+09,481.321391691664,863.643432847144,806.434089991241,818.823954522582,478.271105441255,547.951713748575,246.86119196828,643.957127066702,713.760606155873,737.289288068123,1355.82226383107,412.384395679565
1159.8198762739,1825.54327009797,1237.31844627808,1965.73944700207,2135.22331745417,1451.13223260322,646.672952658452,1928.58343750018,852.423839002641,1281.44348384937,1573.47006704926,925.186919600575,824.090750585152,554.808896287722,949.342817216205,1374.66162407336,582.577366879284,1113.52673896948,481.020993512757,1639.54466980927,1237.16650273922,1181.28223469245,1323.08709788887,1068.25589532658,1446.85727710096,1055.73303907759,705.438106569244,913.692344993653,1138.94429354556,629.543603652678,881.678150290683,713.705759819829,1223.66187355821,1459.10436405351,1091.99856744412,887.590069964733,1557.62949002643,1112.37014675871,1033.85204091301,1112.66148266218,678.053278437617,481.321391691664,1e+09,1103.80781705875,620.179031731967,1060.49203184182,605.772769774278,745.708145255233,573.925713659878,826.410160513531,887.67401156055,703.223002610125,1342.04910990619,421.253735295012
1518.52375990631,1922.06427166211,1425.58227124919,2170.10023932076,2076.34590986184,1885.94699233568,896.515734998555,1266.00909301632,723.445425239527,571.766994238038,1139.13705887395,1319.86044178921,1761.40540421562,930.581385693911,483.5542834057,1000.52908478465,1441.69613324029,1100.89045903759,975.55317220539,2055.94958821952,446.203976338177,911.389484249188,1525.53701003942,1082.70774574675,1342.4469756009,1611.1502730658,1654.52902918021,1003.82472728061,1493.17615551548,646.904868663083,1296.31659794203,1301.7765146906,1495.02519704519,1287.25220116339,847.273091216758,1017.46528456749,1964.3594542242,1487.67386190657,1071.91104990106,1054.01539315135,879.389113532798,863.643432847144,1103.80781705875,1e+09,1078.71981728343,825.898975541198,944.625610599247,898.595830114963,922.174768793855,1352.66586332324,1103.23672237648,1072.91425761801,1836.72991253477,1071.27526224589
