1e+09,2654.45056473086,2206.30612094061,4066.58460891938,4976.19022973399,19459.1706374116,23449.4526227138,12529.7864531085,12686.4413249067,9816.47929728882,17525.8019712965,18631.3692279741,16923.0361173963,18205.5714603772,13897.5488937798,9782.53750653173,10071.2827698114,17338.3741245106,17858.698893892,16802.056448825,18062.1444171699,16833.5740269855,12579.3384377796,8861.73164850415,6271.34972287465,6543.09615077602,15110.2548881447,18445.7497092203,14082.9568487445,11519.2888514266,16485.3599786265,22340.5816829889,22644.269844411,17592.5188956641,20942.6377850881,16371.9241647279,18994.8484767923,19126.6475269766,19103.9162067834,19759.6800436217,19312.2107568243,17993.5923513622,18027.2430277067,17767.8132500429,17140.2310481102,18223.8114461026,18558.3239990038,16491.7926358052,18128.2095278657,17302.8671183102,19029.1270033126,17158.8000472964,20111.8158828113,21444.9803498091
2654.45056473086,1e+09,2684.92563835575,4773.87751117475,5281.78747975532,18483.0859451473,22762.0368918008,11800.8845344194,11983.8364132485,9072.10071691777,16795.1702693572,17878.5626107722,16272.3225104869,17406.3582690895,13431.2350270777,9213.9031923013,9806.69333235724,16689.740120634,17096.4365160492,16069.803056749,17316.1241122862,16067.1460237592,11966.824996765,8328.49939018428,5828.02094870978,6333.16310258152,14304.9917930945,17838.6677193842,13454.4819829602,10888.2392307113,15892.4082501772,21676.8046304316,22023.438553893,16912.4870357467,20313.1705057285,15674.223092766,18408.125462613,18455.7244998239,18329.9338245941,19053.7159029965,18675.3950157634,17270.3702120192,17297.8997561843,16986.039515302,16355.9639760731,17379.1652799351,17857.8706029918,15780.9707221514,17425.8806401743,16642.0002850889,18243.344212123,16391.5501402979,19279.4356611416,20830.2184185212
2206.30612094061,2684.92563835575,1e+09,2305.15415172175,3057.93744883704,20878.3613628896,25034.4217706541,14067.0946786748,14224.3081481666,11305.0269827807,19080.4697178031,20182.8366070283,18506.3425820339,19715.5426989571,15562.2899630067,11388.9636672526,11829.8495210886,18949.021550534,19403.5350005096,18352.8336542835,19603.8049303241,18360.5248328282,14186.1296060589,10485.8931741078,7878.99436763982,8295.12498670153,16604.3532536922,20011.1226353171,15632.7491690777,13113.541391962,18102.3357802025,23928.2182560424,24259.4264151773,19155.1625070998,22516.0197615453,17930.8628792175,20619.496788142,20720.5869025349,20644.3749374279,21316.9421325996,20881.7214454724,19532.3356821733,19575.5404960451,19284.0062547931,18646.6593879949,19707.9522919455,20134.276391147,18045.4112223773,19694.6613533389,18866.224842326,20535.5500869176,18695.4794037703,21623.1051967473,23049.5337970077
4066.58460891938,4773.87751117475,2305.15415172175,1e+09,1071.45636784705,23121.2960379041,27279.2319955053,16317.6167844388,16476.9240070894,13562.9499585009,21329.5278447883,22429.6816727077,20746.9000835932,21956.3431104317,17798.0594921328,13623.3873916512,14027.6739059974,21190.5374026427,21646.7897314082,20591.8336770769,21852.0963637039,20615.6603185903,16423.9555694023,12713.2579062568,10077.8869091045,10476.0274072188,18847.9828954666,22263.1337934241,17881.1295478753,15349.7419127978,20348.0660196835,26178.4959051012,26502.1098754533,21399.1654446242,24769.2768064936,20177.3988565449,22861.9081394883,22955.0205733365,22885.4081547675,23565.3199097275,23131.2183738536,21783.1748116591,21824.5450255738,21540.4216583125,20909.2929745867,21961.6789463192,22379.017882072,20289.3960590329,21938.5672882278,21116.8413538484,22785.1467232471,20935.1111308777,23865.6677174807,25289.5722313565
4976.19022973399,5281.78747975532,3057.93744883704,1071.45636784705,1e+09,23729.9376848655,27966.2670094276,16996.1871787292,17165.2641718734,14246.0771172628,22007.1415548408,23100.4031448068,21441.85847329,22616.1704795927,18528.824216342,14338.0417110915,14797.9070484782,21887.2359463318,22316.7736567946,21272.1154204607,22523.7811147241,21283.7342885148,17129.0946442332,13432.1251672101,10811.1477206215,11241.1728948184,19507.8961660862,22973.2749246793,18589.1375267359,16055.3879905376,21059.5172013985,26876.0515568601,27205.0542377478,22091.8313000756,25471.3628832283,20867.2346723542,23573.3680933888,23645.1756711998,23550.0421645886,24244.7668573695,23832.5083532452,22464.0807503646,22504.0876434949,22207.2421305911,21572.7591417626,22611.6384572547,23061.6493763239,20975.3012014011,22624.6412153806,21812.3972189166,23448.5031525575,21603.4154615468,24513.9620915021,25991.6983356686
19459.1706374116,18483.0859451473,20878.3613628896,23121.2960379041,23729.9376848655,1e+09,4864.15704631337,7081.76984045655,6904.62582435862,9710.90267795945,2743.09015513526,2095.51035597536,3348.60642112506,1818.38577480138,6325.12741605258,9781.63614603406,9871.32561552905,3421.56202366697,2292.0764430097,3164.72582521772,2171.1363485972,3245.85431452183,7132.26418357453,10739.6429562067,13237.4775540773,13127.8130807915,4459.06175676005,3191.94938272837,5807.92832501401,8117.26552832295,3965.23467635902,4154.34485759187,4505.80981032267,2840.71726326293,3381.42139309788,3600.39316376698,3032.67781200048,2342.15953041205,1596.63143483398,2200.89694860982,2781.37221649674,2399.0622872906,2359.07817515656,2358.96710924506,2908.84510754698,1670.47016022436,2271.47879239495,3466.24242901445,2392.78853664506,3110.83116250304,1673.43154072702,2690.88085269489,1462.87927916148,3645.97601621294
23449.4526227138,22762.0368918008,25034.4217706541,27279.2319955053,27966.2670094276,4864.15704631337,1e+09,11011.9389190278,10815.2675308935,13742.6034268839,5989.41711646467,4923.17282270286,6557.98147970852,5496.13095517201,9670.14706870066,13686.6372231458,13468.8101009332,6274.05555606579,5678.91681490406,6708.34142667172,5467.89038759923,6764.38769541634,10898.2132538274,14638.2354988298,17262.793493815,17002.8689269252,8500.55084205724,5304.44641165315,9478.0561982244,11966.3248470823,6996.42123700396,1254.66384996142,994.907982880829,5915.7428230781,2890.71747369057,7109.38998577937,4502.50504470567,4355.33837012694,4517.54731113023,3790.4617521616,4332.49340127599,5538.1516896434,5468.2609673003,5808.76534106001,6493.69813165811,5471.01629791029,4939.56256718143,6997.60157504698,5355.03699982549,6216.57611714037,4636.98440789917,6391.41321161447,3649.11458595095,2258.93809065233
12529.7864531085,11800.8845344194,14067.0946786748,16317.6167844388,16996.1871787292,7081.76984045655,11011.9389190278,1e+09,591.606560984579,2795.08426871177,5033.08701049366,6133.23312506544,4574.79830528079,5854.85337408205,2052.8190503549,2780.56103072743,3008.82190130955,4949.95410673675,5389.17491308271,4420.53650153463,5598.34588699198,4318.36583261539,646.329446103146,3700.93449080094,6411.1732491877,6140.37523885959,2826.08209420746,6270.69846167873,2252.5205185081,1193.44435752154,4131.29919567683,9922.40911891865,10255.1672069938,5259.29061566292,8630.5501830706,3986.94864778818,6638.36682802329,6741.73015119265,6667.09638780631,7330.22918745383,7019.19793468599,5591.59042569286,5574.41622729233,5272.43461686345,4628.9755716681,5752.19249604879,6102.49410715815,4109.32758473938,5717.98101064528,4964.41173665118,6622.08263263907,4742.42425251052,7634.73501443239,9112.00636854475
12686.4413249067,11983.8364132485,14224.3081481666,16476.9240070894,17165.2641718734,6904.62582435862,10815.2675308935,591.606560984579,1e+09,2940.47142611521,4870.93628901056,5981.4533610152,4318.82291199813,5599.44476556381,1917.75443717385,2937.96355147575,3126.70966650247,4839.27989599692,5209.36774357503,4180.6881757194,5392.74507103757,4191.79705619201,727.9398273896,3917.98872420532,6519.59252457545,6330.3630235714,2531.46491850075,5945.90891073013,1748.32485102169,1368.04673308334,3934.7350650838,9721.80773336935,10050.7400553293,4979.50770333775,8364.75319912668,3730.40158188096,6432.26703296746,6524.48025115411,6468.15919937814,7110.13753346586,6735.99360221638,5337.1951813757,5361.0131963557,5086.99915064864,4472.67356359706,5555.91101327226,5919.1428866433,3852.82558179059,5488.65434188563,4685.17436860145,6375.30490995529,4522.57448670555,7459.39958708474,8871.03565889575
9816.47929728882,9072.10071691777,11305.0269827807,13562.9499585009,14246.0771172628,9710.90267795945,13742.6034268839,2795.08426871177,2940.47142611521,1e+09,7780.51935062178,8887.82669302232,7245.11356043506,8495.54832429314,4483.77613559152,846.453727500801,2027.37796609315,7715.96056433676,8120.02574376461,7087.17584631565,8318.22399976101,7060.15873316599,2987.2449541509,1354.86358959122,3770.04630182442,3674.25198145146,5372.38034660615,8826.95459816691,4478.05933027913,1979.28032009112,6847.70481733844,12641.3821502081,12981.6547297947,7900.92265419679,11281.833484443,6657.79005976458,9354.90397375623,9456.24532615879,9386.18982325096,10037.0503051245,9647.58727649043,8258.63511918888,8283.54241316479,7986.76336073005,7351.8615401067,8437.47817449029,8851.21755807075,6772.24600451726,8421.30809692295,7609.96438162492,9275.1950141493,7432.47757642094,10353.5359599318,11799.468221314
17525.8019712965,16795.1702693572,19080.4697178031,21329.5278447883,22007.1415548408,2743.09015513526,5989.41711646467,5033.08701049366,4870.93628901056,7780.51935062178,1e+09,1126.83863680653,1143.95439550709,1569.57723161366,3941.41290680132,7747.69328886992,7643.79161606333,1105.49904812261,588.274959011515,1080.81977387537,828.824074336647,868.919502888501,4962.79507250702,8688.6476550957,11358.8668932381,11091.7834071442,2715.57305425577,2190.77498321941,3772.02904868189,6021.03635211581,1363.98082655146,4917.61411178226,5275.74556719712,1117.53433808541,3844.62603366049,1348.63334420442,1870.05727537955,1880.02203080177,1843.48542058244,2432.59469546408,2405.04726279963,1053.88609882662,712.26558185834,546.120630355602,827.832026379748,1164.95995476239,1187.28227700914,1270.23004794407,976.504962455389,1163.72165916081,1907.80875076618,919.337561073189,2722.98221397056,4233.70418669042
18631.3692279741,17878.5626107722,20182.8366070283,22429.6816727077,23100.4031448068,2095.51035597536,4923.17282270286,6133.23312506544,5981.4533610152,8887.82669302232,1126.83863680653,1e+09,2033.22583516933,1494.21189300581,5016.01224299742,8852.76184822567,8739.39964644025,1666.74953529317,870.268852366899,2012.27528882109,895.731191597122,1906.54337183815,6064.20561962571,9790.55420069773,12456.1596736675,12186.1444580885,3750.33660243984,2215.92972810511,4860.22029942059,7120.35048296782,2367.43173253211,3890.46296753998,4258.93625340883,1625.17025784993,3040.90616341577,2395.41550623269,1358.3204737469,1136.09295134685,1003.41621359235,1580.95628067319,1937.87875779162,1263.0447795308,872.379399630688,1055.88441872205,1723.09730842457,1046.58678245046,594.810194515864,2295.4429077849,969.652925896684,1867.04812369687,1353.54514121251,1685.41198470878,1671.7552519433,3323.29005423842
16923.0361173963,16272.3225104869,18506.3425820339,20746.9000835932,21441.85847329,3348.60642112506,6557.98147970852,4574.79830528079,4318.82291199813,7245.11356043506,1143.95439550709,2033.22583516933,1e+09,1743.50595112262,3316.11296338047,7177.85603239575,7023.84036838822,1684.46038451488,1370.19806239828,826.336846328421,1320.04942362019,1317.53363793871,4441.65849708192,8153.94861688495,10730.1894814724,10522.4015785276,2139.62805253624,1944.43003533169,2999.01336397489,5513.36456729464,1019.59215032286,5509.88277332649,5776.91849977131,837.167356387001,4126.44306209355,846.995183870605,2234.84787522552,2276.66345648627,2423.87430715786,2852.89918675722,2508.80505840928,1205.41530598379,1288.60655612953,1365.56184836133,1309.39945406282,1837.13716374146,1809.99465775455,762.156524934347,1347.88745060558,608.493229378931,2276.71618567181,929.214051658712,3419.66110630864,4563.16631401925
18205.5714603772,17406.3582690895,19715.5426989571,21956.3431104317,22616.1704795927,1818.38577480138,5496.13095517201,5854.85337408205,5599.44476556381,8495.54832429314,1569.57723161366,1494.21189300581,1743.50595112262,1e+09,4861.26026424219,8487.83098450953,8450.57542344899,2257.76105591358,1108.54433587475,1648.83764373573,916.512598058532,2181.70895059355,5794.03909207558,9477.05973253308,11960.3668777634,11834.8501460052,3151.20204861573,1883.39670375097,4304.23102166926,6812.23369919882,2456.44185988596,4556.20176129196,4863.7144216946,1171.45889351697,3282.56389788531,2051.89643824926,2111.47328711495,1527.81604111883,1151.73447890562,1966.17429354572,1940.41746402675,940.190720598752,1076.151942943,1299.87002561795,1884.33853219107,922.872914111147,1314.36950386868,1926.0096976651,948.841411880826,1495.34988514394,1118.75066315064,1216.3056729293,2124.15723933046,3699.55960492597
13897.5488937798,13431.2350270777,15562.2899630067,17798.0594921328,18528.824216342,6325.12741605258,9670.14706870066,2052.8190503549,1917.75443717385,4483.77613559152,3941.41290680132,5016.01224299742,3316.11296338047,4861.26026424219,1e+09,4243.08448545395,3903.0942543705,3700.23456014615,4356.137190459,3472.71032026859,4462.33129087252,3396.14986559781,1702.91443220145,5161.84779301947,7816.50366639715,7436.18300431747,2470.47271976438,4897.96082481271,1824.91449777791,2761.32288528524,2736.36724671598,8580.32822308681,8825.17984346495,4073.25936958353,7209.31295766802,2958.90531558548,5184.11109733385,5450.05378116583,5549.3855635917,6036.96611866424,5656.35431699606,4442.26174404436,4446.80107110718,4275.78914122294,3665.08779774782,4851.1691856603,4849.52872205125,3117.54900144328,4525.37838318521,3700.8546386882,5543.21021363975,3787.11663130409,6587.1453031112,7668.87563824711
9782.53750653173,9213.9031923013,11388.9636672526,13623.3873916512,14338.0417110915,9781.63614603406,13686.6372231458,2780.56103072743,2937.96355147575,846.453727500801,7747.69328886992,8852.76184822567,7177.85603239575,8487.83098450953,4243.08448545395,1e+09,1243.62277351293,7592.73606919139,8088.25545118353,7057.19256404415,8290.8290870817,7068.4308723153,2805.59562964801,1031.16153167193,3677.52610863608,3407.93568043765,5412.32898190788,8794.74577055528,4467.33165586573,1782.99148480861,6732.89429691273,12588.9382009763,12897.9964243986,7862.20671388129,11237.0206113765,6618.14777936395,9253.24573891778,9373.42271603602,9344.50184422369,10000.3436944737,9609.43995287447,8246.45189029197,8259.80310689668,8000.44332086041,7378.55960089095,8475.00014955752,8781.91705531884,6742.32257649395,8368.23871159876,7569.93286692821,9294.00904223253,7405.62627244989,10350.572007411,11721.9261771349
10071.2827698114,9806.69333235724,11829.8495210886,14027.6739059974,14797.9070484782,9871.32561552905,13468.8101009332,3008.82190130955,3126.70966650247,2027.37796609315,7643.79161606333,8739.39964644025,7023.84036838822,8450.57542344899,3903.0942543705,1243.62277351293,1e+09,7376.89591025927,8005.01333667846,6987.67449801434,8196.96132012345,7029.57858571195,2780.55027731922,1707.41499835277,4139.51831786018,3629.34859835756,5522.22068878092,8608.18156576056,4451.4383704259,1998.37719865395,6503.26426060021,12364.8580706614,12633.5999453125,7732.02884285877,11021.4519538625,6526.81762157485,8988.80007742969,9180.94248699446,9243.20230101559,9846.47491508509,9422.18925918494,8149.92120226325,8154.60349126185,7955.17923964633,7356.61799403095,8480.80648537626,8619.47914342276,6664.85504267722,8228.9854483466,7429.74215796215,9239.21950772358,7354.95416023785,10288.041274023,11474.4660431673
17338.3741245106,16689.740120634,18949.021550534,21190.5374026427,21887.2359463318,3421.56202366697,6274.05555606579,4949.95410673675,4839.27989599692,7715.96056433676,1105.49904812261,1666.74953529317,1684.46038451488,2257.76105591358,3700.23456014615,7592.73606919139,7376.89591025927,1e+09,1361.00978526975,1667.77623618998,1628.04443606432,1460.8194546555,4795.65583301179,8506.95051054137,11204.1870649905,10837.0666873283,3049.46476821753,2764.35862888664,3910.72755715609,5857.74672435571,1237.49752848238,5187.43093386312,5518.23763112826,1826.41311148382,4261.0034408693,1696.97492700983,2129.2445286533,2292.98171150579,2298.82982565043,2976.28170088115,2976.41288800798,1894.27709886912,1567.97070058723,1531.93912995915,1558.77292948652,2041.24023015421,1584.65057791931,1752.57232732347,1582.01422063773,1784.11593065025,2721.06249375129,1603.0363766303,3256.48306889503,4593.01590831123
17858.698893892,17096.4365160492,19403.5350005096,21646.7897314082,22316.7736567946,2292.0764430097,5678.91681490406,5389.17491308271,5209.36774357503,8120.02574376461,588.274959011515,870.268852366899,1370.19806239828,1108.54433587475,4356.137190459,8088.25545118353,8005.01333667846,1361.00978526975,1e+09,1178.21351384204,582.66403458597,1350.99863889643,5316.73574900051,9040.80269300243,11662.6919443626,11432.4126726251,2926.54094979038,2152.11985797725,4072.94146976114,6358.69321871248,1785.46789206639,4646.40650021067,5003.74106002699,1066.52845119106,3611.75288336564,1602.56179590679,1804.5757933653,1531.90314990864,1363.08988709476,2159.93280863086,2225.14953940179,910.359863954909,526.2517858402,606.893078309516,1232.15103071823,826.907897168723,930.096053910562,1489.77182356897,671.133552357502,1319.18772697444,1554.26765606829,832.185575938444,2298.81513950122,3961.26065633152
16802.056448825,16069.803056749,18352.8336542835,20591.8336770769,21272.1154204607,3164.72582521772,6708.34142667172,4420.53650153463,4180.6881757194,7087.17584631565,1080.81977387537,2012.27528882109,826.336846328421,1648.83764373573,3472.71032026859,7057.19256404415,6987.67449801434,1667.77623618998,1178.21351384204,1e+09,1425.49432934684,1166.02713986425,4324.47377107319,8026.45533723324,10602.0720152949,10417.0504471659,1896.41226514701,2385.41265627145,2964.40428793038,5341.85108849919,1272.37342443168,5651.97328571181,5997.69774856986,1030.53105212798,4444.08168058374,598.245939309244,2579.39057434116,2435.60246967768,2409.99055232588,3103.31578847529,2854.78693077084,1362.76370831483,1311.20213845921,1247.04717356642,1290.72448605425,1654.08724497833,1954.90027047417,412.629413275399,1414.63771457571,1105.15191987346,2347.94120546065,548.960179248004,3383.58653121211,4858.65945361475
18062.1444171699,17316.1241122862,19603.8049303241,21852.0963637039,22523.7811147241,2171.1363485972,5467.89038759923,5598.34588699198,5392.74507103757,8318.22399976101,828.824074336647,895.731191597122,1320.04942362019,916.512598058532,4462.33129087252,8290.8290870817,8196.96132012345,1628.04443606432,582.66403458597,1425.49432934684,1e+09,1556.44651495,5530.1289583969,9257.24440820269,11854.5516245322,11642.3962679253,3068.88976484982,1733.03082358624,4166.48472430897,6594.1668124108,1897.51506312862,4453.46964449069,4764.07226796572,922.7629785595,3226.59035452287,1769.23897631157,1562.32574228296,1328.76404944595,1204.82670450982,1781.33795199002,1804.1557051707,557.147957099369,412.134556789406,671.808015358555,1265.51810887873,762.147737777919,729.81898063835,1659.77520860507,523.843028492315,1102.69273172539,1202.00788761971,1034.3362412678,2158.99108766109,3635.41908555259
16833.5740269855,16067.1460237592,18360.5248328282,20615.6603185903,21283.7342885148,3245.85431452183,6764.38769541634,4318.36583261539,4191.79705619201,7060.15873316599,868.919502888501,1906.54337183815,1317.53363793871,2181.70895059355,3396.14986559781,7068.4308723153,7029.57858571195,1460.8194546555,1350.99863889643,1166.02713986425,1556.44651495,1e+09,4312.16253146841,7992.94892656647,10697.1116020167,10424.4281247798,2181.01110577182,2737.44417170469,3248.11091026769,5356.2183951553,1278.09700676435,5688.8665816927,6063.18544605886,1654.88880342457,4590.22986258858,1178.01695157583,2645.69915355091,2729.86950962862,2639.7603287041,3190.97730347616,3114.96485726565,1687.56965556981,1490.28238726759,1090.68085038658,559.467312718089,1699.57660389286,2023.52728634926,1146.76715544177,1786.84670293789,1500.817999992,2583.36488932555,1216.67440373339,3452.53449835045,5021.03662911355
12579.3384377796,11966.824996765,14186.1296060589,16423.9555694023,17129.0946442332,7132.26418357453,10898.2132538274,646.329446103146,727.9398273896,2987.2449541509,4962.79507250702,6064.20561962571,4441.65849708192,5794.03909207558,1702.91443220145,2805.59562964801,2780.55027731922,4795.65583301179,5316.73574900051,4324.47377107319,5530.1289583969,4312.16253146841,1e+09,3746.11484998792,6448.00605678996,6131.04796594351,2852.56449758809,6139.75411229147,2121.5352939322,1128.09657166397,3949.11542344612,9802.39987000632,10113.7709083358,5139.32806525328,8509.24833856669,3875.9891716051,6474.86722840708,6601.4982157992,6584.95475421054,7241.83500152413,6897.24127214642,5513.51532001136,5494.13671156807,5245.66808978609,4640.53773338823,5752.08577993235,5993.02145681125,4009.68264829026,5602.81765682232,4850.94437924205,6578.80863778542,4671.02618698504,7594.42370810979,8969.82623692901
8861.73164850415,8328.49939018428,10485.8931741078,12713.2579062568,13432.1251672101,10739.6429562067,14638.2354988298,3700.93449080094,3917.98872420532,1354.86358959122,8688.6476550957,9790.55420069773,8153.94861688495,9477.05973253308,5161.84779301947,1031.16153167193,1707.41499835277,8506.95051054137,9040.80269300243,8026.45533723324,9257.24440820269,7992.94892656647,3746.11484998792,1e+09,2930.82967193592,2498.24091248222,6400.50901466438,9786.15841137369,5475.37881073995,2707.10913531391,7678.8954802237,13535.1790060272,13849.3943548951,8846.08897090686,12216.8166406188,7592.60230938642,10201.1674272605,10338.4155452709,10311.2802094357,10969.4678390066,10593.1277560832,9225.29783750639,9221.92677226945,8951.59423230857,8318.71896709463,9435.68023489563,9736.64404603044,7716.58069734905,9338.78797134296,8553.79615023646,10273.6717797825,8377.00530175313,11304.2327033284,12692.7883480345
6271.34972287465,5828.02094870978,7878.99436763982,10077.8869091045,10811.1477206215,13237.4775540773,17262.793493815,6411.1732491877,6519.59252457545,3770.04630182442,11358.8668932381,12456.1596736675,10730.1894814724,11960.3668777634,7816.50366639715,3677.52610863608,4139.51831786018,11204.1870649905,11662.6919443626,10602.0720152949,11854.5516245322,10697.1116020167,6448.00605678996,2930.82967193592,1e+09,1365.5194915123,8890.81008459297,12274.8260070683,7904.16701402494,5407.49285658335,10338.5323058498,16177.6875469549,16472.6640846737,11389.1937907782,14758.0547835004,10175.9540523334,12843.471821696,12922.9632678655,12876.2907658844,13557.3133800211,13126.6425937328,11789.094540515,11835.3983393885,11589.092012509,10983.6363623164,12019.7701903697,12362.874237466,10294.8209756071,11921.3580671331,11107.9046259995,12813.6762625407,10940.2252519087,13899.3545003824,15256.787918992
6543.09615077602,6333.16310258152,8295.12498670153,10476.0274072188,11241.1728948184,13127.8130807915,17002.8689269252,6140.37523885959,6330.3630235714,3674.25198145146,11091.7834071442,12186.1444580885,10522.4015785276,11834.8501460052,7436.18300431747,3407.93568043765,3629.34859835756,10837.0666873283,11432.4126726251,10417.0504471659,11642.3962679253,10424.4281247798,6131.04796594351,2498.24091248222,1365.5194915123,1e+09,8796.10195360422,12115.5623677442,7807.27948483337,5109.40002515951,10025.2103390702,15901.0495350967,16193.0395620094,11213.8107437659,14555.1916753542,9972.59328365997,12546.7895265841,12690.8540901115,12671.1561344378,13343.8608692612,12944.4217930003,11610.0033765757,11616.06007014,11365.9423571431,10738.8004638554,11845.9112699868,12099.5037888543,10105.8499957252,11705.1108932765,10916.3830261676,12669.9411545476,10760.3878018964,13699.6766467388,15030.3407360578
15110.2548881447,14304.9917930945,16604.3532536922,18847.9828954666,19507.8961660862,4459.06175676005,8500.55084205724,2826.08209420746,2531.46491850075,5372.38034660615,2715.57305425577,3750.33660243984,2139.62805253624,3151.20204861573,2470.47271976438,5412.32898190788,5522.22068878092,3049.46476821753,2926.54094979038,1896.41226514701,3068.88976484982,2181.01110577182,2852.56449758809,6400.50901466438,8890.81008459297,8796.10195360422,1e+09,3787.54780604813,1556.00608504594,3797.03232241971,2214.79137681182,7468.70124021573,7792.60902429988,2693.26583934821,6098.15435956651,1585.93631312862,4329.09538876195,4234.6264353187,4106.60898643881,4780.72958323309,4474.22360886221,3004.56608522762,3074.88790594064,2827.08850450424,2356.93374652322,3173.06965215074,3688.78501445937,1625.66773465552,3203.83658779595,2483.68594999448,3949.91446640304,2155.19085215208,5063.01173628899,6583.01099862365
18445.7497092203,17838.6677193842,20011.1226353171,22263.1337934241,22973.2749246793,3191.94938272837,5304.44641165315,6270.69846167873,5945.90891073013,8826.95459816691,2190.77498321941,2215.92972810511,1944.43003533169,1883.39670375097,4897.96082481271,8794.74577055528,8608.18156576056,2764.35862888664,2152.11985797725,2385.41265627145,1733.03082358624,2737.44417170469,6139.75411229147,9786.15841137369,12274.8260070683,12115.5623677442,3787.54780604813,1e+09,4397.50770587159,7182.01109426879,2542.31205781273,4256.51028936851,4504.1471121734,1383.5644239066,2548.15453930879,2509.18765794829,1652.93394565542,1834.01783306488,2182.49097047388,1889.55357698584,998.994066849248,1301.39499991355,1662.07911616746,2020.62802573853,2414.98837516871,2119.09673896686,1863.66929952715,2440.99151469234,1572.81056805961,1425.96183101091,1621.6954682677,2287.62027240099,2891.21756049247,3206.30858585071
14082.9568487445,13454.4819829602,15632.7491690777,17881.1295478753,18589.1375267359,5807.92832501401,9478.0561982244,2252.5205185081,1748.32485102169,4478.05933027913,3772.02904868189,4860.22029942059,2999.01336397489,4304.23102166926,1824.91449777791,4467.33165586573,4451.4383704259,3910.72755715609,4072.94146976114,2964.40428793038,4166.48472430897,3248.11091026769,2121.5352939322,5475.37881073995,7904.16701402494,7807.27948483337,1556.00608504594,4397.50770587159,1e+09,2966.60464153888,2814.07309746922,8384.3311307641,8695.88955901005,3576.59943112169,6901.49675209661,2487.01062953096,5130.2775327754,5222.57195954254,5248.62934713435,5775.33333343626,5258.02913557922,3983.89077661524,4107.35457622056,3931.53181780334,3434.05930615649,4386.10133365612,4718.76400293551,2599.22837776906,4198.3826207005,3283.88060536616,5026.91820677441,3347.62507206228,6264.5621700403,7451.83362368619
11519.2888514266,10888.2392307113,13113.541391962,15349.7419127978,16055.3879905376,8117.26552832295,11966.3248470823,1193.44435752154,1368.04673308334,1979.28032009112,6021.03635211581,7120.35048296782,5513.36456729464,6812.23369919882,2761.32288528524,1782.99148480861,1998.37719865395,5857.74672435571,6358.69321871248,5341.85108849919,6594.1668124108,5356.2183951553,1128.09657166397,2707.10913531391,5407.49285658335,5109.40002515951,3797.03232241971,7182.01109426879,2966.60464153888,1e+09,5035.3109983297,10861.5635620154,11193.2253560759,6180.61591700212,9582.22374109476,4911.03542939776,7560.2937988348,7667.39931058765,7632.51381848733,8320.19009172868,7958.15446909646,6562.08029284921,6545.25150158495,6284.70813476648,5689.92459419279,6771.19908471904,7068.9709302274,5038.47556866162,6656.75693843481,5912.31995862031,7615.00846774316,5701.78572288542,8632.91438052643,10052.2052991719
16485.3599786265,15892.4082501772,18102.3357802025,20348.0660196835,21059.5172013985,3965.23467635902,6996.42123700396,4131.29919567683,3934.7350650838,6847.70481733844,1363.98082655146,2367.43173253211,1019.59215032286,2456.44185988596,2736.36724671598,6732.89429691273,6503.26426060021,1237.49752848238,1785.46789206639,1272.37342443168,1897.51506312862,1278.09700676435,3949.11542344612,7678.8954802237,10338.5323058498,10025.2103390702,2214.79137681182,2542.31205781273,2814.07309746922,5035.3109983297,1e+09,5887.37852734135,6186.57395638329,1582.65463162372,4643.09560955835,932.103784725714,2547.93815568589,2800.40939037491,2937.90224896949,3427.03951016034,3114.96184899591,1895.68747484916,1809.52627621154,1752.68840719051,1451.96629468456,2381.67907519044,2188.09031447516,1065.22616119771,1873.38947517594,1296.87488378795,2993.0651074275,1502.74172864135,3959.97711955511,5083.55494259677
22340.5816829889,21676.8046304316,23928.2182560424,26178.4959051012,26876.0515568601,4154.34485759187,1254.66384996142,9922.40911891865,9721.80773336935,12641.3821502081,4917.61411178226,3890.46296753998,5509.88277332649,4556.20176129196,8580.32822308681,12588.9382009763,12364.8580706614,5187.43093386312,4646.40650021067,5651.97328571181,4453.46964449069,5688.8665816927,9802.39987000632,13535.1790060272,16177.6875469549,15901.0495350967,7468.70124021573,4256.51028936851,8384.3311307641,10861.5635620154,5887.37852734135,1e+09,810.404186687113,4857.03106078189,2025.55068159254,6024.65195773997,3418.48467043513,3368.58288321662,3587.24723356225,2849.68557079549,3314.48984803092,4492.1995707337,4405.93665282423,4745.07622753313,5429.874740756,4476.87142069102,3913.25457803348,5924.64497828351,4305.33133506586,5149.9444031368,3685.11401081432,5376.05877735726,2840.28083847355,1579.10961677776
22644.269844411,22023.438553893,24259.4264151773,26502.1098754533,27205.0542377478,4505.80981032267,994.907982880829,10255.1672069938,10050.7400553293,12981.6547297947,5275.74556719712,4258.93625340883,5776.91849977131,4863.7144216946,8825.17984346495,12897.9964243986,12633.5999453125,5518.23763112826,5003.74106002699,5997.69774856986,4764.07226796572,6063.18544605886,10113.7709083358,13849.3943548951,16472.6640846737,16193.0395620094,7792.60902429988,4504.1471121734,8695.88955901005,11193.2253560759,6186.57395638329,810.404186687113,1e+09,5166.96659710511,2120.40052893315,6364.02191162947,3657.65265469536,3614.47496860886,3896.0520786432,3073.4283025963,3547.97998459687,4818.72402715698,4759.87392201726,5136.59612915985,5798.72978245236,4872.13589570324,4207.36792010159,6262.88335953178,4627.58252688161,5438.90166598,4016.98850333182,5701.9441553386,3194.08409397749,1432.09633418985
17592.5188956641,16912.4870357467,19155.1625070998,21399.1654446242,22091.8313000756,2840.71726326293,5915.7428230781,5259.29061566292,4979.50770333775,7900.92265419679,1117.53433808541,1625.17025784993,837.167356387001,1171.45889351697,4073.25936958353,7862.20671388129,7732.02884285877,1826.41311148382,1066.52845119106,1030.53105212798,922.7629785595,1654.88880342457,5139.32806525328,8846.08897090686,11389.1937907782,11213.8107437659,2693.26583934821,1383.5644239066,3576.59943112169,6180.61591700212,1582.65463162372,4857.03106078189,5166.96659710511,1e+09,3483.03165324405,1305.16911122659,1801.9211257988,1702.2244912173,1842.54897576699,2267.13308047852,1857.81360757747,552.196398666272,780.027537911323,1087.48046892806,1485.24024154343,1371.04298036203,1383.27964428745,1187.33333453584,754.624881315213,536.990754110348,1597.25272317814,959.035997134623,2819.064502029,3956.78534077855
20942.6377850881,20313.1705057285,22516.0197615453,24769.2768064936,25471.3628832283,3381.42139309788,2890.71747369057,8630.5501830706,8364.75319912668,11281.833484443,3844.62603366049,3040.90616341577,4126.44306209355,3282.56389788531,7209.31295766802,11237.0206113765,11021.4519538625,4261.0034408693,3611.75288336564,4444.08168058374,3226.59035452287,4590.22986258858,8509.24833856669,12216.8166406188,14758.0547835004,14555.1916753542,6098.15435956651,2548.15453930879,6901.49675209661,9582.22374109476,4643.09560955835,2025.55068159254,2120.40052893315,3483.03165324405,1e+09,4736.10582221301,2297.06064950406,2313.37859314034,2630.82314529122,1580.25047840524,1666.2729580714,3135.47367359383,3237.51380305938,3626.87402450099,4238.46686201509,3390.63642576139,2844.12597386262,4643.29351878599,3104.60275929144,3687.058292067,2408.09034087179,4166.94601050938,2360.70388890687,931.128066755589
16371.9241647279,15674.223092766,17930.8628792175,20177.3988565449,20867.2346723542,3600.39316376698,7109.38998577937,3986.94864778818,3730.40158188096,6657.79005976458,1348.63334420442,2395.41550623269,846.995183870605,2051.89643824926,2958.90531558548,6618.14777936395,6526.81762157485,1696.97492700983,1602.56179590679,598.245939309244,1769.23897631157,1178.01695157583,3875.9891716051,7592.60230938642,10175.9540523334,9972.59328365997,1585.93631312862,2509.18765794829,2487.01062953096,4911.03542939776,932.103784725714,6024.65195773997,6364.02191162947,1305.16911122659,4736.10582221301,1e+09,2836.27108350031,2834.0738151996,2827.88344402665,3459.30416036231,3125.04405594545,1673.14769634961,1676.37809386785,1548.63890930068,1316.67011107566,2048.44530722692,2283.31153897141,235.541846812833,1773.57294758349,1140.41782207224,2752.61785800354,984.211845234551,3845.10212300012,5207.92423914749
18994.8484767923,18408.125462613,20619.496788142,22861.9081394883,23573.3680933888,3032.67781200048,4502.50504470567,6638.36682802329,6432.26703296746,9354.90397375623,1870.05727537955,1358.3204737469,2234.84787522552,2111.47328711495,5184.11109733385,9253.24573891778,8988.80007742969,2129.2445286533,1804.5757933653,2579.39057434116,1562.32574228296,2645.69915355091,6474.86722840708,10201.1674272605,12843.471821696,12546.7895265841,4329.09538876195,1652.93394565542,5130.2775327754,7560.2937988348,2547.93815568589,3418.48467043513,3657.65265469536,1801.9211257988,2297.06064950406,2836.27108350031,1e+09,941.805591881892,1604.82998591751,1287.2030466092,1243.87850833592,1595.23384865668,1480.04655011253,1924.8378330914,2461.81871596996,2075.21832215312,1058.20603735756,2764.92624662937,1359.64145946643,1972.82942638232,1699.83070465856,2392.03871323187,2170.71567253752,2593.79477808095
19126.6475269766,18455.7244998239,20720.5869025349,22955.0205733365,23645.1756711998,2342.15953041205,4355.33837012694,6741.73015119265,6524.48025115411,9456.24532615879,1880.02203080177,1136.09295134685,2276.66345648627,1527.81604111883,5450.05378116583,9373.42271603602,9180.94248699446,2292.98171150579,1531.90314990864,2435.60246967768,1328.76404944595,2729.86950962862,6601.4982157992,10338.4155452709,12922.9632678655,12690.8540901115,4234.6264353187,1834.01783306488,5222.57195954254,7667.39931058765,2800.40939037491,3368.58288321662,3614.47496860886,1702.2244912173,2313.37859314034,2834.0738151996,941.805591881892,1e+09,865.505935623783,1017.24655619963,1281.29039651439,1440.69331031972,1331.97974143753,1832.58130488118,2527.57831752055,1696.07149333393,851.25494782703,2721.17166316276,1106.1592492946,2046.40043752439,1196.94786878961,2131.23637485381,1538.84263948592,2514.08565627745
19103.9162067834,18329.9338245941,20644.3749374279,22885.4081547675,23550.0421645886,1596.63143483398,4517.54731113023,6667.09638780631,6468.15919937814,9386.18982325096,1843.48542058244,1003.41621359235,2423.87430715786,1151.73447890562,5549.3855635917,9344.50184422369,9243.20230101559,2298.82982565043,1363.08988709476,2409.99055232588,1204.82670450982,2639.7603287041,6584.95475421054,10311.2802094357,12876.2907658844,12671.1561344378,4106.60898643881,2182.49097047388,5248.62934713435,7632.51381848733,2937.90224896949,3587.24723356225,3896.0520786432,1842.54897576699,2630.82314529122,2827.88344402665,1604.82998591751,865.505935623783,1e+09,1251.74297892978,1726.2665301743,1466.68338798801,1332.88643619777,1653.03037927317,2363.56700793525,1255.98662544631,894.109648085737,2720.365033263,1165.08168460413,2170.28995995927,1045.32903661957,1984.50287273665,1179.71112561508,2890.3962054189
19759.6800436217,19053.7159029965,21316.9421325996,23565.3199097275,24244.7668573695,2200.89694860982,3790.4617521616,7330.22918745383,7110.13753346586,10037.0503051245,2432.59469546408,1580.95628067319,2852.89918675722,1966.17429354572,6036.96611866424,10000.3436944737,9846.47491508509,2976.28170088115,2159.93280863086,3103.31578847529,1781.33795199002,3190.97730347616,7241.83500152413,10969.4678390066,13557.3133800211,13343.8608692612,4780.72958323309,1889.55357698584,5775.33333343626,8320.19009172868,3427.03951016034,2849.68557079549,3073.4283025963,2267.13308047852,1580.25047840524,3459.30416036231,1287.2030466092,1017.24655619963,1251.74297892978,1e+09,1019.29609648031,1842.1092460275,1856.29557175036,2229.57197002025,2866.82007783886,1968.86599457657,1426.93662224361,3344.46901192103,1769.98198219643,2503.90576360214,1108.76683143932,2760.08689522631,1278.49573562058,1903.25293437315
19312.2107568243,18675.3950157634,20881.7214454724,23131.2183738536,23832.5083532452,2781.37221649674,4332.49340127599,7019.19793468599,6735.99360221638,9647.58727649043,2405.04726279963,1937.87875779162,2508.80505840928,1940.41746402675,5656.35431699606,9609.43995287447,9422.18925918494,2976.41288800798,2225.14953940179,2854.78693077084,1804.1557051707,3114.96485726565,6897.24127214642,10593.1277560832,13126.6425937328,12944.4217930003,4474.22360886221,998.994066849248,5258.02913557922,7958.15446909646,3114.96184899591,3314.48984803092,3547.97998459687,1857.81360757747,1666.2729580714,3125.04405594545,1243.87850833592,1281.29039651439,1726.2665301743,1019.29609648031,1e+09,1569.63538517708,1769.26244356229,2205.43948296026,2790.22942544157,2107.63464772716,1644.23889973446,3024.82691210588,1648.60053493865,2062.36244140064,1225.8967795047,2638.30694838565,2126.21851447588,2253.96282504836
17993.5923513622,17270.3702120192,19532.3356821733,21783.1748116591,22464.0807503646,2399.0622872906,5538.1516896434,5591.59042569286,5337.1951813757,8258.63511918888,1053.88609882662,1263.0447795308,1205.41530598379,940.190720598752,4442.26174404436,8246.45189029197,8149.92120226325,1894.27709886912,910.359863954909,1362.76370831483,557.147957099369,1687.56965556981,5513.51532001136,9225.29783750639,11789.094540515,11610.0033765757,3004.56608522762,1301.39499991355,3983.89077661524,6562.08029284921,1895.68747484916,4492.1995707337,4818.72402715698,552.196398666272,3135.47367359383,1673.14769634961,1595.23384865668,1440.69331031972,1466.68338798801,1842.1092460275,1569.63538517708,1e+09,481.025395587385,821.608808131948,1389.58200988643,954.475964233778,1068.93270686232,1554.19575961331,568.943178182145,815.700050570061,1129.36307775666,1117.14304567499,2373.22595129499,3628.58958600997
18027.2430277067,17297.8997561843,19575.5404960451,21824.5450255738,22504.0876434949,2359.07817515656,5468.2609673003,5574.41622729233,5361.0131963557,8283.54241316479,712.26558185834,872.379399630688,1288.60655612953,1076.151942943,4446.80107110718,8259.80310689668,8154.60349126185,1567.97070058723,526.2517858402,1311.20213845921,412.134556789406,1490.28238726759,5494.13671156807,9221.92677226945,11835.3983393885,11616.06007014,3074.88790594064,1662.07911616746,4107.35457622056,6545.25150158495,1809.52627621154,4405.93665282423,4759.87392201726,780.027537911323,3237.51380305938,1676.37809386785,1480.04655011253,1331.97974143753,1332.88643619777,1856.29557175036,1769.26244356229,481.025395587385,1e+09,567.022034492488,1272.58307092307,833.474207699315,809.874810696073,1561.45294850661,413.004384722487,1053.39725711623,1251.35546101018,1052.14729800537,2234.82589901317,3657.48650191631
17767.8132500429,16986.039515302,19284.0062547931,21540.4216583125,22207.2421305911,2358.96710924506,5808.76534106001,5272.43461686345,5086.99915064864,7986.76336073005,546.120630355602,1055.88441872205,1365.56184836133,1299.87002561795,4275.78914122294,8000.44332086041,7955.17923964633,1531.93912995915,606.893078309516,1247.04717356642,671.808015358555,1090.68085038658,5245.66808978609,8951.59423230857,11589.092012509,11365.9423571431,2827.08850450424,2020.62802573853,3931.53181780334,6284.70813476648,1752.68840719051,4745.07622753313,5136.59612915985,1087.48046892806,3626.87402450099,1548.63890930068,1924.8378330914,1832.58130488118,1653.03037927317,2229.57197002025,2205.43948296026,821.608808131948,567.022034492488,1e+09,812.134790167248,709.845958430419,1181.39052078472,1449.64924881849,924.670976834463,1186.1888046597,1548.3826563224,994.900783545777,2468.88947413609,4080.30712494783
