1e+20,64.9615121523343,72.7342532781614,69.6026093934284,33.167646504664,156.076462170624,135.040366685391,20.4831746110195,51.9192761933589,134.904412658958,70.2606809719998,69.6410463989714,73.5231974808441,93.7349692474347,70.2257959189476,35.0265459704296,116.422686084891,65.1845524553732,69.4769968118572,74.3297353361927,130.650361626156,98.3494725628527,71.0350971611251,40.6973766810822,38.2760700125816,62.370065469152,70.2994059295712,93.6490817781465,67.968512133239,126.783256379495,39.4987476608548,3.06607897310106,72.4803466642997,158.404108163431,63.9181965767366,42.3253537961034,34.85878628191,64.0416904659399,11.7699991641075,6.84167809568101,68.9614998734277,121.509828843791,129.099317936629,76.082883349143,72.4273215041762,31.9024690887472,80.8153654634083,69.7519278717426,134.94456709552,40.8482664487952,69.7453347825455,93.7352284012669,68.2039381667589,33.5705282591266,71.7980667726094,42.9937326464398,52.1568354180201,76.0790794580774,46.2508947055515,33.8748528245582,135.933131529317,59.1714530166742,77.7927397725999,71.6880286625672,125.664820795955,39.809575577819,69.0240764587582,33.4141308303152,69.5833747755714,72.8607705907017,39.0359304123395,97.3341897517398,43.0654390306695,29.1846792704696,71.6955727547755,103.718233131055,34.0155901463232,41.9545595961279,69.4139535738567,139.419973759495,14.5363185652622,95.206702964665,41.117444887828,98.0374823363208,118.717824752079,121.467743522642,122.202606352853,40.9359094669244,65.9891783392657,32.9053173074253,73.5837474923277,85.6034250049344,77.9429192038956,54.2276246273666,70.614714100611,40.4815180948401,64.0283549893602,160.464654607895,49.2954357637411,67.3055536292618
64.9615121523343,1e+20,73.1322955419219,72.2054680376283,51.4801856400491,155.281008992917,134.911680556,70.7148762566692,63.9704097518194,135.066976571694,67.5045700565662,70.5687130058708,76.0729083434378,98.3919087562062,67.7022946717168,51.4135567190087,118.065818514573,13.9926179329471,69.113251878364,81.026093942727,131.07481754254,104.405707835809,75.7613216120008,45.4984598075912,44.4949710780295,28.0724384854219,70.2192427113109,99.8583981914507,27.0472536386882,127.351737953031,46.2592598732814,66.2836929683812,76.5353263157386,157.466223750414,38.7682851378832,46.2866614527448,39.727184514898,13.8289309988785,71.3833259142634,65.105747814669,65.8989301698775,122.811624079376,129.49017211823,80.8672476671061,77.7206693242521,43.6431508265151,88.2818058333114,65.0342798872665,135.145199030673,52.2078493730419,70.1249872938666,99.276714255943,51.3034163529856,45.4562563702881,74.5704260269688,39.1875110385081,61.772298104485,64.6078841135886,43.1812011117594,44.1556934891494,135.951952238634,39.0660706084562,84.424887603809,76.5712417060673,126.259710100244,41.6269759774495,21.1646721021597,44.7650347755295,67.0200862021997,73.9914255550461,42.8810681865339,103.028118023937,42.2050628515161,46.2109766481105,77.2349935111861,108.235301044902,46.0125975141011,57.8299871040259,70.9918874359004,139.326932860216,68.6554793437208,101.667345711668,46.3185349530581,104.425200292896,120.502749303261,121.96456720319,123.527903463515,49.6504659914298,8.1154946950502,47.8380400413473,79.2111426754905,90.6183966793104,84.3896271010902,52.341721665787,73.9669442106306,46.2227203321727,12.7685283649697,159.47555911907,59.8258789528141,36.6589022679093
72.7342532781614,73.1322955419219,1e+20,55.7809925959014,71.9897357886264,167.984809948237,146.749872042388,82.1054461108811,112.024510997871,147.07828995187,39.9479239803792,54.4266548562224,8.93157497481578,103.451342470044,16.9098131514002,79.9035988106075,128.747712365506,79.6677673129769,47.6402490608662,75.4219911752572,142.99956997582,111.066468946055,9.15506385394109,59.6812724876459,90.7375434818379,95.5520505516381,54.5410000591824,103.4060852081,95.0293190481779,139.016807545632,92.1277087682005,74.1918129306074,6.7394439298477,170.516268493307,89.9679725633262,95.7225788323591,71.6880275325985,67.0829776839243,78.5150270162441,73.978840097044,31.972935773621,133.951896526042,141.414924551512,73.9307381826445,68.0472397852696,75.784327234242,84.2095283274877,35.4501769955337,147.243073357739,70.5077788125471,15.5638122491654,104.542047412317,98.8359862193855,75.2714993922599,5.28222493712794,57.6306899389425,85.6124892194197,109.119530909661,73.9939593585342,86.1404295074872,147.963265618809,51.171219801997,78.08021915722,66.5282016527088,138.01134063974,70.087775697193,65.8339735090035,86.6945036495594,26.434294480742,2.91606882264523,64.774821481843,108.99591073314,74.6139291568954,78.1115364781264,10.0864129253745,116.507983252199,82.5836205572601,99.0904687311903,48.1228408769431,151.511368134177,72.388431582028,105.875428411656,93.838601820516,110.809616979234,131.081476717705,133.02371016754,134.652413898624,96.5027737434595,72.2186853144284,84.4825242918449,69.8364845485159,91.7915596562338,79.7389709755015,110.105724804245,7.93007226179056,93.1095321967736,75.865232485537,172.352481968178,110.915316674691,88.5323571133794
69.6026093934284,72.2054680376283,55.7809925959014,1e+20,71.369180418278,132.495269653975,108.005541328749,78.5165768556159,100.355579973,107.852641450663,18.8990402879876,5.90482558794872,64.1312584559005,56.5402731961953,43.0403798930485,75.6240720290646,86.0909703976058,67.915566653877,9.68610450011542,23.7431735025048,102.927868302502,65.0934512466426,61.4212137938267,53.9145222313173,81.0820816292668,76.5275076625999,7.05379451035382,56.0775998286712,80.525022458677,98.1180139660808,83.1163728704368,71.9145211745555,60.8045517130766,135.99724280942,67.3163945267898,86.2589857789,68.3167644908373,65.3258772750285,77.4664411269996,70.2641676613723,27.0987893289811,92.497058903522,101.432827504279,21.8617588342403,14.8456413170239,71.3724853766561,33.4039860867008,24.2086143671685,108.063584625816,51.9935685579304,43.9355948612179,57.6298088858876,72.8668435293124,69.2435720114643,56.8151079075389,63.9433635280005,63.9948776697825,81.1018473192096,60.3220175821904,76.7473128491048,109.120932326726,71.3316551320765,26.7157059320171,13.1726884606674,97.1898009405648,58.3957378462402,73.294344989818,77.5048251929002,33.2313696660801,57.5901367481159,57.7560059947195,63.0191469421815,63.3740889842603,69.002564041667,64.9404844802349,71.476466647249,73.8138137438985,89.1890604030003,10.1852944506431,113.262681456452,64.4945145965703,59.2410818289132,84.000628531914,65.0680676080275,89.0787402979812,91.2822828325818,93.1769366400497,86.5871698300001,73.0197852930925,75.8870401016808,17.0811829301646,42.2341943344394,28.291243051448,99.601115015643,57.600763560156,83.9006009200749,64.4848209516076,137.674670161667,99.3286686473076,66.6246127909498
33.167646504664,51.4801856400491,71.9897357886264,71.369180418278,1e+20,156.464820762506,136.724720841924,34.7027727073891,47.8681816250588,136.966472880247,66.572225094833,68.257218520271,72.8508742459995,99.4098267667796,69.300146108975,12.9357764236921,119.986877144197,55.0903451138299,65.0897996186668,80.9197436744025,133.134844352133,105.139653491441,72.5901590468003,61.6561554187924,21.6965962045011,66.8591566551233,68.8194327488402,99.1718094920791,65.030584445461,129.572531088853,26.8678295903226,31.4936380274026,73.892691944001,158.460481905478,65.9102115122949,29.5028622019419,22.0337047973455,47.7060443663664,29.3090532787924,35.7508160501328,67.9368505043333,124.61187832732,131.533398060432,81.5621838325772,77.9323970309553,11.0164319332184,88.3940176702442,67.2870762597808,137.034144851214,62.0172790203904,71.1265845496666,100.172988127991,75.2530628940505,10.9301368418745,72.7919602741653,60.3491430108376,72.8361993146057,85.233792534728,61.1415900224339,17.8633628704399,137.779576945476,57.8607025384237,84.5173057218092,77.2619498244191,128.464122602226,60.266001015463,51.3499454570594,19.880994255208,69.4466609091665,72.2345922891667,59.5020074483069,104.329962115377,60.1261681198087,16.9112447626905,72.5137644207666,109.935204752445,22.8333803019003,39.2614072047657,66.2091223605049,141.039457764325,36.7729865147291,100.756199462816,23.9371398789078,105.590790336311,122.021102499785,124.356622887043,125.316265631663,30.6039501097375,48.7564355355019,25.0966804511547,79.7232103729097,90.4861639125906,84.5706430995837,44.2875063471017,71.5294526621669,25.9866937055556,54.176880808428,160.503380734666,50.7555415458977,63.7118970304542
156.076462170624,155.281008992917,167.984809948237,132.495269653975,156.464820762506,1e+20,31.8994898947925,147.03109513333,148.518487978596,32.4012855197774,144.275143181526,132.875768557755,175.178503900548,86.9991391835302,160.374790808951,158.03085506964,57.4644230711378,147.821215964998,138.773570777353,115.179052934924,38.2500476058609,79.6055394081087,174.358763227391,145.898008883823,150.165077550777,147.697607977165,132.606326537899,87.8918238150205,145.795235465699,44.2413209240752,149.977594967384,156.861577455861,173.114663776058,9.44357341920943,136.789044504824,153.009096455217,149.819149609576,150.641910731775,157.307354220067,151.363265262005,151.15104874173,49.9878264833358,39.4924773564702,116.810376794295,121.978451878571,154.834086395314,107.615942273609,145.961966046647,31.9089698698869,136.746458565047,161.91376512506,85.5224271086914,128.566276769706,151.029297698235,170.515342134998,154.707088822942,125.073916337128,120.984308022809,143.414970173088,150.755172234076,30.5404722283528,156.651266340588,113.315913896555,122.8566776802,44.6924570448316,147.013492679588,153.215652966412,151.226478295589,155.059523660866,169.441650174117,148.571060998646,81.0074495863031,145.335627569948,148.017917847117,175.008985786461,72.6016959698333,146.313866246317,142.625237697941,138.573735225917,25.2128552474642,152.085789629301,85.1443052542026,150.543708600982,78.853035494262,54.162190900706,52.261799794502,49.6636882139916,146.936417191374,154.491883577234,148.045701878059,120.417383908157,98.3375513982843,111.608012070748,146.33566298415,170.923027110693,150.076351262353,150.02252819674,7.5661145139435,142.558807451767,133.393692901181
135.040366685391,134.911680556,146.749872042388,108.005541328749,136.724720841924,31.8994898947925,1e+20,125.493296875,133.409456839244,11.2687998719017,120.784053631507,108.547118596635,154.240122894105,59.1840579374322,138.311352608986,139.001009245723,28.401806289702,128.068487595652,114.770002965419,89.4597975942214,11.3250644362454,51.1734934178355,153.179207148985,124.944445536199,132.110592425977,128.899176776885,108.270621023545,60.0895384394218,127.430729423483,14.3006756395937,132.346398452085,136.108608583743,151.974229945461,37.6404267712985,118.197769800755,135.252593906635,130.24420858295,130.389429277,136.782121812289,130.1760079501,128.052656607899,19.747854411962,11.3100458151444,91.1418659007732,96.7271303233786,134.78921519571,81.209932827668,122.919550291599,13.1566331838025,115.442354271,139.807019554887,57.7627161009166,114.63505605653,130.8936632256,149.140225853031,133.987219439599,106.814115357409,109.043441109953,121.9940188969,131.316713205676,9.20641265855878,137.216713760799,87.3288096364897,97.7573556495588,14.157355724557,125.592541403399,133.4305594402,131.250614651529,132.330880162858,148.297046608353,127.2669567046,52.7657387570259,124.0315232759,127.6485894102,154.199805686247,43.8934669645428,127.698846360762,126.579284173267,114.550294728872,12.6539730119366,130.31429740669,57.0892402009885,132.974033059055,50.5495527632899,24.0932288346117,22.0171107460855,19.2614092807142,129.276576894207,134.3562491046,129.215037511698,95.0572846884526,71.6574344815113,85.5603997422336,132.242133165113,149.644826386909,132.634043514087,130.04539677162,38.9125279748745,129.797362420897,115.134163709585
20.4831746110195,70.7148762566692,82.1054461108811,78.5165768556159,34.7027727073891,147.03109513333,125.493296875,1e+20,42.1525447195313,125.174614435326,78.7534991474972,78.4497265394863,84.6728524324208,88.2778077020543,82.0676809152509,37.1068681336957,106.084710359984,71.5518707075104,78.0751023090266,79.0434945632647,120.740249592669,92.9172902043676,82.6071420545755,59.1652873037817,37.5905192485809,70.2951832906164,79.108086070086,88.7632852633107,75.6070912092812,116.759969818977,38.1900356379941,22.2643023847481,83.2568859510982,149.47657184603,72.7050120348064,39.2297388681376,41.5485770609021,68.9234985101449,18.5641326303235,17.4287187002304,77.1384560839078,111.347531272531,119.211607059665,79.2919427837353,78.6455461902052,35.279194633807,80.3202209318538,80.0430045496661,125.195109331034,50.0015088640873,81.0716649284,88.465432409254,77.8123462297131,34.0125261988716,81.8144601377757,61.2631118344585,54.4175868052176,76.1421141324753,44.9887346282184,33.8072513797646,126.299162107967,67.7441635955196,80.344967026794,78.8576686032056,115.629648222356,48.0565851169031,72.0435804976703,32.2023844031211,79.747291588023,82.1530706314211,49.33542893751,92.7769091487586,47.4891567260972,29.0185659660826,84.9919505948432,97.2033118282905,33.7412525496289,34.8144929363506,78.0120590710266,129.872017025384,15.1605056051495,90.3233479459235,39.3822736790516,93.6397822983837,108.480951447868,111.452194905495,112.035148872577,36.37294976083,70.1153787563489,33.1538320922742,80.017149014735,80.7292309984691,79.9033339087949,44.8554384438247,80.7102624057754,39.6355072305793,70.8079044679319,151.559820726187,40.6458022163564,75.3057470152973
51.9192761933589,63.9704097518194,112.024510997871,100.355579973,47.8681816250588,148.518487978596,133.409456839244,42.1525447195313,1e+20,131.116131263417,104.3014500206,101.2159665958,113.363491068477,104.904032345191,106.60015833,39.6965772939834,118.913651064748,63.4076066683238,102.695816243198,97.3454363596004,128.421342716919,110.326216971322,111.359657971991,83.1436689669236,28.1727558807488,55.9401744938019,101.8743261264,106.335429689296,60.6516521645854,125.897290632945,23.4556858213443,51.4462505251527,112.952314287359,149.929247506094,66.1483267174072,20.6196088575114,44.2445005836637,71.3870341732496,48.8802044512096,51.2623274161627,105.468117773798,122.685443732909,127.422398175087,97.4219981453994,98.013910334,40.6910307812726,99.41944730361,104.614646537601,130.965223203845,83.8338957523632,108.3939082774,105.513169749422,72.8787697770526,41.9621003865167,111.464061525504,80.1962429352443,84.8930892241204,77.0642996353168,77.7681161373735,31.1077602385358,131.998515378138,81.1521982616619,98.5698255630034,97.9149609037995,124.840095478309,77.2390853765561,75.0857553033865,29.2310929540826,106.911942293199,112.190474706411,79.899126528969,109.188435451295,77.480173116987,36.4513262844778,113.171835148164,112.911869902926,31.8746059462113,23.3873471847594,102.6327730052,133.400251073919,51.8760582816734,108.042536126325,26.9065224444032,110.368945542832,120.61438995865,124.862586297393,123.491135277367,19.5970182829483,66.8569673181546,29.9084762213583,98.1497739300004,98.8895728315175,97.8461424600034,18.4233031476377,110.241131383505,24.1875210163291,63.9835850745738,152.407428285391,27.7419981858679,65.6978208832195
134.904412658958,135.066976571694,147.07828995187,107.852641450663,136.966472880247,32.4012855197774,11.2687998719017,125.174614435326,131.116131263417,1e+20,120.785262208207,108.50353752966,154.509229423704,58.7054872560103,138.522401609431,139.029943222748,27.2898709056893,127.278693888421,114.732172710572,89.2697341513727,8.01842271346297,50.6060139593548,153.355014209045,124.86275232421,130.581717116338,127.705919155889,108.228451067217,59.6084085839011,126.820502939946,14.7869479460901,131.331258534382,135.986796476651,152.212979797928,38.0997007838951,117.701708998544,133.889872737993,129.769362016031,130.592123138231,136.61476241233,129.999519047037,128.046092943326,19.7847422787782,8.50043566348623,90.8708863265208,96.5142473653924,134.950387005907,80.8741512380062,123.0433258352,2.32665317101867,115.2184675224,139.955962787406,57.3438386137955,113.404236515297,131.143754932368,149.355144953806,134.000321918684,105.675933598083,107.632774398157,121.722734302764,130.922269138922,2.2759344131666,137.751192540789,87.0507814935833,97.5848400286257,14.4881291838548,125.321256809263,133.822844683578,131.327217708651,132.391901255049,148.607397649818,127.043069956,52.2309595083098,123.8076365273,127.803885425894,154.513839276567,43.3812241090645,126.687921420046,125.68248614015,114.445671769082,7.43020703192481,129.900819275943,56.5171317970597,131.359185798349,50.0271278949129,23.7485512810385,21.3063884545821,18.9919568358905,128.110635626504,134.606340811368,128.230812849443,94.8661572633695,71.4472416279804,85.294473213015,131.274391358917,149.840362376048,131.636610873412,129.315761292484,39.2910405491139,127.78529720835,114.880975438481
70.2606809719998,67.5045700565662,39.9479239803792,18.8990402879876,66.572225094833,144.275143181526,120.784053631507,78.7534991474972,104.3014500206,120.785262208207,1e+20,17.032777228374,48.416812600143,71.8487114220032,26.5807972726027,73.5245675621039,100.081021278813,64.0253644637313,10.2275548431022,39.9250867489787,116.123032353244,80.1087483554395,45.3715090914053,46.2464496453632,84.7252916945255,80.5507687085997,17.315941260081,71.5127839413053,82.435795190235,111.566099268267,87.0542927734815,72.6110570903326,44.8898903187184,147.481223813566,71.9829354053327,90.0301083768993,67.6110699596458,59.3222075507747,77.862639239562,70.8943620888609,9.15875946288338,106.118907969138,114.599990109372,38.5195492824049,32.0911808256186,70.5656846031298,49.9146605300015,7.23544462575797,120.983628778542,52.4221377157009,27.5096498587031,72.9386125031269,80.1594062531203,70.0228918702281,40.687179123692,56.4243098280949,68.5717879198295,88.4493750559183,58.8159203935906,80.5654197104888,121.933767081417,64.3436398526116,43.0366785898512,30.5262401565801,110.61559272822,54.9363217624114,63.4167839293265,81.4585575220997,16.1250681630215,41.793201868628,50.4778228260592,78.0374630276722,59.7427024138895,73.0101003843338,49.3971133959057,86.2030896332799,77.6747391831335,92.7946449804288,9.6999357607191,125.893698290327,65.5304940374555,74.4593475675812,87.5221643064851,80.0128791873467,102.868111091554,104.980752921741,106.805235591931,90.6326242759997,66.9185733387329,79.3376784899227,33.9169326955406,58.3613011978532,44.8137929179926,103.201697750215,41.5116009995835,87.7577312755996,60.4397679768844,149.204575182964,102.682463801,70.2791245151701
69.6410463989714,70.5687130058708,54.4266548562224,5.90482558794872,68.257218520271,132.875768557755,108.547118596635,78.4497265394863,101.2159665958,108.50353752966,17.032777228374,1e+20,62.7472650262822,57.807768258129,41.5079038405229,73.5538539985862,86.9741368092855,66.069715885311,7.67322207620686,25.9030404394399,103.659943984179,66.2436898617719,59.9308437002756,51.2218525030368,81.5383622120374,77.5017467939032,2.18130926442266,57.3481178161408,79.160426906958,98.8797450045428,84.3140068678666,71.9625742644001,59.3755164803093,136.354735562229,65.0253010731284,86.6641793673,67.1844663419497,62.2690268916059,77.4394097660406,70.2956353791442,25.4035542531226,93.3282954473552,102.153702607696,24.010115353126,17.2064040906973,69.1741351311557,34.9616739188496,22.7882146398366,108.733287777482,48.9897236761672,42.3422024601486,58.8974501043938,73.0484408509723,67.4738039972428,55.3442938343441,61.3120066950355,62.9120342883668,81.2619425808355,57.1135642798709,77.2766153683213,109.723914004581,69.1037695223627,28.7793619336952,15.8116760473291,97.9664522878114,55.2902894725508,71.0307095615533,78.2295858109005,31.8929709738796,56.2267655744297,54.6399875025571,64.1944308625856,60.3133491666702,69.8692308611894,63.6088180455568,72.5827487570651,75.1433489799566,90.1250702221021,7.73300813390137,113.840611395175,64.3327940015989,60.4248324667956,84.5177462600286,66.2139497259637,89.9293101038015,91.977303783649,94.0107531383898,87.6077559152446,69.8719697696221,77.0970021529113,19.6085819788136,43.7552402968947,30.1988788122318,100.078709263758,56.1202579311427,84.8957243632207,62.8072371675205,138.002857092141,100.041036546631,64.3231788117411
73.5231974808441,76.0729083434378,8.93157497481578,64.1312584559005,72.8508742459995,175.178503900548,154.240122894105,84.6728524324208,113.363491068477,154.509229423704,48.416812600143,62.7472650262822,1e+20,111.297461601048,24.4058973423619,80.8608893234517,136.415897356868,83.1272320884602,55.9905149208668,83.5350115157315,150.460165137597,118.912588077062,4.81908750112488,64.3804173810085,91.6581560485628,99.1099119673306,62.8319545393014,111.311515718988,98.1169558583711,146.56636977723,92.9544377556661,74.8544163429249,5.76486728790469,177.591339685854,93.9986353967789,96.6112132658991,72.4446841549075,70.6389983519232,79.1025459777578,74.8967718866227,39.9791286752011,141.50145875764,148.875519713287,82.1030699030002,76.2788828855063,76.6255788853469,92.2928929780208,43.6476579698445,154.644357139634,75.4049949585976,23.2707496532012,112.388166543323,102.942974234605,76.1287280993996,8.79234176071712,61.5079624745935,91.2344316048643,113.686721988762,78.164349787466,87.0173178751809,155.394205090642,56.5559166679145,86.1932394976944,74.7598447529461,145.531247181397,74.3315153648138,69.3409259506088,87.5374856502993,34.0248048083297,6.80921103490478,69.0557172885005,116.812374174206,78.712858118597,78.9410674754995,7.33394893011645,124.265135313383,83.3987021287998,100.208420559587,56.5324181168252,158.882996226132,74.9558379035698,113.780858922542,94.7896329599131,118.6260804203,138.690350329185,140.780862228724,142.201976130223,97.4587820896661,75.300785781085,85.3570694118976,78.0384719588128,99.7266458570628,87.8519913159755,111.172951078309,7.73300042538362,93.9640996768847,79.3490470943168,179.486864540602,112.514148645821,92.57334418186
93.7349692474347,98.3919087562062,103.451342470044,56.5402731961953,99.4098267667796,86.9991391835302,59.1840579374322,88.2778077020543,104.904032345191,58.7054872560103,71.8487114220032,57.807768258129,111.297461601048,1e+20,92.9533751694637,102.634974035721,33.5596803764618,93.467562354071,64.6870630844996,35.6913630147174,52.9926764518569,9.63233781558027,109.414512012454,80.6520060409274,102.008854282273,95.8534810812432,57.5228040211577,2.57207253546894,96.7288992512844,47.3158933063098,101.572505781829,95.4381232129889,108.52279338486,91.5412771446151,85.5192971385406,104.983819142453,95.7399696886877,92.3567982650228,98.2636584473349,90.6229863367306,79.8548631763816,41.208399706154,51.5760397014615,36.9304992934661,43.5490146791892,98.6562064293918,26.0941479280022,75.3215522717402,59.0045613596732,76.699760156367,94.1307613925564,2.67513499788911,82.2223295233251,96.7126488709039,105.140858472222,90.5078364585863,73.283856331984,76.5950954772983,84.8701973022994,98.8914088217518,60.3091789400547,99.9365891774018,32.5466172901872,45.0279513133875,46.5030185565158,85.0749751500877,98.309606029716,98.4896386691741,85.1094088514464,105.106918244113,85.819191431028,7.9933713892476,87.0902463919944,93.8082133658408,111.678497359227,17.0670782407149,95.6692805165523,96.9557092640771,64.1771957472552,65.0658511181265,85.9280798109787,5.42209068792194,103.778561356389,10.1616876819665,37.2151873922772,39.4086697240878,41.8702177611324,98.6031330011781,98.4504464858319,96.4578515397012,41.7486358468468,17.7814291363878,30.8803903533465,105.584028506732,105.761757675925,102.379547978337,94.3388287942966,92.9842843787848,100.228842332332,83.1323337989372
70.2257959189476,67.7022946717168,16.9098131514002,43.0403798930485,69.300146108975,160.374790808951,138.311352608986,82.0676809152509,106.60015833,138.522401609431,26.5807972726027,41.5079038405229,24.4058973423619,92.9533751694637,1e+20,76.7961035169303,119.322208504977,71.6109072204829,34.8302220576179,63.5006511014328,134.230688071426,100.803014539084,20.612092212149,50.5018854355758,87.7767599726365,87.2195628180073,41.6684794038476,92.8008033432724,87.7843784090039,130.036711857897,89.5424595760368,71.3348681320734,21.3567583752784,163.154799082325,80.6008587880066,92.8897078558993,69.3830678010607,60.8415758119519,76.1004388653692,71.9844402539515,18.5356999124181,124.832789827567,132.668443803639,62.038951088133,55.8567245759676,73.1634425721877,72.7261006337581,21.2924348226749,138.700205226547,63.4164646905724,4.48148034251418,94.0437877985913,90.0331557695674,72.5642513214007,16.7880503192797,49.9424020924681,80.3796044674713,101.729464884312,68.7640417511631,83.3545427944118,139.503206078649,51.2983036631243,66.3237386684537,54.2684926067077,129.052038691028,64.4419546932374,60.306493716754,84.0442424042995,11.8226458431646,19.2212969586577,58.5320415204449,98.7330000722116,68.679323119472,75.5150792463339,25.4940380245799,106.484344925624,80.0449610287994,94.5829250845718,35.0362832372926,143.202680785462,69.9021479254928,95.4436812459978,90.7561440206278,100.605509923242,121.822434782075,123.822594158465,125.528147291134,93.0807259829993,66.3240400588688,81.2970008399996,57.6740886110624,80.6265761157516,68.0255313994117,106.317107024358,17.7701731198423,90.412929034028,66.743754718218,164.948355488682,107.14624579111,78.2633045193548
35.0265459704296,51.4135567190087,79.9035988106075,75.6240720290646,12.9357764236921,158.03085506964,139.001009245723,37.1068681336957,39.6965772939834,139.029943222748,73.5245675621039,73.5538539985862,80.8608893234517,102.634974035721,76.7961035169303,1e+20,122.566846943331,56.1393540906964,72.7152064742343,84.3606744527355,135.236804221165,108.173825952243,80.6001741242524,66.5230758910916,18.9945695465715,63.663031313612,73.7416304078327,102.609596265107,62.2865631083318,131.896901263108,24.6460498020901,34.0795860331116,81.9027070214529,159.72170197661,67.4486693299432,20.606811215937,28.8393085318839,49.7962502710341,31.0110800141062,37.2740249224878,75.1776491380167,126.901495748889,133.640958218595,85.0447960774879,81.6630766353316,12.8646349562589,91.5020777021606,73.9999020200082,139.009132329507,65.6098407292835,78.7519914052346,103.271944235563,75.7429564924864,16.0582244735407,80.7058232961465,63.9158272049124,72.228511002171,85.829476659825,63.0992014307461,18.9768904471213,139.867004488547,58.0088671510833,87.7909096819924,81.0714830250915,130.701953294217,60.9493898016791,53.4213692078385,18.6398019608565,76.7836115983215,80.1484553111478,62.4724083475868,107.216201407407,62.5539670236899,21.5779725623303,80.7160836091608,112.373161656473,26.5218787616107,38.8789151756856,71.6937526057997,142.981252521219,38.2191843466967,104.180256356643,18.404427633948,108.38009259756,124.459211946104,127.267903400099,127.604593075979,29.9901130448917,48.3917979189015,27.2246018083697,83.3395023271661,93.4039166192382,87.855007287936,35.1606847825784,79.443315684148,23.8226548324889,55.2501295145846,161.93741237271,47.7370784540606,66.8366534724615
116.422686084891,118.065818514573,128.747712365506,86.0909703976058,119.986877144197,57.4644230711378,28.401806289702,106.084710359984,118.913651064748,27.2898709056893,100.081021278813,86.9741368092855,136.415897356868,33.5596803764618,119.322208504977,122.566846943331,1e+20,110.589699527173,93.5145415302479,66.3176262031328,21.750497540141,24.8115238223651,134.96533444324,106.498755280931,115.98082802277,112.132207633254,86.6934059042549,34.472838400751,111.900693872496,15.2008724911217,116.934404748506,117.783275013777,133.906301651068,62.6021591942232,102.739387128598,119.768112823022,112.997651062913,113.364133819049,118.593430120928,111.345159190932,107.707713767583,10.1738199809422,20.6942724235445,67.9076701153282,73.9881902662631,118.225387980988,57.1658247227797,102.853135403883,27.7050780223615,96.4189262598831,120.669419966087,32.3913817429362,100.170060662252,114.738490039405,130.809017025148,115.92668768823,89.8640268013497,94.0509128050983,102.778011633834,115.267976022142,28.8773846151278,121.274553780874,63.7809867684554,75.232086369836,15.3375334521484,106.376534140334,117.442358281628,115.524508475005,112.452728629363,130.349087535525,108.243528693484,26.7459400974839,105.008095264783,111.46324074306,136.575571755412,17.8556762967279,111.232222327492,113.292716162164,93.1604386199671,33.9860505287849,110.520552387776,31.0759302304189,117.312421304989,24.7394736660649,6.45703437740687,12.3930764875576,11.2781903317824,113.793048083196,117.869353019835,112.457036727815,72.2530780326291,47.5713329567878,61.9762720331286,120.101811570803,131.37176689394,117.458727987946,112.158917303926,63.9106029386768,116.118251542375,100.598930300541
65.1845524553732,13.9926179329471,79.6677673129769,67.915566653877,55.0903451138299,147.821215964998,128.068487595652,71.5518707075104,63.4076066683238,127.278693888421,64.0253644637313,66.069715885311,83.1272320884602,93.467562354071,71.6109072204829,56.1393540906964,110.589699527173,1e+20,64.5696946626266,75.6321737742657,123.658520622713,99.6158206031763,80.1552885781486,43.5920517499418,44.8987887471067,23.4735949920242,65.9885858987374,94.9165057437457,20.308676223788,120.384811684331,45.5229345692432,66.4271667939364,81.9942578053017,150.058483113537,26.1989248774761,49.2838679471412,39.5163797822192,17.7760397944505,71.6160411553401,65.2696140787863,67.5813209621498,116.365409165407,122.225900708154,75.3583629513304,72.195585682833,47.2976427060096,83.1985901872612,65.1416036600668,127.345370834745,44.8484432561248,74.0798225085387,94.3579559381339,39.3565579202475,47.9216846661895,78.8083517947428,41.9453183390081,53.2979835477445,53.1673480096848,36.8404051471282,45.3936512836687,128.2115839565,44.5939633108101,79.124746092053,70.8818207798299,119.313237648741,37.7277069826135,25.5761299462021,47.1126068009188,70.1816767811713,80.5687518361783,39.1089355628047,98.2147128051481,35.2502578399983,48.5292130566667,83.9379781663433,102.697952395931,44.2962105921419,54.005656173573,66.5514729359954,131.626139437249,69.3751404621126,96.8179548544484,47.7246168572399,99.6469311174742,113.812382755121,116.486287817726,117.126394629704,46.8924326097083,20.9949461334363,44.8335876802608,73.6033248909813,85.4398645925063,79.0707131906733,54.0422858807798,78.2920939807715,45.22884981788,7.53964175279353,152.082601184494,57.4675131857526,24.0211319791311
69.4769968118572,69.113251878364,47.6402490608662,9.68610450011542,65.0897996186668,138.773570777353,114.770002965419,78.0751023090266,102.695816243198,114.732172710572,10.2275548431022,7.67322207620686,55.9905149208668,64.6870630844996,34.8302220576179,72.7152064742343,93.5145415302479,64.5696946626266,1e+20,32.3510393672715,109.953623263146,73.0643564647417,53.056137119933,48.215701449863,83.6591849838208,78.9257871815991,8.83488500777241,64.2778326987057,80.9345331858152,105.261614852045,85.4170825805542,71.8177568458878,52.5516416086122,142.143217519486,67.9797518955638,88.7401547338982,66.4189066177627,61.013860066615,77.1444234459207,70.1176472164885,18.2695300596531,99.7449180475424,108.441781597534,30.8134786058598,23.8458157461068,68.9440514830862,42.181699504037,16.6285492092891,114.946872198016,48.0313619244401,35.2877786831692,65.7768180090506,76.2105226557173,68.3832924729998,48.4500312336451,58.331440247249,64.9086859700001,84.4517135389891,56.3870957852365,79.1932436065648,115.928591984922,66.0301857627437,35.4286992685291,22.3946919072411,104.331327992992,54.1899045151763,66.851257280347,79.8490368494986,24.9338368406114,49.4493932130808,50.9327006994855,71.0031658214791,59.0051389979055,71.3700881814994,56.9119075146291,79.3080742172365,76.0610057060404,91.2740825705699,5.60010137589055,119.983854912526,63.7684292134558,67.3111636745674,86.6689876044839,73.0079837836219,96.4045079284098,98.4969986644457,100.428665715828,89.0020915989983,69.1289987945157,77.9353183467332,26.1816670715948,50.8366763059405,37.0525414134521,102.210188868213,49.2356868862623,86.2293089585981,60.8977299535424,143.825594731658,101.224848747076,66.3882505425913
74.3297353361927,81.026093942727,75.4219911752572,23.7431735025048,80.9197436744025,115.179052934924,89.4597975942214,79.0434945632647,97.3454363596004,89.2697341513727,39.9250867489787,25.9030404394399,83.5350115157315,35.6913630147174,63.5006511014328,84.3606744527355,66.3176262031328,75.6321737742657,32.3510393672715,1e+20,84.0918647691175,44.2415404729155,81.0961431080964,61.3996544910518,86.4074916860691,79.8560446910784,25.256149303091,34.9851774275631,84.2232589222788,78.9504886329494,84.2979147210128,76.510422713203,80.4090651306654,119.089986507215,67.9599462735104,89.1625332950563,76.9845947735081,75.3039400081319,80.5205105196658,72.6429788255979,48.4540968050635,73.190522559649,82.6192251274166,6.14130218894708,9.9958416836502,81.4438419880146,11.9085515514292,44.3100258955949,89.5338002099063,59.498132695263,64.4696300642024,36.543092905405,70.1432056347836,79.4033764035042,76.6464853846585,71.3923638163664,63.9287739181644,71.4932020522562,68.7144075696993,82.5728192491603,90.6338538297142,79.4768008344178,4.91996366525346,11.5656806636894,78.0831720185911,66.2731031905987,81.543603842231,82.2291786918019,54.3802775066358,77.1588678554036,65.821438184049,42.2078825866293,71.1631278007274,76.8218769933821,84.201758716648,50.9846799703258,77.9700608811046,85.838631319429,31.5789043608174,95.0071804951554,65.4957836984292,38.1406729522258,88.8280493213232,44.3156068574149,69.552063372681,71.613018473155,73.8652403871623,83.6766106150002,82.3048486228753,77.8683451570084,7.76217196068959,21.2771713016986,5.35648228891549,96.245684089215,77.3546085907282,85.6431892289915,75.1922147897807,120.64455144668,95.9594952776923,63.9985492998944
130.650361626156,131.07481754254,142.99956997582,102.927868302502,133.134844352133,38.2500476058609,11.3250644362454,120.740249592669,128.421342716919,8.01842271346297,116.123032353244,103.659943984179,150.460165137597,52.9926764518569,134.230688071426,135.236804221165,21.750497540141,123.658520622713,109.953623263146,84.0918647691175,1e+20,44.7338990313758,149.21676064947,120.649490388304,127.921946150791,124.199327017094,103.384151966413,53.8968773667977,123.213943047529,8.05226798211076,128.146384271528,131.793593988297,148.111174346268,43.8120970228556,113.777024307971,130.692002211229,126.195473692524,126.644184690426,132.444333570409,125.69781594843,123.455668713118,13.0367420245705,1.85905959169989,85.6655555058501,91.4157072448246,131.023209583619,75.497462912684,118.523571009143,8.08894830263258,110.872543842443,135.627382629246,51.6691007166103,109.536112410512,127.240037065914,145.197335373873,129.875501145478,101.651318415252,103.657090971956,117.332590041457,127.001441253416,9.30948679774071,134.112798162434,81.78105545312,92.534035743651,7.1175134062879,120.931112547956,130.051788561174,127.374405158782,127.903523654698,144.537711107777,122.697146276044,46.4104139795665,119.461712847343,123.81172639674,150.510230964216,37.4814908795838,123.529245940128,121.605023401079,109.632599170009,14.6948543623966,125.378013270585,50.7152508459228,128.822773911715,44.2004051760001,17.1324082794701,14.7257494144287,12.1924131877455,124.954683250633,130.702622944913,124.978518038842,89.7567393763501,66.0756784387115,80.0186963657089,127.898778646624,145.692244351933,128.514623029045,125.597589408611,45.010406364905,124.362184406066,110.855637963396
98.3494725628527,104.405707835809,111.066468946055,65.0934512466426,105.139653491441,79.6055394081087,51.1734934178355,92.9172902043676,110.326216971322,50.6060139593548,80.1087483554395,66.2436898617719,118.912588077062,9.63233781558027,100.803014539084,108.173825952243,24.8115238223651,99.6158206031763,73.0643564647417,44.2415404729155,44.7338990313758,1e+20,117.146894935269,88.5602736339517,107.494619251998,101.722964696544,65.9587256248016,11.3052349246694,101.624875466499,38.9000286912462,107.496202936965,99.9651500520979,116.196548084273,84.3323254748576,91.7839088556182,110.423789480028,101.971473673141,98.1541432184565,102.840806748278,95.1418938482838,88.0562718864178,32.6882768330337,43.3340631483704,45.7768184609261,52.2780773998447,104.345577176067,34.3368361594485,83.4057045349693,50.9144121738108,81.1364995077187,102.039028985579,9.29427297670724,88.4626444549068,102.539276728725,112.87324139504,98.2988476048055,77.7587901876153,82.7460259118644,89.5560051408035,104.510473038267,52.2815772451084,105.355242297,41.3737665016338,53.6983858106406,38.1023081980771,89.8020319838576,103.869651080598,103.999912995408,93.1935611146758,112.722044720124,90.7675835041534,4.18701420814895,91.5225386602482,99.4858604032517,119.234995611835,8.30947370645204,101.65999195311,102.952296741138,72.6131173508987,57.1508964714809,91.4948252683524,7.01475791806792,109.130976507138,3.02490267988318,28.6466486940733,30.830127201505,33.3462249562523,104.456814083102,104.067811962439,102.581289323659,50.4776985675024,25.1418505939052,39.5327469252377,111.213665582674,113.494140598741,108.221693592774,100.707049377253,85.7442220029276,105.723210204807,89.7068443524175
71.0350971611251,75.7613216120008,9.15506385394109,61.4212137938267,72.5901590468003,174.358763227391,153.179207148985,82.6071420545755,111.359657971991,153.355014209045,45.3715090914053,59.9308437002756,4.81908750112488,109.414512012454,20.612092212149,80.6001741242524,134.96533444324,80.1552885781486,53.056137119933,81.0961431080964,149.21676064947,117.146894935269,1e+20,61.2958178863082,91.3974408493634,96.5173791822252,60.0213408859678,109.409523863287,95.3854759139617,145.269280919963,92.6937225564669,72.3604622936728,4.07961194594036,176.82664384681,91.2473710602693,96.3504980666997,72.183968955708,70.3124494051233,76.6796013507278,72.5026039278978,36.8086927742275,140.134864395001,147.643315803421,79.7135930000396,73.7746569401705,76.3648636861475,90.0556732529253,40.4749423605643,153.479344523091,72.5813674664923,19.3159296280094,110.505070798154,100.33144197064,75.8680129002002,4.86033415092059,58.2700253734238,88.5802884138284,111.354755607479,75.4047904845022,86.7566026759816,154.287904277124,55.9571617100846,83.8368008825883,72.2210218892594,144.22724768613,71.5527067133079,69.0203618899544,87.2767704510999,30.7557710332592,7.29447842195993,66.1377820282254,115.029645397924,75.921107109381,78.6803522763002,9.63827957508846,122.567427689261,83.1379869296005,98.0889514303769,53.6840160013713,157.817766493317,72.7370607689586,111.965634416427,94.5289177607137,116.872753446487,137.288403362987,139.494415763351,140.832801813077,96.1986013838001,74.98845093888,84.0075601100315,75.5309981418913,97.5621106710415,85.5170731572073,109.991072064443,3.95855273720001,93.7033844776853,76.3366606238751,178.735455182323,110.594445529954,89.7708266045379
