1e+20,43.5794952682821,190.648209909973,194.807874568005,16.8895701983929,192.499610538359,184.580790631489,19.2611433949155,15.3198292802815,187.147700152689,175.824283437092,181.008631830722,190.406729534865,185.002858952653,183.024571358122,11.2069368498214,195.392680657217,44.6174077256109,174.734384890291,175.588065160307,178.44809695513,173.604685138291,189.757823576329,41.4292220185923,8.32756705467914,49.6089993017466,185.107833254273,178.284293227291,42.743892966471,175.464670241517,9.96525309661521,21.7333431135168,189.614729800498,188.636404715434,46.9499421388633,9.77972859322618,16.6204331183003,40.8642081907103,14.1125524530866,11.3214858752173,180.302278350518,182.555538337955,211.959119776023,204.225435144693,177.091560940829,8.44793549974993,171.972479865113,176.306361284774,177.43783858811,48.793201272409,180.321356976757,187.852449874831,44.6808560829425,9.5643246675146,190.890651759362,37.8024388663319,33.346577101615,38.5173344009037,41.8909596697427,16.4103781368662,167.240602803954,38.3411718777521,178.564098072912,176.884891782595,153.229145835569,45.07954974615,35.4170519221518,21.4530728530932,179.519220969819,189.028547974463,33.1505604515412,174.997118099898,33.6589026050422,26.8006512283163,205.406579024729,184.557133247569,18.4843721690473,14.2894051213316,175.579443832755,184.118636970442,16.2332724821529,178.264768892538,30.9025985950177,185.797804242892,174.772867410582,173.380950980921,172.709604297574,23.2781080089632,38.3743779974888,20.4934086572407,176.931542984569,170.522952991173,175.599544455259,31.7746568002799,212.341161867349,11.2407808842111,42.3790807630267,185.607399883005,19.7818601406725,44.2984736569269
43.5794952682821,1e+20,327.424872885796,314.335022455226,27.1052348558318,275.314612546324,270.317960605657,23.7479498723557,38.1053573842668,272.274173095228,301.934866894999,298.564311969456,327.409707884265,279.155215252514,316.496241328989,54.4617289771954,284.390497632244,9.99535064186279,299.469974627695,284.633984818435,265.316247135347,274.789380955508,326.337972025436,10.8916311103832,42.7042110914473,5.85641667149769,297.166495933175,275.361783006427,12.2142345739744,262.787630796059,42.2164707433603,65.8797658757483,325.516633039618,270.602522579916,11.0902266278806,41.2288343684079,60.8255533237275,9.48697419204266,23.1146710196398,34.1354911039719,310.159323199207,270.567304754569,299.702732103169,314.616209419235,294.578040347843,42.4772886113426,286.332794431963,305.977755272481,266.965142538453,6.76817457292328,311.655492472052,302.118705265395,16.7194063356363,35.8995737347276,328.832939757503,22.0184423888742,8.62605118926737,16.6060597492275,18.3406243125393,36.4235335148595,272.492491609294,6.64460881494859,290.65762573928,293.594838947419,259.474372679663,4.22337252610547,18.2557159234997,20.5267556236488,310.435577239802,324.892873169227,20.1179958030265,287.112581404924,14.0039914862175,44.862867703874,272.462071812267,274.45845002026,28.0654927385074,36.2836882915993,297.745009311992,268.244020907203,26.7924856356154,281.360532159925,92.4676598063758,282.918282430033,279.334597306615,272.536285417877,264.481399204611,130.667392258463,15.8468785298154,61.6308999474186,291.697295518649,278.272404923678,284.158489581833,142.736743976717,308.783926662881,44.501704783789,15.4322244113644,268.972230864751,41.3336848370653,5.25613555235669
190.648209909973,327.424872885796,1e+20,39.6037294843891,243.131907146747,86.7159922146726,70.5514063472467,205.290603219309,375.355518231976,74.9563874446757,15.7093532142343,27.6048439563259,6.43101229754913,52.189224815311,6.85665967000504,322.40945345498,75.543565501405,300.17893537858,21.4598962499829,31.8567047718448,64.8598724129118,42.914383792967,5.09673871650581,176.877791011184,286.9395512816,348.786853883525,32.2121897039173,50.9630529929183,314.577488814905,64.3823327410868,300.796724946052,200.096627223712,7.65520673513469,86.2249732633396,252.713943288639,324.889470303187,302.222618951308,270.296597792808,180.737441608845,208.004505644669,17.2514814651807,67.112402141553,98.3055914355394,59.3459747017591,26.6436674513805,261.998822044201,27.8474779440259,15.4654837903604,68.0778607947158,184.465175816994,11.8737542837741,47.4711515895855,151.709882615554,202.786836185066,8.12658343351171,129.195974860597,167.802703989967,228.72974049921,213.569822210683,272.86280341869,51.4922485156419,269.77848114324,32.987338173173,35.8220420756564,38.6811608662979,261.107850262983,281.35007938774,259.452743506803,10.0756147505372,4.9273598586495,197.790230029577,41.2655917470647,229.299342218235,298.817864123377,21.2437708727009,58.6790687777392,255.509715128648,279.998340962374,22.862159115023,74.3266648922323,211.882119753686,45.3004578518708,341.901408579802,64.8859899108734,57.3640736116946,54.1832359201003,55.5349529112892,410.139941697344,213.138947682761,314.30745630576,30.3944476979567,36.3983177725558,37.3397765100007,488.441613087778,26.9655062864699,310.078893744263,305.615471383583,78.9717998750761,333.884573806166,237.654161460744
194.807874568005,314.335022455226,39.6037294843891,1e+20,239.471566949311,99.7664696672629,81.9036930412829,203.391085441689,323.289531555916,88.8024091602178,37.6599845840148,38.1335766766855,42.5452806212564,63.8192839427376,24.3883380842316,284.311242423843,88.6046672340998,288.754342484428,35.9837427602415,40.6818381558632,78.5537533164853,56.6515402831053,38.4938438642186,183.133839685481,274.364120084835,303.902955542176,42.7949325070959,62.3033046346135,292.335614931996,79.2708103525615,285.278247166973,198.071261154519,46.1168439415704,102.673095341896,233.136969791005,272.254676293333,263.172716626713,259.483573325699,186.955358058459,203.795702423309,30.60007447607,79.2169072537305,110.46726916898,60.5410274527697,36.5034702480226,257.733842985839,39.8191648515913,34.2102782335072,83.178623761133,189.458855504563,39.2384987221603,23.1478969781445,138.239266839124,203.382208142373,30.6587799898645,125.501169945973,177.762344296624,223.377662229053,207.565816645479,260.676779440768,46.8838175126616,265.384220785065,42.4812012242461,33.5275255260429,55.3707782463129,255.654619039521,266.58950780314,246.350555258532,37.3519508565641,33.5549226507372,202.563945180211,31.8628308874926,217.669835630351,276.877454143446,12.0298036375946,70.7010007991876,246.570075981691,264.687510294473,32.0268779317057,86.8522420757621,209.036958825844,55.5407504567597,291.23907982372,78.3937527000852,42.7058784686819,42.7557947002737,68.7868235474966,398.544459344468,192.9928960479,271.113887171104,38.6011629531059,47.2382144923562,46.5446437394004,440.682542470475,9.12829240996331,294.535664997693,289.547201386644,94.0478341955182,290.605475160825,237.792738383993
16.8895701983929,27.1052348558318,243.131907146747,239.471566949311,1e+20,237.910360677014,232.196372509519,6.27491235152809,12.9625205131477,233.788652341975,230.014200300644,237.366391920466,244.544372052268,236.421426445119,233.398167906192,11.047503916794,244.856989265629,32.1049054655986,227.084091957573,226.301886045226,225.233953906553,222.469334409011,240.272720437494,35.956621965128,12.3814613120842,32.3434538523318,240.655035202172,228.770983095497,27.1404735630367,221.580273990661,12.7132999136301,33.8663482444499,251.094548823793,232.206356710511,34.9126751289162,10.9337634887897,15.7950387180588,26.5028269832149,5.72532185429232,14.6976696885779,229.523372302474,231.757330738452,261.037302933024,258.86324896135,230.674048010709,13.9889381216091,221.775978287248,228.338280321238,222.073836258113,42.7719001344714,236.351069748512,233.162312594861,48.0474252293557,14.8595649594299,241.139018586804,44.9080788446922,38.2463507044451,29.9515697507541,37.0103280619996,12.4751015231239,208.310988826128,26.4523186594179,232.900984809722,228.070902428784,192.041455024479,32.415181213138,28.4177833902889,16.909535016688,230.161481793266,245.59013758077,43.9151041446092,219.086733383687,27.2350944079216,9.84329685878943,232.005711185878,235.059285333328,3.98409555180115,11.4206433814654,230.219917265244,230.124841219291,6.55094443403153,229.759605199645,21.8368489908239,234.714743551655,216.500857916392,214.994452664406,220.039959974631,17.9606917841304,34.0896107446629,16.1820691897598,231.375978423139,222.768512892183,227.839916812657,18.8297491147864,262.593982624251,11.9481985367276,30.8383514070867,229.887125684616,11.3636789855645,33.5759165448643
192.499610538359,275.314612546324,86.7159922146726,99.7664696672629,237.910360677014,1e+20,21.1936112398614,197.997773409694,324.506100886555,17.3554402479187,77.7289239981101,64.6935852805911,88.7809387098616,38.1451940113632,57.9449775045767,278.954086230186,15.015828183816,233.03522183819,68.2961971436682,59.6372834120069,25.4538796020133,48.411764083516,96.1534559158001,166.583683940651,251.298621457632,267.124205408386,66.8125929252868,30.7660627955852,261.716646224795,25.7108187483765,260.991388891668,156.55052556198,89.8040517967356,6.5361948299556,199.093826786476,298.410012432985,262.879341578661,243.24595725157,197.139688248378,192.903654510757,70.1686133128144,32.651927765337,23.9180025442186,52.1961634836251,69.0268201136958,248.864691025606,57.5887597812957,79.9440199369384,10.6991152528103,150.222225207371,82.3056640763928,66.7274822477479,96.5049131540617,196.554532368655,83.0899405774857,118.430152231141,151.231589013723,184.078749048181,184.17732674104,247.73049437833,28.5016799958528,241.506696885018,52.5472054738511,73.7025045838702,36.5283012179389,216.850244117416,243.249146315734,227.088608543796,82.1476825826701,87.2032392706151,188.344927092099,53.4487994010309,199.325911633134,256.187967746537,87.7615681687748,42.1930651649758,236.300184522034,246.072834414767,67.9913043537982,16.236892297387,205.018993832381,48.9778746717737,370.751229771472,20.776950419253,39.4912960739903,31.9850363124979,31.1180567911146,377.780748513393,166.323367481502,286.191599433347,58.0451330347025,51.8357941593821,47.8838883137814,434.835396881172,97.5135075545223,279.281491954919,248.101667152199,6.45514325755663,270.811478905372,200.201393502431
184.580790631489,270.317960605657,70.5514063472467,81.9036930412829,232.196372509519,21.1936112398614,1e+20,190.226491526771,321.461169742345,6.71083552692029,56.5962698765303,49.4857083958242,72.6440779264007,20.0087693599919,44.7484106422267,276.195875906102,13.1869231412496,230.252074947376,51.4546953962632,40.1453968961655,4.73203472322835,23.8843453194988,79.6676322168389,150.1790178839,246.863717579841,264.551936144839,46.5070695254318,14.2224618539686,254.71638164531,5.14431037610964,256.980356453387,151.462655462087,67.7753045212681,17.4033739397129,192.035957112848,296.682066714817,260.449359923682,235.542673356171,188.860904694936,185.347701550924,54.2880422512053,9.01271879555797,32.6919479380937,43.6022592404795,52.0914747728533,243.840410742748,37.4111013541104,63.6350619102483,11.2405332089457,139.076029824926,62.5537897953387,40.8840788577705,89.2362547383543,188.620880790325,67.6519262385685,106.248396973083,143.017696471319,178.510031649263,169.532788136817,243.216722970661,20.6250255290865,234.836082920014,35.7017664483733,46.4434959190866,18.702909943385,209.733005234339,235.94546629523,222.262632546644,64.5078486363255,68.2310742364811,178.246572637948,32.8678025181764,189.482580021316,252.732304722012,68.9536743081747,13.9412022021442,230.790400676456,241.059114028449,48.5793155858678,8.53337245833616,197.937732130262,24.7554573514045,373.529229445553,19.1932455321571,20.5484812269226,14.5914479919293,12.6487744866223,373.138256944104,157.253733843509,284.766983108512,41.9631234596554,35.1697578097032,31.6541806834282,432.837521893974,80.0166206086796,275.207003884415,242.234597962351,14.6889706591094,267.839052698656,189.646166382638
19.2611433949155,23.7479498723557,205.290603219309,203.391085441689,6.27491235152809,197.997773409694,190.226491526771,1e+20,11.929200615042,192.609153673787,184.147654574873,188.232425885678,204.5258608991,191.270661314835,192.652197794368,15.8862427194886,201.143103185458,27.4861603403398,182.884849442797,182.855154724504,184.128997730164,179.884653636622,204.373590922495,29.4669831949037,13.6425828375324,27.1196992439658,192.41521618883,184.407891784679,21.9134007771225,181.369523962677,12.6851889630559,32.3388156398339,204.146448201834,194.064387176074,28.4471448137389,11.6596758278321,16.6826110996834,22.10383611268,7.24016283856741,12.7549460373834,189.41951023114,188.235124162636,218.475558626862,211.070247028099,184.409996554194,18.0301441091678,179.527199630216,185.598733469713,183.157708384707,34.4555769038061,190.664922898907,195.413481428104,40.7808869990121,12.8064359329228,202.041558755447,38.636112178876,30.6734464820074,22.7459519927449,30.8938626609154,10.3205680201352,173.95136175942,24.0069084952221,185.438964005571,184.547693947868,160.128662981747,26.9312185006146,23.8159615518069,19.3051336980588,189.342282842892,203.435145271572,38.8228114462518,182.429497947995,22.9156084072738,8.66085710553202,215.740294136273,190.486619560997,5.14570200769684,10.2722179628804,183.740112191969,189.714246722498,6.28728541675679,185.035392647336,20.8712803096532,191.731624860084,181.41516990044,179.982008464788,178.92943501665,14.755515320272,31.6936189454838,15.1425994154072,183.695434720671,177.373388944474,182.10178788781,16.9658060834591,223.154660331562,10.3393777032614,27.5857846112484,190.905019752584,9.38118516753439,28.4548777053911
15.3198292802815,38.1053573842668,375.355518231976,323.289531555916,12.9625205131477,324.506100886555,321.461169742345,11.929200615042,1e+20,322.522014491168,340.142573846489,343.019659545373,363.542898426736,332.823089516991,350.1132605377,15.0837571597066,337.476939106711,36.4672995926654,336.580015197404,328.64658121765,315.641309035665,318.944600227555,368.007494789101,37.9840829805507,13.4591524288514,38.5130560037675,346.645609455094,322.821247370986,35.2139758772658,312.038107804572,13.5088684441234,33.5074029563693,369.559122393932,319.449125931928,41.4252653494778,5.94121757471753,16.4093085216131,33.1248657885069,13.517122733495,6.98208677656793,344.635731314363,319.843370689724,348.803218509492,359.911710895163,336.280994380533,11.7560344771403,324.778872116674,342.394471277934,312.009967939915,50.3348943256482,353.650225402515,334.389157549046,43.3794652562648,9.08803725489362,370.005933725334,38.7640154761493,39.8556709706695,48.3692022728068,34.9754859673036,7.33017483561773,302.490007338837,30.5863884710211,334.88035230828,328.077916291494,288.077497398422,39.6258346318897,25.8468790112505,22.6914933381434,350.440803725187,373.017671235602,38.862262728091,318.058363889376,25.0029464796895,16.3111853977767,282.373513179135,327.731206786816,12.7543917069292,5.67323460494368,336.077007081229,318.705842788113,10.5272001721855,326.898008565934,26.8870748213586,327.750109890138,309.900970855309,308.261434154508,311.972898218857,17.6028981727152,29.9601476503567,17.5495568522708,333.36426973328,319.112162213819,326.029637227006,22.6180542388289,326.953721447274,6.59003910119533,34.3830138964032,317.591331912838,8.94798640865238,40.8527196741668
187.147700152689,272.274173095228,74.9563874446757,88.8024091602178,233.788652341975,17.3554402479187,6.71083552692029,192.609153673787,322.522014491168,1e+20,62.2611846794345,55.5346899003661,79.1634079879544,26.1859131497219,48.5354972742902,277.065041539189,15.7248852396052,228.450164186677,57.3879937243245,48.7390683532659,8.54127620042898,35.6018913241696,82.2476663258203,155.323056155627,248.294536042983,265.454885853446,55.1030881495055,19.3682601355216,257.186622321044,9.78075522638792,258.360626687509,157.3507568584,73.6445705101921,17.7310075236406,192.556659181334,297.237119641178,260.814505974687,238.295267408382,191.335886685412,187.551122273775,60.0739748908215,19.3379876517914,29.0835838649265,47.1718105737716,58.4904106951722,245.246171326321,43.7998816153677,70.4407176758653,4.6895411048262,139.926325598967,71.2236509382548,52.875684049915,88.1915669394453,191.105845688196,71.6771187822458,110.308249804959,143.279965074073,177.342431206845,174.912790021264,244.591218736848,19.6185708231595,237.007001606439,42.4270262147322,56.3576291037437,23.2692054094272,212.450264618567,238.656850774759,223.735378801326,68.8421670221942,74.0230960423862,181.935905257877,41.0211632155279,193.088035845262,253.577966320677,75.8944552090355,23.7519185973196,232.519261093445,242.853301712355,54.4420225570001,4.02913691969852,200.196689455447,34.322662149914,372.287495071947,20.4493211345872,25.1049307003421,15.8902508876654,18.8613362512557,374.622882905167,160.294156325818,285.057880958212,47.3916867471988,41.3982793461149,37.0435959924476,433.550406755398,86.2598922682986,277.042904880727,244.590836709241,11.5848274564721,268.807649036744,191.335859546481
175.824283437092,301.934866894999,15.7093532142343,37.6599845840148,230.014200300644,77.7289239981101,56.5962698765303,184.147654574873,340.142573846489,62.2611846794345,1e+20,7.35286419550253,17.1153838911782,36.8238938478026,6.14000585246459,291.342218067941,61.1760828477611,273.003663871096,7.75710605614895,16.5889896566631,51.400637216856,28.1015762423488,24.4235418024251,157.434464285942,258.656820611005,314.080499581876,15.3778469777189,35.4729866174341,281.751509640023,51.2940644478189,269.605007955891,183.293458058085,16.4472921032352,76.8148777580965,217.392058829913,318.488459974926,286.904440529265,239.516193564287,176.744737653108,183.58799845162,12.0154212529008,52.5820148313027,84.7876679358155,43.0203843961653,8.82545037291363,245.924028574904,13.2180624767972,10.5283506353448,57.1634758488454,165.899090674116,10.0906286465597,42.6206256061481,122.630426748895,183.056555814651,14.2152140048748,101.375261163426,152.511111998752,202.780464769045,185.380761149065,248.323868988845,46.8732691471476,247.481118064282,15.813093663623,24.9168951489272,30.6353619813359,236.296747150861,248.621478808961,230.631542750379,5.95065807448902,15.0580436018512,179.181683541079,36.6560032825782,200.90974766453,273.326181345355,27.0442790035104,45.104764398582,231.506173855748,250.389015699068,8.72766019058657,62.1600432184465,190.967801499329,30.2184401240038,347.012037594807,51.0468147937275,53.6267278873805,46.0545319277221,41.4879672085831,382.638295052712,177.632195866432,319.672035597655,13.3617614188241,21.276560701463,19.9948351455285,458.89342921585,31.9078191036119,283.586014556499,275.066291057408,67.8445063293126,300.220487117283,217.498272538561
181.008631830722,298.564311969456,27.6048439563259,38.1335766766855,237.366391920466,64.6935852805911,49.4857083958242,188.232425885678,343.019659545373,55.5346899003661,7.35286419550253,1e+20,27.9892237829356,28.3003907997411,12.9716687734554,293.884793317717,52.7118839775975,269.162451464856,5.8823274849039,11.4209544766897,43.4294636741956,22.4411772226891,37.9652951619965,155.526863344167,258.489429343085,308.648379542612,4.01412855848393,25.7225830701409,274.311781249899,44.7997023074816,270.423230888083,176.56391991223,25.7841659325734,66.9161922713545,212.872188037061,319.635625718866,286.951042081645,237.480690686738,184.513641113033,184.040751151164,19.6748049705793,42.8618374507125,78.9809966673696,30.0238415695659,3.11537230886908,252.522497178376,9.55189678977608,16.2781598425931,49.9663185107625,163.013988368393,17.7254845559917,33.006268930208,114.424027992566,186.268599759154,25.3159978266902,98.9062363181126,151.568037020306,200.375719183611,181.876312722079,253.404442089197,40.6893206597944,245.254580641897,5.55141940749839,14.6035328624992,28.5456663500629,233.745221711454,245.834019689991,232.880693764967,18.1224385441731,25.0018277723505,177.051476985241,29.2386343324248,195.922778089042,273.75036308488,33.1283677411448,33.7492140010333,236.777230698532,251.36054449331,5.37864258512451,52.1172021361285,197.549048633451,16.9588409573129,348.697804342563,43.7606061661763,44.0366332816237,42.4012538641662,35.0819770160501,383.909867744551,173.922185802069,317.139097648882,4.74993619972355,12.3888229851911,9.74965259101345,456.794329619759,39.5936579642062,286.984310476843,271.090465402771,59.1924625957763,292.196468466216,213.955728173125
190.406729534865,327.409707884265,6.43101229754913,42.5452806212564,244.544372052268,88.7809387098616,72.6440779264007,204.5258608991,363.542898426736,79.1634079879544,17.1153838911782,27.9892237829356,1e+20,56.1975534450083,9.55837249239462,303.905300544022,78.312019308801,301.563406139093,19.6004833828567,35.1551459122381,66.7552332553914,45.1731682420661,5.38363245890299,179.046576351834,286.982488429326,330.523749820935,32.2572649094232,54.3311516048125,313.637539984442,65.5626659901028,301.056761447062,196.705939912343,4.74385105108114,88.3258802292057,252.794591337951,307.639988122466,283.056078183606,270.19917091735,182.427892274522,208.651237049371,20.0909072269838,68.4871498862399,101.603478676927,56.5207339279689,26.6400244295667,262.819309928537,30.0914724633554,12.8454529962955,69.7415162427972,185.873600302451,11.5068866189119,48.5691448837622,152.882850049292,203.709243378566,9.14577640390938,131.517351113612,168.788368040076,229.60082624368,215.036041516261,272.294608666841,51.9899268566523,269.264000811753,35.6268638489704,34.9337978991513,35.932336900252,262.914526812897,281.822879124769,259.001335441694,11.4276411103357,7.72242570056959,199.71477877872,42.3994997482188,229.159712237539,291.746132144402,24.2006391927213,61.9969319938036,254.589304439442,279.782518704056,23.3579088167536,75.6530762325583,211.463931960457,46.8653055872197,325.441582019625,67.304973074087,56.085719400018,55.6903599044314,55.5634426369764,410.062483825804,213.9786216292,295.226702255225,32.6853780177571,39.2705801137052,38.7399293924307,469.264840148121,31.9443052927969,309.619362805707,306.353555109415,80.8107150336343,316.000354278801,239.656626585806
185.002858952653,279.155215252514,52.189224815311,63.8192839427376,236.421426445119,38.1451940113632,20.0087693599919,191.270661314835,332.823089516991,26.1859131497219,36.8238938478026,28.3003907997411,56.1975534450083,1e+20,31.4560797729776,286.964272915002,23.9153439651946,245.180910953386,31.2927297115435,18.5962059011481,20.613950399878,10.2764608635075,61.0964382781868,147.544348103344,254.874649594339,279.540197940451,27.8276249787085,7.27126100208295,259.620595900919,22.8133662666851,265.811321378245,173.820861999834,51.4410812169785,42.5844693880442,195.240424391004,310.019879699707,271.795016432132,237.168747943847,188.264730952781,187.181947711696,40.4131952728173,17.7344356170392,47.5729557985542,34.3872335426265,31.2382594623692,249.854267945485,15.6354987166055,47.0244204940579,26.4715901065842,145.104727203263,44.8206990564064,26.6619810604397,89.6410526510872,189.977441256757,47.9910571465663,100.532082258155,142.536715611617,183.847452886721,169.617893899482,249.963469512585,30.8879031366948,238.934450609695,13.5358962166624,28.190573313249,23.3942192516396,215.835750008443,238.623378831834,229.551192600366,44.6414726399786,50.9666560122186,176.548163262084,21.7185616500581,187.358026215337,261.857244535425,57.3008935205274,9.9058951445231,235.587651192733,247.985272859269,29.423097058863,27.2006487259525,199.771662575309,10.1504336128429,395.156497339172,27.5384623902451,36.75993272357,26.7872387986245,13.9485571471534,380.685419503865,160.572516019212,299.202054766851,20.4067265615047,14.4232809942291,19.3702116148924,446.390265714518,62.1993615390241,284.501574875752,250.420243326442,34.4687685831202,279.630996233103,196.877226716952
183.024571358122,316.496241328989,6.85665967000504,24.3883380842316,233.398167906192,57.9449775045767,44.7484106422267,192.652197794368,350.1132605377,48.5354972742902,6.14000585246459,12.9716687734554,9.55837249239462,31.4560797729776,1e+20,290.835451126579,51.5307627005755,288.496926288293,10.2341614771546,16.1453786995861,39.1779236079975,22.7186076461494,9.07705501748868,165.167905675786,272.333304921663,316.732656047047,18.3133615500097,28.500074459249,290.68655918691,38.4539328283881,284.301094666522,171.187299735092,10.9728176399685,58.4151460486687,229.394670543274,293.548827596355,271.550057056567,253.180264599066,175.700593141087,194.425387099955,8.82821336248875,41.9982791310156,72.4285043803743,42.2706937315734,12.1720650007637,253.614928472381,12.5914557156374,7.10823502730997,41.7729015146137,176.024685436282,6.46186764727696,27.256102483502,129.706009005089,193.133191070714,10.4544342883794,113.025074969893,160.49601922212,214.235313852937,197.157962451287,257.657362306762,27.1455433308272,260.056903815524,16.651584595066,16.3792172131223,16.2675337420914,250.697918020944,263.438608295485,243.524003398916,6.17020286149182,6.3407317936448,189.644479873964,20.1169635405636,210.503640837507,274.871212031303,22.3292305901222,35.7766346974077,240.613783617446,262.271668796442,9.54299547767885,47.9227912026045,199.475405404651,25.1066306316525,305.730809776392,41.6534875079462,31.0636112981996,28.0402034950776,30.4823991015435,395.727169875863,193.655121359376,282.492872576407,13.7415641991568,15.8203564633919,18.1764770420354,456.75474284417,25.0946114127923,295.97446079132,290.324492911501,51.4564557591519,303.86539433212,228.615472508887
11.2069368498214,54.4617289771954,322.40945345498,284.311242423843,11.047503916794,278.954086230186,276.195875906102,15.8862427194886,15.0837571597066,277.065041539189,291.342218067941,293.884793317717,303.905300544022,286.964272915002,290.835451126579,1e+20,291.116196881303,53.4774870011806,289.012436977772,282.32050423497,269.836868286781,273.294792606046,307.949066917397,53.0183872939145,12.7809547843482,56.6559188654541,297.897231532553,277.340137522624,49.4680152758157,266.06860390717,12.8376019153619,23.6461869506478,310.546154256249,271.983412973863,56.0419033146725,12.3406472310811,18.9211175574378,49.2098350838041,10.8194577289374,14.005966172422,298.1830079621,276.946517238469,305.477498665516,312.505762743566,287.920683510076,13.2469702872296,278.969224498377,295.619581395301,266.827811016754,60.4252163574646,304.959462400158,291.412201105612,52.6755281436701,12.4007110976659,313.625972494247,48.0423541217314,43.8244100378538,56.9477210795869,50.9994168930272,16.0237265959735,259.483780775656,47.977900364886,287.336300199319,283.091774808883,244.91088075358,55.221640339911,40.771933687162,25.515159786363,302.135633758819,322.06275849228,41.3839564222349,275.392650044937,39.3688862016569,19.8834504257659,232.843589393219,282.335463252421,10.621435594588,14.2892494401758,288.620305578101,273.00140186114,12.1504998352093,281.007364307668,24.6326274020832,281.988110013235,266.750882071227,264.830095563691,267.101172190894,16.988404134156,46.8889505922454,20.761428342209,285.833043791973,273.282255901228,279.428350785446,21.6502793441083,278.537496993334,15.2426577029279,49.3480449159419,271.517515654404,17.1415761861381,55.5523607427398
195.392680657217,284.390497632244,75.543565501405,88.6046672340998,244.856989265629,15.015828183816,13.1869231412496,201.143103185458,337.476939106711,15.7248852396052,61.1760828477611,52.7118839775975,78.312019308801,23.9153439651946,51.5307627005755,291.116196881303,1e+20,243.064676726925,54.6071259385171,43.0946621862462,12.6741925571173,26.3995613618622,84.3139358635056,157.441797221769,260.566091760103,280.053723370354,50.3195929224489,19.1050529333002,267.147036545439,13.5975375935454,271.12819135517,162.006898140509,75.0499204423555,14.122852943315,201.694239305599,310.616330552239,275.163295047331,246.883607186325,199.86521384052,196.398983136491,43.8845249308925,16.3999960808678,9.62053354954821,25.8976808529842,55.6641760436187,257.27686621859,40.580725462908,69.1710175425706,15.2395739943232,148.302253929755,69.4018839930082,45.4015550407403,96.6549942987748,199.856410429094,73.0810682933212,114.682485933358,150.906466333999,188.493445791898,178.617234997319,256.676852621691,16.4024496734582,247.234717423037,38.833196331465,48.5998812506295,26.4698232575736,222.187543075224,248.017393049189,235.667808373924,67.8070163405447,74.7082968866158,188.659067449004,37.8739264860534,199.754943033003,266.788287938961,75.8171704324204,18.9703522770927,243.349087893686,254.372423768176,52.9559563749456,17.606941816041,209.309149598495,28.1538737890127,289.541543041607,5.22149590980975,29.0238286816196,23.9339758249188,18.2347275851605,386.652500031365,169.35851729584,296.969941134528,44.6143914773557,38.1640755166978,39.8996955592301,415.817386646062,86.5136014151887,289.817455120497,256.04338624163,15.3677116538405,282.38704789852,199.870356862616
44.6174077256109,9.99535064186279,300.17893537858,288.754342484428,32.1049054655986,233.03522183819,230.252074947376,27.4861603403398,36.4672995926654,228.450164186677,273.003663871096,269.162451464856,301.563406139093,245.180910953386,288.496926288293,53.4774870011806,243.064676726925,1e+20,269.706948147353,255.540874396088,227.280746402758,242.706258672473,300.332034286618,6.75432207740362,35.977828441289,7.70886954415069,268.220518670215,242.065746974733,16.9996271087116,225.374260510196,36.1396424733067,53.8176843966037,298.618314364369,227.627745051992,14.8985806442679,38.2813124179341,53.9701235970855,12.40251642497,28.7605713861374,28.4717633240708,281.815209951536,229.694712329879,254.757240562995,276.734908298683,265.211173538587,37.6725140967217,255.87333568854,277.957102602441,226.114999013222,10.5652293666291,284.15617999189,267.534024324002,8.82263254907307,31.1080328727424,301.709339267894,14.5950491543289,6.86026059729951,20.4648063922811,6.8445537428467,30.18461900093,239.480167404043,6.12108106375167,259.91433501438,265.278212337889,227.478969718656,8.80523648203655,12.9825216022197,19.4249771955869,282.59160018687,297.229863643311,16.6259328057483,255.215177060614,10.9192382304093,46.0874772412828,249.489504199357,239.064573513262,31.9197371292958,28.994332863263,268.134445204839,225.421472924475,30.0031174936188,247.917444493014,88.0910140558101,245.658213041399,241.982922292374,236.898061295718,229.997087427938,138.83294310171,8.99368544281031,54.4567953238575,261.173166544772,247.243369361718,253.895922835937,150.122157965133,285.483509018974,38.4125424344234,6.78961705180771,226.492141186259,31.5898192562489,9.98647261915958
174.734384890291,299.469974627695,21.4598962499829,35.9837427602415,227.084091957573,68.2961971436682,51.4546953962632,182.884849442797,336.580015197404,57.3879937243245,7.75710605614895,5.8823274849039,19.6004833828567,31.2927297115435,10.2341614771546,289.012436977772,54.6071259385171,269.706948147353,1e+20,17.2864130806195,47.2843407320505,27.0331577647104,25.1085030935747,154.00984117236,255.869053009364,309.049821993333,5.0758342744568,28.4209537948222,278.744847328278,48.2364655809717,267.671647040072,179.911298061183,18.7551537581337,71.4278968973759,214.186984719448,315.337595772965,283.260360267947,235.899369646474,173.157473539208,183.173127073215,11.4752239315861,46.954330304995,79.6027105118487,32.7164242445506,8.42384837277419,244.180351661395,14.8364250585755,5.74053466891859,51.7422913360395,163.12203157614,13.080365149356,33.0459545261492,118.207745378121,182.880238750645,18.7019723611409,98.0173831372274,151.966019248636,200.802863663371,181.777550657387,245.70378125633,40.8977732851887,246.251491332008,10.7113472216482,15.5948475772972,32.952505743831,234.69932989608,247.190964196314,228.450856742904,12.2736041019103,17.8996586109045,178.482095134331,28.6566802164062,199.033454328989,270.182531874594,27.1185932237773,37.0813990118353,230.015592477727,246.691220971095,6.15309990728342,55.9629442927817,190.986598941186,20.9053094416884,427.50016545677,45.6827354138438,44.4696851654123,45.6977532430711,38.4391125548786,380.067269153374,175.203493384226,320.919711030414,8.81440042513782,17.6048592371327,15.2640258452441,455.483342760037,36.3976945908723,280.083779147827,270.781483367503,63.600322106,295.359950367639,213.722117521629
175.588065160307,284.633984818435,31.8567047718448,40.6818381558632,226.301886045226,59.6372834120069,40.1453968961655,182.855154724504,328.64658121765,48.7390683532659,16.5889896566631,11.4209544766897,35.1551459122381,18.5962059011481,16.1453786995861,282.32050423497,43.0946621862462,255.540874396088,17.2864130806195,1e+20,35.1934637307782,11.873462559271,38.7622934637393,149.746459080706,250.460347692417,291.803161162701,10.4734277801167,16.9550401462169,259.778765491385,34.6503323011891,261.044048591644,172.769138612812,31.9369004527192,62.5658594168269,198.922369812438,307.100856375687,272.056500777689,232.529876319217,176.596787285945,179.196652602232,24.7992162252603,34.4849937513019,69.089191690747,28.3795475328469,9.34137752607046,241.221793045812,2.955953736861,26.4158094724452,43.3576897372017,152.875058679958,25.9358197273853,31.5403168611483,100.053597098914,181.044868893286,27.5722518981764,91.4370246331273,145.074521722214,190.750196578632,175.0335106171,242.805406502357,39.2008005309672,234.997472957357,6.01187340237269,13.481570226564,25.9950166993312,221.517226746058,235.629450048874,223.79439228077,22.3242417583334,31.5793631478857,171.375128125572,28.2757139649447,186.034315050279,259.88609289835,38.8583404153216,21.5294030926886,227.531225142265,242.765332657783,11.5700338231416,48.0449498451797,189.651368121265,11.7871821244849,360.692558398699,33.9650624249122,45.7457517165588,38.3248250525453,26.3645171999288,375.604055483147,159.722611424889,303.996866483419,6.08407622795952,8.9908659731307,9.29552220640238,443.331334895552,44.8760594775522,277.998214507459,257.630339707482,53.4867590838271,279.52821473494,202.764418700987
178.44809695513,265.316247135347,64.8598724129118,78.5537533164853,225.233953906553,25.4538796020133,4.73203472322835,184.128997730164,315.641309035665,8.54127620042898,51.400637216856,43.4294636741956,66.7552332553914,20.613950399878,39.1779236079975,269.836868286781,12.6741925571173,227.280746402758,47.2843407320505,35.1934637307782,1e+20,19.660060806564,73.594486297747,147.030908064619,240.864640861121,260.169545697872,42.8632240679118,15.5886580721587,249.786990189038,4.28953856910822,251.072402082216,148.417656207394,65.5631093040471,21.1880554195267,191.004281371575,290.373261994268,253.194024232382,230.398386334658,182.294496084908,179.391754105088,48.861983908242,9.86418269051203,34.507220470405,39.7999108631455,46.6999306531549,237.244501899185,31.6408103872099,59.0383113626017,13.4744329127003,136.26608399439,59.0817499555902,40.1804425992696,89.6035436723135,182.883776847156,62.7525165699379,101.73970379399,141.781864359038,177.382758027106,166.61142605701,236.696229320508,21.6691887215659,229.658887494656,31.3159846522563,39.3596619918072,12.1622372729348,205.790760472507,230.928308227705,216.153397458365,58.8755543159918,64.7234383212855,173.70958729968,31.763822992246,185.01258963404,245.677012981232,63.1114280554803,11.6747528331783,224.347681700287,235.609877837643,44.3078252301001,12.1575349205543,191.469188763797,21.8444934900027,366.569890015371,14.9699795684096,19.8454647082561,15.4059502507262,11.2308878354484,367.112558776793,152.806009295904,278.01670939472,37.0492289847394,30.3787387250199,27.8886667738627,426.864033455698,76.6518649798661,269.334102053686,238.175851321797,18.7921167055902,262.107922647379,186.624383676434
173.604685138291,274.789380955508,42.914383792967,56.6515402831053,222.469334409011,48.411764083516,23.8843453194988,179.884653636622,318.944600227555,35.6018913241696,28.1015762423488,22.4411772226891,45.1731682420661,10.2764608635075,22.7186076461494,273.294792606046,26.3995613618622,242.706258672473,27.0331577647104,11.873462559271,19.660060806564,1e+20,52.0338394752286,146.111278204899,242.846748001258,276.42927302252,20.8673588241222,7.03083723583516,249.195909998577,21.0194233247085,252.943262365204,161.392903083769,43.5413566384341,52.1729527822959,195.03493622655,296.203519390961,257.243908524674,228.127518080336,175.978132982652,175.485668335311,36.5203293770544,17.2036315140306,58.3703276623125,33.0692456193633,22.5877449417424,235.812056004003,10.9795585267604,37.849300601779,34.7651122253855,144.361375669885,38.8377441675288,23.3245548935173,91.6045106285503,178.252897975031,40.5766190707469,93.1799400981305,143.221510726241,183.428701618462,170.383400754073,236.815343278097,30.3293522976992,229.068692422169,12.8524473263851,23.391287659652,19.9801433230624,213.089177373798,229.653199505798,217.022368462598,35.5487831802899,43.2480605047211,168.074739832162,16.6926459979768,180.583185623585,248.027719005122,46.3818228886907,5.88918720183702,222.462713359492,236.040888165794,22.4006187534944,35.3211711601027,186.69779807387,7.28204558443832,370.989690597842,21.2793994671544,31.9667154977738,29.0252749704421,15.0355685958347,368.358597810456,151.903875643387,285.666489894356,15.4636549085467,9.46270331568334,10.6478743312647,432.399443182075,54.4405299840816,270.752213448331,246.986185497308,43.2495301015917,268.125385989837,193.835237611063
189.757823576329,326.337972025436,5.09673871650581,38.4938438642186,240.272720437494,96.1534559158001,79.6676322168389,204.373590922495,368.007494789101,82.2476663258203,24.4235418024251,37.9652951619965,5.38363245890299,61.0964382781868,9.07705501748868,307.949066917397,84.3139358635056,300.332034286618,25.1085030935747,38.7622934637393,73.594486297747,52.0338394752286,1e+20,179.399506889004,285.645322557251,335.262516080429,40.464863026112,61.9714735220228,313.17713467134,70.7378871501537,300.086634334079,198.514289942215,9.36753108745404,94.6828991114963,253.658690073329,311.493805859325,287.160254685585,269.59780877109,177.4443447988,209.316614898537,20.1883314220964,76.7922064068335,106.560268542873,61.6936733641804,35.0686962564046,260.392963472108,34.2539456176385,19.0446417277735,74.4727986231396,187.395462975144,18.0569956682631,46.79639203946,154.116618370477,203.969306891027,8.24467700186718,133.063804785751,169.060382327889,229.787428307465,214.817714884877,271.193490660881,52.7079085583033,268.764328254732,42.4405913284977,37.7386409999237,38.459359184631,262.148372239551,281.399692123453,257.980724038387,12.5375415817843,11.0842208830081,201.532383381476,43.3454211911607,229.370893022484,296.105991353953,22.8368417939972,70.3677496868324,254.056064081729,279.093078472215,29.9237351485752,84.3329299516561,211.621859227957,54.2082170183462,326.885097984344,73.002069957809,57.8309768873136,56.3830517611359,62.8966299259715,409.042351875474,213.352856098648,299.495747838418,38.7892088786476,47.9772602735869,46.8833208922271,473.161749435223,28.8989317850334,310.985963828568,304.360081430891,86.3854976338162,320.177850827845,239.542286507319
