1e+20,92.7896715346828,227.517137112034,202.606022183606,50.6865130498441,293.490464756902,287.467483130797,21.4346424948617,68.7647939829292,268.474533810152,211.727668835623,208.328156467755,225.155986231563,230.806463876716,223.43763132682,51.9720947744554,254.218390830694,96.7171915899399,211.905776379051,213.286672323176,267.389344491562,235.537593523992,221.879375983696,62.829619972509,44.8677832416476,86.9858394394466,213.502349896004,233.270118174734,96.847879914824,265.620282597922,49.8121384999776,3.55404420981441,227.866785854935,272.103030653315,101.120282674006,53.7927853296901,51.5133378045119,96.9563342897859,16.699296287848,6.97430087169802,213.326340105122,258.726717645596,265.102669771617,213.940538152629,206.900787958547,42.790749781796,219.238321097645,214.188304435565,270.367008128022,60.3577330239978,220.947952430953,234.303702381694,113.069761090263,48.3911583431611,221.669658590635,59.0835501789954,76.6867902836144,123.964699486419,60.9321026272867,41.4409534915132,270.436880553173,91.1698201697573,215.978383422644,208.412329351468,261.734522700821,52.951858340432,104.341328829723,40.7262996197236,217.114825158153,223.260663921829,57.4493429713141,236.745278741197,57.0274346516754,39.9740838896581,232.534654482437,244.630447553359,46.6511521320175,57.3704080556188,203.428065888636,274.177329555908,15.5324884482828,231.665906153156,48.7245164476124,239.528193753993,253.580929315518,251.89705650229,257.896371338336,52.555404310621,93.3001756084018,43.9175927441407,210.823521091825,231.65154056374,217.376962762961,69.7150146294735,215.944824276904,50.5606977447598,97.0484675963538,298.213361610866,63.6594030903645,108.745891680421
92.7896715346828,1e+20,328.033628513522,290.821119835928,65.2708014073988,347.325280557522,341.338657108603,104.567055964232,94.1360812091772,351.17678526027,285.026119252127,291.472939580527,335.542692936332,328.429133314703,301.607450603864,75.7561881562091,341.269759004512,12.8746681135765,287.821950451867,304.600319634147,348.915776058509,332.275515388717,325.535517533687,43.1033946258335,63.8095581636849,30.2264211161943,291.504396024299,324.712524261535,28.286736531788,343.56306262572,66.0464146353006,95.720822128438,330.36954609297,350.794299428245,38.5799643600393,75.004662810941,48.5786859728204,9.25547012344039,104.142187880971,91.2317606317567,279.809231353466,347.908314861313,349.714452207025,299.327510686615,297.454956807713,63.9684255835234,310.653228214915,288.220934672786,351.60135117688,56.2056024374236,302.596251909595,327.256691886581,53.5838982939851,59.5040804606463,324.55300955337,44.4711596977131,80.0674892580693,69.8453500788749,51.2311685991452,65.2819968769785,347.896985350174,39.3471857350871,307.61016644706,296.622793575049,348.243083851071,48.6904825365991,20.3326558011796,70.4208534342033,286.448540576222,331.285484827383,45.3917631136268,331.697044298881,51.7965377581852,62.6946868776423,336.96979825117,335.721978855336,59.3021928918645,70.9613360373898,288.471027929195,349.493735769245,93.8023191114411,327.20605792076,67.2253346445239,331.517589488612,347.458621797031,349.253150588642,350.028036887257,66.8106734709706,8.81762488251782,63.8052421526841,300.290058138761,314.097450870405,304.804518594769,69.6829130898575,324.906718030354,63.9638525570285,10.5974764719633,347.457448901568,69.5495558251984,34.5956934053159
227.517137112034,328.033628513522,1e+20,66.5739703723891,237.60864802598,161.689400839376,139.540876716383,231.652459798331,378.634260175575,148.454213352187,46.2554767440643,63.4575524673515,10.3625691349043,119.750007568524,18.5945017887093,342.359355587505,133.239532338564,310.285556659044,57.1149634236231,93.1686914325117,147.025389171973,123.308751447619,9.1524576243039,211.488316090645,320.36325919389,343.671448400578,64.917822331701,118.388789337231,338.504768663419,141.088139759662,337.888055104277,228.130955304874,7.13654861777288,147.911516173198,289.321868346002,368.545206315541,226.882244158341,280.422668722907,228.516267436407,221.062785395872,37.8896898714009,140.738645571614,146.008630171572,89.3729228719563,82.0352567244346,298.060044469505,104.915101644519,38.4092908347053,150.512887109806,214.422874475822,16.7695888084547,120.827809979192,295.241789031613,234.447816697362,4.59196744128911,245.624481398441,251.070172149291,296.740812229214,265.452118664231,298.826234355977,146.862708219128,250.185996936358,97.7600915288456,80.6792093825968,143.39700864437,274.321754369221,287.842423419482,311.81795198516,30.0809867628903,3.02590698534969,249.957667831486,123.100874296025,269.872275301198,222.543198429967,12.294102650284,129.097774649295,251.19777741527,312.96725687162,55.1060084042945,151.111543845966,214.862652681267,117.937956865621,336.779362097864,123.837027072582,137.005041843092,132.472213747694,141.648310874802,327.766468083859,322.0931467768,275.928576575872,85.5714692894144,111.794575232989,97.5661428791521,378.121790925375,8.71768900754302,334.734085908422,317.528436415237,165.748637140087,349.40021819897,284.932369164954
202.606022183606,290.821119835928,66.5739703723891,1e+20,212.094256400429,151.918821988258,130.129620952835,210.774894078741,375.733252771227,134.059916732438,20.2740788943352,5.95094027632794,74.5354845265598,67.2992067872813,48.2559545651651,302.276732550109,100.926088361328,251.435813546597,10.1104015497019,25.8327051492038,125.644038036209,76.3895325878834,69.2544582985891,175.734166474856,278.337414277827,273.552972476261,7.35849114955095,64.5980264156356,269.843393553212,116.856097830666,287.334669240742,203.775355157103,71.4150579595119,158.194247994909,209.18138483057,334.175037892255,197.217920956059,244.229289634983,205.679671401253,197.256161664674,29.3844952101806,112.406936304568,125.251559066251,23.1912043132763,15.2939174238146,257.437745800234,37.8989230133343,28.0174621100149,134.14578739558,155.792616227875,49.6384108600925,67.4518215735026,210.278024330037,201.015120010435,66.0337195584544,226.533910257968,183.322101998649,213.108403400631,205.55259837045,257.261945702035,134.241582817774,271.862427531131,30.2582955599537,13.7508176968754,118.335449449269,221.455157393577,270.684259265931,269.294946301585,36.9518961022718,69.4173038081514,207.402289916439,74.622636804657,216.184651692739,189.589609581458,75.9711777268945,83.7983157843044,211.350454629922,266.794296642403,10.9120615542618,138.322774081635,192.692428493505,68.9255838099528,294.847572401321,76.2263080938888,108.070108574355,111.148090758403,113.917191402796,279.771539984704,293.476296085274,232.830941148096,18.3234673273498,46.968469987575,30.4196311122978,340.969018635096,67.3147110940856,285.490876615173,257.393299902344,155.711618539193,303.713622204186,208.250938199798
50.6865130498441,65.2708014073988,237.60864802598,212.094256400429,1e+20,303.935691594434,294.288955174717,56.9888864744448,53.3785313224258,301.708190081712,212.957621507743,211.410828575108,235.366591611395,260.356878567677,225.521123647762,18.3331364969227,279.075941626783,68.2913222558452,210.517787938881,230.807750624664,298.255986783461,265.525177588189,228.169635233233,90.8897790442276,19.1849610532903,72.4760233136729,215.791829325962,256.586959088759,71.8535296800434,290.211788642213,22.1769322626781,47.9790451377831,236.805430272011,286.41123028683,82.6105792952241,32.2313332023528,28.6344383157743,69.2646999006669,44.3591865708382,57.3317313446609,214.31992517498,290.361323299245,298.452699726166,225.833711588591,221.689313991316,9.43754679384079,238.814064914863,219.77140474232,301.427554838447,95.3876902636739,225.459139450606,259.349079176302,97.9074858468833,11.32057940029,232.462034105197,90.5092127889673,117.246046334417,111.821556503465,91.868400105808,14.6466467788839,299.050169517272,81.7879700265844,234.529574179149,221.491299766215,294.270972601719,87.4651306194276,76.9191507863716,18.2084846132292,219.5151621355,238.294678064048,86.1585899332043,264.767469699333,92.002663375659,18.0574670976073,238.995570601734,270.049131156502,23.5170792147557,39.0106178444013,208.772907156154,301.249819336431,54.5269712641131,259.708275361241,24.3876090025891,264.960010700529,287.852685725553,293.390466835774,292.452700922421,25.4136701830882,67.0018326306182,24.9776079540794,225.605104124598,243.589319875135,232.084660243578,43.9495069581014,230.470933880658,21.3854015539898,68.3900777578497,301.552061433687,47.234499690504,80.5128868191857
293.490464756902,347.325280557522,161.689400839376,151.918821988258,303.935691594434,1e+20,39.0072134875079,278.571631909046,397.709371247981,34.418717172233,152.900950155888,149.281819580618,176.140981808321,98.5688577492078,169.088475004719,356.006355875537,64.758809322625,321.790670209063,156.163334887338,140.349125481634,40.6893063649925,89.5191786921612,174.97406508696,279.271250451633,343.621663281196,347.718510255227,142.680922349264,101.433483268578,340.614507019745,49.2709191070148,352.128654044661,293.932517592944,162.772111700525,10.8485295618976,291.125036903175,377.681570071372,291.747137153669,311.933370679503,291.527182102443,284.043361964235,160.96273174559,54.0800470328333,42.6987632326553,134.877148453966,144.656067982191,337.318501837405,128.521062194775,148.454307964975,33.931986187541,262.30195586559,162.494679378655,98.4269527721484,267.814630126778,296.328756129936,167.104993225051,317.45751967044,238.198065987356,254.467303217791,302.173815606715,332.793000340325,31.7636683131356,297.506434822275,135.856565869824,142.083489656061,47.7402384178426,311.585577401883,314.556793700384,341.48567389221,160.147908486997,162.469775050545,305.653293780442,91.1321919983831,307.114907882903,288.814530299686,168.851015546029,82.1968421121813,301.259057190577,328.243409420012,150.492699402522,26.4740942570271,279.581488692531,96.6711319059782,351.137944524049,89.4242996934467,57.6710971161195,60.5966279863996,53.089568358488,344.935465958047,341.551174606911,316.80662819024,139.767025632987,118.183343149517,134.190009067144,373.146354221393,169.575188430182,350.469353742967,324.918295012618,8.16651582976397,345.697970103443,277.543017373958
287.467483130797,341.338657108603,139.540876716383,130.129620952835,294.288955174717,39.0072134875079,1e+20,269.148832190652,390.535721991688,14.9061191043562,130.469388043263,127.213356070262,154.028656052834,69.8993053312357,147.12074068744,357.335114925816,36.0152973588416,314.069388741667,134.332452534081,109.600658688033,15.8115059410532,61.3758344544396,152.302849951171,277.187277812712,338.423681317509,342.594455984838,120.222160246028,70.8373945185021,334.780313024984,19.4098709440307,347.094284473322,288.792039631082,139.465697816648,49.3391503696426,285.330995389574,379.893184785238,283.97092484579,303.339050114765,286.586050716404,277.947332429464,138.599946743295,26.719089096303,16.0205958759928,109.551987592304,118.554472847179,330.245544242584,96.5888823326771,125.8262187897,16.8708827299594,255.551597011237,139.768610265124,69.0166208807241,258.927469414754,286.116792706342,144.777604492236,317.120278209817,232.447939166582,238.145980889232,292.711629952397,325.719851315279,11.100072597137,288.983780840445,103.985054512528,119.440094288642,21.4392805657562,305.304270702788,306.460860567714,336.162470874769,137.599915850298,140.921881488973,295.95228663,61.3314962876838,302.020671250516,278.311636097657,145.989231673922,52.5904419296536,292.097299232015,314.022101176819,127.976553968447,14.3766116003664,263.028130232843,67.3885586573159,348.76695888506,59.2019140984346,30.4034137210213,34.3350466486971,25.9810179131245,335.069963577933,335.220835973585,306.605281968173,115.302011523368,86.1643890114402,103.414430046032,371.130841925662,147.855927467095,346.572675814375,317.279434506884,47.1106570295595,334.625648167462,267.941350336087
21.4346424948617,104.567055964232,231.652459798331,210.774894078741,56.9888864744448,278.571631909046,269.148832190652,1e+20,50.6629878743848,253.869426708856,219.144525639191,216.215958840938,231.048872789423,217.258786303136,230.302207416394,58.1861773281448,240.00431885116,108.21870947733,219.782719553014,214.127268019235,253.164007052674,221.353877703223,228.183646263279,79.794095510658,48.3191415174278,98.7009877033691,221.540972452909,219.57526050271,108.685824708138,251.517196339991,48.7472875612608,23.478872620269,230.801641767383,258.25503291067,115.109669899029,51.5816538211658,67.4390530612369,108.545151363241,19.0072191764503,21.2680179937813,221.003285239445,244.749801563225,250.908177389246,208.504194435956,208.489440506336,54.0493166844372,207.829646102427,220.109706448107,255.963927801451,77.2334952594117,227.148316835449,221.073444635137,127.71483805054,53.1291451932037,227.707183405554,76.1899396194488,93.3876507602775,126.883491195487,70.3017342366681,45.3273819739015,255.783802138271,98.0941889597096,212.23215188873,212.612160564418,247.722927864119,67.3625249687043,111.95343597262,42.2548816542206,223.946192131644,226.813095863856,67.4048140651096,223.187298853427,70.6892354870962,43.0923473152672,235.14634220368,231.179935435952,47.5637004609171,41.9882823998662,211.096515818527,259.656602034825,13.9417179530113,217.558444389261,50.8346485717834,226.116399861958,239.425823996311,237.577431747995,243.684236061195,44.412300251509,103.608438973693,45.1721420737367,214.943618700188,218.796039772132,210.140788416991,52.72209747361,221.927264425399,51.1343129507392,108.517598385342,284.108079933189,47.3920916195425,120.721600495968
68.7647939829292,94.1360812091772,378.634260175575,375.733252771227,53.3785313224258,397.709371247981,390.535721991688,50.6629878743848,1e+20,385.629261004391,380.284679320078,381.112613183638,378.130113725038,370.295230922186,379.248151765471,40.4110898884204,378.345110672531,98.2514194759568,380.75861285305,372.12597923611,385.266859011545,372.325932278583,378.142831267297,118.341866306648,33.0430627762208,91.0020841118069,381.124606813532,366.65202778573,98.0434815550141,383.205124590064,30.6355156367118,67.4980262181826,378.274963778466,387.039479159288,107.755590963433,20.9033400936117,59.5962237256274,99.5230095749519,60.898298352702,67.2925613587307,379.815734060195,379.820321977707,382.063707583152,365.863791442117,368.70784520647,48.8241961643774,364.277361377801,380.117854650947,385.44950410035,120.404521056935,379.123134188182,369.077923154282,115.053173212086,52.2773695824932,378.475283930158,113.958493208785,117.017111720645,116.424655423871,110.778915419104,36.0968072947839,387.077627134157,102.034299297004,369.726752299502,371.981746595194,382.511589501593,107.408534615894,105.986631608892,32.0185579759033,379.584441209581,378.480691876887,109.089581816751,371.02507065747,112.981346533386,42.2206815249207,378.109112450993,373.216802979613,41.5311086374851,30.5759232389096,380.593756466105,387.778067171573,59.3534329362234,368.27159515097,29.986944260726,370.436990050638,381.100779044565,385.482167431585,381.064454759058,26.2038090761689,95.3211995911358,41.6460307806184,372.598640235678,363.279154118486,365.316900051095,22.759146313493,378.31052761324,30.80811287821,96.8503412158026,396.048266893607,34.5386107001237,107.856655153536
268.474533810152,351.17678526027,148.454213352187,134.059916732438,301.708190081712,34.418717172233,14.9061191043562,253.869426708856,385.629261004391,1e+20,137.898233635347,133.610847347046,161.938029249723,66.3836620986464,154.879766523804,359.909628015876,32.4698499010379,323.554619861015,140.155864264482,108.716445656103,8.55824918096654,57.074183603516,161.078631434516,252.743036827959,347.319898917857,346.635476488038,127.552548805964,68.9478826205393,342.532959095788,16.945929523513,348.734951826691,268.912795980113,149.502363298049,42.8672801488411,284.276772414513,379.327841800102,287.956797142988,313.129934059235,267.48670894718,258.809948431564,145.904013683113,21.3608823343543,9.07377697120882,111.036514288837,118.628426956544,337.549637619255,95.8439875895717,133.937457517347,2.14847353509399,235.406556934926,148.474807558529,66.2321232223838,259.006285756719,293.805436437187,153.14276970075,293.215410067425,211.324827123961,238.204743845644,278.228414078315,332.33027926049,3.1877584930594,299.355754445276,103.791702229802,120.245225390901,15.4529517060797,288.313875577139,317.959772923989,338.117106030768,145.526288091846,148.563763259817,281.21436301954,58.8467056501328,283.543595294583,281.50831648121,156.019360585407,49.9168121518029,293.962124840166,312.95238060345,135.032230722139,7.84967764730041,253.808790946844,64.1727789137356,355.659609502899,57.1083424504369,25.4542438786553,27.0325305935968,20.0107030049327,337.079375289859,345.876866587574,306.201409626764,115.83323072577,87.4238531932921,103.650147080797,371.50818963275,154.685341797684,349.220045306242,326.317106761722,41.9340808784228,332.280942174458,275.155241062769
211.727668835623,285.026119252127,46.2554767440643,20.2740788943352,212.957621507743,152.900950155888,130.469388043263,219.144525639191,380.284679320078,137.898233635347,1e+20,18.1803810070579,54.1069302784693,87.927722150829,27.8225769555855,310.467047454834,119.436245679446,248.137397767448,10.6869513107756,46.2802160110241,134.693778277992,97.1915240473464,49.0701593865687,168.548211887755,289.763351931831,290.017069539589,18.3845584913375,85.2066331445329,280.536494614778,128.500060585703,302.81940500467,212.735967573107,51.3259659637739,158.055198939201,229.332578409061,348.753430878937,200.274036320956,235.574330849238,214.462962108241,206.13481060161,9.99554445420476,127.321862116565,133.695977461901,42.8690091643241,35.5976418264251,267.119489088565,58.3473830310671,7.70705721437017,139.034594353708,165.780917190325,29.4460616898867,88.1522731893587,235.803803547248,208.400735967897,45.8065286582786,219.831531138376,204.276536463841,238.250245171445,214.77021329522,269.396418963761,136.458611396976,260.649733447624,50.6516166052054,34.0778688169325,130.411873222051,224.758504979518,260.079097966189,282.967251817352,16.8238948763622,49.0883846815771,202.433496137123,95.2672305935134,218.774416368571,200.356137716881,55.9061008305502,104.633097503078,223.878879068676,281.35476561893,10.6248092776942,140.642688718023,200.861590652953,89.5630600540183,305.650091173885,96.9156099719749,124.264619214387,121.47557192058,128.773895087258,294.778369061979,284.038267574765,246.309782665517,38.7181257820234,67.4652736724286,50.7780067733174,353.836448048207,47.1331742020113,299.912535050981,256.244226843909,156.670048041774,319.493169593803,225.31298507194
208.328156467755,291.472939580527,63.4575524673515,5.95094027632794,211.410828575108,149.281819580618,127.213356070262,216.215958840938,381.112613183638,133.610847347046,18.1803810070579,1e+20,71.4775794843367,71.0673064628203,45.1490336287163,303.690451817227,104.469595356444,251.954952126786,9.06480442090924,29.2767359735636,129.308216448362,80.0026280996101,66.9755227225734,177.513895368385,282.178420130338,282.753107651695,3.10289742096373,68.1692996467687,273.222799211869,120.518435999476,296.011432651082,209.410214037367,69.6042846570131,154.72871491186,210.296675956963,338.580879172114,199.595223510783,244.377276787523,211.108754901095,202.882656905843,27.5019639055531,116.361864373335,128.544169178722,25.9230961487934,18.4797374241069,260.147813180581,41.3649539908454,25.0570529228053,134.340195137418,155.140292375007,47.3088802706244,71.1768693742939,217.262943567845,204.533966958623,63.0359627658554,228.440821599437,186.248908819742,219.874773653373,205.217831638036,261.692998677788,132.274327312567,270.12602196762,33.7866290036699,17.0403364433154,122.279257343522,221.414180225089,271.124107848498,274.852712957274,35.0096840613353,66.4815902623979,207.132506618263,78.394989094835,215.9507799904,195.038193746426,74.2044415799625,87.5464309488331,219.653923125263,275.580344013005,7.9526069642916,136.437103943134,198.443196331026,72.4562480590142,298.763477612075,79.9488977988724,111.95632587521,114.688219825304,117.91283691881,287.690085690765,292.728994040627,241.360748173762,21.7097446104356,50.5657324587279,33.7392398573668,344.948011462209,64.4639622315167,293.134834639274,258.41022128164,153.123785999841,312.620055021627,208.494174242506
225.155986231563,335.542692936332,10.3625691349043,74.5354845265598,235.366591611395,176.140981808321,154.028656052834,231.048872789423,378.130113725038,161.938029249723,54.1069302784693,71.4775794843367,1e+20,132.088354867971,26.2601831760838,340.569324445227,146.377373212313,317.871847676609,64.9974038803887,100.977814482157,160.258639202336,136.001207716887,4.92931911531612,217.65355688657,319.40916899822,351.22271168038,72.6768267596626,130.371446790427,345.416230663185,154.492299716613,336.984006048494,225.700128402563,7.65220643105846,155.222564310668,296.496448391207,367.625796152453,224.144963976451,287.971977697386,226.166454718095,218.636247968314,45.7395355745843,153.604752214704,158.717804493091,97.4462748604834,90.0562134427066,296.936088613351,113.262330234928,46.2110910577746,163.810945243462,222.027148660535,24.6177178919434,132.644222808469,302.456862634624,232.073106267975,9.53235055381025,251.783372294591,258.37697525183,304.015513056023,273.439795173566,297.485419805173,160.714448112402,260.785821352344,105.452744729641,88.4652478471208,156.314729263703,282.296927280494,295.443323374058,310.427980462153,37.8716719740237,8.72389107117778,257.900617376091,135.480815527672,277.686103878954,220.127730967656,4.70443185394301,141.468455690226,248.976286535586,312.106324555924,63.323356744421,164.765277034955,212.918460057458,130.631586954303,335.888980876678,136.03788962717,150.338386039508,145.213735422779,154.73712514762,326.608735770385,329.790245410634,273.988520661222,93.2738352582579,122.337977824789,105.55323308047,374.92573704698,8.85574427874326,333.726982673459,325.348820732314,180.051070824951,351.220112041737,292.284514529987
230.806463876716,328.429133314703,119.750007568524,67.2992067872813,260.356878567677,98.5688577492078,69.8993053312357,217.258786303136,370.295230922186,66.3836620986464,87.927722150829,71.0673064628203,132.088354867971,1e+20,116.866299472074,339.095145208715,35.8403894597515,292.420315881219,77.4727819946079,41.8965448475227,57.7316689746286,10.5902954271352,129.426015001066,211.787075603934,311.304770570049,309.435924238031,69.5779841356421,2.62495767053653,306.843917088033,50.1499094707365,313.211297077695,231.341067254693,119.788004984318,109.754847931821,238.576101512461,354.890669056748,240.114821626881,289.231863506861,231.583940877605,220.89409142213,96.0699438158402,44.8969507700441,57.6853991535168,44.5021258640039,52.0761054863917,299.071336421261,29.2696855019404,96.0743492889033,66.2729769155408,193.96541013292,116.283157672343,2.36662036915911,211.440833550855,249.017345221991,123.309604244568,257.023191895142,174.166791628744,189.850996712438,242.370687218551,292.689452308915,67.5846670882107,300.126635676946,36.9737044093165,53.5587764495827,50.7089886280205,253.848760532856,314.493677211217,300.713333186626,104.218437147236,121.460208418092,244.135446757385,8.80278199015583,248.902207777352,233.849856494258,125.706859947768,18.6562745394756,248.901841014046,273.654603645639,78.3816385340458,73.2992422044677,213.910233711113,3.82291710341951,325.709714441695,11.6111956654966,40.7211472854921,49.4098165345171,46.3951292731771,299.935393527832,333.032005264526,263.391704021455,49.0072339638832,20.7837502884593,37.0506680773043,346.259495079149,126.179610166879,313.725767843024,295.573266229069,105.734986787798,296.775339471337,230.812875492863
223.43763132682,301.607450603864,18.5945017887093,48.2559545651651,225.521123647762,169.088475004719,147.12074068744,230.302207416394,379.248151765471,154.879766523804,27.8225769555855,45.1490336287163,26.2601831760838,116.866299472074,1e+20,328.554398864884,136.685233466585,284.641165891608,38.7353587188377,74.546244633955,151.777999619178,125.469979761871,21.8307928239011,192.668167701802,306.159349862248,317.575342736594,46.3778845133087,114.047831772746,311.760417471878,145.573163702641,322.160625697668,224.156891383992,24.5473459278444,164.913609832328,264.27677241046,368.473368765491,214.367412121546,255.076943836397,225.443177375045,217.474316178119,19.6636961626589,144.745005492199,150.87608852448,71.0600305853583,63.6690452892749,283.827644118299,86.8809087555546,23.6055410633513,156.06023900621,197.541267219307,4.17005588011089,116.897305856096,270.341466084155,222.20170294567,18.0230604438976,225.864819032716,235.086503213481,272.176030133259,248.526839558446,284.585156390228,153.286059428894,249.279816678778,79.1615213345673,62.1494637203551,147.636301859482,256.242627528265,265.460863036349,298.96489166654,12.6326052010204,21.5475536819574,232.316647394077,124.321662687169,252.209882762108,211.145351550486,29.2766231141961,130.270679389306,238.399251992959,298.868980270996,37.6844111297235,157.417511788804,212.028413638052,118.514033930478,322.792107672712,124.747686640186,141.655493671839,138.515346103596,146.193375688566,312.497156751045,295.798583141277,262.313269401073,66.9558130627508,95.7477536777652,79.067413250721,373.085448397751,19.534713059522,318.991915098929,291.962729689326,172.751821443745,339.300092495008,260.073708163197
51.9720947744554,75.7561881562091,342.359355587505,302.276732550109,18.3331364969227,356.006355875537,357.335114925816,58.1861773281448,40.4110898884204,359.909628015876,310.467047454834,303.690451817227,340.569324445227,339.095145208715,328.554398864884,1e+20,351.838543942836,80.1443166325035,309.686983861579,316.956720315176,364.501883858993,342.530153262556,335.46103749892,100.995191721424,20.4240479765515,81.8434108402705,306.255331749892,335.574669162652,82.4933629441707,360.484669120895,27.4312786471793,49.4558103745337,344.282547483132,339.821363981668,93.5383788401959,19.6153996580264,41.7834722016078,78.8933403176772,42.0898194720887,58.503751396935,313.671735083603,359.374154050444,358.994365241821,311.83334798677,309.135712560359,16.8254722575081,322.432974371528,316.255297100371,360.315083890949,102.869970203266,328.925679942054,338.107395554187,106.050224079922,19.3036869197483,336.188742376775,98.1037154193394,109.097023343904,120.860727338889,95.6291879696358,21.1580924746915,359.004629329831,85.2832698144022,319.670260888701,309.356884215963,362.840310406279,92.2280353403878,85.492886481912,20.2328266769565,320.317405425611,341.689152434237,93.2028245705714,342.140129952943,97.6768907151157,25.7187113142126,345.566636583561,346.035018001294,31.7210133590801,47.2349448372441,300.343903195537,357.924710572518,56.1306150904119,337.692120582279,17.6484140141073,341.991900302132,359.66690804329,360.579253262662,360.370182835115,33.5673183589275,75.6414459950478,32.7089047009113,312.829847091596,326.102322979356,317.038696587675,33.5990377046374,333.201167175117,26.3718314270973,80.2565116446466,353.35037954026,56.4453705784867,92.6522300349339
254.218390830694,341.269759004512,133.239532338564,100.926088361328,279.075941626783,64.758809322625,36.0152973588416,240.00431885116,378.345110672531,32.4698499010379,119.436245679446,104.469595356444,146.377373212313,35.8403894597515,136.685233466585,351.838543942836,1e+20,307.805233290639,111.065572504202,75.21179154226,24.1381611504634,26.2246670951382,144.257591457221,236.157640057194,324.443029212976,322.894665206175,103.224998026527,37.136403613407,320.530869645597,16.0799213208355,325.771248662357,254.894804975795,133.802474866649,75.624006497959,256.474435051942,364.985219807106,259.265841502488,301.619236839613,255.0815723705,244.368472812517,126.790090091902,11.2609349556018,23.9411011012258,78.0094959980172,85.488834258915,313.989135773885,62.9322457021055,117.295596106537,32.5013975913729,218.328756243198,131.244128502416,35.3940282179357,229.589258407262,267.560328969807,137.587995085724,278.848153671787,200.542326597088,208.502670866372,263.635794275562,307.466838049267,33.709080670203,295.318848512534,71.3075788241144,87.1063455172547,17.0986637838222,274.225477560529,311.087934690907,314.871551171403,127.780888587363,134.915657529187,265.916028242043,29.2796235573826,269.608253672049,253.148628699221,139.360099785557,19.9985204962255,266.399725838359,287.749514825301,111.981100125455,39.5026453322849,237.697457253609,32.1675838521119,337.821361128542,27.4778655517541,7.05129061026207,14.3018550209188,12.6294144530922,313.188233693043,339.009924657741,279.740151990218,82.6938548881262,55.1810355568206,70.4880686038739,355.653868988335,140.451317673882,326.368945287571,310.720365966776,71.9033197244162,308.683136984958,248.987515457493
96.7171915899399,12.8746681135765,310.285556659044,251.435813546597,68.2913222558452,321.790670209063,314.069388741667,108.21870947733,98.2514194759568,323.554619861015,248.137397767448,251.954952126786,317.871847676609,292.420315881219,284.641165891608,80.1443166325035,307.805233290639,1e+20,247.701071415475,266.30332184976,320.500437065712,296.56831779253,308.145128558454,44.8551941612298,68.086984841703,23.2419667785357,252.447254125591,288.604563320778,18.9380026211382,314.690243225092,69.221577421533,99.7467983540907,312.415706546871,328.3424657943,25.4926804452399,78.8030714274015,51.2786942508266,15.6269100323696,107.931844395217,95.1216920748975,256.53978140578,318.802148483509,321.424193616856,261.123093547645,258.904524316545,66.9011592279697,273.149817851942,260.171323702561,323.71678660051,43.511128488477,285.688814920968,291.376072139589,41.0141238042798,62.3754928058333,307.206696405436,57.0827329794623,69.2491060906884,57.0124954104669,42.3348780904048,68.5866820737462,320.341367912036,52.2647137254258,269.724184000278,257.849866502807,319.450988788027,45.9303330559353,28.3244256697239,73.7678194273799,267.642713998422,313.715820839612,42.7109720721239,296.193929965438,42.0258793914644,65.9156937751311,318.562835855248,300.677160954976,62.2970527034542,73.678906549303,249.282511988769,322.420297631455,97.2892561191003,291.211026070711,71.8500092702708,296.169651606509,316.546597992307,320.818188490509,320.854864241337,70.2111886866985,21.0214384008035,66.3739254534786,261.737639948147,277.299277134324,266.866440163918,74.783320539738,307.850336688795,67.257713754384,8.11269287414124,322.383089388372,72.9382720833453,21.986647998647
211.905776379051,287.821950451867,57.1149634236231,10.1104015497019,210.517787938881,156.163334887338,134.332452534081,219.782719553014,380.75861285305,140.155864264482,10.6869513107756,9.06480442090924,64.9974038803887,77.4727819946079,38.7353587188377,309.686983861579,111.065572504202,247.701071415475,1e+20,35.5708150085306,135.730425965482,86.5579157883763,59.5574635042523,171.830041818097,288.20311910944,284.083542771336,10.2979756448172,74.7449009085346,275.024915152423,127.22668149348,297.002484224601,212.985946701205,61.2835516478556,162.99547892528,216.253349376598,345.285753853787,195.782621955822,241.058156557406,214.642778894419,206.438525161539,19.2972346749896,123.008894503045,135.02411257141,32.659896781365,25.0630114825437,263.182935796231,47.9043686935964,18.6423548581677,140.817814501773,157.217562529113,40.043016119406,77.6227379929397,222.802277891847,204.650559668508,56.5286347209182,223.64344963462,196.072203455085,225.317366928129,208.995519668232,266.612976080411,138.849735866511,268.982978619647,40.2928861784158,23.4889072075715,128.9277458511,224.073804040028,268.05922295724,278.990647577738,26.8301074168215,60.0646466672227,204.232727998469,84.9640085604727,218.265507213556,197.575646256465,65.7587900009049,94.1334709044471,219.09114176661,275.64230189391,6.91750354860732,142.962161552314,201.433371481793,79.0431987771008,304.993378289361,86.5685035943968,118.615304084849,122.996111110619,124.592091312949,290.085734406749,291.593114066056,241.169748176774,28.2011582366006,56.9101355676817,40.1758924291724,351.869838043286,57.9739036656618,294.96231292603,253.830998611102,159.949212495588,314.511514591887,212.326795399154
213.286672323176,304.600319634147,93.1686914325117,25.8327051492038,230.807750624664,140.349125481634,109.600658688033,214.127268019235,372.12597923611,108.716445656103,46.2802160110241,29.2767359735636,100.977814482157,41.8965448475227,74.546244633955,316.956720315176,75.21179154226,266.30332184976,35.5708150085306,1e+20,100.051856899295,50.9064243982834,95.3654635442382,191.655074710811,287.064884335498,285.675202474626,27.7699283312376,39.089710115474,282.240672487348,91.141574436244,289.715471733937,214.134549355497,96.0197894635944,148.996251556808,209.044860148927,334.720509713268,209.221195577487,261.808293368006,214.46566541045,203.028781130805,54.3527081251019,87.0227711640055,99.9311289442062,6.58230330011741,10.5546303721576,273.74006345845,12.3529676077284,54.3252875034518,108.702112380316,173.205311818632,75.8407630581514,41.9722588625748,197.636561317715,218.987736808806,92.4386477975068,240.363004647847,177.01527951625,186.188669541559,224.142382850415,267.043590418743,109.769717911381,289.987646125283,5.31207480591344,11.9938416020065,92.8962009577762,237.663332806946,287.879153906064,276.028143336641,62.4093490397685,96.0736645543991,226.107410379993,49.2997851699988,232.958526960337,203.081493552713,100.88147815653,58.3116745963168,219.690485682699,260.742178728052,36.9656452298671,115.672632715686,195.666134968089,43.4998322794145,302.553173487947,50.8722627996379,82.7367545951022,88.3828109716672,88.5772830898316,280.444305927,309.137457033433,235.689972096435,8.49026368785155,24.0381596325287,6.15984006449337,339.867071790607,93.7485580139004,289.999506509319,269.882673253434,144.213377837864,298.599216859652,201.280365847808
267.389344491562,348.915776058509,147.025389171973,125.644038036209,298.255986783461,40.6893063649925,15.8115059410532,253.164007052674,385.266859011545,8.55824918096654,134.693778277992,129.308216448362,160.258639202336,57.7316689746286,151.777999619178,364.501883858993,24.1381611504634,320.500437065712,135.730425965482,100.051856899295,1e+20,48.6197730819164,158.315068205265,251.081119512879,341.687042478293,339.654553783634,123.830528780486,60.4862307994224,337.460908573449,8.60865343725542,342.460692499301,267.878829888764,147.267380622089,51.676794061462,276.122599214934,377.572536912844,279.506522282203,310.961197723307,268.054583143992,257.791444313977,142.400050284588,13.8274696962319,3.71531903883453,102.668118929903,110.207449464161,331.745705876148,87.3496639550841,131.555385490785,8.48178431060176,234.051536706956,145.590708855017,57.5856413740452,250.361391988418,287.533006760808,151.536124833835,292.13122797463,211.068625060503,229.552283117075,277.723046584805,325.259124461277,9.80437147120695,301.151655003552,95.2008155979543,111.735504035648,7.45329553521792,287.606265620775,317.438453834522,332.192220169065,142.398952856407,148.02155003607,280.252326677364,50.2800961262861,283.04437682707,273.479760676173,153.329577727229,41.3470362807788,285.92142342029,305.386194981629,131.559874789058,15.6010191493425,252.352723210995,55.804836426747,354.530126764902,48.5871308898493,17.8764184614037,22.0166866378396,13.150328722934,330.073165987146,345.61981648722,298.399392048931,107.274727946189,78.7040467498327,95.1799181350592,369.681892260235,154.219780791092,343.167073045029,323.327957118414,47.8484207112064,325.227026888943,269.233742545394
235.537593523992,332.275515388717,123.308751447619,76.3895325878834,265.525177588189,89.5191786921612,61.3758344544396,221.353877703223,372.325932278583,57.074183603516,97.1915240473464,80.0026280996101,136.001207716887,10.5902954271352,125.469979761871,342.530153262556,26.2246670951382,296.56831779253,86.5579157883763,50.9064243982834,48.6197730819164,1e+20,133.606931361394,216.474420807544,314.812677891587,313.086456090716,78.7667005547379,12.243615933021,310.856306966412,41.9480733502261,316.677062782184,236.177667764592,123.729000482996,100.302714249367,243.494124274812,357.538062151147,245.524687648504,293.82791952063,236.263601493982,225.445507982489,105.364957417288,36.4135601916706,48.370666297266,53.4847519880603,61.0366040807625,303.093053306472,38.4731667464537,104.66300648789,57.0052207140683,198.13976101201,120.425654951277,10.7264365406683,216.238647746061,254.106028650584,127.154813263844,261.050096784085,180.499445172918,194.693280759462,245.783670938458,296.698364067908,58.3814620118582,297.827988281118,46.3941935616111,62.7074080933891,41.4908878535037,257.065689060898,314.29416451741,304.495342549655,113.627377503389,124.614882126402,247.826571867586,4.44097035525051,252.093093531106,239.011776374716,129.456739389485,10.3318276191848,253.673234970241,277.544636562272,87.3200074884911,64.0436493142655,218.40474744934,7.16828587315963,328.956828593869,3.62123058791715,31.5108663636696,37.2699334300224,37.1234933897507,303.593740167609,336.713077553405,267.918952021403,58.2600840561309,30.4989450860861,46.0365436740445,348.692515099197,129.895919889115,317.240583387406,299.574596193182,96.6501565210712,299.86134656468,235.672896479025
221.879375983696,325.535517533687,9.1524576243039,69.2544582985891,228.169635233233,174.97406508696,152.302849951171,228.183646263279,378.142831267297,161.078631434516,49.0701593865687,66.9755227225734,4.92931911531612,129.426015001066,21.8307928239011,335.46103749892,144.257591457221,308.145128558454,59.5574635042523,95.3654635442382,158.315068205265,133.606931361394,1e+20,213.778718481666,312.698088086022,341.231740209598,67.4464768412522,127.86678047403,335.719216660642,152.504957244012,327.472604148565,222.562068129545,5.54228023842853,156.29066409177,287.209270685903,367.800957382332,215.887025416635,278.591449041287,223.258688833738,215.561049721127,40.5548436043245,151.582181497075,157.311743709019,92.0691960181674,84.6247713626551,288.5480588717,107.771642400179,42.7346934434113,162.38390595104,218.34519157532,19.7102007566387,130.08093104039,292.957579981879,223.891055440976,6.38454544338492,247.354836382957,254.56672473499,294.692732664035,269.04339628995,290.138189295675,159.348113790147,256.134625126044,99.9880169414476,83.1721926574828,154.399699974368,277.491848882539,285.757855137729,304.767566802626,32.846032601044,8.23363569061987,253.235918931832,133.021431935329,273.281585138837,213.744906100811,7.21583068836033,139.133142941849,240.574411838997,302.944670249814,59.4682587139145,163.639460765035,209.365939483424,128.189682807617,329.951829179769,133.661164302116,148.325551648996,145.403428571541,152.723332697752,317.616117494437,320.683900410922,265.249743712467,87.9633334741451,116.882153199298,100.049136652244,373.095851907886,6.02622570903359,324.296526694829,315.323478543167,178.646745519233,343.595616314014,282.99693364146
