1e+20,12.8267603589441,18.2170620678431,16.7403402092933,3.51932713458915,8.57376359762659,12.8159558385825,13.642932848671,23.0570393883715,12.7220584678732,12.0517975362902,16.816051999294,17.6773050515077,16.8092976863512,16.5328137997854,34.9890169201005,16.9730590468646,22.6460182998505,11.9050798470875,9.9880682637076,9.79181856234803,13.4739254267107,18.5211870175836,3.94498547845668,20.0089542337681,23.7539669903907,16.0364270054642,14.0899375780189,23.2666478182785,14.8049746425137,34.6876495970087,10.3717605841028,17.1090431889381,8.60208176470846,20.716063504051,22.471332604359,31.153398481362,20.9503183202376,13.392502193881,12.7905469715117,11.9947283055822,14.8657483510426,18.0045556600351,19.331040399438,15.7677534488668,20.1181266559113,15.5206147482662,14.7617579299973,10.066938762194,20.3257244044544,16.3441979978448,13.8950323155261,5.1719239242271,2.21613415661906,18.3014662090956,11.8967603409538,18.7097399019788,17.5954922343566,21.5913770771325,19.3510856392569,9.01511259931934,21.074471584179,15.8988373725991,18.2587519542664,8.83079942795992,21.4453761798068,20.913802766395,21.4649134020353,17.8906160753391,18.3352319755032,17.5592917250117,14.9545726813535,20.1681025785208,17.4126091715909,17.3146257971035,10.0262543749236,18.2315576379654,19.1644596801263,10.8371433067144,12.7613426474889,1.96982003680874,16.7852541171772,37.3500557043145,18.070873527247,11.6829052190367,13.2132612675884,10.5238518383915,35.0013180894258,10.5089145652341,18.5657706458592,17.6414434965885,15.2770875783008,14.0428248746627,36.8811157136337,17.29338344732,21.2914374759673,22.0405058628498,10.2838694518229,20.6651895816935,19.2697047444106
12.8267603589441,1e+20,23.8614237404163,25.0527050430886,10.9835545852191,15.7751692613823,22.4852811179903,8.75734411896988,17.409176892476,22.1974992796014,16.9577575010043,25.0353697501781,22.794846063202,23.8263788243333,22.7382108600696,29.0775510377256,23.9358951393013,14.249662216425,20.7073408213442,16.8624104229842,18.6421424263081,22.9032657869438,24.4820056964963,10.3767370977426,11.3178358423015,17.5412122814947,25.120456585412,24.082639613927,19.3463529583343,22.1574338606768,28.065445175464,9.80040869470281,22.9532850139625,15.1486993834565,11.9992250193756,16.103518341814,23.4582339290568,20.681253590045,9.16167338413436,7.59303119405432,21.2449005532205,24.2019347661852,25.0888485828062,26.3396173494748,24.0764336833457,11.0492998989829,23.9443710002525,24.0524191853758,19.1364057711461,21.4500089895744,22.8087299676531,24.0257545509699,9.46615738378482,11.7237805718201,25.3462790905769,6.66319310281835,20.2731570410578,10.1836878791417,24.347455325542,10.7579606074122,14.5198467487902,22.7201763062959,25.2330840273018,24.4484143436975,14.1034028461105,23.2600497962149,13.2289436545224,13.050074150852,25.3741393244792,24.4282477317093,10.821783546831,22.0597944925274,12.7463657836477,9.69757465522105,23.6052788012989,15.2166722661054,10.1201364082051,10.6885435516446,19.2075099086785,23.0629707813438,13.0249549852094,23.7326235259517,34.8376031501418,25.1591783439543,21.8709778602546,23.3251781352771,20.1689914145998,27.6197146567293,2.90299153168551,10.4864950605681,25.207292976192,24.3984442669678,23.6288088960778,32.7922930263634,22.2794421726782,12.7198965062171,13.5946439299563,19.7167037852295,12.9635462707697,10.6176455663424
18.2170620678431,23.8614237404163,1e+20,7.37350700985277,19.1704289514707,12.46693925635,9.79053678940151,24.787589772495,22.5557098970708,9.58836137215387,15.8852818185432,7.19547228586031,1.61096645818826,3.6365956424879,3.03093283989752,29.9602948594193,4.1639736691045,24.4272623899366,12.6748818737531,13.8737764382589,11.0522074867229,9.42298937464946,5.93891006746669,19.5091932442371,23.6351082324538,23.3096544349359,8.44903854541391,9.95893564594553,21.2767249811216,5.17604679475862,30.5580272889922,19.3422620219202,7.07716459632781,14.4972365068351,23.7619693444266,22.5808048086344,30.1626841032283,16.5683585063546,25.5968770440495,24.087071765204,11.8694694167145,7.99025599347989,6.18716072756578,5.15301948790902,7.83636534690628,24.5179564010918,7.5558831793335,9.40651440073023,11.9470138253685,15.644662048763,7.31223907141006,10.3125025786691,19.1399640101034,18.8997237619499,5.66434994490202,25.5397828964172,14.7206088491752,24.9715240584093,15.2130067743684,24.02342071675,12.7586929845197,15.2319915037259,8.81447644196972,2.70878397496969,15.7386518816356,15.5642767165649,23.0686840153746,24.1277509387502,6.55014327572155,1.08147179638263,20.6460613160843,4.17718136650272,21.9474453015608,23.5508989643394,1.97076483380245,15.0943165970633,24.8739716545429,23.575538241457,13.7515489989836,10.8553230393313,17.6946657218953,3.54043453273048,29.0442004826964,6.03765408482375,11.1293801893359,10.5437007059328,11.6408860491497,31.8789359560118,21.7879332503363,22.219217252434,4.87249970934947,8.24703194136175,8.73879609591751,30.3122599716517,3.99749979270578,23.9216885378901,24.0806504080325,11.18245108779,22.559164650155,25.5537074923714
16.7403402092933,25.0527050430886,7.37350700985277,1e+20,18.7684593923468,11.0094800357934,8.14569341520858,26.5120114442926,26.1773224144416,8.39939388994415,13.6905412145073,0.543300432009856,8.37341238030812,6.94805592613937,5.3170169714842,34.8188535408064,7.69221222659119,28.0650688485469,9.21713413828375,11.7813324644014,8.84131822622893,4.75906047086744,6.06270619719787,18.2398020733372,27.1576749086459,27.0812776079822,2.62689907721782,6.222992416869,25.3078004168549,7.55224562067059,35.5441268186832,21.1383074326869,6.54368271215174,13.2680729105485,27.5766944561118,26.1605365227355,35.8677942169108,21.3237996525551,26.712966903071,25.7259882745568,8.28295308182113,4.31605045272374,9.08408725539051,8.56643236822566,1.55681486495303,27.9884123477362,1.43564485276401,4.82990572860157,10.4575511144269,20.4959361578227,5.16947610122371,6.19815289583207,19.1393277424564,17.832246005791,3.29881145576615,25.4209256974819,19.2680979042226,28.1824026907618,19.9723367075112,27.6260510335257,12.0631565385896,20.1376546573204,3.23718470961858,7.9410252414451,14.243944102326,20.4673168046334,26.8469889927443,28.0830373560655,2.33102544752415,6.72883709822171,24.1603758662006,6.61886089995404,25.8779031650819,27.0264946673232,5.87016379013926,13.3487483157317,28.2545456328157,27.2232615662922,10.6586481633865,8.00293121960702,16.6883310109729,6.97168734897211,34.0007530661242,8.95612273174934,8.4827705198694,7.35466333481443,9.57888863826813,37.1865297457279,22.8919160465415,25.7789811315429,3.36798292581316,2.707972085144,5.15021725299107,34.9666506022121,7.53958521821781,27.4663747685125,27.7416283592442,9.70875494717271,26.3078129455184,28.9760067678267
3.51932713458915,10.9835545852191,19.1704289514707,18.7684593923468,1e+20,9.94983564197825,14.1993321372707,11.8728763222333,22.5658006768034,13.9786707654363,13.3518770385237,18.8018130631795,18.3789907382424,17.8827231698024,17.8083298275567,34.3653469630271,17.9574918302253,21.5818302793853,13.4716550847544,11.1850346712983,11.4586666546009,15.5902459704418,19.814828226493,4.77320277980545,18.5725430411018,23.1510970001214,18.0513181040398,15.9597698481998,22.9526718128031,15.7354713751958,33.8264505272211,9.2914198441472,18.3769820307473,9.20154011753228,19.2137998017467,21.855997125312,29.1637852798538,20.7155364405269,11.9840425342786,10.916858562092,13.7278557194432,16.6937384948981,18.8677956028214,20.2665923300905,17.8577154908281,18.4802758551133,17.5601354726542,16.6357925691481,11.0459986078732,19.9438344813684,17.8756214984939,15.8400394100315,3.67751000358948,2.33941501154702,19.9822080940421,10.8803181206679,18.3961967302669,15.0609625906975,21.4155960616716,17.5351024220573,9.88772231292458,20.9104311964379,17.984467938244,19.2142493905721,9.79016559123665,21.2300509353874,19.6550747162165,19.9403115038454,19.7362931172651,19.4172725125426,16.3423934209143,16.1488147194915,18.9319312885706,15.2881982064617,18.5039553001168,11.2879701464765,15.8271779141303,17.3769737603229,12.3340304335475,14.4203756905461,3.00174132887755,17.8229919789533,37.3149591639342,18.8934264017558,13.2508040421456,14.9887148054109,11.8179919615045,33.7617071289049,8.66005901730544,17.1008136134276,19.2152159972876,17.3453037824911,15.8829357236517,36.6463796426483,18.4610605344656,20.0951218221395,20.9202597438144,11.5344446795315,19.529746087539,16.9411828826831
8.57376359762659,15.7751692613823,12.46693925635,11.0094800357934,9.94983564197825,1e+20,8.71133658637103,17.7487326198052,22.4998152779738,8.79528904524947,5.98155555223198,10.9414779647914,11.9306015389429,11.9526802809414,10.3095295460084,33.8997919616584,12.5247916448565,22.9255480855403,6.06470309385467,3.41648487347926,3.59472963131602,8.18176003146316,11.6120579788612,9.30389611859825,20.8224177528937,23.3424432835068,10.3397236181346,9.50134221841851,22.6707357417904,10.5621784822606,33.9168851626425,13.8696242796937,9.825758988086,4.3543891678324,21.5525769305652,22.0504277223327,31.4782572221889,20.566519000419,17.7817411717602,16.7000260135271,6.16907367605808,10.0717230361061,14.0254938856873,14.9290964201752,9.83220975753158,21.0438645303436,9.7018240145093,8.87026139539699,6.24874984953102,20.2933634398504,9.35445159675899,9.18831212636223,10.4799838743908,9.28772914970813,11.966039946154,15.3689328562402,18.7529126268699,20.0666680450031,21.3399424165011,20.6252231639659,2.06148485374048,20.7133781019625,10.6119696749531,13.4526118757537,3.93390560561768,21.1927350771536,21.4712462405123,22.1208672838535,11.7468379908102,12.6486759915314,18.3128077880715,9.83318280538421,20.5326430281919,19.4465594089053,11.3444087300817,4.11147491906361,20.1770704929409,20.3379414740463,5.00068548966689,8.99217202254421,9.00649534330592,11.9583258485492,35.6011612263355,14.0885723119567,7.82252703995798,9.0099860106141,6.37377864915661,34.5851155659485,13.5709939334556,19.4283037036519,11.7362067529625,9.95530216503392,8.97372774418148,35.3672592362251,10.9737775138349,21.7627989961235,22.4161680672324,6.13912084033896,21.0770826754646,21.1224714076466
12.8159558385825,22.4852811179903,9.79053678940151,8.14569341520858,14.1993321372707,8.71133658637103,1e+20,22.9039174245175,26.8146055757047,1.34033956608248,13.3845220970944,8.04009936024069,9.80182765857802,7.34766653909326,8.57720110421184,36.8604011347591,7.70819587520255,28.1481530733799,7.40491107789379,9.69184921320339,5.96013137009763,5.631048628185,10.4413344350309,14.9337920265476,26.0192046756334,27.6543119301109,6.41402612834098,3.5929873267856,25.7676360634974,6.09301580668892,37.0436874520068,17.9458649101969,9.97167329382376,9.84725313934405,26.4640359052493,26.7641184425408,34.2520842820397,21.0217457700277,23.3129355930583,22.136374826163,6.42145117346416,4.31875763987701,8.40160032926644,9.48710187503464,7.82466586014625,26.3344415807685,7.27934973647686,5.31397786768035,5.49596244274703,19.3738447545151,9.35957147528386,3.63730461773665,14.9745621241675,13.6447481010847,9.57645167439403,22.709622819495,17.9535642293027,24.5446931338252,18.8169374468481,25.5186677598276,10.0665583364317,19.460873134452,6.36150235121588,9.57698885940691,12.2445985016658,19.572859934356,26.1635969363797,26.8300416460358,9.27124674888751,9.50669857565469,23.0327811683104,6.66510358241708,25.1464406811784,24.0879669273922,8.84304109797753,12.3143866021933,25.0067589977127,25.1898141694018,8.61013239579637,2.29500198480074,12.3149490802468,7.46308942631673,36.1269521890448,8.57109626655069,2.95675728643371,3.33363664013984,4.46163705196451,37.5493558040453,19.9453569972287,24.494480272805,7.95057833151401,6.20874953175699,3.63016342308837,37.1698406708848,10.7645945099199,27.1076846011829,27.5856045253322,3.60366089487958,25.9542015295232,25.9407928972105
13.642932848671,8.75734411896988,24.787589772495,26.5120114442926,11.8728763222333,17.7487326198052,22.9039174245175,1e+20,17.7368735903351,22.698603849245,20.1049645722706,26.5309757532815,23.7730586752799,24.3240974487835,24.1201622493214,29.8442345601981,24.3423651077743,16.1163970352498,22.991085597169,19.6277501020882,19.7755075535328,23.7636937174789,26.6948097170167,12.8385592949078,13.4072633071084,18.0429698025025,26.3269499332357,24.5843674448304,18.5618689836906,22.7762451525658,29.0623613453144,6.57966013730603,25.3952889751038,18.066577004254,13.7567058769214,16.9910468607982,23.0667117482066,19.3566757444712,3.2515005035569,1.81379297538874,22.9903907046183,25.0694939075083,25.5718246409882,26.8193096293851,25.6125366321654,13.1927481152352,25.3809586253763,25.3912180459288,20.7215120247222,20.1978189963853,25.305369207029,24.6327449059073,10.9600889119999,12.9550739340098,27.1438811471575,9.7625001720922,19.2039755826307,9.02516468333243,23.136357514821,12.2247293634131,17.1172318039164,21.3318339650387,26.1691147232794,24.9654932676687,16.9938475294843,21.9250506604824,14.9540436433267,14.7872503478621,27.1903096290403,25.2522722379068,11.8477792574376,22.4622171545961,13.9670935385091,8.4651662468412,24.4712429879185,18.0711941059875,9.40053259242974,12.2202727883281,21.6304072233548,23.5437410653711,13.5716291923478,24.2998580825233,33.7718439674876,25.7432470755175,22.6463289462013,23.6765823952829,21.4055313912829,28.6650915970753,8.39648369846344,11.8196564393247,26.4799722016991,25.436275099672,24.2227797925352,32.5374272626188,23.2764079691481,14.7184670832004,15.4052281976553,20.6234206568109,14.6002015938424,11.3304594435826
23.0570393883715,17.409176892476,22.5557098970708,26.1773224144416,22.5658006768034,22.4998152779738,26.8146055757047,17.7368735903351,1e+20,26.7340460927861,24.2183004083778,26.2364342398925,21.7751884979815,23.7180213427714,22.7533805473067,16.1280820558603,23.7322663490999,8.35580335886914,27.6001337748602,24.9121589863332,23.9836032538816,26.0675689311237,24.6580900940258,21.9040799727362,11.5411874145851,2.05758282379495,27.2863566927458,27.6192872245593,5.48803656882119,23.6386529770401,17.2842558194853,15.8044050592629,24.2497749559076,24.3590995899849,10.2589320096604,2.64464112253953,17.2209619169174,12.174013175297,18.9755087893864,17.4844122822616,27.4519144657992,26.7055066779045,25.3218803741148,25.7016562172163,25.8492159090704,13.1160729175855,25.7200054684111,27.7787635661936,26.3528803998798,15.808427454882,24.4101449219342,27.9620027575718,20.835198743433,22.9862851713298,25.4703586266262,20.6413185149937,15.7642671762231,16.1036837721336,19.5621049529684,13.0196693553662,21.6778553674253,16.2244815072676,27.4318764572607,22.9830297982173,22.9922000877854,17.2737470436805,10.9745595378709,11.9949754875771,25.9174853847746,23.162988236556,8.33214849002402,22.5558729002295,7.53098616923334,13.5744125925981,22.8360132650795,22.8023769529406,15.1711695171371,12.6899781149801,26.9294477190218,27.9092900379169,22.9388052153178,23.6632310496993,18.9698649530938,25.4956692794761,27.5631930892977,27.2077284626433,26.8579747922499,19.1869977232213,17.6978581463617,9.41622587756692,25.4932594549285,26.5118538960524,26.7371643210281,16.3139060981959,20.5070547650273,9.76535476712431,8.06258156676015,25.9198601684965,8.61674803577605,15.4069530080496
12.7220584678732,22.1974992796014,9.58836137215387,8.39939388994415,13.9786707654363,8.79528904524947,1.34033956608248,22.698603849245,26.7340460927861,1e+20,13.5786135937747,8.26722907903057,9.53696728362498,7.12928127570708,8.48617906676986,36.4292154266821,7.41472862837301,27.7443409623469,7.52941393779763,9.73601317171789,6.36240293682674,6.15670510547451,10.476361228574,14.8254453386554,25.5663709681036,27.5009180406367,6.91062560402045,4.35734828672483,25.6156198670831,5.59799752763875,36.4849364051606,17.6938421028758,10.0352539986881,9.6797138242384,26.0121797223509,26.6157667428442,33.7073741092694,20.6951070429072,23.1643737774762,21.9345719666908,6.61737240975706,4.65467613947096,7.98130021833447,9.16323220429395,8.08859269392158,25.9250693000724,7.54813981214006,5.70599033685486,5.10467048141608,18.9338277298836,9.46260111430819,4.37801053250374,14.7142992318382,13.4819577749052,9.66506483817555,22.6258496259637,17.5106656682591,24.1981079084054,18.3396487475884,25.1156693190099,10.0028596267048,19.0588805694607,6.84400845873673,9.31832487310246,12.3017114224247,19.1369752061147,25.651756618518,26.3561667772314,9.40593078528974,9.3530929106724,22.702338363444,6.49156895629723,24.7862374752676,23.7240728627267,8.79464299675462,12.4400182579821,24.6761940460598,24.7734015388306,8.72959131088733,2.60418790122775,12.1290166024812,7.22608803938461,35.9784882897065,8.13220574320409,2.91688208997687,4.23672950171203,4.24893387405588,36.9374056829984,19.6278401542117,24.1268989055595,8.02931356025091,6.63361562671385,4.28137263475646,37.1192483040155,10.7687465993307,26.677729085938,27.19820895994,3.34331450837371,25.5192876816276,25.5782897113037
12.0517975362902,16.9577575010043,15.8852818185432,13.6905412145073,13.3518770385237,5.98155555223198,13.3845220970944,20.1049645722706,24.2183004083778,13.5786135937747,1e+20,13.6626442128694,15.4198398099316,16.3515548301762,13.403166855147,35.7777696212294,17.0788417357106,24.3205911651394,8.16554817395528,5.39282366138633,8.2181019434372,11.8422657675077,13.2102030492753,12.1034374484737,22.1579009996332,25.1792094884715,13.2729185276268,13.6526778221764,25.0584867176798,15.3314433766587,35.6877312250087,17.4318946402229,11.0685769596668,7.88158120181855,23.3031669658606,23.6491949732359,33.7702696488231,24.4571370885463,19.6928576139964,18.9135949280751,8.61214930603318,14.1318224572811,18.7987594996841,19.1983689532704,12.4297754864368,22.1071087471664,12.6193637801238,11.5969566801329,10.7994446011871,24.9196819839362,10.7858064920088,13.0633083681711,14.2757840391825,12.7942581131091,14.1710999627084,15.2567235387687,23.4747755080964,22.4780701923556,26.313588611245,22.1421943834864,5.62748053878261,25.2335559229105,13.949827473934,17.5446255504153,3.98669143468487,25.8909976635567,23.1817454315447,23.5932019518162,13.9987816013485,16.1477480073529,20.5167648017104,14.0514334484891,22.5119325141338,21.6639348865737,14.6483527151064,2.40986833223172,22.0739167118364,21.9370407442164,6.67172730679428,13.5355407045144,13.1006113822799,16.3437373333511,38.3435747187213,18.7327411078201,12.2887642629643,13.4088001170165,10.7486793494737,36.2908578533194,15.3362795349328,21.2356738127878,14.9679319219225,13.3618032697847,12.9447102365162,37.6596872049099,13.6217806649597,22.9688295427244,23.8892582115337,10.9364609327389,22.7932096360471,22.828583958237
16.816051999294,25.0353697501781,7.19547228586031,0.543300432009856,18.8018130631795,10.9414779647914,8.04009936024069,26.5309757532815,26.2364342398925,8.26722907903057,13.6626442128694,1e+20,8.18859730493864,6.78268544430696,5.12965161742401,34.8216797124109,7.54235448389901,28.0669465404046,9.09286402672925,11.6563771709542,8.81462459040111,4.77733968665862,5.92813781705165,18.2754770311686,27.1379040450297,27.1215032502827,2.63095814849664,6.17016928935389,25.3791682060581,7.39449288355917,35.5228958489874,21.1646437290447,6.40690733659509,13.1193848863586,27.5540147489564,26.204441625947,35.8085889948057,21.3763510432784,26.7445206340364,25.7447928153287,8.18995609792416,4.24546508935834,8.88743576740118,8.40297279921535,1.51374994609297,27.9610151133512,1.40991849774921,4.76148755009695,10.2981942020273,20.5095727333846,5.0762605351087,6.15120090698538,19.1393673798964,17.8718652478876,3.15074486687681,25.4653190839648,19.2810335187071,28.1665599967328,19.9729616006972,27.6049800909101,11.9654032745018,20.1732456976022,3.20977781421497,7.80940024770416,14.1893486156296,20.4859486952159,26.8287124999034,28.0499459004635,2.20381427122892,6.56004135408494,24.1710578006501,6.53247612285964,25.874861221815,27.0149079771033,5.73831165554678,13.3148473957502,28.2437793517952,27.1993397414648,10.5502349037892,7.92117523674779,16.7452798026325,6.80541823794556,34.0597294210946,8.76602691336295,8.38683409624408,7.33455579655658,9.45480966689518,37.1261546698977,22.8724431946001,25.7796179223333,3.17194772411404,2.72070794359335,5.10499696699388,35.0141854091537,7.4626507020082,27.466342577597,27.7408075087657,9.59211684828363,26.3060296972214,28.9568402140751
17.6773050515077,22.794846063202,1.61096645818826,8.37341238030812,18.3789907382424,11.9306015389429,9.80182765857802,23.7730586752799,21.7751884979815,9.53696728362498,15.4198398099316,8.18859730493864,1e+20,4.16252780661755,3.59731861502409,29.3685120404914,4.58984890706044,23.4562107697687,12.5437248728922,13.3730500434054,10.7644797633797,9.87930068843538,6.36848694575454,18.8785271939875,22.5351438775799,22.5070762149822,9.2318343249597,10.3679358771328,20.5850311383828,5.14458409957128,29.8520844547002,18.4510747042008,7.15835885453093,13.8237230639625,22.6527191594768,21.7446489483105,28.9586331110945,15.9787473434332,24.6635772671381,23.0424003042922,11.8260730223722,8.61590896306445,6.55413799497646,5.88107650833436,8.66594440945934,23.3611047358008,8.35984767673672,9.82816498304484,11.5517592954789,15.0755282185042,7.60388529591121,10.7141791383875,18.3206091038215,18.2487052625261,6.72752937372387,24.6295890254734,14.1362591306861,23.6660690206667,14.8754147329314,22.8317757901436,12.0545076159897,14.7889289129069,9.63786156874248,3.45899616175445,15.0875918990907,15.1370439836926,22.033046451159,23.0062864214293,7.61834094333209,2.51843259793602,19.5872239109706,4.29890152991113,20.889673004296,22.3126811967231,2.84481487857497,14.5460627258181,23.5568333368735,22.3851582965115,13.4760646740466,11.0097550674107,17.1054808555475,4.03335675099716,28.82878112617,6.41487922312744,11.1183492598288,10.7788191000065,11.3809713245669,31.0117102339288,20.7393033174989,21.0939567773567,5.94433728298596,9.02287563903677,9.16552864951155,29.9510476087792,4.10310222511553,22.890556595287,23.0859351895998,10.8630858547063,21.5481863364781,24.2579385881328
16.8092976863512,23.8263788243333,3.6365956424879,6.94805592613937,17.8827231698024,11.9526802809414,7.34766653909326,24.3240974487835,23.7180213427714,7.12928127570708,16.3515548301762,6.78268544430696,4.16252780661755,1e+20,4.56740429215311,31.6472658017713,0.994122948899374,25.6006912358391,11.9012503518199,13.4906159215048,9.96945171751928,7.92036874216389,7.74247380287693,18.3698616048229,24.5887448059968,24.4342152752274,7.31819028317338,7.63152661580578,22.2243252213561,2.63112042649117,32.2296389344285,18.6781250422405,8.58435414282934,13.7000335702367,24.6259728689109,23.7847792459165,31.1842638735513,16.7874111557794,25.1407527872206,23.6679295958036,11.0153162531779,5.73267593072873,3.33978674899515,3.4608876795909,7.47003210271053,25.4395334851908,6.91040149912406,8.36496252949761,10.3624612134767,15.1709184543239,8.37990023394903,8.21307161610319,17.8421696746578,17.4993269444776,6.65960552907994,25.380394792154,14.0744786635354,24.8361832722445,14.2583441355587,24.7237323544271,12.6461831922562,14.8816417177287,7.26610300624301,2.33627630976378,15.641304179651,15.0065363426012,24.0514251959764,25.1418062633881,7.02492128379618,3.17022319573167,21.298141116891,3.11787735021117,22.8679453706842,23.7832057901122,3.72901510987537,15.287040025186,25.0859088361668,24.2838675874402,13.1263118983416,8.33439535565811,16.1120746634518,0.517075656978676,30.284566661807,3.54633224341708,8.97674354484271,8.12976389621325,9.96861785215416,33.4683325894974,21.5485695408782,22.9816433212546,4.49242528277337,6.81593710798001,6.77504878147112,31.7197861301207,6.37317062669215,25.0761914583677,25.192123021613,9.38235700406902,23.6013149948064,25.8712947233977
16.5328137997854,22.7382108600696,3.03093283989752,5.3170169714842,17.8083298275567,10.3095295460084,8.57720110421184,24.1201622493214,22.7533805473067,8.48617906676986,13.403166855147,5.12965161742401,3.59731861502409,4.56740429215311,1e+20,31.0485706183737,5.36900629773338,24.4414105482592,10.3246933596062,11.5746934802408,8.95224580405914,7.42519044986141,4.4314262965956,17.7458869735584,23.4507147040358,23.5771967154663,6.4806555226203,8.49095795033513,21.815952346971,5.35392793490474,31.5766829305449,18.7518205891808,5.0864153739081,12.5549569960096,23.7637399127034,22.6912506895424,31.2632204739435,17.779503377468,24.6540029325275,23.3572529063618,9.53785850147782,6.52124325544236,7.4383763809636,6.85586496744413,5.41144913707203,24.2348052308203,5.25345523125955,7.27139176494,10.3001155333505,17.120590728962,4.76936510074625,8.64239531321097,17.9136369779489,17.3505477341635,3.77594778281353,23.9437324889757,16.0055310688595,24.8844552284235,16.998749875662,23.8333423097816,10.6987823469316,16.8273358379469,7.03848414022504,4.86468010237435,13.520054201325,17.2313711252521,23.1094087228927,24.1397717180234,4.49238158366492,3.13169502241319,20.5741663830921,3.8319971181319,22.0571093501238,23.457666948342,2.11704195973663,12.729138282103,24.7406259769462,23.4111012802232,11.3590216662569,9.47265917516795,16.2570235652897,4.51857675025363,30.6708413183301,7.30828434830618,9.55161407104374,9.11321054850639,9.90500115307706,32.8644724439918,20.6465210742968,22.1130826419912,3.8314335933532,6.31472979720171,7.12514580205746,31.6008427505667,3.53190118338538,23.8071799103978,24.0828816237962,9.5637005481066,22.598521661135,25.3220280020709
34.9890169201005,29.0775510377256,29.9602948594193,34.8188535408064,34.3653469630271,33.8997919616584,36.8604011347591,29.8442345601981,16.1280820558603,36.4292154266821,35.7777696212294,34.8216797124109,29.3685120404914,31.6472658017713,31.0485706183737,1e+20,31.4347476371281,15.5910992002728,37.8882332861636,35.9251867789137,35.0718908866446,35.9008723359251,32.7591545174659,34.0951030848386,20.7842833101689,14.7799296453769,36.5153513889257,37.4647225697295,16.0277505234646,31.8790232985104,8.01585662371206,27.7202438353116,33.0331112231968,35.2921427038524,18.8079756195051,15.584674381331,18.1596497476985,19.044210712161,31.318823487805,29.8261130255376,37.7065095770362,35.9090445355144,32.4300920923429,32.3108375384623,34.8515767326424,22.8556531947778,34.7385555501858,37.3659901882977,36.3728276233041,21.672558645623,33.383026579476,37.8943087336717,32.5912093636169,34.814216067228,33.475403123688,33.5374871611423,22.5020268980132,26.8227353656264,24.2945536442579,23.0856916776739,32.9277156588577,21.739445400284,36.5545608668941,30.0873429881664,34.7943056718328,22.3538472827489,18.8559085559721,20.3227174796581,34.1128328358273,30.5584726030839,19.8085134529405,31.3211488557595,17.6769783628466,24.4717535579748,30.869356082729,34.5297425307905,26.0272768005666,22.7041003101553,37.6387982253842,37.7504012976078,34.5162763264982,31.5200579221755,15.3994873205808,32.4380573399259,37.4660946267141,37.3819421719702,36.9648385933295,15.2198661639061,29.4897023353065,20.0809700831984,33.5383936987725,35.702473673936,36.4843286780171,13.5207789509687,28.9996542579546,18.0029357634562,16.4013897437213,36.3898600988894,17.0122622598799,25.7426413008154
16.9730590468646,23.9358951393013,4.1639736691045,7.69221222659119,17.9574918302253,12.5247916448565,7.70819587520255,24.3423651077743,23.7322663490999,7.41472862837301,17.0788417357106,7.54235448389901,4.58984890706044,0.994122948899374,5.36900629773338,31.4347476371281,1e+20,25.5723573387183,12.5103281107141,14.0805206874552,10.5734564814943,8.58942005242678,8.53076356002815,18.5609509030127,24.5748534748159,24.4082038114141,8.05996536322502,8.14606313317626,22.1536533246171,2.61405830230404,32.0020557217762,18.6290212211628,9.41336417550063,14.1067034042689,24.5526246102646,23.8004622266651,30.8881006925765,16.4148424812127,25.2200061296994,23.7170424056173,11.6561214308861,6.27230364118865,2.59840426713274,2.9698050780349,8.24752810042877,25.4556843955961,7.67564423887268,9.09293292938465,10.6827587774714,14.569332370598,9.20720813466795,8.76791660710792,17.8690617408959,17.6078245390159,7.44246355729336,25.6627865614218,13.4946952950026,24.747646166099,13.4824850966162,24.6909279889886,13.1869037037469,14.2952048068826,7.92934949954189,2.27352061279389,16.2130140580691,14.3512703649517,23.9781889108167,25.0827525993233,7.78880466893254,3.75891812286171,21.2497689837668,3.78006404614439,22.7998893621421,23.7135815598583,4.52323906543453,15.939352283857,25.0505203716878,24.2450860175617,13.7310447448045,8.69203196234701,16.1794200244909,0.98299007605441,30.0140104664838,2.84069910252641,9.35711713051545,8.58902173957102,10.3652357506872,33.2196423434879,21.6537568282522,22.9525761246452,5.26370458615611,7.50154388782011,7.39234281294944,31.5169784907491,7.1027547217658,25.0733521813757,25.1605408055349,9.76943602051128,23.5461564407926,25.8265962707244
22.6460182998505,14.249662216425,24.4272623899366,28.0650688485469,21.5818302793853,22.9255480855403,28.1481530733799,16.1163970352498,8.35580335886914,27.7443409623469,24.3205911651394,28.0669465404046,23.4562107697687,25.6006912358391,24.4414105482592,15.5910992002728,25.5723573387183,1e+20,27.9349971478159,24.8787328606426,25.123878260487,27.7511463553999,26.3000166362171,21.1362374508299,6.44271310129998,7.29181397643938,29.1845723718803,29.3510677082182,10.4929254352852,24.9173319960623,14.6985975839578,15.289473497187,25.623933292965,23.9044797441086,4.77151211182483,6.36305225045987,14.4557373510829,14.927014215169,17.4349052312874,15.8073933816664,28.0090886188092,28.432417915037,26.9451054169787,27.4967628868113,27.5583733458825,8.86186897580605,27.460325270845,29.1139286582639,26.3841385347312,17.6921953282324,25.8166979031912,29.5481184791772,19.825256758182,22.2462796688317,27.3135403938301,18.6005243228775,17.4872443954783,13.6806909119693,21.4334957229955,9.38399873532549,21.6659398070415,18.5206441749997,29.3394927939504,24.9785577115155,22.7246810403557,19.3677449156396,5.7258403884057,7.3094767032855,27.7402756751898,25.145084139889,6.42490810441723,24.2545118061781,4.54289902428114,10.9123534811989,24.8282223865798,22.8421914542877,12.5565479001628,8.97146828704704,27.0641068627318,29.0540258526374,22.489209330914,25.5010127214123,23.6032097914028,27.0153432176276,28.3016616338801,28.9624577601098,27.1804819216241,16.0061040529552,15.050755616404,5.82115431048423,27.4304955676852,28.376700786324,28.458434331506,21.3170356250089,22.6859675006018,3.30300175565919,1.48177037054403,26.4784576028466,2.94193218157801,12.3425031535821
11.9050798470875,20.7073408213442,12.6748818737531,9.21713413828375,13.4716550847544,6.06470309385467,7.40491107789379,22.991085597169,27.6001337748602,7.52941393779763,8.16554817395528,9.09286402672925,12.5437248728922,11.9012503518199,10.3246933596062,37.8882332861636,12.5103281107141,27.9349971478159,1e+20,4.62364327548447,5.17017681964631,6.74331916260325,10.6056715076321,13.3630294999802,25.8036116605282,28.4473957789215,7.93025699104865,7.46139689215573,27.6763087510228,10.5184567408672,37.9174125061076,18.967183714229,9.05410443483149,6.41379443365403,26.5977580803701,27.1380038648709,35.952516817439,24.5648427997445,22.9226531853811,21.9972597780509,1.86756576438803,8.24633855249003,13.4913589670871,14.0240545171753,8.12360997701052,26.0116819303883,8.0830819885778,5.68230392430254,4.79587159345963,23.5873458304406,8.36549645324042,6.75061189356157,14.6742586751265,12.6211897427256,10.5095971698451,20.2593783291722,22.0839578458457,25.1973761502047,23.7487029764747,25.6328047555473,7.01826039249839,23.8574048494062,8.36343953691304,13.6106857556911,7.95213180624368,24.1531313828341,26.2855635633199,26.9646896575178,10.0490739575368,12.6010099011656,23.525683675991,10.5578271712424,25.6214884383318,24.6675166482889,11.4266145618933,7.85799217411781,25.3531993981478,25.3418658181713,2.08260096922537,6.95646669559488,12.1049084474598,11.8453992164557,39.3557673786401,13.287586629925,5.61625702680356,7.49329281812542,4.38386558954373,38.615599409768,18.5376466889877,24.6413436610694,10.3952521544768,8.09598929093524,7.14743878773144,39.3380433904762,12.379785246323,26.764546490167,27.4804354974275,5.753225666239,26.0493349746578,26.1702124712007
9.9880682637076,16.8624104229842,13.8737764382589,11.7813324644014,11.1850346712983,3.41648487347926,9.69184921320339,19.6277501020882,24.9121589863332,9.73601317171789,5.39282366138633,11.6563771709542,13.3730500434054,13.4906159215048,11.5746934802408,35.9251867789137,14.0805206874552,24.8787328606426,4.62364327548447,1e+20,5.28540594419917,9.10708468474763,12.2769526222885,10.4398610655649,22.6278447000369,25.7109519537022,10.952170305319,10.3017664888444,25.3703686558091,12.0393916604746,35.808436693181,16.2035439139865,10.3620514641924,3.22183956776943,23.4850393159921,24.3337756225156,33.4492184045167,23.3282090778553,19.4974705022514,18.5557425502038,5.4924690846226,11.0264360690813,15.272297879988,16.109392591072,10.5238074937084,22.7316411336391,10.5073011368077,9.09680407764408,6.20679421500373,22.8410563681127,9.92238497998894,9.80037574679276,11.8969337095822,10.3977242853185,12.6935047376704,16.4191658791406,21.3102617617993,21.9949786970523,23.7001975269593,22.4449837140274,3.52844406046821,23.3352278275001,11.2984760950657,15.0199967531617,3.86999306449041,23.7330002874139,23.3658883583757,23.9291146809487,12.4123584533393,14.0340426994835,20.5518470278842,11.7585786863535,22.6816324095842,21.4627485951507,12.7698628697102,4.36679745587249,22.0590756373592,22.1776691623021,2.9820000778362,9.68728454952567,10.45945230647,13.4399895030907,38.1654974546751,15.2197315403469,8.29679117036855,9.98814695481172,6.51686962356953,36.3562806157327,14.8134045804743,21.4982739813525,12.7133563530991,10.8025847342571,9.88997540350251,37.7351808896249,12.7406874825588,23.6374830932135,24.3997601270014,7.00020343213083,23.0977285890812,22.8958961245098
9.79181856234803,18.6421424263081,11.0522074867229,8.84131822622893,11.4586666546009,3.59472963131602,5.96013137009763,19.7755075535328,23.9836032538816,6.36240293682674,8.2181019434372,8.81462459040111,10.7644797633797,9.96945171751928,8.95224580405914,35.0718908866446,10.5734564814943,25.123878260487,5.17017681964631,5.28540594419917,1e+20,5.36598974333696,10.3872354958828,11.3550137265753,23.2882699049319,24.9059417766118,7.60605458653844,6.33104158080884,23.7277965392359,8.73891220185259,35.4525306447943,15.4196043251204,8.9477726370792,6.37018926473967,23.8094658545672,23.7309292561565,33.0833686751077,20.7666498430022,19.8814729238561,18.843732586909,4.56577234329722,7.26655632681496,12.0396507998321,12.848562816031,7.84376283040702,23.5481965512569,7.54106349506444,6.24897573293436,5.31688284720163,20.119322660243,8.3131236911507,6.07450800898234,12.2588458474955,10.7469816003363,10.2594798017442,18.208979158135,18.6054877501429,22.0523305554252,20.6249525384236,22.922133426062,5.35425526779965,20.3501560473645,7.79922031872749,11.7336476572265,7.07332659755381,20.7554844082742,23.7441755927392,24.4493330096861,9.94576926482866,11.0137574883745,20.2988638160177,8.0384945613615,22.522607068644,21.5264404779955,9.68739416264955,6.97535705330378,22.2767150815945,22.6339988031451,5.14858791603245,6.12119909664553,9.94665376581804,10.0024403875067,35.7028646610943,12.1020224139742,5.28501745674419,5.66816823289358,4.63859193156596,36.3986553857323,16.3399229148548,21.6103086962174,9.57397477269112,7.25959274317056,5.89527079818753,35.8685470811954,10.0754740738018,24.1256335336771,24.6288282512729,4.5277937776995,23.2245545594079,23.2866171309045
13.4739254267107,22.9032657869438,9.42298937464946,4.75906047086744,15.5902459704418,8.18176003146316,5.631048628185,23.7636937174789,26.0675689311237,6.15670510547451,11.8422657675077,4.77733968665862,9.87930068843538,7.92036874216389,7.42519044986141,35.9008723359251,8.58942005242678,27.7511463553999,6.74331916260325,9.10708468474763,5.36598974333696,1e+20,8.90936757040574,15.2504970860433,26.5526974439994,26.9834095979531,3.34619039991084,3.12853080211794,25.3844782281701,7.51851804259216,36.5666981077809,18.8032692896667,8.35937171040417,10.4264724788506,26.9562853350741,25.9774841203164,35.7656950629687,21.5860210910563,23.899611230298,22.9868558187722,5.67653848678343,3.64478023463287,9.84915991401848,10.1942638611283,4.07192475241526,27.2177268064359,3.59441659456505,3.75352377090095,7.5998451827619,20.6082868126363,7.33376703272195,3.04052876771359,16.1415592792684,14.5568420448392,7.36426268537789,22.7829978144376,19.2052178137579,26.1566994200164,20.3372090342963,26.6830048131321,9.74095021691688,20.5206065441711,2.88113968748189,9.65355711260667,11.6091159631195,20.8242139617532,26.5110563615024,27.6562350913203,6.67740658964143,8.89661638797635,23.3484152030594,6.94141178207451,25.3887574083204,25.4019634245272,7.76853474474962,11.1162810662305,26.4605347162376,26.3236084763319,7.93070171236811,4.8588829423342,13.4390952573888,7.97193687879963,35.4906884120316,9.85613153235072,5.25791395683701,3.81081730670167,6.49423929086795,38.1349173809934,20.6315771368842,24.9106536311078,6.19965986729462,2.56735323109207,2.56412685254761,36.164316014308,9.18634187009613,27.0509520150086,27.3696819593951,6.7794698736227,25.9382850933032,27.4923533171705
18.5211870175836,24.4820056964963,5.93891006746669,6.06270619719787,19.814828226493,11.6120579788612,10.4413344350309,26.6948097170167,24.6580900940258,10.476361228574,13.2102030492753,5.92813781705165,6.36848694575454,7.74247380287693,4.4314262965956,32.7591545174659,8.53076356002815,26.3000166362171,10.6056715076321,12.2769526222885,10.3872354958828,8.90936757040574,1e+20,19.5959543636185,25.284282011767,25.5402813929019,7.12308030283352,10.0329042966519,23.9689967576938,8.53354062198202,33.289399811508,21.6989739605137,2.29784745442373,13.7919896028422,25.7450266802805,24.5737150024047,33.1935147755586,20.5594800891448,27.2188762407095,25.7351624651196,10.0498229739299,8.26969493106515,10.2413238879714,9.34197923655628,6.34350787937975,25.9399682493,6.4014915422645,7.51180320030325,11.8531058259497,20.1880297618213,3.20794785305754,9.98107119017258,20.1475514338668,19.3695216258611,3.68460563145419,25.3098239089392,19.1319403414149,26.908247372694,20.0977372700456,25.6903780442577,11.9090904476063,19.8272112940932,8.27907032014557,7.9302724402395,14.2914093734745,20.2749327568798,25.0670169771806,25.9837911185568,4.56186352225054,6.00353378553484,22.7280936338699,7.09218717162394,24.1112799976145,25.6439388334222,5.19979500504328,13.2163625588154,26.6334883639617,25.2949998203109,11.8068402810592,11.1613847824781,18.4397992793608,7.71214353021094,32.5220034072525,10.0272781060162,11.1340650894025,10.7507784958729,11.3433957371878,34.5600356082631,22.5035185252397,24.1030979266217,4.92245250210374,7.73057156793217,8.73569149517781,33.3474272935938,5.71416392792909,25.6056835230052,25.9776137188171,11.2672144107886,24.5810538909422,27.1646588572496
