1e+20,22.4291608781101,26.7022055079387,25.1141489489869,14.5546279562476,19.0695207326319,20.4531482452347,7.97307649708821,25.469631592121,20.2178116636917,25.7900250290867,25.1431520308138,26.9257145687939,22.6853425399358,26.4673733204937,22.4392914961222,21.1699567194932,19.9314631478651,25.4780340195542,24.1874797256675,20.4763677984932,22.2688663931092,26.9883400822067,5.74595541857522,21.2526142482515,22.3255554120269,25.1722134976446,22.6499706104481,21.8446238470541,20.6195133129921,22.0066345602751,4.31010856049928,27.0146011621673,18.9220374082634,15.2805596399689,24.2902214216392,13.2470697639971,18.1528829503437,10.3578327533388,7.46400716260993,26.1905529655045,20.9244572684232,20.4929876100162,24.2220896402039,24.4976544644918,19.7644542106234,23.6835579236201,25.8761458304917,20.2056704642772,10.0267285885835,26.6428769157468,22.5807066736164,13.7764252522355,14.3171172434825,26.859304770639,12.9309065044329,7.19618920241596,12.2204840730343,13.214732526801,19.4936492235918,20.1415786929651,17.7908541611965,24.0524569586827,24.5764245267387,20.6690991573133,14.8272614212069,19.7524842820899,20.4174506517266,26.3508860193296,26.8287545945171,12.3709526641623,22.3699759606608,14.0130123037668,9.03237650729284,26.842568665959,21.9180994753413,15.4696869778038,20.0003993740869,25.4263932719769,19.93498242682,12.2522961665647,22.5651346921403,22.2297056506804,22.2204269322131,21.1041266900237,20.8081134610373,20.9369462955034,21.171384493882,22.3429562207935,17.4253145737654,24.4273909366074,23.2914470442643,23.9303454670506,24.4299450248449,26.8944000709329,21.8423713332276,20.4474004372735,18.8488855147325,22.4412887189306,14.6290841191574
22.4291608781101,1e+20,27.7610365682633,28.2503035411129,20.5206364080916,28.8131765899877,29.200907479479,22.1467081602993,15.674897659102,29.1987239038946,28.0373636369414,28.1949437330341,27.585635923691,28.8028369441773,27.8261607661252,8.5834894703881,29.0951427113588,9.7932258961162,28.1461719714512,28.4381521548778,29.1880123814531,28.9138539212347,27.6184033829826,22.7709426059373,11.5179986082796,3.97024746388507,28.2368118398188,28.7703834887677,5.73353325866096,29.161245064352,10.1190115246526,22.6101554940611,27.5960951340795,28.7073428057793,15.7617761202689,11.4202221136116,20.653654037849,12.7326481261781,22.9476726915696,22.5932978361613,27.9585703007722,29.1357047763868,29.1866375724336,28.4303879565295,28.4105068263666,13.7539897371559,28.5150607187337,28.0101451062106,29.1841638355799,23.0251096389587,27.785421406213,28.7966905632261,16.8455746416969,20.3856161804765,27.6444619784249,18.886222314568,22.3511248604304,17.5238359358526,18.0181884506145,14.2237794917881,29.1721829169958,13.5888771495201,28.4397066631836,28.3529473567623,29.1806589840561,16.5833242885832,10.0946297176188,13.0588647345647,27.8661474822343,27.6631336164565,19.0199740821257,28.8299081729985,17.2929694389185,21.3315539305878,27.6345762301648,28.9620898133887,18.9179627889448,13.7238586051877,28.1285481994902,29.1927350397268,23.3169125773,28.8163725021548,9.7627680044495,28.8968883660544,29.1092537641079,29.1924122818907,29.1485201671382,11.7762195163696,0.882511101564912,16.8951431941984,28.3777991391975,28.6459551847297,28.4897068874112,10.5555160464768,27.6881385355089,10.492238395903,8.48121350737205,28.6314628203251,9.85110913816924,16.3063173156693
26.7022055079387,27.7610365682633,1e+20,5.37468969904772,26.8966711758371,12.7259047974188,11.4442701829565,26.7302508535615,27.2246991380101,11.6489248715412,3.87646759460436,4.88160791700815,1.20093595400192,8.84728391138298,1.44051490656839,26.9403213368075,10.7136443464296,27.837655155706,4.17941387980684,6.56576987256927,11.3321123966964,9.42184195611564,1.9933736873171,26.4252294945901,27.1874309105366,28.0526248534515,4.99619851186709,8.91338743122083,28.0843954395475,11.2259866249838,27.1814545305999,26.5768916920194,1.19697897976393,12.850946821165,28.0489418438775,27.2047207236945,27.1259478627745,27.6728956898167,26.4505037050444,26.5091544509147,3.38968238872169,11.0082823365774,11.4280186608153,6.87934133159909,6.36316826992766,26.9741162044131,7.48521969780572,3.40637195261781,11.6185280689125,25.952943407195,1.53430755516709,8.99804414061652,28.0400406307759,27.0360018007642,0.865366243530569,27.4432368831248,26.4144142973377,28.1297066385807,27.6804418389041,27.1301564095037,11.807458004302,27.5092681761528,6.99952995836092,6.24955214726341,11.2332083934545,27.6597413058158,27.667796202835,27.0882025492952,2.47714207103921,0.801485258518355,27.5000731853068,9.40942530874326,27.7422805518952,27.1027844240197,2.22781079346493,9.79751887264992,27.2154349146592,27.2336449317176,4.84456842278836,11.9754936816825,26.091521425955,9.16735796605104,27.1606290206412,9.57115313154075,10.8083761820848,11.2731017319615,10.918873417573,27.260684457411,27.743604844184,27.1831927206787,6.31229347254097,7.93822465213292,7.10143641024794,27.4515077929496,1.93948141660939,27.2035560501683,27.7438519513145,12.9491993079558,27.500568685027,27.9103169924183
25.1141489489869,28.2503035411129,5.37468969904772,1e+20,26.8479645680191,10.7980172001455,9.0017441075804,25.045718940986,27.6003775465456,9.30024471732796,2.33983874147926,1.66977424943397,6.28872448847888,5.46536274717986,4.33899519006575,27.3819179946889,7.9728125093753,28.365887717905,1.94889323295289,2.58535849138033,8.87454606482674,6.13291619813295,6.3894305731935,24.4056159016444,27.6465063643472,28.5814204613878,1.64572309516515,5.42290795681267,28.6105638146984,8.70289168073667,27.6546405089869,24.8563972282149,6.15642312045657,10.9379088191222,28.4168715286457,27.6055758631181,26.6806742850937,28.1921961753594,24.5605884406085,24.7045326496951,3.5398513050995,8.36122953871429,9.01922351481832,2.16299725229567,2.97586987800696,27.4461912782061,3.50508512361155,2.58764932363087,9.28001156139203,23.6353785131601,4.56461754256537,5.65768217627334,28.1509161590593,26.8828650171001,5.64975605214292,27.4648339485972,24.2977900602999,27.8373546176227,27.7417559822398,27.6485514023781,9.50335335741856,28.0008530594627,2.86405863008967,1.65023101105382,8.70553734687896,27.9911262748585,28.1691948857499,27.5721224898295,3.69796729784004,5.61543766362017,27.3600206600447,6.3174842461947,27.9482738659038,26.0099237460677,6.61536787283899,6.70215443744824,27.5346177067306,27.7962720336562,1.95014280498618,9.75807751187025,23.9897666925044,6.00603096166903,27.6346269573298,6.54091087512661,8.12077692834676,8.85514240962666,8.27186070102355,27.7329538756102,28.2312408505949,27.7947211582547,2.24676122594557,4.18766243766261,3.04933787859135,27.8654556999809,6.09101824994956,27.6663092748971,28.2624907062526,11.1006828934904,27.9969134417598,28.1921243462589
14.5546279562476,20.5206364080916,26.8966711758371,26.8479645680191,1e+20,21.0633474938388,22.5661551670668,14.974990352789,24.4222897029113,22.3044872056675,27.1339451158798,26.7440243225926,26.8704122724212,24.8453543637179,26.9968965439749,20.8505197694054,23.3080740873991,17.6624661500719,26.8916442006181,26.1386747477897,22.5785318131331,24.4459810169476,26.8737237174845,13.8051339812756,19.4699117672726,20.3596024412129,26.8711571821199,24.8277990298576,19.8423051850342,22.729332969218,20.3367440189583,14.9921869302181,26.8572302663627,20.9362737286104,12.1917932925409,22.9143811368574,8.61838179724185,15.6731986010693,15.6083235114722,14.9944668993282,27.177506111652,23.0888187149801,22.5853623800716,26.2419972339208,26.4436671284536,17.88647592268,25.7558375441342,27.1094866282283,22.2898167081067,14.7837469468871,27.1078897020754,24.720630901542,10.2335805870977,6.38165803023672,26.9394740584224,9.62861801512069,14.135698289011,7.91169018213545,9.83384138142919,17.6212159097209,22.2183535516149,15.318588405664,26.0847011788622,26.4928484655035,22.8075162063939,11.9164289829428,17.5674756850005,18.5822596264159,27.2059921318772,26.9532244373418,8.79804598481499,24.4898522976153,10.7585891433241,13.8733241056909,26.7832527904174,24.0646404586933,8.71691255548813,18.1716328115623,27.0076291909973,22.0368976971676,15.7373032782321,24.6845923258281,20.5834509856254,24.3494872654293,23.2318981199937,22.8953917180751,23.0708001726931,19.4052681366973,20.4466072982031,15.3407131041792,26.3669989019636,25.3833503049799,25.9885617346584,23.0058129289192,26.9543648121082,20.1454327995418,18.3366685911363,20.7810426011622,20.6988058431766,11.4045524259422
19.0695207326319,28.8131765899877,12.7259047974188,10.7980172001455,21.0633474938388,1e+20,3.88236339284053,19.3377641941308,29.3075836748221,3.25686232682145,11.4409001997269,10.6365584670187,13.2369076086203,7.72899963590699,12.2551315839453,27.9903602497158,5.38918082221606,26.935683530457,11.0166486641233,9.54689614385389,3.67680700917158,7.13234103193358,13.2402694478994,17.6460417843434,27.0894436181083,28.9231817623465,10.7274245225165,7.74723303981284,28.6114593838174,4.14683250486671,27.7542167910963,18.947198755578,13.1742306455536,0.715555939760702,23.6388169269188,29.1756321063942,20.6959540982002,25.3872611687415,18.8437168029577,18.7769942954257,11.9440430930163,5.00100270115622,4.11454174355348,9.85782546408037,10.0705363140796,25.6672772970879,9.07046279251271,11.5414760590677,3.18064232603381,17.1666599947547,12.5017157562221,7.64188290149384,22.7412196040374,21.0839175891934,12.9543535712243,21.330529241394,17.8185079823588,22.103302511917,21.9060956514843,25.5168056934678,3.39648307945338,24.9261459571084,9.59745801391607,10.200004653106,4.44620639338128,22.9325051659486,26.6930788479467,26.2329735766019,12.1095197202599,12.9263083624585,21.1381462122262,7.43945769336131,22.458311384513,20.1783434192083,13.2696859467711,6.55693857699454,22.2150842313103,25.9670707973501,11.1335407328877,2.84133356045263,18.1148087416022,7.68190635479347,27.920975672021,7.20554671580072,5.28281821402656,4.90476153015283,4.81545933915063,27.0643789334285,28.7561189735486,23.7735119530685,9.93028569352307,8.42879626443164,9.35931041828181,29.4805415336506,13.0449166321698,27.6227569132217,27.326882777115,0.970796187686989,28.2662611003734,23.0981635681477
20.4531482452347,29.200907479479,11.4442701829565,9.0017441075804,22.5661551670668,3.88236339284053,1e+20,20.6319319459577,28.6664442533365,0.927699895677567,9.8494212307142,8.8442016552819,12.0373917055079,5.18116618060642,10.887300453727,28.4648751255325,2.33900747194755,28.3502566173286,9.28911876812271,7.44522287572624,0.707634998769876,4.21314628838929,12.0477973535637,19.185526003814,28.3064622079184,29.5188363703572,8.9337634935118,5.06100657658271,29.4079526474072,0.752218150564767,28.6820257684694,20.2485881407367,11.9694217361984,4.20129946523678,25.3127102651134,28.6824755160238,22.1900565316243,27.0640511376648,20.0417284983524,20.1019158725927,10.4623367327804,1.90677015614551,1.58845725727267,7.83233956974933,8.0946962700256,27.1893548907219,6.82224089710201,9.97245913221902,0.959167201392272,18.5938660181247,11.1544105277976,5.01654635079536,24.3617086060834,22.5872693649359,11.7018383638615,23.1463422937,19.3141353336821,23.6784526011262,23.6519478661654,26.996554834907,1.7502324806992,26.68184790789,7.45541963435055,8.2819844455755,1.66565785531704,24.6947378278673,28.1477520465443,27.6540637539165,10.6621265960452,11.6674126982751,22.9226779159746,4.67863514018281,24.1834379818084,21.5818805190111,12.0914524147507,3.49428156923158,23.7284651447372,27.3992651133686,9.45338577456711,2.09244847597481,19.3825462582117,4.98776316376919,28.7391612463756,4.40694654506499,2.20421417334021,1.69118269273139,1.32318695977581,28.3095573625815,29.1588949696612,25.3044052700293,7.91393523467214,6.00095687099769,7.17372308386794,29.0088687873535,11.8073105190073,28.64708021471,28.5769077593895,4.51437837069071,29.1183503303353,24.7777345166107
7.97307649708821,22.1467081602993,26.7302508535615,25.045718940986,14.974990352789,19.3377641941308,20.6319319459577,1e+20,25.2286560836581,20.3854406437328,25.7172139751538,25.0706242546239,27.0171126237522,22.7145046460951,26.4761949652634,22.2150112822749,21.2957520988475,19.8444498899681,25.4343970696447,24.1396237579362,20.6487983948501,22.3407417375118,27.0551659139667,7.16002730129398,21.1391906494075,22.0815217485226,25.1041396863278,22.6853355424415,21.6146415107438,20.7745588845607,21.8420762331764,5.07317086460428,27.0944639764824,19.1761732779836,15.5447133799021,23.9701703515566,13.8231263651442,18.1927961387695,4.13498966011743,1.98898404970927,26.1018078391147,21.0952854278633,20.6800154642881,24.1771592708289,24.4355025209037,19.7638573761911,23.653913629876,25.8189077446904,20.3993648865125,7.70360765031142,26.6534041268132,22.6073022073664,14.183888281468,14.780839881266,26.9169549316275,13.4804088822071,6.22721743897326,12.749159541978,13.7160325378329,19.504016746435,20.3349817006593,17.867676843847,24.0040452616346,24.5199299655556,20.831490740091,15.1414891870373,19.6752212677176,20.3658733092928,26.2982536698506,26.8492460437169,12.9319291584849,22.4160300491232,14.4167328900221,12.6040545761033,26.9651068772671,22.0038011234901,15.7975903356235,19.9586127692162,25.362426111409,20.1457324623131,9.21371322079057,22.5972000555094,22.0552386375673,22.283602962319,21.2491498237527,20.9528753089666,21.0701709830503,21.0678688860218,22.0748872652445,17.5788651422191,24.365733561391,23.2844978137089,23.9094517280133,24.0946997217809,26.9482914120544,21.669226005403,20.3067147302538,19.1138563236549,22.2583745721428,14.941752758521
25.469631592121,15.674897659102,27.2246991380101,27.6003775465456,24.4222897029113,29.3075836748221,28.6664442533365,25.2286560836581,1e+20,28.7448267565522,27.4705954984399,27.6105839404736,27.0454911528343,28.1851116221383,27.2864816319378,17.4911592246613,28.5103901892977,18.5590935685882,27.5380336683404,27.8287318790656,28.7405312205789,28.2128638318548,27.0945376526544,26.0049717054761,18.8318137256228,15.6815410159692,27.6044557063832,28.1106161767578,16.2370444479309,28.6371828262651,17.926123301154,25.4750215868907,27.0702112962479,29.3365095216562,21.7826853736859,14.4193822171132,24.4957281416642,20.4167679345995,25.5492256366346,25.5546670037446,27.3625069631003,28.521838586518,28.6779464762148,27.8008819281374,27.770436672949,20.504648647611,27.8955094097816,27.4367807645367,28.7755378311573,26.0381900264142,27.2517270452318,28.1713396619691,22.3412803483351,24.3314336105147,27.0947223757952,23.9922103998908,25.7173482411697,22.693021699461,23.3570515186173,20.5428644009459,28.7680830288132,21.0662188626669,27.7975176630842,27.7371163650663,28.6425794303344,22.6024449144493,18.9664604973941,19.7629960862322,27.3058693547634,27.139652054084,24.0884996271009,28.1968579527593,22.9212714820675,24.7853135062389,27.0878289667391,28.2992899265969,23.4165464036819,20.0196422557633,27.5323317616216,28.8934408010303,25.9446719883099,28.1438676440691,17.7929259144563,28.233786920316,28.5220056302618,28.5217172970532,28.5220749072171,18.8318600219777,15.7735654974705,22.2120472353253,27.748857866202,28.0258658381498,27.8584746980551,14.4831977714059,27.1287981444723,18.1748005502857,18.0200376786481,29.4338594046435,17.25495175141,22.2303107096682
20.2178116636917,29.1987239038946,11.6489248715412,9.30024471732796,22.3044872056675,3.25686232682145,0.927699895677567,20.3854406437328,28.7448267565522,1e+20,10.1212318811537,9.14353163323176,12.2259041884486,5.57732689051832,11.1091255171567,28.5032818418638,2.78225270780431,28.1272807635329,9.58197532014457,7.79562738962334,0.889890619563916,4.69882510440304,12.2405828223429,18.9233745256538,28.1141440890462,29.4865434607308,9.23478369801245,5.50633157050906,29.3409379140833,1.2200793725948,28.5599108928214,20.0094294158826,12.1609867918078,3.59018899287095,25.0422325256333,28.7875427655704,21.9296520301776,26.8111009868742,19.8051509642781,19.8474673591458,10.7162324119439,2.34250358494801,1.66063298841543,8.16445184163929,8.42486972395436,26.9497699402836,7.19432600946038,10.233499006665,0.613796088162564,18.3504415646928,11.3796461435154,5.43480856379246,24.0990903456355,22.3250120380635,11.907863758717,22.8505736860568,19.0610966020706,23.4134058560238,23.3700213306244,26.7856159339821,1.46272149013923,26.4166041460613,7.81073208638421,8.59435087027875,1.88784191549638,24.4139515511784,27.9166042313925,27.4343140296886,10.9063271346625,11.8673270774686,22.6332075031066,5.13829204219334,23.905707992615,21.3264831431378,12.2747476499588,4.00688331500953,23.4788338860083,27.1990637250227,9.73980565072323,1.63333701813266,19.1629270975008,5.42947911824541,28.657538812633,4.86914108993112,2.66454429604572,2.12039326017759,1.88939152051189,28.1154016802214,29.1536388867008,25.0615225498843,8.25178747839826,6.40624350351428,7.5359360679482,29.115017771502,12.0080943545975,28.487809898543,28.4044495271604,3.91560993801313,29.0057787601261,24.5091120487542
25.7900250290867,28.0373636369414,3.87646759460436,2.33983874147926,27.1339451158798,11.4409001997269,9.8494212307142,25.7172139751538,27.4705954984399,10.1212318811537,1e+20,1.66817372647034,4.79513876720255,6.57689531482577,2.71489276823718,27.185223387258,8.93429847255259,28.1299921159179,1.065595890179,3.63409835455025,9.72636990964621,7.25035763567877,4.96064927870165,25.153579192902,27.4231343842768,28.3613237379889,1.62033844447279,6.59411090804231,28.3885914247565,9.58912268345661,27.4265037768536,25.5625591142706,4.64671662253539,11.5751115224658,28.3338339378139,27.443691178509,27.1045711014066,27.9887630463133,25.2728977866049,25.4055685750635,1.94609488203993,9.27592152421813,9.86840929632986,3.98708258067215,3.42551314039611,27.2482106888107,4.72620573318372,0.842079302406388,10.0974753030201,24.3948251095112,2.8341225994145,6.76345868699181,28.2462664674775,27.2265943902207,4.073666157933,27.6042505520304,25.0343559893309,28.1238460419739,27.8600278983137,27.4255423317922,10.3115288987971,27.8135150440253,4.05670783701838,3.25800642643897,9.59202738198703,27.9202949997643,27.9399363794382,27.3641071436139,1.81752980724987,4.07017612380423,27.5878746295135,7.26650799226331,27.9766574923692,26.5798574850227,5.29498912413715,7.77035262634077,27.6330785036535,27.54823876255,1.89616798834967,10.5222747928959,24.7037057281882,6.96164000301426,27.4108716417888,7.48434547483385,9.0605160646794,9.64947453248828,9.19512834866019,27.5061726306214,28.0207408836518,27.5461123227586,3.23953829602143,5.37272921502678,4.22492920529198,27.7000949247787,4.40044180495111,27.4405457827577,28.0219573360776,11.7138891273312,27.7705544328897,28.1698630403716
25.1431520308138,28.1949437330341,4.88160791700815,1.66977424943397,26.7440243225926,10.6365584670187,8.8442016552819,25.0706242546239,27.6105839404736,9.14353163323176,1.66817372647034,1e+20,5.81249666745525,5.27215653444349,3.81467082104724,27.3215376238051,7.8254038206875,28.3018278491164,1.05230402822506,2.18327615482351,8.71656072738597,5.93527431726316,5.94679724078063,24.4352776548576,27.6046652319176,28.5321464792839,0.739692502353102,5.2190916857246,28.5646861211398,8.54504549968074,27.5779799402618,24.8893558779458,5.68458343066361,10.786281197859,28.3219357046172,27.5820101580619,26.6234012030775,28.1265628627133,24.5939026646291,24.7354321729383,2.98450499227286,8.20443519608214,8.85811366173773,2.6824812356437,2.23300829600572,27.3987861346203,3.25179197850302,1.9315803586339,9.13061081194408,23.6750127926944,4.04442565472741,5.45752564871652,28.0376659284477,26.8048783255272,5.16376664094571,27.3444114475951,24.3357036239357,27.7487497551586,27.6230480111619,27.611088196668,9.36645842320054,27.9382568472037,2.56691635161159,2.12699757587659,8.55724618175744,27.8916744669411,28.1000944790217,27.5340394768203,3.1239307971356,5.12273426293168,27.2468446269341,5.96806426919185,27.8337668677429,26.0008333795496,6.17103853147911,6.5107995338826,27.4064833163625,27.7661961288516,1.83266067693803,9.60526731911233,24.031488406937,5.64020959369439,27.5647905033292,6.20633112633631,7.96132062423022,8.61063225185035,8.108880794305,27.6960399662707,28.1736734141789,27.7023098213425,1.77016796112755,3.93910549744153,2.75255652465712,27.8429707277837,5.42829163246622,27.5981188974516,28.1891262934303,10.9426394750218,27.9357895966402,28.085766846152
26.9257145687939,27.585635923691,1.20093595400192,6.28872448847888,26.8704122724212,13.2369076086203,12.0373917055079,27.0171126237522,27.0454911528343,12.2259041884486,4.79513876720255,5.81249666745525,1e+20,9.6082232327282,2.2806955929195,26.8249337783784,11.3578550030397,27.6689377805691,5.09492272816368,7.4495685638882,11.933992113016,10.159988384116,1.86029782519832,26.7371659663088,27.0201325679457,27.8917664434682,5.91343596424209,9.6844679138791,27.9281692401189,11.8325830984751,27.037164370202,26.8514156049735,0.942173859062934,13.3613746971248,27.9216438531251,27.0353939344763,27.1867859541496,27.5231776480372,26.7817272365032,26.8174938099375,4.18779297869424,11.6333356939499,12.0217101792831,7.762924168551,7.23056627273353,26.8440221522391,8.33862697913792,4.31606630648666,12.1963577165514,26.3483263675784,2.28902774670621,9.75047573666091,27.9521617414484,27.0447497317057,1.11804334222628,27.381458827884,26.7625555907864,28.1164601710957,27.6088482453831,27.0024611124661,12.3751491744674,27.3677280506062,7.87813354276724,7.15135741199333,11.8431190697512,27.5451634485998,27.505741767956,26.9444522075986,3.34210687149612,1.09329284925438,27.4725033067698,10.1405883431863,27.650726638677,27.1926645104516,1.96558851667156,10.5056806305756,27.0982826188359,27.0934478920685,5.72349116205074,12.5291545707092,26.4524232603719,9.90792747578106,27.0274141790007,10.2951768735335,11.4406290001836,11.8639176140119,11.5499623826845,27.0928099572165,27.5668223681345,27.0273464806387,7.21041122615379,8.76090701066872,7.9667184523949,27.2692695422897,2.00968118984821,27.052817540795,27.5846320762353,13.4458366179727,27.3477545894207,27.7996611296219
22.6853425399358,28.8028369441773,8.84728391138298,5.46536274717986,24.8453543637179,7.72899963590699,5.18116618060642,22.7145046460951,28.1851116221383,5.57732689051832,6.57689531482577,5.27215653444349,9.6082232327282,1e+20,8.09637256448274,27.9097317130238,3.46175842121878,28.7529952951139,5.88162143011231,3.56637575821814,5.0832471896882,2.05987036361257,9.68044813149206,21.6971265802661,28.2342893932346,29.1784872064921,5.38034213162132,1.84642861513787,29.1828925493331,4.79079714429638,28.2277121792652,22.4140845465202,9.52535725438297,7.94149528844726,27.3975436683211,28.1629630530095,24.4827048509516,28.2428469410723,22.1374142780304,22.2742399855257,7.44659275688174,3.9780716618322,5.22600420450536,4.03363715519909,4.60787466144478,27.8789017642867,2.80631553820399,6.77314011351074,5.61429010969117,20.9776582809835,8.39358998127548,0.824328598766505,26.5752547809299,24.8244033788191,9.1545963312067,25.6420036379207,21.7030470010186,25.8946858581015,26.0256341704022,28.0252956004534,5.57062721333147,27.9941301556465,3.44315633727155,4.58106865070868,4.39311686018916,26.8908404576398,28.5286886921842,28.122064647419,7.72159249556045,9.11020854392298,25.3818205035084,2.58019438094829,26.4776085096201,23.718103729103,9.74197484648607,2.43460954267586,25.8739343281518,28.3234418032304,6.09601309057695,6.20412424920081,21.5619987237371,2.65898078217041,28.229183490188,2.6686888056939,3.60972006220668,5.01845440140574,4.23011508453672,28.3342586793265,28.7728543742394,27.1858303257854,4.05166928349327,2.18831312627206,3.18418390931454,28.4472542706142,9.29698083330194,28.2550600589312,28.7007741819789,8.16223596338329,28.6332956286151,26.9354421716886
26.4673733204937,27.8261607661252,1.44051490656839,4.33899519006575,26.9968965439749,12.2551315839453,10.887300453727,26.4761949652634,27.2864816319378,11.1091255171567,2.71489276823718,3.81467082104724,2.2806955929195,8.09637256448274,1e+20,27.0114010437786,10.1083919909485,27.8938699981038,3.06928087890802,5.61052569401628,10.770654637717,8.7048018934391,2.67657009932456,26.0584045283244,27.2197798854256,28.1368869622204,3.89655449928832,8.15249025476604,28.1629789420896,10.6580882403772,27.2345211127277,26.3172423737021,2.1324725905486,12.3827660029973,28.1131980730452,27.2736431218325,27.1658785590876,27.7409338334725,26.1457286742382,26.2222158996636,2.41695641827447,10.4132596173911,10.8821370707903,5.93615111902919,5.39831994897114,27.0281788147139,6.59376155603818,2.26261974908996,11.08259697136,25.4859117318777,0.886367271101615,8.25709440609611,28.0927392213035,27.1385588665551,1.60618615414244,27.4830229485537,26.0104989444621,28.1368969601154,27.7243172753711,27.1987895786902,11.2776941791201,27.5720656310647,6.05547004913698,5.26986593483233,10.6652142523031,27.7165467965991,27.7123855827678,27.1453896372296,1.40586669713382,1.5979886899856,27.52619792523,8.70223575860362,27.8022304781141,26.9611286990982,3.05545375996918,9.11901020837546,27.3393156426529,27.3050774638493,3.76078403470468,11.4508430039441,25.698984199405,8.43933440881762,27.2221458798781,8.88170661131945,10.209986059689,10.7106182907105,10.3310306908366,27.2952857241478,27.8071521729889,27.2630078809586,5.3192497265531,7.09784947590519,6.16807933272045,27.5136065762157,2.327782327521,27.2483008260123,27.8014646043226,12.4892048736899,27.5647290013759,27.9718253110048
22.4392914961222,8.5834894703881,26.9403213368075,27.3819179946889,20.8505197694054,27.9903602497158,28.4648751255325,22.2150112822749,17.4911592246613,28.5032818418638,27.185223387258,27.3215376238051,26.8249337783784,27.9097317130238,27.0114010437786,1e+20,28.3150672826308,12.5426458996231,27.2945641492063,27.5301349988964,28.4273006420407,28.0240617498553,26.8445040420883,22.7358015431051,13.9293025047065,7.29521983963013,27.3670305298362,27.8493537850388,6.31974125896907,28.4212947282688,11.2249851765519,22.614088651834,26.8091942463246,27.8634328362128,16.9454823071657,14.7784658831633,20.9588108496836,14.6488528721298,22.9139726923457,22.61976271671,27.138905763221,28.3737846996146,28.4672466324795,27.5190902730275,27.5010569709124,15.4834082232595,27.6129099040037,27.1673519991912,28.4740120847412,22.9490175942545,26.9798889992234,27.8894046202574,17.8485784719453,20.6961805787293,26.8365948944589,19.4561436476477,22.3674752962228,18.3255951110569,18.7402784889523,15.875735119019,28.4945178109582,15.2574631534715,27.529436350191,27.4585397319992,28.455341922955,17.5796069609997,12.7247398676031,14.9893523163216,27.0537324525892,26.8697433645461,19.5624441797345,27.9306160799586,18.1503232295572,21.477869811255,26.8556533582341,28.1005197183929,19.5189492398058,15.5193342232028,27.2660071044851,28.466896740512,23.2213078604478,27.9009403044154,9.36614692297152,27.9818659842873,28.3258994602406,28.551839087954,28.3893636855465,14.0960278416236,8.51554035909594,17.8727295703829,27.4698831590873,27.7375890738649,27.5930365137784,14.6883553435314,26.9118885764473,12.4781231417223,10.1757076500504,27.780949232123,11.1305934196657,17.3309404391275
21.1699567194932,29.0951427113588,10.7136443464296,7.9728125093753,23.3080740873991,5.38918082221606,2.33900747194755,21.2957520988475,28.5103901892977,2.78225270780431,8.93429847255259,7.8254038206875,11.3578550030397,3.46175842121878,10.1083919909485,28.3150672826308,1e+20,28.639532801697,8.31528347073506,6.29222851156507,2.33867992886369,2.92875390133052,11.392134658916,19.9851860375829,28.4462458848856,29.4602095731524,7.91845264226179,3.73673196164562,29.4135121248171,1.97332475340773,28.5995624611254,20.9328493538331,11.2895369814135,5.66992304083439,26.0571636518157,28.5064181296088,22.9381847810809,27.6491223646682,20.6986819850645,20.7915094455645,9.62034542988502,0.85244536193981,2.89246211968388,6.68102353221604,7.13970567637314,27.6417911442391,5.58353924486123,9.07334878449842,2.82441721525957,19.3459317171258,10.3946537742383,3.24416976625094,25.1154639976868,23.3139069403778,10.984203309191,23.9928150942561,20.07683568185,24.4129410817012,24.4597419139943,27.5656922870003,2.80702097086491,27.3157421842119,6.26255648514589,7.19037444771328,1.56812832917624,25.4789474471284,28.4212401061855,28.0333056965681,9.84083299763908,10.9509074145177,23.7495699936711,3.59721781086747,24.9760613376976,22.2570613250604,11.4270033470361,2.26858356393054,24.4430544555298,27.9467019742104,8.50758243764645,3.77154926419541,20.0730150485825,3.95842314594415,28.6306575659292,3.33158485920732,0.623891182809856,2.63029406438085,1.64357779796492,28.5054864567555,29.0580435684184,25.9948509698627,6.79368922084451,4.73804559494651,5.96353055318601,28.8135876487184,11.1135207958942,28.597528145609,28.7465497919651,5.92605316350416,29.0264214318507,25.5367662328743
19.9314631478651,9.7932258961162,27.837655155706,28.365887717905,17.6624661500719,26.935683530457,28.3502566173286,19.8444498899681,18.5590935685882,28.1272807635329,28.1299921159179,28.3018278491164,27.6689377805691,28.7529952951139,27.8938699981038,12.5426458996231,28.639532801697,1e+20,28.2646984397266,28.5240883783678,28.2782031105581,28.8594364315759,27.7030913961316,20.1036749148019,6.45486549427316,8.79554534753868,28.3402347125628,28.7838296657253,7.61048679803177,28.4121102164041,8.90380295744754,20.3054357504905,27.6806663309475,26.753751449274,11.7327505884307,15.7185225460453,17.8690029736531,6.93487340316818,20.7995159123968,20.2474342538545,28.0592685213099,28.5706441966649,28.3298373373672,28.5264612402458,28.5074913487026,9.13327432373562,28.5938863043398,28.1094933973651,28.1038385260329,20.5738955398276,27.8714609812727,28.7689917726768,13.3401844391738,17.5374416770403,27.7355992267912,15.1038485275159,19.7457985839706,14.3426858905113,14.3180511397514,10.2537241503055,28.0589310465481,7.84714209289044,28.5508232504899,28.4420300236671,28.4255680794851,12.4520464436048,1.57096996235403,8.49260195074198,27.9842307531412,27.7661301051987,15.4163823769032,28.8169519004021,13.5270835161917,18.7916501467075,27.7185497884316,28.8249000033974,15.8968003690795,9.8194997157834,28.2420184310003,27.8919583232796,21.0421171110739,28.8152806529574,10.2180308408331,28.8329536907571,28.642938494828,28.5878971398691,28.58480386465,6.91824806864053,9.73151107067458,13.4533238602798,28.4822537431285,28.7027757122982,28.5799224051206,15.7413701648413,27.7765935090713,7.5415117540827,4.07460513391353,26.6288880771611,9.12030939251177,12.4678710046739
25.4780340195542,28.1461719714512,4.17941387980684,1.94889323295289,26.8916442006181,11.0166486641233,9.28911876812271,25.4343970696447,27.5380336683404,9.58197532014457,1.065595890179,1.05230402822506,5.09492272816368,5.88162143011231,3.06928087890802,27.2945641492063,8.31528347073506,28.2646984397266,1e+20,2.91144035043826,9.16618216749406,6.53894365551417,5.24752910406449,24.8376946853139,27.5751063094361,28.485515941151,1.10307178744024,5.85976215776735,28.5206837693205,9.00733795488319,27.5300949846517,25.2488713157599,4.96441250125457,11.1640174669446,28.3336326132182,27.5124209503645,26.8446868722769,28.1008484702103,24.9893557656035,25.1093066271119,2.36743070694834,8.67567496937418,9.30991802235647,3.34310765211037,2.80484769135368,27.3773168404537,3.98725323116428,1.22674925743414,9.56131585176454,24.1077873708389,3.27501973699184,6.05976822021399,28.1270770766917,26.9814915094678,4.42574771464272,27.4547177326185,24.7433963444264,27.9272430856986,27.7243247161797,27.5695637909483,9.78524129541669,27.9169213144517,3.33569143373718,2.71079232967871,9.01605063984007,27.9100920451661,28.06619506005,27.5044622724757,2.34284389150179,4.40027035945993,27.4000361751419,6.55248694544108,27.8931625936246,26.2980763191647,5.52952855626007,7.07848640422041,27.4787373855128,27.7130463238609,1.71243590131669,10.0218799194078,24.4422574752811,6.23838901447228,27.5134422825541,6.7794081892928,8.44062827121907,9.05676811594162,8.59025941586553,27.6647690954843,28.1292833868738,27.6300347087895,2.55197660683854,4.63077073103399,3.49421590667589,27.7732651086654,4.75021184697103,27.5545636218544,28.1487513089777,11.3082137534068,27.8809369393788,28.1232652289707
24.1874797256675,28.4381521548778,6.56576987256927,2.58535849138033,26.1386747477897,9.54689614385389,7.44522287572624,24.1396237579362,27.8287318790656,7.79562738962334,3.63409835455025,2.18327615482351,7.4495685638882,3.56637575821814,5.61052569401628,27.5301349988964,6.29222851156507,28.5240883783678,2.91144035043826,1e+20,7.31476968879236,4.11336234197159,7.54520278139546,23.3671173335505,27.8424695876195,28.7887673225919,2.26645686411459,3.30419994325112,28.8130116640367,7.09970319120214,27.8135450201564,23.9074576303795,7.34020775279894,9.71004549457459,28.1491040756906,27.8026087278424,25.8683628743716,28.2914292700436,23.6207730847797,23.7606952393467,4.77523305348865,6.72388560893255,7.46343605645563,1.67067741219614,1.77039998567531,27.6542301303732,1.31050211803509,3.91028505763813,7.79171920076995,22.5943508793626,5.89233960117644,3.72829703437837,27.6548736250857,26.1371489936476,6.8786907435387,26.8858799284239,23.2898854011772,27.1475387616275,27.1962920752812,27.8858275815424,8.05713079142915,28.0872717004644,0.871166182557606,1.8741916057201,7.12309871992808,27.6913873712942,28.3110068940531,27.8035195951392,5.05762922846525,6.82699883750734,26.6991805554722,4.19683783935213,27.5034632220752,25.1481705169575,7.69237153790968,4.77334667170056,27.0031770319402,28.0984017455263,3.21255116802285,8.33987630999092,23.0471019998276,3.84428066331267,27.8025394472167,4.46867002404028,6.44292990162671,7.15952935945027,6.58911237707977,27.942020604397,28.4134900735201,27.6941856297079,0.922091683827299,2.02182546846202,0.889240574074895,28.0747492221424,7.0755684393434,27.8333917644363,28.4176411815169,9.8934655315119,28.187349978831,27.8246094685389
20.4763677984932,29.1880123814531,11.3321123966964,8.87454606482674,22.5785318131331,3.67680700917158,0.707634998769876,20.6487983948501,28.7405312205789,0.889890619563916,9.72636990964621,8.71656072738597,11.933992113016,5.0832471896882,10.770654637717,28.4273006420407,2.33867992886369,28.2782031105581,9.16618216749406,7.31476968879236,1e+20,4.1347108990471,11.9484930675671,19.2025469585712,28.2199413858873,29.4822787338209,8.80795886017693,4.9582480960437,29.3564954925993,0.808182032225104,28.5796906593018,20.2685241498076,11.8610375171229,3.99832068236572,25.3123362469598,28.7391431610034,22.1992784172367,27.0275227803115,20.0596134008718,20.1154584216529,10.3417777664566,1.9454277465738,1.62071915213537,7.69414522105668,7.97271041710674,27.1362840731055,6.6957926696776,9.84703171903441,0.885542398468369,18.6042884150072,11.0396565586723,4.92482363529122,24.3765376881309,22.5920516754758,11.5966587367395,23.1556890033045,19.3275607294677,23.6904043999341,23.6606401903758,26.987261140616,1.7506866283174,26.647992271697,7.33625637405907,8.1527785305873,1.66883538175258,24.6897696088114,28.0664252994576,27.5888806402613,10.5451694451972,11.5577804616186,22.9303687833726,4.58724350130479,24.1857286085945,21.5826949829,11.9848822908286,3.4408104867604,23.746755219869,27.3916651243021,9.3286366972758,2.01872494086122,19.3970080293209,4.89601382421495,28.6475660595339,4.31375641152873,2.23097516486293,1.83774873196613,1.35907859956448,28.2256778508556,29.1459621138502,25.2873013510745,7.78861376572723,5.88517421263158,7.0441996594547,29.0700284691653,11.7004418457132,28.5404693819496,28.499642225693,4.30355952767852,29.0204900535603,24.7755671885938
22.2688663931092,28.9138539212347,9.42184195611564,6.13291619813295,24.4459810169476,7.13234103193358,4.21314628838929,22.3407417375118,28.2128638318548,4.69882510440304,7.25035763567877,5.93527431726316,10.159988384116,2.05987036361257,8.7048018934391,28.0240617498553,2.92875390133052,28.8594364315759,6.53894365551417,4.11336234197159,4.1347108990471,1e+20,10.1986402186676,21.2160911225002,28.4299971802353,29.2874792460787,6.04214245965094,1.17838586521043,29.2997353372799,3.791927946862,28.3625405864781,22.0086389977753,10.0676831943279,7.37233206103851,27.1325716220131,28.2222085685468,24.0841666680475,28.2660250645887,21.7403133556251,21.8753388455736,8.09195157492198,3.40536172170615,4.35093011028953,4.58296911610725,4.96560770531742,27.9833915018595,3.25566341110071,7.42760774746641,4.72791781306101,20.5123164813948,8.99369465421308,1.84470654657272,26.2390994007917,24.4513968620811,9.72336312595274,25.2689621916726,21.2535768541544,25.5142798429142,25.6684061501105,28.1004027976734,5.08104916167202,27.9927364872908,4.0154443080879,5.20197999232733,3.9085501887267,26.6089998445654,28.6388372394138,28.2658843835904,8.34893427022908,9.67509064489886,24.9931306482151,1.53467002324623,26.1529794343378,23.3087491776261,10.2690965170357,1.00824235156257,25.5180281316039,28.4211165406198,6.73804412847498,5.5003994107009,21.138818155278,1.63265974924849,28.3478644555954,1.53328831625568,3.0714791820376,3.86175766330785,3.13389565511056,28.5371913191671,28.8829052329352,26.9798422829311,4.67428788719605,2.34790850397914,3.7033047734681,28.5171035863227,9.86300511067625,28.4073905947115,28.8103080465389,7.60752665022214,28.7620397309471,26.6415208350144
26.9883400822067,27.6184033829826,1.9933736873171,6.3894305731935,26.8737237174845,13.2402694478994,12.0477973535637,27.0551659139667,27.0945376526544,12.2405828223429,4.96064927870165,5.94679724078063,1.86029782519832,9.68044813149206,2.67657009932456,26.8445040420883,11.392134658916,27.7030913961316,5.24752910406449,7.54520278139546,11.9484930675671,10.1986402186676,1e+20,26.7503400156179,27.0755169512427,27.9100234566062,6.04263337555546,9.73797294395562,27.9427634731896,11.8482089844631,27.055325310597,26.8998019059079,1.79077869234785,13.3595673559477,27.9287778391618,27.0695364505335,27.1643146454523,27.550864472812,26.7940427717137,26.8457327338613,4.64828756420661,11.6626055393969,12.0428653394456,7.84597854473982,7.3131703070412,26.8738768894272,8.41816003607203,4.5260025361874,12.2110121108342,26.3099778402572,2.66681930876848,9.81543302554616,27.9630792858778,27.0332331136181,1.84816816686557,27.3946894004214,26.7545515733767,28.125529681276,27.620959779117,27.0207824609541,12.395364102766,27.4003314645596,7.95443751887865,7.256522265601,11.871299486146,27.5581097957161,27.5384438544567,26.9869970182364,3.60033143290584,1.87834960609181,27.4863698497106,10.1857029910805,27.6555259738244,27.2784750686143,2.59246512292512,10.5426005888433,27.1055310406884,27.1073272178198,5.82538799756312,12.5451341827795,26.422616284815,9.9509293915207,27.0389551897786,10.3325915698841,11.4658826878665,11.885335536463,11.5748936343202,27.1567195879158,27.5977883310016,27.0164221423253,7.30599874776991,8.82148231866054,8.03925899579449,27.2962255164232,2.86370175163176,27.0689038084245,27.6180624878793,13.4453400112838,27.3594471659815,27.8035598192711
