1e+20,72.9740485171429,85.7047871521434,72.1600996406045,39.3325581006928,153.21065301408,130.323103840896,21.0677568963104,70.0720360596086,146.902124812442,95.3371741280921,99.2687465645314,83.7621924693748,127.865050918018,59.2953753811108,34.1075338236449,126.071252384999,62.9237038189118,123.173261938801,101.683916768638,130.496494078226,110.505783464203,86.4265513633321,117.615679169194,22.0028937895379,72.7091516100929,107.835742819641,118.770959665638,80.3483751574463,121.602271764002,32.1876229150303,47.8044817260347,100.674601361091,155.032111949517,81.4569503396293,28.4159365401389,65.6280533854223,74.8102322130458,21.6756443396296,30.286638492922,116.480716714044,138.77270393876,172.319367189511,130.87237362571,98.557710343916,24.6912131051169,98.4419085716664,82.3901845540818,147.488301189305,67.9906082237618,95.202785500482,105.443308631032,148.324476129924,29.8986701457646,74.0278895477261,143.697732481262,66.1826951155457,73.6429309195932,115.695087648024,25.0211709047121,125.332691903731,67.4959521759214,104.525958046324,100.000548915098,100.005394275211,78.2689953620853,69.8032655606922,31.1372716982935,87.4890545097775,87.8379694859999,76.9826200383861,105.024308013098,68.1051012985653,74.1465405259956,51.5921425317669,127.934469437005,35.9423592150148,60.0199468164122,94.8285293131199,145.932448384827,36.8759738565441,107.939720522929,125.618026232867,118.107079739999,117.454096637429,106.877633346014,123.317149553428,143.098083765552,141.701187685968,78.4947813963897,101.376813894394,103.200020012005,99.5185527071381,178.620390982569,63.8851375805003,43.1163194994966,94.1508452586449,149.080714954924,38.4608144944515,87.5334034224279
72.9740485171429,1e+20,76.9625972388238,80.2819080622964,66.540636285979,156.800296373971,136.031561706151,66.835909235936,82.4579053554888,148.421634852653,86.9846061705937,91.6724927905359,77.4416105267427,123.3010751302,72.9995137536397,74.7427960854162,140.020279555666,27.0308427402235,124.236694466739,93.2100845165186,132.412402916009,106.575459909607,79.5256800707187,102.031714879625,68.3568820422917,29.9734473593355,98.278262858535,117.080970421573,34.7695735002697,120.73078552184,61.6555587921254,102.29544503304,92.8196393970977,158.517753647883,39.0681190383175,59.2572565750009,106.314485444792,43.7454462235401,64.808546942514,65.4621533930344,117.420090146959,136.367480346891,171.118166778848,123.893188301077,90.7220903769279,56.9368740366771,91.5340575978158,74.3480978796308,157.351914149274,45.897488194085,87.8181472259392,109.03305405827,144.098091945475,59.6901357102458,72.5840378598249,129.514129994365,44.3036872526936,47.1389501981584,100.174709306149,62.497603726954,147.545292193874,21.1975869888774,97.8921382348782,92.5840166599737,113.413713626873,27.0184193360254,35.3864576355145,49.6011828640575,79.5716388144586,76.4972872583696,64.9771261986279,107.075268002898,43.9637510459174,96.2493646457601,77.4584210722315,124.0733792708,60.3734871375963,93.0755425613682,87.9064432784993,147.035333886796,64.4931158215047,102.275325840294,138.486325196172,132.056106910666,125.891772404362,109.806187049812,121.336428056595,165.240322268531,129.682906325357,102.536730871374,92.9812739221251,97.8600402754317,98.8809745422993,172.461994769544,73.8166988918468,62.7175657194638,68.6289962143107,154.578634342365,65.8521186159406,60.0797070386168
85.7047871521434,76.9625972388238,1e+20,58.292027533428,91.4754094130929,154.013379801905,129.417153722757,100.537651991085,122.098699248664,143.040147660849,34.1111902798418,50.3453505045389,25.2354769728905,108.209249098001,37.7177113605295,94.2463766479289,116.093113499196,81.0943581329338,107.718360357705,60.383256157519,127.407403455992,87.7561048544392,18.7070902178972,117.326879300394,92.6564069325402,98.1975078331439,69.8880119342392,102.844234107699,94.0593598272193,114.058661212289,88.9078212260209,113.987034060679,21.4715231077165,155.857613827963,77.8786265122053,94.6104104799087,130.290051336841,88.9798291587059,88.0106080857687,82.486055209433,104.243415078738,125.004921236796,161.062239204042,92.2875392821749,53.3677267030231,71.3249173131192,62.4778008288926,18.9714108462131,157.226839742718,77.1234634739677,21.4145492272188,102.48627140364,144.164270605445,73.7963937366117,21.7766952909718,112.509007110835,57.6088867251936,92.3503630075428,119.652387211539,95.8973303745987,149.983970641417,67.7328347247734,71.2639049177353,55.7074797230313,117.504516635677,68.465071057789,66.8310564210357,79.1746824762055,19.0101732245434,14.0633290617473,58.2735167150368,102.440036162666,71.4104117702885,127.813491551166,61.4924070385982,107.55233399132,99.0399713909799,129.591443486254,44.0896097395043,141.405684762085,89.1258092353897,83.4336435411982,175.786179676497,105.2157986256,125.432740315467,106.41195426883,113.234432710879,220.101154117029,141.797619331903,132.209397238743,61.7415695410104,74.334325530879,73.6508792980002,237.983630406376,50.3689009853662,97.4552371426757,117.113610331112,152.795310347597,112.065795400331,104.118760336805
72.1600996406045,80.2819080622964,58.292027533428,1e+20,97.2366778584705,140.355732998985,122.672753824526,86.1731317044053,93.6335430460497,129.968808069515,36.9231876696974,36.4678106504431,73.2551610928794,93.0789562439245,64.7591315941114,93.4495182993513,128.488071530034,82.4890868951179,80.7716893775043,44.2080458214954,114.415415734521,73.4051840354165,70.9691405345426,94.5565944638559,73.1183677145656,94.9916885041855,55.9603656630895,90.4500516984598,71.917694063388,101.603104991302,81.4295871575577,94.6509635280322,71.6126632775888,142.223093141238,69.5774856532735,85.4428724778461,123.642187068896,66.5648102971432,80.2881655890891,90.2791532517526,74.1387185003022,112.376184168645,148.701827754463,75.7680658119029,36.6879974706624,73.1104075709334,45.6205511340446,52.253135961854,131.393605427648,86.2983046163067,55.1289431358977,71.6831433822441,119.806168524269,77.8016874607959,49.4147393805893,101.726407759698,58.2640408161658,79.9579512951207,90.6768351741638,78.5615727273054,121.402527329878,67.0646505389746,55.245499128637,38.6168072710511,85.4321967599782,80.1937501516062,60.8529885816868,61.1235038911919,44.564209663046,49.1526398269394,59.1979962883505,75.8195588039476,56.4160499771569,131.015424639502,60.2699651360938,93.745254088545,95.3290150878133,99.4604312987884,34.6242203714158,127.659911855543,95.5777727225893,67.7407813351109,182.629777987221,118.658846194184,98.8658289254742,88.7491310264072,99.9800111613612,199.940540377208,116.279038123646,135.327509677361,47.2895390706162,58.5668884500921,62.854991711813,226.021572772885,19.7523666769537,85.644523783984,88.443250480537,139.868008030611,94.4449463421271,87.6566530170828
39.3325581006928,66.540636285979,91.4754094130929,97.2366778584705,1e+20,173.679271548663,148.81776874184,22.8633747440119,80.9032441105843,166.861846438476,103.210311218897,108.842843473586,86.1623737596523,146.891556703722,64.5278356355037,36.3735229351517,122.689062500865,54.6619418874598,154.866147665178,113.10974671967,150.444341760817,125.400395067001,89.3675194806145,136.02834004851,45.1428795858271,67.1209969805456,124.472892079282,136.223483750633,79.2863817959603,140.793882589476,46.6763412152716,70.6509809112571,103.753888702959,175.866029385228,79.6869151738628,32.9651024620603,61.4986261614877,85.9569258403883,27.9898298824585,30.8393652903429,146.063895062505,157.605631488498,192.054437009332,142.941008710251,108.636112304692,36.3000622984215,110.67440464825,87.8724941026601,174.352669497446,62.0723592038022,99.9926001229157,131.25367937524,171.62654287456,41.4746501820448,79.9849639559283,164.974637372981,77.8366929644789,68.3202364640633,131.700646759003,38.1437348633381,156.586991109161,65.4327926835918,119.373316612563,109.885335095259,129.158909145485,64.2594213180834,70.8826727010674,50.0345554912898,94.4610955824027,95.9454891050138,94.5359315426696,129.014947557053,70.0842059565227,44.7952275497064,59.8746664723777,144.710060773014,15.0564666847779,78.4887101642605,102.456408195888,166.48805198533,18.2424936438553,124.950679751162,100.920714058473,112.921559335823,143.112636638514,126.275777231723,141.916662168457,144.642588118222,160.177521223911,65.0082586565831,114.168609757981,117.938934961688,111.216312346504,170.015293017596,92.2716266849383,55.2084673039202,106.31405985586,169.560369289388,42.5505681222179,94.1568617285377
153.21065301408,156.800296373971,154.013379801905,140.355732998985,173.679271548663,1e+20,35.535443061047,162.812855903968,137.171083325749,25.3631845486374,131.547079106049,118.594972535541,156.850729782407,63.4756165152022,132.035888665681,158.771855116385,104.205529975833,142.190735378448,96.1169950980517,104.184093267446,35.9270693016465,78.8688591442499,162.645244519433,113.147888565744,146.462368635383,135.792370703355,98.8882767299103,63.7233834470903,134.340690638811,45.9760697842032,139.493205926701,152.882208331128,157.949257446961,14.5805043865466,127.409724449282,152.95730081705,192.229203833985,148.32812174434,162.390752712194,149.099651089024,92.2396360238448,46.7427780057718,40.0119924946074,92.9042893642403,112.870618323351,145.773492656158,104.499950622508,136.289828576116,41.2580320383721,122.873331764183,147.818707707118,80.0953261274456,102.018901066123,139.122447290303,152.868217055093,114.566831050451,125.778468978083,127.110548103759,110.45154905478,154.465762722492,83.9543106963325,144.007509865919,99.5600516313328,109.134964347392,98.0642363641664,141.406695210894,136.458976390341,132.55005041473,146.219099513467,141.726708085214,110.712603087832,68.7848608262118,126.575192216326,197.781623278781,134.917198607045,58.9973669222844,166.393007599139,141.386083311049,123.300054395955,24.5269338510527,163.048971703052,81.3424075619875,237.042565675467,111.132207353181,47.184779545,69.9312228063404,53.7862666206978,273.728369778764,124.813952212493,196.498301022062,105.616153900544,94.3392150248908,87.3166037004483,275.043688815028,141.966640083681,135.246787765454,125.644810809746,18.4487774899104,155.164671873433,114.500714407362
130.323103840896,136.031561706151,129.417153722757,122.672753824526,148.81776874184,35.535443061047,1e+20,139.760875965497,125.187687388871,25.0670906110236,109.320084898251,94.8214938727416,132.045461758484,43.6669913702849,104.526248139165,133.122694570499,85.4545291041945,120.449943243554,96.2353865539468,85.0808408273237,22.5555621019444,62.3596137579601,136.98865360807,111.397248679122,124.746394490615,116.028115452744,76.2390392349023,45.3260569963522,115.019786475518,33.12723624241,114.91417745193,133.29973097148,131.608780509113,38.645894959646,105.165941119352,129.416081357538,169.92797375412,132.308921269741,138.666225167747,123.193763715116,94.4158488391482,29.0118490031765,51.1421213528026,85.1744199911847,91.3239091668651,119.978547642621,86.9347197017672,110.92513812305,54.5768900395866,99.8567736914662,122.97747270587,64.3626597462678,106.170740349927,112.727310697272,129.86244618311,116.182522382904,105.009819142498,106.935025575311,109.196357184328,131.21275680177,77.2207216368495,124.056402425894,78.244732919664,86.4003030743298,87.8621174816461,120.309843811292,113.732369360339,110.741962550693,123.005735913741,117.484925684185,88.4714234050911,58.5350424263606,105.982804869666,174.247160543571,111.415362142944,40.7383731285352,141.865676364228,127.394871579874,100.393523691454,26.9783560016566,137.753732452737,58.6742724794382,213.412676815546,96.1223827961503,47.0634924732113,58.1111872294318,42.0719107383171,251.915048218525,129.124584738145,173.42668291953,84.397727381356,73.1811725829362,67.1018344289245,251.544776962544,123.651147134769,115.058575397248,117.710033362588,32.2861040815316,133.453093078258,100.530693981009
21.0677568963104,66.835909235936,100.537651991085,86.1731317044053,22.8633747440119,162.812855903968,139.760875965497,1e+20,72.8825443718741,156.962052586895,109.158780600695,112.666630219271,97.4463309186132,139.693242233279,71.6908154928881,33.9685891877074,131.022708915,59.261496840131,137.759162153922,114.472104259548,140.541767598062,121.762585844625,100.434838399327,119.122915871204,30.1035510498942,66.3588320088439,121.411234424356,129.786738335526,72.8867114612891,131.732037878331,38.4720925706378,55.1438263310923,114.647537006868,164.471642721328,75.8846731402451,25.6377840007273,65.1547060115796,71.7868480887616,18.0402674589142,28.7272922224707,131.135886784278,149.522915150523,182.888946509193,143.669650443723,111.731689936378,35.5472613117443,111.028746069285,96.1038188405434,157.723246173635,63.7944625712595,109.433282386646,117.449614834052,160.597195246832,36.7221241620713,89.3767534343798,156.70404689256,71.8622798667142,63.7452059626256,116.714948793041,23.660257303504,135.536484227242,65.1907110875157,117.289993113757,112.531110692546,110.808106398398,72.5391468113273,69.1449601175458,38.5001196419814,101.960249383494,102.774031635866,88.780252797692,116.559020720886,66.4646778412463,55.7971732431393,61.7079487238788,139.123894236039,16.1151109307006,61.4886520647612,108.001555118865,156.02849097049,24.763016166868,119.781000235804,112.808125505633,123.058536269999,127.834072215236,117.093436307636,133.894875605751,132.323846138422,151.03763726052,74.3099428816895,114.488420068878,115.052829726073,110.877862334884,165.195127434242,80.2321619979343,47.335933547049,94.8926811072825,158.389009600632,32.9410046356589,84.0273992133577
70.0720360596086,82.4579053554888,122.098699248664,93.6335430460497,80.9032441105843,137.171083325749,125.187687388871,72.8825443718741,1e+20,132.430323863095,119.681921740143,121.110444922236,128.121170187617,117.605452642682,114.347219160366,79.6945595421096,183.32653397,86.8470407165349,95.2497179673074,114.396809170483,121.992256730775,113.489983986392,128.60569923184,80.6850347135155,58.431832675258,82.6207417499468,115.287379459406,114.252387402294,58.0507578767925,117.012313280904,57.4665993772552,102.631198245867,142.110394052979,140.060130039176,72.0699323991924,58.2315374390266,113.398338014105,58.7337777670418,79.0307648963661,75.6109388513276,85.2961416738911,126.176138554596,156.786698417239,143.697668534646,116.961014500233,71.5053120942477,107.954390048988,117.91761095737,123.009095922232,104.396094607524,130.452174476278,96.2501596796215,120.410754181462,71.2974029684635,109.4088574695,120.481990672597,80.8225970161084,68.8391511300852,73.745662675302,61.7774886447545,115.821661054771,71.9684743831313,112.65014152395,119.945048258572,100.032708909641,92.0780242068694,64.1759442696535,71.611322030688,117.614003184018,120.483583276057,78.3375123268024,87.0372216527187,60.7590942411757,114.844212988535,101.866955028099,122.284885615289,74.6474964633065,38.2800699512048,119.047357865928,128.92383519448,80.5079687888365,111.514465507186,157.371731176864,175.362361325,99.7024355711941,103.815352790915,115.990346630513,163.76986909701,109.920300563161,117.926071773663,113.342247593707,108.496057983807,112.9154223037,173.191330039443,91.9036586061596,39.7198562683535,45.0521284705253,135.446493178868,55.4189870084835,50.4572879869528
146.902124812442,148.421634852653,143.040147660849,129.968808069515,166.861846438476,25.3631845486374,25.0670906110236,156.962052586895,132.430323863095,1e+20,118.629475583095,105.692924452116,147.113615228492,46.8704745628381,123.937092387586,152.083108418446,102.574088149403,135.023201040893,93.5186123630948,90.6246583971889,18.0343117608813,64.456574933122,152.092177481179,110.670457366095,141.084003340947,129.096184305965,85.3484314365686,47.3500468428572,123.985214687721,32.749071774117,132.337594757931,151.513942056861,146.939461750824,24.0060994831452,117.06179013831,146.724280876832,188.289594584416,141.799860319308,155.826973586484,141.780310416369,89.4693542290208,25.1779796622773,35.1252610514288,88.453226002166,99.7852980307141,138.01640184595,90.603464433638,125.086351854491,39.3126891201489,114.953302213842,136.070025771517,65.5759921203459,95.9701500588153,131.249187934251,141.667836797482,106.62018050797,116.473438647995,118.365818985931,107.60038861815,148.704141404275,91.548405815359,134.757364602409,85.4663681592401,96.4591224840842,80.5730927547167,132.121141909208,126.135983422695,126.426760871638,134.222164332745,130.533481149384,99.5516069252927,57.7477402962853,116.166634384874,193.03615273479,129.144141405583,43.7739134257756,159.783047195029,140.089812696533,110.532089507995,8.81769713974076,155.91590875106,67.9624920862651,233.424242141571,112.712141378109,37.3898199691181,52.2899576692027,36.3800507644408,268.175915449397,118.692029267497,192.09858205981,91.7544797290913,80.5839082602697,73.8436615021534,267.953278448353,132.473033426172,128.996570267684,123.176302191303,28.6544862994568,150.509564943563,109.541132378596
95.3371741280921,86.9846061705937,34.1111902798418,36.9231876696974,103.210311218897,131.547079106049,109.320084898251,109.158780600695,119.681921740143,118.629475583095,1e+20,20.7448417372055,50.5328193305308,78.4715790788566,47.2762296629805,102.846145698367,110.174021085355,87.4753785835522,83.2649240568969,32.0323464118238,103.919863949875,60.3277184135581,47.3006279789412,107.329788940816,100.187303985152,100.701235914515,36.742132453077,75.7726361368791,88.3213009559291,90.058390733612,94.4099106866373,122.817986808091,40.4148712749776,134.141365809286,72.578148556885,102.589184040401,143.610512370869,90.8358006420122,98.671506641482,88.6899524990008,86.3034250748413,97.9158911786617,134.581692382729,61.638739366278,21.4397954459294,81.0160821533344,35.8982104089453,25.8507001707165,136.591033281739,78.4689656270029,24.2162090169826,80.34874598557,126.407095339562,80.3182597567566,36.6443560925922,96.6944947301451,59.7317350903636,87.8291657704784,104.743937030971,104.210617943313,140.393969183659,73.9599852800437,40.5632453053076,28.3592704925774,107.028703428994,72.2128707452403,64.8826437871177,85.8592473648075,18.4734239100727,25.0818311855259,51.6902962760901,81.5317250220673,65.7845562459733,141.040025734998,73.3650259519798,78.9683913018533,108.026236998271,131.933393309411,14.3320651916251,116.839980208586,98.7147034370186,52.9588548854274,188.147119868995,99.9250735058699,107.258260931881,88.0127664213328,87.96573947182,227.286924448356,130.137958772945,144.770326018389,32.6142172806923,43.8407476085441,48.769352719354,241.088011375542,46.3454533797692,100.4931264719,114.55335036619,132.665192168281,118.911503100339,100.495379131945
99.2687465645314,91.6724927905359,50.3453505045389,36.4678106504431,108.842843473586,118.594972535541,94.8214938727416,112.666630219271,121.110444922236,105.692924452116,20.7448417372055,1e+20,65.2292719987133,65.058457970713,56.2179260478767,106.039993588101,98.3311975295022,89.4018103301021,86.3042074784932,27.4834938714511,91.4559769913198,51.6036012154719,62.7090084656847,110.596542040515,103.060395315174,100.267010212808,25.2357117692725,61.3184773533978,89.1416955222595,78.9476004044665,96.7336495323406,126.151980175923,50.926013609767,121.905622961529,72.3947202232982,105.543476214547,149.945758631844,96.6376813192156,103.074977999032,92.1257352285498,88.572777552646,84.4386807329037,121.585685935957,45.3916165302709,11.6425665870134,84.8032228508079,33.4472234299487,35.7786394039975,127.408007515743,76.4670742361584,36.8232081103924,73.846879882611,123.140870582638,83.4230612301423,50.4440144518162,102.419966156606,62.8437948454324,87.272941152053,107.192075205628,107.163363354123,136.52560716183,77.823570645433,25.1683460832296,16.2388624797811,108.400472280802,74.6838470899304,65.7396263075857,88.4623300373805,35.2529205924288,37.2753575782666,53.2388141787546,76.2294763792058,65.8120435565873,148.323539908315,80.4603088095536,63.890228258592,111.603204308828,133.237941359239,11.097158712774,104.28047479674,102.66818648281,38.7114206919838,194.102864362671,92.6332509064322,101.080425671012,84.8803982733883,77.3754063528473,230.085092078975,131.951258794537,151.299707060085,18.5677734617114,30.9886196208786,32.1816402526244,242.541729282306,50.627874347209,102.634679908761,116.630113898017,120.320459447793,121.231041245236,99.3485508687275
83.7621924693748,77.4416105267427,25.2354769728905,73.2551610928794,86.1623737596523,156.850729782407,132.045461758484,97.4463309186132,128.121170187617,147.113615228492,50.5328193305308,65.2292719987133,1e+20,115.877774842037,37.9945855868403,91.1347851751732,108.423973067106,78.0548634268367,114.794923033776,73.1902009515552,130.939372909325,96.0216127095587,14.5030473420014,124.655473903534,91.0007993406183,98.0740617667569,81.414933568306,109.88731980163,101.073109762513,120.082056298277,88.1175975430053,107.384149689537,22.3229996749327,160.131131147205,82.7114007049166,92.3333894513941,118.028360142822,94.7882767455514,85.142339486696,79.9632395418521,112.820718483649,132.639955733035,168.816383920216,105.3020460066,66.4857708904005,70.1296601455988,73.715648093391,32.585581251995,159.253791526839,73.5060304250446,35.7515336080458,109.299446381667,149.546080635506,72.8192771428058,37.4471221234326,120.799951340339,60.4451450388365,95.0235056535895,127.323145700879,93.5476111706174,151.031733861973,70.9979440368649,82.5710407279343,70.9250512373769,123.349519639649,72.0547917179464,72.5813438935887,78.1015216034217,40.4197753734687,31.3951627155629,64.1720222635296,107.697293948438,78.2624558744791,117.095701519137,55.675872640347,116.161932370404,95.8597784653178,131.79725195899,57.9406023544108,146.685345298503,86.0533195863389,92.5527321169203,163.513274690882,97.3652392531424,128.81193382121,112.917783599514,118.521167161453,219.009584522769,148.651592530968,118.866728970545,74.166432846153,85.1543360872084,83.6591395901177,239.843231218825,63.8221250737817,98.5092505733741,122.34821592404,154.474522077429,109.532576381639,106.95973916285
127.865050918018,123.3010751302,108.209249098001,93.0789562439245,146.891556703722,63.4756165152022,43.6669913702849,139.693242233279,117.605452642682,46.8704745628381,78.4715790788566,65.058457970713,115.877774842037,1e+20,100.848092441538,133.515442303099,103.398098871638,114.807361296186,77.8863434662045,48.9554278757269,36.3844233902631,27.032939262302,118.416293721524,96.4678999218057,124.670319931972,111.882620082733,43.8629774664734,17.2744171588713,94.6337159948646,27.7977788769893,113.753402662302,145.29885543,112.001693905113,67.6892385306358,86.0531134225469,129.33181362181,177.705528559776,118.22880848637,135.935881267566,121.283274515128,73.6650023111657,22.5969508160855,60.3519549948919,59.4375231366516,58.4254379823224,115.46679237208,48.3101506147246,89.7372275778716,76.4878809928867,94.824489052413,98.5344526562339,27.8845187780531,87.8137690139967,109.050950579817,105.510550430029,92.1606550623063,87.8159316300007,95.1336087959474,92.7243542320517,131.728925001791,110.469525527328,107.12398209899,41.6189847903958,56.9610604328421,80.0622023004421,104.935575601699,94.3674231709568,108.611396104711,95.8702839803516,95.2443557456328,67.909854363395,38.1353481172943,83.8209583678259,180.506269457861,111.4349665258,17.0675931861609,140.912051474339,132.5137914551,69.826505768347,45.4564883757116,135.934055268869,28.7979670356841,223.470006431967,110.976319119941,58.5085714053702,48.2472540437301,23.71314685834,251.305206556863,112.427403539212,180.711098912429,50.2475007937307,37.7341778338778,45.1219568353699,251.642670278055,100.794983359639,112.388760506313,111.983572980048,69.4625620246106,137.845473284151,94.7443140503549
59.2953753811108,72.9995137536397,37.7177113605295,64.7591315941114,64.5278356355037,132.035888665681,104.526248139165,71.6908154928881,114.347219160366,123.937092387586,47.2762296629805,56.2179260478767,37.9945855868403,100.848092441538,1e+20,65.4647900107973,83.0083925447315,59.3556686164866,117.000129407636,63.3272321076874,107.808473356621,77.9157079977937,38.0837442108137,130.182476516919,63.6217301960547,71.8099809858479,75.6118466600224,89.4117227878602,87.4255937082043,98.3908805718456,60.4931356961775,84.5900261878682,45.3377450676179,135.122861890228,76.6495856764986,65.8241597714644,100.555406056731,96.1757193847939,61.9852196324294,52.3282943817295,109.641620384582,112.748453319747,148.077278593469,92.7705189549218,56.538189850862,46.2978708788347,62.3906751624301,31.7295585701894,137.330997854531,54.8961560787453,39.4400746373037,93.7926328416718,136.258288716556,44.2487034257374,38.5695595472782,123.733263422534,61.676575476208,77.4132613017673,126.719326175797,67.2732738841947,124.751907626031,67.4968356000219,70.0163360939178,59.1000061314995,104.295472285105,59.7337183129789,66.544820631024,50.4030277470048,40.9000368270007,44.2484480996078,62.0952538035235,92.1300616440909,68.8358273714317,98.4966302003624,34.4254641772561,97.6817330677131,70.4622890347954,107.389581365,49.4530334996067,124.041270009899,60.656594830847,77.7874654078867,145.815299008401,72.2269464712587,107.872518700838,89.5302930083257,99.3209617796435,191.087795268912,137.777171306748,101.708811796559,64.3999834852525,69.4437778888513,61.0056802450605,212.837471527692,61.0596087788685,75.3805876400255,109.952588605908,128.472000562816,82.804376489819,96.6430732383192
34.1075338236449,74.7427960854162,94.2463766479289,93.4495182993513,36.3735229351517,158.771855116385,133.122694570499,33.9685891877074,79.6945595421096,152.083108418446,102.846145698367,106.039993588101,91.1347851751732,133.515442303099,65.4647900107973,1e+20,120.717590056666,64.5887881538947,147.680895014285,107.345645753853,135.636924472282,113.493459561844,94.1103684160493,140.605750817455,36.7879195764099,70.5111974125523,114.26900772871,122.035172353537,81.6109268380325,126.379771523611,33.0941884575838,64.7133926476281,108.362974702618,161.160173176229,82.949404747787,26.0583731792088,57.1712525731975,93.9573733718725,39.6409790476312,26.4039436865102,137.722405552749,143.405588548461,177.695611988863,136.489792936637,104.876201194959,31.5377556425653,103.717358754372,89.81236233065,162.100623652252,71.5942641571024,103.152932571683,120.925815846894,159.868098211167,34.5488435628526,86.1982628085688,154.497694282816,78.3089672740447,78.2282430198253,135.927417976685,34.9843831728174,145.92956881692,71.8663761965066,109.894337111079,105.341580424535,119.836109362503,79.3926878517094,69.9521312398946,42.4420683300451,95.7576387575552,96.5904641541928,87.7324567214688,118.433034689025,71.8549978528208,59.3186028353692,60.133940310204,131.091378264063,29.247027998136,78.3888070197863,101.342368496073,151.905332900372,29.8573329177187,111.918907996089,95.5946924248707,112.753417411666,131.989106633029,113.741076116325,127.738873394763,138.656209505952,151.27073895135,57.3129497576891,107.45161588342,107.151746085682,102.822647289515,157.887547669374,90.5664708564137,49.3499948708192,111.506070781144,154.415767056925,34.5595849112678,102.048958895191
126.071252384999,140.020279555666,116.093113499196,128.488071530034,122.689062500865,104.205529975833,85.4545291041945,131.022708915,183.32653397,102.574088149403,110.174021085355,98.3311975295022,108.423973067106,103.398098871638,83.0083925447315,120.717590056666,1e+20,113.807581091537,173.733677169999,104.134527608416,99.1499486427239,100.458564976749,113.097433738988,186.904792459999,129.424165044914,125.06927535,103.086412767557,98.2485815034837,152.276419265,94.5958474693711,127.290177066428,104.321746022747,107.421600176116,108.180324027449,135.746494484999,125.179044227307,131.129352879116,165.723389124999,127.374849752142,110.367099115,169.618670697718,99.6139775067339,111.261776598916,86.9494663910765,100.886098078306,115.580430674999,111.569549976937,97.6708000236307,130.118008522166,94.6505916753618,107.633753254976,123.032198434999,180.349700176799,113.833217014999,120.085385038472,183.422330273999,123.118104884999,139.444052106818,183.301469242306,127.187752250713,146.085377605837,137.023012102142,103.29804215517,93.7096316659104,157.305735456714,122.02979055682,134.201866149999,115.853220098076,116.865893796964,111.217384042669,125.130409257887,127.121428144999,134.196270499999,134.414418658109,90.3459867528505,92.8030121182133,127.805298891665,173.998359639999,99.9181694248992,106.524068976995,117.709279002111,91.8526180534194,166.423286936029,18.6945776045326,122.833776615927,115.601211693265,107.422559254371,258.514883609,204.458169335713,133.267653523043,103.478260234537,102.078661854454,87.9821350847766,276.107505290384,131.814264384726,145.751635979998,179.626252449999,106.78618812458,134.439076827,153.910440254999
62.9237038189118,27.0308427402235,81.0943581329338,82.4890868951179,54.6619418874598,142.190735378448,120.449943243554,59.261496840131,86.8470407165349,135.023201040893,87.4753785835522,89.4018103301021,78.0548634268367,114.807361296186,59.3556686164866,64.5887881538947,113.807581091537,1e+20,125.589101348645,89.4115402379452,118.863912313116,97.6304248778968,81.825989666473,103.402929092336,59.4043975775939,23.1701813797611,97.0184056970415,106.40086281209,47.9734625659456,108.111291965348,54.4512506654583,87.7707123386695,93.615156934574,143.703873408676,42.5023054263409,50.9527052661315,91.654894921268,56.282297728287,56.6118948029417,50.859175119707,117.7785014033,125.299320156636,159.326001743632,117.342776813984,87.7377547307011,47.6200697478382,87.111979219951,72.8648848426809,144.190725489168,31.1859222874252,88.5023600541132,106.849037834035,136.203951275515,48.6098570127978,76.3006837000947,129.887507216079,45.0144251022195,47.0813855126525,98.0862827960751,51.7268645349975,132.200039500389,29.8145012335231,93.5056091240692,86.5768981004964,108.657931163559,28.0542083941607,35.8743551106063,41.6812144262654,82.0524898472537,80.7555099131339,63.9664498358969,99.5630823541612,42.7749001082458,85.2101666845745,60.6130269097971,114.32609457004,52.8025898600493,88.2718811332304,85.4721896661917,133.887701855372,52.3390758466205,94.2266988709439,128.926635552368,105.609429600102,114.345077092058,97.4787832070711,110.173378838107,165.283347318618,128.365267171577,89.0446509123655,90.8579278261914,92.6946771907316,90.1868237056041,181.009598709586,77.65949011526,58.4538344188742,70.6590927563577,138.997295220185,59.1603675086178,61.0725994245548
123.173261938801,124.236694466739,107.718360357705,80.7716893775043,154.866147665178,96.1169950980517,96.2353865539468,137.759162153922,95.2497179673074,93.5186123630948,83.2649240568969,86.3042074784932,114.794923033776,77.8863434662045,117.000129407636,147.680895014285,173.733677169999,125.589101348645,1e+20,76.2527031853184,87.921415312241,80.0990037626763,119.448416566608,33.0912629708528,119.537040120883,124.783791851127,73.1896639992154,81.8417241259994,105.770341113246,86.4649960424994,124.590059416529,138.770591188096,118.771748884312,101.627662575769,98.0859139273994,138.174418668297,182.353054558964,85.6983237651547,133.994035571386,137.082978654599,25.3787947040573,86.2845344830829,115.558723482008,108.027272085806,80.262160306011,125.872513264184,74.0234881227242,94.1087313448123,67.1199794936205,118.584615180555,101.961356746909,73.7084731461283,75.1496380366734,122.542200663021,104.695087871472,74.7823141955386,88.2664561313382,104.386077673545,36.3329942068867,131.478115239914,67.1245829950027,107.317349746181,77.6657790114156,87.7512296649651,79.1624112877856,117.28873468745,101.263008691398,108.145952773255,94.299910832518,96.7446014808956,75.1235104891663,57.6180471438,92.0603621353894,190.280070373165,112.312186781734,84.8806192086358,149.754665285732,93.7000820262099,85.7258832750518,87.8226728818179,149.316602766607,82.2564182423731,241.044389290237,165.769504524999,68.2952318070073,78.6942846125405,78.7454784177448,246.423939920952,80.3490230574951,192.905183934999,78.1563785569449,77.8709401106942,90.4246915324643,264.541356354999,83.0420414613309,113.147746741628,64.6134116440589,97.6370713969995,139.968496196729,80.1129517352469
101.683916768638,93.2100845165186,60.383256157519,44.2080458214954,113.10974671967,104.184093267446,85.0808408273237,114.472104259548,114.396809170483,90.6246583971889,32.0323464118238,27.4834938714511,73.1902009515552,48.9554278757269,63.3272321076874,107.345645753853,104.134527608416,89.4115402379452,76.2527031853184,1e+20,75.9022722286582,29.707116334844,72.5840226445695,96.5130191734317,104.034488746298,96.4285726752942,23.650615654855,48.3935838608102,82.1936933427052,60.3979994491734,96.2780426969778,126.542517936315,67.9739397053665,106.333138865186,65.3608769743345,106.268329513122,152.737791471696,97.2948370061749,106.565875684779,93.6430857593137,76.6608589975149,69.1682006646909,105.891061267274,38.3276634162068,19.9617892124678,87.0970343894578,12.2018902593902,49.6812227740552,107.041459507888,72.1444269490537,54.3207511687324,50.9981582589907,101.481403058633,84.8871597479508,59.2986948167293,90.2576840790821,60.404256888028,81.6109839580787,92.933130949956,108.282115079729,122.150774563934,78.3322983813681,19.2969862663413,23.3423069380173,92.2915280422312,73.395182640957,65.2786073831151,88.3548519369117,47.4700686463529,49.0352808951211,49.445191764544,54.9091123853316,61.205833660688,151.894901614223,86.8134581235631,51.7138433830792,113.327319848214,128.534423379401,28.8153340648749,88.4241036027461,105.128902022892,30.4869410936271,196.835817492363,94.9925790273381,80.4381529267714,64.1556961256873,57.3199508190745,231.003469177316,117.805316825831,154.307217436919,16.0286735408304,22.3803179821327,29.4564137339982,238.926923017117,60.223332761846,100.49923643582,109.557248132238,105.918182086934,120.299336522036,90.9063801606715
130.496494078226,132.412402916009,127.407403455992,114.415415734521,150.444341760817,35.9270693016465,22.5555621019444,140.541767598062,121.992256730775,18.0343117608813,103.919863949875,91.4559769913198,130.939372909325,36.3844233902631,107.808473356621,135.636924472282,99.1499486427239,118.863912313116,87.921415312241,75.9022722286582,1e+20,50.1012869632671,136.415797294564,104.427458646611,125.171370805742,113.250357124925,71.5954683437741,36.6138926724613,108.074400393015,20.9034193719763,115.804557845404,136.142699796009,131.761757876176,33.5338896396775,101.143757788661,130.237289349375,172.096968410642,128.3470683152,139.318039139783,125.678610334666,83.6947305638348,18.8729265367412,46.2887811616824,81.7104777277152,85.168436616421,121.634890851536,75.9238860412209,109.815642294438,46.6682597799906,98.8328764701883,121.019475701383,51.7080421720621,93.6319502988283,115.032455414313,125.931685887743,102.016696354832,100.505825488113,102.259450217471,101.415368313521,132.269563151666,87.3668116134192,118.88595762407,71.7897248342323,81.8672027469185,66.4610063491057,116.748370588089,110.106142063187,110.220609929342,118.97217481861,115.023332079916,84.2435155409115,46.7160980218756,100.196612016461,176.726047710015,112.704513067464,31.0657458873665,143.318133631821,129.80582281231,95.8598342768107,19.3188203688374,139.70574394735,54.3872392170433,217.313156300827,104.309918086465,34.2375703441101,42.3316574451911,23.1223070782152,252.187576521386,115.914071014344,175.837910726122,77.9431212720334,66.5855972475083,59.6403884913168,251.486974886613,116.886970519184,114.09351439762,114.652312663077,38.8178883843905,134.670466153596,98.3200147209488
110.505783464203,106.575459909607,87.7561048544392,73.4051840354165,125.400395067001,78.8688591442499,62.3596137579601,121.762585844625,113.489983986392,64.456574933122,60.3277184135581,51.6036012154719,96.0216127095587,27.032939262302,77.9157079977937,113.493459561844,100.458564976749,97.6304248778968,80.0990037626763,29.707116334844,50.1012869632671,1e+20,98.2309888054542,97.4892326847172,109.96519541813,98.8966283412489,33.6855899581856,26.2863617949032,82.6503220158531,33.9860531707633,99.8762557855506,128.779393987638,93.7845955371689,80.98649891812,74.2382503548705,111.939499145887,158.307739170696,109.495739368351,117.081166873544,100.719424967007,76.9153838321629,42.4965010000424,78.6128401027038,52.0112015095107,42.6741249807331,95.5847857035974,28.9004573805352,72.3805642704507,83.5712229042748,78.1806262917514,81.2994902055255,30.3860249054679,91.4459770334041,91.6201441354384,85.279391327864,92.9597618421067,71.8452460415335,83.6386297857914,94.4771844031604,114.362157290036,108.487413738686,89.8679326413317,29.9392644296031,43.3139416356282,77.3198022306162,84.9298543385476,77.3815038247307,93.1439344959516,76.4388172321808,75.7058211613006,56.8261163758359,35.4901282597937,69.3434002466405,159.266458443493,95.2981683632573,26.8660770265228,120.732808349275,126.514444669921,54.8543215315523,61.9372754027079,113.880012996188,22.2692569983976,202.641964309538,92.8633439837195,59.4105323123803,47.5732633079329,31.0500174024123,236.369426932849,113.492834664203,160.380564908078,36.0631030978186,23.0317865466206,30.1324582645958,239.374178130711,85.0298973729063,102.68034269691,109.090110562363,81.8249632585451,122.7441703699,89.9283718214725
86.4265513633321,79.5256800707187,18.7070902178972,70.9691405345426,89.3675194806145,162.645244519433,136.98865360807,100.434838399327,128.60569923184,152.092177481179,47.3006279789412,62.7090084656847,14.5030473420014,118.416293721524,38.0837442108137,94.1103684160493,113.097433738988,81.825989666473,119.448416566608,72.5840226445695,136.415797294564,98.2309888054542,1e+20,126.675084681424,93.5659515017832,100.144208572965,80.7587793849274,112.228724258662,101.043864460741,123.807104233749,90.8403859975996,110.993158608838,16.9084001423228,165.540821675225,85.7447375403267,95.1289188641593,121.998465026093,94.8794874867746,87.9930895527465,84.5817132507186,114.182826590766,134.796166344692,171.743091933528,103.676995834407,64.3260570140271,72.5637842320014,74.9801562456333,29.5731077724913,166.620494599081,80.6958547253757,30.843440323174,113.016768909969,153.762346795297,77.1628714276559,31.5868876355478,123.184216552936,64.6332879083729,98.8032025226163,128.725934153805,96.3427010843768,157.002195813504,72.6339121623064,81.8957988830151,68.624478339827,124.069239757864,73.0205064502909,73.5749509104666,80.6298096186902,34.3547121947283,27.7943547801496,68.2261215190121,112.827025408408,79.6724127328,120.962957519284,59.7678253825667,117.472697322519,98.8261880431421,133.591860438955,55.7045057838527,151.266390383442,89.111035849413,93.7734448055515,166.732624167709,101.675849637312,135.196838946274,115.652692984234,123.190387968611,221.476940090347,149.549808675204,122.849473415994,72.8032649624122,84.8130741671848,83.4210606779928,241.331675351299,61.6537379853571,101.303708834591,122.993489206573,160.982671902118,112.294381817884,110.86379119274
