1e+20,42.7354855608,64.7753442314599,66.96353533,14.316904151,141.885337437999,119.561966545999,17.0080315062,45.6336287109999,122.793480432999,64.3018002559998,65.2522033423998,68.9457581529998,89.4050118337002,62.2944626429999,17.1943140278,109.817628416,42.761387161,63.4903302489998,72.6415158749996,119.047106549999,94.6781669449994,69.7262861738,37.8521899489999,24.2198118126,52.4980614126,66.9404478729997,89.4703204639995,52.2281536523001,116.311538303,25.930913756,9.85579718999999,68.7925000709999,144.089856834999,45.116350212,29.8642291408999,11.3322837204,39.3784596266,14.482017119026,10.7177094047,64.097922518,113.640829664999,119.3698526583,73.5762845459999,71.275439359,14.32674699,78.6635896379995,62.1951409025998,122.724130452,39.2134113685999,63.6132888999999,90.9873751739995,49.82617975,13.35338733,66.3543215969999,38.195451108,40.8429979783999,57.2634347624,38.9493860265,20.08691372372,124.753660832,40.109442512,75.5064718299996,70.569604692,116.756218254999,39.132717111,39.038731373,21.3406975501,62.4542337869998,65.730039072,37.483302659,93.560350604,39.0976846945,15.311246521,71.7499476261,98.4653638289994,17.6821417258,29.376279939,65.610009691,127.923401104,9.90178388189,91.5115178827,26.6839201412,95.1370655296,110.471126889999,116.375536715,112.127767002999,29.77373063,41.785478513,18.580799607,71.6161373949996,81.5532323019996,75.7549891919996,44.4363436934999,68.215781045,26.5617734096,41.6322918438,146.137975497299,44.054308375,44.5851930027
42.7354855608,1e+20,71.4563917306599,75.1492157692,48.3224244442,150.845708838799,127.1719449468,48.702715387,59.1024096317999,130.6645571538,72.3036551751999,72.4145896615999,75.2105512721999,94.1310055445,69.7642146221999,44.9728573773999,116.3117928568,13.8396087018,70.4268939081999,78.6141891541998,126.7405788708,101.6120895758,74.8510635796001,29.0053636062,45.2236707333999,24.4506072334,74.0073826122,96.2034687547995,23.8398915871,123.8389159638,45.8469099167999,44.4729666647999,75.1163799101998,153.026185035799,25.5914975728,46.8523855416999,40.484190235,14.473525176,49.2918757716259,41.8769465392999,72.9772943372,120.2839304858,126.4823713991,80.3527050431999,77.9784987582,42.5706397568,85.0659239571997,69.9414004418,130.5835751528,28.5932536711999,71.9239956591998,95.8234279228,35.2000486707999,46.4745032652,73.0435242361999,27.4059476072,29.6182801251999,47.0843199231999,19.8382198071,45.1146227445199,132.2874026928,22.1279567152,82.0805466891998,77.5353023712,123.6059250758,18.8531631864,13.9662710962,45.6304875309,70.6939934861999,72.2463420911999,23.1220940902,100.2186528148,19.1862381285,48.3814699858,75.6875255032999,105.2939320098,46.2684968007999,50.0617093797999,73.6509762102,135.6838232648,42.58481686891,97.8346061914998,46.4085886019999,101.8603487584,117.0713974308,123.5206128158,119.5366536638,47.3649787507999,11.0981230296,45.7379885678,78.1745778741999,87.8977044931996,82.3710194311999,52.8773074942999,74.0122526642,45.9341065903999,11.4011594496,155.329873998099,52.0725124357999,26.6140362035
64.7753442314599,71.4563917306599,1e+20,53.02976608146,68.1699479744598,159.45960536946,133.66565341746,77.6357799376598,107.57809228246,138.00264354446,35.51694065546,47.94221042906,11.02374366154,96.81243000716,13.82324734846,76.2881096662597,122.54729170746,74.8144669244599,40.68438938246,66.83470437646,133.83996702146,101.92570043646,15.79561020874,56.1691965644599,87.2444113240596,91.1998311440598,48.04338309846,94.57785133546,90.8651401037598,130.42228581446,88.7965085074597,65.9137262474599,10.76496873954,161.74925206646,80.6006401634599,92.7848739923596,68.6057250610599,64.9554521788599,69.4574575546338,67.7111094341599,31.20440731346,126.26863461646,134.37290186976,69.6439487474599,64.84482637246,72.4166713794598,75.9938745134599,31.01818582886,138.25184382346,65.37845454406,14.16359677146,98.0913941854599,87.9261334814598,71.5699788994598,8.61543814554,57.07077086346,69.8909766158599,98.1855857138599,66.98417984696,82.5788114951797,139.91612606346,56.2708930994599,69.82335712146,62.79911535946,130.76103008646,64.46316746046,64.36116475246,83.9855583415597,21.80469530446,7.72923446053999,57.9341377544599,102.46976643546,69.3612230171599,75.8282477564599,18.91684714864,108.27895632046,79.9951363172598,92.3554376904597,46.87129892046,143.86622153546,64.8087279895699,98.81451113416,89.8451610926598,104.48104890106,123.41456774146,129.81349138646,125.21550521446,92.5500230414597,70.6890972604599,80.8988949784598,62.45288627646,83.7018445294601,71.95500395946,107.30049658496,14.00079147154,89.4940162610596,69.0994949856599,164.17241894876,106.73083792646,79.1863399741599
66.96353533,75.1492157692,53.02976608146,1e+20,73.2856453729998,124.048291854,95.315452682,72.6158735762,98.6939109209997,100.323385409,21.974533266,13.9862454136,62.0042393629999,52.0170293716999,42.695854133,77.0997213447997,80.432928192,74.599165723,18.366283979,24.752918841,95.7520780859999,60.761314561,56.9358096641999,59.281050829,82.3794594825997,83.6302038025999,13.246479203,52.95836806,83.5917129023,92.1761405590001,84.0727569259998,70.4082843060001,59.4722994009999,126.774633391,76.172727708,87.5296308908997,71.7410641996,69.9126914174001,74.2853445731739,67.5775066327,26.716302632,84.8322090809999,95.2495845342998,20.76035541,16.466171457,75.1250601179998,34.115882918,25.3028137326,100.521619408,63.1706513685999,44.11064953,53.9807132099999,77.350693866,72.4397450579999,54.853568807,66.4507401280001,64.5079908204,82.1750510384,68.1148363315,79.0900274337197,100.552457668,67.513460044,27.333895666,14.477569144,89.970522731,66.0995160250001,70.437145379,80.8001329000997,35.034581377,55.108945722,63.050828779,56.25565878,69.6731912017,73.836032515,60.3859843840999,67.603652405,75.7503860957999,86.1046242289997,11.794288545,105.88005144,64.89752158811,52.6092549787,85.5008099711997,58.9228686456,81.7663545259999,87.5502023309999,85.988991659,85.6217202799997,75.138217719,77.2355946169999,21.055616701,41.100766414,29.560536104,97.5552303234997,51.353401667,84.5757375595997,70.9749672642,129.3352380533,96.2693051449997,71.5480927787001
14.316904151,48.3224244442,68.1699479744598,73.2856453729998,1e+20,147.233419974999,125.530175322999,17.8781052832,43.232877928,128.67131115,70.7123241189996,71.9281009253996,70.8306363159998,94.4233861227,66.9432067259997,13.2077415738,115.223794013,49.971232804,69.8548891319995,79.5701996979995,125.031915707,101.232690221999,70.1758942168,46.9843333259999,23.2093216696,59.1006977296,73.7158805159996,96.3921929209994,58.6346021292999,122.40053218,24.129376873,12.832442091,70.8667805739998,149.211833091999,53.954480949,27.7844545379,15.0966255566,46.5950064376,9.63956471617399,16.7936184297,69.1629579609999,119.035624902,124.6235349953,80.1403612669998,77.1750777019999,12.936587959,85.4855415609995,68.6417396655996,128.633751189,48.5272035035999,68.1409792829999,95.9642322809999,58.719958927,11.086401305,69.1747670399999,44.9332000209999,50.4958749613998,66.7484567394,47.5664294894999,19.35942634072,129.824991969,45.3437286609999,82.3027719529995,77.0265868349999,121.842102172,47.2807048679999,45.133084094,19.8321894871,68.2862926499996,68.7944549349998,46.1228136119999,99.8525707409999,47.8145346626999,15.196635672,71.0718178830999,105.205143025999,17.5692470628,28.336554536,71.7520759539998,132.979934281,15.46867193911,97.8438300636999,24.5563125582,101.5540155466,116.029315167,122.022164452,118.555947099999,28.082541147,47.914687996,18.307837184,78.5077668379995,88.4695998249994,82.6464975949994,41.4099293704999,69.146189216,24.4844082066,48.1702593172,151.252885674299,42.917389452,54.1054234597
141.885337437999,150.845708838799,159.45960536946,124.048291854,147.233419974999,1e+20,36.512629992,135.294570291799,142.309791087,30.953751485,135.759117934,124.2035459604,167.310499611,81.8836415623,151.399551041,148.574615083199,52.156273962,143.666518344999,129.725308707,107.758193773,35.761467148,73.2345671729999,167.6771483182,134.480259464999,142.6847487854,142.6603514454,124.874321731,81.1837117540001,141.5129963457,39.881437635,143.125179582,142.164551561999,166.259210469,9.268615617,133.628014186,145.1774900971,142.871281368399,145.733720290599,144.616407054825,138.594496515299,144.012772506,47.440511653,38.3091110797,109.479111304,113.259319097,146.92969949,99.5178620159999,137.7380933206,30.572905886,126.8367896054,153.835460038,80.091809184,125.984258508,143.571414749999,162.297844495,143.058940585999,124.5472498936,118.5590701556,136.233211022499,142.09943065428,30.036639346,151.266738249999,106.360767608,115.18577953,41.793784103,138.771950968999,148.660222836999,141.501760147899,146.586594445,161.27645357,140.602582854999,76.102593614,136.652134312299,138.442290512999,169.5000521981,66.917411829,139.435074252199,139.677871379,130.028271699,25.524584874,140.172345659889,78.9841284952999,143.6404099168,73.2329382283999,50.542335468,45.456197283,46.911276775,139.785252127999,149.876863168999,140.675706071,111.868678413,91.50592876,103.69129711,141.1033844845,163.357871221,143.1738969884,147.009857143799,10.8769542793,137.512763543,130.6609436753
119.561966545999,127.1719449468,133.66565341746,95.315452682,125.530175322999,36.512629992,1e+20,114.931383799799,124.301476003,10.470043687,107.100400262,94.8171458683999,142.084129799,51.2489869103,124.765556769,127.2709197712,21.91198583,120.149658353,100.827513795,76.752223001,9.06888398400001,39.609379021,143.1591423262,110.578537232999,122.623150653399,120.3823665534,95.300453739,47.947878882,119.7882887737,9.387043903,123.49689019,120.725509949999,140.565035417,39.710182049,110.847692853999,125.8923719651,121.411019516399,122.1725358986,124.006833062825,116.536933743299,117.108683854,17.736638841,13.0136337023,79.444832032,83.804521385,124.913196958,67.678446324,109.3952875486,10.604657046,103.329625633399,127.153022406,48.952448872,104.817633976,121.730245457999,136.409075143,119.600060853999,101.1882542416,98.6135981235997,112.8302574105,121.687547562279,15.910514386,127.649721857999,74.9091392359999,85.8501073979999,14.732098171,114.929789496999,125.317863885,121.381106155899,119.142654953,135.586400738,116.345836563,43.482563462,113.3243443403,117.940836501,145.4638636861,32.769075477,118.593880400199,121.249755718999,101.664358327,19.503729398,117.681294587889,46.9922997233,123.6018230848,40.9199620164,20.587264496,14.504807191,13.670205043,120.718733955999,126.215162777,120.325582598999,81.2973943810001,59.364793668,72.2683586579999,123.9241816145,138.433258629,123.916934396399,122.8179482918,42.8982139113,120.798549601,107.9560688633
17.0080315062,48.702715387,77.6357799376598,72.6158735762,17.8781052832,135.294570291799,114.931383799799,1e+20,34.4245718848,117.710732926799,72.0024455621998,71.1826660085997,81.8551059791998,88.0312748305,74.2884226691998,16.84922399,105.9313205898,46.9775320932,70.8080130751996,75.7723419211996,114.139649223799,93.2022274011994,82.0910562,48.0946297131999,15.0604093624,51.7560543196,73.0055847391996,89.3096877221994,51.2742868001,111.837006176799,16.0619939678,17.4801730962,81.6285785571999,137.398374008799,46.5386729382,19.7297314787,17.0517564766,47.1741630787999,15.005685859026,15.6319089835,73.1626861041999,109.7040269188,114.8410492721,76.4651225501999,74.8915978852,17.1281809782,80.9689908641995,71.0984878887999,117.5441923658,45.3581486135999,75.4425288661998,89.5481790062,48.6182399518,12.8935558182,79.2462395031999,49.0476567542,45.4224286217999,53.7051491162,45.4335713107,11.80578643152,119.443743225799,50.7942707981999,78.4113246961995,74.7513169182,112.1732854088,46.2752581372,48.0966733851999,12.2253821719,73.0951308531998,78.6135834381998,47.7355458431999,91.9651692102,44.7029152004999,8.92332690080001,83.8213363023,96.5765162627994,9.54298027360001,18.1379581328,72.3060433171999,122.298704197799,16.59970974809,90.4760561974999,16.587177863,93.5516447246,106.7807922838,111.8129584088,108.638087216799,18.5401099638,48.2057139772,10.4248904732,75.5679465411995,82.5620683681995,78.4220977181995,32.4689795872999,80.7380255912,16.8010411814,48.0414665919999,139.359579071099,32.1924558287999,46.5408493975
45.6336287109999,59.1024096317999,107.57809228246,98.6939109209997,43.232877928,142.309791087,124.301476003,34.4245718848,1e+20,126.642417722,101.317949587,98.9675929933996,109.897194084,103.0904313953,105.377183794,33.2117025362,116.358866315,59.6897154979999,99.6868907199996,98.5883923659996,123.189817613,107.962782026,108.4553047848,74.6252263379997,23.4598840784,54.2728105183999,99.6369556639997,105.631358947,54.1430106986999,121.715976038,22.342194795,45.8722838749999,109.910893602,144.155023944,61.0629005589999,19.4051624101,42.8420151213999,64.5177173635999,42.456526267826,44.5102479882999,102.369718189,119.554137286,122.9055278673,99.1724802149996,98.1699042899996,38.217209123,101.426697589,101.4547956936,126.267928001,71.4960310383998,105.844972630999,104.254389697,60.1962490209999,38.902685463,108.300918468,72.5686892389997,69.1133075665999,61.4394384025999,66.5085823154999,27.49787856728,127.424833881,69.3352635629998,100.106866921,98.4836594229996,120.8667634,66.5760975619998,63.6994912299999,26.5417046009,103.935532077999,108.019582283,70.5522765679998,107.055590807,65.0455158652999,35.129940186,109.3749824271,110.575916722,30.9484867252,20.03929924,99.4029731819996,129.851345313,46.3975478328899,105.8949207683,21.6888541698,108.2554175014,117.157467861,121.800670128,119.372988268,19.507587469,59.8822683419998,29.819504004,99.3461613659996,101.549685593,99.8732723629996,15.5651727635,107.297261376,21.7185750014,61.7261175167999,146.0579269063,17.646232198,62.0203283482999
122.793480432999,130.6645571538,138.00264354446,100.323385409,128.67131115,30.953751485,10.470043687,117.710732926799,126.642417722,1e+20,111.892971369,99.8019716154,146.266230646,55.8235605573001,129.201599316,130.3170285382,25.616259757,123.6001481,105.741083842,82.021705888,10.386813583,45.071898628,147.2412768732,114.20819422,125.3926140604,123.7806224204,100.287739666,53.342705369,122.8179400807,12.82517911,126.141288517,123.641378136999,144.818043144,34.116692002,114.253664020999,128.4673322521,124.371011583399,125.6260064656,126.867866329825,119.685988130299,121.564710961,21.048524208,14.5992836347,84.671996499,88.640795132,127.941171985,72.999222911,114.1613827556,8.02487362700001,106.8262670804,131.620379133,53.958408179,108.098831923,124.924191364999,140.72532491,123.059944221,104.5462288086,101.3159810066,116.2627467175,124.57437536928,12.353802559,131.149785405,80.2230163029999,90.899998825,17.173546558,118.549526984,128.607229532,124.1314977429,123.70805184,139.843613585,120.14667013,48.873258189,116.6812924473,120.785452608,149.4381713131,38.139233464,121.519444947199,123.864705213999,106.580222334,14.908034071,120.88375925489,52.3305746503,126.3036265518,46.3559603434,24.292277503,18.237387178,18.27993109,123.120898403,129.833150484,123.086133405999,86.430990668,64.776554695,77.578890005,126.0093352155,142.589979476,126.4100441434,126.6405835988,37.2951089843,122.8339906454,111.3117661303
64.3018002559998,72.3036551751999,35.51694065546,21.974533266,70.7123241189996,135.759117934,107.100400262,72.0024455621998,101.317949587,111.892971369,1e+20,16.2495365336,44.3519426569999,67.3738351517,25.035044927,75.4244591907996,95.382088572,72.3377589289999,11.159731507,34.5550789409999,107.356945046,72.364315621,46.9077192042,55.6511071889999,82.6237463685996,83.7520767286,16.169706143,64.27328886,83.2053133082999,103.687589799,84.4439752519996,67.8334701119997,41.6336109749999,138.459083211,74.663904108,88.0930588568996,69.0811174855998,66.7280100833999,71.4344737591737,65.1404089786999,16.547567052,99.449347541,108.4542009743,38.069582132,33.266563677,72.9301793039996,44.290103338,9.66267773339999,112.261604128,61.4738421686,25.780099204,68.75483095,77.435365126,70.7722564039996,37.131389241,61.5381847079999,63.2622066204,85.4606032784,65.0621445914999,78.7847324197196,114.643577048,61.615495864,37.410958666,31.370078604,104.429972111,62.710619385,66.3566902969999,80.5955359260996,17.500008511,37.510692756,58.6683467989999,73.31645038,67.1300691017,72.7005441809997,51.1693769841,79.0740687050001,75.3681728817998,87.2450881549996,16.704123185,119.01474272,61.7932054941098,69.5071756187,85.4247325771996,75.6020802056,96.4499161859999,103.124741431,97.783922659,86.8380996859995,72.4968984849999,76.7598487629996,30.087398541,52.312807414,39.913771764,100.2464503895,41.752475447,84.8372937455997,68.1446812301999,141.0738411933,99.0401913309998,70.9734125587
65.2522033423998,72.4145896615999,47.94221042906,13.9862454136,71.9281009253996,124.2035459604,94.8171458683999,71.1826660085997,98.9675929933996,99.8019716154,16.2495365336,1e+20,57.0692189305998,54.7187259381,37.1886482405999,75.7411794571996,83.2356683984,71.2540858154,12.2218597266,21.9996383274,95.1890320724,59.2997919674,59.3505512377999,53.9222332154,81.8350815949995,81.515920555,8.3284255706,51.0021018064,81.0528317147,91.4787074454,83.3001849183996,68.7306416583996,54.4926351685999,127.0775120974,72.4132481144001,86.8368903832996,70.2606462319996,65.9854153298,72.7449228855736,65.5953174850997,28.2495444656,87.2206078274,96.6979117606999,26.0570919184,21.8195567834,73.7373186703997,31.4874396844,19.1852217602,100.2002995944,58.668687575,38.5048262176,56.0363158964,74.2457034324,70.9731061703996,49.8111591346,60.8371845543999,60.4673079468,80.2326656648,63.5515320778999,77.9769771661195,102.9054257544,63.1392861103999,24.8669888924,20.3162268904,92.5284068174,60.9863860714,66.5403027234,79.7151174724996,29.3961720846,50.0859703096,57.7655151854,60.5428312064,65.4008665680999,72.4748101073996,63.0752110777,66.0763039914,74.6204553081996,85.7621357213994,15.5471587786,107.4384882264,62.7777731205098,56.7304411050999,84.8077105235995,62.908824172,84.3291198724,90.8617230174,85.3471293854,85.2039763323994,72.7155764114,76.3616141293996,18.1549014274,39.0996074604,27.1622758104,97.6244965558996,54.0068444406,83.7109703719996,67.5920315366,129.6342027397,96.5932640173996,68.1531378451
68.9457581529998,75.2105512721999,11.02374366154,62.0042393629999,70.8306363159998,167.310499611,142.084129799,81.8551059791998,109.897194084,146.266230646,44.3519426569999,57.0692189305998,1e+20,105.2693472687,21.33140477,79.0072566277997,130.876096049,79.3438971659998,49.7549958039999,75.9325923779997,142.211188123,110.673621438,12.8211375952,61.4822659059999,90.3615986055997,95.4125987655997,57.1686003199998,103.368275737,95.1499528252998,138.821273256,91.9205916689997,69.8285539889999,7.888685358,169.546655548,85.7275776449997,95.5885166938995,72.5224259425999,69.1421245803999,72.5103221561737,72.4145647556997,39.192954735,134.549025878,142.4421301113,78.5515536089998,73.6959880139998,75.0282972409997,85.0667832549996,39.9973461503999,146.488751365,71.2211669255999,20.811846233,106.614142747,93.3308642429997,74.6062355209998,10.244166956,60.9114519849999,75.8315266373998,103.6082799354,71.9619449284999,85.8188405967197,147.921131865,59.9009895209999,78.8287151829997,71.6988028609998,138.959170048,69.343893782,68.4503495339998,87.3291564230998,29.763401146,9.75150810099999,62.8953156159999,111.167626397,74.2798193786999,79.8583946579998,14.6058335931,116.994617782,83.6078227187997,95.6079973719998,55.5717618019999,151.760343697,69.5279355111098,107.4818415957,92.7697430541996,113.0334700026,131.756909363,138.158595508,133.640270716,95.8641176629997,74.5875688419998,84.6857942599997,71.5353427979998,92.7260558709996,81.0656882609997,110.0010271465,16.243654428,92.4363184425996,73.4856449671998,172.0034119903,110.164476968,84.4586689556998
89.4050118337002,94.1310055445,96.81243000716,52.0170293716999,94.4233861227,81.8836415623,51.2489869103,88.0312748305,103.0904313953,55.8235605573001,67.3738351517,54.7187259381,105.2693472687,1e+20,87.0121955187,96.6147463640998,33.7648257803,88.9007994693001,61.1675569247,36.2403728707,51.3402228543,19.2017278493,102.7434494759,77.3408553826998,95.9791881568998,92.1243585369001,54.9367223287,15.2406857243,91.8101748166,47.9230283273,96.4692119002999,91.6709059257001,103.1787354467,84.5845621193,84.4036883563,99.5652434051998,91.8309796281001,89.4149265883001,94.155427515326,87.705364165,75.7743263036998,38.8149480093,46.7983926626,36.3767643217,38.5377573946999,94.0423409677,27.3004516737,70.4048939783,56.3529337763,73.6158458189,89.0430010556998,9.7234865863,81.2645566343,91.2824662237,99.0713103126999,87.3508970236998,72.8159114567,80.7552166067,83.1095490062,93.70504646802,55.2443602763,93.4515691077001,34.1263565057,42.1190343076999,43.2791789193,82.9337886666999,92.3096528787002,94.2518655243999,80.3404934626999,98.6426232476999,83.2307104986997,17.2721222483,83.6199428381999,90.0090894513,104.6942829558,23.9879892933,90.4050267701001,96.5056211832999,59.0875692766999,59.2884142483,87.67413127759,14.641536707,97.5054408254998,19.3998059739,35.4057351143,45.8870211592999,41.7295005673,95.4044614942998,93.8370560713001,91.8085581113,40.6991114707,20.6302368377,31.6689128877,102.5308699178,97.3885099786996,97.2461443538998,89.5110257935,87.2624380016001,100.0052461793,80.7334254069999
62.2944626429999,69.7642146221999,13.82324734846,42.695854133,66.9432067259997,151.399551041,124.765556769,74.2884226691998,105.377183794,129.201599316,25.035044927,37.1886482405999,21.33140477,87.0121955187,1e+20,74.4153069577996,113.531936799,71.7296525959999,30.146585714,56.2535637679999,124.938369513,92.1639208479999,24.7916423372,53.378960636,84.9568044755996,86.8516493555999,37.33201921,84.554758307,86.5934455152999,121.475732386,86.2813086789996,63.6998686189999,18.694135528,153.756548158,76.1365903149999,90.4846819438995,66.4208391725999,63.4642000703999,67.8586804861737,64.6310659256999,21.981621425,117.282578588,125.6465640813,59.125581399,54.405132644,70.7983524709997,65.621166745,21.2624923404,129.490326535,61.7148799756,9.05259913699999,88.4326644970001,82.4501563529998,69.7261692309997,15.094700234,56.4926157949999,65.4406545073999,92.6306908853998,64.0459102584999,80.2590572667196,131.368481455,55.6628663709999,59.183837933,52.305504131,121.890231478,61.8700653519999,63.0410516639999,81.7624437330997,13.389297038,15.529954749,55.9041380059999,92.8259437669999,66.6012344886999,73.2679808679999,28.8558876171,98.605352412,77.2451117087998,90.0894327619997,36.519665552,135.441159687,61.5735752011099,89.0701563456999,87.6067927441997,94.8868576726001,114.406189793,120.855477718,115.998405706,90.0841368529996,69.3104454319999,78.4037895899997,51.8147346279999,73.472189421,61.5259466309999,105.000761376499,19.95794128,87.1262593525995,66.3559054571998,156.3226274003,103.804199218,74.2280776056999
17.1943140278,44.9728573773999,76.2881096662597,77.0997213447997,13.2077415738,148.574615083199,127.2709197712,16.84922399,33.2117025362,130.3170285382,75.4244591907996,75.7411794571996,79.0072566277997,96.6147463640998,74.4153069577996,1e+20,116.8228875612,46.7337055347999,74.4664751437996,83.0594067897995,126.6148899752,103.585325438799,77.8977713406,50.7790156717998,15.4445669578,52.0871598578,77.5728232077996,98.8970231511995,51.8556280175,124.1563459482,16.1244945812,17.5078813358,78.8769563457996,150.8513671402,51.5619642371999,17.8941738061,17.6372609842,45.3132611953998,13.212003480374,18.8366773221,74.3162301127997,120.6035933302,125.9337901635,83.7745315387997,80.9321718337997,11.2855734038,88.8826481527995,73.8076929173997,130.2318068972,51.3105442971999,75.1475333947996,98.2775083097998,55.7491571551999,11.8607363718,77.1266237317997,48.1940919027998,52.2955593841999,63.5551426075999,47.6653643062999,12.82609080892,131.3638523972,46.7587427067999,85.9182588047995,80.8068403067997,123.4352235002,47.4537974177998,44.2350540457999,14.1090012953,74.3865290817995,76.8816398067997,47.6130571317998,102.0707466538,47.4465946814998,14.4859824602,78.4814131908999,107.3564973142,14.099062973,21.3823974842,75.7886586057997,134.3320839292,18.10635946011,100.1897844685,16.2914046064,103.7755441868,117.7111585952,123.8700589602,120.4734983282,20.3834269352,44.6478718617999,13.9163471122,82.2578299097995,91.4257661447996,86.1151593067996,32.0878231987,76.2724013197999,16.2938874948,45.9062779489998,152.818852222499,33.9365669602,51.1425729064999
109.817628416,116.3117928568,122.54729170746,80.432928192,115.223794013,52.156273962,21.91198583,105.9313205898,116.358866315,25.616259757,95.382088572,83.2356683984,130.876096049,33.7648257803,113.531936799,116.8228875612,1e+20,109.235239343,89.175752905,65.080823771,21.555020494,28.656366291,129.2027078962,100.091033422999,113.1509699574,109.9343979634,83.591864769,36.424451932,109.6310929217,18.615093967,113.9512799,111.63183848,129.124851807,55.103783699,102.244241484,116.5131799211,111.6317515064,111.6292214486,114.022117252826,107.358410153299,103.651775184,10.342670649,19.4072046023,65.1653968619999,67.608170955,114.538442128,55.8437938540001,97.8322447985999,26.389378736,93.4992434833996,115.694669836,31.771079262,96.1555211819999,111.684319588,125.164892493,109.292550384,91.6105715715996,91.6255660144,103.1729846605,111.67139341228,24.880932676,116.596735568,63.014951646,70.8228895879999,14.121590319,104.855144187,114.354830575,111.6228844459,107.526467683,124.333367988,105.868349612999,29.046869032,103.5476919903,108.471891011,130.8284254561,22.305132227,108.6230314902,112.591254721,87.4115160569998,30.382908128,108.180537997889,31.5218251533,114.0439034648,26.7517494264,8.34205692399999,17.401476219,14.176558767,111.735921718,115.621827487,110.495322729,69.601099751,47.755030338,60.439451568,115.8678767375,124.185076859,114.2836099464,111.7267554418,58.3545173413,112.876175719,99.0734547932996
42.761387161,13.8396087018,74.8144669244599,74.599165723,49.971232804,143.666518344999,120.149658353,46.9775320932,59.6897154979999,123.6001481,72.3377589289999,71.2540858154,79.3438971659998,88.9007994693001,71.7296525959999,46.7337055347999,109.235239343,1e+20,69.8287495219999,75.314338128,119.460233177,95.2557949319996,78.9548292468,30.1759776,44.7335484595999,21.2074745796,72.8742790659999,90.3744650369999,19.7469687393,116.87860897,45.5490966829999,44.473759925,78.6504996639999,145.845464061999,17.739298499,47.9001276078999,40.4748061314,15.2229636256,49.544712515426,41.2340343483,74.113171051,113.023642592,119.2212912653,78.1922106589999,76.769564612,43.7676816309999,80.8836130909999,70.3128159156,123.351320819,25.7159716804,73.6091653329998,90.142734135,26.179026797,46.829643133,76.2392570899999,28.663414641,24.3333588754,37.8123930093999,17.7512007795,44.61479227072,124.991995539,24.357731345,78.6280290829999,76.006405565,116.353168642,18.421870464,15.608132802,45.3769165651,71.8703558799999,75.5280040649998,24.09421415,93.776559427,16.0531205455,47.330798248,80.4811129990999,99.0467293359997,45.1789651128,48.9887056459999,73.328863664,128.509282791,42.61692453689,91.8157044903,46.6866461281999,95.4236755206,110.085276017,116.584130562,112.81142261,45.9199077569999,14.50661904,44.792600528,75.4485843079999,82.5361258549999,78.5362421249999,53.9176906604999,77.4873801580001,45.5430352165999,12.1926878588,148.219217884299,51.0616131819998,18.1629427097
63.4903302489998,70.4268939081999,40.68438938246,18.366283979,69.8548891319995,129.725308707,100.827513795,70.8080130751996,99.6868907199996,105.741083842,11.159731507,12.2218597266,49.7549958039999,61.1675569247,30.146585714,74.4664751437996,89.175752905,69.8287495219999,1e+20,28.682143614,101.230435179,65.922408074,51.9873877511999,52.7606890219999,81.4130529815996,81.0236213215999,12.280794022,58.021051553,80.7001140812999,97.464143452,82.9510673449996,66.9582960849997,47.0788358019999,132.449431004,71.5177372609999,86.6063720498996,68.3835892385997,64.3842615964,70.6095737321736,64.0244296916998,21.944236799,93.174986494,102.3986504873,32.934725825,28.17355765,72.0523002969996,38.417077291,13.5504090136,106.105350561,57.8833841216,30.983829371,62.488640603,73.812476119,69.6025558769996,42.4689840879999,58.9589687209999,59.7165699534,81.7760111514,62.1972401644999,77.6291881927195,108.588583961,60.095144697,31.926974959,26.829448937,98.324519124,59.725160298,64.3297342099999,79.2484470990997,22.269154198,42.769812063,56.0922723119999,66.974483893,64.2659666346999,71.5952700139996,56.1596122311,72.625083218,74.1804548147996,85.6738596679995,15.228452592,113.043780713,60.8937180071098,63.2231608917,84.3104533101995,69.3354944386,90.294112779,96.9462573440001,91.472451132,85.2773787389995,70.752662538,75.8045435359996,24.856414154,45.9893455869999,34.226232317,98.5438693624996,46.702619254,83.4549478185995,65.8410114031999,135.0863869263,97.4777020439996,67.4882451716999
72.6415158749996,78.6141891541998,66.83470437646,24.752918841,79.5701996979995,107.758193773,76.752223001,75.7723419211996,98.5883923659996,82.021705888,34.5550789409999,21.9996383274,75.9325923779997,36.2403728707,56.2535637679999,83.0594067897995,65.080823771,75.314338128,28.682143614,1e+20,77.1666164649999,40.17896386,77.7046662051999,59.030854828,85.5307459275995,83.0972235475999,21.871812058,32.023188259,83.3497153873,73.333178538,86.3920054709995,76.5381666509995,73.5039025959998,110.73676185,74.026703507,90.0503088558996,77.0173140445995,72.4360306223999,80.3596807781734,72.0060049376995,47.200206333,69.42989496,79.0942175332999,14.340132271,15.613032664,80.8527976029996,13.791075717,38.0970330876,82.499611167,60.7145016676,57.916481845,37.6229429089999,74.445354385,77.2612171229995,68.8901217419999,68.2022463269999,61.3720288194,77.5806006773999,67.8022435504999,82.8958220187195,85.821572287,73.3752803689999,10.467367765,16.507453697,74.8007549100001,65.804117304,74.6115776159999,83.9459835050995,48.552151632,68.979801357,64.369908598,41.717999959,68.9724752407,77.6014642399995,81.4461867251,46.9882700840001,79.2609897207995,87.9028483939995,30.754782186,90.4760293390001,70.5768123131096,38.1793559377,88.4290844161995,44.1989352646,66.353731205,72.77736603,66.905332158,87.4847964649995,78.941235944,80.7542869219995,10.4232654,20.223138753,10.773586543,97.4239985084995,72.6205287679999,87.2585403245995,73.6459682491999,113.4272561323,95.6470718499995,70.0092732577
119.047106549999,126.7405788708,133.83996702146,95.7520780859999,125.031915707,35.761467148,9.06888398400001,114.139649223799,123.189817613,10.386813583,107.356945046,95.1890320724,142.211188123,51.3402228543,124.938369513,126.6148899752,21.555020494,119.460233177,101.230435179,77.1666164649999,1e+20,40.185295825,143.1719474702,110.246155497,121.8561835974,119.5897972974,95.5895707829999,48.464964366,118.8747494977,9.764260547,122.552339574,120.092241613999,140.669025981,38.869197365,110.212869298,124.9537045091,120.845984260399,121.8203974426,123.184113206825,115.893656827299,117.283886078,17.533760985,12.8901030317,79.922571356,84.201147569,124.328159042,68.082697908,109.6276637126,10.529769442,102.8448059974,127.28835179,49.186980976,103.8859119,121.238342722,136.568554367,119.318434878,100.5062442256,97.3630552175997,112.3254536345,120.93282464628,15.871080522,127.258248162,75.3284854,86.3433667219999,13.807906935,114.499535501,124.828205729,120.5142861799,119.283639357,135.717995542,116.038862846999,44.055739946,112.7041341643,117.139334485,145.5140249901,33.417694161,117.866264824199,120.341820011,101.926162171,19.267722074,117.088199731889,47.4094345673,122.7284146488,41.4452494204,20.43006962,15.409853515,13.947561587,119.80879916,125.818085601,119.544693143,81.7675364449999,59.902092812,72.6933442019999,122.8162360145,138.524565573,122.8748882404,122.4063218358,42.0926966273,119.4609279524,107.1034908073
94.6781669449994,101.6120895758,101.92570043646,60.761314561,101.232690221999,73.2345671729999,39.609379021,93.2022274011994,107.962782026,45.071898628,72.364315621,59.2997919674,110.673621438,19.2017278493,92.1639208479999,103.585325438799,28.656366291,95.2557949319996,65.922408074,40.17896386,40.185295825,1e+20,112.0085184052,83.0457790319998,102.161200275599,98.0710711475997,59.581797358,13.331596741,97.7884553872995,36.161943838,102.604769362999,97.1387718849994,108.645721496,76.40991807,88.7266336749998,105.5370249679,97.7512996093994,95.7030101975996,100.606460327825,92.6765438822993,83.644486973,33.14410196,42.9585636933,43.748084071,49.085306064,101.172655077,30.710446463,75.2005285876,45.670903407,78.1910977403999,94.1797453249999,17.115231951,84.8635632249999,98.0675633169994,104.318125482,92.6653632329994,77.2359844485998,83.5206914573999,87.9956235094997,100.000395640719,50.0141607469999,99.9716967969995,37.651020615,50.603439597,38.60047471,88.4343356759996,99.2154902039994,100.279492945099,85.4550459920001,103.793366517,88.9955110419995,12.991656361,88.3936585812997,95.4668791679994,115.0522799251,11.406228864,96.8542588635994,102.473758747999,67.355960266,55.1529494989999,92.8316370068894,15.0696423623,103.239324484199,13.4200772154,30.112401745,35.85667821,29.468723878,101.180379244999,101.072739956,98.5224229839994,44.76299952,23.196710327,35.237646957,107.028003388499,106.960040368,103.140697046599,96.6592877107995,79.3528921722999,104.70466789,85.3407420596999
69.7262861738,74.8510635796001,15.79561020874,56.9358096641999,70.1758942168,167.6771483182,143.1591423262,82.0910562,108.4553047848,147.2412768732,46.9077192042,59.3505512377999,12.8211375952,102.7434494759,24.7916423372,77.8977713406,129.2027078962,78.9548292468,51.9873877511999,77.7046662051999,143.1719474702,112.0085184052,1e+20,64.1850152331999,89.4431510864,94.3172314064001,59.4448272672,104.9900591642,94.3141313661,139.7682061432,90.7298412498001,70.4513384098001,12.5844598772,169.8191327752,85.7731262458,94.3127368546998,72.8492449034001,69.6364256372,72.399248819774,73.4896099964999,34.0954808322,133.1238162252,141.7106213385,74.1649887941999,69.2662993411999,74.1680111018,86.6672329621999,42.6905307176,147.2946795722,73.1897422528,24.2564686602,104.4903269742,93.3061744838,74.3903647328,14.5336351032,63.2926982658,77.5806696646,103.8245628362,72.9116158893,84.87459955752,147.2597588122,61.0227255102,80.5415757902,67.1403651481999,137.7780441152,70.4909537428,68.7302967348,86.4222538439,32.8598387132,14.4685270482,64.5760801168,108.2558759442,75.1588262695001,80.0581280588,10.9231109603,118.3061684292,83.2133017196001,94.7183362528,50.4118226991999,151.5435535442,70.2551722585101,104.6615225629,91.638039495,110.3629243498,130.3623540702,136.4437816752,134.7938076432,94.6985059038001,74.3067733428001,84.2113543808,73.4788553652,94.2760926182,82.6917706682,108.7179850073,9.8249319572,91.2426105834,73.196036648,172.2232884775,109.0113918688,84.7901163765
37.8521899489999,29.0053636062,56.1691965644599,59.281050829,46.9843333259999,134.480259464999,110.578537232999,48.0946297131999,74.6252263379997,114.20819422,55.6511071889999,53.9222332154,61.4822659059999,77.3408553826998,53.378960636,50.7790156717998,100.091033422999,30.1759776,52.7606890219999,59.030854828,110.246155497,83.0457790319998,64.1850152331999,1e+20,55.5250356395998,49.0805711195999,55.7015550860001,77.0125872109998,47.5005538792999,107.25179811,57.3146822429998,40.6213119829999,61.608883264,136.551077521999,32.964424679,60.6651146878998,38.9450720765999,20.3668864716,47.3743404501738,37.5476327096999,58.7094340809999,104.039406551999,110.4364985853,63.249251259,60.798472952,45.8393681149998,65.164302425,53.0422740555999,114.198788219,14.6698691596,56.620280093,78.8056145409998,38.461022257,46.1557385749998,58.80400533,15.763115839,18.8531520714,47.8420753294,17.3261126625,52.2997172707198,116.188335738999,21.384826809,62.179146963,60.8017206649999,107.473688021999,16.975637028,23.263547804,54.0881344570998,55.0388757599999,57.512258365,13.320739342,83.2813590909996,20.3503424727,47.7553921919998,65.1781905730999,87.2900756559996,49.7712568527998,59.7641668859998,58.431617014,119.515154811,37.3692172691099,80.8304649096998,58.0927735281998,84.5999750765997,100.641906497,107.172263722,102.683203029999,59.4986435769997,28.224457796,50.8755555139998,59.018590808,68.1488696669999,62.531719825,71.7724306604997,62.846714016,57.9785735165998,25.4532398312,138.969458784299,69.9410230019997,30.4864603697
24.2198118126,45.2236707333999,87.2444113240596,82.3794594825997,23.2093216696,142.6847487854,122.623150653399,15.0604093624,23.4598840784,125.3926140604,82.6237463685996,81.8350815949995,90.3615986055997,95.9791881568998,84.9568044755996,15.4445669578,113.1509699574,44.7335484595999,81.4130529815996,85.5307459275995,121.8561835974,102.161200275599,89.4431510864,55.5250356395998,1e+20,45.9461997768,83.3301840855996,98.4102548285995,45.7126987623,119.6817679504,9.3782462494,24.9747463966,90.2006443835997,144.707205822399,47.4179276033999,10.7783875023,21.907069663,46.8599743851999,21.413771209426,23.8214616899,82.8924495105999,116.8323988124,121.2549012457,86.5976017365996,84.4361521315997,18.3397833246,90.7847387905994,81.9191114351996,125.1860637594,53.3711724399998,85.7280977125997,97.5652815945997,49.6503233893998,18.0287625646,88.2082450295997,53.4379156205998,52.3144494481998,55.2451837297999,48.9546659570999,9.79617976648,126.3443555794,51.2586543245999,88.4395305025995,84.5325388845997,118.9670312824,48.8708656035998,47.2655837715999,9.86964003149999,84.0930072595996,87.9928243245997,52.0259107895998,100.8285200706,47.5491948868998,14.7860633476,90.0798032386999,105.3746202896,11.7709702688,12.2548842204,82.2345248835997,129.0831342714,25.42884161449,99.2862321898997,9.29401105859999,102.409139625,114.0071825774,119.6241758624,116.7734419504,10.7995344054,45.7362220035999,10.3405599584,85.5688443675994,92.2541218745995,88.3002118045994,21.3943954009,87.8938216376,9.111637725,46.1736994583999,146.685241104699,21.8850191624,47.7630210038999
52.4980614126,24.4506072334,91.1998311440598,83.6302038025999,59.1006977296,142.6603514454,120.3823665534,51.7560543196,54.2728105183999,123.7806224204,83.7520767286,81.515920555,95.4125987655997,92.1243585369001,86.8516493555999,52.0871598578,109.9343979634,21.2074745796,81.0236213215999,83.0972235475999,119.5897972974,98.0710711475997,94.3172314064001,49.0805711195999,45.9461997768,1e+20,83.3311043255999,94.0015480085998,11.2793087331,117.2918080304,46.0211725533999,54.3349770165999,94.4663591035998,144.9702583024,20.9806008926,46.8365118402999,50.382708463,32.4464030252,57.413483729426,50.6867035699,85.6812797705998,113.6341963524,119.1265428657,85.3317779365999,84.1550734515999,51.3479275646,87.2249773105999,82.2932587552,123.3503457394,42.845452,88.0695287725998,93.2652599985999,23.4893582794,54.3372567245999,92.2813171695998,47.5789393806,37.9855061682,31.3109131898,35.0130282771,47.28059168728,124.7086694594,42.3555292446,85.8037008026,84.0671755045999,116.6247484824,36.3007295036,32.3104722916,47.2578239255,84.8742823195999,91.8570066045999,42.7641106695999,97.0061386685999,32.0804451869,52.7217384943999,96.1084202686998,101.2479539056,48.9301227668,47.6575742644,83.2880559035998,127.8657941314,52.39486233449,95.1872625498999,46.4447940285999,98.4369205229998,110.6281896974,117.0682994224,113.6149199104,44.9249296894,25.4219728836,48.5261962876,83.5042302675999,87.7947389946,85.3493590446,46.6460287008999,92.4921022376,45.7182359049999,26.2616932384,147.103667044699,45.4309637223999,23.8759938699
