1e+20,66.4319411552091,129.173376324297,104.836150701883,24.6816614087744,72.2198400174836,117.616843837935,91.1945486178062,74.5117183187678,121.351752554679,122.226136519525,107.359615011474,123.435876414454,153.492064052461,94.1403996025142,211.911211369817,166.86855402746,76.8551579515244,74.2059382270414,86.5338032977355,58.3277686851192,90.1385291826801,102.762542095938,52.2717028323025,68.5922861828143,81.9101885057083,102.877731788953,116.491669756157,104.677740629661,142.931464927461,209.126835739377,83.2905033427942,92.6211352334116,100.692304365012,71.0522216837865,69.7320553453418,182.711713766465,193.911919329255,102.298410184778,77.3180830082761,62.1499179512569,114.204070033032,200.33611797246,192.82439026746,92.5279004783158,73.1046784724227,94.0593711173117,80.7387655915774,99.4662781231275,240.663894599998,81.7425823184385,108.275144080595,48.1260288263426,22.4491811901351,107.905211249428,123.341698699434,225.148610439999,92.3911852020141,286.712351339997,77.8030732136101,91.250895193719,242.735536664998,115.627409301849,164.57819018746,93.9813402163865,262.479047224998,87.592046369114,87.591587172048,109.584223259122,133.46245769659,58.0444715912228,111.576147657461,65.2678994650506,75.0195878937304,107.700834433296,105.75561500265,86.1441421015459,74.307476504046,73.11829500813,116.534511462481,26.6345140979707,153.35749552746,279.127104697804,195.64174592746,101.692886949723,115.164970592551,91.7803237598077,211.479676579922,57.0902548230097,49.2862361725041,119.188156253169,104.870810944841,100.638682695636,239.193882749161,105.01948104423,69.0527562140321,70.2047139445077,95.0745125956916,72.3719399471406,90.0582213558075
66.4319411552091,1e+20,176.530746769137,137.314687213867,60.1521803999533,105.154664592882,146.995309840525,116.508475226786,114.266537477202,152.270839878154,148.524411191654,139.107853104655,174.511578184064,198.059602205999,149.440049032405,248.644771884126,211.436092180999,109.559433526387,93.9613229944467,99.7654980772569,96.3965129322901,117.180895888506,148.95045410427,71.366754705439,101.196287836209,121.95654418676,131.476225065912,143.826835531444,150.029259534288,187.499003080999,244.008120535394,121.173551497862,145.716615034958,96.3810105834266,104.251190171237,108.454787530467,218.465516901838,238.818105582098,122.369106520405,102.672864848497,86.2088002345269,151.650551402334,244.903656125999,237.391928420999,123.062494523464,101.164629676605,125.626103673403,106.670980116755,113.916724031858,282.074173404998,132.966850749229,133.23399751344,74.7750371345185,55.8968729268501,145.15714071884,86.2903625196607,266.558557204999,119.307430264059,328.139193974257,108.505184455363,108.008468364072,285.154735625395,143.969440124662,209.145728340998,98.3725517762836,303.888993989997,122.110688934783,119.354633803848,143.105816900947,179.561519103956,96.0194670137451,157.455857923425,105.525283141042,107.00668649194,155.635820396105,123.88477595577,114.33718043184,106.04259491941,85.2231555896887,142.281449765415,75.092993890582,197.925033680999,324.705061721181,240.209284080999,124.960014102302,140.349941362663,109.47571146065,244.40742664225,27.1540836556351,86.3600046579102,158.987445697978,135.369191553272,132.434614418398,279.757332509626,163.821859281749,100.660221429029,103.758383851567,116.724095410759,109.249398921352,116.847328090146
129.173376324297,176.530746769137,1e+20,65.4104773087146,124.205436725382,165.983084582701,117.611149703977,179.618920841446,112.483832565738,121.20410292681,226.834339462052,65.912620272788,20.8491671758661,54.7678964716247,37.6379146672093,243.530827155657,63.0597042081766,138.231287424501,149.529485373749,176.350525175253,130.655732491893,87.5694560292609,67.1291874037261,159.348707677004,132.668071919004,121.489376350018,88.481942692806,116.150007288206,109.072810837296,73.7232130424411,248.640731164673,121.75287234579,91.5806087699527,189.096900276691,135.423825783295,112.165428728172,228.44087230764,110.069952370732,201.211804894846,168.881961881047,126.001655853378,100.196692430827,94.0413801481909,72.6796735539206,70.7259483034159,150.074677988071,67.8611991407999,99.6423035403797,149.490242999042,124.899094670494,90.7393655400191,116.9265791808,130.335668471872,124.281861898845,46.7310111963139,251.594660526587,112.731916366003,156.826068965966,157.994990534999,145.732014127662,169.032778587291,129.470345036328,97.4325655007187,40.0170692055602,207.863650995109,137.89991794785,123.047031926816,148.168493096723,51.129115626669,14.8077622729411,112.86904869568,50.8788256362163,120.710480734543,153.861752579952,21.9594359649207,210.217373799143,166.808655060576,139.352473833171,159.908619051866,133.882239038548,104.426732688148,53.1460719252642,242.184414233086,87.3801641035822,134.160188210606,116.410489598537,136.742554941898,261.866140810536,158.169823848101,128.092352188106,60.5279168707433,84.5002363259845,95.0401107922477,251.924300511057,50.7956467934051,138.192138538381,134.816903855748,119.941462922191,119.732965881761,164.441562472004
104.836150701883,137.314687213867,65.4104773087146,1e+20,100.881441599418,149.590344244178,98.958756163151,151.248885971272,102.896404906951,108.224902100468,177.277301560152,7.51328474417978,81.3354312687577,82.4939865371634,62.7779334838511,233.038670550852,95.0126410966777,113.012636870616,95.784516939647,138.648704311981,110.10537645788,49.7924433652237,75.90304749454,131.14249790174,110.614163018963,110.223376574654,27.2128440192735,76.8763143089072,124.459978659647,97.4737235023479,233.20396081127,134.827278997623,90.4990551401279,170.770060531823,120.678368851064,100.174229347462,228.512117643547,162.715876044712,163.543471656374,140.995565845875,74.6045454278738,62.4568197644586,127.904965510631,112.39460096669,19.5816100664056,119.029208045637,19.7773574670114,45.4167846665887,130.637420788154,184.136302162431,71.8636232116515,71.2773134212229,117.001717281165,98.5053559128126,33.4322277673129,203.081457865719,170.839440959848,133.364282286317,206.045990739998,124.379965174064,160.2922585938,189.147351775367,40.8399752404765,83.8235026163043,183.457241389425,186.015906309748,110.109166874398,127.915105115686,21.8108605235031,56.2693784437064,123.979041522525,76.7154131468028,123.728254245773,146.575896242743,58.5384416298202,176.010539947391,142.224392103648,121.532150179458,106.507185237808,103.120347657992,88.6142176989685,81.507754808503,269.128614837611,122.106774062771,104.493982038801,82.5821018113084,110.642171370172,241.819199501053,132.386872940088,125.534694861722,34.8146844380499,32.0887176292123,58.498613778554,250.53035425181,95.5817141044679,114.757025126383,113.608440480826,105.504221809925,112.908423013285,132.421131969717
24.6816614087744,60.1521803999533,124.205436725382,100.881441599418,1e+20,87.1637177392857,114.013702869965,105.792765246524,81.1928165502298,117.978192682296,141.809226600382,103.784409802362,119.770471936103,148.217361941851,94.7959273340078,220.176946938006,161.593851916851,87.2496429196065,83.9494570796591,97.5679684687989,70.7785526671252,85.6712648532564,104.910048283324,66.4463136849347,80.149289954455,88.369478914865,99.221309898455,112.309423708217,98.6202092212457,139.108464048147,218.671390205972,95.325960238806,109.530078042678,100.487996366001,81.4273486797269,77.4230237392823,192.122436627274,188.382749269999,116.613927128458,92.1516369840937,66.5069369885618,109.273442058741,195.061415861851,187.549688156851,88.7841880106945,85.4951722603113,90.0201536670763,77.3203882677669,94.1621879636196,235.383679119998,97.7444520944926,104.101509986846,46.860179600632,26.5211289273123,104.710072884865,128.745173851642,219.868394959999,105.704734188244,281.432135859997,90.0015474224408,102.205273653116,237.455321184999,111.870017524519,159.303488076851,104.027752661149,257.198831744998,97.3974785852339,99.082840300307,106.321105142215,128.459457737554,56.5629102694927,108.571743646364,71.6323384165576,87.7110947776558,102.513235805134,120.947241267061,99.6615533418858,86.3289788841899,81.1010666879809,111.181311217246,22.173914471932,148.082793416851,273.050557219576,190.367043816851,96.4138704738722,110.104846268802,86.9932657578835,222.33443843146,49.3451361120299,59.3681754774145,114.93103313554,100.536181095161,97.3615476873344,244.560269579437,118.163271045674,80.1611264953949,80.48109459789,90.0777234195602,81.3740848331237,103.363788201627
72.2198400174836,105.154664592882,165.983084582701,149.590344244178,87.1637177392857,1e+20,105.554937264439,61.7604996260821,100.681894967371,109.929140445175,90.949406499357,149.493894631321,158.075973688824,165.937231868595,132.512884034042,225.371799091477,175.230365760001,97.4290471038421,80.6195660282105,48.9980566258573,45.2198304339553,110.432384276113,155.896771777306,61.1809741106553,70.1506418140608,115.548277596893,143.220910356445,125.015222409822,128.413722715672,149.679756620997,218.379077660546,65.8098265803913,130.284209825106,54.3082952017812,88.2241515529424,93.5727427173475,184.140411278206,214.43640441533,70.7359031933101,54.2414056459115,86.2184139601789,135.04659611203,207.079311455469,206.614714980349,134.320640105021,65.1550838385411,132.168582555963,123.064851622848,74.1542417251293,251.898914892687,124.974623425658,124.588820327272,71.7909110762625,80.1808910491246,160.384850070654,121.965432247598,233.419757874662,79.928183513107,294.604824581345,67.4393395622645,26.3621681611947,260.164072769918,146.719863074179,178.721945863539,55.31856007,272.444256421726,94.5143094813737,85.7297531771479,158.928360537909,167.588255779728,76.3940357255634,127.041220279451,86.547386601921,68.1459259858962,148.540362875489,64.2193948602921,68.9759090715743,68.3874951875172,70.4768045318893,112.048519780976,82.5924859596768,165.495602798682,300.705719913143,203.467810142309,95.7507784578706,112.956978618791,76.2878387477936,213.678915943968,88.0503204868722,68.4528504452584,160.445375374566,135.82160148896,115.606521396052,262.308840226832,121.549319402585,74.7180146000367,91.6091170487479,75.8782580665862,86.2241749308279,78.4809073402514
117.616843837935,146.995309840525,117.611149703977,98.958756163151,114.013702869965,105.554937264439,1e+20,146.612148051444,106.608994785662,16.6516474143395,190.832671029999,96.4420738168409,124.166459722917,69.5372029648741,110.344140082569,233.456238539535,73.6325804902713,119.202660141339,94.2012057273677,120.343240919999,81.575637700863,75.172101929083,146.51275956994,115.296770575949,110.415130998878,117.049253803272,78.1120335059699,35.0851658600556,123.507833830947,66.6028374124503,233.869237245039,119.336237909881,149.758157845531,107.873062469793,117.828491098801,103.501403360351,215.683388443069,187.714048290571,167.183484649999,136.265324605433,89.8141442581967,38.4376289795656,105.495206528992,106.565980295415,103.497820230945,121.663942242708,93.3356616904901,71.5776879043684,48.7874693656536,198.37131454638,139.79824903221,41.2198156044498,92.3690654512411,107.238705949477,120.230174405125,215.972857168999,197.68006711608,128.270788402934,198.093501009961,120.481734999453,112.615898558059,192.606230542392,68.5625799181578,94.2605251949704,156.357315913157,184.50891535655,108.777737418113,126.03971956535,115.032201660604,107.280956933748,110.330670191114,85.6447106855266,113.324525132982,130.735238138235,111.79827506397,164.460254429999,137.609444271215,116.28190939796,115.05807657,28.6569125588337,100.124915356124,71.7786415514557,276.929485288345,104.329367349672,29.332177534832,33.9760116554049,43.1720707101692,241.904331962727,130.705758586816,113.020601047168,85.1623592756193,72.4106825433685,45.4507587856834,253.803905141355,129.333030279477,115.924359209863,117.271853098133,41.6228626852354,107.900981770065,134.59217098186
91.1945486178062,116.508475226786,179.618920841446,151.248885971272,105.792765246524,61.7604996260821,146.612148051444,1e+20,86.5834754619759,151.5222308059,81.3456268955331,152.748409503232,173.737018698394,202.481562865881,142.746256774376,197.585389559892,215.858052840881,70.5468650332814,90.5725637445532,55.5864720031338,85.1207039785549,129.98255118219,152.180941832619,72.6161714401906,54.7789903718038,95.0631074789663,148.335798712907,152.627810540449,124.495083497069,191.920963740882,186.18630564046,84.308815765882,130.350186975408,90.2372744228942,71.5157609841379,80.6886602263344,169.273880245918,215.706973178676,29.7938303648579,15.9624483370035,90.482979064617,160.322522083148,249.325616785881,241.813889080881,137.123896589956,40.1727008428334,138.763737734698,127.009931250458,118.002655877257,262.619009683646,123.973403587472,145.072852305476,100.196084470901,98.6512947857907,156.480030843084,110.242595418223,257.850260541274,48.2068353450853,311.564823267966,44.991887878315,60.5004058334143,266.317596558822,157.171430111633,213.567689000881,74.2487322719513,284.764947500585,76.7205164481331,50.5770594619466,157.482460321695,183.760624048656,90.2700253245147,160.565646470882,83.1034711843139,42.4261210287161,158.064174301499,69.9101327556645,22.7744491468379,50.5846656894057,74.68752113071,153.807257795622,105.674551517768,202.346994340881,293.980584059997,244.631244740881,135.860988592497,151.52516575648,115.401795028807,177.949629019473,105.406289659149,67.7741861651388,168.667152972632,148.473746765666,135.731629005235,240.183549212842,133.651502391497,53.6655404257944,71.6451848710814,121.590541055817,79.5831568453062,42.1178012373364
74.5117183187678,114.266537477202,112.483832565738,102.896404906951,81.1928165502298,100.681894967371,106.608994785662,86.5834754619759,1e+20,107.889562708539,153.684642428347,105.074111609275,108.197291848915,133.551348437999,83.0592166633982,146.93091764203,146.927838412999,34.2333386515605,90.3292087926603,112.340375196574,76.5246053959672,88.1806840525081,108.469939372145,91.0906352308306,40.4682558140234,26.0034644054218,103.456852122194,112.930164903138,49.0856559380226,122.990749312999,149.014926262085,70.7838874011449,103.13776951415,129.152520641564,32.9307430240425,8.9127210455179,133.401857795081,139.628866163793,112.079733595168,80.2084723191761,73.4488809288074,107.735562684441,180.395402357999,172.883674652999,91.3937865467349,61.4905667600001,91.0861177925499,85.9712349020345,100.382417465841,191.450430646042,96.2367180915007,107.637261739527,70.6520689501282,72.186777277107,105.398608443488,178.470744648373,189.207136657773,60.9919126508041,230.417251819999,43.5075242865291,110.992839172148,186.722404530433,113.994130822216,144.637474572999,137.239509566645,206.394073264556,29.5365458723891,45.417535079117,108.267670389977,116.689138700252,53.1798172433996,93.8238824133536,32.9154880926506,59.8781765924495,91.3974377983692,136.876515805006,68.9105744420068,37.3723152340522,98.3397836199161,115.499146832153,68.3945326774604,133.416779912999,221.865731989998,175.701030312999,102.260474863448,112.919556492776,92.2564712827712,160.11081969894,98.5208804680259,42.381397940517,110.879240866678,102.024889974773,92.6725533620118,169.213626974777,90.9999898967817,38.9798828650002,31.263270900519,91.1896058362067,17.8259643918434,65.8276414876621
121.351752554679,152.270839878154,121.20410292681,108.224902100468,117.978192682296,109.929140445175,16.6516474143395,151.5222308059,107.889562708539,1e+20,198.102151299999,105.520117983153,126.237079679539,74.074249899496,113.703413224961,234.284381389064,72.190814319185,121.995319252893,100.569691359862,127.612721189999,90.8464684761244,85.5572169602103,151.416284113461,118.956779898686,112.814627238643,118.949643479763,88.311183374466,48.8688565577083,123.024175279152,61.6625052619644,235.196948436052,114.682172607221,153.096459223663,108.676869651445,119.544746420543,104.918153703127,214.570073168187,187.286192965886,174.452964919999,140.833707744483,95.7538570946299,48.4611816182798,98.3398808973542,102.015730175654,111.909347415819,125.726973404624,101.906293801966,78.6680767017765,48.0858076803409,195.303845064494,144.171185274873,54.9390958673429,93.9663444305829,110.861121387366,127.931291244314,223.242337438998,198.474127401339,130.875042653035,201.529773229026,122.915055791312,115.565113964999,193.555918484137,80.2270247598814,98.0510368077239,163.521328979999,182.021081086573,109.664750335048,128.174859402438,123.233071168075,111.657758459642,108.027068008951,87.2758473062353,112.847378720316,131.01200680645,115.727385616111,171.729734699999,140.983610084434,118.085083836686,122.32755684,27.1105605239616,103.410622959442,75.0586757268914,275.711360018298,98.1897486505106,31.8219087399786,48.3524230452984,50.4388787699997,243.811936722071,134.543417755895,113.072912483486,92.9823532622834,82.9266932642444,57.5676194172173,254.221273297882,130.247623383005,118.618216701681,119.768514827148,45.025749329891,108.425128117673,138.835660660375
122.226136519525,148.524411191654,226.834339462052,177.277301560152,141.809226600382,90.949406499357,190.832671029999,81.3456268955331,153.684642428347,198.102151299999,1e+20,179.188978912204,220.910683824126,249.448317159998,189.79388542814,278.670103744779,262.824807134998,137.240692129583,102.923798532014,76.1074591672821,121.141671488965,164.774817066042,179.055417579008,102.953170510151,113.684173773472,167.523559105202,170.673421708631,190.216539727538,200.112093165824,238.887718034998,267.308238315548,140.513018559999,152.034989914958,112.618392196433,142.615862842646,144.793264537931,250.358594430804,289.717604259997,59.3799681512062,74.4255186650599,109.499191715189,202.911049009999,296.292371079998,288.780643374997,163.035580303547,95.2502063733603,169.114821461431,148.375726986713,154.355199655002,336.718534109997,142.071195626204,178.732917546868,141.695626310299,131.233304597873,186.480813562555,96.5847044300616,321.203249949998,127.805554885486,382.766990849996,112.009576698081,82.5370373349997,338.790176174997,187.116347105242,260.534443294998,54.1321912073876,358.533686734997,147.254443836215,131.813533966057,180.384281712399,230.781472077682,147.314543404031,207.532400764999,154.697782279999,123.510835213603,205.294030861806,27.9834057511755,103.874197960492,117.658674933164,87.8938214398448,192.758683384799,142.718216953629,249.313748634998,374.585238634911,291.597999034997,174.082637318294,189.180395949564,151.469390984327,259.046963900843,137.867855405134,127.969187591648,209.640237084998,181.897148932442,177.35987819405,321.252808671271,176.533343073227,115.530582018776,135.979960241157,158.196574474452,145.183368273849,109.720025635843
107.359615011474,139.107853104655,65.912620272788,7.51328474417978,103.784409802362,149.493894631321,96.4420738168409,152.748409503232,105.074111609275,105.520117983153,179.188978912204,1e+20,82.069170288779,79.6090681810733,63.2761412103104,235.045362635096,92.0944087315522,113.509095858939,91.5012418813326,136.482062273798,110.443649096572,47.5426812765912,76.0266521798434,128.991676577763,112.047683194474,111.404885733081,25.1349986274289,74.6727252056574,126.70178552902,93.9266328814835,234.701870466044,137.205318189905,90.9055816674119,168.090858064575,121.920257814828,102.200202439525,231.216321582175,164.370644474085,164.236156731992,142.499444142754,75.3788646280948,60.094672969222,124.98466774247,110.488443895705,20.3929098127396,119.858153031803,18.9200795113895,45.3719655889122,127.348213404932,183.160577025314,72.8669409742033,68.9387012879018,114.640061357431,100.779293087591,33.0790013216085,204.739547812519,169.184230066026,133.475858139944,203.755435599998,126.133334858594,160.278099610965,188.73443538297,39.1315822024442,81.783554245569,184.843160047724,184.868228940039,111.483882207756,129.519505004937,22.6634813014815,57.8417648763172,126.115524230025,75.4041797896094,125.791980840469,149.336025284312,59.087535101554,177.87496264994,143.961423243585,123.711756078502,104.051980075007,100.49395901518,91.2688967208734,78.6652027435737,271.388925701293,118.936081274381,101.553480561296,80.5123750409886,107.458328467378,243.063264409555,133.417325598326,128.122723240623,32.3661294057042,30.3554956160426,56.1569422827672,253.088199460384,96.3447845216578,116.172668918545,114.519437252807,102.134841699162,115.348902630443,132.662056881467
123.435876414454,174.511578184064,20.8491671758661,81.3354312687577,119.770471936103,158.075973688824,124.166459722917,173.737018698394,108.197291848915,126.237079679539,220.910683824126,82.069170288779,1e+20,62.9065717849904,31.7177917130897,237.692394508156,70.0248386092848,133.355426707992,147.528714955712,170.128087858922,123.029721095018,90.8266352864131,59.3002219385803,153.231730123128,126.771007157245,118.740320613245,100.032160506194,125.322586297561,106.792792490353,74.393759143258,242.736286121613,112.923613632764,85.8496591539994,183.247943352978,130.114670921007,107.514463530071,221.386253467476,101.533632110788,195.55676628335,162.888078259116,125.896896063703,110.174761084125,100.466040835441,84.6701086813904,73.6923201225524,144.419639376575,75.7486247026352,105.846755676621,147.783141031883,121.883890958059,84.9096050224236,125.109283655115,127.570795985239,124.618757521227,64.2671548846608,245.797136250921,106.094528116062,150.541103615705,163.653289174999,139.82145266937,161.040479578455,127.292245714808,110.111081425377,51.0878945867464,200.522277006001,142.990991916649,116.804104147624,142.228855109109,70.7167903347864,32.8355463026951,105.835860945523,49.0231200637429,114.737676927994,147.132162128134,30.8556528478695,203.402181296067,160.923075334795,133.244630385249,155.590302779446,139.978835358612,104.786410615289,61.5092957413688,238.301037686958,94.923490770937,137.147559019185,125.737825101685,137.092029440537,255.984430750556,157.715273929689,121.631902223894,75.6269050885873,96.9317327788677,103.705359051839,246.875076457606,46.9821761565867,132.527756573541,130.110267658235,120.246962582979,113.614898221043,158.533380217677
153.492064052461,198.059602205999,54.7678964716247,82.4939865371634,148.217361941851,165.937231868595,69.5372029648741,202.481562865881,133.551348437999,74.074249899496,249.448317159998,79.6090681810733,62.9065717849904,1e+20,72.2552181981514,264.664723981665,13.7351144491134,161.333325624999,151.741984779999,178.958887049998,136.130844012992,92.0959190881042,108.345048840268,165.812452585068,155.744900819999,141.90161394,80.1777371801212,71.2176218223446,115.980499185444,31.7252312442232,271.059595576427,127.643412018133,122.723262930023,170.901662279959,153.346157598529,133.773280801579,240.994709610167,129.958112107697,225.799130779999,191.353980152856,145.692198549999,55.2712210565161,46.9030915140812,45.374959715866,93.5150201918194,174.673358209999,84.4689556222951,103.893578135,115.991633820339,136.204710139171,118.937288726845,78.2063499766276,125.438519722684,147.422847856956,88.9649525307004,274.588503298998,134.136651772945,176.245762625567,134.085326441442,168.068881217306,170.441764050941,131.362622572969,70.9061330031007,25.7487619055079,216.866872980159,124.025281733198,143.615155504998,170.746872963076,88.3153500960869,45.111922883432,119.135034503396,43.1786300982148,130.548591784242,168.508752219999,56.0041650825947,223.367473947211,189.317560869999,160.421412606248,173.673722699999,89.6347471201843,127.061447895869,6.44949906159666,247.470569920152,45.7538252873956,94.2081779665333,72.8071881494905,103.703235929894,285.057385572221,176.220294706329,140.666994395764,50.4455009103327,72.5208129520747,72.2858270984784,270.549033990384,82.8581466738194,161.794548824473,156.912801920555,102.665140861208,137.051189155909,188.149321609999
94.1403996025142,149.440049032405,37.6379146672093,62.7779334838511,94.7959273340078,132.512884034042,110.344140082569,142.746256774376,83.0592166633982,113.703413224961,189.79388542814,63.2761412103104,31.7177917130897,72.2552181981514,1e+20,211.225147667995,83.8459141908698,107.58354075565,125.135301375677,143.082925026045,96.2471469224007,73.2790117297041,42.0955333310574,127.56257599079,98.4844846692433,93.6261174312291,81.1582184683742,108.0913637556,93.5134027195512,80.516073168768,215.035757541115,95.756384573637,65.0634607919475,162.961425255681,104.19500525768,81.7998570001757,198.220362724799,121.724349147928,165.23678242,132.048764889058,104.836632152227,93.5000573343319,116.319686019075,102.170681492038,53.0399601942198,115.688798548997,57.1056766126118,86.5113404353883,131.698138324742,147.933495418683,56.9852297879098,106.981357998393,107.094122761502,100.185972584877,44.3872626160637,215.872292211297,132.866416497802,120.985707744862,193.881022049998,110.414914057787,136.292742631582,152.148645224189,91.4898739478783,72.6776784854476,172.744415142997,169.647982379949,89.196946732014,113.575719554146,51.4210746301562,42.3603061206149,90.609441294284,45.4763279673373,94.7869223431691,120.993044453364,24.6343471197232,173.615797648153,130.735370462475,104.556946697818,131.785769445837,124.407748210988,81.4901031246809,71.371921786337,235.101620957909,110.402744091786,120.865451118958,110.050395868681,120.00011630262,227.39343129918,133.339741183774,99.2165464022593,56.9733656667733,78.8618326027482,85.9714441592703,223.498753273218,38.9820903105189,104.818243965832,103.986836076436,106.680858190495,88.9268332770277,129.437211234326
211.911211369817,248.644771884126,243.530827155657,233.038670550852,220.176946938006,225.371799091477,233.456238539535,197.585389559892,146.93091764203,234.284381389064,278.670103744779,235.045362635096,237.692394508156,264.664723981665,211.225147667995,1e+20,278.041213956665,150.25805086307,215.472508320578,235.662833927696,200.422549370593,217.768378087388,236.184167684026,216.166930472123,165.453717130456,147.432631090192,233.314823501989,241.734104893617,160.004456537492,254.104124856666,13.6364903348438,191.60797531177,227.057955644641,254.88219278374,148.748720865142,148.442725193575,62.7007599072518,249.842970421661,227.206064184999,205.193933635609,200.744004104824,238.139986169859,311.508777901665,303.997050196665,221.001348513473,186.794739694999,221.054759605697,215.494468898373,225.960199585476,304.626734495,220.920202816374,236.573747641151,210.009234253134,211.90089963579,235.776931302701,303.456205964806,316.90719223696,156.062701122483,346.161198622254,167.035973449999,231.83451210204,302.857972455476,243.624672753873,275.750850116665,262.456559026297,316.793006891987,133.106057156853,147.025468737713,238.440337763129,247.67291845156,180.206697792483,223.221775171513,153.18028686,166.722601004742,222.409556447452,262.039987584519,175.069490654999,161.109189635129,223.173197497023,244.730930210814,208.946217353339,264.530155456665,97.0624432311975,306.814405856665,230.85161001752,242.104689990859,218.983523567845,36.6469252912363,234.94785370334,168.409008837754,241.439987055507,232.019841248804,220.896178858342,42.6522328099998,214.277423945977,164.284055799999,153.051745765483,218.696143084886,141.830451382847,173.2045288907
166.86855402746,211.436092180999,63.0597042081766,95.0126410966777,161.593851916851,175.230365760001,73.6325804902713,215.858052840881,146.927838412999,72.190814319185,262.824807134998,92.0944087315522,70.0248386092848,13.7351144491134,83.8459141908698,278.041213956665,1e+20,174.709815599999,165.118474754999,192.335377024998,147.338519002085,105.260850368664,119.016005434611,178.917592216895,169.121390794999,155.278103915,93.5118756861326,79.3070841969409,126.362002234231,28.9839302571694,284.436085551427,135.419938853772,134.181848565167,174.587460453166,166.694591273529,147.149770776579,254.306396000789,129.75589665617,239.175620754999,204.730470127856,159.068688524999,60.4027617863614,33.4718075371474,39.6487617347108,106.158313005772,188.049848184999,97.3062320410862,117.270068109999,116.460968148738,130.471214727029,130.939079309658,90.9680881932757,137.8977932818,160.799337831955,100.465615063194,287.964993273998,133.374244449702,189.556446401817,130.610869666685,181.445371192306,180.898527259814,126.378476115554,84.0659850889109,29.9561422353313,228.490929261133,114.974428681432,156.991645479998,184.123362938076,100.098603893378,54.3369145622495,128.182366182087,55.2924063699997,143.438461079999,181.885242194999,67.1395834022888,236.452390534998,202.694050844999,173.797902581248,187.050212674998,88.3304924377108,140.437937870869,13.8498831761259,254.126458055926,32.6792521070032,95.7094065906084,83.5478540047727,115.283998845753,298.433875547221,189.596784681329,153.959332181199,62.7923526353972,85.6544603818572,85.6748304348276,283.925523965384,93.6968219122433,175.171038799473,170.289291895555,111.152230837251,150.427679130908,201.525811584999
76.8551579515244,109.559433526387,138.231287424501,113.012636870616,87.2496429196065,97.4290471038421,119.202660141339,70.5468650332814,34.2333386515605,121.995319252893,137.240692129583,113.509095858939,133.355426707992,161.333325624999,107.58354075565,150.25805086307,174.709815599999,1e+20,74.025546869935,102.619191665646,81.5370738829976,97.1829899978372,118.534143395225,77.9768751138677,33.3198496270697,32.7789219749999,109.388668682987,121.877214149735,66.626290902639,150.7727265,145.527064841584,84.5618481599362,109.436875559648,125.720031710704,24.6592313942547,31.82855063986,137.566045442152,155.813851910807,92.662752245187,67.5120665925395,66.2848275301538,122.387116566808,208.177379545,200.665651839999,99.4997453240826,46.8319232712157,101.112888765999,87.491054268612,103.739070404293,208.572825731261,101.337847091533,114.078355268319,71.4602913863277,72.8563706434056,113.619896014414,159.616708549522,214.097872599814,45.9716642626301,248.166663005,38.6482857927758,111.880312685247,205.37229936646,121.209368574629,172.419451759999,130.983143911311,224.042443543569,30.9213562447621,35.5976582899692,116.134432608677,141.946154580645,69.3951099395647,120.506491153254,42.2550772457572,60.6962183190494,116.699506632655,127.272193093272,53.4914841432178,35.4219320968262,83.0809168152237,124.978547989642,76.3056240373247,161.1987571,241.302093089533,203.483007499999,109.458074182642,122.800129787841,96.2222606437319,149.729595533257,95.2844099747785,52.8663874622088,126.44309371363,112.106128911538,103.116404834251,188.071024710834,113.124643269305,26.9167019417969,9.09825552047135,100.467922927174,30.1811779051448,41.0288281549064
74.2059382270414,93.9613229944467,149.529485373749,95.784516939647,83.9494570796591,80.6195660282105,94.2012057273677,90.5725637445532,90.3292087926603,100.569691359862,102.923798532014,91.5012418813326,147.528714955712,151.741984779999,125.135301375677,215.472508320578,165.118474754999,74.025546869935,1e+20,59.5160248337738,71.5110189261941,75.0960400084592,127.8590562334,65.1682975832502,64.9023301108567,102.612119244892,74.5994649058164,89.6768234836659,136.45264122739,141.181385654999,205.529739636357,110.250272594404,113.887967695791,93.1513241509315,84.5036541428345,81.5193499603208,200.688329011605,225.2414872752,93.7311215827238,80.8465255000637,25.9318584859798,105.20471663,198.586038699999,191.074310994999,85.7305000182443,60.3922186788936,86.4910379680437,56.2864948952264,64.8077693391402,262.185636795386,98.5841702232297,77.1160411980026,66.5664327775429,59.7036320742415,115.092286342255,123.910962421327,244.047970143244,82.3552083289377,285.060658469997,75.3693756463853,99.0574582902291,264.098849913235,86.5584395062846,162.828110914998,113.492709752947,264.96558588285,84.4039511452023,83.6447757245066,103.864757636615,144.81500623709,102.418372946577,130.611387513235,100.12934557334,103.757777708471,138.080021063172,107.426539740355,87.0141338665514,76.9319823187621,29.7226859999855,92.9495283496188,75.5269493376155,151.607416254999,311.128443414284,193.891666654999,74.6769021244933,89.8211402133549,56.8906454755682,202.578056971484,76.699954647134,90.3734231880729,112.291843234523,84.6142901534856,79.4588782649994,257.897375035586,131.710772235338,67.3140883604693,75.0432060998177,72.614405214,86.7613945757665,72.7323086512318
86.5338032977355,99.7654980772569,176.350525175253,138.648704311981,97.5679684687989,48.9980566258573,120.343240919999,55.5864720031338,112.340375196574,127.612721189999,76.1074591672821,136.482062273798,170.128087858922,178.958887049998,143.082925026045,235.662833927696,192.335377024998,102.619191665646,59.5160248337738,1e+20,66.2614239141033,98.0811368748549,159.096632370263,43.6362047574261,75.9481045611058,127.100181149253,126.694754940016,115.794124189514,154.158568406822,168.398287924998,226.025356907497,96.2974970118252,136.687659825133,46.363819621865,100.0295217745,104.263942890021,204.709087974551,242.947414454632,55.8049413660904,47.1668166305036,72.3308821919509,132.614658813714,225.802940969998,218.392729077083,123.78044346776,62.6604161107544,120.123541829148,108.280943269426,83.1013078256997,279.317258731402,127.428328453942,106.097922207463,69.2508143476893,83.2085564415969,154.699855230995,96.8609257696954,260.659575544712,84.9918337642129,312.277560739996,72.3062934134928,48.776240224856,288.67508280922,126.507529061907,190.045013184998,56.8484196126612,292.182488152849,103.464236066111,92.2708988193952,150.284789939652,174.760357453173,100.493565042306,149.201056600412,107.985708228013,80.199450465629,160.655287320862,54.953016329961,66.0576630854215,76.3098225065468,40.8543461155018,118.278528236395,95.6559691455448,178.824318524998,328.834370593715,221.108568924998,99.631424342588,114.124851660712,78.5009515346846,219.254751143252,84.4066522064452,82.769652194656,150.665088122247,119.442710641032,106.85018333622,276.52996845406,139.577863627225,79.7181978161613,99.6675335888139,87.7597162184556,100.748800747356,75.8735393458794
58.3277686851192,96.3965129322901,130.655732491893,110.10537645788,70.7785526671252,45.2198304339553,81.575637700863,85.1207039785549,76.5246053959672,90.8464684761244,121.141671488965,110.443649096572,123.029721095018,136.130844012992,96.2471469224007,200.422549370593,147.338519002085,81.5370738829976,71.5110189261941,66.2614239141033,1e+20,70.9889577032199,118.663179576613,74.2624562594368,65.0251809431367,89.9463034144269,104.806167234107,88.5598061388244,103.641309571661,122.904303874499,197.012516934232,68.4291253397259,95.4611663267551,77.4360305083636,79.5176670764637,71.3903036660101,174.662374784892,182.999889034045,98.3584403642866,75.7688897146433,64.1065036237526,99.7045069301445,180.352371960785,177.993262376345,94.524652370561,69.0663519596484,92.8164378763328,84.6754249492174,71.9087343810178,220.790508053151,88.0139810279055,86.8782514559572,74.5799052276124,70.2129724896402,121.35073515241,143.628189488525,205.219835789499,79.8625877227802,266.783576689497,70.5205647445748,65.3131430854871,228.727557388633,108.786218287271,148.166484934079,81.5135132978501,242.550272574498,72.2488311391814,80.396337280939,119.620200629376,132.492158893807,75.0138552006766,93.7127084366934,78.3303127917266,80.7166820494786,113.039596128134,94.1865283218401,82.1226663359796,68.6628443521195,68.2728884541863,78.0519220034264,67.10108977438,136.036472295619,268.89876613786,176.163278754231,66.3233578856698,74.0706722967333,57.5502672821693,199.588325910436,86.0824944148642,70.9919171821442,123.858643487204,97.1834494476758,77.4405130024119,230.527213557735,90.2429490928693,70.6606071525822,79.2854382071719,63.6071243322082,71.2014742295078,81.6995128496411
90.1385291826801,117.180895888506,87.5694560292609,49.7924433652237,85.6712648532564,110.432384276113,75.172101929083,129.98255118219,88.1806840525081,85.5572169602103,164.774817066042,47.5426812765912,90.8266352864131,92.0959190881042,73.2790117297041,217.768378087388,105.260850368664,97.1829899978372,75.0960400084592,98.0811368748549,70.9889577032199,1e+20,97.4875290581805,102.876101559789,93.0932695983153,95.6401912136061,42.2120411876423,45.3769373270881,111.332159423991,92.6027225523189,217.469380873525,117.550598247968,106.793115965804,128.929544287292,101.264274492026,85.1673715526626,208.893687896306,165.089269300166,143.033757985717,119.665257830411,60.1214614734376,50.3085330917748,138.692864854453,132.501869591419,38.4531068754037,101.271942370445,31.21386323895,46.0682306819565,95.1877231100057,191.320434361038,91.5358539889477,38.2580155377561,88.2117041939584,81.8572880146088,67.8441046149089,183.040819863935,173.851597193519,112.731308848945,225.135967089998,105.336354014176,127.521257521811,200.867498504171,41.3729507951555,103.554079611587,143.978406198091,205.04089450285,93.6486694904463,110.045303368234,61.9562331421406,86.6107669981278,106.462752513736,70.2136609791626,104.329365057807,123.795676527557,76.339712026233,138.822157059753,121.98105234436,102.269215763425,82.8683717665499,70.1299455436177,73.9043371725897,91.9057757432428,261.760347817617,133.966975274999,68.2762414807292,52.3392426359799,74.3660466131557,225.266527496111,108.614902380056,104.384342549116,66.5885103388521,30.783269352945,33.7411681136402,237.056979895715,100.688677856905,97.4294063454462,96.7682793087136,68.7513067998882,94.5410948251064,114.147211272804
102.762542095938,148.95045410427,67.1291874037261,75.90304749454,104.910048283324,155.896771777306,146.51275956994,152.180941832619,108.469939372145,151.416284113461,179.055417579008,76.0266521798434,59.3002219385803,108.345048840268,42.0955333310574,236.184167684026,119.016005434611,118.534143395225,127.8590562334,159.096632370263,118.663179576613,97.4875290581805,1e+20,147.492139344305,114.321077918435,119.179744963459,91.2625305623535,135.237377740903,128.420738863356,117.559292149625,236.43044507859,124.676419626128,28.9109053740233,191.645426339694,129.119481880569,105.842757522084,226.904751159754,148.716816507915,160.553963729913,143.041625765751,112.651043958378,120.517019266165,151.000881775325,135.456601180007,66.7609202117223,119.436716084575,74.3941559771787,89.5379500686367,164.489049115217,176.777604379998,39.9903687670285,129.85638623696,138.611233242739,116.983669965915,48.2684178997938,207.066611439696,161.645661610273,138.341723319717,222.826061119997,126.54581933456,162.66143481424,178.849246444998,108.781718313965,104.884866075889,190.756594951112,198.592757004998,113.700876879598,131.006990418312,58.1597297757764,74.928125560244,124.226192393571,81.7216801826896,127.241167705904,146.005398005036,56.3687905204056,183.225123660519,144.147595820664,124.374793434589,139.270378367489,155.405372581945,102.571849757481,107.312536039981,267.85794232956,145.065344771624,151.038433545257,140.703920550519,150.382885789927,244.45546312033,153.087938739354,128.384614025972,76.0407473632509,99.5820834562922,113.72488414806,253.92514985363,58.9643546602523,118.412035355205,121.104412214161,142.121408764928,116.937152796442,133.35129776091
