1e+20,5.77962009128633,89.545689570567,73.164409117792,3.43884500437411,67.5425971357915,94.6988837068744,20.0829944743109,18.7038012041429,98.2813094565168,76.3840972488558,80.0487328549158,90.2068619974393,91.5871470928527,84.0212764457492,153.764803009626,95.1015957612174,24.6054423641875,82.6986525761558,76.3615520809442,65.7902614630535,71.618365305355,92.1517764191639,11.420740153764,11.3298068706996,30.3095191913131,85.9962761327756,95.7738589692913,40.1624408376109,88.183784602129,153.822293896336,26.4338426969435,91.9213648590667,81.8014184458265,25.5077874360089,14.5945536822205,126.777044919673,122.495944054426,18.8678881305457,10.2939542297968,77.7150095925768,90.3214839868395,123.987653322108,124.186910658292,75.043657297524,12.1008493178961,72.90551884563,83.7110377718128,90.0883913602394,197.112410771878,82.2242424478196,92.0579049409212,17.6127961751145,3.2710078047576,92.1283703719592,4.21875879472542,186.117011036838,32.8309523899725,324.804240694516,17.4091813060091,66.5585030665672,196.859144515205,93.3290157518355,88.2071256304718,62.5371775634756,234.18722056117,41.5165577910791,28.8517175021929,83.4135754942977,91.2142404186614,20.5351240311189,78.6276456871737,24.6731393563219,26.2728330147062,91.3386102758725,65.6169081908569,23.6742323343827,16.4219495917334,76.2054908010711,98.7436266660053,3.26502678867842,90.6796117196781,193.379458742905,121.370480104015,91.314992078957,90.2964098886918,83.7871160805002,154.944126233753,5.83158128133408,15.1750224558327,86.5950785161154,78.9411139233256,84.3441274418256,175.87166846075,106.873182733284,13.7398448024845,21.9164384290122,77.4540758271683,19.0943552503837,29.1023063046667
5.77962009128633,1e+20,166.934006916369,139.477043519627,7.26081937137512,117.827171339971,127.546705566465,15.7781089722925,13.4757348406981,131.121709846295,148.148477517552,145.664235806751,165.79928155798,130.503674801525,160.787306256273,142.053576782273,130.130438305144,7.87085143097955,144.015924280804,134.913611697786,119.42807257418,127.40806264639,171.670254426975,6.586667996105,11.0069706603719,9.18953888294404,147.002825113572,132.139929379433,23.2969308184865,124.233690258071,144.33152332652,38.1616142557116,171.422755812573,122.258244883046,9.8678437818548,13.2254093855146,116.702230011347,129.676206044705,19.3696288872316,10.242611197645,150.635561745537,122.916426560001,157.191450468865,168.700962390463,142.251635519377,17.160899652774,135.855273465916,153.791231006554,127.50214363172,222.123822197667,157.854072530602,131.266408049409,10.9246694637885,5.55750976353373,173.058999897469,4.85739529485593,220.036469485106,20.800574625599,327.82576121714,13.2687146053899,119.365337127929,219.878456379516,138.905139967201,136.900787780891,116.091073653288,250.963724411325,43.6379034454656,21.6559971701402,157.80424262701,167.469417741975,25.1530207571117,136.517780951533,18.5081648865125,21.9774220049726,171.769469331289,124.480538919175,18.8419507111312,13.2447799668549,142.574964885329,130.531502184221,7.07949183994959,131.395952732169,174.903966374447,157.793657729615,126.52208824658,123.771265329743,122.504849943384,144.191681393712,6.36408741908791,15.2733837887499,138.693918888968,130.115697880236,133.934447184561,158.285615872627,185.801138820641,11.4096750872135,6.76803481932697,120.155470620988,12.4119918517749,17.74654319177
89.545689570567,166.934006916369,1e+20,10.7785438017424,116.146424889308,18.08408688523,44.120630769577,169.944090854237,285.147396840183,50.0546216656612,4.17379483096366,9.92481622981681,3.08997561576524,33.6817601598993,3.38485005134414,401.967794004931,41.9433106567604,283.177001599851,14.4402497224031,13.4520677275201,13.8042493610594,12.4759260738244,10.5007394336537,98.4636053583302,243.37506306028,302.06845174481,19.0436179912491,40.1949745319102,286.078799596339,38.1456628541743,395.084323600051,155.35551418223,4.09569157509656,35.5314673045659,261.546712712397,276.254915163026,342.841945963141,205.2470283349,161.042126273425,165.009856498633,4.57097167454017,42.0850586168631,72.6761301638621,60.1368481180175,5.84143891638959,236.635565305126,7.69136627448178,11.5948576685448,39.8062630726376,165.443180546624,4.55344986201666,34.5781980275667,136.111913457574,97.4253789213219,5.36080541114321,115.186160428468,153.136690280482,218.215851899236,199.556350089516,234.779075964959,14.6858736136779,161.313982585611,28.6372818626678,27.4290676990802,12.4650909317036,166.46729831381,261.024377067743,256.167255028803,4.12520025899528,8.83281880942405,219.503046435047,20.632357230347,246.610843295788,216.894572436517,12.1493265581173,8.84905570951863,216.189335588812,233.221083185932,7.43641535368967,51.5004248756758,99.935302172088,32.7790954917105,421.072707243226,67.5339958930182,40.509653752965,40.3892397456301,32.4082198554765,388.397884205731,151.233608276226,228.366122203524,22.9708189490759,21.2143350307473,23.9043794937994,438.466805005816,20.7175680276146,258.292933352781,276.157026828418,26.741094850182,256.856972646269,227.510495511681
73.164409117792,139.477043519627,10.7785438017424,1e+20,99.7236929870198,35.4014352883407,51.7258557914328,151.107480746365,290.083850765367,58.8706956641638,11.4862198461998,8.93148225768806,7.61077880711763,36.7219996605315,7.36267479693808,390.181204304611,50.2332292488123,259.319189387869,18.6898837458281,15.1127128256785,27.5546093425431,19.6948556920995,31.6417385368341,79.5142711433616,220.580084156774,296.770649763196,16.802756010799,47.3809488561109,347.523878592718,51.9552050604889,376.52869881777,155.124755142502,24.2135160746301,54.6713206872349,240.539840302975,273.200175193394,343.623551904354,263.52013119363,153.459487433215,143.81126581632,7.43985025752139,49.9132970413708,83.3774724685008,56.3506321882974,6.66767321299647,217.857494135132,9.26883983717905,13.9010358118446,54.4785003753743,223.113884313073,16.7489181909274,34.1005484190302,111.058699651711,78.9802494344057,16.9577995889439,95.9027213720135,211.243075545681,194.297053008755,243.708296724516,213.94479795247,29.111338561272,214.361660837253,26.0098589764112,26.5175547432013,28.221629450894,214.321490395009,239.22403642335,233.891459608285,10.4678313660994,6.00340650140459,253.214261060505,28.2546177366938,261.195584567434,207.55941109349,20.7027871128631,19.2518532336007,193.710647764599,210.584070218089,8.49259157260096,61.1162078233779,81.7897196709141,35.7987598957697,478.627160699953,75.9107382835869,53.0756570972824,47.0763048195184,41.2185566430319,364.818167105487,128.438548823927,232.180652979544,17.9588710878945,24.3551579922222,27.4964412173084,440.722466302487,24.2170392584317,241.431362138532,254.773194535416,42.9412991687529,245.555558911462,206.061703946314
3.43884500437411,7.26081937137512,116.146424889308,99.7236929870198,1e+20,80.1152005069317,114.804263266186,21.2353685067759,19.3640853246746,117.700146387501,95.538156199097,107.023486768243,113.078058304618,115.203737238901,105.861399392186,156.13674447873,116.761058307481,26.288106917992,106.826810757251,96.2083303377767,79.3271495072827,89.5281250094071,114.456217499684,14.4716916409245,12.5759495182524,31.4662654074869,113.092416154656,118.259416479941,39.9595215989021,106.995510508792,157.057517830561,27.1548440128552,116.128092549463,95.6128484714745,26.6733073486744,15.4564548591688,126.980143502729,122.700872355862,19.8243500166733,11.3399339932017,102.85541111687,110.949164587369,144.741239756919,150.59483072035,94.9101941662045,13.3667393336388,92.949159934022,110.383966897718,107.567806868904,198.968139987058,103.222299367233,115.377243283672,20.9640269963245,4.90226531247851,116.034482754733,4.58758343207192,188.272010079696,35.0903571015774,333.51069114,18.3542152688748,80.0338732131235,197.894298116245,119.303257501574,113.827851446398,74.9643234204959,231.907721319352,47.5760477290598,30.1450993793381,108.585061298578,123.355321904017,20.3260403458082,94.2302157300792,24.8339457586619,26.201642060104,112.868023607504,80.01568721106,24.5413876473606,17.3580457261049,99.0128978422885,117.65450178247,3.74480309164373,114.392275071155,193.423365675848,143.010173737222,110.503124019244,110.351195329713,102.896939856683,157.840575877075,7.030604440358,15.0519148018932,113.159935034904,102.866858360933,108.209048783193,177.482155946573,129.594519288906,14.6216095976757,23.2289941428904,92.7967716724988,19.7956374612693,31.7883738139097
67.5425971357915,117.827171339971,18.08408688523,35.4014352883407,80.1152005069317,1e+20,6.74536955402451,139.802805511811,245.54802717954,5.14395392622564,35.6508139906319,33.5592504328228,19.0890886497598,5.48671818059482,19.4813081331518,354.624143741505,5.3097302487436,226.225208354445,36.9356209047721,21.3041691131341,6.97159602980785,24.1672605949694,46.5095945209506,64.7025791808347,193.154005119857,250.16815015629,37.1848054777445,17.4117668881954,267.319874417474,6.10274868548685,344.067148240897,104.852663512401,45.0411526892872,5.761312004648,201.039554257088,232.937853486338,295.132999367395,367.028426960054,140.858905208779,130.262820737668,36.5914763609566,13.5550790632338,18.3527131586155,26.3221365582377,35.1760346806303,192.464418914502,29.4233269338597,41.5850872041962,2.95161225481127,341.615754861353,41.3304166436623,23.6861800330188,74.5601750677891,70.9563885943282,39.5764945798529,97.5404497127245,321.532274350557,170.859426195323,292.652431912443,186.286162367511,2.6334929572236,326.158642909653,29.7898781335549,12.7533441343807,10.2474211011231,332.501758399026,206.542575536994,206.835118397123,40.2540690279781,19.0514210589382,178.662849926499,16.0122096943622,199.84996505392,166.652535666208,23.4306874495323,16.7618693721512,172.872166457448,183.174350549641,34.7599315129778,8.90950443795397,69.3705796292291,7.59675435726513,432.07907003157,23.0023685541209,9.73564959885022,13.5618964304223,6.83847828681327,337.176385531548,99.2474422475235,179.243628485859,22.9826623688424,25.6519363612151,18.2428434973812,397.365592560573,35.914892056651,208.738546613985,218.283602645029,4.28633964683117,204.604637426142,186.806777712684
94.6988837068744,127.546705566465,44.120630769577,51.7258557914328,114.804263266186,6.74536955402451,1e+20,165.8504825372,282.056774577507,8.63344725955484,52.1812055927707,45.4811628554939,48.9944859944293,6.26302117194334,39.6857527624791,386.815258002645,5.02980917644964,239.556061409771,46.1626593712075,28.1457384307823,11.6631647397728,26.021734648288,75.6467699084472,66.7329469281105,220.650221198236,262.878101103664,50.3346205357436,7.53072561653034,296.22552974103,8.20503820006663,373.092018744427,132.172665449324,67.8503803762011,12.9451136744848,209.810193521629,265.250856390878,331.246425129674,298.770882369097,174.512571530838,153.067368235401,53.8855019811017,8.55478775002494,33.266646348446,31.9570271576153,48.2032305874641,226.294999745408,40.4665376647788,63.2433766533159,6.68566163220586,246.91698518666,61.942748790403,21.6570979498325,79.849500551672,95.1239570985864,66.3829377623679,107.7938981297,226.296323148634,176.1725932558,200.786946452808,219.552598892247,4.87003819807904,246.786070776458,34.066115954737,18.9678541990277,13.2526417655866,233.751186197196,225.841534120021,236.000108802738,59.4358581363256,43.4509819741205,204.734735626369,19.9089768854559,220.785145251974,200.777288973546,54.6404077244577,20.4920117477888,203.562968922443,212.736983409855,44.5062982820799,10.8130744807118,98.3059032177791,8.20122581169372,464.905885932159,32.806162607294,4.73885053262353,5.86236367866253,5.24002548682405,366.019268682201,115.140900541647,208.186514070842,30.0892609571441,31.8533738199505,27.4478159543588,430.263049262046,57.4217438874093,243.277903203833,231.675474694757,6.59019969998254,229.494803630136,202.9735902105
20.0829944743109,15.7781089722925,169.944090854237,151.107480746365,21.2353685067759,139.802805511811,165.8504825372,1e+20,9.63560819824396,169.160908032682,154.23477262566,157.147189966953,171.010711890637,165.356694740405,164.357961274164,101.05428071191,167.53326416802,9.1167182316909,160.069945203878,151.592653260416,139.919702611577,146.661372416022,177.976676232713,17.6818769124567,16.7651524975267,7.44841490755202,162.251224773356,168.930407038901,16.4116522975773,159.674846830354,101.05979928953,31.5881917904953,178.325143354195,155.022366196201,9.28890849018072,12.3338133696661,87.3283796740036,121.404919627036,5.49220260555201,10.0268829196222,156.085287744583,164.993106938466,195.751606582611,199.198895655935,153.175134737477,15.5393035557864,149.606666704847,161.216747756504,161.49322587076,220.442254375778,164.550319471045,166.055735165361,22.0012259116618,18.1213392898841,173.326399836239,14.5159231618584,223.421158252689,7.78332943395231,312.529830809067,9.36965356426037,139.072222473839,215.094092851545,168.548562252935,162.584793572626,135.395529834721,248.991570211502,11.9825809627137,3.39506847405787,163.32131490635,169.884695600783,26.7124998448325,153.152950715183,13.1976460980248,7.16902939716652,171.055858522844,139.628557472359,3.41281625949637,8.9833813236265,152.851841906059,171.106813255015,18.2560756331372,164.468190637707,135.843463231778,194.013130819035,163.185207127092,161.576904832957,156.033845879285,106.186232274142,18.5497381888818,19.7907424129718,162.110956033897,153.062245317957,158.42988644789,117.739773936144,187.281997261739,11.4996767363025,10.7758665700707,149.10057462792,11.4965008671613,8.52663261393471
18.7038012041429,13.4757348406981,285.147396840183,290.083850765367,19.3640853246746,245.54802717954,282.056774577507,9.63560819824396,1e+20,282.610044870707,300.275318108449,302.543612839613,278.564670251254,297.081460003382,311.059135783451,129.89138166064,289.625867504724,14.6144868966763,306.088787824621,287.681349762717,251.808814561284,272.168642530602,329.639762363271,14.6689104713472,9.683242435294,20.7175867291357,308.491467122095,296.03792502808,28.4660445859404,272.632476906117,129.416804931321,17.9544316725464,330.524223893257,257.650016808695,20.9442174964021,3.72220484539351,107.141383257201,98.566093548475,10.6391683855439,3.03630799954223,304.331936045849,282.170280227447,312.808598102911,329.545874421336,293.391168528331,7.82910645834491,284.911256897889,312.022998736793,272.594843741768,170.961903698199,317.621122842065,298.023920737676,19.6789432488607,14.4488021401851,333.369363874419,9.79171129217691,164.755845155296,27.5376038102843,234.553517124516,4.10322694565382,251.518665658586,159.878756732183,309.733494151378,290.154986251368,248.022584144747,196.131152983166,12.0646657203107,12.5705365440732,314.553101811784,294.580682071365,16.6961665999612,277.519287275445,9.37467468178802,13.0463487942015,298.867599709343,262.442281323734,11.2482597704498,2.76505492606849,296.358567869953,283.150555068134,13.9519409267697,296.260068269158,165.818739394628,316.503108305501,277.255422626877,276.756686376217,274.13913339735,133.079826118555,11.5329908582479,11.0843066927079,304.168599921526,285.464818067052,292.880855731256,153.718491818088,249.782454289252,3.91428940827497,14.8778399018065,254.92620962747,5.39426304523048,24.0104090321556
98.2813094565168,131.121709846295,50.0546216656612,58.8706956641638,117.700146387501,5.14395392622564,8.63344725955484,169.160908032682,282.610044870707,1e+20,58.0742653973301,52.2672684886567,54.016693611697,10.9223809886334,44.5084239777256,388.002297825793,6.54819853538418,241.890740120808,53.0525550302686,36.0947331173626,16.4649800498986,33.2170774958967,80.6982249168673,71.4157235281555,222.688824675297,264.395327541732,56.668421924215,15.7210312250778,295.416784709557,7.80828100999021,374.707969466362,133.098600687657,73.2220650620536,9.22757576246451,208.947823479109,266.172733668202,332.079362111214,301.511328758497,178.12756375573,156.406226072256,61.7954226469998,19.6653953737498,28.5417566861495,29.8193298113508,54.7792911244462,228.536488965901,46.2962759815238,69.2534698755015,3.29103901649518,250.367017215329,67.8027410660231,27.7601280103562,78.3720764817773,98.6711428218464,67.6424096950229,112.973606015381,226.742552382881,175.375216173467,204.420726719286,221.550040390267,4.04777624870148,250.133254334785,39.9853599846048,26.7341219910007,18.7679333119017,237.209538519657,227.950726310134,238.049521828383,64.8177665339939,47.2031626363683,204.506702445251,24.938695620233,221.549962566298,202.160794286939,60.7647918602931,26.9753822127326,206.051753847769,214.696660251282,51.3398781885387,7.42098945840156,101.475750877988,13.8806605417369,463.692487659073,29.4975116669784,7.5557718522466,11.0534076845238,10.9368709653048,367.935858490031,117.913167530222,208.967119687127,36.9097173282707,38.5233395315133,34.6133898815292,430.860455621404,62.4080112961104,244.909832474341,233.849180650488,5.2392337756871,230.842761225995,206.244832663127
76.3840972488558,148.148477517552,4.17379483096366,11.4862198461998,95.538156199097,35.6508139906319,52.1812055927707,154.23477262566,300.275318108449,58.0742653973301,1e+20,7.286522835708,5.39679414423948,33.9657700741415,4.91690122744387,400.536907621675,47.4785335890979,268.961927394775,7.57330458739517,14.6373366659106,30.8561769485932,22.9624054741218,15.1556419867984,81.644693197863,228.96822066766,308.922541289466,10.599276148668,43.6982467995029,367.838771228809,48.9567068060383,384.885405023819,162.825504643126,15.7122768160234,53.9852527436986,251.575266165593,284.787911933284,354.494770497823,456.63169501408,143.168973639261,147.980063534162,2.8212585383587,49.047828437501,81.001580323098,55.6099476175438,9.24051391132902,218.32692106731,12.9796217029874,8.28581110105931,52.6316564804145,433.77247279432,10.6800787056093,34.6302131187919,120.694659781918,83.0240375463207,8.74491066252594,97.979454320197,415.895164153696,199.282683469677,411.272220264516,217.561962497728,29.1356520362174,412.368115403864,24.7094193367638,24.4549439451217,28.5386070191227,424.231844311698,247.098182979277,241.915969004785,7.05595007384905,5.24218672485254,269.991365491848,30.2214460566629,277.332600548778,218.028119506101,6.48307829251088,19.553749093774,198.237512932131,219.317363569473,5.6327065253038,62.660544201646,85.257793672923,32.8030131428262,535.921185714734,73.5625589254873,52.4444968640271,48.9220962602286,40.4813529222098,372.862957383549,138.985209857553,248.657315913057,17.1094564315672,21.8346474758582,24.0980520555784,456.612997381382,22.3388429264473,246.013179117613,264.727872547104,45.158807108484,260.741779915865,210.022850508264
80.0487328549158,145.664235806751,9.92481622981681,8.93148225768806,107.023486768243,33.5592504328228,45.4811628554939,157.147189966953,302.543612839613,52.2672684886567,7.286522835708,1e+20,13.1918866108966,26.9873321342136,7.24070973566498,400.903513763818,40.61726763323,267.203611032341,7.1797381433145,11.1476694225707,25.9501432994539,15.3572931917002,30.9828678600354,80.6815053881609,228.707781611916,305.894545373761,6.41229377119996,35.4967607692459,348.977594038022,43.1671987276509,384.53195439661,159.485779518314,21.5650892144179,49.6082711264423,248.483223396319,284.20985115816,354.605411743922,262.47371451981,158.205718966772,148.774039649669,6.40244237925137,41.340623215933,74.1314975040175,48.316839503137,3.79004177873881,225.794209304253,6.53725322431218,10.9823587926829,46.8788296198514,220.503631268511,13.6036895680301,26.7203950317691,113.794931232193,83.6971879562995,17.2166666064803,98.7854483208173,207.817992061825,198.899073110127,225.561408854516,222.886781571728,27.4871602230543,214.55039330046,15.6065728530857,16.7982889378616,27.796389148796,214.643209120894,245.884362482192,242.701801340084,7.93064442416083,9.45509057326439,263.13247003921,26.7844447984304,270.572361089293,217.988997608914,25.2991216433797,18.4533494290169,202.456777906168,219.548637705134,2.96443479302885,53.8606811680779,88.673538870834,25.7527118533169,477.590699816453,66.4068777269539,44.4659836561817,41.5950830069617,33.9395055057389,373.271138511287,135.43967367947,242.409417711818,9.05682464726362,12.5721423045025,16.2402852860505,452.691223042396,25.7199520022794,251.073997238667,262.652285878721,37.4540689104084,254.780342651674,209.971240681286
90.2068619974393,165.79928155798,3.08997561576524,7.61077880711763,113.078058304618,19.0890886497598,48.9944859944293,171.010711890637,278.564670251254,54.016693611697,5.39679414423948,13.1918866108966,1e+20,38.9380828520576,3.94949080109887,396.226915129069,47.2005180958917,279.534733524574,17.7211186067167,16.0850458941756,14.654209912498,16.2366311570875,6.75192115527001,100.814172668336,240.354014761864,295.319369810476,17.8737684684789,45.3461696212791,277.521912819261,42.5531143963291,390.67208471596,151.660504944568,4.30176498844277,38.1332872935237,257.253054953754,270.011697288919,337.80856089567,196.267473027664,159.335298276676,165.94536736245,4.70487870630605,46.6743668451095,78.0677552014766,58.5958956930605,8.5462953633705,233.773249396055,11.4420254043829,9.46029910070744,43.9609577499569,172.329405692411,4.73861642971792,39.1461684221576,137.028438578135,99.4406941454937,5.96872878052613,115.441559608739,155.546472087641,219.492280177557,200.760755689516,232.012687931045,16.0314792687624,176.582578198153,34.6445358835708,27.281436911335,13.4678134752352,191.645958556893,257.41910892631,253.11941455996,6.46002689806368,5.57772373191732,213.303520743704,20.2818808867056,240.817293158758,213.082674243011,8.06574070664201,10.3477903440893,214.538832387505,230.308621274212,10.997063190466,55.6697553465142,101.046886644612,37.9694956826869,412.277628530597,73.0560586122355,44.8664864958641,45.3468293839643,35.9330856118176,384.837516499215,149.64672618598,222.956918664931,26.0929265918091,24.5270153578297,26.842052462851,431.230862685102,21.3884139089609,254.002993420561,271.740539031794,31.0423128544454,251.649380856329,228.789730921627
91.5871470928527,130.503674801525,33.6817601598993,36.7219996605315,115.203737238901,5.48671818059482,6.26302117194334,165.356694740405,297.081460003382,10.9223809886334,33.9657700741415,26.9873321342136,38.9380828520576,1e+20,28.8078318634874,398.309717561729,4.77064038744457,248.171643358044,28.3164817324847,12.0119843993033,6.11659695215875,9.58383012875722,59.6443264720456,67.5689560458874,228.039170270544,279.147994140152,33.7569047148422,3.5279140700894,296.295504790582,7.66908050350208,382.512410282156,137.233417771959,51.16994366862,12.8352290749454,224.234218705397,278.868317572594,343.948120240505,227.934913495594,171.06124214058,153.185644599732,36.3323207520979,4.76391785341501,34.5154575210954,29.9448449684626,29.1973432786785,231.190555591647,21.2529466018191,45.4089874022176,9.65328577438171,177.379301852451,44.1067376878261,3.87513010688019,88.0094998361426,93.0020784406221,46.5440809625707,100.715370655244,160.242336336732,182.894858089004,133.624442581025,225.965086064548,3.76951474363369,179.990386147686,11.8040370233496,11.2210391675719,7.55681442723355,167.698298742384,233.949617513158,243.358390744988,40.9065531482609,33.3070649588577,215.574242014603,14.0755231781441,235.192198446118,210.838218538602,46.1716447463794,6.82587592511734,207.459903831482,220.018507351728,24.0338657135628,13.6580047452173,97.7995886831411,4.05247259518625,437.719592909342,32.8529654756682,6.79015219713946,5.5783703644662,3.17785819794475,373.642425769111,121.396468455432,222.896160454922,17.5283032558719,12.6067341875678,17.7120516081951,445.462403970638,47.8849685376764,252.190576187172,241.519011341711,7.40282759900444,241.648520909286,204.700379757576
84.0212764457492,160.787306256273,3.38485005134414,7.36267479693808,105.861399392186,19.4813081331518,39.6857527624791,164.357961274164,311.059135783451,44.5084239777256,4.91690122744387,7.24070973566498,3.94949080109887,28.8078318634874,1e+20,415.993269329894,37.7770796167306,283.436531619117,11.0156074160981,11.5389230441534,14.1285227953614,11.1829988289951,8.3231963427199,91.5514779771626,242.981049083779,324.016175014536,12.6252562009781,35.2025119548704,308.803051983917,35.6113241077654,399.580466356987,152.584901975265,8.99761608332937,35.990469081,266.713956891396,297.713000462312,359.263460395215,221.43771580303,152.750478064634,158.682250424569,3.736913842383,37.0988945775486,69.1615340620011,55.1382379985658,4.98802287252017,231.025799096352,6.70458001204002,8.85303073314435,37.7197484963326,192.790516150885,5.43351479330113,28.6100284998658,127.578025724648,91.4643339510816,6.68533574418798,108.072842577075,175.536116288882,210.747936309617,226.869946364516,231.274927887101,15.2436247190033,197.014547334724,23.8379554256955,21.9232779663435,13.4747562026451,217.104800993102,261.316736008763,255.778643845798,5.8021753021816,5.1743156679108,246.895586685445,20.8005709503454,270.292276624351,223.312052477423,8.32280541862502,9.95052553463468,210.736661655641,232.479400352397,5.73314571633561,47.2357242839802,93.8900732966192,27.7663618021584,437.540339890997,63.7475099385245,37.5212978048355,35.3987223724759,28.2073337483769,386.565948172309,153.6161730943,247.564834523658,16.7527762772442,15.4585559769148,19.4468062925291,463.975301489753,21.5423884090484,261.050711889677,280.337567640529,26.1915072760124,271.573409310501,220.675301645731
153.764803009626,142.053576782273,401.967794004931,390.181204304611,156.13674447873,354.624143741505,386.815258002645,101.05428071191,129.89138166064,388.002297825793,400.536907621675,400.903513763818,396.226915129069,398.309717561729,415.993269329894,1e+20,392.949733916104,127.422916519252,404.50462042888,389.401205360584,359.80288006362,376.476833725691,434.7410319791,141.692868381803,138.802077184616,122.439914024891,405.814318429942,398.320701703421,128.59895238665,378.331715929407,5.32011673543816,145.313459144378,435.809921731343,364.92523263486,125.21218610798,132.315561720119,11.8738244158942,209.546257947794,101.710234455801,131.619574190754,403.265725782765,388.02447930531,417.211932955231,406.286713075038,394.596011866897,133.131938882441,387.020552316065,409.44145278212,379.035394327828,286.524329901113,416.614046440186,399.223910276507,143.074408391348,149.869497271283,429.791937721167,144.295236910875,293.540151144215,108.947307066629,351.067858451183,129.73218522611,359.287874878285,283.089518480808,408.375130189555,397.581295276363,356.404030604319,311.097334240052,123.235300826611,99.7800430626009,413.354677958533,406.253258765676,152.96973492801,382.789891642019,129.71178683728,102.330182860279,412.775939625421,368.242512864897,97.0177325143243,128.443034405419,395.990460606137,389.094776864922,149.930686000744,397.572452026016,18.7736251948638,419.422951061996,382.734844451156,381.600415262078,379.041044701655,6.54427504553457,151.383918635288,145.497812616545,402.4703657713,386.342626937622,393.433348988095,5.65668979461413,386.435612394027,133.262685206338,131.383536193194,362.883290922305,133.313800929907,119.438927109093
95.1015957612174,130.130438305144,41.9433106567604,50.2332292488123,116.761058307481,5.3097302487436,5.02980917644964,167.53326416802,289.625867504724,6.54819853538418,47.4785335890979,40.61726763323,47.2005180958917,4.77064038744457,37.7770796167306,392.949733916104,1e+20,244.484615616357,42.5642883418037,22.1940846489081,11.1486899296951,20.2808564687863,71.7263110908862,65.485281119839,225.242968038284,269.795240134937,47.5225260920969,5.79365929877216,292.434580123817,3.17374544285244,378.43407690009,134.540530247876,63.3505136753067,11.526852912308,214.16250311433,272.131503408703,337.603747953091,226.861589346384,175.594307333685,154.84783675618,50.6606969166401,4.82257254803764,32.021276495657,25.2336573357561,43.2719130779528,230.298407892659,35.0807168673107,56.0201330373792,9.2515360341049,176.543942314316,57.0543576061614,16.3417516109717,82.0651691768659,95.9182804367754,59.385209178211,107.093674562787,154.236851996962,177.865916133173,129.835347724762,223.856438333859,3.94824081270726,171.172761526731,26.3917617581186,14.7665498637841,12.6533900030304,162.547643256359,230.473792519733,240.595932579676,54.24494380818,41.867611644085,209.760320654603,19.1073985808148,228.225307678838,206.095513434276,54.8988776235216,15.5377462659009,206.920814304545,217.216677005681,38.1497831032957,9.94310531778593,99.5958295555773,3.89835617203673,424.729332385948,26.7467244704853,3.10808555565621,6.23520664989616,5.45534077928181,370.770283686442,118.751164169648,215.237391312924,28.8503299244841,26.7401467557863,26.4980934852389,437.705502179541,56.5454896950876,248.652179951321,236.9591411567,7.53276149093827,235.533511598685,205.424814893882
24.6054423641875,7.87085143097955,283.177001599851,259.319189387869,26.288106917992,226.225208354445,239.556061409771,9.1167182316909,14.6144868966763,241.890740120808,268.961927394775,267.203611032341,279.534733524574,248.171643358044,283.436531619117,127.422916519252,244.484615616357,1e+20,266.27009295978,253.590442668146,231.527116711,244.358505272635,295.07094023762,8.66903903304281,16.8214490155778,7.37100206672384,267.649869687461,248.509574771979,21.5036071204363,234.903264762644,126.023731243751,38.5455472881317,295.506099478998,232.194259221536,11.2801662057824,19.8686572813234,109.857080685516,104.471117967227,10.0517901421682,12.2272971383113,271.835791167248,237.622275070924,269.607732625673,288.827155955764,263.322040935296,20.2529641399249,255.587095598349,275.077683361598,237.540780317038,181.098902307685,280.924917124339,249.178998838782,10.9927619324716,20.8036790835586,295.383632175402,13.0197804632805,179.030394728809,20.388265014721,249.05041986775,12.1120038145653,230.428036851533,175.443659754573,259.340091266292,255.570781266,229.477391282328,203.247491322457,11.5864276423649,13.0677639000445,280.126205880491,285.375952945761,25.4161458548791,252.695296010874,13.536330695977,16.7025281735241,291.168082598452,239.708426714647,11.7203576314462,11.5459183669838,263.168221508507,243.309733620536,21.9474002094875,249.051816973581,167.678676662021,272.407061007301,238.072823978911,235.442750681438,235.437620572483,129.414630370309,18.6480538144539,21.5791192154,258.985631750337,248.527775436537,251.960735654284,147.587234735301,288.992134544061,17.9436339287637,5.76173722916747,228.656468465149,15.8132289795596,9.33457776069877
82.6986525761558,144.015924280804,14.4402497224031,18.6898837458281,106.826810757251,36.9356209047721,46.1626593712075,160.069945203878,306.088787824621,53.0525550302686,7.57330458739517,7.1797381433145,17.7211186067167,28.3164817324847,11.0156074160981,404.50462042888,42.5642883418037,266.27009295978,1e+20,11.4682622141703,30.1215873047671,19.9812283481028,30.8267265656643,78.521550853797,231.526029982345,305.151887712376,5.35727882281962,36.7129050689048,363.146968286547,45.787005036324,387.489747322688,166.028264051111,26.0596720715368,53.5508303713903,247.979073008912,287.908897084574,361.241914055606,359.734086585474,157.326664771358,150.534589782729,11.308473173353,43.4558545621365,76.4108981126614,45.2950876134971,11.06361859328,227.720343638996,11.9227119973783,7.6377670986203,49.6514208856544,323.696931277034,18.6734893215342,29.4483021797394,116.083501699947,86.7278945458631,20.4519970023194,95.2285307304395,308.629360412245,197.406080078974,298.706105254516,225.555230058629,29.9816482017305,309.774520950527,16.9759471259614,14.4976564908223,29.7269770130218,311.156435582659,244.541519534853,245.962247070511,14.7300330846777,14.4237152705088,267.153567480095,29.745781970541,273.413128979689,224.595196676562,23.4516575511269,19.2360800973297,205.474708601341,223.168990045938,5.16537469292132,58.1580116759716,91.8740600733448,27.1712320446711,533.940555839841,68.6864069502365,48.0186044043241,42.2271978894559,36.8220811431992,376.440073087479,135.225949317611,247.977576989127,8.77884306891692,16.0891050171673,13.2689143052778,458.849754098311,29.7314618230854,253.712349165134,261.482252351444,43.1599087505961,257.786352547871,208.527825110056
76.3615520809442,134.913611697786,13.4520677275201,15.1127128256785,96.2083303377767,21.3041691131341,28.1457384307823,151.592653260416,287.681349762717,36.0947331173626,14.6373366659106,11.1476694225707,16.0850458941756,12.0119843993033,11.5389230441534,389.401205360584,22.1940846489081,253.590442668146,11.4682622141703,1e+20,15.1025403259888,7.13710489386151,32.7636565423039,69.5547138905435,219.44052839423,288.742404693426,14.0579007497358,19.7308753025318,330.210217759874,24.4903017737643,374.410346394422,144.782372065556,29.3597702723634,37.0713427537204,233.006510943741,271.572993578587,334.075178913435,391.251963509384,148.44150477842,142.691273781161,13.7442992098652,23.4793883443884,57.3139463195067,35.9952392814658,11.783750796944,215.550620465546,6.84509219097235,19.5435412527384,31.6499874900667,356.856246777092,23.794904222286,10.016852503738,98.1017379380019,80.4314927820862,22.258299928907,93.4604507740636,340.345133944153,188.034005744538,317.310276764516,212.035288501171,14.2168347270897,341.467290683449,5.76470004355404,4.61009205570406,14.4426108289826,344.740851793212,232.502480752046,233.404482959329,20.1589907222539,13.7795091648713,236.909370060762,16.1920990988404,244.424167684486,199.836826471575,19.601732546794,5.21304478745807,193.660016005443,209.9108887016,7.82199200254517,39.293586566726,83.1804356325829,8.96366450910328,501.275681816416,46.5514830647063,28.8064921374553,23.4815070637818,17.8146137218005,364.22137696293,121.884804770534,221.383746734845,6.02431108975089,5.3842745701883,3.48276799570424,438.951051710939,29.8252048351808,239.072541874304,247.98611182596,27.1771012993003,239.277508555593,200.525194212387
65.7902614630535,119.42807257418,13.8042493610594,27.5546093425431,79.3271495072827,6.97159602980785,11.6631647397728,139.919702611577,251.808814561284,16.4649800498986,30.8561769485932,25.9501432994539,14.654209912498,6.11659695215875,14.1285227953614,359.80288006362,11.1486899296951,231.527116711,30.1215873047671,15.1025403259888,1e+20,15.597291077334,39.2181711229816,64.4851995337202,196.638473119988,258.047226430132,29.8686216459423,15.2636963599588,278.276536461248,9.73428057655583,348.526810091753,113.506029478365,36.2026660843025,20.1742419539635,207.957490835786,238.79183669981,300.705898289069,306.966141297279,139.845788929914,130.979577368399,28.8033296261454,12.7533461005546,40.6340890623963,37.1367366661391,26.9159147650398,194.707250209443,21.7585374808074,34.5374050397982,13.6901130121555,306.146393029405,32.785799726438,16.7405157632644,79.7262156306586,69.7824090819167,31.9698436763158,95.1839386738189,285.843092761382,174.928659003608,265.320890280397,189.222332926669,4.63052064764379,294.591298607766,22.7873207648445,9.69198968835984,4.177223482078,303.376726649476,211.301549268736,210.262690463337,32.2698538561095,15.1056654246302,188.55661451117,15.3744776082556,208.042877458108,170.929755098525,19.362566564786,12.135663577438,174.816554520276,186.588834444948,27.4829232963427,18.7135904135185,68.6447043628809,6.9480661403909,443.495020706918,38.5620373653404,10.5368192560676,8.07781319026979,4.79952028381297,340.849290458637,101.943255746094,185.833398359413,17.6444997259549,18.4469678647533,11.7410922948164,403.971943505128,31.6242353351747,212.466691310444,224.028614013998,10.8280570329093,210.398300793774,188.920564120588
71.618365305355,127.40806264639,12.4759260738244,19.6948556920995,89.5281250094071,24.1672605949694,26.021734648288,146.661372416022,272.168642530602,33.2170774958967,22.9624054741218,15.3572931917002,16.2366311570875,9.58383012875722,11.1829988289951,376.476833725691,20.2808564687863,244.358505272635,19.9812283481028,7.13710489386151,15.597291077334,1e+20,37.9678007266198,68.0332447944926,209.237818122142,275.603947975889,20.3524200474807,14.1419018764253,310.012766351144,26.0498193190628,362.94167711612,138.699080371817,33.2959981474422,38.3921443067879,222.347638290457,256.891187677311,319.647365847391,279.718620954111,147.395130264177,137.467904391208,19.8786853944252,20.1955047508028,54.698125000577,38.8137943963746,14.1021987085528,207.341725848818,9.67769831085562,27.2108407328937,30.866705495949,238.707656861859,28.8663092120496,9.25345404542632,89.6371404862039,74.1466271396562,25.6229773301983,94.2645611544013,222.924205454056,183.085582009933,230.343642324516,202.787012857526,16.898632306662,238.10110948916,11.5010589252101,8.06514036150499,17.2683874892324,246.639611741604,223.87914704409,223.216899071058,22.9737011448104,13.9841613260755,222.276779626207,15.0710497283633,228.046541000184,187.426923854979,21.8529322128205,5.94056156294876,185.883276873856,199.674776091782,16.0109541879907,36.0156232529256,75.2799294380709,9.16924840003855,481.774238068068,46.533535235071,26.0586106687622,20.7086918179988,16.4258685419321,353.923277544354,111.96533841848,204.772139079537,10.5222232884858,7.31313392038002,7.34205575503143,423.485741257108,30.1388852383239,228.020838235764,237.866502448542,24.7628369555109,226.390345390256,195.985895361426
92.1517764191639,171.670254426975,10.5007394336537,31.6417385368341,114.456217499684,46.5095945209506,75.6467699084472,177.976676232713,329.639762363271,80.6982249168673,15.1556419867984,30.9828678600354,6.75192115527001,59.6443264720456,8.3231963427199,434.7410319791,71.7263110908862,295.07094023762,30.8267265656643,32.7636565423039,39.2181711229816,37.9678007266198,1e+20,109.559198777226,258.042036482677,345.804866332422,38.2141717950518,67.5508621571561,325.530529855608,69.6923759331718,416.160251794663,181.184225227763,4.45295893245341,67.668095338219,286.910987720594,320.917999045481,384.482998444392,239.332869774147,157.880529282599,173.047398519784,20.3053462208923,71.8373609912456,104.422270157119,83.5812351339374,21.8223470497824,239.846677286088,27.7999588094682,29.0725240925725,71.2218727652477,215.182219272345,9.83703114288971,58.8513232209766,153.214835788094,103.905920042054,10.7218129579292,123.666990089551,198.547521657461,225.598725278152,279.154390374516,246.956299494657,41.0125657160948,218.592688659409,51.6011124332417,52.1994612934663,37.9722583553565,243.950505668269,279.340754238216,271.756724620414,19.0197254527196,20.244786174395,270.232017142566,42.078544502599,297.718593858923,246.933445773745,6.46653917792383,31.4762551533448,225.872437000189,250.531308263123,25.2178981717623,83.892064827106,107.636497452006,58.5841456617869,455.365604959001,97.4345180589594,73.4014962675519,71.7636380574573,60.5576173686023,401.387967321806,174.671389280216,281.995038638056,44.0815051972441,47.2715946020325,49.2007631927758,480.729090253508,22.4282735468954,275.071745317253,295.801285276511,59.9229852908456,294.604195548258,229.398536345212
