1e+20,20.0009049571317,25.3336824185962,24.6111533921835,14.7589141649115,20.0508286268813,20.1955608171762,4.03160090495453,23.79132888693,20.5500752222988,25.2037910329462,24.8554535068946,24.4166164159708,22.4998240636647,22.4340936887852,20.8831938466198,20.8094572867677,17.3003967420751,21.8998364358271,23.8207256277499,20.5116004968481,22.3827618148614,24.9927960394931,11.802829950974,18.325087236797,19.5797759998984,24.229385253431,21.8651814361256,19.0827533378184,20.9928476225763,19.1876046383242,9.58421492176437,25.4730733847139,19.8547873382971,13.4533769654198,21.0207938305428,19.4876977326698,16.5760980492407,9.24796356750676,4.04089246452208,21.9909666583837,21.5596623708849,21.9503605562598,25.1179246703927,24.555092231467,17.1872971915859,23.4925074148886,24.4510438949935,19.1528786796645,9.34151282507453,25.5817218828493,22.2201915624123,14.1421998341073,10.6920191938854,24.8661533094653,14.4137047233402,9.46855416819634,10.3909647049805,11.507385191031,16.9881148019643,18.0952161927079,16.6914807280087,23.8026973802112,24.657434116602,19.7872023634047,14.769628060307,17.4879732956251,15.3449402880599,25.3989406817874,25.1999111680928,11.0374578395675,21.3811250284833,12.2945780634031,15.1914190805979,21.6554854533877,22.376962034893,15.5302887793617,18.6368495016378,24.9939520395704,20.4594477327341,6.1231812629592,23.1461456416219,26.5285704188788,20.4838789777742,20.0985659590188,20.7516251167186,21.0576329376496,28.5816167851198,14.8423751853488,22.3134007356632,23.9801186722962,23.2335559320503,22.7490795155587,32.1012672384434,24.4013071837681,20.3639540489961,19.5457417930292,19.4531132862465,20.2218413895756,13.5928304199928
20.0009049571317,1e+20,26.890377539644,26.7492322767986,17.8006357714954,28.0626673313353,27.6077363635022,19.4741231874578,14.8898166707251,28.5808593481664,27.2400590829536,27.2903694659002,26.0208752488066,28.7523554743672,24.299063923744,8.27170642383633,24.3877548690576,6.79989680658598,27.430083201291,27.3215561958389,27.9970119489991,27.4984013680508,26.4002697795101,19.9230195247122,10.9195206137458,4.13999700221705,28.3017661771962,27.8826020635404,6.56049425921065,27.4333185872577,9.25385579606983,17.7364257036996,26.798404549076,28.2153145691758,15.3486974073233,10.0385987311753,14.720285350305,12.3528732034921,20.6903013617053,19.4938462674776,28.1444710610603,28.7920063298332,29.9189521108102,29.4389708983902,27.483745635139,13.1654325623286,27.2229712855616,26.5948844804545,26.4947088329973,20.9525245962551,26.7823596409242,28.5408515731237,19.9989721949639,18.7358121735187,25.9152502154924,22.6590205640911,21.5424165246828,16.7389300391647,16.781030857906,13.3438547397861,23.9594717437519,11.346938497626,27.6805345345096,27.4312052974777,25.7017079669234,13.2878968152934,9.95327338018051,12.0835828316682,26.7527080430668,27.011764904922,18.0039471439957,27.8051104319152,15.9972094540298,16.3361529246825,23.1758857993949,28.4263928645076,16.5540153892207,12.3699702236354,27.0476762473023,28.4640160156701,19.8460961563386,27.7601413174347,17.1402502680938,23.7732855076076,27.6714881710361,26.7211960794557,27.7950197460097,18.3772766761078,14.3074362608071,10.3978771935987,27.4747770472767,27.3564490573766,26.8685414064856,17.1502543693414,26.2081693366335,7.88522084238714,6.16528398211237,27.7718898075138,7.28069095485113,15.2394624775421
25.3336824185962,26.890377539644,1e+20,4.6037807257249,26.0709114002583,11.2685525219188,9.9621289470329,26.047707248599,27.3785857604774,11.0909292680905,3.21316828494761,3.87928100579157,2.82266016610143,8.80687712681539,4.32845624253171,24.857465598425,8.7060075335955,25.5735823040494,9.75688537540473,5.60702627680428,10.2963031261258,7.83682872962215,2.27982516237661,27.4772223476048,25.1181722629783,25.8321084586422,5.70707047340261,8.62601563978517,27.0791231467533,9.1912756646222,25.3569765809872,22.4852454290358,2.08871748437775,11.8940399723517,27.1524145951877,24.9341560371671,25.2311237175235,27.4923905089738,25.0596450979505,25.5994544886414,9.83449412855254,10.1899837060786,11.6686218356948,6.84226301260053,4.59104940660787,24.9274016234311,6.31231076875443,1.58236532564823,12.0139793759825,24.3784188511658,1.70023916852841,8.69554823665186,23.0322645709296,25.2378966272895,1.81194551200055,22.7217520033489,24.9904784763924,27.2061555482206,28.2866872598881,25.2366181650991,11.6756315016595,26.7778728573479,6.15734670471213,4.44565724312132,10.248665995257,26.4766618533574,26.5609002010341,24.4297356584677,2.01711386918296,1.52945404612554,26.2299161262644,8.75012060528142,26.5623851320304,26.619132301772,5.94558339198283,8.67884206517845,26.3397073868401,26.5572783517628,3.63531297197629,11.0623008635904,26.2454955347479,6.44758264397182,24.9976102705093,8.55387994407633,10.3923856311454,9.76427975829091,9.86195950811087,34.9023513571669,27.1231364166149,24.5642650400094,5.43165475208113,6.49858496962078,6.2772746636235,34.1046281439038,4.05371111069573,26.1122677336499,27.5962531465643,11.6589125866028,25.3150851222132,27.5435565307933
24.6111533921835,26.7492322767986,4.6037807257249,1e+20,26.2501691879055,10.7006968330145,9.27445595941835,25.195783599406,26.4722010116592,10.239052141707,3.50122448385879,3.46754313921849,6.67163132106831,7.48854103262333,5.57838018950755,24.5600592208472,9.79357443276403,25.5875222491562,9.36921804112229,4.48760203737182,9.23523700766398,6.31519369259649,6.14214463104754,26.0623461509641,24.9384897883087,25.5077694216608,4.76343420339178,7.1370824687884,26.9543054003004,7.97220586181188,25.1346531610357,21.4284526612604,6.2178770097379,11.2647519776639,27.1813677088186,24.4507797146695,25.9779137502626,27.4862014056386,23.7655319915226,25.1636690140913,8.81915628398608,9.02043429064216,11.1507642083004,5.83257726590462,3.63735038056598,25.09092192722,4.62649832849703,4.30562628229852,11.5460150237705,23.0165780638468,4.62168919560444,6.75023433926616,21.9190746607428,24.8179166147267,3.95580235540412,21.5311230294362,23.5370239925299,26.8065504374057,27.5729787345188,25.3708145180792,11.4898788597374,26.9552181488939,4.59365070683471,3.17269281637911,8.17267263157444,26.7175047106543,26.6778916050385,24.5176112433204,3.66439604231687,4.24092941122658,25.7958312882787,7.06814631790067,26.4261393266835,27.2111058970062,6.15455824260891,7.41896078306889,26.6548095103692,26.4125494738454,3.28519403826929,10.1230914003047,25.6254709678162,5.38509518064283,24.4388714543089,9.74875605284243,9.04739948293036,7.88924814278026,8.56655473177083,35.7318551474762,26.2043140290207,25.022701893161,4.09790295583321,4.86578044947093,4.78026330322011,34.2331145449238,2.20986734196395,25.8068443225281,27.101034629238,11.1491380627873,24.9749878838718,27.3648272094756
14.7589141649115,17.8006357714954,26.0709114002583,26.2501691879055,1e+20,22.5657776532201,22.5041509756097,14.3716367061621,22.9665428331685,23.2245483443996,26.5580900652445,26.4034771412466,24.4737420733197,25.3520142828641,23.0016557436474,19.7703132044861,21.5751701938133,14.4957164447357,24.0876440589134,26.2908346664918,23.2034282264501,25.3780166025945,25.0685334317203,16.6327945611802,16.3005107386114,17.6429555626243,26.3351464661525,24.7827871559127,16.5412917735457,23.891568632278,17.4197728683214,14.4207913250057,25.7441345498714,22.3970359634459,7.59218848722317,19.8645069782675,10.3393836828477,12.7315341404134,15.9779076782215,12.9312098118373,24.4244588884748,24.336443493823,24.7210609640762,27.4163545300323,26.3559483181845,14.4820073284063,26.136966392066,25.216704824097,21.5483778157518,15.4293322502217,25.940592928983,25.1967388003819,16.8195207809895,10.1581252989835,25.4243422743399,17.3829522626025,15.7585366920315,7.73605137085637,12.165339325357,14.1976419554438,20.0536435674216,13.0590075425076,26.2419497627218,26.3272670594641,22.790979143638,10.0227782724305,14.3940257204233,11.7466829419777,26.2442168410059,26.3703302311387,9.4220405746709,24.0525273084574,6.91423520386845,7.59868621253624,22.5494197229047,25.0273291362532,3.54797615671899,16.2253861585191,26.241825246742,23.2281465816425,13.369085587915,25.250538957046,26.424818713722,21.1119086524645,22.8966076594259,23.7293804312356,23.9752795694697,23.5861409737041,15.0181085507955,19.1902656233871,26.3844938619075,25.6178194469837,25.4014605262808,29.5357602922506,25.9125940974088,18.6922942330611,17.3738890014423,21.7751651448795,18.677409540214,8.14059565194286
20.0508286268813,28.0626673313353,11.2685525219188,10.7006968330145,22.5657776532201,1e+20,3.0395376060565,20.6442729357454,29.7791796841063,1.92178642829179,9.89353474596059,9.40306666671389,11.477287490568,4.79127099275155,10.1627562423479,26.512129010203,9.28281956573849,25.3838787423102,6.72809512125713,7.99228050060946,2.90022501603892,6.11810432461424,11.890111917296,21.2641621993808,25.2344542863619,27.1563843348192,7.58043182426514,5.24290208467834,27.492448673659,3.77970241378507,25.9453236002429,18.1011324506076,12.0527447407498,1.5023018641817,23.3626246181715,26.9284468121565,25.1051674204678,25.9972052654017,19.1444937175805,20.2544034915059,6.21146182134012,3.69574766160665,2.95255460189884,8.53387111023755,8.6511190136223,23.9689885584485,7.78474064493151,10.1378664640993,4.08238996116205,17.0761407137566,11.3199222942227,6.16224207634604,17.0667103346302,20.1779247947142,11.2857796254308,15.6620653696961,17.6151840895644,22.2355235955822,23.5793194390329,24.2624252585691,6.83253153515586,25.4073144214324,7.78880423195559,9.23505400125814,6.9860162360605,23.8478451930937,25.7901955880038,22.9987707627573,10.7890349782085,10.6952083159943,20.7412767183995,4.6827827754803,22.3299731844462,24.6743950595551,11.4202705416663,5.24445402914538,23.4545124884807,26.5284409180434,9.65515880731021,1.64983065700536,20.7078889359017,6.3339460921268,28.8820189079234,9.50637677376909,3.80861157368809,6.06638155815272,4.03399154483278,36.7151812882238,23.8579452742587,26.88686692174,8.35531896023453,7.19741545015324,7.6224715423951,38.3873483751304,11.1652499285943,27.299628402103,28.4838246588974,1.50133347792077,26.8275256286915,23.9107892075777
20.1955608171762,27.6077363635022,9.9621289470329,9.27445595941835,22.5041509756097,3.0395376060565,1e+20,20.7487994713828,28.2777690893233,2.12613067224333,8.75340791026945,8.14340809743797,10.1635725143306,3.75716050269954,8.58255985982488,26.2768471204182,7.95105036415379,25.46295481086,7.37882008816089,7.12949913501253,2.14272507820431,5.32608180441125,10.4530971067564,21.9171633656225,25.369711412072,26.4656997369177,6.29959377316072,3.76839608371744,27.422914722302,3.28443675029778,26.0240595066547,17.976336490723,10.6949463414211,3.07118902629482,23.6953712010082,25.6044035796196,24.8418593996686,26.0985493683178,19.3112803794016,20.4362391493455,6.71172968069907,2.6305401749623,3.60427000665125,7.46652844872143,7.58593023166956,24.1015031264821,6.9467734274275,8.7041839052127,5.85536451056096,17.6711359558799,10.0016687617898,4.77746120520019,18.1202663182184,20.3945194423412,9.90896590132382,16.9767955558733,18.3287175575736,22.5717065486469,24.0226128554929,24.2176722424284,7.6319003524481,25.6711709087676,6.55690216430634,7.92832859644037,5.98546136247409,24.1776291411676,25.986815087649,23.0611688198619,9.56360161916514,9.49716687838076,21.3147981847065,4.13226916165229,22.6774646595315,24.4124069457081,9.74785157823403,3.86355270909047,23.3504054669043,26.3412765393048,8.36664656208923,2.50604224938442,20.8501878427718,4.97960681574818,27.3479590752094,8.30662654374961,3.838072857673,4.69127024552522,3.46492706984908,36.4115798946517,24.2265672117341,26.508256162012,7.17623104045538,5.987908260102,6.26826192195279,36.9860335640285,9.62905581918308,27.2480171928083,28.1696341141817,3.22974281332024,26.5472685814578,24.0696654262811
4.03160090495453,19.4741231874578,26.047707248599,25.195783599406,14.3716367061621,20.6442729357454,20.7487994713828,1e+20,23.328948989243,21.1605881642706,25.7950506327223,25.405569662562,25.179467171506,23.1032388740681,22.8707983524721,20.4059008435272,21.0602535666736,16.7827742655851,22.8082151301349,24.4024745425032,21.1078869648615,22.9446184065169,25.7588258437248,10.5632091247579,17.8945686386736,19.0051410512717,24.8675540385172,22.4377512496763,18.5870249433711,21.5522311446666,18.7349532247589,7.32471412082228,26.2332825537805,20.4592432396943,13.0879916503506,20.5161299007234,19.2601664504542,16.1971308379156,6.17677967215723,3.75531409792274,22.8131793510361,22.1711771880481,22.530314189176,25.5859152074543,25.0782037718868,16.8232078980751,24.0620807702429,25.1304336622458,19.8752263819757,7.83118560479672,26.2856241936322,22.8358115920848,14.4309382362296,10.7238802680102,25.505228581046,14.8175441617859,8.23467545949345,9.95626800221082,11.4490001273895,16.5294480923501,18.8315726684737,16.2893137684936,24.3396765516344,25.2031664327066,20.462080547944,14.3229382086219,17.0853447030276,14.9668279460452,26.0420033516481,25.9050087690189,10.9428935045962,22.0250508170081,12.0301881120329,15.3503596385913,22.1151447116532,22.9657607308371,15.0749561345672,18.2472743336779,25.5179485297466,21.0779887544963,3.6028792995282,23.708632667736,25.8755724250084,20.7446877738498,20.7483417082591,21.3407540682851,21.6759362569911,27.8862672312216,14.6618894182102,21.7199517721596,24.5384815008072,23.7679625886611,23.2373879225697,31.3682149241276,25.0191980885589,19.9212504733721,19.1195106441223,20.0675883532499,19.6925411884448,13.2648257439572
23.79132888693,14.8898166707251,27.3785857604774,26.4722010116592,22.9665428331685,29.7791796841063,28.2777690893233,23.328948989243,1e+20,29.6131811267959,27.7908442886429,27.7335992546857,26.8383479454604,29.2305127939497,24.9596302465264,17.9883400105706,25.8276433566244,18.26578530476,29.4914563617824,28.1270549051937,29.0731155110596,28.3829802172895,26.8096758023123,24.6337072136868,18.7821806356654,11.5663482975175,28.7190618034086,28.2786489681153,16.6001643341623,28.697311029399,18.1727914056002,21.0257516712926,27.3606337797237,29.9671621696223,22.6192915506472,8.98081947675827,20.8639516746047,20.2833413416733,24.0222572635408,23.9133432568488,29.8009767678547,29.3314648376761,31.1606503809744,29.9148037591483,28.1156048299644,20.5872234452027,27.9466571123607,27.0242183531225,29.3091674365532,25.1448691185552,27.2692091445194,28.5152874431875,25.425581541273,23.4973797547887,26.3313475253078,27.5627954083958,25.7287828109106,22.8086103931812,22.6981379240807,20.0412995454636,26.9814690251715,20.326718720258,28.0938519056935,27.7484344032998,26.0801841087045,21.6925863297784,19.2174789894601,19.4046481954746,27.2707471589054,27.6118299357874,24.1376384050987,28.6643877375161,22.7948495029569,21.8582281562865,23.32434695126,28.9868643362647,22.1684076446371,18.3700158514198,27.464728530886,29.6676414809495,24.0332905754801,28.3291037325003,14.2589656667088,25.5527512162912,28.9180627269942,26.991915644015,28.872456020544,24.5417100041035,20.5449923787473,18.7980023647629,27.923857554429,27.8829777683085,27.303426438863,17.6333465009751,25.8671897929944,17.4718408085234,15.1883026763242,29.5151489981564,16.812019936466,21.4574691005428
20.5500752222988,28.5808593481664,11.0909292680905,10.239052141707,23.2245483443996,1.92178642829179,2.12613067224333,21.1605881642706,29.6131811267959,1e+20,9.65472922418965,9.08549078512989,11.4326904423784,3.69610839505812,10.1450422769282,27.144664162152,9.57808308765244,26.2577883545422,6.7396464667316,7.67121400984902,1.68695859505468,5.54976155951084,11.7380747929996,21.7454800938925,26.1315275683895,27.5541727494748,6.90753811576348,4.15395871840623,28.2397338018639,3.28371513961015,26.7749828160967,18.5635888349311,11.9572316370131,1.82947563453835,24.1507170276204,26.9343726487727,25.9620414514726,26.8314406061014,19.5987635937358,20.851642711614,6.07282228149863,2.11679033420033,2.41836961340532,8.1302995519063,8.36311453270118,24.9231533992158,7.37146166129486,9.92332188508786,4.92264681077476,17.6817329136289,11.1568470961615,5.09455668372788,17.6828975536982,20.7855822177828,11.1096921660743,16.32771117536,18.1814225191531,22.9186509785839,24.1662235760394,25.1531086946229,7.41107281371367,26.3601480300093,7.16171986569324,8.8652820388294,6.03929196046274,24.8063517167898,26.6939551823252,23.8656310076341,10.595515802337,10.4824019986021,21.4363115220629,4.08618619569373,23.0666577116091,25.4401498947376,11.2818475668787,4.13290232094038,24.131455455991,27.2876375059513,9.32522416546591,0.806587095084776,21.2853388146042,5.7100547894358,28.8387725259197,9.8946678192406,3.43654564418388,4.88582796508308,2.98306067172078,37.6657246973216,24.4069111510821,27.7161553296058,7.86083192301067,6.56861492413172,7.17518109897454,38.5567323360618,10.7000368058466,28.0349947765538,29.0368026224767,2.47083042075284,27.459229206036,24.5407357396212
25.2037910329462,27.2400590829536,3.21316828494761,3.50122448385879,26.5580900652445,9.89353474596059,8.75340791026945,25.7950506327223,27.7908442886429,9.65472922418965,1e+20,1.6409152654595,5.59055102204865,6.9447057439374,5.02855492809974,25.1303809341117,8.61970481519547,25.865143649747,8.74048935907365,3.23898793105416,8.85683917848993,5.80195047926412,5.24230225075817,26.5917718696654,25.4188744700882,26.1807378342867,3.69845734478451,6.89446771333102,27.4257150386603,7.43006016709056,25.6427707234795,22.0237952647619,4.94888153065171,10.5351315455264,27.2942578088108,25.2573621292091,26.1120599081825,27.8046845866463,24.3681614937307,25.5925543097008,8.6455683109405,8.56407107507045,10.0403429418859,4.85375080360214,1.93758701762363,25.1972989323147,4.03617498399971,2.90163527405699,10.8100199021863,23.3578383423923,3.0948503267048,7.13654639961115,22.0551990294871,25.2996398962839,2.97845345519508,21.6547280669062,23.9729029718918,27.1987474422719,28.1659771460579,25.5133760790449,10.9007071139233,27.0537703680991,3.9223883156096,2.33767378021956,9.00391120240959,26.6755355092955,26.8432442818454,24.6864280555807,1.58589908434578,2.54557561597527,26.0672373666273,7.2100628409663,26.6845548041547,27.4236309410131,6.86953529873552,6.95760297533046,26.836137081423,26.9376177014696,1.24085658239891,9.58267823787976,26.1293706972569,4.48025513424405,25.2870157885641,8.61296477366951,9.0762054899803,8.25411112593097,8.21053890084977,35.8579880531796,26.7969175175573,25.0364593025284,3.28628242597466,4.35652274610581,4.42644975481975,34.9300525795757,3.96018192099844,26.4565965242956,28.0056411233332,10.4583636940115,25.6608947213563,27.7018572767874
24.8554535068946,27.2903694659002,3.87928100579157,3.46754313921849,26.4034771412466,9.40306666671389,8.14340809743797,25.405569662562,27.7335992546857,9.08549078512989,1.6409152654595,1e+20,5.92089361809617,6.20863454340072,4.94465302475947,25.0375016101453,7.89932761296087,25.9658512793535,8.93848893580238,2.48233034491829,8.19905289387188,4.88978361716042,5.6032957313341,26.4127220595288,25.5064659501829,26.1761540083176,2.88414321422216,5.98788951089146,27.555745686113,6.67810918359871,25.6836414386324,21.7058335880739,5.29019780794532,10.0584033605646,27.3362439195834,25.149321369192,26.2664347006242,28.0729818887755,23.9697076495308,25.1974144424295,8.70378631215444,7.8686506781134,9.38773024474219,3.82246590497212,1.27395636031194,25.3754285815018,3.22125986094772,3.21684391322578,10.6637785223258,22.895547476991,3.55824018630031,6.49435442445235,22.0470916638728,24.8963295185183,3.72592411329479,21.6364312674815,23.6397513795038,26.9572334741728,28.0524232942669,25.744734571719,10.9308384041015,27.2812874816387,2.95143032734491,1.12530719941969,8.63674189320696,26.8397374432342,27.039798168446,24.9355835713704,2.61958184241344,2.91579864410784,25.8674434188756,6.84458089264867,26.6081653073371,27.3833353035497,6.66798447316642,6.04208111027613,26.8202764177458,27.252288926954,0.990672287073718,9.05207216783354,25.682698116676,3.63399457281759,24.9023567482468,7.98570794428347,8.63850061937323,7.51488552092963,7.53007795569094,36.057324486962,26.9135198866418,25.3237687977904,2.22657021883086,3.38804204955465,3.17619096098332,34.7968044675247,4.01647155316267,26.5042856004795,28.1755640686022,10.0849095854546,25.6153610156726,27.7352658568419
24.4166164159708,26.0208752488066,2.82266016610143,6.67163132106831,24.4737420733197,11.477287490568,10.1635725143306,25.179467171506,26.8383479454604,11.4326904423784,5.59055102204865,5.92089361809617,1e+20,9.8063186480286,4.25028955602746,24.1673184743348,8.0834478183236,24.5923168889709,10.3062253386899,7.36387746241446,10.7151494140336,9.06003063692613,1.25538628325334,27.061811246822,24.261758486732,24.9962519005691,7.28680143175431,9.52164232428532,26.1462378123443,9.9376904839464,24.532728268862,21.8711809969318,1.92644980022207,12.0613819340986,25.884422816196,24.2429643944889,23.6871239111056,26.4295319491807,24.5439896226357,24.4871145801401,10.5399999624418,10.8338426508073,12.1232838015393,8.52990354253149,6.60433073892073,23.9291342368736,7.97062818914883,3.07820414082632,12.1174523536641,23.9558619797687,3.48850118491067,9.81979654234133,22.7789275828176,24.0099696270631,3.68222842739236,22.5328150528523,24.6267423322141,25.9813071897334,27.2770747452926,24.2546190138699,11.5677915303385,25.7017530613005,7.79884448471058,6.43435779908342,10.8694055288801,25.2889777335437,25.5360532670984,23.385699965923,4.46525086761768,3.6621119079411,25.1225094361159,9.64838145623811,25.2843712560983,24.9405301455311,5.53714577687376,9.56671519625025,24.7870332607658,25.6819844584019,5.7649640189642,11.452646684558,25.2063844547227,7.72824918545278,24.6779117222576,7.88659950814951,10.9236343554232,10.4288709640962,10.5337924524988,33.6043932493869,26.4849954458308,23.7849089343075,7.17151522121894,7.95845383197909,7.61882563376282,33.2700002987571,5.72442612068488,25.3326920299902,26.780617716128,11.7174273163928,24.5617520776415,26.2877593263024
22.4998240636647,28.7523554743672,8.80687712681539,7.48854103262333,25.3520142828641,4.79127099275155,3.75716050269954,23.1032388740681,29.2305127939497,3.69610839505812,6.9447057439374,6.20863454340072,9.8063186480286,1e+20,8.61433168883535,26.9797414795622,9.21126141650677,26.9951243034652,6.42759684562435,4.5983638325349,2.98272334302082,2.54030486326133,9.89453845165253,23.6055243941032,26.7420937743565,27.6561550227719,3.67872007749734,1.37222389848232,28.7704884570602,2.21894879745572,27.1105948632158,20.0466645172106,9.98180304153188,5.08759133611517,26.1802248284166,26.6495758578469,27.2970489274586,28.1993729964264,21.4277315691188,22.943000317728,5.70924547900233,2.00160954501594,4.12364472214387,5.30746112865266,5.45736280508518,26.0447171140349,4.21278935895155,7.77721854552799,6.77666007303081,19.8535193413721,8.86702676352553,3.00959035913076,19.4072237207007,22.9164695570158,8.85457091009315,18.4228541877383,20.3911936947551,25.0791627494747,26.0857055416902,26.3342644684589,8.4914488339406,27.6349513881131,3.83036833747974,5.96794093477244,5.33079929552882,26.5157081040511,27.7041678967294,25.1966393277007,8.08909050737644,7.92972458025243,23.6543123210291,3.14458528440088,25.1342900896371,27.268657494417,9.79429649760557,1.49230337647292,26.118624858966,28.1690683317773,6.52902853884397,3.77937071467485,23.369083553019,2.81104332073872,27.79934746048,9.53129811497781,4.33549985374022,3.52974437272769,2.20613611456333,38.3351614356446,25.7446789945822,27.864924665812,4.64284639156359,3.36380218194807,4.33624208215769,37.8567834939509,8.08736363532063,28.163852967361,29.4065991873507,5.62013242572707,27.4441003091791,26.4919473759873
22.4340936887852,24.299063923744,4.32845624253171,5.57838018950755,23.0016557436474,10.1627562423479,8.58255985982488,22.8707983524721,24.9596302465264,10.1450422769282,5.02855492809974,4.94465302475947,4.25028955602746,8.61433168883535,1e+20,22.3636522736003,5.6290299095175,22.8336808916005,10.3250036223006,6.30618269315816,9.30245511879471,7.65196644876649,4.40585701370129,24.821318887106,22.5201830351986,23.098844962097,6.52684781042051,8.06889769259928,24.4537087008285,8.40317270142451,22.78311804142,19.2363141130787,4.598279143523,10.7737416256177,24.2737797288816,22.318726091863,22.4286638497103,24.8397946434445,21.8438348307712,22.5970544442243,10.1814354531186,9.58910585089889,11.0246306208112,7.27966612190203,5.49376136740972,22.2878895657265,6.77757003849683,3.55439832891428,11.1724036451052,21.2990214654989,4.37335735403983,8.49954787769658,21.2326839953203,22.4444441775891,3.61785574602619,21.0404171334165,22.1482221922042,24.241210060019,25.6708115670877,22.4929295157315,10.6263710138586,24.1222817028546,6.49916677844721,5.23229933969129,9.48822969292166,23.6452146016204,23.9532039146387,21.6666971678078,4.51067114930135,4.67045433757756,23.55483342111,8.36204342207371,23.6998390360504,23.5392699715896,3.1578249362407,8.28734828823547,23.249998460438,24.0068321003516,4.79271695948353,10.1596465132072,23.0440189637528,6.43440735055223,22.4563448071645,5.42847881732752,9.58001667839261,8.89446686157871,9.23752183833852,32.1488567087464,24.7690211471698,21.9213015197242,6.01320947615037,6.5576844180697,5.75865655884373,31.587353709921,4.88945662470196,23.6254381085574,25.094368804201,10.4168963828926,22.7012954525266,24.6693590383033
20.8831938466198,8.27170642383633,24.857465598425,24.5600592208472,19.7703132044861,26.512129010203,26.2768471204182,20.4059008435272,17.9883400105706,27.144664162152,25.1303809341117,25.0375016101453,24.1673184743348,26.9797414795622,22.3636522736003,1e+20,22.4051193245104,9.369838470869,26.1664229619421,25.1253159784217,26.340822060676,25.3598767886851,24.4855304069701,21.682647265662,12.363339519364,9.15176228204887,26.2250529104252,26.1033197082639,9.23105218621888,25.5797940210182,8.02662683830735,18.1742765737781,24.7437392349973,26.8639414079991,18.3412356691239,14.4506327275195,17.0663722656886,16.6712072665898,21.142430499715,20.480622227683,26.713686874689,27.2197716267332,28.3300649063546,26.9183239192731,25.2759799566143,16.2313650795609,25.0391999452906,24.578575212977,25.3806498587022,21.3289372345497,24.6653279171624,26.7732780772839,21.1847330786509,20.0315638521239,23.9314430601652,23.386168039408,22.2398398736081,19.1026819101028,19.6724676753691,16.7293441298135,23.1799565970266,15.2566951631701,25.4779129519093,25.0796052481543,24.4547498764289,16.7583372620349,13.9296600483913,15.5950357017915,24.6840812361261,24.8818501877292,20.0594768737589,26.0980876503835,18.6187873743816,18.7774609231836,21.2877479037102,26.508555400064,19.0255005510913,16.444238224878,24.8458431158145,26.9981837945699,20.7510657612403,25.7955824280442,15.7268142798322,21.750519329827,26.1022847042833,25.1701141931228,26.0547542941342,21.0944699862074,17.6028558217543,11.3791826566974,25.1893373993517,25.1833475005918,24.6231256160804,18.7901005012464,24.1193601630434,5.96124359093657,10.4685041805431,26.5522096966502,3.47378547040704,18.6081521553527
20.8094572867677,24.3877548690576,8.7060075335955,9.79357443276403,21.5751701938133,9.28281956573849,7.95105036415379,21.0602535666736,25.8276433566244,9.57808308765244,8.61970481519547,7.89932761296087,8.0834478183236,9.21126141650677,5.6290299095175,22.4051193245104,1e+20,22.5922925779926,12.2461626892764,8.46871638684647,9.00519210325613,8.55169457289632,8.46828911051206,24.0648374989171,22.5919906660279,23.249763054298,8.54292317297761,8.56755307511356,24.6147083793954,8.33868915785103,22.8755993607441,17.8551264038275,8.33348679600831,9.83506532916586,23.2745641753455,22.4768705434376,21.7660558493298,24.8222477184044,20.2154875145108,20.5500704646126,12.1178355241939,9.48983502299125,9.81331891496446,8.39407764124015,8.24579402239394,21.9846702516402,8.86871918898223,7.57758455419104,11.1871894911868,19.1917534700504,8.34940031230715,9.87334274250316,20.8826027048184,20.6148774214025,8.49453189832822,20.6088903168676,20.6110142264059,22.7425691703327,25.0395620184133,22.1698776298412,11.1849990725206,23.8336670370191,8.47478781980353,7.98423633130067,11.1706375552226,22.8037147377601,23.7936965525416,21.4551047161456,8.70697455261028,8.61525859351286,22.2406911303405,9.86085991088735,22.6489566589104,22.1052647394933,7.20471960839359,8.57497857601777,22.0922921912909,24.4903678473099,8.13848742117182,9.75728100687124,20.9267493390893,7.7488746886016,22.2031400105829,1.76992897855847,10.1012459056388,9.74998228809245,9.42873877289318,31.7331695458208,25.0135035504401,21.9332246214346,8.29991598673907,8.26015756191132,7.17799829149157,31.5412881416885,9.59414628569016,24.0088998463585,25.8997668981163,9.66858431794862,22.836716678321,23.9836836927954
17.3003967420751,6.79989680658598,25.5735823040494,25.5875222491562,14.4957164447357,25.3838787423102,25.46295481086,16.7827742655851,18.26578530476,26.2577883545422,25.865143649747,25.9658512793535,24.5923168889709,26.9951243034652,22.8336808916005,9.369838470869,22.5922925779926,1e+20,25.2606726290481,25.8558725237832,25.9027590017469,25.9183018180313,25.1025808706821,17.3923381631124,6.58966178302997,8.19938970796281,26.89589046525,26.2995112981986,4.48181798089954,25.4790956058187,6.55374159137585,15.3361384715327,25.4906473222878,25.6554972763903,11.4551691562315,14.2647402758467,10.9953683306545,8.38051553379932,18.0857736412564,16.5759732029998,25.9402298309659,26.883171580499,27.6276030520453,27.8646945353282,26.0047259189645,8.83010677914246,25.7867951073338,25.1835019575591,23.8009245749909,17.9535701500849,25.5009387540811,26.8414158883187,17.1792233519634,15.73063140733,24.6620312448296,19.3603506180014,18.4768854670902,13.4404283707525,13.9594853180002,9.45547974067004,21.4288064809974,6.189237110766,26.3605737285228,26.0834809159053,24.2641428132612,8.35689606792932,5.22714220848892,7.46357009575503,25.4527043116075,25.7380059397524,14.6533472122418,25.7146231933188,12.4126003733926,12.9051671001737,22.0274346777428,26.8190035128546,13.2492339753643,9.37553431830462,25.7674633865906,26.0452121546646,16.9773924804169,26.1700094515309,20.1482206079,21.9087452247622,25.3269521357048,25.3469896106156,25.9728028716263,16.4354604226614,12.012066412961,8.9439685243732,26.1564213000744,25.9638685283972,25.4462944124339,21.8759674661407,25.1586060750433,7.01233817069834,6.73312417640574,25.0057120819648,7.9730509663247,12.1068478843892
21.8998364358271,27.430083201291,9.75688537540473,9.36921804112229,24.0876440589134,6.72809512125713,7.37882008816089,22.8082151301349,29.4914563617824,6.7396464667316,8.74048935907365,8.93848893580238,10.3062253386899,6.42759684562435,10.3250036223006,26.1664229619421,12.2461626892764,25.2606726290481,1e+20,7.39579173795745,6.5800032177762,6.69607938476453,10.6933209086112,21.9533132920691,25.085956113931,26.9018067403024,7.32093554787769,6.9689688878106,27.0678857108924,6.27091362931431,25.6905537901849,20.0911409696529,11.0592132309974,6.88908446035279,24.0766636707509,26.6868952246403,25.9358977902912,25.795593013011,21.433623897977,22.3808618421315,2.52539575205329,6.70675460875164,7.81797316149799,9.55969201545419,8.10574585563668,24.1206702757008,7.10325528762483,9.34972018060282,4.6693565368207,19.7851856711068,10.226958727768,6.77790061078639,16.5902512212193,21.8612358814239,9.77416625809591,15.5361535547405,19.6411561836564,23.5121421729634,23.8409634680625,24.6278005537372,5.21495631676028,25.3079334487143,7.6672361300524,9.05288713984639,5.9065827651044,24.3489822197068,25.5231479334449,23.1397722117449,9.34576084640354,9.12805620295783,21.6234774864467,5.18707377386009,23.0508203960267,26.2095153391963,11.2787991879247,7.14885563422198,24.6949438047191,26.2075008161373,8.93511055535248,6.42271962461487,23.0792477893643,7.0602391787441,29.7927221433892,12.0038739621161,5.61330239661365,7.07673224376134,5.90498901497583,37.3024722806486,23.1093475374534,26.9644527417289,8.01091328463083,7.30130649514622,8.37906138510426,38.5543689293369,9.6192269710195,26.757448354777,27.5503474051729,6.75317922874929,26.5390396341072,24.4884051323434
23.8207256277499,27.3215561958389,5.60702627680428,4.48760203737182,26.2908346664918,7.99228050060946,7.12949913501253,24.4024745425032,28.1270549051937,7.67121400984902,3.23898793105416,2.48233034491829,7.36387746241446,4.5983638325349,6.30618269315816,25.1253159784217,8.46871638684647,25.8558725237832,7.39579173795745,1e+20,6.81040927598857,2.9382426733575,7.28110061690765,25.0405975024803,25.4250223005204,26.3093984773858,2.12264463150702,4.48608692666683,27.4992801370883,5.02082756986118,25.6357147427928,20.8840657860135,7.08460165863871,8.64506812981806,26.8506543262534,25.4248637144343,26.7361931120009,27.8518733066636,22.8560921652073,24.2595122871657,7.18472850602766,6.40819617257921,7.93459176421544,3.74321274465807,1.73503065240994,25.234792506889,1.09085528585072,4.95148761687198,9.04694622307897,21.6130149235649,5.62443350032459,5.26901367831989,20.6046908166219,24.1879505212451,5.56241584305394,20.1009448245039,22.2560397578344,26.2353678842787,27.1137317532928,25.6976110740317,9.59282914842807,27.0376616343656,1.67991639177224,2.60317531275376,7.22499767064251,26.5099765678053,26.8288674660258,24.7682160015,4.50989495384675,4.40710927807952,24.9689960819844,5.43898608977652,26.024608318988,27.5243181714869,7.70762765013234,4.69504688581989,26.7843341513215,27.2589930326275,2.97601796345483,7.56212629969134,24.7429108003729,2.66180042358716,25.7145162346382,8.55926008933512,7.23007817910599,6.07886681698057,5.85048528542402,36.6697762638982,26.0576680794596,25.839891367004,1.25245594474558,1.99843546053706,2.30157272006884,35.6881302410865,5.15192689280172,26.5154696614693,28.1531503327802,8.78774829547078,25.738393129041,27.2530716254396
20.5116004968481,27.9970119489991,10.2963031261258,9.23523700766398,23.2034282264501,2.90022501603892,2.14272507820431,21.1078869648615,29.0731155110596,1.68695859505468,8.85683917848993,8.19905289387188,10.7151494140336,2.98272334302082,9.30245511879471,26.340822060676,9.00519210325613,25.9027590017469,6.5800032177762,6.81040927598857,1e+20,4.50410371664601,10.9800906774377,21.8558474216847,25.8530067684815,27.0039839327758,5.97136297464515,3.13032185730018,27.8410274181364,2.29294516686843,26.2648905564265,18.3745020965576,11.2048628806072,2.73192023510734,24.2079478731952,26.3031582415189,25.822936942338,26.7769614241253,19.5422645580467,20.8502887478149,5.80410118681036,1.6438310919594,3.23520451953859,7.25026172686446,7.50971418286093,24.9339925260593,6.45523392995445,9.11814414542508,5.28349151114464,17.7981675517608,10.3589030964452,4.19431761613521,17.8568680195676,20.7986315137955,10.2668628477171,16.6429736317239,18.3385470130375,22.972325092239,24.2185120764652,25.1196444861125,7.40445365736094,26.325173256394,6.13044944943616,7.90126438421865,5.18497508040243,24.8533333572979,26.5831799646613,23.8225018418722,9.78917091685705,9.6610832144606,21.5560992684026,3.34117452912843,23.1018462967265,25.3720399555711,10.3566231331198,3.009854628559,24.0967765865535,27.1520046957661,8.4283460748399,1.91886303193152,21.2685681072219,4.77168362852516,27.9745212001065,9.26878695769508,2.98822934435617,3.88725094431836,1.83137385165546,37.4655494778364,24.3533235544539,27.2313757609409,6.85835525871606,5.48693857974067,6.1483773953777,37.7179786969711,9.70172605732749,27.4142238795105,28.5312124101377,3.48614571060247,26.7097821890099,24.5642501771796
22.3827618148614,27.4984013680508,7.83682872962215,6.31519369259649,25.3780166025945,6.11810432461424,5.32608180441125,22.9446184065169,28.3829802172895,5.54976155951084,5.80195047926412,4.88978361716042,9.06003063692613,2.54030486326133,7.65196644876649,25.3598767886851,8.55169457289632,25.9183018180313,6.69607938476453,2.9382426733575,4.50410371664601,1e+20,9.12474854745523,23.5691979983617,25.6537712125254,26.5058815260436,2.88776623336172,2.23012415543243,27.6642700922347,2.64080908134411,25.7911779872737,19.7145898323913,9.1026626177593,6.59708410191745,26.0454932065431,25.6087159626371,26.8304473570623,27.6963858944005,21.3040367342003,22.8145349829465,6.2261724196623,4.1201287836419,5.89601169623313,4.28805006270896,4.15253646693482,25.3921683233167,2.38591561714073,6.93180269297431,7.46256866563271,19.8525802098856,7.86953157794517,3.57204577334272,19.3292637753831,22.8073876176677,7.76993843855653,18.6141953574909,20.4879323712164,24.9914193856643,25.9707705782105,25.7629495096873,8.5088331431201,26.9795803635288,2.37461393699098,4.61455150167583,5.60441997870132,26.1160385065138,26.8998041204381,24.6824790506117,6.98056592478714,6.77578176037116,23.6467279185482,3.9312380769691,25.0341124949993,27.055991897456,8.81623387349372,2.47564007297271,26.0828858481532,27.5000422058316,5.3171349096403,5.50477357445821,23.2414774480032,2.23433676119428,26.3278926619794,8.67130293727684,5.24805647732852,4.12788882582414,3.33490625220272,37.3731016951665,25.374094093842,26.5814934548927,3.0261830483804,1.83504381925325,2.64707352495093,36.4129819833137,6.9908913363271,26.7480786495022,28.3160209957759,7.0329410070537,25.9310527449156,26.4350554928824
24.9927960394931,26.4002697795101,2.27982516237661,6.14214463104754,25.0685334317203,11.890111917296,10.4530971067564,25.7588258437248,26.8096758023123,11.7380747929996,5.24230225075817,5.6032957313341,1.25538628325334,9.89453845165253,4.40585701370129,24.4855304069701,8.46828911051206,25.1025808706821,10.6933209086112,7.28110061690765,10.9800906774377,9.12474854745523,1e+20,27.6287249912457,24.7065337299733,25.2927005090471,7.13970451655161,9.60315703121053,26.5795375514633,10.1634265689921,24.9447326530872,22.3511614487095,1.23410485110836,12.4738121045999,26.5338141918166,24.3979602620355,24.1727618582409,26.9844956847346,25.07769827414,25.1124469878569,10.8576916901629,11.0014093439736,12.4224998693365,8.3233632981468,6.39631024505884,24.4736851602325,7.90424995632361,2.63625575874815,12.6737512001678,24.5118617377822,2.81474748561239,9.78955185521924,23.3089406104569,24.6083961078954,3.22160340468258,23.0641614970719,25.1820533862242,26.6177472559012,27.8903069350048,24.7628012921008,12.1611075837535,26.2873356786158,7.6663828080121,6.06757092151799,11.0048675923874,25.9313156874062,26.0857883495251,23.935190964567,3.99962887255254,3.33223712938644,25.7743122927506,9.79672518575027,25.9369043833259,25.5138552174168,5.65224887897975,9.63071741418403,25.3763653756005,26.107251535463,5.40394905825534,11.7662201671443,25.8338070492417,7.69496762440488,24.5204744417824,8.31783055377006,11.188767686844,10.5336131357387,10.7528210951155,34.0298746325228,26.981865332189,24.1255846685366,7.01226076450835,7.87384671219458,7.55411341596026,33.3292429285874,5.26015381954187,25.7002033252125,27.1336397295906,12.1693723124532,24.8792513529279,26.8921905550319
