1e+20,22.2233060588396,26.4192788440891,24.83811496286,13.4443971162151,18.7188540960134,19.8634629590712,6.77421400394718,24.6622254718841,19.915068180665,25.6128408188038,24.9859123427024,26.6349420374398,22.454552309392,26.1755661035968,21.9479476994263,21.0591154176116,19.1850986169037,25.2812011238966,23.9897870449195,20.1868326294796,22.1347323499922,26.6282049608877,4.98944793411119,20.4868061770589,21.9947636288239,24.9744843044047,22.5522712640101,21.4291422779614,20.4728709148367,21.3415076361956,4.75898269830683,26.6653896419706,18.5343720598658,14.7662181135889,24.1961948677295,12.1873023987755,17.4112128834115,8.20320371235167,6.20087055406788,25.9196261677604,20.7068071607829,20.2071196425245,23.9900468296159,24.2764919487809,18.859146475739,23.5470911845625,25.8380705989607,19.8874314744018,8.9052472867187,26.3536389659142,22.4213076683534,13.2796588197562,13.2934421167403,26.5587414413669,12.5279000466475,7.37728366971023,11.825200627249,13.000942167595,18.6709878354183,19.7972729236091,17.020385538116,23.8544347800762,24.3503477207805,20.4591219720338,14.4028189999621,19.1908111413022,19.5747881266306,26.2353810792779,26.4875008519867,12.1346026272111,22.1783774745253,13.6373762463272,8.88383109565163,26.4662848127988,21.8336353662787,14.4365251208901,19.0934584201382,25.1821519414241,19.58407323756,9.88995956985437,22.3589994052794,21.5730927066502,22.0867691846589,20.8941140484121,20.7888085283371,20.7189935630072,20.4027027648229,22.1482979769142,16.5262898559897,24.2545582374504,23.1688209948536,23.7779598382952,24.4618742257746,26.5026726273707,21.1291432912673,19.9133165617296,18.5100554334302,21.8601257089644,14.014479453846
22.2233060588396,1e+20,27.4776986071401,27.9433990434714,20.2140189801048,28.6988288241013,29.0483769601527,21.8414348333491,15.1441767750887,29.0617169255517,27.8327498869627,28.0059561154851,27.3723659182847,28.5321425112946,27.605349057528,8.47888663783165,28.8836120023857,9.79955542229553,27.9281994522837,28.24841537865,29.0551505940911,28.6713358596258,27.3311868510869,22.9633487497033,11.1931386869941,4.88364307956168,28.0087583236067,28.5755838755867,6.02218769040741,29.086727441222,9.64629699854193,22.5014448795322,27.4059470897277,28.5631149326156,15.1220107101322,11.0377278193714,20.2979461940799,12.543753308969,22.9569577236425,22.4390755614259,27.6992725346223,28.9879857001508,28.995441808514,28.1584335129515,28.0909167837937,12.9385688507702,28.3314301323034,27.7942574592654,29.0267651003409,23.2427778542781,27.5866044557971,28.5618413817608,16.2925436135764,20.1251521146646,27.4475221724408,18.3594805288638,21.9174803084932,17.0798094445971,17.363615552868,13.6601145455949,29.0179845506966,13.3329207471431,28.2693040436867,28.0783652861607,29.0481091389039,15.9825717156585,10.1548198831644,12.4656064659269,27.6833798213892,27.4450349894163,18.3906323278725,28.6162241645675,16.7874873056043,21.2440571081235,27.3085336450827,28.7726037487928,18.5030106901734,13.3051038392672,27.8600226643307,28.9853534061899,23.0594355145303,28.549357757719,9.44284098481901,28.6381519057945,28.9272325160063,28.8410680681132,29.0342707853107,11.2365073122034,1.79352445526085,16.1199965688163,28.1675091127121,28.4649499226824,28.2876910198567,10.562370041536,27.3567944221112,10.0506889936856,8.54862822886228,28.5094696549563,9.08332800521289,15.8144373065948
26.4192788440891,27.4776986071401,1e+20,5.97978126015918,26.7141528246675,13.1441119749295,12.3680997390533,26.4549855202046,26.9157992987799,12.1739765474042,4.29762606082616,5.65891017423141,1.77429594302337,9.56968360171744,2.65194019330572,26.5667907050051,11.1540400435855,27.5758355987556,4.97728060593513,7.27561977728273,11.8959773489986,10.1483047282917,2.00586105245122,26.274564372373,26.7983943924396,27.8017071815595,5.65742672028682,9.64386401593469,27.8135633713948,11.734423027638,26.7916268844094,26.2336410509693,1.74345100107828,13.2911318912733,27.7893522333347,26.808412180935,26.866003485002,27.4422390871207,26.1997525333367,26.2264261363627,3.62143088188656,11.4350512551627,11.8471509126619,7.41633723121829,6.89342985776925,26.5238493987256,8.26226984877794,4.00021457513399,12.135478640664,25.8290824241611,2.56615247480191,9.59363097556881,27.8651987306021,26.7781328325206,1.53256661331395,27.1810303746164,26.3118448788646,28.0588103352978,27.4055578979609,26.7359888086562,12.2457995612967,27.2898042257148,7.71957208032586,6.78077605609401,11.6324948924702,27.3217161548603,27.4198040971684,26.7179588259619,3.33049121658178,1.04337832340705,27.290459525818,9.99838516695596,27.4501351788138,26.9811884944418,2.10692741760015,10.4023737846552,27.0852159177704,26.8712288462115,5.23250075194592,12.365833402666,25.9254889155441,9.87962584962261,26.8019486669092,10.1087995439676,11.3191236399987,11.6420819804915,11.504208041786,26.8757283323033,27.4382775754015,26.7330416012276,7.02381993001485,8.55589909072302,7.81235067848749,27.0442627440853,1.70215570787937,26.8190510948212,27.4600882461878,13.3333209232619,27.139178737867,27.6996155817936
24.83811496286,27.9433990434714,5.97978126015918,1e+20,26.6911774037625,11.1172446062008,10.0781819300737,24.8695261159461,27.3274438337459,9.79299629705144,2.72740943188335,1.53688393004901,6.72692315666268,5.79841936870923,4.68994285899559,26.9483145200741,8.32732885102093,28.0532233371231,1.98655068604102,2.98087023317375,9.40048284660956,6.70533261550477,6.59918391341356,24.2482066316877,27.2049983978469,28.3022739712277,1.66363445384167,5.89692664072703,28.3157718875184,9.16851102323583,27.1984938165734,24.5959455866602,6.58206802543815,11.3126193640555,28.2230786683624,27.2164263616713,26.6020251910789,27.9042281662556,24.3943608602805,24.4860243043895,3.34406092141329,8.74433364933955,9.34432738476785,2.91818518792915,2.4009828463487,26.9100192513117,3.68757746314491,3.0293648733221,9.73945375848692,23.5718339287515,4.95343543806886,5.92252407158105,27.975689205311,26.7595588488722,6.17192902217662,27.2124051226589,24.2560376177408,27.5858444257935,27.4770865722131,27.1364274978597,9.9052002513013,27.7332758625085,3.13187406477575,2.24491319833755,9.03365428850182,27.7178214575124,27.8764637053629,27.1167515700028,3.70530034124191,6.15348112910079,27.1342507190756,6.46310597142183,27.6591298209857,25.8269114025999,6.81967085753324,7.12803368392782,27.2512909412515,27.2867134038469,1.9634412674774,10.0719468141545,23.8788357072571,6.25483333992226,27.2094660838251,6.65371095960337,8.57339501186788,9.05837783194172,8.83318777290599,27.2923556026472,27.9004504450039,27.5162893681684,2.53787798961197,4.49371027619124,3.30587484620984,27.4772075917785,6.20677771120602,27.2287721232194,27.9249689823116,11.3683508054924,27.5816752082089,27.9891455409946
13.4443971162151,20.2140189801048,26.7141528246675,26.6911774037625,1e+20,20.8168586635291,22.0101380058672,13.8514955511409,23.8072689648191,22.0902505912774,26.8847450011371,26.6068118674981,26.6466441517,24.5712503607024,26.8257542087426,20.3046115990533,23.1957461594444,17.0411266177213,26.7391347307601,26.1097455105262,22.3596656293262,24.2512098196396,26.630356986443,13.2024267901502,18.6526124240308,19.9063624325342,26.6256606587244,24.6651993046834,19.3917433093138,22.6289699219709,19.685906580055,13.790748580309,26.7238606411627,20.5758220122642,11.6898174422539,22.7638080057406,6.93376497930808,14.7528169807827,14.5373407702752,13.8221442736337,26.9296800272301,22.8577335580356,22.372391600953,26.0939316352879,26.3837276390577,16.8024262215044,25.654056132947,26.9954807892064,22.0700326878073,13.9576707487642,26.8189500468364,24.542000774007,10.0497105394701,5.04742448657123,26.8216987453068,9.31065300480146,13.1731786392521,8.13917098640878,9.66009390226128,16.5901301203008,21.968929297414,14.6034629958453,25.964413703484,26.460022790833,22.6184170547372,11.2916318275552,16.860537100844,17.6275889242619,26.9877402845999,26.8399509604814,8.62465109424541,24.2947213808471,10.4148734658014,12.9391926458507,26.5265389525288,23.9630421674801,9.12932776710407,17.0962892146506,26.8202208403881,21.7350346535469,14.2442309222195,24.4648248267215,19.914853848694,24.2039643099861,23.0343329415735,22.9001420664974,22.870403976857,18.6140131092726,20.1656123654659,14.508761819309,26.366368751811,25.2954605641285,25.889529086867,22.8339496687206,26.7010592299533,19.4441903841956,17.7852990614663,20.5406846465969,20.1170488248375,10.9977329922735
18.7188540960134,28.6988288241013,13.1441119749295,11.1172446062008,20.8168586635291,1e+20,3.99263649219242,19.0950696257881,29.1112680564654,3.55773307387545,11.8259709106011,11.0978560001493,13.5293406195781,8.08633930802627,12.6590570583259,27.9072568517608,5.83464145509835,26.9097641841994,11.4054858749431,9.97383047872256,4.04234791611521,7.67655356299253,13.4307653831319,17.5383046166651,26.9419678309382,28.8200449814002,11.0877162942898,8.28023994716209,28.5624187540102,4.77465891255528,27.663372118591,18.561589909033,13.4264779605582,1.75642592376905,23.7645347155292,28.9685033457379,20.4350293683553,25.3996900084721,18.6088399043109,18.4339236068188,12.1397423199192,5.21932624400555,4.17956971815351,10.1721959588398,10.4694108208204,25.5265972930735,9.60727711441918,11.9592801441122,3.51177814941444,17.0896261250744,12.7748948624943,7.98478061394766,22.8407998117834,20.8563215715284,13.2729918141535,21.4514572462331,17.8428433461723,22.1714600250409,22.1311417811051,25.4038536507125,3.4174384840383,24.9723954541838,9.94027338642137,10.5264615337393,4.68619313567548,23.1424049933461,26.7350748076517,26.1475389041949,12.4039477898729,13.2613566732612,21.3729214062104,7.72982787871151,22.6273194650245,19.9471959888962,13.4246556236781,7.05667585822483,22.0225109123895,25.8175595028304,11.4686943431354,3.08266036847948,17.8102712067959,8.12595105997393,27.8410594960633,7.5935455138551,5.62263951871239,5.81562760316643,5.2376125872402,26.9403049942709,28.638117393064,23.6768371194854,10.3937143322907,8.87245784207115,9.82718644880344,29.2962595392172,13.2833039037961,27.5144985689761,27.3204622575082,1.62757731759424,28.1952216819351,23.1685280686701
19.8634629590712,29.0483769601527,12.3680997390533,10.0781819300737,22.0101380058672,3.99263649219242,1e+20,20.2229591397527,28.3701339178063,2.17104791429536,10.8855873374454,10.0509881886281,12.7953792851728,6.3758204318111,11.8268236382414,28.340925069657,3.63077427942401,27.9704918022125,10.4057495674507,8.7309466909868,2.06807833288893,5.8106478705538,12.6906309053627,18.8141738466938,27.9341344185388,29.3169572590281,10.0392266987716,6.62156588878449,29.2154501373732,2.35706679507304,28.61569000198,19.5857655066836,12.6811706179683,4.50654317497841,24.9326156782483,28.3954419918108,21.6383264983343,26.571321082992,19.4677826963604,19.5394046612443,11.2453973349193,2.9704844856902,2.063897168642,8.97189870633406,9.32334547220861,26.6074282679585,8.28851406917257,11.037412281576,2.32928446919921,18.2365643808936,11.9556732415353,6.23860183830508,24.0330600558658,22.0303242097026,12.5109859585232,22.8309919273015,19.1507806874764,23.3515225852058,23.3889962951392,26.4594526180475,2.05861024410456,26.2445783908518,8.68943586961799,9.39037155698977,2.13603458047314,24.3487510251441,27.8834505468976,27.1651267444593,11.5395896839861,12.4984370083773,22.7029588537094,5.89087960998829,23.8625048323953,20.9902911824615,12.6854207813846,4.91803822086715,23.2377369742688,26.7985868032292,10.482426690571,2.46599801941281,18.9913112101784,6.42519866209058,28.7983078165784,5.70218480128952,3.43110564169452,2.76056520283854,2.97743958161836,27.8992172364285,28.9970644703393,24.8034665913411,9.2287993970187,7.38187474076929,8.55415917673159,28.7555209463086,12.5281415033839,28.4765177208079,28.3719404521085,4.68591553841003,29.0635078282036,24.3748155993501
6.77421400394718,21.8414348333491,26.4549855202046,24.8695261159461,13.8514955511409,19.0950696257881,20.2229591397527,1e+20,24.5632117192168,20.2759148483912,25.6025849532851,25.0120899296763,26.6680894836104,22.633062385722,26.3551383708665,21.6205584418408,21.3332620649192,19.0693836308836,25.2900267140922,24.0752083650957,20.5276258784668,22.3377756311945,26.7388715493446,7.24780270117303,20.3171912229293,21.6574145000943,25.0013396784707,22.7279972799691,21.1008631780411,20.7922405200526,21.1189144241802,5.48320804580176,26.7451474353776,18.8942982430799,14.8763969740319,23.9949370810262,12.7279663822386,17.3516927115072,5.936277317657,2.94627040511368,25.8896630976919,21.0067384510568,20.5430084592726,24.0723263068645,24.3414317674596,18.7464754287961,23.6594455941351,25.8152787711622,20.250606502877,8.46313639248719,26.5160283414375,22.6028394030684,13.4728546334751,13.7278987307519,26.6668127637774,12.8171218097282,5.74329767004375,12.1249554827646,13.3185114436546,18.5732780167744,20.1637803553701,16.9133297315078,23.9482276775565,24.4109749696068,20.776943057522,14.6186951352233,19.0362466284775,19.4466266943167,26.1902135047535,26.5178662334533,12.4997415256857,22.3761936947149,13.9007561670133,11.1445907608846,26.5863503944415,22.0577880213467,14.7455273548356,19.007664684117,25.1935812317161,19.9323739238154,8.60823214619394,22.5442911252387,21.361886418398,22.2906881993893,21.1801834729818,21.0784330094089,21.0207248883218,20.2517725467035,21.7621713234709,16.534645334001,24.3238060139175,23.3056322733665,23.87632035416,24.0692703438598,26.6100625438285,20.9438813674765,19.6066284759387,18.8565991525749,21.5580661096591,14.1460133588643
24.6622254718841,15.1441767750887,26.9157992987799,27.3274438337459,23.8072689648191,29.1112680564654,28.3701339178063,24.5632117192168,1e+20,28.4780347735463,27.233414712892,27.3880768353266,26.8221532831406,27.8530714903514,27.0293222108018,16.6872760013171,28.1698419498846,17.8190371075605,27.318139264269,27.6045934203128,28.43192443726,27.9836825852042,26.7797772157002,25.4792118821643,18.0795091564402,15.1371820632009,27.3906186359005,27.8981465562218,15.7347339642844,28.3564506019967,17.0807243325506,24.6547823205516,26.8524361946794,29.1092010024092,21.4406599726253,14.0098440410461,23.7897515497139,19.98686628812,24.7263966901216,24.7386061044511,27.1097720385242,28.2640537836574,28.3622088420011,27.5201579212281,27.4594681192115,19.7156961908959,27.6795834068912,27.1986072611222,28.4943875138214,25.5030733424801,27.0135982664731,27.8807235464105,22.172879430802,23.6956371156236,26.8893618647294,23.9759564991345,24.9716063801048,22.6128291736317,22.9025789824727,20.0203008741551,28.4405713322032,20.8826733745299,27.624415581998,27.4482368964465,28.317805269658,21.9516032832675,18.5009114390656,19.0823766430847,27.0998417792154,26.8866743974312,23.8467348974724,27.9305196964064,22.4743893750694,24.3286325623215,26.7575884994401,28.0750734893194,23.1657441811829,19.3023276598776,27.2529069785894,28.5077784594759,25.2670094457065,27.8704226559035,16.9245509237277,27.950208858959,28.2093583719543,28.1288034201176,28.309505013321,17.9000018141906,15.2214746517624,21.841846399652,27.5328535975221,27.7985687678028,27.6404813552682,13.8753294465131,26.8012878276048,17.2932095616204,17.242975726662,29.2851384202329,16.4119367808813,22.0024931027213
19.915068180665,29.0617169255517,12.1739765474042,9.79299629705144,22.0902505912774,3.55773307387545,2.17104791429536,20.2759148483912,28.4780347735463,1e+20,10.6348066562242,9.76258490025217,12.6154990803881,5.97407617521319,11.613536363298,28.3430974859134,2.98209373746366,28.0569570795905,10.1341519410319,8.37052889415242,1.67285013649305,5.36551664866185,12.5090496520517,18.8504284430705,28.0830907765226,29.3552063857827,9.75023973378652,6.08978005293337,29.2640445888799,2.20755528731612,28.3487087170223,19.6708795318392,12.4974254886683,4.05042515876316,25.0458720922934,28.5753783543177,21.7139005924728,26.7064109014473,19.5826726816356,19.585760668973,11.0109872169939,2.65329689043389,1.73526202659573,8.62789157283201,8.9994391529949,26.7435926902394,7.89891283044675,10.7931240117679,0.908190644305013,18.3039503965456,11.7467663392124,5.82305321924465,24.1346684602634,22.1094537802449,12.3215879448393,22.9229866946839,19.1881552772752,23.4431622445033,23.4855273043957,26.5916868294655,0.704213387737068,26.3782132398215,8.32588494265164,9.07012248461066,2.24526831623504,24.4570231184702,27.9024236993307,27.3053071953225,11.3151967703135,12.3087616844417,22.7913433693189,5.51255652568157,23.9649475516983,21.0978849891776,12.504280774296,4.64020008451046,23.3309086667201,26.93290920558,10.2159620672862,1.62287642454661,19.028450868501,5.87460854505443,28.4255022908146,5.3080180786954,2.91501743634762,3.16038849331485,2.63077892385972,28.0468944730535,29.0091933285468,24.915913440946,8.89747042527524,6.9231958019456,8.18219220224826,28.9320792775641,12.3415659945982,28.3128118584553,28.2771746529726,4.22118309251988,28.8153901927566,24.4814953609969
25.6128408188038,27.8327498869627,4.29762606082616,2.72740943188335,26.8847450011371,11.8259709106011,10.8855873374454,25.6025849532851,27.233414712892,10.6348066562242,1e+20,2.60043020460743,5.36782581341221,7.18875702769932,3.40750628687367,26.8636041638887,9.34708475194531,27.9390100951206,1.97205000701111,4.17417470647525,10.2867577556405,7.99187707232768,5.1540824100773,25.0711680050723,27.1125911193396,28.1809651550622,2.58462782903534,7.2791747886027,28.1939649386426,10.0824826213624,27.1060158082367,25.372874554762,5.07259752466458,12.0036460516906,28.1685439241792,27.1235897978813,26.8297553549275,27.7947155596558,25.1630265097972,25.2533302643636,1.94689701949585,9.70856608601345,10.2339069229647,4.21645975409714,3.56122856651532,26.8239764731826,5.41292534107847,1.65980321835122,10.58707651396,24.3747338738642,3.43147027407991,7.22053759188309,28.1207826052323,26.9389558667044,4.59702678927565,27.3883455499706,25.0382942779967,28.0111202177048,27.6352577420832,27.0459174489608,10.731859984901,27.6294110528044,4.69611422873467,3.45629115893131,9.96110391516839,27.6746678608944,27.7685540074179,27.0267496003658,2.60886433145743,4.6034308771312,27.3761592404543,7.79301089532439,27.8131177913246,26.5933596918329,5.39862780759559,8.33847584802931,27.4796997671722,27.1915926033952,1.91402411969643,10.8807715502295,24.6318988641641,7.62682156375394,27.1167839051665,7.94653276930712,9.55993955077935,9.98017185218103,9.78904699420446,27.1968909310723,27.7908874542476,27.3163044487604,3.7749735197533,5.93536505549591,4.84267904308904,27.3767227125153,4.70819679189578,27.1354175901366,27.8145809130092,12.0544367513301,27.4782574335076,28.0718373810309
24.9859123427024,28.0059561154851,5.65891017423141,1.53688393004901,26.6068118674981,11.0978560001493,10.0509881886281,25.0120899296763,27.3880768353266,9.76258490025217,2.60043020460743,1e+20,6.46556282890759,5.8286641292962,4.23593375016566,27.0079434834031,8.28279751670375,28.1162324292414,1.66054040775367,3.10887706997272,9.36644075992034,6.63827779166835,6.31512234000386,24.3955201824452,27.2655471077853,28.3661409712536,0.763094504008283,5.91607316338163,28.3797053382843,9.13219845399219,27.2590654352057,24.7425888482548,6.27880146859183,11.2947166096485,28.2136778506348,27.2770312889288,26.5309102000253,27.9666477728485,24.5376946948604,24.6302025655319,3.25487913666545,8.70425905999803,9.31038026745898,3.06307798479177,2.57556194166873,26.9699440291658,3.74573672657014,2.9802613680336,9.70857780945268,23.7114846648466,4.52582032565725,5.94798975987049,27.9504989251793,26.6728357476918,5.87133429300751,27.1810873730667,24.3980025820114,27.6165502855433,27.4500784235738,27.2555430606632,9.87634547325588,27.7949776992983,3.25317436543639,2.46790284554028,8.99658493697859,27.7075306710172,27.9386471150041,27.1770251800979,3.66182632450005,5.86193895307508,27.1711833137382,6.39281683844205,27.6387963724006,25.9798114608898,6.53323801756882,7.06731426271167,27.1834818197807,27.4093561020537,1.74826990578215,10.0445546227046,24.0165148938439,6.180955101128,27.2700554268692,6.58657089817802,8.53152709901378,9.02206132558574,8.7934448908787,27.3532953673581,27.9628846663228,27.4653420562433,2.72653521776922,4.41387264775512,3.40385371169193,27.5387251869846,5.92706359523117,27.2894472442441,27.9875090137839,11.3508610447111,27.6435377496971,27.9724933142185
26.6349420374398,27.3723659182847,1.77429594302337,6.72692315666268,26.6466441517,13.5293406195781,12.7953792851728,26.6680894836104,26.8221532831406,12.6154990803881,5.36782581341221,6.46556282890759,1e+20,10.1974686546935,3.18380440553666,26.4796388867565,11.6597479117173,27.4679683171898,5.87182942118322,8.15253712725529,12.3547442516275,10.7311949845347,1.4356364038691,26.5463169302542,26.7058234992063,27.6888164609874,6.48453664328862,10.2688562785894,27.7003158393227,12.2035646289071,26.6989972500449,26.4568109369727,1.32251890115728,13.6683370977607,27.6764834410554,26.7155358130272,26.9740428125792,27.3377101622721,26.442076714246,26.460903963946,4.40946863753181,11.9219299143034,12.3068101931019,8.27209314750648,7.74979372331199,26.435676308573,9.02134799796268,4.89702899302895,12.5792882635488,26.1277440152903,3.15287391625827,10.2199596876809,27.7504430085489,26.8279947570619,1.89237820340419,27.0796316532909,26.5839744670317,27.9394134672286,27.2986463910283,26.6447494134117,12.6809711657511,27.1892890083647,8.54124998727491,7.58559942934575,12.1062322031982,27.2170535304655,27.316435032264,26.6270745616079,3.81040193180537,1.50870252969491,27.1867991513411,10.5912426508768,27.3423416349321,27.0309996089487,2.12282582790763,10.965664699145,26.7725773387761,26.7767359723818,6.12013682634802,12.7937708363116,26.1952856102083,10.4821466925015,26.7091793036317,10.6927357559222,11.8137040334221,12.1134637408052,11.9884977548776,26.780987089137,27.3337076731864,26.6418089632919,7.86822526261209,9.2834509170703,8.62265068595216,26.9459952977716,1.76442845969751,26.7258046565136,27.3549310748023,13.7082661019447,27.0388454253206,27.5889231071272
22.454552309392,28.5321425112946,9.56968360171744,5.79841936870923,24.5712503607024,8.08633930802627,6.3758204318111,22.633062385722,27.8530714903514,5.97407617521319,7.18875702769932,5.8286641292962,10.1974686546935,1e+20,8.74437976568425,27.4865105326881,3.67580894674949,28.5987083977589,6.40739277521594,3.76004037834214,5.43808026940696,1.87256028795956,10.0636440320478,21.6642340172339,27.9452465398163,28.9316777846827,5.86916610007111,0.938112864734142,28.9470909224543,5.01811389797127,27.9530255808033,22.1977068161453,10.0300769486324,8.3890235339622,27.3332801999364,27.7378695896041,24.2159757444407,28.078274365462,22.0157647501409,22.1165784772471,7.82196366946103,4.34644244025134,5.35345597258927,4.00237400206662,4.63716420735838,27.5394675150065,3.06030092128727,7.45353773300673,5.94025540953227,21.0353551724404,8.94089547598976,1.11953800809352,26.4233891958762,24.5479071890029,9.78041168140313,25.4786293743598,21.8169062468422,25.6791562996552,25.8620868301542,27.8412498270411,6.12519164063821,27.8679750932862,3.46269386926421,4.74372785529758,4.89372657047724,26.7892174426309,28.4546341523084,27.8122924894305,8.28533631822785,9.76344346541603,25.2564566571553,1.71241831190267,26.3246400380404,23.5010537791103,10.0625837470245,2.55902810292983,25.6273903839127,28.0633359926908,6.48438202715344,6.42590409131585,21.5385525258723,1.63198003948167,27.9196698622608,1.94622379062303,4.01767855593336,4.81457287258806,4.45837443902613,27.9932345238066,28.4850815109936,27.1309834558444,4.41794120668888,2.50919683482359,3.27821297805623,28.027797421996,9.82994137988501,28.0315641716814,28.5127630654879,8.47416451280219,28.3689173486425,26.8098426712682
26.1755661035968,27.605349057528,2.65194019330572,4.68994285899559,26.8257542087426,12.6590570583259,11.8268236382414,26.3551383708665,27.0293222108018,11.613536363298,3.40750628687367,4.23593375016566,3.18380440553666,8.74437976568425,1e+20,26.6724583760077,10.5052492864116,27.7065482805509,3.80106095641115,6.31628000033728,11.31208339422,9.38959682652196,2.9384473799981,25.8915364197436,26.9106159485705,27.9384885047787,4.21163296325369,8.82303155082713,27.9507755809474,11.1363337735316,26.9039192981046,26.0634467561304,3.01913807182656,12.8166868078468,27.9261067909948,26.9210030604381,26.9902048003602,27.5689182604963,26.1027669701341,26.0704508703533,2.80231508720166,10.8124504917533,11.2619601074606,6.37522710200365,5.84837530369774,26.6307508638598,7.23088975727348,3.05722959477132,11.5719358923111,25.5050803919698,1.46518938318593,8.77056016912141,28.0042321710335,26.9593315781066,2.609446170858,27.3039239648006,25.9745553512857,28.0114190164075,27.5351128580095,26.8466001371476,11.6938908570147,27.4116330455285,6.66405422884953,5.69804857512266,11.0280174815516,27.4485541077845,27.5450822253377,26.8281406357965,2.24759865996589,2.77452484589463,27.416086618176,9.22496584709285,27.5807559514606,26.6889875898329,3.3594212550759,9.67207486861085,27.1245902917684,26.9857741715243,3.9308804633632,11.823686508296,25.6927167948264,9.0919850581545,26.9144101219466,9.34842828783213,10.6858408633928,11.0407763017803,10.8852692198575,26.9905738336466,27.5650061408298,26.8987286356451,5.99403681790529,7.5759643949987,6.77251046461819,27.1633715188506,2.63837888896643,26.932089356932,27.5875263850043,12.8618591523896,27.260784727875,27.8337414055931
21.9479476994263,8.47888663783165,26.5667907050051,26.9483145200741,20.3046115990533,27.9072568517608,28.340925069657,21.6205584418408,16.6872760013171,28.3430974859134,26.8636041638887,27.0079434834031,26.4796388867565,27.4865105326881,26.6724583760077,1e+20,28.1196289266322,12.0116672174218,26.9423525072634,27.2100033996117,28.2333562960121,27.6164129594151,26.4365185408251,22.5946624409893,13.1144251346932,7.5193482971207,27.0103408169583,27.4848173243923,6.39994571942733,28.2159058899618,9.77517861355592,22.2041966168562,26.5080952396358,27.7870662412325,16.2029666169625,14.1093281032405,20.3246649594098,14.1810313405387,22.6359461842949,22.1332887958829,26.7453691108544,28.060137252857,28.1948985761356,27.1286025709854,27.0717121888095,14.4678845546831,27.2805299893401,26.8308407096462,28.3281841904917,22.8256970084331,26.6584274403685,27.5127084453913,17.0883137881402,20.1988022694974,26.5424367884403,18.7214809135125,21.6333119655584,17.6870312387958,17.7455554864834,15.0708987280551,28.29767931804,14.7659116631451,27.2292473092693,27.0612163647736,28.1769608130943,16.5559056680369,11.9181862119131,14.0958201403631,26.7388146813579,26.5396314816772,18.6952645890494,27.603150347829,17.2560629337104,21.2190552494446,26.4145596153046,27.837561089164,18.7468918078879,14.670445574988,26.8786977055996,28.1367807993985,22.7022658751493,27.4561964324707,8.59837649146834,27.6220410553755,28.0495161014381,28.1010890203795,28.0999834558073,13.1218437700436,8.38693105418721,16.9905994341083,27.1433808522742,27.3914016109364,27.2440136623578,14.0607157271236,26.4557355428641,10.8912632595427,9.79426165462249,27.7480399169751,9.97747224148403,16.7300499123034
21.0591154176116,28.8836120023857,11.1540400435855,8.32732885102093,23.1957461594444,5.83464145509835,3.63077427942401,21.3332620649192,28.1698419498846,2.98209373746366,9.34708475194531,8.28279751670375,11.6597479117173,3.67580894674949,10.5052492864116,28.1196289266322,1e+20,28.5525818979006,8.74147554427659,6.55331729093638,2.73009351442154,3.09355688544644,11.5438422306182,20.1307027536368,28.2283572688818,29.3054912053233,8.26739143525051,3.79169490981475,29.3219577456116,2.32367229042438,28.3752043058918,20.7909739347535,11.5245154545528,6.20306172214047,26.0487123818871,28.052376659464,22.8310362287794,27.5500363937151,20.6200845275275,20.7277107592681,9.80109101294736,1.85636365466812,2.61464093610363,6.83339446094165,7.32195148370569,27.4003015917188,5.97200939995877,9.53710142832891,3.02770388261169,19.5274507897932,10.6592381625871,3.56134484423106,25.1421886139122,23.1952686125561,11.3232112816547,24.0590798229974,20.3795633130943,24.4295925720928,24.5360082749649,27.52958839244,3.10239571706102,27.2884175901455,6.48287102990248,7.4133908181473,2.27753380495306,25.4826017651478,28.3864322269818,27.8089362244739,10.1550392348347,11.3089720102142,23.8862260562131,3.25167352415337,25.0054276887028,22.1496278440366,11.540390088456,2.57244434526152,24.3451722303561,27.8153646232579,8.84713651380271,3.68025346348591,20.1641046771728,3.60908398317069,28.3991522870577,3.09012059466908,1.49182594742509,2.33797566297776,1.94328544323497,28.224211667966,28.8342930704606,25.8855399219337,7.18114904858777,4.97742915851661,6.29729822925684,28.3583467371904,11.3534709478566,28.3968523066577,28.6001934604073,6.32551577638035,28.8095044499127,25.5056996143107
19.1850986169037,9.79955542229553,27.5758355987556,28.0532233371231,17.0411266177213,26.9097641841994,27.9704918022125,19.0693836308836,17.8190371075605,28.0569570795905,27.9390100951206,28.1162324292414,27.4679683171898,28.5987083977589,27.7065482805509,12.0116672174218,28.5525818979006,1e+20,28.0367790622613,28.36430416254,28.1362733087549,28.7350500636741,27.427006333788,19.7428782469959,6.21102907718793,9.08057483076215,28.1190913017414,28.6987448699027,8.10251861848553,28.316497352239,9.11627087984006,19.5133135779384,27.5022681127295,26.6803095885152,11.5265966546659,15.1328807080634,17.0601260105604,7.62705943039319,20.0733860501845,19.4518859517683,27.8033678390825,28.3801250319066,28.1258023684124,28.2730928991795,28.2040964854943,8.76100454749377,28.4490598713345,27.8997159061569,27.9976763650827,20.1290111434671,27.6871560401299,28.6292522744578,12.9328099612151,16.9500624698874,27.544851290177,14.7598292278779,18.8136099793194,13.9437679668284,13.6264358966141,9.96242314948821,27.9917103774029,8.33449393068627,28.3854319799549,28.1912591711358,28.2245181215999,11.8698604466768,3.90169563377382,8.30884243413604,27.7862144596192,27.5424040393849,14.8652924991358,28.6330317784063,12.912587304987,18.3453563362014,27.404237179961,28.6762945434155,15.1992116738599,9.5810420521108,27.9679320689423,27.8077649771047,20.2271597037983,28.6728108805808,9.99890690316136,28.6549159479559,28.4886545700315,28.4831084887989,28.4380006656412,6.59758362877914,9.70220045278447,12.9044481941316,28.2814193713576,28.5857180022024,28.4043181623659,15.1680951163736,27.453493361414,8.11226309066552,4.87887533524842,26.6401645651563,9.67969087287864,12.2987701022803
25.2812011238966,27.9281994522837,4.97728060593513,1.98655068604102,26.7391347307601,11.4054858749431,10.4057495674507,25.2900267140922,27.318139264269,10.1341519410319,1.97205000701111,1.66054040775367,5.87182942118322,6.40739277521594,3.80106095641115,26.9423525072634,8.74147554427659,28.0367790622613,1e+20,3.56513672432395,9.75960029985548,7.23326425424319,5.70092786844439,24.7127490971189,27.1963196107113,28.2833314598286,1.80396571103855,6.49817232895038,28.2966570441693,9.538882353157,27.1897971118391,25.0391544976903,5.65181957308511,11.5939123866282,28.2060846133762,27.2075984609106,26.6912416791764,27.8894287707165,24.8314463131624,24.9231059937802,2.69537083858275,9.13547256563402,9.70498486826925,3.57472326056636,3.11756226707701,26.9036534426952,4.60014682713231,2.49589032892489,10.0829550954026,24.0216910841207,3.77438869256944,6.51767374584335,27.9673944075366,26.8094671916775,5.21052419715268,27.2114656685445,24.6983239924557,27.7945942507218,27.4729501937306,27.1284222075028,10.2404382941091,27.7204483555749,3.87304360118893,3.02237003709327,9.40971481325274,27.7050290854779,27.8622080778035,27.1089277394973,3.15708299178427,5.20758084892023,27.2082813521973,7.0104883120539,27.6506431555351,26.2700825890984,5.95298352919882,7.62274192287273,27.3450263031829,27.2770847371494,1.34137888827815,10.4000383692325,24.3047153130344,6.82102291605323,27.2006940672651,7.18468254905135,8.97374822551288,9.43228952159889,9.22068868164835,27.2826103058253,27.8856374668987,27.3832795602822,3.24240701089627,5.16392555289252,4.02424898009748,27.4656799092004,5.28158741559212,27.2197654577992,27.9098684187443,11.647706402105,27.5691098956999,27.9771130333511
23.9897870449195,28.24841537865,7.27561977728273,2.98087023317375,26.1097455105262,9.97383047872256,8.7309466909868,24.0752083650957,27.6045934203128,8.37052889415242,4.17417470647525,3.10887706997272,8.15253712725529,3.76004037834214,6.31628000033728,27.2100033996117,6.55331729093638,28.36430416254,3.56513672432395,1e+20,7.87836591777251,4.76957293109771,7.9827426290576,23.3222447021281,27.4796696464704,28.6253269794278,3.1235079561623,3.80249419267817,28.6396796782855,7.58232388253404,27.4733182016561,23.7414652976339,7.92188301819228,10.2045216919091,28.0401301576885,27.491833027034,25.7601607950605,28.207325908458,23.5455254974235,23.6412334029674,5.13769035650036,7.03770016433536,7.8150312722148,1.51259024674898,1.91812458089809,27.4185025771387,2.16001607307441,4.57970409685204,8.30418219590875,22.6602260203125,6.51393966291482,3.70502768927063,27.5298970477688,26.06302167563,7.57399061688763,26.6988575057072,23.3827031371167,27.1011848035597,27.0065872379369,27.7184034918425,8.51628011091661,28.0267568506804,1.3839923294655,2.0827469267138,7.41598417545826,27.5177129992241,28.1767566375129,27.6005391657255,5.67773010531983,7.55127130157194,26.5766853700867,4.46890809449468,27.3281028226722,25.0033113079112,7.98609606315077,5.29455955969851,26.9569159209976,27.8970120235529,3.39370718935588,8.7215542276613,23.041866612295,4.20002293251843,27.4846191247479,4.7146002029216,6.81113479643115,7.4543579333799,7.14685530012405,27.6246147538466,28.2036531148413,27.5901969908343,1.66481595208347,2.85570691458051,1.37973197126441,27.7655053292457,7.66175881756108,27.5050716368568,28.229578488562,10.2700420213197,27.8749029963105,27.733932684644
20.1868326294796,29.0551505940911,11.8959773489986,9.40048284660956,22.3596656293262,4.04234791611521,2.06807833288893,20.5276258784668,28.43192443726,1.67285013649305,10.2867577556405,9.36644075992034,12.3547442516275,5.43808026940696,11.31208339422,28.2333562960121,2.73009351442154,28.1362733087549,9.75960029985548,7.87836591777251,1e+20,4.76725720657453,12.2458426793821,19.1508215917977,28.0192136273237,29.3307805463505,9.35334343791135,5.5848921128083,29.2311690322256,1.6759716609663,28.3137086723525,19.9083883749466,12.2320368031141,4.56510752388727,25.2992399211977,28.5008025389847,21.9849716532763,26.971540627926,19.8216821500196,19.8558014077007,10.6830631441871,2.17302168562635,0.225258264197622,8.15753085612546,8.55606644323001,26.9928922756403,7.36629741433516,10.4532036428257,1.68648896572988,18.5570204204811,11.450774550418,5.26681184149426,24.3863369797499,22.3740306217795,12.0493552584607,23.2023624271483,19.4677487773982,23.6875401560727,23.7459852807351,26.8345588242881,1.8037598041252,26.6604376634299,7.82959055682506,8.63161999319346,1.56231707400303,24.714482399396,27.9950261491891,27.5453821216132,11.0001091960468,12.0361585470836,23.0602298346799,4.89755620997559,24.2244837121698,21.3409187140933,12.2414638721878,3.86002056632205,23.5821287900937,27.1634728069648,9.84751780827266,2.28383303513052,19.2948481582752,5.35894692485,28.4456331840942,4.66349044845749,2.50662297923548,2.40725000244097,2.10776454067494,28.0795425071139,29.0033028257798,25.1613762589899,8.4448331825841,6.42583179934541,7.6742169993398,28.8594242277982,12.0722248037216,28.2712448507931,28.3718614518475,4.72843246336877,28.7767130142359,24.738255264944
22.1347323499922,28.6713358596258,10.1483047282917,6.70533261550477,24.2512098196396,7.67655356299253,5.8106478705538,22.3377756311945,27.9836825852042,5.36551664866185,7.99187707232768,6.63827779166835,10.7311949845347,1.87256028795956,9.38959682652196,27.6164129594151,3.09355688544644,28.7350500636741,7.23326425424319,4.76957293109771,4.76725720657453,1e+20,10.6043925248978,21.3108117391047,28.1935613880803,29.0764804223948,6.61790679433954,2.01524033728972,29.092163398659,4.27631233041309,28.1025396657102,21.8756738545365,10.5755051939788,8.00072806338184,27.0314703076032,27.8680335831863,23.8943033168679,28.1823742016639,21.6971433343731,21.79944178148,8.55293012220013,3.60396845221001,4.67277817022196,5.05801326394212,5.54470822775072,27.780870420584,3.84218562715831,8.22605541662813,5.33231665568058,20.6906022643901,9.56977951137633,1.79597144513194,26.1242061846348,24.2339268205911,10.3436120779287,25.1449641897638,21.4880090857347,25.3898401921291,25.5522014513433,27.8592634377172,5.53368486141004,27.9675257608651,4.59598166869369,5.65566883139596,4.14200406007922,26.4826089417932,28.592327938182,28.0789457915521,8.97254797093561,10.3276934006692,24.9362430978569,1.26337900679755,26.0156199186009,23.189941845479,10.6026322936026,1.59667110383218,25.3295650929605,28.0966430803247,7.37466241807062,5.87085690878504,21.2269013564737,1.5848154090729,28.0655383284281,0.991999832827621,3.21123472355952,4.03717091820654,3.60411893207475,28.2885181327796,28.6237190036473,26.8399081741903,5.40883274969183,2.9754643744216,4.39957814522203,28.1619550791838,10.3866971834237,28.1852536547097,28.6518418533684,8.09162992303267,28.5233493507024,26.5038436305472
26.6282049608877,27.3311868510869,2.00586105245122,6.59918391341356,26.630356986443,13.4307653831319,12.6906309053627,26.7388715493446,26.7797772157002,12.5090496520517,5.1540824100773,6.31512234000386,1.4356364038691,10.0636440320478,2.9384473799981,26.4365185408251,11.5438422306182,27.427006333788,5.70092786844439,7.9827426290576,12.2458426793821,10.6043925248978,1e+20,26.4839335139998,26.6632249824927,27.6483308267249,6.3305722385158,10.1359297094264,27.6598572716935,12.0931923564399,26.6563887159084,26.5092681758884,1.04149485474652,13.5708701775722,27.6359779122672,26.6729614030003,26.8439452925196,27.2964550556912,26.5115415534141,26.5068954766883,4.13719464170104,11.8087742700634,12.1975042778057,8.1049651814072,7.57076042648818,26.3925063648319,8.86878631935971,4.63709688088669,12.4725059853277,26.0656453788849,2.89590706196975,10.0864331029732,27.7101010563213,26.8066962172428,1.27383899291614,27.0378782123288,26.5226949500976,27.8994821109651,27.2573888091025,26.6020139771462,12.5751739634845,27.1476921495437,8.3795888432361,7.40247593577532,11.9949479351753,27.1756069399091,27.2751162741218,26.5843001781915,3.65217359569562,1.75857603241877,27.1452780055968,10.4627004761829,27.301176773726,26.9486308062944,2.31989757853359,10.8417608602031,26.7714770145825,26.7343053738824,5.95718186319905,12.6889943710616,26.2368660613161,10.3521748316176,26.6665914736128,10.5655000126212,11.6994272745737,12.0022969560906,11.8759708068561,26.7385699131801,27.2924471689975,26.5990683769857,7.69193564334187,9.13546156280817,8.46261009015646,26.9039423489253,1.05956484616886,26.6832569156078,27.3137195747287,13.6111130401063,26.9969980216955,27.5482245800969
