1e+20,50.5203904376552,35.5380278059164,79.0889431090595,29.0480345120362,33.5144369973038,31.6518307171179,17.513668095067,29.8616916644602,33.0528995381144,34.1325956230151,43.7024522735048,32.3620990275327,43.9672173549383,53.3851320858025,33.5961192240398,17.6253605836165,48.3726121531929,43.0578175089224,46.2790958723631,34.8443271629646,34.6122503115715,51.5445590270978,44.82972846674,73.3702833802323,46.6329788211672,18.8810820812107,19.5593564133785,32.1524885045826,40.9301233279859,32.520669139832,43.849574051356,26.6619524262715,21.6468139593961,32.424689217359,44.4019361995463,20.8241337916875,28.0555706717169,20.6253622809934,57.8326121626165,21.5206707021226,30.6688960916702,76.4496976852503,53.9081264845517,76.2028345594061,71.184414735515,53.1461256640107,34.6973972838686,50.6949240042563,43.1162620436813,44.7624553297418,40.4487219731414,44.6746708681375,71.2966604048632,38.102167336142,27.161320700671,42.0153804972267,57.0530955834879,41.00023240054,47.2213082480604,35.9745144011852,25.3148333709183,68.5808839055603,39.5607740460356,34.0130567724135,41.8140551572139,73.6507384533647,52.1888127718955,48.4313273580581,39.5136640116797,38.198400209751,30.797700836443,33.8012801821912,43.9944399015715,33.9788649548194,40.9937836665251,73.0557033288267,26.988930664707,28.406316079615,41.6792913275472,34.5732629665181,38.4639171278121,28.8350617630403,30.1715817430675,71.3599462062818,69.2309037880121,26.9395133687063,57.5011034562009,28.969461777354,52.4636891775049,78.4151008263796,41.6688825016124,71.1001342677895,31.1646663393681,31.9467555792967,33.7941793274345,29.6687239489743,44.5712297778009,30.5252506460384,34.3337569642187,27.2353475618075,50.8627005420162,55.1920538087517,22.3551030814606,50.5073223668314
50.5203904376552,1e+20,65.0396138235919,105.974591236138,57.909894412574,64.1413058107085,60.5195963010239,55.548399170243,57.2099377884815,65.197014237523,63.2564657452403,55.3411356579483,64.6097497729671,56.7662790308557,19.8181504105654,63.7636196070579,53.9281964192379,25.2738398566623,14.0773934806617,54.762812475776,63.9902913432205,63.5180930416857,50.994297800848,55.1164447898915,99.0201788070893,19.4813663044152,56.3622442845516,54.7353177423888,62.4600363818304,56.6797678387036,52.5264297105928,57.4320584418642,49.5200871446057,58.7957242258325,64.979289338702,55.2978171766511,59.2218718200322,52.6224377027449,57.0731646461731,18.5515971279239,54.5586022811039,49.4899226772035,101.283465509305,18.5566576478143,100.729997722011,102.102975905078,9.70342818600003,52.6442403246596,53.4848422263965,56.1668492706558,57.2042654270094,50.3951459336777,56.6007277035837,99.1981195286954,49.5235815711571,51.5342397804888,54.4702805273721,19.3220565047285,48.503324792725,26.8244180343489,63.7467154353348,60.1402053075647,100.796994415736,47.5915123339814,62.7667093028728,54.1835553157497,101.580087351488,19.5849189092967,53.7485696135554,48.6254735479932,51.1972063083878,49.980187508551,63.4071693803747,55.260792916741,63.5792178677705,48.3026800584038,98.1608748282418,61.956548208887,60.1430064433262,27.9492640431154,64.1842483482121,60.3659690507829,50.2749131614454,53.7186934578335,99.1147705523242,98.3342044399032,61.0223787027791,15.4052159158867,62.3498124790311,15.1685563180033,102.788410867727,58.0082048439358,99.9405096322622,64.5596666939129,47.7018549218797,48.0901232890561,66.0759478519204,56.0810332187927,60.6644239372105,58.6106766741526,52.233181875316,51.0002062462025,15.5179279016308,57.3749383869662,13.0235885668459
35.5380278059164,65.0396138235919,1e+20,71.7064137441521,34.3450442840029,9.43055249510592,9.42372090599769,33.6513628197613,40.6781837444915,12.9993188815245,7.02742946618887,34.6095086971883,13.0857602750015,33.7699229972903,66.0799192535561,8.13433726771429,36.2133718920084,61.0303317680101,61.024874958972,38.2569138177382,13.9141909870456,5.82884807808889,41.8151049609947,35.8817728647321,66.6682360688065,60.3898297718455,33.1536271019207,33.6000800680525,19.2207635492042,33.6016981659902,29.6962802060461,33.4114389962303,47.0798488458535,37.2058641964437,12.3016339359103,34.113433702706,37.1854857098079,45.9529399053808,34.637766647229,72.0015345333778,33.2559025950122,52.4881797435958,69.7241805990981,66.918396512502,70.2268495985303,63.4012687441191,65.6468997759438,44.5771030113116,37.2650522760695,33.2046531925347,32.2277432654217,42.8480506137495,38.449780278784,65.0667858477779,40.031993212072,45.8206092740353,35.1608947709961,68.7233380048743,47.5593101138299,57.452126287544,34.0355978542154,34.493258087142,62.0113424012238,48.6613348209349,6.81169069860979,35.3141301822336,64.8629889600923,64.7767637589828,40.1290418699149,48.9821365236515,53.4901096381476,47.0189759653519,6.84300156064468,36.0566711146563,6.53017892015555,48.7377155104865,66.2554195399944,39.1160658341195,36.0214317815946,59.1949408636,2.62526834247143,33.3439199152371,47.7456509322375,43.3331378827458,65.6168156860155,63.1209910725856,35.8221713054534,73.4530283772617,36.5888284288074,68.1361036983534,71.5238695810277,31.4162374315749,64.3528012418743,12.8979983925507,48.8680932363449,32.7958567337349,33.8028041914299,33.4357137571903,10.4833139255108,25.3506164057763,45.8777391961471,41.6950936133503,68.0967747243822,36.9439097657321,66.5000874355838
79.0889431090595,105.974591236138,71.7064137441521,1e+20,72.7993291105549,71.7580766276985,68.7862163034729,73.4293305966356,69.136205736612,64.5721195434891,68.219570754453,80.700703334058,66.7880802789288,80.4198334986989,107.978178214582,70.1038708695034,77.5249400134347,105.032720598231,99.8200421790371,82.3294591167216,70.0219462494505,69.7788646362179,87.0997917487454,83.5181075770274,41.3064196117875,100.623140517921,71.3954655534757,73.8471534513628,68.931602461419,76.7925266927507,88.9869468390955,80.942248776353,82.1925892167194,73.4003840847021,66.5767700766508,81.2517349547274,77.9152724172404,78.1485326908036,72.8579838443391,110.711033933117,75.3215213802511,85.0637175043307,33.7434287849464,109.162194598646,31.6282353273597,33.1719370640137,105.599201504011,84.8481327299662,86.7393485439119,81.2723876490963,81.1883052356871,96.534544931397,85.8086901943078,41.6044307319003,96.993718873202,80.9292655145501,81.9465667382392,107.911455313013,100.635184360829,101.701965226242,71.5767960460697,69.9530514917553,33.4582793427246,102.12474337003,69.9312756634052,81.5503746706368,30.0046410354594,108.227062505636,86.9632406482652,101.301278992279,99.7118091182216,83.2537464483403,69.6427196120237,81.9667149850414,70.0226872174057,100.442637672743,42.6213693759855,70.8534843422986,71.4669871957274,100.710778779306,70.0827175212502,73.0708891124233,82.2047382234603,79.6631066248246,38.9854137114053,22.341948931002,74.3532411656614,107.439738077392,71.8123462194286,108.31377372131,12.0417301314894,78.1685702399725,41.6212612575911,65.5483475622507,87.9919819487989,89.1582248896697,67.5251829403086,80.7939906018845,68.9020108956812,75.2766887574093,81.5263258574412,88.4568302461859,107.931309392059,73.1752804776514,108.169727815184
29.0480345120362,57.909894412574,34.3450442840029,72.7993291105549,1e+20,32.6890410435358,30.9158233831872,40.3490194382696,36.0559533526066,29.0552470157139,30.9651585574709,42.788684769371,31.230278439485,42.6389716600992,66.6490424399966,32.9069367955124,39.6892454710882,61.7651689500876,51.0820378016608,46.2118364295781,31.2304141948824,31.339722741217,45.5483575373353,45.87357018226,74.9949068746295,53.6823781998683,40.1411486040541,28.5343728800707,27.0232093875733,41.0263760312928,38.7453976771844,43.455689063741,49.5692506242005,29.094856493986,28.4919362113902,43.9311224782219,28.5182895445895,49.606193071093,40.301506464187,67.0147231994842,29.5916501860448,49.5365710925552,74.1711684115927,65.5330097300777,74.1319114294201,75.7470745418803,62.3515019886333,44.2446925945637,41.9147403287405,42.4450423407655,42.560230553832,48.8149936239444,43.0979288661927,74.7404796543827,49.0249298122123,49.3971952412687,43.9737289970608,63.175969281549,49.5438665456799,57.6552696628279,33.0262918699694,32.6529181591619,73.8407296307691,49.1342372319436,31.9063623785513,42.6207014236423,77.1021897819512,65.7037749595834,43.791931482496,48.9985982963827,45.2837077688097,46.9753322517056,32.0924575044609,44.9493406767924,32.5853783043786,48.9540810582864,76.0386377597838,30.9040602064588,32.4494956267262,50.7481972886997,32.2658458312417,36.6879932402285,49.4662244663177,49.761687471593,75.165702475462,72.6117642801144,35.2143588488828,63.4496435573701,34.0834479171655,65.3927933030662,73.6495055391539,40.7530229174851,74.2799782504782,28.5985371070303,49.9600469626033,45.8881948515598,36.9105579910918,43.1044612949474,29.3906948590011,37.7256023022611,49.4808444701642,44.6138538645357,65.7269260856529,29.0626345796202,61.7684797010848
33.5144369973038,64.1413058107085,9.43055249510592,71.7580766276985,32.6890410435358,1e+20,6.72542545757736,34.8252370584738,40.2624466550746,18.7965864705928,7.63154990017355,36.0650760591341,10.5735526175048,35.1752891445282,64.6534810691652,11.8285601599614,34.7885292316568,59.0218070047159,59.5989044326279,40.3042749048056,18.4743795378494,8.51560045390588,44.0485798056239,37.2544681388405,68.4445103952499,59.4233223869393,31.5309573024842,34.7542193671566,14.5565269296511,34.9993419605451,30.0174695510923,34.7841871693505,44.8700827140158,37.7782468474892,14.0696010794142,36.2195590204005,37.5835665599964,44.4583840839399,33.7666308026153,70.7248819319986,31.7427568905766,48.9770001561531,71.0386768664052,65.4244433883356,71.0841658215061,65.4036787329714,64.9795502040228,43.6122544570295,39.2040156224023,34.419274382287,33.5602604488899,39.2394042952376,39.9740865835045,66.6214640086652,37.3917275837312,44.31678229653,37.0968904078967,67.5516258170816,44.031201221177,56.9228962248945,34.1608337600131,34.9361301873325,62.5168813330508,45.7175573398697,11.5394291278759,37.6829815981068,67.8422746186239,63.1038747617972,41.2280377057789,44.7777050090104,48.863541785921,44.2323156711996,10.0584035372622,38.1431032424007,8.18361392089088,44.4406911971803,68.3994405293038,38.4416005103882,36.3531508876051,58.9183616179292,8.96156122223111,33.9175609923815,46.5983762505883,44.4898465016431,66.9349627451962,62.1820877596669,35.0477334468211,72.4566754604416,36.1001829106943,66.5531263892487,70.6421663444556,32.9287174905737,66.1379976393585,12.1970859536701,45.6485178326581,32.1636955396643,38.3992497529325,35.0124693762839,7.21698279965294,21.3988881658137,44.1650437193464,43.7524024267185,66.7125316590503,36.8411174404221,65.2367217777227
31.6518307171179,60.5195963010239,9.42372090599769,68.7862163034729,30.9158233831872,6.72542545757736,1e+20,30.2720128496178,38.2732480175554,17.7198800904058,6.0974429142548,36.1168232342256,10.177383864292,35.4011157520941,62.6741036899153,8.92920458970001,32.1409653838154,57.199796784476,57.1141712723371,40.1368277224446,22.2252671371491,7.47612615143158,44.3664304325238,37.3029717269158,69.8315300583667,57.1536233373944,28.5288050342799,31.4222545806385,14.3532119312237,35.0520690961729,27.8879819161381,35.0272192083479,43.0041041185321,35.9092023373688,11.5107232679666,36.1228452207765,36.3400468152525,42.0385459707048,31.4013258497135,68.4758907430648,30.7835479384415,47.2915343781082,72.0118306588851,62.7155186284291,72.103818490793,64.8219770069047,61.3888581304318,41.1465345635836,39.3215903145105,34.6452680451903,34.0041732055949,35.9011037306702,40.0119827419175,66.6677075890176,35.495572721073,41.9603050144088,37.353211483546,65.0801669134642,40.9161479964251,53.2577084651553,34.8136809584018,32.5806780055334,61.793828427708,41.9692722239482,10.5220033915429,37.2692054152949,67.547002160195,60.5598369335672,41.211109568058,41.9713514713797,46.9401659827032,42.5624300492993,9.613767782993,37.5717367981362,6.19083721603159,41.5363862721292,68.4650023753324,37.5027440783792,34.230521048418,54.2307712622125,8.40052976437957,33.8166173777056,44.1286037677935,39.896337702303,66.8310086799272,59.8191367238565,33.4828121099799,70.0077187426827,34.9340301744891,63.8383997077606,71.1474682732173,33.1545440981396,65.7559973001913,10.2768186759548,44.0451205040009,29.1442259656449,35.6221403032178,35.3157599376636,4.72203710913949,17.8599985663253,41.9984367079475,43.9936862553836,63.8299517009927,35.6431057880034,62.5184376758531
17.513668095067,55.548399170243,33.6513628197613,73.4293305966356,40.3490194382696,34.8252370584738,30.2720128496178,1e+20,26.2590366350438,39.7708449084567,32.7815868605014,50.4319667619445,34.9719495795829,50.0682500121103,56.3345774731104,31.6925229444919,16.7362217847177,51.3948289233009,47.8807522574257,51.8635206845927,44.1804310482903,33.3298187063078,56.6440614597004,50.1791591505713,72.3180104797918,49.031265493735,8.62712129686485,23.8525028756641,36.8375486702951,50.2820016089553,32.7542610679876,50.5458161336703,24.3549082745172,28.3413700402121,36.0643172017787,50.8339494584411,28.0153328894412,20.4656775306164,10.1695676323314,60.3262040423111,26.00330035003,28.4206925725698,72.4881221541013,56.729090212842,71.7262839484503,68.7414227026151,54.7471253631035,38.6209573449507,57.4120044104978,50.5667105058639,49.729705666525,40.8680301731176,52.6929432709309,69.6089508757625,39.7016983872466,21.0633181848181,48.8163074044069,59.0145391670647,42.3798562021691,50.4488265844594,37.2232649734224,24.9950182842985,66.5614926142826,41.9850640784052,31.3429959800738,49.2146609903527,67.4993211390313,54.7840520038026,53.8788249552625,41.8722339132167,42.516136692213,34.1008966117742,32.6819081445279,49.4552360362905,32.1481153845883,42.8636837937765,70.0190761088812,30.8769820542272,27.4049408777004,47.5785717346255,32.8114880836388,49.4163345603575,24.8633801434651,21.9239055895223,72.0343414959887,63.8069769084677,27.7537849671053,61.6236542689737,31.3633593330473,56.7721975034091,74.3445015368983,49.2698177107159,71.6764704127611,36.2366017977921,32.9701702480088,31.8039177687409,30.3923262561937,50.8110437975474,29.917747628233,31.7851032441032,22.8067868770403,54.9714850479126,57.4623582783453,27.7650960125406,54.0071888605847
29.8616916644602,57.2099377884815,40.6781837444915,69.136205736612,36.0559533526066,40.2624466550746,38.2732480175554,26.2590366350438,1e+20,46.0705740422471,40.3867387858062,49.5121104937492,44.4723986290522,46.46950699379,60.8880803320225,41.685126738569,30.5980051315982,54.7223145541741,54.0557002645126,50.1583877342937,47.9064947254492,39.7487422752985,56.8222485305356,48.5309369938,64.6797673857763,55.4552737269219,24.6288516147028,20.2277906025217,43.6794371890452,45.3736520025277,41.8378230266233,46.2551711070175,32.8972723884492,21.3149577410724,44.5405581195166,48.5888412715756,26.9784060208064,32.3469354066522,29.0911045066663,65.3639522421034,17.1806842784543,38.3789982374256,67.4620190210274,60.3162186741285,67.3782918197245,63.3682328156127,58.4016100417984,45.091104504788,58.2754582916876,47.618947801477,47.5931645045328,51.8145906805253,50.527267514178,63.0473463452381,49.3530025671616,34.4178359972079,46.3082935139209,60.895947512798,53.5532328164873,51.9871776537449,25.1983755890373,14.1970476996445,61.7275549743984,53.0269838161446,37.2442528554951,52.5471121206851,62.9571645206436,58.8048899418487,54.5757601155553,54.4135524926569,54.2597776373635,42.0984726785712,40.5713818584054,51.7947228232504,40.3144195258328,53.7218180569448,63.6722315175275,21.4576317624827,19.959976237534,53.6712732207425,40.5744702250894,49.6375576587681,35.2141188951267,33.5736506585736,64.5064572719148,60.2760521474225,20.6538158066476,66.7941867839177,18.089987478026,61.2059229761749,70.0739551534532,46.750335923444,64.3323676271356,44.928349607249,38.8258541325825,43.481288817702,35.2260168737049,46.593184759423,37.4480708129947,44.1922881678916,35.1515378338604,57.4725476511766,60.60258328212,18.6551809501639,58.9470982413413
33.0528995381144,65.197014237523,12.9993188815245,64.5721195434891,29.0552470157139,18.7965864705928,17.7198800904058,39.7708449084567,46.0705740422471,1e+20,13.9385353457479,29.1016568590502,16.1419286529414,28.2088996972733,70.1048429575227,14.9335094385596,42.7587951550492,64.7182078073491,60.8324440837415,29.480756329282,12.56231910996,12.2110282712268,36.5226530395564,30.7071850221657,69.9823728746184,62.1737338577729,38.9348413141963,40.0210650832941,16.6837808167847,27.5309095578937,36.9811531511145,28.1247977962133,54.9047963569831,40.793310154494,12.7023514380657,28.6609975604759,42.6264818925822,53.4703574688567,41.4221043586488,74.5785552012451,39.0501270145875,57.2080391476087,66.6215033943771,70.3415031882489,65.6436778151674,69.4693359937109,65.8032205592514,49.5889842444784,36.7055556871143,28.151489668427,27.3770835852114,49.4044029407084,34.7407272742791,69.4017500499513,47.1762960520493,53.2850832046254,29.6167610983463,72.5913792780162,54.7568329479793,61.8539144253983,40.4702032431851,38.7869997956332,67.3585544698306,54.3730698524967,9.90704338643117,31.3817776709064,70.2625852395266,68.65796336261,35.001919246051,54.9478564799934,55.7681984858459,51.5534567951325,13.7581770668705,31.6446979384947,14.0798741178148,55.0933769852374,70.4761887556417,43.2880334385688,39.8500939732301,58.8135351288086,13.2379417842929,25.1017097293515,54.9740976778262,51.4155256920732,70.1589113522433,66.6775542561157,42.6832989110091,73.2731841925079,42.4188315486042,70.0710782513297,64.4636274092276,25.8426032432502,68.8649337118134,13.316977212484,55.3767686145397,40.4713624486212,38.5612986824411,27.6570309571733,17.5047661124148,31.3883907473776,54.2462064746056,39.7977562033025,69.4777725104708,41.415874421081,69.2865397366551
34.1325956230151,63.2564657452403,7.02742946618887,68.219570754453,30.9651585574709,7.63154990017355,6.0974429142548,32.7815868605014,40.3867387858062,13.9385353457479,1e+20,36.4357025276779,10.9485184697844,35.989224479177,65.614859563776,7.20544672925275,34.4824590803026,58.9359433505066,59.5120594191103,40.4470511576021,18.5324836207412,2.4932424049,44.0960684791199,37.8758041488009,68.9470931579333,59.1984073471897,31.0723211501165,34.0543149400009,14.3286243027753,35.858836367877,29.7916194479088,35.6307404781169,44.8875993046911,38.3192860558681,10.9067821468819,36.5114047523449,36.4609523075226,43.8395823766111,31.7474966544573,70.8705661910793,33.0057929821215,49.150896228273,71.7501365762764,65.3673076238319,71.9488979861937,65.2198010901701,64.5499869094873,42.6745328634451,39.1172051968926,35.3364053402535,34.4465641734072,38.4578043311094,40.3149509851608,66.6393673881902,38.4095359632608,44.1296158963768,37.5442659848123,67.4254696844356,43.3030296412847,57.6235776857515,35.1053703231385,34.6595131428727,62.1498560073396,44.6431963422699,8.74539923888991,38.1124330287573,66.9159962675872,63.9620295465091,41.5146651369211,44.2903113109454,49.0814620309858,45.2170256914304,4.44750584561528,38.5793269035818,2.93949144189999,43.942962136989,68.0285773980335,39.3112754892726,36.8108181606146,58.6812329769806,6.95295087288711,34.4704563825973,45.8153070528026,41.6693679872784,67.0510348478828,60.8707774089987,36.039051206056,72.3850287938167,35.9926704891384,66.534484270973,70.5586728663222,33.5598235465385,66.0241806373632,8.7380921901236,46.684559755543,31.1624759292106,36.7450035687769,35.6550152390769,4.7644647692351,20.2126870551154,44.4343377659594,44.7267818877487,66.6680800021423,37.3737011537591,65.0214754425369
43.7024522735048,55.3411356579483,34.6095086971883,80.700703334058,42.788684769371,36.0650760591341,36.1168232342256,50.4319667619445,49.5121104937492,29.1016568590502,36.4357025276779,1e+20,33.6350517707953,8.52270344106969,59.1719213126868,35.390852295576,48.4166025063236,62.0258617237338,52.4247185469665,12.9131942206724,26.6366936726524,35.9450257138265,19.6060331447418,10.0328122749534,80.4256224472072,53.343941381949,51.0371073638114,47.9963665154182,33.8079045527333,11.0376511386461,42.2699960863893,8.85679090685957,54.2154897011471,47.7553809662007,32.2519963588834,8.11624773903939,48.1193012422096,53.4733136648982,50.2134568410319,60.6353450105323,43.3855735360718,54.7525534519391,76.5787550437741,61.772313870632,76.0180251241572,83.2129136739239,58.3042003754397,55.0275921221697,19.9393396542374,8.92954037969696,10.8663899012909,53.1301051538672,18.1814436329397,81.2916898071523,50.2268444208547,51.2479424555881,8.7109040233674,56.1475469148464,53.3404559600393,54.6250401666503,46.153058512806,46.1088786383242,83.0605212369095,51.3576904228342,35.7107108502072,13.6859424071351,83.070373496134,62.231272955734,14.7585774656262,51.8018541961384,47.339341845537,50.3209735364384,36.5843887353563,13.0598477030606,36.0488571326512,53.3450628370315,80.8157554341557,52.1633980072165,46.8025465363215,54.7503581214043,33.3055871596216,16.2587083872061,51.2663062185163,55.1262640596078,81.2689070412511,84.187578521462,44.6777181420202,57.2462832850753,47.0457132057649,60.2241760632195,77.9899159192153,5.06681577959207,81.2029559171511,32.8411991842136,53.0227441620217,47.5137779784002,49.8950685366271,7.51626763987878,35.9714190737561,47.1056445347454,51.4549655915674,19.8762153167729,60.3286107835937,46.4622264192087,56.6598016932692
32.3620990275327,64.6097497729671,13.0857602750015,66.7880802789288,31.230278439485,10.5735526175048,10.177383864292,34.9719495795829,44.4723986290522,16.1419286529414,10.9485184697844,33.6350517707953,1e+20,33.4868609549164,67.6289862641528,13.9273454847001,37.7656890975464,61.0141484632195,61.4215612364811,39.2087671399723,16.4171736551612,12.4693106636346,42.9230283404925,37.4267934656171,72.5984491739499,62.8380713386263,34.4118932065004,36.3790143441128,9.10293799919151,33.3221770939628,30.7581110945847,33.4774072444114,46.4202902572949,40.1441334817915,7.20858011699323,34.9026211609823,39.6259181898051,45.3124421441148,35.9329515422822,73.1623233231566,37.2184359640506,50.978924525305,69.4875423992074,68.0503471690143,69.1013615260333,69.3034755662459,65.6858041765549,46.1657349997459,37.3237169536188,33.7900433634259,33.1772624130563,39.2775098477548,39.8118524055391,70.5210000734432,39.4634677922033,45.8202858911495,35.4075692906132,70.336424357652,44.4490275993169,60.535138609116,34.602176381524,37.7567811964462,66.2394399611079,46.1881551020814,16.4491170540378,36.8613324122093,71.7399454993385,66.0663845932186,39.033797658661,46.0502493819369,50.398033411407,46.997174426628,12.6100004867868,36.2373441070036,11.2132761664699,45.6392678884153,71.5797129139991,39.0759237423519,38.0015272164151,56.3384594821652,11.829165569843,32.1933387588097,47.4366253308574,42.3894740917776,70.9865314311876,65.5506205417644,37.592399376547,73.7748158544997,38.6091782244601,68.7535669094874,68.7887010276932,31.2038177662595,69.8360764951659,5.09330852989152,50.3444325120486,32.3239227390454,34.0801169553906,33.6841926285489,10.1779706107878,19.4075514195686,45.9456191386325,42.2498790148236,69.1219867007426,39.9035741611204,67.8500858725176
43.9672173549383,56.7662790308557,33.7699229972903,80.4198334986989,42.6389716600992,35.1752891445282,35.4011157520941,50.0682500121103,46.46950699379,28.2088996972733,35.989224479177,8.52270344106969,33.4868609549164,1e+20,60.0933752420416,35.0799273570426,46.2527356265345,61.7837395314286,53.764724114959,11.2191961696836,26.542991203396,35.37632364487,17.8882567790104,6.37138875704601,79.540835126046,53.7933035026876,51.973913447734,48.0120651154209,33.8004971962031,11.6967143229387,42.1649170761824,2.72969727076695,54.1569508393091,46.2090620060554,32.1851143662832,5.12190199336274,48.2131181744609,53.1229163211912,50.0198804294565,60.758569254714,40.7400515504823,55.0926573659019,76.6519835155026,63.0737489095053,76.0959056920285,82.1830557135342,59.70795890546,55.5112819505762,19.8153355647154,4.62622499326363,5.2344251782996,53.1425711213003,15.3696902924857,80.2625229528525,49.8850596961623,51.0451585351107,5.95451121520409,56.5594442053383,53.4018917302188,55.5084561583077,45.4250286540067,45.2504098283434,81.9690777105913,51.4471468593773,34.9284995213127,14.695440210677,82.0960618462414,63.0427575409799,14.5762724487661,51.8088940710931,47.6451327596621,50.9214351299404,36.0375293245488,12.0620907845515,35.7135429476107,53.3999495248474,79.8566482167525,50.9667828685599,45.4404805274228,56.8452509057241,32.9952640759825,15.2327738572818,50.7722885071966,54.6421114837461,80.4584096965376,83.1277331986276,42.0164951055964,58.531902083951,46.373221290365,61.4683793275771,77.8409026517682,5.84135268863847,80.0821950624759,32.7742476799075,54.3466133750689,47.0124011368868,48.9870142726593,3.44269157202548,35.2915510913061,48.2479970257216,51.4234647537505,18.4466422454028,61.5689092832552,45.4689692170773,58.0096269420331
53.3851320858025,19.8181504105654,66.0799192535561,107.978178214582,66.6490424399966,64.6534810691652,62.6741036899153,56.3345774731104,60.8880803320225,70.1048429575227,65.614859563776,59.1719213126868,67.6289862641528,60.0933752420416,1e+20,64.5866324260581,56.2274033303296,16.7777123384608,24.2848291514338,57.9412848278377,71.2231346105222,65.5676385503807,55.6461235266048,58.2517874421344,99.9246936967555,24.7504874930437,57.9944417755401,58.8268366011656,66.3372852375316,59.5472597962267,54.0666331824082,60.800389637378,51.0779086417597,63.3110120144675,67.0167388467679,58.7935802509145,60.9342541446987,53.1329603169504,58.372044104617,12.8512781264386,59.0634532896982,51.8319649197816,102.385454307351,8.36060889219826,101.386558019056,99.5850357109743,13.6952923682356,59.7627932942425,57.9902051090725,59.9310430298064,60.7350418262043,53.5715218221168,59.1306353829382,98.9899945316308,52.052695706963,52.9411926038836,58.2495743869003,17.7365773207029,51.6020830227807,19.5775610016198,68.325545978921,63.173734635074,98.6597432625561,50.7149142048854,64.1591004852424,59.1380236070924,101.210096113861,5.58448259137617,58.184755727705,51.3533657344623,54.6201257224362,54.9782813002522,65.3971027172489,59.2360278805618,65.3402968376792,51.5216105321743,99.3678567225697,65.9142241707666,63.2307527364553,29.8384037821881,65.6473315252197,64.0438416348427,49.8299671731475,55.0737129949482,98.0369859306753,101.371561639577,64.4338871651035,12.8652670564769,65.5443804645671,7.00302454614972,105.715302736475,61.4473977810744,99.2479878802748,67.1181941351649,50.3993454998303,47.0040617969234,66.7414054184561,59.6075131178733,63.6815111969208,59.9892592763402,51.0692141118781,56.1053537667078,8.25844299974636,61.6438993283647,11.5766417451008
33.5961192240398,63.7636196070579,8.13433726771429,70.1038708695034,32.9069367955124,11.8285601599614,8.92920458970001,31.6925229444919,41.685126738569,14.9335094385596,7.20544672925275,35.390852295576,13.9273454847001,35.0799273570426,64.5866324260581,1e+20,34.4441055490664,57.8410906816466,59.8167943156591,39.5266198924407,19.0293206379687,6.9957968858143,42.9963629932476,38.1272476690672,69.3764867740334,58.9399101299937,32.1153025452914,32.8586666866785,16.6265868202338,36.0753744185696,28.5333490099689,34.8763726687052,45.7823249167774,38.6362814636607,11.7957440197984,35.3666421098426,34.9375831222994,44.6497686216475,32.508189800512,70.330022579986,33.6438668341222,49.6186463289825,70.8938857115764,65.1008889456076,71.34813512188,64.742830869277,64.6860603600231,42.723235788802,37.2158250002705,34.5391699927073,33.4280406396248,39.3972811928416,39.4559966740806,67.3984322287349,37.943645141482,44.1830747184501,36.4318822395827,67.7166368987229,44.1194894244702,58.3476981873356,37.3717156908215,35.4563382701515,62.0405858423921,45.3320671728576,11.2392065706042,36.3658852701984,67.0410967861616,63.2135026544001,40.5629171360191,45.5371836816347,50.2145020130641,46.1362447851483,6.40023753933741,37.3671388912305,4.6975918118143,45.326138759161,68.7509056210886,39.4024394406822,37.6602104619372,57.0153768114465,7.15118981784957,34.1715571467769,46.5134315232507,41.8412426172662,67.7390306993796,63.5280545812179,36.541447567146,72.4472328095713,37.1965267333037,66.2982568561791,71.6883865519061,32.7575986644985,66.6352113851571,11.1195251535626,46.9724593541035,30.9436152616021,32.3351413009335,34.7457181169426,8.87706606208089,19.5094498186822,44.4685806948101,42.9430215727847,67.2423692405141,37.9596193540093,65.081929221328
17.6253605836165,53.9281964192379,36.2133718920084,77.5249400134347,39.6892454710882,34.7885292316568,32.1409653838154,16.7362217847177,30.5980051315982,42.7587951550492,34.4824590803026,48.4166025063236,37.7656890975464,46.2527356265345,56.2274033303296,34.4441055490664,1e+20,51.1733537247319,47.9848901851625,51.7944405562038,41.4274433470071,34.6473623550187,53.0486365693346,48.137659174581,68.7195663910952,48.9881162212811,18.1953835153217,26.973108157828,37.3165130033435,46.9795727270956,33.576681253616,45.2274939542877,21.4853012835457,26.9665712022329,38.7744935852109,47.8159489965853,28.9618960286396,21.3353503618839,12.5611966714607,60.0609033175011,26.6973412352281,25.3817370324504,71.2517547949779,56.7485469301177,71.0583542514512,65.9016435923819,56.9254827107957,28.822340711576,52.0282028950579,46.530167173503,46.1930987532246,39.0154909538526,49.0403361179487,66.1212032540032,37.1667312688892,18.3336950120152,46.2890982737007,56.646535613036,40.5350519454897,49.7307385761535,35.9055883678384,30.2911767883437,63.7073307833357,38.8257210062901,36.0014566673719,50.7115953496004,67.9931539289482,54.8658704501325,47.747410038146,39.2935154733504,37.6614875373802,22.9504611959406,34.3594440117127,49.0334439960406,34.6502975234133,40.5943267560479,67.8138250149275,29.2703326682667,30.1297937919583,51.6044123553479,35.5323273125453,51.371059335425,21.7668403534064,24.4904383970044,67.7563789600266,65.7285010489964,26.3032000678552,60.609263303846,28.7795627394821,56.3646730677203,75.7848327994559,45.811969363317,68.1666704229446,37.3244704224125,24.5289628322109,31.409834574767,33.8153552272866,46.7389717660841,32.0554469903507,35.6254480534789,19.6802889089168,53.8348026404864,57.8816320305758,28.040467823897,52.9027648465045
48.3726121531929,25.2738398566623,61.0303317680101,105.032720598231,61.7651689500876,59.0218070047159,57.199796784476,51.3948289233009,54.7223145541741,64.7182078073491,58.9359433505066,62.0258617237338,61.0141484632195,61.7837395314286,16.7777123384608,57.8410906816466,51.1733537247319,1e+20,23.158522945556,60.2784359576262,65.6200478426554,58.8199280391594,60.2150264006574,61.4805671664888,99.3976224525172,19.0852181935286,52.2133816386193,54.220888145697,58.4726932373781,61.3369651424934,50.8373179128087,62.2695704121536,47.0105090828272,59.2065179249985,60.3602842413111,61.7837998304003,57.4721807416008,47.4801660819182,52.2709298653957,20.0017139549028,54.6438300134341,49.8682728494877,101.939098853536,13.3765264373107,101.823241305874,97.0088121931239,19.8913332762995,56.5627695113446,62.4066282697524,61.2962994813681,62.9447864229815,50.7143399760553,62.0594866659789,96.9122517063794,49.7022826824176,48.8667207326119,61.2846773008227,26.0076076689887,51.6311191306337,23.835636911634,63.0265626970761,57.7000123500626,95.1829028728542,51.2129517390159,57.9921194176981,60.8098638029592,98.323362875226,13.3948393792137,61.2202370829627,50.8876677945436,52.3430702967668,52.6266965509634,58.5543320794504,61.1028384855041,58.9944915485085,51.609858234651,98.1731359661058,61.4980124566369,59.597393662501,35.059860512994,60.4604224243913,63.1535580544154,45.7734123219154,51.2339457602695,97.2273734593461,96.2131520802078,59.3304533264081,24.1026518411572,61.2152936027928,15.5072238473991,104.359541575876,63.4208380890855,97.5664356243233,60.1297414604181,48.1341362797346,43.506540491304,62.3500335283369,62.7639000075819,56.9621555330128,54.9873473913814,47.3480223351201,59.7889509340617,17.2059033997308,57.6628379122758,21.5117627874707
43.0578175089224,14.0773934806617,61.024874958972,99.8200421790371,51.0820378016608,59.5989044326279,57.1141712723371,47.8807522574257,54.0557002645126,60.8324440837415,59.5120594191103,52.4247185469665,61.4215612364811,53.764724114959,24.2848291514338,59.8167943156591,47.9848901851625,23.158522945556,1e+20,51.4456239459367,59.3995436035302,59.7421272390852,48.5697279382082,53.2622369137349,94.4531388703142,13.4121503160731,49.4494051744936,49.4995347780529,58.5339299797621,53.653846904145,46.104391337145,54.0964758595731,45.7336859351576,53.7145641717265,60.3139408175825,53.0071374885097,51.9068077032613,46.8817016793101,50.4158738821347,24.3575681192124,52.7547350385402,42.9689653473083,96.1063280044391,25.0088393267715,95.5175785465732,95.8114217572083,19.37983037184,46.353937972042,51.5439923435363,51.7705523223886,53.765313104757,42.6524182412018,54.5026771482832,94.4949232358256,44.867821458885,46.3609260541016,52.2963920456093,26.5777723227176,42.6037414435362,33.2818299589859,62.4643473839124,55.5674243172184,94.9328114675784,41.3708354347739,58.7347319648526,50.9564692983389,95.3266814915738,25.8410616165855,49.8763198122605,41.8168449814777,40.8722313762721,43.5594168563099,59.5380798350966,51.7072480386457,59.8342159847936,42.398804318071,94.8268211412613,57.1080646871254,57.467040818477,35.271392984925,60.5661833144804,55.130400489373,45.7362759201052,48.5779627442849,95.7269766110303,93.3702488747045,57.4175822838868,17.6781995511287,58.5223463689715,20.2145180141587,96.9267849920256,54.579269294064,95.2767872359755,60.4578549594017,45.4709427967518,43.9222606705552,57.0425522857096,53.7082374721128,57.5385157624987,55.8231353124106,46.5950973690763,47.8635580059842,21.6318247392616,52.2782841359948,20.3026101069394
46.2790958723631,54.762812475776,38.2569138177382,82.3294591167216,46.2118364295781,40.3042749048056,40.1368277224446,51.8635206845927,50.1583877342937,29.480756329282,40.4470511576021,12.9131942206724,39.2087671399723,11.2191961696836,57.9412848278377,39.5266198924407,51.7944405562038,60.2784359576262,51.4456239459367,1e+20,32.5790864146604,39.8388778051352,16.9767842310006,11.0293254464779,81.6644244766856,52.5506463710629,51.6652743413494,52.6814475877183,38.770821129859,14.2733034861374,45.8534976899119,12.4753967970756,58.867985377018,51.3418527175575,37.0941413989193,10.771043739006,52.4499060873865,57.2841220842906,54.2868455957461,59.6958176953037,46.0718314008086,59.3836225745224,77.5464539514608,60.8550724029929,77.5674352335284,84.5242391553659,57.447234391594,60.3884736434493,22.304129803678,10.8503724595406,12.620026186472,57.1952947669234,18.0385394771614,82.8293468232097,54.4850293762748,56.2135644840337,11.655599444452,57.431586319392,57.4492308034446,54.8526464265071,52.1033684429438,48.7871662271312,84.4238408229456,55.605076754232,35.7207898620613,12.1950159128254,83.9670738894726,60.893780873773,19.8414627147271,55.8797429555894,51.5227424652629,57.0674257305827,40.3552780360927,10.8802443460672,40.1395938667292,57.3842454622549,82.008622066286,55.566641772838,50.4711994031983,56.54571841142,37.8021146811833,17.4591573036049,56.0462043027845,59.4118391181808,82.7649345297738,85.3589901315981,49.4655716193846,56.4608846415952,52.622478296473,59.3206472025669,78.9617079175581,13.0982516320413,82.579535737777,38.3946972103858,58.8367319466128,51.7238845382455,48.6324972514195,12.0549173022491,40.1948406830229,54.0282555236721,56.3580796294966,20.6460425295797,59.3873056064417,50.5413029751541,56.2455866192523
34.8443271629646,63.9902913432205,13.9141909870456,70.0219462494505,31.2304141948824,18.4743795378494,22.2252671371491,44.1804310482903,47.9064947254492,12.56231910996,18.5324836207412,26.6366936726524,16.4171736551612,26.542991203396,71.2231346105222,19.0293206379687,41.4274433470071,65.6200478426554,59.3995436035302,32.5790864146604,1e+20,17.0946081699701,34.1280617959009,30.8174566315048,71.2457461504881,61.999825514212,42.2573578885711,43.3321173574668,18.0359862467001,26.2849122436658,38.0061107126303,26.1322927459725,52.8351872664312,42.3245035387605,13.9484541607762,28.4474571626762,43.7707611136977,52.8686884830681,42.4920694121052,74.6367584407459,39.0082141278567,57.129713938992,66.0731463604446,70.6067679981129,65.0733481685429,73.2417364048619,66.5746103600669,49.3166857800762,30.8633817713232,27.2755878905385,26.4672622516524,50.8296656192727,33.5084350468573,71.3420308506857,47.2140139636257,50.9960295264537,28.3901818038112,70.1856637090898,55.9053104662667,62.2135964979353,35.1885680783494,40.1766711682735,71.6727573801238,55.5900172300299,17.7546612557774,31.0575788895857,73.7461527111698,69.9812779953838,31.3343978165298,55.9541019217071,56.1833482769601,48.1552550592923,17.7602437288638,29.610171605387,18.5776677948439,56.2721919279667,72.4510615989204,43.5909294193261,40.1262186302488,61.0101463747996,14.915257844314,29.388454758284,53.0932953177871,51.7465726854643,72.0367004485677,72.4957660311005,40.0316573386837,71.4357091803548,39.176027980118,70.6506916231455,66.2000143834712,23.4687810622948,71.163321792761,14.3043058423788,53.0378003027477,40.8538246574705,40.8321675667645,26.7948315305689,21.1942307366836,34.7620497040462,52.4106455148185,35.2455164710667,69.7669766543801,41.9374082504061,69.5140304196869
34.6122503115715,63.5180930416857,5.82884807808889,69.7788646362179,31.339722741217,8.51560045390588,7.47612615143158,33.3298187063078,39.7487422752985,12.2110282712268,2.4932424049,35.9450257138265,12.4693106636346,35.37632364487,65.5676385503807,6.9957968858143,34.6473623550187,58.8199280391594,59.7421272390852,39.8388778051352,17.0946081699701,1e+20,43.2971893466842,37.4910075590278,68.3301454692847,59.3769474817274,31.6559253713902,33.355557580272,14.2289966277579,35.28339195357,28.8345035081682,35.2782613838099,45.1939327512478,37.8799103787518,10.41378328694,35.8798219900683,35.8544794464048,44.1380259540499,31.9317953582217,71.0945948411299,32.2085480130547,49.4493398057119,70.9510446376245,65.6047909421178,71.4369883366067,65.0232181277295,64.6178996068152,42.7805056559513,38.5008742611195,34.731394375064,33.7135720469088,39.5433528373388,40.0730128122815,66.2667481290242,38.6210968010586,44.4141719813712,36.8863706573161,67.6355692954441,44.7897986662003,58.0438404433147,33.9361266064231,33.9997078650337,62.4221837950968,45.8556360624181,6.91723514778991,37.5611508644692,66.6421183284871,64.0099740348703,40.8415354535962,45.7318806067433,50.5351096666326,45.4534248605503,3.04883048057683,38.4913081285417,3.63170187639998,45.3924213019044,67.6870496888675,38.9376149825593,36.2629084927949,59.3325072973419,5.70621784335475,34.1018746287358,46.1058607611237,42.0303495520428,66.8003575801015,62.0388534040333,35.9142659968769,72.6112007569561,34.982315480333,66.7742926592589,71.5344348789394,32.9615327208469,65.8215848441534,9.75364146206411,46.9876526206776,31.1975741695195,36.071148214626,35.0421144047699,6.092518278,22.0645506472937,44.6073206828422,44.0097688640902,66.7438825685879,36.6439040693161,65.2176460145032
