1e+20,58.0401509781026,25.6009831457408,51.9887123981223,22.3454405395704,29.8260708508302,44.3839179726539,26.737859465215,17.2292430730593,43.2180944148707,32.4296332620955,28.8015434598488,44.3546534546329,21.708176436061,59.679326296877,52.144129257949,22.793197007632,26.4988893355642,49.3830799788317,30.4058735758336,36.0212547559028,36.3418501380688,48.5892122004858,38.5868314777462,49.8684994170262,40.2852383310953,39.3582455834579,28.2896954766723,35.6109392409134,49.2448720121722,36.2324589491271,47.4999323065854,15.7968871744903,16.6188683544436,47.877604485593,45.0047710268933,18.0823456419338,19.1314719746962,12.0648240458386,40.849328275586,33.8333356331724,38.8478095310928,60.5261177636709,71.1611128051551,68.347265262699,32.5762975549715,38.0907265180723,19.6291507103294,35.3289417590849,30.2458470287178,37.8419152612481,18.2535224306953,18.5455349503975,36.3730738609614,44.5829308382374,16.0674773447894,49.7307512175015,35.303325538994,30.9053138607402,50.8982782863193,35.0531406149046,14.7128969341455,71.923560418577,37.7585568482923,56.258055903418,44.5902712076928,78.0006551744743,54.7705302443892,34.711285057237,49.9269812052507,22.9156643912762,19.1003069882129,39.0012910680728,31.3036989510667,36.483540756803,18.0081388188108,44.5866865094229,20.6516190884828,17.1340732090043,12.0924154677952,10.6661857286238,26.6116756345381,21.4835604332873,40.6885825394836,19.6819251968982,48.8287122609254,43.9998412006467,37.9516834921806,28.8245837129761,25.0425990587152,30.1689369146056,21.393064908969,59.1323984981112,40.0266464298007,14.2616016339372,35.737835959378,21.8350727194561,47.6980002451609,36.6000587871462,21.829270157744,10.7243014109632,48.9536969362097,13.8653600321415,46.7030614591886,38.7997196363792
58.0401509781026,1e+20,56.2466594450831,94.1794749057637,40.6237915746387,68.987054046443,42.8258234360475,88.2747699012729,76.3636542664391,41.3633168485978,66.6332566479297,70.8473603271106,51.4043145158917,74.6187414292252,45.4406302977433,45.6426154272166,55.7488025883706,18.9563545342428,37.3783372638267,57.9927917260719,40.9671035630059,36.7546062321741,51.6358767084693,40.213768442276,83.0954991409678,49.748541134141,41.0825412817564,85.7150692848573,63.3167255363554,47.8605698610937,68.0115553413895,63.5173058573202,51.316041208026,78.921034796052,33.5847499993142,46.0378291545728,61.6613324361749,43.430508268015,76.3451764165894,14.3904723760555,37.3089867838372,81.09585983366,160.673548113759,9.37292756312946,118.879484630485,136.96070796251,49.4237432004389,52.0041553532852,40.1577850471077,66.0018266973705,39.9550100606533,72.1585828081242,77.7811314886018,89.6553470754769,57.4649203250617,50.846377078386,68.3266154343325,55.0785032335595,49.0181353783918,35.3039706110883,55.237142040773,40.2035898716443,113.288267337605,47.2003028078377,58.6268530743291,62.8827302023017,142.838065479348,21.9123471840845,33.0528816548656,55.174657601683,68.6740975404405,60.2942936051315,59.0257685097845,60.437556542006,43.3919284872605,50.2176237777584,47.6926559802277,57.8760045380774,36.6316231307947,63.6977710614711,48.3579391782593,68.8446506751888,81.5112348348825,39.2579705901721,66.8771695259381,114.150513861028,74.8185179105479,20.4663584743397,80.1350593961742,93.4790907616794,96.1465713203522,57.6873744452135,64.2867136741409,53.9427145102333,48.8482344288043,48.4692635351851,92.4924579182461,70.0835197786777,29.5595422001069,24.015924500117,43.4594096095936,57.8127966050248,51.2436597228044,74.7191693742137,55.3011902221529
25.6009831457408,56.2466594450831,1e+20,61.5909995170185,12.3614607428201,8.25853699034642,26.2483769325958,18.1225053904896,12.2938665915298,19.6811578865674,9.42003076713627,8.04716600365484,14.3298873523125,10.2060307285176,21.5518122477848,12.8430767501367,19.0513651321865,43.0327200208068,14.398615441011,8.78810611472849,39.6922780797374,38.2080675197545,17.1257945048773,36.7056106129951,22.1861815596771,21.3191995416225,35.9104143545182,28.4230640180642,8.12996669551037,35.9947301128518,8.72985647992557,13.8899729493342,17.4656219886128,34.6487808157649,27.761284546294,20.1610223623866,21.7996579148604,17.2584288362678,20.2752116312598,43.6785325506678,9.84284826834271,22.1705055855488,65.2262291354579,66.8086991476199,52.5053810574192,48.3703433169745,30.8520693056587,9.71215461993145,37.4881654250147,10.5889225330752,35.3669271645668,19.004816604081,10.91032923584,25.4219264375638,11.4847907059787,18.3368134651796,9.04445749345359,32.4379667639462,8.5808268820554,12.6594871349739,41.3348727331813,13.8042485126142,54.8921483132021,9.47614707115955,7.47844167213938,9.86406755010009,56.9970772939701,31.9313600214662,36.1657103433341,21.4452386527278,10.1960134930693,12.1672066652125,9.0951893932252,8.94423292113721,15.7632475202406,16.7496005903417,54.8027802282107,8.32189714675396,13.5347304347863,35.1973382538207,24.7829643982614,9.70491334061992,20.6482730064435,45.770980581452,33.7398904471921,59.0299154356685,10.829843930552,27.9701311589617,26.3917982752192,28.6730956684352,32.8903494725269,6.57597262385437,38.4063943899776,12.5603167708723,19.3128751193848,32.5560185180754,27.0551049748712,8.25312797370268,41.1456283396619,35.3810307966562,26.209396484382,10.137996995985,31.4909258121361,10.9953220417065,68.1563924468832
51.9887123981223,94.1794749057637,61.5909995170185,1e+20,62.3697275080971,65.4741018093081,41.3211366310521,69.1048508871936,58.9816788371401,71.6463306650714,51.3919595439955,58.0468167093287,47.6736015420769,66.3317923435858,60.7157204580999,40.3275137508778,40.072859280172,60.5133406898318,62.3368326679666,63.1089276570885,69.5420098126397,65.8008343812268,58.6818778193494,62.1288022100074,47.6627575278311,84.1316293812851,48.9254947162236,67.4079996236462,57.2801410732341,53.5712071242987,50.0148808965081,47.943656497889,56.6751037468199,116.034856351055,46.2166441681996,59.3888473740876,68.84690173448,51.1086194536232,56.233644788421,59.5455365391364,52.3260084363548,65.1774902667251,75.3455983682224,89.9693217333276,50.4418358441082,31.9448765330707,54.4039336373946,55.8352962825514,64.8351822951087,52.8907927959369,50.2479791545553,43.7258314822819,64.9054323072643,50.9968634434596,47.8994809484799,50.5044842191137,51.4993176482436,72.377797539175,56.1446935698207,61.0682477144241,56.2284158717574,122.318815458492,53.7023262722126,53.849238917327,48.5684712924708,62.6282746382411,83.6886181004553,66.5960590083698,51.2067695977655,42.2609818862271,52.5020332803555,53.8564330883871,52.9432583545002,61.7722476963669,45.0341413325725,39.480124122069,15.8570320826797,54.6152951794911,123.004238592633,74.7521217722668,54.802249439232,57.7359465057974,68.5623649086041,55.8363984756769,40.7835612718867,11.6532763985062,42.0983344190261,57.7262652142606,86.1168305446744,57.945714441265,34.4993903404416,56.6336106561,30.2860303984362,48.50344564468,101.218848714896,32.3735083239069,73.20697377503,55.4626919764001,50.351627263524,32.114486942543,40.3166285645741,57.7702937529431,80.6888175751481,46.891869547461,76.9276805015921
22.3454405395704,40.6237915746387,12.3614607428201,62.3697275080971,1e+20,12.0634158851246,43.8643646453627,17.8115620858811,17.1269410197753,21.0836969798041,14.0002584578546,14.3790207869061,35.9202742442658,13.0372721314456,19.8000227278064,15.4490116449207,24.6308333689173,26.7616317482402,13.8679222159817,14.3728959533219,41.0307388935442,36.3922119533803,43.7567742573593,41.151084570105,22.1076277794879,18.4126415729873,43.623669426814,43.0299516779126,11.3645065344519,30.5301413620544,12.7368129838138,21.3868570710259,20.9066257419012,50.9875730538814,21.3949358415472,47.666226398173,10.0845940620772,18.5902580298336,34.0769942169428,36.1328963175978,10.662570827944,20.2677810392497,67.2015356503628,44.9102735482214,61.2612897622369,80.8497670609839,47.166449358328,10.5583693634775,37.4606445967729,21.0213524120412,42.528038622409,30.6927360186745,19.4653533766329,21.1061357974549,19.7974092270806,21.1620443206953,17.641508403549,20.6531705393334,10.3231963442611,15.5150110903263,48.8340220239858,12.4480877044805,66.0190956040291,11.0765730266606,13.1575367399943,12.4396107488183,42.4127536314452,22.8340918231119,35.3270281533154,24.0200980855515,18.7022432751934,11.2954492126754,13.2228098625142,16.3240780572426,18.4348459673543,24.8713284484448,48.0284473337732,15.2942099787479,12.8443975301138,26.803305541828,25.0240335325794,11.7303301879725,17.8785168461537,43.9500289431841,28.5100231568773,77.8362326161404,15.8196177483778,23.2725261710117,15.028425678873,19.3502179000811,29.4608776363499,13.0411344807913,37.2120896778404,17.7533331105632,23.1142818623307,38.871986496425,38.6977784269425,13.4032895411357,38.1691402305368,30.7622052038465,24.1285037543876,16.6066725492814,23.1345516980194,19.3211473443412,47.3331471770971
29.8260708508302,68.987054046443,8.25853699034642,65.4741018093081,12.0634158851246,1e+20,30.6461337825303,15.8433647845554,9.18441749305454,25.8764311796858,7.75150129572358,7.92647701023903,13.6666221358782,7.73583771821396,19.5124870332463,17.7637064335101,21.0222627368619,48.5166911714506,14.9358863678101,8.42914672075605,52.5070514573585,54.4940557804138,18.4684419665736,34.7881239644873,19.5254841642585,19.5676581751957,40.3116295692601,25.0770099895395,7.45040691686009,40.1957590003268,7.4993296335765,18.7801821127698,21.9012001521758,45.519799990566,31.7245304393957,19.7202519499568,13.5897112116896,20.9361374317629,25.0378087350445,59.1367003246759,14.0921002559589,19.1720794258638,62.1675523419031,77.2885472665855,48.2200410790628,47.3271850958314,32.6798018269218,9.41400680772308,52.8518871570674,13.1470013157301,34.1932727952206,23.1395132344547,9.59094436423397,21.1539545573615,19.0017446045429,21.6588565361143,9.30982955027159,26.8568531232186,9.4665584567826,16.0742898523828,53.0050512192851,15.2000751911574,50.5256397972749,11.6535343431161,8.0835130502896,11.0563824187867,51.1342345377081,34.4518996810441,52.9416907019986,26.6838325727005,9.61202010551891,11.2240345045627,7.53504169174464,10.4219007451089,21.4379149479412,24.1136598709598,64.1252865926977,8.08970299024295,14.0126415606808,39.1449566228614,33.7305606971173,7.5787522330734,18.2851109483718,60.3546979577953,34.2963754263227,71.3052534880787,9.41792690721372,34.1691943373595,22.3881303953321,24.6142202662759,30.7377977813696,9.25152543038816,41.8165334266268,16.7860894153915,22.785344114026,48.5457201618571,27.6061919501951,9.07780382124789,40.1542324676353,47.286027315807,36.0233824899224,11.4689569885048,34.4614587938221,7.73720068356971,79.3457702608327
44.3839179726539,42.8258234360475,26.2483769325958,41.3211366310521,43.8643646453627,30.6461337825303,1e+20,35.9797812668511,41.4772908054494,15.1882953771972,16.0529017176318,26.1711436968623,10.1764027621577,32.0541775865188,38.4766443484286,12.5691904884357,19.9248005229805,42.6486964436504,28.8533776816801,29.169907294897,18.0113776432263,24.4441313505037,16.5006037365268,21.9678722500754,47.9167329647563,38.05320786823,8.53473902346685,35.0517324334046,26.8423866691615,32.4661685240638,18.866557199131,14.0682194881594,23.7736101007747,29.5672951932429,22.2090425812049,15.1294024198962,57.049172445015,22.64144037304,27.0480238244537,26.7282192830383,37.7247110401353,39.877405003257,86.5460658615034,53.9785589130081,65.4605654255861,56.9055951247787,20.8713871601174,27.4089824645137,20.5403359471146,21.9012989874955,22.7335494429619,22.2081714838418,26.9026360271914,55.3631551273136,13.4188790363937,21.9620746738822,19.0838255123643,58.5270546191574,21.8089388357062,19.4942169984876,18.3113971985588,21.5913146952133,68.7298869798014,21.8721359737688,18.7227218377557,18.4956616116394,90.697958888391,39.8189200323397,21.1555593739041,11.5681969652922,20.2090588435634,28.2342510518504,21.7908401183778,21.3958496844939,18.3561530975476,24.7559099151422,39.2513021601042,24.6466819972705,20.2595445760477,48.6105783930998,33.6834941214917,24.6835355202516,39.5025175657478,27.3815483629204,65.5066881807799,45.5137828584013,18.5725573788036,41.2920945079238,52.5248003515353,54.4023766496424,57.5895117051745,24.6613431485688,34.9337548513689,15.5246143857102,21.350474074119,24.1011828427631,27.7355343647745,21.3333052201582,20.3788296148354,24.4183326709431,33.8823338909155,15.9759960795462,46.154690950566,20.7962654140903,48.8115604611249
26.737859465215,88.2747699012729,18.1225053904896,69.1048508871936,17.8115620858811,15.8433647845554,35.9797812668511,1e+20,14.5051182608858,31.4551746172794,16.5458922661338,17.7623063711135,21.7761404370759,13.5407977272515,12.6489756733895,25.5156911560802,25.5927951911866,54.4931713385244,26.415173080377,20.7448825793042,59.7813146608076,57.5467304909521,26.3974137298097,59.0799811585842,23.8304674592066,12.0046487214322,46.6106231511272,16.0985655310453,17.5802143673893,43.8420271558289,17.4748923256378,26.6645644427185,26.0440448341947,46.1835078835383,37.3812620719704,30.3458996636666,13.6604474965612,26.8057512704135,28.4985302440074,65.95902880816,25.4005612613732,8.45735316123216,37.0668440369417,102.455060242196,31.7934028428198,53.6823019648388,53.7599493568354,14.7992196060075,55.8636993947465,23.1597669958169,60.6595474981904,28.3218064431117,14.9078130893234,22.8570020512894,26.0401126873651,25.7810332450743,14.9571154038178,11.6516181269905,19.7988360931946,27.2154140885902,58.0552878749297,19.8774039308431,33.4264652316943,22.2273503205856,15.8952948435005,15.5213777928325,31.7979796563473,50.2343321834678,65.4429565776263,31.5003075166933,13.4536017962908,14.5019110010599,17.0137091003094,20.4649783868754,28.5389364188517,30.3660581982478,69.0483169719568,14.0967606539713,19.8933766695294,27.0336304147627,36.2058866241907,15.6785777131769,7.88830435950981,63.9568336787519,36.910713232857,74.5671163045566,14.6262143355905,51.8585415530698,9.22371388334602,11.5825996242017,29.7370732277205,15.7824563434954,45.9481753047648,24.8904495370215,27.1730736812007,50.5774985263344,20.1029299697708,14.1994446195525,60.9831282654817,52.6840162620298,36.7760668752619,15.2306520266034,25.0502798371667,12.4563705954727,23.0390214714407
17.2292430730593,76.3636542664391,12.2938665915298,58.9816788371401,17.1269410197753,9.18441749305454,41.4772908054494,14.5051182608858,1e+20,36.3643459062211,11.8121224818368,9.63705104849511,10.5224507386829,8.20455355183298,21.3475938009691,30.5685257870167,14.5684285956132,48.4202814298424,21.4963030851593,15.536639213626,38.8564578803265,42.8187932484263,15.600369385792,23.751124727481,22.5818064645454,18.364250040091,44.2446632129074,18.1393968900699,10.564620874111,59.283720924752,8.55545710780634,30.3971099856026,16.457394638937,28.4539700422011,52.8820143934061,15.1073692336546,12.3610885592918,17.7698206972444,15.8002336869015,51.0762560077857,23.2495418072684,18.0298905531261,52.4590250554682,93.0606005889203,42.3107902993481,33.3027985168312,25.8615803964873,9.28743798032639,40.3888004637193,18.4001469366178,24.5151599037289,17.0778063589404,7.87588605225271,22.2212801308441,31.2825069478229,14.7477433497178,11.2844046875687,24.3729299312387,15.358765001256,27.8550462583074,38.5927866933525,12.5985891332035,44.427926018924,19.8982561025194,12.2619229402272,13.0816250157126,53.3028006872149,61.9899754610028,50.4133104351131,42.0062203857807,8.34183313704992,9.58394260580773,11.4110102776182,16.0451103361947,30.6163088983162,21.7461769408449,53.464197210924,7.07592356888228,12.4822925115183,27.4409908605546,22.652689042959,8.4421622323698,14.9096270309074,46.6831886297125,28.9728558032745,53.8171772909605,9.75534584134745,48.073893526233,21.614439498932,18.3806349649673,29.3107706332503,10.6335048934483,65.6235893552689,27.8353470626561,15.3217042562956,43.3502662605698,19.3759563106037,11.7619466336954,28.6736747063397,33.4665184474522,24.3334591345619,10.9619996438227,25.0590677775525,7.77809257222669,64.330782779327
43.2180944148707,41.3633168485978,19.6811578865674,71.6463306650714,21.0836969798041,25.8764311796858,15.1882953771972,31.4551746172794,36.3643459062211,1e+20,16.038055683409,22.424765907587,16.4294610022257,26.0852035014387,43.0661493406877,16.1854895829101,15.9911008440148,39.4661857247026,22.9892028070483,14.8679041640649,20.4592915190007,13.5762705797359,27.4800649408919,20.2394295706186,59.6005038815337,36.480954411802,17.5692627343423,39.4913923577761,23.5675141016907,15.1233490389414,16.7661133236207,12.4955831347762,14.0207750871391,21.2131856339032,11.9982803077943,28.6908951997628,47.5754472318905,12.5326763681565,21.6053924598862,20.6622925072895,14.8307241372426,39.1954003167296,97.5242658177948,52.133013984761,87.1776230186407,73.9946449384717,24.8590038562377,19.1747196987457,13.9636024254392,15.6084835196466,23.5585668800948,17.6301054634472,22.0581123321329,62.1931422227418,11.9206098028531,13.7741015721583,24.5430463823436,54.7125057194315,15.7155676242943,15.3945800539538,20.6190144272617,13.6822474810451,92.8987145686515,14.0019828502225,19.7200297254374,23.2662469678698,103.037638761522,18.4405918359049,19.7515946555938,9.56515252194036,20.5868534971698,20.5006487710297,21.7943810834446,14.569833814185,11.0480814677453,20.7932549104759,56.1393947379309,23.1528428748787,12.3741589827375,42.6770415088509,26.4367129246315,19.6729244255645,35.0366844432108,27.8321641210385,71.5574598136767,61.6975662014528,18.8454282040626,28.5573349950816,44.3511338878815,47.5143865573206,71.4793689565415,18.7098723979028,63.3135263147754,13.6664709019365,15.8095338164951,17.6639963050098,22.7480972498261,25.9255517313817,21.5657705965099,21.9670187171324,30.5035804507195,24.0195036448322,34.1429863114854,21.1212168085926,47.5719820247638
32.4296332620955,66.6332566479297,9.42003076713627,51.3919595439955,14.0002584578546,7.75150129572358,16.0529017176318,16.5458922661338,11.8121224818368,16.038055683409,1e+20,8.16330825265675,13.3643380038223,9.01333976669748,22.2318073409229,10.0121180274413,20.207457483762,58.6549268281212,15.9193994843812,7.89432428106143,42.2895221065967,43.0659414620018,19.9501649754148,44.367068209832,22.4553995354388,22.0641945345372,26.880471364712,28.3664123200201,8.47616429444292,21.6229043237451,8.22889095141241,9.79671282365432,20.7429615840648,46.3891142805183,15.8256478557217,22.9660126859042,21.4163664007891,19.9628204062048,24.6404857422235,49.1304565890142,11.0369757574139,19.795877673123,66.229553395028,81.6819092985824,51.2662410220215,55.9948986823962,39.1803143767887,10.0793236746769,39.6570810782255,7.9693600984497,45.810167993966,21.2353260197127,9.95172065780011,25.6935896029154,9.43312665062823,20.9671057057589,7.67467944255142,32.9492125487891,6.87597448869891,12.4964644416868,41.9833487014842,14.525498063485,54.4846695084168,8.96242905987798,8.27386323515932,9.20131775980282,56.2236918005729,28.5392179146222,41.6984182798116,13.2154757466972,8.26903006127865,11.725409516185,6.04004130379642,8.49879035607779,12.1748590470316,20.5534421584396,55.7752917370473,9.6253367140869,13.7108033532186,42.9233516143131,34.9342818630604,8.84975812079351,19.6182479510969,48.4921077128661,39.2239055765775,62.7527810035649,9.49608057336954,35.7546543970977,25.6268799694958,28.9483134074497,33.5981636437712,7.16170308124485,30.4488528570901,7.97116625689652,21.4414571719012,36.3697082585174,27.8100490545572,8.03117754027392,44.3289978316737,44.8434730725468,37.2477105294318,10.0675522496172,37.3642451629523,9.10827075859667,69.5106207814891
28.8015434598488,70.8473603271106,8.04716600365484,58.0468167093287,14.3790207869061,7.92647701023903,26.1711436968623,17.7623063711135,9.63705104849511,22.424765907587,8.16330825265675,1e+20,10.4366771345546,6.97357785348099,23.1433981713577,15.3829114065515,20.8867487249062,57.0732756134923,18.7343748089138,8.80504929514479,37.0683104691439,40.1516560939314,15.0943817231449,23.5860186902131,23.2468798609664,21.930078434733,34.9199948543082,23.1628545520894,7.93739694181426,37.2032847810156,7.16434535465805,13.2272766255343,20.3345674947385,44.2853434041908,32.9849268304369,13.70559213814,17.1906141623903,20.184830478276,22.040610376891,48.3127839438595,12.1903986684655,19.8696235047837,60.1611899888749,87.7273205939621,47.6797813762274,40.8111692818321,21.6743326045376,9.73013890608348,37.7826719674884,9.0156609221624,23.1683366815275,18.7224173420182,7.94227275152191,23.8832938745768,16.6434962161321,20.543086333754,6.699488057782,30.269792000417,10.0116845697096,17.3161176475186,36.6869513540076,11.6589798937263,50.1168440929414,12.1871999082389,8.80217905159783,10.147301036914,56.008374442362,39.3858537245898,41.938313966501,24.0398960954795,9.24088729030935,10.71203896817,7.5642543994042,8.40354429327423,17.7356908348995,21.6762514535069,52.7841826935986,9.40732330925656,13.5664709366413,39.6772835108639,33.7058517934884,6.62150926292467,18.2757860770873,45.2235118946686,36.8744481966722,57.0760968254675,8.39471508525254,36.9269224887965,23.2612189277494,24.3872838630489,31.8725756975248,6.52214534350388,46.4014199471064,14.6853873268544,21.3543261684766,39.6540510696311,23.9950302590549,8.04217849591647,28.7439597632753,44.6177069890106,37.0657740334688,9.80679192262157,34.3825919495433,9.4870934042929,67.8304916744755
44.3546534546329,51.4043145158917,14.3298873523125,47.6736015420769,35.9202742442658,13.6666221358782,10.1764027621577,21.7761404370759,10.5224507386829,16.4294610022257,13.3643380038223,10.4366771345546,1e+20,12.953574902902,24.2716855274485,13.5737842288064,24.7618131391794,50.193891155491,27.6392480168733,25.837842510788,18.1836589672549,23.5312638601817,8.8517509056435,15.6162697571754,35.5963233546473,22.7878950267032,12.8845046535436,18.2283622081666,12.6724890568326,33.3769071419077,10.7325429221145,12.4805694707142,28.5341121071676,32.4633978574228,30.2348315401066,8.20755801321437,22.9239160543366,28.0648177981125,30.1344282911344,29.4786058109616,38.150404640067,21.3291991561492,66.9265886977224,67.7206291135037,51.2475658228264,48.5059314642783,12.5042364095441,19.950579098658,19.6420393716952,9.99451815971681,16.6010162730815,26.4940094210414,10.621890717801,39.3477141099057,14.6300788050411,26.3182662731761,10.6024796712247,31.9677899312604,18.2616456688168,20.0584909287127,18.960017958032,18.2960200902117,53.3375761448133,20.4105013550602,12.3860389262966,13.7882359466474,70.9971002756951,46.4714599704376,24.8603045002602,15.7375371973564,10.2835095750978,17.9905727619359,11.4098813510425,18.8368515335439,17.1308905300942,28.9736369026264,42.5203971104641,11.1234880996864,17.9603503419299,49.7738872087519,33.7797276836288,11.5013363424554,22.4916044782394,27.402680773249,63.7322903792482,53.8272354505538,10.1732548010741,48.471637067291,28.5952973029228,28.7643031888744,51.1491095053591,14.5103272448601,43.2368560428908,13.3804734970993,26.7936581254161,22.6033194253513,20.350989959278,12.2752336995857,19.4371749932005,27.1670235096375,34.5374457999903,9.6547393607622,46.3885056750536,10.2428399471745,51.7071017305575
21.708176436061,74.6187414292252,10.2060307285176,66.3317923435858,13.0372721314456,7.73583771821396,32.0541775865188,13.5407977272515,8.20455355183298,26.0852035014387,9.01333976669748,6.97357785348099,12.953574902902,1e+20,20.1568077358928,21.199385007559,19.3764934130873,47.3520474133155,19.3476584095901,11.087877069181,52.0203828822212,50.0261270193821,16.4405725208681,33.4426633227928,23.794160071117,19.6181986207463,41.9672440544138,21.6045468783646,8.87934453840025,40.7401947886573,8.18895848804556,18.0781355876568,18.8345434660327,36.587181173503,34.5384531506318,15.5859247673547,10.2442541538313,19.7048500318373,20.7419325232995,57.7517390388232,15.5660178911206,17.2910088800981,57.1224313799119,88.6864130400961,47.3301597668968,44.3960924165574,32.3120550692901,9.36146925998937,49.4176650932024,13.8171438346022,34.1184705468757,18.991164162885,7.53589254113569,23.4935357134956,21.3236014447591,19.2691653737172,6.71409473819418,23.9225002424965,11.7912664686611,21.6356279333515,51.9789382174126,13.3537840819201,49.4760376761084,14.8003593846346,9.64731044872169,9.65251926644758,52.5909422174784,43.9344738901366,48.3362325215146,28.6455933543193,8.75682655073569,9.82258067650393,9.7936640399083,11.1470686726382,23.0168387666786,21.5154755008116,67.1564397987654,9.14588744507021,13.1675714934792,31.5376336621353,26.7622846070796,7.0228182317991,15.945578155478,57.5949645925182,33.4175119468005,69.6899871714801,8.70339563768794,39.6815464093161,20.1227510037057,20.0282046536274,31.4329268224006,6.64127462287013,52.377563492742,19.5988594672648,20.053243446454,43.6988776899164,23.3877780645079,5.50410565193254,41.0069536753176,41.083437353146,29.5360773514884,9.63645966619456,28.9173307834927,9.2127296813721,65.7197711258715
59.679326296877,45.4406302977433,21.5518122477848,60.7157204580999,19.8000227278064,19.5124870332463,38.4766443484286,12.6489756733895,21.3475938009691,43.0661493406877,22.2318073409229,23.1433981713577,24.2716855274485,20.1568077358928,1e+20,27.7357552306017,47.2309055723704,51.6625860542395,22.2399178708701,27.5877030714215,44.965566737742,46.233181940357,24.7094240473003,32.7190573018028,22.3216044567128,10.433548622073,46.7324753344521,16.6599084851401,19.7990121965416,50.5610317198618,21.9391573147176,34.9287289546128,52.9409592490389,65.6581962507293,42.7240938979883,24.0251922150615,17.8497636060814,51.0812498138321,56.8391132091339,43.1256742908178,26.1414843287123,13.4570032195454,48.3190217564353,48.9447540198094,32.0784087678984,54.4666400481824,38.1087219489595,25.0045167255557,44.5521497579346,31.4166719606668,33.7333103598399,52.1629015397185,25.043291566863,25.6772869494627,32.0175500033981,50.0406079870377,21.1835434605502,10.0966678847802,23.0264326386975,26.7713580252113,49.1318211084183,33.2016026834777,30.9213883494988,26.9862183835754,21.7495666613876,20.643038583689,30.7988547493563,47.7496990407173,42.1993784977332,42.2889126667234,19.8390244728107,27.7829249437667,20.3234548426283,27.8001080136508,41.2593057867612,52.7737547516376,46.9092308136411,17.5637265883187,33.7327914591682,61.3719200007843,56.4706522713609,21.5857619077263,17.6208096332718,35.6683217133495,61.9896059617784,71.1120854147746,22.9185768325612,51.4182777137684,13.6921610593079,19.5958313585862,43.1716420337857,24.4227096732756,43.9288288537356,28.6359071559404,52.4022372835938,46.7543275031349,32.4653859943152,19.0026553145914,33.5280667489283,47.0948642433729,54.2682217560543,18.2832625464049,55.658187077584,20.3008431761877,50.0344250357296
52.144129257949,45.6426154272166,12.8430767501367,40.3275137508778,15.4490116449207,17.7637064335101,12.5691904884357,25.5156911560802,30.5685257870167,16.1854895829101,10.0121180274413,15.3829114065515,13.5737842288064,21.199385007559,27.7357552306017,1e+20,34.618287204639,46.1645110987843,15.8385436195292,11.2888602109107,28.354126637177,29.8438305236334,20.707137323881,30.2863894217667,27.0544277246775,26.9181655805246,18.0618461924496,34.9680753377038,13.7307441032486,14.7346519739878,11.9279157418698,9.53063557149108,36.2253317204512,45.2036304820168,12.437633547074,20.1720243427334,41.1512854156347,33.1876150013061,43.8975139703622,31.2437274322405,9.51352577862462,30.8803104447363,83.9599422873393,51.7673461596788,57.4456820976221,61.1489334827369,26.6218795295374,17.233600319479,27.8490836498271,14.6953879096675,30.703112008104,36.2294087574881,21.7794002320757,32.8732477324611,9.85583984498377,35.1111135504889,13.9301028255043,48.9781664697014,11.3148082917132,10.2248260508513,31.4007799595713,22.3349391321377,59.6438523728169,11.9327727032104,9.58234859639526,14.6894342720491,65.9438868276444,18.6422873310236,29.3109961464066,11.7495272359788,15.9949464541599,22.6795899962361,11.9275516884188,11.1137758169981,12.5158344612787,37.8310292103161,38.6030400377357,15.605807408256,20.2097228113125,56.4977228141029,39.6587389126243,16.1380209548761,31.3982461680438,35.5207524344932,63.8535663440758,56.9038170491985,14.9978891163649,42.7037777177938,38.7553419596435,44.4490566374525,44.5693533107236,15.1176575424549,21.0130323579007,6.81696428334957,34.8383622335322,31.538762860729,37.0796556687689,14.596016820224,27.8217891820075,32.1679519525306,40.338990025024,13.5267578304288,53.3027720799606,17.5525641245767,58.3299716484201
22.793197007632,55.7488025883706,19.0513651321865,40.072859280172,24.6308333689173,21.0222627368619,19.9248005229805,25.5927951911866,14.5684285956132,15.9911008440148,20.207457483762,20.8867487249062,24.7618131391794,19.3764934130873,47.2309055723704,34.618287204639,1e+20,53.1077525510189,33.7471300125731,20.9678680181815,22.6381645102619,23.8660825553771,34.376953455002,24.988171664589,41.4853839013146,38.3738147679388,23.4307959430237,27.4448811668195,24.7738915724694,37.2278893637145,22.508502204199,21.8531954528258,9.27020149637359,25.8322539156396,26.6438136508551,35.0131905325346,23.1053148178479,8.47546692480306,10.5478223690362,32.4546062877087,27.0829046246952,32.754585878016,56.8226015431964,78.0613648731452,60.8491037009455,30.3531183641172,26.0467579891976,16.852173079157,20.9760377965821,15.3672796180668,25.0662906070514,8.09980916182812,14.2613670169514,34.6529617150216,19.3152815462427,7.29720336608627,37.318984207214,38.6552770653348,20.3082401345915,28.8730976212097,20.4925587057866,14.6065233912259,63.8013648271325,21.4378367096335,37.2911363723697,35.0094354239225,75.6171265259773,39.1452915313009,37.245014494322,18.5007430377631,16.0974602341157,14.1756611950456,25.3674466854195,18.522086254463,13.9288660916407,13.1918364689232,35.8403503227432,17.1919701917681,13.8333978119905,33.9167970292739,33.0403760142978,18.961605313713,22.9127097600121,27.1747110007176,28.5767485966146,33.0945588522782,29.2069731051409,32.7462313240742,32.0451536946065,29.9676319281969,30.6541111260468,17.9470052855117,54.0772391958901,19.1211343691959,9.56606472343699,20.7074149165284,15.7643346646365,37.8892935286116,24.5855707095993,26.0403290254493,31.9638067298995,37.6406135355209,24.2850840468511,31.4228689022086,50.4208842603907
26.4988893355642,18.9563545342428,43.0327200208068,60.5133406898318,26.7616317482402,48.5166911714506,42.6486964436504,54.4931713385244,48.4202814298424,39.4661857247026,58.6549268281212,57.0732756134923,50.193891155491,47.3520474133155,51.6625860542395,46.1645110987843,53.1077525510189,1e+20,47.1632874627798,51.9241747137557,40.9902741617884,29.7981923836988,52.2619313870803,39.8055786840869,65.9841880786942,53.7377282966771,41.4233408388697,79.9074833519571,54.9644931516111,47.9527696236841,64.8665308006093,59.1632203704932,41.2742202799357,57.875215791273,36.3994609227146,46.466584338671,30.4659439808026,40.7534234826207,55.2969090164463,18.1230552774385,40.517444577915,68.5103789929769,105.221487107617,15.785130751116,94.3543931578684,100.578555870963,48.4335225323203,38.8428472504586,37.5793095192276,58.8984174619746,40.9812864920554,65.8498603012962,51.8650729836556,46.9601441494253,55.3160407158363,47.6118921622005,66.2482177590677,50.8960721780616,42.7084229905389,42.4347427495381,52.902099188842,29.384867106349,89.3252868984177,49.4394000436125,58.4478035972181,63.4226892645466,83.7310010377369,26.3657315275156,33.0190544559073,52.4806507818689,57.1754778635331,40.5018566275408,59.174347106712,55.936951367966,43.887102803364,42.2840680233417,33.0803429404137,50.6159309412889,29.3608591510594,29.0320263301039,27.8525290721033,50.257876085955,46.5728955296945,41.3405139417924,24.387986422715,78.7954453266966,71.5127579771897,25.571835468579,40.6034748516643,47.1679172615287,45.1259553794889,42.3915390454136,45.4599026843482,51.5027834166307,39.9008741089943,42.0748003004809,68.0886274556745,68.4465500101508,32.3845996209523,18.8596337275825,22.6999331402028,57.7383838789182,24.9240997939381,70.6861455815126,36.7861998701101
49.3830799788317,37.3783372638267,14.398615441011,62.3368326679666,13.8679222159817,14.9358863678101,28.8533776816801,26.415173080377,21.4963030851593,22.9892028070483,15.9193994843812,18.7343748089138,27.6392480168733,19.3476584095901,22.2399178708701,15.8385436195292,33.7471300125731,47.1632874627798,1e+20,18.1695445076023,43.6731656631233,46.2486094963577,31.896680844566,46.5912796003343,22.2952060482037,25.690341231149,35.4912164174895,41.4849596032878,13.504988589106,22.9465563749469,17.1404526347885,20.7926301657127,36.9957039547043,61.7023226992491,16.1873682128445,37.469912470015,24.7639955124512,32.9500542902739,46.1361285261858,39.9819411835357,12.7992230251733,29.0181114877881,81.0871845487229,38.633577796,62.6435755938908,76.2228576820947,48.8305569523687,17.9965907567721,44.4212287285672,21.6368326309517,46.0907853118484,39.7283017106763,23.9401499985444,27.2311691624139,17.2354882593474,34.7740295031893,20.0742919731058,32.7960673951993,11.1811306672088,9.77625324315118,46.8276345798444,24.1216884044684,66.3046294101165,11.7340507103568,16.5366677072053,15.5426235815954,55.6048408432667,14.3234562295907,42.8530600502532,21.5636785328916,18.4301478654609,21.9254422366052,15.8687588529495,18.1881996771484,22.6745431695224,40.5718942691866,50.3371056873211,16.3786501080274,22.5625368691405,60.9244426054791,56.1685889596807,17.3989641867529,29.5595258609277,48.0163155823282,48.6867631238459,71.8668149850997,20.6688817578497,32.3220081383573,30.3269454119565,37.8542278008428,44.3152721424315,17.3674248255623,26.5833314440009,17.422623913753,37.8565106836831,47.3069913417464,41.7766704909734,17.9204870081172,41.5568019463467,46.96097570686,54.1803296842085,17.5785019372609,50.9490761588354,23.1048074120432,69.3812697121898
30.4058735758336,57.9927917260719,8.78810611472849,63.1089276570885,14.3728959533219,8.42914672075605,29.169907294897,20.7448825793042,15.536639213626,14.8679041640649,7.89432428106143,8.80504929514479,25.837842510788,11.087877069181,27.5877030714215,11.2888602109107,20.9678680181815,51.9241747137557,18.1695445076023,1e+20,35.5529121004203,34.4812331162743,35.8693346360169,37.2684512709688,26.5135551059776,26.292946549312,40.8925320080791,42.0598390269605,9.90850782044719,20.5551278285096,8.91447925415947,9.21134605138616,18.8736724635601,51.437252035374,16.7794855752106,40.0881066505768,22.9487585411136,17.6884486483305,29.2601652850374,40.948529108962,12.6532526471181,24.9760860386015,78.2626167230548,70.1456517336513,64.9467402969051,75.0205475210403,43.3066155715516,10.9329657130526,33.673692627699,11.5468243110476,37.711565044389,25.0611902572134,12.647265216552,27.7322627318274,10.6950801530659,19.3860769555632,11.8817168896128,37.6243729997829,9.17794025928961,14.650155960435,42.510513563477,14.1088994709432,70.6179674712218,9.46734029779872,9.94948866262267,12.2245457765492,60.6549109637047,27.7466669421474,31.7769424974004,13.5037482351505,15.0176741496433,12.364671991024,8.72093073079227,7.41942051463693,11.0296856911097,19.062766803498,50.5876458764146,11.5624622065534,13.2542277047801,41.2905443976879,30.2464648648297,9.49782735601658,21.8125236018302,42.3050403929874,37.1555069424936,70.3398857814552,10.9006638337637,29.8330557091164,28.6423376729545,31.424998414734,33.5233784951074,9.08645464630214,35.4968393791627,10.1989007362128,20.4958972373954,32.3702944453758,37.9374415593965,11.4256847104701,36.7535890060173,39.6242909774126,31.3254671337738,13.8322238676696,35.2508504154867,12.6627616904921,63.4065089089235
36.0212547559028,40.9671035630059,39.6922780797374,69.5420098126397,41.0307388935442,52.5070514573585,18.0113776432263,59.7813146608076,38.8564578803265,20.4592915190007,42.2895221065967,37.0683104691439,18.1836589672549,52.0203828822212,44.965566737742,28.354126637177,22.6381645102619,40.9902741617884,43.6731656631233,35.5529121004203,1e+20,14.3266262917357,23.5022182284655,10.790876667435,84.3033652457822,45.0255083929148,13.6696536510185,53.6852029734182,40.1407609696663,28.8041118923923,34.1672631255155,30.0399815807205,23.7331643931598,24.6325747745007,25.9251050438564,16.9711514099655,54.8917907463813,24.4845856856053,30.7361557023381,21.0689454423225,32.911720277107,61.0172054512805,114.961003041546,58.8498663851242,96.0989202459299,83.593516027837,10.5872233695356,40.5869069509078,9.93980866277869,26.8830020615727,10.1353906956323,32.2401374583217,42.1725584664994,96.8125460146573,30.8201861028862,22.6718148744227,39.8094576705827,49.6587053263741,38.2534903572068,35.7327661189481,6.34214323500938,24.8520919057818,98.9143801719927,35.7038519931972,38.7203917281367,38.1019818510325,135.923706481949,38.3683392235169,14.7826056576964,28.3596407389074,42.3279536609291,44.962543530579,37.8843249578122,33.9079116942749,30.544243677542,18.1578732831237,48.235014501691,37.6165955415677,22.7167921283971,41.8758098500868,23.7645266550509,39.7607896838642,55.1619620903782,16.8092271489216,76.785417282705,63.4236309264635,32.8091456775315,40.0733020880558,68.551387295084,49.0948732609591,91.721436338838,35.3169821542337,64.0199019001819,29.9332563876909,16.9061523245264,13.5690141951302,37.6825921215051,42.887823742926,9.50609124345716,17.7606060228618,24.9367043432833,29.2916712044022,39.3882014509059,36.4236901870069,41.4007481593507
36.3418501380688,36.7546062321741,38.2080675197545,65.8008343812268,36.3922119533803,54.4940557804138,24.4441313505037,57.5467304909521,42.8187932484263,13.5762705797359,43.0659414620018,40.1516560939314,23.5312638601817,50.0261270193821,46.233181940357,29.8438305236334,23.8660825553771,29.7981923836988,46.2486094963577,34.4812331162743,14.3266262917357,1e+20,27.0674412393916,13.3857224694316,81.9057962897349,43.4131612861105,19.8348361857834,59.3110165769021,42.4494409326044,27.4817027361328,37.2470226892934,31.8265590009525,17.3569085864708,14.9214845218096,24.6005117477571,22.5664899527019,47.2490214856978,17.9894460331552,26.1167333364509,12.8548680121259,28.9239520733286,61.2519667466554,107.215213816355,45.8080246666498,96.6176891345384,73.0649126287052,17.8144417404998,38.5521242580167,7.06477383597009,29.1417241962775,16.8969932347779,29.6723939647938,41.289995914615,93.1445925877948,29.1018426965384,19.0398713929767,40.5568323195244,48.9936946283279,35.9105499514894,34.2183365207996,14.7976693423049,20.0622139515063,97.5414871684787,36.1353204310967,39.0829516200747,41.0315946238255,132.379876420623,27.4313471668072,14.0140044162716,24.5153377931868,42.584269735474,42.8695162623765,40.3403358085268,36.589072190866,26.7767171117298,19.7587760104403,49.432401652581,39.7386360324511,18.3728920677454,34.6731087919212,19.0408398455006,43.6004432861724,56.8282292068084,20.5014701996663,71.7766271374816,53.5905641990422,38.973776575011,33.2792166895742,63.4496814991896,50.6057072297022,83.3487823019374,34.0392707861782,59.5064855712402,32.0977273793204,16.470056339026,11.1459428921615,32.9107055417008,43.8506452332132,16.5757699150308,16.0738940919477,23.2930867442097,34.0837115660369,31.9983473146771,40.33724455545,41.5109572648566
