1e+20,80.4353487043289,45.6531032561482,134.051963231853,44.5175049630327,42.6302919300605,38.6819309073104,36.9434905705144,80.4364819401092,76.3649078699834,41.3592224885892,48.3370143807092,40.493943562492,51.0974714586139,94.5513737553607,41.0782366538585,67.0470454953162,95.8214013398111,84.5220732958194,66.6638605327738,51.2891888630586,43.0875105946147,53.2639865623017,56.1525071886062,131.198744232493,84.6485855559037,29.0506172509355,25.4607563762229,39.7740441797867,53.9176572284225,33.4977452143023,52.1200287639745,29.3901543576795,21.0347154914643,42.0578896197939,52.5414956853703,27.9222493972512,31.9967773059989,64.7824325545418,86.3412313697727,62.6313858713668,37.6052935361521,134.840962472692,94.8315580221343,134.470990878756,131.382299303726,93.584990344262,57.5722749038971,49.9272193368347,49.028898526319,49.135947716126,23.9490525597874,49.8572031621409,131.317828876778,24.9725823005332,32.4704537863392,49.6381167002424,87.989307998394,19.1862897348773,81.2506801811366,88.0598067970299,74.0452458968913,121.562288420923,14.9282484465476,46.8028810186421,50.0011883580132,133.961807123913,98.1079431670021,47.4522049065994,15.5968982546445,19.3971629907576,61.6571517823708,42.0171229600594,56.306336841936,42.3805925039734,18.7479895491799,132.016992357453,76.6311268988787,81.9674152947351,84.7452849693082,45.0384489712145,55.8346615364999,32.107984005257,38.541176319892,128.048334250061,132.544124211164,76.5295837343075,86.5610363505566,78.9629835485886,93.3924516909125,126.270035562463,48.4083274824964,127.094213798329,41.2313953411813,32.1503080274097,31.8067913934476,35.127578385272,49.4632441100618,37.9913437614138,34.9387139180587,28.9395214493084,54.3850272341471,92.0415109939085,25.485292484775,84.142804573384
80.4353487043289,1e+20,77.2511842402936,140.032941228935,86.6697004612123,82.3364381960536,84.5134084558943,73.9375695319774,97.7499856855433,58.6862964037883,84.3751784456133,99.7980334730142,81.3622154313767,105.458702028494,18.0657411871558,84.6185348868004,82.390183749732,15.8906672849672,5.43183001160777,99.69259263627,69.1300155345252,81.9850613062221,110.537582553908,105.764841682103,151.377264658813,8.09310783203428,79.1539994942002,78.3962000751026,83.9140893342525,96.4669233269389,82.3061216890893,105.632356652362,69.223163904965,72.5402292523007,81.3477988159963,106.388133196433,88.922296426604,72.6065436311113,96.4249655502021,10.0668108154428,72.9577974835714,66.2947742692673,132.93014491572,15.1068040939873,129.25872645577,141.848995868925,15.4907055831648,90.817077116761,107.285199164977,104.623546008809,104.638855781084,88.13930820289,101.217947588024,147.267319663036,88.3485373307379,73.3617621346818,103.567683825171,12.6296192889785,69.1260972788212,34.7525994962551,77.1591329155314,89.6095645571088,140.327747572413,65.2824733972048,81.4521816088311,83.8503771613862,144.385604649963,19.4909511484991,102.213532085766,65.2920303994396,72.6181827028948,82.7736283932031,78.9808028001776,83.5525608561075,80.4536353880546,68.1654489893795,148.594950970265,80.5933209726792,76.2943910008675,47.0532793060654,79.468498428272,81.4027769454402,75.970273640265,69.4196841000171,143.763635948199,137.824980942487,82.7828092148193,8.89871041505944,82.8189165718841,14.0749089589201,137.994209282847,100.069406269117,147.061269485614,81.743934556646,69.559629582545,83.9830112120702,78.0088645103581,103.285667332709,85.1370386082566,87.7471279839778,80.0521450159135,99.9064575319092,13.8610597887287,78.5696435833009,8.52228056938852
45.6531032561482,77.2511842402936,1e+20,118.354314191098,35.5754448681503,11.0481845903148,12.791881915015,60.2270542767796,75.655726399796,53.8755765881075,12.9682802887422,60.5977383737536,11.7119940766496,54.319526759945,74.2718145741605,23.7446574831883,62.287643811823,74.6576352806981,81.4316771670716,75.0055461193448,10.7351865430751,10.5012452967565,63.8035176726173,55.2500553553639,129.482869262887,79.342470175372,55.7266600098858,45.7286275088026,19.4418310542814,77.2404515019154,23.1409697291665,55.7908863376655,48.9871478302988,48.7293648861014,9.240643091658,55.6587475716489,43.4441368761595,52.5420299729953,66.9583126340368,80.6809313521653,58.5940402353299,54.621665617476,123.85515668594,75.9724554364403,122.847291366131,112.901994803729,77.3513450179497,70.4403214621684,58.5937840496256,57.9656178636301,55.6541739627788,31.1323538548189,47.8673285657865,122.272845338396,21.8372266955243,56.4359223292384,54.3416509295538,85.207454656365,45.4367491525789,76.2450232946754,76.116825386793,67.1392214271242,112.382820864056,49.1412315907301,8.18499439729095,73.2122466610878,115.927221744772,74.1901459068362,57.8807890851675,49.4378040638978,62.9162206990096,74.4761693297348,11.0798009565323,65.3636767151585,10.4909450823434,48.4207455493647,125.830427056677,66.4710036471904,68.2278165863588,71.7126992978891,3.88031318979999,75.080311354786,51.5424121224604,53.5413648439697,120.214153758875,113.656198290519,65.6997453458696,82.8859594921005,71.8862351794564,77.7869783677766,122.613400882467,60.5439655079699,120.907467226324,12.3579634880727,51.5770082465361,22.2945045379017,46.8059363407389,57.0359179784441,14.4802852655434,32.7209659876501,53.0328832843216,65.3374866805255,80.7683606738979,54.6492698941257,80.2977007318882
134.051963231853,140.032941228935,118.354314191098,1e+20,111.368852954175,116.641898835588,118.85291767864,112.846098723129,108.568457628791,104.566299678459,117.235320112484,129.83483240863,118.40873641374,135.93274439218,126.447201748335,107.190769733842,114.045316807613,129.30288439076,136.921168804477,144.135064352515,115.303478002531,116.949445139056,126.395991541476,137.206720507903,56.9688126072771,134.088341087717,117.700599452169,116.424795384409,117.301600585634,120.712510589233,122.617158100095,136.228575545618,127.134854803942,118.429958220409,117.025337754376,135.195059263835,117.420042542101,124.227531256477,120.572039164186,131.856474259169,116.708209740526,126.568576698481,38.1408707516194,129.468061945978,34.9572378441634,48.8467239793392,129.954264536079,122.495478051033,125.864684334084,133.20624313685,134.411490050258,127.140857937099,139.178764847997,54.4811043623611,125.775288202717,121.278240565117,135.445359779516,134.952041291346,138.476322115997,130.780196399466,105.379065082448,108.181855667983,41.237266782622,141.272547980555,116.104381730207,128.143989078287,48.6668545378189,126.96362165405,129.72925755231,139.934077392539,137.217399352903,119.827814689566,118.46732261407,131.447838183969,116.56530600817,137.977873888286,55.5015207955584,107.765453477064,106.247475442586,130.803829734827,117.784238796631,114.003123616881,124.492052730777,122.661446051326,54.4798388517699,28.5289019352607,104.399519360192,133.230768099543,105.53056209012,130.319148633192,14.390172154714,131.09984095231,55.4292008323681,116.959093168105,129.684053361077,123.877201908756,112.303906943427,134.867857949394,119.395803244608,126.33221960608,123.820106034827,130.345463257275,131.538460477517,115.034310355181,134.236840554596
44.5175049630327,86.6697004612123,35.5754448681503,111.368852954175,1e+20,32.2331756249716,35.439790504743,40.8118761668931,73.5957022258935,37.1774840004393,33.9504204722627,63.3673061395348,36.1776630157753,62.0423886034976,99.811409954104,33.6042800527084,69.0640076517364,97.8566121898088,90.7096202924151,62.0486702540399,41.3370487679194,33.9506902564483,68.6477528293553,61.2227469735057,127.572353800687,89.6584341289255,41.0112942061926,32.6161451798238,34.5438548202326,60.226268477814,25.801439908092,63.5323809167622,30.1024353194905,38.6657181387758,34.5884876347837,61.8092658381725,24.0503847560984,31.9186994215799,68.63324341672,92.7804792701636,63.297147560422,24.6536979914415,119.285456388943,99.3701814691267,118.512279142242,127.755898993736,98.2082151228055,71.7238797194195,63.1806076598635,62.2263628743478,62.1939142507026,33.822002934097,53.832040869851,127.404651715273,31.0171524680101,34.1082086522923,60.5251996005528,90.2192934707334,43.9702301824976,95.8979800115801,83.2700866623154,69.7389509725644,119.520203842958,47.6044704255407,34.7964650056743,56.3926614796872,127.753893256137,101.280088252844,62.6605745476433,45.089088314254,44.0950330818165,76.2594170372632,36.1939711458215,54.1589520187945,34.384133371627,43.3542278426694,128.32672430287,74.9249695003101,81.0123357411209,76.7900106585245,32.519675961572,53.5332896262604,29.3197684563973,33.9520068074826,126.737094912953,111.00097794555,75.76605101849,92.3178400105654,77.0476241801639,97.850235863068,107.588341435622,64.3533390670583,125.939982429602,35.3440648220456,33.8718165997472,23.0438586678924,60.8748362894454,62.3859625590907,35.6781689611689,29.7634063564954,34.7413080687326,68.7143353940512,97.4499219297964,40.4996893298069,88.7931078405458
42.6302919300605,82.3364381960536,11.0481845903148,116.641898835588,32.2331756249716,1e+20,7.90443259349575,65.5163710462422,74.6084224780967,59.9385997470511,6.01524794686149,58.1236653883164,6.8104195769201,52.7143089067658,75.9628174294326,21.689411847275,64.7534879604329,76.4868041746025,83.4632222482418,72.8669398600511,16.3241258210941,6.17352846252217,62.2687635098272,53.5456685158304,132.978131438765,81.238055497471,58.499790735189,51.0838980767379,8.53629154054107,75.418548865464,31.1018075169517,54.1367311869971,51.2659012902577,51.7456745494548,4.09436271812464,54.1383334467909,45.5455247874007,54.8648557181415,63.8180544206265,82.7439887553403,56.7809749477615,50.5158927874511,127.882887761551,77.9896860380722,126.134175814898,119.434544635869,79.377830945061,66.2543471990749,54.7955018973224,56.3199300240618,54.0261496490999,24.8623209171771,45.8329894013629,127.600477012141,17.4743299622358,58.5019598340121,52.7683126560196,87.0918088662483,39.2007409595432,78.6034741085337,77.2012005373446,68.9106314991229,116.392825713205,43.8685465367184,11.9138992436527,73.2233320653673,122.541515802213,75.8481754789908,54.9617185422846,41.2546885864543,52.3114080252728,71.7579454655895,8.708335312891,63.1479564205277,5.67628258739878,40.4787064031126,132.114622592852,68.6986659659749,71.8484118669499,71.9983783116981,8.58943111771237,79.0187948155877,53.712048203761,60.024669871258,125.583214067177,113.44142883445,69.3942120328801,85.4554075683384,72.9514617752266,79.6700558255356,118.60805033579,58.3569042013124,126.45170283269,5.47442731023673,52.7360226784887,29.7272713536993,51.706110875558,55.4269357930332,8.9765103541403,26.4741396675656,55.1387574374731,63.8992362840649,82.8648461491568,56.4249801776596,82.0146920100684
38.6819309073104,84.5134084558943,12.791881915015,118.85291767864,35.439790504743,7.90443259349575,1e+20,63.7812950460963,78.5596110596375,61.6007224546159,5.50124137042033,56.1760138224317,4.11629020914624,51.1328158814421,78.5853642847791,22.5969102105967,69.0899787075668,78.5287230639012,85.4911973980899,71.377941968219,21.9899329573308,9.14231027851402,60.6562428058478,52.0812463935052,131.330215146911,83.2989504417786,57.4507998644614,49.0414929349412,9.0898975555594,73.8584451987328,32.3432424255052,52.6642168437254,52.6410417361945,50.9182746682313,5.30558083354893,52.5316790142571,46.3125465110682,56.1523996932051,67.9215668345464,84.7619444208002,60.5199817563078,51.8779172676916,128.482178011829,79.9454679973604,127.631142052999,117.686809749225,81.5864837584392,63.6579032658317,53.2080485388843,54.7568514989123,52.4347071226397,18.8935636180722,44.2618010694675,126.419170330623,14.5208769206182,59.6615185788812,51.1089582775369,89.1246834801448,34.1639536826374,81.2711572103813,81.8496055110881,72.3993087573376,113.476493184166,37.6179271562634,13.9333725288237,70.4503236486605,120.944765555344,78.714538051458,52.9417373766973,36.9062018040252,50.2048464900482,70.6174818491274,11.7592530501371,60.5459354597909,7.29498894121045,35.8828476017906,128.538463649959,73.430773051923,75.2166908895266,78.2766067865079,10.3077262469324,74.6372706967278,54.9670488685127,58.4599088399303,123.95656557974,111.923836412604,72.7270114392562,87.5058746525413,77.6078026061617,81.7066780196842,122.240470470004,56.8351310920136,124.011845530512,5.52763581186947,54.0663375639618,31.4032174531115,49.2925435503999,53.8426227904982,4.53444487679996,21.4527463340753,56.3153690692447,61.3269537407581,84.8565704419703,55.8614467038373,84.0809113811694
36.9434905705144,73.9375695319774,60.2270542767796,112.846098723129,40.8118761668931,65.5163710462422,63.7812950460963,1e+20,82.6666187783989,45.4272232102359,64.9906165747871,67.4840371141914,62.2759635316575,73.036817459788,84.6024760752228,48.8195292717489,68.8340462813878,87.6139624059729,77.1436720111748,83.4873230565157,61.8561326074218,62.9911741255398,74.0062823501686,76.0839892194984,113.317624126226,79.593259283739,9.17057285922592,18.3329465474915,68.0488735947903,63.0804785438412,25.2661559435993,74.8700537420416,23.2970171795271,23.5433962795267,60.9970998697946,73.3601708522781,24.1228451755953,17.942648192077,82.4057533514701,80.8073975254348,66.0109841556887,35.4168602115653,105.667599785478,87.5585026580245,107.09304481001,114.679635682134,87.5835987747912,82.6933301297839,70.8838812696822,72.9969045408913,72.1869068062844,49.7372601620739,73.4179509248011,111.591533398599,52.349620975116,18.2504295740757,69.9637809089467,81.63977251012,47.0162064195384,72.1408533751281,86.9619560991463,83.5573210314864,106.404919014643,44.6181672561758,61.6509504613832,63.0385365871241,112.891973297037,87.7245968294627,70.8449474254432,45.6400016498226,41.3735103289124,71.3244265043928,60.3180845548893,68.5794358979446,60.7940562338323,47.6699135654038,109.10747005243,79.784780592608,76.8471999544476,76.1192707082166,61.4277393295271,47.7625352393353,25.1408200798813,18.2484574639358,112.694237009809,107.924223476237,73.5676600361972,81.3553501704823,85.86042279571,85.501276019339,105.590995010441,67.9855161859213,113.049257646618,61.9591718390162,29.525386970268,26.8858317711192,44.2584206972054,70.8206415642915,64.5711462858864,59.3109368650632,23.2931538517332,69.9886968476183,86.502703393222,21.3089734324386,76.1304838035489
80.4364819401092,97.7499856855433,75.655726399796,108.568457628791,73.5957022258935,74.6084224780967,78.5596110596375,82.6666187783989,1e+20,95.9608826811417,77.6963412136413,62.3883341945045,78.3410796819842,60.2965656424495,104.130427984301,62.1919647322249,50.5263788591131,101.447684714169,100.960636654242,67.4680788831994,76.1547998986929,75.1944997608454,64.7609848624548,56.5319042885492,99.4614390027414,98.5377506385062,82.9296965788725,85.1649421708781,76.2354915618751,62.4536565130858,77.1494342183063,58.6065111965266,87.3156853934964,82.5356451313785,76.2101642270899,58.6517910352595,80.9279463793427,84.0610331973485,27.1168170363379,97.5188687153731,42.1444903795261,88.6495985773781,98.5932837368597,101.507378870643,99.3842955937535,104.121541589854,99.8857712645121,42.6935206706799,67.0026469373111,58.2158538638921,60.8559756873244,80.527482752316,58.5434102764919,99.7945180092308,72.4827600483774,89.2763863124861,60.0639831329674,95.4749176067779,88.9157233050998,103.632912065144,18.2308915255348,15.738278920786,103.712834931475,89.9847255683312,71.6427843549638,60.8649424329096,102.829697090101,104.736675372077,64.2854577965543,89.9835292041925,92.8771765700475,49.2809966954113,75.8236721740262,60.9396387435031,76.7100794852493,90.0190459613937,98.8497526279968,44.633823944675,49.2784056357429,82.0663405894529,74.8115849497861,67.8993451063723,83.263470182895,89.9644903683627,103.983122019075,117.458423480408,47.2003703211366,98.7451209228753,16.2782679886865,103.377038734907,109.495730989422,61.9502652364097,98.8873975294602,78.1237458157266,84.5297654209131,77.6266033065765,60.2044381369714,59.0135725355066,77.8050837993871,84.6490605654835,83.5226187794362,67.018009048771,101.795531026683,82.5048590202171,101.19564597681
76.3649078699834,58.6862964037883,53.8755765881075,104.566299678459,37.1774840004393,59.9385997470511,61.6007224546159,45.4272232102359,95.9608826811417,1e+20,60.3620064371937,70.2125341684757,62.7023517506162,69.3831389107832,65.3694730800771,59.3016474461195,90.8074485177463,65.6572132375555,62.2866787340405,54.1856544956849,48.1424822837136,57.838789424024,74.241479700457,66.9093442684127,120.17037109304,58.9549356054056,45.9940578601296,47.039800649945,63.7148498040054,51.4443997598333,40.6300106347303,71.7716733239978,56.0919258652044,52.19353522659,58.9471285494255,67.8543140124235,53.844926752184,49.468712848642,97.0978505427395,62.3087552574715,88.627774297013,65.603748785981,102.203524146909,66.7054126489613,102.565782858398,124.540383970062,63.8484947140894,99.3369494416195,75.0613687529441,68.7088602959032,69.0127911297042,68.4615143821366,62.2196071591811,120.106109403658,59.9139525709231,49.2622774984791,66.1110506108586,66.4588147613776,74.5420960325149,75.7423399514166,90.6662680737564,91.386156993749,122.62720912437,76.6153459194201,50.602980266014,56.3441185241999,121.813822278722,66.5328305568192,72.828372851079,76.2231329360373,86.0037486189936,95.3246437686334,59.7110605307472,48.3224811180761,59.8576540922436,75.3599377553596,119.940860497562,94.565924392183,86.2100602697924,72.6788024844521,54.235479332638,48.465016909169,56.6631840419839,47.9097020046341,122.560314342192,110.229433717001,88.1243339898899,61.1693014519003,95.0252573317743,64.9857609053652,102.419214117971,69.8905580844548,122.377646836758,61.295533854413,62.7076382195968,44.9807074384383,65.9875538679954,67.7316369465745,61.303332614736,75.4238296686774,54.645527152774,77.0728439344381,63.6637403146633,54.5752149767824,63.1977601838709
41.3592224885892,84.3751784456133,12.9682802887422,117.235320112484,33.9504204722627,6.01524794686149,5.50124137042033,64.9906165747871,77.6963412136413,60.3620064371937,1e+20,58.5147024320968,4.11602535040372,53.4262022759978,80.0360787342163,19.9153424102402,67.5549511091417,78.3876335933059,85.5158138085481,73.0763728725318,19.686850838571,4.97321161479998,62.981937813163,54.3248284526547,133.571198369687,83.305729266974,58.8826334210202,50.1492192952571,6.50179054213916,75.7290205706167,31.5065611265665,54.9557663273404,52.055899779446,53.0901426745108,5.3674924895751,54.808587460754,44.5763218129447,55.6089685900259,65.7448517184166,84.8617173848423,60.0144044134472,51.2674977611932,128.589496378676,79.8870053996885,127.630804741807,118.078749014006,82.8118406499186,65.1456599161613,55.6658123335413,57.0831935947852,54.7477291417664,20.5645761524494,46.7062074368666,126.894294010548,17.0583004016339,59.2746046129902,53.3952917667344,88.952586846968,35.3103077118888,83.711908269611,79.5191333153821,72.0038493572469,115.048666884883,39.4444353275818,12.6502586210589,73.9951231116517,121.150828727836,79.8088565268829,55.3423956750935,38.0994021150445,51.3803897241301,71.7118031909317,7.14570393477999,63.9570054438035,4.97643321679996,37.0548973262632,130.656608763013,72.5518963618401,75.4907095059762,78.4766593251717,9.92165008119429,76.9565131278522,54.5167687739794,57.9231359722981,125.064085304358,112.420038325618,72.928960120917,87.5173967266004,75.3174077439683,81.7280525173912,120.889758395033,59.159018311579,125.447607925926,2.75794326577327,53.5950234125967,28.6998948261224,50.6846987685641,56.1332613140711,3.49828514079896,22.6580664228663,55.9400535179326,65.3254976545755,85.3252530806292,57.5671849227022,84.1776595490597
48.3370143807092,99.7980334730142,60.5977383737536,129.83483240863,63.3673061395348,58.1236653883164,56.1760138224317,67.4840371141914,62.3883341945045,70.2125341684757,58.5147024320968,1e+20,59.4703600235001,8.72866747999012,101.319617700928,72.4249452055235,70.0486710976224,103.141343717532,103.773447380477,29.7804594924471,60.0526109075434,59.3498327784632,6.90488192459046,13.4393912005828,109.262287015614,99.7405131140815,60.8706021573856,63.7556400172579,56.712998816968,36.0482083304466,61.1948632805576,10.0923256575531,67.3694663070521,54.6680173094669,59.2245914008792,10.1956976466479,66.0324767955385,65.7911986032907,54.8976500722668,100.356481657822,64.4172400959362,78.230504196124,120.803457499913,102.578101283155,123.294187993625,122.860617767223,98.3576818251173,62.1240780872365,7.43119048653797,9.96490927425048,7.46926218966237,65.6461408226449,13.58965749059,114.755088194157,60.9881961453078,66.9972702359481,10.6092623021528,105.119398567806,66.5240762859364,104.742493452872,68.4305012757669,57.905690092124,121.202683687321,63.9086781514869,56.3825755602164,41.1167057044479,120.942449017327,103.634133535166,5.00802027522,64.0693319442909,63.6967612602216,67.8685697086989,61.8836259209674,42.6288248484841,61.1496989306735,66.6934846895688,111.857579214895,75.6059994176578,71.0261434119738,98.3992118583481,58.5796009289834,43.1926406721848,66.5826253924141,73.1223021010683,114.470062584635,130.117386245032,72.7634298513879,100.813310541351,66.351698195334,104.149763992567,124.353722778221,1.72617037318892,113.081457593918,60.157680121499,63.8463539099316,63.4313386562053,44.2074837750341,8.18818955150758,55.4449243347314,77.6778931333849,62.4236555843879,10.1473017658497,102.395523882658,56.9748637683343,105.542467123323
40.493943562492,81.3622154313767,11.7119940766496,118.40873641374,36.1776630157753,6.8104195769201,4.11629020914624,62.2759635316575,78.3410796819842,62.7023517506162,4.11602535040372,59.4703600235001,1e+20,54.4073587966682,76.2683787865804,19.235243810558,68.1561871006365,75.424221263139,82.4450487481106,75.0524648959361,21.7199549562798,7.52924313416459,63.9021340681251,55.385422821535,134.385218397286,80.2025414162863,58.883322611722,49.5892602307718,8.56318592672379,77.8562073067626,30.3757014517646,55.913642866977,52.7495189292523,52.3933560568166,3.91845858718919,55.8262204481045,46.4076571965573,56.3192164688978,67.3704547253944,81.7331215352824,59.6171714070682,52.0632868475523,128.465646256759,76.9166451118427,127.596322109731,118.194889937526,79.2632895289212,64.8099765205902,56.4206246298451,58.0532627879088,55.7238699243597,20.2095375535984,47.6406942106,128.187709417076,16.174225392124,59.8668168961053,54.418851477715,85.9670855799208,34.2671386434679,79.4359306961577,80.9272279686508,72.565484280504,115.083856299757,37.9656844701012,14.4380284628095,74.8033559552257,121.943867770466,76.3450303659901,56.1931496429591,38.3019745223409,51.6490368775977,71.5173247136651,7.86290733671267,65.3463230365354,3.40583664930066,37.2681101550326,131.353832001976,72.1417196753596,74.8871248586213,77.2469972791468,9.79554489052369,77.7550996728403,55.1539955593987,57.2556941311725,126.223865813127,113.439268445231,72.4538248975474,84.4640593462924,76.7402276263044,78.6417059854602,121.721437774565,60.1283719813457,126.696602380677,2.33383605993267,54.1051109719418,28.7531624843468,48.37074320075,57.1439213217516,5.97410761396142,21.5262990126281,56.4421902011476,65.3681795835676,81.8147551357223,57.5475005849133,81.0014416959709
51.0974714586139,105.458702028494,54.319526759945,135.93274439218,62.0423886034976,52.7143089067658,51.1328158814421,73.036817459788,60.2965656424495,69.3831389107832,53.4262022759978,8.72866747999012,54.4073587966682,1e+20,107.192375992984,66.9590850549377,66.8503220485399,108.98815970157,109.654643544732,21.736518178021,53.9199523349374,53.7539457348933,10.5087062697334,6.54352909586976,114.455932968953,105.553174997776,66.1744247091754,69.2690539623725,51.1596719581498,39.6183904307083,62.4248612798109,4.24109857876114,73.0044969280367,60.2678010510589,54.1891445196193,2.93182133254157,71.5659555430896,70.9562412510135,53.4054439162625,106.272589432278,60.2335792808385,80.2305350235206,126.46859661543,108.466032617442,129.016214143405,127.78416314217,104.356448723615,60.9955983046769,14.4702020670022,6.32417010379997,2.524735772,59.5860352175514,9.06781778754631,119.861361228919,55.0867104809533,72.9337770416579,3.91798392345245,110.960659387068,61.4158532180906,105.645870297571,66.091412308533,55.6036277175619,125.958074894684,63.9060256297623,50.0706248295474,39.1205686188793,125.907910241397,108.46241913052,12.2781083675893,62.6316864985838,71.9414442292469,65.1789255118907,56.2056820580325,35.3441070643877,56.0239059801583,62.7348006363588,116.488001850836,72.1113937018365,67.4739527027831,94.5394822415287,53.4013854522308,46.6699878336145,72.3987309303636,78.7560907738195,119.326957045426,135.163850815249,69.2381551073397,106.731559170267,64.3899054974735,110.202864591994,129.944891842843,7.59532605037401,118.052895879153,55.0823203490355,69.6549831617536,64.3638078500105,49.3958751267877,3.92792982679999,50.414669205849,70.9074175925485,68.2380612822448,13.7804497850618,108.424333268837,62.6114237738034,111.310760031462
94.5513737553607,18.0657411871558,74.2718145741605,126.447201748335,99.811409954104,75.9628174294326,78.5853642847791,84.6024760752228,104.130427984301,65.3694730800771,80.0360787342163,101.319617700928,76.2683787865804,107.192375992984,1e+20,80.2489128948319,77.2484134899124,5.63827666720314,14.0609642934047,108.459415249311,72.3588679153786,77.0418939474471,109.073958616546,107.770412306449,141.195104004248,14.6517441087923,80.4977811543698,86.570530733505,80.2721575325082,107.67636134938,89.3803163821388,106.304353140265,82.7713939144338,80.5215011784496,75.1717696794041,107.994728331162,100.769980725984,86.2989979567362,101.977853129137,11.6428066008589,67.4877544902377,78.6403396829954,123.943456940089,5.34933778297146,125.952764678813,132.149221194267,7.31455945591196,100.456729799361,103.584834228038,106.319870495253,106.376245873135,98.9220457207589,103.376809963602,137.940562039224,94.4746442735357,87.0062449044396,105.380756686156,18.4446915046101,79.5225835000003,26.0533882722312,83.5506520721529,95.5122385695694,130.733771756902,75.684689566171,76.9230418574837,96.7771494387615,135.306477512313,2.69107819644557,103.818604850732,75.4551421099513,84.0546056237142,78.0684810595123,74.7616474555415,91.8239224623529,75.5660767303585,78.1086521757513,139.378826817134,74.9444439671297,72.6326798149397,49.8981141701352,76.5136647155747,93.2231026333358,89.5263444928072,82.0626301012962,134.202904702721,127.169129404652,81.9627684180784,15.2858302803201,88.7569133520661,7.36069828553752,132.516308366023,101.554525421787,137.607122969327,76.432505828854,83.3172710849113,91.0380968782821,85.6511575150671,105.018700828268,80.953282536322,95.6660185639929,88.3210034196902,101.536123811802,10.7712392065378,77.6642291849715,12.9426695658046
41.0782366538585,84.6185348868004,23.7446574831883,107.190769733842,33.6042800527084,21.689411847275,22.5969102105967,48.8195292717489,62.1919647322249,59.3016474461195,19.9153424102402,72.4249452055235,19.235243810558,66.9590850549377,80.2489128948319,1e+20,59.9897966009507,79.1873959757437,85.8104397235206,77.744972972402,31.6811453649273,20.0256702694513,75.8276471140207,65.2758884403154,135.78140832967,83.7620097879313,45.6177498447007,41.0615261125389,26.3439689038866,67.606961474964,25.4397146125285,65.9199565342574,44.0208352399496,44.0824401528068,19.4245901974385,66.9538529037989,37.2576136826722,47.1249041447417,61.6193895114323,85.1853770655375,50.0385223171077,43.9351033064637,119.994759417078,80.567864208899,116.738559848141,117.89143767922,82.8941078066025,65.8596716224755,70.4112680414118,66.0786784122599,68.0750677674815,24.1940627776497,58.3972075853677,128.699526360465,17.1159936523668,49.8614931460488,66.7876949451437,89.4699900262585,38.4135235898882,83.5055797609053,67.4042669777535,62.2791380031172,115.8673853949,42.1065964364711,25.620457698596,63.6598167771551,120.940896577591,80.2504635272082,68.9162134293427,42.5183765971877,56.0328083940282,63.5285256994758,18.3300016559305,58.4759612259587,17.8875414040679,41.4116419556912,131.834278409405,65.0413662678427,66.1726244604182,57.3972956777909,21.7122306096311,64.0959223452307,46.1922632502497,47.2502357963012,126.353580786859,116.387871023214,60.7488585938653,87.7886094515653,64.0099603529061,82.2861321945006,112.603455801204,72.5734123118629,127.662786715975,18.8443363995565,45.3618962997572,22.9113383784204,49.6801972914452,67.9982577178885,22.200694471799,21.7751054654363,47.3876068908245,77.8704193317449,85.2878053607865,45.778308374149,84.7037866696813
67.0470454953162,82.390183749732,62.287643811823,114.045316807613,69.0640076517364,64.7534879604329,69.0899787075668,68.8340462813878,50.5263788591131,90.8074485177463,67.5549511091417,70.0486710976224,68.1561871006365,66.8503220485399,77.2484134899124,59.9897966009507,1e+20,78.0767152500703,81.3078582116485,80.3391974078992,61.6915778928363,64.5960751370779,73.967285933287,67.3391300107375,119.58483738198,81.9087167354947,64.2660231522188,64.9503950358032,67.4185998694824,91.8348483856776,64.1560460064405,68.2418892612421,62.7646880586554,58.0002723152219,66.4012704380416,67.8054829715897,67.3601990854833,65.3637952012401,30.7226351579081,79.1074824970005,14.1866532940409,69.9708517653149,113.395878203622,77.6996736968748,107.619491890113,116.706203459088,80.3866742701088,34.1247917143857,70.7231295323918,67.5459450598292,67.1464798570505,67.700393444942,59.8810131460231,114.998504358893,62.081430498688,61.7010003508333,66.095425041478,83.6378726534786,73.060862881662,68.0125800308938,47.6451838355471,38.2894061603273,112.76716473208,73.3605649210466,64.2640085708746,89.9427813654945,117.16961561756,77.7755177484509,69.9549302162237,72.9800435668462,77.2471379928591,17.706524841756,64.0027261592909,88.6435236190167,66.7333155533232,73.6986690509925,118.074558702858,18.5440729207086,20.0790190478953,73.311058574921,63.7981776830415,94.4715307683771,62.5938350714873,69.8320348818737,120.99165018792,111.927420553014,17.7489656972075,81.2297692537954,41.2680152278981,79.4111565604979,116.587669555845,70.2428626336583,118.397728265332,67.7617397967092,60.9282514435651,61.9895933749491,65.0409644941671,67.7285155310004,67.8614746446301,68.1702630294071,59.5929520269584,74.7592218744808,81.134479898031,56.7542206695749,78.6419533914412
95.8214013398111,15.8906672849672,74.6576352806981,129.30288439076,97.8566121898088,76.4868041746025,78.5287230639012,87.6139624059729,101.447684714169,65.6572132375555,78.3876335933059,103.141343717532,75.424221263139,108.98815970157,5.63827666720314,79.1873959757437,78.0767152500703,1e+20,12.4942793982681,109.801692361601,71.8595027427741,75.7705666870159,110.749481861071,107.185738842822,142.520979496402,11.8043614537604,81.4561079285186,84.261370166093,78.5226396250818,109.352298493068,87.0934786922733,108.028443022618,83.9741877150146,78.4757498385932,75.3576119260962,108.737181920449,98.0226704640964,87.6231100482365,100.578439447021,10.4060276158834,68.5543944972401,79.9573498966263,125.74912247105,1.28470727696456,125.03742672424,133.465969424901,4.8041719079656,99.1976381355586,104.734839086516,108.383182960581,108.374740002897,94.5820660504382,102.835012637064,139.859389731596,91.6585832536751,87.4977404887927,107.390467307189,15.8707696626931,79.569875985146,28.18037306585,80.2786080411708,94.2901552085713,132.021409030667,76.0707870935452,77.7927658850973,97.7594054110771,137.189239443302,4.23918735460751,105.512522179176,76.4861094446213,85.1228254809099,76.4610461187011,72.8802125489994,92.809094340634,74.5739140041267,78.4656475655675,140.428379090123,75.414789673075,73.8385306333226,51.7028614502087,76.8931613045701,94.1048180436756,90.8283078199314,82.6915949960655,136.116426872372,128.835453356418,83.0666644554321,13.1991302750109,87.165586451809,3.54381220350538,134.629620056996,103.537483187733,139.127531960798,75.7237242250871,84.429434476316,87.9019092095736,83.6520096949251,107.036883126753,79.15546171123,92.7998300080193,85.5425499790543,103.392856889255,7.6785039559756,75.5740947020087,11.4817778394089
84.5220732958194,5.43183001160777,81.4316771670716,136.921168804477,90.7096202924151,83.4632222482418,85.4911973980899,77.1436720111748,100.960636654242,62.2866787340405,85.5158138085481,103.773447380477,82.4450487481106,109.654643544732,14.0609642934047,85.8104397235206,81.3078582116485,12.4942793982681,1e+20,103.479275102717,73.5462722071624,83.1877071827701,114.362797433282,109.053827515499,147.681207032547,5.62142349101746,83.5124546983094,81.1417848404375,85.0526244961049,99.9022521461131,87.506751569836,109.835343700848,72.4094432999218,74.7340300821324,82.4017187257925,110.440017565053,91.6006786444506,75.6760217782899,97.9007666720803,5.2973061638873,71.8018583550287,69.3707464778807,130.764731124767,12.0658908236886,127.146947784468,139.08464965968,12.4472470709505,91.835643002297,111.151691040921,108.776325187556,108.801523835037,93.5832011097718,104.560037245521,144.140368193931,93.0640270698241,76.4367660460887,107.764344371472,9.93257061285346,74.2866794451784,31.1989648523745,80.965340425761,91.9057677345679,137.616697461357,69.407424620556,83.6141240597831,88.9685083400279,141.904530648217,15.1696070117817,106.196520792625,69.8775190155705,75.8575484186583,81.195540767448,80.2554171240192,87.6177019033449,81.584657432227,73.302560377658,145.431063449006,79.0284247825712,78.4677967742932,47.8963663016509,83.6233138348446,85.862948429003,78.964893351036,72.1139238973544,140.882467249051,134.433665321929,85.4205005631146,5.04509509176694,85.3701634075643,9.36500222073207,135.188569547262,104.087754889138,144.175652245995,82.8697164898424,73.5857236896306,88.8420564259228,80.1272527433546,107.452805478341,86.2396580539136,92.2145435045182,83.1197333744163,103.94606087784,9.55162131512373,77.5770320042497,5.22035623844746
66.6638605327738,99.69259263627,75.0055461193448,144.135064352515,62.0486702540399,72.8669398600511,71.377941968219,83.4873230565157,67.4680788831994,54.1856544956849,73.0763728725318,29.7804594924471,75.0524648959361,21.736518178021,108.459415249311,77.744972972402,80.3391974078992,109.801692361601,103.479275102717,1e+20,74.219886266879,74.051471624243,28.9012511774897,19.7560629228959,134.153314882471,99.4578302579626,77.0602461476296,83.624470622252,70.7259804372733,25.9545248397691,74.3303222730194,24.6439486075667,87.5204393013149,74.7094295930207,74.66435365013,20.0053735874333,85.3934695791403,84.8508236263506,67.0335319190396,102.74741449674,73.4454919810928,93.907355664775,129.721593394774,109.028861194456,131.118194256045,148.815252882311,104.143903252009,76.493582829765,35.715510621187,22.5391003385436,22.0077944516009,70.788230288477,22.3348809219424,140.847524491719,66.5970230700264,87.7763850658032,21.1835507299776,105.817505695879,76.3732726657266,116.114764550008,78.6844482961594,65.9642400395719,146.699730760208,79.1937174846285,68.7541211713004,26.5888250666344,146.751553874593,111.286134409864,33.6686681367873,77.5880016577785,87.4624928760179,80.7212035407709,77.0363270316411,19.9699164748827,76.337737342597,77.7487933552328,137.14871156818,87.0911459894977,82.0178704911378,92.1631472257869,73.5285824938178,36.0520615142727,86.2745239898844,92.9962269153809,140.099982924357,153.358885178704,81.4930026226313,101.555967265771,78.6425987798963,108.857392957457,129.476652973848,28.3778213364397,138.355975249596,75.336236361685,85.517149507462,76.2145902568769,64.5908682323021,21.4623938529437,70.6304618456659,84.2605292646473,83.1760065413505,33.1223587590668,104.693479279943,77.051471951644,105.922348971859
51.2891888630586,69.1300155345252,10.7351865430751,115.303478002531,41.3370487679194,16.3241258210941,21.9899329573308,61.8561326074218,76.1547998986929,48.1424822837136,19.686850838571,60.0526109075434,21.7199549562798,53.9199523349374,72.3588679153786,31.6811453649273,61.6915778928363,71.8595027427741,73.5462722071624,74.219886266879,1e+20,17.1417840009099,63.3097594920031,54.749893940892,124.244631292992,73.0934477263711,54.3394411089643,47.1355252632512,22.9561019114282,77.1592960485572,25.2699971228474,55.2766063770649,45.2607303306503,46.5620846409067,18.0461371303366,55.2798972214657,44.7579820489531,48.8493159756454,67.1746405756133,73.8255063849339,59.8229924547263,60.2611207470236,120.698458161514,72.7898675286659,118.248648827193,114.307466562514,72.8504006690124,73.7017591976116,58.9453676801655,57.6277169475994,55.2960646139792,39.8408094244397,47.564549579896,118.495855043253,27.5071537536344,53.0612475367976,54.0707747110909,79.4446170317845,55.6629884088575,74.7885516795716,67.2224971528874,64.4033120473373,113.766564323961,59.2356673508455,14.9904562811894,74.2415489559084,114.045302082993,72.8834437346875,58.1590968033749,57.5886821363854,68.9767407333193,76.1933195962189,19.0532140653568,65.7558140034299,19.4246320267537,57.135613899267,122.928302698226,59.4207446529871,60.7093124814498,72.1754823005059,12.1827680162756,78.5196861000625,48.4722845101412,55.129996410332,116.533772830876,111.233905484416,58.596826610162,74.8495088011407,63.209929209716,73.8563774318349,116.550135197713,59.9433160016474,118.042199775704,20.5438023186716,49.2005643264377,27.3042717726983,47.3984014728133,56.6720070812137,20.6761641496667,42.9760995447144,50.4610489881251,65.7014623339053,75.5426741477626,51.484940808118,75.2379223263822
43.0875105946147,81.9850613062221,10.5012452967565,116.949445139056,33.9506902564483,6.17352846252217,9.14231027851402,62.9911741255398,75.1944997608454,57.838789424024,4.97321161479998,59.3498327784632,7.52924313416459,53.7539457348933,77.0418939474471,20.0256702694513,64.5960751370779,75.7705666870159,83.1877071827701,74.051471624243,17.1417840009099,1e+20,63.2577116745294,54.7001962710714,132.338040836052,81.002701449919,57.6663742344742,48.9185034480504,9.07058291024667,76.6812810520216,27.871856151693,55.7840608854502,50.0573045792572,51.8979388188753,5.0791280059339,55.1443318241707,42.949657464738,53.6333777421228,63.0761380364064,82.5304492623087,58.3969223643357,49.3196513625754,126.107046784538,77.2619339840118,125.105058414598,116.574870712145,79.7192599653851,65.6384385441149,56.3154811053866,57.4109370536808,55.0754726006621,23.8302746068592,47.3755365572573,125.290536779951,18.4744388407486,57.3760377482296,53.7433276064154,86.6590292021489,39.4432437784142,81.3090873317914,76.4435483896574,69.5859840320935,113.509455699765,42.9321778182621,8.90050369355218,74.578562922999,119.590167892707,76.7836664833068,55.64555618146,42.1312077707841,55.4553545861734,71.668535213082,3.86025744602001,65.7387071745655,5.08592597399995,41.1069953627884,129.10303333163,70.1559654481335,73.0118584041981,77.4102790146071,7.4546150892086,76.1644053153293,52.5979095284328,56.0706025722343,123.512788105693,112.409549932894,70.4430147549244,85.1690523863016,72.2526889548151,79.1249146501436,120.506152653427,59.7272819134243,123.934771787922,6.50687550833573,51.5342894497648,25.3651862818247,49.9132457744236,56.4610047729667,6.84813367868088,26.8570683387846,54.0414866531724,66.3027755564207,82.2665253558497,55.874704311067,81.9340197820046
