1e+20,41.65256821,24.4984400059,51.341903863,18.418270404,24.0313989862,22.8355254728,15.153384462,20.3111286314,23.62401452871,24.6093295622,33.4032133246,22.2198849554,32.9008927516,43.186261175,23.5704121902,15.53842089985,44.6687367014,40.042863021,34.418941302,26.7533730084,23.687979102,33.486380923,35.523430517,49.357925967,40.643937615,13.061891258,15.427472638,23.6888539616,32.7684896134,19.2617016347,33.85103211204,12.8751350206,16.8025710703,21.955009737,33.8604242366,15.6058336586,14.034150167,15.1808339148,42.312597684,18.14129826568,14.0424936412,48.0162008276,44.6807311158,47.751165604,47.7356787330001,42.676287215,19.9795253126,29.852145288,34.676140989,32.098753553,19.1563481676,33.42869702404,46.7238145777,18.6412398446,13.0921048184,34.009077827,40.90402250006,22.1228820886,43.1385202868,19.263845379,17.7145580684,46.9238875402,22.9028560098,22.435269044,33.5600726368,47.6164533325,43.9304999581,32.35427477382,21.65524775,20.467381997,17.018128538,24.75476530771,34.7772895,24.3050295603,21.8440270765,48.1924871216,17.74791637004,19.16089669498,41.513569571,23.7568956992,33.1813844942,14.743140163,13.34173852162,46.751998196,47.1729778762,18.5421089278,39.94635114774,17.87558071588,42.6831213049,52.281790063,34.139656234,48.8101323274,21.9273542436,14.274423396,18.9195890614,18.69178375642,33.241435764,24.29230184,23.547540913,13.117005141,32.1239558207,42.6907425736,16.9107427756,40.514244807
41.65256821,1e+20,42.1912623922,75.158744791,32.4770493282,43.1524024308,43.2911860518,48.390627469,44.9598300879,44.20297097751,43.4287064422,34.1062411376,43.7320991234,35.4735405615,17.850573413,43.8597375332,49.51346451028,17.0390804686,14.710275269,35.5111999174,42.1543288348,43.7752464125,33.80131731,34.527994951,68.573428496,17.537637145,47.031010373,41.078316669,43.5868737418,34.983200594,42.8110008417,34.24827401896,48.7555579163,40.4946665303,42.935063389,35.4548638354,41.3654237156001,50.518916198,49.2428619118,16.88510892,42.09644914132,52.30788771,69.8449696837001,15.6059225641,68.726076435,71.068480859,11.141334768,51.7982789349,36.715586427,35.807023157,36.246439993,44.0637912933,35.49078628192,68.7031913007,43.2087631576,49.4337834108,36.691151665,18.40223293388,46.432538617,16.9328833663,40.482145643,41.6879679384,69.0697532922,47.5441866834,43.458142135,35.3221012312,69.157476438,17.0202212258,33.46133252932,46.852011856,50.5012987283,51.883265542,45.08675725648,36.103184903,42.7362082367,46.4499501628,68.5347613563,44.73548995826,42.18586118301,18.285342294,42.4570915694,37.7825222948,50.217092294,49.30646149338,69.817883639,68.8684072291,43.8080504638,16.94119327312,43.01624435306,16.8788574228,74.5239745240001,35.367045139,69.8508298399,42.0897414704,49.348185966,44.3154300972,44.1533440119,35.353413899,43.488553784,46.982826762,48.975499455,35.4913536333,16.4157874408,39.2833180546,15.3252251564
24.4984400059,42.1912623922,1e+20,60.2813808258,25.7749028522,11.5941820714,10.47229605,24.1472624147,28.3615327753,14.82535519758,11.0908639416,21.4776403553,8.4369491238,18.1607619109,44.1899906678,12.159983938,24.27611145202,46.4111486915,42.5910756539,21.3478036663,10.6503806668,11.5825269518,19.0477384763,20.8297494789,53.2445017289,44.2917457399,24.3924041289,24.6862362449,15.2317697505,18.9796365956,20.0742303637,21.57426163312,25.7882027432,25.4364780933,9.0240788852,18.3890979921,26.421790019,24.7127467679,24.6116680568,45.3074986622,24.90844624112,28.0407816007,53.8022774808,46.7150312279,54.1975780718,55.3181987169,44.6042700419,25.7590599984,18.3117578928,17.5288755908,18.9430929303,23.8923615182,19.21280189382,54.3378295242,20.935620233,25.2962256846,19.9220619793,43.87776498868,28.9473440663,45.5159954656,25.798988198,25.7445139713,54.4471621175,27.5447152357,12.9546797578,18.8444781344,53.4481743837,47.0098086654,20.10874745749,27.8610266439,27.5501040841,27.5048166079,12.46412823378,20.954723346,11.480371937,28.0123826949,54.5925070035,27.80317551594,26.45465856891,45.7531798459,8.5617679642,18.926995674,26.5946864319,26.06813904899,53.8149721729,54.8503210938,26.0281867773,44.02938973768,25.40888862092,44.9608029544,59.2492208358,18.5425662158,53.2127684249,9.89292117599999,26.2312831229,22.3582674683,22.53234102708,19.1881163289,12.4117380888,17.3044623272,25.6032362688,17.6885876549,46.5367833048,27.4611378756,44.0773863385
51.341903863,75.158744791,60.2813808258,1e+20,51.1442213626,60.7854806136,58.3929186636,42.574189404,35.9227109538,59.68432786291,58.0599466599,65.0174932548001,57.8811075376,65.2567424744,75.229076888,59.4048973989,41.49301912117,74.3797895556,73.69649429,69.0232998906,63.6026318795,58.5754822495,63.537474573,70.598896429,17.836599244,74.080232023,41.50271964,41.039491166,55.3159764604,63.7151663506,63.4815104821,68.21279845712,43.5631564804,38.5408791598,57.116139278,68.583481568,41.3336561418,41.007683513,41.8426701116,74.886445676,39.80800001052,46.1696726438,15.9942540307,73.4691332212,14.949896945,13.619335999,74.076836618,39.8320989436,61.328943836,67.865277828,65.605916577,65.5142729727,66.55933549908,15.7633816223,64.3816466808,43.249813609,66.091471773,74.52545884006,67.0232420344,73.071745378,41.853925791,38.5186615854,12.9378253538,67.6904228418,58.779129089,66.7061576992,15.5592089835,74.0719757311001,64.76707722409,67.202936801,61.4062133482,43.217598003,58.97737580122,69.308862441,59.0000567508,66.7874766364,16.2537128427,37.08239762204,36.85717162501,76.683545396,59.231071594,61.5696431934,44.116086564,43.21427037238,15.440497133,13.4806296882,39.0558499342,75.82527162278,39.81642015982,73.9830374585,12.283073118,66.524877129,17.7254728495,56.7446349546,43.953116446,66.3866955561,40.04318175028,65.821119009,57.969553542,57.5525246330001,42.708126389,63.3337020093,72.1195742184,38.7224216278,74.5452968303
18.418270404,32.4770493282,25.7749028522,51.1442213626,1e+20,26.3755374098,23.7385423574,22.5504711133,17.7833308386,24.56124515071,24.4068067302,35.1175055362,23.7487558339,33.6707205629,35.7051542638,25.308211315,22.98182164196,38.0118872896,33.3250493803,35.1509453851,26.7899432174,24.0321558087,32.4524036849,34.79398498,45.2139810566,34.639329744,21.7372647499,16.2346130033,21.6122750626,32.9095410588,22.2614800565,34.45773156604,20.5722966717,15.8520208406,24.2284783483,34.343320499,16.7618944701,21.1097831205,23.3971620241,35.1424998972,16.50513799688,23.0173993971,45.1471310828,37.3623105431,46.3007628553,46.7513111802,34.0129521452,27.2779670089,30.7219233818,32.409273044,33.591065689,22.8532228725,34.40646702028,45.7075025029,23.2852382641,20.9647553295,35.1420462467,35.31601697352,26.5376567965,36.6362244129,18.540321139,17.1872097624,45.8023177776,26.3755214788,23.8722405463,32.7622375332,46.0385821325,36.5985880321,31.64568907762,25.260327591,27.7150924222,25.8496428281,24.56064390391,35.6149578439,26.1731576569,25.5164840124,45.3267291339,18.28857844964,18.92532826102,36.255941704,25.5621488228,32.3909053995,22.2490880643,22.25723807168,46.9054105964,46.6963968532,18.8307540901,34.82886054546,18.25534862882,35.9146974274,49.2958199573,33.8055706068,46.1184638445,23.3064836618,22.6426263631,23.9928919322,17.29732477418,34.2530181497,24.3141091842,26.332636651,21.6307712613,32.1686618657,35.7660002186,17.0954310818,34.3681881632
24.0313989862,43.1524024308,11.5941820714,60.7854806136,26.3755374098,1e+20,10.2362822482,22.6284011668,27.2245113357,14.23824708802,10.989598077,21.2223536822,12.432483909,20.3076015896,44.7927616116,12.095475288,22.25481406226,46.9347876662,44.6407695424,22.9493019847,13.1441346202,12.2955715079,21.9883210156,20.9403393768,53.6046650482,43.9124935328,22.3043548014,23.8223125174,13.4471785486,20.000955616,18.0126193292,20.84299991668,24.51072271,25.9415405987,10.3467630448,21.1570407598,23.0294534051,25.3156720434,22.9323844082,46.2173656524,23.91044145988,25.6305843208,54.2445645458,48.7735005467,55.8651357282,55.3729913932,45.6510560788,25.3190422894,19.9199740204,18.3270241836,20.6042733238,22.038912333,21.49414161868,53.8296800139,18.830799177,23.9857937526,21.4866960378,44.71382839986,25.069228341,46.7602897423,25.8765776198,24.428465491,53.9315590648,25.4632127912,13.1381644988,21.1794789566,55.861877798,47.8290352646,20.78363917842,26.2660026384,25.4021987291,25.4047433584,12.25552720762,22.9532312996,11.4373719591,25.7395356819,55.1789151638,26.06779772934,25.60550188978,47.4795107968,11.6048441182,20.2971009018,25.4924962124,24.24850563042,55.3934283862001,55.3815702794,24.6867983804,45.69387152792,25.77844153688,45.1589210266,60.1455791862,19.9642829504,53.3473984194,11.017302387,25.4731753688,19.861118105,24.57948069702,21.8124787246,11.4381914178,14.8564606804,24.6087093568,20.983569982,46.0042638142,25.4725431434,44.597901992
22.8355254728,43.2911860518,10.47229605,58.3929186636,23.7385423574,10.2362822482,1e+20,23.2749989369,27.1445885748,13.40677209102,10.7977579124,22.3284834038,7.8181473766,21.1546501178,45.3654838602,9.9632396294,23.54907577251,47.4161993732,42.1339193556,22.7443095299,14.684168676,12.2308016618,20.5332612868,22.9519285226,52.6534995926,43.4835308832,23.9258559634,23.7447208664,13.8027815454,20.6997373472,17.7673075615,20.54480060668,24.3573775731,24.3858809248,7.5567694568,22.3542713316,24.9690708601,23.8949745858,23.307596221,45.2015063998,25.51963388208,25.8416611174,52.2442676568,48.2567029038,53.5053026996,54.8401927578,45.0883966898,24.6718712687,21.2710724172,20.3879272738,20.6918211898,20.33527865,21.22843972788,51.2568806453,18.282380072,23.8611766902,21.7471972862,43.28245249586,24.6505347668,47.4554412384001,27.0690292014,26.8548451776,53.376389896,25.3191217042,11.8143066942,21.4500620649,53.6541183471,47.4592710207,20.48962382102,24.8111307072,24.1740452786,26.0524226064,10.82136762502,22.0454561158,10.1940506148,24.6016048476,52.8086968988,27.03181728614,25.98210887981,47.2170862428,10.4934556744,20.0257502554,25.3999895764,24.77402020859,52.8659370286,53.2374342578,26.217463496,44.56851015074,26.55295440452,45.7450692571,58.5096396648,20.3871395332,53.4035631963,8.974323118,26.4607779546,19.3294157157,22.70214416348,21.1253050282,11.5135328878,14.0438615782,25.0763922924,19.8037975196,46.5737500354,27.055964675,43.8188298423
15.153384462,48.390627469,24.1472624147,42.574189404,22.5504711133,22.6284011668,23.2749989369,1e+20,17.7691716448,23.60309814989,22.9087804431,32.4396743328,23.0418379602,32.3269504551,51.1906643105,22.3624919831,12.27417968309,52.0668712038,47.1479112388,32.9216413685,25.1422766019,23.4972454875,30.0281502436,32.894970902,37.788116034,48.1971787764,9.5127697839,16.7497647179,23.1650866848,31.1472456412,18.5119095029,31.74212384826,11.7705637294,17.5934941651,24.0629219785,32.4939811257,16.5384582122,14.1275317344,7.61707881420001,50.4500475288,16.97074749068,14.7778137078,37.9625418804,52.7245939888,38.6967690344,39.7302531464,50.2940665849,12.3760788026,30.399823054,31.780796971,30.6523990074,20.9985790933,30.33156054438,38.2358833787,19.411109787,14.9710550571,31.013900708,48.1714311814,23.6957346193,50.1301278084,16.4399175655,15.5732116484,38.1906557844,24.6391375682,23.823364872,30.2531764042,40.8624751966,52.5821581496,32.14622339441,24.9415241214,24.1089018923,12.7488597996,23.68528755398,32.7082420456,22.4693989702,25.1478436092,38.6891731,17.21617785007,16.65161923202,49.0893685982,22.9537057516,30.5563145974,13.2299842756,9.99486879097999,38.926128384,38.2299955296,14.8162889677,48.06543749586,16.22244724482,50.5223274709,42.5771591426,31.8650142803,38.0041209706,23.8519016843,12.6986557766,20.7038047052,18.5856052078,31.5321380603,23.3106523876,23.4721486676,12.5715921196,31.852106629,50.8819426746,17.7645410464,48.8387336188
20.3111286314,44.9598300879,28.3615327753,35.9227109538,17.7833308386,27.2245113357,27.1445885748,17.7691716448,1e+20,27.65946486961,27.4647926197,36.2186833426,27.11537804,35.4561917638,48.0181148608,26.1721928495,17.58981070725,46.1741783633,44.0232297977,34.4989769213,27.993633599,25.8965686109,34.3060547544,34.8309319444,30.4624220436,44.7492562719,17.0639614317,13.6254247908,23.7768323116,36.1664104966,24.2527905031,35.45637724088,17.861171546,11.1842145475,25.7367406304,34.754156613,13.912558754,17.1833016482,17.8452150468,45.9191832407,14.1086842956,19.3975205396,31.8767872785,47.5337237623,31.0962103314,32.2518305414,45.7739830284,18.4874809936,34.2427397348,34.1660322388,33.9031288217,25.7131476959,32.8122228833,31.018881392,25.392357175,17.3586601456,34.8636988494,44.84551923734,28.5806238776,46.1642401951,17.0688785754,13.5721323728,31.146464232,28.5635547854,26.4988071592,34.460786654,32.8561495887,47.7467860604,33.10486776172,28.7043092132,29.0774890545,19.2388394482,25.69786345211,35.2016045603,27.1867835439,28.155418673,30.7862426731,13.05604653914,12.37023919242,45.3157951814,27.6751619648,34.0241825765,18.4770260962,17.40097022238,31.7572791066,32.2146656805,14.0832669425,43.98610633656,13.63041230112,46.7733504936,35.4226956292,35.4534509882,32.618251449,25.9104002926,19.2131335394,26.6569422823,14.75384593678,34.2342595048,26.5034060492,28.230624603,17.90158795,33.7792877112,47.376883835,14.4245595464,44.8984017502
23.62401452871,44.20297097751,14.82535519758,59.68432786291,24.56124515071,14.23824708802,13.40677209102,23.60309814989,27.65946486961,1e+20,13.20259383989,22.11000092269,13.88965461418,18.35458633268,45.57039222711,11.41346596882,22.54767481987,47.28901022531,43.36176322551,18.78460863079,14.61189485338,12.31138948128,18.38104550418,20.65648287609,51.29859170631,44.05184270591,23.50776814149,25.00100733431,11.70646022798,19.25757715758,20.77735375632,18.92887063858,25.17261738691,25.00129972031,13.81049109238,18.83726253022,25.76212565181,24.10776841931,24.35317229862,46.19767860371,25.05651155728,26.75986320751,53.50536378801,48.54151105511,52.68576908811,54.41263436071,45.7400849861101,25.57199501962,19.31514135511,20.05843061038,17.69019263402,23.98403939781,17.92271579186,51.84531517501,22.70012205511,24.23423719478,19.43611921318,43.97594322043,26.02683803031,45.87632169851,26.23801769971,26.27926539811,54.05294252611,26.46874933551,6.20380575138,19.65978665018,53.52597033701,46.83220948151,20.27610885911,26.40511284891,27.02582565321,26.39379248329,12.0363509774,19.39210030738,13.69927056239,26.11957704771,52.31868363881,26.60424019455,26.99078128049,43.84834960211,11.41448742958,20.60486975958,26.16652600371,25.95970525351,53.57284980251,54.74997455961,26.10864314809,43.3111699188501,26.67173588899,45.65173131491,59.16739813551,19.81294646722,52.32456594431,13.41485482678,25.37100480351,23.63815890281,21.74575297013,18.71852442178,12.50300147789,19.00787605342,25.68248349829,18.13646430448,46.00256139251,26.01264268471,43.43487331661
24.6093295622,43.4287064422,11.0908639416,58.0599466599,24.4068067302,10.989598077,10.7977579124,22.9087804431,27.4647926197,13.20259383989,1e+20,22.0726479166,10.5841798892,18.586781276,46.5011306718,8.63801038500001,24.298207436105,47.5432545745,43.7823516839,22.4060372837,13.5126138098,6.8155681757,21.1885615872,21.8893863049,51.4118483399,44.7918020598,23.4824612141,24.1207681991,11.5954601826,20.3947138081,18.883210302,20.57336959986,24.3600061156,23.5480913162,10.2836390978,20.1949266737,24.2274379125,24.8152070132,23.2108953247,46.3996746702,24.61875543678,27.6995215471,51.7656922295,48.0578450935,53.1521890589,52.8650402142,46.5564487082,24.1656004741,18.2526316558,19.1028770652,22.0181886212,20.3704918308,20.70470519928,51.2080237186,19.2665364384,24.2347543182,21.3547476198,44.52669036026,24.2795594414,45.9138445229,26.3675737721,25.6175262975,51.825963809,23.5803029349,11.9611458018,22.1812767773,53.7939488189,48.185679418,21.83077527962,24.2462943891,25.6150267654,25.0776367901,9.63473543742,23.5554813102,6.971963953,24.6182509926,52.9739978334,26.19291349706,25.17233881122,47.9595437512,10.9844545976,20.2164313597,25.1071845891,23.79534900048,52.1236513419,53.5587269391,24.7018281732,44.93903469462,26.60243861692,47.5912681064,57.2880856122,21.1337330088,50.5648494253,6.5240991096,25.4483243469,19.3054398709,22.7525662296,20.0281928228,6.7465849702,14.6080686788,24.8171244581,20.0654197738,47.3508490254,25.3654378485,44.6355583659
33.4032133246,34.1062411376,21.4776403553,65.0174932548001,35.1175055362,21.2223536822,22.3284834038,32.4396743328,36.2186833426,22.11000092269,22.0726479166,1e+20,21.8281785452,14.3573310883,36.1221957196,22.1843526342,34.563378822305,38.195053761,34.6960716586,14.2422384982,18.4846400818,21.0860028394,12.3782345494,11.3417097556,51.589132804,35.4017809528,32.8660893946,34.3713334078,23.937186129,13.332201253,32.7848700808,11.84272311448,32.649287203,34.9754029391,20.6394685786,12.9508623884,36.899232287,34.0460034734,33.4232991276,38.7154182428,31.94317167048,35.740525254,53.1252434207,39.025501683,53.274985445,57.1238623098,37.3587400236,36.8158561676,12.6075413326,12.9373280906,15.2062596754,35.5252250911,17.14272974848,53.0008703343,32.0691330974,34.8878849434,12.6070014644,37.0126084788,36.5278512722,37.1538757874,30.1919963748,32.910337089,57.8399669192,36.3077983636,22.1932700326,12.8585184094,58.0257956633,36.6684234215,10.38040032158,35.9758577113,35.3623928977,36.3106869818,21.30575772131,13.5956632436,21.5024761869,36.911211881,52.5774123886,34.41579148417,31.49209172038,37.4116894216,20.37366065,15.9881694828,35.1282098066,34.39422662722,54.7071312812,58.9871107653,31.9273894165,36.7134975987,33.66856282238,36.0628536451,60.2326135904,11.4246539904,54.9471608432,21.054113583,33.1987283774,33.4385554364,30.62056172498,13.3110545044,21.3772610454,28.5006621646,34.1418353796,14.06176103,39.5855863606,34.6506163166,35.2337816594
22.2198849554,43.7320991234,8.4369491238,57.8811075376,23.7487558339,12.432483909,7.8181473766,23.0418379602,27.11537804,13.88965461418,10.5841798892,21.8281785452,1e+20,21.5975392086,46.0512554144,9.1891079884,24.27396046661,48.1682221772,43.2674536244,23.1847510104,13.9477679874,11.3757082821,19.8928278596,23.6829355924,51.688759791,44.6237042887,24.5615076307,24.1706481077,12.2570395952,20.6681225582,17.5329626897,21.75952698952,24.1791600339,23.3573968747,6.6322882854,21.856650998,24.5641581829,23.6130958876,23.4861743063,46.2388387417,25.19263898002,26.3223340234,52.1021480235,49.0203827731,52.304410004,53.1318252874,45.6809245884,25.1653990724,20.5423220654,21.0986408994,20.8426417367,21.3733424577,21.45387716552,51.2455464033,18.218980158,24.7345152817,21.9093408706,43.77389012058,25.6732374671,47.1447261836,26.8930874927,25.945917372,52.2862976282,24.8719715795,12.7332901424,21.3767216355,52.0029794737999,48.0854982837,20.56957447429,24.7072346174,24.9999329269,26.7339362037,10.16798917138,22.7347862634,9.4435047946,24.9951639504,52.491439613,26.68329447844,25.65178384512,47.5802500054,8.95904043980001,19.8889290142,24.6451034964,23.86690330278,51.5888342668,53.4234348665,26.1078372072,45.17256688334,24.75135015102,46.4823135559,57.0871766356,20.1846234226,51.9956225034,9.08469301820001,23.7707068556,19.5405985644,21.38618189488,21.7363786786,9.5401960586,14.7830844204,24.7958335654,20.973604752,46.6966378843,26.0664482999,44.357670591
32.9008927516,35.4735405615,18.1607619109,65.2567424744,33.6707205629,20.3076015896,21.1546501178,32.3269504551,35.4561917638,18.35458633268,18.586781276,14.3573310883,21.5975392086,1e+20,37.4385825951,20.6499039197,31.66447499045,37.6638957774,37.3190540469,14.6376741122,18.3738200904,19.4617126672,16.0802804598,11.9054212656,54.2726918432,37.3395323311,31.382240839,33.8618894718,23.1052296129,11.1285345126,31.5862530032,10.98544161892,33.3292612424,33.6853887194,19.8622021379,7.1088494316,35.0237042599,32.4357307136,32.2606688812,39.8217716801,32.24292152802,36.0600929821,55.0801597377,38.0000357824,55.7650862733,58.7821995056,37.6367470643,33.8616540018,13.009447269,11.3885977001,11.8430905156,32.7112876967,12.88696738812,54.8462750786,30.8424142315,33.1487939982,10.8607544687,36.71558741366,32.8411179211,37.381091501,31.8488449342,31.8372159461,59.9945123959,32.3455076897,17.8975929741,13.6620726795,59.1916387469,38.19075563,14.01262628228,32.9221360799,32.6337467089,34.3753717895,22.14299036287,14.1912841704,19.0076824067,32.4135136153,55.884490763,34.74753931809,32.74807410392,38.7662359535,19.1278017118,17.0482009323,34.0285575656,34.38686790398,56.9638306176001,61.8243505714,33.0224319292,36.90104462192,33.13382216512,37.8628857368,62.886449917,11.6664132392,55.2855525696,19.7046010303,33.1337736696,32.0205158931,30.31246229008,8.27178586740001,20.8670546663,26.986669445,32.9621277726,11.1629995361,38.8210005189,33.4722779391,37.0399090313
43.186261175,17.850573413,44.1899906678,75.229076888,35.7051542638,44.7927616116,45.3654838602,51.1906643105,48.0181148608,45.57039222711,46.5011306718,36.1221957196,46.0512554144,37.4385825951,1e+20,46.6335560268,52.01396697111,19.0140834128,15.230474664,37.7216242812,43.861216923,45.1023670835,36.633127988,36.284101876,67.676448251,14.59326544,47.959955772,43.413940993,45.6544190252,37.2899392852,43.877269052,36.53615115792,51.0782586726,43.8716174013,45.986394655,37.548820464,44.8391185956,51.893587258,51.7490787076,17.184654332,45.00085688068,54.1976288168,68.8647920885,18.2473755549,68.70591892,70.859943108,15.885908182,51.8533513804,39.320197142,35.40079619,37.749716294,45.3402438427,37.68834844908,67.6364362487,44.3254841884,51.2569264188,36.372463891,19.74438810412,47.5123779664,19.1402842075,40.887864835,44.5176735746,68.2675322346,48.5492163988,45.094734893,36.2787576893,68.6840767685,12.3292314312,35.47246191718,48.310387418,51.5532278413,52.480714118,45.85971147092,37.025249265,46.3716459267,48.6233818182,67.9493739493,45.34626312774,45.72811434002,14.391125255,45.4818016766,39.3896111694,52.101489341,50.90786761362,69.614327104,68.9841046771,46.046415621,19.11633007264,42.95844427132,12.42283971,73.810627272,36.359240757,69.469293437,44.8263945356,52.244628822,45.165266674,44.95931208896,38.178652161,45.769120337,49.765142639,51.366271529,37.1736536933,15.7603950476,44.2577516106,12.4609284706
23.5704121902,43.8597375332,12.159983938,59.4048973989,25.308211315,12.095475288,9.9632396294,22.3624919831,26.1721928495,11.41346596882,8.63801038500001,22.1843526342,9.1891079884,20.6499039197,46.6335560268,1e+20,24.06370288831,48.2869062295,43.1862585419,21.4168733072,13.761258007,9.8063292422,20.1243137732,23.4494282129,53.0983903849,44.4040584098,23.7348780581,23.9480927339,12.4847043816,20.5927011615,18.9621588014,21.35373544898,24.3395639105,24.5169505924,9.63755871180001,21.8654548288,24.6438956527,24.6948441682,23.9271812497,45.3568831782,24.97856208642,26.4873512537,53.5059213197,48.2868734301,53.7331274609,55.5631951032,45.5155987492,25.0990457849,19.1091722778,21.6397871872,19.0772887702,20.9374511285,20.06071604328,53.0959190532,18.7168945107,24.5435205323,20.5887475848,43.81217087126,25.4910297712,45.8641217909,26.2807214661,25.9136123225,53.0827844101,25.0439276039,12.1477527708,23.0393135893,54.4259765994,47.6751057909,20.00723099062,25.5033423503,26.1869816504,25.8683588871,12.32580797898,22.4593052752,7.8477652744,25.6753411794,55.1919318234,26.42832477536,25.82318606312,48.0704908952,8.4692631726,20.8994112321,24.9311408882,24.92189740048,54.0756745049,53.8302995791,24.8418466756,44.84777951284,26.02524305532,46.3880558714,59.2107042422,20.3711161608,52.2552499547,7.7600738504,24.9539533769,19.5027923549,21.75148732998,20.4952855838,9.1482032662,14.6754711538,25.2705460601,19.0153614042,46.8325215084,26.110921325,44.1663806569
15.53842089985,49.51346451028,24.27611145202,41.49301912117,22.98182164196,22.25481406226,23.54907577251,12.27417968309,17.58981070725,22.54767481987,24.298207436105,34.563378822305,24.27396046661,31.66447499045,52.01396697111,24.06370288831,1e+20,53.017379916065,48.52610146918,33.00083479421,26.79914184412,23.66928055119,31.073955759305,33.38330624679,36.62065841953,49.63667587649,12.31502913705,16.144370639845,23.0417234412,31.74903016701,19.04253837822,32.17493529093,11.70125571639,16.61726985882,25.55345821752,33.02123858485,16.29482084766,10.92640721645,13.61719915601,51.769559934975,15.76616351608,14.22832617559,37.29598726084,53.496729968225,36.78095165743,36.72555902422,51.13726096034,12.65376289265,31.45542641761,32.60838710192,30.32641942215,21.221018913265,29.60823543993,35.72391669707,19.209350844265,10.85746429192,31.39523123885,49.31231074608,23.22206774941,52.28678937142,17.427485408035,16.362027310215,36.51030636985,25.94938117395,23.49229555385,31.63643803136,38.63451550122,52.55084808598,31.890561288275,24.72631113725,23.77377091905,12.14870857399,24.14595313147,32.11738962055,23.88410424405,24.52806424571,36.00177654809,15.7236255094,16.90422571892,50.02197310891,24.40810878825,31.28247549326,10.68775762781,11.18507312029,37.26152307589,36.680241914505,15.321846535345,49.351475954365,16.25733502632,50.915988930225,41.78453826369,32.44050340142,36.70915071282,25.60287382635,13.57249505915,20.358664129765,17.78581956547,31.71825814815,24.16747444709,25.60546773621,9.40556784591,31.28428526701,51.603674383835,16.53678205918,50.21952099242
44.6687367014,17.0390804686,46.4111486915,74.3797895556,38.0118872896,46.9347876662,47.4161993732,52.0668712038,46.1741783633,47.28901022531,47.5432545745,38.195053761,48.1682221772,37.6638957774,19.0140834128,48.2869062295,53.017379916065,1e+20,19.3281901536,37.3571004466,44.4990987928,46.8745176179,38.7761770114,37.6115245164,68.1743029406,18.4061665714,49.5619482754,45.1406779128,47.6976411628,39.0194936854,46.0659589739,37.78105468236,52.1050024688,45.2025298553,47.3647308836,38.3210145585,44.6612122646,53.3320949526,52.6071148512,18.3093651484,46.31692286144,55.5939218126,68.3056505323,11.3094795532,69.3219826626,70.2345811946,17.4589064208,53.049826871,40.8593443656,38.2330151146,38.9813582864,47.8375828966,38.78789055444,68.1302582591,46.3434105426,52.6687642333,38.5755218636,18.29144900072,48.1909377625,16.6468270512,43.7093163682,45.4264103696,68.8013041294,49.6906268854,46.2699475904,39.624483542,69.3470026236001,16.8168156588,37.30208766742,49.4989580159,54.2704075189,54.1202939904,47.68756753311,39.4464069434,46.4174725757,49.2063535094,68.3766217252,47.26203464017,46.35115759958,15.6948700816,45.7954855222,41.6437260936,54.2519440696,52.56554889122,68.8545472196,70.4278134485,46.9578840777,17.28620062172,45.50674292498,17.0788698334,74.1986344734,38.7666058056,67.5781021063,47.21443658,53.5664041776,47.9176058486,45.03212483377,39.2427183196,48.3382184896,51.8914314836,52.9766198266,38.4543426969,18.4081442684,44.253216633,17.425683439
40.042863021,14.710275269,42.5910756539,73.69649429,33.3250493803,44.6407695424,42.1339193556,47.1479112388,44.0232297977,43.36176322551,43.7823516839,34.6960716586,43.2674536244,37.3190540469,15.230474664,43.1862585419,48.52610146918,19.3281901536,1e+20,37.4852225274,42.4294300428,43.0006180965,34.043667442,36.726517242,65.821920296,15.116818586,45.126504348,40.690211829,42.6601351708,35.51906824,42.4819252142,34.70224359308,47.2972730966,40.1903615753,43.343768034,37.7245010656,41.4870780326,49.451337784,47.8532996406,14.969895749,41.41258686468,50.9097020162,67.6334900629,16.1765363514,67.460204326,69.576643702,14.523852069,52.2476058384,37.316137139,36.844574651,36.206940246,44.0359625257,37.73893091108,66.9564979597,43.2914715086,48.4329491034,36.852619668,16.49247925312,47.1333486503,17.3813524558,38.753066787,41.2278456478,66.6293701602,47.383918318,42.360145289,35.7357683714,68.2877097175,18.4525108758,32.75991255109,47.731080468,49.7686902837,51.206205812,43.19174398891,38.129697481,42.8604798873,47.5996597421,66.8716337063,42.36726369274,40.99709737601,18.603915047,42.9239984504,36.1812252462,49.149732872,47.52844728638,68.5709717600001,66.7234350671,42.1510232202,15.99209333604,40.52143166132,16.0071198322,72.161522664,34.936654376,68.9577491661001,41.9996423272,48.359838788,43.7865074103,43.16691290739,36.797446981,43.293836139,46.195476822,48.068085606,35.2764706804,17.0990624156,39.3148561846,18.1161778766
34.418941302,35.5111999174,21.3478036663,69.0232998906,35.1509453851,22.9493019847,22.7443095299,32.9216413685,34.4989769213,18.78460863079,22.4060372837,14.2422384982,23.1847510104,14.6376741122,37.7216242812,21.4168733072,33.00083479421,37.3571004466,37.4852225274,1e+20,19.67686179,21.8700366569,13.9751938372,12.99537751,56.5348600084,36.9827004122,32.6729093283,34.5138332921,24.100681939,14.7183012904,31.2337806787,13.6157079882,34.5918551708,35.4791175844,21.9248744758,12.239713624,35.4762342875,34.570031774,33.2700544403,39.0959549713,32.58248204282,38.170492424,58.440025562,37.140467391,58.8611523344,61.9654666131,36.4884305402,35.4565958417,14.0536959408,13.9158758188,13.3287466602,33.9446125236,11.36303107912,58.4418653839,31.8393369771,34.4215612955,13.833632326,37.00411763386,34.6566759167,36.6342392596,32.7874735543,33.7209461629,63.2289533312,35.9974618011,20.828193236,14.3434093178,61.8254722431,38.1870585865,15.15264167582,35.5134860863,35.528210207,35.2019017005,21.49999838447,13.518891513,22.1322597616,35.6358371295,57.2512791328,35.94537102416,33.73569670308,38.4824747428,19.8206012394,16.4121859302,35.6734186298,35.89445220472,60.5737783162,64.3127035994001,34.0800756287,37.91393496922,34.17748763918,37.7061020987,65.8758757932,14.786455209,59.0291027731,22.4587422616,35.2661539444,32.6128240615,31.31005754778,14.052140394,22.2825665747,29.6350678932,35.0633706421,12.9740787171,37.9734472261,35.1496461257,37.0615966265
26.7533730084,42.1543288348,10.6503806668,63.6026318795,26.7899432174,13.1441346202,14.684168676,25.1422766019,27.993633599,14.61189485338,13.5126138098,18.4846400818,13.9477679874,18.3738200904,43.861216923,13.761258007,26.79914184412,44.4990987928,42.4294300428,19.67686179,1e+20,11.9150919631,18.9651051075,18.9590788304,51.9471900891,43.8445268049,24.5391250039,26.4049837279,16.3685366402,18.9910594051,22.0837166749,19.55360427142,26.8779540862,26.2304547213,13.5250340818,17.9539361,27.9644982768,28.8176773575,26.0234711287,43.6650528257,26.75928059892,31.4457552018,55.0662544115,46.5150311496,54.6123626921,57.0922247109,43.8390245458,29.6937746837,18.9609345424,17.3918716274,17.9632365382,27.9723548219,19.82715221824,53.7082305474,23.4281937914,29.1178405725,19.1807935992,43.77543034628,32.5101400678,43.6760591981,27.0224446936,26.6858647562,55.6829336248,32.6767403467,14.4971486437,19.0243991974,56.9552611985,44.8223247274,18.19424539878,32.2494264287,32.9007116699,31.2710144368,12.86279963458,22.5521512539,15.2424988379,32.1157034166,54.1489175665,29.06694107226,26.81873770862,42.3854025834,11.7954972576,22.14332972,29.8081103705,28.72554092442,56.0867381680001,57.1665871574,26.1531868066,42.67134573414,25.97873170758,44.4760669606,62.4529635452,18.1491303962,55.5119294656,13.1751807945,29.0544450432,25.7769806383,23.60129066178,19.4456212985,14.0590826746,20.6187773497,29.1039757965,18.6290907126,45.1234156774,28.0983489603,42.4210008808
23.687979102,43.7752464125,11.5825269518,58.5754822495,24.0321558087,12.2955715079,12.2308016618,23.4972454875,25.8965686109,12.31138948128,6.8155681757,21.0860028394,11.3757082821,19.4617126672,45.1023670835,9.8063292422,23.66928055119,46.8745176179,43.0006180965,21.8700366569,11.9150919631,1e+20,18.3852739495,21.2176068115,49.826108948,43.8164258445,24.125787018,24.100100306,10.3001973634,20.8387076929,18.2020603795,20.31043407396,22.6001399594,23.1497173452,12.0668520535,20.7678081724,24.0279216619,23.404211481,24.9714495846,45.6622686295,25.33268694782,25.7012915962,51.3697160345,47.8925841511,51.6401677275,53.211523532,46.1857919215,24.8665180182,18.703295079,19.5254780315,20.421613689,21.2236483522,20.47221366258,50.1616396328,19.8472700386,24.3388421884,20.7975075195,43.96837759256,25.2964071641,45.9443595859,25.0806829975,25.7062328299,50.2375015393,23.5429505593,10.800037512,20.9981069802,53.1865181305,47.4178011787,18.85325620632,24.0907931035,26.0759460627,26.332437462,9.32709272772,22.1739016725,9.9975396188,23.7432073409,51.0714762405999,25.06459402376,25.21102394051,45.306872144,10.1712729569,20.1705431138,25.248891398,24.27206895638,52.406790329,52.3279394977,25.4254593728,43.88125777076,24.58660510652,46.4226731937,57.0839662005,20.903815401,50.7804275644,8.4508813942,24.017807968,19.5373848967,21.4035033413,20.4960886865,7.71837751450001,16.200223492,24.051823354,20.7861935009,47.4182091642,24.9901704733,44.0393092049
33.486380923,33.80131731,19.0477384763,63.537474573,32.4524036849,21.9883210156,20.5332612868,30.0281502436,34.3060547544,18.38104550418,21.1885615872,12.3782345494,19.8928278596,16.0802804598,36.633127988,20.1243137732,31.073955759305,38.7761770114,34.043667442,13.9751938372,18.9651051075,18.3852739495,1e+20,14.110919372,50.916768712,35.961776976,32.156978993,31.761219364,21.5710108634,14.6098081534,28.9228761066,14.45025229896,31.6104904134,33.1406772347,20.529518452,15.0980506812,33.6418274294,32.171925425,31.3817562316,37.948288839,30.46904836568,33.6290889206,52.9699298337,39.7390714794,53.493032458,56.399582871,37.215798311,33.3958697562,13.04415615,14.730748745,13.162818832,31.2966914067,15.12485078808,54.3843599773,30.7008117046,33.5054786609,13.585971371,37.00452860594,33.7559956933,38.115007269,29.533530754,32.0984344104,57.0927738028,32.5484042598,18.726722665,13.0943368472,55.523853088,38.0781400171,11.81896133732,33.00691694,31.2139760759,33.629410601,19.57053083268,13.458552668,20.2711607923,33.0697021254,53.0278449237,34.26907639477,31.74174225598,38.645284313,18.3118707886,14.2664954814,33.675518739,33.18313856262,55.35829164,57.3263533289,31.2477728813,36.41074196342,31.74134620158,36.4758233795,59.4830951320001,15.074325197,54.0006516594,20.6270778224,31.836236325,30.9296346741,29.1090416752,14.826585119,19.676207816,26.714086219,33.246149645,13.4173530343,38.2793996922,32.1564059154,35.3103847944
35.523430517,34.527994951,20.8297494789,70.598896429,34.79398498,20.9403393768,22.9519285226,32.894970902,34.8309319444,20.65648287609,21.8893863049,11.3417097556,23.6829355924,11.9054212656,36.284101876,23.4494282129,33.38330624679,37.6115245164,36.726517242,12.99537751,18.9590788304,21.2176068115,14.110919372,1e+20,56.009051996,36.447244744,32.03547653,33.961279726,24.2508978286,15.0820366004,31.7527777631,11.07701891196,34.9910971406,34.9126701527,22.282138213,9.3094793044,37.2394183444,34.834733222,32.7114379898,38.460121773,31.58518007968,38.3061746262,59.3663641987,38.9288985254,58.873666025,62.660245772,37.353217517,35.4038365936,14.576470187,10.366313143,12.029307698,34.3287884176,12.59441233608,58.1848043487,32.4026790876,33.5542007972,14.397696058,37.52058438,34.6481093966,38.350911374,32.154913626,32.6992723176,62.9912162758,35.4380152588,21.171282596,12.5284571168,63.4008114105,37.9902311621,12.18736694159,34.891409782,36.4701768049,35.649237459,20.13390520871,12.901624862,22.1348085051,35.0202314464,58.7385453297,35.53671542077,32.60395731398,37.297125358,22.2305870386,17.1282583702,36.236263063,35.23012650762,60.51363489,63.4767299279,33.3777933084,37.74808107512,33.20686652858,35.1322334905,66.494448361,12.908301102,59.5995208013,22.5933778254,36.117537075,33.8377294522,32.02589348201,13.578331351,22.096582371,28.658065222,35.224644712,15.2310738743,38.1809672186,35.1176191704,36.1079482382999
49.357925967,68.573428496,53.2445017289,17.836599244,45.2139810566,53.6046650482,52.6534995926,37.788116034,30.4624220436,51.29859170631,51.4118483399,51.589132804,51.688759791,54.2726918432,67.676448251,53.0983903849,36.62065841953,68.1743029406,65.821920296,56.5348600084,51.9471900891,49.826108948,50.916768712,56.009051996,1e+20,67.698470392,36.526898858,36.402224447,46.8140221704,52.5197520626,57.8955857795,54.74737779304,39.3753086034,33.0697428873,51.803872921,55.512409792,39.047816422,36.964248166,36.3013183206,65.280068464,35.80280985668,42.5076414458,11.208937137,67.3218237275,10.158160681,12.507141815,68.041773408,35.1192482284,48.583125325,53.989064511,51.577047852,58.8897127407,53.24101451312,9.6092918243,59.2645717826,39.1014372936,53.144748778,67.61878588988,61.3351252084,65.422263979,33.755103663,32.8904348084,12.8965025038,59.7160073752,51.307886933,52.5207040902,13.5325420185,67.9878456879,50.7201944965,60.2510066235,52.9377429023,38.407909968,51.53510074191,55.910331228,53.5923572391,60.3546649794,8.6183575812,30.29173073851,30.04289846702,69.4642989,52.5826374478,50.1555968304,40.053435297,38.03645490638,11.932393463,12.9850724192,30.8798322027,67.91106033094,31.44617273322,67.1973599535,17.283270532,52.59794348,11.7438036244,50.9958408386,40.026019016,58.146939063,35.23205540248,54.202297564,50.238298574,52.08015093,38.690177019,50.8992086767,66.0572024072,33.27457941,68.4426416317
40.643937615,17.537637145,44.2917457399,74.080232023,34.639329744,43.9124935328,43.4835308832,48.1971787764,44.7492562719,44.05184270591,44.7918020598,35.4017809528,44.6237042887,37.3395323311,14.59326544,44.4040584098,49.63667587649,18.4061665714,15.116818586,36.9827004122,43.8445268049,43.8164258445,35.961776976,36.447244744,67.698470392,1e+20,46.27888475,39.858291614,44.0360890186,37.2440923924,43.1680888721,36.61673246396,48.259143245,42.0670944657,44.638134028,38.3567362954,43.1453112164,50.51910574,49.1424792916,19.190987962,42.00778318368,51.7270643082,68.2538350302,17.3444159514,68.54116767,70.5655785819999,17.25976456,50.7339366819,38.296982373,36.564354115,37.982431474,44.9473067196,37.69740386008,67.9565707877,43.9758429836,49.7421955234,37.745780746,15.95979930412,46.0622268566,17.118681712,40.558194888,42.5806916356,67.7066087188,47.8067138776,43.283984393,36.8132065878,69.3111888345,15.2685624718,34.21479966518,47.119668348,49.3148854353,52.195692936,45.01005595861,37.906133904,43.3362954031,46.944430374,67.4790919973,43.37553210074,42.20565857102,17.894313197,43.5498859626,39.2623510314,51.256562922,49.34505460438,69.111960461,67.8493077391,44.0402752871,18.33498036988,41.96144568332,18.6854725931,73.017713169,37.495386414,68.8165992233,43.7587491854,49.714601595,44.6359618461,43.05571048352,38.291370927,44.447011428,47.669687677,49.821017656,37.5133182243,17.7866167288,40.6768206394,15.3082730096
13.061891258,47.031010373,24.3924041289,41.50271964,21.7372647499,22.3043548014,23.9258559634,9.5127697839,17.0639614317,23.50776814149,23.4824612141,32.8660893946,24.5615076307,31.382240839,47.959955772,23.7348780581,12.31502913705,49.5619482754,45.126504348,32.6729093283,24.5391250039,24.125787018,32.156978993,32.03547653,36.526898858,46.27888475,1e+20,15.774020903,22.0874806042,30.9794946824,20.9514494732,31.59784644408,12.4700505433,15.7823631533,23.571610164,31.2730177884,16.4212886276,13.664748014,10.0250725538,47.920195065,16.19493099868,14.4628470952,37.1475219487,50.5208945796,37.088358166,38.266022886,47.86532588,14.0231021568,30.203667342,30.018395898,29.591126012,21.3363968987,29.92747075808,36.5686210847,20.6522307876,12.365813893,30.417001087,46.52188827506,24.3408738616,48.1266671196,15.522989675,14.5984366644,37.3184150058,24.2967464758,22.80684818,31.4731652682,39.1556343645,50.1129247751,32.00664915709,24.922307629,26.292668771,13.724240598,24.58377920492,32.040551096,23.3540198467,25.0244117555,38.2406372597,15.38830809904,15.54260286298,46.2565142610001,23.9441205552,31.6315973334,12.133170251,12.03017650862,37.62115664,37.9009037169,13.730148016,44.69316541526,15.36071846206,48.3067707125,42.530277618,30.759313706,37.1985526414,23.6041079896,11.784220456,20.7240968405,16.97521784282,30.446356961,24.403966864,23.319959987,11.087198876,31.1887303014,47.9156732086,16.5329411306,45.8799989363
