1e+20,13.2971353307588,7.651973483526,8.57665630093545,6.35758243092484,7.76334522346241,8.20327911583047,7.27167847580543,6.01258865322232,7.91844900620379,7.17507827906827,7.48757165906763,7.80895024443609,8.11334234875171,12.4467322266037,7.69846611062063,4.51817249124704,14.4612586618536,14.9932230822687,8.6410427334314,6.61964403833082,7.47959673205848,8.78450595557483,9.55428678799392,10.7879398006159,11.8260198139827,4.67487567093226,4.87707949973095,7.07372673811587,8.19233033846807,5.78848107545201,9.37994101683294,5.28608500977669,7.6931467614016,6.38369389106178,8.68966392556217,5.27863646331016,5.57955416778355,4.40205725996453,13.6286820061863,7.12246552327912,6.60716804038596,11.0163719666469,14.355846501419,10.8068552107887,10.9674820699058,12.0781999735475,7.87531655515775,8.50232200173549,8.27317975514453,9.83025256029114,7.11638028388466,6.99287872484722,10.1626651965546,5.84278243738122,5.46916970392885,8.08397473569715,13.368959678267,5.34273470238324,13.0394212337833,7.06363886224559,7.86232518839867,11.1025883001811,8.12348484586958,7.61288245551432,10.1680541440851,11.2489046783692,11.6639796094193,9.22406487205766,5.75673952567438,6.12438099880917,6.97942638647284,7.37951698935895,8.77694631969533,7.50030747236254,4.9280267241365,9.86293159233115,6.37379077692994,6.66976108738226,14.9980195402497,12.4496106444199,8.07452555090343,5.44915598473197,3.91127262667693,8.8724239233163,8.66149693087858,6.59797641893942,14.5117728470868,4.8602814275641,12.1192612387467,10.6963173688738,9.52308766037404,8.48352870433367,8.14828988745466,5.92652370068834,5.08634874928272,7.66517349968447,8.55968692728598,7.72244786952069,8.33441657727336,5.60574762139605,9.97760716816899,11.9322265951001,5.51313001163769,13.4121539221316
13.2971353307588,1e+20,9.59284709188044,13.6489408417676,12.8197299679633,11.864022101526,11.1507914484295,11.2033521296001,13.6387669648935,10.7998943295881,12.8941132906931,7.32020654699368,11.6036114589596,9.57872357441684,9.94575259269259,12.2009855877286,13.6956726575524,12.3322666760212,11.7018172567115,12.44325437002,10.7524486750589,12.1533849811126,10.4600514555064,8.39420552033978,14.6697019598267,9.9592359971699,10.6175643836922,12.3061743575287,10.4876028541031,9.69732750220528,13.1679327655873,10.4094936433823,13.0557584395173,15.3311160313972,11.9425867850618,11.359430381245,13.0797359010374,11.77447993761,13.8942404349683,12.7716393281713,13.0724920896784,11.9068284375921,12.3801627042335,10.9014910836776,11.2091643087609,14.4918802670176,11.5026905499734,11.9953842269939,10.5583363580657,10.7422225049457,10.9550369552085,12.4199566135375,13.1414554708035,14.1171456367957,12.4525733606291,12.2575633062273,8.47126827358318,5.0188353683836,14.6317595280973,7.76943143100557,11.0229100714801,14.2102905258518,12.5770364448325,13.273772715738,11.9617126997072,12.4751282053525,13.3287723027974,12.5822955058635,7.27634994200788,13.1551441662926,14.3839395034535,11.5155922643954,11.9708296068193,11.7873200089906,11.0893695451687,13.6178299898908,10.1029810205563,12.5104679784175,12.4530581561352,6.13564843737908,13.4951276943241,11.3101840226835,13.5335599006148,13.424932610963,11.9372070242826,10.4611151783554,13.0195172521884,11.0808630693834,12.3050338415811,9.93281165356045,13.975625651982,11.5142123596561,11.013813874875,10.9291918025846,13.7076288205603,13.2143871508289,10.4658482915063,11.1119143200855,10.9373911377118,10.017505581026,11.9820330911224,12.1359520060292,11.6379797205532,13.0908796688732,9.67605419293621
7.651973483526,9.59284709188044,1e+20,10.0242973663648,8.87351473513854,5.33282206550762,5.69420434747239,6.99138869641156,7.35656162292253,4.7520793583621,5.74204628751713,4.17841452629194,4.7235856916111,4.81797705327595,11.3599502402055,4.87153258743636,7.48406328535292,12.6533402690448,13.2320074608815,6.01779463898831,4.58906477731246,5.4246610285622,5.81736062523985,5.07998437074256,11.718754818574,10.1111233912667,5.58451954802792,8.58283113529424,3.56288335480682,4.35225163997799,5.77280312201449,4.76713124615945,6.56971069981188,9.50664837943617,4.77331956281048,6.46652151937202,7.65429781218883,6.00123451936355,6.86762369210426,11.9278594548047,7.36963611073916,7.2572701681386,11.2504868085185,10.8794275949605,11.3941568981861,12.3459824657227,12.0490556368772,6.57426203071248,5.51150424026305,3.84240993809132,6.59331588374565,7.22280800124564,7.0398273420573,11.4120315374531,6.33878522282147,6.39266572902319,4.53833611595619,9.47366767579839,7.01224869167881,10.6095912377522,7.62669393544723,9.68163925382885,11.6606358193227,6.79766043985628,4.67042820788235,7.57632888915958,11.5360229570604,9.40252056256438,4.58149953212903,6.04538645929353,6.85933512031653,6.03238814701503,5.17727665419916,5.41622689944043,5.50635096721241,6.64429793568514,9.22245964247985,7.07376690120829,8.98058528335583,11.4749863174392,9.91475917867986,5.0493209464382,8.10701231901044,8.17732893268691,9.04373235671205,8.84012594792068,7.33846362743914,11.8271492209781,7.58542611945077,11.0410663234123,11.0234993671186,5.62647078957595,7.62570149122515,4.13103407514823,7.87724868665749,6.26243190848995,7.19571406902717,4.89332336032557,4.51664975680959,6.12073370691947,5.90421853612941,6.27737126539308,11.9634279685705,7.23394891631964,11.034149884674
8.57665630093545,13.6489408417676,10.0242973663648,1e+20,11.1939571731842,10.3352909569106,12.211355525945,11.1482422262045,11.2300051914466,9.32371820853601,10.2385347277377,10.3463081783906,11.0041782321538,9.47790896164441,11.8914949600558,9.44737001974157,9.57622769924761,16.2890899089043,15.1427459436735,11.9075071970118,9.73681196383108,9.08896108370281,11.2171129034718,11.0783630491014,10.0032288813519,11.0876514416088,8.17577784151405,8.95709079151646,9.6470105078138,9.47857218310037,8.36755183510912,10.8779707595138,9.61541201574324,11.1895922490491,8.56244506824174,10.7141736738538,9.25994583632302,10.1009433576845,6.99248735337923,16.3523646035816,10.4114801834365,10.2524839705485,11.7054779060333,16.9560510365479,10.7614387737796,9.24253333957255,10.9049183931342,12.5872962426206,10.3227583794148,10.2658796440433,9.66008331370547,9.74705024396401,9.67269227161479,10.7344987440798,9.45031252988748,9.68847902118797,9.11281326485978,13.5219251095846,10.0565999751219,14.6034306951668,10.5148868968601,11.6029463822866,9.85607588815506,11.940439509595,9.49108206830273,12.308889650601,12.5054588477685,14.5185234469449,10.7332895529913,9.53730164371627,9.39639011114595,9.88022376352317,8.48922724079982,11.0292659691465,9.37628058409449,9.15112829333338,9.4004615238822,10.5932616274223,10.9544988812321,15.3616113688976,12.2225415221656,10.4714482214979,9.7313229712638,8.56820120486564,8.96390264538361,7.15489032373637,10.9225633746815,16.1276457210482,9.80369027648269,10.9115567817304,6.59471405639766,11.9037571156099,9.68494904103161,9.86945653977549,10.6099708468716,9.75688663079955,7.91867935533671,9.59727554523103,9.79128159220181,9.812441217386,8.9438718457191,12.34779625111,11.7143683721825,8.64612143723326,15.0272234556734
6.35758243092484,12.8197299679633,8.87351473513854,11.1939571731842,1e+20,9.45332504320686,9.18227877955133,8.09258008596945,5.27210830539433,8.96614186024725,10.2591653490742,8.6872370712196,9.59988568895038,9.81599677731089,11.8368307979385,7.95914037912913,8.36162316497944,14.1846257245823,17.4931754054919,9.52968173387755,7.63588472799535,7.81694221816724,10.0910945737089,10.2523194123224,11.2722316974538,11.4586353637493,6.40793747986639,5.7844228782141,8.83222815602913,10.0898720553302,7.69714829727096,10.7103071675894,5.56307618210545,7.83108429046478,7.59458340462129,11.0007103162776,5.02331758275455,6.03860365004615,8.50838544128711,13.084426973214,6.37966793788259,7.85205248001243,12.1149577566004,14.1673690953178,11.3885869592527,13.4639741847518,12.6327233626744,8.61392807963459,11.987885203357,9.21089874014453,12.6210594583837,8.92453296727639,10.988859590117,10.7325143191054,6.3877392547562,6.09214038025291,9.4649850534457,12.9205625832632,8.2966568326371,14.5478243781507,7.93812504980022,7.3704273648911,13.26174563953,9.19655460001469,8.7525621923229,11.9538665269235,12.3340355347955,12.7217581902168,10.0085218624057,8.20378642361256,7.96634236046185,8.27323645835261,8.60799660431223,11.8289441926514,7.74320189412698,7.60074774546162,12.0250411109317,7.82141064543568,7.96579084105191,14.9702675070979,12.9939449078616,11.1535048952215,9.14399312658912,8.08564553368729,9.82260043547705,11.4044796964083,7.14885374702742,14.4587722180375,5.016625477398,11.6368968955902,11.1151894527595,11.6283852864653,10.1344683192159,7.92918138967003,6.16467305927249,7.08774496399707,9.39724697633085,10.8493152474078,8.09360272639078,9.20277500120855,8.27600580481201,11.7897058450187,10.2214601104027,6.17757696724656,11.390200408078
7.76334522346241,11.864022101526,5.33282206550762,10.3352909569106,9.45332504320686,1e+20,5.9152849243002,4.93293062143232,7.92461599033781,4.73690579929127,3.05975577303992,6.16257013413754,4.64954645341416,5.37568572606611,13.8745090661113,6.23745325099213,8.27837590237728,13.8993208058248,15.4471392866268,5.45961561247813,3.60564010288379,7.56627161976265,4.09406774563976,7.09909498918528,8.97416631804985,12.7049378674246,6.63521022232098,8.39104626846898,4.74925300805422,4.46849578148382,7.2427166773709,4.8607826002326,7.11416250538692,8.10071796033127,6.72111149760908,4.19636890310651,8.00161878845674,7.81659385485389,6.2698681353336,12.9071110361841,8.4819081042033,4.87028558845224,9.46807108310129,11.1923686094673,10.314769066994,11.8166743869087,14.3706296127225,6.12331708070339,7.54847664366221,5.26875406451818,7.08434739530604,8.92535235089703,5.34755736283462,9.26797504503461,7.99564384403005,7.72132696524217,5.05275610760668,12.3410680880598,7.75313787183692,13.5073265232416,8.23823500305006,9.00608229188808,11.1442970187566,6.02777092837959,4.17305924352493,3.26156678456227,8.76760544836195,6.49610238715173,6.24344631130593,6.54518101140431,6.09113549973692,4.10840311140416,5.82961531159026,5.68837061824394,5.91880181168629,6.80183797699571,10.5094035017111,8.67119814405067,7.03655632008427,13.7948941093252,12.0578892007333,4.67772776218969,6.8211846994905,6.94770388676094,8.13109418008535,9.57811351280718,8.70254667750841,11.7140159416996,6.64425039981944,13.5758899772781,10.9584804512997,5.10844059805084,6.62450902647015,6.53717564406373,6.33298517380975,7.02909256501854,7.64907273740552,4.62047405255285,6.50736140957063,8.4164805668531,4.51116333900302,3.37813592744679,14.6495216277347,7.45468710236223,13.6820455382457
8.20327911583047,11.1507914484295,5.69420434747239,12.211355525945,9.18227877955133,5.9152849243002,1e+20,6.80124731945941,7.19387129635399,8.3124735262416,6.73873730385961,5.43114780760482,4.18764161011631,8.62201020248051,13.7159378251815,7.69193608105185,8.68668590821845,11.5482237776365,16.5305809092035,5.21227249438533,5.97754629212768,8.38665677351186,6.96624710208162,6.03442043848834,12.8508907285053,13.6292016190292,6.34783566145679,9.6468648021749,5.84339128645884,6.35984683597027,7.86697513795088,6.47300753572196,7.45065700120486,11.3059327130835,7.49735114992225,5.74481135967213,7.55111215242354,5.76340231045471,8.69771348048169,10.8653568141656,6.52357785518289,7.1617311201068,12.189829130465,8.54603928785395,12.991997165103,15.0020745403651,15.6582142119671,5.14783834654971,8.36654658102721,5.87709512504534,9.2405460341186,9.02942806131938,9.28582804573324,12.5328883209075,7.3206446475934,5.98603864653084,7.69083790574194,12.2099429121619,8.41081370501728,13.0449714642561,7.07169518801363,11.5612356706841,14.0981920891843,5.91328907915573,6.56218700866431,7.5261879696464,10.8545908866631,6.53803038907919,5.97234700641921,6.78370749833195,7.71404068627525,7.1043434312697,7.97738844666604,7.75816309848937,8.34789807995807,7.00607453703205,11.1057709179112,6.30733962730981,8.34308489818826,12.6212376150886,12.3502195141591,6.65561956087668,9.76512001978484,9.22071315957454,8.69920124991855,10.4602730168055,6.19509145316695,10.5152701843934,7.45425159879822,14.2619330910346,11.7902707261844,5.79896091788557,7.70655082671567,7.36920053317296,8.43239757338515,6.62780777817435,8.63231517227124,8.00945732822647,6.86668047182438,8.49835673592883,5.33106387724042,6.05834830981264,14.8728522675084,7.2217905177356,13.0094786698807
7.27167847580543,11.2033521296001,6.99138869641156,11.1482422262045,8.09258008596945,4.93293062143232,6.80124731945941,1e+20,7.54931934570441,5.8201791902116,5.74386042002593,6.4641099191943,5.76500943988779,6.93513540508499,14.767889538033,7.71901729412372,8.03547570107268,11.9621534908626,14.9657020916144,6.65273632253046,4.77700205326379,9.32619375424003,4.99864607600653,9.08676995274022,9.11112170503698,13.5180540081064,6.74988574036073,7.17073113872736,6.34342211110607,7.18769642005946,9.14565759519749,8.00061829934561,7.20801567882312,7.0512704266615,8.86203039036961,7.58273110595096,8.28321107718231,8.13167531354955,7.82852092452884,10.6230593978789,9.64331908019514,2.63977951410383,6.90276012738242,10.3524334098374,7.97468867835707,10.4577094911275,13.8353815593194,4.52783585224784,8.85020339172752,7.11048200789386,9.3944511701618,8.78258491551882,7.19595158303673,8.32697859735658,8.62291484837841,8.19497482093068,6.76678849749498,11.9357414419849,8.39947090959951,12.660561056467,9.1460378847388,6.94862268821089,9.62755307041652,6.09576808055477,7.13912621730773,5.84038612592996,7.48627971272213,7.83910304957372,7.98790699499252,8.40458850022536,6.87896888488396,3.48557196250711,8.34015566512987,8.58676064546636,6.30283416509558,7.43380714970484,10.0081627824192,9.68190936974169,6.74383624899284,13.184575814877,12.3228309951726,7.53314552462494,5.91375744072673,6.10597467088192,8.26759729043527,8.88415632377932,9.72960237662023,10.8474702780924,5.04266001517161,14.0500340986524,12.0145980280739,7.23336840109601,6.99978341676809,7.80940963630189,4.82923913272275,8.07084054580824,8.13137014165135,7.9856331705379,7.0151263789154,8.43079463521483,5.13116581120746,6.67572753101084,13.8679069937711,8.69610245860469,11.4803733320216
6.01258865322232,13.6387669648935,7.35656162292253,11.2300051914466,5.27210830539433,7.92461599033781,7.19387129635399,7.54931934570441,1e+20,8.50024127005096,8.56955796179665,8.10252961081708,7.22661789513314,9.37550796513873,13.2406237080677,5.93257311847258,7.02035440948482,13.3745778846868,17.6203563264496,6.90370277696508,6.78156534506173,6.23918041336155,9.21209939304053,9.77042373553808,12.076326495183,12.1445551304928,6.12567204131528,7.495669268333,6.69130482516214,9.21889394023892,5.89537807205424,9.1769451620349,2.41928729814669,7.18456949312879,6.12508249501822,9.78849018616757,3.99170404673225,3.81910938096381,7.62285246749307,11.8811488078272,5.36517212285196,7.68188816351629,12.261655715884,12.9968994064855,12.3797423297028,14.0042112740467,13.4950734168429,6.39586734292914,10.3757790543919,7.12129902974928,11.3746889870667,7.19550600617741,9.41846307223995,11.4533420593962,4.35666226360559,3.76289782482729,9.25441793902784,13.6429362409638,4.80719730491115,14.7568324978589,7.362171731047,7.36216743624522,14.0624846065171,5.630706319782,6.41729861487077,10.4139699087757,12.4915957465942,11.1719879453542,9.81184562993576,5.8401163123831,5.14339152399365,6.76712661302835,6.71027273319505,9.65146910605937,7.33469746778525,4.77511473946417,11.7160671897903,6.04438858461884,8.46153688590371,14.940207397313,12.2013498144605,9.09595465848998,8.1885606721947,7.58326155124742,9.28418724221882,11.275553812172,5.71558147397396,14.2290271742115,6.42057660219863,12.8945669729909,11.0737445482126,9.58349420433228,9.06950317860979,6.24140742181425,5.67732251147814,4.35532953950563,9.33562408108373,9.43793871310439,6.11359322253405,8.31195702600096,6.95669076674372,9.56661035226479,11.8885547799612,5.72718059480058,11.861992330956
7.91844900620379,10.7998943295881,4.7520793583621,9.32371820853601,8.96614186024725,4.73690579929127,8.3124735262416,5.8201791902116,8.50024127005096,1e+20,5.33005011557041,6.35717781016796,6.15473124890167,3.46074545275174,12.7248298039776,5.02329915512581,8.52924042952304,13.4579560165996,13.802840657092,6.66310730590015,3.94271631052276,6.55358804399007,4.73346987750128,7.60843972868064,9.31130373198713,10.6713418822172,6.92309163184171,8.04151909926746,5.52148092187689,5.25509268452479,7.13118037964158,6.55784707600893,7.38175050747389,7.07888541253001,6.20769175495076,7.61695189976438,8.52871482830504,8.55281846388974,6.59880428936044,12.5412561488832,9.36752187274853,5.67280414313159,9.24615826979372,12.4196080445285,9.43385447258163,9.73218266095044,11.8077737615432,7.70138578931972,7.31184514760795,5.28116741865725,7.48954894416198,7.75192521481228,6.21368758832714,8.98818890819085,8.25778357878925,8.6360961295968,4.16451762797123,10.5320258023116,8.10786492823095,12.0944055511447,9.7906616007614,7.66686415984941,9.51937171789295,7.7833092708849,5.6885753909752,6.73696961594354,9.92538140497698,10.1134508854597,6.64387094788394,7.89338955128529,6.60675419529242,4.72021864105864,5.90824594852423,7.01414568939534,3.45514516195042,7.58539268328229,10.1336986654937,9.96776368804249,8.92075733043708,13.1766698919781,9.9717922030984,6.69640681969395,6.93907007592921,7.38471116326598,8.98901201562915,8.84853938246153,9.87283153615184,12.2234702144803,6.80877231456209,11.378379513409,11.1490167646669,6.35272953147568,8.43439389130424,5.3307800841054,6.32069105220893,8.20000839901915,7.53739842287742,5.61041109347785,5.44084822625671,6.90973350909241,6.12394281898594,7.08865006274491,11.7483117377251,8.19703653399631,11.2637792731
7.17507827906827,12.8941132906931,5.74204628751713,10.2385347277377,10.2591653490742,3.05975577303992,6.73873730385961,5.74386042002593,8.56955796179665,5.33005011557041,1e+20,6.97341791597203,5.21657007999498,5.82857343530437,14.5556222868301,7.01145963762698,6.85029506769648,14.2033132377508,14.385243112578,5.90908127709156,4.7722384901716,8.19316909655564,5.06207655677165,7.64565328188763,10.3153766827163,13.4419794723241,7.30191830301637,8.26372733095726,5.84615738409898,5.18652515841088,7.19122576401801,5.88277279996066,7.72835302386349,8.3685577134025,7.30185390581554,5.23199636044798,8.91354472829305,8.28756325182901,5.47715440591328,13.1989952649062,9.20949489031719,5.44818325210055,9.68327604257566,12.01258037061,10.9155883716009,11.0409612496411,14.1336864229736,6.29500680266997,6.34883179626922,6.00007230994653,6.66306176884773,8.84991435133695,4.11482458399489,9.93643699694716,8.53316089546568,8.0943185330479,5.83442226117471,13.0683312735811,7.15509138103901,12.9489433214006,9.15416197762476,9.70176871726492,10.5983011543374,6.51674298642104,5.49836433753206,4.55456428343753,9.73649380390937,7.69474886056432,7.27717979048387,6.6183833061343,6.07859539803198,4.91666663673831,6.93665434577208,5.06655455372367,6.67317805487186,6.37584308878208,10.214167760937,8.65019595267156,7.94897228796281,14.4535271702402,12.0178826011257,4.62623692789755,5.80181484117011,6.48784836560176,9.0112304220797,8.98451451358892,8.92298058534227,12.4393095731422,7.0737641498026,14.2560480870629,11.9026942940426,5.02033576835483,7.85294024287338,7.29951871296759,6.47983868692387,7.20217952325393,8.59720346432772,5.36349610515382,7.48415576060283,8.91239631768022,4.74250754259836,4.49914296013144,15.2093126114941,8.09908677083443,14.3994736864774
7.48757165906763,7.32020654699368,4.17841452629194,10.3463081783906,8.6872370712196,6.16257013413754,5.43114780760482,6.4641099191943,8.10252961081708,6.35717781016796,6.97341791597203,1e+20,5.91748909487828,5.52078201687762,10.6349128684564,7.03523838496357,8.27091165716754,11.6153825546564,12.5191593135409,7.02332288014063,5.52748441571897,7.59731909963822,6.26769104868377,4.99736644179234,11.6439774561804,10.1750497122699,4.8567117727945,8.24476124754478,4.24267917310076,4.5058273690167,7.42979435302341,5.77291141600386,7.39426263230797,10.5677798463121,6.58137244609814,6.10030537089632,7.52797675784868,6.17624708031643,7.97553667883098,11.1320275038193,8.00265097150479,6.89112656204088,10.6216421689995,9.86001298745474,10.3334499186264,12.4743826753526,11.7720416210443,6.96917907471059,5.91721776009753,5.40879441898213,7.24954578793592,7.75380825405275,7.8239312587558,11.3402829073147,7.06225347209007,6.77246355905547,4.6370120712634,8.44850662594623,8.56607417796648,9.30337376963996,6.51468064174394,9.97043040243213,11.2236205513528,7.60408838447527,6.59598806326352,7.91469716767664,10.5060851891773,8.80001349946438,3.57489349049815,7.07193315053717,8.51131058339892,6.5766384236709,6.84965147703967,6.54329940009017,6.43073489943044,7.64303510925682,8.60502756211835,7.36614269994208,7.76340841006114,9.79131998069923,10.8810358668684,5.59091012436096,8.20897432986067,7.73375583378362,8.7409034849078,8.30320820237767,7.76805269165577,10.8550466887048,7.1807784280794,10.7451144346843,11.1822172656607,6.70328324646862,6.87203446675666,6.28224092923386,8.70140630863431,6.99850258446781,6.15298095468138,6.15149417990826,5.72384417304396,6.40533159613186,5.86969106388521,7.15864391366336,11.618405183867,7.63761815526985,10.3888628319518
7.80895024443609,11.6036114589596,4.7235856916111,11.0041782321538,9.59988568895038,4.64954645341416,4.18764161011631,5.76500943988779,7.22661789513314,6.15473124890167,5.21657007999498,5.91748909487828,1e+20,6.96712743918099,14.314018816601,6.24936554045906,8.05635721629368,10.8137385499093,15.8491392414351,3.94205681847982,4.53709951225425,7.59958254607601,5.06400161989639,7.09757728785473,11.8378279199917,13.2061119448251,6.53753092190256,9.68169464956653,4.96539470216062,5.91614936476726,6.9610273553253,6.520903419392,7.05797616523918,9.38508906643383,6.96760639492446,6.19842322932688,8.06101632295794,6.73786291696701,7.41736145368424,10.1189962728202,7.77484261548532,5.86684100964188,10.5519039442783,9.2143268920528,11.8887622092208,12.6210665317566,14.8871564709891,4.86266319285103,7.47758198931835,4.64880168809024,8.71910538757245,6.83628710959591,7.39705267470511,11.0018055870669,7.34362148880488,6.93434160145824,6.68971731756239,11.5908160157706,7.04095979617489,13.0949525951793,8.74401795803563,10.1155687263447,12.6757580084348,4.50760869682646,5.51366370801871,6.24024735873996,9.97497779700365,7.31333791053289,6.47167962517956,6.64692771806603,5.73038691027188,4.9104054588497,7.11348006340846,7.12762042851797,6.15347080338267,6.11595677770224,11.0362592948192,7.99319221942742,8.94992034643561,12.83181953791,10.209354711437,5.77160318394401,8.38417027612735,8.02927124249286,7.72583220916893,9.22872808782892,7.68203500694946,9.84643549388244,7.06099794209263,13.7770231507008,11.2684678053816,4.1048935711244,7.80293825202257,6.25759672863071,7.05119456013967,6.6903173363766,8.44862983857264,6.94662401544172,5.47154752244845,6.40513893858806,3.76378868681009,5.15110887103301,14.1192592673556,7.44659277976474,12.5208485691468
8.11334234875171,9.57872357441684,4.81797705327595,9.47790896164441,9.81599677731089,5.37568572606611,8.62201020248051,6.93513540508499,9.37550796513873,3.46074545275174,5.82857343530437,5.52078201687762,6.96712743918099,1e+20,11.2482854701509,6.80908582052328,8.77230671018238,14.0715739152703,12.3008946071577,7.98131892101811,4.43140634577418,6.79310610074533,4.54473341268223,6.95210843901444,9.57733422498799,9.19892916563071,6.75091849707698,8.25691610233682,5.47864748488181,5.34042662541629,7.37337397960348,6.24940363504775,8.30865086843079,8.40915820649673,6.11616830200822,6.99284799034723,9.17524113212622,8.74259998852605,6.83137161124452,13.3496201788521,9.94086180422682,6.9302986581417,9.48532469968773,12.1587191618296,9.29636966824592,9.74303497779805,10.7816419081294,8.61852805238383,5.99387911798284,6.37909219231013,6.91727698246695,7.801962010432,5.36167079342332,9.22420671322453,8.63423980958912,8.86578314348392,2.3951762122956,9.22149688544009,8.6556391814931,10.776364540038,8.96344182617436,8.64809814135382,9.4234475097836,8.99006899286079,5.95418990581888,6.96017305591855,10.3872929569305,10.3327138122399,5.71822304121057,7.53223369200558,7.68411122063618,5.56875708213745,5.97949264325442,6.32372434498532,5.01533605970639,8.49521226032641,9.703891502582,9.71133861445253,8.34346062688213,12.1211395063358,10.4392337955541,5.87881851772749,6.82939567317708,7.44492112707782,9.09267304703992,8.81840486272071,10.1175393454903,12.113794683115,7.85812176125428,9.98961014395948,11.5488201538104,6.39020405272427,8.30090860849995,6.57288605714386,7.81907152678129,8.42357205229618,7.61785002867108,4.58605369376405,6.75145076054433,6.67263613307428,6.966646626996,7.10406092992025,11.7298668544103,8.78769965816322,12.0615913591357
12.4467322266037,9.94575259269259,11.3599502402055,11.8914949600558,11.8368307979385,13.8745090661113,13.7159378251815,14.767889538033,13.2406237080677,12.7248298039776,14.5556222868301,10.6349128684564,14.314018816601,11.2482854701509,1e+20,12.5948687649292,13.0922664977903,17.5640005722088,14.6859754355944,14.7594406912224,12.2577463480654,10.0178949948603,13.6552792718344,9.66200819373451,15.0967853019578,4.70511164226045,10.6217161982122,11.4289601148067,12.3252518160577,11.7821073747016,11.217480456168,11.7738790660615,12.4716737194266,15.6567634388459,10.0785934973292,12.8304457767388,11.7102104331062,11.0917990840039,12.6514409420979,18.0231510116618,11.0437663810264,14.6954035034784,16.3151124790424,16.6962945726804,14.3228580200597,15.8926997261518,9.50263356622245,15.2518482051638,12.6716319086484,12.7810545955021,12.3020574524412,12.6247179278495,13.8548462135708,15.2683208559464,11.1192290114323,11.1147326117516,10.1172966097426,9.87300642487177,13.8935980392206,12.2839901132381,9.33536311364393,15.1435610437002,15.2558237027398,15.5606457060648,11.9447098358784,15.6893657570904,17.0773428112125,16.2114190538731,10.1690910039132,11.6888831653097,14.3358752314876,13.8545647643264,10.749239861237,13.1046978126133,12.6231011842419,13.1836322377417,12.2177276912759,10.6455850544797,12.7089596918493,11.7232120085054,14.6619501524838,13.0944147581293,14.3973877784024,13.9033273190517,12.8998557966429,12.4726004053698,11.1548441757712,16.4838968275208,13.0989649610058,4.62363942363852,11.964167930903,14.4176334267885,13.3104582818581,11.6649490834811,14.3465230798738,12.1535735521903,11.7040879997371,11.8413920370543,12.8391505756824,11.3551276484191,13.7207657450762,14.9039779865865,9.20134963915129,11.180139592653,14.3614599869421
7.69846611062063,12.2009855877286,4.87153258743636,9.44737001974157,7.95914037912913,6.23745325099213,7.69193608105185,7.71901729412372,5.93257311847258,5.02329915512581,7.01145963762698,7.03523838496357,6.24936554045906,6.80908582052328,12.5948687649292,1e+20,7.99598154739926,13.3808568832145,15.7342291241852,5.56540325573521,5.75720421020619,4.46074752495889,7.858845307029,7.86723730151366,11.6214714779145,10.8907830410085,6.5984875592407,8.70846054830134,5.0663360189341,6.14749399878871,5.03681072836148,6.70593959476097,4.63220828000108,7.70648778693122,4.55869271916451,8.58969982589076,6.19912122820507,6.16268282097539,6.93735107431789,12.3604520792845,6.87424187308699,7.63245208732839,12.0912680993997,13.4406958473215,12.1695765562936,12.6800739022559,12.3560020820681,7.65882038944787,8.27428999085573,3.58193451498576,8.351670569101,7.14323576130887,8.15227553396664,11.6410732097195,5.47381697294737,6.31443713451083,6.82251169589415,11.9125876925789,5.96369028786187,13.5218126516915,8.93587688405155,8.29297037102715,12.6537268914407,6.12298043445861,4.70958447369185,8.93789816302152,12.4665211918164,11.0286621360109,7.80680464125427,6.72805910993831,5.52583734792281,6.39869284562725,4.49332708394204,7.32038861067016,4.58903271349554,5.39473362304566,10.739871908589,8.06543707426692,10.2329451673198,13.8004218145827,9.69964905609343,7.3119129312236,8.5898411663434,8.32138548774405,9.70451719787976,10.0566003691558,7.68258992887072,13.9886261206286,7.57972492411639,11.7042309854958,10.1133552424263,7.81577895240665,9.00936381060916,2.27775727728551,6.99385998567626,5.87818298328653,7.66456816609388,6.82037474386121,2.99795039580482,7.18575706960641,6.48789358137255,8.12041124899074,10.9894919030094,6.49498813152049,10.7422792271831
4.51817249124704,13.6956726575524,7.48406328535292,9.57622769924761,8.36162316497944,8.27837590237728,8.68668590821845,8.03547570107268,7.02035440948482,8.52924042952304,6.85029506769648,8.27091165716754,8.05635721629368,8.77230671018238,13.0922664977903,7.99598154739926,1e+20,14.5615759592446,13.4482189142875,8.68518780743243,7.75756294166875,7.84184732813493,9.44982953419722,9.4569532991965,12.8130783579499,12.4471451401298,6.50976394686881,5.96915189018961,7.7237919639077,8.55087805209249,6.48394660758996,8.97216251738866,6.15084646392874,8.8687928550206,7.47833545114071,9.25609179644662,7.57289763310816,6.29061340449089,5.41335282758756,13.6912389329433,8.18884788841047,8.00368452789661,11.4422552081107,14.5028145999882,11.8044893352516,11.2205321708081,11.7324213867121,7.5160991618618,7.56586774580334,8.2547082963616,8.7083797526003,7.98518787846344,6.89219167195062,12.0110025704774,6.33969686890135,6.19930032659097,8.53025696639047,13.4215906977468,4.90555724979966,12.0760737085096,8.10571149921199,9.36422210094021,11.2605919915302,7.86259582796642,7.68897776158449,10.3089108421652,13.0201548369883,11.9225976622085,9.95517590872324,6.25440424310523,6.6577758433531,7.71117591336384,7.9306108271752,7.98805061423199,8.75769918879883,4.52264285333421,9.20247973100068,6.44890198342626,8.84024261289944,14.4236508516777,12.2571742531521,8.04018986601173,5.72611496736946,5.82259879059508,10.5323780551558,8.39528243494239,7.20714757596884,15.0718777821469,7.00871125557722,13.033281718193,11.7458368734681,9.50444934912632,9.60131230021151,7.99401025397148,6.74126939337781,5.2966468239547,9.19339352342608,8.5372086422663,8.42363829462222,9.14061582487044,6.88116876315347,9.5672727614452,12.9319167760799,7.54777945688625,13.5000670004181
14.4612586618536,12.3322666760212,12.6533402690448,16.2890899089043,14.1846257245823,13.8993208058248,11.5482237776365,11.9621534908626,13.3745778846868,13.4579560165996,14.2033132377508,11.6153825546564,10.8137385499093,14.0715739152703,17.5640005722088,13.3808568832145,14.5615759592446,1e+20,18.2944343691839,10.5418801136536,12.7468140284536,14.7075180308296,12.3694410338751,12.8376958438864,18.5104307895201,17.0408538747624,13.3932660476381,15.3935213416075,13.3891365573382,13.722711300259,14.4150367099486,14.6687886051566,13.7979377980283,15.5455862762156,14.8399954139773,14.7990806629832,14.2858478199272,12.8963994856937,15.7945310969089,4.20265965679457,13.9202491515337,12.3975148834618,13.7087628826687,8.78918481094785,15.3541560334331,15.9055742528747,16.8493728478637,11.0227258946238,13.844960838001,11.7672578030224,15.8800331910357,10.8346831598885,15.6758087153069,16.1915426014437,13.7703575069118,13.1610482643717,13.5614722824021,12.0972507533063,14.3550040951904,14.58602772752,15.2124073248766,15.6412893368566,16.6710774416165,11.0702354336379,14.3134824236414,14.4168933712652,14.6750159574442,13.4914589570203,12.5705465363209,14.7835431467015,13.3174738880018,11.9938287433949,15.4101473221395,15.4598081913909,12.0056301849604,13.0166937297802,15.405630592533,14.3938556270334,15.9771948798741,11.821368283306,11.1093281049142,14.4423371404881,15.3338344818726,14.8831844602199,12.2005555338879,12.5037242858147,13.9698158532732,8.22550617030635,12.9821162983935,16.5504928748959,15.6199659476746,11.6910903521144,14.9172337351488,12.6004229535435,13.4764478158818,14.2681710564533,14.7820789037424,15.9047422061295,11.8342560717855,10.1192830854653,11.678925367914,14.0245098630265,14.6697255412293,14.3975856682047,11.0914393406302
14.9932230822687,11.7018172567115,13.2320074608815,15.1427459436735,17.4931754054919,15.4471392866268,16.5305809092035,14.9657020916144,17.6203563264496,13.802840657092,14.385243112578,12.5191593135409,15.8491392414351,12.3008946071577,14.6859754355944,15.7342291241852,13.4482189142875,18.2944343691839,1e+20,16.6800848367354,15.0345994620021,15.806805156191,14.5723565232112,13.8501393835762,18.3302081745919,13.8216893674723,14.6782690793342,14.2418837035964,14.194041127772,13.2422473060376,15.8553493852965,14.275304865137,16.4116274992375,17.3098585925041,15.4665932321702,15.3880759020691,17.5532769538728,15.9274489059825,14.9707083680915,17.9746064226747,18.1398335840696,15.3945359365514,14.4033157477442,18.1117420349797,13.500524485613,13.3902249920626,10.7027565803883,15.6247244440541,10.0740307876499,14.823009642242,11.4253502216543,15.5236829749139,13.1074695657274,17.1986394614836,16.177073092619,16.3127882415836,12.3320472232165,11.7108852398504,15.9790535321554,6.10523449940751,15.8663664936477,16.6168453230319,11.0251707121548,16.9249923014071,15.783799977745,15.8412722697608,17.5346090518864,17.841460145536,13.3658794682823,16.1892773881202,17.2297975418992,15.0734391337118,15.4312382241378,12.5688375350859,15.0178696641966,15.9053358092238,9.65865927153032,15.9684190958155,16.510072768352,12.7639975532685,16.9532289948883,13.3678591468648,13.3836496111109,14.4883568604368,17.2159460732993,11.2479923051355,17.16750961407,18.0534430813462,16.2920392948977,14.2190543094802,18.8050336411355,15.0776382534761,14.9935753103252,14.82160708162,16.5841761326453,16.1021515017471,14.1792681784629,13.4649604250578,15.16402381133,14.6694528983519,15.6083673594821,15.6340232533769,15.5943828841435,17.3788216477692,14.4583985423264
8.6410427334314,12.44325437002,6.01779463898831,11.9075071970118,9.52968173387755,5.45961561247813,5.21227249438533,6.65273632253046,6.90370277696508,6.66310730590015,5.90908127709156,7.02332288014063,3.94205681847982,7.98131892101811,14.7594406912224,5.56540325573521,8.68518780743243,10.5418801136536,16.6800848367354,1e+20,5.51351089484544,7.73913062960279,6.34803084471437,7.51341636617659,13.0738407229998,13.6693974052772,7.903294317617,10.1714996653885,6.50524993213798,6.58760933082695,7.12853003035265,7.31089876113371,6.84072616308376,9.16402881439796,7.37806465360572,7.52835757934213,8.02355021601338,7.06889882507802,8.49186295535412,9.39224665974797,7.52746582848824,6.56329676231044,11.6020918607014,9.85307005288457,12.9345652284633,13.6758180331903,14.9269453401304,5.45841795782878,8.42874983805319,4.18501630627099,9.50651584679283,7.4648035757574,8.48679810146333,11.9744988897313,7.80142014641389,7.08566401138413,7.64390676226813,12.6217401183555,7.36211387617911,13.8871566147794,9.77328292413746,10.4151685884039,13.6393895557769,4.05591371905817,6.1003101614338,7.18282224718834,11.0937729053914,7.9249853695846,7.59327120890895,7.6887338066091,6.01473546333316,5.84504171342323,7.66621839702285,7.78012096499651,6.06283297096909,5.92383748726846,11.9240158450844,8.37934538168557,10.4013540504585,13.6444292272056,10.3654598483164,7.28298766787887,9.26386964990216,9.17167942788436,8.95911958560417,10.3631421424621,7.73473067304397,10.6858267043665,7.81557721392023,14.260309715751,12.0581852919912,4.69833298398743,9.58126446674988,5.61027508278716,7.03882654468999,7.2416288791889,9.641633583325,8.37113381426739,5.47968865783709,7.76968416236941,5.22801415231858,6.2536778825835,13.7463421441672,7.62465028826536,11.9022605771379
6.61964403833082,10.7524486750589,4.58906477731246,9.73681196383108,7.63588472799535,3.60564010288379,5.97754629212768,4.77700205326379,6.78156534506173,3.94271631052276,4.7722384901716,5.52748441571897,4.53709951225425,4.43140634577418,12.2577463480654,5.75720421020619,7.75756294166875,12.7468140284536,15.0345994620021,5.51351089484544,1e+20,6.17613698377425,3.19812110855911,6.76886598237228,9.11361046265777,10.8245022455607,5.29549041476318,7.07968355543587,5.07431336160775,5.46000649691712,6.20069771545692,6.31643172535392,6.36565280610287,7.00342426726172,5.39831046659066,5.90467361685352,6.99786175580051,6.8386413858165,5.8705831352426,11.8036112732784,7.33025678887067,4.41212828460145,9.31256555345855,10.5833577331601,9.6158951073694,10.9909417758823,12.7006502347302,6.13713884785771,7.53830577706335,5.60153250973775,8.22387118533485,7.03080099604929,6.07528632101775,8.43713073475726,7.27028372477282,6.6444045638935,4.1851016948354,11.0313685433219,7.35720206541794,12.7059703166661,7.77232634675438,7.85731147612783,10.6278089700929,6.63296580435285,4.51357647853102,5.84478433635406,8.83318599681169,8.31695954287956,5.79890586862227,6.37283512523007,5.52250929228211,3.73448934809994,5.5757806539491,7.22232952407583,4.46910966613467,6.53758148261365,10.2146681109433,7.86404246508043,6.87952902248933,13.279080770074,11.0468674546358,6.22720308681289,6.69844046367599,6.60629772563467,7.22452102284304,9.00269714563435,7.72129007002648,10.7655759667896,5.58731809329862,11.4487381957642,10.7976410719254,5.11406027991435,7.48698922801384,5.85031581467527,5.16557473621468,6.83649739339157,7.26324409415277,5.83317775055751,5.65806811530995,6.71593604301451,4.61388294136133,5.87202360603155,12.3037634091627,6.23071674838852,12.1261702986597
7.47959673205848,12.1533849811126,5.4246610285622,9.08896108370281,7.81694221816724,7.56627161976265,8.38665677351186,9.32619375424003,6.23918041336155,6.55358804399007,8.19316909655564,7.59731909963822,7.59958254607601,6.79310610074533,10.0178949948603,4.46074752495889,7.84184732813493,14.7075180308296,15.806805156191,7.73913062960279,6.17613698377425,1e+20,8.52745441380631,7.33573713908401,11.7185614684924,8.40297976151037,6.09370940777227,8.19890398869057,6.1236195837057,7.55659878846885,4.23549997386405,6.87511688452198,5.29627913567478,8.75418498437806,2.54795862309699,8.75401142472924,6.24732649007189,5.60141237950193,6.64581492736637,14.1669377019891,5.92527649401213,9.38279983365311,13.1744419386866,13.9394307348313,12.8271176063396,13.0002862378181,11.2404936830028,9.1287360819502,8.5103305555855,6.03685060952345,8.67991510371171,7.08770178488154,8.44404849468553,12.0644393168621,4.65362401534376,5.38114340747889,6.520665639128,11.4475179819584,6.18175216551798,13.647226351289,7.23731022911667,9.26957621360728,13.4764628176593,8.2737457063149,4.49071456325901,10.2428173098395,13.8973095732957,12.0906230907678,7.92149695893278,5.1379314964156,5.92749918846861,7.6545578591658,3.37925489831373,8.00717909659521,6.57723635907004,6.0284737062845,11.2513209431335,6.53868967145559,9.63156456634533,13.4908841969306,9.91894292427262,7.9055415397328,9.04759902832268,8.91703246756942,9.79377811504446,10.7202732037773,6.79178236218873,14.5962903717253,8.18567435572411,9.39505085840991,9.33584634510225,8.70504652428252,9.80018125397737,4.40379376191244,7.82769796190797,5.34645042514656,8.35562800940363,6.78335336173401,5.70098759259619,6.99730158854696,7.88752938101747,9.13199964918905,10.2865227126417,6.15959250361502,12.435676622601
