1e+20,22.8836667512492,6.48853978137561,11.2883071473441,13.1040107397972,6.98795972659092,11.177658570343,9.58425465947393,3.96836361551985,14.0730553808121,9.46080273077802,6.78444014850444,12.6916944086435,6.28858770373963,13.9290347077533,11.6282714257726,8.19420116480104,16.4090186972774,15.4245129151089,11.7322621627929,14.6615859088624,11.7898379796956,13.3650734513455,13.0448624805869,10.541349014055,15.1143213541084,13.8087641056242,10.4273244913896,7.70083102071254,13.4260371902659,8.45458070468062,7.51935970213983,10.5938649925073,16.2471893589544,12.2807513316794,13.7515128156634,5.05637043242622,10.0208497266291,8.03955849333267,14.5016907295051,14.6282820168162,8.29808006346564,9.57858109204808,22.196495344769,12.5301179796752,7.31067252031568,12.7140100565198,9.77510096560381,15.246925904085,6.31489717056547,10.4103206237904,6.88503850846441,6.30087888002357,8.78949514986091,9.58543440340951,9.28241876018956,10.3109209365713,11.1363361716009,9.38385336744331,14.7904679359725,14.8042202593577,16.7021299916148,12.2050087525618,10.9718292997042,11.2304827759601,13.8830957139353,12.6139748564532,16.5293214629949,17.6327082560196,9.75742668861217,9.22813674934578,7.47774996207123,8.53833627349439,11.1779879795149,5.99496275437044,9.65428415416069,15.2265992779841,5.27592001330237,16.6565110176826,11.967705992564,7.86233321208172,6.69445973250176,8.89034605167747,12.5465206955354,7.46605994692013,11.9913001157551,9.20541475633547,14.5416630852139,7.4050050010127,9.51913972236358,9.96791090500372,7.90650490815552,16.7410074657136,7.01366061922978,14.8815563573166,8.79559439878292,13.0164256444671,10.1566489390822,13.0164107977013,4.45514201035647,5.11161609026561,13.2390014327183,13.3687500636179,10.2219422597827,11.0751261763683
22.8836667512492,1e+20,21.3682592654193,17.5838918775398,20.7329219216551,21.9487949588402,14.027181455036,22.1560476475583,22.0308562721961,25.1708140708322,18.8329502509422,20.5206693213118,13.2661368775668,21.8992360124318,17.1417912051462,17.2095932173309,16.0010389385514,22.1434112734303,12.6295224046234,19.8254805281136,18.1304928107476,28.1860484141491,14.1395415737157,16.7489408135443,22.4530341553059,20.8713937159494,12.8294349499115,18.8940152892527,20.610718422294,17.1125773584419,18.5966117647407,19.5647951192341,23.5109897454903,31.9237128927931,18.1689971382593,13.7486835324102,24.8563558025229,21.31356001188,20.8419279620287,24.3233740867397,18.0601492049891,22.459580647448,25.5523614903102,17.6724503443297,21.2031121107112,19.9025422893638,15.4089845292208,19.5495634917772,21.2359569307917,19.712882453822,16.8346983794777,18.0562735904575,20.6216996071109,23.9730561715909,18.8396570460538,19.7457224458437,19.1638054788288,22.7881519178238,19.617579928673,14.2036438352217,14.1404252347817,32.0242589313043,22.0240664362041,17.8511226090617,18.8204231055604,13.926214130815,27.5066342531863,20.2588342969427,15.759629235629,18.7405426381449,18.1436383010824,20.6202358906795,20.1593086032394,17.5731715706309,20.5697784414827,16.9568332259108,11.6662523432529,20.3103501306598,32.1922923781992,24.0667827552972,23.885492098758,20.2267928018824,21.151998196629,20.7126186333601,24.745445457038,13.2949086403098,17.5529157679263,21.1012686911365,24.697866218149,21.6443525308559,23.2488621303264,20.738971178793,16.9106404150015,20.299911521377,29.0675776788892,18.4315589372538,18.761812330791,19.3594684535825,14.2928537154578,23.7888274203258,22.3594753239059,14.2620162769392,24.6720505556176,18.4717711127613,29.2116203517671
6.48853978137561,21.3682592654193,1e+20,12.8258820383171,8.85739151769289,3.086800096746,9.72330914040888,5.31949048184806,5.52795667342797,14.9323643035508,4.67792684160884,4.27906755186971,11.3701910571275,2.07949481210716,13.426731552452,8.70252512462945,8.01739731198935,14.3501911852646,12.6791908272603,6.75166844654148,16.0520871674667,14.6256182403484,12.1917339507348,14.5695008238326,8.57496801405276,16.5121570920046,14.0096963050421,9.45898752525627,5.06674561480274,8.54434956697733,6.38629874353825,4.16813338224566,12.4538197076417,19.4094683231267,7.56802995405283,12.7982600991992,5.64836877275779,11.0892207048734,10.3125347273347,13.5349346734189,10.3154368264714,6.04099345745673,10.7862607740714,18.0051808193416,11.5505801211056,8.97493748152991,13.3104327126372,5.93225963459093,15.4757077321053,5.20314467174121,10.5842098952408,7.0467715440582,4.28819100821187,7.34425004941432,5.29810817641994,10.7331757073158,6.99812520959093,12.6430498714992,5.35492403384621,12.8584626343652,15.5083318323907,19.234873139357,11.2599487705951,7.11105821036602,7.80013573748495,11.1175974358028,11.7873251250454,13.4991052214567,13.3722107468023,7.14059295600559,6.50455729081435,3.97763563659021,5.91141436175862,6.95828839845119,4.31445110834888,8.2823168991349,13.2637548034248,4.29672481092988,19.1740768110533,14.6471571342194,9.84660301055142,4.48223904759038,6.32326346618916,14.3223130325309,7.62033207585441,11.0592007694035,7.74973002993749,10.8388261472249,5.6540051158605,10.48951879671,11.075368883501,3.573730334498,13.5723195665645,4.3512534342965,17.657271770013,6.65968374485497,14.3919752010784,6.79716327360368,12.622738813935,7.09055577542968,5.21532869879722,10.8852088933701,15.7492225871666,8.56271829466899,15.1591330101875
11.2883071473441,17.5838918775398,12.8258820383171,1e+20,17.6173816910409,12.4564970669706,10.1971006532431,14.8356761408963,10.9588285269678,20.0491989999545,13.6493173301147,10.9011695427073,10.4661354860529,12.8308431677984,10.4256306861223,11.9609766699927,10.1145877432438,21.222646521445,15.1106246432531,16.2859875316355,10.1491822946605,18.855317757939,11.142328695291,12.7324623217828,11.323256531397,15.6299913714837,8.87677366978864,12.7938017006732,11.102699832063,16.0741805255647,10.9750604605322,11.1729256854352,16.3134420021023,22.7134647048794,15.7721565621299,10.4825065431044,12.7080578827388,15.0759912491125,12.8378655870315,20.8673685494679,17.2226038157269,12.1201209053519,13.0094752092481,22.4550181185143,12.5053540641378,8.41431020605724,8.48806013006642,14.5352289890024,19.7182508444598,10.969095753102,8.79581068357144,9.84534850221591,12.2629567584484,12.5650241150807,13.6336988641457,13.9640693443936,12.2097172325343,12.4447782782863,14.0680365971599,15.5975720505478,8.74130187075673,23.9203575228026,12.2265238626171,14.3505068459158,12.4207010510387,13.4667892383636,15.2681508264423,20.4703764774961,18.270380281053,13.9049745566391,12.2029262531994,13.0896382011978,10.7251227560223,14.9430517822202,11.1766101868051,13.435530452828,9.55482473194143,10.1355146022139,24.2014427003745,14.6156384644978,14.3400279980725,11.3686591078942,14.2353090134995,9.84419471498179,13.8017264080802,8.99157675739714,10.1397174785363,19.1206007348019,14.2187274236976,9.09045349266631,12.1637748519171,14.103891046998,14.7663513918107,10.7224155055964,21.6319577768039,13.8579022227246,14.2965361771146,12.5426655259033,8.68971544562561,13.2979768179828,13.3968323570479,11.7726225281287,16.5095345060516,10.1003172961887,15.7989778039165
13.1040107397972,20.7329219216551,8.85739151769289,17.6173816910409,1e+20,10.7477198695585,12.9244469976669,8.97550222514646,12.5140633622868,14.0834722047448,7.5916582435914,11.696456797369,15.0791318424722,10.174663577903,17.4874165357172,11.5772839460244,10.8408441012973,8.66014676458447,12.681027786149,4.36694296417832,21.9351226576412,17.2108281528987,16.2234933786509,18.3923675300595,13.9409244229127,19.0598010270883,17.1310260134497,12.8283483970782,12.050738093792,7.11503258534962,11.5938812955992,10.0646756147833,13.1460112109282,21.0237639713738,4.82947784683651,17.5789247188202,12.804228838456,11.7516761697266,13.6880400263224,10.938134484683,5.56971845224304,13.3933082220304,17.9193974704151,13.8023923103188,16.6137057751737,14.2489437304285,18.0453995682944,6.33287282881548,13.200036041952,11.0485399855511,16.3209694272797,11.0895966779749,10.7965468910056,12.7823193423795,6.02740783101608,12.041484480208,12.602552344387,18.595378150132,6.68063387161917,13.6127375806381,20.4699329761071,19.8648638662248,17.1063651377235,6.18798578438971,11.8618614165043,13.4615060860356,18.3579287009322,9.69670683086828,10.5734410762704,8.83408704655997,9.29490223825318,9.12213437449897,12.2830061010729,6.34988219503023,9.81976230381352,7.98738818898231,14.5158043072122,11.5880506686122,19.7359867127612,17.9371808426426,13.9608306214697,11.5853148663245,10.0214127636482,21.0793166662258,11.5745795674685,11.9842987452756,12.9835558072205,5.48175506969982,12.6582094627854,16.6259082241157,13.9353410003699,6.36390013679613,13.1985143908113,10.137626028161,18.4774148374161,6.36208988513934,17.5466055467618,12.6995839222725,17.58628148052,11.89266913403,10.0159088154924,15.1408496767023,17.4124054812367,13.4537936138777,20.4713997988054
6.98795972659092,21.9487949588402,3.086800096746,12.4564970669706,10.7477198695585,1e+20,10.9569167799828,5.69250801860169,6.30571925906229,16.6686318854585,5.86715389906916,2.7548068522415,11.8288583880134,2.40533306240785,11.9830045417547,7.79158862381054,8.87224423579296,16.0286787127855,13.2355057698536,8.0837647948265,15.7753366536185,15.6618868052617,12.3013571639141,15.1391034302864,6.54126139752841,16.4367080409392,14.6451291976336,10.5545958235586,3.28868871891488,9.2784683936972,5.76219618360687,3.33631693805817,13.700857410946,20.6449288501083,8.95320497562326,12.7898867285694,5.19596972034608,12.2319073124438,11.1830036257181,15.5908858009282,11.6376296729168,4.10793045638757,9.67151680632235,18.3101779327163,10.9909378711621,9.01889769742118,13.3698865728888,7.3757333878413,17.6453244454642,5.74579770889294,10.8326022914919,7.18575851189638,5.37645641182585,6.00265446831833,6.58161872273936,12.0394027748792,5.39192848797438,11.2556201054294,6.92112595371926,13.8242227961559,15.3092567993303,20.6488418555586,10.4860755279066,8.46613753729107,6.60890292817069,11.5723228884064,9.78550199675939,14.4695757186118,13.6761222927903,7.60433722333016,7.93846329455208,4.7314422209583,3.95815518575023,8.71986999175638,4.48931091643511,10.3884087361358,13.2322736914815,4.66286113818068,20.6772348138154,14.9947100616875,10.2333404672549,4.01394622895542,7.70452230825344,13.8649016895889,7.7554344935959,11.6276001140112,7.13541211116016,12.1151380804104,4.91964008668705,9.05808010110094,10.9057585740037,5.8170262757616,12.9384783855197,4.07042406535678,19.415927760878,8.33413349480231,15.7220173356418,5.36490114950966,12.5007324036401,7.76901440027778,6.34855029555367,11.0102498267042,16.4791604890838,7.0586626597642,15.1387763456947
11.177658570343,14.027181455036,9.72330914040888,10.1971006532431,12.9244469976669,10.9569167799828,1e+20,11.2366661083564,9.32542961571078,16.9745759355021,8.4807697934326,9.84567437359075,5.84077921134448,9.9785544090172,13.6651666502971,11.3169831908747,7.5534611660948,17.1308033510439,8.90994815300932,11.1573726012417,10.349022007552,18.2244354251808,5.71871327161244,10.9208404577228,13.9869573010478,17.0401852519581,6.22150270169574,6.62745985025368,10.7586429356812,10.9448856579441,10.1098944488633,9.32726838042609,15.2258050647889,21.7754885323101,11.0987793710123,6.4400552185989,12.795426244643,13.7315605637394,12.2428724195746,16.0765853862931,12.9410091808498,11.789501783736,14.3023115143777,18.9770926003435,11.4570305829245,10.0800795047715,6.6850019991104,9.73317325225525,14.8090822376064,8.40779271841762,5.46404791620885,9.6167459105609,8.62140998599319,14.1040343965862,9.5957428478418,11.9646234787275,11.0138575943676,15.0293626933152,9.43085387294329,9.87159472631428,9.20501728948663,22.1389519604699,11.9015101699216,9.22966022857864,11.8680186009397,6.13884267632826,17.7270453006663,16.1536699476108,14.4573379491768,10.7086226252041,6.44740730278603,9.86053069864412,10.8220800022439,8.18969461626736,10.0331531589907,7.53677247557969,9.38250432682791,8.6076901918241,22.1629938670711,16.0924387950519,13.9804310165063,9.71609847343064,9.04920654147737,10.6692982003739,14.3897945867875,8.33625707002516,9.38260221444432,14.6171985930295,12.7473232339003,12.7091832256146,15.535239096138,9.60344074806958,15.2223539661286,9.75383910412476,19.0076692412087,9.8704123528227,11.01820907119,10.9168082903922,7.40543987229472,12.9008951293133,11.3410072481313,6.69846037435048,17.0456944036349,11.485508367109,18.1902354663045
9.58425465947393,22.1560476475583,5.31949048184806,14.8356761408963,8.97550222514646,5.69250801860169,11.2366661083564,1e+20,8.67278459236375,15.6680810542558,4.91569750023361,7.00730495221212,12.9596929247527,4.89934366687871,15.094528821165,10.2264971142454,10.6680102337336,14.2371745550272,11.6950601292786,6.19049187121911,17.7950685665267,16.194229102582,12.6038421303249,16.8960405080757,9.40845726506787,18.4784091689557,15.8135982461944,8.7460386825069,7.72295956779759,8.54417487416383,9.39101279676288,6.34791346736895,14.0599306572186,20.0778394331706,8.56426280812187,14.0856179042861,8.21487373339459,12.797170633917,12.8337464374622,13.1927213126265,11.2939223598503,6.4232465815019,10.293895180317,17.906475260713,9.43427352638974,10.2504849305281,14.7892875914161,5.35549562372896,16.494127902127,7.58060746777468,12.6865037834639,10.0390293166896,6.69251394854663,8.02070521419523,6.37016608720651,12.8780694505272,8.77538379296782,14.0282477549368,6.00713021211477,13.0582424487302,17.7129027153348,19.4049657018022,9.78758989806598,7.42661825313731,10.0563129159189,10.7274435331129,11.4903269677947,12.802409050954,13.7764678479708,7.830895978851,6.74297520349097,4.29794112196589,8.15512189595671,7.31881874489911,7.1984434630986,9.77029018502092,14.0024133363164,8.05835534946498,19.3655624326684,16.5565914619034,11.6758965920744,7.85533748561396,4.7406203774899,15.575839991697,8.1918179287791,12.0244897718119,10.5630478102842,9.57053719408831,5.5269566439221,12.3996896644995,12.8554902611533,5.3124504305943,13.9083536284211,7.06217250984648,18.4453740181961,8.2129645353877,16.1104941854217,8.76501308084037,14.8722681011942,9.32689825504998,6.77419184178631,12.2780718112836,17.1994782893156,10.951109324469,16.6622534409796
3.96836361551985,22.0308562721961,5.52795667342797,10.9588285269678,12.5140633622868,6.30571925906229,9.32542961571078,8.67278459236375,1e+20,16.0423322577831,7.93224156461535,6.49298953182078,11.7747440690646,5.27713450734594,14.5360757535471,11.7609127196976,7.89551004669837,17.0762353598476,14.276275614473,10.767879064574,13.464272272387,14.549223615712,11.7750339361192,13.9185946258738,10.4734062428025,17.549739258225,12.5720027258769,8.24061519563057,7.57651245292271,12.4335150075679,8.52879976864186,7.04576538929962,13.1015103812805,18.3801736431237,11.5129810825283,12.3426221257937,5.11408051430008,12.3758979537728,10.5765213330215,15.5583287047414,13.8944651089518,8.0070304647143,9.46944325017135,21.7551266657857,11.2388397681404,8.37220382782504,11.2376642928145,8.5684519252153,16.2946707873852,6.35605083032171,8.6739629580602,8.08499342031299,5.73648935938017,8.80168720868382,9.08328062321871,11.1567540822421,9.91421100155851,13.1469366411505,8.38364632304478,14.760877036584,13.8094940117946,18.823806395178,10.9050236799554,9.59366719996033,11.0218787900664,12.0972983386444,12.7222089456103,17.2454342675615,17.0424247456902,10.3733763966689,7.4797140901127,7.22796600240103,8.32746639161958,9.57626993766486,6.34491391852078,8.91179951739175,13.9476171338473,3.60117937944629,18.7089472172415,14.5379200730171,10.565549867513,6.55449077811841,7.07675369944388,11.4928867054753,8.56721604454052,11.6998803066442,8.23492577386098,14.3137098185296,7.39729262282703,10.1380334483563,12.1062033379659,6.90377118467312,16.4966740010035,6.67310252831681,16.4336700622311,9.21944449131595,13.8964663187017,9.64757053058066,11.892060737296,7.34691833713149,6.69287071436452,11.7112466361518,15.8050630367053,10.2354784873454,12.9823695509261
14.0730553808121,25.1708140708322,14.9323643035508,20.0491989999545,14.0834722047448,16.6686318854585,16.9745759355021,15.6680810542558,16.0423322577831,1e+20,16.0755506768571,16.3558770232293,18.2860052026496,15.3862621634868,21.0971124517889,17.8260743831916,15.4820253073704,13.117595427145,19.3702866072135,15.0465689498249,22.9518023201774,7.21019500605849,19.917193008907,15.9242313526737,20.3308950807408,14.5536461674482,19.5167740402146,16.6638009205071,17.3969420665921,17.6535559831003,17.0675323124694,15.6541785384173,5.91621001347589,9.9570564147104,15.9418672102862,20.9998932581192,15.9845862979182,7.59903384595439,9.98499072571748,7.0153754129363,17.2244093322052,18.0612633062027,20.136774161332,23.8091778192644,20.9257977637234,14.8673169376212,20.2941486516558,15.1910717839849,7.13681176480717,13.9581542563931,18.9440455466308,13.9334458116173,14.3346077799519,18.767913712079,14.0425959739545,9.68972056247688,18.844599620412,17.0536885416731,14.6162102226751,15.8612090097024,22.6940096897245,9.02389684134264,21.3906291091396,16.2170529834186,18.8494645258475,19.3002613579037,22.8449457498262,14.1699405658832,20.6683939212575,13.2059179015548,15.1362431821025,14.5748780589538,17.7155160085757,15.5328215226507,13.8916988732461,12.9981220174336,21.8578845236094,16.6652481371798,9.24083032702761,10.7674521112775,9.50714979487914,16.263216034373,15.5318262027911,21.7869629763374,15.3435671060419,16.9705939452513,19.4298288381427,15.2060500564084,15.9879979493798,18.3418320505494,14.5601547752849,13.5282869979956,22.2696516659308,15.2776876099434,8.96043105603414,11.7414996139229,13.0225041814205,19.0123079693119,20.8930937115592,11.0349338033928,11.7922055744637,20.2577704049013,8.60045982482486,19.087138136824,16.0799366156256
9.46080273077802,18.8329502509422,4.67792684160884,13.6493173301147,7.5916582435914,5.86715389906916,8.4807697934326,4.91569750023361,7.93224156461535,16.0755506768571,1e+20,6.77340082798301,10.2311522683002,5.15358021654821,14.0878996703838,8.57811930597867,7.53067443230064,13.3324827139219,8.80440964968008,4.53332913726261,16.3122376164303,17.3109157096361,10.3600311398503,14.8420724245284,10.0295188416171,17.9401828152757,13.3923345320359,8.09221023886932,7.17022695608025,5.32535680074296,7.29445772241748,5.76964459431177,14.1433674180641,21.5773746326876,5.69145018486436,11.7345592994467,9.44467973890441,12.3473403082825,12.0545890837957,13.3821830686558,8.62750252145964,7.908539572063,12.2271152458179,15.334610618705,10.7460769510134,10.0899365600288,12.8440059428464,3.10080912244786,15.1385745430736,6.60202823138896,10.6534887517045,8.57874183339427,5.64625114410536,9.24554926061015,4.1880501899285,11.3966079232632,7.50084712327583,14.6782888346305,3.48374695490178,10.6868487973728,15.3836287593391,21.0847310661354,11.0426278631762,3.84798368441383,8.33433519614378,7.85100967194431,13.7563634958371,11.6675916982985,10.8053506635497,6.28189965985469,4.43524140663529,3.97306482894183,7.78794454921903,3.47447948231568,7.1047933962246,6.9293470843003,11.3315778573791,6.37853603075391,20.9345461785773,17.1295836775056,12.4170214427057,6.37303881835671,5.12677319626962,15.0694308408514,9.64096389354162,9.62726187742635,7.71187276160183,8.85244825825094,8.08863057733335,12.9501401358622,13.3034599598101,4.20452626728388,12.1069242553334,6.93424093812971,18.9577296906396,6.32203660931318,14.9843834830521,7.19132145263731,12.2828679130844,10.2383051472022,7.41129387191977,9.31275501892318,17.8378350686311,9.61524597913664,18.5129835801188
6.78444014850444,20.5206693213118,4.27906755186971,10.9011695427073,11.696456797369,2.7548068522415,9.84567437359075,7.00730495221212,6.49298953182078,16.3558770232293,6.77340082798301,1e+20,10.3395392903398,3.67185423333468,10.0322510129834,6.54812403363514,8.13662247043707,16.7585328277077,12.9637525224989,9.20355015385121,13.8814072997321,15.22088920289,10.9677484154323,13.4029709896602,6.80431667476487,14.6240358156866,12.784734379556,10.3578745706645,1.98283935313876,9.84990648577609,4.50447980852437,2.29598716049757,13.0769207949248,20.3920359688996,9.62179203180199,11.1136182481991,5.8674148707722,11.4349664539147,10.0083649654701,16.0752590984331,12.1973496017045,4.30645140321829,10.0678435908292,18.5524985790343,10.9524240771789,8.30288825439846,11.6512837248449,8.54399152245285,17.3296139369845,4.59681093704008,9.33646866312568,5.7332968754993,5.32690377428836,7.27556324177075,6.94579573054911,11.226955765119,4.72417477757607,9.35244863420328,7.73930149935905,13.0770751938673,13.2549228432399,20.5266890784987,10.5733165084485,9.23174030231412,6.11790395117672,11.0029973628992,10.5416343629175,14.8789681577688,13.7499113533566,7.49393015376395,8.15723790144319,5.60822247380178,2.48013384358777,9.33910718672327,3.80375440391371,10.4498687698157,12.289962236294,4.48308758866377,20.6702987326276,13.4817113213357,9.44212773917197,3.285651321157,8.62731314263211,12.3307431465005,9.0711332848225,10.8457607917938,6.54208464706388,13.2903439618408,5.96522898518993,7.17747873679137,10.6653571164192,6.83336177220106,12.7012210017669,3.14929123315025,19.4135299643156,8.48933861458499,14.2781412741409,4.92464162677815,10.6961057813838,7.67520619899993,6.9402394924251,10.0763747275211,15.2530825810985,5.62743210105513,14.484850174401
12.6916944086435,13.2661368775668,11.3701910571275,10.4661354860529,15.0791318424722,11.8288583880134,5.84077921134448,12.9596929247527,11.7747440690646,18.2860052026496,10.2311522683002,10.3395392903398,1e+20,11.4075181146886,12.1482257168748,9.95195896681806,8.44928065368546,18.8831029713492,9.45534305625617,13.0784050924008,10.4080049126839,18.9894708252998,5.88053480918962,8.27117779562905,14.0451588766421,15.3000633376816,7.98220869574999,10.8949532028919,10.6332871340321,11.5401673571568,9.31296471969004,10.3366749778446,16.0918728820624,23.6386706121949,12.6288111352207,4.26384038616034,14.7407326300793,14.1215605330418,11.8244867287392,17.4120591689869,14.4688280866659,11.7244356120501,14.896097418198,18.283756384727,12.8034634422529,9.86718814317406,7.9334330716026,12.2310088887848,15.9838014311121,9.02278915906975,6.2846016105685,10.0232300299686,9.104051568087,15.0988947029909,10.3384406336846,12.0509072151185,9.72020473227883,13.3808429182682,10.5376289554872,7.63549972642069,8.0132263066694,24.1634613971311,12.7788901456565,10.9630529107869,10.5851241534514,6.82971086113171,17.5948323034705,15.7887871517241,13.9091677260374,9.92252297680324,8.57993055808802,10.4860703959505,10.7008832859064,10.7220547866945,11.706420757055,10.4639426665662,9.99544012577488,10.0486237679607,24.2178310163979,16.0809313799321,13.8611819029293,9.35506205890454,11.9396066483326,10.6340547325562,15.8722305386154,9.09923149038806,8.86274988910278,16.4835180142038,13.4202044079389,13.2838836334367,15.534170789757,12.3091680678176,14.7450606232602,11.3482194624572,21.0410832186196,11.4966133436267,9.93611430369487,9.56309796037112,4.5720466971236,14.3304170600665,12.6316423796263,4.06645747423205,17.8801546098245,10.745951227498,20.2385863219805
6.28858770373963,21.8992360124318,2.07949481210716,12.8308431677984,10.174663577903,2.40533306240785,9.9785544090172,4.89934366687871,5.27713450734594,15.3862621634868,5.15358021654821,3.67185423333468,11.4075181146886,1e+20,13.3925061164755,9.038138606127,8.7248928744696,15.5130436020961,12.8560482685351,7.5837566248903,15.4024586170162,14.6671960929426,11.7250133219666,14.6346383768468,8.43006504059751,16.7662786351671,14.1284489337396,9.04079145679914,4.77187073027586,9.41130367781635,6.7252450185364,4.01726797352051,12.944141164982,19.3191238753345,8.94727652314427,12.4681251458462,5.00907411190597,11.6841248296262,10.6613320087041,14.1751025566758,11.784916785693,5.08801127871291,9.67328808173617,19.0311456655775,10.7233283462865,8.85563721167766,12.8604441425478,6.61035984205402,16.2540135261904,4.85877991567987,10.1798425888517,7.55146431563933,3.93640925955372,7.24568597757074,6.12769047246306,11.3590059637644,6.87297597126312,11.9135610239192,5.96319690158281,13.2112009160441,15.320066831462,19.2178685705345,10.400626977711,7.87744641905988,8.22999818491833,10.9243993926333,11.0420947156694,14.3162117121227,14.3502379639317,7.43902313210714,6.59649738304472,4.03627546408345,5.64661857822142,7.72013175980049,4.60846227206281,9.22148595496976,13.7786833993896,4.51234599544863,19.1869605325809,14.6522970889385,9.67641745564261,4.40705743917869,6.03856006688536,13.3475353736748,7.85183986307729,11.7626852287606,8.06479196975799,11.7688314082732,4.27728526559225,9.9244943229875,11.658610691535,4.57146832359598,14.3204214681942,4.58412843441993,17.7995612873819,7.72201755166992,14.4985641828646,6.6532141435864,12.5094178819579,7.10515542311944,5.33703030233896,10.8528251398823,15.8930259698815,8.72880352879181,14.5989179078029
13.9290347077533,17.1417912051462,13.426731552452,10.4256306861223,17.4874165357172,11.9830045417547,13.6651666502971,15.094528821165,14.5360757535471,21.0971124517889,14.0878996703838,10.0322510129834,12.1482257168748,13.3925061164755,1e+20,7.40483358241212,11.5670565367263,20.3576835446201,14.9815699158739,15.5084098658896,14.7091223009284,20.3015312864026,13.3935416243001,14.206344340996,10.1966308301407,12.2088993943013,13.2338128311983,16.64614877149,9.62381171662291,14.1135041633414,9.18093973665068,9.97943462931235,17.0470972590672,25.7023997865335,14.4113591312079,12.3434604689539,14.2844317535902,14.9281116227981,13.6606850148226,21.9644635717485,15.6141113621541,11.7243402873455,15.9709593856499,18.1406503287037,15.3982240491928,12.162854832461,13.2233375905307,15.3863366753226,21.565243410865,12.1443337298337,13.0590907574279,8.80281519841781,13.8605871802978,13.1010195421106,13.4403602838266,14.9879455455069,8.89878477803523,9.70200619269619,15.1224451484836,15.2477082630211,11.84880495434,26.272008844771,15.2470350618611,15.1224957175172,8.489000266207,14.5133213390405,15.1001522243146,17.8486553340004,14.3369541808843,12.6110781729668,15.0534763194509,13.6040101750614,8.38002406443583,15.627366741631,10.8927612638265,15.6626960011916,10.8051747780724,12.2802096757655,26.724473017918,15.0082985802655,14.560503854314,11.1609372848059,16.7311706199543,15.1002004667879,15.4887965556709,11.1513906928565,9.87822642988127,18.0618653439126,15.0500411383704,8.09404696416194,12.4825759621674,14.8605940074071,10.810321035996,10.343786784805,25.4524134847218,13.6587898400828,17.1585021296977,9.85406488461184,11.0929255561926,14.3018726676549,14.4331178696695,12.551588520673,17.2385148163207,5.91544603086993,18.6078572958105
11.6282714257726,17.2095932173309,8.70252512462945,11.9609766699927,11.5772839460244,7.79158862381054,11.3169831908747,10.2264971142454,11.7609127196976,17.8260743831916,8.57811930597867,6.54812403363514,9.95195896681806,9.038138606127,7.40483358241212,1e+20,8.34295708849458,16.1144250586619,11.6472935297321,9.69475463265343,16.0179697133799,18.0899604184902,11.7685450956302,13.3882152041051,8.33914321165039,13.1155762522266,13.1708718888336,13.7903576358477,5.72927512173343,8.07552544176095,4.30962256996168,5.83591210451762,14.2455172757094,23.72213312325,8.62910927907245,11.6269600577571,11.6929442738878,11.7201586597169,11.1822278790885,17.279074398374,10.3468125202592,8.62529905201919,14.7701727466817,13.7983775178242,14.0356554959456,10.7039525900529,13.2920420612509,10.2370460539279,17.6955536101,8.00079046188478,11.9088101371014,6.41880768364879,9.22658631277474,10.5351669607845,7.160568832285,11.5037259549048,4.66572490707654,10.5902510514933,9.06069306762662,11.5792565404555,13.5873003913494,23.6198830815715,14.0224467164275,9.54623737970598,3.62204263793725,11.1311313609804,13.9486764757173,12.5412926183922,9.29226329975835,6.753791807333,10.338003915823,8.4085278024963,5.15767919925788,10.2323463816631,7.63430052230254,11.6519836449871,10.0813281803671,8.81939323282289,23.8305995291007,14.9838857983251,11.9552982009725,6.65210796042977,12.4477269239974,15.7647141073713,12.4807953717471,9.46376956399305,6.91996754984,12.9507219140259,11.0845300318377,10.0217756892828,11.323160679004,9.91597714371032,8.25018840937708,6.99485850092497,22.476306965812,9.07753497415669,15.6092394068884,5.46210069587768,10.7429470109204,11.6947698644806,10.7223719472839,10.1259384776448,16.5860758230809,4.27306581655221,19.2381697269055
8.19420116480104,16.0010389385514,8.01739731198935,10.1145877432438,10.8408441012973,8.87224423579296,7.5534611660948,10.6680102337336,7.89551004669837,15.4820253073704,7.53067443230064,8.13662247043707,8.44928065368546,8.7248928744696,11.5670565367263,8.34295708849458,1e+20,14.0642573721402,10.1757426296438,9.58056175876326,13.837572788529,16.0222724316192,10.0817361208716,10.287423025638,11.5359646513716,14.0994562029048,10.0361558845013,10.0428281755563,8.46274922943207,9.00349935602618,6.37775285649838,7.52245211926399,11.8656917376681,20.6443094881533,8.48029570782733,10.3615575405611,10.8374011074538,9.92713655805196,8.70757026222932,14.6121749465412,10.2289088451218,10.4928542036838,13.8070211419273,16.2576920821699,13.3060547942668,8.29230388452515,10.5421651182888,8.12346379918193,13.4718697777708,7.33286199775211,8.88056066843996,5.2845701996041,7.58282325917799,11.3851239637669,7.30058147609747,7.67706288672066,8.72205031506102,13.1418875862103,7.74127715779788,10.0309460914975,11.6365739908543,20.7785172111668,13.5373677449422,7.49267250857009,8.71398180225639,9.6738394474644,16.06056739364,13.0570992299907,11.7573446338434,7.36306703179683,7.30135962355883,7.80454777485325,8.72010839817982,7.86687277509696,7.62430844877475,6.04599891168232,9.69937418530063,6.21667142422268,20.6864933741973,14.2750913999943,11.2325251372318,7.12359113052156,9.67162481463686,13.7454835618389,11.1545534939367,6.66022710368897,5.62281234024811,12.2652311942011,11.6338627740427,11.7443662714665,11.2692595916087,8.10160303336425,12.2941967119146,8.01899774453829,17.7686148645397,6.35571166456365,12.1915223766688,8.68237946434169,9.3767301031893,9.85978308092377,8.52057865214446,9.26773771193761,15.3627996130271,8.13277052668789,17.5009840132797
16.4090186972774,22.1434112734303,14.3501911852646,21.222646521445,8.66014676458447,16.0286787127855,17.1308033510439,14.2371745550272,17.0762353598476,13.117595427145,13.3324827139219,16.7585328277077,18.8831029713492,15.5130436020961,20.3576835446201,16.1144250586619,14.0642573721402,1e+20,15.1810776710218,10.2284956361933,26.2182974224331,17.6125093328463,20.6133451813678,20.1786980283326,18.3331412112949,19.0932606675078,21.1659449545181,17.2178617188765,17.2351610058923,11.8020189814552,16.4923689156218,15.2926731198578,13.393253553368,21.0663305710568,9.91114385612708,21.6843559388382,17.4602401145119,12.421052024944,15.2183023438031,9.33592178714381,9.40477558171705,18.1087469188644,21.2389342451122,14.7195786815665,20.2029917667365,16.5155946379527,22.4026377618353,11.2546926266695,11.8784167792239,16.2682035015349,20.990453776843,14.1341390938927,15.8520109980321,16.6196482848119,12.203316744237,13.2779474938497,17.1671743437665,21.4157065707999,12.8617393976998,14.8248727306804,24.2222372767446,19.6168929950383,20.8038486275805,11.7868649476555,16.3674464480892,17.7773789738539,22.009110016922,8.45098997361511,13.3115660640971,12.4234872890644,14.6718153478717,13.7662286956615,17.2673235130476,11.7507704167525,14.2628459006804,10.5281929665809,18.0897804764845,16.6562507507221,19.4791533346277,18.9517895644444,16.0355404603845,16.6625474063953,14.5640583456963,25.3525436314258,13.8666991633521,13.9523641098826,17.2297289359782,6.25618688700623,17.6493403719206,20.4683670055236,14.8103139354739,11.8380914714377,16.1601909120494,15.3476768147126,18.4262301187476,8.86812189394522,18.6211632712512,17.3613697014043,21.9018503509668,14.2653164127813,12.5901699537814,19.1556220555963,17.8359100297031,17.6164731068478,22.3864207469275
15.4245129151089,12.6295224046234,12.6791908272603,15.1106246432531,12.681027786149,13.2355057698536,8.90994815300932,11.6950601292786,14.276275614473,19.3702866072135,8.80440964968008,12.9637525224989,9.45534305625617,12.8560482685351,14.9815699158739,11.6472935297321,10.1757426296438,15.1810776710218,1e+20,10.2845666959511,16.4465816073888,22.1086547119937,8.67829242443261,14.8205286939358,15.0295472597852,19.1921827578345,12.6400179564014,10.4083296054278,13.2137198481953,8.20032954417714,12.2349864535877,11.8810805556595,18.070909517297,25.8434890486345,10.1929930685288,10.4933437723963,16.7691206670022,15.9020517509528,15.6684415361909,16.4374793625081,11.7098906229775,13.7670946322741,16.4821112859184,13.9933644467374,12.162380291365,13.0346615453393,12.7118733971998,9.31125626368257,16.5088358729241,12.2795354876141,12.314702629355,12.5588462259705,12.0777834107425,15.3273046573668,10.4335312529322,14.4559101457837,11.8750384616073,17.712608081182,10.3539274767675,8.12868476309673,14.5256008995279,25.3913180845022,13.2207211931078,8.68425813992869,12.5831547395299,5.0938233589112,18.9274172389506,12.5126861811863,10.6284222658151,10.3473681369398,8.92935865704206,10.8261142385193,13.2345958181632,8.13476344546217,13.356899478285,9.58420523201484,9.3757341146074,12.7984546958112,25.3290020693718,20.4869237334446,17.3492299555494,12.618600479466,10.7504949919929,16.4669713541672,15.7327984285144,8.75360784685561,11.2682186658168,11.8104099920497,15.1286238314254,16.9242642410778,17.6129976780949,11.7130494899945,12.561952790751,13.2453421497859,22.6647483998583,10.6344515473282,15.6269895628899,11.7638053010314,12.2691842569689,16.2056222862728,13.4759446345993,8.68470908243494,20.999926436157,13.3290356470154,23.3992004160664
11.7322621627929,19.8254805281136,6.75166844654148,16.2859875316355,4.36694296417832,8.0837647948265,11.1573726012417,6.19049187121911,10.767879064574,15.0465689498249,4.53332913726261,9.20355015385121,13.0784050924008,7.5837566248903,15.5084098658896,9.69475463265343,9.58056175876326,10.2284956361933,10.2845666959511,1e+20,19.7744193047598,17.3776568995455,13.6508008853516,17.1022986319635,11.7821053411593,18.3940680980085,15.9102216553022,10.7669323449402,9.67474633338857,4.74546591387709,9.68864321969178,7.54056856061303,13.7657932401808,21.5232034267254,3.8166283496518,15.0909633355519,11.1460547885774,12.118544067325,13.2284539171052,11.8508355528375,6.27782038570072,10.6494253607342,15.3154162189163,13.5156308279548,13.7943537505997,12.525595462908,16.0077431267795,3.88886500937038,14.3737054537373,9.27109571104276,14.1646012077061,9.79224749075291,8.71472307069283,10.7813258711316,4.64472496871864,12.0818373200171,9.70157713541713,16.5868814945143,5.05764866597374,11.9577297476426,18.5255591169462,20.6654845015204,14.2298971713411,4.49504868001827,9.5786732014067,10.6615902226576,15.8934814816108,9.51979158237133,9.60699135315529,7.02111231304194,7.29981989242448,6.66280264180982,9.78773108650971,4.03747697003769,8.15108795219599,7.45020841641414,13.0293665582628,9.59911801449248,20.5761848462238,17.5973778285124,13.1481224735007,9.37078283257372,7.61801916247675,18.7333870489974,10.4241331023985,10.9243226296018,10.6989078730577,5.37645165718139,10.3632192655156,14.6716726429147,13.5374301186093,4.50312119381682,12.0756576811409,8.28096612170026,19.144805426533,5.65668386845353,16.6836770208416,9.79367997061135,15.5301118205165,11.0489020028567,8.53174978495962,12.4527679797765,17.6514131008053,11.3155162706801,19.588125394736
14.6615859088624,18.1304928107476,16.0520871674667,10.1491822946605,21.9351226576412,15.7753366536185,10.349022007552,17.7950685665267,13.464272272387,22.9518023201774,16.3122376164303,13.8814072997321,10.4080049126839,15.4024586170162,14.7091223009284,16.0179697133799,13.837572788529,26.2182974224331,16.4465816073888,19.7744193047598,1e+20,21.6095810455837,8.35978980777678,12.1409593376393,17.4059107326179,18.9438775528109,7.60394514876338,12.7071225893656,14.5417799035907,19.3779999754203,14.407659155985,14.5009162007483,20.1813789531284,24.6206079722217,19.8996015488414,7.64245316909913,16.2420992483513,19.1336481524944,16.1702538232406,24.0789783937031,21.9490449104487,15.2212528540761,15.6753191785985,26.85255000838,14.5326935046024,13.7516342464393,4.65905557010449,18.0398129538644,22.0742055440687,12.9844399636289,6.18284425248218,14.521231462654,14.0354870054374,18.5283132898279,17.2483889791338,17.3355071548991,15.2803287332802,14.5082286487356,17.1700876957683,16.8715201119707,5.41243790572899,26.0233249425711,14.5304391092371,17.8307100798888,16.6740139067887,12.7375265607903,19.7515735527249,24.3558737963269,22.2152308338325,17.3085955989746,14.1834973531836,16.3326991015269,14.4915806105783,17.3407675242992,15.3398021291939,16.614889400997,14.5967523814345,13.224612519561,26.226400495167,17.7986416738067,17.3928264747672,14.0463337210848,16.1689459183815,5.05532729244527,19.8588094414102,15.1443870884547,13.6603610946215,23.6881862194328,16.5941155300565,12.9335194762473,19.8640676775381,17.3773977571025,21.0106166653975,14.7876263631874,23.1996600990162,18.0461413822258,14.5569698963229,15.2382063437778,7.41544677136391,17.3889303397245,17.3260397040998,11.5986584287801,19.8138306415229,14.7250760297212,18.4536114250525
11.7898379796956,28.1860484141491,14.6256182403484,18.855317757939,17.2108281528987,15.6618868052617,18.2244354251808,16.194229102582,14.549223615712,7.21019500605849,17.3109157096361,15.22088920289,18.9894708252998,14.6671960929426,20.3015312864026,18.0899604184902,16.0222724316192,17.6125093328463,22.1086547119937,17.3776568995455,21.6095810455837,1e+20,20.6075871777005,15.5100672517603,19.083373083642,13.6342712463576,20.1375214315416,17.6372430757622,16.2463663568526,19.9825233304383,16.4783695848869,15.2947080868916,6.28357904515714,7.34106779862776,18.337479216403,21.1545661839631,13.6866460823839,8.66933742314406,8.80785542056243,11.9163164372072,20.1164869017749,16.4937797748659,17.6926011705803,27.1118147453992,20.6284224790764,13.6804882550336,20.0455724061823,17.00340867012,12.397381940876,13.4211382377152,18.2713884796793,13.5885058629847,13.7743640570695,17.5055785504597,15.5061773125194,10.4465637669043,18.2543193556941,14.1328422419126,15.9714026537877,18.3914940853323,22.0645920009588,8.2944299802439,20.5899716225516,18.2897679313617,18.5637497922345,21.0499533733336,20.3382838185728,17.902673315436,23.3630933768136,14.4023071217544,16.3257187736244,14.7624481586643,16.611520039084,17.9469974661861,13.3127773268651,15.4786958378573,23.2662159909688,15.5543911547463,8.68684281266163,7.66358720225332,6.54955086716061,15.2166224437674,16.3447204937384,19.8010431960896,14.3708166706217,18.6216177248869,18.9109606978866,18.6445597075733,14.2520582921144,16.0320017812763,13.022837005305,14.6447171356238,23.7219308097846,14.6469706762312,8.93095763006347,13.8648113572674,13.4255677312785,18.4326669621581,20.4740467164385,9.08326028144849,11.3137597574001,20.8750639265161,7.21092343017632,18.194639608398,11.6966063164184
