1e+20,10.7155663013805,5.17971759018329,12.3798804954881,3.9862569770313,5.16786533566082,4.90126616264335,3.92363806575207,6.19495360546253,5.65886334676016,4.97486290530173,6.18324934982789,5.06034846177726,6.14204324915557,10.9834755611413,5.25879220820559,5.40416000109168,11.3110649070081,10.7745808796926,6.27265366520615,5.41357275631028,5.00722708812917,5.86057167174096,6.22154401655086,9.67789897914548,10.8702878907838,3.65442643052202,2.89045128237582,4.97182946741469,5.8792962487141,5.08490130595684,6.18586443168634,4.0899268662613,2.8900004131139,5.00381736667595,6.14266126305116,2.40228293247106,3.98102651118888,6.27701027999743,11.2074974896725,5.14439613595794,4.86964315541962,9.94034443968664,11.3567493127515,10.035537179101,9.39708605705969,11.1056846227461,7.13174707947152,6.04814951579278,6.14904220794277,6.14862271870052,4.79400743260828,6.34172463943466,9.54702596804422,4.79336966426368,4.05848956306154,6.08816856932892,10.363237216087,4.90369714761918,10.6458719241238,6.24192580790382,5.90626516239722,9.36157747925165,5.07949694229191,4.64059776060027,6.09466194073042,9.53133537620051,11.0923960719328,6.12922881555898,5.038629957223,5.74126920035854,6.4826464660604,4.97717342967761,6.28544805482437,4.98167620493388,4.87720434810821,9.61195042299652,5.48097026925786,5.35279033672392,10.2989193653868,5.16444031564135,6.29098581376082,4.1447224651739,4.05474638814856,9.56148698498457,9.2236058914769,5.98781613912313,11.0909900353426,6.09824371329031,11.1691178549377,12.2534611447933,6.22929778657252,9.50821079375226,4.98526367657732,4.73963225022869,4.9914760385495,3.5119608796546,6.1533470937768,4.90717410094137,4.68222365215172,3.97813727404193,5.78244276392793,11.1813287345919,3.02592705039027,10.7133836872198
10.7155663013805,1e+20,9.39341774313755,12.8924748903899,10.3158397512203,9.73631620211666,9.71819013584008,11.0901227931023,10.219028926511,9.18576703087365,9.57359163668386,9.09978023965069,9.63485925172427,9.22559928035202,3.53193603556285,9.86268007143316,10.7977024322502,3.96110848404002,3.00517144014542,8.6481969032678,8.99471523712755,9.48368764750554,8.89471129685165,9.07395198302666,12.5336791109959,3.03822828563944,10.7245304230621,10.8706336832737,9.61312063373345,9.04189815218578,11.1504008828148,9.17730297138069,11.3495882373683,10.5991630597103,9.52355061123569,9.11518617446352,11.0472529851439,11.3477245475337,10.7677145729094,3.17243476009863,10.3665892628083,11.7665994128844,12.689395218766,3.22349580431657,12.4530379822446,12.5599263340932,2.84827483415909,10.7687674522717,9.37660040208807,9.21836527493899,9.2584584335413,11.0870909232894,9.72830980511869,12.6399081481366,10.8547691076271,11.4742120788443,9.22383163666532,4.88277656192427,11.3926486147855,3.63390983716952,9.88906845321409,9.94846240568613,12.6929004432407,11.3394501787347,9.16565449132224,8.85046465770497,12.2766225490492,3.1798938240544,9.11640509182462,11.4211735042844,11.6858252526338,10.6706343703809,9.49042071710822,9.10327685019786,9.60112564011868,11.4156097566,12.6049040087116,10.4761373723248,10.1917868997337,4.16202446585801,9.41950985019209,8.96289576899665,11.5031984941619,11.3817753588266,12.8113499380641,12.4590443506519,10.5722191224422,3.52505962650499,10.2553334570698,3.40956603201304,12.4896663870127,9.20112124313682,12.7741557431787,9.57002791493998,10.975176485382,11.2510924413694,9.73493726987239,9.21614114220192,9.6408699271068,10.5174930673328,11.3595250202589,9.0183646825834,3.57411138295208,10.6307722600518,2.55845610883751
5.17971759018329,9.39341774313755,1e+20,13.1607031850271,5.10948032674506,2.61835450454882,1.65563954576329,5.34747588949806,7.01908051580908,3.98087329407604,1.33722436006212,4.37415406282084,1.17936408280966,4.18348362947986,9.76907414916061,2.55006231080659,5.77004783796451,9.93258357083813,9.61478508290065,5.01423207008928,2.25290005213592,1.27947323019806,4.79222305064929,4.19194787204818,10.2165208457398,9.71249821842297,5.11210248336276,4.94086007550162,1.77808967506793,4.6980508230728,5.15135476096469,4.19717735361453,5.03418819943149,4.72919389030777,1.29773432273247,4.15982471180996,5.32424642824423,4.97610414816298,6.17938178098061,9.98055555741262,6.22148523795216,5.81454960538194,10.3820157019009,10.0655727013352,10.361009103942,9.98781656872256,9.82150486689092,6.83963500453547,4.2321312996587,4.20353667564881,4.21536164994956,5.03095079407026,5.32972314630213,10.1024055381014,4.71932301119762,5.07045005948402,4.16947181420677,8.81767114681733,5.37907194385745,9.21727613109974,6.09355323296907,6.47712294177849,9.95361095835593,5.48005187229041,2.44742735146552,4.61588016663333,10.0833728320212,9.77707069324758,4.31634610669413,5.50609275047033,6.0740435739977,6.31971420401365,1.32373325921462,4.21886874690245,1.30736543942051,5.39421663630049,10.156906418868,6.72775449132192,6.3103817061351,9.02048112022609,0.18573790499968,5.78805504755065,5.17506018975913,5.02118210291651,10.0285331520651,9.78698072302864,6.40924730998377,9.94272996288626,6.24648271514701,9.96036314591661,12.9006604561756,4.39631295771807,10.0804141091226,1.36180226270802,4.92973471273953,5.19004254297012,4.3468131404017,4.22572715092582,1.67291309005364,3.71406153764751,4.91309994754821,4.76102868300094,10.002804895707,4.83998980233675,9.51914845567081
12.3798804954881,12.8924748903899,13.1607031850271,1e+20,13.0046723520768,13.4892672349705,13.0925853947918,11.4558429019381,12.0029426582125,12.0747285637077,12.9636603156571,12.4039052735603,13.1554056606987,12.5662406972588,12.803478942297,12.8459236371683,12.8266161308444,12.6126292838822,13.2934032923512,12.4073793692595,13.309957021102,12.9578458278721,12.2489328504494,12.6063513236964,12.3098988340275,12.9581227903139,11.6872645491386,11.9152215205787,12.9875217137699,12.6711465283406,13.0137800901892,12.5667238497095,11.9288683591013,11.9395701632641,13.0659424351477,12.6281197226948,11.6587530908239,11.6550187962316,11.8216806458234,12.5753493710484,13.384582070665,12.0285180587509,13.7124511735642,12.8382361063063,13.1123104303113,12.0736787028476,12.7623457914191,13.1220232151946,12.5573964415688,12.5226350109808,12.5391468692103,12.6559060962182,13.3632436972027,12.8944035298022,12.7391482046009,11.7479554943577,12.5270381771428,13.4135151537834,12.4675045008556,13.49508492379,12.5922141369946,12.1653691905744,12.4661759414711,12.4105272137845,12.7201820692631,12.7733623479757,10.891733599817,12.7096540461666,12.4048183094929,12.4393009574776,12.4239985221759,13.1968809108931,12.9169832422904,12.9756632144309,13.025107672355,12.4607567309222,12.9261776381486,13.2808201188838,13.0319454273694,12.8441139300347,13.127650498645,13.0900263835569,11.7013246240621,11.5592364681804,13.6320496506156,12.1528688990127,13.840971026056,12.6763681135262,12.6240591372331,12.8374406492576,3.75732222014883,12.39645920012,13.3452755922941,13.0279000198012,12.1220336305962,12.9320797338758,12.3948267432191,12.5034827421269,12.977154413907,12.9875534289096,11.7823401338899,12.3591306769062,12.854191295166,11.7928793783652,12.8351231403437
3.9862569770313,10.3158397512203,5.10948032674506,13.0046723520768,1e+20,4.99284844664354,5.19453396697528,5.17685478343364,6.50839263887924,6.30597422919736,5.15733521342039,6.76432675403386,5.05376630256278,6.60956005100702,10.5497200184219,5.07891999842577,6.76304624737029,10.9601725862229,10.2900461431111,7.10700329551424,5.03085123899765,5.17798732409684,6.40998584719534,6.70158751964662,10.1833686403314,10.4553943534513,4.49191964596813,4.18319514576543,5.22545387475272,6.75445539213773,6.09533786907917,6.61008522646947,5.63112659930239,4.11268068727877,5.17835406260094,6.68278219291737,4.49799439144325,5.3516051797506,6.89706749478191,10.8501082729661,5.90885171428874,6.35541924786939,10.4089272056385,11.0023920800029,10.4706038725162,9.84531743448401,10.7083186719996,8.36911430133679,6.69154539308173,6.65817420321988,6.63755027752141,6.21365454965364,6.95019540266727,10.0922066279047,6.10404871033817,5.40447374402804,6.62956161187633,9.818005421045,6.43273157926042,10.05433952019,6.51905041681843,6.14649617880748,9.82157258770649,6.62973818838457,4.81426847677894,7.01917606723388,9.94919966076337,10.6755930082276,6.64890397375959,6.48775543248231,7.10164724734477,7.70838529350774,5.14221230751086,7.04098470655236,5.12774959180464,6.40855689337364,10.1763306031132,6.53722201740536,6.24172346589712,9.92480486644222,5.10005129446497,7.43204622311829,5.4515518654987,5.39393868179743,10.189206684544,9.64675685090384,6.81865760370159,10.6837928130229,6.471080739896,10.7561998798317,12.964377110405,6.75356658440459,10.0427282618733,5.15314832759611,6.13565198901673,6.02464798481799,4.54914989758795,6.66858171613542,5.20948000311869,5.27192952126067,5.31348622702867,6.39910986023331,10.7606210005501,4.1723414915256,10.2717775898223
5.16786533566082,9.73631620211666,2.61835450454882,13.4892672349705,4.99284844664354,1e+20,2.72215081058452,5.72042546107685,7.00880824950883,4.73103703087886,2.92582500958164,4.5959116800204,2.42226274782396,4.54901268542081,10.1215049703524,3.89266221555784,5.75095676577933,10.3361616114776,9.95819535767338,5.20318584923088,2.44941785528339,2.91929882202589,4.98727760932346,4.55340025200501,10.1815238034972,10.0633220363537,5.19651615680561,4.95899114989871,2.73382596979411,4.79284994332733,5.25470859838454,4.56021296852083,4.80772818391347,4.75204706448054,2.88391785509268,4.45534013109948,5.32342445536817,5.04565090620592,6.16657052429177,10.337428038113,6.07740151766287,5.61591708192595,10.2608634610818,10.4343636956529,10.3230544013371,9.95654639317116,10.1842036272011,6.64954620720038,4.45002249941152,4.53778535042508,4.57086685749934,5.08254610861261,5.34000468224457,10.0569551634289,4.76772801074211,5.12073913225712,4.52559648712606,9.1833457042718,5.38763473240644,9.63126645411101,6.06377119486188,6.46010829884408,9.90489672938461,5.49283680363405,3.59416467801175,4.62482030990473,10.0607871590502,10.1721282999917,4.55237098089204,5.50821175875607,6.09077792052727,6.05934451193381,2.96273757496892,4.35408050142779,2.94604331214578,5.38256227430086,10.1076825760185,6.43797438254226,6.2864647923118,9.45699379044155,2.60470032943441,5.56286968885892,5.20210025583414,5.37279442920522,9.84301611191217,9.71942254274295,6.06938213208023,10.28778852831,6.20897400650449,10.3111608478073,13.206454587959,4.68125123388738,10.0434245627576,2.91474855387105,4.64555902397836,5.30067799116376,4.17296590872316,4.57215131636781,2.73467665452591,3.60251915993832,4.93963037983493,4.96235718167178,10.3614243216101,4.85798089312262,9.87179732389364
4.90126616264335,9.71819013584008,1.65563954576329,13.0925853947918,5.19453396697528,2.72215081058452,1e+20,5.22717028284965,6.98060859394675,4.06264907375885,1.06037781286406,4.45696174905031,1.30666900798844,4.36643835864352,10.1043146737644,2.69371775600958,5.58520996560527,10.2718665117234,9.94774362452147,5.15289986725602,2.83887648964859,1.11318584996504,4.86342105759723,4.39716584268061,10.059508604268,10.0408088138899,4.9901644259013,4.66615587606947,0.657467120697319,4.81928580272992,5.12884089731938,4.39178058795233,4.83980900525816,4.48473556183219,0.991899119434849,4.27138750073956,5.05388961947405,4.80459294415478,6.1381802315253,10.3107661379632,6.15228800080948,5.60240665933713,10.1570120324729,10.4105447945343,10.2231228481867,9.82981555481927,10.1621485880761,6.72362157269639,4.27374397719455,4.36053442464758,4.38489137287328,4.89969386961849,5.46402226147223,9.93722744077863,4.62137231636013,4.88601482265759,4.33800774864991,9.17024364163095,5.20743346777287,9.55642614535989,6.08350039318087,6.44879321672357,9.78469491183075,5.30639107788694,2.41293999457627,4.72881680725178,9.95129492119097,10.1133565266049,4.39459314740051,5.34779360539166,5.89683277199045,6.11453823675988,1.16597514604101,4.42075304854678,1.08630283063046,5.21241488691405,9.9948570878536,6.53690467330717,6.24800388582053,9.29690200383189,1.61661315367572,5.89655857082108,4.98163890561928,4.83695360212843,9.78059698348829,9.6146722385818,6.37173495527022,10.2649810958762,6.19687946447514,10.290393867363,12.8144455149321,4.48874505145679,9.90594357786386,1.00153297323922,4.69015566535075,5.16833250337799,4.14264985458043,4.39578979666684,0.306825452329376,3.31221397892611,4.72026616909134,4.82885417646109,10.3374954294331,4.60789050828808,9.84716881473698
3.92363806575207,11.0901227931023,5.34747588949806,11.4558429019381,5.17685478343364,5.72042546107685,5.22717028284965,1e+20,5.48103553491912,5.38023588396906,5.21332439478363,5.5577570969576,5.36389253017005,5.45264948656072,11.243768070952,4.60112094447257,5.51192074744,11.5894839424235,11.1094207956189,5.67311104163911,5.77336338869975,5.18516384505098,5.22097176961464,5.56284834513069,9.50495767899377,11.1760478440197,2.20367220295426,3.27387233199018,5.25044380544145,6.16398663706745,4.10044444845583,5.47889212012571,3.6606758488555,3.29291835730174,5.23577952403893,5.57113545866086,3.09604222668125,2.85062327147928,4.66344714301827,11.498105140991,6.01176201311452,4.32012195227333,10.0416728091386,11.6306303310296,10.0333941414006,9.28696637313103,11.3962834063632,7.34363928301539,5.52272369175577,5.52197504005886,5.46194130797965,4.12471984408719,6.4204104128862,9.48700599019064,4.11706718977941,2.78386434263798,5.44542757709042,10.6962516259268,4.45976071166824,10.9711410652537,5.63944291800822,5.09603825857987,9.25463171384766,4.73110834361961,4.77035652516955,5.91807450270252,9.22413884190791,11.3603367350768,5.50971341157777,4.51642944891146,5.27814793589435,7.04065021997409,5.14124430541212,5.97214363824659,5.18242664008796,4.46974135917304,9.53310964526144,6.23353705348011,5.86049288024488,10.5470272577966,5.35786962656015,6.85109099704084,3.03565286533233,2.13735850625311,9.76999785101134,9.25662470765855,6.81576141122015,11.3915088582088,5.60510576634116,11.4483335250859,11.4450716948794,5.50011150336524,9.56810009965993,5.23231774331187,5.0344991318333,4.01210041324562,4.66004563023957,5.47735420710033,5.20671475519101,4.88854670971383,2.84693180817494,5.17400523305922,11.4629308441671,3.16895414138013,11.0172918108159
6.19495360546253,10.219028926511,7.01908051580908,12.0029426582125,6.50839263887924,7.00880824950883,6.98060859394675,5.48103553491912,1e+20,7.25517299445762,6.99732939802568,6.06640835365348,7.01016552410421,6.11300899642004,10.4942378871816,6.8527466338713,5.2423629665856,10.5601856551378,10.3117266576567,6.20277088272945,6.95969648011656,6.98907829243893,5.80142245477906,6.17477767844991,7.68316052495205,10.4189497294157,5.69154608498914,5.54415247693567,6.94495479843422,6.29894560781836,7.02892546465187,6.04303653389315,6.00149222227214,5.28617399152536,7.01003094420096,6.20179208367103,5.76396515806516,5.8015645172923,3.68720114921093,10.6555671874442,5.00734260217139,6.41374005225548,8.09274941700831,10.8065762723271,8.20126527014998,8.10512109815061,10.5807832774752,7.21728487325514,6.12440587983771,6.09318499745803,6.10822999025017,6.84858673627195,6.62974848707899,7.59740304016943,6.75563904619867,5.55675746029442,6.16936734144442,9.96816819484775,6.75889241929692,10.249714610827,3.3083684531193,2.53630966140102,7.63691648212899,6.88184938301289,6.73769060194603,6.53085337208421,8.18143923110926,10.5858823026421,6.05007280619363,6.68995267694679,7.03903453357101,6.5814723966178,7.00731473809456,6.66768577572001,7.02466754571713,6.73450554579993,7.57905001330909,4.92533996159062,4.18523648530313,9.7993257075647,7.0037153740533,6.85004850715932,5.68707358768159,6.18790189654709,8.15249897560641,7.75646505340255,5.81729266362922,10.5751736582834,3.49193529008588,10.659848027474,11.514249801784,6.00100290623564,7.56185752004143,7.02270818667139,6.27306406259053,7.00685743166446,6.55281043645282,6.09604965732534,6.95592837205165,7.24446399897297,5.50748207211861,5.75892042171306,10.6777412898209,5.15927365949739,10.2479573701639
5.65886334676016,9.18576703087365,3.98087329407604,12.0747285637077,6.30597422919736,4.73103703087886,4.06264907375885,5.38023588396906,7.25517299445762,1e+20,3.96760982516203,5.00731207912729,4.31036903347349,4.73063683868143,9.49503849965658,4.77970634566656,6.79447126687512,9.37657242258488,9.67918654313939,4.19830060307134,4.42372716367735,3.8866289038185,4.69940699066585,4.6670145410269,10.9009776987369,9.5372722973149,5.30621911364824,5.47106483223021,4.1589500595882,4.73574706402294,6.03618894833376,4.76149375180485,5.64456702129641,5.28618660785034,4.029819825596,4.77949336997245,5.79469298711006,5.66387903290092,6.94099228049123,9.64686208106822,6.98481543572007,6.16583472609038,11.3841869558729,9.71273474863977,11.3369546099498,10.76945132637,9.53796768856121,6.94351676106559,5.24811244254804,4.70816080701709,4.7353322038937,5.72048995851643,5.66507786021233,10.9651166842865,5.50631880856248,5.7893206918797,4.66154974017937,9.33510884918035,5.99128007882733,9.36312425991073,7.03115718199862,6.89594617290033,10.8097906917489,5.99128439660066,3.19895479919653,4.29046684805926,10.5102447403049,9.36172655793092,5.06281878611613,6.09366629427549,6.37342395466461,6.87300413045051,3.88807715374195,4.36573274531905,3.99665640197668,6.02373884243008,10.9900778677015,7.45051628706546,7.20118291969349,8.83074260713132,4.00183671942261,5.51204061486573,5.88606615391553,5.75386971587579,11.1363895129874,10.5396808483108,7.40402219536696,9.80880298053963,7.15758612788773,9.75120086718908,11.8919455302872,4.91109827734154,11.0247712472205,4.08530526362412,5.35095415663014,6.05906447404019,5.29985667584702,4.69146109242483,3.99621304665963,5.47556962031327,5.68145080369498,4.74055716873589,9.86250395332482,5.34173057637292,9.26770711622861
4.97486290530173,9.57359163668386,1.33722436006212,12.9636603156571,5.15733521342039,2.92582500958164,1.06037781286406,5.21332439478363,6.99732939802568,3.96760982516203,1e+20,4.44095491294004,1.64928327395479,4.28800481612843,9.96788033365198,2.30240474946766,5.69947947556321,10.1341528327801,9.80202794753004,5.17057582251893,2.67453006515388,0.243776809400476,4.81942629086562,4.32394806529045,10.0877186888401,9.906662431301,4.988219835856,4.73061089471554,1.14182590008659,4.89947799286802,5.15880953843384,4.31354491507068,4.90030584768674,4.55266868453902,0.449350669719594,4.26674005892301,5.0971166949777,4.83527130916261,6.15117530683019,10.1686974976109,6.2630423668512,5.67874937936993,10.2761015499223,10.2713535025292,10.2388508079933,9.84737143146935,10.0183470076064,6.78326971636325,4.23438212872533,4.28869909671518,4.30669718994179,4.9539753337016,5.46882422907214,9.96747690276562,4.67649277155086,4.92843782715933,4.26241954504463,9.02748115984805,5.27592988151214,9.42523715333276,6.09968998458229,6.4655016812814,9.80153977702101,5.37781955220419,2.11077092949411,4.82151034813463,9.95336220678972,9.9768168005701,4.36112897376506,5.41292144648759,5.96738406841869,6.22845257018298,0.348665141042024,4.50869573240384,0.228668488020817,5.28269205161713,10.0277123643857,6.65718925355546,6.37806783754071,9.19352323230997,1.28069204549806,5.98861448143336,5.01645115977211,4.84958025573428,9.91445310611919,9.63686820965473,6.50684503089917,10.1192027102143,6.23682320948254,10.1498643699104,12.6924303804854,4.47550981010199,9.94727798837125,0.386844427937667,4.78765771510221,5.17166593691714,4.2455307340654,4.32099611135328,1.02026415123406,3.44215144642085,4.76140050633895,4.81407969484263,10.1912631634706,4.66177305911514,9.70590376410248
6.18324934982789,9.09978023965069,4.37415406282084,12.4039052735603,6.76432675403386,4.5959116800204,4.45696174905031,5.5577570969576,6.06640835365348,5.00731207912729,4.44095491294004,1e+20,4.51894894442786,1.1692056673947,9.49381544348773,4.34206950820339,5.38678293400844,9.61122988188815,9.47481120497076,2.79235303282247,4.17862493381789,4.39355576354005,2.02317617644605,1.34900247594539,9.22933262399131,9.49076109927512,5.40429442812727,5.7351507868538,4.41300430635021,2.99801492251306,5.64281628372349,1.55674592432183,5.34792246105703,5.44185639550487,4.38108686464916,1.32393933839619,5.8955668577978,5.17387764344093,5.01315208796411,9.69470537543109,6.32454664419148,5.89101798967684,9.63122376377938,9.77018323297142,9.64485900413236,9.24171733557674,9.54583367825789,5.42639043645919,1.6320155590695,1.16384182364735,1.1498051890387,5.40785538122197,3.96673664840985,9.27987476328331,5.08723061202119,5.15776627513389,1.50961009000409,8.69543047853283,5.66674275027329,8.99713653345707,5.20995914041795,5.58885064943959,9.32465869678017,5.71944912717447,4.82541585847426,2.98872304249568,9.31179056298569,9.50793518820005,0.311429467160471,5.6105110246868,5.91463354516651,5.81229832983996,4.46267945895252,2.60735021805375,4.4670504738464,5.68670420919385,9.28467144592831,6.66507606329754,6.32403726180309,8.40795086277944,4.37535434989828,4.75962218094529,5.20275411182545,5.49375591895721,9.12166104943112,9.22240718731395,6.23533363524471,9.73531414426694,5.25370390764469,9.70771883489455,12.0615634290656,1.30844061798426,9.22096901010116,4.44170486800121,5.2455057369988,5.73152259347147,5.5609230917721,1.15040375883654,4.44420500251467,5.49455933764397,5.0246249392887,2.09115655184543,9.80141164983613,5.43558807877352,9.24705646220455
5.06034846177726,9.63485925172427,1.17936408280966,13.1554056606987,5.05376630256278,2.42226274782396,1.30666900798844,5.36389253017005,7.01016552410421,4.31036903347349,1.64928327395479,4.51894894442786,1e+20,4.48666476589476,10.025043012954,2.93089473814895,5.68425254338969,10.2344513191231,9.85757162703505,5.26133769514812,2.61808385500027,1.66804643253312,4.90683014510219,4.51155031925052,10.0788662706374,9.96194361109115,5.12147000174659,4.84428866067393,1.28312814989673,4.91249227378544,5.24905523087685,4.50519532691628,5.01438028235741,4.65434692190556,1.61695164969244,4.39998404977937,5.21057873296428,4.96446892846418,6.17801310414725,10.2312277228386,6.12538488344532,5.77222435804769,10.1582108299936,10.3340755343776,10.2166978777904,9.8385530879052,10.0843789738821,6.82136732274452,4.33989620963036,4.48037796117569,4.50632376929752,5.05656267439977,5.58528122383134,9.95414766613274,4.78042935307374,5.04383196558714,4.46479068418234,9.08500092786904,5.37542336888561,9.48489614348345,6.09784904302367,6.47238596816941,9.78877524538572,5.48059124075331,2.69096226802972,4.75726655824151,9.95239782195338,10.0738681511723,4.45206182442305,5.50617850695959,6.05561456499903,6.22952836468981,1.71048157142996,4.52287214261578,1.67098649309851,5.37656027730814,10.014001249214,6.61577589328916,6.23005688887175,9.29886907900931,1.11762194093917,5.90849542964972,5.12739774110398,4.99611008530845,9.81218025665353,9.60559695268864,6.37629410563485,10.1801326271985,6.2271975850821,10.2084049073421,12.8786860399767,4.61403881056529,9.93093157010947,1.62211560817634,4.89112072365623,5.28639213152509,4.18238160775558,4.51696689308921,1.31329433011146,3.53755932396584,4.86982960721363,4.88801879596893,10.2548993338445,4.7671936906148,9.76337831925568
6.14204324915557,9.22559928035202,4.18348362947986,12.5662406972588,6.60956005100702,4.54901268542081,4.36643835864352,5.45264948656072,6.11300899642004,4.73063683868143,4.28800481612843,1.1692056673947,4.48666476589476,1e+20,9.60713735790454,4.15444313349317,5.46253850931181,9.65788639964753,9.57422286031873,2.8110887934087,3.96592610648918,4.23058605385665,2.36569408310319,0.601345374920752,9.54894263003622,9.59620641312069,5.2851845776143,5.65439848983955,4.40042661028529,3.05386164836865,5.48293011443241,0.956285630016779,5.25017286852458,5.34962283748491,4.26975167766705,1.22706965435909,5.8406944008344,5.06659701787741,5.02540670102115,9.81248987388374,6.35419574470263,5.82944334542332,9.9561710379397,9.87832611861282,9.98050229533346,9.54599852088575,9.65029947494372,5.56248859352732,1.9634858169508,0.306844826104543,0.126667941915229,5.29706635408857,3.75608036538265,9.5893397505575,4.94450802652423,5.05354932759234,0.980313993985821,8.77784657343423,5.58257341365354,9.07326290371234,5.21342477612184,5.59681023261705,9.62736018537219,5.64271053309802,4.69075870704248,3.2595350156141,9.61794896851727,9.54870272918382,1.18071667962392,5.52997122233167,5.86463986840933,5.91885746785792,4.3062458066205,2.54670724555036,4.30426772737801,5.60729864011069,9.59487026125166,6.75053198376499,6.37563588787531,8.48590600971602,4.19451406956165,4.9724532211337,5.11407259269928,5.38727577949443,9.41589078101652,9.5384020953564,6.27645879170637,9.84766462900175,5.27720397086785,9.82445576062326,12.2544174600014,1.2908192474914,9.52545328421438,4.34248072725533,5.17053187184758,5.53291455228816,5.61381092887764,0.203696431416562,4.36788241793768,5.37987225445907,4.92222941391671,2.3999993995232,9.902103219793,5.34536524777367,9.37196739491624
10.9834755611413,3.53193603556285,9.76907414916061,12.803478942297,10.5497200184219,10.1215049703524,10.1043146737644,11.243768070952,10.4942378871816,9.49503849965658,9.96788033365198,9.49381544348773,10.025043012954,9.60713735790454,1e+20,10.113813504616,11.2848589542571,3.15537725616488,3.74646780903548,9.02459428138404,9.39174623835482,9.86960971288948,9.35183029297489,9.47161005671078,12.8253978253481,3.16768303753614,10.9006315515855,11.0630451446042,10.0185444181774,9.35805105409206,11.2878346462422,9.57078588553206,11.7593473487982,10.8007238719963,9.90673901799183,9.50822853092501,11.2327418833134,11.4935457758173,11.0326772757393,2.50218343934392,10.675975607058,12.1476354435247,12.9440510595016,2.51117021089223,12.7338025823698,12.8337958336764,2.04276651237589,11.2514666862496,9.86106435039401,9.61871585670684,9.64272919324867,11.3095098307929,10.0149658578062,12.9215214987696,11.0842856940585,11.6292512707168,9.60177186702413,5.21612871972013,11.6145253955848,3.27939979119673,10.2074810932515,10.247514873102,12.9762077580527,11.789765885162,9.57819358833654,9.23131359263094,12.5697128623321,2.11881362603169,9.52799815492714,11.6378286829925,12.1012045783208,11.1834874336163,9.86018034599187,9.41269499256068,9.97661568340922,11.6454798555563,12.8849595874135,10.7927794488966,10.5226275361377,3.4779149717483,9.80570301050393,9.38827268106167,11.6694749662052,11.5197069254413,13.0515459475387,12.7748585013599,11.0197331809915,1.45381511223322,10.5471855625175,1.02971293303462,12.462304624865,9.58340157048523,13.036817058133,9.95876840428074,11.4328508528484,11.3983018971529,10.0803319959034,9.59898059582767,10.0335541942954,10.8014561889448,11.5373234241298,9.45300825351766,1.37043121005477,10.8306369468542,2.3606475767005
5.25879220820559,9.86268007143316,2.55006231080659,12.8459236371683,5.07891999842577,3.89266221555784,2.69371775600958,4.60112094447257,6.8527466338713,4.77970634566656,2.30240474946766,4.34206950820339,2.93089473814895,4.15444313349317,10.113813504616,1e+20,5.96500229652379,10.411033656196,9.92471441033005,5.32687953150352,3.44834783406494,2.22361032820118,4.74369452311202,4.2629389842191,10.05086522695,10.0664310403677,4.42220632553801,4.68067039328694,2.74042762618844,5.20886126047873,4.71957229069522,4.14605297038916,4.87869537462612,4.51822884191927,2.23284694381516,4.27241793017065,4.97983774578657,4.54289458792847,5.83037539688449,10.3809006233136,6.55957926448675,5.73781719827866,10.2905893638629,10.466167294277,10.2384702755382,9.78343577473049,10.2121939867427,7.23748041844786,4.16132554277196,4.28614668829029,4.19905790749977,4.95750988119263,5.49265934424139,9.93385834319024,4.68080784803016,4.62363182728183,4.21681412590929,9.12526819329359,5.38136950440603,9.55285425299975,5.87049585573731,6.11707259441641,9.77256895068528,5.56813152083974,2.98748647404174,5.27085062158231,9.8964481190977,10.1875533350485,4.23827000085782,5.43412801795161,6.09228566249876,6.89618790488345,2.14669563536746,4.80526687949794,2.15508493974614,5.41570560817388,9.99919018274716,6.92034003000861,6.62582117889589,9.30507067555618,2.59808816824038,6.39555930708806,4.74577905043485,4.35790918093572,9.97500113954972,9.71414024523364,6.76214961515154,10.2747808371807,6.0388451582391,10.3048144585458,12.7009968672176,4.29007393893758,9.89241869414116,2.24107461223695,5.3322194327326,4.75865092461508,4.58261153725031,4.24741353104875,2.71268284621413,3.44841978463532,4.5563988073543,4.69595466536709,10.3176229906595,4.55780729340643,9.8938438279881
5.40416000109168,10.7977024322502,5.77004783796451,12.8266161308444,6.76304624737029,5.75095676577933,5.58520996560527,5.51192074744,5.2423629665856,6.79447126687512,5.69947947556321,5.38678293400844,5.68425254338969,5.46253850931181,11.2848589542571,5.96500229652379,1e+20,11.1598398545701,11.0877109625205,6.09043267527359,5.88279517825499,5.74147873690783,5.78900517770085,5.57613052868035,8.32619282457843,11.1872946587304,5.57326999310769,5.36955501343618,5.6776900832462,5.81759839273974,6.11835634021291,5.41642356044367,4.40434373165176,5.20250324898455,5.69788265703884,5.50725044674301,5.42907454245194,4.77786519836343,4.79110338654377,11.270039324332,4.07275978925998,4.98284781665192,8.30512725656545,11.4092154024538,8.354155181778,8.29578564658859,11.1830058560639,5.91544782581277,5.38852969555244,5.42000019082413,5.45074017420278,5.64865821029015,6.34418930195879,8.05911064492329,5.56882351987858,4.61794545020249,5.47423094072608,10.4259015088751,5.29812424034078,10.9476093235351,5.20896673012718,5.48346691945898,8.036640613017,5.08421284700225,6.1032747641565,5.87952686729532,8.6774275098556,11.1790809456249,5.36076320673894,5.2920459047549,5.62452749495528,3.97147305714282,5.74920216562325,5.72447911691144,5.7320506200256,5.25896100537069,8.07842882860549,4.19034157074125,4.0924560560777,10.4081630775114,5.75018177783167,6.47900005332137,4.73003200982437,5.25419665344886,7.6481632697679,7.83721493670538,3.87251121730077,11.3656637419742,4.81564177305776,11.4475003327656,12.4182157411671,5.3777753247901,8.0251528587729,5.70838425957269,4.43955480764737,6.07516145641537,5.82822598205736,5.43656949130948,5.61343375160342,5.89703893827333,4.54559586579781,5.62216978910678,11.4686667976625,5.2659514864716,11.0458467511196
11.3110649070081,3.96110848404002,9.93258357083813,12.6126292838822,10.9601725862229,10.3361616114776,10.2718665117234,11.5894839424235,10.5601856551378,9.37657242258488,10.1341528327801,9.61122988188815,10.2344513191231,9.65788639964753,3.15537725616488,10.411033656196,11.1598398545701,1e+20,4.93850260122656,8.93983221613605,9.55059471000308,10.0363334558658,9.475852006707,9.51165087237258,12.9173878663866,4.48080480599616,11.2432116726514,11.4158384740168,10.2236086992498,9.26216108006348,11.6813833021476,9.62542006459272,11.6202536263924,11.1485347947939,10.0828073831836,9.54641916563366,11.5839872339302,11.5992804248836,11.2945202550599,2.33662185750902,10.7509653745464,11.9954047027144,13.1259487794246,2.35210822563946,12.9239594766433,12.9548341092419,2.71287194782647,11.0979020575029,10.0050270662042,9.6496107522362,9.68629360216913,11.6204383164939,10.0683682659858,13.0280091428774,11.384569818986,11.7354650401817,9.63857021999854,6.13579932933553,11.704310364113,4.77671017395125,10.4458815158243,10.5070500100315,13.1023855122205,11.6467368922049,9.73430719973399,9.24815384340016,12.6775277654409,2.36812155220158,9.66208065097622,11.7294215836172,11.9470133737453,11.0310107317786,10.0315438923775,9.34911485394853,10.155507232353,11.734256852709,12.9841175691579,11.0515584197549,10.7799950691318,4.56795898438142,9.96524741405994,9.39979598718845,11.77167292103,11.8689997407677,13.169819798424,12.8914558601419,10.915038975619,3.4855063997612,10.7956321562,3.35970350546507,12.232728417115,9.61816494752787,13.1491513106783,10.1371196486908,11.2779567474037,11.7946269486358,10.3053819783072,9.63187123055124,10.192291841649,11.113933532257,11.6382373651624,9.58590773788653,3.49538248426888,11.1820655329212,3.94327772039494
10.7745808796926,3.00517144014542,9.61478508290065,13.2934032923512,10.2900461431111,9.95819535767338,9.94774362452147,11.1094207956189,10.3117266576567,9.67918654313939,9.80202794753004,9.47481120497076,9.85757162703505,9.57422286031873,3.74646780903548,9.92471441033005,11.0877109625205,4.93850260122656,1e+20,9.09329501146507,9.22350474731932,9.70585651526448,9.28139930882084,9.43430531247365,12.6440572377972,3.30396212205666,10.749491032353,10.9035667976529,9.84541279783056,9.4885261083258,11.0971287520767,9.52867062977738,11.6236672806972,10.6391760743577,9.74042547491051,9.47851660171498,11.0768469737335,11.3697291771342,10.8516834092922,4.28265485744099,10.4606354865914,12.2904251443062,12.6844622205946,4.33732046545858,12.4384453136814,12.655479922803,4.03525002405808,11.284468148417,9.73083660321085,9.59224630741166,9.61487333109068,11.1541080855442,10.0551611666748,12.7453304963062,10.9278336390759,11.4965369248546,9.58127509440337,4.09276275351454,11.4532341207294,3.78156391609547,9.99782313656463,10.0404432323165,12.7904128599895,11.6335198576175,9.39804747201346,9.31328195608684,12.3756470591075,4.32534267492401,9.48030489007117,11.478416460736,12.2139684781673,11.193268048499,9.70162522877193,9.51059889820903,9.81116906564932,11.4771320884727,12.7130125045716,10.5795173878963,10.299127895177,4.49944179964535,9.6492291550463,9.32163852975209,11.5279793709278,11.3972329489359,12.9118390654386,12.5679504185919,10.8495757024999,3.4687890607019,10.3550252963062,3.6318778718907,12.8455689808377,9.57007883617627,12.8753145314407,9.78682700874767,11.5263423893163,11.1993350614164,9.84812248061818,9.58092569051954,9.87782712551143,10.5853312238784,11.3905147309512,9.39443260103597,3.48718466728118,10.667863664727,2.91678252856216
6.27265366520615,8.6481969032678,5.01423207008928,12.4073793692595,7.10700329551424,5.20318584923088,5.15289986725602,5.67311104163911,6.20277088272945,4.19830060307134,5.17057582251893,2.79235303282247,5.26133769514812,2.8110887934087,9.02459428138404,5.32687953150352,6.09043267527359,8.93983221613605,9.09329501146507,1e+20,4.81717560904543,5.08192564447873,2.22699864493327,2.72362470861372,9.83351034617035,9.04935223180288,5.51412806756043,6.11252949722091,5.17114606872203,3.17082740543345,6.05967015292934,2.99050191569421,5.96391047477322,5.81173620131962,5.10564695243543,2.42998457451767,6.28331694505684,5.86798968182283,5.76892360530881,9.17734920052719,6.64174163867238,6.38580805331575,10.1748457256634,9.22129203580366,10.2206209783632,9.88279672054914,9.05124327898648,5.52222487646565,3.02830080159327,2.78199490129507,2.80451960371382,5.79594287809777,4.24616249627352,9.87234513467755,5.51047876263738,5.90666484262823,2.55816195449481,8.77304529361616,6.07505752906395,8.78498564789114,5.90992339080851,5.78027403789376,9.95694472883841,6.09718198182192,4.66388850333519,2.27405388240625,9.91190475695044,8.91846141413794,2.94829150404507,6.03663299681859,6.26066702457082,6.31906722363903,5.13486478427107,2.45336655140405,5.19866529244947,6.11021855685485,9.85795633838907,6.97017334090563,6.65070622866074,8.08156814097386,5.03658957946322,4.11059400083594,5.94942543609719,6.20304474398542,9.86293190220817,9.86725707262522,6.80651630557607,9.31399464901463,6.00513524484376,9.25737174737266,12.0747995761643,2.82912012316096,9.82012060342988,5.18484365238501,5.79060155295524,6.18385536122089,5.62941558564892,2.73461469406819,5.10813859996321,6.24897475853972,5.78058323062612,2.26949581415317,9.3633209065545,5.81135661517024,8.78757734629918
5.41357275631028,8.99471523712755,2.25290005213592,13.309957021102,5.03085123899765,2.44941785528339,2.83887648964859,5.77336338869975,6.95969648011656,4.42372716367735,2.67453006515388,4.17862493381789,2.61808385500027,3.96592610648918,9.39174623835482,3.44834783406494,5.88279517825499,9.55059471000308,9.22350474731932,4.81717560904543,1e+20,2.6127045335631,4.59927585686121,3.95249231332634,10.2062743060413,9.33440073968672,5.2645420574155,5.18645247915031,2.88046113023156,4.45136705913498,5.49799256453022,3.96181137277128,5.23345246747491,4.93701990989005,2.62654154849541,3.93938867110838,5.55085033463412,5.15675086000542,6.13171846092241,9.60213347271737,6.21857378433519,6.01947849311583,10.4008589579203,9.68509004667308,10.3757999933781,9.96795720266099,9.43651695597657,6.86561497704387,4.18046777214685,3.99007163156797,4.00638178686759,5.43672696331648,5.19569583658195,10.1484619640746,5.10621732013797,5.25262743757537,3.96945351951524,8.40579866800017,5.7636326606205,8.82312840715074,5.99596356420513,6.41310796265255,10.0014240596119,5.85839355199804,3.30905552810019,4.35634472565072,10.0496620796151,9.39668398228856,4.11275818123465,5.86476083918292,6.4330174026273,6.42768494244585,2.6581645055073,3.90052745824381,2.66678112019059,5.77312922239571,10.1951591968818,6.83568451096578,6.40620754081472,8.6978322578934,2.27428655880463,5.57204506283719,5.34641436860388,5.49928621158979,10.0796182720912,9.74996520296178,6.41667044827776,9.56509894075541,6.1834932072665,9.58293178354213,13.0488840554849,4.19696753437498,10.1405013957284,2.6893546748109,5.12904205390946,5.54877355629263,4.53660100496579,4.01640371558237,2.84180299550598,4.41893032196384,5.07856061171516,4.58951696230961,9.62392825011604,5.03153402812024,9.13345672684875
5.00722708812917,9.48368764750554,1.27947323019806,12.9578458278721,5.17798732409684,2.91929882202589,1.11318584996504,5.18516384505098,6.98907829243893,3.8866289038185,0.243776809400476,4.39355576354005,1.66804643253312,4.23058605385665,9.86960971288948,2.22361032820118,5.74147873690783,10.0363334558658,9.70585651526448,5.08192564447873,2.6127045335631,1e+20,4.77354187570609,4.25541623305255,10.1537806277903,9.81246263783545,4.95931176290848,4.75778042795634,1.17105222590033,4.84168441840887,5.08127280566118,4.2549878632042,4.90722350008837,4.57278014411177,0.451506926436597,4.20944788330039,5.12459261180291,4.83206007807609,6.12922129146286,10.0719282666362,6.30708317666196,5.70349034630996,10.3499385659467,10.1699406530835,10.308553499046,9.92392803025301,9.92063775936781,6.7942821476077,4.20845092997628,4.2408540272865,4.2533903841955,4.91265485126248,5.437500098628,10.0437580763467,4.62757478081,4.93268166484124,4.20601384158511,8.93076696026049,5.25760115689123,9.34162766156407,6.06876910222261,6.44352831550343,9.8853360814286,5.36575047089732,2.0565352097275,4.76633122587749,10.0120657205477,9.88065889072706,4.31834168345392,5.39420386456867,5.971914825938,6.28711634475647,0.205026502092361,4.42473516157977,0.267047021499319,5.26842311064363,10.1010594148258,6.70351067442292,6.41996426219077,9.12375432415597,1.24647383749683,5.93880113951054,5.02372828393839,4.8391097408025,10.0042781395704,9.72349458833053,6.53918243902171,10.0259351606484,6.22575009916286,10.0538047059272,12.6946244721532,4.42533664162675,10.0300832496953,0.44544846709895,4.82493381287045,5.10261261784806,4.27150427868645,4.2662940285034,1.05391424438738,3.44545204719037,4.76694358176231,4.77694885791933,10.0940904087901,4.67733952586305,9.6103380389023
