1e+20,59.333037924702,43.0252625448358,64.3581790992791,38.6403284830985,47.4010229042284,73.9930931274427,51.9895542848456,38.5915119108144,38.1058472398688,38.7561797464335,49.7627518881491,50.5930503262611,45.9258977018686,65.5844538864632,26.8844654479978,24.923972397862,81.144795745242,83.5662290439515,52.9683243616932,39.7701013323772,37.2089870589382,56.9021667520602,56.2850494849925,81.7501547068984,55.7429996261218,32.6097369334836,37.3319916384339,37.2421548459688,45.2974709597131,27.1396239772721,58.3207944600393,30.4303231154662,57.2341690931534,33.3519309339891,59.8814805062854,32.6484130591439,41.64345030769,27.5296666329297,84.2219092345924,51.1755076110125,46.1782483341357,87.1864842198257,89.46257789398,82.6799478846605,94.0791921371465,72.7126375491784,53.0382198009554,51.0167858940175,37.7861976698523,52.5085870416336,49.5506541464218,41.3782625299405,75.8779777270283,30.2383464439536,43.9601878108451,49.327486909031,45.7232268575952,22.1359551758239,59.4917918251024,58.8939409127874,49.5130347076095,75.1748320236027,47.4779163150267,42.7656119620896,67.7473692510833,89.3522543452444,93.2940286677542,53.23763877794,37.5031039461109,40.6177932329107,45.2719592166877,37.3799399731758,53.4064590972116,42.8114643040485,26.2175633776147,50.6039447139549,50.6613124653625,56.8910571664219,61.8704789279834,71.1988800324117,41.9817775336484,34.8798249037853,24.1857691578634,71.4044844080897,58.6620721717553,49.6699359484853,80.5343373485766,38.4575029130908,56.5975710127598,53.5191958247153,59.5032422908087,64.9739148185005,32.0939894986272,39.7654364598145,33.8836037815541,41.8361071841427,46.6486784406868,34.090433556448,47.0426223013817,30.5820120350184,65.2270850272266,65.8123875343751,36.6301628996893,64.9488708360368
59.333037924702,1e+20,61.1763933307225,85.3514525502511,62.3647870219728,48.2015222157465,76.9667722501556,66.5938191181828,57.4666326953663,66.0899962345378,50.9113724831689,52.7786583975751,61.0869657153262,66.2132098553257,46.9125541771016,57.4402239461069,60.4154660608817,65.7109392072745,81.845956564476,60.707070088083,57.9968314438061,61.0306233415673,59.7277926231698,53.5889907936845,82.6671251915706,55.3511244047333,59.3464800351934,64.7396608726605,56.2023154668607,56.3538363570457,63.4075101411897,59.0830934395094,56.9477503259016,67.4439204950298,63.3978569223615,63.3846969852116,59.5036969508627,68.7084677508233,64.4992246516882,70.1836409751794,62.48388861417,63.9751947456615,87.7168099619994,74.1361298263692,94.7119779862394,122.237051862776,87.9495396610842,68.7960506348045,61.2259682265734,56.8682138201097,66.847309098356,68.5139236389228,62.8877797697128,92.9514459526486,61.2045203466333,70.4427966518373,53.7530709502304,34.6507302029755,61.215523180936,54.6504226673589,63.5354615931374,71.8496377523062,95.6348324530012,56.9928345591251,54.3633013772475,55.6606773871105,97.8706537160808,67.581673834576,47.8560838699319,61.1036035504299,55.5684700015368,57.9055055926666,55.0674145063202,58.2701770951161,64.3425415212103,60.130024084976,63.9242624238427,67.8188106340248,67.2590663149287,43.9198735132121,91.5961561391607,53.5271947087231,66.3265074135772,61.5339144898444,71.7656876068059,79.5165934696839,65.530557116152,66.6179053301452,60.7632445965278,57.4312295984848,77.482157726365,54.4359779800503,67.7051869169987,59.6936302965928,55.2067540778553,64.9407966200685,60.8037285947851,61.1779632195892,58.914556283431,66.4117202442484,56.6554505947005,52.7185999271643,77.5320522541387,51.6803449471574,47.6810037430097
43.0252625448358,61.1763933307225,1e+20,80.7872928419199,44.9275045697342,37.7881813691962,48.8687830486487,48.1302944909113,46.9652847940461,32.2384866060505,35.1325530265331,24.3528131079261,36.5853624970295,35.8937601948872,69.3260389193345,33.0176222572222,38.3335739598009,81.5133711154743,88.9550553223706,43.2488721443677,27.1592013444943,27.6742037118307,40.8086905789956,37.7529489467217,91.2752978030549,64.1497692504015,30.0764251394912,55.3362987284568,22.2363900704783,30.0704353432899,32.9508797461495,35.9789379085948,42.2742197534946,63.1515651818135,28.2447143037995,48.3616981537122,41.1153721061661,41.0609405965398,46.4623972683421,88.339751569187,42.6943172608818,53.1474760423847,88.7964395154902,88.3902166699543,80.060218316009,111.592087574833,88.6431722613635,52.5962762647,35.4746325072166,28.6167096401681,48.8958204376014,53.0030733290574,54.3867064081491,83.0109244377299,37.849876468754,43.4227063587921,30.7201063898699,59.370616402062,41.7490209938752,61.2254981188269,47.4119515983662,60.3624719866599,86.9763765876087,52.4132611045054,29.3149090479323,61.5674229477534,92.2169608917881,86.5751687732985,32.1290003651203,36.4362060624687,45.1739794758686,47.4108274421413,34.0152132564402,42.1886279268609,44.9608724774227,40.1570326910693,64.9815444284438,42.0246874587142,62.3385730974451,62.4407177668685,71.2636217074203,36.3557460135319,47.5918357661357,50.4035045588875,70.2464090076298,69.614271620402,50.2699417493077,84.6907989348904,35.6116222318775,73.3702963566186,55.146099783858,37.807980512319,62.5394061376718,29.7676765620362,47.5705424648717,41.0303228107439,47.3465849085999,38.9570283109744,29.5584731735649,50.4363549160187,40.9974621541334,52.5140783486936,83.627819841194,43.1918203882067,68.9060800622436
64.3581790992791,85.3514525502511,80.7872928419199,1e+20,78.2334542942732,93.2306428253374,118.439893249643,87.8642843924032,81.1047143981946,69.0859690082857,88.6254693888514,89.3747522394881,90.2821431145697,73.3029248169369,73.1799153117136,70.5268232488725,67.3848809385142,102.546034460567,89.6635383997739,93.9325677856689,80.5434389289973,64.5059192257775,89.2647493356063,99.1433652941731,74.1450190646093,60.7140244914999,69.8729250940457,55.2787678318219,83.2262876164783,85.2526243346309,60.1741991197349,103.52768804329,70.4143567294087,78.5115764869634,69.3148702662799,109.426159444656,75.8421434345262,85.5473955797077,58.6732096132731,103.799887713713,91.0891610329147,78.8590292326244,74.2885947363802,129.17553670057,56.5671508950049,52.2100278829849,49.7217172859825,97.7332560279976,82.6350149081033,81.3546024470779,82.2879085718847,82.884879009516,77.7939618264588,59.0305704129937,75.0087636299924,83.8315064429785,78.0394336424039,71.2992128419542,70.9264836825687,88.4640207886451,103.682886958603,80.7349878982305,42.7337764824416,93.4137696039801,86.4004200952219,107.623240116026,93.3596449621989,138.861459713806,96.0393608343834,84.9710773289285,70.8723800248805,78.4286876845067,73.6315495102472,98.9247904465558,73.5286768969703,73.1565489364716,58.3969223256237,97.7959745422275,95.6739448552263,92.8212891507706,86.1245070759642,97.0372136165029,70.0705233495941,69.3839089097949,79.0179604794421,50.1112580840089,97.4118169204559,112.827100260839,77.255967301133,59.9584618327812,52.2024634343919,101.624483527964,90.3743250396641,69.6374961821598,80.7262564887661,84.7295092803984,67.2009781254116,88.6189109017804,70.7940710714508,79.3788708818601,79.5114167169523,114.726210988337,65.7147346175214,74.6753533156515,81.1409586213263
38.6403284830985,62.3647870219728,44.9275045697342,78.2334542942732,1e+20,40.2736993038958,63.7462978062665,43.5081702207958,30.4208610203019,41.5610014842963,43.275890874482,53.1358871399567,46.7357208675586,54.8059345301905,72.3299565096976,33.4882536818054,47.0816150263227,81.5937727773989,89.1590087359903,50.1490466712359,36.9833836261202,33.2400722387434,47.1210587274404,64.073058913334,71.6110209328843,64.493669271583,38.777363987719,42.1207117735301,40.7578264195843,48.6057681431933,40.7003689266061,61.2746235319599,33.6703715718835,51.9685281434565,34.0584162743678,60.2548182822728,24.0405149772568,40.8749404156959,47.0294730013061,80.5844601669918,33.8637652523442,43.7631909417593,83.8459898992294,76.8605136897345,77.8317403258678,105.950854636464,84.7808972954525,46.7033925073064,59.2254167743773,46.7888729701474,59.6404847086093,55.9969125710714,54.3582959498425,70.8803947390394,38.2835827382002,41.2423564949168,53.2178282126829,55.7967145862548,36.3618200170899,57.9220657339212,54.8844395630643,43.4874003125966,85.8175659118272,45.4166462946542,41.0261278480618,55.8232355313724,78.7287507747315,81.7563575214406,53.3534566356714,43.1829973779109,40.8069825740635,41.6252916616958,38.5938589127754,59.5721269800703,42.4207338664573,37.3531613674848,60.5943667142332,49.9714511374333,46.6167095238416,59.3539006583808,78.7838018118724,52.9712194280584,51.727648121748,48.4787636667822,68.7852685616675,69.0036071410512,41.1006939085002,68.7595253715117,29.5657273585613,73.2444391999809,46.1372614591798,54.9080912979016,60.3381219483254,37.9991146578621,42.3318566908576,42.6855203803705,50.4727660893408,56.2430322368976,28.7962569566757,47.3378354565824,39.120202469361,57.0535802831032,75.6769795091896,28.6854212692365,67.574266103204
47.4010229042284,48.2015222157465,37.7881813691962,93.2306428253374,40.2736993038958,1e+20,45.1845158399685,40.0173321798992,37.802681576992,42.9551637831112,19.2214169682165,40.8944316875325,32.8963411258534,49.2519762395,69.6226384158735,33.8379725766879,49.8899078525009,75.7150050332452,97.4962080423336,37.6024538824412,22.4051853666864,40.1050380782479,32.4377321158009,43.8475534949157,71.6307223792013,72.7709738456844,37.9944343017938,55.0042948620365,26.0446443989966,38.2712244453288,43.2905041165299,38.7562739955505,38.5253931036863,60.7815531370349,35.9062192472646,31.7084693315901,33.3012601747777,45.3734045535121,48.418829269946,80.2972942727972,39.5269356982952,39.991266936529,80.5840020186203,73.8831620430823,89.0452565525114,122.952837809427,102.23765865677,44.2667634007262,52.8920107381567,35.0972705166755,48.2327410773842,61.8863258875226,50.0574452073116,83.2493699970063,45.6791650624953,48.4152071375592,39.8661517709617,61.1813955630882,43.7394387614517,62.7166277379364,48.141389146818,56.2641079499713,99.4622115533881,37.2426640853434,23.6114467774421,31.3433597048445,76.4537106429139,64.8590026779305,32.6429220461607,33.0319406769289,46.7773392805965,39.4471955685309,28.2632478704591,43.2530964357771,46.8913761484927,44.3349427791861,66.2147467666821,46.2117989553053,42.5755819075993,53.3008040166976,83.6124777936387,34.6861610878343,47.8197470035189,48.0327000135781,69.2194388828682,83.3912484740833,41.655223145613,74.6851590569148,43.2867593012,81.2130401560769,57.927063281602,36.5094645581477,47.275659478993,37.4105707055597,44.0207057899121,38.9528184361095,49.0736786559422,39.2568860710769,35.0191957036328,58.3162956203006,34.3170329634772,28.5408808683945,94.6473000738392,39.4007322890045,73.3441161075034
73.9930931274427,76.9667722501556,48.8687830486487,118.439893249643,63.7462978062665,45.1845158399685,1e+20,48.7605351948601,49.06839957203,73.9042451825,55.4400028503572,41.733986787783,33.2435720959841,82.1967936089666,97.398825765695,60.1423048237634,74.274686426499,94.6101955174598,124.124531270478,41.9298542896746,49.5898163942815,60.9194787099512,54.3593868845465,52.3038840504391,106.639475189355,103.144453472842,51.1968706452592,76.9126973654159,45.912914443992,51.0862068642594,63.8425971309121,55.4364412890673,59.6178958270327,89.9721724658766,56.5988131107052,48.8239334348879,54.0949153836142,44.7896164143296,78.9001714820816,93.9150147506839,41.8046202509518,56.9659577470177,97.7340388917705,71.9919857252212,104.15544234273,153.757873089983,131.560742548007,38.322567511696,74.424665480702,49.9234510553651,78.8225419561791,84.9621655810116,92.456743216046,101.239527829542,54.7930062606883,44.9344955941609,69.8559124514999,87.1932808762515,70.6000230466202,90.6994494809256,50.9173428199313,89.3601441414252,126.923584361107,40.4085410016381,50.9758349136417,59.9401668848542,72.6621702150444,56.8384110160834,48.18729708176,50.262741491114,63.6601313139534,58.422914394333,60.1456065281067,69.9375355103876,75.602413506741,61.6192687798376,89.0519070056964,43.4537157544599,62.4542703656004,67.1815271747839,111.367251839744,62.453935882533,84.9365613188421,84.738420566215,72.3789775136392,99.8092057500982,46.4038882841737,88.0211468414711,59.7160017662304,112.575337642434,78.8840865827486,50.3576979483155,68.4363439230064,55.3865897649188,67.3967266013226,54.2072421407692,68.8774001212216,72.5369066065593,54.922158528175,76.8613379215434,52.0610196864066,46.7134773119906,123.536732148543,56.6818707298894,92.914671333459
51.9895542848456,66.5938191181828,48.1302944909113,87.8642843924032,43.5081702207958,40.0173321798992,48.7605351948601,1e+20,36.2649259212218,50.558902228387,47.3922800433953,50.7528433807272,38.5022767593304,65.5271491689118,79.0230494732052,46.773987150233,52.8738989242169,78.1523013076682,106.378107456086,43.3218299722482,40.4045823049841,47.2614219589303,41.0688960494647,62.9451205614909,82.0145834522482,75.2599284626461,41.5348654988925,51.1486693342694,43.3335894361209,49.8111236087512,48.4181960957106,55.960638176051,39.6741750551339,52.4775888759883,49.8165193033528,54.7931041772906,46.3000904059514,36.9957074656442,56.6854596530242,80.0359403278348,44.5369376330947,21.27991623395,65.5461407988066,72.6363545032672,74.099368306252,110.876693057081,90.6709752888777,29.9385931250287,66.8938044345627,42.0786403834972,74.396319156582,69.5114742535172,68.4769616316246,76.6398724177325,40.7915769357091,37.1548602820138,60.7067515178584,64.7091222230388,50.7963815272253,81.2289528506289,56.2433185457631,50.8651374395358,93.8851862847345,32.8362831566488,44.2565024265118,50.2659884290597,64.2780210388632,73.2806459158505,59.0340763968631,48.2587405245918,46.2478011313573,29.1866763935776,51.1994975428123,62.0718171290595,57.1972320086206,43.7236918157519,67.5321209813841,43.0196745224704,52.3154388315504,51.2811337562959,89.0784184159182,55.1853207433728,49.8532089173604,44.3882451507824,73.4165759096111,79.0124341484422,43.2337808606776,72.7095240662361,34.8931454923128,76.306327118583,68.5137398996657,54.7941182284854,68.5052391639539,43.3382649920448,27.0265255628536,41.1304257546448,51.8395522864018,65.0748445270796,43.123675508297,62.8846687662604,38.1776583584072,48.8690062824914,83.3744195936216,43.006506213022,56.4879855805484
38.5915119108144,57.4666326953663,46.9652847940461,81.1047143981946,30.4208610203019,37.802681576992,49.06839957203,36.2649259212218,1e+20,51.3915846878652,39.4851840978614,49.7777395238901,37.3502625001721,60.5946514276815,72.4889633438713,34.1601706249275,45.8781541901923,80.3910885343778,97.336766530914,40.5425180917212,38.8634548752836,41.4121778828669,49.9425895195164,57.5811056174176,69.2802470929739,71.1213003904239,33.4446924045553,42.8517193457442,36.9912561783628,43.5566807639245,35.5662531284293,56.2532220586926,20.3000523141049,51.4233585123016,41.5260603057251,52.9912252893693,23.5886445325791,33.9397340623853,43.4187134228541,78.2046255065094,31.3840237990513,36.7853782453596,89.7139040294686,64.6720535144261,86.3409351299859,116.521713804763,94.5480122680098,30.2942201187348,62.2509662087232,40.2353798259377,59.3879974338625,55.3439060557612,56.878712770543,66.9674740805919,32.2216879569829,30.1620319485121,56.4925068977765,54.25972937226,35.0632014470357,66.6786801608098,51.8227716996783,48.9263919108226,88.1865462980065,31.471582437212,38.2874687482311,54.4909308232433,76.7693612043138,72.1546806875996,52.4479308772033,37.1712038315711,33.2234143677795,38.7158241094445,39.5593135128455,56.8044519087125,47.0216610080026,27.1737773916541,56.9935981034472,44.0482030714784,42.8183226219896,47.9582639784012,82.6144253582465,52.7289126355975,57.2009312809642,48.7193683687452,62.5956308836326,66.9048356404038,32.5689964140341,65.9489583852555,37.0689040710638,75.142144194965,50.8998969802146,49.817956119971,62.5114734345852,37.6108073151814,35.3738132903589,32.3048672034031,39.2381209969317,56.2261460404556,34.6578842966032,50.9049867414103,32.54732807544,53.0284488260023,84.5299423523995,19.5205900872512,66.0356617116785
38.1058472398688,66.0899962345378,32.2384866060505,69.0859690082857,41.5610014842963,42.9551637831112,73.9042451825,50.558902228387,51.3915846878652,1e+20,37.2498661019034,44.9289291992887,49.0330271374475,25.8604627965193,71.5436495492191,29.66811161833,40.5873523055788,84.4486787187958,84.8840181535699,48.6164653295005,33.5386346733635,26.2910896812104,37.4151021039084,51.8439839388945,86.4319032056412,63.4005282254737,37.0176143609489,53.1540969081469,38.3556883778829,43.9850657620306,35.1032954899448,56.3653571178506,47.1746082865397,50.3174938798213,28.2503022650743,65.292582418053,51.8968232650113,51.7906809669642,37.6667047066445,92.3257195162538,59.1881883289389,48.7764283056113,85.3473619631269,94.9943172063843,76.8995649413274,88.1662031909382,75.616445228594,64.0440489467667,49.4315901179484,35.8122644415755,53.3648250842901,54.4484491850764,45.1862571372238,76.5069884463415,39.9138931296055,54.5144789101346,33.351848626585,52.4183234958954,40.2756280324232,70.8338447040047,69.417919929556,42.6536768130582,75.5260909914859,60.2657360441252,46.699236789107,57.0428027879819,93.7247159234324,104.738344538222,49.2280530261452,49.9047360633472,42.9273723024289,45.6567857570061,35.992838555005,61.515793255818,29.8816954287804,44.3216386218803,62.235344137319,61.8996088666998,68.3374381274211,64.2902126235258,60.4591587176345,50.8953886832681,40.0061146354384,44.5665087705815,82.1318746239606,71.601069030492,62.5946400533868,84.9750083067626,41.9177215181523,64.1578209177032,62.1208040885683,48.6765816037544,75.4396710327008,26.7728685548676,48.8518370657943,47.37020425312,48.0443469134124,44.4725903316154,28.7700088386528,51.4645737473615,44.1085066936822,64.4736783950939,66.7357318769011,51.4184015307927,64.3808898922246
38.7561797464335,50.9113724831689,35.1325530265331,88.6254693888514,43.275890874482,19.2214169682165,55.4400028503572,47.3922800433953,39.4851840978614,37.2498661019034,1e+20,42.8028166808647,42.1502661325252,42.0000731231129,71.4229230635244,33.1659718466417,42.1271646225835,74.9644584033688,88.816521509791,44.2522750975964,25.623317248974,41.0130462585338,40.4681372682587,44.5589080474315,70.6654634717746,71.2535940623569,38.333891392502,54.3473042806399,28.9758176991564,34.9464944686518,41.138939264782,44.8301264895143,40.911651557823,54.527588951192,37.0094129507328,42.5946942562477,35.488272239178,49.9576222699394,38.7530412358975,78.5158524779,41.5975941333057,44.3120901498635,84.520354824157,80.876058092569,89.3747898069814,113.2814718345,90.6904261146158,50.1413883100702,41.3504924642153,34.3320675485568,45.5389987255989,56.691626308801,40.1565316429367,77.8335993686955,47.8698253538153,50.3116702897932,39.6613455055876,58.3190823909941,37.0047000909089,54.9597110958699,58.577111795227,57.08312116202,91.221014085075,45.7841488033716,28.1722871658515,42.487228102606,86.4925428909137,79.1744739564006,35.765021802536,34.7653471477875,38.4014634917778,41.9482404823545,29.946104298087,41.2899433616468,46.5554141662662,43.2620331819241,64.1787188800137,53.0854829731773,47.8332393458587,54.6198548856285,80.353242517003,31.5496633374184,39.3029535440513,40.0771148656997,68.3651174573819,76.2839906542817,48.0552225665062,75.5570830262589,42.3931477600389,78.5559233179102,54.2654759648847,36.2424207549735,59.0531961509666,36.5555365869356,39.6604464131871,41.2261714814566,49.1125736022046,36.9860916571621,38.7606571773561,60.3631883937158,36.1693501044143,40.1822735785626,88.7801973842419,35.0969604704061,72.5817258931976
49.7627518881491,52.7786583975751,24.3528131079261,89.3747522394881,53.1358871399567,40.8944316875325,41.733986787783,50.7528433807272,49.7777395238901,44.9289291992887,42.8028166808647,1e+20,37.9671095701642,46.1869931387666,69.5837472502491,43.4723527153626,46.1773174674098,80.7453274429389,95.3985526290283,41.2359770234569,38.8417301070119,38.5953578839476,44.2807188016785,29.0578739471389,95.9296203107912,73.0913291194703,34.629354282931,60.2034628765301,29.8209646222524,25.7588489006464,40.7465805301327,38.0076597178211,47.6742626473436,70.7823616471432,39.5644963780644,42.2095751328581,49.3961263158989,40.6769184478316,54.6087688947341,86.0370288280987,44.0263231274302,54.4011789245705,83.2264088643495,86.1982704165935,81.2375889788055,119.635498834158,96.329610070887,54.2616172143579,39.8056830063861,29.6982885246594,56.4118098850428,57.0715279323727,60.7709498993073,89.3067770524602,41.0764384282525,44.4038801626316,35.001017549811,63.5810797718728,49.8741661573691,63.3115716499292,42.0637292526305,70.1574736060707,98.9684121361336,48.8357093284545,39.0718675060898,61.133055645492,86.7859940599206,75.4257305160358,22.0771735751313,40.9415610738638,53.0992983214135,48.262466694613,43.2815847729277,45.9949622863015,53.7225651780699,44.7438977757514,70.2099900929646,39.8980784072954,63.4327334026603,64.479656235572,79.5458824930996,41.3697880273703,57.4568599891355,58.6836938404029,65.0285348207003,68.514768058773,50.8052971696546,92.0111906110056,46.9688321612451,79.9819104635744,66.0677444805279,40.3011284257397,56.1141990987662,36.7086191547763,51.8341838781394,42.0521699203341,51.3168639277058,47.9935344160909,38.1730882859781,55.0896087575836,44.9569747342999,47.6140776626308,90.6822300826645,45.8634495234747,72.9465559481608
50.5930503262611,61.0869657153262,36.5853624970295,90.2821431145697,46.7357208675586,32.8963411258534,33.2435720959841,38.5022767593304,37.3502625001721,49.0330271374475,42.1502661325252,37.9671095701642,1e+20,58.1838197658385,78.5619589457518,44.8400903581923,50.4242343222392,72.965907758531,92.6418057161472,26.5066805166019,29.3844877583096,40.7295504353032,31.1677725471,56.3530215742403,95.6365675830426,78.2904129877018,41.7318612204529,67.4952720076354,30.9265254161574,47.8644131835373,38.1778155349034,55.9174248095468,44.7497356275321,68.0164699117468,40.506039549147,49.0605216697855,46.163357617898,42.7748255732086,57.9144228277193,74.81013945563,43.3219111863075,35.4323112369497,80.9721788752966,65.1154461548294,91.5762370442943,122.687645206042,99.4461450147797,29.1356482868333,55.8387290845402,35.2064255753529,71.4293541995091,53.0770889510007,68.5148491616318,83.0062260325141,42.9179408363456,45.1438231414214,51.557046533598,61.2830408174121,44.9432149409869,68.0889456192929,58.1038649217323,67.9507547865597,100.53336522282,30.1172182423862,40.3345416452307,48.625078597433,66.7392265547238,64.129892552926,44.6635003745913,40.1106619726985,39.4103834294473,37.5574368524798,49.5971276101636,61.7091958239276,46.1725256302968,41.9757355565209,74.4793831187522,49.4039346463627,58.914868264165,53.3413369712603,81.8159660618338,48.861847239585,63.1599796677136,57.3248906740701,58.3081058041642,80.4786162371947,45.8921723244335,67.7716052375635,38.8695348433745,86.5535062460699,66.3528679661199,31.8744113179829,65.2795221010102,43.5301689310375,44.3150435497643,40.6729052518446,59.7345838548745,63.6061842485827,34.4267465714672,47.0523559121832,26.3458251729542,40.0248261152954,92.3681715398205,45.845104290048,64.4108529816962
45.9258977018686,66.2132098553257,35.8937601948872,73.3029248169369,54.8059345301905,49.2519762395,82.1967936089666,65.5271491689118,60.5946514276815,25.8604627965193,42.0000731231129,46.1869931387666,58.1838197658385,1e+20,62.2232559017986,41.1797711592853,47.4397661364682,77.1705658423687,73.2988616299655,60.2527541882984,40.6609392020371,38.0774293659044,36.4088033655983,50.6604635892588,86.5578490450825,49.6592073933968,41.3321986654768,56.489576960657,48.0430172786506,43.6797430075632,42.4480449918801,53.7611239099152,53.8631989594151,58.8885551898952,37.6906245931481,62.2265599137258,57.6981925913468,58.9295163568118,44.5238564788264,85.7258814325904,62.1273987848849,63.4496837333393,85.7143943896074,97.1794066035889,77.8983000319899,87.8691743259609,76.1520717930116,75.8688016850333,35.9367517218697,47.9451526086069,46.985775307385,57.1316573668451,34.6674928363365,80.9365617997081,49.4907988370706,62.196724333053,17.5280722796202,55.4302359748209,46.0613992525544,58.2376503572432,68.9855201188167,51.8281041472532,76.8619978180635,72.6094286242944,48.3632795565714,59.1258870963192,103.327630400965,104.936653412177,46.18227185843,51.7868849180068,56.9398863242541,51.6230114630887,38.6889896775518,52.4465043514356,37.820550564505,55.2783318337451,64.1635518414184,66.263085326204,67.6193018545617,78.134932094901,63.1412329069502,49.5980938194115,37.3558785340953,47.1990963646217,81.731425266939,70.7998657431213,64.7125702645884,83.0297523027785,49.6220798466355,57.2851714038919,63.5398955113563,41.7190424954657,78.6578229388638,35.417052110392,57.7336928077235,55.8387163746815,50.4167786143353,29.1835121387092,44.6639080998726,55.6695184083212,55.5441621691555,64.1487018926547,66.9323455745633,53.6401564912821,62.9534713031027
65.5844538864632,46.9125541771016,69.3260389193345,73.1799153117136,72.3299565096976,69.6226384158735,97.398825765695,79.0230494732052,72.4889633438713,71.5436495492191,71.4229230635244,69.5837472502491,78.5619589457518,62.2232559017986,1e+20,68.5485863449923,66.2479433515571,72.4187026572555,72.4208728598931,78.4885810779913,72.2358360336276,65.7646568493403,69.4566673607363,63.8420127139795,78.0942922676126,27.5872065396946,66.5400528021062,68.0836168931478,69.5363561002452,65.9354436930303,67.1121772088038,69.0084111059962,64.3452456240737,72.1778623717664,67.7555950776834,72.4528328023683,67.3707721193182,71.362518152525,54.9340747254256,79.1181872538023,71.2354745781439,83.3009141029786,101.666353850107,98.2296055768266,88.8311516789647,100.642020494313,66.4685706539887,82.6833419075923,70.3071923943807,76.0299721879719,52.5198826694952,82.9991989151061,63.3802776574318,91.8075998361053,69.577187807838,75.0673687448939,53.4171036729864,60.0725538580963,65.4691236909091,68.525847099698,64.0361300289956,73.2455188282214,78.2905809736327,81.5368332480997,64.1683304710986,75.6756165019803,106.52666262796,92.1927640286086,62.613077606835,70.2456650485031,79.773637878886,75.0942122762011,57.9308434551244,64.7043558839133,74.1212693723261,71.9472098864105,67.1297880598396,69.5924037403815,70.2953960945397,72.5019653430674,93.8018227236508,64.8630559251185,62.4224029921076,64.2815009563394,98.3994601000772,83.80816113806,68.8324448403423,80.1438220964896,73.9985338434036,34.9388190666439,81.7988464236943,78.7780356034544,79.7090826368091,65.8673186596732,79.1731869541943,74.0357977081017,62.832651378423,57.4845250837564,68.8254586442827,78.7206550395005,80.1282128910827,75.2674617607819,61.841352348442,65.7091811051557,54.5570151939825
26.8844654479978,57.4402239461069,33.0176222572222,70.5268232488725,33.4882536818054,33.8379725766879,60.1423048237634,46.773987150233,34.1601706249275,29.66811161833,33.1659718466417,43.4723527153626,44.8400903581923,41.1797711592853,68.5485863449923,1e+20,32.0187277756464,77.0457650114023,88.121267494098,41.8764129402187,29.5022313610173,27.0560345099968,49.8178545344499,46.7341386718021,84.5608650655284,60.8464763187169,24.1953223323148,39.4848517988155,28.4312942892094,42.5531798505079,26.5272484365592,48.1779265395317,28.7809051089337,47.4455438562265,23.4627399006603,56.1360025951623,30.261107637544,38.8316652136847,33.2460354284682,85.0322712719616,45.2590035528403,44.6627116198412,93.0479595982714,82.0883869251102,84.8883133746423,99.3805150193404,78.5083419784939,49.7131591847817,47.3884534370904,30.7151838716814,50.6221471262459,45.5975285761025,49.925894742371,80.7152889636678,27.1898112944663,40.5048349027857,38.9802601945106,48.2255736589411,25.2613088297607,63.2804109785714,56.4931311680375,41.7872249730279,80.8151242575321,45.8258700565368,33.4073473939109,60.8476100903384,91.0305537715474,90.6693891557161,43.2096744107837,38.3857572581854,30.5123682384216,46.6835770963668,23.2376453072711,53.5780804468535,31.9831458577144,30.0526891880293,54.2180363099482,49.514688304088,57.1811408242295,56.5193951268052,60.4569872426315,42.2054746197088,39.482301454269,38.3134622542831,77.36326224909,69.1451358208227,48.6414089368205,78.4523728735191,38.0670636027121,64.206171202882,53.6428340126824,52.6685152846859,61.792605799812,16.5141307587756,37.6360719061881,31.8725344344268,36.5228141021888,40.7004289670422,14.8969108673824,41.8832863367875,34.0883370797941,56.0652059691566,68.9635539942019,36.9020210723245,67.314937764965
24.923972397862,60.4154660608817,38.3335739598009,67.3848809385142,47.0816150263227,49.8899078525009,74.274686426499,52.8738989242169,45.8781541901923,40.5873523055788,42.1271646225835,46.1773174674098,50.4242343222392,47.4397661364682,66.2479433515571,32.0187277756464,1e+20,82.7039445306372,78.7014558765988,54.7825301765992,40.5791247598938,36.2854940925968,62.3322320420438,54.5215231014424,87.7486517892723,59.7390153740865,38.5213405477873,44.4775660859746,36.5525248839734,44.3722414050484,34.0447880122338,57.9111785733419,36.1010804928571,58.7399486204618,31.5173609264984,65.0571848428949,41.2478166798403,44.1122341108222,34.2609445177821,85.8262547746873,56.2331219088761,48.5785828528308,90.3569097761831,93.9415651497062,81.8022196768801,97.3945889226222,69.7057017034709,57.9726807018955,39.4999880785645,37.5826143359849,49.9223462637908,52.1447863311643,38.1257661984388,82.8530152829845,33.2254827045311,45.3382024879099,46.4214504713053,48.6028182830469,27.3955860558399,53.6144607912622,60.3291583829533,54.2262499069012,75.2546772885719,49.640592496758,42.3671633447788,70.8063610158776,97.7704942303579,95.6575992021919,53.090122467964,42.9733905953476,43.0482030194747,45.6743812215204,39.5246684457593,45.6205939067575,47.9296973764776,31.7398959125173,45.4978894250501,53.2112783291363,68.1441939803934,65.5341826857278,72.1958896679362,42.9701014358238,37.0842129110087,35.9476169619456,78.1296153611461,63.1165536299189,53.4133163604399,86.9479470205786,46.5384658310861,62.9889415116985,63.7727264896306,62.2145213508355,69.6204114394585,35.8413522813978,43.8707201995529,36.7436647488087,45.2254041728533,44.6874631477423,32.8213367948195,51.0143193079284,36.9309928628249,65.0969832152595,71.7761399342741,45.0188540773405,67.614911108495
81.144795745242,65.7109392072745,81.5133711154743,102.546034460567,81.5937727773989,75.7150050332452,94.6101955174598,78.1523013076682,80.3910885343778,84.4486787187958,74.9644584033688,80.7453274429389,72.965907758531,77.1705658423687,72.4187026572555,77.0457650114023,82.7039445306372,1e+20,104.147226114736,73.7241149218474,77.0720619711583,79.6592020563606,69.1153268174477,74.4560461142241,96.6381928321173,82.653596003152,79.3998525752064,90.4693718231093,83.7477405660599,87.1879284949202,85.1524083383177,80.6972292318675,76.2766198578199,85.9349282250986,84.0312661359969,86.1712868204575,81.1873523580577,82.7385465864465,76.4274287242701,31.4390130846752,78.4871883025238,85.3631555804757,97.4692953544178,59.4027304320195,115.18314525598,125.137445620988,102.714078980028,75.3993551148522,82.2462555545166,82.1307071112668,70.2466113481552,78.6709278166175,69.7095757541876,112.000688813895,84.1023643461253,86.3899302059463,74.3617077158224,70.8058738467805,78.1580789234357,90.0636261559643,81.9683175025659,86.4550169520091,115.261094114373,77.366852612961,78.1687873573067,73.7836207785242,109.1921091097,84.1507922665145,70.4968119486995,85.8149564041592,72.5767604213197,77.4691186139837,72.7154805268284,78.1200754320352,80.4893006714099,80.2597195629533,84.0995014737013,83.9693457075974,84.860285660426,72.4430966107988,78.8933750133078,74.5691332887713,84.7224267855376,79.1568557901832,83.5782199659689,90.2154830194715,78.2731383175624,50.0062489967073,80.9055647276093,88.4419610852489,87.775825338589,66.6108846801496,92.5581395589385,81.7861799815186,78.4359327829251,85.5016970536081,87.4709045702584,74.1753259063585,79.4773361656376,74.1045823554905,77.0956222349503,74.982380314971,103.299493559207,78.2866726144907,76.1287743737233
83.5662290439515,81.845956564476,88.9550553223706,89.6635383997739,89.1590087359903,97.4962080423336,124.124531270478,106.378107456086,97.336766530914,84.8840181535699,88.816521509791,95.3985526290283,92.6418057161472,73.2988616299655,72.4208728598931,88.121267494098,78.7014558765988,104.147226114736,1e+20,91.9070178034644,90.6569828773631,83.1587018641945,95.8789416908223,102.764272508202,110.926134726008,69.0349380988673,93.6183322031298,94.4313367375573,93.6727921358227,97.0285911742625,80.4193385986357,105.36304070945,92.2029985752019,97.4823298541747,83.3028162282332,112.299337330903,96.9633952167791,104.713554902664,78.1124107205934,111.12887231212,105.938870233706,100.256104819103,124.025363274085,136.030336900183,108.23444529851,110.188159475695,70.3145912810591,106.747348318504,72.4437430254249,89.4077280352164,88.7180109644832,85.7433099139611,67.3231483958271,114.674392765689,97.7313667245574,109.427784917024,76.8908693245167,79.4604586894338,81.4549705030878,50.202984041703,112.746569583982,98.7662338401426,95.1613102510529,104.967127860015,96.0716221194602,108.705864418404,140.888343562397,138.525642675671,95.5175561693838,95.2943252279196,89.3272216755627,96.5478825561102,86.5915063930484,87.1056967874574,80.4952240406486,95.8708798457813,96.9333823738223,110.812346238142,111.429010577319,105.801219956713,97.6560639293497,87.9934006337316,79.0331161395959,80.7045232645334,116.26232402347,102.256322848924,105.951435884038,110.746384206999,93.5253479716732,76.0458011459873,102.225306531616,93.2450072293739,115.942627645984,86.2408032811358,94.5789750997244,101.080282896878,99.7571195454769,86.2804804872469,84.4292910084931,84.6351947322879,91.8624899279741,110.918866479163,86.0676146631717,90.2141209983454,79.6321748961916
52.9683243616932,60.707070088083,43.2488721443677,93.9325677856689,50.1490466712359,37.6024538824412,41.9298542896746,43.3218299722482,40.5425180917212,48.6164653295005,44.2522750975964,41.2359770234569,26.5066805166019,60.2527541882984,78.4885810779913,41.8764129402187,54.7825301765992,73.7241149218474,91.9070178034644,1e+20,33.839192615982,45.9311310636149,39.4139007961761,54.4495619995023,101.629557495607,78.0543376899825,41.2957985552458,67.7674537143912,44.6928986898764,47.9951437112203,41.1569246016104,54.9821554370884,47.3159241087009,70.5238860086154,45.8380661949627,50.0487705560774,45.9693597296935,43.813682466205,62.3289156720464,70.9731880080202,50.4295323334251,40.0722300801481,90.3794002249334,64.7202984666251,99.2603729514096,127.816997826687,102.579461923089,36.998755384856,60.8161079294303,25.8792809774419,67.9588670737255,56.6782493698947,66.9133557948998,88.601701659262,45.9530362975898,45.5560877043424,53.5031215512431,62.4383207788267,53.136686853536,75.2555310079467,62.9558129041371,71.844734114433,103.519769605062,33.5214217272328,48.7842079229125,45.4879729296401,75.9980719614017,67.0086571298377,44.1001864986376,49.6414233718769,41.3595253748945,44.7449372526828,55.8113451325331,65.1289159561112,50.4280050032203,45.064854512716,81.7564395815703,56.7963035388032,66.7514700199985,51.4694460661036,81.915536977704,54.6806509347305,67.4478143054516,65.8324889565995,64.7253310348161,83.3451689801182,48.8688955576553,69.1024920185891,50.4590652215645,90.6112486208484,72.0871692133981,30.0234544559313,74.3951673195668,37.7320997358525,47.1639775826535,44.4470130802238,63.7444863570194,65.1799767074813,36.9447706904608,58.3235223110356,34.2139633483084,37.3381655249829,96.1158144928234,48.8600436634834,62.6595017938389
39.7701013323772,57.9968314438061,27.1592013444943,80.5434389289973,36.9833836261202,22.4051853666864,49.5898163942815,40.4045823049841,38.8634548752836,33.5386346733635,25.623317248974,38.8417301070119,29.3844877583096,40.6609392020371,72.2358360336276,29.5022313610173,40.5791247598938,77.0720619711583,90.6569828773631,33.839192615982,1e+20,27.4441194983546,28.8812179369313,50.9458940397694,78.0441331832449,64.4314997518948,30.7322000525078,53.7422941410221,30.2424571094316,40.2341491615926,34.4489863646127,44.3409296845044,36.716769864683,48.567422722379,25.4476391762372,45.1837557035786,33.8775225377548,39.1327689789195,44.2680888015835,79.1849061164349,36.3533750917757,36.9304357727371,79.9313417913653,77.0316749518566,84.0955631643554,107.328464049976,87.8925474970092,46.7775701007745,45.5639220142664,33.3660211501481,53.6317585749604,45.9575848156364,51.243141601883,71.5579161285584,38.1075202869665,41.8228712589727,36.4666185746161,55.4283941980527,38.5793553472384,60.2627510819622,54.1630410768424,52.4686092818286,85.7215402553287,39.7912113418891,28.1822274926024,45.5650709109571,78.8060730420791,79.0803778835369,42.2272280550283,35.6553473162452,33.6797354239113,30.7326616822697,31.0870698293775,48.7828956876825,36.4326720864538,35.9460552972633,65.3576998706336,47.1682944363125,53.2388229477466,51.6370690047301,70.1776391056886,43.6267126706448,45.4326804095919,49.6494397355896,60.7151870413364,70.9973296663016,41.3407805069813,73.4397310704354,31.613859898946,73.0978615998117,50.8607814197702,36.9103068399576,63.5845545581564,28.0334233535674,37.8769764194741,38.7045602176216,51.8451251465326,45.1861354693405,25.2047140447095,46.5014400107646,22.8196360201979,43.5046046948427,80.2094992565157,33.2458654009136,64.0960532994665
37.2089870589382,61.0306233415673,27.6742037118307,64.5059192257775,33.2400722387434,40.1050380782479,60.9194787099512,47.2614219589303,41.4121778828669,26.2910896812104,41.0130462585338,38.5953578839476,40.7295504353032,38.0774293659044,65.7646568493403,27.0560345099968,36.2854940925968,79.6592020563606,83.1587018641945,45.9311310636149,27.4441194983546,1e+20,44.362295834098,50.3624645683975,84.9890321226154,55.5618639385422,27.6302152494917,48.4007491010165,31.1266420779698,39.8573255391669,25.4817085647769,50.0345191825081,34.4967956392229,59.7329058278353,13.6539109651827,59.1898386981655,38.3789351599346,37.1288576864306,34.8740344410936,87.2578253964813,40.3683899210706,48.9360741059023,90.4146218483382,87.3288919211939,79.209964048619,97.739696924548,78.3674934784449,54.0887161189616,46.3005474447009,33.4549843780388,50.9926826804382,50.8447534445312,50.9554057272122,79.0199797972404,27.6606147511965,41.2612660378033,36.2730376049238,47.7777400680048,34.8698816566528,63.6838662652107,53.2903963277262,48.0168441857755,75.3186003429994,50.2386901972004,36.0021673367699,63.8625090584019,94.1666266473358,92.983017692611,45.4976176250138,35.0142707185515,42.0700535428598,45.1964660764091,24.8059362353189,57.5777624904468,35.1902332781043,37.6383991813259,57.8745385487764,50.5942211245536,61.3814706746506,58.6765668324146,59.0708010364971,48.0518107849234,47.5235758938501,45.5286944409302,73.7518887271751,60.4453174919117,47.5404877320389,80.5117332792456,38.8847333105848,63.8847774515611,45.5654590102052,49.066022055187,67.5706661105066,21.7114739969675,49.0551448207002,37.5247295063098,43.6697884168425,45.5122185341933,18.9706032241986,44.0241222839298,40.0770326074229,59.9328386207258,67.9196069782301,38.9168427236921,59.5742266306936
