1e+20,184.979645302383,57.3779624452083,85.4052887801625,114.977187791722,62.1835736265698,75.6811363099325,77.465908929896,26.2714740736392,100.711037797139,82.7114647260374,57.7265449778039,94.6806702367998,52.0965474021185,102.575528090445,105.693275259648,66.457333266353,127.378527050145,116.401001224298,107.313097077013,106.802640056172,84.9341642563009,96.058131699734,87.8937288820923,99.0479471799998,99.4127222212398,94.1100255249961,59.6367899540858,64.2182450125433,133.030482281645,76.5675022661611,69.771737378623,69.0977435520762,134.266936205104,119.824107513002,100.935002214627,38.661364104702,65.7932151846608,48.5801941546379,105.47059514441,139.482856983074,69.6258591909889,89.3267965419336,224.405832506493,98.3975086586545,52.7862144987956,85.9812083973551,81.154629601948,110.047277898754,53.3340178865789,77.4929932264722,58.7034925071077,48.0871042543016,87.0765947705253,86.7047111923667,58.1654792995263,95.9772270676901,69.0256865579586,76.9982380545237,104.645116214286,104.810881665548,141.088046256319,98.9596676450951,94.3980618247925,108.534886787721,100.638241323312,128.392469696488,149.324722489972,178.228455318831,87.1803895657729,60.1875638456949,62.3620368931548,72.4743854307135,95.3612499435712,49.7212434341618,61.9766255159431,126.527367371754,41.7842230302708,142.608944588094,61.1022687093518,46.8126341862961,58.9223390634522,56.1723824291906,97.087998779901,63.6041084,98.0606011693417,80.6937730248039,123.768467125,58.9465954924538,56.4531388947769,67.190013811433,66.438948433946,178.3175810046,57.9752824608458,114.307651009167,72.2317048308166,79.1574684736292,92.636992940308,91.2252964272482,34.3857642723007,38.7419679129762,99.6812742110968,74.3940871048257,89.9123415161203,88.5893460337967
184.979645302383,1e+20,147.507031528839,169.166113982026,106.840405789865,138.391338611261,138.871599134261,138.468253341144,169.15064441393,220.086304393152,127.373351537855,148.284230320361,119.406777632737,148.16144190764,114.607576384767,134.373079712944,132.879411391698,90.6763948263364,78.0169034681516,117.011634539101,144.9763642375,254.95207492319,114.853070076696,166.223911502447,139.991119962035,187.657334067101,114.444799408127,150.799499802919,137.319126000659,118.404605592412,133.246065233391,156.7850758599,207.408991767499,273.723704749161,122.296059572889,108.958184262167,174.973083325318,180.8791622175,194.307367976222,172.220441465022,100.900651144256,149.332787849914,186.150688316273,121.620487234682,167.510745270979,191.96459448852,126.103044657818,122.207909166631,180.618589376339,167.661079544423,145.766215855338,150.693968019435,157.674491473682,148.434413837169,141.602968030147,174.4229328648,124.865086183245,193.701278363712,133.155807245618,113.978939488418,103.27544873215,290.128121964456,171.280504581639,110.653787675407,124.878545179001,104.202242877142,161.366411204571,100.9193011439,125.7217655265,144.086188111347,139.925899908608,138.950874052446,138.677639564603,119.092662446256,167.33159018433,130.429446095531,124.042899843569,151.563935017187,287.477628806499,242.913348572499,209.965567005714,143.924147204731,145.287977022353,160.381622931875,163.573903786385,143.846851044053,119.791426364058,95.5480836616276,168.043971614617,174.482883788803,168.651101479104,139.918656327124,138.26572776149,164.784412199102,273.080722274256,140.311265351219,188.438518707594,121.425001442874,115.64249794656,186.9095758925,162.730625276803,105.55918352876,246.260805187499,127.131863762183,252.225110528474
57.3779624452083,147.507031528839,1e+20,84.1273836268794,69.2446002046955,23.3422927636488,46.5158358513169,45.9858121717223,47.009862389919,98.4939183509255,32.6302905354139,34.1793554231423,68.0823758434754,19.4097188437972,90.9877604326107,64.8637195723662,56.1281728916618,94.7869509382528,79.4595453657192,54.2120623967033,98.2770198713325,121.480978828857,77.7429942526847,89.8054588105742,74.2710385536847,88.4575245111589,64.9622898803515,55.7136479269992,38.6504316091939,77.6312582055449,44.0912596088089,35.0809350672867,76.5747031216068,174.41941561296,66.5821685618463,80.1463767937057,47.2340137268857,66.604843608507,63.3931935108984,83.6134100358156,89.2926708026154,55.1672124456154,101.849422658047,172.615726530568,92.028975166026,72.7495570268748,84.4465977876802,44.5724512916293,92.3143207004349,38.2285852477939,70.2142710253325,54.3225117598267,32.3287603730699,59.1355024352559,32.7560275768678,62.3995534574909,52.0401860449294,80.4080768202662,27.9027539339631,61.2330810546504,84.8218392652724,152.751412224884,91.6511847341984,51.1021010077771,57.8053138692414,55.1574084992935,108.721190070177,96.6871911083555,122.816500668987,36.6781346425216,26.9516088411274,27.4420512986915,44.9885502352725,46.1832167899088,31.0606174977749,49.666690533353,89.3581663934725,33.3547083472345,150.764677173238,105.177700741,71.7314070792141,37.5419962939206,39.9106447427028,107.892296999429,58.0477461207957,82.810312821388,61.6963420651045,98.669218161496,41.2018511195576,66.0731063023907,52.4446782525882,23.8069986687907,132.736059262387,29.8694186849396,145.936694286296,54.9602422490762,97.552046672666,50.9192427338532,66.1747756757384,56.4388447527566,35.3766080553509,70.5270856688299,109.25772572015,65.6690463413672,142.503953152
85.4052887801625,169.166113982026,84.1273836268794,1e+20,120.991489209214,78.7903761137917,78.9987229040964,100.346164718854,70.2549175397817,122.945951632744,95.6526424061504,73.4745768085495,80.5155142436315,80.2080544550315,90.9589947627796,109.643402465445,84.7220475132983,129.581584855859,116.372821339238,119.729499630538,91.6233780894994,144.272205294372,80.2200232594262,92.9463182184032,81.8994103942399,116.026298987325,74.9009195814432,80.4476847403806,77.1587598294526,142.07408556017,87.8883051825581,81.7114484419848,104.181440597144,193.790056549587,131.179697471083,87.4220564685523,85.5114685725434,93.568369730271,86.5664651169021,121.432084711556,145.090450933571,85.9011161739984,81.3819957308028,227.428543199029,78.7497755898879,50.2393264904139,71.8020221308006,97.858502650665,120.790400524269,77.7116133272711,75.4642199015678,79.5146140994536,77.6924313411222,75.5393235392282,102.890802410605,90.0031046780107,102.735393096256,94.6525679609154,94.2698360808159,106.925007013713,78.4306537720028,191.34431851666,79.6688697634944,103.371859407566,113.682376001039,102.133950654231,113.116037935467,153.068092075842,184.945592477783,99.4580667290232,74.5828217456308,83.1371926992872,79.4630189039816,110.187392359863,85.9736717099553,85.3963131594301,94.0511545295657,69.8590816728014,192.927270316803,131.440525665396,108.249899968975,78.5086123646411,90.912785112558,85.2175438064971,79.836830698399,70.5432914117324,89.2083521628908,125.536783838666,93.1938865147439,69.8371534369201,65.0250018425588,91.4193865696103,152.957725543482,80.5336698141969,167.887346556924,93.5557994023905,101.081315571423,104.379444308734,79.3892985105514,80.0807001166935,85.5269879588047,98.4567914990183,137.150887686721,90.4704129980388,144.900829685
114.977187791722,106.840405789865,69.2446002046955,120.991489209214,1e+20,66.0581078712842,94.7468461912201,63.2575789137228,104.140170129703,129.13253697,60.8743066461462,74.8731764885382,85.4017543637021,74.0797979351535,75.5418292466886,67.2679261295137,75.0317766824472,58.3019151466374,69.9499550524366,35.5073928486886,148.013187164356,166.136123291625,98.1289299877701,124.702186368948,86.0267307181562,108.255259665502,110.797826786002,103.872468816248,66.4702763360556,53.3581947875351,64.6739232975078,82.1851633947015,113.864220019726,218.351846542246,39.4718094764193,98.0742939663336,97.5895442017472,92.9297476307049,106.967200373108,93.3761184826553,41.45232826829,82.3615783343783,127.326325132697,122.8214338,109.493079957091,116.738115888779,122.01484319787,49.8557845748741,105.992963795,94.8455395771401,116.586547678371,76.8178887302621,86.6080033414801,85.5463230018869,54.8559916812221,93.8607171550198,67.5692841276193,106.196897697317,57.8319359951813,74.962413235089,108.061385327534,196.702839523913,113.653080101422,54.4012168703702,62.3032416915811,78.4194514016507,109.169931673545,45.7019618927129,81.5562273559598,64.7131273146711,76.7189351086599,62.326227576816,68.222851972581,51.8059605596726,83.289588089627,66.5713180490139,81.3984161192391,85.4624369012466,195.713460505087,149.106190018913,116.9981403925,72.3006439898998,78.0366961101043,157.019729220097,92.6633631480663,83.496733037049,68.3659349988258,46.2412963855537,86.7311648986647,100.999111376582,94.225405926261,57.6423358549371,102.71258521733,84.805644561642,193.509618168095,62.8276883469477,139.96585045565,67.142283958169,92.6290065350943,105.530184140375,86.6405408091141,79.3458964628127,152.500865833913,64.9795980312055,188.98156781669
62.1835736265698,138.391338611261,23.3422927636488,78.7903761137917,66.0581078712842,1e+20,52.8930341978402,44.6439973340602,50.9188643602256,100.20336170033,30.3095397953447,24.0230347040938,63.3157080852751,20.8287954387547,79.9317415747231,54.5675775429593,58.6317329262192,84.6829250262616,73.256461606013,58.6836309345528,105.683066513721,125.99601948764,66.1190498145378,91.3062814395546,56.6054134037188,81.495617886325,66.938476977508,57.6550683032767,26.1537199688258,75.1217450962781,37.1088844651006,29.9753994843474,79.937646101233,179.245347399049,66.8031532507072,80.9100130768285,47.1918197959693,65.4897236795329,70.8097273427671,86.7034582666316,82.0165969350608,33.9602205833513,91.9355093018143,164.751353320454,81.4025070542632,66.3784558224349,80.2554965934681,48.9303111771786,96.763067130014,49.94600680704,69.4531831751475,54.8783178873542,36.7979734547315,42.4485866081828,43.9272379434295,68.0611758589272,42.5679365066213,75.9123529574202,38.3996791354318,54.4942372484728,84.7058970247705,161.20023692459,85.1743588654362,52.14103444381,50.4655562120319,47.432569860743,89.7142301851897,95.1336058477332,117.523331984202,43.0448325180824,36.0485498641855,26.5470229958763,30.4954336925823,53.2598612430069,41.0242699588663,56.1771494020244,80.0185672767656,33.7728327321714,160.457377542588,109.643306304782,76.3220480408941,28.7542013653901,46.9239682335999,116.28435396769,65.1915029549026,78.638170920309,52.5165966361685,91.4660926767755,37.3070287583655,57.9419536424629,50.5160412410404,37.2140881454075,123.640457767384,34.5648288517483,157.836729643038,55.2043499508236,101.519837886347,40.8807197676252,68.5880565821888,59.1439186135787,45.5590200534659,63.6393050915515,113.339574172855,52.8125471940319,144.372687524782
75.6811363099325,138.871599134261,46.5158358513169,78.9987229040964,94.7468461912201,52.8930341978402,1e+20,72.8135871531532,56.6945230552996,121.714468215226,52.693338622741,44.5375341694039,39.1868743620247,50.1435450742499,94.2370093828157,76.3415518552675,53.1616314994417,128.039711142266,84.5372043310649,78.1171694435516,81.4441787763726,142.624445158609,46.9590255353941,70.0940870617007,88.2882484099391,103.520030108066,37.820962018283,49.0666601438952,52.0929785628572,99.7171753536458,52.4105536312046,45.2652537459214,97.8312271703997,188.902078442843,87.4613595023376,61.0859306233097,75.6100717083523,82.8430867545906,72.7629326638711,118.056993564587,110.33561010185,71.0291344702149,98.5727422191047,194.245636453174,104.785793895875,81.9076558418056,60.2174302322828,67.9235862439002,108.550632791054,45.5741347044079,48.1891272900329,56.4257338418323,46.3972051916472,83.4756703909395,57.1683010357945,73.1864600549088,64.5720243733123,102.119387619953,55.7120627127047,69.3465581196382,70.9173436114214,179.789334934491,102.199902741478,71.4635607084758,76.0846729356101,50.3814806221694,127.333748714005,121.031450716107,145.686372134938,58.7864074425189,42.4285188715903,57.7358574415392,51.6135463653207,59.8145665595207,51.1895003313483,60.5753742860779,94.4381276417754,37.5318053313824,180.199859548704,124.030790998299,95.1319621087243,45.6167984545572,66.054955850617,89.9326361250174,94.8409046844343,84.8266014134071,62.6612619395054,122.084634111105,76.4746664467782,74.9588377020722,87.2313111583612,55.1939798920257,153.2358640056,43.7233417010177,156.421058336802,74.5885486885821,76.1523797207928,65.2091230367187,51.4004529246053,81.7586917237366,74.7078441684358,48.8851295230106,130.243155328082,70.6734824907076,161.120487466272
77.465908929896,138.468253341144,45.9858121717223,100.346164718854,63.2575789137228,44.6439973340602,72.8135871531532,1e+20,71.1153076311254,106.313995649189,32.8732240422532,54.432639585224,74.8533618331376,41.7871100119226,80.8305539577613,62.3528807821998,62.7775311216229,85.0853152284142,75.5830642309265,51.3173429805842,130.251755582955,133.334422614504,92.2399696975028,109.569441525053,74.1448912745007,100.599483571892,82.4112261498636,54.0396715052703,49.9044507241313,72.6617729963419,53.2679371735466,58.7462265146406,88.1302822897852,183.213608311746,63.7330936026319,94.3855517796039,60.68004055879,79.5476902106784,88.2545535214769,92.6422588841118,77.8096298725628,52.2222611360873,105.76373038177,157.191947405675,93.3997927269752,84.6527060665728,105.052627749149,33.2636853870369,104.173887900446,73.2320934266885,96.9469110605622,63.8922475901629,61.783763760404,64.3924535985833,41.7249669211433,80.8873757624808,60.9630909214756,83.0304250892472,40.1805599824541,74.2384909505231,99.258751595563,165.060191207017,99.4512575593996,45.5508118037015,55.5860208833522,71.3276114287295,101.988252445955,87.6507534766143,114.258077560604,44.2177150945635,43.2701803402441,37.152471300629,49.722807767263,43.6896091647476,63.6110485562546,54.8876331301256,72.1581516731533,56.3574355478485,165.478158446277,114.770822628332,91.6191072477391,56.8926820541042,29.5771343355442,130.723044379618,69.8769324584685,74.9642256743057,58.5909334681981,90.9429200126217,43.8877069555984,76.7922885689486,67.1036677191168,40.3904524744135,115.782794673639,56.008076431227,159.490821545,55.6504870167405,111.203168755253,60.7262944630397,85.5738543545228,83.5361784321151,59.0311272756423,74.9259851073914,117.914439836398,55.1456652452964,148.183933244851
26.2714740736392,169.15064441393,47.009862389919,70.2549175397817,104.140170129703,50.9188643602256,56.6945230552996,71.1153076311254,1e+20,93.032527372268,69.9674832521199,44.8433021849094,73.9407495133065,39.4077631118897,90.1315208731088,93.9768357235343,59.1609430189194,117.194153864022,100.743304144994,95.7335978236838,88.1750369359905,102.51688182679,76.4456817375016,79.2499828938788,90.1119415561365,91.9302791990521,75.1857892409568,45.1257217653245,53.2517492215629,121.26110691126,64.1092516704686,57.05241359092,73.4253902976145,150.426926892557,108.669809280799,80.4554199667738,29.6908257430994,67.7012139239437,53.2570444801385,92.8347380223125,128.690242094969,63.8528045477918,84.0472759158748,213.82589892732,84.2494823510238,51.9114189178472,70.0326555352541,72.7110181902012,95.581900970208,36.2055266724705,60.4439089225227,57.5055754496025,32.3975041049148,80.5357876395874,74.7317368821333,56.71434732246,83.3753925097735,59.687160664853,64.873571747868,88.2476945805671,84.1304193001703,147.531519879748,83.5608409500024,81.5745754106852,96.8452826207261,84.1802287508766,114.501225099688,138.634658404133,166.996826038359,75.6283289623957,40.9286016452882,55.7895395020928,60.5163613113879,79.4746480218009,44.8160396288645,55.9001420270483,113.686273267636,28.0969103833523,148.449585585873,77.9041914824516,60.2899479086145,45.8191590455436,48.4289438336005,87.8345384383827,76.2430731597933,91.4313609995974,67.3491495420441,114.307519599725,52.3751669568143,51.769589096963,64.0537321957014,56.3297928049697,168.7424311946,45.8300979080764,126.212844164017,69.3359543615225,73.1995457445181,80.3418187456769,69.6838187154303,48.5248790064167,54.3228934669444,81.4089882860638,86.8954178123584,77.3044007527647,105.683001171134
100.711037797139,220.086304393152,98.4939183509255,122.945951632744,129.13253697,100.20336170033,121.714468215226,106.313995649189,93.032527372268,1e+20,117.145243965131,88.8351927812052,115.690669878911,97.2531067470037,139.451222372917,124.524380890593,112.253250614335,141.966628223,152.449553644016,128.371329952326,148.217978631797,44.9609430033981,125.229887815769,93.9263505361236,138.827776464926,72.8971070240951,136.656534426819,118.641407099558,95.5536790561321,158.155884675579,102.782491806598,97.2125318212006,44.2372527539341,93.5806742538574,144.348860790869,134.593556374404,106.485065233778,56.907825556219,64.441550897134,59.7460848067266,167.932783125,117.669182729433,129.501778723637,251.953970769999,140.661842347912,106.389644623269,131.713438656855,120.083727551992,43.8069781365286,85.4047572082862,117.110103976799,96.9849317170094,88.1694359804196,136.101315338978,111.450799978986,63.6083607244565,120.028790479108,98.2810501006769,108.545285974827,113.040778486556,140.363415305734,78.7503357306444,140.710795265704,129.596173954882,132.220345668027,129.404201333795,149.70096999798,146.955368087999,200.957803642153,103.763774458358,102.627818718245,104.096602302601,99.4954136841546,122.921543576349,96.5577841660001,102.512419943051,161.847720202381,96.2668116641447,79.9973562854256,79.0406152353478,70.7106360835796,91.6627380706814,103.216998727726,149.509632386528,125.834861719161,136.873773353696,120.985306628152,156.480081395,94.7655675593534,111.584712397883,111.972558594003,99.6390881218847,211.030416874599,95.608860381628,73.0100374485283,103.281896109516,84.8071308987784,121.325363019375,119.923172207681,92.35242961014,91.5199985062394,128.984683852418,59.1861137058557,123.493545495711,106.669974995058
82.7114647260374,127.373351537855,32.6302905354139,95.6526424061504,60.8743066461462,30.3095397953447,52.693338622741,32.8732240422532,69.9674832521199,117.145243965131,1e+20,40.8729344144336,63.8544666477992,38.5136434009372,83.7216522054686,56.4929227288679,48.8835639393957,86.7276746215293,58.3775696565729,42.7437201712384,116.166541672484,151.593014047793,79.892920189341,105.48516675608,70.5561036494506,98.1245529592301,71.334484102978,66.4202999736806,40.5966770810115,52.0008229855587,39.2044756236595,37.9388290995746,99.8430145758542,204.001322459761,50.822700235213,82.4905913217742,73.897814401124,78.2933288389195,87.0073743131555,98.502220934483,68.3046404760186,56.925343632316,110.50429078455,145.749827421818,94.8247596387978,90.7186666965734,93.5992910331462,30.7821236467258,97.2886078666293,58.8628639839522,82.5307620568676,56.7238137220414,54.8780346399999,58.3032506825409,29.0650422781059,71.1942667753031,51.6443715253288,100.339818859235,22.3084658454857,54.2524410721535,86.3972828184593,182.74011942995,99.6148687935346,31.5401931223517,51.3225194835912,51.9819799789422,102.010625229203,83.7979661371535,97.6738646033223,28.8360511322098,37.1047726570063,30.5645652158893,42.7119019076192,29.5240216593603,52.1860509619524,43.6477773788579,67.4648192203452,44.3411918871125,180.585322338901,134.852284736428,101.631964386309,39.4086385198092,42.1956745654084,127.086125002654,75.8894997588347,71.3204089584733,49.0529342811007,90.4088287307809,62.0327853649213,75.5338868914234,71.1493691262267,27.8902260228135,107.997693706617,45.4569477992384,171.450424142101,49.5361878123335,117.430546470729,48.9313895751647,71.98844155407,84.782239617124,60.3829123809985,62.3438576666658,138.904558104571,56.0709864045725,170.339296561124
57.7265449778039,148.284230320361,34.1793554231423,73.4745768085495,74.8731764885382,24.0230347040938,44.5375341694039,54.432639585224,44.8433021849094,88.8351927812052,40.8729344144336,1e+20,51.9901886660729,30.0416902757095,79.7169890969996,51.8890289233767,56.8680268041827,93.9991084433496,83.8680542612495,64.0272136742952,98.6137550453541,120.311384390252,56.3326664527117,78.1424692422038,60.0406987160922,69.6173980234065,65.0245700497283,62.7253115734621,17.2642640444108,80.3605688187812,27.6367162172429,17.8855153237351,73.2150652015126,170.547867019507,76.0388110261248,71.5910997889201,54.4366777535389,57.4807337321101,57.1753141818511,86.4425536836382,93.2638190328272,41.2823895633697,85.819911695346,176.25891718,81.9828170043626,61.3411343348456,69.0695437533882,59.1487510209275,92.833231763789,35.3856132501573,55.9225415557167,40.1096831279949,36.3189021560425,55.1103377769939,49.4197572837375,55.6855702799825,40.7461638520287,69.9029327804977,47.7055646627438,64.5122539180869,84.3372324978152,155.802524977631,83.8258293271511,62.2839953155916,55.244692286086,56.9994782064353,105.42565634613,104.490340812596,124.70720833,48.146378852544,40.5521111134422,41.5263951492331,20.9860057507696,57.288464864005,34.3698829991199,59.9569017154447,87.3421735773126,25.1803121358234,156.175315465116,101.196706590006,69.3515449240462,12.6760928696005,56.5845269717376,108.889956083274,85.3212814963007,80.2998325382744,47.7049744393582,100.040720653906,53.7333352134465,47.5751405329591,67.8727379776658,40.4949856710864,135.3353632846,26.2003754096211,149.287145617429,57.9715953645828,90.4083863446922,40.3372042408273,64.3897668707215,63.9143227116105,62.4648099485726,57.6148554693371,105.782790001283,47.5140097991152,139.358186843339
94.6806702367998,119.406777632737,68.0823758434754,80.5155142436315,85.4017543637021,63.3157080852751,39.1868743620247,74.8533618331376,73.9407495133065,115.690669878911,63.8544666477992,51.9901886660729,1e+20,64.0652733201575,74.7473298018641,59.7487759006678,62.3598761937656,102.434120928556,75.8728419288062,84.311529315211,81.6598234975075,146.48033346052,31.876632794952,59.566855769003,80.672030076766,89.6580875208474,50.6997355324009,55.8471362316876,48.5282734232851,94.4041762282813,41.1188952491134,61.8335193577141,104.687382829816,197.461376124213,95.1855536752796,32.211159271495,91.115103770191,85.9909708003174,82.3335660204949,99.2091707579077,106.996108358746,68.1911572673598,105.5416703606,186.82995417,87.783210094434,92.0990648075557,51.6716196670665,79.4940135924602,87.9868364922301,57.4838469622844,45.3977995586602,66.4597584733282,57.3901051123583,93.5911417288507,67.2110758727337,70.5335849703505,54.2037248661655,95.6423080425958,63.1735092772815,55.1172224022961,55.659055336452,183.527361869523,90.0908725480401,74.6909426178607,66.136792449469,41.2712955952417,118.216478765778,110.729042888481,135.973997466395,71.6010594525986,51.5830648813623,69.362373404069,46.2134179364227,70.3210506966519,79.5561716345083,67.5365666068712,85.7870293499999,57.9667379760411,182.676252088134,132.827237948358,104.677101317548,48.6676686915953,74.2374779406596,94.4772624416101,110.71037209181,85.5804599973273,50.0319940675962,114.768095054334,82.659814359775,82.7511545359026,98.7759886885048,67.985119306631,145.9064002746,69.9732919303404,160.584556163754,79.538690732177,77.5249742041299,54.6117911192851,33.1603407750472,91.7812627431335,91.5040087910331,28.5606951337509,138.72156071785,57.4290045570877,172.424154529258
52.0965474021185,148.16144190764,19.4097188437972,80.2080544550315,74.0797979351535,20.8287954387547,50.1435450742499,41.7871100119226,39.4077631118897,97.2531067470037,38.5136434009372,30.0416902757095,64.0652733201575,1e+20,88.0247320096804,64.4158904588725,57.9139459861582,95.3755869303265,80.8928298300053,59.6605479693834,101.015867312618,114.501730521856,70.7591229149433,89.8889049298936,73.61116285214,87.318535202177,62.9971906573377,44.553044987168,36.90964001694,84.1592532899999,40.6644614824194,34.1050752651764,75.0291984133299,167.499119721853,75.5673369106416,79.0036599199092,41.2812119148881,65.599216237216,64.0785601729286,88.4830034185799,97.575667805,44.718582240039,96.5856503347082,181.59685545,91.8853556361846,62.5653006001058,85.0837106269649,48.6820549381556,91.7878224542975,38.3246283682,69.8708925028974,55.3707215876038,23.3365254572957,55.1616065328297,43.5377276631117,62.077293857282,50.8355948875901,72.6787838281203,38.5681717549667,61.2368480772588,85.3032814022047,154.874134048551,95.6236317834218,58.9636678174545,61.2587413053657,54.5448537682635,104.111642051238,104.592024242079,130.0451466,42.3065192868817,27.8741078270248,26.2432795731448,41.4135241806396,48.6292643941437,40.8142856498954,54.3428749004036,91.9909767197421,33.8054791815448,154.679822042993,98.147115671818,65.7958209786863,31.3839342995365,34.4352627595125,111.698880587663,60.4508384994265,82.5576568288245,58.5061303162298,101.808752873381,32.7475777332351,61.552765653921,49.8049031094129,32.6925746975524,140.6733015546,35.2625513037724,142.184049983645,55.5970010777913,90.2224045785974,46.2393284229438,67.2537993869702,56.7422856471209,41.1238264706289,66.619408667375,103.430693524546,62.5201795867465,136.440892169054
102.575528090445,114.607576384767,90.9877604326107,90.9589947627796,75.5418292466886,79.9317415747231,94.2370093828157,80.8305539577613,90.1315208731088,139.451222372917,83.7216522054686,79.7169890969996,74.7473298018641,88.0247320096804,1e+20,65.1132342511123,73.9223293546561,64.6035570308358,70.0816029172742,79.8893169862819,121.02953836,171.757877215084,74.3646798127795,108.105936153007,76.3500008960674,77.783100285238,101.768573914973,85.7053859970462,72.3774264417886,98.1302927753602,67.9872496084476,87.6815885631003,124.678434085135,214.735832366476,93.2123810548502,73.5406876492157,100.712069555706,106.743128185198,113.188930022612,98.9237508091696,84.2468838895989,72.9556841879284,104.361020229691,145.716322902727,80.2627115048085,106.847082988899,93.2184526808603,78.2089477675471,102.519306392541,98.0885114445313,92.5290534226175,75.18758111301,92.783024373854,98.0373266992521,91.0410855192158,104.533117295879,62.496510087931,87.5960819928495,88.2703272571078,83.2706858739129,79.6782293850921,204.86367175097,78.153661833773,79.395560894693,63.5623201601809,76.5957712056578,102.087317634196,91.0065816972661,110.164919975906,90.5832882885367,79.738979106542,82.4011966732944,67.069937120395,84.8749204961713,98.1723767694072,75.6693496696385,78.1269309922873,83.5277507374565,203.104759505594,131.6157017948,127.052439753744,85.7347164872747,85.3251151226525,124.526987533909,98.9535458828948,82.79429707785,51.3135821495963,73.008436152238,102.095310271709,64.9169637119695,99.3743143597588,84.8302252008331,103.059648914559,92.5129072782292,190.495573951214,84.5344409424832,124.792844985492,65.0917831093696,67.2762061563626,102.127931675174,92.8685131262991,67.7824658736557,137.873323173961,43.9878784858943,159.527461972216
105.693275259648,134.373079712944,64.8637195723662,109.643402465445,67.2679261295137,54.5675775429593,76.3415518552675,62.3528807821998,93.9768357235343,124.524380890593,56.4929227288679,51.8890289233767,59.7487759006678,64.4158904588725,65.1132342511123,1e+20,60.2556845286642,87.9071300897797,81.3630217661129,68.7616922180911,136.513807957143,161.659723165389,76.4754621317706,117.853575583,62.7666672504944,92.0347482262675,94.7972058603744,92.4938092542476,43.9005283807379,61.4101065359534,32.1324568303699,46.2438177549764,110.075132051954,214.233386938333,70.8421198369236,77.9612449992975,92.9596922340608,85.6454296837799,102.314771595508,101.237529125535,72.4485131702513,59.3776456087034,116.577680211913,128.982363330793,90.6809783341087,105.454074238111,106.656890212857,69.4412628399909,113.66876397284,76.24732973,100.758215760621,54.5978463435378,76.026867230326,84.5643834530256,57.2825299659206,86.64544065255,31.1830653678147,101.175061511188,62.0989241478626,73.724486834988,103.217444209429,193.595109275406,90.7988818174164,64.8887438623517,22.8634547462453,64.29708327326,96.3276544797047,90.2797029668982,82.2854838895161,56.7173425964361,67.8755627624291,64.2274152711679,35.8693912972023,71.2988727888106,58.6601262929804,81.1072266806349,62.6015807471083,67.3976527118777,193.988714973151,144.987730415,112.3416895625,53.5714400698538,81.4842760718037,146.334753575726,112.354112970002,79.6589642487176,35.1471900605908,102.899832723555,80.8525176473732,88.1523066516665,96.4206884882597,65.1505077735611,86.5543307345999,52.7207007938626,189.45484433353,75.872226629599,135.448890371687,35.0227487089369,72.1326741837805,102.947691812269,90.4308558875154,55.2098729776357,148.898904400346,28.8276177540733,185.211307070454
66.457333266353,132.879411391698,56.1281728916618,84.7220475132983,75.0317766824472,58.6317329262192,53.1616314994417,62.7775311216229,59.1609430189194,112.253250614335,48.8835639393957,56.8680268041827,62.3598761937656,57.9139459861582,73.9223293546561,60.2556845286642,1e+20,98.8940034398925,66.2399509171465,65.141830271055,121.290155270611,142.452509078976,84.6269432937688,103.133726931519,84.0777035803104,109.40725045772,71.2630673692973,66.5881082254435,59.4241262866334,78.8210268679451,49.4722826489777,58.594384007803,87.9841283126938,188.929457475427,67.1103726148326,86.8308851622812,79.2436118468424,64.5758327354444,70.7864063118361,117.191005187197,86.3970534254037,68.7875729322443,102.354910980246,170.734843279636,100.162679696664,74.0561580782471,91.9084733618667,49.3076506183078,101.735746933098,60.3192415493501,85.3541985255916,26.3630258038205,56.1813918228723,79.5057815884609,51.2165931710273,53.5316832986677,65.3443810936584,101.878362117111,54.1280970275484,70.7971711223011,99.892137822556,177.533214949656,104.313339853547,50.7575452277611,66.9328661188407,71.6472466124423,118.767306482361,100.539238183837,124.120091630069,53.0389006345811,44.5001734788553,48.8919460669059,59.5643751056783,52.593247071762,56.8187217488627,30.4250769349622,77.5091475364246,50.0461505861556,177.511626032948,120.282771928333,91.2915383869527,55.7316230977413,56.5057998527103,116.888796353804,75.107830359688,46.9726502590841,46.7191188605153,83.5866347182636,81.1214669634512,72.1340132568757,69.7479394076999,49.0655969538696,126.0137019246,60.8239819277224,151.832610524851,40.7265606380609,99.133913992564,65.7976534732335,86.0818130820263,76.1778884923311,55.2706620399453,68.7247055640307,125.588283143797,57.7830087860928,152.30494968094
127.378527050145,90.6763948263364,94.7869509382528,129.581584855859,58.3019151466374,84.6829250262616,128.039711142266,85.0853152284142,117.194153864022,141.966628223,86.7276746215293,93.9991084433496,102.434120928556,95.3755869303265,64.6035570308358,87.9071300897797,98.8940034398925,1e+20,63.8540353948175,73.5146280375273,164.689932465349,178.860851337999,109.518478152449,137.046156788415,89.1466886007878,109.80281902931,133.294412769927,120.008984393896,83.2545610804988,89.4347258356864,87.5510079584297,103.567723084822,124.453731329363,229.515092267999,84.6681021700886,109.447605460205,110.308920866942,99.0703977210156,118.483776550333,90.7682919190604,72.9395906295624,93.1433760407844,135.642010157883,117.038470303288,115.923928329043,124.485525687536,135.850171437706,76.4979760980396,118.827055048,114.776419706249,133.421381632032,99.3171547106932,105.397861895542,95.2304646729966,93.6193560172802,101.720806826084,81.121769733111,117.903533908247,84.3912049667803,77.5160069312939,122.25957221683,208.918577002999,118.223541352394,76.2050065995321,83.1538448970417,90.3201072094121,114.892042708239,46.6386933210896,109.40609671355,90.4691461545575,95.4087417662026,82.2258728711412,84.3849658139594,85.4841374349648,110.714095816909,91.7907487644897,101.415507639755,102.913405870336,208.149996627999,158.495046497999,130.690752843917,93.6369176863836,96.7206347948849,169.703176419525,102.873256322548,99.5344846393705,83.9436613382078,41.5322828505437,103.453513679169,111.59719996327,99.4553342365784,89.0966935814273,113.860576892613,107.574047588958,205.660955842999,87.3594429423569,152.72247943745,80.2065689863379,105.03869341189,120.912410023008,100.496846017052,91.0554520377135,160.903471672999,78.8821922504637,193.397854013785
116.401001224298,78.0169034681516,79.4595453657192,116.372821339238,69.9499550524366,73.256461606013,84.5372043310649,75.5830642309265,100.743304144994,152.449553644016,58.3775696565729,83.8680542612495,75.8728419288062,80.8928298300053,70.0816029172742,81.3630217661129,66.2399509171465,63.8540353948175,1e+20,73.0853097219518,140.135642408875,191.582140047728,86.1848516650173,126.330068191875,80.5230051594702,128.362622472444,96.8831302615442,88.079233735637,75.9186088000604,68.7738055194056,73.3645674400891,88.9800812421091,138.977323887882,243.797316616215,77.7586865038836,88.2112286614493,106.549343992369,113.824940821708,126.242794133479,112.162884464736,70.8229079058728,86.6896037318209,131.138594297446,127.212882207818,105.645377359417,122.94774344963,109.409719362857,63.490918492553,113.98814344336,99.091762821171,108.024834715778,87.9707484535859,90.6005682284055,80.3268914808719,78.3839595902945,106.444136628118,70.3762094918888,127.05147295403,66.9065354442672,48.0383070413904,96.548103365,221.858273884838,109.449638273462,52.0603391052342,75.0043621318868,52.4340235375402,106.089303550893,87.9118795868512,93.4580453037121,77.1098958200689,68.1983211440672,68.2718359843621,78.4772423184443,60.8872169952443,99.3900282373183,65.4491328877721,66.0507806956363,83.1790517336927,219.202234526882,174.703054292882,141.914069117133,79.3312573067481,75.6612720466742,143.000868240985,93.7499143620179,79.2338054021145,63.1597578107139,75.021113742046,100.17091839875,109.596617307244,99.6782002970643,76.2981234386039,101.924508408695,96.8735676632443,204.649054394639,80.5977323563325,143.28051079765,67.6233734724393,83.3772335146361,118.509509612882,93.9547927716549,64.0143450615427,177.829137307882,75.798213252154,200.880115998518
107.313097077013,117.011634539101,54.2120623967033,119.729499630538,35.5073928486886,58.6836309345528,78.1171694435516,51.3173429805842,95.7335978236838,128.371329952326,42.7437201712384,64.0272136742952,84.311529315211,59.6605479693834,79.8893169862819,68.7616922180911,65.141830271055,73.5146280375273,73.0853097219518,1e+20,138.362294643084,167.032579949155,95.271195304881,125.046061928495,90.4661999589482,113.514462670876,99.5392313521254,92.6514976355402,64.4381422127364,32.3561893334176,59.4752705925802,61.2163470334699,116.215671132213,220.120658936354,30.3283069484249,94.4093580019699,92.3585009722882,90.6775594517034,107.905161257605,98.9589422362576,46.2475410377305,80.0299720549164,123.512834054445,125.456872166667,111.584230049463,113.028335232123,116.87798912497,33.2613429112607,104.467683631417,79.0456279077055,108.744828076444,68.369200507814,75.6601248745262,82.7103028202443,36.7605054672919,90.5684453667724,64.976876763284,107.800819351793,43.8153601083667,75.7379905428235,103.349764846353,198.374597837721,116.050757020735,34.5025578558921,60.4479942705869,76.1605343359559,115.139918369074,57.3662165909469,73.9408293642857,41.6262391315494,65.7071439970456,54.9194744394253,65.4021839580846,22.8407239203446,67.2882431462569,55.4060613053087,78.5326662795978,72.3792604138312,196.779467599579,150.909665783181,117.271671782563,64.5725889561132,66.9022630025972,148.588807258597,88.414815524421,78.3563051998404,65.8402031807287,55.1723095087418,83.03380368494,95.0145941304215,93.2871448222214,43.9564916170523,105.538462735697,64.1343105314749,193.739079693337,51.3413566747756,139.058186906315,65.3717849939146,89.4940786399165,103.237501169888,80.3512231350933,78.8438638176931,154.871066785108,64.861922285273,189.916767797726
106.802640056172,144.9763642375,98.2770198713325,91.6233780894994,148.013187164356,105.683066513721,81.4441787763726,130.251755582955,88.1750369359905,148.217978631797,116.166541672484,98.6137550453541,81.6598234975075,101.015867312618,121.02953836,136.513807957143,121.290155270611,164.689932465349,140.135642408875,138.362294643084,1e+20,148.484272425314,68.9229667862008,71.8657459438029,139.498556129459,113.357241603712,62.0087928495076,97.106968140705,103.411524467753,163.355576586883,112.840687020226,107.596358818893,132.722285566859,145.804526868737,152.55562286546,67.0174238448124,109.962993522252,129.618290831751,117.508142724895,133.700376455161,175.115846785,96.6577030770658,96.42201261698,259.501921617012,101.747230446819,122.369736680027,41.438410791033,128.648492068438,127.204015112202,92.1252534568453,53.6051521364669,121.250639890725,94.7260674226386,141.265654530592,122.788006241069,120.650720572326,123.805071378701,90.5999853837267,111.33283961687,119.769503163735,48.5243676466634,168.867722316696,99.31640573029,130.84599345804,139.516773755,104.226883286942,123.777525600572,182.53482532487,209.528814805974,128.025910011162,93.8591499668977,116.507041326908,106.271004857392,119.946071353129,107.64569282343,100.09797610879,158.094109609999,93.7127115087286,172.303277754189,141.438551775647,121.603139126824,101.91516925191,115.896060816489,45.9607432664303,128.231560931806,151.255872912678,119.279045330436,163.663145055,109.821562920057,85.2343084480379,128.715519410566,105.342332566929,218.213480534599,102.512102937351,156.287383015163,117.671392450656,95.1537595983279,121.345611691428,65.2667900051098,100.089490459344,102.925676217463,98.0307060032466,145.971819767877,123.3471573375,128.336279368821
84.9341642563009,254.95207492319,121.480978828857,144.272205294372,166.136123291625,125.99601948764,142.624445158609,133.334422614504,102.51688182679,44.9609430033981,151.593014047793,120.311384390252,146.48033346052,114.501730521856,171.757877215084,161.659723165389,142.452509078976,178.860851337999,191.582140047728,167.032579949155,148.484272425314,1e+20,150.913421044067,99.3965925430838,168.670123079222,100.675928334499,158.821663751132,121.218393114374,130.131332274531,197.765998159523,140.676791869209,128.749462862659,57.1516864443871,64.8178483874417,183.750770087857,157.275061548324,89.3066591046313,81.9465006656592,80.3206578434406,89.9516287917531,205.076515742277,122.952423238407,109.483064347107,288.848193884999,145.307285689982,121.314734931154,141.701541387101,153.175195193916,79.6231712671344,102.453980894944,121.917545367192,125.672464178196,105.966688048925,156.048907165,144.241986992269,91.0072906779707,156.914501266063,99.6149123541232,139.490018448571,152.469660099285,169.025905083047,69.434542144639,144.078222121255,167.504019924324,167.944395253838,166.707943302857,150.632903410447,183.849591202999,239.741753549285,136.749942881619,126.692475658989,127.193373748571,132.156283115,161.759603927259,110.922562321328,134.915635554402,195.908531563571,120.699380949088,73.2379347895499,58.6784129465592,51.9373670313888,121.590564642136,118.34764974018,140.506107205023,133.211167385,171.537231247802,160.100455325654,193.374304509999,92.9061566725499,111.409957178013,130.279189998,128.707420242857,247.924639989599,117.937129666634,58.2254986966726,138.693728683157,96.2736689301498,156.311504568143,147.288490136982,74.4199896891061,99.510991221357,166.48865067306,49.694734270689,156.601189540896,72.7397725261863
