1e+20,53.806039872,36.0525623891,75.922840796,26.96238784,35.8315667528,33.8265975366,17.8110402127,27.8907794461,33.74897747851,34.2125522189,46.5852396042,34.6842470993,46.4369068285,52.323475033,32.1900391749,17.367006184595,52.4233151866,55.059928072,47.1731475395,42.3603186313,34.782821327,45.660127666,48.23143523,74.051928769,53.478959397,18.295170816,18.895131917,35.2855124312,44.8258551938,33.5882258678,47.48528394804,15.7448379548,23.4827301893,34.029163637,47.0464864723,18.6620231443,16.862427104,17.5766227084,55.379122442,24.77968452316,20.9980106456,72.8629281031,53.1870667821,74.218097369,70.473384718,52.957933577,30.7516771111,43.699046661,46.820416719,46.304257052,29.8686258363,47.53425925996,71.8259523287,31.2522098474,14.8813209401,46.439656399,53.41187719194,28.4659603103,50.6403694675,31.1265585725,25.8805444742,70.2003251834,28.9061341938,34.020653339,45.8942148741,74.5555236425,52.5465532021,46.63541196691,27.7362176995,32.473711191,28.626032432,33.88869315799,47.240507374,34.2764870656,28.0003548077,74.4705634348,25.64502828053,28.23886983401,51.75993413,36.4881179052,42.7116856616,16.930709326,16.95957769281,72.31610735,69.5804285019,26.8629650288,56.76398462274,25.96786237106,54.3411838269,77.659384337,46.460102016,70.9226725901,33.6511559776,21.598603994,31.6485384863,25.39833208909,46.413519901,33.830209287,31.616650449,16.123176387,45.1758839483,54.4942380034,24.2475466614,53.4488726223
53.806039872,1e+20,58.5647381189,91.556453162,57.1000440594,62.9288938648,59.4332777266,57.2185795185,63.5836292139,58.61436777109,58.8836880569,43.7683179222,60.3070131413,45.1139943429,17.870352519,57.6969420669,56.033308918595,18.5199127526,10.553415844,44.2905389531,60.3579022533,59.002502748,46.897180104,42.334792942,84.4908744569999,15.868354447,58.323717866,58.406314449,60.2372420392,46.8582233002,57.6707243426,45.19887343596,53.044191427,58.9879865387,58.483649391,42.5151205601,58.2174868143,56.869289086,57.3886145576,17.803782452,59.23499858316,51.3700722236,89.3334627369,16.3348983165,90.3248105809999,88.439668092,13.226556109,55.1575787821,49.131059227,44.745472893,47.047058754,54.3945825623,47.30591269596,88.8452269347,57.0782958186,55.8896442621,44.614263009,17.65306649994,50.9754609903,16.6703487625,61.5976838305,59.5658398062,90.3234229594,50.1294719262,58.285289751,45.7835837079,86.1126417475,17.8725887341,47.37208610891,50.8496276195,49.835014381,53.050756956,57.90122659661,46.99029547,59.4275312564,50.3848774339,89.2222278731999,60.87234018887,61.74197027399,20.28120748,58.5678839828,48.0262389776,53.156763374,55.95205041119,90.979608726,90.6631623360999,62.8048325964,17.45104956106,60.53516594274,15.5076747889,90.110068321,45.018400296,87.2855508557,58.6529894324,51.69094785,57.7635938521,58.83043891709,44.581854443,59.029857647,57.991601295,54.272266283,47.1529178583,13.7324047774,59.1272480054,15.0453647037
36.0525623891,58.5647381189,1e+20,67.3999903669,30.7911072031,11.4221468383,10.6796271557,39.8969370018,42.742043024,10.66167114999,9.8412098362,33.4698655447,9.4119134404,28.7611132568,61.5395432821,9.0289394382,37.114984055495,61.4948702057,62.1112182811,32.6654216158,12.087202834,8.2539400441,30.8722617749,32.3518367109,67.9202424259,62.3657612101,37.7760400431,35.3939539381,15.3470523039,29.2977829287,33.2507323531,30.41764406294,41.4486266879,34.7322306344,6.8292518321,30.7660376728,38.7974655694,42.3953038531,40.5513628713,65.5484976371,32.26028492606,44.9828845727,68.3412347918,62.4735316032,68.6151039279,64.1322368271,60.8257413521,43.7143678242,29.4755988119,29.2045321619,28.0674981869,37.0042046814,31.57122153686,67.2790823222,33.6872137737,41.056848019,30.9163045039,61.56965215116,39.4099451254,59.6708640624,34.7360770024,36.0537193533,65.3536509365,40.7077529493,9.02676345390001,30.651841059,66.1119093856,62.3005831292,29.17103172181,39.8553014086,42.3884255999,42.8362781611,8.49661779689,33.0222948169,10.0909177441,39.7501942812,67.8637318341,38.06599988003,37.34364737091,64.2777056371,5.0903351217,28.1962960565,42.7237434991,42.91799972191,68.7048014149,65.572573613,34.9655177703,63.82865029384,35.93284169796,63.04600524,69.1109261379,30.9913498509,65.6737338466,9.9263326255,39.5314176011,35.184144921,31.34614762839,30.2132664239,11.6529621841,25.9262995741,39.9624535879,28.6366511708,61.0947997805,34.8279734237,62.3238568508
75.922840796,91.556453162,67.3999903669,1e+20,67.5425420079999,69.9221890092,66.6360076134,71.9720849805,60.3070166051,67.91901829589,66.6651593111,78.8571521478,66.5316331853,78.4861582945,92.386335667,68.6115931209,70.178872470395,92.1365058086,92.410705612,80.2079860548999,70.9060488753,67.489423989,76.76716704,82.632158848,20.508231417,92.2129322469999,69.853688636,63.568667285,65.1300624732,75.1957398157999,82.2806469324,79.4681436660399,73.3319549228,59.6964525887,66.451309803,80.4335467798999,65.9072482183,71.080315336,70.9644797504,93.43156462,61.45699847884,75.1146718996,21.2228305869,93.1109043605,20.723204317,14.84980774,92.118691587,71.3236812399,75.412609265,77.950080443,76.83758216,82.1776722963,80.24511163004,17.7742995153,81.8574961985999,71.9929707365,80.290811547,91.4770754779399,81.7435357183,90.7752346232999,58.8698975375,58.2660158922,15.7707765654,81.7352690517999,68.3177359789999,78.2026729400999,13.8561153305,92.5525222241,74.88757882991,82.9141077315,82.870877787,72.225466048,67.23358615261,80.579834682,68.383374261,82.2306283957,20.4055582372,57.31762392947,57.37633989199,93.210414724,66.7380656052,72.5039772784,73.05616757,73.14758933281,21.246099828,15.5643097681,59.4067875374,93.69334621074,58.42715592894,93.1959055869,12.251559699,76.733060952,18.7800488899,66.7063219116,74.843729308,83.0279572121,60.69776651929,78.978436555,65.953645519,71.738461221,72.569998373,75.1304739096999,91.0532921534,59.2873419786,91.7786365756999
26.96238784,57.1000440594,30.7911072031,67.5425420079999,1e+20,31.5052820358,33.0850047206,38.4134196401,28.8011442289,32.29347530189,31.0932917229,49.7698182508,31.5354845313,47.4082169003,58.6468409876,30.5929314009,37.359228383995,60.7876321474,58.633722938,48.6329016745,33.4960023679,31.670659944,45.977989318,49.5834187154,63.928035721,58.7275404244,35.1560921894,21.843718021,34.2580757828,45.1153664808,42.6359576858,48.90718050344,38.2659179644,18.9317876213,31.586461567,48.5918128521,25.0245451797,38.27200433,38.8251995604,60.7995437286,20.45248586916,42.6257121876,62.2562377037,60.2568711019,63.547190773,59.797906992,59.5016574696,43.6633616675,42.2594861236,47.125232459,46.723216086,40.3510088323,47.13329589396,60.9788209447,39.8447302566,38.0548895175,47.7352638984,58.86503116794,40.8593119523,58.9768854263,23.0157265515,23.6543549438,59.0565212434,41.3127713912,31.410980597,47.9083765641,64.1249206294999,59.8537075605,45.45044135909,40.8799004975,42.2426392068,43.524395608,30.92734591741,48.8847252434,31.1671978918,40.1649392917,63.4159755012,21.56274993687,23.96058853141,59.8927300766,30.8064443012,40.558971893,40.118875496,39.12323164259,61.808213044,58.6835295119,24.2899095044,60.21860845874,21.91247671826,60.5437020955,66.623596051,46.6728497626,60.3251247281,31.9411117284,39.162189462,42.6340442291,30.45724392709,47.5095445004,33.1643842244,37.1738252076,38.1950526684,44.6995666117,61.203063956,17.8628905048,58.0766355237
35.8315667528,62.9288938648,11.4221468383,69.9221890092,31.5052820358,1e+20,9.3178576306,36.8679839593,40.5081443059,16.22948757869,9.8274627283,36.8444114226,7.7236343239,33.5834612361,64.8210627258,13.4759692723,39.067484081175,65.5380588778,63.6594798988,36.8387542717,16.9976325397,10.5549127692,33.3910913408,36.0632180208,69.3202355062,64.4323852182,34.5804710688,34.9156935278,11.59118467,32.6043512726,29.6326404174,34.21806666284,40.3998536976,36.4430750675,9.0354682642,34.5058486651,36.9839711425,38.3294810708,38.1871933252,67.5209015748,34.06832430236,43.6844582184,67.8229520197,66.7069300889,67.2635551502,65.2215225552,64.4422197938,42.6810439063,29.3010711302,32.7353480018,32.1121041668,34.1795441151,36.22325182876,66.1275059605,30.7742874594,40.1186239173,35.0680923558,63.32663113474,38.0245784071,63.5585310843,36.4340856973,35.152843957,64.0952682906,37.9883308506,14.8435803502,33.8039007189,69.3546806587,65.9610504229,31.61838228889,38.0746313143,40.3902371936,40.9177480752,11.75197526921,36.6654022228,9.75766769279999,37.2680713867,67.7693013514,39.68059804627,36.76250563079,66.3732003788,10.660401168,30.9333108924,41.9861283408,39.01602841961,66.5622412612,64.7480361951,36.7037042052,66.07564124794,37.13686342754,65.8975496977,69.8354307762,32.9817623708,65.8025784007,9.4566253936,38.3724278632,31.2932437449,30.61537983609,34.8040491458,9.0284329502,22.1459102722,40.4278964178,31.4722603465,64.8752984582,37.7597259002,64.1857211369
33.8265975366,59.4332777266,10.6796271557,66.6360076134,33.0850047206,9.3178576306,1e+20,37.0073670373,40.9632576107,14.75591900289,6.4339489477,36.4389189612,5.6628438733,32.9295647833,62.5461948636,9.9708398717,35.417171123605,62.0492041552,62.3086908966,36.2783711603,19.9111766215,8.7586077754,32.6318287714,36.3023526094,68.0203822983999,62.3446355475999,35.7459032014,34.0382841056,11.1505758746,32.6462020992,30.0334782486,33.88007104544,38.2702761334,35.8783506699,6.5280970436,33.9046898093,35.5158845309,37.8021419446,38.015427305,65.5275160046,32.85374903376,41.512516517,67.1469679630999,63.1777576407,66.8461931344,62.7249046494,61.3429059556,38.6002998657,29.7112099584,32.4705358764,31.6011159294,33.1215169949,35.94395782536,64.3239798341,30.597240038,38.6714510381,34.4686911164,62.07995820454,34.6903966329,60.2220860621,34.8742856559,35.3356525356,61.8649538108,35.8948755364,13.0092112176,33.3920652855,65.8059252699,62.5748830367,32.00004810749,36.0859458361,38.3780473414,37.4724613826,9.44675523121,36.6571193734,8.1310303656,34.8210338123,66.5089472756,38.44690792313,35.90540415659,63.8612445346,10.0205876286,29.744699441,38.9095415546,39.23313007179,65.4890793754,61.9623552653,37.51242458,65.44607352754,36.13587868566,63.3054980875,69.4266867223999,33.4718385774,65.2414057073,6.2587426518,34.6698238826,31.1893939371,28.91675430589,33.7655089064,6.42975713439999,18.1660039796,37.1726224736,31.8519084571,61.8392417688,37.2962808392,62.6257921583
17.8110402127,57.2185795185,39.8969370018,71.9720849805,38.4134196401,36.8679839593,37.0073670373,1e+20,26.0916123088,38.65925703581,37.1323217456,47.8915432369,35.8754127034,47.0351627012,55.3445936545,36.5466529016,13.802013447695,54.5176569873,58.4178033395,47.6624615802,44.1698050314,38.1517337707,47.3556012827,47.3132653165,71.1997677297,56.5707765385,7.9882508645,23.6701151037,35.6226851939,46.0027132185,32.1147830235,46.99322883666,15.6918407017,26.2073979954,37.2759504237,47.0084413248,23.7685936364,13.0889353455,4.6499702771,58.8839996615,27.75250865954,21.5653306371,71.5453378122,56.0947651928,72.3515260717,67.9731597685,56.0002944445,31.6455825526,46.6542229397,47.3634293017,46.7259608387,30.9069265822,48.06713313266,69.9573792914,31.5877462127,11.3592374092,47.3090347577,57.17222673744,32.1632326976,54.394536259,29.520182271,24.2632614747,67.6279283679,33.2885340173,37.9543747395,47.9974540948,71.462168493,55.5251822276,47.97769505279,33.406264493,33.8722234745,30.2189990787,37.90466689409,47.8738091787,37.7514853317,32.6250980772,71.5611992909,27.03583441957,28.25563166451,54.9517783587,39.4139456877,46.3989194363,15.0167292167,8.06718132449,70.8883050545,67.3626127304,27.5513671609,60.19643534856,25.46610324136,58.4707369624,73.5604319315,46.8643236287,69.0058403722,36.5513728831,26.7287836007,32.0467708072,24.30162990779,46.8124490937,36.3858712857,35.0775199077,14.1132523137,47.997136419,58.3476594969,27.0736808579,57.2413140838
27.8907794461,63.5836292139,42.742043024,60.3070166051,28.8011442289,40.5081443059,40.9632576107,26.0916123088,1e+20,42.48119687321,41.0377564538,55.9275222643,40.2781340268,53.4446285602,64.5566959929,38.6297780298,25.389487084095,62.4737536303,64.4837604899,54.3541352792,46.669785962,41.4414355011,54.5702983420999,55.4326290301,60.6375960331,64.5568956889,24.8267842591,15.0527143381,38.9539229259,51.3438685442999,41.0234811091,54.84588488014,27.2193175829,14.8767985056,41.7238182001,54.5412088178,17.7147424468,25.8520270601,25.3539857985,66.3028019499,18.95603947194,31.6341296577,59.3024155736,64.6690275898,60.5415918181,54.9646612421,64.7816105799,33.3579750388,53.1426129861,53.8189217051,52.0806328681,39.2404840094,53.34501299614,57.4269809998,39.0423997897,25.7789591162,53.3610892411,64.49757512984,41.3309406232,64.1465706524,23.8225546054,14.0051926229,54.9504103393,42.0305317159,42.3563155789,54.4331894279999,58.7419690304,64.236886969,53.60054645819,41.9180520844,43.5015378497,32.6809788109,41.42517541289,52.6083360421,41.4602524913,41.5525942538,59.8551034753,13.76559616077,16.79825857091,63.5365885789,43.2317185981,48.2741864227,27.5046363101,26.59031626329,58.6535515711,53.8893232078,18.0181000755,66.71781008796,14.72529170276,65.5056360864,63.0104921569,52.9900315241,57.2642127582,40.8698390795,29.8987662509,40.6260095564,23.46975250819,52.8672115591,40.1163126081,39.0753163049,26.3160250251,54.0013304418,65.5125253793,15.3181033593,64.2361673716
33.74897747851,58.61436777109,10.66167114999,67.91901829589,32.29347530189,16.22948757869,14.75591900289,38.65925703581,42.48119687321,1e+20,10.69849383859,33.70018961831,13.50407699059,31.41684914841,60.62989420089,11.93954762099,35.239075329085,60.73088022591,61.17489633189,32.18222906581,15.37225221279,8.84439960789,29.46890112051,33.65921244851,68.69061109849,61.46608780009,36.78490637651,35.56426061951,13.39087924029,31.30557113831,34.04935135871,32.33605157255,40.21959114411,35.16302158061,11.76281080449,32.52195151501,38.23351754081,41.68207830331,38.55851846091,64.26306185389,32.85951984193,45.56705078611,69.84371840839,61.77446277341,69.25700577049,64.43053587491,60.14772352409,41.75663754041,30.94495206991,30.66155707751,29.62593062131,37.30121288361,34.27656254247,66.89830669679,35.85182990791,39.55653305159,32.41062156631,61.66241633783,39.82227950081,58.99954106939,35.12244080401,35.42334992369,65.28842594431,41.03458082231,4.71845597769,32.60738967861,66.56661302781,61.05340388199,30.1979544226,41.57065436801,43.60991399869,41.21329307509,9.6181896631,35.28038896451,12.16654310169,40.54533745621,68.23518908011,37.77497773798,37.2657658589,62.74639716509,8.72416198629,29.08509202069,40.9349532573099,40.76433934412,69.28338256149,66.20276302481,36.61685136391,64.03794384223,36.04705347757,62.41032021079,69.93428308649,32.01916589051,66.1849322973899,12.01548908509,39.44934804389,36.12184530741,31.1902169264,32.14544813351,12.35319959249,27.93327903849,38.19121272409,31.85439062821,60.82189893129,35.29636859311,61.36953971359
34.2125522189,58.8836880569,9.8412098362,66.6651593111,31.0932917229,9.8274627283,6.4339489477,37.1323217456,41.0377564538,10.69849383859,1e+20,36.2917957049,7.8908796342,32.9392488024,61.8487981658999,7.122391956,35.531517611495,62.4113415075,62.2715014489,35.482185896,18.0396530118,5.1962272231,32.1213287871,36.0370679711,68.0087679341,62.6772185178999,35.0228803131,33.6691948339,9.6380131983,32.8677846409,30.0282678449,34.55740625514,38.7778469219,34.4132451422,6.3217271321,34.202876383,35.6261031152,38.7489878009,38.3031776353,65.3466923529,31.33922026374,43.0834003245,67.9228682872,62.952492809,67.6641195059,62.8549663731,61.3659603199,40.423716086,29.5663430121,32.8646199721,31.6306150251,33.4560482512,36.24102199906,65.7862268164,31.3871621117,39.173961671,34.7941028701,61.80962752284,35.9266941412,60.3724739384,35.6443497016,35.3326222393,62.6016970025,36.9448501151,8.7395648639,34.5139917592,66.0023231116,62.240032641,31.74350714519,37.1172092724,39.2754914717,39.2304038549,6.69583396751,37.0699890411,5.1405243533,36.2703526346,67.4676360743,36.95420031777,36.41512195089,64.7780804509,7.8707228483,29.5899945787,40.2694483029,39.48534269771,67.4466484711,63.312147813,35.9944995879,65.38536044016,35.90192831996,63.4213612034,69.5314698101,33.8494646731,64.7238812608,4.4411819655,36.3158505409,31.0713510314,29.43990916999,33.9230055861,4.7611896201,19.6544760579,37.7422638099,32.5467732308,61.4504101203,34.9950722395,62.4997956826
46.5852396042,43.7683179222,33.4698655447,78.8571521478,49.7698182508,36.8444114226,36.4389189612,47.8915432369,55.9275222643,33.70018961831,36.2917957049,1e+20,37.1950135311,11.6933213473,44.8996806672,37.0213739669,45.843448494595,50.8400658748,42.2288227002,12.0881859551,29.9204945449,36.0285799568,9.20791837580001,10.7854100382,67.9598231328,42.7253651432,47.4400154018,51.4501142012,38.4103572586,11.598006854,42.2306604298,10.76346677216,46.6141276192,52.5168755415,35.6083641228,10.3732596497,52.3548534381,47.2077526822,48.5490731058,47.9025356942,46.97659880904,47.1723015098,69.2393374047,50.1669194773,69.0795297488,74.1807775317999,47.1058343592,50.0128448173,14.2367832948,11.0784680108,13.5607598582,46.1121008565,17.53428619624,70.9051752070999,45.8274761384,48.1220043763,10.9731430152,43.19132328826,44.3836142945,46.5958843119,45.9846003673,50.994699704,75.7834914512,43.5530323504,35.6957008088,9.8757785577,73.0443919612999,47.9602019101,9.24268209389,43.9406686377,44.4215710154,47.3363920402,36.06019532441,14.0754639298,36.9770334388,44.1775063025,68.715797075,54.10411459307,51.69354878019,50.4388988021999,33.6568593206,17.9999478426,46.9309090182,46.85013018939,70.7809529538,77.1508272277,50.2751302246,43.57478986746,51.45202642734,45.7456185093,73.8675810967999,9.1159985042,71.5992982657,36.5558063574,46.4668376162,44.3734839421,45.36034970051,10.9758993792,36.5255463548,45.1587766728,46.9381544412,10.2518033701,47.8268426108,51.5271803016,43.1853882945
34.6842470993,60.3070131413,9.4119134404,66.5316331853,31.5354845313,7.7236343239,5.6628438733,35.8754127034,40.2781340268,13.50407699059,7.8908796342,37.1950135311,1e+20,34.3226431912,63.2166615883,10.1571799064,37.190228871275,63.3356766379,63.1716149533,37.1494597682,18.0658517022,8.0284521053,32.7654291473,37.2419369973,68.4520922917,63.3116924962999,34.3695603847,34.8238200197,8.85059184810001,33.6935449111,29.6685489167,35.54457914534,39.7928735735,35.6091796014,5.9054952223,35.0408275156,36.0692197224,37.6921328407,37.0225898831,66.8939831633,33.25681935046,43.7853857889,67.4166071804,64.7528085933999,66.6802207737,62.7363956373,62.4259648723,40.2459735624,30.3818402883,33.8228934103,33.0913920313,33.545213663,37.25952138126,64.642232606,30.5287807493,39.0729546712,35.6139630903,62.93871169324,36.1452213336,61.3134081588,34.1341742192,34.6545070849,62.8368901987,37.3605525155,11.7443085317,34.8691373254,65.8091317867999,63.9052284733999,32.23369306039,37.5360209348,39.3353077001,39.4884363153,8.35059432329,38.2392963593,7.24600220090001,36.619116453,66.6675921389,38.31356065757,34.78912195071,65.2002741293,8.4492027085,31.0559623189,41.1651091727,38.55034197351,65.5383616026999,62.4782182706,36.0329920071,66.11206188604,35.34527474576,64.3474054962,69.3131996982999,34.5093614753,65.0929961106,6.7818100237,36.7896311713,31.1272957692,28.65551451599,34.9415688243,6.6775720143,19.5549276817,39.0853085843,32.222848717,62.6905163547,36.7632544879,63.430672263
46.4369068285,45.1139943429,28.7611132568,78.4861582945,47.4082169003,33.5834612361,32.9295647833,47.0351627012,53.4446285602,31.41684914841,32.9392488024,11.6933213473,34.3226431912,1e+20,46.4538044847,33.7213345902,43.917944019695,51.6828117463,44.4579917967,9.5348856738,27.0869922624,32.6166298331,13.1305473939,8.4087185327,69.9516098075,44.5397857697,45.9635775885,48.5225156731,36.3179969287,8.4443408867,42.5356011149,6.74482803045999,45.7456642789,48.1248581608,32.1699786549,6.4429045574,50.4382890852,46.8113725165,47.5519213461,49.2449818561,43.48885373894,45.2253804581,71.5177295034,50.7708435922,71.1415113115,75.5286936545,47.7302006707,49.5213323974,14.9516908335,7.6185910741,6.7924024303,43.5395772568,10.75048088206,72.3504464538,43.1838674505,47.170533775,6.3780597547,44.41135086704,43.8119245782,47.6394058818,44.7920525776,49.0859923407,76.9027702159,43.8654217827,33.2482020409,9.0214657894,74.1532895638,48.9254550736,10.91713901339,44.132369584,44.3745203269,47.8078293145,33.72006201451,9.1630494507,33.9094563923,43.9261516748,70.2892344137,50.82606256097,47.79890225611,52.1321200477,30.0943792927,14.6244703705,45.7170297785,46.31971869769,72.4542561365,78.3315155264,46.7418667225,45.98345844496,47.94485588116,47.597758067,76.0589928183,7.3427929985,73.2700992524,33.2583202095,45.5495684873,43.0314789616,43.77981484259,4.4659314087,33.4039796469,44.6741073375,46.0277496301,10.6136660676,48.8368743911,48.6957669755,44.3832291488
52.323475033,17.870352519,61.5395432821,92.386335667,58.6468409876,64.8210627258,62.5461948636,55.3445936545,64.5566959929,60.62989420089,61.8487981658999,44.8996806672,63.2166615883,46.4538044847,1e+20,60.7918774599,54.563189906625,13.8168086276,14.207252109,45.6524722805,61.9462225077,61.636602331,49.589692231,43.467307063,87.738265756,8.192695468,56.704984205,59.669251138,63.7969366502,48.0324202348,56.8356491486,47.04508407496,51.9256771682,61.2319813357,61.812724154,44.0522291689,56.8815646067,54.259478829,55.6309188086,11.360124505,60.45758865416,51.8591448374,91.7326700759,11.5671415017,92.528658856,89.818947599,9.808817686,57.7935257131,52.436734746,45.492072136,48.362040347,52.2350279333,47.70016190704,91.2608505743,55.0384471084,53.5142426865,44.119753458,12.43389164306,50.1587407393,13.3123624175,62.8814970895,61.5794212312,91.4064743104,50.6254234452,60.9536346739999,47.3160240929,87.6052694145,7.3086738311,50.30415113209,50.4114318735,52.50836754,55.514856405,61.06273809499,46.463719747,61.911978206,49.9827630909,91.4397500102,61.82544724153,62.89174290501,13.808776591,61.7739288402,50.7933863066,51.907948645,52.8984496501899,91.948197721,91.8019754569,62.742833952,13.67872450774,61.89756006206,8.1617225619,92.309009082,46.871062177,89.8371471769,62.3063089734,53.477915583,55.3848603957,57.78068952809,45.830440466,62.62916623,59.062075974,52.922993714,50.1903082373,10.7672659456,61.0730950896,8.0525999513
32.1900391749,57.6969420669,9.0289394382,68.6115931209,30.5929314009,13.4759692723,9.9708398717,36.5466529016,38.6297780298,11.93954762099,7.122391956,37.0213739669,10.1571799064,33.7213345902,60.7918774599,1e+20,33.729444342875,60.9902083415,60.7507821809,36.65234937,19.0159047344,7.9999364921,33.0258543071,36.5398415731,66.2906196680999,61.2960546238999,35.3338039549,31.2744383039,14.8732157603,33.0082745649,29.6583725009,34.80517366114,37.7770521339,32.4940676322,7.7927429701,34.984007373,34.0113580252,39.7725198491,37.0258608893,64.2547949969,30.66876646974,42.0058886905,67.2246321564,61.943126527,66.7780581359,64.0949747948999,60.2253553161,40.378934736,31.7552386239,33.4364157141,32.2633737131,32.4086034012,35.81451849506,65.6525159204,30.5762134715,37.488540307,35.4249652841,61.01859790084,34.7702158412,59.0230066444,34.7304854264,33.7963321671,64.1121975614999,36.0377835747,10.2292264581,34.8361865652,67.2050037366,61.166747985,31.82569541381,36.1207111584,39.7596138597,39.7021422791,7.95949737371,36.8954151391,7.0882693561,35.5744589266,67.6604011917,35.52365976437,35.58486979491,63.6308995369,8.6288962183,30.5627007667,38.8902181329,38.85389845209,67.2768041729,65.0847069509999,33.7713360623,64.79215078216,34.19619538596,62.3103481838,68.2967529521,34.5632994691,63.3726051828,7.6338421387,36.0197945589,30.7202920554,30.53208101619,34.5499325701,10.0231239301,19.6121144819,36.5296412099,32.6512435086,60.7417747725,32.7591184195,61.2580741146
17.367006184595,56.033308918595,37.114984055495,70.178872470395,37.359228383995,39.067484081175,35.417171123605,13.802013447695,25.389487084095,35.239075329085,35.531517611495,45.843448494595,37.190228871275,43.917944019695,54.563189906625,33.729444342875,1e+20,53.663446554225,57.411269498595,45.135797057275,43.117953279895,36.240376677595,44.276990932395,46.398999792395,68.884499460195,55.610259573595,14.110290414995,21.944298577595,38.432065216395,42.024996466195,35.118710975825,44.864018628615,10.982940247995,24.300588547895,36.595672923595,45.315597694495,23.011809971295,15.340645795195,11.754515097595,57.953009528595,24.764476505235,18.408653891595,69.374942406695,55.616162183725,70.375393582195,66.054855868375,54.557881274625,21.131770864905,45.222142285595,44.114122007395,43.110739916595,33.461396863725,45.811063314635,68.322172993275,33.880984718005,10.006417804125,44.090275529595,55.020886449565,33.014608035105,52.787698863125,29.679424340895,25.068355439195,66.106708802375,33.314636936375,35.996707314775,44.249675760495,68.857687831895,54.860308427725,43.703670335865,33.620142999095,34.176832485225,18.656434531005,35.523782878385,44.835546649195,35.819914639395,33.089815263925,69.298552819395,25.059964351265,26.441693967785,54.231671341625,37.604062211595,41.785797039995,11.902011682575,14.129720906185,68.963338182375,65.726560243675,24.046314109395,60.378362980365,25.136714557455,56.541817866525,71.826848727995,43.220898031195,67.053048800475,36.056463320195,14.893538981005,34.485116747295,28.117583184285,44.033631459595,36.127375683595,33.844649334975,8.87853465262499,44.382524033475,55.885446237025,25.026240033175,56.127936339925
52.4233151866,18.5199127526,61.4948702057,92.1365058086,60.7876321474,65.5380588778,62.0492041552,54.5176569873,62.4737536303,60.73088022591,62.4113415075,50.8400658748,63.3356766379,51.6828117463,13.8168086276,60.9902083415,53.663446554225,1e+20,17.6356599726,50.9569811221,62.9235418539,62.1321705365999,54.7620064146,48.9429212026,87.2390228256,16.2273052396,56.2324494346,57.4410706364,62.6604329954,54.1753845364,54.3294617326,52.51555776856,52.4726758976,60.7991551661,61.7050559496,49.6570465165,54.0829524111,54.1717551946,54.7567547202,13.2227614766,61.34329963576,52.273184943,91.7547156695001,6.9218097781,91.9435315316,90.2338259706,10.1595624976,57.3035448905,57.6724934716,51.9482150836,53.7336380606,50.8201256089,52.60296479264,91.3564209439,53.0665235,52.8472815541,50.1320274436,17.51988587866,51.0408432149,15.4875327239,64.4856229791,61.9953025548,91.873738016,51.4838193588,61.2426032636,53.0979729505,87.4128176941,11.4843959127,55.57421609351,51.8507226501,53.9705708754,54.7256212586,61.44504996659,52.7036857866,62.2682373676,50.9148362425,91.2251040858,62.08738789393,64.60748100861,11.0438521066,61.6244582158,57.1677501282,51.7942910586,52.12606229579,92.6284858826,92.3070078525,64.7206149552,17.80123015334,62.87902116046,12.8114308775,91.7337859936,53.1026933386,90.0743923965,62.355244627,53.7066438746,53.4333519881,59.14471994669,51.1173229056,62.6541550476,57.6649495756,52.4575960296,55.6817734649,12.749521044,61.2701455308,16.2902194823
55.059928072,10.553415844,62.1112182811,92.410705612,58.633722938,63.6594798988,62.3086908966,58.4178033395,64.4837604899,61.17489633189,62.2715014489,42.2288227002,63.1716149533,44.4579917967,14.207252109,60.7507821809,57.411269498595,17.6356599726,1e+20,44.1587794151,61.5188317429,61.761805517,45.628056602,42.282809198,84.626365721,11.565876121,59.94460363,60.633456301,62.6166164892,45.3165037642,58.8078692662,44.50856713596,54.0617153952,61.2695308447,61.637049361,42.1985319717,59.1494094363,57.532383608,58.7666446536,13.583619158,60.83625263116,51.7042255956,87.3646944729,15.3321437065,87.756659461,89.499444432,12.460461417,56.7634768981,47.927733551,43.926180931,46.31152868,55.8152140143,47.33531751204,89.5701833453,58.6982000914,56.6505409480999,43.205165195,14.04605958406,52.6818665223,16.1831056357,63.7357322575,61.4460550102,91.4336957225999,51.6085948182,61.397372921,44.8040448179,87.3259924915,15.9758524539,46.25381495291,52.7545677594999,50.779201501,54.90402016,61.18179469999,46.064571424,62.452931603,52.4310842543,86.3990111892001,62.29739611853,63.40384366601,18.507884254,61.3928138892,46.8651797576,53.870164096,56.00013875919,89.32518457,91.9091854721,63.0239191728,11.56435310306,62.50134400506,12.5471025415,91.638239169,43.36113257,88.3071103677,61.7607588004,53.83835122,59.3859192599,58.88998126309,43.875269063,62.091222581,59.897701437,55.464300985,45.8341664063,13.4155172426,61.3593280806,13.1199410617
47.1731475395,44.2905389531,32.6654216158,80.2079860548999,48.6329016745,36.8387542717,36.2783711603,47.6624615802,54.3541352792,32.18222906581,35.482185896,12.0881859551,37.1494597682,9.5348856738,45.6524722805,36.65234937,45.135797057275,50.9569811221,44.1587794151,1e+20,30.88613174,35.1220214589,12.7519836049,9.4537855045,71.2479697819,44.1731275421,46.6191010231,50.6379383941,37.8105057557,12.1504903037,44.6345165845,10.14629291354,47.0998275205,50.0650734438,35.1103945619,9.265965561,52.5629316794,48.5846958275,47.9680250511,48.3867267031,45.53930561594,47.4061797275,73.4199569918,50.3017423136,73.4296446578999,77.4070888889,47.2124303985,50.7126352454,18.7521352799,9.6496022999,12.1280447225,44.4718919158,14.53481968246,74.4907143942,45.4875643001,48.015939282,9.1517999185,43.91584569144,44.7693536698,46.9831855698,45.732801572,50.8382544549,79.0416175874999,45.4921879609,34.3122098755,13.798087967,75.3900172694,48.3407614454,13.19133721581,45.2577493536,46.5556651245,48.8012648855,35.18232573751,12.7411913725,36.3028700459,45.0171874196,71.9073177561,52.59464827397,49.00003600709,50.5997440635,33.1525688921,18.2252645341,46.4198377955,47.32045931069,74.4798269608999,80.344750379,48.8208020655,45.96195596076,49.26902706224,46.7480346106,76.9426983778999,11.3404845895,75.0642500927999,36.1279925813,47.1775027595,45.3596323716,46.46464080559,8.5471445845,36.1615065059,47.9951910599,46.8588238445,14.6561947526,47.8040493541,50.6575371697,44.4262133838
42.3603186313,60.3579022533,12.087202834,70.9060488753,33.4960023679,16.9976325397,19.9111766215,44.1698050314,46.669785962,15.37225221279,18.0396530118,29.9204945449,18.0658517022,27.0869922624,61.9462225077,19.0159047344,43.117953279895,62.9235418539,61.5188317429,30.88613174,1e+20,16.0585108239,28.7880130393,30.7023162711,67.7660641199,61.3950742039,41.2833054149,42.4145960123,21.9472132977,26.1996122931,39.1665645505,27.84562936134,46.6652078921,39.4110101766,16.2400003739,28.5936495176,46.1965127316,46.5907542809,45.5836620273,65.2900764749,37.50994705646,47.9118417227,69.5088820272,64.1985524874,69.1161729019,67.5868113869,62.4625144243001,50.0992565004,28.6133515017,26.2393569081,26.1653408831,41.6916056954,30.12409189314,67.0704774302,39.9021235717,47.3739245514,29.0939901843,60.16934389696,43.4785300096,61.7214293168,36.4765562548,39.6616245191,68.9314692863,44.1144406911,15.7057690459,27.9560991452,68.5158033454,63.7022392954,26.35862141539,43.5334883068,46.5483636783,48.4062792753,16.23237228691,29.9612969371,17.7382819699,43.0981138512,67.8523480881,41.69468829677,41.45109702331,64.2098926173,12.2296723825,27.7204174969,46.8452764231,46.92796772171,69.4917795749,69.6265739568,39.1193522587,63.16645719964,39.75696072036,64.2632275684,72.0811882163,26.8663478851,68.1237957868,18.8713107193,45.2611782811,40.9847003972,36.01436234999,28.1150702661,19.8696829239,35.7980093899,46.0027498523,27.1870812426,62.9359732467,39.5395484579,61.0067711132
34.782821327,59.002502748,8.2539400441,67.489423989,31.670659944,10.5549127692,8.7586077754,38.1517337707,41.4414355011,8.84439960789,5.1962272231,36.0285799568,8.0284521053,32.6166298331,61.636602331,7.9999364921,36.240376677595,62.1321705365999,61.761805517,35.1220214589,16.0585108239,1e+20,32.089516648,36.068251883,68.595626396,61.985609074,35.2726491,35.12004097,9.9882942802,32.3275296848,29.824127135,34.37158023504,39.773793908,35.2632323763,7.097075137,34.4075206349,36.9842541893,40.001682952,39.1594923324,65.229865951,32.90125242984,44.0249835006,68.5811045399,62.6060112701,69.215418736,63.922955452,60.913850314,40.8133745561,31.036862002,32.552771557,31.401054512,33.9589145873,35.9509481839601,66.0750644783,31.2822962076,39.9543353591,34.434489427,61.60008808594,36.6471871523,59.9347870965,36.1653796785,35.2457922462,63.6150105664,37.8622899562,6.507532005,34.5557741461,66.4477912985,62.0206159721,31.46401762791,38.0730850335,40.3728452268,40.831757527,5.40398094861,36.922411293,7.4814474224,37.3224962457,67.4762164942,37.51939368647,36.81450416799,64.352987791,6.4283278682,30.0690088096,41.037009979,40.17851304881,68.037023717,64.0686287739,36.0512121644,65.13558184206,36.46205299006,63.1926107375,70.17802624,33.838061764,66.4305552199,5.6592819416,37.802424443,31.2552319395,29.96057738129,33.966555108,6.423649661,22.10389189,38.681622436,31.9955270737,61.3778181594,35.9786464896,61.9139599487
45.660127666,46.897180104,30.8722617749,76.76716704,45.977989318,33.3910913408,32.6318287714,47.3556012827,54.5702983420999,29.46890112051,32.1213287871,9.20791837580001,32.7654291473,13.1305473939,49.589692231,33.0258543071,44.276990932395,54.7620064146,45.628056602,12.7519836049,28.7880130393,32.089516648,1e+20,14.26829618,66.928409963,46.846183553,45.753782578,49.764752451,32.9629211528,12.1675162338,38.436227188,13.23730422796,46.394960699,49.6198254293,31.909015383,11.6898132583,49.7980442003,46.09508343,47.7841182676,51.807733558,44.83946511284,46.7368777236,67.0987826049,54.2526018351,66.3658367949999,71.00083611,50.994803157,47.6208762979,9.258522327,10.940197541,10.582288514,44.2286146563,18.56561045604,67.9320260213,41.6182770306,47.8481627421,12.253578205,46.73010957794,44.6895214103,50.6537845645,42.2712909275,47.9255567682,71.9508935914,44.4564581662,31.001944419,8.6216608641,71.4676009775,52.3181698558999,6.95485610891001,44.6398852235,43.453091657,45.18534686,32.32419802261,16.404028322,32.894452929,44.5318096503,66.2806235012,52.33599817887,48.71057117199,55.406070804,29.6699939128,14.5191931304,46.46048549,46.71947805519,67.915455336,73.2988012679,48.667077985,47.34166320126,47.51019835294,49.8925998151,71.7273573269999,11.19116167,68.7877959119,32.6279370704,45.762673488,40.3510424563,42.34007730891,12.133595017,32.247827947,41.866102239,46.246305227,8.6894112943,51.5656192686,49.6559566426,46.7751726362999
48.23143523,42.334792942,32.3518367109,82.632158848,49.5834187154,36.0632180208,36.3023526094,47.3132653165,55.4326290301,33.65921244851,36.0370679711,10.7854100382,37.2419369973,8.4087185327,43.467307063,36.5398415731,46.398999792395,48.9429212026,42.282809198,9.4537855045,30.7023162711,36.068251883,14.26829618,1e+20,73.856865111,42.412680815,47.15479743,52.279964931,38.5705940708,12.2427131042,43.190120129,8.75712375596,45.771563253,50.9055892887,35.048900249,5.4037761717,53.7017200077,48.567721022,48.1320421856,46.94852093,46.72883573884,45.2326885896,75.3997986769,48.6683924831,75.033483137,79.7350287119999,45.792511929,52.4432500039,19.351067283,9.005332593,10.788213634,43.8344506463,12.60070220604,76.7486330233,43.6500451986,47.4305613161,10.050663667,42.54256857806,43.9743695183,45.1281546297,46.2167743605,51.0243010342,81.4242073474,44.6168849438,35.603720397,11.2424291679,78.3901190385,46.5249313779,14.65778985609,44.6541478915,46.129680669,49.37678307,36.12159361061,10.19300402,36.487363745,44.3144444323,74.2377047672,53.21011898747,49.95021384999,48.674060184,33.1930258668,19.8551955276,45.934702584,46.77493645519,76.45782839,82.8319101999,48.6926629344,44.14199833726,49.76625646094,45.1088695815,79.7918131189999,11.237423712,77.4099574259,36.6246036256,47.09686224,44.2265966103,46.55492597671,8.619581435,36.791832213,48.080568505,46.452606121,14.7122644423,46.2371183186,50.8391849134,42.2252385543
74.051928769,84.4908744569999,67.9202424259,20.508231417,63.928035721,69.3202355062,68.0203822983999,71.1997677297,60.6375960331,68.69061109849,68.0087679341,67.9598231328,68.4520922917,69.9516098075,87.738265756,66.2906196680999,68.884499460195,87.2390228256,84.626365721,71.2479697819,67.7660641199,68.595626396,66.928409963,73.856865111,1e+20,86.08404831,69.479650351,62.77988673,66.2626112061999,66.6610564228,80.6788784626,69.62175347104,70.4459520322,57.9269562903,68.495214228,72.0044140829,65.9053247072999,68.756035449,69.7415063946,88.113951927,60.65106653384,70.9186014926,9.9101447765,87.5696314335,11.687922606,15.430255019,86.426408684,66.9612205209,66.509449488,68.85437232,68.635578277,82.5194003312999,71.37165912704,10.0336287697,82.7210116996,69.6207864935,69.659112072,84.7864583110599,81.8044380672999,85.3480963872999,56.5394069185,57.7016729252,18.8699878224,81.3267968607999,69.166540468,68.3282351011,12.4290475675,87.4283011990999,65.19616855491,82.8137808744999,81.5379491798,66.312698795,67.82838244361,71.681673027,68.1733671894,82.0739424151,9.8748472368,55.77588210447,56.05508010699,88.567760641,67.0340148241999,64.6153476553999,69.711778369,70.75130099419,13.260147885,19.4940282951,57.4984551624,84.45408830026,56.59117862814,87.8919912939,15.359510554,67.207070529,9.9560900113,68.7828607445999,71.103496181,81.4677079969,60.02606965229,70.107810848,67.489177246,73.22820321,69.639873782,65.7236343606999,85.3575282304001,57.7409627296,85.1935291247
53.478959397,15.868354447,62.3657612101,92.2129322469999,58.7275404244,64.4323852182,62.3446355475999,56.5707765385,64.5568956889,61.46608780009,62.6772185178999,42.7253651432,63.3116924962999,44.5397857697,8.192695468,61.2960546238999,55.610259573595,16.2273052396,11.565876121,44.1731275421,61.3950742039,61.985609074,46.846183553,42.412680815,86.08404831,1e+20,58.922957783,60.694581784,63.7850503282,45.9462721212,58.6104789666,45.22635189896,52.8771319922,61.1911621757,61.906495372,42.8820428627,58.2601950787,55.550876603,57.0091828526,11.593438689,61.00414169416,51.5653404426,88.6640084179,15.2697419641,89.287739292,89.318497193,11.885125994,57.9927134791,49.749438924,44.340750668,46.312473791,54.1128280293,46.71493932704,90.6699446703,57.0770606484,54.3896095291,42.691397032,9.21225119506,50.3921920353,12.8241802827,62.3864104445,61.9224349892,90.9953740863999,50.1976275532,61.521883138,45.4058596329,87.4317982065,11.4893338829,47.79325662191,50.5202210745,51.027372746,55.665025007,61.30452157499,45.404092809,62.857948156,50.0233759113,88.0179961382,61.92349671613,63.04444756301,17.107647325,62.2446143038,48.3188830994,52.796369447,53.71985502819,90.6557736009999,91.4263193009,62.8239818238,11.95189687774,62.60065172186,11.6164510925,92.1680727579999,45.112177749,88.8372174346999,62.0223303754,53.484809333,57.3117848717,58.58556758009,43.98461128,62.181608498,59.56488794,53.79147121,47.4797378733,12.0639523596,61.1748894684,7.8548181693
18.295170816,58.323717866,37.7760400431,69.853688636,35.1560921894,34.5804710688,35.7459032014,7.9882508645,24.8267842591,36.78490637651,35.0228803131,47.4400154018,34.3695603847,45.9635775885,56.704984205,35.3338039549,14.110290414995,56.2324494346,59.94460363,46.6191010231,41.2833054149,35.2726491,45.753782578,47.15479743,69.479650351,58.922957783,1e+20,21.744563409,32.8905975072,45.7930843858,32.3103523444,46.47157695196,17.917172083,23.4243809227,35.140655477,45.7638038063,23.2461974477,14.347709774,8.54287342440001,60.671287878,24.36283617884,25.4841937056,69.4892044885,58.1386615841,70.276332019,65.065989098,57.577518777,33.3408711599,44.297854115,46.181151611,45.60880292,31.1468668803,46.88666948196,67.4650451207,31.3954770194,13.4562047185,47.228012119,58.83881035794,33.2645988203,56.3996160843,25.7538827705,20.9144985242,64.9754286234,34.3590564858,35.789485953,46.6596747461,69.4440312885,57.1617283041,47.04466070209,33.4365702175,34.9469972468,30.69560835,36.14137609599,47.166763086,36.0326299616,32.8893042617,69.9072741048,23.93060644087,24.54737696201,56.335785146,37.3234600612,45.9561381556,16.897741254,13.05085070081,69.078852172,64.2472307159,24.1339568484,62.03901137106,22.59225749486,59.6578461929,72.772787229,47.146422782,67.1473570201,34.3321842164,27.263509688,31.4395493359,22.02904946909,46.219040017,34.296746295,34.820411525,15.241869227,46.2915385263,59.5390243174,24.0342720854,59.6052051963
