1e+20,14.1766242132784,9.41496536942339,14.2518842589519,4.5914215895875,9.00233025931996,8.85425271487631,3.53969760754723,3.35321282225166,9.47344129195277,9.08167089333349,10.6443615175028,9.00828434740633,10.3892898656169,14.4985640787656,8.84600107153541,3.95005928775099,14.9735085602862,13.9864256606628,10.589033488174,10.2235028198358,9.17692096221887,10.089761466558,10.7327648205903,10.5462678563518,14.3212200390185,3.36197034909951,2.87512735495732,8.88086871979578,10.3650481553258,6.9628006725271,10.3863140507874,2.66434083277126,3.47800946384387,9.13250901414781,10.5623259011591,2.06294957932271,3.74131069804772,3.47186562518534,14.901973768813,5.0647784977933,3.29054867194435,10.3516215879981,14.9942884376753,10.4277533560645,10.0543534700173,14.5478791277426,8.48381522554964,9.35679159350208,10.4140503892352,10.1875243793511,6.41905550288225,10.3541898644576,10.1687964939189,6.55368207369784,2.74697411491052,10.5841105456823,13.9932551239079,6.24955974102572,14.5492221802289,4.18739955005635,3.22622559263163,9.88074417947731,6.19397377744085,9.29742494079176,10.2628875418926,10.4921788780104,14.6591106345678,10.083082401819,6.23388875099892,6.47436898930845,6.87250333761181,9.18070988334191,10.4555500077874,8.950683877752,6.15068940384429,10.4552689841802,4.40415642504894,3.50875126268141,14.8506560828257,9.42630841791515,10.1352031526774,2.85018550563729,3.56584912465893,10.3320314164225,9.82735793297136,5.81850815228847,14.4546213630342,3.63479896869894,14.6080272751923,13.7633257100528,10.4557761744114,10.0887225835739,9.0144838848113,4.85023301425762,6.72292950756625,6.92760864057556,10.5209347633328,9.0032810735015,7.67758149895973,2.88884612182845,10.0558311170478,14.586342000259,3.3096698371692,14.2552392824594
14.1766242132784,1e+20,9.90743735442613,16.11579898407,13.6633779282281,9.96554990191304,10.2067895302127,13.3736352994025,13.9581070637925,10.1041582156569,10.2646325127572,7.55388695332998,9.9823545040541,8.28784884859498,3.04052914734552,10.688240897087,13.7350912729045,4.02560870082894,2.39274333309398,7.88103951146056,9.11715430272015,10.1534589129188,8.13545811130321,8.04837372335202,11.9580625390433,3.4047651600276,13.1569914780487,14.0019934749892,9.98808824343959,8.3873309508415,13.3908013557838,8.1961388548095,13.870351107915,13.7442579540541,10.041014006271,7.92451094236854,14.1048213681638,13.3232335567085,13.4451320551521,3.7933832412831,13.5285800205036,14.3322558591202,12.6881969823376,3.18808868698323,12.2211440033605,12.6395115189214,2.76531306090643,12.9800989713326,8.62009941309976,8.48202946265592,8.55426290206736,13.9938985232413,8.7142843397362,12.4406030635264,13.7409493313069,13.8252196017248,8.23639024556062,3.47437410277534,14.287967154709,2.74167479382448,12.963168041823,13.3035020366322,12.7692102002132,14.4273485216239,10.1948280970697,8.16203379772781,12.6805089979262,3.71691315045406,7.96224994863318,14.3184596035233,14.4267641989186,13.3510824301176,10.2533479030878,8.23339300976331,10.3798660026218,14.3141274905975,12.1520213310671,13.8223654602042,13.3147294149809,4.30936271009243,9.84090398860761,9.32581075273648,13.7969831204167,13.4204859835331,13.1486267130137,12.988871750356,13.5378395386774,3.83054463548328,13.4818671962637,2.86070914315627,15.6934171856405,8.29875724682017,12.680227404967,10.0810980077834,13.8713669657608,13.5747085513543,11.8170632930356,8.25672403696435,10.1558432259141,11.6454405722915,13.7941811889356,8.14528368398062,2.65770804399671,13.8858846874295,3.83592220088103
9.41496536942339,9.90743735442613,1e+20,14.3262634602729,8.99919952944868,2.59608555730104,1.92708983260293,9.24553282156134,9.96845959615746,1.40095791471613,1.03358930227217,4.44455138089974,2.11091828750723,3.65670312015818,9.81163588600748,1.58825515588028,8.77821296828931,10.2572498414897,9.84986062962936,3.76820534596054,2.02004093145957,0.845028236415576,4.28288717684229,3.66553175743309,11.1935626861233,9.64484470825096,9.29183057629803,9.15954585087387,3.13167850010189,3.51164276993288,6.62240566546666,3.4140010998529,9.35239001820391,9.40018201039789,1.19599601576636,4.24821381929757,9.40173559243198,9.44702592253273,9.32054025240178,10.3404836681692,8.42131700301949,9.22929545994603,11.6313886832644,10.4715877991046,11.5555706952757,11.4039782127444,10.0522069414327,6.55915569948002,5.23511899798795,3.46486554399791,3.41074210791671,7.10928093689625,4.18292760749652,11.375077663838,6.93531132534779,9.3031854828434,3.6075978911032,9.75849106929769,7.32572326917082,9.99871000022393,9.39811920593422,9.65551492120087,11.2995316199436,7.35964556882425,1.3563670876753,4.40165052861348,11.4827391290029,9.92734113343886,4.26819454713167,7.33735241766567,7.4621990700099,7.26943449104325,0.902210859779624,3.75545503816309,1.12445017250724,7.336105715143,11.4860938797891,9.36148675283376,9.70216896591262,10.4546137377464,0.598507789691036,5.59780435595434,9.36863853310987,9.33539775346617,11.9117999594324,11.3453818691748,8.53816121724536,9.99431438563484,9.48936170776155,10.0971512190778,14.2701359252259,3.51139947496657,11.3303808987395,1.47011917262688,8.44073600925697,6.85117850049672,8.34458123474071,3.63729092814665,1.64006288661222,3.65019596140013,9.29183887551645,4.39463277824164,10.4199746569,9.61850239142775,9.53300986128592
14.2518842589519,16.11579898407,14.3262634602729,1e+20,15.996789597457,14.6280758044626,14.1614477222193,13.0438166939617,14.574582633732,13.8891886715709,13.9923627918902,14.2731773325348,14.111787483277,14.3059732190526,16.450067870127,14.1525312091758,13.9476690991738,16.1598025151569,16.5001416645977,14.1154386245255,14.6673253618274,14.0155554322118,14.0191452555293,14.3367731103987,14.1026943870643,16.4236549969971,13.268976948865,14.8065727344552,13.6738012806972,14.1979683133503,13.8712116786336,14.3430409840798,13.5332018657738,15.3010375866255,14.0801812603958,14.3410507539799,14.1330421540623,12.8816701339704,13.0061893891914,16.4599308648384,15.5048671598644,13.5942127717409,15.8583121575539,16.3318218645724,15.2390662443665,14.5091928904347,16.401398495644,14.6100440233515,14.0726042827963,14.2921751041506,14.348107011972,13.5863642002633,15.0707691950496,15.0831748793001,13.7679614097808,13.5047967567852,14.4993975833889,17.0581713537411,13.4879938875956,16.5397625322677,15.2629784067843,14.5161675096373,14.3783912099919,13.4500655487201,13.9344928791423,14.5441534221559,12.8491899570041,16.4159414765479,14.2441280012413,13.4552937787464,12.8839761391935,14.3403660617141,14.0590417685868,14.5333921800918,14.2514330015873,13.4793656170585,15.1503717470562,15.4762936608963,15.0358575680892,16.5133229544394,14.317792368546,15.0055225618148,13.0966974403022,12.7229778591658,16.4419921636212,14.0730722665773,16.0487315661415,16.4728068993542,15.1386994086079,16.473847841242,2.58953652902893,14.2877415258603,15.38977608814,14.0175358130842,14.5732202590442,13.7468164118698,12.5933038106202,14.3250916022035,13.9391713969868,13.736967989677,13.5164705517117,14.3563359446791,16.5970249601439,15.0328640223912,16.3594706787087
4.5914215895875,13.6633779282281,8.99919952944868,15.996789597457,1e+20,8.94744272024942,8.88287183655306,6.70016660857343,4.92410974839956,9.05480223734884,8.85916901301858,10.7757161591105,9.07430435270657,10.3406209953341,13.5683964955858,8.37898501848284,5.72297680776372,14.0957073668329,13.3745161113234,10.4670054190145,9.70977722277381,8.88378234538745,10.3805341083478,10.5202530416131,11.5289712302477,13.297555960137,6.54128928136017,3.50409886097122,9.30400789524299,10.3101441973205,8.46447111861705,10.1855653126721,6.11110508441097,3.5414263819788,8.9900621310816,10.6817293563553,4.65637980152973,7.39955658757351,6.71692181761606,13.8112006143109,3.40606977766892,6.21874398834218,11.1797277961728,14.2040648816086,11.2970813769513,11.1043101902876,13.752982661816,8.81310235404041,10.1677272572873,10.2259173083358,10.1003420495438,8.24466918215535,10.2624518253552,11.0989757271001,8.23009665914258,5.9796531937913,10.3157405522246,13.1852589221085,8.06731477807368,13.7722919464263,3.88208025136309,4.80763356013423,10.8953557604249,8.02479874144922,8.81549107634392,10.4637836758855,11.6364012056511,13.6515140209871,10.3247920281115,8.06387933199926,8.53223337109062,7.09692494833717,8.76211397961678,10.3377262656937,8.66162510331164,7.95735781282719,11.3462337175333,4.17145048226179,4.58568182489299,13.8655648223863,9.08528305308547,10.6092053193536,6.43596429670597,7.28911005450065,11.0811418192496,10.9044669594289,4.85482945754868,13.4071889882625,3.97453238033807,13.7517378127008,15.502539872152,10.3065274539882,10.9903215296095,8.92049884095711,5.50540626194722,8.38058269385923,9.36768381175688,10.394577365196,8.98515683651989,8.11064922252476,5.93753252284246,10.3501775919313,13.8659068835114,3.88809248123594,13.1788714528563
9.00233025931996,9.96554990191304,2.59608555730104,14.6280758044626,8.94744272024942,1e+20,1.6072458107794,8.87450188324366,9.68666031829045,3.65455275383605,2.397075124204,4.41403962357811,1.19299301347303,4.01300719084277,10.2099344522218,3.48138404929471,8.75621098515678,10.8515908718188,9.87466958977356,4.4722417833382,2.92422800074896,2.67587420400036,4.11506951411958,4.42838077695223,11.0306456505801,10.0678637766065,8.85571579592608,9.07762750481889,2.01528411177035,4.05297253267027,6.05600958089535,4.08914134506317,8.99468962170422,9.31820870929308,1.98454190434061,4.16208951330025,9.10199652263602,8.79691018497757,8.94163558939572,10.802572669908,8.58978018928716,8.96729972175271,11.1647233260109,10.8864021227871,11.1690661410322,11.0657733730966,10.3651906692429,6.83331603929132,4.32935914481102,4.08358885324846,3.78624592879099,6.567699631957,4.14642049328904,10.9780823266705,6.37655250439816,9.00963386349679,4.26520263674902,9.67925287910917,6.87917354017827,10.3158069021594,9.37262820958691,9.49910748429224,10.9374673026094,6.95833986985259,3.58374921587224,3.96089329617116,11.3997773534485,10.4901700150282,3.99903982341273,6.91789861821717,7.22966064792094,7.77484473514289,3.06685206250934,4.17661632120248,2.41845872936141,6.84722817977633,11.0940751638635,9.37535375160564,9.41670033646155,11.1095847929053,2.23591273206876,4.23337084503951,8.96870556122229,8.73482595056694,11.383795187522,10.9926648879521,8.76114165921134,10.3348786101761,9.41982835575942,10.3979159042354,14.5788018423516,4.1555710421066,10.9339592943437,1.9578676082554,8.58441978049286,6.28211747777172,7.3021787220147,4.10443095906477,1.86480736324926,3.28526936433265,9.01838356492685,3.9290068424526,10.57409892224,9.53205098475039,10.0102535748508
8.85425271487631,10.2067895302127,1.92708983260293,14.1614477222193,8.88287183655306,1.6072458107794,1e+20,8.54222580022383,9.51139538239202,2.80320732919845,1.31267306648809,4.43125964483032,0.83203154353285,3.95555946300646,10.3152707278316,2.40929255001826,8.35137149387847,10.961452895069,10.0648901807569,4.31474228222058,3.15436083153704,1.72135044430775,4.01456019398464,4.34339744163532,10.5753653877628,10.1254987958491,8.53839211796156,8.8423689506374,1.84812503147184,3.7362348609794,5.92774601484161,3.8477278871688,8.75019891017691,9.06279300488087,0.967358077471732,4.3422335871688,8.93986396494468,8.61025318453909,8.61544469168021,10.8622960729612,8.36391133607022,8.72510828529077,10.9538770094749,11.0275090674142,10.889227640701,10.6785407737003,10.5298707923397,6.60104463825238,4.54833149037483,3.91029514898724,3.58747083390927,6.48167334273305,4.39434453413551,10.6697463762085,6.29160844666256,8.70831346425961,4.17005725144238,9.95749934138843,6.77563735419834,10.5109155402406,9.12656865828081,9.20137703671863,10.5489663331204,6.85510537206067,2.67710263595217,4.1504828832241,10.8438606098063,10.5675842304184,3.90425273791676,6.81160426073842,7.10445434247138,7.274939904395,2.10233527089118,4.12447763496648,1.38176548404507,6.76664474045909,10.8204674743541,9.05670245313237,9.25612023140344,11.1951533387562,1.6590462580279,4.79342620367712,8.7241185918959,8.53982930717405,11.2555254003197,10.5715770754506,8.47420133865806,10.3607033134346,9.13243930977123,10.4984152844704,14.0179468462334,3.81173011630811,10.6206909021024,0.788206971380444,8.23550973286768,6.16774479561897,7.23918188306422,4.03846993310489,0.644914675415871,2.3488484357957,8.72596578499494,3.99130161017052,10.7733090928092,9.26974737418616,10.0295119600691
3.53969760754723,13.3736352994025,9.24553282156134,13.0438166939617,6.70016660857343,8.87450188324366,8.54222580022383,1e+20,3.93499891364764,9.26252451931188,8.84027387423245,9.69869790880253,8.72808952032663,9.572482815394,13.8569824042335,8.64914778285128,3.40672005206768,14.3445242062343,13.1901131294921,9.75878115175882,10.1855370424895,8.97065185553375,9.16594020139064,9.95045022042246,8.95982227501234,13.7405177522676,1.05704213826234,4.29709772220682,8.46445213039205,9.50609042295547,6.50233325026086,9.58053994131313,2.46029786843572,4.47390847472061,8.86064824285722,9.73390689439113,3.65999476375798,2.32039838355157,0.53001284712348,14.2995523934273,5.9912423023032,3.50565785721409,9.03517228931831,14.3075582565129,9.01653947867472,8.65348902838233,13.8909182954686,8.57908992692413,8.30915607876086,9.70351627411361,9.32088448723511,6.3422333792317,9.59065134963302,8.7630645028743,6.40989209147913,1.84796287856584,9.74063594254644,13.396780911873,6.33356768603099,13.9238168299358,4.58386771820858,3.25500819153855,8.54021433656356,6.46517507405161,9.11617429194887,9.36233414527581,8.98313852895679,14.087522772995,9.1518584627784,6.35303459094444,6.5915849035871,6.93835791178156,9.00886759968242,9.6285458348854,8.76901171544695,6.38255449444799,9.03128444323861,4.92610513521999,4.04969610396327,14.1462997729722,9.24069542869624,9.26830729661213,1.99903901105032,1.95612874546532,9.2108291447234,8.48954932495838,6.34708887811898,13.8176835184384,4.11945025579902,13.9203632327826,12.3611442977124,9.6021382645905,8.72140706856177,8.71038146566477,5.42407486828687,6.32647179207182,6.21364056470304,9.67485655075447,8.69121992887164,7.30333504877322,2.20225865148921,9.11018463001383,13.903989179368,4.17581986865442,13.7288037220066
3.35321282225166,13.9581070637925,9.96845959615746,14.574582633732,4.92410974839956,9.68666031829045,9.51139538239202,3.93499891364764,1e+20,10.0296022380411,9.69213248197931,10.7060644215288,9.73797768267143,10.3953443953193,14.2371511430243,9.35199970751409,3.51812778093772,14.6780618801221,13.7700451084046,10.6242348691619,10.847465496063,9.82366520445751,10.2190456757239,10.7190192740183,9.13039577427976,14.0339573845428,3.86387337924172,2.39769726342128,9.76890246341216,10.3403478569046,8.29965429892758,10.3713751414538,3.18989060038678,2.39127495936877,9.78738427398258,10.6889765131504,2.71979649739894,4.65086043326087,3.80396694840397,14.5527338856711,4.38440442249774,3.67917584393908,8.85590471606274,14.7683215220951,8.93992514472561,8.67109132586584,14.3371968311231,8.40626614597849,9.56063824665645,10.3987268099394,10.1466929262309,7.88331420378608,10.3526037075013,8.6903657422987,8.0049671356882,3.02643663504185,10.4884829779992,13.7762340417703,7.69864480749213,14.3809924539049,3.14084477240216,2.66607563700926,8.51383170777483,7.63723146379529,9.87148864365573,10.3438242799154,9.29681803014824,14.3350612396619,10.2059627144763,7.7023298216884,7.70282870743961,6.57277088610778,9.77068553068047,10.4177380692396,9.55042777921337,7.64288957729123,8.96379614902632,3.0601010055682,1.97466979079988,14.4533985100628,10.0106679724954,10.1433992607754,3.53179602950928,4.66021746537773,8.88712018402426,8.5085701145339,4.95469663030489,14.1199576560736,2.35466568605742,14.356359592241,13.8136456526865,10.3954753355031,8.60983880318037,9.69354240426092,4.44479926207678,8.09786422692737,8.21313769773129,10.4632098037925,9.68364860605254,8.49550648719543,3.03175512050992,10.1438732405132,14.4385799431175,2.20695033487419,13.9625720714949
9.47344129195277,10.1041582156569,1.40095791471613,13.8891886715709,9.05480223734884,3.65455275383605,2.80320732919845,9.26252451931188,10.0296022380411,1e+20,1.72199267751479,4.90014213284818,3.02600739424554,4.19797451117548,9.95276112964278,1.55381630723124,8.66520308556169,10.2292741482829,10.0744440503849,3.99262561436797,2.66659546986509,1.32201456847414,4.72921510009727,4.02855073721138,11.2688987132005,9.78692345949512,9.34528694636721,9.16115832125139,3.78404969773589,3.99223294680027,6.84842694538438,3.87502847528098,9.37011654334516,9.40953983455709,2.11036830042082,4.78627152706481,9.43447424514055,9.55966311935188,9.32882640622917,10.3844451046897,8.36746065672923,9.21338473945389,11.8190948552011,10.5114490748856,11.7245294628608,11.5511982995178,10.160713272814,6.37172622730056,5.79385503276409,3.91286135510159,3.98673276458402,7.28961900485162,4.89531205991645,11.5508769390631,7.15371136675239,9.29843543603676,4.01239065610504,10.1361065760869,7.4510433410821,10.1765084252244,9.40172719292855,9.68112913075805,11.4616884039187,7.45644960309647,0.562490916712198,5.05074123795057,11.5234414310731,10.0024389326643,4.79430281034446,7.44395982792722,7.44501336358826,6.96880120607505,1.01258454777349,4.32769081561446,1.84131869787635,7.46462640215536,11.6693558462926,9.32949464496012,9.84094058069539,10.4196382680871,1.70375412830366,6.39775603551639,9.36987365890639,9.42916889770105,12.1295055764665,11.494215797465,8.54450286595472,10.1033193086251,9.49713564275824,10.2395525586869,13.8185024682703,3.93434045670203,11.4993846592782,2.26353188291157,8.30375218135126,7.06516167347246,8.69359519982524,4.12610038206477,2.38616468744437,4.04799313775426,9.2543526672943,5.0155932712123,10.5737298322653,9.62181764629572,9.63981382598896
9.08167089333349,10.2646325127572,1.03358930227217,13.9923627918902,8.85916901301858,2.397075124204,1.31267306648809,8.84027387423245,9.69213248197931,1.72199267751479,1e+20,4.64543993157439,1.65961840835655,3.93112910340707,10.2400731438055,1.4355883923044,8.45768450028856,10.7530559224107,10.1758872161207,4.1211604006954,2.68363935522967,0.636792534323399,4.31846764228708,4.10636561778216,10.8972172332868,10.0497387471772,8.88521384023821,8.90292035657783,2.60959247238317,3.71578677830454,6.23293570606107,3.72893614356415,9.00891926703526,9.15695081915443,0.708487622711358,4.50006940383188,9.08751677522974,9.03532978757176,8.90910529551456,10.744845933552,8.27420276333078,8.90748880145794,11.3725458579624,10.9280033742998,11.2760065005869,11.0593866187967,10.4850078424762,6.46783835868636,5.14414701196896,3.76396035324693,3.60994407014162,6.70319393554943,4.53747727631148,11.0717950930085,6.53829736875448,8.94331873641973,3.99894955292816,10.1047096422472,6.94474774265573,10.4597982766008,9.19844621498158,9.37065842253531,10.9327043865447,6.99504222432867,1.57173507871492,4.54047576343163,11.1195431449951,10.3968939134046,4.30581336566916,6.97192444842911,7.15587729563167,7.07849795692086,0.959129954488724,4.11723052971812,0.618863388594476,6.94715397475838,11.2157673631882,9.11774495574841,9.46987732969946,10.9657534300825,0.954014329487235,5.55650235286309,8.99070171480033,8.92211376848484,11.6765714862794,10.9503008635359,8.43199519761611,10.3328188440483,9.23959327902437,10.4858100291323,13.896259459789,3.74097389002146,11.0300780628452,0.867262924384015,8.22614313801463,6.44944890396101,7.89567638554749,3.95149919310947,0.95147312663088,2.84755400419633,8.93888758444622,4.45089821490403,10.8082546686945,9.36198827527939,9.92711691356317
10.6443615175028,7.55388695332998,4.44455138089974,14.2731773325348,10.7757161591105,4.41403962357811,4.43125964483032,9.69869790880253,10.7060644215288,4.90014213284818,4.64543993157439,1e+20,4.37057465309582,2.33205105004367,7.64972991511962,5.23826781577863,9.68819164453071,8.15385742679172,7.62033823231973,2.49575876418769,4.38921375033697,4.66930192625549,1.25205510813635,2.73264189918633,9.79482637901686,7.574963710566,9.68122099120349,10.4585571857389,4.52238748416563,2.33470077790105,8.5061000898239,2.5051972890367,10.0478721170098,10.4890605665878,4.40810078132911,1.93001215250749,10.5676958617652,9.57113574812448,9.73270459613197,8.37197507958351,9.90487152086117,10.1656973150472,10.5435546014565,8.22603121278959,10.2985139241142,10.3241108778388,7.66447486772725,8.05064900999423,2.90831171977337,2.54318796152713,2.62130430472528,9.01214383949446,3.45331771529521,10.2215446541665,8.83902636462737,10.0159725476988,2.85240028824072,7.48794515649741,9.3950721274931,7.72671644176292,10.2069617574651,10.3564826192154,10.3181919289054,9.42567361184362,4.98810965017234,1.63159340138555,10.2983501049522,7.90717736155122,1.20769379605023,9.44745880650474,8.91689745830269,8.72463319859892,4.90087357212992,2.59668237808668,4.767613311364,9.40061704750519,10.1547259228523,10.4428533144848,10.2534599156777,8.55355336799617,4.33388090426771,3.70486826969955,9.96961468912202,9.66047599852466,10.9919822732262,10.4142510951219,9.86163274715183,8.05509151992993,10.3755441455925,7.85670162966631,13.9418682013838,2.38643085472559,10.3166476264993,4.49507433664799,9.71009728537883,8.70423530246909,8.33433133850502,2.58774727416548,4.45094474098642,6.02292615720608,10.0017191420834,1.29557746254029,8.07423763466653,10.6420567880092,7.5706829953884
9.00828434740633,9.9823545040541,2.11091828750723,14.111787483277,9.07430435270657,1.19299301347303,0.83203154353285,8.72808952032663,9.73797768267143,3.02600739424554,1.65961840835655,4.37057465309582,1e+20,3.9426249197753,10.2014490749331,2.87924262364328,8.68880048093653,10.8416971644267,9.88043657266295,4.277989022346,2.87470817646633,1.95313092714612,3.98079280947464,4.33659564090526,10.8313305581922,10.0470242866826,8.71696264212769,9.09678532121134,1.36313558641496,3.84047360138106,5.9870289184128,3.9506692550381,8.96232204911329,9.35125882306246,1.18673625530234,4.19119916662445,9.0853741860178,8.72145914531932,8.80637424064583,10.7856786772114,8.70127136930887,8.95687209559294,11.2030136686993,10.8781429958471,11.1288084901942,10.9319569081414,10.3678698877333,6.89974807805802,4.41535684655376,3.98996570810594,3.67795760897099,6.54984875553045,4.38773654622995,10.9218076485119,6.36010106381794,8.93972839671126,4.19416276017702,9.80109696613525,6.85166913014807,10.3429601469286,9.37990434925836,9.41574434425737,10.8068088896286,6.94482630681034,2.93887068043393,4.07142016378789,11.0913121367453,10.4805939895769,3.87994562336685,6.88719309205894,7.22844732208278,7.71625338287557,2.39424870424361,4.17193883652637,1.79535593409374,6.8336294356991,11.0592524006345,9.40621942395189,9.48950118195791,11.1032003660892,1.72433604947628,4.68271717393919,8.89948622183572,8.63055698311789,11.5077729504395,10.8303486343383,8.89573488062763,10.2926159733473,9.41841898962623,10.3770798476372,14.0379049554602,3.95968142501556,10.8879211519034,1.05580936601398,8.61574791457932,6.22418673512782,7.08276387207969,4.03929523891137,0.935590587557258,2.77515430349667,8.96213373706651,3.96486170219876,10.5803716400452,9.54151046637595,9.96983449993988
10.3892898656169,8.28784884859498,3.65670312015818,14.3059732190526,10.3406209953341,4.01300719084277,3.95555946300646,9.572482815394,10.3953443953193,4.19797451117548,3.93112910340707,2.33205105004367,3.9426249197753,1e+20,8.31182811695314,4.56793688648056,9.3392418391434,8.64566433564544,8.56674045908039,1.30529570258785,3.60955153883503,4.02856261077283,2.59873661803562,1.22641731887338,10.3754059155813,8.37947026329076,9.60626693441675,10.0345411878768,4.3352566430825,1.00483318634036,7.9858228048343,1.2135453704571,9.80561631509902,10.12114075472,3.78654797398729,1.46535838861506,10.1995928549883,9.60066566358013,9.62503819302566,9.12451325853187,9.44591264509419,9.82292445638865,10.9613729562482,8.92963917365113,10.8231913729894,10.8397730747622,8.51578316648617,7.51905190273522,4.09760333974732,0.999998462967653,1.05613684943686,8.29959890771014,2.46209798213351,10.7257609096715,8.15086415920049,9.77222858816841,1.40889407486433,8.4475523959815,8.59803567809907,8.52709266778484,9.91821851957361,10.1557999019489,10.7962075947931,8.59205327965068,4.3121130280432,1.95676453341644,10.8025418384731,8.35816293737417,2.64344216449744,8.67742369010188,8.42523607846239,8.22565128132983,4.20663631636749,1.16421301076083,4.17581806768601,8.58819790180714,10.7089672841721,10.0785035704332,10.0044009200735,8.82548893615414,3.59036971208279,4.06760627295643,9.78126149497362,9.63624263560719,11.3119413094286,10.8907819143413,9.41289773211401,8.92754499989394,10.0611035785983,8.6777943642666,13.9856613009876,1.36731463198921,10.7536457524511,3.97229203851116,9.28090127605956,8.10877339486792,8.43481695868925,0.783726510357238,3.88235877455207,5.71664092297143,9.74699439583381,2.65750086547859,8.99843868318768,10.2798967542445,8.35192092478195
14.4985640787656,3.04052914734552,9.81163588600748,16.450067870127,13.5683964955858,10.2099344522218,10.3152707278316,13.8569824042335,14.2371511430243,9.95276112964278,10.2400731438055,7.64972991511962,10.2014490749331,8.31182811695314,1e+20,10.502271738167,13.9034642178669,2.36441171602088,3.44663462456131,7.84295260154155,9.14981414507654,10.1089521236367,8.32527985049214,8.04699882039394,12.4243206652249,1.5165358067224,13.6796225712415,14.1070436357311,10.3977149313011,8.27574326447623,13.8458959805814,8.08647983230419,14.3065745868944,13.8576172977479,10.0837783778495,8.13514873133264,14.4400903268256,13.9608495512608,13.9390151217252,2.22409308412761,13.3333633576921,14.679156390884,13.2246958901875,1.73184053602858,12.7673116659928,13.1059075485782,1.67891218438738,13.1092836973879,9.273639283238,8.32585141741307,8.55771892598054,14.3987570401314,8.88006114922833,12.9530870601744,14.1629214444197,14.2123457655091,8.25541001023646,3.50065503130405,14.6993546557745,2.34452354435319,13.0815464101432,13.6325518708271,13.2224946639419,14.7798434993656,10.016007068871,8.30752277470533,13.003986224136,1.41205698984698,8.11656452406899,14.7410348300631,14.7050202966461,13.2954066792399,10.1306291794671,8.17391044566639,10.3244463728638,14.7109382569942,12.6726959194814,13.8407573318024,13.6087301475471,3.19405184022648,9.8310795397388,9.62537397097968,14.2834785335928,14.0467167350543,13.6352509479749,13.4243103190399,13.3210217530084,2.86150547986636,13.6369507988734,1.18224263420892,16.0238534408718,8.13189449197138,13.1833474532656,10.155717403021,13.9257320470193,14.0306878875574,12.6540541205394,8.31243017358821,10.2512992481051,11.7692909408756,14.1855934437423,8.36640372573661,2.55023151375836,14.0540267239295,2.00228116281359
8.84600107153541,10.688240897087,1.58825515588028,14.1525312091758,8.37898501848284,3.48138404929471,2.40929255001826,8.64914778285128,9.35199970751409,1.55381630723124,1.4355883923044,5.23826781577863,2.87924262364328,4.56793688648056,10.502271738167,1e+20,8.01218377016614,10.9785138317245,10.5051894833154,4.65957628626795,3.38549231818089,1.3416748949093,4.94113606836684,4.61404801878569,10.8184989652266,10.2536201355852,8.73092681630181,8.42501212548386,3.74534964325432,4.28907766278518,6.32543803592472,4.23857736313095,8.80495749457182,8.65698454116339,1.90638871005621,5.2213621844087,8.81546235552638,9.05947492728576,8.72602440193062,10.9170094752969,7.62521904619282,8.64326302190498,11.2765918989217,11.1945395992451,11.2070346430239,10.9846519964557,10.7693068666739,6.20140113854152,5.75856665527632,4.3193063345292,4.22957639758596,6.80994796615638,5.08599093334455,10.9928356766285,6.65485021676852,8.67550592288317,4.483811031191,10.4392594301127,7.01770506593707,10.7411335000852,8.71793420910609,9.00056368272511,10.8697797441746,7.05333615557487,1.26658358330583,5.24432343971852,11.0766813676574,10.6198843489511,4.94545390786804,7.03630722655083,7.09484646548771,6.51844034718789,1.02200322533394,4.65122658349758,1.27142876538819,7.05139341916405,11.1559106070634,8.53215438570059,9.14079415659605,11.0973309468755,1.88029407403387,6.29400142691552,8.83332759071853,8.91522289248363,11.5629907757054,10.8959262724942,7.73120343671601,10.5192587073993,8.75399928056798,10.7673402238516,14.0263811853252,4.24378529931353,10.9174048410613,1.99863423536825,7.70608209408913,6.55297549628094,8.44089786452757,4.56259950302964,2.19654575546799,3.08932221468915,8.67270723521862,5.09582027780711,11.1235460942949,8.88536889017569,10.1120166465759
3.95005928775099,13.7350912729045,8.77821296828931,13.9476690991738,5.72297680776372,8.75621098515678,8.35137149387847,3.40672005206768,3.51812778093772,8.66520308556169,8.45768450028856,9.68819164453071,8.68880048093653,9.3392418391434,13.9034642178669,8.01218377016614,1e+20,14.2331698965258,13.5735309965662,9.46783677031918,9.89681501288205,8.59456726222705,9.22282112385799,9.57854756040828,8.95131503966166,13.7174507995476,3.79889213085513,3.30742132150239,8.76808573707616,9.21230440101857,6.92353815458102,9.22272613199191,2.75714304932472,3.23414381802192,8.63795323560736,9.71153218144383,4.03679405184234,4.53946167200197,3.25260734587116,14.2084390825879,3.92492783995607,2.83308620444798,8.6962981920562,14.3981140516918,8.86464276801616,8.6514882439985,14.0085277768773,6.63681823487993,8.80539989805679,9.27548683519177,9.06088734475399,6.46587707993983,9.38674279336435,8.61713827447517,6.61716860176288,2.29744902869324,9.38430266402374,13.6570524998387,6.31250857438841,14.1103930218492,3.99081182905616,3.95868478376713,8.53801034167902,6.21885343560523,8.55656346979387,9.36834943102595,9.23040988658984,13.9666732623062,9.21631509593061,6.3566689946917,6.05836441156143,4.3624054934092,8.51084379637249,9.3609912297781,8.34426080670201,6.32048101334788,8.91049262448161,2.99988647292208,3.72042737050079,13.9712159540637,8.8758892296816,9.41747513707703,3.08944857071822,4.52000155614747,8.70215511988105,8.55927559157241,3.8858102774302,13.829727163116,3.25491608151484,14.0450136019721,13.1863342168452,9.23628087625997,8.46247827661844,8.53471464862014,2.58113780743371,6.72140574909778,8.15791400279603,9.38996990742642,8.49649483733482,7.17161357103308,2.12946527555203,9.17934090181063,14.2009459811026,3.2620232359605,13.6393555377653
14.9735085602862,4.02560870082894,10.2572498414897,16.1598025151569,14.0957073668329,10.8515908718188,10.961452895069,14.3445242062343,14.6780618801221,10.2292741482829,10.7530559224107,8.15385742679172,10.8416971644267,8.64566433564544,2.36441171602088,10.9785138317245,14.2331698965258,1e+20,4.94913955417958,8.03337414548906,9.4756614127511,10.5695371331291,8.85871861345724,8.23708197596143,13.1002296456488,3.2250385968829,14.2296055097594,14.5635107207854,11.0402390215547,8.70317601495888,14.3127159101014,8.46901183872497,14.66842470043,14.3614024839222,10.6521517378876,8.46872814800244,14.8800659742153,14.4259741849272,14.4047586129032,3.02177926840648,13.7650428399996,14.9536821463182,13.9336095327834,1.50533238804983,13.5100189176446,13.8736471577182,2.51017371823715,13.1390415980152,9.93472635731561,8.62795303089959,8.96240357104848,14.7309644866178,9.27417790294032,13.711332645738,14.5362751793409,14.6156635435078,8.5194795899009,5.26774156702609,14.9779670398443,3.34958332620136,13.5959817360371,14.1832195157457,13.9905943285178,14.9985536731661,10.3529598015341,8.82492109903458,13.6281059949433,1.62322339190991,8.76289893944968,15.0077943102059,14.8068818440606,13.4260064355391,10.5704979954627,8.54712518386386,10.8716049073327,14.9663950748737,13.4241806380643,14.3436851020721,14.1486973588263,2.43238149164642,10.300813155191,10.2809219236748,14.6507472039686,14.5171826355546,14.3301087315816,14.1768441882634,13.7691218133577,4.28291269941866,14.1581378086356,2.91338301740017,15.7574967260998,8.55382990852663,13.931882283098,10.7579390876099,14.1496269579099,14.4584091898216,13.3504364505418,8.61178447913708,10.8240773347677,12.495609786444,14.5393764325351,8.99888998804995,3.70654655441074,14.5390433813371,3.36425645910475
13.9864256606628,2.39274333309398,9.84986062962936,16.5001416645977,13.3745161113234,9.87466958977356,10.0648901807569,13.1901131294921,13.7700451084046,10.0744440503849,10.1758872161207,7.62033823231973,9.88043657266295,8.56674045908039,3.44663462456131,10.5051894833154,13.5735309965662,4.94913955417958,1e+20,8.21193379427179,9.25413043389798,10.0662151041393,8.13655196108805,8.38469089954673,11.6832620024976,3.26764546620322,12.938388611652,13.7960709405632,9.92991323628075,8.5570770466059,13.1856363545051,8.37794271654404,13.8191190803426,13.4807516272929,9.94138372306826,8.32055906571143,13.9829801551687,13.238394846528,13.2747039839713,3.82194982444439,13.2520327449221,14.3513042612172,12.3473761455563,3.93378401503876,11.8795166629779,12.2634562549827,3.06774896434336,13.087418370746,8.50961170204657,8.72808756273732,8.74054560788885,13.9490666261256,8.99792442245987,12.0832650964937,13.6549995079981,13.7121012203015,8.53018643754748,2.3816254034709,14.309961777299,3.04987571500383,12.6425851570376,12.9945881633653,12.379443273251,14.509302662141,10.1185057256758,8.32571790193543,12.390240181469,4.44248623442558,7.85691277860665,14.3348297147145,14.5564185777949,13.3508315792286,10.1484762451941,8.46332412730077,10.2107599840276,14.3839655492289,11.8219573466111,13.500865622267,13.0829247213276,5.43770911079042,9.80120932735024,9.3467423606392,13.7444610879971,13.3111230412951,12.8168692264217,12.5941094409948,13.2330001612105,3.07227795688024,13.1892003418781,2.7851876520546,16.0901534247027,8.45929718306855,12.3054331034742,9.95761685404702,13.8146717636922,13.4238219152218,11.7366392747331,8.55549598197582,10.0786683511306,11.3367199553731,13.7220471541606,8.07368893299816,2.36595884899499,13.6219630911569,3.63510137953611
10.589033488174,7.88103951146056,3.76820534596054,14.1154386245255,10.4670054190145,4.4722417833382,4.31474228222058,9.75878115175882,10.6242348691619,3.99262561436797,4.1211604006954,2.49575876418769,4.277989022346,1.30529570258785,7.84295260154155,4.65957628626795,9.46783677031918,8.03337414548906,8.21193379427179,1e+20,3.58886379397618,4.11103491874589,2.89387972822528,1.11596812137354,10.5871038667954,7.94668287340205,9.80234338523588,10.2405350031746,4.61194540338314,1.47557969614132,8.2795396186607,1.41576998914503,10.0116394495244,10.3133202560359,4.03096708880476,1.94008754719914,10.4204277498962,9.85881902192911,9.8132912817291,8.60496988040774,9.57499358197544,10.0452620428923,11.2620522076557,8.36518682811363,11.0921121353885,11.1105872004985,8.03203465348899,7.63478894186613,4.52783084630906,1.39660747229148,1.77039019481929,8.62128349621924,3.03269373593947,11.0152687528881,8.47201270337661,9.96756583108373,1.59623036459541,8.27423789998271,8.898330969447,8.12269990784324,10.0219019388565,10.3182202109162,11.0934147319644,8.89039525457542,4.17094702390951,2.61681138279196,10.9972988862559,7.83547959293984,2.9461451351125,8.959034599217,8.72704383549675,8.29290866365588,4.22297911172505,1.67240177684677,4.38690621204712,8.89268007448127,10.9873693360231,10.2562450855071,10.2501200338414,8.24048041182079,3.75079833444926,4.76754057771145,9.97513783069711,9.87053250296112,11.6408646236224,11.1885189298767,9.58011930668003,8.48830653185082,10.234893546639,8.2107195427857,13.7851361300726,1.60758976692292,11.0505398103476,4.20745404720321,9.41283233211654,8.41473758390577,8.69587292449654,1.34334742970203,4.14370950179865,6.07738271931894,9.91853026208139,3.17003538512922,8.56645271021787,10.4772949574153,7.89724384881755
10.2235028198358,9.11715430272015,2.02004093145957,14.6673253618274,9.70977722277381,2.92422800074896,3.15436083153704,10.1855370424895,10.847465496063,2.66659546986509,2.68363935522967,4.38921375033697,2.87470817646633,3.60955153883503,9.14981414507654,3.38549231818089,9.89681501288205,9.4756614127511,9.25413043389798,3.58886379397618,1e+20,2.47202484050878,4.48532850578524,3.48675850714934,12.0465108244054,9.11350361342618,10.2057260796647,10.0862641405199,3.56942041740065,3.80849240274241,7.34482427525901,3.6307001931281,10.2463689498614,10.3669134039033,2.49753248194107,3.8602834398513,10.1942973686124,10.2111926260146,10.264027839248,9.79225266973668,9.39708724200386,10.133564973545,12.3913795193086,9.68702561745536,12.3324747611951,12.281824831658,9.30973514107955,7.39631527677938,5.4016845092162,3.60360438372168,3.66920239399121,7.80298485880354,3.95218320649864,12.20644597257,7.62792438156613,10.2663212483833,3.52573718044729,9.14546961582589,8.0011055048352,9.19032890718444,10.28172694045,10.5430498888852,12.2017564083164,8.03455375916928,2.7555217113427,4.31608065302702,12.3864514888712,9.25955304244454,4.50239548965825,8.0024012416686,8.18500932501546,8.43038330180647,2.64174228362228,3.74344242492657,2.86184812457607,7.98365541554156,12.2555038640081,10.4351798377584,10.5633684917601,9.7161456656831,1.87443564722592,5.58196076565089,10.2349808827017,10.1036073427705,12.6398921840177,12.2763400324729,9.61662648755433,9.57220042641234,10.4621900384817,9.47798747717234,14.752456209687,3.87054749936794,12.1835072353841,2.76971343321002,9.52205692538598,7.55658496450322,8.70555634030054,3.56900913692322,2.86046374011969,5.127153354261,10.2471313283895,4.56493433178198,9.67270639246038,10.5745530694833,9.05480737969186
9.17692096221887,10.1534589129188,0.845028236415576,14.0155554322118,8.88378234538745,2.67587420400036,1.72135044430775,8.97065185553375,9.82366520445751,1.32201456847414,0.636792534323399,4.66930192625549,1.95313092714612,4.02856261077283,10.1089521236367,1.3416748949093,8.59456726222705,10.5695371331291,10.0662151041393,4.11103491874589,2.47202484050878,1e+20,4.37297734155858,4.11239303582396,11.0948989099896,9.92648183490748,9.01507570452926,8.99490968133719,2.82147233495832,3.84104813814074,6.36030584656888,3.81135091133361,9.14420046921696,9.25653441874723,0.961535819460454,4.55148182459493,9.18647318614245,9.18353013840067,9.04383805726889,10.6111236130079,8.35309591534751,9.04258390344133,11.5945550460598,10.7514863315766,11.4962115608861,11.2930507646501,10.3153774197376,6.56205998121539,5.23336097593882,3.86802187866377,3.75181387152236,6.87184128288672,4.64109421430401,11.302017031325,6.69969481127018,9.0783304162486,4.02179841365874,10.0249666153621,7.0927041970334,10.2926307333881,9.26721316365007,9.44694370029706,11.1797737208986,7.1446574294469,1.15229788725003,4.65765991502293,11.3261436424764,10.2560339879768,4.38439837688831,7.10148777048452,7.25898308214477,7.1798057195659,0.611498460414345,4.20540682327979,0.78639922394699,7.09700178654032,11.4369696806288,9.23710039707044,9.59545122786167,10.7823517435111,0.844133557758727,5.78321223961572,9.12492340095547,9.05467107087253,11.9064762884361,11.2001285573272,8.54572837009978,10.2252914810116,9.33768024539383,10.3610390122134,13.9548508275394,3.85193507751914,11.2583427814406,1.12639812803677,8.33634345497559,6.59397491223945,8.07196693224238,4.03758069757101,1.31610396935628,3.18911987164992,9.07013081321385,4.56041076530415,10.6487486861876,9.45863393246666,9.80324783599773
