1e+20,41.8195695118753,20.0609778662416,49.0962752849383,17.8712541596184,25.9372753073449,32.2162858290262,22.3591615652577,18.0860659314998,18.0341359779547,24.0326011487091,22.0339601832745,13.2090303509786,22.6188521934571,32.2272812543347,18.8096364602693,13.5000542331331,47.7407144227419,26.1911922387748,18.8324745710025,22.9057124505201,13.5046535674645,24.4630471791017,32.3688332258505,44.9481447914954,28.6340491504207,13.06759779786,20.6787560771758,17.6073253119902,24.4385072865013,20.3802007444052,21.2193214440627,15.7914837910107,24.2337769596854,17.0576267171271,25.0689313868453,17.4931143568546,20.0699504249494,19.7368713343916,28.8021642824476,19.0600212315189,21.2219020477679,47.4982247814474,40.369156708933,50.8460711704083,63.0827652458707,38.5574448227275,20.3550435621996,25.2317164092922,21.5395805446368,21.0222916116548,31.2467082915659,24.5933979978436,45.0958184186881,18.9984166977091,19.7921527684344,27.1295379848253,34.4391091074125,16.6601830416231,32.1493571625785,22.4026282813786,20.1902526687339,47.7191292493273,26.3212409563226,17.8659483565423,24.599511852043,49.2054012485094,27.5803467254576,27.8222222703371,21.3500327710709,18.4628961704904,25.5869746433993,17.5031568075255,22.2098545576916,22.1596153064857,18.8603403822355,35.2258145339039,27.9919985072904,19.2556064161243,49.813439967311,31.8068258315634,20.0272842030502,19.3604108697697,11.4428003662329,41.4854005155333,45.3067916485219,22.2713383671257,41.7449436270965,16.3275499107543,26.4608140083162,38.6583251404125,17.535116870001,33.6596622313307,17.3387861220714,13.9412269187467,19.5836625189509,18.4813656214789,17.8077994637811,20.7076663180567,26.8963632006375,19.1054792578025,17.1640039783068,23.825143955493,17.2855636357731,29.4742706289907
41.8195695118753,1e+20,39.7374855619292,69.0580362628519,28.4234694223745,47.9249388496961,55.195850121702,50.009246894012,36.3866397626333,44.5847836798258,49.7474976034869,37.7003087313954,41.3197981676011,41.4077290300833,33.1962120555434,40.5919562968253,41.5661913342347,55.0894243681712,35.0335890105022,46.8958187089562,42.4571185095804,41.154924417304,35.4850441584418,29.8017766795154,66.7662020974748,29.5675347392949,40.3020279865643,48.8403304010531,39.6239993646051,37.3018368437938,42.0298896359774,41.4246487059955,43.2382354180127,58.0985754940226,43.6482356825817,52.8232620013791,33.6165641931994,45.0827473854957,50.3521064752238,53.6475059226704,35.6564149028339,46.2106962491605,74.8927543250102,36.9115052984273,68.3011487133864,83.494295769071,44.796059221605,48.082181403762,37.3322256260294,35.9735709266856,46.9187520192585,53.5532198744347,56.2859321615533,59.4914509699807,42.7799798332832,48.4908989280562,43.3848682304202,20.8221891815122,40.3607138322032,26.9530101718971,39.7944899455498,45.248459326309,62.1971239275847,50.0068342931434,38.5621096759595,55.2328189783512,65.6737922921453,46.3951378113446,27.6092958809924,49.4890317991905,50.0894989361062,56.9737283094715,42.060509582927,43.4763482866349,43.4074080583568,43.8738162102839,53.7805443806123,47.8768252524283,42.5814537627892,26.4778748196777,43.4941820995382,40.9057083185088,49.7544106691662,49.9597568814434,59.3038254317411,69.8932210568906,38.6474010266636,38.3138601659356,38.5473489071698,36.3143448378689,54.4899472881774,36.1401073179626,50.2370977414823,39.3985264045143,51.0773734764781,46.3004886816124,49.6327572807464,46.9318709084724,38.7376535089157,47.4109434501617,47.811742334021,46.9132949103515,44.6580687321539,36.0547558518002,37.874827404876
20.0609778662416,39.7374855619292,1e+20,62.9406565614408,24.2245369833313,23.6053424358458,24.7859615343575,30.3320446994199,19.7956342091842,20.1084411830557,23.8885126800642,15.6734904385565,15.728709830833,21.7965546247029,45.0040792150572,15.2726425618921,18.5578181167528,47.8695007097841,29.9519380222557,19.1005083214283,19.459706356312,15.1244655627184,27.8900785574929,22.275579086635,56.2010749211482,39.6183278001373,15.6312612645395,29.5749479352744,12.8381921936948,20.9394853958957,20.2295231497813,16.9604463445283,19.2204211426814,39.815722460642,16.6187510416341,25.3947412193541,19.5959747444243,18.6670074561754,24.9340419012102,35.7853683864554,20.7920702064682,31.0055954904105,62.6021323054252,35.2656233444011,56.8545871348451,78.7279265598722,47.9084502462437,21.0105195831762,15.5054796989827,15.6125419641612,19.8988317655181,34.8707776256434,27.6437194150438,56.1080644566137,19.2225475954965,22.0161403937826,20.8083037286613,40.0285090380272,18.5674932234453,32.7627089435162,20.8855998694468,36.3206207765006,62.2566662100451,22.5155060694605,17.5834069722044,28.1514862968494,58.3970608407415,26.4246025689834,21.4340663741711,21.1645507394847,21.9741231776807,29.6141213158013,19.5462379805088,17.1487200133143,22.0948955516856,20.2138275960262,36.4244129140881,20.9122909912856,26.8334298380629,43.9012485890645,29.9799444934358,16.6345053238005,28.0299251609458,25.048943103812,44.1844454752824,51.0024114268141,22.3513517207911,45.9429421345816,21.1461401004657,41.1961766732354,41.981539436286,19.5079603422394,32.4784426100557,15.0809299861038,24.1624779381847,20.4815098150932,23.1144747356659,16.2107816830512,13.9791356754149,24.3574950384664,21.2831173453717,20.2283602600165,41.6996089278487,20.7490528572985,43.4783066729166
49.0962752849383,69.0580362628519,62.9406565614408,1e+20,66.3994709512938,67.4123521120532,78.1407740690864,53.9041479100407,61.6878094765476,50.4356492803297,63.1157989237397,57.5372241311884,73.531228370107,54.2490325684326,54.8305568929665,60.2649785047082,50.7365416645046,73.5009991934738,85.627011187322,78.534748902585,61.2523238115883,50.7395065629524,68.0473714316463,66.0718182986539,46.5804820453065,53.2155361678189,51.0339976155178,39.3895993096136,59.0164130989582,54.6936929677142,48.7280142960847,60.0799936449324,54.0908157242455,54.2590240728065,52.7847618898467,66.9432970051408,52.9165157770814,49.7497997773677,45.4721484923316,80.843975675674,56.5902789198052,49.7267876073619,42.6699682694834,106.717071171382,31.0380179836215,25.1129752447543,38.5663758352411,66.1064343717488,58.5320835347582,63.6127331408178,47.1340663233299,69.1497143051526,51.4704150972683,40.1604640542473,46.1966908381022,46.0591450910264,54.3089435103605,62.8622702075175,59.2673207582864,67.1534462227983,44.6714011699279,57.5936919386691,23.9667769258219,70.8883456658864,58.3196705726046,75.0862220147683,64.3683937850016,97.0110369573853,65.9448001516464,52.330966333555,60.62933387203,50.0040940962907,53.6620439225484,61.7809830268695,57.7351980081089,52.49946975509,28.1064677160354,52.1499301367036,59.7017872450132,59.5050286747093,74.0866148062747,59.0483622975986,43.9183721038802,46.2201016523667,45.6109976307194,22.0522382786928,57.2409258782274,107.080937470885,52.5920117647343,50.0527741829014,28.240851712966,79.6372402953751,42.8636152990397,55.7515007748984,55.4479823488718,51.2922200790611,46.2691804702169,56.1490986186749,62.9856977885174,64.35163893457,52.0955451138629,78.3365529378338,58.1960494984477,52.6342366403711,66.6256329473364
17.8712541596184,28.4234694223745,24.2245369833313,66.3994709512938,1e+20,38.990908943685,41.6698523117629,37.6778940651711,26.327060331189,26.8805375060623,39.4621584706549,28.9911949079178,21.0642420421225,28.6441356759151,33.9200764458824,19.4832237745266,22.6170422814682,53.6533309908609,30.144263789207,30.1445656529116,30.4286296569016,22.4354389306594,30.8227321605479,31.3033713029094,55.2766369744949,27.4743542510255,23.9277852817243,30.7636919771513,19.801323697773,31.2968432163985,29.8973292461607,26.6436603492769,28.7807525798104,35.273052067186,25.9881591119301,39.635734175747,15.8406245216147,32.3779942539223,37.4395408361634,38.244127494242,26.1916932007937,34.4727162520481,63.0651110292075,28.3716477877313,56.4811587299486,80.3895147362461,48.1477771099594,32.3481937990533,31.219875728195,25.2290312800676,32.8400127557556,41.0390146678391,39.6128146183521,52.5435886096194,31.3132678702264,34.0951072194117,33.0515667718425,36.8692067482848,27.82494757648,34.1823657102036,29.2596390962002,26.0634260760568,59.4639473201669,37.4480496833136,27.8155081276673,38.9885960625366,56.3679903088782,32.1993686058297,26.1503756124949,34.0973524803508,31.5237258187161,41.1398012528059,27.5080052859278,26.1896394694118,32.6142114338835,31.4445183440079,48.3639502076025,38.86141924586,23.9911309782495,52.813745040382,38.9803174423854,23.6562700581399,30.5832156685275,21.1836722315612,53.169031856502,63.4097188213675,28.4466093998856,39.9848062635138,17.6967866027254,33.7047243768092,46.3024474514086,23.2413545316668,41.225446397427,19.651560559902,20.1918037355931,33.6682575785435,26.1438040127637,22.5282578886109,19.7038455106631,32.2217027644332,32.6367963595893,29.5171929223786,30.229916906531,25.6153250630123,31.6229555620917
25.9372753073449,47.9249388496961,23.6053424358458,67.4123521120532,38.990908943685,1e+20,25.5623907151716,15.1298498053352,23.7054455749218,19.2331540286417,9.00320894324724,21.1872196097411,16.258984254039,20.8330970754027,34.921221082141,22.7336155405793,22.242781099824,47.9977603024537,26.9616470270142,17.9294587429823,13.6050500687673,22.0707102379856,20.3981132911928,23.2706121846237,38.9455252292791,41.3393385708077,19.9041419420287,38.6553678965434,18.6804005687421,18.1980369423382,16.7152263787903,20.7263552189717,21.7385118238206,26.0198129948652,17.2913774974824,11.4318876434708,24.734638549854,17.7511473952188,12.2955147086572,29.1086965911253,23.9937106191463,18.9905043808557,54.1499604424112,36.0185011238936,55.2479204901996,83.1852375224704,37.8625008358748,12.901879297626,24.8530147401728,26.9629110828897,12.8704747838946,38.5414144001458,14.154204959187,44.645129162263,19.4725893367501,17.1150224769883,20.1701909605163,46.8905727424335,19.7708598288587,37.9689172410296,17.7656068388254,32.8951038011856,55.7259878918096,9.63229685260528,15.1593620717889,13.7632119280948,43.6766549667075,19.4358219561218,26.2968429045372,13.5089202128835,13.9923626464076,19.0383007239025,15.9087787990565,22.3960987081293,18.6879042115404,19.1390931768363,30.2354185588356,15.1612853140587,25.3923502459701,41.1172247024572,34.5590031917248,17.7967770746101,22.7852408734707,25.691772980051,34.9410469881912,49.5769020915961,23.0352413378096,31.3215959707523,27.4732494617813,38.793163339473,33.2852007910572,24.2756013977504,25.2449997800975,24.3928610520598,25.2301368274029,15.8543106448281,32.4154051957339,18.7688596200907,21.3467526622108,38.3686168632446,12.8205551695064,14.9876538717568,44.3233338342266,19.7044916469973,40.4678261582139
32.2162858290262,55.195850121702,24.7859615343575,78.1407740690864,41.6698523117629,25.5623907151716,1e+20,30.8440149817732,25.9446517382405,41.0642634995749,28.4401787675846,21.4119852195927,17.3119518346714,40.2446133035344,51.6728059015664,30.4130791948633,26.6516305452254,38.1236858043651,41.7623942906757,24.8545556557123,25.7737181917267,29.1535137504621,36.7901357708436,29.4345531935707,63.3845169987638,57.324577228345,22.4768415199452,49.8721692373146,22.7789418435984,32.2680465770645,28.4632938102013,24.5185925103929,29.1461424125493,55.4202208300924,23.8325918714928,25.6595487766304,26.9780987740042,15.249368155273,37.90317047357,46.1202550284257,20.5186032471977,33.851177334673,73.8826125513238,35.2734199448649,73.5233955475599,102.911577300509,49.8264510041273,19.8604585381028,30.3741366840774,32.9332655111648,25.7902585797351,37.8620782494414,39.4881097084787,62.6980427522478,18.6839121127209,17.6157934177676,35.3313335926161,51.1271811826342,31.7357353238789,35.1740775714433,20.1015593284679,57.6099080799988,77.0251475545374,21.0381141722762,21.6746432904265,35.9375337023282,56.1472074588779,22.726718766851,33.2807346746923,21.2695914838951,26.5988467140344,32.9341024692796,24.0343359457889,29.5109070076576,37.5754249013657,25.5525354366094,38.5094330199363,17.3715646404971,33.8725303891357,42.0470480157521,31.1056082172353,26.2663123400277,41.1110940678521,43.2656344019235,42.3201489285866,63.838072970003,23.1126477713322,43.8511496813252,31.6693997120957,59.2943977423207,42.0578698002918,30.131875872648,35.9350149934329,29.2827121914847,41.3816156542639,21.5341573644819,41.391561635801,31.2771125604546,29.8070355930931,33.4324490109309,22.3687499944946,25.9008181965966,65.5023547031162,28.3291012066636,58.916003377783
22.3591615652577,50.009246894012,30.3320446994199,53.9041479100407,37.6778940651711,15.1298498053352,30.8440149817732,1e+20,28.5131160236499,19.3583152144307,14.9229150046173,27.4347278515885,21.8408476602975,25.6396844265386,27.8732408466532,26.7750097200532,22.7020950434947,51.1655786158194,33.7759640380784,24.97773039164,19.4867861388271,22.8944837190266,21.6745467004742,29.5123337417133,27.0622705878572,32.1702107648444,22.6936119522239,31.1785050728775,25.2101911277755,21.3974491349948,18.9664188354172,22.8996283884572,25.1107980628347,15.1577549776223,19.9306319107707,14.1442998476134,24.8323564070065,22.5696507295966,14.1217997768079,27.3809700329706,26.4795517022315,8.88511653514207,30.6377389595859,50.5121585112116,35.9541067348025,58.9318067284153,33.8744803303596,15.0939796213572,27.8834126459821,29.4164793071222,17.6932583720146,35.6762300243633,15.3900990484493,30.5429559543576,18.6258717418945,18.9679577715567,25.122662633246,43.0741513045788,27.7925799982331,40.7099673303443,18.1443945015755,22.0679302771574,35.2033901822427,18.9157469739243,21.2922493019462,17.8894124194239,32.572485576643,36.6382905886851,30.1771291751302,15.7078068374842,19.6856318746136,15.5935827484628,20.5878457338369,26.1442655144542,20.8548058554401,20.4045036548814,29.595111107762,18.9240670377048,23.1663271359863,39.5689717049596,31.6942494898667,22.277499815317,15.1964465705437,18.3479257549441,31.4582413900928,37.8176392235095,26.5156904385756,48.2523845323483,20.7752539512841,29.4035873911111,30.6223482260435,29.4010671673652,28.9566663341599,28.2653829534539,17.9941055732231,16.1672953171798,22.8601507888565,21.8559743505272,26.0347698014455,36.8787320157442,13.6106312156497,19.3198147936976,34.6450345462296,20.493580377972,36.3120693939839
18.0860659314998,36.3866397626333,19.7956342091842,61.6878094765476,26.327060331189,23.7054455749218,25.9446517382405,28.5131160236499,1e+20,22.6281268130994,25.3088736715922,17.5008806736476,14.9275433668645,23.8570581015222,29.7119204297354,15.5762199589339,16.2535542413682,49.7790091788242,20.1922322523304,15.0774844727579,16.5748906439191,13.6688954528645,16.4336905681493,25.2995046285338,51.3381405812933,29.862022641931,15.295447665781,38.7167596547855,16.1087818883944,19.188177640673,12.8810750918392,21.2724132325258,11.7065714440228,42.9250414299299,14.1095668019745,28.1941055066624,15.5683315244967,14.6170192508027,24.5555705247457,34.6973506473191,10.0738314563065,23.8767350265036,65.2112516748822,31.1840177978241,62.3056545269966,84.9039947079974,52.0604240416978,18.4962349541799,24.0230061350636,22.8717307823563,17.3730766594429,35.7675331316333,29.9987172811541,49.1732725207562,12.730977814471,19.9242143756818,27.9080140061816,33.9053915776015,16.0551675222351,27.0519993485987,18.9766300379746,30.3823574480742,56.2378746568455,20.2719654263774,12.3358462640577,27.1117022768213,56.1439425199233,18.8705533845153,23.1464615259658,20.4714328539856,19.4354650733875,30.9838372766087,13.43531846277,19.9477938255704,18.7674034284195,16.503367137495,35.8050260147163,24.7073338441897,20.5455693343134,44.6709462952492,29.0224431917696,18.8517853133386,26.361360766547,25.1698680803833,42.1105385703909,54.7356453481681,13.0409896422987,40.8510081355039,18.6525628367295,31.4216511138032,32.0093143461422,20.7300091328745,26.2017906819111,17.5541160449504,24.0020291362067,17.7336053111652,29.6975886228876,19.3144562884045,17.359461265266,30.6641539789602,17.9511878833824,17.3629923188343,35.0848492277951,10.0131271955219,31.5266445312607
18.0341359779547,44.5847836798258,20.1084411830557,50.4356492803297,26.8805375060623,19.2331540286417,41.0642634995749,19.3583152144307,22.6281268130994,1e+20,16.7469896877483,14.2483645522463,20.7654524057948,16.1772671886876,38.9039035170101,21.1044910351528,21.8865828252356,45.3990228804042,29.1724997909923,23.3894293433993,20.6615342111732,19.1516538990566,20.6141952402717,20.3221164349974,45.5485470537738,41.0664295061059,13.4836908336092,27.1715060207668,16.178245439105,12.7505085593083,17.353905253285,13.32888654714,20.6494618909282,30.2447863753259,17.8531937253119,16.4351043308773,22.7687324858772,20.0561806396962,16.2410146914369,27.6524397799559,22.8350384177917,22.0512396214898,50.6097575503663,33.2071495310098,47.2240447107006,64.3114615685498,40.2261743712123,15.7191836437414,18.4587401499805,18.7800274879752,17.2032511189847,33.5506658371898,18.2501676935839,46.9763229774077,17.5465416742333,17.0388085897142,19.0879443746892,41.6284469758208,19.9931342523784,24.469824372424,18.2159062833012,25.8854772878838,51.3426669577729,19.0557366329532,20.6582048382053,16.8592532363518,49.7940406071854,30.6416284276011,20.7166004757806,16.4706518801845,22.5752079376028,18.9731976339929,18.3583811853133,17.7710741362457,14.951811742005,22.0456901043377,33.7616755717328,21.5038852759052,18.9755790879522,43.9227845646968,23.0816966115588,13.7648595698642,20.3705297018468,21.0718873951944,37.4110635116185,41.9201473036046,25.6198917445721,42.2536742212671,17.946939085244,42.2789404650928,37.5072962438095,23.909215382325,25.6116872171328,19.1937785361801,21.8594430263175,16.3826042378552,18.7379428027832,16.3432494454197,19.5675211199829,27.7784572798206,15.8878968754054,20.0030388152317,44.1611516445652,22.107120183342,31.3709358609909
24.0326011487091,49.7474976034869,23.8885126800642,63.1157989237397,39.4621584706549,9.00320894324724,28.4401787675846,14.9229150046173,25.3088736715922,16.7469896877483,1e+20,21.1348759974292,17.8709452292186,20.1359695144597,32.706338326438,23.7326799154027,22.48195587533,49.2960419447222,28.2849935426266,17.502077505202,13.6822742049064,22.3827754343215,16.4425541938216,22.978432418037,40.0254739946136,39.1137469179622,19.7103895671817,37.4677599981165,20.7610691986944,17.9175109099885,17.4297218390315,19.3942514537765,19.3237003288066,24.7233686237558,17.4422800750942,9.60526173856742,25.8264971127204,16.9864091099195,11.5294452183084,28.8804571924199,21.9031362492151,17.9947131166366,50.286691676225,44.3225429381691,52.7839188737497,76.1342893762848,35.9029288444955,12.5519893048121,22.9260149795222,24.1513088075122,12.65028009322,34.0053630499317,12.3414132507187,44.2914514570936,18.7252370802422,15.8332014154321,18.0842068223452,46.6160661541535,19.9832171719173,40.0228620119856,16.064599235219,31.5824202200062,54.4055908390761,11.680579971997,17.457519655678,12.5435998299313,46.2740640307253,25.2315614194381,24.8713591888803,13.7279576852434,15.4407077775463,16.327505169289,17.2019610515505,23.1926541242742,18.5315097044135,18.5957257624153,30.8589890230727,14.9787860491562,24.9365177683831,41.928643104236,31.4068047106591,17.9061138284703,19.5818641389297,23.549767429997,36.4266886572344,47.9572215049309,22.1100804465895,38.8936751118841,25.7363268480361,36.7821064221163,35.7371071500197,22.4596671545872,28.2599629007143,25.215797663053,24.0765980505,15.9336681888938,31.4491244432471,16.0370111454043,22.8155134252838,36.3844478216563,13.2333742320116,15.1173745989612,38.7911339648652,20.6918686626167,40.1543826530877
22.0339601832745,37.7003087313954,15.6734904385565,57.5372241311884,28.9911949079178,21.1872196097411,21.4119852195927,27.4347278515885,17.5008806736476,14.2483645522463,21.1348759974292,1e+20,18.3963045950893,18.5158870534467,43.9032014430117,23.8526502110011,18.600731276477,45.2681079431689,31.3302415664874,21.2859779530485,17.4691473710783,19.9930016036255,23.551677253796,15.9780294838658,53.7203497112116,45.4656324586805,14.6461658887399,29.7706237467604,15.0861542371789,13.8471757257893,19.6391887714664,14.7235254432722,19.3080611971571,38.8044481096945,23.1273448497301,19.4245529900076,22.7916484961225,19.2992116564352,21.9616835848973,34.8302758401942,20.6889919323117,29.1025347102702,54.4400877921596,35.688520029481,48.8492438553386,70.2800081076369,43.362888854733,21.0691306191391,18.5463518932808,14.9583211635306,22.4713199658792,34.1347147782747,22.3761391441726,50.7610027710568,18.6931580748827,19.1212314619283,17.0549063727296,41.8521581897474,23.3136373044437,25.5675431730898,17.90252685847,32.743752894235,56.7203819270137,20.9961351088768,18.9018530776734,24.8531148506221,54.968872745493,29.6769806066414,14.1381403154968,22.2060330215089,26.0824913248124,23.3820332279341,22.2773280764185,17.2506408024075,15.1933923842562,23.6674279748434,33.7493995021796,19.4126317644023,24.0258764141421,44.1452177995142,22.2176420741868,16.0805582777144,24.9904331875762,28.8340192440669,37.557841843158,43.3569603924988,18.6105097956194,44.9899433452627,22.4591560537674,45.163734999571,37.8740723680314,25.3063354916047,27.6863011603849,19.6978508345313,28.0667055665543,19.778779144374,21.9048855385741,21.5387452897784,20.7378585304632,26.5503918376115,20.190624463913,24.8398870471076,49.6238275716356,21.5390702563119,33.5262432825575
13.2090303509786,41.3197981676011,15.728709830833,73.531228370107,21.0642420421225,16.258984254039,17.3119518346714,21.8408476602975,14.9275433668645,20.7654524057948,17.8709452292186,18.3963045950893,1e+20,19.2892545937076,42.1064682869398,16.9320373267554,14.1929935967974,36.5601212489786,25.4250967709492,14.671226079584,16.1174636175839,12.0468265133659,21.461480936089,26.5906377293771,48.0177064954406,32.6349787165469,12.1654233188939,43.09537527962,13.7119679790178,22.1628885230656,14.1531456064748,18.5275072125775,13.7818928577069,34.3533921635347,11.8291328651984,20.0180866847594,13.7992655051605,13.7604003067799,20.3312270044425,26.0026299630927,16.9376541610365,23.3002995465194,57.0705896306022,30.0717034852866,62.3697470013227,85.3045288050905,47.4465504219342,14.4281346195785,20.8769610373099,21.2657464425488,17.4657080279136,25.5028374472205,21.3925655947962,46.981376128371,14.9921345801686,16.3037290113206,22.0754296428871,38.8602594260627,13.7327072192225,29.8884558398424,15.1229655829642,32.44492633116,63.5580221558193,17.005806236859,12.7072283425384,22.106096508154,47.2744911533699,17.8858469018462,23.2971794950822,14.5285703282718,14.570782791267,20.5743630410756,14.0115922572759,20.7121241634765,17.1033846400229,16.6849159496785,36.8325932372326,19.2438960942279,21.4580133593393,44.8044136820926,25.2969317114247,17.7131593254632,24.43595866375,23.0909502079668,32.3783805539781,51.4151265180041,19.5474256454639,37.2081316784392,18.0372579979887,34.8458563902637,34.4051864010102,15.4263282447296,33.2786991796984,17.326807219722,21.8745069454456,16.7214229556554,27.4934432533232,17.2378891750358,17.552242195523,21.9016189261998,13.5809329832114,15.2007477970742,33.7939600144586,16.9495331044113,41.4037116662428
22.6188521934571,41.4077290300833,21.7965546247029,54.2490325684326,28.6441356759151,20.8330970754027,40.2446133035344,25.6396844265386,23.8570581015222,16.1772671886876,20.1359695144597,18.5158870534467,19.2892545937076,1e+20,28.8993919705277,24.8258645170212,23.2292417087099,50.2269580843096,23.3054171048746,23.4949998095058,17.6985323555439,21.2874596782263,14.1884172328438,15.3410066753799,51.6497082943736,33.4132618750413,16.8142593423019,27.4463729168623,19.5775582844025,19.9375177085067,19.2286980846835,19.2021839188254,22.2497021800712,36.5030219526707,21.6371518549557,20.400643921997,26.2706588636044,21.1992603208462,21.0292120080807,29.4542531164529,18.734909412762,29.2332673475029,51.8110424667259,39.5815149953414,49.5873839781503,67.2938219539591,42.8319743302827,21.8929192268932,18.0955907635965,23.2585276929923,21.3174744387269,31.3994576898056,19.62073737235,47.6757890506823,19.2936721882791,20.1097709352472,8.0611199425097,38.3159041864953,22.2622031740453,34.0846980253804,14.3745144247373,32.4332575462593,53.5695724380048,20.5363677373743,23.9556263405388,20.3542747560682,53.112056309249,33.4821827217415,15.5791028334054,21.8482975614185,24.6712754144729,23.4976883572096,23.484567240496,24.3353537790871,18.9412409035762,26.1435853853651,33.8088717329889,17.6025151783845,26.2723563919438,31.0617793237414,27.1371918324954,22.0212779720035,23.5327653585267,26.1701682704425,39.2119631510661,43.9843192828682,17.2693040481576,46.324575687806,18.1118692074988,33.4568867935591,38.3597791917744,17.2328634003214,34.9739762776884,22.9661132350626,24.4266962483043,19.9049962026305,22.5809335449118,16.737972612043,24.3337093221568,30.2612215785316,20.1148107210237,22.5960178536928,45.9516347639358,17.5674549647626,43.4201413027859
32.2272812543347,33.1962120555434,45.0040792150572,54.8305568929665,33.9200764458824,34.921221082141,51.6728059015664,27.8732408466532,29.7119204297354,38.9039035170101,32.706338326438,43.9032014430117,42.1064682869398,28.8993919705277,1e+20,40.5304432998224,41.0257300722638,61.958215892504,24.2334202810603,43.658654026371,32.6352475877091,34.5621924643729,24.6423109134191,34.4101859167581,40.3304473297369,15.2177661640943,35.7584732203801,37.212203494199,45.0858818184945,38.0599846078334,38.4693652178822,45.9222559576271,39.3740282549329,30.1818844295075,39.5580244787421,36.1461549057933,31.0227515640398,42.3619067552007,35.3931366194387,44.670290089886,25.6596829448283,29.4618308605065,49.6148284271887,39.7995083639697,49.3751010407665,59.7507728011105,32.6085749291551,37.3033576158527,34.3545443507385,46.4557645590453,36.0085447432506,51.380564617083,36.8556104968627,44.1740222827992,38.2880523694389,41.5170487283246,31.1344840040645,30.8468235500798,38.3306810008721,38.0959523250282,27.3364260687471,32.2626145704053,46.5173722212568,39.5040438519837,38.771222170632,36.1324219585332,44.945544188566,47.3800436661591,32.7552691749236,38.4254111365978,39.2441145134139,37.5558703244241,39.5453454167748,46.6746617559506,42.7169391097771,40.608464331133,44.9366853394256,37.1721233981961,30.2515145176709,30.9306502909293,47.8577342673869,42.368612040594,32.5249101246601,35.2128268345496,47.1937594138203,49.3278768616313,27.0336275196239,34.5646232012902,26.2581371415724,12.1833796426208,42.6270610214197,31.1673358233869,43.2042471415994,39.6057331711761,36.6609252459037,40.4245994777658,38.1378072235347,41.2751326521578,44.1715841606462,53.3503064165495,37.0286196073249,38.3231972329887,37.0239725924023,23.3489093508308,15.3945610674339
18.8096364602693,40.5919562968253,15.2726425618921,60.2649785047082,19.4832237745266,22.7336155405793,30.4130791948633,26.7750097200532,15.5762199589339,21.1044910351528,23.7326799154027,23.8526502110011,16.9320373267554,24.8258645170212,40.5304432998224,1e+20,17.2795573419085,48.5004815107602,28.147861393378,15.8427286943045,21.1205754495168,17.300580007765,25.6181340561787,28.5954674546854,49.8810946261657,35.0730463471555,17.2602882274451,32.7541276675201,10.7588890531626,22.3303069081639,19.0006922443029,17.5578807567719,14.6416936112799,32.2434949407994,17.4259675197446,23.4517746658859,17.4428439034922,20.8384933232337,23.4535914940033,30.2820448997157,20.1385927834189,23.6181344132635,60.1301683791997,34.4263941353421,58.5113134825127,75.4107482961835,45.988526857934,22.5860664882618,21.4535343696425,17.7272766666249,20.6981279552632,33.5118581663917,23.3988633986114,54.8855213676875,17.5657843124616,22.9420925091235,26.702163967175,37.4912067909856,13.7095156366749,33.9279889643847,25.8199706734952,29.0376742295263,61.3364467068293,22.2489463584992,13.9261794385351,24.2367764586905,55.9827051712185,21.8526858228647,28.5539513330897,23.2834092671322,15.868014561949,28.1042925746205,13.4164100097466,14.669557037681,16.8446065550306,16.4524467313472,39.4975166075191,26.9827358731998,22.1421935231113,51.5623179181018,30.5579371989305,14.5193513330271,23.8441898778499,19.5180803218721,42.2690674298291,50.7600720548168,24.6413419057726,44.7593263946465,16.7596074747566,33.8772721051361,41.1653236263273,23.0474754873422,31.5544457776906,8.32059267231452,19.8494397898704,20.6332120881582,27.2594368811068,12.301125754122,6.19619124132285,23.7246735812652,21.7789558841232,16.491428564705,30.3066861261409,18.3801934711588,37.7980280094267
13.5000542331331,41.5661913342347,18.5578181167528,50.7365416645046,22.6170422814682,22.242781099824,26.6516305452254,22.7020950434947,16.2535542413682,21.8865828252356,22.48195587533,18.600731276477,14.1929935967974,23.2292417087099,41.0257300722638,17.2795573419085,1e+20,51.8908479539702,25.7203355677576,18.2408391906251,17.5245891976949,12.5742886128283,24.3005246807498,28.6329042664036,52.5635394451879,30.9067259520759,12.3110345847424,22.4345799011129,13.7967758316524,23.5029876013755,14.0121575408056,19.1756511978828,12.4531820518369,37.7144327015428,12.3043449510843,22.088591055474,14.8267529405816,14.45236885598,16.8507566267806,37.9096852303598,20.3862773932408,20.2003727888198,53.2455934253031,46.0735282231292,55.3764899146932,68.0824184084493,39.2221967984827,18.2983882081376,20.4222733459488,19.2702161412601,15.85085778835,31.6399683124442,22.2410889110614,53.5544106407592,13.8656458374873,14.8945832534233,24.343060154962,36.8133996286856,15.7963050959721,33.7022207662594,18.8278079169024,33.6337668288942,52.7862665879534,23.1789172138058,14.7972516537673,25.3500461188044,58.8202358798508,30.1778002825736,26.1702028022148,17.8200382573153,18.1019408569708,25.3634450335203,13.9979753088746,19.2266780852919,20.7926890912884,13.1333244841829,31.0032114587569,24.276704434082,24.3028730711329,47.4655059283702,29.5850453180139,18.6986534233214,23.8974053815627,18.3612009413916,41.7996784221243,43.0799044231937,21.4821257360905,53.5559387581671,19.6067698728797,35.303332572936,38.0298423968587,19.8813012540152,34.426268222023,15.1093372819608,18.7083864248982,14.6981553167677,21.3630531211364,19.4912529598934,16.1619934931458,23.3114101135701,16.119050005991,16.8886723863871,34.3394095661317,16.2659179922044,39.6036360814467
47.7407144227419,55.0894243681712,47.8695007097841,73.5009991934738,53.6533309908609,47.9977603024537,38.1236858043651,51.1655786158194,49.7790091788242,45.3990228804042,49.2960419447222,45.2681079431689,36.5601212489786,50.2269580843096,61.958215892504,48.5004815107602,51.8908479539702,1e+20,44.955751977708,40.2718539426,46.2530069247172,49.9845587182941,53.4360685283469,49.5179425564074,77.7493977772839,59.4433488324316,47.4615716968742,64.9936834446509,47.6077795717351,50.3515957130485,44.7321913882268,59.9145902463044,52.3682188461558,52.1266434236031,44.3071564341167,60.4089466384126,53.1868468721682,42.8863227889412,55.2030637930259,16.5825067332247,50.6382175553396,49.6425936767729,73.8407046480976,31.3827045517304,88.3823887829221,88.6467019587611,64.2941823652394,38.3560897409661,50.1100376237503,45.2907290202506,51.4899324520118,25.8895498066546,58.8144355168187,61.9046355343246,48.3369318806524,44.642825593148,52.0167469150242,47.5000158250207,46.0413930023027,41.6788726557387,57.9085907187733,48.544665751079,83.8825995995555,37.3612104117561,52.3173028999803,62.950755852186,68.127540353174,51.8268270124433,50.7610134871172,40.9145428084284,39.4273349224253,40.261647912324,51.331262286112,60.3704844376158,31.9837088142907,46.9192078108641,55.1126305082224,49.1339073860034,68.7347838044119,45.0327167013496,30.0611610207305,54.7115515505656,50.7021265818187,54.1939945304891,36.01073653612,64.2468363991654,55.5194217329465,27.5476673667105,43.0576262316445,53.4948938346661,53.9349527846158,48.2760741592569,60.8071580904836,51.0795541870742,46.7838455543705,51.7094368219191,64.5681986481233,63.2557768446395,44.0665378505894,27.5106289322682,37.6067792242216,59.3412980076382,42.2412621131223,53.3821942714728,49.6669886606948
26.1911922387748,35.0335890105022,29.9519380222557,85.627011187322,30.144263789207,26.9616470270142,41.7623942906757,33.7759640380784,20.1922322523304,29.1724997909923,28.2849935426266,31.3302415664874,25.4250967709492,23.3054171048746,24.2334202810603,28.147861393378,25.7203355677576,44.955751977708,1e+20,27.5428958698684,23.9394637171969,25.6488500009381,22.5320742659649,26.5986240117335,64.1460125905267,27.2504276535267,25.2002699337196,38.3408981470268,29.6618108426159,26.6667011162595,24.9653998686964,35.5045489655754,25.26674416986,44.4362755933195,26.8141713686089,30.4927157207603,25.145049627085,25.7429708813585,28.8793012942421,37.5992157844916,20.9858084680127,37.1839567508228,75.1101214435064,20.941273546395,76.9525119772573,91.2407153297091,47.3332627583025,28.2317968281236,27.4060092415963,31.0102827646898,29.7335161669855,35.7035727029413,31.9929971464925,66.3475045694892,25.5863797633443,28.0841827957419,23.8991691155026,34.2332315292957,25.2997860241909,24.6996069543143,21.0435800141843,28.7262613497937,77.9671765472995,28.1754985120627,24.8113735037616,30.5255319083278,71.8463249517497,29.850425704882,28.2532370751244,27.5242064690119,30.7172538541829,34.3116044523056,25.8850322177884,34.2554648739084,29.4898380224902,29.4255754807021,51.5654755506426,26.8629307185043,23.0877123748934,35.4664320784003,36.2335472673445,31.3374806917508,34.5280907076176,29.3164977268865,51.2792167458574,63.334989150015,19.449845864128,20.1109123974976,28.178246771972,26.3047738335418,61.5643360349635,23.9878407876389,51.7388791430675,28.8000010028643,28.7155196082023,28.3786886603923,34.8618842139793,32.6822087267179,28.2266381176357,32.5130106509376,27.6544868917452,31.2020064631836,36.9599958466583,18.6686135217012,20.4239001383387
18.8324745710025,46.8958187089562,19.1005083214283,78.534748902585,30.1445656529116,17.9294587429823,24.8545556557123,24.97773039164,15.0774844727579,23.3894293433993,17.502077505202,21.2859779530485,14.671226079584,23.4949998095058,43.658654026371,15.8427286943045,18.2408391906251,40.2718539426,27.5428958698684,1e+20,15.6989184689133,16.3681466930844,23.902569808611,25.0489086506432,51.1440096494297,37.8947727747443,15.4620942310213,49.8398668548032,16.8955633024284,22.0407216856918,11.9482883519968,17.9606034641718,12.3908691519921,34.0281686758622,14.9172484178281,20.0129502514688,18.190713331923,17.0930611071033,22.1414625766101,27.8510957963117,21.4033545881019,22.5970405759578,62.5814489523841,40.3249262556652,69.948396807284,91.6817576603253,50.6204129276577,16.6237071686753,20.8319153603289,17.6132662945684,14.56476356059,22.6916422070756,22.9922401202674,54.5939823980221,14.4089411404229,19.3343153879198,22.4242892309551,41.2539789218947,11.8403249575404,32.8965159270723,15.6607876445466,32.0903445056374,71.2674973054838,16.5378994922533,13.2613570747631,20.7247222730671,56.6061540016453,22.64487709992,25.7582336576605,14.1497157244503,13.6231492321407,22.6202138361098,12.6475716180664,17.7610722188839,15.8349330923836,13.2585211886123,45.7639737984712,22.0690579233399,23.2583045223846,50.6812012770255,25.0678128602262,15.6042906097222,21.402564457026,26.4224618577681,37.5825840927922,57.6499200693959,23.2821281677012,44.0570816120802,24.0973919438433,34.3364280152886,39.5301209645819,17.8411222519694,34.0562686823729,17.2076724660917,22.4452063836027,17.7154966088368,37.2962057971098,15.7360821185737,16.5190074135588,23.0845008459954,15.5588083911858,13.1862264341841,31.4520672793605,14.824712398385,43.7197367446915
22.9057124505201,42.4571185095804,19.459706356312,61.2523238115883,30.4286296569016,13.6050500687673,25.7737181917267,19.4867861388271,16.5748906439191,20.6615342111732,13.6822742049064,17.4691473710783,16.1174636175839,17.6985323555439,32.6352475877091,21.1205754495168,17.5245891976949,46.2530069247172,23.9394637171969,15.6989184689133,1e+20,14.5432140571821,17.3816295489366,20.8324863897053,48.8656751337608,35.7772671113473,17.3868860808038,34.6057956731016,18.8774421889466,24.074713788619,12.6741821813921,19.2341733275977,15.094420267642,32.4163001825913,13.1853513295957,14.9350790780605,19.1943166652243,10.9232722543071,16.458355922321,35.6833502796601,13.1003516758294,20.8160459272951,54.6598590456678,41.2136039001308,54.7472155957337,77.551463562923,41.5517919141726,12.5393592025675,20.5026960374444,20.2038659125881,15.2875728092804,32.8622613543024,16.6754100947211,46.5417687205669,12.3866953385178,12.4564084963479,16.0430798867274,37.4301478498734,19.3349145925658,32.1798266016407,12.1967549775186,41.0059656737885,55.4907150212977,14.1915174177025,12.8293860646522,19.7565354600466,50.3436505264056,28.655713654945,22.4031039725987,14.8087334988201,20.1293746680144,20.0810000156726,12.1396569385932,20.272607698538,20.9323079395508,16.0012509174005,28.8393817672687,13.4828938352793,22.7372995697406,37.3624459167506,30.9546073843044,18.9463124610184,26.8571492636926,27.8655726714223,36.0322441692268,46.0982076396967,9.63469533305616,45.2489220246341,22.660670176788,36.3206315063095,29.9996000811515,19.5196761985562,34.3607771320258,18.957363562417,28.4199850654745,13.172846676094,30.9466345597847,20.418859004708,21.1324945146974,29.6109565165095,11.6908647076814,17.9509576617716,46.8331167565277,11.4901032197551,46.8831880107906
13.5046535674645,41.154924417304,15.1244655627184,50.7395065629524,22.4354389306594,22.0707102379856,29.1535137504621,22.8944837190266,13.6688954528645,19.1516538990566,22.3827754343215,19.9930016036255,12.0468265133659,21.2874596782263,34.5621924643729,17.300580007765,12.5742886128283,49.9845587182941,25.6488500009381,16.3681466930844,14.5432140571821,1e+20,20.4178406754566,31.5856368038428,48.0868230374111,33.3115145672779,10.5042802436176,23.2725010625932,18.5466589906775,24.0105129330205,13.8117327702351,22.3953704803975,12.9279933746787,34.3817711613445,10.1878980211103,22.1726366289588,15.9360103956143,15.5485176238849,18.8474365676326,34.2742400522606,16.5682408725254,21.3969903718976,55.2923188180144,39.0297344963349,56.3633199413149,68.5485318168952,41.4358317768831,16.6217362394838,19.6028485583332,20.9981539461198,15.4205195203524,31.3726913678357,22.277400436133,47.1608032155071,13.2732573861344,16.4575810769797,25.4526844778192,38.4049625856865,13.8922285261311,33.2704665218532,16.5317990611963,27.5223243522148,52.3092455783192,24.7869269769398,12.1170706071128,22.842285743496,50.6995699817316,25.4802948403242,26.8295725279279,17.9643616528102,19.0359852930409,24.0716722905929,10.3317458191269,21.509675874368,21.7992702580228,15.7009207693706,33.5724636821899,22.0120763274301,19.5198488552223,44.9341876983072,30.6080466072624,21.1527364520936,26.507091259378,19.6547870163954,39.0631708838196,44.7195480236055,18.9962940872013,42.5023331008991,21.459764304432,30.2292063366473,34.3088791637695,15.5796702808371,38.520231312389,17.0385262957267,21.5755610876384,15.6851474006903,20.3870532379989,18.3257966416279,17.018717301597,27.2776661883439,15.3496917612321,16.1603041966032,29.472472569038,13.3103196436639,33.6428195165878
