1e+20,90.1226150673048,50.2770420650977,98.3025552826039,36.4306197225687,46.9317400161479,46.0256452829379,26.4659932921044,45.6875648939071,55.3847858327142,47.4614446369894,56.1025076317708,48.4296439149681,59.8717570527267,96.7920839773649,49.156087268758,23.4429558800681,89.1053008172207,84.7180846039289,67.2076125373457,56.6129009912332,48.220189815896,70.9230569118207,61.6399632430115,105.896172271946,87.6685358128458,26.2892682795289,28.2220844894333,49.2691542616839,59.2914533583678,45.9574506979389,60.3014449043087,44.7101966012464,33.3732920282819,48.8837134380061,60.0019631939187,31.7473594683768,43.3675323362711,27.1876033598402,99.9199329805292,30.4329113849705,50.8237607764784,101.168540914545,95.562941942244,99.412885594559,98.8667848272875,93.7694559052493,45.2653630968555,65.3957978561246,57.6580780506693,58.8689883230479,56.4860831585187,57.4738305761415,101.620368440555,55.3533546912645,43.2274359963827,58.6410701572103,99.295106267148,55.0275210075677,85.5226450259099,48.921093688179,38.5932794415262,95.8795490296162,51.936531788761,51.6071978345863,59.0430072618907,100.110516268311,92.8790433930745,64.6802257953895,52.2284930852972,45.9405983226563,43.407580186522,44.8454594569019,63.4442149441276,48.0514396168903,54.908762917803,105.958253075273,39.0342795408707,40.7330697759443,78.6162167363085,50.1738163593877,54.4134102024427,45.1331361186279,49.4077950574956,103.732991621386,93.462174388495,37.6873355697298,100.041591743027,41.504949253481,94.5338738120619,101.17238205773,55.1554378699518,102.645002017643,50.2529218080632,46.8062272966747,46.436515360311,43.6887187883345,58.089101107386,44.7124952070989,47.2021183934515,42.5317157417772,69.167368736219,98.8043584380079,35.8852423023541,96.2588501293594
90.1226150673048,1e+20,97.1806761265921,135.532689609723,94.97858058292,99.1120035144949,96.624496051836,92.5271882365991,87.4396950215625,89.8129709854299,100.801799389359,82.3011602213717,87.4758191235364,88.7549961024331,22.5325147236706,94.7859655959493,83.5269574082177,36.3738593728186,23.6621955718274,95.2188914750718,82.6873670668895,98.2584929702563,87.974746156443,91.2081790225274,137.431047029965,23.2657894125965,89.5907278681167,85.3312512304442,82.0454545318756,87.2820343649372,70.4409890297509,88.8445759961797,71.0371816194841,88.5271026206293,83.9768306308684,88.1762242971773,97.8126862649609,78.879268641085,89.3878968001578,22.6322064316628,81.0455041481003,74.2759036037956,118.948346742602,21.2367399568873,116.975428442047,132.331816205191,14.1455085525624,82.5369613606924,82.4721301160033,90.8372315188091,91.0669694884125,63.9586213932918,92.3652441658017,131.789170486139,57.7578384369116,71.3795153329158,88.3515648492214,20.6362646629268,68.6959242444042,39.8702608059582,91.0214900055363,88.3203911506926,134.018563882639,70.9391262672631,98.6254204277523,89.6350095944473,134.759910658835,24.1057647657565,84.8904225937614,69.3885682072738,79.4864652194548,78.7904873538781,98.4759145772441,92.1480942216916,99.5945396258386,68.9336688031957,133.729327520453,88.7745040843088,89.254541106285,41.301666495226,97.6995069928007,88.2880263816696,70.9826101666652,73.3809620361056,129.674944647835,141.026254181384,91.9568383827919,21.4323134013408,87.368215863512,17.6190243123346,133.69996994462,84.5381960934634,132.359374046953,85.0940633134848,74.3467325011248,67.9346324706933,94.0432844195676,88.6067442843123,98.2071897705527,90.5593717531973,75.314469332409,86.7613632827722,20.2587571127322,86.7545740338618,13.6348639802957
50.2770420650977,97.1806761265921,1e+20,94.9424507434285,52.3052645842202,12.6708743059953,12.7593947151623,50.9241743574541,65.1318241738352,15.642103868837,12.3113303710415,46.7780139203236,21.5147168848635,46.0810672385962,99.3311485602407,12.5482799178281,50.4774017864777,94.4076392070481,99.6274528207384,51.9061771270507,21.531641969689,9.92660501028265,57.6669991236839,47.4976981881425,94.9302261294465,99.0971210300902,50.0086538798651,54.5644324872015,29.9427444209979,49.5719730150611,50.8052470435859,46.9562371595593,69.9494233718817,56.0753960808153,19.0335449377565,45.8433184982049,60.4774766021208,66.8782688493434,53.2648891181262,107.620388383862,54.5165104680235,77.4150664672717,98.2024313418399,96.3861679654456,98.5524249765195,86.9796844276325,95.0552259036724,62.3016455363985,53.2726745229755,44.732491444689,41.9439311632873,65.9220052482385,39.7000832626616,90.6443348834051,63.6546826187217,67.5918475854263,45.2139152868657,110.643960345313,68.7438299349356,96.1683749599822,64.1201467469568,59.9396176327738,88.1634261223004,68.0313207308285,7.69137337140285,46.9378057596264,88.7048388840067,95.3018732111413,53.891755887603,69.5277158704485,70.2514317732169,66.6829166055677,11.7781574270908,48.6896841874979,11.2787861276761,70.6981906892731,91.7151449107231,59.5650521800709,58.784824487036,87.9090634072854,3.69411919832029,37.2323070938827,70.8036885076834,68.1623581305987,89.5934939807486,86.822528455212,58.7592852379075,109.85676972224,62.7724302406101,101.15067948173,97.3455536213095,43.0981043909452,88.8962769544527,21.3514725388225,71.3718182291277,55.4526762078625,60.2209170647527,42.8889850394432,12.7008367059799,40.4096375250753,66.1934236971984,57.8013682956938,101.227380102515,60.3787405145851,105.674222320047
98.3025552826039,135.532689609723,94.9424507434285,1e+20,98.3140772353039,95.1913669495926,94.357209049781,93.0264730368597,98.1567687345139,86.2698088643242,92.8728282016319,109.42326349844,85.9419430908832,107.094782951368,125.286524401038,91.652743963251,91.8057893616879,123.781987794425,140.030175323436,107.444490084946,95.2885338732968,93.9386632900562,109.899352489956,109.997474504427,56.9688126072771,132.723248574871,94.900572089036,95.1819761270938,88.5369170577063,103.334966458748,125.481793337501,109.951206347922,107.153128418665,99.9066909106865,86.7906331081385,107.799584064301,102.023015547368,102.183869931768,89.6565226421679,133.315836781121,100.212800390083,112.54533019591,38.1408707516194,125.687453587044,34.9572378441634,48.8467239793392,125.205060152884,92.2060182367276,104.390177456448,108.319767626609,108.481576537492,127.140857937099,109.360818723932,54.4811043623611,125.775288202717,103.137531722998,110.491629171364,138.231378246578,138.476322115997,124.897132523786,100.992242573555,99.0120771095943,41.237266782622,141.272547980555,92.7568554194138,107.515928764539,48.6668545378189,120.071901103922,111.780091327194,139.934077392539,137.217399352903,101.410052026277,95.0226052421694,106.940975345661,92.6086932806626,137.977873888286,55.5015207955584,99.0776914033625,103.75652060882,121.066589100384,94.569200268997,95.4314588181393,106.40585259373,106.733945852273,54.4798388517699,28.5289019352607,105.57354857275,136.037426071529,101.733357106138,125.487538607371,14.390172154714,106.574732997494,55.4292008323681,87.4950311488095,109.168603968331,123.877201908756,94.9575863377257,107.681495255183,94.3978463397763,100.099745869123,102.026162075256,111.391190795115,127.108194978439,102.297816573172,132.564288258205
36.4306197225687,94.97858058292,52.3052645842202,98.3140772353039,1e+20,50.8912947234908,52.0503258215628,57.5177921485183,58.5848454209373,47.8718838662088,51.9070110088125,62.2561755265318,44.0663794430908,63.4225194056067,109.433284423883,52.5915086458182,59.1143141473847,105.002253452005,91.5347427126203,68.9230161734189,50.831002703387,52.0766006242759,79.3911949294578,66.6706613013314,109.684194556938,95.0151158348708,58.4463939302903,46.7228434408124,39.127023159616,65.9237258308263,53.5226543797865,65.2130699219903,80.8285438439383,45.7301169366954,41.8112051265341,64.7299562767524,47.6154024908918,81.1441559964006,58.139196030352,110.112938039492,49.0291985934558,75.369288698965,107.04410205445,110.295384209139,106.278983632785,111.112504875663,102.320088803787,73.8468633573595,72.1138416469297,63.2502505047774,63.9000654938505,68.1480053674173,61.3258578522463,108.993894373254,72.6105436764415,77.0351529939351,63.2025046668938,104.125558574349,66.4741540975491,106.453019701462,57.0297119726329,53.3139882216357,112.474185598604,65.5893557471769,53.687368772195,65.3052572235181,110.231540938283,109.762897607233,72.6502455760796,64.3156505814047,55.9236551887519,75.6215830794948,54.0568396094686,64.2151462381459,50.9500776589267,64.7930114379469,111.282557669136,51.4321694440054,58.5327643035283,87.2699053403013,50.9184194073116,61.4591513009839,78.9612197246149,79.8474646382779,110.509694211106,106.657617147327,58.9101829262792,103.521941508833,57.0334989297132,108.19367909413,106.088180551836,60.6409550311294,110.583222290437,42.7248773815689,83.5732669232478,67.381815474978,53.4873838103351,62.3537113289335,51.2778527355064,60.6281322700363,79.1556875031119,76.6994554418395,109.368675767803,47.4340893405685,101.651320690787
46.9317400161479,99.1120035144949,12.6708743059953,95.1913669495926,50.8912947234908,1e+20,6.91896304521617,51.7128837702412,64.8162992881863,19.8625474847595,6.50923470269627,44.3413273800405,16.894977229274,44.3652824996265,98.4939542928361,13.7248414635397,47.3909376710375,89.477133819416,101.108099575642,50.015218559546,27.6441307381019,9.09075006612841,58.6402464232622,45.4356575789441,101.213993639844,100.131304985521,47.0555124642485,57.4882901629606,20.1170578048962,47.7481242761616,52.5889602139371,45.1714306677312,66.0568286409123,58.9000178087523,19.1916790564645,44.1274423684276,62.5511114540376,63.2427656018743,50.5899134711974,110.240191576038,53.856852703747,71.2582497491271,99.3243946687005,97.8328579605108,99.7789351070393,92.3460978983674,94.7993801734176,64.2897497030551,54.8386977932982,42.8088923759818,40.687342945186,61.1718776985382,38.6728563780026,97.258934358402,55.7804221213745,63.8560904742182,44.8705115357162,113.249034772866,64.5107591493862,94.203418049937,62.9030510509002,60.8156482400639,89.6288343754433,64.7697579056008,15.5261580834297,46.253128283909,93.7651596935352,93.4503085187249,52.053551797355,63.3417711954349,61.6690939691129,64.318509889005,13.4264290629378,47.8719467479112,7.55828311141781,64.7709238429492,100.488216576319,60.3402902151625,59.3390819819915,83.1026347843329,11.4331652719345,36.1243473767143,67.172825049157,68.4527362692881,96.3447455097584,88.6673221744166,60.2164647792835,112.594930593524,62.0069671929963,100.407053930967,95.5913019819469,41.0584159709969,97.5157972846216,16.520875051363,66.7590116902236,54.1112439340058,64.7803963914941,41.9117313026306,7.69283861789907,33.1786424232802,62.5882710148698,58.3087991893551,102.996529337514,62.0961590914574,105.334420568383
46.0256452829379,96.624496051836,12.7593947151623,94.357209049781,52.0503258215628,6.91896304521617,1e+20,47.4978662220532,65.9867345838221,21.7879787554294,7.69990983377437,42.4614732819904,16.1866578745045,43.040072158629,96.9894981173184,14.6170222977237,47.241788341608,87.2186518480817,97.353988418839,48.7132072977862,31.779438308071,10.4246680119615,59.5012409049667,44.1415786115571,103.813521227994,97.2552098271577,46.1564112632179,56.4975035729605,25.0655384760712,46.3598035633519,50.3473977379934,43.8538841743589,64.9754096834712,59.2041750618698,19.5332508219004,42.7266274078035,63.6073176167405,62.7904138321742,50.4983683266752,107.986182900525,55.6312256369928,69.1791360980947,100.333987037678,95.7648481169853,100.76580584832,92.2745740032927,92.8365299003044,62.563980532077,55.500140825076,41.4076106940147,39.8312081843803,56.6324647947232,37.8895837261993,97.8418501838813,54.336174890158,62.9508972581744,43.9737159620652,111.818063531261,60.591346049316,94.1190907928954,64.9046617712142,57.7837413831933,87.1390947765558,59.5642867823176,15.8121044235774,44.2447931823882,93.8780314789864,92.20221588831,52.2447546541424,60.0523840965318,60.4042047551132,62.2086828331175,14.9047487347362,46.0486177745483,7.86772393752687,61.2806043260207,100.367518303201,61.8056421428805,59.0109760160725,81.2511647378634,11.089590767375,33.5522307367526,66.1003675593201,64.4086300139393,96.78404308408,85.1754781729115,57.7149346696283,111.394499793704,62.4108908271625,98.1567878327211,94.6539462308065,39.6338518472736,97.2772661384811,18.3396990773946,66.1866015358282,48.9107553743549,60.8281784200557,40.9819425857667,8.09470843729472,31.2573610460438,62.1320122895669,58.0338175274248,100.875829811115,62.2653859198456,103.078555307004
26.4659932921044,92.5271882365991,50.9241743574541,93.0264730368597,57.5177921485183,51.7128837702412,47.4978662220532,1e+20,32.3267213682997,55.3362544015625,50.0718702541796,52.3494686362956,46.7845601735529,55.6076402102651,99.0352935737785,50.1503706131945,18.6624876070039,90.0049382623486,88.9658937234486,62.8329085716662,57.7447339628497,50.4663117596779,64.5396950833732,56.0253091591126,98.9384916068589,91.8645356398165,10.4600114819297,28.4685842147805,54.5184737461452,59.7349175492941,46.601058595181,55.5133568165724,40.0796186695504,38.6720224466895,49.676773672206,55.6527935744025,39.6162780018013,32.5577241569066,13.5921761181103,91.4625406746942,28.8868085824424,46.9266516204335,89.8386220520593,94.8585919200563,90.007321816248,95.8996190230611,90.5427174773567,34.4855833946763,65.3349695487736,56.6000335855163,53.2036308876224,57.0897536814944,55.1855137780807,93.130833488393,58.584054682981,35.2687226900112,53.6272660910079,99.5712749933524,56.2051850833263,82.8249727851962,41.5059935394762,27.7807211455581,89.71717572744,54.5354799361046,51.5443211312491,58.6406268753925,94.2839599286843,95.4069780764132,58.1842682958334,55.3619943607939,53.2909995346564,35.7893481108119,47.6342541606331,57.0282495048672,48.9783028465767,57.0245807233787,94.1120102368629,41.1682341229983,35.5378604817992,79.7954229224313,52.4350715692001,56.5584113862493,41.2934765516205,34.6374929740359,101.480282148585,91.4129149757794,29.9035274808421,98.0843074465134,37.9032318480831,98.8621676094119,100.397396792465,52.7212026266879,96.7213380013089,49.2581913634104,44.8786069922641,43.8886188525651,44.8852878128086,52.8325963824224,49.4119286090123,47.1431172572875,37.7460004055707,59.9998393594183,96.4688927835024,39.1339753854073,96.3304510442719
45.6875648939071,87.4396950215625,65.1318241738352,98.1567687345139,58.5848454209373,64.8162992881863,65.9867345838221,32.3267213682997,1e+20,70.0141491130553,66.0555307287939,58.8146198637147,68.1905586302809,56.4566559438041,96.5880412461933,68.2225814587542,40.7566765590094,89.1767797075047,90.6194808506608,64.0019313308477,66.0156035439976,63.6807598038315,65.7330006846039,58.1405065815383,89.6556175688428,90.782926912836,28.7138333841021,25.6177025845587,68.3077259956727,64.3781600260611,52.0149101090378,56.9622125469589,46.8148702409274,28.5699929767249,67.8885016338301,58.094934531362,39.9839085287848,41.3321598148681,34.1421808874921,100.543291407809,17.9272414919092,49.5665797178601,89.3107948503737,93.1083654692084,91.4437542642496,90.4161019493319,88.0783795000971,57.063028948981,66.6142174602898,55.6412744512869,56.1230585095747,61.8834233928195,58.0672867241848,87.803664894407,56.2300487480322,46.435563727654,57.5654933942465,91.4991933867289,69.4514250318511,77.0804515772586,21.8978008370746,12.8040479513272,88.1047221349541,68.3409120961932,62.5475319325909,65.8095786769423,88.6541155000673,92.2561264483832,61.3160448721798,67.7415178352089,61.2497193288002,52.7360882750235,63.2602884880429,62.3936145713006,66.9354450723349,69.5704691178827,88.5352772323727,26.0024760862292,26.0700416323339,89.5061451477946,66.3151937361912,65.6093958714857,45.9828628972943,43.270617116537,92.2808684140213,94.5507278583178,23.8026952137394,102.197262148851,18.1038548781974,95.8493395077817,101.128670355435,57.4152274011891,88.1067334505849,68.9839232555758,54.5367600013044,45.4112816267755,50.0814372445603,56.3731346395366,64.1973645838023,71.2997241688795,49.2703323049618,64.3638835063388,94.5199304340045,23.3296027886439,91.4692718428046
55.3847858327142,89.8129709854299,15.642103868837,86.2698088643242,47.8718838662088,19.8625474847595,21.7879787554294,55.3362544015625,70.0141491130553,1e+20,18.7903086382275,39.0919361519254,18.983065754803,38.5380746999298,90.4907818590056,17.7433365562395,55.8496987330999,91.8133352119738,95.0099394547406,42.5848930057386,15.9950227074815,15.2613177266489,51.5398784424244,41.0163645822168,100.240838096831,92.3975428864002,57.3696585190102,58.9791813618784,18.9805704499851,39.208431384231,55.9347559085817,39.9293184878279,72.3146669865117,62.669672202748,14.9590211381888,38.8208983104093,63.6504363010259,69.1900943132664,55.713458488881,97.8636542859883,60.392873682885,78.9000090425593,86.5590291909541,87.8894354307595,85.9289239893443,94.4835810001246,87.8040558539179,63.7800777019074,46.2204750944772,39.020929089422,36.8909554509179,67.1603154697882,36.7116160391747,95.9228012570218,60.379243710343,69.8504866983349,37.7668467078097,102.401324676664,75.774126049879,89.2164945120916,67.7049089175013,64.6078463651881,93.0550058413654,74.879077711164,12.1220394783347,41.6214035449204,95.7740078544195,87.6986708677194,48.2543890144343,74.7317092340192,75.0190747762922,70.0274349055961,17.9055903654727,42.4079302141042,18.4509380251996,76.1304154428835,98.4405340815677,66.5225173482252,65.0051872794348,82.6813519318945,15.0392577398493,25.9753730334471,73.0730926786816,72.837908152901,95.8063776420617,90.8709633921266,65.9486149641594,103.296138139831,67.9169079558668,93.1380579925757,84.7092639297008,34.9005271953944,96.4668108591265,17.4520428663094,72.7396315895734,59.8271188393443,62.9345934740374,35.4399338393373,19.5834537362626,41.7733154655857,68.4155798662924,54.0174210335626,92.9961019935993,66.4857660487246,97.2090563132467
47.4614446369894,100.801799389359,12.3113303710415,92.8728282016319,51.9070110088125,6.50923470269627,7.69990983377437,50.0718702541796,66.0555307287939,18.7903086382275,1e+20,46.6269205774553,15.4443471669938,47.1116152693386,101.08425640496,12.7035791207866,47.9226037545561,90.9487498477291,100.802714578597,52.6554714206241,28.9738455542143,4.9732116148,60.4822746910702,48.1724712966135,100.710318613591,99.4420005795417,47.6349635120835,57.1427666419983,21.14943653128,50.5137896333345,53.3780819165064,47.958101809948,67.0602660916483,60.1826891190481,18.0837383451994,46.7832699238476,61.4139257929437,64.0285029788242,49.1973601073805,110.484002816443,55.6923052384176,72.6665333375659,97.2189111355767,99.9299230834212,97.5630372904396,89.3052001485438,95.9196608654948,60.1101642307724,56.4018943915231,45.5715384610821,42.9509771159128,59.7575131053899,40.3883842266597,94.7603969992919,60.1260226021241,64.8800021511703,46.1474763864454,113.109104665865,62.9621585589676,97.9903411049482,64.6696479168878,61.6310005700089,86.0476219873134,62.6207790376036,13.4985407059778,48.7137530483926,90.7180086228644,97.5412608927302,54.9239938811565,62.4755684915188,62.8263088838646,64.869660514217,8.7544918143093,50.331716111599,5.86333637679996,63.6771125308936,97.8305375481788,62.0076288974908,61.9665479741934,86.093634464521,10.7798034471994,35.5119081238583,68.0419584412967,67.0522469205764,94.8959567249315,83.7058028613153,61.8530301504134,111.441657605962,62.9617700515341,102.328996714771,95.335405125783,43.6511677308343,95.5666204663527,15.0523390169759,67.6406070133776,52.9264686176618,61.3600777037103,43.915192094344,3.05581505833407,31.5544829108966,63.5106033089161,61.4616385812405,103.530195966537,63.0627382689445,107.019231733983
56.1025076317708,82.3011602213717,46.7780139203236,109.42326349844,62.2561755265318,44.3413273800405,42.4614732819904,52.3494686362956,58.8146198637147,39.0919361519254,46.6269205774553,1e+20,43.7919909502103,11.1080939202886,83.8033026855586,45.406021494556,57.2125752150789,78.2195036254197,73.7083047569365,16.9575718114586,41.7055839826793,46.2710519357745,26.1810675816043,11.5125627888158,116.318948454173,72.2989502047948,54.5670329430361,64.1766541344524,41.588502626607,9.43955456686744,56.2487341976573,10.5668336445908,75.0249740760372,68.0583361632799,42.2796038935418,10.4395367315063,67.3203315200524,71.6176374204642,56.272128635978,96.0187644453467,57.8010036131252,85.5930291302441,105.597975084127,84.6200452824981,104.928290370265,115.731412665384,79.2258630592351,80.0732819511499,25.7965316586615,10.2919139248548,13.0421473441791,73.5218383084441,16.9505745699233,114.610506322577,63.4444398509028,71.570672606888,11.0462437670106,97.1649704276239,76.3798704910796,78.9036114539135,65.3450116942642,55.1767487789407,109.561461733119,73.9985592256697,42.802467690588,15.8908907325071,115.138290232837,82.9060061573668,21.5159706400622,73.7211379838193,69.8130438474546,71.4664764787345,47.4599307712555,21.7584241499753,45.2128211123568,75.7485806864021,115.120328294647,74.951210056866,62.4612063894086,84.3210772316498,45.6675423883331,21.9049632878688,72.7469161291685,77.1716433268517,114.689205092134,112.799260080824,61.0497767460627,95.223091465794,63.5905851838413,86.2715983468751,100.568321648075,5.80471266988761,115.120792258227,43.3893718786721,71.4661277275612,57.8425466099656,69.6608576941398,10.7873521700452,44.8003087205496,55.293382535063,67.9377748516996,27.7750166466196,86.8608504826845,64.603437545793,89.9736143390358
48.4296439149681,87.4758191235364,21.5147168848635,85.9419430908832,44.0663794430908,16.894977229274,16.1866578745045,46.7845601735529,68.1905586302809,18.983065754803,15.4443471669938,43.7919909502103,1e+20,45.5286182807412,88.2067932829689,20.2333037201456,47.4274486058637,82.1834146909322,90.7256274606627,53.0628984958221,21.9788397619237,18.44780591715,61.9363895602798,49.0164979496021,106.161356191776,87.3761762736146,49.2301750401292,55.283557106074,13.4159434832824,46.5436115032757,47.065115729844,46.1331518394732,57.8001088472918,58.1153369202128,7.50824453671335,46.9598645655641,60.6025066472196,55.2392348580221,49.3346047040219,95.1344046931218,57.4561299292988,64.2390696392343,94.872514751204,84.6456173095394,92.735129323788,101.081682620838,87.4630985409381,52.7067327266678,54.917452106321,46.9859484841312,45.0939942340318,47.1346315263727,44.2415022289587,103.418994877239,45.0958547426759,55.4051130187918,46.1014113098508,99.5523162283439,57.8492782894042,88.4239445963036,59.5296322903377,62.5155890039292,98.1346921127132,60.1837110896042,25.7671335888382,48.9262856605276,101.314705551085,85.2768219886135,53.0858857533476,60.8687868006962,62.4756042766288,55.8321306958214,18.176653424921,47.7168296297575,15.2872507436106,60.5543774899206,104.829871307775,57.6985620598956,57.6903109723755,86.0972678756293,20.3428935785997,34.3442943866949,58.7956080598812,56.481007283439,103.703259121289,92.6252332060278,60.4015387458408,100.520161597817,62.2265069956899,89.5713157866646,92.3795798857498,40.932643457548,103.379083733704,4.56388091175317,58.259414724651,43.2995456993981,52.553022974296,44.1672219264095,15.9721925770892,28.2266438031585,53.9095455519879,59.5474233972884,89.6722390837193,62.7356076095778,93.7788238462638
59.8717570527267,88.7549961024331,46.0810672385962,107.094782951368,63.4225194056067,44.3652824996265,43.040072158629,55.6076402102651,56.4566559438041,38.5380746999298,47.1116152693386,11.1080939202886,45.5286182807412,1e+20,88.3639181102257,46.0711533761136,58.4788867679019,84.3780833010064,78.8595153027158,11.2939138183039,42.5723111879553,46.2692261259069,21.0139697173548,6.7089260264242,114.820602563219,77.3219663153034,53.3907020686168,65.1036029599766,42.5895734664087,12.4163867128085,52.1078636663636,3.96847364535097,77.2724595349647,65.1990589234406,43.5464870314216,4.76460904176176,68.8940273487869,72.8183994543772,58.6483443010972,96.5758363693534,54.4408244727436,88.2080510054685,103.815462649287,86.8216140406975,102.608461399978,110.488048745958,85.2756769741243,81.1299985043236,24.0928195635053,7.44304563910484,5.96789462612724,74.1908869313532,12.6836709098275,111.836915162446,65.728553032487,72.5261915457088,7.61077074762877,99.9606615678645,76.504834400455,84.0049560403004,61.1283365897469,50.9828810580725,108.360251908704,74.8667609205467,42.1062400443174,14.9342275032411,110.233681451735,87.7600497843115,20.0334932491252,73.7478263966073,69.1723194353937,72.5711205985469,47.3759499731912,17.3837077054369,45.7573889652668,75.3305145160967,113.219798934329,71.3643347238042,58.9302433729026,88.9676719886836,46.0635836937464,21.431561857762,75.7777650430161,77.8428567726731,112.166442119613,110.102881937343,57.0128899905537,98.6887772086646,59.8275290458263,92.5088449494119,99.5025366255057,7.56396581961652,112.919923118447,45.2412150619799,76.4871632042144,58.1433959506918,66.37557995481,5.04841568177442,45.3891416907373,60.6580310576801,70.4503451979608,20.6625142044695,89.6088663061018,60.6113885965102,95.9751089372477
96.7920839773649,22.5325147236706,99.3311485602407,125.286524401038,109.433284423883,98.4939542928361,96.9894981173184,99.0352935737785,96.5880412461933,90.4907818590056,101.08425640496,83.8033026855586,88.2067932829689,88.3639181102257,1e+20,96.7699878482603,91.6634223093619,22.963192139884,35.980780598593,94.6881815714458,78.7168288197436,100.750203111227,88.1669191658143,92.9112445934728,130.184605028393,32.7406509388737,96.4157054724692,95.0754667521562,86.1043401776165,87.0462749614673,81.0273799682307,87.9576515310731,75.1639100806159,98.6980745367597,85.0488005285323,90.1590494338717,105.825885389914,80.9368158669892,96.0083730676526,15.2982087729453,87.1994734137802,81.0588080339891,114.507755177587,9.01315420380147,111.094670097414,127.074590911836,15.1032298199755,87.7569650423786,81.6194628984152,91.8963234204725,92.5087026521334,75.797432020203,93.057979616716,126.795499132596,68.6883297559377,79.6614064114315,90.2758696475676,20.2604335325317,80.1012404549426,30.4492685166371,90.2343670630148,91.2363080462366,130.009001123347,81.8040881048018,102.040370854313,89.8275024126968,130.110274238978,8.42549863894881,85.2990130669217,80.4573073876323,91.2322150736851,84.3485997927479,101.517931865082,91.8726104985194,101.523050420357,80.5620861547991,128.419524226933,98.2569035384971,87.9035641475237,46.8869551604761,101.515489255445,88.2579387426975,76.1696611661987,83.2566487088578,126.420392182574,134.17739708886,93.4135482992238,17.4106186376097,89.4282981699219,8.40202270056659,128.880873248478,83.9516700062699,126.873375042395,87.0884785189748,73.2908335509014,69.1951088526175,102.111049325573,89.990950456959,99.2045015740476,92.2662568273851,73.4369141696309,86.026153125928,10.0799849077606,96.2680402870538,12.6375318296494
49.156087268758,94.7859655959493,12.5482799178281,91.652743963251,52.5915086458182,13.7248414635397,14.6170222977237,50.1503706131945,68.2225814587542,17.7433365562395,12.7035791207866,45.406021494556,20.2333037201456,46.0711533761136,96.7699878482603,1e+20,49.6766099130349,90.0880061461208,97.8553952277783,51.9286889342305,26.5634126914126,12.1824457498199,59.8087490356985,47.3141513750436,99.7072085654521,95.0712485408748,49.9505750695136,56.6978709606322,28.3301407705981,49.7027807612787,50.3113900316517,47.0029234317543,67.624170611221,59.412337794208,20.7415492735833,45.6787607581991,55.4038175856133,65.5417689928936,51.122599448446,104.757338419273,56.2696323916593,73.7071647281271,96.7960233472088,94.8085437761952,97.4435371462847,91.5216626360653,94.5627569393768,58.7509078717003,52.8695355894495,44.7283298705432,41.9832335503783,62.5993943837021,39.691484399871,97.4661270989035,58.4349620417721,65.3002267983983,45.3496794897939,108.239396924955,65.1578504362448,96.6999946356724,61.9614061359884,60.0348785300395,87.5310181933756,64.334651143952,16.5218682442263,46.7545220176361,94.3536286373408,94.1771507050958,54.2531751562667,65.9602053974751,66.4213453688098,64.8581248752416,11.1586034486469,48.6771575407213,7.58350343238153,67.1144982671572,98.21706867609,58.8709986570646,59.3212627493341,82.0175386032582,11.7495209227167,37.9365188263208,68.6891108761078,65.7610587850906,96.860417985384,89.7016180800958,59.6825961155864,108.059857225231,61.8986604245448,97.9670127840891,94.4489584400435,42.7153720190876,96.6905465005037,20.2960325695516,68.4116094098862,54.7878545864967,59.4663060523132,42.9189347424928,14.2055760010083,31.8931048384397,64.5974412477366,59.5430830424145,99.3186129659144,60.2991600452918,102.032830971209
23.4429558800681,83.5269574082177,50.4774017864777,91.8057893616879,59.1143141473847,47.3909376710375,47.241788341608,18.6624876070039,40.7566765590094,55.8496987330999,47.9226037545561,57.2125752150789,47.4274486058637,58.4788867679019,91.6634223093619,49.6766099130349,1e+20,82.0180228134806,81.3444707109652,69.1943978688234,53.5991566683012,47.5216048898502,60.8474519124852,60.3594525441654,95.6459031853173,84.3317011523623,16.1411233541369,30.804176328954,48.6905541693586,63.7282722469488,53.0352434443936,57.5388894590558,31.1975100966173,30.9678455846397,50.1501854438624,60.0553951379057,40.1445370617065,29.5138906623648,12.0855072272448,82.9294050240896,28.4053352400109,35.3523733374844,91.1065048141963,88.3142020018022,88.9985944233459,93.3697182693273,88.5977142147823,26.6528625487892,62.3016561546679,58.9607323951866,56.847007172599,47.293579743368,56.9708628080489,91.4638423528091,47.8798168110782,22.8201451624128,57.361525863086,91.2977655561832,46.6043241904761,83.0935495301141,34.7685593807373,32.721736881662,88.8388280603646,43.9272873997714,51.0551052516434,63.2141635227341,92.1823714506946,89.7313489307942,55.1083604124789,44.1935254650584,42.5353117730877,22.0014476972553,44.7765880448584,66.1132735859849,48.909157258289,46.5779161351586,95.7813559722863,33.0905813732231,32.8040932804329,87.8508420270495,51.8937458983885,61.9274142787132,28.3771410755789,30.3010311420545,97.6895497394887,88.9475631397468,31.2893078641964,86.8026872931934,29.5765777523874,89.6342483264717,95.410028922684,55.6591247302463,94.6878608230066,49.3652923018036,35.5617154007858,48.2322922916669,45.5166331468746,57.7701359399368,46.4786417566106,46.9246931655509,27.325341477495,59.6028505401503,90.3640037238896,33.8355756999267,89.3486087910714
89.1053008172207,36.3738593728186,94.4076392070481,123.781987794425,105.002253452005,89.477133819416,87.2186518480817,90.0049382623486,89.1767797075047,91.8133352119738,90.9487498477291,78.2195036254197,82.1834146909322,84.3780833010064,22.963192139884,90.0880061461208,82.0180228134806,1e+20,32.3550446078114,92.7094571549851,78.9559604396728,90.4302750922758,83.7112785941107,88.8918839463563,122.179418396639,27.6721875937289,88.3650501688502,90.9037215554082,81.2693384804904,83.1415501513014,76.657612026965,83.3030618504003,70.9169545596247,95.3293093799224,82.2139690494981,84.9393088115206,94.4592243912282,73.1587288404429,84.6853929018023,29.496741169409,83.2532378612013,80.8738591897949,110.380693318639,19.744096384131,108.544061450673,121.171329635285,28.3600283389928,82.3435457767669,77.7784754644209,86.8568771234509,86.9189597174097,70.6536273150885,91.0005220973894,119.981210027629,64.9778811643132,76.7151709930522,86.2076389446257,36.7278390003059,80.3255350263654,43.4075670110799,80.231783621883,82.8946498485473,121.653333191171,83.0460032449257,94.2395556053554,87.1758906853838,123.699770111073,18.5283968458532,78.4724683203661,81.3345160669574,88.8729779585862,83.2833884223967,90.6270168280963,91.8155638809136,90.9503894125301,80.9549258933166,122.040031780775,94.2353062521141,83.0658791747505,55.3143193116377,94.3126155965005,83.139528499841,71.6473426648617,78.282719828048,121.193945143627,129.360624278451,85.1235232759475,34.9863196950995,83.5143882714674,23.6228265037218,121.1736422566,79.3643517063112,118.868628042862,81.7226809146167,74.6950855716476,63.2858926421997,96.623764857446,84.6922366224007,88.6464683934877,82.5887950592736,73.2169503938799,81.0824155365363,26.1809863706598,93.0278217010133,31.3574432685856
84.7180846039289,23.6621955718274,99.6274528207384,140.030175323436,91.5347427126203,101.108099575642,97.353988418839,88.9658937234486,90.6194808506608,95.0099394547406,100.802714578597,73.7083047569365,90.7256274606627,78.8595153027158,35.980780598593,97.8553952277783,81.3444707109652,32.3550446078114,1e+20,87.3834589711566,86.5432947277914,100.51292123536,79.4769084741729,83.5885077133692,141.772127971088,13.6527453509753,85.976453201958,78.9722389629558,87.3148311878802,78.203832924228,68.5971213111943,78.2028064483084,73.8678895643561,85.0428144101277,89.0543655897879,79.5896345790729,89.9486112760302,79.9936976848301,85.70268702061,37.137332286467,82.2100590377069,71.6604261867196,127.969791679045,40.3507067181264,126.906786396875,140.819812987533,32.4891287288289,80.8643215710202,74.2999920255843,81.1420590483563,81.4406434861475,56.7459643521978,84.7120779335653,139.417952502547,58.9893024673819,74.461817744719,80.5633289979925,35.4088465358931,64.6086656631807,54.0488751797033,93.226831526274,89.6524658448143,138.876768462472,66.4962047049658,100.775713786936,81.813249162785,142.917423921092,39.859578307884,75.343999493284,65.1201160789834,71.203558189323,76.9311425947157,98.8215960570642,85.8477717558313,100.538935509723,64.9577875680491,140.918738523089,86.3720965163578,88.2798516841083,54.5425211350053,99.0077521364939,82.734249291875,73.3533066949185,73.4556082566282,138.110321262543,144.681641949685,91.8610055216832,26.4688712628651,89.7943319491806,31.6815015982352,136.686367265725,74.5137828270017,137.880636091292,89.0127252499648,80.2065395520408,68.4616337823041,82.800217405012,79.1930576175228,97.83664115554,90.6670625287066,77.4254553556024,76.8728582479232,37.2083748832346,84.3229938140983,28.1134836338936
67.2076125373457,95.2188914750718,51.9061771270507,107.444490084946,68.9230161734189,50.015218559546,48.7132072977862,62.8329085716662,64.0019313308477,42.5848930057386,52.6554714206241,16.9575718114586,53.0628984958221,11.2939138183039,94.6881815714458,51.9286889342305,69.1943978688234,92.7094571549851,87.3834589711566,1e+20,50.2976919871972,51.8554726729992,19.6667457003054,8.74009203922351,116.46540330072,85.6267984632811,60.8912950055635,74.0131020707523,49.405672943553,14.580537114527,57.1995905895441,12.6850737807339,86.2226256675092,72.2405213381316,51.1760386567463,9.98084816580248,74.3216866720707,80.5914187852138,69.1474485030439,101.343515541023,66.429851390484,91.8599359090023,102.421753431339,92.7064602117624,102.247555037079,112.864768606128,91.1475658724262,86.5622423090294,26.9870192034364,11.849911196683,12.6307820130911,77.3564930898245,15.6765070053939,113.661090475296,73.0031253140003,81.7544566644534,13.6895032131146,103.605454809468,77.1004190674813,85.4835771011258,71.1865534838269,60.6259673460415,108.948876616125,74.8848693689485,45.9726593179044,13.5687369130558,112.063388715338,94.0031997024884,25.9380516793146,74.5775857096412,70.096004055549,79.9552198237233,52.8616411160758,14.5246464076976,51.430830145507,76.0862834324331,114.305697391539,83.5832321228269,71.280952974006,88.4611095219682,51.9046512627978,27.2490311318404,84.6884202114004,85.0061192895799,114.104484569167,108.800289974717,68.6670293938237,103.197203564936,71.9718392299873,98.7985887806614,99.3088647741394,16.8703739685308,115.156217580976,52.8055901609453,83.6261861116891,66.6112996115885,70.5641672848838,11.8390712331079,50.9919608098178,69.903029923365,79.314666725631,22.7873297563074,95.4604152713815,71.5335991316866,100.464799793863
56.6129009912332,82.6873670668895,21.531641969689,95.2885338732968,50.831002703387,27.6441307381019,31.779438308071,57.7447339628497,66.0156035439976,15.9950227074815,28.9738455542143,41.7055839826793,21.9788397619237,42.5723111879553,78.7168288197436,26.5634126914126,53.5991566683012,78.9559604396728,86.5432947277914,50.2976919871972,1e+20,25.9932192645114,53.4498478482115,47.4080476102245,108.508470731689,85.1016091029769,57.4237160262127,62.0855729531771,20.859591364358,43.3873698617432,54.0346758175198,43.3419327138042,64.3682036574192,61.4441237476504,17.0375114820619,44.7454453711241,66.259030476079,61.8205285649781,56.2777147445293,88.362075059217,55.1503583379128,75.1871882628235,95.1545975411692,81.1049040626853,93.1181823472241,108.129973628953,81.632017500624,61.1526976290628,46.2862626626995,44.840515384153,42.711527264961,60.3109752646066,41.9528393688813,109.473808927081,50.1335778018012,61.7790153477085,42.37455052797,91.1246028049961,72.6328505214196,78.9916720913933,57.369148505142,61.2511913446528,106.116581300017,74.0727802046767,23.3133402388559,46.549171784947,108.453124800108,79.0139065175647,47.6297524748113,73.57207763734,72.3168969970037,63.411046831168,26.9448446635329,45.3801783461505,28.41564031719,73.7859339158968,110.783226961436,60.7150387329508,57.3272883257626,86.2393916151071,22.6055436422521,38.200113223572,65.6978372609724,68.0904372620214,109.204945075176,104.783959391026,59.5841496000126,91.0944744946261,59.606483510747,83.4373070700841,92.3614634359434,38.0447282474135,109.612504220221,18.9489502180112,66.8568804441961,49.8276263589901,63.1891370470312,41.2444394968904,28.2682352623145,48.1295874362588,61.2064369095712,51.7391239286362,85.2815486939772,61.2192756930617,85.9770451683306
48.220189815896,98.2584929702563,9.92660501028265,93.9386632900562,52.0766006242759,9.09075006612841,10.4246680119615,50.4663117596779,63.6807598038315,15.2613177266489,4.9732116148,46.2710519357745,18.44780591715,46.2692261259069,100.750203111227,12.1824457498199,47.5216048898502,90.4302750922758,100.51292123536,51.8554726729992,25.9932192645114,1e+20,58.089114626042,47.5032584061425,97.9779398356702,99.6790603717341,47.9640941777843,54.9289155179797,20.6509890918869,49.7009826676364,51.0886608870096,47.6412891686486,66.659235629046,58.4081281045553,16.7745204802007,46.0022024523563,58.81459732887,63.6769635290879,48.6466005165587,110.077637521642,53.2222479727313,72.0409212710079,97.8031527345478,98.3055901717836,99.0488449114645,87.9242042737616,95.4359360218643,59.2880202175796,54.1864403593981,44.7327776596524,42.0267759418641,60.7385410072391,39.8273548922688,91.9553676704757,60.1555773801715,64.4934004629842,45.2992116321313,112.344800328797,64.8402204066031,97.4337640414092,61.5207317942476,59.780770279105,87.5803975759761,63.8834436430641,9.75750143637212,48.5472802057095,89.5102328066966,96.7709994862409,52.5582204611281,64.2822962620388,64.7655848616988,64.2807950964182,5.95216398365548,50.3235353811465,7.26103044079995,65.4743363485289,94.7828225879007,60.5322276927937,60.5756159552345,87.8971646295186,8.32148411311476,35.1413376422917,67.6612848876314,66.7365885103006,91.8926545607558,85.7388627644005,60.5925414323608,110.916610831975,60.5400251272158,102.045865650005,96.3098138459262,43.0259484603263,92.6430747992664,16.836839717803,67.1180587424269,52.3892022082555,62.7160321725549,43.0735227433556,5.70641813816082,35.2635611252406,63.12400162073,59.7810030461745,103.07129213186,60.8383311562595,106.647851313098
