1e+20,3.501304345,2.80687071350001,2.464029224,2.73931219083333,2.40514309416667,3.736467753,2.28879455,1.44721530166666,2.469436677,1.88011906666667,3.242659663,2.57296987166667,3.3212033885,2.951547886,1.8942048755,2.51360812833334,3.742782774,3.62970234635715,2.060470481,2.9621926445,2.182685115,4.056021721,1.9041098216,2.22731552900001,3.5179167705,2.99572635,3.33257334,2.57565652342857,2.548276103,3.924809644,2.5095134434,2.16694422528572,3.09834033647619,3.099810667,3.32030197333333,2.608836541,3.04674386866667,2.05922994,2.44614577857143,3.094872133,3.22226368166667,2.59708744833333,2.070889976,3.78112534999999,3.126965848,4.428942076,3.23988971914286,2.39989622,2.71851159007143,3.9439586855,4.3717183202381,2.268063672,2.68382272066667,2.908974717,2.605235644,2.9580524492381,2.57547527485714,3.431225857,2.87026622533333,3.4729698865,2.67302342366667,3.0239614575,2.92725590733334,3.33498062,2.4558222332,3.49221343499999,2.90830553,3.05186933333333,3.33182684576667,2.8393092745,2.805046462,4.64713759143334,2.968418253,3.425797787,3.705394244,2.704744788,2.83556264261905,3.03805848,3.32565195354286,2.812899733,3.61331183933334,3.60480287533333,2.65469490833334,4.44159372433334,3.7645270895,2.531262581,3.3479528836,3.885727332,2.97409480233333,5.10626357066667,3.233472734,2.759382367,3.667677778,2.476700728,3.123412858,3.229651514,4.725478748,2.71273470244445,3.4183489445,3.631419001,5.572185635,4.012416377,3.5679198125,3.69033587733333,3.9668990683,3.9901814365,7.346923353,3.889862264,6.3060277304,3.36901892528571,5.0514332295,6.52206153933333,5.00381139075,5.12484936833334,3.42256434833334,7.038626103,5.0654148235,3.73068879914286,4.17796256528571,5.0012644431,5.403589606,6.31714024533334,4.207124595,5.405269865,4.610041863,6.802154103,4.69955459566667,4.390030658,5.3620247785,3.3921419295,2.684226423,4.85642346575,3.88202760466667,6.631847658,4.158482725,3.79671055462,4.924984887,4.12335643533333,5.02422902,5.02910429875,4.34637316383333,3.418635753,4.855583677,7.711580308,3.681817851,5.854404348,4.14223832,5.025529962,4.838774556
3.501304345,1e+20,3.943469604,4.68585107166667,2.23162470833333,3.4708679375,3.17152380883333,3.04422040633333,3.21002131266666,2.78110819166666,3.75037980233333,2.91415197466666,4.02109799,4.33479294,3.25533400733333,3.28609599666667,3.074280131,1.82960258733333,1.84298788814285,2.98650508916666,3.103912255,4.10463751866666,3.04579647,4.397247844,3.25505284333333,2.59383490566667,3.88258560433333,3.96856305641667,4.15211190952381,2.92059611583333,2.77276561333333,4.6424914234,2.56055772714285,3.426736072,3.48312389095238,3.65483973666667,4.74196735233333,3.37561828333334,3.04313237333333,4.52644081,2.8764140895,1.68210425190475,2.98174463366666,2.872102225,4.99423183366666,3.34163749933333,2.778384245,3.38641093457143,4.21093857666667,3.49531409690476,4.10526602266666,4.16730440766666,3.04264591333333,3.03444024380953,3.9320888275,4.955436045,3.35520077980952,3.03981888214286,3.58755475833333,3.34483334,2.679333545,3.220460005,2.72880534583333,4.09782331799999,3.93753722476191,2.84969346526666,4.528888456,3.10543010833333,3.98348592066666,3.62364332576666,4.4386737225,3.23060280777778,3.34584194816667,4.09774180666667,3.374352043,4.20029764333333,4.606882465,3.95458712904762,2.33724324283333,3.7657534765381,3.11920097416666,4.1196510855,4.212686008,3.554809768,3.72402444933333,3.71193637933333,3.189310194,3.5811853258,3.94853940333333,3.45520165666667,3.920365464,2.46114310566666,2.353743662,3.96971469633333,4.17164795,2.51635695,3.51511898433333,2.27963848766667,3.39946482811111,4.25066641691666,4.0795447816,1.928303735,3.70623973,3.5799899725,3.255252535,3.2318276362,3.09887193566667,2.14386308333334,2.83261189333333,4.17357894325,3.67355696071428,2.80836824916667,4.51256164606666,4.92445930908333,2.77925155166666,3.78254018333333,3.39851689750001,3.77779903858334,4.16758568714286,3.8874617452381,4.07879305396667,3.90944793866667,3.60567115,4.10498105533333,3.21900630333333,2.85733856333333,3.43770957833333,3.79626879866667,3.396936577,3.14418310266667,4.1551707325,3.12415629166667,4.82284557783333,2.961917301,4.11714141299999,3.86589300222223,4.54372021719333,3.412702842,3.02054650483333,3.04864745333333,3.33812336366666,4.20437578733333,3.82120061466667,4.51579100066667,3.48276122100001,3.2098016956,3.05685037133333,4.44290244633333,4.48128541666666,2.88600828
2.80687071350001,3.943469604,1e+20,3.00184615150001,3.363276174,3.3977090965,2.5953643345,2.27170150466667,2.70452170300001,4.04695290900001,2.216761364,3.35987419,3.373323194,2.65060741650001,2.65189699133333,2.58252111250001,2.89076357216667,2.654590484,4.13016643171429,3.4242516715,3.287328164,2.04494290600001,3.8026200755,1.534741817,2.09981617,4.3016274345,2.2098772615,2.23347298675001,2.24518647985715,2.8727934895,3.417903637,2.33361813380001,4.08995795650001,2.45681955947619,4.5912426195,2.846869152,3.55196814150001,4.19084959366667,2.51791707316667,2.47019307428571,3.5855947605,1.97917644840477,3.5253052495,3.434116201,1.53839145649999,2.28426798566667,4.746111487,3.640429017,2.15602263483334,2.34274467614286,3.65942352483333,3.87495746271428,4.43772293800001,4.03541319466668,4.80707219900001,4.20339134716668,4.29447392133334,3.83845513007143,3.0134986015,2.498714232,2.9528167015,3.931500034,3.74773682400001,4.35800776100001,4.35573465078572,4.42159187226667,2.66458245333333,4.066556701,4.038002857,3.3733487086,5.25501284350001,2.80641426466666,5.2503838948,3.41798422316666,3.051036075,4.63047802733334,5.0009184735,4.32028762552382,2.230481308,3.68012411219524,3.36747903900001,3.72608886516667,3.14491594683333,5.25709387166668,4.20447869100001,5.77575379600001,3.36302166450001,3.606343702,4.52339862400001,3.4241310115,6.4777450575,4.3910463995,3.62245969416667,2.802629669,4.78952031650001,4.93498128100001,3.1775335765,3.65737727299999,3.81586980222223,5.35124216258334,4.61456193866667,4.38454409783333,4.163891167,3.8189834165,4.10744352400001,3.4666179212,4.8030270255,5.8335441565,4.8072129755,5.51503248088334,3.84444292542858,3.3244935795,4.84970556966667,5.22313221158333,4.836455084,3.31643647083333,6.0914415065,4.84978655150001,3.88726247721429,4.82180035042858,6.2626876566,2.69631516533333,6.63399762116667,4.717484052,5.1262446465,4.28252742266667,4.6605085965,4.861741437,5.11263654400001,5.651907085,5.43719627750001,3.61412260983334,4.4597830505,4.6016514645,5.0536005385,4.817188977,5.04898332055334,4.20146842816667,4.7612991935,3.3415541665,5.8323603965,4.51686856266667,4.1141242345,4.67567780316667,5.4422406045,4.946664336,4.724916163,4.263272709,4.3923726555,6.239680986
2.464029224,4.68585107166667,3.00184615150001,1e+20,5.71267256125,2.96187171166667,3.483702298,2.8261263835,2.71420409166667,4.35388719,1.57382388033333,2.29748464066667,2.97177428,3.03461492,2.86263008233333,1.875352835,2.85681401433334,4.47331897783333,5.61363194216667,4.84009712333334,2.8470429775,3.25690546833333,1.55684601916667,3.46775435466667,3.03937150666667,3.25247955749999,3.4085715885,3.3463589255,2.85359796107143,3.3986596945,3.327118695,2.2324574757,6.13685983071429,3.36636202914286,2.19515991333333,3.26619641433333,2.430547005,3.85493589666667,1.715785925,1.9737816175,5.2210846545,3.70053122,2.630456879,2.036250305,2.73781028883333,3.316837479,4.07253949333334,3.57530376814286,1.90116392,2.81673586785714,5.45230402866667,3.78280441611905,2.329607395,3.80305236357143,2.52289176666667,1.81735253333333,3.38965660957143,4.035257275,3.02354444483333,2.53884799833334,2.300330555,2.49492594333333,3.34228733,1.8806857265,2.89559946130953,6.4701665318,2.797799159,2.79047892583333,3.70985044233333,4.3973975261,4.5596711425,4.418052745,5.3625678378,2.43688266166667,2.02117440783334,2.29284073583333,2.489121405,3.16491461059524,4.3807131545,4.17204988415714,3.9046769975,3.64171439483334,4.25514241,2.814650542,5.99576422766667,3.690338409,2.412891711,4.443627117,2.20551578,2.79039549666666,3.48763818616667,5.4388560815,4.04973911066667,2.627257731,2.03303064916667,2.84029996,3.26192640033334,4.35858415133333,3.14354538044444,2.67018998508333,5.23259484426667,6.402630077,3.01225011266667,3.03554863,4.93119125,5.41551716450001,5.7813442975,4.658179975,4.76304335,5.54415592183334,4.24968075428571,5.0048030175,5.6326224252,4.20814108325,4.82000833,4.30327478166666,6.842719815,5.633887366,4.76852866928572,4.15781838785714,3.7288655526,4.12105630314286,4.55035707833333,4.25489955133333,5.58824336,4.31777768466667,3.33731816,4.487458242,4.598589119,5.10149751,4.283325695,3.59073101166667,4.99060146633333,4.500438577,5.2342717445,5.19105075722223,5.54204985516,6.02139909566667,3.565569696,5.87525478833334,5.1941198785,5.716454873,3.9955926015,4.3201695555,7.086158678,4.20657059213333,4.0147186635,6.062766899,4.1990152155,7.19130917
2.73931219083333,2.23162470833333,3.363276174,5.71267256125,1e+20,3.93883240125,4.211453811,2.82755350866667,2.62751627275,3.14003344825,3.70420340866667,4.06628546375,4.182371834,4.82821625375,3.26994957025,2.8330259455,3.87479844541667,1.90972530016667,1.86285867845238,3.49271790291667,3.9851195925,4.1252858815,3.7910687715,3.1812178795,3.41007941775,3.61438099725,3.82789356175,4.7092443665,4.80642803175,3.24196875058333,3.10999475625,3.97355899846667,1.89816771021428,3.6272633695,6.165126335,4.14850025608333,5.66809246875,3.29842933666667,3.62192531433333,3.25836789875,1.82254559433333,1.96631432879762,2.86454971291667,3.06404193841666,4.914854394,3.39903233725,2.29784985425,3.41912277207143,5.01993069183333,4.22399777064286,4.56103929166667,3.56771572036904,2.57057020875,2.62785817421428,3.5012410525,4.40473137008333,3.28136976530952,2.97352950142857,3.5149851845,2.88135150933333,3.92112610975,2.830967555,3.95274926,4.96100389375,3.90338881528571,3.4140090721,4.03574806400001,2.96816912475,4.18404999475,3.9085498836,5.094086884,2.42092037283333,3.9900228023,3.797098101,3.84191991375,4.34743547325,3.72926101825,3.95360289208333,2.643314009,3.74369491509286,4.243917728,4.4700547295,4.24295596616667,3.92500926175,3.63270034758334,4.06950819275,3.55686501275,3.79167264963333,4.16963720625,3.5090098385,4.820446477,2.91125216708333,3.10525833408333,3.74855193675,3.91784645166667,2.91013140675,3.3552887125,2.93785138074999,2.57464234891667,3.41139446816666,4.15475621525,2.7990651905,4.03006341,3.518067507,3.35734927058333,2.7148930942,3.01108128083333,5.6935395475,2.96705056108333,4.6375306274,4.25947359335714,4.13742258975,5.71619319395,5.1535957185,4.15737286458333,4.54125868016667,5.26184455475,3.31027922616667,4.39338235253571,4.23642508503571,4.1731428768,3.56250516608333,5.19561352958333,4.3433101335,3.21801047225,2.18981287925,4.12103511,4.83649076116666,3.701122784,3.63175342883333,3.93940313825,3.18366864883333,4.719683969,2.95150251783333,5.16832003291666,4.19270729775,4.71358425097,4.34467768625,3.26023358275,4.2689745035,3.998301255,4.0500177155,4.13057135525,4.89997731725,5.251594393,2.1539922174,2.56189690641667,4.28250378625,5.68286663008333,3.31473847833333
2.40514309416667,3.4708679375,3.3977090965,2.96187171166667,3.93883240125,1e+20,2.08527304683334,3.2345880735,2.44768231416667,1.47356901416667,2.1257813865,2.62757296016667,2.18953522166667,1.5792703475,2.193724829,2.381474705,2.7811174375,3.79570014616667,3.40554514,1.73518107583333,2.73202328416666,1.87975920916667,2.7137615725,2.03074409716667,2.3769389135,2.80081661833333,3.13130459266667,4.15224935,3.14393520369048,2.05362284466667,1.93003317,3.9304531391,3.77720227285714,1.92979217628571,3.2686407775,2.47720441083333,2.79794867,2.07224541416667,3.48179290166666,2.55663028238096,4.4701147695,3.45903615821429,2.013657941,1.3483418675,3.562808348,3.59993452183333,3.76746075833333,2.646725125,2.92154151583334,2.49057534821429,3.42165328733333,2.9401527482381,2.2220793075,3.56752983809524,3.24695813333334,3.50220513333333,3.44493961547619,2.54725679166667,3.2891401465,2.51240085666667,3.0703518425,2.6846595525,2.7554193675,2.9816428895,3.06181785,2.93234425123333,4.56748409916667,3.57306586416666,3.63557064533333,3.25958672793334,2.61846508266667,4.0874828975,4.2812357628,3.05129830666667,3.41432584033333,1.98289739,2.9364277995,3.04602111952381,3.591075116,2.85255127765714,3.895231015,4.4206878235,3.94458290591667,3.60323824616667,4.2349333445,2.439723336,3.156817444,1.6016062054,2.4902894825,2.67618610166667,3.41481497766667,2.60257614733333,2.29370086416667,2.815275048,2.2029025075,3.21430851,4.1189533705,2.40434437966667,3.41388622038889,3.5910494045,2.68982364966667,4.0027395895,1.90944441033334,0.968468424166667,2.30296111833333,2.8670868192,2.9498774775,3.4436993675,2.60612305666667,4.14723205506667,2.07877878285714,3.28040934416666,2.05984082033333,2.2467007445,2.08061794,2.61981359916666,4.4908554175,3.86775070433334,1.88891531071429,1.73955372738096,2.89066200026667,2.58138563242857,3.09513468666667,2.44727831516666,3.2136677425,3.1008952165,3.0550998525,2.23814416633333,3.48809618266667,3.50250003216666,2.55112860466667,1.34547943666667,3.05849911558334,2.7870987035,3.912345257,2.10367628888889,3.37027902586666,2.293168955,2.1461286115,3.37162771666667,2.80350184141667,2.82908401883333,2.3255851895,3.5447086765,5.227118863,2.44114899446666,3.4377977735,2.443211981,3.7533401975,3.10381053
3.736467753,3.17152380883333,2.5953643345,3.483702298,4.211453811,2.08527304683334,1e+20,2.9596654645,3.858214586,2.3042895505,3.156952219,1.83643004316667,3.09891766433334,1.76573570250001,2.271135382,2.45306953433334,2.2971560525,3.79834839,3.98327664452381,2.80072633516667,2.206965188,2.47931882666667,2.29657425866667,2.33486276500001,2.97994938416667,2.577070221,2.813996483,2.523287197,2.35346451019048,2.11552558366667,1.9962426595,3.6064952005,4.70342352085715,2.30179350714286,2.42995746757143,2.07665317199999,2.74107747166667,2.77743793366667,3.63399446066667,3.64348060042858,5.042800656,2.29995337452381,3.4215494385,2.82651952633334,3.25680489283333,2.4722237265,3.365667431,1.83006405228571,3.26573945783334,2.35306871076191,3.739408834,3.97729676895238,3.844065453,2.89676038728572,3.96305992266667,4.91583422716667,3.03208985690476,3.14834520557143,3.0618783015,3.27882969133334,2.22905103266667,3.36669781333334,2.13179867816667,3.14346218,3.95650168742858,3.93361857166667,4.91851537566667,3.58860964466667,4.21251553466667,3.72186778210001,3.69860292316667,4.19904356866667,3.2802008798,4.20075397066667,3.12294433602381,3.49346216533333,3.88172907866667,3.84646834385715,3.04417567733333,2.95582831559048,4.50574288533334,4.32385675383334,3.94302934075,4.3147233165,3.71876556566667,3.41712099583334,3.79321929566667,2.60918704356667,3.23935621216667,3.61672964833334,4.37838723666667,2.56186126583334,2.94240281066667,4.3082358775,4.63165914766667,3.27505884933334,4.151870723,3.33058513900001,4.50663706933334,6.04423790391667,3.84731415753333,3.4910959545,3.089070937,2.56931314016667,3.29059698566667,2.62689090513333,3.66636187366667,2.15077171133333,3.628439003,4.02378513225,2.78635155607143,1.996139817,2.2386233782,3.75186159475,2.61314088366667,2.62603055233334,3.74047202166667,3.80794272525,2.91760862442857,3.47301382171429,4.8352436906,2.83881889835714,3.77688792633333,3.7161448095,3.78092911,4.14353385183334,2.91192294166667,3.1432770535,3.0151111955,3.50479787033334,4.3864207505,2.64959849016667,3.56858195708334,3.32269937533334,3.56221204435715,3.47394932072223,4.10971641115333,2.03065550866667,3.4767753755,2.775468112,3.70969347675,3.89492630033334,3.10693660583334,3.14246501816667,3.86880132,3.735906938,4.19203231566667,3.2047235555,3.378339033,4.166466987
2.28879455,3.04422040633333,2.27170150466667,2.8261263835,2.82755350866667,3.2345880735,2.9596654645,1e+20,3.755479026,2.66443509983333,2.13785988566666,2.02396543916667,3.0198299515,3.25374940116666,1.81338310533333,2.61874304016667,2.3707236965,3.601563347,3.35779351838095,2.1141516755,2.0009813785,3.0850571915,1.70434614216667,1.9117874162,3.00960660816667,2.26627652583333,3.30013514483333,2.8479124485,2.70996462721429,2.15463340566666,2.54722854883333,2.7300476976,2.69537534683333,2.32050640535714,2.78511070233333,2.39646863,3.12245224866667,3.11895594233333,2.80252611916666,2.28479456385714,3.3396856105,2.02975638985715,3.2307921615,2.87885972566666,3.63286935433333,2.07048016633333,3.3185568605,2.37617798852381,2.7423662035,2.57667427357143,4.3142300915,3.71418242238095,2.29870391983334,3.23509289038096,2.2766766575,3.64813859516667,2.58498713083334,2.73084118328571,2.60462029516667,2.825101693,2.4662956395,2.52485022083333,1.97314006366667,2.56652688233333,2.96779820883334,3.33033880436667,3.76054578333333,3.41798572783333,3.10681684066667,3.30955698476667,3.26359081316666,3.04318078383333,4.17096993013334,3.99992099833334,1.15379439333334,4.16033888166666,3.82514651133333,3.21111558792857,3.1551685665,3.10569179257143,3.351657755,4.24203808816667,4.21771774108333,2.37439668016667,4.534131135,5.08450272233333,2.86084100433333,4.7146958805,2.70505991533333,3.25508037416667,4.2357927835,2.84460864966667,3.133607207,3.98217859383333,3.44416918533333,4.72690101133334,4.279202944,4.624200412,2.69678505533333,4.16906193283333,3.89227694963333,4.711937301,3.26798866216667,3.50374663516667,3.8944946415,4.2546592214,4.59918409483333,5.31792757500001,3.67939464266667,5.58197387163334,3.95728157121429,4.4504300105,5.6995924936,5.50796096783333,4.14051781433334,3.85197709666666,5.83932706333334,5.10817680383333,4.26176832997619,4.50821642447619,4.9365927207,3.63831936957143,5.601704747,4.53884879083333,4.94296680366667,3.12370426983333,3.91691163933334,3.9582190885,4.04956818766667,4.55767501333334,4.62717880033333,3.401265424,5.15840036708333,3.59534911466667,4.58709919900001,4.53671423927778,4.22694729218667,4.65348492566667,3.696527081,4.27810779533334,5.08436252083334,4.6980292125,3.6925680655,3.94199124933333,5.894419154,3.96449878366666,4.35971878033333,4.7697973925,3.0841450385,6.19635580533333
1.44721530166666,3.21002131266666,2.70452170300001,2.71420409166667,2.62751627275,2.44768231416667,3.858214586,3.755479026,1e+20,2.77243649666667,2.249593767,4.22785397366666,3.09165610333333,3.217155255,3.46170479299999,2.509432969,3.12668974166667,2.89642725966667,3.7192766432619,2.32161825683333,4.04334224,1.924436527,4.514427286,2.17235015533333,1.91643370233334,4.151187814,2.349671576,3.019332133,2.74143810571429,3.28771135416666,3.668087613,2.911626573,2.16864123790476,3.63321955552381,4.569612752,4.600077489,3.41198329666667,3.74279106266667,2.48029864666667,3.15857487785714,2.78663701133333,2.24425992571429,2.478225399,2.34223524166667,3.49578876566666,3.34797675633333,4.602808246,3.350185958,2.27072708083333,2.58114786545238,3.5075790505,4.91116061004763,2.99179815,3.38901620390476,3.1135211705,2.986712289,3.43874890895238,2.83936757114285,3.69835769566667,1.74786153666668,3.5280710035,3.15786678466667,3.422325373,4.10624179250001,3.55871644680952,2.2018399036,3.19612497899999,3.03942333,3.10352734066667,3.2050138591,3.47706370083333,2.81441708566666,4.5643973438,2.49416696066666,3.378620166,2.921455068,3.18755745666667,3.74194072352381,2.2711416455,3.55293597978095,3.87709588466667,3.73291978366667,3.39486662033334,3.07958529066667,3.59635779500001,4.1095196825,2.57264333666667,2.80946067826667,5.295512136,2.46153121766666,6.20400455,3.306639315,3.06902921,2.724604362,2.29097983666667,2.68357789,3.04553983133334,3.68866274700001,3.39422391788889,3.43585764475,3.96347532806667,5.705304699,4.751065696,3.92405063916667,3.74690957733333,3.56757487003334,4.09441702683333,7.88746972266666,4.54107217233333,6.85430734145,3.23680267147619,5.3387260165,6.63601011353333,4.9170445345,6.118879529,3.61902208933333,7.29008227666667,5.39355797675,3.75152499828571,3.27733104247619,6.1912226461,5.50256106233333,6.328528846,3.930134395,5.856276935,4.67284615,7.09773319166666,5.33316567233333,5.524795214,5.54138519933333,4.1381234995,2.644045969,4.49477063316666,4.565190984,6.880994612,3.91619040988889,4.45367637574666,4.84938319133333,4.3704905185,5.289455984,4.8000185615,5.05819413766666,4.14835953599999,5.61042555366667,8.091341942,3.4255226936,6.278057989,4.224316288,6.3401265065,4.47230195833333
2.469436677,2.78110819166666,4.04695290900001,4.35388719,3.14003344825,1.47356901416667,2.3042895505,2.66443509983333,2.77243649666667,1e+20,2.28948029466667,2.61828171933334,2.73290162083333,2.485512,1.895067796,2.60377155,2.995945258,3.26466668533333,2.79821816280953,1.524921465,2.769020575,2.381602792,2.616850672,2.4664671585,2.40494643916667,2.105939933,2.8906164215,4.38389183825,3.62325621071429,2.1833845945,2.09705595,3.8889758863,2.71068075714286,1.8427822045,2.71466167142857,2.4062454835,3.397124775,1.59282485916667,3.39806510666667,3.13656329500001,3.817123357,2.56045422202381,2.3329908725,1.86501216166667,3.85438169316667,3.517544532,3.60899727,2.06229179228572,2.966544295,2.7471906225,3.9526897015,3.41851197445238,2.02906554333333,3.68078253166667,2.368594345,4.7918736275,2.93960979790476,2.41689254607143,3.8944215535,3.01911431666667,4.0016606325,2.30117376,2.51653356,3.078116497,3.23047678857143,2.43790973846667,4.7480230225,3.3783736625,3.25196122566667,3.38024050776667,2.6390361825,3.54479062361111,3.0112671928,3.18577699666667,3.97877565266666,3.43547958083333,3.1432753565,3.42696615964286,3.277536944,2.14940566765714,3.66279883,4.62936249433334,4.1086988855,2.864882201,3.90475184566667,3.030813559,3.052410619,2.8530820258,2.834430835,2.49288463416667,3.865655308,2.338319024,2.18766340466667,3.4121158105,2.92601706083333,4.0713936575,4.07646363183334,2.54737513633334,3.39911618866667,3.9505460145,3.1568904361,2.9276038275,1.740110778,1.81380957,2.49056866333333,3.5261623003,2.958578346,2.677505725,2.20280422583333,4.676920851,2.77829391821428,3.13428892,2.8718651128,3.320259917,1.44761320583333,3.01202189916667,4.0041122025,4.7838363445,2.20652743821429,2.41691706392857,3.8455343061,2.86756722409524,2.50911832333333,2.55310303183333,3.2275376875,3.354024117,3.5105195425,2.29719376116667,3.001350265,2.783469821,3.5326842965,1.60745818333333,3.4040268445,2.741753556,4.1845866345,2.34763228194444,3.68426186165333,2.570961568,1.8477687755,2.96276589,2.460909058,2.95336220266667,2.472416456,3.350056205,4.4042623155,2.4421510141,3.330640526,3.1450226725,3.3451081405,3.034134475
1.88011906666667,3.75037980233333,2.216761364,1.57382388033333,3.70420340866667,2.1257813865,3.156952219,2.13785988566666,2.249593767,2.28948029466667,1e+20,2.079751652,2.25318591633333,2.7764306995,2.147991242,1.58180484116667,2.57712046133333,3.678003247,3.91028214857143,2.36354673083333,2.5421007935,2.17153096166667,2.151896449,1.80780578816667,2.57181213333333,2.04621478666667,2.987710547,2.898893003,2.60561592785714,2.40557125966667,2.781033863,2.5685571398,3.82197626428572,2.45796824109524,2.21728875466667,2.51927975266667,2.65742735366667,3.251983739,1.63273798933333,1.83333404657143,4.2054634965,2.45616027152381,2.13369241733333,1.56926015166667,2.54089269266666,2.277094954,4.19394304566666,2.203506703,1.84825410166666,2.60334415721429,4.15743533466667,3.12947316219048,2.078649484,3.31719777933333,2.00359082866667,2.45165033883333,3.00213336190476,2.6632310182381,2.87420556033334,2.34132492033334,2.46664316266667,2.26983210633333,2.59932211,1.8227681335,2.47902718614286,3.8244414896,2.728568347,2.48287826666667,3.14051312066667,3.56441263843333,3.45790477916667,2.707114216,4.4788083978,2.465961336,2.36495330666666,2.52148922466667,2.538882393,2.56422715285714,2.8880722285,3.00797624069524,2.960403947,3.4323469795,3.5218288215,3.119982734,4.71637671133334,4.4188882025,2.242324436,3.1168039288,2.29384401433333,2.47612061266667,4.01792660766666,4.713442204,2.91063683666667,2.737794361,2.050007152,4.303051855,3.419807353,4.23224608233333,2.76301955477778,3.012501265,3.4927788446,4.96458612666666,2.55754534133333,2.704283485,3.55241203866667,3.7332905033,4.84686120516667,5.639632303,3.890801975,5.44152509761667,3.46685354995238,4.17193362166667,5.02905745673334,4.11433808054167,4.46895587366667,3.46913438,6.582668345,5.27023089175,3.36773908085714,3.53384742161905,3.7842337441,3.80659817447619,4.77654587533333,3.813199963,4.60129899766667,3.70811498333333,3.83535375733333,3.72007502566667,4.103383634,4.8336821425,3.647303516,2.245032496,4.305757451,3.80356553,5.587138031,4.70023306855556,4.36503121319333,4.37396623966666,3.33064303566666,4.15529839266667,4.75430732433333,3.994381963,3.098169596,4.00366042416667,6.818687524,3.48742066746667,3.808326768,4.01402987966667,4.751528941,5.892021349
3.242659663,2.91415197466666,3.35987419,2.29748464066667,4.06628546375,2.62757296016667,1.83643004316667,2.02396543916667,4.22785397366666,2.61828171933334,2.079751652,1e+20,3.025726277,2.7623523535,1.84859083966667,1.9890600425,2.70750719633333,3.855872553,3.81442720888095,2.77033698116667,0.94603864349999,3.743419505,1.67550854866667,3.68951836366666,3.31665564666667,1.5236695065,3.88903820183333,2.82960869425,2.91155536438095,2.71743900716667,2.138788222,2.3866230854,3.74972522904762,1.88294213314286,2.19033286914286,1.69265343799999,2.73409095833333,3.26727191466667,2.41044354083333,2.69410081285714,4.30663711866666,2.08776434852381,2.9118264945,2.464315831,3.74628363299999,2.08822081466666,2.51329247166666,2.005165885,2.22365669533334,2.33399490773809,5.00110366833333,2.28637622561905,2.290252264,2.97975503790476,1.7977890245,3.30477114833333,3.11375261028572,2.92971155585714,3.24182398233333,3.174986639,1.75312620283333,2.794469291,2.10741686133334,2.19450700433333,2.45496221019048,4.1661774116,3.91102924266667,2.278148611,3.687441327,3.92747517443333,3.9276460135,3.37963400966666,3.8587918278,3.07970514766667,2.710832635,2.81139709666667,3.25918473333333,2.83923329466667,3.47304637166667,3.38944222524286,3.635567494,4.33271880633334,4.35933026958334,2.18437926766666,4.60383417066667,3.9406105085,3.30744267566666,3.852666077,2.75343999366667,2.66930194366667,3.70938029866666,3.001787939,3.08776185833333,3.38510042799999,2.456087564,3.715234585,4.37237872633333,3.45692714233333,2.66721814333333,4.38530828716667,3.3959455866,3.54207617266667,2.233199956,2.2812285135,3.38704452633333,3.7166264884,4.018404621,3.181647413,2.28327173666667,4.6078937095,3.38498940257143,3.06614049200001,3.69950695280001,4.633011582,2.67742200600001,3.23512829566666,4.58561294916668,3.87376674266666,3.29850270642857,3.60157234571428,3.27362460126667,2.65555202180952,3.50165515366667,4.24490790433333,3.40018111000001,3.20389156066666,2.52292515933333,2.98950971933333,3.03980312033334,3.23042385916668,3.6627271465,2.649206927,4.09148025966667,2.55963540266667,3.92284766300001,3.63765354566667,3.82776042740667,3.44983386633333,2.55971999833333,3.07849100600001,3.75403451375001,3.63553006683333,3.369346497,2.67709691850001,5.035922112,3.83554291506667,3.01984772566667,4.153382971,2.42753008633334,4.882888965
2.57296987166667,4.02109799,3.373323194,2.97177428,4.182371834,2.18953522166667,3.09891766433334,3.0198299515,3.09165610333333,2.73290162083333,2.25318591633333,3.025726277,1e+20,2.02530374916667,2.710550259,2.81839624916667,3.24512684400001,4.172160551,4.01028299192857,3.01561797166667,3.46499053,2.837829251,2.85770942333333,2.45093113233333,2.91949121666667,3.63761348666667,2.4693984245,4.00016901591667,2.59524999619048,2.7153552495,3.21914844833334,3.37809408533334,4.17109929238095,2.71357178366667,2.64069296285714,3.13136662366667,1.92306943133333,2.74208403333333,2.89522517916666,2.05346002023809,4.9655345345,3.50418844333333,2.54291880316667,2.53517332166666,3.09632735566666,3.06200401633333,4.61072654333333,2.99204128204762,2.60785298666666,2.25617914666667,4.0611913295,3.84925659019048,3.12527815666667,4.23565908761905,3.08575813833333,2.32037515,4.16806902342857,3.55886114333333,3.60682763366667,3.06285649,3.171499045,2.6878913,2.9747591225,3.0899152475,3.47701996380953,3.85454999813333,3.38976166516666,4.28376472666667,3.426891632,4.19097294243334,3.41004831366667,4.35821183133333,5.5430212578,3.49934879333333,3.453676997,2.42970117333333,2.88298118333333,3.65748152285714,3.4686079955,2.78560963906667,4.202838045,4.397811093,2.67448981933333,3.930845054,4.76431796200001,2.87583200633333,3.123261423,3.1491162658,2.60655099666667,2.889135045,3.898302222,4.24088269433333,3.087608958,3.55759009,2.20171632333333,3.525095495,2.112975648,3.02431049033333,4.15955269055556,4.09437108716667,2.91360002733333,5.04344481666667,2.57417551866667,2.71100155666667,2.96218217833334,3.7002135204,4.25918326533333,5.48712332000001,4.13987903833333,5.08262397035,2.47783556952381,4.31728984,4.19484110106667,2.799132721,3.93102653833334,3.07261956,5.91173592166667,4.03417529608334,3.40861962619048,2.33420522666667,3.57020617693333,3.87992929657143,4.28991214666667,1.91570439833333,4.72760004166667,4.132433512,3.95346659166667,3.32342592366667,3.838497142,4.70204857083334,3.60492803583333,1.79408896333334,1.93091966125,4.075046678,5.99958144200001,3.75475344666667,4.02452729701333,4.149727998,3.19312490983333,4.99751067,4.2702535595,3.34276288283334,2.252864636,4.42612273466667,6.848314337,2.96017689146667,4.00085868433334,4.02465172466667,3.70956534166667,5.53322548000001
3.3212033885,4.33479294,2.65060741650001,3.03461492,4.82821625375,1.5792703475,1.76573570250001,3.25374940116666,3.217155255,2.485512,2.7764306995,2.7623523535,2.02530374916667,1e+20,2.41086963,2.7745530875,2.4532822615,3.875503488,4.45079416990476,2.88978289833333,3.80498047,2.203633039,2.78093873,2.482748443,2.50393301416667,3.571481319,3.2974625845,3.46607712275,2.65559345892857,2.0735918905,3.15389996,4.2596408538,4.92619352071428,2.34077213442857,2.65157813,2.97217190283333,1.157611137,2.73453762833334,3.53221088916667,2.68958313,5.339262372,3.85322327166667,2.7931821935,2.67479483916667,2.1301216815,2.96596573516667,4.601850775,2.388186893,3.00717054,1.59947634178571,3.84363369683333,4.3264614565,3.791118605,4.16879757857143,4.1754589225,4.07979360166666,3.99768339942857,3.668689765,3.6117922835,3.212376735,2.6030705375,2.825971995,2.258287285,3.46035347366666,4.10514328928572,3.89567879293333,5.0096366,4.86013138,3.58794479583333,3.9317275691,3.1706606495,5.006671722,5.2393758328,3.86697577416667,3.56048383266667,2.43212481083333,2.86857395,3.90718755083333,3.3753057495,3.00094714327143,4.7649918025,4.2729309715,3.69943683775,4.810889601,4.626375697,2.346309211,3.155179043,1.8784146668,2.62668869,3.29573172,4.283723374,3.78919840233333,2.564931778,3.863650473,3.66427929416667,3.11981143,3.272269613,3.540638308,4.84554022277778,5.27077644841666,3.69429878226667,5.0140112745,1.9971232915,2.1433997175,2.69868824916667,2.92073937720001,3.318243889,3.369083595,4.08481836333333,4.30937540626667,1.80677921321429,2.8606676175,2.15224983273334,2.494022584,3.0235323175,1.8685515,5.48456485500001,3.24147365583334,2.37709346714286,2.09558655357143,3.3484991636,2.61157447792857,4.01498451,2.768329904,4.3446345,3.50343600233333,3.58860559333333,2.4599530245,3.484180667,4.544409803,3.6129680075,2.07928877,2.34549768958333,4.00378753866667,4.1784472145,2.63755844583333,4.04249863896,2.70583300466667,2.40664233566667,4.16797671000001,3.76055085308334,3.51600298683333,2.028071252,4.273555613,5.70978684666667,3.3965409278,3.70968674933333,2.80502538,3.050326248,4.6091087
2.951547886,3.25533400733333,2.65189699133333,2.86263008233333,3.26994957025,2.193724829,2.271135382,1.81338310533333,3.46170479299999,1.895067796,2.147991242,1.84859083966667,2.710550259,2.41086963,1e+20,2.4803176115,2.52670199333333,3.847929016,3.34866137654762,2.110146504,1.60566266399999,2.441384023,1.963096035,1.613136858,2.725055131,2.2568266475,2.692562649,3.2031052255,3.34450388271429,1.983302379,1.983632905,2.9081367794,3.54410988971428,1.17187145557143,2.986496724,1.631274786,3.188387454,2.372030066,3.08439648566667,2.67128563685714,4.154803292,2.23744359066667,2.58302662016666,1.85490335233333,2.879357246,2.31615559966666,2.93410931066666,1.64061607457143,2.599468789,2.25223649435714,3.80532853333333,3.32879573180953,1.61670025533333,3.473952259,2.0245545255,4.28496385316666,2.26266932461905,1.93396005614286,3.15577714066667,2.918647449,3.0314815015,2.711840083,2.4189335895,2.4468752505,3.14662431185714,2.76151159,4.2329206755,3.11424460233333,3.29167884433333,3.8201765311,3.1994491155,3.310297912,3.4999863418,3.362850459,1.96446695585714,3.66332444566667,3.536084568,3.36912759804762,3.195840724,2.95970343691429,4.222172399,4.154645898,3.87327184483333,2.41784619433333,4.36325935300001,4.51171909,2.273270416,3.017460197,2.644893739,2.392374354,4.083179461,3.387254573,2.45540884566667,3.247047031,3.13850254566666,5.048466813,3.887132993,3.45007537866667,2.80851874022222,4.17135424174999,3.18324009953333,4.4517221535,2.087954923,2.076541124,2.76840501933333,3.2283462134,3.798566821,5.064878274,2.70686372233333,6.0264698099,3.03307400285714,3.3689722515,4.28789537460001,3.848909559625,3.310869154,3.16525635833333,5.29778953400001,4.30109003633334,2.824363305,2.46497359985714,3.6297518858,2.75020027528572,3.96057198066667,3.43210408966667,4.1061044295,2.839454908,2.92424281733333,2.47728930266667,3.841057036,4.2062166665,3.769485106,2.419245044,3.56247017475,3.22476769,4.90344454600001,3.06491079833334,3.19026158646667,3.33498907566667,2.11710540066667,4.04006445400001,4.03761919525,3.46323874216667,2.864943699,3.8627379385,5.747298582,3.7518774982,3.307067028,3.524588925,3.6731974095,4.178275646
1.8942048755,3.28609599666667,2.58252111250001,1.875352835,2.8330259455,2.381474705,2.45306953433334,2.61874304016667,2.509432969,2.60377155,1.58180484116667,1.9890600425,2.81839624916667,2.7745530875,2.4803176115,1e+20,2.61463953883333,3.61134687,3.53422396407143,3.60243811166666,2.0762945575,3.23005075333333,2.7504652425,2.706936489,2.71392634150001,2.429681346,3.3707559055,3.246933611,2.59045797392857,3.04586339066667,3.300892875,2.7607001603,4.10940292357143,2.16339435735714,3.02959136,2.7465919505,2.605310555,3.05190441416667,1.8918973675,2.09593915035715,4.405968017,2.15221143857143,2.3334028295,1.96414859166667,3.7155763225,1.88270964416667,3.60615320833333,2.30154610278571,2.5918465125,3.05191059892857,4.49089637983333,2.53626181004762,2.242769615,1.66890894916667,2.75463639,3.01467075666667,2.45080768297619,3.05362093392857,2.96251019216667,2.68664551166667,1.995010755,2.8574146,3.1285685375,3.220534347,2.48797102845238,4.1874282611,3.3604924265,2.07507367916667,3.1810064705,3.52637227493333,4.7456167915,3.06267420238889,3.7403987228,3.174182095,2.9354403595,2.95591407166667,2.979368832,2.78775539511905,3.223301776,3.09725162954286,2.744455865,3.49225451416667,3.9731299265,3.66073851316667,4.38428178066666,4.22607077066667,2.7016276815,3.6695542351,3.12852773,2.784953655,4.70936209166667,2.93279262133333,3.103439273,3.8419663555,2.98650292166667,2.58780118083333,3.81086337283334,3.336603965,2.22822321155555,3.71026939633333,3.56632682443333,3.271421419,2.718539214,2.29402280166667,3.339675995,3.8793579077,4.17959422466667,2.9991830175,1.62470579416667,3.17226904915,3.67499529178571,3.1486899125,3.61640249866667,4.84422755283334,2.48344208416667,3.28466411416667,3.84641618416667,3.37869135566667,3.21241033857143,3.81453440119048,4.0756588876,2.63591014714286,4.41391595083333,4.17657799033333,3.37198846583333,3.882482339,2.68812620083333,3.85020748533333,1.840097313,2.3667442275,3.999330487,2.41884847416667,4.10038110816667,1.51134483116667,3.2324571745,4.18097150666667,4.16586583256666,2.9222114625,3.619620946,2.1919979,3.09583798416667,2.97560440466667,3.5885945975,2.088341679,4.6060891675,3.18280678816666,3.80845473183333,4.17374182583334,2.467919731,5.1065801
2.51360812833334,3.074280131,2.89076357216667,2.85681401433334,3.87479844541667,2.7811174375,2.2971560525,2.3707236965,3.12668974166667,2.995945258,2.57712046133333,2.70750719633333,3.24512684400001,2.4532822615,2.52670199333333,2.61463953883333,1e+20,3.28197593866667,3.17448606207143,1.90188192766667,2.74319115466666,2.19586534166666,2.69400866866667,3.07871372899999,1.696982541,2.74964707483333,2.313931066,2.72450369966666,2.84390846919048,2.56520202883334,2.72587302733333,3.4294502982,3.14227582095238,3.41111330857143,2.42845778314286,3.328985786,3.33163265766667,4.22706921566667,1.97421434166667,3.05526398357143,3.747441079,2.46850919147619,3.99897652016667,3.05563607066667,2.904773738,3.49478342733333,3.89228579533333,3.46082359114285,2.53498363066667,2.70320502652381,2.98872202849999,4.59459406942857,2.521292117,3.77422038452381,2.511520654,3.97698638766667,3.18315275580952,2.73282831009524,2.88101702766667,3.250678712,2.39494670433333,2.79407216166667,1.46714195083334,2.91229805266667,4.04122980133334,2.74156213346667,3.52751316683333,2.773476278,2.54160896966667,2.53355615043333,3.50229938116667,2.48437786166667,3.37092147646667,3.60267799100001,2.71495234233333,4.356623266,3.57203548766667,3.48027327033333,2.67204980566667,2.92238676510952,2.76500466433333,2.466962886,2.62564143108333,2.834042173,3.064568821,3.68708305350001,2.26253310633333,2.6346982834,3.49515947766667,2.71016155266667,3.85523281400001,3.25930489466667,2.44739858933333,3.244264006,3.83493326933334,3.942322608,3.65448991600001,4.43089231833333,3.07588284555556,4.82648483441667,3.77394699273333,4.1524258675,3.35936556,2.722824244,3.108926414,3.3070849692,2.9420341825,3.19518661933333,4.21881024166667,5.7321165076,2.74187887385714,3.0144255865,4.25989640013333,4.61698372975,3.19773208866667,3.04296593566667,4.50032790433334,5.08239908816667,2.99387860542857,3.51885992514286,4.4777490796,3.0244742542381,4.397846752,3.89480691466667,4.364322522,3.808691226,3.76785120133333,3.689199258,4.50172591,4.676112248,4.2391304475,2.80665599033333,4.33101033016667,4.178555723,4.159568677,2.90331347544445,4.4097410308,2.70757761233333,2.9383259805,3.639548926,4.60344234725,4.13454454933333,2.92149713,4.6748803445,4.959134788,3.7409552494,3.88100091333334,3.28999115566667,4.0018205495,3.815944281
