1e+20,1.65875888282389,0.884448615438844,1.48026200694852,0.943584444182779,1.15472473417241,1.63183029297815,1.1425647092954,0.598405633445426,1.17363043182297,1.14752114893277,1.40249337703515,0.932555776497887,1.21131569049274,1.1759046910074,0.878526237839536,1.4870168577582,1.88653536879461,1.77602706907922,1.16471579046924,1.44421515747163,1.19208633998815,1.48668369009158,0.468132695008994,1.31591796447119,1.53760302377656,1.40583308592764,1.36170703768178,1.17308845613411,1.37967453241852,1.46277020882394,1.13937540246596,1.24201759623542,1.15594246917887,1.92725923646371,1.42842206214309,1.71273312750142,1.13917708335719,1.63931762579716,1.06834748906713,1.24062838872793,1.24846340151021,0.889637131481554,0.683250959578468,1.57127797526021,1.145856432706,1.67048057871131,1.21232330094127,1.56471073231741,1.06107389403421,1.7444752533679,1.36718248937869,0.773210430861805,1.12186178521687,0.782097051188933,1.14541520909488,1.0669226388736,1.20377725904949,1.55185222451052,1.07207797220176,1.5160778959451,1.27633952586173,1.40787784664265,1.24550534192776,1.3388455186071,1.1225815857512,1.30424669979646,1.3151651854772,1.46413987901878,1.57081571947143,1.30932101567636,1.10383602340575,1.27501702271263,1.42540896151957,1.59209727839181,1.18492027863577,1.12616450106201,1.09421871019662,1.55023993116234,1.28322185854406,1.82404230285873,1.80211176704557,1.55489584623295,0.718184000162621,1.26204197835928,1.38022036251573,1.20110558679407,1.54698176145813,1.44447190764854,1.16429952257375,1.56125739784294,1.63487904165353,1.53351365072779,1.37691977700183,0.886785906714554,1.21372675289015,1.37282136550891,1.69183882761569,0.798769040143851,0.994621681398204,1.58672049382649,1.95401157222627,1.32871125461266,1.40901125048294,1.53029506342556,1.22283269520018,1.47767441764979,2.18423659962745,1.59358970991265,2.16279711764953,1.23316523258664,1.8270974772958,2.24973146568563,1.53659458983862,2.12818021355067,1.25006114622811,2.12276225257643,1.864364961692,1.38847249959806,1.4762001211647,1.5308385331047,1.80738678183254,2.00944259641705,1.43285384627874,1.72111356897631,1.50335032613505,1.74030493437007,1.59755782168216,1.89479751319321,1.98684531041882,1.06740333771587,1.29330202777549,1.53861302843815,1.70605219052315,2.04749537778748,1.74644729009133,1.42421919473287,2.10835830278241,1.44170800724649,1.82242357246804,1.92422841085736,1.56081060847779,1.2389863444898,1.88090079789994,2.20155938976279,1.48558494651407,1.72357843512685,1.28767899091193,1.85055118676901,1.8439589748097
1.65875888282389,1e+20,1.80175579500294,1.59741126281966,1.33287513641659,1.13720947192635,1.04967113546486,1.33165615801363,1.54035966651842,0.987393144394898,1.51343404983523,1.4091491323267,1.37673926439572,1.37133026223492,1.1077917036444,1.71470629881192,1.09893157050541,1.0719349776441,1.16035969533162,0.891521064853129,1.46927758533701,1.14382374228942,1.33615828576951,1.75049689317061,1.09677903706169,0.898656823115549,1.34210067516863,1.38243864864528,1.74149698623768,0.978907652963747,0.908162137277987,1.52622824643283,1.13198522792699,1.24065466317942,1.75951565517164,1.36180967084126,1.6878089099582,1.16453978776231,1.36018274110946,1.74494847120767,1.06378241987956,0.477571263528606,1.37504959861983,1.50642185975276,1.33233472390642,1.63015553440822,1.41114564602203,1.24499593694649,1.38583847801133,1.57097328575476,1.16342897737007,1.52443790693333,1.4062317848173,1.43829569507412,1.35185549687418,2.02357684282871,1.30404767677405,1.02143837887559,1.37478021060913,1.32268055139036,1.33368053932572,1.0973982525329,1.10262457817025,1.50518408765881,1.601170114147,1.08355449472106,1.9222393767628,1.69246290048596,1.18443922886245,1.20995055932833,1.27076855178335,1.39583021596334,1.18192937689327,1.24160763563931,1.47803858494757,1.397901229404,1.22802440452294,1.54670473382336,1.29621506985402,1.29113707000552,1.02620962395487,1.35029229628015,1.51155253771466,1.57667872035463,1.07169996697929,1.1656637218954,1.23290918463659,1.03680680057345,1.38717501694671,1.24860077177824,1.63065708206804,1.27991101085027,0.794941274311995,1.29031141172503,1.4400340211148,1.41481942039703,1.11717344385081,0.687893044996803,1.6588130085468,1.82307389698878,1.58369981706048,1.41289428736527,1.23539471551297,1.16803553804318,1.30425912670977,1.52729167648312,1.14789394117236,1.92555840422475,1.14160340774185,1.17534297162064,1.39468225716451,1.41905326316911,1.23194369971406,1.21482127755122,1.29266546654641,1.57627110894589,1.3436200191024,1.06572014929521,1.23648332866487,1.15376468082421,1.75729918843389,1.16261054015202,1.195218847753,1.35973252536396,1.18241887703107,1.36001018867143,1.68327231534641,1.0721958467225,1.25615301386389,1.07200584812468,1.64412351931251,1.23515577592553,1.43403141469211,1.14299270745726,1.48742300961136,1.07570060298502,1.75796205144155,1.04477839142365,0.958297452591719,1.27156877342435,1.14235191906139,1.32821359235399,1.09169072404001,1.63455988941972,1.42856533343324,1.12301872356643,1.50492971360206,1.38040712816072,1.64692694612928,1.06666951725716
0.884448615438844,1.80175579500294,1e+20,1.36196945539266,1.38986540281656,1.47683390951489,1.86656587438484,1.22178790661789,1.01054800598612,1.42085233626544,1.3517543632799,1.44845186581013,1.35573901011885,1.50524155215006,1.2862881702478,1.06513863740907,1.62317929808291,1.99983520239154,2.07624356264219,1.33340028858403,1.3901564494262,1.27738878791173,1.35831953509967,1.12716028537464,1.29779006468005,1.68569173634514,1.5044117431192,1.62412870604524,1.04935904230975,1.61435637521277,1.78570327288748,1.31969527597503,1.44216426609105,1.43948062739542,1.8242591107496,1.36245098440823,1.66396569786897,1.43296387470216,1.56602763591937,1.20505666762344,1.39041028902387,1.38658474076894,1.20801093118594,1.00080682191172,1.5183304256402,1.45755011894037,1.50670585744462,1.34028055966408,1.21890685537227,1.27687238513976,1.76271020851098,1.43593706858198,1.02561968800904,1.22230527046627,1.00421529617468,1.27233270349861,1.16886612430592,1.36578840497428,1.66129787347295,0.948490368159322,1.46578009862916,1.33099794174389,1.48951280776824,1.2678221637429,1.57300455489931,1.30384523330555,1.37505850499868,1.52168337694912,1.51604389623028,1.60074281810613,1.46261741805501,1.30935029966431,1.3075316714296,1.28619156680896,1.56403761708907,1.38084118801963,1.22632535876001,1.10224905778851,1.59983119709611,1.42772201567637,1.7576577616321,1.69504265346788,1.59994204583767,0.952012585650363,1.43808216238991,1.56030758000927,1.28072268692317,1.69785996752177,1.64510887340276,1.1266024117658,1.57932638116908,1.71405190097051,1.5552157749864,1.37581034921861,1.18303167098614,1.56026613357142,1.42482455571832,1.79820841734647,1.14837433665632,1.22925666846095,1.43361303081695,1.88468597537231,1.41199570361976,1.6367024826261,1.55937992098051,1.62812471937623,1.77111297018523,2.14188397356328,1.76984566472906,2.39846313356671,1.55187840373576,1.9281376550417,2.19399605960309,1.78915882746185,2.0305311846981,1.3330191815419,2.1755634777536,2.07556675845081,1.65461966077328,1.68493663110872,1.6313424780053,1.86676220485269,2.10486412845664,1.62644353636607,1.93135402729469,1.4561973762102,1.78791105848837,1.69776241290915,2.05478213300731,2.18792946240525,1.3177048805118,1.41422598359951,1.69957730812025,1.89256995631489,2.01266394876072,1.87549507957119,1.43782937706866,2.17271757324731,1.59772575003403,1.80650043265465,2.136196034279,1.86588797478881,1.46812898406279,2.04188324675982,2.23034280270332,1.61338647290928,1.68803773073497,1.64789590722828,2.11378626890376,2.01028909526915
1.48026200694852,1.59741126281966,1.36196945539266,1e+20,1.81821863620203,1.4419102922171,1.34900450413601,1.03366623716137,1.6336443567302,1.30943991632333,0.738578211435987,0.952810590359247,1.13947966278274,1.10867845672156,1.17398315399963,1.19546507291227,1.13139135523312,1.58722865341592,1.77447752532312,1.34417975412678,1.0922475086758,1.50967977597798,0.619316691357392,1.75605018037746,1.00842779852997,1.1675370273502,1.46023816356452,1.42824349481032,0.981270335675776,1.45178234083181,1.32219488564784,1.13086718334516,1.75104023892282,1.18742866586867,0.645578842782497,1.18185513636147,0.81470809561121,1.60950500554734,0.687997759544683,0.988213558324509,1.75622160591633,1.360483709263,1.11835124922808,1.26016900230412,0.973734697490988,1.39174011614388,1.370198894646,1.29736945907902,0.67707595422072,1.02451261629392,1.73729571173352,1.24994312161973,1.0029935148474,1.77281734390783,1.06995679604402,0.986037823871632,1.29956018305323,1.24137638969019,1.01982120271516,0.907031394076996,0.940463052917828,0.993489238642143,1.13003486314157,0.658983449001214,1.05053030117571,1.6216376847588,1.14417205420222,1.21787206996203,1.32877066110254,1.61578264086748,1.43274932253986,1.44725806725766,1.55537640114721,0.882808017757267,0.857438524061778,1.01837016806627,1.05794562322736,1.10655980155943,1.47722767232027,1.53578421985302,1.43996360543206,1.41251949421291,1.49811035991411,1.17177382029937,1.72250406321279,1.86969151391922,0.970563664547174,1.84554855712807,0.883883321105608,1.10117307124905,0.97067481780393,1.78971396925585,1.33858371441245,0.936258316364394,1.16737166151217,1.96952138477411,1.64862941488305,1.46638880555924,1.43907011274356,1.27617350023913,1.53506298027302,1.67867330765751,1.02415165439065,1.14795864690028,1.47628547625918,1.81796929375713,1.73644143351531,1.13580703527151,1.46106616673553,1.82263755526212,1.2611290863613,1.41159769154648,1.67452186126321,1.57706712974357,1.33836636506751,1.23638622511649,1.65564676260023,2.09460340714749,1.42927214720824,1.49711510489169,1.22942902681081,1.31605876470624,1.40498185800699,1.52742620374274,1.64582926264706,1.4216418207507,0.971936294418445,1.46553430378238,1.59046388533366,1.53896731130084,1.39978229256311,1.31253356544331,1.63249205745392,1.50660676452782,1.62106104823981,1.58907367729831,1.68185846852806,1.77739955123024,1.20727120928897,1.5175102548141,1.67013404059595,1.7063270282812,1.34208405134266,1.38311006110599,1.79282692695922,1.73389044749591,1.36061979185694,1.86787471459773,1.18470323750058,2.06559525887045
0.943584444182779,1.33287513641659,1.38986540281656,1.81821863620203,1e+20,1.04938834526057,1.60317840132241,1.29947601377211,0.770728918886202,1.11684726323827,1.43611949563539,1.50975432206819,1.36534347002878,1.46318583958014,1.22865667628626,1.20025136837914,1.52151328514663,1.47467377535779,1.43402183697821,0.933602222150427,1.44351577751159,1.05946875862183,1.57825648383479,0.929647543913573,1.44054539481247,1.40293380553008,1.33911181366706,1.48149905104708,1.44916824613878,1.15120535714642,1.3563140996566,1.44205812702335,0.85044709614547,1.28636384112484,2.17404040194111,1.47290001854356,1.96503892023818,1.00046724589881,1.74849998103017,1.32596819469058,1.12704730659107,0.989775473277897,1.19198236062676,0.994712692676568,1.74780880401538,1.2785967432165,1.52221015590837,1.03698981277485,1.78758642953512,1.38037362368717,1.41051504955784,1.57099245225791,1.11522382396892,1.1981676591271,1.07564970787039,1.66127511978061,1.16580607128386,1.22124017799073,1.7405647711504,1.39994393783534,1.70035868759909,1.27453091358504,1.33921630264464,1.53939344967318,1.54717426979405,0.922175645325314,1.74446315848927,1.57071626159124,1.34364990347316,1.3769855052189,1.20410107987668,0.938831166946744,1.27923379634159,1.57209912259416,1.77652269364469,1.45489553586614,1.12872149234998,1.49298517397803,1.50077199541898,1.26691654619331,1.6321669516369,1.72848955607392,1.60770398865359,1.2245695190625,1.17931620815431,1.00461048027384,1.31221474801738,1.15498237421796,1.64060706147277,1.32197309004966,1.79663593252986,1.26668349201229,1.377154346699,1.53970857544459,1.16094384535435,0.814118473009308,1.25237306595331,1.46344998405222,1.129924246348,1.3401491258086,1.39761763042531,1.7699205389239,1.41441243281168,1.44485347224481,1.35102521206987,1.28828480705577,1.38194752454752,2.39277405701394,1.5008951810015,1.89020917697238,1.41338172012445,1.82507509939124,1.97890612824749,1.36309347459162,1.97943385843102,1.5129659341734,2.07789954716742,1.46790853402782,1.38180414388413,1.30297280410923,1.80551815329289,1.74316646496466,1.8641087976618,1.24224605827808,1.64558716217513,1.47656439957132,1.97116702638898,1.41490067529835,1.70160458452879,1.8233860221086,1.3680436444346,1.14810534135133,1.36235252041762,1.54283207820812,2.02554087271856,1.53440059393171,1.41352974005382,1.81254177300057,1.38039027981375,1.69483755407365,1.69146987871643,1.48298326465118,1.22166300706972,1.94509191697402,2.12315034377012,1.13964939983103,1.77729083275758,1.26885544744631,2.03462075197082,1.42109475440574
1.15472473417241,1.13720947192635,1.47683390951489,1.4419102922171,1.04938834526057,1e+20,0.897177469625333,1.12484324485411,1.18838191424884,0.5414906967396,1.23940621037183,1.17801502602348,0.993204743780631,0.874696845754766,0.846487971279104,1.29615422052874,1.12897790297362,1.47086284525874,1.34692030083883,0.667609745766434,1.4038219905049,0.909688110132614,1.27901997907634,1.16845291297248,1.13072481076139,1.09921884466542,1.19330266118667,1.23684137172948,1.42601783178362,0.660660411706444,0.860331105349473,1.36028391345996,1.00528926045229,0.956418257546276,1.78768024326905,1.13471575089654,1.59604943651929,0.689011484307839,1.39773031311709,1.44760914130258,1.29368036778742,0.912461146079584,0.954045776604004,0.754720392889479,1.20241845223857,0.869641747446511,1.50004319836241,0.91801800423294,1.53789660661081,1.19584146112271,1.44036217787133,1.21861004029439,1.10127853614997,0.899743231356217,0.966193207117044,1.38906473694089,1.22087061580384,0.899905881771014,1.28077265362481,1.06506228608926,1.44682552062666,1.10569026085613,0.925816404420062,1.01801706195459,1.16294531595977,1.12611038465383,1.59177362192629,1.53445258468811,1.24467375030612,1.4472538504169,0.937540478356667,1.17957463747995,1.02654263606925,1.07802142973635,1.5382891712464,1.01751586276725,0.866435254965717,1.24430006492819,1.40594606237118,1.11033902133645,1.54560876566115,1.68049353868041,1.42959122800434,1.30779093939642,1.24748652504095,1.0300578456052,1.18540782901749,0.99763904022523,0.981089305824457,0.867482810094129,1.09593364904841,1.15927378706599,1.16202098474127,1.02071292658327,0.943959755720577,1.22316125728908,1.52624632206535,1.06800964738126,1.33370772427979,1.30624285354062,1.14935382970559,1.55870510559874,0.801872219268677,0.682815191648439,1.10776716209869,1.19457040760622,1.04541485966091,1.87550447470935,0.987566599808477,1.24821465915597,0.989533159735196,1.45279157455342,1.59276963793414,0.726756743329619,1.4365971747258,1.17961396685912,1.67911603765386,1.30019636826024,0.915613328798688,0.931034772008187,1.31438541715498,1.13193187713275,1.19080524655127,0.803020366365669,1.3533435958321,1.39977278555183,1.54037655870588,0.97848912542201,0.976256352432338,1.15780612700671,1.08604198964252,0.703789659531208,1.08324222621467,0.827657909083657,1.70372422864401,1.03898295301438,1.32402344575844,1.31677107492109,0.847415008859654,1.28692265254216,1.0104597205338,1.13263177340339,1.01476099882034,1.1831708838471,1.84936718077245,0.823608801940887,1.53890619999078,1.03516603089665,1.33995818346845,1.24704997363946
1.63183029297815,1.04967113546486,1.86656587438484,1.34900450413601,1.60317840132241,0.897177469625333,1e+20,1.14154227850193,1.71813087065009,0.880860828855642,1.18505358227536,1.17612931923149,1.21626986900172,1.0457113095107,1.01612157447092,1.67305371132822,0.642628713902854,1.22509665196244,1.15998793254146,0.925987460849367,1.58796271721734,1.21148540243294,1.32229688877905,1.75057437786824,1.08992867452924,0.984895665707384,1.26734656767775,0.963075705561248,1.63653450901551,0.769907841943781,0.708177996192791,1.43094955496699,1.35228953961182,1.2602702116443,1.50375415111282,1.28415712553242,1.44452908341813,1.33888699945131,1.07337010946267,1.72042304414259,1.56703810553282,1.0842508645359,1.33113917265962,1.37408297530411,0.900887768520468,1.1695273916917,1.63291524785723,1.34666267193459,1.46855933598175,1.481625002606,1.43176685917409,1.44887242109217,1.32207786664205,1.50303423441874,1.21889613904032,1.60123545908245,1.3918052540479,0.90375842629658,0.929683576169109,1.2011059046403,1.35528188428821,1.09312364090737,0.754937941170598,1.19462002886115,1.17876742809957,1.31163768959274,1.48450827588681,1.55531784932609,1.21130659664532,1.35053178426435,1.23113612956876,1.372904859449,1.27014505048142,1.06822494086448,1.36790238571194,1.26552858146225,1.16689595067221,1.48106902739772,1.3134674802575,1.45540979992642,1.22540564969592,1.50165891366997,1.32856377511072,1.50011968802616,1.40636212034744,1.42290840010629,1.09948309511651,1.28609424153532,0.965690197839032,1.05915289040089,1.19126435263881,1.39489669143977,1.21113157060969,1.0282683179605,1.39676027950059,1.67411634888738,1.66415045094731,1.17934639722945,1.61927975593426,1.68785027947105,1.60110627436521,1.4140798056935,0.965188675220228,0.755904278597214,1.3832122235573,1.50198490740572,1.01566630211748,1.62934545287042,0.769188280562775,1.12709318549513,1.23378890997314,1.20499843775683,1.45447484106479,1.06780395812705,1.24874577979484,1.40543075482311,1.29045133612335,1.27613935615706,1.11656070733431,1.26369161415802,1.36247883234752,0.81727971671533,0.928986745177605,1.34984839550179,1.10155165053475,1.48074314390148,1.39825878965349,1.08381414915526,0.893236331154402,0.882533432966367,1.34685864280521,1.1858207402,1.49342542053522,0.7245565362862,1.34546307889104,1.05545049190914,1.77323613807962,1.04839294731939,0.794476859877982,1.08429295911871,0.917612515435977,1.15347808444337,1.13076240017512,1.00359297844221,1.56363261532672,1.27740956834703,1.46236341489798,1.18326756689979,1.18653044803509,1.30825979374804
1.1425647092954,1.33165615801363,1.22178790661789,1.03366623716137,1.29947601377211,1.12484324485411,1.14154227850193,1e+20,1.1135152654925,1.04946448948643,0.81440753539229,1.19103822741737,1.1427968791574,0.885945443474777,1.19960837890811,1.11161831821936,1.04683162472443,1.40114961389753,1.42172523648689,0.914381112621594,1.05125596520946,1.14773881672295,0.906791962529932,1.28745718698046,0.749920403349053,1.10314810548084,1.226491293686,1.06823396338318,0.960709925322403,1.12691955035231,0.994250244414543,1.35256139760174,1.30235950630765,1.04004598604613,1.32379015431994,1.34595225663962,1.22157327428024,1.45556530734243,0.961389630409385,1.16323978035938,1.48354545353105,1.06261960492252,1.1125637201912,0.93121068588339,1.27762536948744,1.03439889303231,1.07150602663296,1.03314083925314,1.15421454996859,1.03517943446222,1.36973020291045,1.25934149366504,0.844719805832067,1.34642818120906,0.868011971647228,1.19033263620871,1.03512643335507,0.740652553847503,1.0146113919321,0.857315937089484,1.1483176305829,0.835797556405216,0.821049791368781,0.949148773908348,0.968779893545285,1.03237130832833,1.06135709517409,1.20966987316612,1.14990214081458,1.21733356265552,1.18979103682447,1.04308041472013,1.12276743595539,0.931971312666056,1.12360438115339,1.04242720431013,1.00169003073148,1.12916788225779,1.19594222399604,1.2736440518389,1.21497756801711,1.37691357671282,1.29028888161068,0.955309718990589,1.20632141327643,1.32783922813703,0.75590284009543,1.31443670498759,1.03414031257632,0.924498606252321,1.12754503857486,1.37118095450166,1.24076576875511,0.958848508137904,1.11301030441197,1.44303023945347,1.41929139414221,1.42377701733977,1.14644848659836,1.29102409363411,1.21921880170953,1.10048936001574,0.989438898110523,0.945251497755765,1.0135584455525,1.14960155314576,1.29924373996978,1.60875459606725,0.91253719979774,1.70336460518117,0.928859379578051,1.01794717370942,1.69638114711955,1.37295729271467,1.48287329126652,1.12230946035104,1.6226238612531,1.4211559528804,1.05065577803027,1.07634305012167,1.17593248720227,1.36402692221637,1.31037166701884,1.17257194132462,1.14297847684173,1.08632932062399,1.21903220278645,1.14661913054898,1.22131035121078,1.45700580408634,1.01365728549311,0.898450051833015,1.20656026416184,1.04009051944971,1.60868932226674,1.32296760952115,1.17764474557001,1.51358538155214,1.0102936119561,1.02497693214591,1.38485191404893,1.20811903820988,0.906190108205045,1.13796533339677,1.65290305508183,1.3639097000438,1.18269199056162,1.34730126518559,1.33837425635448,1.47854220218945
0.598405633445426,1.54035966651842,1.01054800598612,1.6336443567302,0.770728918886202,1.18838191424884,1.71813087065009,1.1135152654925,1e+20,1.1940430611645,1.31070552252788,1.62089507570543,1.19077145013096,1.27981822277793,1.32358653279712,1.09708256358007,1.57140263602759,1.78946293588012,1.61692126690811,1.02784003726939,1.38630261890575,1.01318803137372,1.47525650987631,0.465458021559911,1.23122483904158,1.50322288955264,1.25535494568383,1.39707482404208,1.32375170387176,1.30197664462888,1.40729728920004,1.28554933807354,1.0012067478881,1.25157197591988,2.08337912232473,1.64531497540344,1.81332656356884,1.16329118541325,1.67494825933738,1.28864344127352,1.04615767646356,1.16535919896078,0.992222422018404,0.836348160304665,1.74670770069598,1.19407071463782,1.50799110933174,1.07483505156909,1.64634001723163,1.23043000731695,1.52901095238122,1.59002705064302,0.9973212706655,1.09550789354635,0.903470675131796,1.34383583359093,1.19764967099362,1.18964215337802,1.59740397143369,1.07072237661595,1.699161611636,1.28536877287778,1.35794558918289,1.36470850014808,1.47548794728984,1.00927158856288,1.44961230355765,1.54391362165676,1.33995543259101,1.39657228375842,1.2351190071209,1.00230103925833,1.28782526758367,1.47414813121763,1.68789022417418,1.32891971125413,1.05640879775968,1.30910326943009,1.43860853017245,1.23585382393065,1.73331837071327,1.69537571739581,1.53663184384153,1.00161559381876,1.24110359659721,1.20118720874233,1.25641739210629,1.36849973547261,1.5267069165321,1.22384114087938,1.7016226103203,1.47791741888482,1.45864443454402,1.38563480570093,0.951566941168526,1.02507940288873,1.24326003128644,1.66179177405523,1.04411790653948,1.1527044623458,1.5056460503912,1.88084950943754,1.44814047037849,1.44823792176382,1.44401622405958,1.19463900555203,1.58313099099433,2.36013558649326,1.58822038614754,2.02691334657589,1.25342459402541,1.85492424230615,2.15447416535613,1.50388710379325,2.09940101230101,1.38382436647963,2.18470107716968,1.6671443128123,1.37240478829197,1.2791381467802,1.76361579100787,1.94845002631436,1.97306133460615,1.29684938604463,1.71894094500504,1.52810465735853,1.89914469554965,1.55532102303749,1.79526396695612,1.93303045768357,1.30782352843148,1.21282404972975,1.43349987629779,1.64290682107847,2.20981666831279,1.7152959233754,1.33305956685647,1.99584992380929,1.50202216649861,1.81836213973011,1.81579225795748,1.56853104055736,1.20457549514542,1.93042567720565,2.15949969327024,1.34948783986931,1.82903931938423,1.4478315798765,1.94558037017688,1.69284588321854
1.17363043182297,0.987393144394898,1.42085233626544,1.30943991632333,1.11684726323827,0.5414906967396,0.880860828855642,1.04946448948643,1.1940430611645,1e+20,1.03798966091523,0.891423139695269,0.878416142778628,1.00646910146351,0.528948589907016,1.09614442600936,1.02210158684534,1.23909801017195,1.08099053809906,0.567046170339626,1.07354854194225,0.973807541546282,1.06321090385557,1.23586072479837,1.11824489956562,0.735353806503557,0.901483705474904,1.22449136578399,1.51985118411315,0.843318125574997,0.67345828497386,1.1718890128025,1.01480598973433,0.799300918000718,1.62084409297087,0.914536559710971,1.25476397784733,0.60653722545692,1.22156471697773,1.33427654660685,1.19611707238879,0.815463218852734,0.701806212051799,0.873538281372185,1.20060661825337,1.17610312414548,1.32482775185072,0.660053421050838,1.35986935003416,1.10655423169858,1.43808478760654,1.18442714024798,0.878999357132664,0.917779437950082,0.87418030466733,1.35465098622104,1.2188575646305,0.575171876226958,1.23814777796251,0.941718497233875,1.24545274654136,1.03301870936198,0.857153482067209,1.07238103272897,1.03351611417824,0.987797712919305,1.42510299242046,1.19980294476203,1.05458511077338,1.31775332244451,0.876132074342314,1.03804275337354,0.87829710219776,1.11276154200942,1.33219877074679,0.878874222308255,0.815188667775361,1.20625197648608,1.01728864994221,0.778682971021312,1.34769110309179,1.45129476268834,1.08586296210668,1.16045936317274,0.962925240483291,1.02433004089625,1.10883963447064,1.00019248232432,0.875434806363463,0.985801745694624,1.22906001147223,1.19581474668846,0.749973132619228,1.11810202669745,0.91818584114404,1.08538071671961,1.16601402538619,0.897095768372044,1.13538398439409,1.23832559013143,1.12978377761866,1.43168864579638,0.75785193946743,0.761081804201494,1.07352725127913,1.26089962250062,1.01884226570043,1.72018779480001,0.944548270486984,1.24490113632978,1.05358364715363,1.32830517734724,1.40238878335525,0.928481382724243,1.24321642105726,1.16113297162062,1.48361348836948,1.23331923940026,0.951805600031315,0.984988355788515,1.30163978475419,0.975034207853826,1.12478787704016,0.976523571418366,1.26374257860162,1.24947989295263,1.37802510939443,0.89835398629434,1.10481604248722,1.08681714623243,1.11598008631529,0.764613871088273,1.1657214795405,0.938715782836988,1.47459633068567,0.908832474646984,1.3983376152986,1.20043849787117,0.744921740508519,1.18200290000399,1.07294839527996,1.15108979318906,0.889142360304521,1.30879477368291,1.63509810023532,0.868824995080896,1.34102365560372,1.10043882772622,1.35041322616045,1.2116006743354
1.14752114893277,1.51343404983523,1.3517543632799,0.738578211435987,1.43611949563539,1.23940621037183,1.18505358227536,0.81440753539229,1.31070552252788,1.03798966091523,1e+20,0.77829108822444,0.938722524924896,1.06463629964773,0.959764135019792,0.833450095241847,0.934502174981261,1.3040433803367,1.33295739846908,1.08027618511324,0.918959811028538,1.35846158380154,0.791794799438589,1.38533281532601,1.07752135823974,0.944291726801031,1.1093133562647,1.13550659119398,1.12247981480945,1.29064986776209,1.03298404910107,0.88711701299142,1.4544027334437,1.0224151094814,1.04911751737487,1.1466699745917,0.81229435289384,1.41486051976407,0.746040871325512,0.815685762203505,1.58369764537762,1.26315327780346,0.840985263665777,1.03598080277149,1.15684102394382,1.19379117802094,1.33026022451128,1.03399035383393,1.10437179969428,0.885783279930453,1.60893461474953,1.24283617718033,0.615095491765567,1.57470868434311,0.783517230272634,0.823413686577969,1.20477253039513,0.876069565094421,0.970347798822575,0.927170939008557,1.0337089075919,0.975232322984237,0.93727060507536,0.875941585884688,0.674535468657171,1.29717544375996,0.734456247080052,0.799746621229381,1.17303052966289,1.34060886906777,1.26213149036655,0.961594000199522,1.34410408103869,1.09375780755053,0.947348308865181,0.98346842904806,0.959258863972521,1.20715633995575,1.10376242672457,1.23369502592922,1.33308509999398,1.27823130625222,1.09437867304821,0.886422826283837,1.38583397581054,1.59691051928049,0.893379118516136,1.59091953034769,0.843725201056656,1.11661588723033,1.18001146360557,1.61216187524738,1.20340583000882,1.07879733599891,1.01955071262589,1.53604415287854,1.4145370972362,1.50954192979677,0.943641512418296,0.973781644023802,1.47477514865871,1.57996417926259,1.01003518086429,1.0403648748169,1.35166403453597,1.52841883241743,1.47535829383853,1.41846833483966,1.2798898892342,1.78281343136268,1.13334214061465,1.30365579261277,1.75093589077956,1.48167126632582,1.44514826688428,1.16256045340022,1.59909733186012,1.85608567732652,1.27185657452437,1.38827865528578,1.17681326155249,1.2933898965407,1.47173329529381,1.44786987887751,1.42476899874233,1.3089431947903,1.12921656698898,1.34922828513713,1.53788530466906,1.47348667117608,1.15777786001086,1.18684156569789,1.54366668813722,1.38886135297732,1.53325198135676,1.48517195719218,1.51686229477454,1.65306643666175,1.09956574726307,1.41873372523302,1.62141412959331,1.50616213074947,1.14142423893375,1.40185124340658,1.72159292009287,1.60090163764241,1.32285061195068,1.51935713064734,1.25661333656598,1.82792449397726
1.40249337703515,1.4091491323267,1.44845186581013,0.952810590359247,1.50975432206819,1.17801502602348,1.17612931923149,1.19103822741737,1.62089507570543,0.891423139695269,0.77829108822444,1e+20,1.10016653120408,1.35163025656022,0.624481462678099,0.89445601019042,1.04790646835687,1.22183718251412,1.42832460946036,1.13144652285187,0.928203366296429,1.49296761246917,0.851192800085337,1.68163525549733,1.36448914117978,0.831006222415301,1.25436615791177,1.48607527733939,1.35857699001692,1.36756907082467,1.15896417968125,1.13778355280441,1.52181227460954,0.985114688332292,1.12061680209828,0.476237929605404,0.844345227185352,1.19535799661433,0.981511526969788,0.969765342876118,1.65178292554253,1.19688256346563,0.942681083173927,1.16922025559251,1.10295983363264,1.49945555045494,1.33493237347717,1.02297067370634,1.06348454032864,1.02961392213629,1.70677820291969,1.11402391375033,0.799888890859314,1.49935187633075,1.04109009692971,1.25432236026446,1.28737312211966,0.938630871759397,1.3398558474414,1.1364706510657,0.918566829348183,1.08183594296533,1.12015905500503,1.07379692618414,0.96901550080786,1.35178210332595,1.29571917224076,0.832698815107518,1.29096372373633,1.52348122945543,1.28628119871984,1.17721881034124,1.22713421726379,1.16363313511041,1.05489841762961,1.0097371592772,1.10625583801826,1.25073431839829,1.16543006084425,1.09812736170154,1.35265546702552,1.39748850371908,1.20678007226036,1.13573403922277,1.31553637832998,1.54284113795333,1.13492873819577,1.5168606628451,1.00655595462759,1.2205426938394,1.25271540996703,1.54422317179383,0.979527196492576,1.30360840842887,1.19198855592934,1.53436590476001,1.36199636886555,1.20883052558923,1.10481889382024,1.21453210112778,1.27529745361487,1.49112493709971,0.878256053506993,1.12521660762566,1.24906422749434,1.72783255467626,1.34514357264504,1.30935977102056,1.30849739524815,1.72434800746777,1.38260512981367,1.33753043592183,1.45592246799097,1.3853981688876,1.16472900413501,1.27773720916422,1.44232263882437,1.8221063344454,1.35947595242557,1.48277044093806,1.18412971083248,0.85617760336498,1.34577249940508,1.42944959127277,1.47170261161633,1.18613803927938,1.13940152944192,1.19983601570015,1.55491308937394,1.4227010150583,1.25425061162535,1.13813294408028,1.49423600228671,1.41275660764009,1.16476077597789,1.29419437140693,1.60112765128345,1.52112810399469,0.929846546676387,1.29941204278966,1.59075995992581,1.54077250351855,1.23121593878243,1.52184438300608,1.70128968572119,1.44343526945371,1.1507714099462,1.4717615190754,1.44104045220488,1.71153949672629
0.932555776497887,1.37673926439572,1.35573901011885,1.13947966278274,1.36534347002878,0.993204743780631,1.21626986900172,1.1427968791574,1.19077145013096,0.878416142778628,0.938722524924896,1.10016653120408,1e+20,0.910006968419625,0.925643189938139,1.02137110663188,1.28353543530873,1.75163240464962,1.58858132001252,1.15200522804541,1.31298559458841,1.31467880410645,1.2108762716691,1.08985927362455,1.24507858673586,1.21110748003794,1.34406643019505,1.23863907767033,1.3662449200159,1.26860745462289,1.05781262309103,0.935604468602703,1.53681328919618,0.915945468242957,1.54837994868486,1.23533139560078,1.32356744634272,0.986728032057303,1.36197434180351,1.08284369161745,1.42172901953166,1.11985184532739,0.628834122833201,0.831441645506,1.2954371121861,1.30822299259985,1.75181549697054,1.11605735044295,1.39419954067797,1.04536238268809,1.85203773697866,1.09477415310774,0.851111785953805,1.26714966561692,0.840590397472178,1.12867932119896,1.25578448272239,1.00095838370554,1.20072732827633,1.04024702042117,1.19387530565765,1.27571791054597,1.26607599951419,0.934914462819658,0.920233802140367,1.43090711752187,1.32647503775021,1.16276160334979,1.39636955796304,1.70360778795245,1.2081369892675,1.41648819459458,1.32740368597168,1.27036170476983,1.39400743978671,0.57461602992628,1.005676390964,1.07191688473693,1.50151903602225,1.1702078473645,1.76755393826238,1.68966044837383,1.46014883037299,1.04138932645935,1.23180765684262,1.57026715876962,1.22400670917467,1.61263054726899,0.822621640046005,1.14437744370225,1.19629544995266,1.8320968652291,1.17439450502822,1.16387195584259,0.680771568015701,1.50360091639562,1.39209026670024,1.24080814720328,1.10076108565452,1.00094140202303,1.59929037892675,1.91498260809398,0.998024708035884,1.01419712354184,1.54047937296917,1.4040538816291,1.4531493765839,1.73474808096143,1.36993281190604,1.7211722066659,1.04494955427003,1.63626419574061,1.95394571278099,1.29435624999147,1.7094960816975,1.09403072760825,1.80177572060388,1.81542763669545,1.20657054270087,1.32849455016507,1.28003271645735,1.44755140943484,1.56615983789009,1.35560292347762,1.60925045160693,1.57113115959609,1.36629837352738,1.42967592263336,1.53156087801931,1.52412806289648,1.12231865290283,1.22945859590041,1.56157163860785,1.39355520449262,1.85584397072072,1.52502888136115,1.57751004589032,1.78639448376903,1.18662085662912,1.65882225344819,1.54879591168749,1.50606516736064,1.19527457256619,1.42954031528846,1.94351716011566,1.45652089445638,1.63757238250169,1.42067590041768,1.27684610586421,1.87583002538027
1.21131569049274,1.37133026223492,1.50524155215006,1.10867845672156,1.46318583958014,0.874696845754766,1.0457113095107,0.885945443474777,1.27981822277793,1.00646910146351,1.06463629964773,1.35163025656022,0.910006968419625,1e+20,1.22947995223084,1.33764375891136,1.17916364893704,1.70175372138334,1.63522132090285,1.06190616092729,1.37213936971869,1.25746495687136,1.12676565746125,1.29295221708277,0.800767789944448,1.21239673855766,1.5080530132957,1.31938887886201,1.19878862661463,1.05762780199491,0.866928890699954,1.37505478917264,1.41849292947748,0.95382729214476,1.41578227824058,1.47502021994364,1.40687230647739,1.28663934859083,1.23563306091632,1.36067410490701,1.58005070582449,1.14279527605107,1.08399358321133,0.883617139363729,1.26945469985684,0.823040608740221,1.42039265465675,1.19124609737704,1.34265442071117,1.04849639422862,1.66282944699235,1.12320559652147,1.06297772754326,1.30051929828716,0.992827038281658,1.2304097474706,1.13401674484637,1.07060083899886,1.09412500632619,1.04032185704969,1.24355209404504,1.00369442036068,1.02178049128095,0.826305365368086,1.1258716746483,1.34601661765207,1.44386777499386,1.42122972146468,1.3625254492542,1.63267650904364,1.18919497854159,1.39946482719706,1.22968955805851,0.933224124867408,1.33075419313461,0.975138117412103,1.08601421167801,1.02126105411095,1.58191859551635,1.4478012260463,1.5790263286365,1.78360586251272,1.61132911542092,1.19327118390069,1.50238038861161,1.45767076854159,0.991882409745235,1.4481560834808,0.875989047255592,0.884928019803194,0.848724165421796,1.4309962957057,1.4264045058623,0.919406552617909,1.08551872646937,1.66524161674658,1.7574353034375,1.32717699732364,1.41201821040546,1.40904030060283,1.45480462065988,1.56090971243785,0.757825892488501,0.55765890833112,1.26644321980731,0.988087246745761,1.24036098826135,1.5444457395593,0.964663929740961,1.44446545249002,0.531885779762012,1.26244306073285,1.76880644257594,1.14142908076436,1.52280444182082,0.878691657143794,1.56767620459922,1.58976444447486,0.798053483290365,0.900560484943171,1.03939429295391,1.32821415222522,1.19093101738151,1.10997191952511,1.25468931466495,1.36190070031504,1.1144538620374,1.15053545238507,1.14117083851747,1.2524281985488,0.94792972306144,0.989219292302602,1.27305064384461,0.986029580095022,1.78393675752267,1.25934470349792,1.3349957447293,1.53944931875385,0.938931188000929,1.27773150638404,1.18431827862559,1.08537546358067,0.892752670880986,0.963336112469985,1.6367381095793,1.28022891075071,1.37704130214853,1.30923849325658,0.895653580673238,1.55772282138482
1.1759046910074,1.1077917036444,1.2862881702478,1.17398315399963,1.22865667628626,0.846487971279104,1.01612157447092,1.19960837890811,1.32358653279712,0.528948589907016,0.959764135019792,0.624481462678099,0.925643189938139,1.22947995223084,1e+20,1.00712743840618,0.928269493774721,1.18278248328639,1.20213418538132,0.798289786584502,1.09387380362412,1.12045305949979,1.02830817422325,1.37456396161189,1.20917591183853,0.784376810251593,0.969241103021086,1.278408097979,1.46642004115743,1.04719991181614,0.957743243993991,0.907366236150875,1.11360313334664,1.00170138658024,1.46965695957974,0.636047892459184,1.13510055075888,0.763755751916315,1.12244122522467,1.19339006042389,1.23845222834661,0.902995219916051,0.750545529366533,1.01880997178186,1.02717602665491,1.32589902252048,1.38665084183922,0.88424836389791,1.15406233184115,1.16881814942226,1.4772022837021,1.2023947697734,0.805098089459658,1.13829280844663,0.874215987459479,1.30224586490141,1.20347042351296,0.768900250461645,1.30300752153185,0.923303834451625,1.12993969941677,1.0218528976564,0.986193142921194,1.08772401312439,1.10065499843909,1.07172810071823,1.3491671023145,1.0906811311552,1.08912759368207,1.31097541602322,1.0443268332112,1.01082598715151,1.00239906454778,1.11300258677667,1.20784856983402,0.990277340773915,0.886438264679185,1.19565859062546,0.995863251552498,0.862733687306874,1.29255884819263,1.32909441464577,1.08335188287816,1.08678456748593,1.07561789966333,1.2146799046144,1.09710282211575,1.2140449260029,1.0252666571847,1.04153395862475,1.32042288847537,1.31585709278703,0.781673617095036,1.1821142777016,0.996680061768618,1.21837472609737,1.09231813733966,1.01278464075514,1.07170106649213,1.18110517666876,1.29831856451215,1.57260898325984,0.792391609560266,1.0174258958928,1.27746051058168,1.53089402118347,1.13168830920098,1.65147029758071,1.22256690679216,1.53585145681986,1.28005428127646,1.51887743862436,1.40714235998201,1.10748607767989,1.26043384555253,1.15016597624558,1.41858475131982,1.53747754882566,1.20597764335856,1.27908345979212,1.36107025734828,0.915078459181486,1.32848823865963,1.28102630590008,1.418741163686,1.21400105236218,1.39314058449395,1.0827189056309,1.42646376094636,1.32361099978672,1.23806772580824,1.07613364996844,1.42559561841844,1.2755948057254,1.31723993494197,1.14687162672213,1.56765310968758,1.36991484845769,0.826870886475636,1.32598104860679,1.38721760413433,1.40537745097119,1.06671576084978,1.57245049279495,1.64603959517426,1.05129443097335,1.34239181265847,1.21743337057771,1.56076207320004,1.45687516305201
