1e+20,3.36535636093333,1.02468393906667,1.95212513226667,1.7179293238,3.35103244893333,3.66449712033333,2.63280098513333,0.6982352736,2.24370412426667,3.2828020996,1.54394728446667,2.9541999096,4.37807823693333,1.216697436,2.66205615226667,4.15861611626667,1.81646557406667,1.59816143693333,1.8635329182,2.00603889113333,1.52894396626666,3.0818224136,0.14941877833333,5.29798163026667,4.47937728626667,3.61655308106667,0.528683972199998,2.9073357356,2.60344681973333,3.6399192646,0.906917941533335,0.8601908544,4.68904526206666,3.08796099826667,4.23069003086667,4.7207228282,2.79355721293333,0.0646697718666674,0.0074394106000043,1.95060296093333,1.97951584493334,0.720513243733334,2.16008825026666,2.84523630526666,0.0942697915333346,2.2046196256,1.39009373526667,3.06903890813334,1.76966401493333,1.72414194353333,0.126839583266665,1.15458111026667,0.176882489799998,1.56196427493333,0.433432271599996,1.9674568832,1.79872941573333,0.628023777666665,1.17574381773333,0.178656924400001,0.699217190399999,1.88926142626667,1.4748108108,0.576799378266667,3.97648905728,1.58684161173333,0.912654294266668,0.885395500666668,2.39515913586,0.403313472866667,3.29751395426667,2.91596879760667,1.30638510573333,0.543804516133333,1.78491151893333,1.84032408093333,2.2499207576,0.891087839133334,0.16837206396,1.14925013693333,1.94783049326666,2.5682627766,0.676473286933332,0.113212537400002,1.89319411046667,0.00727848573333106,2.61038901953333,3.50966633493333,0.212805584399999,1.8759549928,0.569849261466668,0.1717543096,1.23823153486667,0.778126287066666,0.926464631733332,0.313456162799998,2.1365516028,2.31172722413333,0.407545357374664,2.90415728765333,4.06867762746667,5.4175347876,5.4804244776,5.01662546693333,3.21870068906666,3.42251373886666,7.31667973093333,2.41983942133333,7.53173229062667,6.4572027676,6.70907088993333,4.08554972190667,4.7241411394,6.22713209893333,4.36439415193333,6.25977799826667,3.12127320353334,5.87511496093333,5.94605464493333,5.39097868314,6.43606214266667,8.2986978376,5.52040461613333,0.590245808266667,2.13099557786666,7.24771117693333,6.91339016373333,6.07099797426667,7.06737933626666,3.2991540396,4.86838844826666,6.7743120778,4.2514420616,3.50289398233333,5.67581129126667,4.03534219590666,3.26726128573334,6.4981828416,5.6171583756,6.26551508953333,3.955618444,3.50627606093333,4.3301631532,3.98196226246666,4.73842356013333,4.26405602146667,2.12070277606667,6.0765223834,3.87030424493333
3.36535636093333,1e+20,4.3900403,1.41323122866667,1.64742703713333,0.0143239120000009,0.299140759400002,0.732555375800002,2.66712108733333,1.12165223666666,0.0825542613333328,1.82140907646666,0.411156451333335,1.012721876,2.14865892493333,0.703300208666664,0.793259755333335,1.54889078686667,1.767194924,1.50182344273333,1.3593174698,1.83641239466667,0.283533947333336,3.51477513926666,1.93262526933333,1.11402092533333,0.251196720133335,3.89404033313333,0.458020625333329,0.761909541199998,0.274562903666665,2.4584384194,4.22554721533333,1.32368890113333,0.277395362666666,0.865333669933334,1.35536646726666,0.571799148,3.30068658906667,3.35791695033333,5.31595932186667,1.385840516,2.6448431172,1.20526811066667,0.520120055666667,3.45962615246667,1.16073673533333,1.97526262566667,0.296317452799996,1.595692346,5.08949830446667,3.23851677766667,2.21077525066667,3.54223885073333,1.803392086,2.93192408933334,5.33281324413333,5.16408577666667,3.9933801386,4.54110017866667,3.54401328533333,4.06457355133333,1.47609493466667,4.84016717173333,2.78855698266667,7.34184541821333,1.7785147492,2.45270206666667,2.47996086026667,5.76051549679334,2.96204288806667,6.6628703152,6.28132515854,4.67174146666667,2.8215518448,1.580444842,1.52503228,1.11543560333333,2.4742685218,3.19698429697333,2.216106224,5.3131868542,5.93361913753333,2.688883074,3.47856889833333,1.47216225046667,3.37263484666666,5.97574538046667,0.144309974000001,3.57816194533333,1.48940136813333,3.9352056224,3.19360205133333,4.6035878958,4.143482648,4.29182099266666,3.67881252373333,1.22880475813333,5.67708358506667,3.772901718308,0.461199073280001,0.703321266533335,2.05217842666667,2.11506811666666,1.651269106,0.146655671866668,0.0571573779333328,3.95132337,0.9455169396,4.16637592969334,3.09184640666666,3.343714529,0.720193360973335,1.35878477846667,2.861775738,0.999037791,2.89442163733334,0.244083157399997,2.5097586,2.580698284,2.02562232220667,3.07070578173333,4.93334147666667,2.1550482552,2.77511055266667,1.23436078306667,3.882354816,3.5480338028,2.70564161333334,3.70202297533333,0.0662023213333368,1.50303208733333,3.40895571686667,0.886085700666667,0.137537621399998,2.31045493033333,0.66998583497333,0.0980950751999993,3.13282648066667,2.25180201466667,2.9001587286,0.590262083066667,0.1409197,0.964806792266666,0.61660590153333,1.3730671992,0.898699660533333,1.24465358486667,2.71116602246667,0.504947884
1.02468393906667,4.3900403,1e+20,2.97680907133333,2.74261326286667,4.375716388,4.6891810594,3.6574849242,1.72291921266667,3.26838806333334,4.30748603866666,2.56863122353333,3.97888384866666,5.402762176,2.24138137506666,3.68674009133334,5.18330005533333,2.84114951313333,2.622845376,2.88821685726667,3.0307228302,2.55362790533333,4.10650635266666,0.875265160733336,6.32266556933333,5.50406122533333,4.64123702013333,0.495999966866669,3.93201967466667,3.6281307588,4.66460320366666,1.9316018806,0.164493084666666,5.71372920113333,4.11264493733333,5.25537396993333,5.74540676726666,3.818241152,1.08935371093333,1.03212334966667,0.925919021866665,3.004199784,1.7451971828,3.18477218933333,3.86992024433333,0.930414147533332,3.22930356466666,2.41477767433333,4.0937228472,2.794347954,0.699458004466667,1.15152352233333,2.17926504933333,0.847801449266668,2.586648214,1.45811621066666,0.942772944133332,0.774045476666665,0.396660161400002,0.151059878666665,0.846027014666665,0.325466748666666,2.91394536533333,0.450126871733333,1.60148331733333,2.95180511821333,2.6115255508,1.93733823333333,1.91007943973333,1.37047519679334,1.42799741193333,2.2728300152,1.89128485854,0.281701166666666,1.5684884552,2.809595458,2.86500802,3.27460469666667,1.9157717782,1.19305600302667,2.173934076,0.923146554199999,1.54357883753333,1.701157226,0.911471401666663,2.91787804953333,1.01740545333333,1.58570508046667,4.534350274,0.811878354666667,2.90063893186667,0.454834677599998,1.19643824866667,0.213547595800001,0.246557652,0.0982193073333345,0.711227776266668,3.16123554186666,1.28704328506667,0.617138581692002,3.92884122672,5.09336156653334,6.44221872666666,6.50510841666666,6.041309406,4.24338462813333,4.44719767793333,8.34136367,3.4445233604,8.55641622969334,7.48188670666667,7.733754829,5.11023366097333,5.74882507846666,7.25181603799999,5.389078091,7.28446193733333,4.1459571426,6.8997989,6.970738584,6.41566262220666,7.46074608173333,9.32338177666666,6.5450885552,1.61492974733333,3.15567951693333,8.272395116,7.93807410279999,7.09568191333333,8.09206327533333,4.32383797866666,5.89307238733333,7.79899601686666,5.27612600066666,4.5275779214,6.70049523033333,5.06002613497333,4.2919452248,7.52286678066666,6.64184231466667,7.2901990286,4.98030238306667,4.53096,5.35484709226667,5.00664620153333,5.76310749919999,5.28873996053333,3.14538671513333,7.10120632246666,4.894988184
1.95212513226667,1.41323122866667,2.97680907133333,1e+20,0.234195808466667,1.39890731666667,1.71237198806667,0.680675852866664,1.25388985866667,0.291578992000003,1.33067696733333,0.408177847799999,1.00207477733333,2.42595310466666,0.735427696266668,0.709931020000002,2.206490984,0.1356595582,0.353963695333332,0.0885922140666656,0.0539137588666679,0.423181166000003,1.12969728133333,2.1015439106,3.345856498,2.527252154,1.6644279488,2.48080910446666,0.955210603333338,0.651321687466669,1.68779413233333,1.04520719073333,2.81231598666667,2.7369201298,1.135835866,2.2785648986,2.76859769593333,0.841432080666667,1.8874553604,1.94468572166666,3.9027280932,0.0273907126666686,1.23161188853333,0.207963117999997,0.893111172999999,2.0463949238,0.252494493333332,0.562031397000002,1.11691377586667,0.182461117333333,3.6762670758,1.825285549,0.797544022,2.12900762206666,0.390160857333335,1.51869286066667,3.91958201546666,3.750854548,2.58014890993333,3.12786895,2.13078205666667,2.65134232266667,0.0628637060000012,3.42693594306667,1.375325754,5.92861418954666,0.365283520533334,1.039470838,1.0667296316,4.34728426812667,1.5488116594,5.24963908653333,4.86809392987333,3.258510238,1.40832061613333,0.167213613333332,0.111801051333333,0.297795625333332,1.06103729313333,1.78375306830667,0.802874995333332,3.89995562553333,4.52038790886667,1.27565184533333,2.06533766966667,0.0589310217999999,1.959403618,4.5625141518,1.55754120266667,2.16493071666666,0.0761701394666664,2.52197439373334,1.78037082266667,3.19035666713334,2.73025141933333,2.878589764,2.26558129506666,0.184426470533332,4.2638523564,2.35967048964133,0.952032155386666,2.1165524952,3.46540965533333,3.52829934533333,3.06450033466667,1.2665755568,1.4703886066,5.36455459866666,0.467714289066667,5.57960715836,4.50507763533333,4.75694575766666,2.13342458964,2.77201600713333,4.27500696666666,2.41226901966667,4.307652866,1.16914807126667,3.92298982866667,3.99392951266666,3.43885355087333,4.4839370104,6.34657270533333,3.56827948386666,1.361879324,0.178870445599999,5.29558604466667,4.96126503146666,4.118872842,5.115254204,1.34702890733333,2.916263316,4.82218694553333,2.29931692933333,1.55076885006666,3.723686159,2.08321706364,1.31513615346667,4.54605770933334,3.66503324333334,4.31338995726667,2.00349331173333,1.55415092866667,2.37803802093333,2.0298371302,2.78629842786666,2.3119308892,0.168577643800001,4.12439725113333,1.91817911266667
1.7179293238,1.64742703713333,2.74261326286667,0.234195808466667,1e+20,1.63310312513333,1.94656779653334,0.914871661333332,1.0196940502,0.525774800466671,1.5648727758,0.173982039333332,1.2362705858,2.66014891313333,0.5012318878,0.94412682846667,2.44068679246667,0.0985362502666678,0.119767886866665,0.145603594400002,0.288109567333335,0.188985357533335,1.3638930898,1.86734810213333,3.58005230646667,2.76144796246667,1.89862375726667,2.246613296,1.18940641180001,0.885517495933337,1.9219899408,0.811011382266664,2.5781201782,2.97111593826667,1.37003167446667,2.51276070706667,3.0027935044,1.07562788913333,1.65325955193333,1.71048991319999,3.66853228473333,0.261586521133336,0.997416080066665,0.442158926466665,1.12730698146667,1.81219911533333,0.486690301799999,0.327835588533334,1.35110958433334,0.0517346911333347,3.44207126733333,1.59108974053333,0.563348213533333,1.8948118136,0.155965048866668,1.2844970522,3.685386207,3.51665873953333,2.34595310146666,2.89367314153333,1.8965862482,2.4171465142,0.171332102466666,3.1927401346,1.14112994553333,5.69441838108,0.131087712066666,0.805275029533332,0.832533823133332,4.11308845966,1.31461585093333,5.01544327806667,4.63389812140667,3.02431442953333,1.17412480766667,0.0669821951333357,0.122394757133334,0.5319914338,0.826841484666665,1.54955725984,0.568679186866664,3.66575981706666,4.2861921004,1.04145603686667,1.8311418612,0.175264786666668,1.72520780953333,4.32831834333333,1.79173701113334,1.9307349082,0.158025669000001,2.28777858526667,1.5461750142,2.95616085866667,2.49605561086666,2.64439395553333,2.0313854866,0.418622279,4.02965654793333,2.12547468117466,1.18622796385333,2.35074830366667,3.6996054638,3.7624951538,3.29869614313333,1.50077136526666,1.70458441506667,5.59875040713333,0.701910097533335,5.81380296682667,4.7392734438,4.99114156613333,2.36762039810667,3.0062118156,4.50920277513333,2.64646482813333,4.54184867446667,1.40334387973334,4.15718563713333,4.22812532113333,3.67304935934,4.71813281886667,6.5807685138,3.80247529233333,1.12768351553333,0.413066254066666,5.52978185313334,5.19546083993333,4.35306865046667,5.34945001246667,1.5812247158,3.15045912446667,5.056382754,2.5335127378,1.78496465853333,3.95788196746667,2.31741287210666,1.54933196193333,4.7802535178,3.8992290518,4.54758576573333,2.2376891202,1.78834673713333,2.6122338294,2.26403293866666,3.02049423633333,2.54612669766667,0.402773452266668,4.3585930596,2.15237492113333
3.35103244893333,0.0143239120000009,4.375716388,1.39890731666667,1.63310312513333,1e+20,0.313464671400003,0.718231463800001,2.65279717533333,1.10732832466666,0.0682303493333318,1.80708516446666,0.396832539333334,1.027045788,2.13433501293333,0.688976296666663,0.807583667333336,1.53456687486667,1.752871012,1.48749953073333,1.3449935578,1.82208848266667,0.269210035333335,3.50045122726666,1.94694918133333,1.12834483733333,0.265520632133336,3.87971642113333,0.443696713333328,0.747585629199997,0.288886815666666,2.4441145074,4.21122330333333,1.33801281313333,0.263071450666665,0.879657581933335,1.36969037926667,0.557475235999999,3.28636267706667,3.34359303833333,5.30163540986667,1.371516604,2.6305192052,1.19094419866667,0.505796143666666,3.44530224046667,1.14641282333333,1.96093871366667,0.281993540799995,1.581368434,5.07517439246667,3.22419286566667,2.19645133866666,3.52791493873333,1.789068174,2.91760017733334,5.31848933213333,5.14976186466666,3.9790562266,4.52677626666666,3.52968937333333,4.05024963933333,1.46177102266667,4.82584325973333,2.77423307066666,7.32752150621333,1.7641908372,2.43837815466667,2.46563694826666,5.74619158479334,2.94771897606666,6.6485464032,6.26700124654,4.65741755466667,2.8072279328,1.56612093,1.510708368,1.10111169133333,2.4599446098,3.18266038497333,2.201782312,5.2988629422,5.91929522553333,2.674559162,3.46424498633333,1.45783833846667,3.35831093466666,5.96142146846667,0.158633886000002,3.56383803333333,1.47507745613333,3.9208817104,3.17927813933333,4.5892639838,4.129158736,4.27749708066666,3.66448861173333,1.21448084613333,5.66275967306667,3.758577806308,0.44687516128,0.717645178533336,2.06650233866667,2.12939202866666,1.665593018,0.132331759866667,0.0714812899333337,3.965647282,0.931193027599999,4.18069984169334,3.10617031866666,3.358038441,0.734517272973335,1.37310869046667,2.87609965,1.013361703,2.90874554933334,0.229759245399996,2.524082512,2.595022196,2.03994623420667,3.08502969373333,4.94766538866667,2.1693721672,2.76078664066666,1.22003687106667,3.896678728,3.5623577148,2.71996552533334,3.71634688733333,0.0518784093333359,1.51735599933333,3.42327962886667,0.900409612666668,0.151861533399999,2.32477884233333,0.684309746973331,0.0837711631999983,3.14715039266667,2.26612592666667,2.9144826406,0.604585995066668,0.155243612000001,0.979130704266667,0.630929813533331,1.3873911112,0.913023572533334,1.23032967286667,2.72548993446667,0.519271796000001
3.66449712033333,0.299140759400002,4.6891810594,1.71237198806667,1.94656779653334,0.313464671400003,1e+20,1.0316961352,2.96626184673334,1.42079299606667,0.381695020733335,2.12054983586667,0.710297210733338,0.713581116599997,2.44779968433333,1.00244096806667,0.494118995933333,1.84803154626667,2.0663356834,1.80096420213333,1.6584582292,2.13555315406667,0.582674706733338,3.81391589866667,1.63348450993333,0.814880165933331,0.0479440392666668,4.19318109253333,0.757161384733331,1.0610503006,0.024577855733337,2.7575791788,4.52468797473334,1.02454814173333,0.576536122066668,0.566192910533332,1.05622570786666,0.870939907400002,3.59982734846667,3.65705770973333,5.61510008126666,1.6849812754,2.9439838766,1.50440887006667,0.81926081506667,3.75876691186667,1.45987749473334,2.27440338506667,0.595458212199998,1.8948331054,5.38863906386667,3.53765753706667,2.50991601006667,3.84137961013333,2.1025328454,3.23106484873334,5.63195400353334,5.46322653606667,4.292520898,4.84024093806666,3.84315404473334,4.36371431073334,1.77523569406667,5.13930793113333,3.08769774206667,7.64098617761334,2.0776555086,2.75184282606667,2.77910161966667,6.05965625619334,3.26118364746667,6.9620110746,6.58046591794,4.97088222606667,3.1206926042,1.8795856014,1.8241730394,1.41457636273334,2.7734092812,3.49612505637333,2.5152469834,5.6123276136,6.23275989693333,2.9880238334,3.77770965773334,1.77130300986667,3.67177560606666,6.27488613986667,0.154830785400001,3.87730270473333,1.78854212753334,4.2343463818,3.49274281073334,4.9027286552,4.4426234074,4.59096175206667,3.97795328313333,1.52794551753334,5.97622434446667,4.072042477708,0.760339832680003,0.404180507133332,1.75303766726666,1.81592735726666,1.3521283466,0.44579643126667,0.241983381466669,3.6521826106,1.244657699,3.86723517029333,2.79270564726666,3.04457376959999,0.421052601573332,1.05964401906667,2.56263497859999,0.699897031599998,2.59528087793333,0.543223916799999,2.2106178406,2.2815575246,1.72648156280667,2.77156502233333,4.63420071726667,1.8559074958,3.07425131206667,1.53350154246667,3.5832140566,3.2488930434,2.40650085393333,3.40288221593333,0.365343080733339,1.20389132793333,3.10981495746667,0.586944941266665,0.161603138000004,2.01131417093333,0.370845075573328,0.397235834600001,2.83368572126666,1.95266125526667,2.6010179692,0.291121323666665,0.158221059400002,0.665666032866664,0.317465142133328,1.0739264398,0.599558901133331,1.54379434426667,2.41202526306667,0.205807124599997
2.63280098513333,0.732555375800002,3.6574849242,0.680675852866664,0.914871661333332,0.718231463800001,1.0316961352,1e+20,1.93456571153333,0.389096860866661,0.650001114466669,1.08885370066666,0.321398924466667,1.7452772518,1.41610354913333,0.029255167133338,1.52581513113334,0.816335411066664,1.0346395482,0.76926806693333,0.626762093999996,1.10385701886667,0.449021428466667,2.78221976346666,2.66518064513333,1.84657630113334,0.983752095933338,3.16148495733333,0.274534750466673,0.0293541653999954,1.00711827946667,1.7258830436,3.49299183953333,2.05624427693333,0.455160013133336,1.59788904573334,2.08792184306667,0.160756227800003,2.56813121326666,2.62536157453333,4.58340394606666,0.653285140199996,1.9122877414,0.472712734866667,0.212435320133335,2.72707077666667,0.428181359533332,1.24270724986667,0.436237923000006,0.863136970199997,4.35694292866666,2.50596140186667,1.47821987486666,2.80968347493333,1.0708367102,2.19936871353333,4.60025786833333,4.43153040086666,3.2608247628,3.80854480286666,2.81145790953333,3.33201817553333,0.743539558866666,4.10761179593333,2.05600160686666,6.60929004241333,1.0459593734,1.72014669086666,1.74740548446666,5.02796012099333,2.22948751226666,5.9303149394,5.54876978273999,3.93918609086666,2.088996469,0.847889466199996,0.792476904199998,0.382880227533332,1.741713146,2.46442892117333,1.4835508482,4.5806314784,5.20106376173333,1.9563276982,2.74601352253333,0.739606874666664,2.64007947086666,5.24319000466666,0.876865349800003,2.84560656953333,0.756845992333331,3.2026502466,2.46104667553333,3.87103252,3.41092727219999,3.55926561686666,2.94625714793333,0.496249382333332,4.94452820926666,3.04034634250799,0.271356302520001,1.43587664233334,2.78473380246667,2.84762349246666,2.3838244818,0.585899703933334,0.789712753733335,4.6838787458,0.212961563799997,4.89893130549334,3.82440178246667,4.0762699048,1.45274873677334,2.09134015426667,3.59433111379999,1.7315931668,3.62697701313334,0.488472218400005,3.2423139758,3.3132536598,2.75817769800667,3.80326115753333,5.66589685246667,2.887603631,2.04255517686666,0.501805407266666,4.6149101918,4.2805891786,3.43819698913334,4.43457835113333,0.666353054466665,2.23558746313334,4.14151109266667,1.61864107646667,0.8700929972,3.04301030613333,1.40254121077333,0.634460300600003,3.86538185646667,2.98435739046667,3.6327141044,1.32281745886667,0.873475075800003,1.69736216806667,1.34916127733333,2.105622575,1.63125503633334,0.512098209066664,3.44372139826667,1.2375032598
0.6982352736,2.66712108733333,1.72291921266667,1.25388985866667,1.0196940502,2.65279717533333,2.96626184673334,1.93456571153333,1e+20,1.54546885066667,2.584566826,0.845712010866668,2.255964636,3.67984296333333,0.518462162399999,1.96382087866667,3.46038084266667,1.11823030046667,0.899926163333334,1.1652976446,1.30780361753333,0.830708692666664,2.38358714,0.84765405193333,4.59974635666667,3.78114201266667,2.91831780746667,1.2269192458,2.209100462,1.90521154613333,2.941683991,0.208682667933335,1.558426128,3.99080998846667,2.38972572466667,3.53245475726666,4.0224875546,2.09532193933333,0.633565501733333,0.690795862999996,2.64883823453333,1.28128057133333,0.0222779701333344,1.46185297666666,2.14700103166667,0.792505065133334,1.506384352,0.691858461666665,2.37080363453334,1.07142874133333,2.42237721713333,0.571395690333335,0.456345836666667,0.875117763399999,0.863729001333332,0.264803002000004,2.6656921568,2.49696468933333,1.32625905126666,1.87397909133333,0.876892198000001,1.397452464,1.19102615266667,2.1730460844,0.121435895333333,4.67472433088,0.888606338133333,0.214419020666667,0.187160227066668,3.09339440946,0.294921800733333,3.99574922786667,3.61420407120667,2.00462037933333,0.154430757466667,1.08667624533333,1.14208880733333,1.551685484,0.192852565533334,0.52986320964,0.451014863333335,2.64606576686666,3.2664980502,0.0217619866666676,0.811447811000002,1.19495883686667,0.705513759333331,3.30862429313333,2.81143106133333,0.911040857999999,1.1777197192,1.26808453506667,0.526480964,1.93646680846667,1.47636156066667,1.62469990533333,1.0116914364,1.4383163292,3.00996249773333,1.10578063097466,2.20592201405333,3.37044235386667,4.719299514,4.782189204,4.31839019333333,2.52046541546666,2.72427846526667,6.61844445733333,1.72160414773333,6.83349701702667,5.75896749399999,6.01083561633333,3.38731444830667,4.0259058658,5.52889682533333,3.66615887833333,5.56154272466667,2.42303792993334,5.17687968733333,5.24781937133333,4.69274340954,5.73782686906667,7.600462564,4.82216934253333,0.107989465333334,1.43276030426666,6.54947590333334,6.21515489013333,5.37276270066667,6.36914406266667,2.600918766,4.17015317466667,6.0760768042,3.553206788,2.80465870873333,4.97757601766666,3.33710692230666,2.56902601213333,5.799947568,4.918923102,5.56727981593333,3.2573831704,2.80804078733333,3.6319278796,3.28372698886666,4.04018828653333,3.56582074786667,1.42246750246667,5.3782871098,3.17206897133333
2.24370412426667,1.12165223666666,3.26838806333334,0.291578992000003,0.525774800466671,1.10732832466666,1.42079299606667,0.389096860866661,1.54546885066667,1e+20,1.03909797533333,0.699756839800002,0.710495785333328,2.13437411266666,1.02700668826667,0.418352027999999,1.914911992,0.427238550200003,0.645542687333335,0.380171206066669,0.237665233133335,0.714760158000006,0.838118289333328,2.3931229026,3.054277506,2.235673162,1.3728489568,2.77238809646667,0.663631611333335,0.359742695466666,1.39621514033333,1.33678618273333,3.10389497866667,2.4453411378,0.844256873999998,1.9869859066,2.47701870393333,0.549853088666664,2.1790343524,2.23626471366666,4.1943070852,0.264188279333334,1.52319088053334,0.0836158740000057,0.601532180999996,2.3379739158,0.0390844986666711,0.853610389000005,0.825334783866668,0.474040109333336,3.9678460678,2.116864541,1.089123014,2.42058661406667,0.681739849333338,1.81027185266667,4.21116100746667,4.04243354,2.87172790193333,3.419447942,2.42236104866667,2.94292131466667,0.354442698000004,3.71851493506667,1.666904746,6.22019318154667,0.656862512533337,1.33104983,1.3583086236,4.63886326012667,1.8403906514,5.54121807853334,5.15967292187333,3.55008923,1.69989960813334,0.458792605333335,0.403380043333336,0.00621663333332911,1.35261628513334,2.07533206030667,1.09445398733333,4.19153461753333,4.81196690086667,1.56723083733334,2.35691666166667,0.350510013800003,2.25098261,4.8540931438,1.26596221066666,2.45650970866667,0.367749131466669,2.81355338573334,2.07194981466667,3.48193565913334,3.02183041133333,3.170168756,2.55716028706667,0.107152521466671,4.5554313484,2.65124948164133,0.660453163386663,1.8249735032,3.17383066333333,3.23672035333333,2.77292134266666,0.974996564799995,1.1788096146,5.07297560666666,0.176135297066664,5.28802816636,4.21349864333333,4.46536676566666,1.84184559764,2.48043701513333,3.98342797466666,2.12069002766666,4.016073874,0.877569079266666,3.63141083666666,3.70235052066666,3.14727455887333,4.1923580184,6.05499371333333,3.27670049186666,1.653458316,0.112708546400004,5.00400705266666,4.66968603946666,3.82729385,4.823675212,1.05544991533333,2.624684324,4.53060795353333,2.00773793733333,1.25918985806666,3.432107167,1.79163807163999,1.02355716146666,4.25447871733333,3.37345425133333,4.02181096526666,1.71191431973333,1.26257193666666,2.08645902893333,1.73825813819999,2.49471943586666,2.0203518972,0.123001348200003,3.83281825913333,1.62660012066666
3.2828020996,0.0825542613333328,4.30748603866666,1.33067696733333,1.5648727758,0.0682303493333318,0.381695020733335,0.650001114466669,2.584566826,1.03909797533333,1e+20,1.73885481513333,0.328602190000003,1.09527613733333,2.0661046636,0.620745947333331,0.875814016666667,1.46633652553333,1.68464066266667,1.4192691814,1.27676320846667,1.75385813333334,0.200979686000003,3.43222087793333,2.01517953066667,1.19657518666667,0.333750981466668,3.8114860718,0.375466363999996,0.679355279866665,0.357117164999998,2.37588415806667,4.142992954,1.40624316246667,0.194841101333333,0.947887931266667,1.4379207286,0.489244886666667,3.21813232773333,3.275362689,5.23340506053333,1.30328625466666,2.56228885586667,1.12271384933334,0.437565794333335,3.37707189113333,1.078182474,1.89270836433334,0.213763191466663,1.51313808466667,5.00694404313333,3.15596251633333,2.12822098933333,3.4596845894,1.72083782466667,2.849369828,5.2502589828,5.08153151533333,3.91082587726666,4.45854591733333,3.461459024,3.98201929,1.39354067333333,4.7576129104,2.70600272133333,7.25929115688,1.69596048786667,2.37014780533333,2.39740659893333,5.67796123546,2.87948862673333,6.58031605386667,6.19877089720667,4.58918720533333,2.73899758346667,1.49789058066666,1.44247801866667,1.032881342,2.39171426046667,3.11443003564,2.13355196266667,5.23063259286667,5.8510648762,2.60632881266667,3.396014637,1.38960798913333,3.29008058533333,5.89319111913333,0.226864235333334,3.495607684,1.4068471068,3.85265136106667,3.11104779,4.52103363446667,4.06092838666667,4.20926673133333,3.5962582624,1.1462504968,5.59452932373333,3.69034745697466,0.378644811946668,0.785875527866667,2.134732688,2.197622378,1.73382336733334,0.0641014105333354,0.139711639266666,4.03387763133334,0.862962678266667,4.24893019102667,3.174400668,3.42626879033333,0.802747622306667,1.4413390398,2.94432999933333,1.08159205233333,2.97697589866667,0.161528896066664,2.59231286133333,2.66325254533333,2.10817658354,3.15326004306666,5.015895738,2.23760251653333,2.69255629133333,1.15180652173333,3.96490907733333,3.63058806413333,2.78819587466667,3.78457723666666,0.016351939999996,1.58558634866667,3.4915099782,0.968639961999999,0.220091882733331,2.39300919166667,0.752540096306663,0.0155408138666665,3.215380742,2.334356276,2.98271298993333,0.6728163444,0.223473961333333,1.0473610536,0.699160162866663,1.45562146053333,0.981253921866666,1.16209932353333,2.7937202838,0.587502145333332
1.54394728446667,1.82140907646666,2.56863122353333,0.408177847799999,0.173982039333332,1.80708516446666,2.12054983586667,1.08885370066666,0.845712010866668,0.699756839800002,1.73885481513333,1e+20,1.41025262513333,2.83413095246666,0.327249848466668,1.1181088678,2.6146688318,0.272518289599999,0.0542141524666669,0.319585633733333,0.462091606666667,0.0150033182000034,1.53787512913333,1.6933660628,3.7540343458,2.9354300018,2.0726057966,2.07263125666667,1.36338845113334,1.05949953526667,2.09597198013333,0.637029342933332,2.40413813886667,3.1450979776,1.5440137138,2.6867427464,3.17677554373333,1.24960992846667,1.4792775126,1.53650787386666,3.4945502454,0.435568560466668,0.823434040733333,0.616140965799997,1.3012890208,1.638217076,0.660672341133331,0.153853549200002,1.52509162366667,0.225716730466666,3.268089228,1.4171077012,0.389366174200001,1.72082977426667,0.0180169904666641,1.11051501286667,3.51140416766667,3.3426767002,2.17197106213333,2.7196911022,1.72260420886667,2.24316447486667,0.345314141799998,3.01875809526667,0.9671479062,5.52043634174667,0.0428943272666653,0.6312929902,0.6585517838,3.93910642032667,1.1406338116,4.84146123873333,4.45991608207333,2.8503323902,1.00014276833333,0.240964234466667,0.296376796466666,0.705973473133331,0.652859445333333,1.37557522050667,0.394697147533333,3.49177777773333,4.11221006106667,0.867473997533335,1.65715982186667,0.349246825999999,1.5512257702,4.154336304,1.96571905046667,1.75675286886667,0.332007708333333,2.11379654593334,1.37219297486667,2.78217881933333,2.32207357153333,2.4704119162,1.85740344726666,0.592604318333331,3.8556745086,1.95149264184133,1.36021000318666,2.524730343,3.87358750313333,3.93647719313333,3.47267818246667,1.6747534046,1.8785664544,5.77273244646667,0.875892136866666,5.98778500616,4.91325548313333,5.16512360546666,2.54160243744,3.18019385493333,4.68318481446666,2.82044686746667,4.7158307138,1.57732591906667,4.33116767646666,4.40210736046667,3.84703139867333,4.8921148582,6.75475055313333,3.97645733166666,0.953701476200001,0.587048293399998,5.70376389246666,5.36944287926666,4.5270506898,5.52343205179999,1.75520675513333,3.3244411638,5.23036479333333,2.70749477713333,1.95894669786666,4.1318640068,2.49139491144,1.72331400126667,4.95423555713333,4.07321109113333,4.72156780506666,2.41167115953333,1.96232877646667,2.78621586873333,2.438014978,3.19447627566666,2.720108737,0.5767554916,4.53257509893333,2.32635696046666
2.9541999096,0.411156451333335,3.97888384866666,1.00207477733333,1.2362705858,0.396832539333334,0.710297210733338,0.321398924466667,2.255964636,0.710495785333328,0.328602190000003,1.41025262513333,1e+20,1.42387832733333,1.7375024736,0.292143757333329,1.20441620666667,1.13773433553333,1.35603847266666,1.0906669914,0.948161018466663,1.42525594333333,0.127622504,3.10361868793333,2.34378172066667,1.52517737666667,0.662353171466671,3.4828838818,0.0468641739999937,0.350753089866662,0.685719355000001,2.04728196806666,3.814390764,1.73484535246667,0.13376108866667,1.27649012126667,1.7665229186,0.160642696666664,2.88953013773333,2.94676049899999,4.90480287053333,0.974684064666663,2.23368666586666,0.794111659333334,0.108963604333332,3.04846970113333,0.749580283999999,1.56410617433333,0.11483899853334,1.18453589466666,4.67834185313333,2.82736032633333,1.79961879933333,3.1310823994,1.39223563466667,2.520767638,4.9216567928,4.75292932533333,3.58222368726666,4.12994372733333,3.132856834,3.6534171,1.06493848333333,4.4290107204,2.37740053133333,6.93068896688,1.36735829786667,2.04154561533333,2.06880440893333,5.34935904546,2.55088643673333,6.25171386386667,5.87016870720666,4.26058501533333,2.41039539346666,1.16928839066666,1.11387582866666,0.704279151999999,2.06311207046666,2.78582784564,1.80494977266666,4.90203040286666,5.5224626862,2.27772662266666,3.067412447,1.06100579913333,2.96147839533333,5.56458892913333,0.555466425333337,3.167005494,1.0782449168,3.52404917106666,2.7824456,4.19243144446666,3.73232619666667,3.88066454133333,3.26765607239999,0.817648306799999,5.26592713373333,3.36174526697466,0.0500426219466655,1.11447771786667,2.463334878,2.526224568,2.06242555733334,0.264500779466667,0.468313829266668,4.36247982133334,0.534360488266664,4.57753238102667,3.503002858,3.75487098033333,1.13134981230667,1.7699412298,3.27293218933333,1.41019424233334,3.30557808866667,0.167073293933338,2.92091505133334,2.99185473533333,2.43677877354,3.48186223306667,5.34449792800001,2.56620470653334,2.36395410133333,0.823204331733333,4.29351126733333,3.95919025413334,3.11679806466667,4.11317942666667,0.344954129999999,1.91418853866667,3.8201121682,1.297242152,0.548694072733334,2.72161138166667,1.08114228630667,0.313061376133336,3.543982932,2.662958466,3.31131517993333,1.0014185344,0.552076151333336,1.3759632436,1.02776235286667,1.78422365053333,1.30985611186667,0.833497133533331,3.1223224738,0.916104335333335
4.37807823693333,1.012721876,5.402762176,2.42595310466666,2.66014891313333,1.027045788,0.713581116599997,1.7452772518,3.67984296333333,2.13437411266666,1.09527613733333,2.83413095246666,1.42387832733333,1e+20,3.16138080093333,1.71602208466666,0.219462120666664,2.56161266286667,2.7799168,2.51454531873333,2.3720393458,2.84913427066667,1.29625582333333,4.52749701526666,0.919903393333333,0.101299049333335,0.761525155866664,4.90676220913333,1.47074250133333,1.7746314172,0.738158972333334,3.4711602954,5.23826909133333,0.310967025133333,1.29011723866666,0.147388206066665,0.342644591266666,1.584521024,4.31340846506666,4.37063882633333,6.32868119786667,2.398562392,3.6575649932,2.21798998666667,1.53284193166667,4.47234802846666,2.17345861133333,2.98798450166667,1.30903932879999,2.608414222,6.10222018046667,4.25123865366667,3.22349712666667,4.55496072673333,2.816113962,3.94464596533334,6.34553512013333,6.17680765266666,5.00610201459999,5.55382205466666,4.55673516133333,5.07729542733333,2.48881681066667,5.85288904773333,3.80127885866666,8.35456729421333,2.7912366252,3.46542394266666,3.49268273626666,6.77323737279334,3.97476476406667,7.6755921912,7.29404703454,5.68446334266667,3.8342737208,2.593166718,2.537754156,2.12815747933333,3.4869903978,4.20970617297333,3.2288281,6.3259087302,6.94634101353333,3.70160495,4.49129077433333,2.48488412646667,4.38535672266666,6.98846725646666,0.868411901999998,4.59088382133333,2.50212324413333,4.9479274984,4.20632392733333,5.6163097718,5.156204524,5.30454286866666,4.69153439973333,2.24152663413333,6.68980546106667,4.785623594308,1.47392094928,0.309400609466664,1.03945655066667,1.10234624066666,0.638547230000004,1.15937754786667,0.955564498066666,2.938601494,1.9582388156,3.15365405369334,2.07912453066667,2.330992653,0.292528515026665,0.346062902466668,1.849053862,0.0136840849999988,1.88169976133334,1.2568050334,1.497036724,1.567976408,1.01290044620667,2.05798390573333,3.92061960066667,1.1423263792,3.78783242866666,2.24708265906667,2.86963294,2.5353119268,1.69291973733334,2.68930109933333,1.07892419733334,0.490310211333335,2.39623384086667,0.126636175333332,0.875184254600001,1.29773305433333,0.342736041026669,1.1108169512,2.12010460466667,1.23908013866667,1.8874368526,0.422459792933332,0.871802175999999,0.0479150837333331,0.396115974466669,0.360345323199998,0.114022215466666,2.25737546086666,1.69844414646667,0.507773992
1.216697436,2.14865892493333,2.24138137506666,0.735427696266668,0.5012318878,2.13433501293333,2.44779968433333,1.41610354913333,0.518462162399999,1.02700668826667,2.0661046636,0.327249848466668,1.7375024736,3.16138080093333,1e+20,1.44535871626667,2.94191868026667,0.599768138066668,0.381464000933335,0.646835482200002,0.789341455133335,0.312246530266665,1.8651249776,1.36611621433333,4.08128419426666,3.26267985026667,2.39985564506667,1.7453814082,1.6906382996,1.38674938373334,2.4232218286,0.309779494466664,2.0768882904,3.47234782606666,1.87126356226667,3.01399259486667,3.5040253922,1.57685977693333,1.15202766413333,1.20925802539999,3.16730039693333,0.762818408933336,0.496184192266665,0.943390814266665,1.62853886926667,1.31096722753333,0.987922189599999,0.173396299266666,1.85234147213334,0.552966578933335,2.94083937953333,1.08985785273333,0.0621163257333326,1.3935799258,0.345266838933332,0.783265164400003,3.1841543192,3.01542685173333,1.84472121366666,2.39244125373333,1.3953543604,1.9159146264,0.672563990266666,2.6915082468,0.639898057733332,5.19318649328,0.370144175733334,0.304043141733332,0.331301935333332,3.61185657186,0.813383963133332,4.51421139026667,4.13266623360667,2.52308254173333,0.672892919866666,0.568214082933336,0.623626644933334,1.0332233216,0.325609596866665,1.04832537204,0.0674472990666643,3.16452792926666,3.7849602126,0.540224149066667,1.3299099734,0.676496674466668,1.22397592173333,3.82708645553333,2.29296889893333,1.4295030204,0.659257556800001,1.78654669746667,1.0449431264,2.45492897086667,1.99482372306666,2.14316206773333,1.5301535988,0.9198541668,3.52842466013333,1.62424279337466,1.68745985165333,2.85198019146667,4.2008373516,4.2637270416,3.79992803093334,2.00200325306667,2.20581630286667,6.09998229493333,1.20314198533333,6.31503485462667,5.2405053316,5.49237345393333,2.86885228590667,3.5074437034,5.01043466293333,3.14769671593333,5.04308056226667,1.90457576753334,4.65841752493334,4.72935720893333,4.17428124714,5.21936470666667,7.0820004016,4.30370718013333,0.626451627733333,0.914298141866666,6.03101374093333,5.69669272773333,4.85430053826667,5.85068190026666,2.0824566036,3.65169101226667,5.5576146418,3.0347446256,2.28619654633333,4.45911385526667,2.81864475990666,2.05056384973333,5.2814854056,4.4004609396,5.04881765353333,2.738921008,2.28957862493333,3.1134657172,2.76526482646666,3.52172612413333,3.04735858546667,0.904005340066668,4.8598249474,2.65360680893333
2.66205615226667,0.703300208666664,3.68674009133334,0.709931020000002,0.94412682846667,0.688976296666663,1.00244096806667,0.029255167133338,1.96382087866667,0.418352027999999,0.620745947333331,1.1181088678,0.292143757333329,1.71602208466666,1.44535871626667,1e+20,1.496559964,0.845590578200002,1.06389471533333,0.798523234066668,0.656017261133334,1.133112186,0.419766261333329,2.8114749306,2.635925478,1.817321134,0.9544969288,3.19074012446667,0.245279583333335,0.0586093325333333,0.977863112333329,1.75513821073333,3.52224700666667,2.0269891098,0.425904845999998,1.5686338786,2.05866667593333,0.131501060666665,2.5973863804,2.65461674166666,4.6126591132,0.682540307333334,1.94154290853333,0.501967902000005,0.183180152999997,2.7563259438,0.45743652666667,1.271962417,0.406982755866668,0.892392137333335,4.3861980958,2.535216569,1.507475042,2.83893864206667,1.10009187733334,2.22862388066667,4.62951303546667,4.460785568,3.29007992993333,3.83779997,2.84071307666667,3.36127334266667,0.772794726000004,4.13686696306667,2.085256774,6.63854520954667,1.07521454053334,1.749401858,1.7766606516,5.05721528812667,2.2587426794,5.95957010653333,5.57802494987333,3.968441258,2.11825163613334,0.877144633333334,0.821732071333336,0.41213539466667,1.77096831313333,2.49368408830667,1.51280601533333,4.60988664553333,5.23031892886667,1.98558286533334,2.77526868966667,0.768862041800002,2.669334638,5.2724451718,0.847610182666665,2.87486173666667,0.786101159466669,3.23190541373334,2.49030184266667,3.90028768713334,3.44018243933333,3.588520784,2.97551231506667,0.52550454946667,4.9737833764,3.06960150964133,0.242101135386663,1.4066214752,2.75547863533333,2.81836832533333,2.35456931466667,0.556644536799996,0.760457586599997,4.65462357866666,0.242216730933335,4.86967613836,3.79514661533333,4.04701473766666,1.42349356964,2.06208498713333,3.56507594666666,1.70233799966666,3.597721846,0.459217051266667,3.21305880866666,3.28399849266666,2.72892253087333,3.7740059904,5.63664168533333,2.85834846386666,2.071810344,0.531060574400004,4.58565502466666,4.25133401146666,3.408941822,4.405323184,0.637097887333327,2.206332296,4.11225592553333,1.58938590933333,0.840837830066663,3.013755139,1.37328604363999,0.605205133466665,3.83612668933333,2.95510222333333,3.60345893726666,1.29356229173333,0.844219908666665,1.66810700093333,1.31990611019999,2.07636740786666,1.6019998692,0.541353376200002,3.41446623113333,1.20824809266666
