1e+20,1.40361888474708,1.16545231099863,1.01459943257555,0.836710534556382,1.25346998718386,1.57601787288611,1.16542113741847,0.713778890255696,1.15941819127928,1.15114138531637,1.05646519717309,0.835867956980862,1.09141481433665,0.954983758691486,1.35545525418264,1.42138499726706,1.3788799381412,1.69643807837437,1.2625943565757,1.30568024198272,1.22066382193672,1.0488330683049,1.10848464711768,1.36591131676286,1.15713518692445,1.60339227078632,1.44797139433904,1.14111403834164,1.74075457027955,1.40247033570536,1.17542814722906,0.77332716958545,1.26045823085479,1.00388826545799,1.60831224955779,1.72682725724367,1.37776877962953,1.36029150819171,1.06773159626139,1.05419915508391,1.10501744188036,0.933501692693487,0.967653781738297,1.30017365704803,0.962577805649547,1.26689634744571,1.4651568091675,1.55418076296503,1.0982475398956,1.46327678160948,1.40635820138589,1.31397268431184,1.23682674920164,1.63663167066334,1.17947485715101,1.12393676626732,1.54905953448575,1.58493123659273,1.24297339439074,1.32517033019601,1.11522406546133,1.32850635014364,1.20296028893862,1.40776172982575,1.35187596233065,1.61687249241127,1.31647238979496,1.41176623041497,1.53083828412959,1.24176615009182,1.31544396252741,1.37883082150936,1.18726103699544,1.36237827157293,1.19553701991416,1.08611351417206,1.2336928236764,1.47207961882081,1.28987567967426,1.46654490919096,1.590423744355,1.73379060606467,1.31704611361014,1.28733983486909,1.54064053429877,1.33554895059238,1.32298569931147,1.5779676650169,1.43328745220166,1.30379899408728,1.46870054724646,1.42574529747485,1.16605846797288,1.05641704466017,1.44927230943264,1.33318754876083,1.39847670799258,1.24395299501224,1.71040664610034,1.9417238586766,1.73072230287783,1.56105359587462,1.65026854056516,1.73154323906892,1.80297712542516,1.6663049150805,1.59812726301375,1.63296217289675,1.66889448782617,1.54947240048499,1.63782261613881,1.81248406210288,1.70990077405232,1.83052690630836,1.58061863597599,1.65815785298172,1.77767333383403,1.64799319741445,1.77770485592423,1.65932657201111,1.6755178264162,1.78110455697046,1.62873965165882,1.70794535421264,1.64037601004286,1.95100477374559,1.756594990521,1.51907437999846,1.72940392998205,1.55832354979749,1.69892854587981,1.70619551778925,1.74949907251824,1.68026124230465,1.8616328307287,1.91671940873682,1.86771770569163,1.51630862710439,1.70153066524473,1.6043779512902,1.83892696315694,1.61529567271424,1.67002804461846,1.74247464637215,1.63581036337634,1.9075831176933,1.61953248162147,1.63007630584055,1.7094927861168
1.40361888474708,1e+20,1.38171234011036,1.07037231916421,1.16400255453253,1.2069613840821,1.03998691386631,1.2502585108496,1.06734239112912,1.09843863630378,1.18782895570866,1.63244515885833,1.06590771697907,1.1137166373622,1.29302683215898,1.30632014541917,1.14310468814973,1.28683862272131,1.16745802852885,1.45853465699216,1.06172591466659,1.47233731783399,1.00920029087254,1.2363160094302,0.935733042854333,1.12750971317186,1.47511119131986,1.48368382078402,1.34676862351455,1.00606733555629,0.913213748580079,1.09516944733931,1.37117651942455,1.28552476817287,1.29741975057367,1.17866589120129,1.23633294793021,1.18318093062879,1.40858241788222,1.50297378817456,1.3361390183756,0.475268923245384,1.31688719740847,1.45008147461411,1.20528240637675,1.65376249944504,1.42855623072834,1.11271523816714,0.91080875173194,1.41714213985027,1.22425178652237,1.2966494626633,1.26404342163991,1.37467305962288,1.23060680927294,1.51028682536374,1.34775252119198,1.31173289956594,1.24382738876249,1.5396966711305,1.08210414833537,1.03826742758331,1.08213668518949,1.596939512749,0.950896581350356,1.51323953597445,1.60616647127389,1.10569738490526,1.41628411976089,1.38541575361984,1.42658353136004,1.49147252229005,1.63191001835343,1.32350024464341,1.22681293583612,0.914192390129699,0.990294060315959,1.36710250111588,1.41705339369862,1.37230107309379,0.96574929050075,1.29500883540917,1.6512706692482,1.1901009270827,1.07827832708002,1.47331722662757,1.06014061280734,1.38412608254355,1.12032498492902,1.4989809059454,1.44599287565766,1.68122363731766,1.12339547317385,1.29514631645782,1.08751064442514,1.46154780155061,1.01727648302966,0.837267009587453,1.40942515209906,1.40803622238091,1.59543594492885,1.76381579898957,1.15051273515515,0.891387702134863,1.36459689618368,1.3799664047084,1.25112806350559,1.15220745322255,1.31981155137063,1.41216460119666,1.07166826303184,1.38139722964728,1.19989728031536,1.26381059395066,1.03783880312422,1.24451419991318,1.16414333808487,1.4185655928462,1.16425654464757,1.18238230423354,1.42808823043373,1.14093486324194,1.20925056835422,1.24415868659122,1.47584069000054,1.36100313964783,1.5730765252921,1.48911667974731,1.32829503358245,1.16232633466142,1.4191557871126,1.20192361715606,1.33998820275335,1.42114094400462,1.44365553992389,1.3878408809568,1.72724421190856,1.04973005924797,1.0486165126554,1.53909901470796,1.26679235872953,1.44186252297674,1.13497364480054,1.33216762811402,1.32681491985096,1.23074199832582,1.45924475839073,1.47369084271446,1.35505707014334,1.519216454225
1.16545231099863,1.38171234011036,1e+20,1.16428428557898,1.55835188077593,1.2781094373967,1.39130000967584,1.27605446561992,1.00719637790338,1.19262086389009,1.36910588310026,1.49541389008848,1.19852375146631,1.33475019519779,0.966093761182051,1.51514753131863,1.25239128860356,1.39569355794484,1.42883093843203,1.37741559112142,1.57477680426372,1.44332947572635,1.24684138637959,1.06468088545064,1.30507938266375,1.5338727809389,1.44331010059657,1.12628987036348,1.38639225692216,1.52292674482582,1.33086197207843,0.897524557413312,1.04015437864324,1.76203233703125,1.3905186738088,1.84671100870602,1.47721787348451,1.52591795546662,1.08146586519342,1.41591959434506,1.00863316468,1.18641122881781,1.1836089362092,1.32736537004441,1.19505188278001,1.22707145642265,1.25793078522294,1.21153757280735,1.10039799119717,1.4214955651918,1.40489026428122,1.48623866272342,1.2831181942247,1.1674647654815,1.44777408311038,1.03175570952853,1.47017160306685,1.34135446852672,1.29006558424012,1.07882605471366,1.44429010633642,1.30240991384024,1.05448701389845,1.37994809589707,1.34804069915943,1.27940869103219,1.0891355856709,1.59638928912822,1.41133903206902,1.13349882541308,1.44154543394797,1.44424158105486,1.49730565438073,1.11464312260678,1.28992741721516,1.28227232474316,0.996405527027833,1.31674717472245,1.10230088380431,1.19202850597747,1.3075059466525,1.20973969431094,1.50156656273775,0.996037504584976,1.18919564808569,1.6042748291427,1.3178272592404,1.35135142588259,1.22939827764034,1.1478917530154,1.43218400968825,1.50395191409299,1.23470689900292,0.899620640492399,1.24893885088894,1.59904475948318,1.25194920234243,1.52777631040638,1.36358100076076,1.52141798485236,1.77132853232628,1.94723448802051,1.59456775659617,1.5920743048691,1.94323789644685,1.79364500984384,1.8022507416221,1.69268953924774,1.57537592873132,2.01320493218147,1.76747837433944,1.89537996266079,1.65477583360338,1.79646152612768,1.71395451837197,1.58210844544294,1.64892267151157,1.66696686036868,1.79797900780158,1.8408203312851,1.74663614977599,1.70413075369678,1.73467176213632,1.72879383853727,1.78825357169846,1.67272064002084,2.08036062744057,1.84927209588916,1.62501287059816,1.83481995583926,1.60980409902663,1.8439609575524,1.89947552474735,1.60824695800237,1.75579256459763,2.00779657454039,1.9286386216376,1.71476052285981,1.53004495436681,1.71491550946399,1.66815955175575,1.95994395942398,1.6105472451182,1.65716508436872,1.66636844666418,1.58213397083667,1.94372926340401,1.60892320802742,1.97473136769865,2.00790073524277
1.01459943257555,1.07037231916421,1.16428428557898,1e+20,1.03656027765651,1.21157681592621,1.15532958032182,0.540565182292864,0.988918116508354,1.14604206963684,1.12541997032438,1.34488791077476,0.854073103756824,0.803006014024518,1.3394141711836,1.38675564285849,1.20019050561928,1.36999598942607,1.3664808522204,1.13757858876288,0.921619665423007,1.13050591711418,0.6516336702403,1.22952733001229,0.967644919334561,1.10122279125637,1.3719078307379,1.13632979541172,1.02208986225508,1.24819030257606,0.915855816752365,1.20918211898848,0.906961105796631,1.1534328855699,0.633659708247349,1.52934350646865,1.18750182470499,1.52862296198048,1.23141009557319,1.47412842170967,1.12572129157563,1.1008956709974,1.19285756366908,1.35097200175936,1.09518852034819,1.05133449287833,1.14883129197263,1.04979334247902,1.22465648835624,1.18799881390511,1.18113650317443,1.42616584739055,1.11383986964081,1.33804862013657,1.13882095669791,1.09425429321562,1.21597235741206,1.30329651805773,1.19941638560411,1.18110984662205,1.18548344927098,0.960829004501289,0.954544029235174,1.33707955693158,1.13794829327217,1.3559475599073,1.23360613774625,1.3350970888686,1.2528439441379,1.17486305484242,1.27227953541421,1.31884874151767,1.48974154598453,1.17718970288097,1.04767893422095,1.04716923818466,0.823992970292672,1.16270411650609,1.14826213543432,1.22111162253289,0.960585809885035,1.19842490115174,1.57232354931207,0.963942328712977,1.20969531028796,1.42459015894347,1.07168449868831,1.32645387618627,1.09996577647334,1.14773936017482,1.27071191138029,1.41909292279798,1.12769144834954,1.13365027074651,1.03985584740219,1.42335795426604,1.02635115203597,1.1961331399718,1.29181757576344,1.46040050729695,1.67908775059454,1.42868338970532,1.26051148728632,1.31246930464479,1.40248516399768,1.31521582526201,1.41641819288594,1.34814233536084,1.27300019976062,1.21501200252621,1.06454015226818,1.24267928995725,1.51021326097663,1.41526525511215,1.54945278387657,1.24869065272849,1.51071743689722,1.29338605729853,1.32738287998499,1.42104121037094,1.42672156625676,1.53043765443856,1.55869741265129,1.16105445082607,1.46416253010515,1.4766448914948,1.64525161733497,1.50265511205944,1.04819299415506,1.30289138731143,1.38409922085233,1.25066339238406,1.30277176205326,1.5552270336246,1.6085490194238,1.46452374580612,1.46137684140653,1.58647552201073,1.23864127577535,1.51318330645533,1.13883969136895,1.54765030039538,1.19425426717978,1.06352959706199,1.40661775601676,1.2817310750262,1.60554921496064,1.55190269302509,1.20481400922126,1.42624511381325
0.836710534556382,1.16400255453253,1.55835188077593,1.03656027765651,1e+20,1.34573038707357,1.5641915026272,1.08836276238742,1.02255406503475,1.15148437809222,0.942818481491119,1.03995162134946,0.878594496677587,1.23034944277855,1.35596925047907,1.17253847656198,1.35451293566046,1.32087585674051,1.49862299881035,1.10821575306796,1.06700001686855,1.14838456340305,0.919404247723965,1.2980612529204,1.41188532822005,0.952360582380553,1.46838144099404,1.38820192479081,0.995448156652026,1.47080924533887,1.27438824585542,1.2948967560926,1.08238814802457,1.08732059501035,1.04406231755777,1.11850509749465,1.6649872467632,1.37490052688088,1.50010829948934,1.05545307139916,1.25647250392762,0.981426400984546,1.07946169504183,1.00013445594662,1.37159766125224,1.26510666991958,1.27839277287973,1.39550175058502,1.60072293292605,0.986451624957301,1.36194868030732,1.45755250339584,1.29644216475124,1.38447282995091,1.53661920666292,1.4488382743797,1.23257238702905,1.37430980860424,1.52007650949102,1.53524449635261,1.21740201209845,1.02585895320097,1.3844333761052,1.51396918753295,1.10935805488519,1.44304141857802,1.79765543585387,1.1043667096305,1.47214781089571,1.55423267788404,1.39226674824697,1.29879101776157,1.52970472850604,1.42930348391085,1.34065075887986,0.984404515708849,1.07482477719856,1.43935704235322,1.46663819020517,1.22731091850838,1.3086159272371,1.45687278684642,1.66831593151163,1.33734128631825,1.19237491435254,1.64487691485029,1.25934474592643,1.32043418658294,1.54184046266668,1.64442548770704,1.56057121301296,1.6796439145999,1.32707886754541,1.41714202036992,1.05299603282656,1.39522285811083,1.31521316252943,1.03218705777517,1.20842337212358,1.52811879508102,1.79929383116448,1.5457443856963,1.47930326154023,1.50695710565499,1.3238692023958,1.72269262240823,1.53041897580342,1.46195860643756,1.69073623811942,1.43892401705381,1.3427909726804,1.2699502664189,1.64107125257491,1.53335777373053,1.610280313061,1.59562925873362,1.65031496051904,1.71119331731621,1.51040790416563,1.65854030068438,1.53953396828317,1.52846486291409,1.57182675603229,1.41346247678791,1.65914490173652,1.60228240266033,1.72539016975345,1.52917284951314,1.34726859795722,1.49668425422959,1.59931605262502,1.33764626953733,1.35725834166054,1.64659538624985,1.52328360336522,1.53195779417518,1.73949017598428,1.73365033231052,1.36053930580057,1.6712989999721,1.54722305562006,1.66431788518716,1.50286486990609,1.53733522501748,1.73033961560074,1.65909014385771,1.65224650452037,1.59778141096817,1.32815793289179,1.451455586995
1.25346998718386,1.2069613840821,1.2781094373967,1.21157681592621,1.34573038707357,1e+20,0.953629274340678,1.10134237387057,1.27924418499215,0.776758672225408,1.29534575620932,0.923839990002475,1.20421554306815,0.948820531803971,0.838046817087276,1.01558108829987,0.957340686399201,0.829476709572692,1.36961199946082,1.43391331041261,1.31985779838402,1.51915500158271,1.10508861844467,1.39933448135953,1.26058013642671,1.07659348007476,1.49599526932756,1.48214235651172,1.32053098961608,1.1858574656266,0.962309970252004,1.33969637722475,1.25078518908923,1.01358432971116,1.05090786552999,1.20794918424926,1.40558816019147,0.859884403851667,1.20363362136544,1.27035008930916,1.50715654413047,1.0552004819958,1.20120258134826,1.02403033003224,1.09278985846624,1.28169056827038,1.29034147208109,1.1206764008069,1.20352785546297,1.07843505803951,1.42958077977318,1.09209234074696,0.985740744450289,1.21338965126435,1.16617603694658,1.19277785482148,1.24884112537172,1.22390436161706,1.43350806621763,1.29581240459052,1.16481167955117,1.07557212556797,0.814598386964868,1.28772376014057,1.12575338770904,1.30759024086213,1.41385675675701,1.21713266078238,1.41506000917395,1.36042213760942,1.15777120358428,1.29600620941953,1.24769403277761,1.26361903665298,1.06259480612666,1.16950215141526,1.02689856575703,1.08331435486093,1.13618465489869,1.1031565854804,1.18946219573242,1.54686896847728,1.66614076509752,1.09242939561807,1.21562102568932,1.00889060362822,1.26825183182227,1.17046493550318,0.960702380938443,1.13241669763728,0.894120930930911,0.967774186617443,1.17399587739353,1.38383395267461,1.20756619963826,1.17077379042374,1.21932119280443,1.08165806753814,1.21758192801531,1.51849054991639,1.12272729579219,1.36476640845574,1.0329621570258,1.12331032776597,1.28791205000724,1.38041820486822,1.10962520103996,1.05275737208862,1.02664071363273,1.43229701310702,1.28160027070022,1.26251242843751,1.03115191573556,1.10024251480867,1.14621039725834,1.24590643147171,1.09739341496896,1.10918432681782,1.26126661337344,1.31610614450999,1.08570551032642,0.844891925509297,1.07920981753228,0.99005954896226,1.23195244377273,1.10108300905967,1.50762684256731,1.23999237645222,1.06552649576101,1.27165124521953,1.12926000614874,1.16532542455651,1.2123851552386,0.991901499021087,1.06655155251796,1.35327470681433,1.51573209831941,1.26015982366407,0.792470048675764,1.14810338435874,1.0933243897715,1.26670080395881,1.15892415398847,1.1834239494083,1.37016570915067,1.03792354379486,1.23278824780265,1.02041989468073,1.31850145150791,1.35656284454221
1.57601787288611,1.03998691386631,1.39130000967584,1.15532958032182,1.5641915026272,0.953629274340678,1e+20,1.1371409405189,1.5456560926637,1.1151911913721,1.29512306449188,1.5060870537027,1.22876602344527,1.09421012317475,1.32066164379327,1.54743881311305,0.907191589189366,1.23146802241121,1.06161628853172,1.72031211929903,1.35035800636263,1.88305601982356,1.21424904849873,1.60381686339767,1.22999160817381,1.42856336066504,1.74168732997467,1.27737422023122,1.57640305820379,1.04656995342895,0.742225899710214,1.20569257286412,1.42357523829435,1.4544794376047,1.06909021624863,1.32645395422878,1.3588825230338,1.50121333945459,1.12550010129389,1.87265883079141,1.51841482580194,1.14756557533243,1.6259247644687,1.68819046674802,1.0161878094793,1.4644476725896,1.62925669750787,1.17206080843462,1.31217881179891,1.55934139923825,1.37424295534688,1.42491323212041,1.18100116210759,1.48688558132716,1.04380385492604,1.41622731675453,1.52514245492081,1.24944174030517,1.34152575453935,1.47136871182386,1.16846157377692,1.27048461685499,0.826802710829869,1.53031294753411,1.20774682876035,1.49877958209207,1.31654694689403,1.30606466702085,1.40655405260487,1.29355197879813,1.54089307595319,1.4617022469332,1.64714927622658,1.43711169689886,1.08771032358583,1.23668632057399,1.17655917650326,1.53283323736992,1.21551986796469,1.33801658207503,1.06128591647908,1.5038607861781,1.56730498105304,1.07930348281463,1.32814007744433,1.20755714725693,1.20199294096044,1.47883841500051,1.03896936102916,1.33320345978545,1.26961173846636,1.44825187476889,1.23007262514387,1.43407407892539,1.35748523675595,1.32034611362236,1.30677528808995,1.20572711439948,1.42798924041609,1.3655744214003,1.44626186575928,1.573209014505,1.03476013976308,1.1243033711467,1.46039404869314,1.24691144840412,0.867852096831932,0.964187986550087,0.740117131918295,1.32062620773708,1.11509233658269,1.42023115438876,1.24194151820649,0.999840616830495,1.30813852299682,1.21074933048778,0.959102365240531,1.09434423442079,1.00434002823079,1.24413087236139,1.06891070062292,0.889318853635831,1.33372295967801,1.1591259884483,0.99340135045365,1.13713814549635,1.73990789494487,1.61363399408116,1.17518090217214,1.17527365586615,1.0489814373305,1.32586934926989,1.32229110057937,1.28241633419951,1.17822620087418,1.54561833810234,1.65831871827572,1.09837899121052,0.877017927967628,1.31529092579477,0.839103814300795,1.13981842897704,1.1621239351459,1.06447585519497,1.29980649612509,0.934907614876714,1.52555782382619,1.04394385592291,1.28049403574812,1.36179578048898
1.16542113741847,1.2502585108496,1.27605446561992,0.540565182292864,1.08836276238742,1.10134237387057,1.1371409405189,1e+20,1.24153841217565,1.17030593484709,1.16566126209159,1.18729486846152,1.05297959348646,0.940582632829881,1.44195697991606,1.23270935015433,1.11657294330882,1.1611166585855,1.36315814837421,1.1315381212538,1.02565842508428,1.26891599474956,0.779824470911093,1.42542892811876,1.18194616674654,1.14614852683428,1.38013807777655,1.08072160264916,0.889366078846804,1.27516077903456,0.916702428036147,1.30369105435774,1.03418306120456,1.19069137630293,0.578517656789751,1.46726388244101,1.31793762622527,1.57559118577158,1.31653549109141,1.40690529292969,1.43363258710906,1.25484130079667,1.35718339083033,1.19676580641623,1.22080098402011,1.0841019442193,1.09742544306443,0.969908526449692,1.37419040769825,1.18449472940098,1.23588088204964,1.4036936861238,1.0021268985356,1.37710087049142,1.05996695592528,1.16399170806556,1.31679959172283,1.23117177820412,1.2323083307066,1.32707919042155,1.14038516305755,1.08081610537822,0.876884180711706,1.44984454197272,1.06302159031939,1.39090748773291,1.21510226495667,1.26230456362236,1.29301990214513,1.14867061431311,1.36723892941264,1.28883076281279,1.48789278400317,1.30312488879576,1.02627455877149,1.09394663654625,0.933472094756969,1.30931421641651,1.08009559716566,1.16282883593082,0.934279115583287,1.28220202678676,1.47993729849033,0.997648565645398,1.2232838319848,1.27225200622602,1.14605851121258,1.36919220316573,1.13749694282963,1.14179543663353,1.24719632773595,1.43098588036049,1.16023448670234,1.31183083962503,1.20245229134783,1.28151865159991,1.2428851114081,1.23193388961431,1.21856729912727,1.33748982715953,1.40654183055559,1.17534337982516,1.16584661748475,1.40000673055385,1.30773992688555,1.16131362101988,1.44814905251216,1.33954381657877,1.19044736910066,1.31297987312563,1.12169765809188,1.09729064948973,1.48209519211176,1.44043204478651,1.5158518063323,1.17993200109647,1.45977247241598,1.21085512416894,1.30468480881989,1.48053311163263,1.2561824188303,1.46496512205206,1.45652954999864,1.15180202523712,1.43072298348664,1.41226726583957,1.57174670243197,1.35978547199876,0.842618452990245,1.28126961444822,1.20944547689553,1.24489978331844,1.28854961270752,1.31396185950743,1.45807274083987,1.40237909493912,1.19048126490165,1.58464873567153,1.15498835356362,1.24174015231967,1.14022776793287,1.6084981765126,1.2054100683327,0.946270087497171,1.28849053819226,1.22169292279049,1.45651398540503,1.34837145657068,1.16593668731938,1.29589580815127
0.713778890255696,1.06734239112912,1.00719637790338,0.988918116508354,1.02255406503475,1.27924418499215,1.5456560926637,1.24153841217565,1e+20,1.14185976255248,1.11110165398611,1.40709948804915,0.941064203660461,0.957581560077485,0.939360291889232,1.18608134746873,1.37797743206918,1.35353125848165,1.50617842039679,1.10642714210389,1.08785690278754,1.07807692818278,0.877869064245965,0.626531314718494,1.02437801035703,0.971526085730747,1.30447862848255,1.55256585105033,1.23650840107285,1.56679818879635,1.24141780977284,1.04697581547946,0.78172812180115,1.34508120113245,1.26519802532796,1.68695052428846,1.34634354498837,1.26647424011472,1.32487852431794,1.05170996595189,1.06683062274536,0.833546635400764,0.792227142966235,1.05356140402585,1.38764975557268,1.15035291337779,0.98727535268778,1.2204380313143,1.11357499701336,1.16114529498084,1.3417919568734,1.39255631236006,1.19813098736723,1.2352382840371,1.54165941177418,1.14231758700232,1.20618394298587,1.46941312168145,1.49343291085944,1.16493421136853,1.34978884024754,1.07101942456851,1.21986697246656,1.21945080657688,1.31545514692902,1.32446208119136,1.52683585649481,1.31022781004527,1.32272287305358,1.39497869078077,1.24853657280159,1.30871715716438,1.42203585063799,1.12185609937107,1.28688242836292,1.11896477063687,0.932890644901501,1.23210710476394,1.36368619533635,1.25939244874968,1.32593999249372,1.4212651873106,1.67126013120238,1.24974920020593,1.19483190159037,1.530356321346,1.22063802484242,1.308217426381,1.38947673906106,1.32983284348117,1.31411834853598,1.48288189112954,1.31013783346926,1.04983107313508,0.936402898561346,1.43654357880625,1.21592621059742,1.31439836272109,1.26596412386992,1.57589769284901,1.90009799160364,1.89426884357027,1.48554742333875,1.29122760755487,1.66492833835964,1.63858126140159,1.70490876527578,1.58144138561752,1.67210138463087,1.68777219898217,1.3823488170461,1.6544484634866,1.60285463430384,1.69946184697477,1.51797050647684,1.39356021889861,1.52856002418092,1.81372172328464,1.51934953817294,1.53948508682579,1.80209658263838,1.63665387582243,1.59527676041942,1.57379009882765,1.80942425142488,1.60953391842613,1.74511118455076,1.66278851196684,1.57977089128068,1.62192790273617,1.65751848540468,1.57308735359179,1.68865072096913,1.65135947259215,1.76005305236456,1.71228160532849,1.9015364714551,1.60429646184192,1.43931918129202,1.7367250608424,1.62370866247829,1.89262997587036,1.42888010804121,1.65670863523646,1.50232562069985,1.53276424981182,1.77928865676672,1.74680161878565,1.64357777977803,1.75124959381293
1.15941819127928,1.09843863630378,1.19262086389009,1.14604206963684,1.15148437809222,0.776758672225408,1.1151911913721,1.17030593484709,1.14185976255248,1e+20,1.17339978375058,0.984056080399644,0.887929324965745,1.0526216650313,0.773059269028983,1.16273965717142,1.21598484394901,1.30160331229267,1.24681783424622,1.11030775452018,1.13222916890938,1.27291873256485,0.940296441452233,1.18566137516086,1.3191494696668,0.97990962573618,1.2572888963808,1.40265709963135,1.43841808403836,1.16173547584024,0.884535605403475,1.35086180612963,1.16085512118611,0.933475283106113,1.24401123383369,1.11853478702361,1.20482942124287,0.847912985379081,1.17236348431104,1.31223018208821,1.0815767403237,1.01085570780009,0.7749296108715,1.12398204878689,1.10798819606384,1.32696295140113,1.17615649819693,1.0549758992556,1.20937347784337,0.804614676447457,1.39845323728366,0.976199921972476,1.00594787926664,0.723772441791267,1.26095032243292,1.06757584610885,1.29154875500009,1.11277706849478,1.3240646141192,1.12397760422855,1.02742888392293,1.09133644048706,0.959379477675867,1.20577240530426,1.09137135383164,1.17226575441915,1.23898503984534,1.0200424409745,1.30428380832365,1.37777760714866,1.21863663666713,1.32117999831487,1.09588467458268,0.970945026730866,1.10158360931307,0.845757185051438,0.912161398492537,1.1394735773775,0.948094159138639,0.739258886307841,1.25372295972744,1.44680006276043,1.49897233672892,0.902700944785724,0.74218039281593,1.15107798927312,1.19132299088639,1.00963454990784,0.82401050637832,1.2194530388428,1.05153179202184,1.16841562931265,0.684458112649229,1.00718752839295,0.942793838290388,1.19712361588357,0.982575024716739,0.849754961500724,1.16575268391129,1.40010511753845,1.21054138999134,1.45920935625056,1.22739116452298,1.13585602706108,1.21809099540508,1.48462690572226,1.14501134170843,1.2442227852202,1.11306142677112,1.34814709037679,1.25218203545434,1.14670577396343,1.27475203621905,1.09003447308723,1.19879671790949,1.44856961900984,1.2742080402261,1.19161188496796,1.26103707163121,1.45197518062025,1.27769693264047,1.02864586204922,1.14028733422332,1.00275342368526,1.29709983956225,1.30492876819251,1.4818060704783,1.37650540946973,1.18963199210845,1.14561018953234,1.2967167612356,1.09425884985479,1.08320368844771,1.15168441008545,1.1985489335087,1.32814446511312,1.53360265715847,1.2779822304131,0.940978668282986,1.29573792166801,1.13154227915988,1.22971321849964,1.25751657504307,1.2903798750249,1.46889554613893,1.23492662723933,1.341434318319,1.22748373746414,1.19109456859992,1.33980634888213
1.15114138531637,1.18782895570866,1.36910588310026,1.12541997032438,0.942818481491119,1.29534575620932,1.29512306449188,1.16566126209159,1.11110165398611,1.17339978375058,1e+20,1.19772142768568,1.01481019751139,1.05994965020642,1.34640361117356,1.09456584051159,0.89112854283695,1.27026659035607,1.06105228426153,0.947616712992615,1.07601051188957,1.26094469961275,0.737848199875427,1.06411433605627,1.13323326095979,0.810602102074742,1.06048801418415,1.16895812969239,1.28184444990478,1.25240820801249,1.02893417659051,1.00958268446256,0.965233372663507,1.40751299945861,1.13385112998893,1.24812954505661,1.27238086581695,1.63167994934207,0.958373986967877,1.38924659970368,1.23321703673301,1.07984871708571,1.16191769745582,1.28312209490821,1.20787194446153,1.00960523593816,1.05780796362289,1.31077635918761,1.39910496441436,0.997585465814037,1.43612151153407,1.71822763406042,1.13282833010535,1.48536760041687,1.33930824712785,1.20704968247112,1.4781526579575,1.20329508045532,1.46385726253274,1.35763496520699,1.3692469422235,1.22524684668719,1.08248216051922,1.51214237947175,1.2169795474736,1.38510135232307,1.39631892015388,1.33484514584327,1.31889970067131,1.32990410200798,1.52858549279429,1.21267533559201,1.66606853574292,1.51813290842765,1.22914674619708,1.20680729731128,0.990919647283094,1.63746493199252,1.12025721644314,1.12451225713676,1.27376556119643,1.30971926976365,1.30735728039239,1.10994582876539,1.3809582498806,1.59074762140587,1.3054703094207,1.44601777926658,1.39609441174416,1.45548051844841,1.59501084711622,1.53908853815004,1.3907860616846,1.43674177399693,1.29473213654197,1.3633560008835,1.54545252361709,1.36744318101074,1.15155049714714,1.32882789527965,1.80222384112687,1.6920158088426,1.34027750069052,1.23355312360576,1.27833970719688,1.6895915535131,1.39220435625104,1.2255561234008,1.64665785680292,1.43859699282009,1.19361511951707,1.34389428463025,1.45339828338173,1.43985866599146,1.40370712767241,1.50185084327393,1.43859179493395,1.78912112256286,1.29950091400259,1.47526136697803,1.44769893325032,1.28551011413241,1.46915069072089,1.43343542786092,1.57317988636906,1.503133343281,1.66709865148434,1.4588364926246,1.44346779503302,1.37662840020831,1.54965023881734,1.31697476234323,1.36023759519343,1.55915609419758,1.3557997993373,1.46072599291247,1.89684254512263,1.51363766036063,1.21123089236049,1.58490753770451,1.50279754448498,1.51876495882542,1.40149963259693,1.64840775333814,1.64147138033215,1.60795361254302,1.61308680156848,1.48923283996448,1.33304571413694,1.3884509410139
1.05646519717309,1.63244515885833,1.49541389008848,1.34488791077476,1.03995162134946,0.923839990002475,1.5060870537027,1.18729486846152,1.40709948804915,0.984056080399644,1.19772142768568,1e+20,1.24006915076746,1.34336427840399,1.15091938109816,1.08022747705585,1.25019887129905,1.0978082680732,1.54194221339415,1.25249531939947,1.42242743877057,1.36453956853579,1.16923127418014,1.51096372042565,1.70787466271161,1.1517865273456,1.54300077300425,1.36702681707583,1.26106915987378,1.46464055743441,1.34950489922679,1.50306443334876,1.13708052351761,1.127961048027,1.10553769758162,1.1901841901615,1.7890944762413,1.2553539559873,1.26234497127452,1.09260419497316,1.41763891497387,1.3907732073025,1.09639819997031,0.90542684760308,1.30119687997528,1.06228691458333,1.32117363466761,1.43856446388576,1.74184744021966,0.773997258593829,1.6143663118341,1.37338705948096,1.1540495986617,1.33166476770851,1.49778921589147,1.2096564083006,1.37956088104671,1.35089439838706,1.60984704708017,1.41635313862923,1.39545157936249,1.23702869648066,1.22776005229461,1.42607934560112,1.27843005241849,1.41759549626658,1.61452634063724,1.31864873917192,1.49688286467894,1.56268401221307,1.25223644935236,1.24556154149249,1.35669218644854,1.48894854671067,1.30885215152528,1.24277711312392,1.11373105529127,1.32956401811276,1.2080955999716,1.06095828820144,1.44233415087192,1.63229106368354,1.68961895716325,1.31444818089641,1.35894288498578,1.37304654018031,1.47090537199471,1.27567037444915,1.38965965162974,1.38280258166765,1.28166971709146,1.27968805230101,1.3866671789702,1.5022291225741,1.30458381547961,1.22986014068984,1.52569704392401,1.29686064890755,1.14805464584792,1.56319051485398,1.47962577593319,1.48369465568999,1.57678903504671,1.68501139436626,1.41291787693458,1.90107445639725,1.54416821264259,1.5159663200562,1.56351383946649,1.59352646698997,1.65312595531993,1.35842887338742,1.63170017697432,1.42352874461996,1.67898619197273,1.80379943298853,1.68365450306697,1.514489977207,1.68899787427756,1.87170112914124,1.4110837148347,1.40675039986857,1.58161353679874,1.28578661876349,1.5940897521792,1.6144775768305,1.82120744198927,1.57074858387546,1.32978269923675,1.55606123756673,1.55668173804663,1.41325023801525,1.37961747600522,1.49686431598429,1.3864338056807,1.68312444456658,1.66886435615827,1.82785290886943,1.31483808065654,1.54899065099285,1.50403883130057,1.57297949436692,1.69307772406425,1.56260702925695,1.91158502657099,1.63488477127325,1.67214388316323,1.4281878044138,1.4999433291125,1.54004864060969
0.835867956980862,1.06590771697907,1.19852375146631,0.854073103756824,0.878594496677587,1.20421554306815,1.22876602344527,1.05297959348646,0.941064203660461,0.887929324965745,1.01481019751139,1.24006915076746,1e+20,0.911635286145055,0.993116885208871,1.49421574359057,1.29698729782351,1.54000765927578,1.41574880197664,1.22047089128363,1.14566248619099,1.35786754487841,0.874844986479504,1.20295929683226,1.1673404295007,1.08364820978559,1.4914617577595,1.3520879383778,1.2888004809598,1.52948059695413,0.996125515299985,1.12341082776919,1.0678643385016,1.09877547869339,0.950399429462732,1.3746806746048,1.31717735547658,1.3623804581951,1.34407134438727,1.48680588224893,1.02493373233894,0.990837939148801,1.02006289993212,1.237107371378,1.16181245466099,1.21367495329544,1.26836651669131,1.25817985667795,1.40273779320895,1.1643673816158,1.52497626796672,1.31235366051052,1.40251175277585,1.03115784149312,1.48881096656032,1.32771598915365,1.4117201430127,1.36296057733498,1.45621912241126,1.43083434759892,1.25879219824013,1.24423584172549,1.27422437812032,1.51171872688099,1.21136607805639,1.4565711544252,1.49454216042071,1.30266177447758,1.5459782828399,1.54537391805773,1.38116393579422,1.57376705139991,1.44826535024883,1.25853298114011,1.41280633450194,0.917305937315207,1.07750495358951,1.26800849964923,1.2704042334882,1.06353428840373,1.3334884714131,1.44559344879373,1.71100834653603,1.14571349769239,1.00858767021939,1.62214953719894,1.40112334726638,1.23852231310533,1.16339235119715,1.46190477125998,1.46700038567373,1.5735892343383,1.06784125960799,1.17041920030604,1.110250903366,1.57962212768141,1.10799722734214,1.10784352838651,1.41815292613856,1.62754903517326,1.79460944012744,1.47718760661375,1.21074298806826,1.29293421671254,1.41699142272261,1.57527108530058,1.29579228018864,1.18384232559905,1.39963418945724,1.19001436287964,1.12687943205818,1.31378568895575,1.54346032473856,1.36840305783451,1.48826296516095,1.30493751345175,1.31216758279305,1.45700612804043,1.2847858218447,1.39669868617242,1.29053789612385,1.36705875890687,1.47508833654715,1.27486120633833,1.45408475523459,1.42943528741685,1.73777401182139,1.47725318065465,1.10040297818577,1.35212508072078,1.31914226338666,1.36204030911017,1.32437165462311,1.62095486765569,1.47634381652613,1.58142783303858,1.65359413235383,1.54678383033534,1.11770430554787,1.49607237422912,1.20872942692958,1.47754350763551,1.3308264162803,1.27998531576452,1.47791726600204,1.32819449146907,1.71111363923436,1.44940862646911,1.32428065296183,1.46237949429907
1.09141481433665,1.1137166373622,1.33475019519779,0.803006014024518,1.23034944277855,0.948820531803971,1.09421012317475,0.940582632829881,0.957581560077485,1.0526216650313,1.05994965020642,1.34336427840399,0.911635286145055,1e+20,1.10465919556006,1.21265058843293,1.168446722058,1.31917212766339,1.41122840014023,1.18995468830268,0.892000042451853,1.33225430222236,0.664910882047118,1.09853502459293,0.798861008357581,0.77029176555819,1.31716625805466,1.60561347202417,1.38093295988301,1.41560500483518,0.785229819987271,1.33585393281514,0.986386220020473,0.995610610146351,0.860459727975147,1.59221517518391,0.943024956685964,1.36616693998612,1.25847708040377,1.52741034693065,1.41948724439656,1.11570549934804,1.14783064583854,1.29816544249225,1.28282620855544,1.06628966369565,1.00824549444309,1.09687508345011,1.20071336254677,1.15798972275722,1.48232613224991,1.38222864642361,1.12087306155574,1.32392013647884,1.26174386290547,1.17293602416108,1.31319723321497,1.37312682388548,1.52515969903632,1.28101219941631,1.29734503475533,1.18330943900098,0.975251678120018,1.3166938423311,1.31029601710741,1.39905007271584,1.36585713569339,1.37795495609166,1.41879095225032,1.40501227271225,1.28666701893468,1.39652257166452,1.3925709110936,1.29613201440592,1.19396698964263,1.25042097739496,1.07699398693046,1.2316140487924,1.21872047984646,1.21113301046392,1.25249170718348,1.537933700965,1.66233660440041,1.14077307322505,1.34535891450245,1.26364240310035,1.36672886163906,1.30914255687622,1.09549240596596,1.16443729288041,1.10956589870526,1.13087915281428,1.26926429398031,1.3897590110406,1.22938916620883,1.37896990472704,1.28265274767719,1.34329240651827,1.32499337566617,1.63205702494185,1.63770162503033,1.41721607951546,0.951596375465793,0.899422268400851,1.25226579945645,1.15285524234945,1.17718503515012,1.03641821915075,1.21246377487479,1.09432408539932,0.746936192029427,1.20880617544373,1.2501650727776,1.31761783480871,1.22861123256577,0.923281533866115,1.12399938009693,1.4007366258076,0.98853627846841,1.0097000824169,1.27101420682024,1.21064734426968,1.33268100741947,1.09741406069471,1.34822037483967,1.21666294438525,1.41921545470557,1.22654399255554,1.07089324462609,1.17433678893455,1.2264988871935,1.13053958506432,1.24170486835267,1.40074712156632,1.39815058468933,1.22256349934256,1.55640599177762,1.32025039090441,0.987979536408322,1.30042593686954,1.10110759054774,1.39952802764055,0.978078951796534,1.1782127758867,1.130892943326,1.09042322817146,1.37728999350736,1.39025114411605,1.09155315030921,1.22066905014941
0.954983758691486,1.29302683215898,0.966093761182051,1.3394141711836,1.35596925047907,0.838046817087276,1.32066164379327,1.44195697991606,0.939360291889232,0.773059269028983,1.34640361117356,1.15091938109816,0.993116885208871,1.10465919556006,1e+20,1.34233427028814,1.30419834501154,1.30263626426737,1.54620306220005,1.45339170515721,1.48557488108535,1.50354282258181,1.24078619215812,1.10074736002785,1.34530802308586,1.22504849071221,1.57308215576917,1.61002431666977,1.52351675583564,1.58758953028528,1.24736335213763,1.20001771951609,1.14135211398933,1.28451271235222,1.36476582538133,1.53845870446656,1.52184036708368,0.904059889146578,1.25309994606719,1.24575792342696,1.15990161694146,1.0126432027325,0.899651271504878,1.06072844424088,1.20805310556932,1.30252905455371,1.32473155651574,1.33292732347329,1.26008400974468,1.18061884884767,1.54803516938556,1.18098000323286,1.27144171674496,0.982580756050303,1.61201142154422,1.20361841304301,1.35664337132035,1.4255105008539,1.62757155447058,1.19269816184699,1.37465381686925,1.25461512702323,1.19643642426401,1.18880608115529,1.38608414308811,1.30577263512572,1.49159517484707,1.38612332449297,1.54376540180689,1.51802280203825,1.29782420638857,1.466104231901,1.2533576802174,1.10340314731261,1.32221044579829,1.21780519184089,1.13803954228106,1.16320699124757,1.28596663858608,1.08470270465603,1.51953983557831,1.64830219657653,1.79424667208523,1.20314501371107,1.09250079983657,1.40038774722239,1.42697161429185,1.15273137593211,1.20600916140808,1.33835091295708,1.11787065663977,1.23070385144603,1.21786318362386,1.11270151297182,1.10694659794037,1.45282895159502,1.23289702837303,1.26005253432051,1.35652543559144,1.71393800569035,1.66679047391975,1.79109111939062,1.41466114533642,1.31594177368022,1.68896302600566,1.7472011462724,1.41625390536375,1.37251836606136,1.42436586686645,1.71775017958215,1.5448842260243,1.66086844835245,1.43539041941012,1.47238721650828,1.46172032019986,1.48500506954577,1.31181542016814,1.58730541848989,1.5248228674186,1.59593308272996,1.53944628256942,1.27693602078822,1.42820221465865,1.46230060805213,1.56101782467067,1.40940689039656,1.85766601964428,1.63720917516492,1.50982418309898,1.63431580676764,1.47211090172066,1.58577549405316,1.57462833886428,1.42171639573999,1.44091233970475,1.76934712009383,1.91966299905083,1.52601459527991,1.19634787271423,1.57741952007949,1.43897250285573,1.63999417617494,1.48945330599303,1.56323554315116,1.58397006505698,1.39294713859935,1.70828877127566,1.38622162241693,1.69659359819872,1.75605265887773
