1e+20,3.570788951,3.44247129783333,3.160829241,2.96165775,3.597728796,4.12491964,2.6757665925,2.619252967,3.079761746,2.090975725,2.882146225,2.450778045,3.635140946,3.304044247,3.84118955,3.016747026,3.606157477,3.40511131666667,2.315709152,3.75815877733334,4.076293125,3.288877246,2.645299189,3.41566578100001,2.64034985933333,3.037354263,3.7753057115,3.274480815,3.48596999133334,3.148159205,3.28287251766667,2.302729555,4.256361298,2.62022378,3.825378315,4.6951204395,4.446091625,3.25005834866667,3.14543205,3.321387286,2.996503221,2.954912128,3.167623291,3.811559236,2.30938857,2.72432045,3.601553325,3.649991659,3.050984355,4.2960080765,3.876382576,2.836557905,3.43302340233334,3.33549814433333,3.04877384,3.215290402,3.870771841,3.393374226,3.668801336,3.994492281,2.93149199433333,2.47071029266667,3.12939425633333,4.049317927,2.907991502,4.229798263,3.604826211,4.258925722,3.9166470921,2.867753246,2.688349472,4.5039789278,3.132963035,3.295754761,2.35579666666667,2.568211546,4.360531295,3.166598351,2.8716000724,3.664882406,4.214439568,4.0142108025,3.234441096,3.18919963700001,5.409742739,3.764596051,3.7906941335,3.416729156,3.535317486,3.8242927535,4.197656114,3.17457147666667,3.6311894155,2.1663556,3.983973796,3.46359857366667,3.976442009,3.836112167,4.22665138306001,5.704919809,6.550539704,4.662364456,5.576270301,4.78271494,5.795668969,5.7923891025,5.370809656,4.577824927,6.0547285596,5.386093895,5.558636981,5.7589209028,5.132535486,4.66860888,5.517205361,5.639237996,4.93579632366667,5.469100701,6.155315605,5.5808278821,5.965808458,5.570866326,4.52547971266667,6.416148109,5.311012163,7.170873277,5.434257458,4.72427816,5.743464546,4.681403435,5.176873071,6.668485424,5.774020946,6.130801712,5.791453576,6.2961351967,6.389442604,4.61070257266667,6.635843711,4.7878513325,5.824526209,4.933960216,5.121467958,6.823809754,5.359558377,6.280851139,5.516531078,5.377382018,5.95220724
3.570788951,1e+20,3.4885467595,3.306902475,3.491200416,3.15585871,3.663693622,2.673574053,3.277331455,3.417018555,3.35543361,3.246140191,3.51001372,3.6134813,3.222967612,3.53227517,3.013637,2.88244725566667,2.31957620866666,3.463562454,3.29168415433333,3.4035235125,2.80394665833333,3.24671093999999,3.34068394000001,2.77420606333333,3.35225706199999,4.1641991995,3.34234465666666,2.83887125633333,3.261399735,3.265856579,3.144485555,3.13409648800001,2.80571087,3.597889409,3.46892750299999,3.15280976,3.20547252766666,3.301799775,3.375159372,2.40989506333333,3.235811413,3.59979273499999,3.926743917,2.719287161,3.57711864666667,3.856381236,3.763700881,2.4977269,4.50777547883333,3.832336276,3.782969225,3.785511898,2.86102001833334,3.11237287,2.885128397,4.073024945,4.22605123600001,3.3576853875,3.16788355,3.450364405,3.026480615,4.040526752,4.171071519,4.5220190977,3.710885596,3.364512942,4.318819499,3.7238401811,3.655654271,3.53633617,5.2798775528,4.12789423,3.451640481,2.95987408,3.83836802333333,3.5075781375,2.92402393766667,4.4111051774,3.04161427,5.092757548,4.62634415716667,3.134670905,3.781250002,3.830260188,3.80135704,4.1793424975,3.327240715,3.682892105,3.538482186,4.401975943,2.92442943166666,4.330470183,3.18993389,3.354012915,3.215990703,2.73101257266667,3.777850918,4.82149896982,4.4734193872,3.64043115299999,3.13924784666666,3.59664733,3.00124408499999,4.467828548,4.197604667,4.00150081,3.413700699,3.6427453474,3.52727028499999,3.72397589,4.3836469252,4.122691502,3.414210455,3.72675237499999,3.850428105,3.892202055,4.10799371,3.565663995,4.5590378872,3.596119844,4.230415095,3.539704899,4.45019858499999,3.912362283,3.55868138999999,4.32590308033334,3.66657052333333,4.229791085,4.325116235,2.45369221999999,4.673648266,3.25147304999999,4.371420461,4.2626343,5.2793167306,3.476728332,3.567748665,4.66675491,4.6854393345,4.75411144266667,3.932963835,4.375631216,3.846239123,3.586745229,4.422291373,4.630186437,3.879542026,4.094636585
3.44247129783333,3.4885467595,1e+20,3.60748101833333,2.5894508885,3.2521791175,4.5127311165,2.935969157,3.0726357485,3.58639350583334,3.6869328095,3.328882379,3.3696249445,3.7381687745,3.77051114883334,3.45493912783334,3.32754770250001,2.8474946415,3.36888350016667,3.3429266195,3.863476932,2.84351438416667,2.92717460700001,3.2899947115,2.94765043116667,4.54756317616667,3.271185046,3.34209151400001,3.32649922783334,3.95359579500001,4.03864769083334,3.58694251500001,3.25728363750001,4.367922998,3.91112678150001,4.983287101,3.96396176266667,3.94599160333333,3.44299673100001,3.2109799885,1.8896928315,2.59099965866667,3.5722819955,3.624371905,2.64363174499999,3.48576530500001,3.16532077816667,4.36032468,3.61901900016667,3.3972084595,4.37089095583334,4.37538143683333,3.40551100700001,4.0788222315,4.01424458166667,2.84591319700001,3.6982410195,3.98542244533334,3.76200810516667,3.02053642316667,3.97824973333333,3.70766421200001,3.47066528333334,4.235198647,4.20934149650001,3.7264191931,3.79378079716666,3.39139535100001,4.72312447283334,3.1058961906,4.2253559395,3.05415914433333,4.8620274028,4.03693559950001,3.89042189183334,3.14827724033334,3.50424070666667,4.55277613083334,3.07517670483334,4.12567813803333,3.818317347,4.16407040566666,4.38103627066667,3.84916745666667,3.78774285116667,4.37231564166667,3.71950204716668,4.524177833,4.3138408775,4.04152323116667,4.18385506066667,3.8278010625,3.55619508033334,3.10483870100001,3.84454853083334,3.67358458466668,3.49554239650001,4.3931998555,3.48963947300001,4.64934771361334,4.61859418263334,4.42137131183333,4.7979929445,4.16910562833333,4.4056924295,4.5435358015,4.99972674483334,5.25802602033334,3.8267916785,4.95363611596667,4.8364482795,4.1196208915,4.4209984592,4.33102957166667,4.45702373916667,4.481440129,5.02002635866667,4.4116077425,4.65295332116667,5.3304479495,5.76847327443334,4.6099511865,5.75627567416667,4.5823678415,4.68930491350001,4.116098298,5.1125249715,5.24287572883334,4.61701292833334,5.11204810833334,4.72133016450001,3.99959953283333,5.5799428655,4.53538693783333,4.75191774383334,5.1294781495,5.68000259876667,4.69248285083334,4.12779645783334,5.5994163145,5.638493741,5.64046477916666,4.63047839916667,5.4095876645,5.626859945,4.896219563,5.12038245666666,4.742701494,5.0729915015,4.7312243945
3.160829241,3.306902475,3.60748101833333,1e+20,3.185023804,3.181036345,3.601615032,2.3984245425,1.88116121166667,3.76820814,2.81057818,3.391576486,2.75481322166667,2.374025125,2.667460103,3.135150245,2.09478446,3.380895243,3.41453209766667,3.387493099,3.06823263766667,2.378337095,1.89712473,3.010280899,2.513974395,3.41946814666667,3.096019894,2.6824116845,2.60117506666667,3.187329408,2.85736059,2.29476768033333,2.16588885,3.595529738,2.56139646,4.08997888566667,3.237747259,3.753679145,2.83162703766666,2.985870615,3.584214477,3.00352975,2.785856335,2.41416321,2.37076636,2.897607658,3.243714135,3.439672443,2.661017649,2.84674411,3.891905261,4.672025685,2.521555835,4.398113038,2.94977136166667,2.242188825,3.050668651,3.69590028,3.750307397,2.6827435725,3.7431916,3.00872220833333,2.63243518666667,3.36003134866667,4.250654862,3.0928174177,3.564471009,3.517536626,3.161887516,2.7063003371,3.03059813,2.953216844,5.1932144678,3.33435646166667,3.310049973,2.9867266,2.31497844333333,3.559897955,2.883529862,3.5297760011,2.911472855,3.451525737,4.6175201205,2.759243745,3.662193529,4.525594623,2.12505596,3.725846449,3.28073816,2.70046845,3.231823048,4.07777094,4.046017165,3.288865761,2.673014255,3.924303405,3.431671094,3.713200787,3.61800070833334,3.71427481756,6.0817270166,5.948359024,4.512934695,4.206156945,4.360818225,5.924523905,4.7117813735,4.67282630166667,3.998267254,4.9107202074,4.122267065,3.831736845,4.7822468876,4.119961766,4.724557545,4.856892285,5.06718679,4.77178975366667,5.128536595,4.790153065,5.8509458161,4.732428229,4.29557639,4.086114488,5.78853488,4.983664879,4.936438295,4.48610311933333,4.40398311166667,5.35386341,4.91268711,4.51758413,4.669937047,5.012252755,4.836796646,5.021969415,5.5222145691,4.677721967,3.88194775833333,6.488046885,4.3641470415,5.68183967866667,3.869530255,5.16859901433333,5.941904876,4.551320047,5.611603213,5.096404997,4.575939287,5.40425632
2.96165775,3.491200416,2.5894508885,3.185023804,1e+20,2.849758367,3.64095958100001,2.740876736,3.013899074,3.073112755,3.17803379,3.795176797,2.79193787666667,2.994922015,2.935891173,3.024000816,3.335114756,2.71399854566667,3.15925426833334,3.079672623,3.22623035566667,3.388960231,3.027630413,2.96554632,3.439293439,3.151202643,2.818466752,3.6491653675,3.30083188866667,3.537959503,2.825223069,3.84225418766667,3.158029482,3.19010238,3.448162648,4.219160526,3.444368979,3.082247659,3.79881228766667,2.283122962,2.174765961,2.905449081,2.692187093,2.934584203,3.287222901,2.90388716,3.05330731,3.20672718,3.419129027,3.295851701,4.446211122,3.8850449,3.369467408,3.218686427,3.848329968,3.629533041,4.056988965,4.068058703,3.95948157633334,3.835434631,3.921413283,3.915759259,3.18356511133333,4.47289325933333,3.64164912,4.2856004457,3.952580239,3.494606689,4.744940454,3.4741033591,3.989793185,3.097348191,4.9626483408,3.82572198266667,3.8320606835,3.402609261,3.442052803,4.6713417455,2.821412526,3.0347908342,3.916135914,4.819919104,4.81813689216667,3.626163003,3.3751695,5.090352531,4.04297851,4.3740905555,3.739876518,4.405333579,4.054981679,3.464485959,3.60722305866666,3.20400693,3.555555568,3.950522739,3.193885638,3.381488138,3.467999425,4.83476439556,4.628113512,5.043929514,4.046270013,3.821656684,3.919227751,4.001200498,4.761094444,4.665114768,3.134414363,5.0632164698,3.921799474,3.150393119,4.2629029732,3.40046967,4.089387458,4.007153281,4.536214359,4.01043819033333,4.2498618,3.537001156,5.2315487791,3.637360662,4.763014298,3.61550089066667,5.309527903,4.334654869,4.98441315,4.01976036033333,3.72022338066666,4.409766049,3.972739984,3.519458009,4.308185023,4.362893094,4.62030226,3.850129811,5.1302758546,4.340698699,3.55318419633333,5.101935189,4.701057114,4.48153918266667,4.139012278,4.290749426,4.490721555,3.614375424,4.44912346,4.191674993,3.630077934,4.188446771
3.597728796,3.15585871,3.2521791175,3.181036345,2.849758367,1e+20,3.032723772,2.7529350245,3.58772659,1.5626853,3.31170244,2.758650701,2.54588123,1.52741386666667,2.213104517,2.44393,3.106873705,3.001007832,2.78231193666667,3.777920338,2.867654213,4.036097115,2.529968775,3.706044505,2.44789540166667,2.707688955,4.13457515,4.6674923895,3.18146635166667,2.868035863,2.34633291666667,4.883907533,2.983301725,2.252874629,2.789811375,3.695589744,2.9603298265,2.094947905,4.29687423433333,3.36210178000001,4.195010352,2.89376840666667,2.399759353,1.945548115,2.548377332,4.068539138,2.83516352,2.685915454,2.998966222,2.900228335,4.79895151516667,3.25321800833333,3.19680735,3.04005698566667,3.37276422,4.04486790333334,3.41443662033333,3.124411875,4.880565696,3.792132905,3.759003535,3.44072917,2.98928848,3.61533269066667,3.556593419,3.3835632327,4.119378052,3.32626362466667,5.725154567,3.5891278761,4.075267225,3.69596949333334,3.5208738928,4.00103290666667,3.4773421985,2.69584640833333,3.944947505,4.03753063,3.146311453,3.44854702406667,3.86123244666667,5.28138606366667,5.5669606005,3.625853845,2.973354739,3.84175511966667,3.89687599166667,2.9239403945,3.285528505,3.63472726666667,3.0840035805,2.76919354733333,2.75713464666667,3.78768530633333,3.75159711,3.38046420833334,3.253623099,3.67213742466667,3.507883982,5.29371038965333,3.5832799692,4.76032001466667,2.10476836833333,2.30471716333333,2.79899837833333,4.33773213333333,3.3089152565,3.12736018833333,2.39898685233333,4.1990941524,2.488243355,3.123924835,3.29099523853333,2.44085908733333,2.60428053,3.408271665,3.478603345,3.776055934,3.01049289083333,2.89529868666666,3.50999482943334,2.69487629866667,3.29881887166667,2.68605619933333,3.93757051833334,2.822336521,3.92879765833333,2.829060174,2.88797901166667,3.248502055,3.348211065,2.54152868166667,3.58592739066667,3.05491777666667,3.32175234266667,3.23003776166667,4.5190622791,2.95358340533333,2.19667056833333,4.51728623000001,3.3166175665,3.611888964,3.34599773666667,4.212562216,4.010697248,2.750110094,3.24558830133333,2.88721258533334,3.055281287,2.80067569833334
4.12491964,3.663693622,4.5127311165,3.601615032,3.64095958100001,3.032723772,1e+20,3.401823019,4.843465037,2.914072247,3.597083951,2.48514492300001,3.057182617,2.324585922,2.43279010400001,2.728690037,3.311741197,3.566782624,3.44270346833333,3.327244042,3.313922733,3.041845552,3.304098706,4.301822992,2.94037102700001,3.361478022,3.187068268,3.5367357915,3.39148010033334,2.47593943633334,2.479971523,3.930000516,3.791127637,2.481072236,3.060804413,3.558394536,3.2402014535,3.238194568,3.24615067999999,4.35880166500001,4.59959055,3.592190412,3.15340140900001,3.17467722400001,3.115844163,3.73334394,3.478633967,2.690517638,2.374524457,3.199805077,4.723852867,3.553812723,2.805595057,2.74139089366666,2.850054412,4.10691854000001,3.372139498,3.613919342,4.33102727966667,4.170713543,4.197070087,3.57854549866667,2.59169892466667,4.004961991,3.822978959,4.0289426707,4.380009399,3.700846669,5.551516288,4.6123175231,4.50369527500001,4.447594986,3.7810644058,3.197420762,3.9846693005,3.603283992,4.265992312,4.693186442,3.50217880833333,2.6693450741,3.521882457,4.343548459,5.1454252925,3.841768577,3.94018887,3.89589306,4.309624477,3.4755063565,3.181111108,2.840110717,4.1348855125,2.838589171,3.413896497,3.90286284,4.686604447,4.214482287,4.45608350433334,3.806586486,4.586171017,3.97645495006,4.39506189273333,4.763735543,2.877724512,3.188302207,2.770007982,3.353288415,3.9009394895,4.136020257,2.948152902,4.1777748966,2.40857131700001,2.975569492,2.8035563908,2.925879579,2.922722038,3.143169112,3.766489201,3.60018562066667,3.2641193495,3.18357140866667,4.1027706931,2.754570464,3.901610442,3.57193645666667,3.88717053900001,4.087608313,3.335224842,3.028410605,3.431011807,3.646993052,3.747326117,2.955363192,3.857864799,3.333530457,3.841193453,3.997093857,3.8591656136,3.44187084700001,3.24394156866667,3.460186322,3.41182906,2.944282684,3.157655467,3.63480659633334,3.923570376,4.060674952,3.40720540000001,3.400769404,3.204587284,4.239279972
2.6757665925,2.673574053,2.935969157,2.3984245425,2.740876736,2.7529350245,3.401823019,1e+20,2.75006107,3.260722645,2.6654481075,3.236680214,2.89817714966666,2.5836596695,2.624196249,2.776637596,2.1370533615,3.4599678305,2.97411846083334,2.8557639535,2.79567049766667,2.3134708215,1.4550295245,2.7073333715,2.32346485116667,2.68198492283333,2.769785462,3.267585077,3.03441394166667,2.956525975,2.3378884235,2.9717415175,2.790650526,3.223186512,2.3718503905,3.7627391505,3.5793991385,3.358915731,3.0070969975,2.7993667845,2.677249863,2.47354359416667,2.8729508285,2.449306492,3.382734321,2.998040725,2.813122973,3.25304407,3.6936980585,2.5821723315,4.604534595,3.2532076785,3.2048740995,3.36736360633334,2.59939078616667,2.660737302,3.534797412,3.537945094,3.70399640733334,3.298994575,3.6065051395,3.27748935116666,2.5087605745,3.72502826816667,3.157781221,4.341938333,4.2384477415,3.493962727,4.42612877683333,2.7644941171,3.397091623,2.760691921,4.6859308758,4.09133892133333,2.5827047815,3.274521151,3.31272757283333,3.192572287,3.1701767905,3.4004329177,3.252903091,4.7351617065,5.06426651266667,2.8038240795,3.7304744015,4.150674677,3.807327186,3.949969743,3.291396671,3.5700027745,2.9395952115,3.4926283865,2.9736901525,3.4543102825,2.580083,3.7642367885,2.9782371815,4.012309723,3.33557875233333,4.85081256156,4.6787337419,5.2915230785,3.5447825795,3.34206544,3.5801383605,4.442831018,4.2585507195,4.02940189116666,2.880266311,3.9837562253,3.7794743015,3.46067907816667,4.1965099836,3.712112602,3.701463928,3.59326285,3.786512503,3.3097171745,4.4453236845,4.20998289,4.6373721356,3.51580045533333,4.1888159045,3.73164115466667,5.1215982585,4.0730617495,4.56085432,4.3078799965,3.76322438666667,3.95119793,3.80232208333334,3.41295613,4.344369968,4.311718425,3.8615454025,4.5774420965,4.7922062551,3.8406324425,3.6195458095,5.00212289,3.9607439125,4.4499261035,3.6006977195,3.79095138333334,5.41879419100001,4.3960526815,4.598230368,3.791598252,3.6205305545,3.875151135
2.619252967,3.277331455,3.0726357485,1.88116121166667,3.013899074,3.58772659,4.843465037,2.75006107,1e+20,3.26433824,2.77369158,3.497225076,3.12964376666667,3.94588022,2.27348946533333,3.06799161,2.317493175,2.93345584866667,3.5955877,3.245534921,3.135046311,2.87648529,3.45269489333333,2.14194293533333,2.33368152000001,3.274521625,2.82225953766667,2.5245085695,2.78019708833333,2.628537273,3.99419073,1.936258059,1.99676608666666,3.282165859,3.316599115,3.776635009,3.80256635316667,3.73702885,2.54312539333333,2.729145865,2.88719936666667,2.026157545,3.016990569,2.96454198666667,3.46626644199999,2.094493633,2.788060455,3.352230541,2.993930767,2.46364291166667,4.310084943,4.61628688166667,3.31406926000001,4.04592192966667,3.3942287,2.58830867333333,3.11542593366666,3.56536306833333,3.65659272433334,2.84059959916667,4.59438411000001,3.247629405,3.13642403166666,3.060980707,3.58404487066667,2.92865806436667,3.94604923199999,3.51928504266666,4.05927849366667,3.0841763851,4.03861086833334,2.99882833,4.42822963446667,3.61579380166667,3.642871633,2.840294605,3.005665885,4.7539024275,3.57138975466667,3.94105751203333,3.05506567666666,4.21870705033333,4.1562108405,3.137399,3.92430330566667,4.915607353,2.87026945,3.931442582,4.24791857666667,3.44068533666667,4.7605293405,4.60854036666666,3.54166018666667,3.054819538,3.36592068333333,3.96386282,3.399675908,3.715540976,3.40995836866667,4.51195366932001,6.0524209068,5.738226835,5.14916804166667,5.76602432666667,5.23313277166667,6.147253793,6.05639496183333,5.78770682,3.90566016066666,6.15088891906667,5.860578165,5.50822358,6.04047753426667,4.915385824,6.01984254166667,5.30847774666667,5.42301663666667,5.72937223733333,5.728335215,6.282096975,6.7570841361,5.819215322,6.19916739,5.59475816966667,5.98577999333334,5.567837101,6.531210095,6.01432614399999,4.718614365,6.624851495,5.72819206,5.167462475,5.967254223,5.68156693,6.40168574600001,6.011047305,6.3450553509,5.585977377,5.309905595,6.67643241,5.306542638,6.65814400166666,5.70930041,5.75460564466666,6.18712962266667,5.434433064,6.874104308,5.25602516366667,6.048165554,5.44613076
3.079761746,3.417018555,3.58639350583334,3.76820814,3.073112755,1.5626853,2.914072247,3.260722645,3.26433824,1e+20,3.043017815,2.955924606,3.058199625,2.61861573,2.403494482,2.85296939,3.696449165,2.986761697,3.21421952266666,3.235835754,2.869683958,4.35295237,2.67288906166667,3.497919348,2.97215105,2.296873785,3.879226201,4.7799403855,3.67053230166667,3.27691446466667,2.39831898,4.31892515733334,2.923796845,2.365733102,3.17715983,3.663679144,3.548962239,2.575395555,4.12367193166666,3.453232955,4.046524617,3.174516645,3.391015708,2.565027035,3.438438552,3.629295553,3.48330868666667,2.687392991,3.211152837,2.923983175,4.7577004655,2.9110877,3.043432365,2.994042264,2.91653272,4.01049478,3.045625785,2.541141495,4.193076201,3.66898308,3.431817335,3.12663361833333,2.76397919,3.757270231,3.591370018,2.9927647077,4.221113877,2.971334544,5.50714170266667,3.8489779261,4.375524439,3.222465456,3.0889165478,3.86965814833334,3.0847275885,2.350430575,3.764171445,4.46261857,3.570282483,2.552925695,3.62028491,4.763102937,5.01580476716667,3.126606525,3.540078924,4.100147698,4.12169168,3.3565609925,2.8283839,3.317480255,3.3161921705,2.557969364,2.10262819,3.4415226555,3.501271135,3.29598754333333,3.18888641566667,3.135831413,2.927585438,5.24257364932,3.5754673592,4.485226748,1.956791835,2.60015698,2.496217585,3.81775371866667,2.8762315375,3.15235981833333,2.644057029,4.4492041374,2.612206045,3.64799949000001,3.2552605076,3.03125261066667,2.53563278,3.193345,3.334104191,3.86467230066667,2.811066405,2.97328383166666,3.8660907411,3.06977827966667,3.19449932833334,3.55208101966667,3.558551075,2.375761096,4.320642055,3.194617524,2.73918501666666,3.688283175,3.42668856,2.14502158,3.78514836233333,2.576078325,3.339912971,2.858027495,4.9716642611,3.004777422,2.41090434166667,3.987665015,3.0420932225,3.354224799,3.587046745,3.65454403266667,3.487266158,2.872943879,3.305145858,3.584340562,2.536061737,3.08404529833333
2.090975725,3.35543361,3.6869328095,2.81057818,3.17803379,3.31170244,3.597083951,2.6654481075,2.77369158,3.043017815,1e+20,2.685886891,2.51763770833333,2.81286857,3.346287426,2.8365048,2.541696455,3.392700931,3.439289974,2.484049388,3.471673261,3.019303635,2.575106265,2.724271108,2.40700789000001,2.43603066166666,2.34813518,3.057293513,2.76781483,3.446854297,3.10530631,3.09828494133333,2.43609273,3.540219066,2.12023084,3.785210529,4.0354061415,4.110455885,3.35706295599999,2.52928538,3.360687132,2.52429149,2.458387849,2.011048075,3.252018415,2.515602463,3.408654385,3.283769935,2.855777087,2.199062395,4.444719363,3.864323573,3.065710015,3.67369039133333,3.510692955,2.82210126,3.463448362,3.425988735,3.916293656,3.7517851375,3.668259095,3.489308025,2.03226206666667,3.695564098,3.367012105,4.3396720577,4.25574289599999,3.706335788,4.59792488433333,4.0418393511,3.129926502,3.701941449,5.1987339978,3.81753698,3.3793057505,2.933136025,2.36447552,4.23981771,2.905089449,3.3603396172,3.235048325,4.706093589,4.5379958005,3.292081945,3.81096157100001,4.660495798,3.645201665,3.6992592475,2.916115265,3.513422905,3.635448736,4.09505745100001,3.647287315,3.849694594,2.514536625,3.72563879,4.04829561733333,4.058664748,3.723215251,4.67978429156,5.6435574446,5.868617578,4.074124295,4.512347735,4.271325765,5.05150024700001,5.1842161235,4.92770389166667,3.950296564,5.3286591874,4.10267166,4.187830915,4.3938518126,4.822528074,4.20902299,4.645287375,5.01165724,4.728920329,4.364491545,4.862452825,5.4833297261,4.263206501,4.67623993,4.010459801,5.253811555,4.679012751,5.49527598,4.23426643866667,3.77468818,5.276820635,4.524894105,4.14122141,5.326388468,4.642693425,4.895357466,5.209842295,6.0306393961,4.78148706866667,3.64813437333334,5.47423066,4.7146981195,5.460483186,3.892215395,5.064537855,5.843262308,4.904514972,4.907646533,4.537788397,4.432873057,4.958583715
2.882146225,3.246140191,3.328882379,3.391576486,3.795176797,2.758650701,2.48514492300001,3.236680214,3.497225076,2.955924606,2.685886891,1e+20,3.10090032933333,2.376951131,3.087945814,3.478117776,3.59769558099999,3.186111376,3.864821896,3.782925675,2.483239335,3.88783878099999,2.981353326,3.234475456,3.50618910933334,3.059693136,3.15538339233333,4.5130204985,3.86581315766667,2.95611658033333,3.048893334,3.57730242866667,2.924185406,3.063636211,3.247052851,3.46446869399999,3.0011350315,3.293687401,4.113848431,3.431361136,3.947811303,3.25695054933333,2.908994976,2.89015582266667,3.58120404,2.374192909,3.36011765266667,2.52319207733334,3.813384389,2.983706686,4.56634861083334,3.42568548800001,3.306608601,4.12564438366667,3.56219486933333,2.423088621,3.702951723,4.023922611,5.006998099,3.4469076035,3.756654468,3.697250353,3.427126208,3.67363391366666,4.394824456,4.0880298569,4.633043808,3.723384,3.502947423,5.0257924011,3.702011427,3.766381796,4.6781836968,3.75735382100001,3.7076854615,2.254334771,2.65096270966667,3.951999186,2.739041171,3.10559750693334,3.46215773633333,4.774721679,2.93188477816666,3.846404611,2.90570248700001,2.645949449,3.78805283099999,3.1632529865,3.56802900466667,3.072669121,3.366012599,3.578932842,3.097255946,4.4060126785,2.878364716,3.286032616,3.11487951,2.911798966,3.61956770299999,3.93168453517333,3.70925034933333,4.496840522,3.42341286133334,2.54136220633333,3.269969531,3.67140044566666,3.50296348,2.896048836,3.12443157833333,3.1778923184,2.68084219100001,3.714597556,2.8767573444,3.05356578499999,3.08204077800001,3.182312081,3.44667052,4.20645235933333,3.171027271,3.58360450566667,3.4474651921,2.78817339466667,3.96558601633334,3.401899126,3.40172726600001,3.774254434,3.148825881,3.816531535,3.81393419466667,3.17133025433334,4.003385966,2.845816531,3.55680504233333,2.83580782933334,3.842796707,3.398336668,3.8626718711,3.518561433,2.94564118100001,4.58867096600001,3.67162706866667,3.70989597633334,3.354530146,4.458249642,3.979686791,3.476702096,3.961402919,3.343464773,3.59724196,3.97742218266667
2.450778045,3.51001372,3.3696249445,2.75481322166667,2.79193787666667,2.54588123,3.057182617,2.89817714966666,3.12964376666667,3.058199625,2.51763770833333,3.10090032933333,1e+20,2.50254709333333,2.67499850866667,2.84799509,3.27428421666667,3.05527040766666,3.200250056,2.52233201633333,3.213031596,3.660462295,2.48583003666667,3.364527947,3.36666836,3.09658854666666,3.228421435,4.0861491845,3.52779456666667,3.403431483,2.587677835,3.65241837,2.82793515666667,3.35959420933333,2.42091656,4.168746569,2.785024194,3.67934347,3.691883145,2.61124208,3.752705022,3.312803325,1.971097011,1.832523215,3.360789867,2.816978813,2.116781495,3.12018357,3.61802866366667,2.610359195,5.02053483466667,3.31819786266667,2.83887939833333,3.43462856133333,3.20818209166667,2.86325687166667,3.96388709666667,3.25080926,4.469259941,3.03112692833334,3.914815145,3.63433155333333,2.87145831666667,3.50393623633333,3.68450416566667,3.90209602436667,3.77693671699999,3.417286276,4.00725578933333,4.17440095943333,2.571778397,3.42727634366667,4.7915886628,3.468399535,3.43960885383333,2.49446202833333,2.93459122,4.023739745,2.74949279566667,3.12868245146667,3.81456753333333,4.97568784866667,4.1924842955,3.28169308166667,2.58072285433334,4.063108948,3.33092264,3.1833351225,2.78853624,3.847733805,3.481909474,3.98118485366667,3.336034205,3.53932083883333,2.744500705,3.85056701333333,3.415469307,3.51578522066666,3.45254086066667,4.18074802065334,5.302765437,5.421999566,3.69059543,3.33688428,3.7078463,4.832364276,4.86940309816667,4.08612685833333,3.406986728,4.2551312248,3.63532013,3.17871839833333,3.6858484452,3.045961876,3.60460378,4.489804565,4.264735288,3.94236826366667,3.9781678,4.13913284333333,4.66010350276667,3.89469485966667,4.14605442,2.30874978733333,5.16135206833333,4.46379582266667,3.964441405,4.02432995533333,3.37523076666667,4.17598308,3.41696660666667,3.40313242833334,3.780472629,4.10856132666666,4.66336502766667,4.59682899666667,4.58798248436667,4.351050442,3.10313247,5.04512794666667,3.53285063566667,4.2615182,3.03330319833333,3.14011309166667,5.048724564,3.94251996866667,4.923295473,4.00540742866667,3.395888121,4.46139955666667
3.635140946,3.6134813,3.7381687745,2.374025125,2.994922015,1.52741386666667,2.324585922,2.5836596695,3.94588022,2.61861573,2.81286857,2.376951131,2.50254709333333,1e+20,2.296746357,2.55486596,2.368309745,3.252492884,3.65569519733333,3.645436583,2.668374141,3.2490284125,2.313056735,3.650878493,2.98445802666667,2.74807879833333,3.183968686,4.1414449095,3.370572275,2.469080723,2.520997565,3.634529088,3.258501595,2.456553614,2.646180505,3.767525279,2.474440274,2.55498039,4.12825031433333,2.90134037,4.030557862,3.28648769666667,2.044344166,1.739114755,2.110715427,3.802882898,2.799110395,2.937623731,3.152803657,2.147568815,5.3461559405,3.46715499,2.935290985,3.873167723,3.30994198,3.47332275,3.969344097,3.954378605,4.77462632266667,3.316658345,4.32383169,3.75086403,2.888699085,3.43067302066667,3.82526885,4.0322071627,4.488129822,3.628516615,5.061243496,4.0100828711,4.169427782,4.241431352,4.5003732328,4.12082188333334,3.3137275005,2.58781451,4.076261545,4.21967485,2.891594851,3.4539008474,3.80845044,5.300912522,5.1904950605,3.5374575,3.39382426600001,4.351645693,4.025912905,3.4521957345,3.2113145,3.26264411,3.516765888,3.00122706,3.51259701,3.655998183,3.54385298,4.138277425,3.767834424,3.232089261,3.916042966,4.72632709428,4.6886618916,4.752154848,2.55617785833334,3.169538855,3.31294131,4.082471498,3.7988162285,3.34198863333333,3.239015789,4.0288254924,1.983173505,2.79882703833333,3.3006145602,2.496467184,3.015679585,3.58708218833333,3.720392494,4.094565004,3.0646133275,2.97526424666667,4.0738980611,2.38411971866667,3.49956498833333,2.739991696,4.12031309,3.523478601,3.694279795,2.97193868733333,3.31578914833333,3.705463425,3.78914584833334,3.198096345,3.428393753,3.50897485,3.285329496,3.23730384,4.1731671221,3.330760812,2.488878345,4.5918037,3.620666733,4.01005085566667,3.43103963,3.952059386,4.459882791,2.840320771,3.807635258,3.008543907,3.035355262,3.64722302
3.304044247,3.222967612,3.77051114883334,2.667460103,2.935891173,2.213104517,2.43279010400001,2.624196249,2.27348946533333,2.403494482,3.346287426,3.087945814,2.67499850866667,2.296746357,1e+20,2.311372072,3.271152172,2.895913443,2.71614262866666,3.695754951,2.657759205,2.7864343945,2.687167051,2.748131713,2.702509681,2.832980941,3.379933039,3.6816001715,3.49221300866667,2.592129625,2.40561112300001,3.51738288866667,2.499311412,1.664922415,3.295623557,3.51167348666666,2.506670471,2.279924311,3.19707824,3.287158857,3.852380413,2.52800948766666,3.029355237,2.774460603,3.219399675,2.767074315,2.535949117,2.499741252,3.147547722,2.668999102,4.22326555983334,3.612660866,2.853491797,3.07649496233334,2.391224247,3.84271838933333,2.41383470600001,2.705025468,4.517832642,3.577744483,3.680033906,3.44676812533333,3.261929577,3.34582474566667,3.324734956,3.0490627427,4.483053779,2.990347092,4.831313708,3.5054932571,4.17271903166667,3.160169007,3.1625168158,3.574483047,3.4835997095,2.732535462,3.49141007033333,4.552901871,3.32158273166667,3.4024022893,3.445961286,4.694432474,4.83652240583333,2.959166382,3.200909483,3.36273681499999,3.683006517,3.1127964805,2.937288307,3.344965883,3.830185074,2.980386847,2.41254217366666,3.4360731,3.786348196,2.87660865533333,3.65815090833334,3.102449199,3.41711028233333,4.33725303856,3.34787288193333,4.092488813,2.657694756,2.91287983199999,2.468912012,3.93753809166667,3.100167105,3.531237907,2.005554661,3.8216584394,2.990187997,3.85930165266667,3.6122887246,2.840209354,3.126510691,2.941578203,3.205349001,3.69340961,3.263508437,2.716965163,4.20247982210001,3.71056181,3.800424661,3.74752444733333,3.574457613,3.370361333,3.34956890699999,3.192658109,2.741023251,3.549878136,3.71870850866667,2.407145847,3.787060165,2.727024382,3.90013192199999,3.17556002299999,4.0720297308,2.913795503,2.96469363933334,4.14073481200001,3.476077817,3.44100772366667,3.260347617,3.81885536266667,3.63887942700001,3.22567814600001,3.966640865,3.215330624,3.4695248,2.983927077
3.84118955,3.53227517,3.45493912783334,3.135150245,3.024000816,2.44393,2.728690037,2.776637596,3.06799161,2.85296939,2.8365048,3.478117776,2.84799509,2.55486596,2.311372072,1e+20,3.08998365,3.030643537,3.382550041,2.898840293,2.62609839433333,2.9131658075,2.71464329,3.104530471,2.79357789333333,3.05151702333333,3.143197427,3.2645537045,3.37949237833334,2.785556513,3.040992975,3.09584485,2.90997747,2.842819661,3.348214075,3.30343169366667,3.303234827,2.782300355,3.33481483600001,2.96915721,3.346060772,2.559811785,2.530095878,2.71700627,3.217967148,3.249032118,2.60247787666667,2.658968431,2.808634227,2.979490685,4.768255356,3.683234553,2.97978917,3.05199618966667,3.26581471333334,3.64829468833333,3.37406656366667,3.265617435,4.451073918,3.464119165,3.70527565,3.847837925,3.33232470666667,3.73273202533333,2.92513547,3.9372759927,4.40660403699999,2.535504228,4.560757473,3.6963830231,4.199572097,3.355640888,4.1734437028,3.85492301833334,4.242362749,3.01688532333333,3.85202638,4.91401172,3.282375081,3.0674790311,3.90842495,4.573297264,4.56251184216667,3.670133105,3.629538549,3.966455378,3.52599466,3.5546054195,3.51447667,3.27384198,4.013286013,3.294738196,3.28296607,3.958518143,4.21029677,2.50122541,3.36187727133334,3.60981835433333,3.43268751,4.26378930128,3.8937310576,4.013496333,2.63159923833333,2.75405811,2.576676145,3.68640160566667,3.204824419,3.89264407,2.494738659,4.08809213240001,2.94953145,3.46701277833333,3.5719422652,3.12430511066667,3.20677103,3.57195301166667,3.51072873,3.79317195566667,2.968064185,2.60981122166667,4.9007181261,3.073517942,4.10032049,3.696764511,4.13877000500001,3.532091871,3.779543745,3.17597118266667,2.72842914833334,3.91957483,3.42853875,2.42194512,3.31059706933333,2.52743737,3.500902881,3.161337135,4.0668007166,2.935817487,2.878593255,3.7488226,4.058822787,3.79631632266667,3.57534654,3.60927358933333,4.267132851,3.124140355,3.509659183,3.132768227,2.827703589,2.95639674333333
3.016747026,3.013637,3.32754770250001,2.09478446,3.335114756,3.106873705,3.311741197,2.1370533615,2.317493175,3.696449165,2.541696455,3.59769558099999,3.27428421666667,2.368309745,3.271152172,3.08998365,1e+20,3.309636569,2.94288249166667,3.248563689,3.20159079766667,2.9345430175,2.49871222833334,2.529768773,2.36704284000001,3.29948478833333,2.92173525099999,2.8934979345,2.6644389,2.957769293,2.93010948,2.53784862833334,2.67036991,3.598370679,2.57950395,3.739677809,3.5737007115,3.67919463,3.031601565,3.412650095,3.71198601366667,3.12463692,3.209424588,2.22472617,3.22838022,3.163722573,3.49082821,3.586908531,3.282252837,2.984422335,4.3075239805,4.57093796500001,3.55953889000001,4.31990884466667,3.69617294333333,3.131858095,3.40191448366667,3.681425725,3.938272492,3.390244605,3.687886555,3.48275575166667,2.54136375833334,3.54618179733333,3.938290922,4.2476950977,4.371972934,3.746139403,3.72849977766667,3.1889838911,3.96151017700001,3.44008731700001,4.8525126078,3.47034193833334,3.0659703605,3.7326594,3.01450861,4.22123297000001,3.290345291,3.98325427000001,2.478081495,3.889082567,4.31165779050001,3.23643265,4.182987969,4.74864312300001,3.40017983,4.2785001245,3.75322191500001,3.55983897,3.00151081300001,3.766331265,4.24773298,3.662052801,3.55443077,3.69038086666667,3.43852025633333,4.395020353,3.30103302600001,4.42057490632,5.041517427,4.752628978,3.776083285,3.77747881666667,4.23122971,4.155598143,3.8379117575,4.38785586333333,3.743374379,4.74157239240001,3.484593855,3.33289421,4.6165665926,3.937597819,3.487685615,4.00365935,4.375373801,4.47355709733333,3.784840625,3.69992432,5.0666505511,3.120892022,4.81790083,3.916397481,4.27977617,4.066030471,4.54420583,4.32376625366667,4.258423085,4.59030912,4.20025685,3.70025093000001,4.382330218,4.317514005,3.608246641,4.153529055,5.4747130191,3.59125731866667,3.18042229166667,4.64458648,4.8334635805,5.07815557233333,3.77184943,4.703445936,4.921244748,3.986924749,3.976350723,3.586822362,3.648825157,3.69380452
3.606157477,2.88244725566667,2.8474946415,3.380895243,2.71399854566667,3.001007832,3.566782624,3.4599678305,2.93345584866667,2.986761697,3.392700931,3.186111376,3.05527040766666,3.252492884,2.895913443,3.030643537,3.309636569,1e+20,2.56488352466667,3.91033933899999,2.85130614066667,2.743017954,2.79390102766667,3.901863641,2.982662354,3.55463514066667,3.448218213,3.5729102535,3.270778746,3.290349608,3.30674862866667,4.496957284,3.53761372033333,3.76457337233333,3.712725452,4.008823711,3.39702641166666,3.71795083366667,3.653881764,3.136368648,3.13351829433333,2.01429423566667,3.01613638833333,3.439178647,3.65414702899999,2.748823614,3.03945204133333,3.947644001,3.41392217433333,3.271246119,4.11385294483333,3.75439643966667,2.66381163066667,3.30972507333334,3.39001670366667,3.18620051733333,3.498687032,3.417977036,4.19817535833334,3.66906796483333,3.19280766066667,3.179400064,3.21481141033333,4.71196464933333,3.695193869,3.6155321517,3.48656788033333,3.09788168,5.23470012466666,3.81062208909999,4.187035206,2.93403037733333,3.6787153098,3.35347781066667,4.09294637516667,3.112250504,4.13699382533333,4.5601132215,1.881443572,3.4964263944,3.619439631,5.04062445533333,3.4188491635,3.243261309,2.670830967,3.81983185333333,3.26307242433333,4.068049976,3.712505642,3.213888244,3.9689627275,3.79085466900001,2.589811121,2.71056264516666,3.649600694,3.41671046066666,2.83101430733333,3.12121300966667,3.29961140533333,3.84653139332,4.12770625846667,3.64173295666667,3.592532737,3.13442200033333,2.91156106866667,3.600748914,3.159022786,4.236179881,3.057494066,4.51163768273334,3.38472244366667,3.29701975599999,4.66364916626667,4.111825506,3.650818967,3.49448036066667,4.178912709,4.28167629066667,3.19466904199999,3.51809713866667,4.5327309031,3.645147815,4.56854354366667,4.22997089033333,3.84449754200001,3.63078768133333,4.13633969533334,4.421358869,3.95204633866667,4.04505402200001,4.072667427,2.81373578866667,4.56402738433333,3.35023704733333,3.72699162633334,3.781725619,5.1293945371,3.31876241733333,3.681271162,4.26123739366667,4.376601715,4.45149708933334,4.075892687,4.23003130033333,4.59531597133334,3.769705647,3.93951188966667,4.42454540066667,3.57803923966667,3.57995266033333
3.40511131666667,2.31957620866666,3.36888350016667,3.41453209766667,3.15925426833334,2.78231193666667,3.44270346833333,2.97411846083334,3.5955877,3.21421952266666,3.439289974,3.864821896,3.200250056,3.65569519733333,2.71614262866666,3.382550041,2.94288249166667,2.56488352466667,1e+20,3.844530174,3.449638797,3.42768196,2.97906876466667,3.624900447,3.21358417233334,3.49368805966666,3.713591756,3.1720883215,2.74390946733333,3.30566620933333,3.126382061,3.51092936966667,3.531424168,3.493227954,3.239954505,3.62121899166667,2.670111538,2.66594140266667,2.93821855633333,3.35062794933334,3.378631785,3.34562585733333,3.08587639566667,3.57868118133334,4.08445202666667,3.232699525,3.614548482,3.661429496,3.228401615,3.40511455033333,4.31172382733333,3.76483247,3.34347389533333,3.45864192466666,3.30134480766667,3.88307831966667,3.04842960166667,3.38198495633334,4.366320019,4.042327215,4.36434939733333,3.52780348966667,3.05581399933333,3.88837196,3.96100668566667,4.05076181866667,3.60924539233333,3.766420015,4.92144359,3.87061976476667,3.78780401733333,3.74663497266667,5.00547460446667,3.50314759100001,3.96237314466667,2.69818255366667,4.108787456,4.187619924,2.44710545566667,3.86699135753333,3.49478576566667,3.87539903033333,5.29150462383333,3.602368019,3.610276369,3.973776208,3.85023447033333,4.40960376683334,3.639521573,3.735780833,3.806742425,4.20180055266667,2.280497374,3.97309257616667,3.96129119033333,3.64249243,3.347902458,3.03219678966667,3.763055134,4.45901458670666,3.6979129512,3.925651443,3.449534573,3.62453652533333,2.663518412,4.05764543766667,3.8961995955,3.64927006066666,2.88871011566667,3.3004239278,3.40146184233333,3.21732274133334,4.27595876793333,3.34061020933333,3.57585134733333,3.75117913033333,3.799970559,3.90168383633333,3.99268716366667,3.632897269,4.78561639106666,4.10550039366666,4.27186333433333,3.81931754333333,4.58238052533334,3.75313395133333,4.029623824,3.84055118433333,3.87167783566667,4.509123404,4.647722377,3.06974101866667,4.31495646933333,3.708740909,4.28489841633333,3.729179715,4.33352549426666,4.47852580666666,3.42068408666667,5.160341674,4.23825469316667,4.71007098633333,3.500567815,4.01126827966667,4.37415718833333,3.57676197833333,4.55218911133333,4.79028386366667,3.21677168133333,3.71552614966667
