1e+20,2.693999671,2.2836530495,1.819491601,1.552765108,2.805638046,2.742559156,1.9588197215,1.71609717933333,2.620538986,2.120007181,2.16435536633333,2.029109441,2.707687276,2.440706552,2.454377646,2.859476916,2.81770002566667,2.74589247266667,2.037059761,2.638682538,2.890229396,2.578837936,1.946896687,3.016186046,2.608915391,2.76998012,2.3043380835,2.227045806,2.527562255,2.554488456,2.252443243,1.404153586,3.196835909,1.964992961,3.08905605366667,2.836928282,2.833383112,2.540965725,1.665487572,2.592059623,2.45606411766667,1.660905428,2.010223651,2.102481447,1.375402158,2.197480096,2.195372125,3.009313719,2.058875651,2.9270467935,3.16777122,2.529721546,2.617985642,2.82246687266667,2.075303071,2.921893153,3.280879141,2.36455927,2.290827831,3.179879976,2.378117261,2.19266905766667,2.48593532166667,3.068241106,2.6272970229,2.431279464,2.32808906,2.57795593033333,3.3763785651,2.196457179,2.935899504,3.5837575488,2.632074506,2.433188668,1.829565001,1.70270868766667,2.806676546,2.143377068,2.1477808757,2.784781846,2.882796874,3.5415745465,2.355775431,2.783764161,3.487785464,2.656609941,3.3607488605,2.572059406,2.815652136,2.948893593,3.011505884,3.052269986,2.181185553,1.832056666,3.13458383266667,2.82453575266667,2.726431018,3.016443384,3.26173654802,4.3867307804,4.731724683,4.063851921,3.887156376,4.526946871,4.331178593,4.2574245965,4.588326156,3.264687791,4.3309966494,4.144812351,3.867359631,3.9754436596,3.503471349,4.445178306,4.051620981,4.458360036,3.040984151,4.422502411,4.515638851,4.8988123021,4.373569342,4.670892126,3.24405075966667,4.505538076,3.833005125,4.914359801,4.477183748,3.77759980766667,4.423315636,3.723863916,3.867030326,4.022414278,4.352069536,4.626689572,4.792059341,3.9708461921,4.77216873966666,3.860199591,5.093352986,3.523241478,4.020915622,3.622857876,3.49699829066667,4.811177058,3.531740332,4.551886978,4.158997663,3.945061124,4.574191576
2.693999671,1e+20,2.8639015725,2.27714685,2.134393253,1.628805395,2.105420681,1.7847096165,2.829100395,2.214619305,2.79166976,2.835346228,2.52551251333333,2.044889285,2.400798681,2.169263415,2.110653705,1.748807532,1.569005751,2.675183444,2.099671243,2.389160325,2.13303186833333,2.620996168,2.42696031166667,1.92900931,2.454826787,2.5196932295,2.353812585,1.577174422,1.657275265,2.43250129866667,2.376001215,1.646243072,2.12472935,2.15046098733333,1.756909189,1.944950365,2.074408916,2.752404275,3.277477822,1.60925859333333,2.551059451,2.68882148,2.20235265,2.259843283,2.275126795,1.78882069,2.174229654,2.25880576,3.1479755305,2.452257065,2.694633875,2.855081279,2.35432830833333,2.99447862333333,3.263985302,2.9854003,2.554828311,2.81633463,2.435974935,2.55669235,2.02349127,3.461074678,2.637193131,3.8301007777,2.448651897,2.321267887,2.99402696933333,3.3934622561,3.300195546,3.587729639,3.9504355778,2.668441495,2.650046428,2.26467286,2.76578797,3.04367959,1.98319285633333,2.4922203961,2.272503215,3.181193437,3.4997043155,2.71125405,2.813274664,3.016837523,2.55295419,4.0830880495,2.033912505,2.472601915,2.493895828,2.242714507,2.408193425,2.900770533,3.069341795,2.80935862833333,2.708303479,1.765955313,3.586262211,3.10829293354,3.0754241022,3.222429358,2.62739037,2.45408338833333,3.06470967,3.34293139866667,2.8957688935,3.07297163166667,2.476742004,2.8793433124,2.77732953,2.74965936333333,2.7833779826,2.356621972,2.728861785,2.92123125,2.870234253,2.61071292733333,3.011387245,2.7065182,3.2113683311,2.623988021,2.74093468166667,1.91231984133333,3.230361955,2.803990796,3.39126052,3.109312747,2.20369151,2.805428075,2.730162425,2.244767435,2.78967476966667,2.607877855,3.201739631,3.46531199,3.3765407391,2.94803585866667,2.29375359,3.094097875,2.745860445,3.01441247766667,2.676369515,2.581467951,3.311126893,2.124759279,2.956812853,3.155951412,2.550318567,3.067522125
2.2836530495,2.8639015725,1e+20,2.1753208975,1.9043611195,3.00818895416667,3.8140669595,2.760997629,2.0895931325,2.7366059675,3.2708343775,2.7083509465,2.7123543125,3.3838878275,2.1610185285,2.5437649475,3.1292934675,1.8564674305,2.63458477116667,2.4735394605,2.7139034415,3.0487646375,3.0396180075,1.8043485365,3.5251949575,3.3017337025,3.5094805115,1.96816772466667,2.7704155575,3.3803669955,3.0964994675,2.21481755616667,2.0966162485,3.5759083605,2.87398276916667,3.5995028465,3.07122013650001,3.0748311475,2.5161944585,1.8379352265,1.1818849565,1.98268350916667,2.2252616565,2.6742309775,2.4842261525,2.3403051905,2.3016248675,2.6930534835,3.0016727265,2.3831343375,2.449155023,3.0546718415,2.5360110475,2.75166208083334,3.10055013083334,2.22721838916667,2.59147665116667,2.85421516416667,2.33896612816667,1.4367100975,2.35504589416667,1.9686128625,2.7253525825,2.26200813716667,3.0886653435,2.60425045186667,2.72434493883334,2.7051400375,2.72091656683334,2.31072001926666,2.71494745716667,2.0554177145,3.28520811696667,2.0464280375,2.5056862355,2.20686366583334,2.64015363916667,3.51692595916667,2.2757609945,2.2174520826,2.80001814083333,2.3114543885,2.83027723633334,2.56549096583334,2.7276857505,3.81731331716667,2.3436081875,3.143416133,3.2106015875,2.6166480175,3.09833316616667,3.0987658295,2.5511480575,1.82858821283334,1.9450182875,2.58925111416667,2.2346581005,2.66558855483333,2.30215710216667,2.85029401104,3.9307994799,4.1542812845,4.4773617725,3.81183200416667,4.3915170625,3.6478641285,4.09323618433334,4.7298313775,3.3264576305,4.8381958999,4.6533048425,4.3947913985,3.7706431211,3.8320571405,4.4665128275,4.0638244885,4.63831378416667,3.43850399883334,4.4177022425,4.6986167425,5.4276543636,4.7075929735,5.2119418375,4.03708829783334,3.5207446725,3.84571931116667,4.9366972625,5.0162240795,4.1725787425,4.9309571475,3.55891693416667,3.7956125475,4.5481754855,4.0861513275,4.51320689016667,4.7768557225,4.0661340976,4.39131041616667,4.2644533225,5.09231603416667,4.6882591765,3.90883535283333,3.6046193075,3.84646847016667,4.4718306415,3.8188377455,4.74784929883333,3.7223042945,4.5316258095,4.3365055475
1.819491601,2.27714685,2.1753208975,1e+20,1.791693813,1.866887415,2.613584251,1.5194651765,1.601511195,2.159282515,2.05422175,2.108534208,1.51023492666667,1.733580395,1.683112571,1.994447225,2.014317045,2.369591832,2.44297347633333,2.049496504,1.810611123,2.326107835,1.521867675,2.006878318,2.281270385,1.91472074,2.510953837,2.0098577195,1.754457875,2.127974362,2.017516435,1.90071850866667,1.603632025,2.209088352,1.57559664,2.51738661733333,1.985921674,2.569612495,1.90177546933333,1.601929075,2.807361952,1.9940324,2.014640423,1.76572644,1.33762,1.762053013,2.029091625,1.69640933,2.087679762,1.35804399,2.4577481505,3.130110145,1.583323705,2.893873429,2.513860205,1.91399964333333,3.071024032,2.99363006,2.455159481,1.980597075,2.861818785,2.17848401,1.6275588,2.81270574,2.573193075,3.1356672677,2.569908967,2.223875983,2.03706859933333,2.8562514861,2.66479104266667,2.867271727,3.92742464926667,2.477374285,2.089710248,1.91255359,1.28178553666667,2.613008485,1.927700403,2.2871011561,2.080995515,2.469412257,3.4696388955,2.12794489,2.672195786,3.191560403,1.69588461,3.3740272795,2.311393705,1.957349375,2.749347348,2.850788337,2.731553495,2.297676438,2.174855095,2.863704685,2.826111179,2.58647933633333,2.952459491,2.48976726206,4.0203482022,4.045442078,3.10150074,3.221549225,3.59734394,4.050518402,3.7870671635,3.581228665,3.133016634,3.6503174824,3.33744063,3.02535215,3.3682025826,2.916260452,3.973093645,3.48780455,3.540456335,3.22903897733333,3.76475278,4.20429414,3.8504145311,3.50241551433333,3.619714025,2.93549218133333,4.098823965,3.770472586,3.9849406,3.509001997,2.97671412,3.764650435,3.301516285,3.449854115,3.431915723,3.591063935,3.952566881,4.01161203,3.7909482291,4.289015582,2.90277937333333,4.302507565,2.735362473,3.96800869433333,2.954508405,3.661187551,4.010879893,3.380212857,4.088154323,3.544313392,3.447782367,3.982926105
1.552765108,2.134393253,1.9043611195,1.791693813,1e+20,2.443071198,2.86254549,1.6375045935,1.78863657133333,2.094869528,2.236791223,1.866880215,1.66330354966667,2.351534198,1.921289514,1.718058768,2.522290178,1.860980731,2.14539407266667,1.887198665,2.23672726,2.492552368,2.009492798,1.551821975,2.588414448,2.263924513,2.659267026,2.1975273375,2.052375408,2.503019071,2.338819754,2.22829201966667,1.847655688,2.329866591,1.977152643,2.64306887366667,2.200261682,2.193285736,2.48380631566667,1.426578726,2.301320451,1.91135798966667,1.49130372,1.870473633,1.849833741,1.685204982,1.836270318,1.902534075,2.655822067,1.681237943,2.9607655035,3.074634202,2.209395138,2.273162688,3.10237135133333,2.39285373633334,3.003600725,3.195413693,2.52871183866667,1.959236008,2.800109198,2.265039493,2.34815869966667,2.575843275,2.26926784,2.9037940669,2.501610936,1.940395698,2.72299747233333,3.0523624471,2.413849411,2.795985868,3.7295726808,2.375625578,2.59507144,1.917702613,2.14590080966667,3.035855978,1.92222125733333,1.9224779771,2.926563408,2.906919718,3.50397875183333,2.485961103,2.553812645,3.653719886,2.411311783,3.3264520935,2.781786938,2.882290068,2.873390475,2.609305568,2.561185578,1.961731685,2.192413628,2.92046178133333,2.39786208333334,2.34445199,2.528359936,2.87232040602,3.8233063804,4.484568035,3.416772143,3.370634178,3.781650533,3.537999159,4.1037199965,3.842710678,2.975267237,3.8183113234,3.601929343,3.397552653,3.3070613816,2.798248735,4.113986218,3.39946243633333,3.829642108,2.797077661,3.667201423,3.869147553,4.4794150941,3.676130484,3.952609108,3.11551679833333,4.184351528,3.648082753,4.179102943,3.77236685,3.026799773,4.119317488,3.283768128,3.354506418,3.56764498,3.627575648,4.051017484,4.154900753,3.6483958431,4.21354307166667,3.192358273,4.373897118,3.674422038,3.78077996933333,3.306847328,3.520676278,3.76056614,3.079947244,3.97130537,3.632626835,3.447963346,3.930933748
2.805638046,1.628805395,3.00818895416667,1.866887415,2.443071198,1e+20,1.849904376,1.8122808415,2.87796827,1.32914867666667,2.31853848166667,2.800908433,2.28638589166667,1.28239837,1.724512466,1.76193518333333,1.68973401,2.050630657,1.95316854133333,2.345250949,1.800984748,2.18589873,1.50856323333333,2.768880183,1.93919184333334,1.42487225166667,2.21469778533333,2.83354720116667,2.45629151333333,1.519086387,1.11123655333333,2.94810662033334,2.61457952,1.556799137,1.89453963166667,2.329919139,1.775804774,1.89106621,2.28303730433333,3.01731973,3.321374777,1.43177117833333,2.762818398,2.423110765,1.762669195,2.680325058,2.10219440333333,1.73262362833333,1.470124817,2.27606483833333,2.7189146655,2.21937759,2.01215134333333,2.56006064066667,2.07674689666667,3.195981675,2.793376517,2.64811605833333,2.99639596266667,2.693880195,2.22152233,2.231660945,1.63598898833334,3.332019313,2.39570876933333,3.7230500727,2.81188944866666,2.115596912,2.97368214433333,2.9710916911,3.23431501433333,3.358411812,3.43723249946667,2.68391229,1.586131923,2.26937376166667,2.209841685,2.90995936833333,2.00703294133333,2.1604491211,1.84434606333333,3.069827942,3.4128860005,2.43037892833333,2.55750293233334,2.45431637133333,2.459610935,3.1142727445,1.81302840666667,2.02935533666667,2.451592388,2.014393672,2.02905271,3.001196213,2.84847157,2.55483667333334,2.28459566733334,1.92827131133333,3.15589180933333,2.85999712372667,2.7343262172,3.374071503,1.935776005,1.97545454,2.404427125,2.748938737,2.5921880985,2.38647439,1.909240999,2.9011537874,2.304577985,2.371237725,1.9759950276,1.839518887,2.62365706,2.140631395,2.57259486,2.50623664233334,2.443125025,2.655311525,3.2427547461,2.109693596,2.73662416,1.99572335633333,2.8431523,2.651370561,3.129040425,2.470302712,2.073985765,3.06281162,2.23941195,2.15733361,2.553685628,2.54674966,2.803047856,2.828479355,3.0819894341,2.889457117,1.906919415,3.19885246,2.372294348,2.65478245933333,1.86550055333333,2.693983816,3.075398398,2.470065482,3.135563018,2.06310121366667,2.427694642,2.64747503
2.742559156,2.105420681,3.8140669595,2.613584251,2.86254549,1.849904376,1e+20,1.8598267315,3.28679659933333,2.486795806,2.799177581,3.018966623,2.81926525766667,1.738256366,2.577005272,2.591433626,2.523602686,2.67146315633334,2.11934533,2.717500545,2.200460228,2.336171341,2.201259946,3.192081535,2.290704216,2.325215711,2.248089312,3.0342482005,3.308320966,1.642603089,1.938445374,2.951097949,3.065713406,1.747377599,2.388552541,2.163642377,1.890679707,2.136872116,2.61791430766666,3.504723096,4.011306873,2.63844152433333,3.114795238,2.836975721,2.396196019,3.096684168,2.816822316,2.007926501,1.814003133,2.845209771,3.5728435495,2.87314121,2.827084836,2.79474112466667,2.625292696,3.61411124433333,3.631056603,3.447730491,3.296066342,3.472387631,2.886487086,3.552185991,2.03595790433333,3.779957881,2.547772442,4.2224283969,3.329913228,3.160862268,3.558985315,3.8761598951,3.748868427,4.40360547,3.94363901826667,3.409889396,2.755703993,3.093534631,3.17545937766667,3.368526661,2.716266614,3.1107489297,2.847724006,3.797465456,3.8117578075,3.255411221,3.251371245,2.774352794,3.336763971,3.9767883915,2.145819326,2.651691366,2.962489738,2.30724224,2.632640896,3.755016729,3.855815986,3.626163146,3.32792707333334,2.60920963733334,4.327395132,3.23503439402,2.84983055453333,3.143841833,2.48783500433334,2.56319190933334,2.757043791,2.420935009,2.8752667145,2.96794874933333,2.157120583,2.7127555934,2.056649941,2.33829810766667,1.9559423536,2.02012846566667,2.584272216,2.486503891,2.614806116,2.57255137366667,2.765466216,2.75394432433334,3.1416823621,2.47743892666667,2.480071646,2.230365443,3.253007136,2.832339965,2.707414171,2.845197736,1.944128421,2.551826186,2.82045761266667,2.409982046,2.29248366133334,2.450799836,2.9995658,3.159615441,2.7803574481,2.80459877633334,2.434269521,2.831800776,2.307125857,2.26819628933333,2.430973076,2.584835878,2.620818938,2.251433712,2.933266308,2.905209673,2.422043394,3.210892586
1.9588197215,1.7847096165,2.760997629,1.5194651765,1.6375045935,1.8122808415,1.8598267315,1e+20,2.41864584483333,1.9801854815,2.1432962795,2.3016846375,1.73537230316667,1.3092610045,1.8990909075,2.0774187445,1.7539580845,2.27577542483333,2.4062201115,2.2999727275,1.6579339695,2.0256488445,1.1806782245,2.2763347105,1.8844463545,2.0456978295,2.3714810505,2.494407556,2.3835436245,1.9004895425,1.7531980015,2.0443675245,2.1741639045,1.8289043575,1.3993926195,2.3916698405,2.1161081255,2.2958704555,2.3948639585,2.2004366615,3.1547407185,1.9395095095,2.1016166655,1.7429306665,1.5949222365,2.2167394865,2.07502012783333,1.8076850465,2.1901909305,1.7778877195,3.000747907,2.2905170055,2.3449132315,2.7301890555,2.1483409745,2.56766640283333,3.3628361215,2.9486567065,2.86219321716667,2.4180058065,2.6732987015,2.5488601395,1.55087450283333,3.0315418285,2.5303083025,3.6533394882,2.8025769965,2.3315160945,2.78063626683333,3.3190438726,2.67958407416667,3.4726045535,3.9308414743,2.8832706045,1.9561469915,2.16572906283333,2.2347877795,2.5432794745,2.12062871583333,2.4726472996,2.2623696645,3.3812028605,3.934198622,2.4297457895,2.7746333875,2.8604084525,2.5621614895,3.606671166,1.9895030415,2.4862190015,2.0601557715,2.2541161275,2.4474063315,2.8314072075,2.3789377045,3.18971817783333,2.67459502883334,2.42636904583333,3.31849612416666,3.04862595152,3.2908068317,3.2466477085,2.7650103495,2.4589634045,2.9972407495,3.2512961165,3.428278443,2.9791056245,2.4519970645,2.8208546559,2.5321838595,2.28611294616667,3.0016173791,2.4049122485,3.2888711845,2.8938114665,2.9075578045,2.51551623783334,3.0373336095,3.4699306595,3.3780459606,2.7799217705,2.9552852545,2.08968920483333,3.4750496715,3.3214489265,3.5836631265,2.9943881165,2.1825631195,2.8835083445,2.39859272116667,2.8207750045,2.7522327135,2.9780760545,3.4373704905,3.4258296895,3.1820968396,3.76154405516667,2.4474841495,3.4998055445,2.4963662415,3.2093758315,2.6616354745,2.9582430715,3.4364599395,2.6051266725,3.4832395825,2.9217275985,2.6075313305,3.4330667545
1.71609717933333,2.829100395,2.0895931325,1.601511195,1.78863657133333,2.87796827,3.28679659933333,2.41864584483333,1e+20,2.50586319,2.369532645,2.12922898966667,2.22469853166667,2.80939714,1.830268256,2.16873605333333,2.60860911,2.64079757033333,2.921026404,2.064711949,2.169409768,2.67308261,2.51914024,1.323130359,2.84317653,2.553863155,2.794559362,1.98351301116667,2.16776649,2.56062090033333,2.80941068,1.913578855,1.05798816,3.098232547,2.294871575,2.909241149,2.58104607566667,3.03283545666667,2.284110621,1.24576004,2.234515637,2.466748535,1.69482850933333,1.900391845,2.311675775,1.48229259133333,2.16224997666667,2.19081594833333,3.023880937,1.746960535,2.62974577216667,3.26476384,2.46845609,3.034510414,2.82795137,2.232995825,2.53583763233333,2.759322405,2.62392856933333,1.97975288666667,2.79690962666667,2.080685945,2.36001578166667,2.32040751966667,3.018537476,2.1321375827,3.12311815533333,2.63883505666667,2.128208221,2.7835293311,2.39790345766667,2.46874751466667,3.06911831946667,2.12956774,2.359810448,2.46760899166667,1.62391414166667,3.08322711166667,2.46557110133333,2.63814935776667,2.68173584,2.637254452,3.30660672716667,2.275241115,2.83241503566667,2.979583358,1.85764431166667,2.71956317816666,2.67091621,2.64214517,3.169312908,3.21858252533333,2.55323161666667,2.34833194966667,2.10277382,2.85922360666667,2.744434534,2.90436125466667,2.53718708266667,2.8530880515,4.1644083724,4.581203073,3.913713285,3.78811549,4.38160296166667,4.35943379033333,4.0206026285,4.55792317,3.075488629,4.2924304174,4.157683775,4.014023295,3.64803598426667,3.27091513033333,4.60002106,4.077915225,4.19902379,3.49823917233333,4.307075895,4.599458265,5.0979207961,4.352869066,4.76545015,3.70175803966666,3.89027747,3.71530047033333,4.451832695,4.616791452,3.570374875,4.68588197333333,3.99579456,4.07748332333333,4.222427718,4.15851135333333,4.57097642266667,4.740398555,4.32920382443333,3.94887063033333,3.707556275,5.10455254,3.74403592,4.377402486,3.44368124,3.89270947933333,4.554125758,3.65908202733333,4.73690857133333,4.10491493366667,4.358740602,4.4143782
2.620538986,2.214619305,2.7366059675,2.159282515,2.094869528,1.32914867666667,2.486795806,1.9801854815,2.50586319,1e+20,2.480432295,2.778178763,2.073248975,1.83836945,1.478929406,1.96320665,1.99406468,1.57918934033333,2.56728411866667,2.400741289,2.281194138,2.871187495,2.01718671,2.568851053,2.63800772,1.890064205,2.714359452,2.9024977245,2.79470892,2.510598147,1.3682234,2.99788622366667,2.18423852,1.957264157,1.876618985,2.579849839,2.502658454,2.13853551,2.18601368766667,2.70747356,2.81958131033333,1.89716022833333,2.393475078,2.431702145,2.248604575,2.420946158,2.23256910333333,2.096866385,2.222400947,2.199295605,2.20428010883333,2.26487218,1.95088153,1.99456210066667,1.60742664,2.70755265833333,2.392180937,2.102813415,2.440173586,2.417437035,1.7906457,1.683579135,1.687950135,3.106120143,2.12994494,2.9600905827,2.740642242,2.023941186,3.11694823766667,2.1663555611,2.96201562366667,2.487781862,2.6174992028,2.07321889,1.740481668,1.862306465,2.22656549166667,2.682820635,1.760794018,1.8660823111,1.7881079,2.662056862,2.8597306505,1.793738545,2.263804949,2.920670578,2.164010945,2.4960976945,1.70152354,1.75658469,2.285019863,1.759627522,1.49455176,2.419422238,2.37060411,2.23990012,2.044307054,2.049996928,2.74646268933333,2.63536776706,3.0281421024,3.646686443,2.447051035,2.7401313,2.837918145,3.036632797,3.0518273985,3.0026075,2.603271469,3.7278170874,3.112442455,3.122028985,2.6245451276,2.788754667,3.24040901,2.823068105,3.08166772,2.977508099,2.904942185,3.323789305,3.6207131161,3.055120876,3.48049619,2.68845446633333,3.09787147,2.610588881,3.905371305,2.909694762,2.89454978833333,3.80218951,2.3945914,2.64322322,3.508084568,2.98234296,3.163228476,3.192843125,3.6815492341,3.402139607,2.525410165,3.66000292,3.197751578,3.253596016,2.15654109,3.363938736,3.552870038,3.050949354,3.335557798,2.655026057,3.299575272,3.02820234
2.120007181,2.79166976,3.2708343775,2.05422175,2.236791223,2.31853848166667,2.799177581,2.1432962795,2.369532645,2.480432295,1e+20,2.10577558133333,1.76135564666667,1.886478235,2.764294551,2.122907675,1.668673205,2.686499432,2.647983261,1.930271484,2.764640273,1.990016685,1.953734355,2.267559148,1.63876373833333,1.66281079,1.868493577,2.6001285195,1.50698757833333,2.58925022866667,2.190539835,1.94685280866667,2.517325665,2.360295202,1.94211171,2.746611994,2.793482509,3.038780345,2.48747601266666,2.321432655,3.655105242,2.29929919,2.169136103,1.80474323,1.84891952,2.431459443,2.096630495,2.6515972,1.939974452,1.60905797,3.2887314255,3.422341345,2.598419095,3.507400339,2.577196415,2.73894719,3.873799142,3.56091823,2.831218911,2.86264511,3.425932275,2.91990827,1.84629876333333,3.610922558,2.136759625,4.0425187177,2.544397267,2.518488015,2.629587806,3.5905648361,2.835649426,3.964878417,4.7826337178,3.322725835,2.546134068,2.35811888,1.60572409666667,3.03795196,2.456020933,3.1890643461,2.250065845,3.096736187,3.6582781055,2.70024132,3.41479327400001,3.499386353,2.61657753,4.5204703565,2.732459385,2.838499025,3.309384063,2.889381241,3.271728095,2.961361128,2.751097585,3.494646605,3.460081439,3.120803053,3.887401027,3.19032007106,3.75385326886667,4.195550388,2.26362986666667,2.65926823833334,2.86597531,3.66552615866667,3.3704243035,2.951682695,3.368851774,3.4501396224,2.5936464,2.77875887,3.0584330026,3.06837161866667,2.913052525,2.84468434,3.187374001,3.72894011066667,2.943440605,3.09551018,3.4115528111,2.42543492766667,2.815427505,2.924643698,3.894285955,3.075103326,3.86432553,2.55949966033334,2.65682330333333,3.521222925,3.090817845,2.616993195,3.437776563,3.054096825,3.180737571,3.17065545,4.3212502191,3.455843622,2.26320867,3.782622095,3.377055024,3.638933001,2.765912355,3.938373401,3.771794763,3.402811097,3.287451933,3.301061642,2.831940347,3.23008808833333
2.16435536633333,2.835346228,2.7083509465,2.108534208,1.866880215,2.800908433,3.018966623,2.3016846375,2.12922898966667,2.778178763,2.10577558133333,1e+20,1.951521058,2.544698183,2.312240569,2.19875681633333,2.75519331966667,3.03714024,2.970936729,2.616643972,1.998169235,2.97123345633333,2.479328583,2.228793436,2.52556006633333,1.90940200133333,2.59535293366667,2.7594277275,1.94691266633333,2.562704754,2.733713517,2.21167219666667,2.383971543,2.60346648,2.02926062133334,2.279042022,2.16707348366667,2.697409887,2.906714518,2.081752263,3.454056814,2.564494648,1.569325981,1.837018008,2.605592152,2.238099821,2.06097482633333,1.70428372,2.98044243,1.916882248,3.12865646916667,3.379373283,2.513356173,3.221427671,3.21337526633333,2.58308589133333,3.53800995333333,3.658202348,3.15576110566667,2.85344608466666,3.415043003,2.833428618,2.613183398,3.22225090266666,2.653624571,3.7467793139,2.88054758833333,2.50441187966667,2.622339384,3.7150690941,2.610555544,3.623784287,4.11142977726667,2.817775373,2.964563571,2.02707855133333,1.921679488,2.60542297466667,2.771182811,2.7408122067,3.08121761633333,3.280231425,3.99438300016667,2.735156638,2.850625898,3.38867128766667,2.511326328,3.6548839015,2.82274309966667,3.10451359966667,2.95776198933333,3.297591395,3.226277093,2.960417991,2.84062926966667,3.543611603,3.324467737,2.56405001433333,3.57076811233333,3.25282150554,3.90868534686667,4.28091064266667,2.87614195466667,3.16265400633334,3.326180268,4.108949034,3.77987016816667,3.38109981966667,3.36684181933333,3.0590626004,3.103389618,3.116309688,3.5995338106,2.84515522,3.524113293,3.322466698,3.65371822766667,3.18861840933334,3.463519458,3.641656508,3.8298866191,3.084245229,3.445062993,2.96109266933333,4.28495593966667,3.61832821066667,4.229344498,3.200360555,2.92988149133333,3.659954143,3.50651972966667,3.30914178966667,3.521513961,3.50517547633334,3.61553518566667,3.598232308,3.3875960011,4.07244016,2.83683712133334,4.079964403,2.99758177066667,3.98140643633333,3.43789662966667,3.59320769566667,4.184698541,3.50335691233333,3.66666162766667,3.68807873666667,3.403398365,3.51701046966667
2.029109441,2.52551251333333,2.7123543125,1.51023492666667,1.66330354966667,2.28638589166667,2.81926525766667,1.73537230316667,2.22469853166667,2.073248975,1.76135564666667,1.951521058,1e+20,1.703754015,1.794789521,1.91628428166667,2.272274655,2.49738179533333,2.66721473033334,1.725924604,2.26601182966667,2.335661965,1.593870125,2.22308816466667,2.47067467166667,1.95670956333333,2.295621587,2.63720135616667,1.915207055,2.34957886866667,2.12231589833333,2.065059942,2.239281145,2.24873005866667,1.32020367666667,2.46622069066667,1.97239445233333,2.514081715,2.64116307866666,2.072535555,3.328629002,2.18814630666667,1.544907731,1.51717561666667,1.91510384333333,1.964673843,1.434584545,1.80188408666667,2.63016226866667,1.46743604666667,3.25040571716667,3.100332415,2.23862126166667,2.920946899,2.995595955,2.29916574,3.622693002,3.56878516333333,2.85336446766667,2.40194603,3.212823755,2.81325809,2.29304560333333,2.804375678,2.49293666566667,3.7396996377,2.67687516033333,2.19543534433333,2.32676428266667,3.6516590561,2.186957346,3.579303597,4.0881610178,3.068775055,2.29693877966667,1.78672305333333,1.88575768666667,2.608277955,2.16712184633333,2.5519725687,2.79963667833333,3.306356207,3.93627594216667,2.63746597,2.396136934,3.204731853,2.34008668666667,3.4481045695,2.295061435,2.83514417166667,2.764670383,3.012771421,2.818116375,2.607798753,2.504730585,3.363862245,2.810212839,2.17715403633333,3.334302241,3.27024948168667,3.9060122822,4.07499411466667,2.77181204666667,3.13628077833333,3.2584955,4.00931258866667,3.87092092016667,3.14623749166667,3.236890998,3.3404945924,3.11839438,2.95318775,3.25834020926667,2.88470315866667,3.41679729166667,3.28981592,3.603934565,3.018765934,3.46294604,3.84807255333333,3.5653333311,3.164538341,3.169022625,2.470975378,4.538027275,3.80314296266667,4.07777488666667,2.99959977366667,2.86884769333333,3.499798325,3.00287725166667,3.221268675,3.068755233,3.306800665,3.44452473766667,3.63193625,3.2968410791,4.04841195866667,2.47820493666667,3.807136175,3.06058097633333,3.56619344433333,2.89557340166667,3.362851391,3.86949843966667,3.278915857,3.72303050966667,3.55559151866667,3.221690547,3.759971495
2.707687276,2.044889285,3.3838878275,1.733580395,2.351534198,1.28239837,1.738256366,1.3092610045,2.80939714,1.83836945,1.886478235,2.544698183,1.703754015,1e+20,1.846719516,2.00199284,1.32713072,2.255257177,2.486032666,2.438843619,1.78351694133333,2.04625989,1.31403238333333,2.762404723,1.83485124333334,1.627014065,2.222071182,2.8729262545,2.22680044,1.89583221033333,1.56181311,2.50706139366667,2.75023711,1.450891147,1.582351175,2.147967619,1.571897479,2.3792532,2.604245611,2.66530879,3.861050477,2.299035805,2.601626658,2.397679145,1.286264275,2.643207868,2.16679023,2.000078345,2.130016357,1.724677665,3.1150566055,2.7235035,2.16724045,2.926247074,2.33765221,3.113726945,3.492646417,3.337080845,3.044487856,2.895167645,2.74253675,2.894926725,1.78080115833333,3.495021713,2.7552005,4.3535700327,2.873529822,2.343415886,2.83613931433333,3.6130830711,3.127606101,4.018943472,4.15785933426667,3.20116107,2.064386723,2.428345885,2.47120627166667,3.04370863,2.564742918,2.6319454411,2.5993016,3.383201302,4.0771832005,2.653560435,2.636473759,2.850556508,2.748280395,3.7192155045,2.01536029,2.55304768,2.364127338,2.480427852,2.70575619,3.203418323,3.08033298,3.04976272,2.884123734,2.237115688,3.843050696,3.27438614706,2.9885988172,3.419464313,2.03837594833333,2.37318782333333,2.446614225,3.01246732366667,3.1409437585,2.49348465333333,2.579526869,2.6565752974,1.816974335,1.784333455,2.5183261276,2.336230847,2.74587449,2.287016955,2.53048375,2.86354629233334,2.5172456,2.772545355,3.0161910661,2.323125166,2.57468282,2.079758393,3.46198088,3.081668231,3.271944565,2.376058402,1.83656993833333,2.73464468,2.53899960666667,2.14812337,2.46770700133333,2.32048211,2.836065186,2.960956635,3.2632314141,3.532052427,1.781831895,2.91720534,2.514669638,3.151184326,2.39878034,3.198755966,2.987610408,2.456632662,3.123143288,2.466503647,2.041350532,2.79509198
2.440706552,2.400798681,2.1610185285,1.683112571,1.921289514,1.724512466,2.577005272,1.8990909075,1.830268256,1.478929406,2.764294551,2.312240569,1.794789521,1.846719516,1e+20,1.657182256,2.178961966,1.95810296633333,2.73105415466667,2.465555935,1.910323494,2.366232966,1.853809216,1.837324999,2.704039626,2.124771451,2.651284286,2.3999328005,2.458514116,2.36626444433333,1.766372084,2.42247079966667,1.713808236,1.881288549,1.881589941,2.152624853,1.627830373,2.161389986,2.317566355,2.093492726,2.626517913,1.964534631,1.640985214,2.073162491,2.150624931,2.214060544,1.808341826,1.936906269,2.317381991,1.806805411,2.5498083415,2.260746994,1.890334976,2.02693571666667,1.943602866,2.49450475766667,2.184955291,2.240838821,2.401546702,1.935749076,2.033616796,1.884161611,1.93810450433334,2.473830137,2.529824716,2.8672980167,3.101818468,2.216789816,2.438686105,2.4787868651,2.645955987,2.662170522,2.5458185968,2.110626066,1.576790472,1.94227232433333,2.23679338766667,2.758407281,2.04907634066667,2.2230954371,2.313277456,2.263396376,2.6104411345,1.965968691,2.237377077,2.729994694,1.872589871,2.3916822055,2.071027336,1.966367486,2.640604319,2.152857018,1.713693636,2.404529874,2.484694866,2.527321186,2.31450637666667,2.169993824,2.39539040533333,2.43837248106,3.1141437464,3.888030919,3.022983921,3.164412926,3.085628181,3.233726483,2.8412059875,3.561915106,2.777683105,3.6152017634,3.275860881,3.147691339,2.7064594936,2.46957299433333,3.594005046,2.908612119,3.388316516,3.020224445,3.474543851,3.298550109,4.0773105601,3.18775173,3.669474766,2.974803029,2.880328866,3.256106027,3.711973361,3.398843136,2.915516201,3.984659416,2.884577166,2.903287336,3.217483722,3.100428256,3.3521692,3.584530399,3.1152043381,3.244265881,2.802936291,4.052699836,3.170460284,3.07742222333333,2.595386416,3.09128843866667,3.675362004,3.175286158,3.962634784,2.714654221,3.342907686,3.318956576
2.454377646,2.169263415,2.5437649475,1.994447225,1.718058768,1.76193518333333,2.591433626,2.0774187445,2.16873605333333,1.96320665,2.122907675,2.19875681633333,1.91628428166667,2.00199284,1.657182256,1e+20,1.99174325,1.899663897,2.45208571866667,1.352057089,1.426188728,1.73346727,1.84968088,1.974544933,2.04484085,1.747301415,1.922375522,2.3745442045,2.44332025,2.537959917,1.78391134,2.508044315,2.14322766,1.706275877,1.905883415,1.932222429,1.848627394,2.23524953,2.37613800766667,2.18468766,2.838334097,1.619939745,2.185761568,2.187042955,1.919079535,2.435449028,1.35991838,1.873662735,1.949963077,1.654426055,2.9095269055,2.98697162,2.10464241,2.64662372066667,2.44956610333333,2.864891995,2.709810997,2.870695785,2.206026636,2.298388365,2.20384013,2.616619465,2.31401831166667,2.899270693,1.814134396,3.5559425327,2.754359452,1.64663647,2.475093041,2.9921965111,2.722562321,2.999231472,3.76769343426667,2.31960553,2.323092633,1.827039415,2.35962287166667,2.968588075,1.994788558,1.9108632611,2.39920842,2.656409062,3.3875233405,2.175998625,2.423282649,3.059749948,2.288984615,3.3536378645,2.60029778,2.59182886,3.082782953,2.552376056,2.35854343,2.496385623,2.71140574,2.29494703333333,2.586820654,2.327918268,2.756784196,2.95196028706,3.3518200572,3.761486813,2.527861825,2.69616499,2.670339505,3.242732917,3.4636744595,3.05344655,2.698546329,3.3903032974,2.654092065,2.44235734166667,2.7527082476,2.664935047,3.14159797,2.685244055,3.05054423,3.23723557233333,2.753688495,3.331553485,3.6002797961,2.515909686,3.23738353,2.824831003,3.70812198,3.209979341,3.791145415,3.083670112,2.55291806833334,3.36259779,2.54465634666667,2.64484236,2.891865318,2.9380887,3.303052456,3.328483955,3.5499459711,3.761809517,2.36766070833333,3.3365919,3.108933608,3.37808483933333,2.66874028,3.550413926,3.459728498,3.181243412,3.631414418,2.890908867,2.770500402,3.16746001333333
2.859476916,2.110653705,3.1292934675,2.014317045,2.522290178,1.68973401,2.523602686,1.7539580845,2.60860911,1.99406468,1.668673205,2.75519331966667,2.272274655,1.32713072,2.178961966,1.99174325,1e+20,2.162952377,2.61918620866667,2.139811199,2.444443288,2.125439055,1.91267299,2.561206563,1.53206454,1.886675805,2.133017522,2.7170904645,2.22061544666667,2.37560039033333,1.94665184,2.35161569366667,2.90750227,1.816648167,1.917712895,2.566354449,2.265841514,2.31522318,2.35361251433333,2.84249754,3.720701997,2.337451935,3.048158298,2.232957185,1.866830285,2.720640898,2.04592971,2.713289665,2.110979957,2.041034085,2.9753554205,2.84626633,2.10334731,2.926717554,2.3100924,2.974640315,3.364531719,3.306629505,2.634581256,2.782530605,2.92749738,2.685185085,1.73721052166667,3.698818133,2.425934896,4.1565665127,2.604513212,2.11207146,2.40648486433333,3.3361084511,2.920412781,3.743738852,4.2273363928,2.74033145,2.053436903,2.841042475,2.08444756166667,3.191315105,2.194904758,2.6052036411,1.92337064,3.010581562,3.6948117105,2.618262065,3.222744499,3.108919228,2.400333825,3.9652643845,2.42107246,2.19634019,2.236629768,2.456469474,2.87439164,2.994356043,3.22691204,3.23483588,2.897994874,2.782669928,3.934611876,2.90728445706,3.03224777386667,3.268018173,2.088287535,2.18964242,2.413440125,3.343334147,2.9076144085,2.57816775666667,2.704932639,3.1815201174,2.059531305,2.150998405,2.8429611376,2.59083368033333,2.77291284,2.302737775,2.463680566,3.17540574233333,2.483768085,2.737769435,3.0949990361,2.069044016,2.75312778,2.219751083,3.5230813,2.873336141,3.449437115,2.607211982,2.24201925833333,2.75979451,2.34928361,2.27955146,2.766164888,2.57639263,2.847553906,3.070565365,3.4463686241,3.518295567,1.95708622166667,3.01507316,2.962133808,3.184331956,2.59489642,3.205870436,2.997724208,2.663997662,3.183657158,2.782748307,2.156743062,2.41777501
2.81770002566667,1.748807532,1.8564674305,2.369591832,1.860980731,2.050630657,2.67146315633334,2.27577542483333,2.64079757033333,1.57918934033333,2.686499432,3.03714024,2.49738179533333,2.255257177,1.95810296633333,1.899663897,2.162952377,1e+20,1.678774677,2.359183652,2.23041026833333,2.418362922,2.421707997,2.46388176933333,2.626395007,2.079499412,2.550924865,2.58852330083333,2.707819687,2.80439107733333,2.374710657,2.72216647666667,2.467704697,2.193878974,2.430041972,2.384063266,2.050621226,2.31702173033333,2.07017624133333,2.402217783,2.1814231,1.767658462,2.45707786433333,2.872124422,2.077797038,2.51283294833333,1.924692863,2.53611902533333,2.20101766933333,2.431260242,2.0677854885,2.530304437,2.088782187,2.38990244766667,2.18897765366667,2.59795650866667,2.86902406733333,2.374250122,2.135083879,1.94851737533333,2.253315117,1.86307301866667,2.115051892,2.822574836,2.26546497033334,3.0683151297,2.546703485,2.36141614033333,3.03692709133334,2.2517500741,3.03603599333333,2.395279679,3.1482222698,2.206689297,2.07263973,2.32511730866667,2.89594834866666,3.22556783866667,1.28748498766667,2.11505572736667,1.94459899033333,2.22703245833333,2.4909918135,2.18445177866667,2.35767264533334,3.15045758166667,2.156020772,3.1663057815,2.050605677,1.80674124033333,2.41691095666667,2.05566766233334,1.97158383366667,1.99037039566667,2.30969710366667,2.32979971033333,2.230221977,2.02412953566666,2.49729954566667,2.26621966487333,3.1607634294,3.39835717,3.109085352,2.880344147,3.099602132,3.11527914066667,2.90226519316667,3.48966935366667,2.60143898933333,4.1112926444,3.370301752,3.379609158,2.7925473646,3.02463912733333,3.272715107,2.860132862,3.45167378966667,3.171449336,3.230720417,3.18158835866667,3.9459371331,3.147819063,3.816978167,2.99554731,3.084564217,2.855097918,3.748927852,3.582943649,2.996263122,3.82603524366667,2.94516819033334,2.52781286366667,3.550611235,2.897748097,3.196644173,3.49293911533333,3.70409661443334,3.252690294,3.016441342,3.875482347,3.771269457,3.40950007633333,2.559916697,3.33639827633333,3.358469955,2.89023807766667,3.24529518166667,2.93510257066667,3.312535569,3.07705995033333
2.74589247266667,1.569005751,2.63458477116667,2.44297347633333,2.14539407266667,1.95316854133333,2.11934533,2.4062201115,2.921026404,2.56728411866667,2.647983261,2.970936729,2.66721473033334,2.486032666,2.73105415466667,2.45208571866667,2.61918620866667,1.678774677,1e+20,2.38709388966667,2.54963546333333,2.92595622866667,2.93142786933333,2.28161533966667,3.09990362266666,2.41594150766667,2.512708074,2.00046460716667,2.761136996,2.15892975633333,2.112678942,2.24376021433333,2.88316670866667,2.48074669566667,2.550647431,2.617501381,2.17895825533333,2.372130846,1.99569117433333,2.77305536866667,2.810207201,2.12349022633333,2.77958369066667,2.67556831366667,2.319345905,2.57243967466667,2.27403383866667,2.380879241,2.248405735,2.49273014366667,2.7357914445,2.9510331,2.71019591866667,3.05053656266667,2.62907252533333,3.199273499,3.113143433,2.677469119,2.65390500266667,2.896523569,2.98993436866667,2.748567459,2.25907515366667,2.85112264166667,2.64740570466667,3.3860676847,2.513398932,2.80866936066667,3.136808801,3.0676335431,2.961008099,3.396070262,3.98491364826667,3.07278697866666,2.55320548933333,2.370969429,3.117211999,3.30183080366667,1.983713204,2.72718973176667,2.421321504,2.654963384,3.13846267483333,2.927942199,2.844459427,3.41757618933333,2.581386629,3.9048417655,2.313374594,2.429895044,2.90026928566667,2.20041205866667,2.52183987866667,3.017452166,2.703721484,3.21727122066667,2.7051984,2.303897912,3.176443788,2.53250932716666,3.80341747373333,3.35313547833333,3.277732731,3.21223486933333,3.683677591,3.751311741,3.43388114983333,3.88333821866666,2.60245236433333,3.8185836714,3.600085211,3.41324546433333,3.02835832693333,2.84162961833333,3.538968356,3.227740001,3.750507494,3.19290194766667,3.848222406,3.220172141,3.9601407101,3.25496709,3.777164176,2.65343845633333,3.720722656,2.91148244033333,3.811073401,3.70369415133333,3.081481711,3.879897886,2.97800758866667,3.03479181133333,3.25267095466667,3.603204776,3.93260559733333,3.917870441,3.9439075681,3.34909417833333,3.184877471,4.161133176,3.28510524133333,3.428870168,2.96247684133333,2.75384695333333,3.72779433333333,2.69270601,3.475543274,3.711235383,3.361315766,3.32997996133333
2.037059761,2.675183444,2.4735394605,2.049496504,1.887198665,2.345250949,2.717500545,2.2999727275,2.064711949,2.400741289,1.930271484,2.616643972,1.725924604,2.438843619,2.465555935,1.352057089,2.139811199,2.359183652,2.38709388966667,1e+20,1.927269917,1.663156489,1.964926039,1.871355354,1.862770529,2.237938334,1.533658593,2.1718625455,2.379369559,2.938170306,2.237291339,2.19108527466667,2.248637839,2.607833386,1.965998724,2.484539128,2.680602493,2.868266929,2.31967982,1.996669771,2.824758992,2.113247524,2.522168205,2.049707854,1.876589398,2.608650757,1.382893209,2.802710666,1.674028826,1.734239014,2.7185309345,3.597008533,2.311608249,2.89660278166667,2.685777969,2.747213944,3.319781036,3.052096714,2.001052803,2.414352324,3.014065559,2.606224564,2.04257388733333,3.082885704,1.960968605,3.0810000737,2.708768467,2.237010175,2.53526491,3.0097008681,2.597015372,2.919927347,4.2370588318,2.594822029,2.443503327,2.433507974,2.25093518066667,3.223774949,2.219740291,2.3079724447,2.556119869,2.473257143,3.4786658695,2.021298174,2.790596952,3.499486677,2.464013164,3.7890693905,2.859415369,2.662057259,3.063264151,2.814085283,2.522819549,2.528075286,2.652476499,3.067348979,3.111867533,2.983427241,3.138401107,2.65849613406,3.9462073162,4.322680772,2.86553345066667,3.036599719,3.164455634,3.640652596,3.8926668075,3.243343739,3.493369878,3.8361209584,3.067654044,2.901309144,3.3622446966,3.446086456,3.479951569,3.125700114,3.440021119,3.70099142133333,3.224149554,3.753591904,3.9707221551,3.201109355,3.656815899,3.468539026,4.243311149,3.88908109,4.262069964,3.505820501,2.92807114733333,3.699050009,2.868825109,3.031778179,3.724479787,3.384118229,3.678739805,3.664636924,4.1339569721,4.113971806,2.804639754,3.876824269,3.805196707,3.962637495,2.985890529,3.982965205,4.092645147,3.888831771,3.847157067,3.273240326,3.327424781,3.75229072233333
