1e+20,3.49299976,3.307767962,3.252025246,3.282688495,3.84455029,3.984168665,2.491094261,2.38311355,3.10393997,1.91708965,2.907747975,2.35069988,3.559947806,3.354113702,3.961688116,2.981607476,3.843435239,3.408317261,2.187012317,3.949312889,3.287984396,2.606282236,2.488304665,3.385141226,3.131633016,2.977935388,3.952570155,3.44391164,3.311584968,2.879152465,3.139702993,2.12724117,4.244683913,2.7682649,4.213142285,4.615256745,4.5512326,3.377179354,3.173065377,3.417992791,3.084087646,2.987146354,2.876818816,4.131065399,2.597123455,2.77439725,3.321715265,3.745822666,3.12929301,4.382242489,3.967121621,2.80690318,3.419355859,3.505894226,2.70601298,3.243206018,3.997051646,3.637929521,3.597900496,3.242796166,2.774493126,2.344591646,2.971542498,4.066640326,2.9618335458,4.212209738,3.455456046,4.352640322,3.9137854271,2.875475073,2.818462984,4.5167382889,3.03151185,3.129208366,2.53687449,2.651147806,4.32246076,3.287894981,2.7491677822,3.367021956,4.304428393,3.892930139,3.269639846,3.177598541,5.150360559,3.896203806,3.809476042,3.406344846,3.631096966,3.808717216,4.106890906,3.02187623,3.526625983,2.2464833,4.0208349,3.370844542,3.725636244,3.59808387,4.16484542078,5.7751750364,5.780469044,4.461696506,5.839632736,4.74886774,5.745893034,5.450489283,5.562135846,5.027677698,6.2050165796,5.06983909,6.089840116,6.0819608778,5.416517499,4.83662697,5.435503191,5.805234816,5.250001372,5.939335526,6.12695968,5.4487668221,5.667738888,5.444085216,4.475430466,6.4184205,5.336754908,7.186140142,5.557087628,4.86640207,5.770898516,5.41857163,5.209388966,6.565542129,5.653707216,6.032710397,5.933659811,6.6146912302,6.121297172,4.723168606,6.21713714,4.509646935,5.804817684,5.112247916,5.12789724,6.222321384,5.005924676,6.079222184,5.624369673,5.483053638,5.886577936
3.49299976,1e+20,3.343038282,3.08839676,3.401631566,2.79101849,3.531591922,2.298739623,2.85424746,3.38959861,3.33812614,3.393546066,3.18303366,3.45081998,2.943139882,3.33469108,2.77881476,2.662610094,2.30799182,3.364675459,3.251878416,2.943737,2.50098185,3.240881158,3.2487534,2.91317739,3.433872334,4.063726566,3.11617573,2.867016473,3.04480486,3.450002859,2.94393847,3.262440644,2.99200447,3.569117279,3.012557727,3.16115298,3.195029558,3.595816255,3.736763692,2.30081021,2.992748552,3.09000954,3.974816397,2.845606806,3.45155947,3.524659335,3.857045468,2.57247762,4.407939313,3.468241078,3.17636858,3.342656098,2.65767167,3.17493796,2.829201436,3.8004709,3.871379311,3.81279535,2.95631965,3.25585124,2.88608687,3.908985411,3.97952436,4.2726306108,3.462619131,3.7183591,4.779284284,3.6130345111,3.367061873,3.495415272,5.0828083589,3.68650387,2.994297256,2.85418909,3.93090929,3.76853175,2.518086066,4.0208090274,3.42603357,4.999404698,4.827061832,3.30079523,3.708806613,4.167816283,3.73303744,4.030668506,3.53331113,3.4942646,3.266523316,3.624866904,2.79339214,3.950333113,3.07054902,3.64117285,3.068259628,3.282650056,3.815092334,4.24547116656,4.2710171096,3.336485168,3.14905926,3.86882022,2.89590531,4.269989168,3.475310138,4.03234292,3.263984856,3.7817489074,3.25209829,3.85381408,4.4408489826,4.186392644,3.7209727,3.621369905,3.91348163,3.840986379,3.91092313,3.31664902,4.4799533222,3.611631352,4.26880596,3.414219026,4.41488504,4.194474674,3.83627409,4.093155762,3.6485587,4.10523848,4.51297656,2.74067909,4.647054581,3.61491806,4.420969861,4.07675627,5.4818853246,3.897850102,3.53310596,4.82587248,4.290311968,4.790513139,4.00625208,4.289196574,4.084144316,3.805292326,4.718263138,4.818626887,3.660915194,4.12612768
3.307767962,3.343038282,1e+20,3.073829487,2.633025051,3.23205568,4.068711124,2.774870293,2.725798814,3.48435468,3.499032742,3.083170714,2.858417002,3.168272952,3.752515072,3.530337162,3.17534759,2.876128344,3.712253936,3.065855127,3.446438222,2.896515675,3.269487702,3.167607257,3.261123972,4.2573481,2.830615951,3.039365915,3.452648777,3.368402375,4.128067904,3.29845507,2.85233618,4.151612448,3.734884406,4.674822301,4.053483819,3.738588235,2.942765335,3.209827287,1.780817119,2.790520062,3.417957713,2.95599801,2.560424045,3.082490227,3.118772704,3.758135449,3.722311407,3.147728592,4.538621435,4.303583261,3.434110412,4.170837098,3.993786942,3.148632412,3.706683093,3.808565182,3.674172663,3.056271542,4.008198032,3.719796132,3.39504443,4.193435565,4.787760892,3.9170413018,3.635956128,3.322248518,4.593453866,3.0510221731,3.995934737,3.071992178,4.8760385089,3.63928038,3.872172958,3.696592862,3.69542676,5.04223522,3.11296345,4.1005166188,4.125255353,4.183792814,4.493558048,3.700765622,3.936711837,4.739351257,3.73498244,4.564583886,4.58079739,4.003189607,4.397872431,3.829591845,3.875726952,3.434114091,4.048009895,4.302812982,3.689182902,4.67659113,3.536316129,4.70558442956,4.5930077966,4.566344881,4.788366242,4.731237795,4.615544702,4.566503969,4.972833401,5.080505262,3.999617983,5.2570792518,4.548652782,4.756144499,4.5643149492,4.166315875,4.664927,4.648406489,5.380902207,4.83502318,4.890047232,5.119007582,5.5351708061,4.132144774,5.8057215,4.478625519,5.001673206,4.304972856,5.113587154,5.199544958,4.756942365,4.990738795,4.936872975,4.224262082,5.437297343,4.772838482,5.100281513,5.318776607,6.3373137146,4.731794241,4.024968092,5.516071692,5.672970694,5.234432305,4.9243843,5.323382721,5.31753752,4.553293071,4.877458485,4.879541744,5.228056769,4.608691562
3.252025246,3.08839676,3.073829487,1e+20,2.794756969,3.09129441,3.242385962,2.258259446,2.33589849,3.69359619,2.56527405,3.242576539,2.52411221,2.04678593,3.083099528,3.17571006,2.08684783,2.997035808,3.44455966,3.037098558,2.605324606,2.59257613,2.01918461,2.839699341,2.67852175,3.32872701,2.583309799,2.802943863,2.58448186,3.071496374,3.347789055,2.527302549,2.14475603,3.923015888,2.56983884,4.326262189,3.530871729,3.51309089,2.721238238,3.03641419,3.005678469,2.96794415,2.840763912,2.33049741,2.562259292,3.042684523,3.0257411,3.65099863,2.795445724,2.61198767,4.555315601,4.466312635,2.43249084,4.324759548,3.00290253,2.55996013,3.099467376,3.70001756,3.708787832,2.83291942,3.78136835,2.93588974,2.62844773,3.110237529,3.74318196,3.2951642708,4.206650589,3.4169135,3.084849646,2.8922188821,3.304422719,3.281404634,5.2589168889,3.34433405,3.428985598,3.18362166,2.53448463,3.77613638,3.161271992,3.4517156848,2.91961509,4.128105897,4.560727012,2.96715754,3.566245135,4.598463213,2.47716614,3.810073156,3.09043832,2.71321911,3.513881728,4.103250254,3.84157742,3.543763376,3.02201426,3.78456159,3.687268176,3.752886332,3.712255574,4.23766947656,5.9135772296,4.931653346,4.17956514,4.41798291,4.36287662,5.292706272,4.389077569,4.82696245,4.238310276,5.0163217874,3.8737485,3.83497136,4.8490995326,4.327320191,4.46561334,4.643816345,5.08929792,4.970063127,5.04685424,4.59966824,5.7087290061,4.187938964,4.49891054,4.166618098,5.67836904,4.708234884,4.75373999,4.575138546,4.29377088,5.03389495,4.86255121,4.17768917,4.660853297,4.40088266,4.648127811,4.962814295,6.0848551376,4.559915722,3.91409199,5.43761626,4.357919249,5.559671442,4.01816381,4.625172778,5.523085486,4.380130138,5.177113398,5.009918987,4.325540048,5.0142614
3.282688495,3.401631566,2.633025051,2.794756969,1e+20,2.831355862,3.586973091,2.885297428,3.214944213,3.310639885,2.896579685,3.305145387,2.521235825,2.790671403,3.038344133,2.612377246,3.223340903,2.711529599,3.141598603,2.98324462,3.161249184,3.867033059,3.153092353,2.625274272,3.618638179,3.133968133,2.934420512,3.336265513,3.295789032,3.258451668,3.243018622,3.251004049,3.027657342,3.479539555,3.288859013,4.018626186,3.346225198,3.025007009,3.644713254,2.376316471,1.863077666,2.952017806,2.417886579,2.666164803,3.176460758,2.51445225,3.122500665,2.90199349,3.416532291,3.163041383,4.901595712,3.965978315,3.533496553,3.476933359,4.153755883,3.577254406,4.401824381,4.276514363,4.381640138,3.566969616,3.578441663,4.078333049,3.194727793,4.376171517,4.003065619,4.5533323538,4.717823449,3.444957556,4.887520529,3.6718584391,3.974898012,3.217240576,5.3451611619,3.935979866,3.863949851,3.361757799,3.590469403,5.005229493,2.942037731,3.2675297598,3.828664039,4.982012534,4.712435697,3.699267563,3.457184244,4.908684796,3.702274975,4.239152309,3.910369123,4.218990149,4.097751504,4.12238289,3.845643552,3.52060949,3.72475512,3.823855729,3.829995263,3.955484063,3.345671701,4.47327483956,4.6933180446,4.689878024,3.96876525,4.043154229,4.194599573,3.630123808,4.52727094,4.911749793,3.565567882,5.0890351698,4.134157399,3.881481809,4.1272973292,3.34214405,4.101757973,4.138470466,4.543732979,4.490669863,4.423267779,3.577033936,5.2079482991,3.242131327,4.774513643,3.478234694,5.369910753,4.525974397,4.690218865,4.181692932,3.760442789,4.561394189,4.547873129,3.315057149,3.980942583,3.759682189,4.649205494,4.217041926,5.0885014926,4.224094561,3.605794433,4.710166109,4.858282343,4.429135596,4.250069893,4.130526027,4.60820921,3.03024007,4.47615579,4.290372153,3.597019619,4.312616059
3.84455029,2.79101849,3.23205568,3.09129441,2.831355862,1e+20,2.885141022,3.089145293,3.73266053,1.48719031,3.2198668,2.231634416,2.42859759,1.64116647,2.446332802,2.08390482,3.26804282,2.453676837,2.73838913,3.753145668,2.461312823,4.30915501,3.12147139,3.696668801,2.58521393,2.65951216,4.136402062,4.543148583,3.27955994,2.610828263,2.34453983,4.735174229,3.3225593,2.563364024,2.85912909,3.638543499,3.010838179,1.96749101,4.138212108,3.671723595,3.773722152,2.69577098,2.521047272,2.02634289,2.585353117,3.857775633,2.99990147,2.601529371,3.028849996,2.74581848,5.004608021,3.251317805,3.35618562,3.162821979,3.11739573,3.87975443,3.456111886,3.19133518,4.959764161,3.76049402,3.65894399,3.22969959,2.85882648,3.686277571,4.06787776,3.5882236008,4.113012982,3.31222908,5.646012402,3.5404433011,3.704102869,3.842689672,3.5865681289,3.8345128,3.506860976,2.70006595,4.02815986,4.28143926,3.033924393,3.2799096748,3.770567,5.601956817,5.549037787,3.61387245,3.022024115,3.793492093,3.93695841,2.896351626,3.31275106,3.29600583,3.055164318,2.661058134,2.5854246,3.778614773,3.8851177,3.32542976,3.092978184,3.438665068,3.609898964,5.26189919656,3.4745648896,4.286630378,2.10605549,2.47436065,2.81741287,3.456526972,2.703480428,3.2580536,2.647305316,4.2486225874,2.55265882,3.566686175,3.0812128452,2.824663074,2.70055915,3.490244045,3.56733676,3.969421109,2.79976447,2.74625601,3.4236252761,2.337664346,3.5673744,2.911057076,3.93225751,2.773341624,4.06971362,2.829902564,2.76305526,3.29867185,3.57421119,2.46825829,3.579666263,3.21665885,3.579183411,3.251572255,5.2328465376,3.046684222,2.08695236,4.04394512,3.396504129,3.461826119,3.48238492,3.853644044,4.077774753,2.988633436,3.451131268,2.976755607,2.876325837,3.05125434
3.984168665,3.531591922,4.068711124,3.242385962,3.586973091,2.885141022,1e+20,3.111845787,4.128640913,2.934486442,3.634894631,2.636584458,3.097210352,2.319685302,2.283915744,2.870403042,3.201863522,3.209183469,3.18806855,3.551372871,3.395914733,4.169025512,3.624304071,4.291547839,2.891691442,3.602653542,3.252653738,3.392447975,3.493776342,2.497075318,2.168176623,3.919708622,3.829023222,2.663625161,3.073989173,3.857862885,3.179602501,3.238425713,3.518620422,4.109856903,4.29000864,3.595919712,3.13508416,2.916891523,3.395667913,3.686960176,3.098367302,3.036777133,2.276637616,3.331013372,4.921662787,3.928454668,2.949097292,2.953134577,3.130839852,3.883080702,3.259164152,3.404286173,4.180050273,4.341596333,3.753889182,3.636888422,2.481702193,3.737102666,3.848157532,3.8415216576,4.827209894,3.732774162,5.241703188,4.4547044731,4.507257421,4.407072926,3.7131883119,3.309250162,3.921047718,3.667441802,4.258653822,4.800853972,3.479908015,2.9808996302,3.140844272,4.700689489,4.843748579,3.698561412,3.737384637,3.808451175,4.345334032,3.351121023,2.986538353,3.170787092,3.90369731,3.121634336,3.229400273,4.139947525,4.595668902,4.325706723,4.306350462,4.013065476,4.35028728,4.21408988234,4.0914625624,4.135889323,3.046514132,3.465660172,2.947484902,3.2187186,3.660406071,4.107092932,3.16105626,4.3310914216,2.533252982,3.298499357,2.8879051858,3.15093023,2.876453443,3.094426937,3.855062572,3.766590139,3.397872852,3.123154732,3.7826505681,2.681894904,3.900262312,3.5282779,3.924921374,4.076122277,3.551196442,3.10163377,3.600745983,3.626804022,3.977564732,3.114435782,3.884894999,3.798065802,3.914881503,4.063721272,4.3194976906,3.590895914,3.434624492,3.675737862,3.372286625,3.016921564,3.418170542,3.77378662,4.435307656,4.125196908,3.98864236,3.442451079,3.275294689,3.632331492
2.491094261,2.298739623,2.774870293,2.258259446,2.885297428,3.089145293,3.111845787,1e+20,2.456924083,3.193325253,2.469154493,3.113447712,2.741970656,2.625091003,2.722369632,3.061978153,1.957298733,3.205117017,3.045955543,2.684576732,2.780665803,2.982816093,1.538533533,2.553055826,2.602586263,2.691405483,2.788351985,3.232986306,2.855928123,2.709409696,2.790110155,2.727625655,2.709013203,3.44990314,2.279799146,4.097426292,3.398056532,3.207895944,2.753452841,3.172187764,2.749872768,2.610978193,2.509471112,2.349764393,3.31771616,3.08607496,2.959851886,2.817951688,3.678413587,2.466231263,4.925640256,3.279370078,3.405960253,3.325888267,3.079188843,2.815323203,3.278107981,3.764546733,3.827815307,3.449313373,3.222544163,3.372384193,2.666680873,3.636339623,3.885276523,4.1261298798,4.383792662,3.659136883,4.271082919,2.9735042441,3.433651115,3.120375955,5.0862875649,3.970627953,2.993049041,3.326800473,3.191898213,3.129467753,3.231042059,3.2720663404,3.291470826,5.01380402,5.029256773,3.036067263,3.737788561,4.393719536,3.945156073,4.256497359,3.425571263,3.617296803,3.223545121,3.826012119,3.386020853,3.558133442,2.509695743,4.003697793,3.283632189,3.586811851,3.304168557,4.84222397778,4.6210632178,4.30365255,3.559527413,3.720361463,3.659004846,4.537479031,4.277320612,4.016945853,3.181959569,4.2072903188,3.888125766,3.623911248,4.6527926856,3.88830996,3.808689196,3.626759628,4.104856363,3.667540201,4.552589063,4.201112893,4.4681993491,3.601757515,4.272763983,3.562661661,4.911835543,4.211238262,4.513404883,4.376306493,3.812316103,3.823641883,3.924743153,3.512845103,4.296142866,3.910806143,4.112519854,4.572120448,5.0941628756,3.762630015,3.645514873,4.442923663,4.048348108,4.62757137,3.837243973,3.717545852,5.143045456,3.858099891,4.560237081,4.07601407,3.626169428,3.821902513
2.38311355,2.85424746,2.725798814,2.33589849,3.214944213,3.73266053,4.128640913,2.456924083,1e+20,3.17831568,2.57251553,2.802275136,3.10478954,3.61313814,2.747821382,3.19213625,2.52666394,3.028303841,3.81078312,2.477295677,2.766798056,2.98617442,2.48991848,2.256726675,2.73313068,3.17048865,2.590888423,2.678426553,2.94189741,2.758767983,3.617525025,2.783020689,2.17272701,3.780403654,2.87618758,3.927614549,4.030284689,3.63660585,2.432342768,2.992334905,2.655653577,2.05034623,2.925689984,2.80257788,3.657578052,1.887509473,2.74532065,3.289876161,3.581365466,2.32488964,4.583168693,4.943492815,3.02954492,4.253514709,3.33428946,2.82829751,2.934239486,3.55398663,4.434809141,2.72960797,3.93932163,2.80239195,2.85906089,2.79175964,4.29886046,3.2381372608,4.036078752,3.44337464,3.763805842,3.6257563911,3.518123163,2.734233336,4.7903352889,3.13269569,3.116309718,2.9962848,2.52725521,4.3982812,3.294912026,3.8496387722,3.35763009,4.292556547,4.211167312,3.18497638,3.836052571,4.975469693,3.23724403,4.191377929,4.25925305,3.46970501,4.753124368,4.446407734,3.73816371,3.390830578,3.38218184,4.14319324,3.289822398,3.468466716,3.530449444,4.20427848756,6.2528836396,5.567746204,5.12231446,5.33492873,4.80067496,6.042282302,5.740112709,6.07871992,4.734901286,6.2230167974,5.26062476,5.54461625,5.7680009278,4.723427589,5.92244863,5.39783807,6.05915044,5.931091338,5.67943018,5.83210331,6.1923742561,5.197405442,5.78622483,5.279021698,5.9499808,5.067008804,5.94739961,5.854288932,4.74126389,5.98940908,6.06961067,5.14998742,5.840273671,5.51052286,6.033339571,5.882456845,6.4707242442,5.163835612,5.07848233,6.47292338,5.200114588,6.395472662,5.50938316,5.744151818,5.928001826,5.293815716,6.442156098,5.687136897,5.794894244,5.68918978
3.10393997,3.38959861,3.48435468,3.69359619,3.310639885,1.48719031,2.934486442,3.193325253,3.17831568,1e+20,2.91502322,2.762019506,2.75292841,2.6279979,2.571010132,2.59127205,3.76856393,2.906018067,2.91555047,3.547843919,2.652239123,4.5604028,2.8133996,3.699573548,2.87450719,2.45303491,4.143951171,5.098611313,3.51365642,3.288474673,2.28967141,4.268952209,3.00303045,2.792267857,3.16655457,3.981774349,3.628094798,2.37796953,4.388815278,3.735815745,4.018836102,3.24385404,2.793786322,2.47364322,3.631898207,3.635439753,3.44065707,3.027247121,3.351106698,2.770493,5.018421463,2.712785785,3.4085365,2.995371529,2.92682975,3.44821155,3.407470656,2.80681251,4.613300531,3.58775527,3.44753033,2.88771824,2.98463683,4.034762271,3.75181246,3.3966021908,3.971475602,3.13451854,5.288286336,3.9828747211,3.786339529,3.558513962,3.6094253589,3.3880571,3.360236336,2.12631245,2.9336376,4.1060157,3.374806993,2.7724788574,3.60346352,5.156035397,5.588318832,3.37614579,2.940441025,3.698588933,4.38014293,3.142302196,2.77159233,3.21991879,3.473615888,2.796907304,2.42256119,3.326612383,3.26085837,3.19249547,3.464218114,2.658509138,3.505064574,5.49740151878,3.7797690048,4.074894448,2.03342808,2.39566014,2.56577384,3.636380192,2.579584898,3.46339915,2.774149786,3.8442924474,2.44795309,3.757249625,3.2098325352,3.198589872,2.44579815,3.474662365,3.20962695,3.345125049,3.08243775,2.92542909,3.0953593761,3.120201096,3.08897792,2.959303758,3.75086017,2.686591514,3.94990975,3.210700004,2.93691224,3.15618242,3.54994271,2.36125397,3.871193119,3.11335332,3.685559231,3.352640285,5.1130840876,3.266901612,2.38200684,3.72306436,3.021596998,3.728589589,3.56975848,3.494548834,4.018659403,2.930411708,3.372833378,3.537543037,2.803517477,3.39447243
1.91708965,3.33812614,3.499032742,2.56527405,2.896579685,3.2198668,3.634894631,2.469154493,2.57251553,2.91502322,1e+20,2.597300813,2.42803432,2.6348906,3.157850296,2.76106618,2.66677642,3.346948011,3.468027209,2.690432579,3.296047766,3.08755131,2.35344942,2.624462055,2.44993506,2.29975788,2.2944133,3.238425916,2.78036095,3.479703352,3.104754005,3.337329958,2.53474719,3.597098787,2.00153624,4.110036619,3.780938699,4.00738017,3.425079114,2.368435105,3.177854617,2.64176445,2.706111242,1.92923072,3.349899674,2.748415553,3.16554925,3.51375201,2.769954448,2.24682681,4.437513423,3.715159988,3.21049062,3.682313618,3.63656557,2.84996095,3.796574538,3.95051655,3.702388731,3.79777787,3.53732815,3.29254631,2.09937787,3.443331983,4.14125156,4.1739786508,4.511674522,3.65915797,4.680484446,3.9316258011,3.459943203,3.636368774,5.0205333589,3.57902972,3.413678028,2.95481586,2.61185307,4.42723848,3.344773279,3.4371880848,3.2146943,4.497514659,4.379746202,3.16765627,3.782856793,5.018701333,3.81721687,3.985634406,2.95694606,3.60486322,3.485524706,4.250712888,3.47304474,3.903292303,2.72849233,3.82861404,4.144887224,4.104868908,3.720133138,4.82526138978,5.3827233648,4.967177818,4.11432739,4.562035,4.33042903,4.933544952,4.952084759,5.10547885,4.432657636,5.5989562574,4.12724387,4.476142485,4.3904003726,5.224642884,4.04483965,4.560332275,5.25186258,4.861136089,4.76528343,4.95736859,5.1494591661,4.302876948,4.52617215,4.277427996,5.49709226,4.979905114,5.68422305,4.492071382,3.74953582,5.10671039,5.00572083,4.33174081,5.352232993,4.59831235,4.732281441,5.324982985,6.3884369996,4.995138152,3.74645914,5.16097103,4.534202788,5.513593456,4.22113263,4.927269688,5.561120973,4.703748246,4.628755908,4.577334247,4.229803427,4.56471614
2.907747975,3.393546066,3.083170714,3.242576539,3.305145387,2.231634416,2.636584458,3.113447712,2.802275136,2.762019506,2.597300813,1e+20,2.866182166,2.430489666,2.984265864,3.327673466,3.545544286,2.564237896,3.832564846,3.130844015,2.20081684,3.668137506,2.764713866,3.171353849,3.392615896,3.012389796,2.886487682,4.231383732,3.735481856,3.056608967,3.000303604,3.547728095,2.728649706,2.690088696,2.941795356,3.417998805,2.729318154,3.071137296,3.584409884,3.177567946,3.562532518,3.132890176,3.119344418,2.320594106,3.604238895,2.387226349,3.120664786,2.690651024,3.80142153,2.879010736,5.042911815,3.387117941,3.274688126,3.860328312,3.253463896,2.839553736,3.837230243,3.472835696,4.850394387,3.796668216,3.732180476,3.644476156,3.481447303,3.140879304,4.086755306,3.5533691788,4.166563978,3.295789586,4.052988028,4.5142528281,3.766991651,3.180985932,4.2638068749,3.872947066,3.583516424,2.396567766,3.144650753,4.519027056,2.622573366,3.3118489936,3.510537573,5.090055509,3.513620993,3.532121666,2.880908187,3.246639149,4.239210366,3.209255413,3.422131563,3.710503076,3.192016502,3.46843265,2.632514656,4.224920229,3.081557216,3.564705696,3.57660007,3.230967476,3.36569388,3.97475673356,3.5667216908,3.718083442,3.212976856,3.084865073,3.356872746,3.170398984,3.437592118,3.238596126,3.428965639,3.5209336934,2.366335066,3.403115396,3.3681866292,3.0169116,2.965786773,3.201643286,3.409215996,4.375078836,3.124624546,3.606527834,3.8267272491,2.855554988,4.102146403,3.641966856,3.723861246,3.691970636,3.665599006,3.771085632,3.767689183,3.658958253,3.812499406,2.967426616,3.801171774,3.161312546,3.875460017,3.226572871,4.4467641716,3.740738768,2.844706443,4.085686936,3.624524431,3.617485903,3.807404776,3.98737074,3.878890086,3.474535064,3.974620354,3.193989283,3.502403253,3.956320566
2.35069988,3.18303366,2.858417002,2.52411221,2.521235825,2.42859759,3.097210352,2.741970656,3.10478954,2.75292841,2.42803432,2.866182166,1e+20,2.51933068,2.738940892,2.96784286,3.17245154,2.542245111,3.22069709,2.672576148,3.460483326,3.34983137,2.73657926,3.348727561,3.51943755,3.16345786,3.1890618,4.037492663,3.7064848,3.309440113,2.94901322,3.606060778,2.80259102,3.403423901,2.5523154,4.220285099,3.279609849,3.55565667,3.759249648,2.727473455,3.352503827,3.06855933,2.180622922,1.80166185,3.421411247,2.833966353,2.25524421,3.03523026,3.501442836,2.73565943,5.236489561,3.357718541,2.80536399,3.338890928,3.39249795,2.82960592,3.821766476,3.17090957,4.339909671,3.13096506,3.65223643,3.68461509,2.90551046,3.56068725,3.55430932,3.9152149408,3.889391232,3.41559386,4.137392046,4.0486883411,3.085089313,3.427327094,4.6542531389,3.63590149,3.437532058,2.52395545,2.94582559,4.01634667,2.584239559,3.0710046248,3.71607432,5.377008207,4.205417602,3.13506167,2.663178483,3.974059163,3.23064281,3.615783436,2.9191414,3.933769,3.556826784,3.934230654,3.03227261,3.642324293,3.00415472,3.58374484,3.449665922,3.722697844,3.517156762,4.28364914756,5.0779040448,5.066296486,3.52691614,3.57236619,3.72498016,4.226716444,4.290185659,3.95627582,3.579503596,4.4692814674,3.63780602,3.793006735,4.0212222452,3.440715996,3.53318019,4.37690784,4.47120597,4.359826687,4.03348912,4.06328847,4.7060260461,3.093018228,4.23222276,2.488823624,5.23332361,4.379879474,4.08983747,4.210508672,3.44183581,4.28018586,4.09809405,3.19295351,3.640510799,3.74091511,4.879495891,4.677053265,4.6012725572,4.168753192,3.06495236,4.40872503,3.685984808,4.288796275,3.29967388,2.908223828,4.639671439,3.567272768,4.685809358,3.990190227,3.279923601,4.48193434
3.559947806,3.45081998,3.168272952,2.04678593,2.790671403,1.64116647,2.319685302,2.625091003,3.61313814,2.6279979,2.6348906,2.430489666,2.51933068,1e+20,2.558195482,2.33118889,2.62743807,2.792278344,3.33365169,3.459533399,2.284065776,3.48135996,2.68818904,3.429875681,3.23619595,2.66703552,2.708956361,4.363275393,3.26747428,2.614157913,2.66648211,3.642812079,3.2847414,2.776453604,2.41237417,4.107060499,2.447956379,2.53370288,4.227486528,2.796892815,3.634426507,2.89895057,2.048167862,1.78481817,2.191454047,3.944636843,2.85003779,2.805710311,3.283608646,2.23491453,5.690280961,3.869701745,3.26205651,3.786709848,3.54298549,3.53681504,3.953770856,3.94017064,4.689348741,3.24990592,4.00592348,3.74956869,2.72285567,3.167502281,4.44545989,4.0907645608,4.627647262,3.83444446,4.991250112,4.1608829611,4.319825789,4.393044682,4.8165304989,3.99167421,3.515530138,2.84232446,4.22313072,4.38306211,2.868245346,3.2617266474,3.59212912,5.730214947,5.050915482,3.6983313,3.458200493,4.602881823,4.14026678,3.548101336,3.1682126,3.53654417,3.327159578,3.490180344,3.57446553,4.191192593,3.46755551,4.04402539,3.528946878,3.448097346,4.029036474,5.22898651656,4.8526443696,3.806071768,2.37036808,3.69044537,3.36530011,3.474280708,3.643497129,3.62926972,3.312440676,4.0648803174,2.32215426,2.82427905,3.3242144552,3.085893189,2.66653629,3.36185957,3.87794078,3.984537389,2.99874497,2.97573068,3.9692794661,2.283853062,3.70897426,2.854396396,4.04752564,3.377853034,3.75250072,2.961712044,3.32729051,3.74113278,3.93353077,2.90653764,3.353407508,3.55277442,3.506104271,3.638333865,4.5217212276,3.462273112,2.45525995,4.23112273,3.732216809,4.133558449,3.52717278,3.532001224,4.482717296,2.787489598,3.570316238,2.961654957,2.962753797,3.46472291
3.354113702,2.943139882,3.752515072,3.083099528,3.038344133,2.446332802,2.283915744,2.722369632,2.747821382,2.571010132,3.157850296,2.984265864,2.738940892,2.558195482,1e+20,2.594815862,3.407733122,2.838480589,2.858742716,3.527809359,2.60931021,3.545698542,3.127563526,2.632148161,2.747969096,3.232970646,3.505826453,3.688911835,3.415875312,2.625257915,2.666509508,3.497375806,2.691094652,1.923780205,3.435776816,3.352705975,2.948130135,2.492003946,3.061629696,3.473049857,3.382417541,2.566333472,2.716689224,2.901562598,3.417209375,2.852032301,2.611548772,2.601498709,3.006721874,2.710029942,4.174707679,3.415624207,2.982641182,3.03198943,2.443724522,3.469728252,2.35265715,2.782710958,4.473290547,3.441860358,3.353213922,3.144412822,3.328761646,3.494801081,2.828033732,3.2900069708,4.093774499,3.133695362,4.595423096,3.8124831071,3.747062629,3.422526714,3.3764902169,3.328037132,3.436588362,2.667563482,3.655577532,4.276603122,3.226849235,3.4757045342,3.598712856,4.903183373,4.836983824,3.080823592,2.817853903,3.063283895,3.727013708,2.834033272,2.890325756,3.268168738,3.729023744,3.015500246,2.412975212,3.380381725,3.748577722,2.952357912,3.66404275,2.987729584,3.599924458,4.20824671256,3.2916779136,3.630934398,2.816123176,2.900883052,2.434399732,3.598634838,2.972591964,3.641129052,2.245817588,3.4962329294,3.093011712,3.955873093,3.4777447232,2.846432369,3.264091032,2.881856733,3.186717112,3.523674269,3.322197852,2.588329168,3.8336478021,3.70772221,3.713109996,3.511568494,3.753422678,3.445156736,3.220444652,3.126219424,2.882686936,3.086929206,3.582742416,2.554363612,3.798944915,2.989793512,4.111085057,3.339464913,4.1749323022,3.188801494,3.009991886,4.083289166,3.185598134,3.439806698,3.353115402,3.710161102,3.693709127,3.090879152,4.15032051,3.514934349,3.572283484,3.201886662
3.961688116,3.33469108,3.530337162,3.17571006,2.612377246,2.08390482,2.870403042,3.061978153,3.19213625,2.59127205,2.76106618,3.327673466,2.96784286,2.33118889,2.594815862,1e+20,2.92690673,2.648634194,3.28889175,3.393234518,2.952840436,3.62866193,3.27250685,2.992109358,2.83488467,3.1067168,3.449617634,3.607434746,3.14139456,3.280962533,2.78821831,3.599592368,3.02730983,2.891429694,3.35620592,3.858919078,3.468448609,2.55482755,3.720238998,3.0866928,3.306686287,2.47612516,2.680247802,2.73840359,2.963839473,3.093261013,2.97627584,2.806089181,2.951181146,3.00762409,5.271783293,3.593635098,3.69445969,2.965234358,3.79349892,3.66059458,3.792910126,3.37029884,4.444790253,3.42253543,3.58769742,4.00472999,3.26497103,3.980387001,3.50788366,4.2992081908,4.358160117,2.84661897,4.544098262,3.8364267331,4.227161939,3.269685954,4.4601306889,4.04005041,3.698565286,2.9462404,4.2137962,5.1036468,3.112295576,3.2895285348,3.50937439,5.343387499,4.647158532,3.65510059,3.658951393,4.145379046,3.73741432,3.917782236,3.56064543,3.72270971,3.883592018,3.120399998,3.19961831,3.710743123,4.06597813,2.26644502,3.475595588,3.810100296,3.398272998,4.87261673756,3.9597826596,3.650155138,2.56653394,3.04214311,2.82996509,3.102662828,3.154959318,3.84645644,2.316473916,3.9260828674,3.11655712,3.65109354,3.5492938952,3.018487924,3.21519256,3.4521057,3.73834538,4.085022129,3.12812613,2.3894883,4.6136824361,2.695187272,4.32456867,3.741274216,4.2339328,3.263420424,3.77160138,3.380148164,3.10500856,3.90473592,3.61274309,2.25174909,3.161972436,2.49212589,3.647742801,3.29010439,4.2618678746,3.211738302,2.65892059,3.45993786,4.083148518,3.708640439,3.47050856,3.459406074,4.127456486,3.027968278,3.405996228,3.002755757,2.952383334,2.91598597
2.981607476,2.77881476,3.17534759,2.08684783,3.223340903,3.26804282,3.201863522,1.957298733,2.52666394,3.76856393,2.66677642,3.545544286,3.17245154,2.62743807,3.407733122,2.92690673,1e+20,3.229529454,2.92438286,3.049520399,3.193535366,2.92008549,2.2051622,2.684514121,2.41920488,3.2830739,2.909914921,2.987322283,2.72874147,2.580904943,3.43386037,2.576292639,2.70558518,3.735836534,2.45318026,4.122427989,3.271166709,3.6006696,2.675841858,3.526924815,3.107397712,3.05188036,2.861994502,2.26225413,3.07967121,3.379304443,3.43205977,3.298259701,3.441380086,2.79096948,4.375393903,4.124251715,3.66437733,4.250395698,3.74272636,3.42840114,3.470117566,3.61771814,4.144850642,3.12921432,3.92767235,3.60060482,2.58465882,3.646100321,4.19829447,4.5312702808,4.613161434,3.79048974,3.952342056,3.2608699811,3.781460789,3.341055282,4.9804011489,3.5436223,3.165273938,3.76825014,2.99140186,3.95899471,3.294479796,4.0396031974,2.59475851,4.245866857,4.679596152,3.48500624,3.888057023,4.607551373,3.34883811,4.258515316,3.68927654,3.44195175,3.344539918,4.353983254,4.15570032,3.793728626,3.49189481,3.98316704,3.316909148,4.124002766,3.587725524,4.38268574656,4.8721155048,3.898358908,3.63126788,3.87934066,4.02072516,4.270405108,3.776889949,4.12930388,3.277666676,4.7174365374,3.67185059,3.43057559,4.6475684226,3.810927939,3.46449412,3.890525195,4.36389895,4.243587679,3.89138671,3.95239891,4.7981125661,2.738238082,4.95430887,3.552182036,4.15193594,4.147478114,4.18816418,4.292708594,4.06095525,4.37130215,4.32018376,3.47776733,4.422359511,4.06566181,3.705900041,4.368479675,5.5092365696,3.572851142,3.20782167,4.56354186,4.577305529,5.062093349,3.68087516,4.628864264,4.983396193,3.956479918,3.733573958,3.770280097,3.707090227,3.77664554
3.843435239,2.662610094,2.876128344,2.997035808,2.711529599,2.453676837,3.209183469,3.205117017,3.028303841,2.906018067,3.346948011,2.564237896,2.542245111,2.792278344,2.838480589,2.648634194,3.229529454,1e+20,2.933681127,3.352121603,2.499667989,3.687280294,3.083011551,3.092940826,2.690730874,3.473614464,2.649568783,3.04547156,2.757046381,3.075598207,3.247335077,4.058811643,3.397461941,3.210671868,3.538333267,3.375582863,3.076342032,3.141820607,3.108831532,3.063664149,3.035033016,2.261353054,2.910903106,3.003003787,3.668608259,2.351296544,3.001344583,3.791502292,3.19080313,2.850236294,4.718451095,4.192736612,2.744267524,3.321025745,3.638433737,3.014043174,3.61564594,3.169120821,4.174225225,3.638515804,3.549347624,3.005968574,3.189828557,4.427175526,3.423565194,3.9904435348,3.199378053,2.884273644,5.154226333,3.7072041691,4.263637988,3.2559779,4.0057432459,3.445662684,3.814497113,3.054193414,4.533801637,5.061972724,2.040107162,4.0017376808,3.302857681,5.055054647,3.205162315,3.235968164,2.482431306,4.21955295,3.607797181,4.231657593,3.807937617,3.087881274,3.861177995,3.465961521,2.946449551,3.110214831,4.217514484,3.376620064,2.996393624,3.479515708,3.514248901,4.03779612356,4.0792626306,3.619987495,3.467025897,3.159275567,3.220960337,3.427262934,3.106468825,4.054066691,2.891277053,4.7942573244,3.234132207,3.654915636,4.5036964822,3.658595731,4.067492567,3.310327079,4.485740831,4.632343904,3.593253627,3.058015847,4.6185798531,3.444978865,4.771944517,4.396666763,4.285334637,3.774903731,4.501899617,4.528064701,4.112450007,3.993747337,3.951857997,2.988029157,4.290703576,3.322313664,4.092803958,4.011412209,5.1874908736,3.504894489,3.620518767,4.061342327,4.408769546,4.089654486,4.394287647,4.300602885,4.345812843,3.421485023,4.055045985,3.870434734,3.798618938,3.428916207
3.408317261,2.30799182,3.712253936,3.44455966,3.141598603,2.73838913,3.18806855,3.045955543,3.81078312,2.91555047,3.468027209,3.832564846,3.22069709,3.33365169,2.858742716,3.28889175,2.92438286,2.933681127,1e+20,3.7637298,3.831877482,4.099469959,3.4269048,3.781057554,3.57636221,3.59417996,4.003796535,3.157411976,2.847143289,2.755221721,3.108602043,3.77481064,3.64870939,3.651523304,3.47699493,3.790896664,3.103926618,2.72889315,3.040606331,3.309326379,3.559949505,3.42847513,2.694613015,3.34565247,3.984873248,3.44420713,3.836620539,3.467765605,3.109768602,3.43593657,4.263643478,3.600771695,3.41072169,3.34373458,3.5341761,3.68651423,3.464387893,3.62252808,4.358048388,3.91991085,3.82584493,3.51870012,3.10416239,4.087168326,4.03920589,4.2635266738,3.926498922,3.55733212,4.927149266,4.1703516881,3.399265969,3.855920085,5.1454406589,3.18108622,3.817348896,2.79755368,3.83063725,4.18827415,2.362368723,3.7099801678,3.52373809,3.916952295,5.239611386,3.61231536,3.599356084,4.066542143,3.99084871,4.378337396,3.79135554,4.00764982,3.858311573,3.362199981,2.2292856,4.000784216,3.97326823,3.9311475,3.212038441,3.067762288,3.800997801,4.61937531478,3.6190762124,3.822090043,3.19479587,3.78416839,2.69216712,3.875273559,3.345753769,3.49825551,3.455749815,3.5271902378,3.2675262,3.562907365,4.2190815726,3.525946904,3.67570187,3.601338515,4.1009009,4.130777358,4.19194453,3.45672006,4.6674667724,3.642415157,4.40765136,3.689881123,4.83206122,3.946995193,4.061004389,3.809341124,3.91149461,4.43611147,4.787768969,3.30201869,4.524810103,3.66525491,4.174606091,3.88674034,4.8067840046,4.211804962,3.39712891,5.06455395,4.10317383,4.659876853,3.63982724,4.096761351,3.906349283,3.619676346,4.542590266,4.942122417,3.162485205,3.67057858
2.187012317,3.364675459,3.065855127,3.037098558,2.98324462,3.753145668,3.551372871,2.684576732,2.477295677,3.547843919,2.690432579,3.130844015,2.672576148,3.459533399,3.527809359,3.393234518,3.049520399,3.352121603,3.7637298,1e+20,2.755172745,2.807175788,2.110642849,2.592821107,3.345769398,3.012516179,2.852491993,3.402498608,3.929125458,3.132702022,3.241136888,2.85951934,3.034817417,4.333511434,2.753089639,4.063882698,4.269322736,3.978419498,3.171415606,2.752740302,2.503575984,2.916098568,3.345288814,2.597081469,3.860039282,2.872708982,2.216427588,3.890639284,3.423839624,2.886955129,4.705957526,4.048633027,3.389569098,3.734752999,2.931643349,2.977241538,3.291192715,3.487833389,3.540970168,3.462271728,3.564920539,3.480630849,2.876112389,2.906846652,4.073360608,3.6843655208,4.70140277,3.264030078,4.19648015,3.6270555181,3.902760738,2.508600544,4.9526034969,3.845860998,3.237520517,3.843809318,3.550100929,3.874809129,3.356720252,2.6303376168,3.596281479,4.616329846,4.047035769,2.439733569,3.846484879,4.909441012,4.117317138,4.526809491,3.229538229,3.883625589,3.824399077,4.138419393,3.474041909,3.944782611,2.843051308,3.950715098,3.800456737,4.095492815,3.096773794,4.12157791156,5.0187627776,4.954365157,4.600347159,4.758604609,4.554706859,4.763329644,5.015626828,4.517808759,4.524793229,5.6046138064,4.588160878,4.981494299,5.0951573972,4.780195072,5.057853329,4.516324899,5.242952359,5.039884918,5.165367428,5.357955659,5.4663499451,4.830371996,5.000230889,4.673575182,5.335571859,4.312734973,5.555439109,4.650936053,3.893835968,5.360470079,4.854135958,4.437200418,5.47161468,4.889635489,4.83405249,5.092667999,5.6427331682,4.965985001,4.136280029,5.128276798,5.262600679,5.583651438,4.873642189,4.260616756,5.850674125,4.520309782,4.945474477,4.790422565,4.369895713,5.159150288
3.949312889,3.251878416,3.446438222,2.605324606,3.161249184,2.461312823,3.395914733,2.780665803,2.766798056,2.652239123,3.296047766,2.20081684,3.460483326,2.284065776,2.60931021,2.952840436,3.193535366,2.499667989,3.831877482,2.755172745,1e+20,2.622477136,2.827563696,2.450431123,3.181685816,2.893632956,2.480199663,4.030601402,3.854476526,3.684701319,2.988504509,3.505202685,2.859656126,2.905272639,3.491245296,2.959018064,2.763319644,2.191538954,3.524920872,3.200342928,3.163526082,3.296399486,3.218816634,2.334296706,3.543231343,3.068410429,3.170617116,2.922542999,4.163836668,2.714377166,5.445400915,3.830202631,3.475897166,3.811186342,3.565854126,3.628532316,3.53321824,3.432936803,4.592072558,3.812156796,3.730138606,3.842871233,3.789810813,3.50449225,4.264032393,4.2256488498,5.016678008,3.459927586,4.602407468,4.1034799751,4.295921257,3.610868565,4.3287049419,4.019105843,3.828794738,3.341646726,4.100092193,4.657180676,3.080057523,3.7360173862,4.390526276,5.190946839,4.643644181,3.145750016,2.988659527,3.871051406,4.462574836,3.95098323,3.709913116,3.763496976,4.016298354,3.5759519,3.406165316,4.321586499,4.010921853,3.588563563,3.813060276,3.102676288,3.52387442,4.69524862056,3.7670348586,2.837267509,3.252299656,3.447140103,3.366503996,2.989800784,3.266738884,3.505243906,3.153316336,3.7989027978,2.888959836,2.752811361,3.3238178418,3.406586995,3.497853736,2.634779966,3.547977146,3.983789629,3.470624616,3.358695564,4.3057501323,2.860736262,4.383062786,3.541627368,3.611257746,3.311135666,3.086334596,3.37861342,2.851917226,4.100330426,3.891619966,3.142468396,3.243373197,3.112395496,3.044701227,2.668917636,3.7400736416,3.415603778,3.313844243,4.110786873,4.442554848,4.232927207,3.794632143,3.60939149,3.697843752,3.238124954,3.409807501,2.915195073,3.417027463,3.168166986
3.287984396,2.943737,2.896515675,2.59257613,3.867033059,4.30915501,4.169025512,2.982816093,2.98617442,4.5604028,3.08755131,3.668137506,3.34983137,3.48135996,3.545698542,3.62866193,2.92008549,3.687280294,4.099469959,2.807175788,2.622477136,1e+20,2.91827029,2.768220192,3.11499146,3.57443602,2.632966804,2.736047203,2.75591646,2.857273743,4.5371799,2.340490938,3.3578416,4.063022744,3.35541266,3.100353128,3.512066918,4.63833348,3.398952898,3.48853354,3.366126284,2.81744904,3.995943822,2.99247776,2.92194242,2.738807713,2.89294109,4.02293542,3.456584396,2.69463671,4.174074478,4.525626125,3.63944121,4.729086328,3.51719805,3.39757387,3.594769796,4.22070852,3.662590942,2.57534713,4.05772422,3.59639183,3.22105326,3.200902861,4.56681136,4.1238522908,3.784104249,3.44644302,3.282989502,3.9558258521,4.271073249,4.039706824,5.5771331389,3.80941054,2.997115548,4.215937,3.79752711,4.18329998,3.973991246,3.7304827548,3.77361547,4.332226603,4.478677552,2.6898064,4.239966603,4.396803253,3.58146945,4.599038156,4.12069283,3.68273347,4.079923718,5.022319098,4.00175382,3.329898233,3.39545957,4.13158732,4.013903678,3.774459556,3.650362028,4.62644275756,5.0364798096,4.797136158,4.97402148,5.20660349,4.58672332,5.696889088,5.083137778,4.40392208,5.033618316,5.3202542974,4.93393847,4.83770767,5.1195081352,5.152405534,5.34020353,4.18791493,5.59441007,5.637732199,6.11116454,5.67490074,5.7760836161,5.645088552,5.68300189,5.074223878,5.77382524,4.767707714,5.51950549,5.136680454,4.52451491,5.3606266,5.43691743,4.67821215,5.630844758,4.72281055,5.165965791,4.58713166,6.1456769346,5.473189542,4.48187927,5.88055638,5.601599769,5.964444799,5.18373301,5.535412434,5.188008916,5.063463868,6.136145228,5.469571187,5.159828977,5.53896824
