1e+20,2.923417604,1.754790147,4.694794857,2.119224783,2.162294605,3.369800485,2.35425185966667,1.14139299533333,2.596715542,3.083968887,3.897320835,2.628713982,3.393128172,2.805166462,2.093440317,3.140538972,3.50623884633333,2.73549782978572,2.024222377,3.614715532,1.801155496,4.060148702,1.3771925018,2.813880197,3.397773572,1.913362764,2.2540117105,2.87239919971429,2.066052224,3.585639667,2.378081942,1.57594641228571,3.14536786285714,5.899060822,3.590956307,4.756295137,2.27906841533334,3.805900877,2.865371803,2.240038517,2.76504690409524,2.413946857,1.965831667,3.539562433,2.230064448,3.572822316,2.59312032257143,3.557243202,2.82116448128572,2.7118063935,4.48861883690476,2.411461982,2.516087798,2.189800882,3.086712992,2.97067047123809,3.01357209914286,3.199703941,2.37775172866667,4.86824118033333,3.03986796033333,2.757394467,3.815882837,3.756305567,1.90054776873333,2.675236659,3.95662398866667,2.492696286,2.8864241611,2.3202386435,2.62494346566667,3.172115084,3.60328131533333,4.323742263,3.625931332,2.338618733,3.451184922,2.7936415675,2.486553613,3.272105643,3.446134882,2.989885766,2.317038504,3.22920681766667,2.230680643,3.076043762,2.5038144078,4.190237162,2.665862452,5.082059552,3.112228193,3.181542736,3.100288954,1.951692032,2.857871318,1.811194326,3.377953649,2.31871730255556,2.33696596583333,2.94874822046667,4.187042668,4.05653339,3.840616872,3.417395139,2.8813808356,2.69855651183333,7.163927452,3.958426821,3.92484783563333,3.425967677,4.8347921045,4.385813456,2.71919061758333,5.356608657,3.257590292,5.231618578,3.2032753405,3.545150902,2.95841036333334,5.4444687631,4.665649899,4.910205472,2.356593703,3.690540035,3.457933102,5.993137177,3.833306321,3.432955146,4.342907202,3.431917537,2.505674047,2.7247566355,3.31872282,5.01888023866667,3.929161584,3.1350960993,4.161625538,3.82089534933333,4.465460156,3.44779219166667,3.26320092566667,2.63469535,4.920355403,5.288777294,1.735469652,4.825633811,2.961916152,5.6470769715,3.51841335
2.923417604,1e+20,3.16570424366667,4.34644031,2.304360535,2.50805607,2.437638635,2.668580784,2.71939090266666,2.43049442,3.31996361966666,2.95565538166667,3.68294665666667,3.36798683166667,2.588467988,3.02233017,2.01107453866667,1.629468517,1.29447297892857,2.17199514833333,2.76140947166667,2.664795526,3.27599051666667,3.42909751766666,2.82371542166667,2.17077407666667,2.82462121166666,3.10732258966666,3.90542425666666,2.431607896,2.44025735166667,3.652933032,2.26458154,2.90296008533333,4.76040429,2.83637282566667,4.297068091,2.6395401,3.378445195,4.05317678071428,2.544343602,1.45666657,3.38747515066666,2.866461305,3.92603963166667,2.76161079933333,1.60604394333333,3.15891270838095,3.346310025,3.33770773,2.84697402483333,3.24453766157143,3.02820527,2.23712341095238,3.13328488666666,4.436203055,2.49524357714286,2.20595543714285,2.884758815,3.33070306666667,3.08742702,2.78123372166667,2.204814275,3.24177468,3.338336235,2.7691722226,3.895973952,3.19958252666667,3.04696275466666,2.60882769643333,3.27920155716667,2.60094216966666,2.4572812132,3.23273194,3.64182264614286,3.94678474,3.382398705,3.12095759619047,1.90928244616667,2.37021205551429,1.77977330333333,2.44981303266667,2.85799794616667,2.59963053066666,2.81337981366667,2.922848824,2.75730788,2.6726319866,3.30060378,2.71325137,3.67278013066667,2.008562479,1.73701686,3.458723198,3.26559372666666,3.47537248,2.64762162133333,2.301770263,3.00445065766666,3.6152598575,2.83582121433333,1.882859612,3.35087,2.82772056,2.06166699166667,2.63264334,2.1336413025,5.70389319,2.002967755,3.4080600365,3.13856474880952,2.5633294175,3.63616268186667,3.19542635325,3.45473342,3.16956691,3.258013115,3.30597326433333,2.49178086047619,2.67465472047619,3.3839066271,3.17211447242857,3.45651824,2.85773378166667,2.17258379,2.044620034,4.39315227833333,2.54785148366667,2.319139196,2.576990584,2.713246714,2.33624144166666,2.93115875166667,1.95317865,3.45261718342857,2.32458278666667,3.22725588575333,2.31703136933333,2.436250537,2.13440291,2.67816255783333,2.440903023,2.50247910866667,3.84605153,3.44211183466667,2.014307434,2.685064255,2.92815259066666,4.8877886835,2.43942691333334
1.754790147,3.16570424366667,1e+20,4.233060762,2.266483516,2.223748812,3.002512723,2.46315702866667,2.018514957,2.621585377,2.732564841,3.403255927,2.19484910366667,2.859607872,2.652849596,1.574776152,3.168312757,3.56605998,2.88560214345238,2.30806816533334,3.090230092,1.480115916,3.60809234700001,1.371048383,2.81956924466667,3.233403977,2.144696573,1.390720779,2.177747407,1.91034371933333,3.62844483566667,1.86899533300001,2.41767550557143,2.57172882785714,5.487154627,3.382273756,4.34438894200001,2.25173948,3.31104102866667,2.66062052200001,2.555419015,2.7874259422381,2.06702775666667,1.79746902866667,2.904829121,1.365788237,3.738160677,2.27616861257143,3.151793052,2.262338272,2.45726352283333,4.00587166904762,2.32652707533334,3.20235805842857,2.912570767,3.04284598033334,2.85041488871429,3.233776032,3.114587373,2.268772707,4.127178807,3.10331856366667,2.715312772,3.475705188,3.37540026985715,2.61977410766667,2.42041104666667,3.38633935366667,2.60719323533333,2.81940607176666,3.1541076475,2.71568270566666,3.359382518,3.17711536866667,4.101218866,3.265330592,2.269932507,3.19295377176191,3.13570012883334,2.64138683294286,3.705555202,3.329706563,3.20873146566667,2.842798391,3.14366794766667,3.414781219,3.131867009,2.86375211,3.873871562,2.662252757,4.638438932,3.48627503,3.13188216233333,2.926091554,2.369649412,3.683909442,2.963533194,3.479176179,2.37871213122223,2.42798129716667,3.17075194846667,4.171019318,3.388209873,3.475189987,3.63703962366667,2.88969706453334,3.7086897415,6.900315562,3.95203573533334,3.9373205334,3.00506842700001,4.6694597495,4.17346458046667,2.63701259608333,5.29735624033334,2.79251058466667,5.421962622,4.020863918,3.661390142,2.99533253252381,4.9480562981,4.468155093,4.819107287,2.840256548,3.886776322,3.562027182,5.522615702,4.023732725,3.970132154,4.369709237,3.247108647,2.79216260200001,2.86255407283333,3.501386688,4.61139475,4.05165826133333,3.41906908608667,4.21226286766667,3.20317207533334,4.515671042,4.03345446283334,3.65149466866667,3.169057512,4.667274427,5.060639704,2.5960705542,4.896593361,3.457780249,5.2844836105,4.261308367
4.694794857,4.34644031,4.233060762,1e+20,6.03950346,3.62425117,2.683773642,2.974616846,5.478918545,3.511076125,1.83096333,2.137087065,2.65260032,2.13963814,3.161129709,3.28847517,2.80481296,3.867472197,4.8398012935,4.39124402,2.839462085,4.744704635,1.34829412,5.4339245,2.655430412,2.8203699,4.087292589,3.9541792125,2.56906839428572,3.759119692,3.097823265,2.913774417,5.869377145,2.93040363795238,1.807946405,2.76150504866667,1.908892005,4.351904145,2.02896242666667,2.19247527,5.867264047,4.074956635,3.029520225,3.6294159,2.13591657166667,3.399954031,3.385695445,3.50593599671429,1.82890292,2.54361333,5.0172464595,3.098718427,3.180688495,5.516628035,3.576233785,2.35861323166667,3.765004361,3.703466585,2.59227044366667,2.82179786833333,1.82845264833333,2.84045023,3.09623127,1.709981211,2.77419318214286,5.2196078236,3.511349816,2.86115262,3.454786914,5.0683606921,4.1498153395,4.724667208,4.6699131428,2.60168094166667,1.75444359828572,2.208132845,2.79830491,3.23634584309524,4.0709868895,4.3629579448,3.66196278,3.981015071,4.08519879,3.75281649,5.448792785,5.689423708,2.589057179,5.265570334,2.03374005666667,3.15523816833333,2.556355695,4.76057776233333,3.515317505,2.517845688,2.94078455,6.407509055,4.793755043,3.113474583,4.5925456,3.4105637575,3.9589018346,3.987853567,2.249815755,2.561079615,3.598082005,4.952318255,4.5100946275,3.067211985,3.084560275,3.95482858516667,3.08933538714286,3.0112603125,3.4070199352,3.51530763991667,2.851288035,2.88492383333333,4.059201245,5.510491121,3.61040189357143,3.42477085928571,2.84190709576667,2.31722870457143,2.85186179,3.68409655733333,3.84041892,3.318655755,2.29255759,3.155874572,3.416460615,3.393495065,3.810712425,3.1566544,3.77701892233333,3.186864866,3.551509887,3.53140497888889,4.7478836289,4.107634934,2.53953642833333,3.434587175,3.62164243533333,4.044919585,3.447516527,3.119509508,4.415306113,4.350314709,2.973997721,5.406244284,2.4065537255,5.75202793
2.119224783,2.304360535,2.266483516,6.03950346,1e+20,3.0368432025,4.21282154866667,3.205554509,1.75346861116667,2.89813683,4.43760012,4.50693367666667,3.92857875166667,4.40909390866666,3.15681113033333,3.20773788,3.575517275,2.667544958,2.21966907621429,2.2022367225,3.97705526,2.0965796245,4.868313665,2.3304677855,3.51412264,3.69422155,2.91632994283333,3.09372665466667,4.05623211366667,2.91332330966667,3.68524542733333,3.721478023,1.04141505492857,3.645046973,7.052196905,3.92369474,5.82807569,2.73995148316667,4.99420694666667,4.245953778,0.913505596666667,2.084155385,3.332062675,2.83534794866666,4.678282274,3.020332613,3.203360255,3.46591527823809,4.951779705,4.02384044366667,2.86396782066667,4.44984291933333,3.235065445,1.75666615559524,3.272603325,4.773853415,3.11789028,2.64320751285714,4.219784254,3.278093715,4.68209715366667,3.65236927,3.20555463,5.093387295,4.44512297,2.4023643086,3.63326539483333,4.191857665,3.32651665633333,2.44108425026667,3.3783115055,1.9481106885,3.2276162022,4.324786995,5.076765648,4.72248642833333,3.6979790135,4.1676892575,2.487619528,2.64124113504286,3.1335056075,3.47331497233333,3.32064024366667,3.12343576216667,2.68661508016667,2.4056131415,3.653026895,2.53011532906667,5.224642605,3.3311488725,5.596730535,2.532602205,3.049817617,4.124647237,3.633719995,2.3521900925,2.37082356733333,4.019453542,2.26653151994444,3.60384410333333,3.57723835446667,3.474661151,4.638020075,4.335416375,3.37179718666667,2.7729504727,2.923325565,7.934046265,3.6805843925,4.7718652555,4.04989856285714,4.4514407075,5.4174245338,4.116329992,5.52529085,4.24014707366667,4.7658674025,2.76950328916667,3.60691145,3.77300703902381,5.2047513721,4.875855422,5.760878775,3.60644118166666,3.211487575,3.162455337,6.54839514,4.03588464366667,4.427918025,4.587070835,3.2347235915,3.20534873,3.90875833916667,3.915770095,4.61425620833333,3.97556692833333,3.68109435058666,3.972248562,3.96599458,3.953861305,4.59494602316667,3.7120774535,3.18341613,5.965274596,4.5825135935,2.661625345,4.518059354,2.77131851066667,6.6845359245,2.8813685
2.162294605,2.50805607,2.223748812,3.62425117,3.0368432025,1e+20,1.900220799,1.95293136066667,2.551073321,1.30109927166667,2.591993735,2.45566374666667,2.25803865833334,1.677764565,1.98456129466667,1.66951721166667,2.158739925,3.137793892,2.56389275464286,1.484073015,2.71366303,1.775606485,2.632010085,2.60959989166667,2.035635998,2.436491244,1.87435717866667,2.0100203495,2.41380714,1.36306166366667,2.05337536,2.5702826698,2.81641955285714,1.62623998438095,4.343477425,2.41234134133333,3.68237515,1.417004575,3.02968115666667,2.93162064,3.351323202,2.18996788119048,1.96700537366667,1.35492050833333,2.81503224,1.76483195566667,2.93636737666667,1.48378946409524,2.77478853,2.15438178,2.11929854616666,2.97157333733334,1.75472026,2.61165157,2.26182654,3.302671675,2.28537741566667,2.19693862214286,2.59432649733334,2.26227602833334,3.570104805,1.85645528833333,1.74191425,3.08763035,3.19791220071429,2.45830731886667,3.225937156,3.13892552833333,2.07291709733333,2.30198885976667,2.1455917925,2.87825226966667,1.96516369753333,2.63741656166667,3.386949864,2.65512326166667,2.067489605,2.56917709333333,2.2590422345,2.15376430551429,2.50516217,2.84178580133333,2.401312666,2.36704550233333,2.55567894333334,2.539502478,2.145139186,1.992960034,2.865594845,1.69891408333333,3.445642135,2.48138204233333,2.27604956333333,2.300875563,2.234502555,3.1968191,2.212304508,2.24278516466666,2.40797636955556,2.99025646433333,2.07914928126667,3.602867972,2.115713925,1.937191775,2.20320103,2.13547259293333,2.46849873716667,5.812245725,2.668410565,3.2822253048,1.88947077333334,3.47922838583333,3.14086390353333,1.33642095075,3.941548,1.80799108333334,4.08441499,3.423766688,2.19017156166667,1.33833737428571,3.8352423661,3.333111876,3.326598335,1.413891003,3.171731965,2.644283304,4.4253595,2.219349097,2.657534634,3.09594896,2.115244934,1.114770135,1.67941529716666,2.25754175266667,3.945395967,2.40612252,2.47952642020667,3.111137079,2.421760341,3.270891465,2.51386590283333,2.29468003666667,1.375799482,3.64991132,4.442546218,1.5688080954,3.739769619,2.112188055,4.2509191655,3.40151767
3.369800485,2.437638635,3.002512723,2.683773642,4.21282154866667,1.900220799,1e+20,2.184548156,3.911360733,2.12377981966667,2.31296704933334,1.50467954866667,2.62886271666667,1.917003362,2.018051673,2.60528248966667,2.047131969,2.82326398166667,2.89166082659524,2.55266594133333,1.886292862,3.106298895,1.959160025,3.8035819316,2.424376507,2.036237656,2.404916503,2.3775174085,2.90248881966667,1.924168647,1.76997143,3.094281419,4.05659691642857,1.95397445152381,3.15828514985714,1.41646233066667,2.676614747,2.50928362,2.590952621,2.67428884914286,4.459018287,2.73777989109524,2.81190432,2.48362236066667,2.542309985,2.22766705566667,2.19105846466667,2.010190895,2.27757223766667,2.21065541142857,3.3792359925,2.96762059871429,2.784500257,3.35898983138095,3.026766747,3.02721737166667,2.70727079428572,2.568009457,2.42767170766667,3.054013579,2.938970817,2.39318937633334,1.935478282,2.392683503,2.89900754557143,3.55635562786667,3.729801709,2.896592242,2.74645035166667,3.54234098676667,3.1091535445,3.972816056,2.3034390808,3.12104173866667,2.82333990642857,2.88406631,3.00072268466667,2.65902353866667,2.95309995916667,2.93048744251429,2.77084375966667,2.936805999,3.09356831583334,2.72080760033334,3.170016558,3.90063445766667,2.508864002,3.222459558,2.479394712,2.70598157633334,3.20719152,2.507209964,2.16419205,2.87927304066667,2.960356687,4.50477655966667,3.592994445,2.10608397866667,3.00461680466667,2.9476272445,2.3903634076,2.926562523,2.105348442,1.89186237,2.57996737566667,2.897970879,2.87962144716667,4.529040963,2.042788239,2.8721506161,2.09993093314286,2.0709801925,2.34616357953333,2.3744076105,2.864588888,2.25907642033334,3.730984508,3.64918706183333,2.32396582828572,1.93765790628571,3.2882262281,2.389725701,2.282310065,2.4205839,2.87959997,2.773296958,3.53346850966667,2.31341932366667,2.08310541166667,2.28523872666667,2.67145488366667,1.954955176,2.439933248,1.70730711066667,3.64249466733333,2.30934215977778,3.16439934314,2.37214486566666,2.424745967,2.488676267,2.08532716833333,2.550690192,2.271350649,2.47922249333333,4.043417803,2.70641303233333,2.952110508,3.432136339,3.1839938965,3.76093724
2.35425185966667,2.668580784,2.46315702866667,2.974616846,3.205554509,1.95293136066667,2.184548156,1e+20,3.079680037,1.630581463,1.95120589133333,1.86926560266667,2.14182333033333,2.07086495866667,1.207199845,1.96537641866667,1.69138448866667,3.197701578,2.9995811247381,1.79113957166667,1.993839809,2.406720585,1.956339651,3.15670663366666,1.575633411,1.76218072733333,2.235838017,2.54016214666667,2.56508569938095,1.698086737,1.82233867333334,2.1455218284,3.109969565,1.42687260828571,3.855020511,1.68701116833333,3.198948396,2.33636844866667,2.58433656266667,2.46280850866667,3.397033547,1.75923024733333,1.74459547966666,2.10093888366667,2.21702444166667,1.942016926,2.809434811,1.53922714671429,2.235241661,1.70722210028571,2.88996124483333,2.51698078890476,1.767827181,3.13547457,1.91882128433333,3.23014504433333,1.98444758680953,1.712574821,2.068356128,1.73916509766667,2.80752135233333,1.32137596766667,1.65320392,2.126496001,2.59703337171428,2.6413032376,3.11989799066667,2.626826451,1.88210352533333,2.87702386743333,2.15017073383333,2.33306137733333,2.46544665126667,2.54452903866667,2.39704307533333,2.42993969533333,2.246998353,2.35543212357143,2.5858324825,1.88623230232381,3.19696897533333,2.90000020966667,2.7555844265,2.328758175,2.962771966,3.2808225,1.67205784233333,3.0820923542,2.203310467,1.84339527933333,3.064117372,3.168547468,2.05666953833333,2.204797646,2.20192113366666,3.837147947,3.11338233,2.49814439433333,2.46139964511111,2.9981203085,2.3403633618,3.44825515033333,2.002041992,2.08032887366667,2.28666183966667,2.8860308888,2.8736915525,5.27920605433333,2.54127782866667,4.1976389515,2.15365718252381,2.87465178783333,4.00963052073333,2.60738841483333,3.39358322133333,2.0928196,4.61037955233334,4.057224382,2.26311311066667,2.39852801114286,3.4325400911,2.65895280733333,3.228926713,2.147263971,3.154681431,2.732523391,3.94093220933333,2.490429693,3.18234615366667,3.31936109566667,2.35956871066667,1.587963829,2.67594867633333,2.69501808766667,4.48530212433333,2.57379307922222,2.69497869508667,3.845133339,2.10844382233333,3.05137361233333,3.16834914133333,2.63144377466667,2.011876246,3.27173421666667,4.73443364433333,2.43330947266667,3.476673916,3.14142660533333,3.6167329385,4.374392582
1.14139299533333,2.71939090266666,2.018514957,5.478918545,1.75346861116667,2.551073321,3.911360733,3.079680037,1e+20,2.869387275,3.864790495,4.345957585,3.44418269,4.105465655,3.110167758,2.817884861,3.229418114,3.36021616366667,2.82463094016667,2.022062551,3.921663581,1.53784774866666,4.66785981,1.423854155,3.056742481,3.841312135,1.93138318,2.22398427183333,3.49497955,2.44092853933333,3.892039315,2.840793086,1.16711094895238,3.568641212,6.73301241,4.034846199,5.590246725,2.61204940333333,4.590113841,3.830505615,1.72419886033333,2.59851135933333,3.005318894,2.461491701,4.347183505,2.723976106,3.583391736,2.85133409457143,4.39119479,3.597615335,2.47419972216667,4.910007189,2.765469866,2.33588111952381,2.541544276,3.92066458,2.848987156,2.95797068314286,4.070413207,2.92403692266667,5.036040046,3.315406151,2.991571235,4.649834425,4.540518531,1.67482102873333,3.384546308,4.279285226,2.58664300666667,2.4590281011,2.6039618935,2.62546931188889,2.95437035453333,4.298207496,4.783650785,4.41564778,2.804938063,3.696226696,2.66937858083333,2.62579852147619,3.005642496,3.28208035666667,2.90688193866667,2.612756744,2.907006451,1.82505048766667,3.152116076,1.8447933318,5.02418875,3.09425223,5.866272516,2.833424365,3.14684668,3.800421804,2.78564362,2.35806535266667,1.90288406466667,3.941307659,2.67910952188889,3.25236115383333,3.57536213246667,4.14771092133333,4.48556106,4.335483036,3.414463721,2.7119393306,2.7547362005,7.836797166,3.94927660433333,4.6529558648,3.899779961,4.8925644385,5.01002711013333,3.46097489658333,5.802075131,4.04064144933333,4.991338116,2.9147147795,3.745411766,3.425012946,5.7054513271,4.957361609,5.585089256,3.195172693,3.58527488266667,3.625837114,6.451146041,3.818839823,4.31114330333333,4.725571151,3.410577081,3.050320431,3.3058820655,3.818520996,4.888693354,4.035743946,3.45596280479333,3.898755236,3.903052234,4.483074116,4.279502747,3.33405685066667,2.829683206,5.885489215,4.94230203733333,2.37734191133333,4.946226891,2.38965600333333,6.6047505435,2.69659286
2.596715542,2.43049442,2.621585377,3.511076125,2.89813683,1.30109927166667,2.12377981966667,1.630581463,2.869387275,1e+20,2.39661329,2.06845252666667,2.426901235,2.02208581,1.145122893,1.955750315,1.68936467,3.04649820033333,2.68507725116667,1.42123346666667,2.13386661,2.041276922,2.443007065,2.99882226,1.52783424,1.831181222,1.672615325,2.474908668,2.553258285,1.386030457,1.478291655,2.8901406442,2.805733335,1.223322392,4.206684575,1.722188076,3.52008772,1.340217295,2.64100437666667,3.027108075,3.322130547,1.65934592714286,1.87611962366667,1.75657311333333,2.83286285,2.284931111,2.74384629333333,1.09688018028572,2.566590455,2.167095615,2.8211973085,2.94855756233333,1.71415868,2.85481669642857,2.109004445,3.617269505,2.1151537742381,1.61878915642857,2.68608419833334,1.84554080333334,3.201937755,1.38622733,1.409385255,2.75337572,3.03931228,2.30156738693333,3.275902861,3.052644555,2.16014602733333,2.50090396476667,2.2313038205,2.26434168633333,1.9285708888,2.296760905,3.206660464,2.54752838666667,2.024675065,2.44378022690476,2.1280624545,1.70438779265714,2.75471145,2.852198303,2.42674424483333,2.519870353,2.56899895,2.897472198,1.652711633,2.703257874,2.65411844,1.687855705,3.308849285,2.92842793066667,1.62944741333333,2.281307933,2.40722021166667,3.417673205,2.645668933,2.143826708,2.57985616766667,3.22578948483333,2.26208246046667,3.375375094,1.792507745,1.851935385,2.03116635,2.7810116448,2.6846005725,5.46966314,2.46688683666667,4.0772061735,1.84723927071428,3.2456849375,3.8042181702,2.363123567,3.485093985,2.19989444833333,4.19104058,4.104219616,1.86808980142857,1.83283408071428,3.6252676311,2.939932611,3.07826544666667,2.025765465,3.19168719,2.447863378,4.140410595,2.059818142,3.197816834,3.25911804166667,2.337308073,1.13208832,2.367319162,2.58307487966667,4.217768452,2.39706168666667,2.76167652646,3.59063327066666,1.74555314,2.812160345,3.149955677,2.744886285,1.52236059,3.645566705,4.658523488,2.0017245964,3.354848759,2.853569682,4.1815858485,3.858180605
3.083968887,3.31996361966666,2.732564841,1.83096333,4.43760012,2.591993735,2.31296704933334,1.95120589133333,3.864790495,2.39661329,1e+20,1.47099070666667,1.613981195,2.118987025,1.947099303,1.926465777,1.961621477,2.78570307,3.53300302807143,2.87322397666667,1.65451065933333,3.176759315,1.46826065766667,3.75114363,1.606314886,1.701303426,2.739439549,2.690903974,2.02395412090476,2.93119080933333,2.075447664,1.98352584513333,4.153060895,1.99930500338095,2.970410115,1.717170032,2.045724612,3.12481441833333,1.627450653,1.68709368390476,4.299318727,2.745179975,1.471643115,2.03010393266667,1.59485971,2.83184104033333,2.823257971,2.27791647671429,0.969353028333332,1.68831712928571,3.7189160395,2.57106764619048,1.781872821,4.359370707,2.21109068,2.16895642766667,2.86115061433333,2.393537555,1.98672410266667,1.348671105,2.18798832266667,1.89538056933333,2.039018854,1.395015636,1.62435806990476,3.5032915736,2.098102036,1.95296926966667,2.34055732833333,3.3860024621,3.0170822505,3.042308978,3.5174434588,1.715332833,2.01133407685714,1.52716461433333,1.680833762,2.273537959,2.6708607725,2.7992930748,2.824991951,2.813095293,2.91229610333333,2.521819319,4.05719449466667,4.418143783,1.42203889833333,4.132385706,1.816179921,1.995680915,2.460816705,3.76763162,2.342415873,1.449790499,1.61015331633333,4.919653085,3.38247146366667,2.82426330133333,2.89145310688889,2.3015825505,2.9663670656,3.63885999633333,1.705270645,2.274222097,2.83771059333333,4.04858889493334,3.7440917615,4.455720855,2.72172600066667,4.38983482016667,2.49419227419047,2.92802601183333,3.9126850902,2.89845909666667,3.056843388,2.25698234833333,4.15521756433333,4.86536212533333,2.941346671,2.84983614585714,2.7923946721,2.41821645761905,2.90149439833333,2.850956148,3.52187991233333,2.516459703,3.13706481,2.673314122,3.59761590433333,3.33132831433333,2.91743557333333,2.26064035933333,3.128232548,2.97950436633333,3.849892713,2.96367026188889,3.64556539619333,3.826082965,2.05395559166667,2.84928722833334,3.68065808866667,3.519251246,2.524458687,3.68433847933333,4.536190931,3.519871963,2.641870982,4.39649113833333,3.62146084983333,4.803630415
3.897320835,2.95565538166667,3.403255927,2.137087065,4.50693367666667,2.45566374666667,1.50467954866667,1.86926560266667,4.345957585,2.06845252666667,1.47099070666667,1e+20,1.905227731,1.946566335,1.607140209,2.01972222,1.97668939033333,3.08094092466667,3.50241319616667,2.93890617666667,0.922179313333329,3.57226591166667,1.30454062166667,4.324655102,1.84800286,1.423636445,3.066660447,2.8744080885,2.048711007,2.570648829,1.59411899666667,2.413986637,4.442763665,1.60160958519048,2.576752065,1.054635614,2.028609206,3.16391630366667,1.97595575566667,1.93311981857143,4.663336487,2.62261879166667,2.145024187,2.52759098666667,2.09078083666666,2.55903802766667,2.699829055,1.891265895,1.34153319366667,1.571826945,3.9094576945,2.53385621676191,1.887048695,3.96222061166667,2.23652656833333,2.26387047633333,2.67081165861905,2.22852029309524,2.07488899466667,2.279784207,2.003691556,1.96648191266667,1.87393011666667,1.48871629033333,1.97195941000001,3.9616303636,2.721221303,2.08757663433333,2.56331195566667,3.9302923021,2.8614113245,3.520739648,3.11550571946667,2.380978395,2.13457989190476,1.71283085966667,2.21023341266667,1.74440351595238,3.1384905795,2.6940150648,3.058237511,3.30608561133333,3.21012497666667,2.41481289633333,3.74735653466667,4.28208781966667,1.80578797566667,3.81323249066667,1.614689055,2.380763935,2.18763883833333,3.36550607066666,2.27269282166667,2.03411593633333,2.32903335833333,4.823785195,3.85803702966667,2.27178682666667,2.97820336,2.96218804583333,2.41022433093333,2.82858904366667,1.30241453166667,1.59732236133333,2.36087818866667,3.59721944766667,3.28945634083334,3.974553765,2.08770716,3.4797180795,2.22200500161905,1.97777772516667,3.1760715882,2.80713485091667,2.533506302,1.888904135,3.65831075966667,4.20039386933333,2.42673089604762,2.33494768795238,2.55364895743333,1.94742180380952,2.19205692966667,2.82264007466667,2.84143246766667,2.58762442633333,2.73070241266667,2.28842306533334,2.64985188766667,2.628458932,2.631570481,1.90427430266667,2.86787325866667,2.12128464966667,3.47179809080952,2.636678495,3.13586905611333,3.35254059233333,1.79162825466667,2.29105093166667,2.74783316,2.97936431266667,2.28510055566667,2.75909478466666,4.01441562766667,3.14718974766667,2.516598002,4.01013780566667,2.8604474255,4.57722394166667
2.628713982,3.68294665666667,2.19484910366667,2.65260032,3.92857875166667,2.25803865833334,2.62886271666667,2.14182333033333,3.44418269,2.426901235,1.613981195,1.905227731,1e+20,1.81749929,2.15770893466667,1.421851505,2.37784159666667,2.75902319366667,3.45336144116667,2.56958859166667,2.11658267166667,2.917741384,2.18278782266667,3.381167485,2.17457653366666,2.54030312166667,2.57385401433333,2.85136079966667,1.50678873571429,2.60229799766667,2.80967363166667,1.77607536613333,3.64062399,2.07824566295238,3.42515888,2.20150620366667,2.267573251,2.41564528,2.04495610333333,1.53722367071428,3.974940457,2.93804877714286,1.426697488,1.83651177166667,2.234235015,1.99736106266667,3.46612127,2.2209604712381,1.67116302666667,0.920097357857144,3.7699301455,2.96970020985714,1.88180384666667,4.0432583152381,2.52175141666667,1.91032145,2.92836038695238,2.87352051809524,2.57260481166667,1.78822307666667,2.70384043166667,2.69747508166667,2.60451350166667,2.235217676,2.20188746642857,3.30309407406667,2.34790175833333,2.61199958666667,2.313223654,3.8753820091,2.45519393283333,3.360461693,3.45531683,2.47592139666667,2.97299316090476,1.55412800333333,1.784183895,2.39164644142857,2.60095834816667,2.66556078859048,3.04687862666667,3.06581195066667,2.96217076166667,2.526351734,3.44884936633334,3.907851843,2.355081662,3.86076977566667,2.12156009333333,2.65809070333333,2.98200747933333,4.39742461566667,2.36362388333333,2.249253298,1.66648903666667,4.40060436666667,3.17126970933333,2.915724453,2.61519617877778,2.5380774155,2.69219039046667,3.84896180866667,2.340817966,2.47916222833333,3.13389813833333,3.3716196898,4.0465445425,4.89392718,3.074072735,4.38323833183333,2.30381654404762,3.24266170416667,4.22378312853333,2.36754448033333,3.475800805,1.72255735,4.46256664666667,5.11533992766667,2.98427083142857,2.36154305238095,3.2482347961,2.84706514338095,3.05508329666667,1.818335817,3.89916646666667,3.30901738,3.653944395,2.97294287366667,3.70995659466667,3.64949594866667,2.59916395766667,2.21324432166667,2.15269230033333,3.28103643666667,4.38728491914286,3.30714414333333,3.21847815924667,4.01638936733333,2.428475694,3.15215452666667,3.701889808,3.25429425466667,2.53845936666667,3.71113587766667,4.82377471466667,2.98340865333333,3.559256191,3.95752216866667,3.6486561605,5.10239715666667
3.393128172,3.36798683166667,2.859607872,2.13963814,4.40909390866666,1.677764565,1.917003362,2.07086495866667,4.105465655,2.02208581,2.118987025,1.946566335,1.81749929,1e+20,2.273161963,1.62518628666667,2.189632545,3.283777122,3.43785144659524,2.70146675,2.313883155,3.371251745,1.940515461,4.06004897,2.324212822,2.52011731,2.713839699,2.728864558,1.32440997928572,2.058854512,2.3672647,2.3373568838,4.30865084642857,1.715843327,2.746277395,2.140125557,2.13761026,2.48709648166667,2.39335094666667,1.96982274,4.655290647,2.89933324642857,1.97589313866667,2.068539695,1.9451275,1.96042108566667,3.30678720666667,2.058797161,2.05364404166666,1.29126737571429,3.48008733116667,2.425937647,2.45661564,4.00110942928571,3.02558253,2.769648475,2.785731791,2.94430065642857,2.24806893233333,2.58047727833333,2.28806247833333,2.21446151333333,2.284201465,2.373868389,2.67206794357143,3.80840955786667,2.801626295,2.66759760333333,2.443958934,3.7700370621,2.9597407875,3.98724351911111,3.0315106328,2.59082281666666,2.33851054090476,1.89481451,2.111467445,2.38342106,2.9914448365,2.83115505908571,3.670976655,3.102082778,3.14875174,3.18256404466666,3.83357118466667,3.964399733,2.520987246,3.580614574,1.97816138,2.510417445,2.609683131,3.68796489733333,2.59671324166666,2.367087108,2.23903498,4.656373945,3.495907808,2.30195733133333,3.25757285322222,3.24540412983333,2.2260565246,3.892469477,1.592378535,1.84382333,2.49760405,3.1173329048,2.9653443175,4.215045695,2.95800369833333,3.67806490776667,1.46440795714286,3.0672679625,3.6391678202,1.9010538845,2.93087306,1.42731600333333,4.229917045,4.43330642016667,2.14535274357143,1.74224155928572,2.7482142811,2.23377036457143,2.929958985,1.809501517,3.79799125,2.923835808,3.13464318333333,2.73239990866667,2.968992704,3.41181786,2.236893934,1.60627801,2.08171763733333,2.83474202766667,3.854380197,2.61207192055556,2.78554978074,4.02761622566666,2.28102083833333,3.23880225,2.92251630033334,3.10733855,2.354145007,2.874451716,4.586021913,2.813512208,3.12200110766667,3.456526977,2.7155372155,4.601838125
2.805166462,2.588467988,2.652849596,3.161129709,3.15681113033333,1.98456129466667,2.018051673,1.207199845,3.110167758,1.145122893,1.947099303,1.607140209,2.15770893466667,2.273161963,1e+20,2.156493774,1.822364926,3.232573821,2.70140486316667,1.74811686966667,1.353619679,2.225447032,2.06184394,3.137777821,1.722095253,1.804051149,1.815242168,2.517458104,2.708890614,1.954782878,1.274107171,2.1706180132,3.026931898,1.187268382,4.053403764,1.107911037,3.101841819,2.05744349933333,2.60373663566667,2.702546189,3.31461172,1.876329514,1.957810759,2.121594693,2.470504057,2.44104995333333,2.718368688,1.15331369771429,2.363047004,1.765077339,3.32275277383333,2.76089566033333,1.65225918133333,3.26447732466667,1.734051564,3.207994134,1.6247048052381,1.30674717942857,2.648009779,1.55999519733333,2.828367183,1.732189259,1.864202323,2.244248054,2.42259192471429,2.45484819793333,3.133265431,2.810620844,1.87305133933333,2.95232606443333,1.9607240435,2.490697087,2.2906683038,2.384955904,2.57090663385714,2.419554474,2.131373699,2.06592537685714,2.6136886725,2.10277476637143,3.327405118,3.037130531,2.7707800145,2.384464252,2.57358780566667,3.221840395,1.338593884,3.072663185,2.313067664,1.689886718,3.195181034,3.173149837,1.52410465733334,2.396216332,2.492162724,4.078016768,3.182587276,2.47245918433333,2.18490033433333,3.19848296483333,2.34857111246667,3.521135024,1.908927984,1.930061173,2.24635050966667,3.3027966378,3.1241904495,5.318599144,2.63473605233333,4.2648167845,2.30158550014286,2.9233372795,3.9814073212,2.8213927255,3.473057069,2.17504469533333,4.746433034,4.2925255275,2.28683643514286,2.00102767171428,3.4602692931,2.538911523,3.10331120066667,2.60837759833333,3.442115224,2.66162788066667,3.995995459,2.144839679,3.51517513,3.54114883133334,2.869901294,1.69609241966667,2.753095313,2.83575208933333,4.573171926,2.69300442133333,2.83676196944667,3.86694963866667,1.969726179,2.706521634,3.343287247,2.911500124,1.882061038,3.725260625,4.8608949,2.7414454372,3.510846369,3.442975408,3.8599486325,4.286589848
2.093440317,3.02233017,1.574776152,3.28847517,3.20773788,1.66951721166667,2.60528248966667,1.96537641866667,2.817884861,1.955750315,1.926465777,2.01972222,1.421851505,1.62518628666667,2.156493774,1e+20,2.642300081,3.313925202,3.33540887645238,2.10323898,1.90228118,2.338845204,2.587911435,2.733690865,2.18339383966666,2.238268065,2.63331452166667,1.997425313,1.69352495166667,1.804198001,2.616009435,1.74236350433334,2.928719925,2.01771978961905,4.137062945,2.113851277,3.08533332,1.86557287666667,2.50662112,1.77146134333334,3.322284987,2.31337079880952,1.381666872,0.996199188333334,2.809004855,1.223927465,3.24245817,1.88258992457143,2.45348692166667,1.65873344738095,3.0984434335,2.88930298804762,1.64802990833333,2.897487875,2.342670725,2.30208441166667,2.27935706671429,2.719974485,2.752583577,2.06712377666667,2.80808869833333,2.62335623833333,2.3529131,2.670321416,2.22009925785714,2.88646360073333,2.270385698,2.17058212666667,2.710674434,3.24894707643333,2.4375582295,3.014897753,3.1057087152,2.64487082166667,3.07854639257143,1.998260185,1.699279015,2.02820332690476,2.81240519483333,2.13095904097143,3.42645113,3.17269166633333,3.08681568816667,2.341640193,3.380838855,3.02236781366667,2.562860184,3.04494243706667,2.537660215,2.225872275,3.287858741,3.42037835566667,2.448451017,2.618461198,1.66053799666667,3.24696830666667,3.034801678,2.76258694633333,1.76706313288889,1.85616962766667,2.80666087626667,4.117671882,2.412480995,2.48860958666667,3.1086417,2.9295710912,3.50866970983333,5.476842545,3.17304091833333,3.64943736516667,2.16740436952381,3.5811585125,3.9309814452,2.22017700616667,3.93429111833333,2.03566692166667,4.78976408,4.335746021,2.98410342666667,2.5223786847619,3.5976620711,3.037625496,3.432644795,1.92383478033333,3.88237722,3.266565798,4.10610202666667,2.989682642,2.800753252,3.43230409,2.36412601666667,1.97568026166667,2.3592956145,2.500314886,4.754797962,3.33047924722222,2.71627731496667,4.01802917566666,2.22132233633333,3.287794175,3.16117595233333,3.37925061233333,2.56133318,3.490100675,5.286703238,2.427806888,3.613765571,3.156474877,3.9842392285,4.41356138
3.140538972,2.01107453866667,3.168312757,2.80481296,3.575517275,2.158739925,2.047131969,1.69138448866667,3.229418114,1.68936467,1.961621477,1.97668939033333,2.37784159666667,2.189632545,1.822364926,2.642300081,1e+20,2.26682107566667,2.40709103407143,2.087005365,1.696559237,2.92935247,2.18870957666667,4.082725595,0.996544445666669,1.66847519433333,2.383476224,2.67663085933333,2.70394794714286,2.365717967,1.66539048433333,2.68423091546667,3.38775378,1.967166044,3.75612953857143,1.962498351,2.874868699,2.828378122,1.9479165,2.58165525880953,3.419924594,1.84883911238095,2.562170646,2.71489889766667,2.35195529433333,2.79796147933333,2.483476674,2.21905543971429,2.091350655,2.00990202619048,2.62730839949999,2.78419968157143,1.82523130466667,2.98871452533333,1.94246297366667,3.033976705,2.08730708780952,1.97975305057143,2.03383955366667,2.23439132133333,2.69082455433333,1.40892692966667,1.25815266266667,2.12916214266667,2.53859308071429,2.8600298606,3.033442439,2.59261145333334,2.029477924,2.8058098671,2.1979600525,2.67640745833333,2.28162447113333,2.05281698000001,2.28604338214286,2.57750816,1.91024422433333,1.77246552666667,1.8398192765,1.99173419837143,2.094401697,1.523946148,1.79159294116667,2.04836329933333,2.962501367,3.405833238,1.399844046,2.913413629,2.592884902,1.610268658,3.005427004,2.71014743766667,1.10669043466667,2.00783683133333,2.439478652,4.02027695,2.817943114,2.38651731166667,2.66301579633333,2.81279189416667,2.12513476646666,2.895211692,2.13576840133333,1.60987286733334,1.76275719633333,2.6349187856,2.04240542583333,4.71866005,2.13783281233333,4.0317020125,2.03639571442857,2.4740808925,3.82589445386667,2.94269996625,2.917826595,2.56436335,3.72212127,4.04532541233333,1.80522867190476,2.02975069771428,3.1492366811,2.22050236814286,2.772076268,2.476800925,2.76962229,2.44244050533333,3.386020985,1.872182651,3.137049446,2.83664324533334,2.522780655,1.631545405,2.629275759,2.35355338933333,3.74609884057143,1.69682638088889,3.0858473385,2.90899415266666,1.50261858633334,2.37817858,3.039360779,2.325353239,1.71446704733333,3.475669805,4.11663268133333,2.383928374,2.870636941,2.881190004,3.9872325665,3.44930950533333
3.50623884633333,1.629468517,3.56605998,3.867472197,2.667544958,3.137793892,2.82326398166667,3.197701578,3.36021616366667,3.04649820033333,2.78570307,3.08094092466667,2.75902319366667,3.283777122,3.232573821,3.313925202,2.26682107566667,1e+20,1.53201334192857,2.784441642,2.742683442,3.005192403,3.240666087,3.93344563133333,2.492984142,2.518992747,3.093228283,3.1234189075,3.116484487,2.944273693,2.61187547533333,3.5600178238,2.704756037,3.55205518995238,4.49438681557143,3.32435894266667,3.290320152,3.348819257,2.84156335366667,3.04705465514286,2.818497925,2.52697163080952,3.200516183,3.39747761866667,3.43295350133333,3.531571883,1.87850733033333,3.38608173471429,2.725101922,2.66744120985714,2.89560320916666,3.02082113542857,2.875167387,3.13823805366667,3.512232012,3.468883182,3.13678932461905,2.75594082652381,2.85168008733333,3.26394777033333,2.87109520033333,2.924830122,2.61961045866667,3.214499713,2.79099215628572,3.4745509996,3.071597315,2.539685997,3.44032209166667,2.67320885676667,3.9651403415,2.74987418822222,3.20120119553333,2.498522817,3.50441657361905,2.97073706366667,3.074985022,3.06854535414286,1.3919936575,3.17844681660952,1.29452186366667,2.24859909566667,2.68066331583333,3.077505837,3.35269463266667,3.77020779366667,2.737695561,3.09851138813333,3.345234147,2.65404560033333,3.390165861,2.401683726,2.14276214766667,2.988721409,3.179216677,4.24119773366667,2.789876951,2.65878985,2.91278081466667,3.32123210383333,3.4673040828,2.070065859,3.362401457,2.789193872,2.56114886866667,3.165351922,2.2325379795,5.34771085366667,1.849656112,3.16853369483334,3.41868459771429,2.62491492783334,3.32066230553334,3.719403014,3.100716242,2.806837767,2.79766040533334,3.300044968,2.71762975652381,3.08984176604762,3.0924643031,2.68631384085714,3.453464877,3.50616638333333,1.99607754033333,2.081328275,4.18122838533333,2.464980854,2.40716535033333,2.28814654633333,2.408177398,2.930942212,3.43715287833333,1.924109747,3.03609972519048,2.14870954366667,3.79705585344667,2.09247004633333,2.383983222,1.99864117033334,2.6934909365,2.468662382,2.91898306033333,4.015920652,3.10036183833333,2.60889235713333,2.42398522933333,3.46323538766667,4.5242688445,2.552177087
