1e+20,2.586389406,2.06677345,1.935141316,1.606330113,2.855625246,2.693370401,1.791068213,1.665405616,2.481757376,1.828031926,2.052538383,1.860148056,2.746552406,2.401751912,2.511210136,2.940419136,2.902721819,2.715940924,1.902182591,2.451233023,2.252711586,2.160994096,2.029150099,3.174662386,2.764042566,2.78004573,2.219755595,2.313296866,2.57724338,2.568137921,2.152605467,1.424139176,3.090073159,1.836616046,3.501476637,3.421340887,2.733857962,2.58553165,1.772225117,2.177117728,2.368504246,1.707060344,1.798406546,2.377475767,1.503858443,2.195425696,2.076269165,3.040164838,2.016679796,3.131285241,3.326269805,2.359034946,2.575938327,3.062568136,1.881157386,2.788587224,3.366529016,2.758867315,2.498402206,3.079829106,2.440665976,2.353155326,2.391810572,3.066937506,2.6039818948,2.777194564,2.616313186,2.418134602,3.4298915251,2.244200007,3.079451334,3.6400905949,2.725070766,2.604728674,1.907289176,1.741983586,2.939285456,2.338966523,2.2501820894,2.732047426,3.103247259,3.441255143,2.487121716,2.776061497,3.592972359,2.689286166,3.393010203,2.532665856,2.883198446,3.036921868,3.621094166,2.985078836,2.288922273,1.833037906,3.122975436,2.776402206,2.686062038,2.872003322,3.14480069078,4.3919869828,4.234311208,4.018802526,4.138372056,4.520818456,4.122323208,4.313334787,4.797417156,3.590526064,4.4424226894,4.018429026,4.095989961,4.1138127746,3.653897559,4.408322096,3.882438971,4.677794386,3.371391851,4.629595886,4.459278186,4.5068779221,4.195299188,4.717869676,3.273433118,4.517229476,3.892983392,4.776961806,4.774736328,3.644656546,4.307049816,4.149733706,4.015622616,3.969739683,4.152652656,4.486891977,4.961184461,4.3267358506,4.688592998,3.871202496,4.668006086,3.389033827,3.982258032,3.772902606,3.651502506,4.412954233,3.276448438,4.676585538,4.250205383,4.059296989,4.589656086
2.586389406,1e+20,2.6758576,2.20843441,2.467998253,1.45320252,2.201295521,2.038019053,2.46555407,1.96734761,2.48721446,2.582587583,2.65413225,2.17034382,2.368984046,1.94348305,1.75125645,1.738647787,1.64941264,2.260994909,2.369569903,2.00947656,2.08971051,2.376012841,2.30130014,1.66285224,2.270050162,2.753061293,2.03589964,1.843706582,1.522516665,2.547295779,2.49282969,1.746098387,2.27677028,1.886115139,1.628075759,2.0396719,2.041338284,2.975049555,2.794464332,1.4752597,2.692499502,2.64306106,2.406783435,2.353366843,2.02449797,1.876388145,2.236537388,2.25382213,3.333618363,2.640241525,2.5345453,2.761207329,2.20501475,2.836006,3.018305598,3.23415679,2.708871711,2.892847,2.30210496,2.50517481,2.1422363,3.136199544,2.75330656,3.7975062508,2.153968222,2.42705696,2.629068996,3.3389647211,2.770992069,3.676775992,3.9498199089,2.62160156,2.766672748,2.27813271,2.6365521,2.72400607,1.850448703,2.2964841274,2.32553972,3.112466017,3.423451307,2.45670439,2.829135175,3.099265993,2.73622822,3.930669483,2.22277487,2.6716787,2.518560598,2.934868364,2.31367403,3.065109853,2.86672408,2.74371285,2.608169364,2.007647588,3.387319484,3.28687588878,3.1483149448,2.814237858,2.56267398,2.55953449,2.87827303,2.869613042,2.841808539,3.05013509,2.345294726,3.0497786474,2.65091304,2.888394625,2.6567145926,2.428064447,2.60576033,2.689461635,2.7504465,2.869814149,2.91021508,2.76961072,3.0410005961,2.363121006,2.69035065,1.902015568,3.21367369,2.850346054,3.42261372,3.274449442,2.2515694,2.82863955,2.5994424,2.36633747,3.016624063,2.80888695,3.227673571,3.451651465,3.6945857426,2.804025052,2.33829755,2.93051336,2.940487719,2.916697406,2.48623522,2.701612164,3.225989593,2.322403048,3.152263928,3.086019857,2.467245587,2.96245848
2.06677345,2.6758576,1e+20,2.10650049,1.836029457,2.89129024,3.351544907,2.292134423,1.94503027,2.48648733,2.69592584,1.896745239,2.19922335,3.14130676,2.204625206,2.43393531,2.89231433,1.937905533,2.60085237,2.096684403,2.141596599,2.0723744,2.25265955,1.643380111,3.36844846,3.1531019,3.232946764,1.895817307,2.51504556,2.995823138,2.898718985,1.812262469,1.75903061,3.260894693,2.76488978,3.198547239,3.286926659,2.67698097,2.129055244,2.002478885,0.958188484,1.864749,1.683306798,2.3489472,2.452994625,1.841943933,2.05420469,2.346478581,2.806703188,2.10305765,2.594717633,3.125820819,2.30145216,2.634744145,3.02844389,2.2196964,2.549124418,2.95373207,2.288125529,1.62221458,2.61904638,2.20020971,2.54470344,1.995866514,2.8725696,2.4825273268,2.690307438,2.63334244,2.507441836,2.3954815151,2.697290361,2.214970366,3.4498050489,2.13239602,2.445970028,2.23254129,2.40871504,3.59723289,2.058515017,2.0862572014,2.63295364,2.393985091,2.881495457,2.65552563,2.749727531,3.727742913,2.32212216,2.949380599,3.18535951,2.4749131,3.171008502,3.179755818,2.61244051,1.844013747,2.11583002,2.57247609,2.478695298,2.461328884,2.309440416,2.56819346278,3.7414815648,4.174196902,4.14852882,4.09742173,4.28677525,3.651940446,4.134653179,4.79218147,3.447185506,4.6296443574,4.17830068,4.523440995,3.6847062486,3.587654443,4.29574229,3.948340191,4.52674388,3.591021335,4.44627662,4.45549292,4.7967271561,4.386642406,4.82243885,3.773929612,3.64773043,3.745932964,4.62037954,5.177490242,3.84421988,4.53090777,3.75359276,3.72696157,4.335763067,3.49078499,4.321933311,4.759217685,4.0508805886,4.236201592,4.00421947,4.73803962,4.456333479,3.667689852,3.548118,3.645937498,3.874202169,3.284464352,4.394696004,3.829758077,4.140073137,4.1652069
1.935141316,2.20843441,2.10650049,1e+20,1.862677243,1.88535003,2.349079551,1.154777503,1.8014473,2.05909992,1.85732969,1.899982133,1.46626452,1.63807563,1.799509856,2.26566674,2.01714598,2.130871117,2.48526927,2.175682919,1.704446053,2.20771827,1.2843746,2.058649451,2.42409159,2.11999155,2.659936052,2.115142963,2.01604829,2.123231872,2.117670095,1.662368289,1.81896862,2.377911437,1.54104023,2.716165629,2.651584149,2.53143409,1.991660834,2.032204725,2.389419882,2.04425639,1.866542192,1.62084259,1.520479905,1.957390973,2.28447078,1.825572675,2.242239578,1.52022836,2.786614013,3.264575715,1.81921369,2.851160759,2.56497722,2.01021623,3.007109288,3.17615736,2.463222641,2.41958531,2.94037331,2.4162678,1.79785081,2.871758014,2.65508025,3.1526128808,2.598716992,2.45585065,2.259368846,2.8571014911,2.552038779,3.118105482,3.8244324589,2.75144971,2.334569378,2.15545632,1.54041051,2.83944682,2.136907953,2.4312094774,1.96752029,2.743954467,3.624419617,2.16337562,2.733535245,3.191204943,1.95827015,3.215750353,2.25544338,2.22130811,2.821920168,3.391998134,2.76587206,2.690584063,2.33083193,2.93761004,2.753940514,2.512152298,2.944369254,2.53876287878,3.8656563348,3.596268328,3.18180489,3.4436972,3.64514562,3.710698592,3.594540169,3.7909614,3.123903176,3.7018897574,3.22581195,3.437633655,3.3167635826,2.998683657,3.8793002,3.291384345,3.65994423,3.432824459,3.95260057,3.90500417,3.5677883861,3.373294816,3.61770194,2.916882778,3.91304052,3.841156804,4.02813353,3.822028612,2.68867781,3.71458894,3.41893161,3.4885613,3.433995353,3.50594732,3.962341761,4.154857695,4.1402819526,4.029622402,2.85762758,3.86280017,2.909723029,3.758408276,3.24930711,3.326926374,3.651670603,2.880967958,4.010259578,3.515972827,3.319613837,3.97943191
1.606330113,2.467998253,1.836029457,1.862677243,1e+20,2.653576973,2.79652384,1.77850054,1.681779503,2.240030543,1.668547613,1.63296145,1.588071663,2.191660193,2.125898699,1.711336643,2.679517763,1.989253046,2.356429099,1.797171208,2.22272033,1.979802373,1.892354443,1.910347968,2.610517773,2.028114253,2.404196297,2.341072434,1.832194793,2.710665321,2.408555364,1.955623,1.979603683,2.49748808,1.874234393,2.734656712,2.734494092,2.252399781,2.644677337,1.519174062,2.028950831,1.893706213,1.451753951,1.692620053,2.051435136,1.846080162,1.831301643,2.10696474,2.643634441,1.747405743,3.325206972,3.447277772,2.321434413,2.553239828,3.396537063,2.224534553,3.153621391,3.588466203,2.971536532,2.514227533,3.003303153,2.652491043,2.535167593,2.520354651,2.884744453,3.0527306738,2.753132471,2.126922273,2.442672349,3.3742879221,2.366764414,3.268675433,4.0693365419,2.671828113,2.912922581,1.879812543,2.060481013,2.988369823,2.121858404,2.0726931884,2.861361013,3.169825078,3.57236421,2.782237783,2.619143154,3.556580726,2.682652853,3.34291115,2.999362623,3.070663173,3.166080675,3.510126625,2.958728903,2.50568996,2.469271753,3.046881003,2.739246285,2.317363925,2.660921589,3.14280914978,3.9998706578,3.904380855,3.197210353,3.521763003,3.664594523,3.676691989,4.098081112,3.842986923,3.151645085,3.7976969084,3.534268613,3.536771308,3.6440141716,2.90921587,3.785547423,3.567090828,4.090558573,3.053845116,3.820169813,3.910920753,4.1258869491,3.345731579,3.713236083,2.950539365,4.313766243,3.814535307,4.346733333,3.746462895,2.957406413,3.894366583,3.625543653,3.517037423,3.49753952,3.557770243,3.935720264,4.179297978,3.9320118896,4.170912225,3.042541223,3.987024693,3.478230694,3.862656641,3.376077053,3.495995565,3.6794686,2.675304985,4.262788845,3.94502659,3.479660866,3.991789273
2.855625246,1.45320252,2.89129024,1.88535003,2.653576973,1e+20,1.867760321,1.850304053,2.72153075,1.34522225,2.26151826,2.405105003,2.21015989,1.43580196,1.959658706,1.87252477,1.69444063,1.646448267,2.05482196,2.291709469,1.937249003,2.48458778,1.67780549,2.490176041,1.97840416,1.67597082,2.068389422,2.792009473,2.5959221,1.355762602,1.135622145,2.755871159,2.60532585,1.587699487,2.10526942,1.914663219,1.988285779,1.7281332,2.113147984,3.272749895,2.895685152,1.51196248,2.597043802,2.45259864,1.681457875,2.659640903,2.08616857,1.455268425,1.370159088,2.13341071,3.054563203,2.585613645,2.03683798,2.640726689,2.00075893,3.05212554,2.839840858,2.80166761,2.908652531,3.15142816,2.21623554,2.38597125,1.61247014,3.266916464,2.41300262,3.7900973308,2.681737822,2.4056604,2.826304256,3.0180940611,3.049794429,3.558572692,3.4841618489,2.89679406,2.266136388,2.31699393,2.38370588,2.91294641,2.045402283,2.3700930074,1.98191824,3.297085617,3.220715107,2.26151987,2.433266395,2.399825313,2.6233705,3.103448023,1.83537103,2.4461613,2.537473738,2.565052444,2.07082269,3.174127513,2.98199216,2.63352339,2.109308364,1.846813468,2.954590824,2.94163638878,2.6571729848,2.857669118,1.95237914,2.22272255,2.36020493,2.663317322,2.423979239,2.61843499,2.045855366,2.9743923274,2.20265894,2.618834805,1.9197257726,1.925968887,2.61979639,2.104134035,2.73141852,2.672606069,2.58681376,2.44091746,2.7371920161,2.048033026,2.69114627,1.991440648,2.77519055,2.593815434,3.11693074,2.857884402,2.0019061,2.86717631,2.46490648,2.10088577,2.493836623,2.40415767,2.679250191,2.994470005,3.2555989226,2.585701912,1.81123597,2.72267602,2.382485899,2.578584366,1.93507842,2.406176324,2.773139033,2.080644688,3.078747648,2.265135197,2.344790307,2.63322176
2.693370401,2.201295521,3.351544907,2.349079551,2.79652384,1.867760321,1e+20,1.814020388,2.973458431,2.293220531,2.719089181,2.549220358,2.844351391,1.975918581,2.452263567,2.437779711,2.398143071,2.492385788,2.163818979,2.53501985,2.345481458,2.685082441,2.455782571,2.871964288,2.236736741,2.308345041,2.114127697,2.946030474,3.310826361,1.625478039,1.682314976,2.75508406,2.965057231,1.867572374,2.365124141,2.059731638,1.826732482,2.055577841,2.750436283,3.526210704,3.491835243,2.587441121,2.960271899,2.791887021,2.338440234,3.098737538,2.391032991,1.924628066,1.845619747,2.720585011,3.625551642,2.9712138,2.746251301,2.602191228,2.509299291,3.198720561,3.410827297,3.373793751,3.403601192,3.605898761,2.996862961,3.423555851,2.038444381,3.431914587,2.880909541,4.0051037938,3.088626263,3.220961641,3.358210965,3.6579536601,3.63221328,4.303560733,3.7088451279,3.339830721,3.054727833,2.991675131,3.132145121,3.262021791,2.661915484,2.9868187484,2.674660961,3.723483338,3.426735656,3.080935471,3.151162796,2.651310094,3.230852581,3.593793718,2.032266431,2.740226061,2.792063023,2.916809877,2.464882091,3.881804294,3.613124581,3.426608971,3.077680465,2.177955629,3.937843945,3.24263740778,2.6965101038,2.573712303,2.405984521,2.454109031,2.569516191,2.087744909,2.68401434,3.088229951,2.008256615,2.7147008884,2.110044521,2.625720976,1.9920824136,1.893337254,2.569784751,2.361327066,2.620774981,2.526122332,2.753006841,2.520432201,2.7971995571,2.231212275,2.647413251,2.203353093,3.182325071,2.823271027,2.750604501,3.016778461,2.011962041,2.508634351,2.611155341,2.288408411,2.329586598,2.697784991,2.80549279,3.134250036,3.0382414816,2.758790353,2.514268091,2.980626101,2.286040042,2.225131431,2.366388601,2.558840157,2.791826828,2.186099533,2.922342553,2.768479698,2.329758854,3.046933101
1.791068213,2.038019053,2.292134423,1.154777503,1.77850054,1.850304053,1.814020388,1e+20,2.126574763,1.730858043,2.009396853,1.820649636,1.683496243,1.497547073,1.687719819,2.150042703,1.809055523,2.03679188,2.237291487,2.369120696,1.622162696,2.673213753,1.137927363,2.02475872,2.218690093,2.037992953,2.813671235,2.428998266,2.273354493,2.127860889,1.737283692,1.803781012,2.136613343,2.0463318,1.463562333,2.539291052,2.654388612,2.160291047,2.430248157,2.367189328,2.567500725,1.906744973,1.708881371,1.634025513,1.599859908,2.15245781,2.125292223,1.645142058,2.402232181,1.601280503,3.110791136,2.496061912,2.299281593,2.519145482,2.322852403,2.251588773,3.154795011,2.963113543,2.681009064,2.586687453,2.698958173,2.765009343,1.878522093,2.718700431,2.852447493,3.4726481978,2.727928995,2.514168033,2.656382017,3.2522159741,2.499075934,3.529144485,3.8042622819,2.987254093,2.292852485,2.165022403,2.131998913,2.490496663,2.274677836,2.4897150144,2.154149013,3.20576985,3.6993995,2.254764483,2.590019468,3.029924266,2.588462793,3.353000396,2.133439103,2.610667673,2.345258655,2.880527651,2.371499203,2.987401946,2.295653473,2.995361683,2.583525837,2.174218381,3.138215789,3.11356410178,3.4334795378,2.889269455,2.787886953,2.893641443,3.176171903,3.146093663,3.412671612,3.439928143,2.737026613,3.1373261744,2.655328513,2.747009208,3.2358284656,2.6976663,3.439693103,2.828282388,3.297774633,2.923235216,3.472285293,3.544452113,3.1377325491,2.890017653,3.168453243,2.256166965,3.528245023,3.322298601,3.667706073,3.470008215,2.272107353,2.972288003,2.764859373,3.000348863,2.84610784,3.066476743,3.401140044,3.708761778,3.5314670896,3.784956185,2.592491103,3.258946333,2.543421372,3.290165993,3.074842653,2.845080991,3.312752046,2.327315321,3.684069721,3.11658825,2.786575914,3.458770913
1.665405616,2.46555407,1.94503027,1.8014473,1.681779503,2.72153075,2.973458431,2.126574763,1e+20,2.1723882,1.80948069,1.667798553,1.91457084,2.39334871,1.732110136,1.89079856,2.24204006,2.081159357,2.56875775,1.684970039,1.981460173,1.98991035,1.8468366,1.205664831,2.56141955,2.31174075,2.538135152,2.044275763,1.85126607,2.840859952,2.511163615,1.663108929,1.62179314,2.735299397,2.06540133,2.816693369,3.072872609,2.66027011,2.117653234,1.475154765,1.961340142,1.88532661,1.598400872,1.97087903,2.150676905,1.936031053,1.76512248,2.127526835,2.585685938,1.44190966,3.116428193,3.566973615,2.26903605,3.036367379,2.92667236,2.24224875,2.648989768,3.0909193,2.820338361,2.39722037,2.92495459,2.22751764,2.37591719,2.466998094,2.94698613,2.5327639408,2.831692492,2.82612023,2.226891806,3.0356909711,2.603074519,3.016956302,3.5798586789,2.32199421,2.269768898,2.28263858,1.60444165,3.23885688,2.462780793,2.7649135374,2.76607905,2.815442807,3.151670517,2.37409882,2.587634625,3.154139663,2.11427427,2.898678693,2.88163874,2.79858795,3.442734828,3.448601374,2.83850434,2.610181503,2.20041445,2.9950314,2.929705574,2.472876278,2.824578234,3.03696071878,4.0708360548,4.251718188,3.42301857,4.0203318,3.9712628,4.086191312,3.862186869,4.41807866,3.495918676,3.9276534574,3.58887977,3.942851375,3.7508359426,3.318030757,4.33180012,3.726741205,4.12290205,3.923345439,4.12219741,4.21696655,4.2938414461,3.795941076,4.2396096,3.441649518,4.1304539,3.729832204,4.45385977,4.451476772,3.16245329,4.27178026,3.76568629,3.81323512,3.679745233,3.89592082,4.264167241,4.632806895,4.1824505526,4.252637702,3.24222058,4.17290373,3.633053149,4.245490256,3.57963539,3.846100334,4.218378243,3.430901518,4.566888418,4.208740447,3.865636997,4.30130769
2.481757376,1.96734761,2.48648733,2.05909992,2.240030543,1.34522225,2.293220531,1.730858043,2.1723882,1e+20,2.45717149,2.076367633,1.72306976,1.78317033,1.544321156,1.87002208,2.01390894,1.662460577,2.41106127,2.449829799,2.051101853,2.93176717,1.6935027,2.301166251,2.43090177,1.91962341,2.643200552,2.647863223,2.60234511,2.229670152,1.230894655,2.543426069,2.12002728,1.896395557,1.77943601,2.377022669,2.740212389,1.81372211,1.949031174,2.855314085,2.657265282,1.85788967,1.947986912,2.17580759,2.121491825,2.164919593,2.10686752,1.944352255,2.080762498,1.79452448,2.532991393,2.421452515,1.92044897,2.023600719,2.00882976,2.38139033,2.561103668,2.62861942,2.625639741,2.61443119,2.15055005,1.81396852,1.66436059,3.090886114,2.38898125,3.2173413008,2.690848652,2.21900501,2.964871826,2.4527057511,2.718990739,2.878146202,2.9067287789,2.36532329,2.022758598,1.69038326,2.02761315,2.5110437,1.745558453,2.0218197774,1.84017985,2.911878667,2.973538117,2.06128146,2.160813085,2.630714543,2.07282989,2.548912673,1.55968364,1.78173887,2.249826108,2.327818894,1.79993686,2.521178223,2.27823473,2.2274447,1.918910674,1.445563438,2.847561614,2.56277109878,3.2025392148,3.381863548,2.53802273,2.84615462,2.93932942,3.256975652,3.152844289,3.34203798,2.662326136,3.6738904974,2.79019167,3.293042595,2.7831606826,2.727697717,3.19539028,2.934587925,3.28946011,3.008666559,3.21850785,3.23535147,3.2406607461,2.921524356,3.1594078,2.463534878,3.36857372,2.869766144,3.79487173,3.470337912,2.62604043,3.4319792,2.70439841,2.54179724,3.234448913,2.88004484,3.347545461,3.617322335,3.7597704326,3.278470742,2.50332914,3.29766851,3.000140249,3.287032756,2.35670849,3.056560934,3.303740503,2.506179158,3.395875578,2.955589287,3.018040797,3.19670043
1.828031926,2.48721446,2.69592584,1.85732969,1.668547613,2.26151826,2.719089181,2.009396853,1.80948069,2.45717149,1e+20,2.106907023,1.65189775,1.98635256,2.647883366,1.90127629,1.78968877,2.295229447,2.46792124,1.731358089,2.631190383,1.86813978,1.73195093,1.980806201,1.77949536,1.37834658,1.713074262,2.492158973,1.60683488,2.496023202,2.132310665,2.140140279,2.35361833,2.479832607,1.75857374,2.765699019,2.781570479,2.86991938,2.258692784,2.325262415,2.896423152,1.9704552,2.112590462,1.65619624,1.843005175,2.317091023,1.65058039,2.795536545,1.742659348,1.70041971,3.282155623,3.645828445,2.62140616,3.339945209,2.71687807,2.43138354,3.585595158,3.56185245,2.796975091,2.9201663,3.21045682,2.73955025,1.75801148,3.179694744,2.88185048,3.7748976508,2.651181942,2.62447438,2.481925776,3.3206307211,2.760496289,3.830370972,4.5469915089,3.20093928,2.849599088,2.19823823,1.67487232,2.93099631,2.569220283,3.0323883274,2.31364766,3.030204057,3.346581267,2.47403769,3.238749215,3.469523013,2.54872386,4.090960863,2.68889223,2.8697479,3.277394078,3.425018564,3.05224141,3.075184733,2.4566783,3.43311671,3.283375904,2.965423748,3.501448444,3.10523596878,3.7335130448,3.724301038,2.36177868,3.05626915,3.04294855,3.408741182,3.233790459,3.17990765,3.245239546,3.6617023474,2.75238128,3.171257225,3.1008356526,3.206439287,3.11208735,2.780714155,3.31285578,3.893519469,3.17172488,3.24784148,3.3119528361,2.629423826,3.09853415,2.994490148,3.87181089,2.986658914,3.97798196,3.145202102,2.8586572,3.63093407,3.02499146,2.86069367,3.630481343,3.22870749,3.084293351,3.421547185,4.4464215426,3.405145532,2.33904321,3.628724,3.488967419,3.668023906,2.5829135,3.673490044,3.674695913,3.077460728,3.343123808,3.236327717,3.023558807,3.16272874
2.052538383,2.582587583,1.896745239,1.899982133,1.63296145,2.405105003,2.549220358,1.820649636,1.667798553,2.076367633,2.106907023,1e+20,1.759104573,2.215446883,1.830638829,1.931583193,2.691365533,2.18203591,2.681455697,2.212390492,1.5220957,2.306075583,1.861630793,2.12123455,2.873027143,2.212484363,2.906032087,2.483992476,2.088560703,2.634251239,2.420057962,2.112105082,1.931085073,2.382309156,1.845210223,2.403489162,2.795680542,2.418630457,2.427199087,1.913713392,2.372196189,2.185555903,1.546735525,1.468211263,2.404976512,1.941588206,1.714762573,1.61988023,2.945496151,1.462642573,2.71461948,3.113230188,1.927267303,2.545717906,2.709548613,2.225763483,2.837416581,3.196553073,2.618395674,2.482436503,2.880360023,2.138747113,2.267984943,2.551362847,2.761842703,3.1238812358,2.693785575,2.414458963,2.220001399,3.0716994241,2.276536472,3.118166075,3.4710624119,2.354420143,2.308803511,1.899552453,2.105762883,2.599427673,2.232449686,2.1845707104,2.408339743,2.8543059,3.34049468,2.248154333,2.365025632,2.878468236,2.098238483,2.9611683,2.499820033,2.569030343,2.556043281,3.183675787,2.579773793,2.355081756,2.342298643,2.807850113,2.603862247,1.985090371,2.812611707,2.70505964578,3.4994025418,3.356208981,3.234573563,3.538595993,3.581048873,3.355148219,3.692847022,3.860213693,2.910152303,3.5358051504,3.275832083,3.417575418,3.1102226696,2.74845064,3.954908573,3.342061938,3.329160123,3.310662572,3.809615883,4.025452457,3.6542310191,3.476180529,3.749043353,2.679484131,3.844589233,3.489730717,3.664789083,3.986430885,2.884044223,3.521218113,3.457686943,3.434016613,3.355070476,3.454311293,3.800458014,4.237409128,3.4686120596,3.946180955,2.939496593,3.856649483,3.303447844,3.363397383,3.325928803,2.911540787,3.35411579,2.779068095,4.101234771,3.68919704,3.518971104,3.970549843
1.860148056,2.65413225,2.19922335,1.46626452,1.588071663,2.21015989,2.844351391,1.683496243,1.91457084,1.72306976,1.65189775,1.759104573,1e+20,1.90076267,1.822280736,1.94389022,2.3178837,2.074503417,2.68392797,1.801744439,2.186173653,2.19474989,1.549802,2.280714071,2.60858339,1.98613365,2.294670172,2.629875263,2.05399963,2.670922812,2.099202375,1.955310009,2.20131762,2.242495377,1.32254119,2.736923669,2.643476909,2.47023453,2.620182874,2.054363605,2.679436142,2.10687971,1.586929832,1.32953125,2.207431025,2.036585893,1.29075516,2.062287555,2.540792018,1.39395528,3.304732453,3.279263075,2.16936451,2.713600859,3.04294338,2.07775983,3.316277388,3.58209606,3.035325981,2.53651747,2.97678697,2.80511664,2.36874215,2.764485494,2.72817353,3.5848391208,2.738014232,2.38060835,2.313610766,3.4748955311,2.176438739,3.633857022,3.9652793589,3.13604937,2.380138298,1.63172932,1.92354435,2.66623758,2.203527853,2.5365796574,2.61035867,3.428884947,3.810733937,2.49745332,2.186871525,3.042910323,2.21028027,3.220995113,2.30397252,2.89887419,2.835399368,3.663579214,2.71139024,2.620265383,2.39937217,3.26713266,2.634271394,2.024314078,3.064135974,3.21103599878,3.8303136748,3.665845228,2.83080445,3.2294056,3.31160656,3.784343772,3.837458269,3.5129443,3.414322596,3.6311353374,2.97700493,3.299706395,3.5205101026,2.879748337,3.50392716,3.162129165,3.83772187,3.327365819,3.64081677,3.67361245,3.5530704461,3.187190396,3.29859978,2.414157438,4.40094316,3.831951444,3.96575115,3.502812112,2.91842263,3.56577588,3.38465357,3.28715914,3.068452393,3.1381204,3.481788741,3.790328255,3.6972268726,3.879402962,2.66574336,3.53090507,3.192661429,3.401617816,3.14319217,3.013568554,3.618270943,2.876311458,3.629921538,3.635656927,3.143654177,3.71441493
2.746552406,2.17034382,3.14130676,1.63807563,2.191660193,1.43580196,1.975918581,1.497547073,2.39334871,1.78317033,1.98635256,2.215446883,1.90076267,1e+20,2.122512546,1.91036929,1.51750459,2.087381187,2.74415774,2.526824689,1.879766943,2.80927926,1.52613695,2.655129761,1.90885162,1.76500092,2.377451922,3.051200293,2.18149508,2.375798822,1.711963925,2.303169959,2.85212257,1.761163727,1.77653028,2.298716739,1.979327619,2.447332,2.666915664,2.991167795,3.333559192,2.14300068,2.586050782,2.42989354,1.596738895,2.875878143,2.11317441,2.168553185,2.190397308,1.71380997,3.384759543,3.146175525,2.29196992,2.961308169,2.63848057,2.8310614,3.519989138,3.65372509,3.305174871,3.15235748,2.82655744,2.89671547,2.04772498,3.330629484,3.19708474,4.3213279108,3.105518422,2.71524662,2.828984416,3.6164816211,3.066716389,4.119814972,4.2069671889,3.31475346,2.510222668,2.35081647,2.4998318,3.00987673,2.619035063,2.6792535874,2.59095456,3.542113277,4.068817947,2.69313773,2.630509475,3.137361793,2.846154,3.614724443,2.09746833,2.93844676,2.650952398,3.275473544,2.81023345,3.467184853,3.0194584,3.14070955,2.754500364,2.273777648,3.666094144,3.39988462878,3.1559166048,3.233278678,2.16460176,2.72695093,2.55227099,2.945792902,3.103895739,2.87817965,2.808340206,2.8554344274,1.95824514,2.191363625,2.8176570326,2.678937227,2.78770185,2.370633435,2.7608558,3.290741689,2.6649347,2.65646116,2.9245675961,2.250328946,2.79553479,2.078961408,3.60959331,3.219850374,3.40216538,2.668790562,2.2161331,2.72993081,2.78296682,2.32256649,2.747563403,2.49167303,2.879965991,3.160206105,3.7502262226,3.424314272,2.02143431,2.75859942,2.820251379,3.196732306,2.48305746,3.127674384,2.996506673,2.334427188,3.311449048,2.578770657,1.987406167,3.01372746
2.401751912,2.368984046,2.204625206,1.799509856,2.125898699,1.959658706,2.452263567,1.687719819,1.732110136,1.544321156,2.647883366,1.830638829,1.822280736,2.122512546,1e+20,2.014319516,2.430590976,2.155772733,2.635801666,2.562319935,1.702688029,2.545642546,1.853294896,1.924556715,2.946386886,2.290473626,2.973462416,2.432938899,2.360434646,2.332185586,1.810940359,2.271221905,1.603376956,2.047961119,2.078884466,2.337722153,2.316785153,2.098092946,2.189843198,2.325082241,2.334083018,2.021704666,1.298386888,2.026993986,2.337273129,2.298100989,2.008452756,1.962027879,2.542044382,1.629953936,2.921968389,2.593153159,1.885866466,2.197100935,2.126157456,2.410560206,2.122491132,2.567849476,2.338470477,2.280486426,2.329149866,2.221053056,2.224299206,2.500297098,2.472359166,2.9191322848,3.303271508,2.581817826,2.62369877,2.6916814751,2.534301535,2.756178578,2.5693426629,2.481317886,1.795896982,1.803118516,2.145269066,2.623130236,2.155311069,2.3332862934,2.321720706,2.428860151,2.893970481,2.063238516,2.218131041,2.768060299,1.949311226,2.404877057,2.405275576,2.075162466,2.684997624,2.64539769,1.906913896,2.611001719,2.332686586,2.604948836,2.50017083,2.002669714,2.44749549,2.68453352278,3.2950846188,3.761575244,3.277466966,3.460588416,3.363002276,3.197911608,2.917930467,3.934408936,2.827206992,3.6441027734,3.147753766,3.395146319,2.9180432186,2.527635241,3.876583776,3.031847649,3.636462106,3.184608215,3.720184906,3.446336734,3.8015928221,3.29818086,3.663103656,3.005665954,2.982127656,3.3233825,3.730442006,4.062861276,2.951356726,3.887645876,3.062232466,3.072257416,3.325645197,3.218324216,3.420970665,3.971801559,3.4325838766,3.284285766,3.099667316,3.640520466,3.049772445,3.25860778,3.021162186,3.10130579,3.335974179,2.782454174,3.816144734,3.052359771,3.455137081,3.626838626
2.511210136,1.94348305,2.43393531,2.26566674,1.711336643,1.87252477,2.437779711,2.150042703,1.89079856,1.87002208,1.90127629,1.931583193,1.94389022,1.91036929,2.014319516,1e+20,1.95565356,1.597873417,2.27418931,1.453246959,1.612697993,1.75701855,1.90340066,2.067092071,2.03595057,1.79032737,1.973922132,2.520184503,2.51818645,2.630861392,1.786191975,2.438943949,2.35772494,2.036844957,2.00650249,1.963891069,2.204543529,2.36597125,2.352076414,2.374655625,2.577721642,1.50918105,2.194794052,2.22893319,2.106147185,2.530043653,1.36649696,1.976862595,1.922280418,1.57974554,3.217492453,3.224836055,2.33267873,2.698049279,2.64261864,2.67247215,2.757718008,3.1178386,2.533381941,2.61262973,2.33189295,2.60521154,2.29689213,2.912997814,2.10945651,3.5182295208,2.677973352,1.87391577,2.294705786,3.0808352311,2.660525039,3.267498502,3.8820138389,2.49982553,2.608498518,1.90030456,2.29433795,2.92860608,2.216476233,2.1308979774,2.43755837,2.920552907,3.411919137,2.1659019,2.279477485,3.048423763,2.51961239,3.297562373,2.6438272,2.85967645,3.139942748,3.375767514,2.53957128,2.754681263,2.78002645,2.49516432,2.624592814,2.106543578,2.737059334,2.99777951878,3.2451435348,3.351616588,2.51149311,2.63073272,2.63967922,3.175298212,3.161644389,3.22967932,2.755451056,3.6161224574,2.35557699,2.832997815,2.7187741826,2.772975317,2.89496394,2.506604385,3.16529283,3.565913739,2.73445905,2.98942337,3.3634404061,2.250958916,3.14529976,2.530205058,3.63548388,3.144752524,3.61249807,3.255117112,2.66444107,3.15581326,2.73658035,2.5572406,2.865543293,2.78679704,2.997711221,3.375188815,3.9410373726,3.261035182,2.33380582,2.98092791,3.304054689,3.166126216,2.63031711,3.437854054,3.099243403,2.659024958,3.395143858,2.840234007,2.644633737,2.88124493
2.940419136,1.75125645,2.89231433,2.01714598,2.679517763,1.69444063,2.398143071,1.809055523,2.24204006,2.01390894,1.78968877,2.691365533,2.3178837,1.51750459,2.430590976,1.95565356,1e+20,1.917103397,2.63452095,2.064729659,2.396502813,2.14445289,1.94639614,2.345175011,1.52773369,1.86980983,2.010530772,2.770742483,2.12562009,2.287989892,1.891544315,2.390409869,2.89164028,1.953792117,2.24943053,2.292352989,2.178974749,2.39552085,2.185618574,2.972885205,3.370854182,2.08767863,3.021621252,2.34248997,1.694780365,2.800061753,2.07757596,2.486727875,1.935219378,2.17078408,3.277807273,3.127791815,2.41141439,2.981730759,2.54436264,2.99223985,3.457292528,3.64197916,3.067285621,3.11703625,3.00935785,2.87774454,1.93180059,3.671964434,3.06109419,4.2618629208,2.634358152,2.57512569,2.417326986,3.4390918111,3.049939439,3.982148882,4.2685369989,2.99146237,2.657938698,2.90872936,2.29537435,3.22701492,2.386735433,2.7164254174,2.07376223,3.307032067,3.715962997,2.7915884,3.139217405,2.984340623,2.52261025,3.998311853,2.2518721,2.61125581,2.517827848,3.326544294,2.97848942,3.395661103,3.30541023,3.45473946,2.905910034,2.683067718,3.885030014,3.02884721878,3.0410729348,2.738012648,2.18787055,2.37269482,2.30638358,2.978578292,2.809620909,2.57476396,2.604782316,3.1015223574,2.09203163,2.170148395,2.7888503226,2.475781177,2.6278098,2.191478885,2.47477685,3.144207039,2.53142949,2.59826229,2.8897004661,1.878685076,2.65693758,2.052526798,3.45233822,2.933990504,3.20561221,2.765927472,2.27308459,2.59856662,2.45106677,2.34339572,2.772561873,2.50047854,2.821698761,3.108462335,3.4966655326,3.276950502,1.99091006,2.59458383,2.941856649,3.189745856,2.58646137,3.193159594,2.849914283,2.469343598,3.184556178,2.882651707,2.348330957,2.69010611
2.902721819,1.738647787,1.937905533,2.130871117,1.989253046,1.646448267,2.492385788,2.03679188,2.081159357,1.662460577,2.295229447,2.18203591,2.074503417,2.087381187,2.155772733,1.597873417,1.917103397,1e+20,1.783354793,1.899262442,1.87544079,2.195531647,2.019889817,1.829584854,2.394435987,1.958194167,2.214358795,2.286149946,2.272030927,2.275371369,2.068201012,1.993242112,2.468780177,1.979603134,2.186104407,2.049549946,2.134308526,2.311972207,1.608398751,2.451773648,2.241748065,1.768364507,2.099056215,2.437590647,2.005186828,2.26692001,1.784665483,1.985009452,2.031518515,1.868000377,2.393304016,3.005333412,1.981599947,2.514271916,2.351541937,2.641486447,2.886960405,2.704482817,2.367305344,2.387912007,2.396615407,2.221325837,2.062370227,2.769998217,2.312285067,3.3588359978,2.306276055,2.230242847,2.642747003,2.4039180541,2.682751488,2.879590685,3.5539181959,2.232646387,2.267720335,2.456521497,2.623137667,3.040658417,1.536556416,2.3206663404,2.026521367,2.42113475,2.6003336,2.104499837,2.490632248,2.67562126,2.101364807,3.23910303,2.204304417,2.068121847,2.810449005,2.649334411,2.245899337,2.340341194,2.628167707,2.399225177,2.424459597,2.210062319,2.777813097,2.39391460178,3.4036910118,3.231280305,2.791173127,3.029573977,2.793945717,3.048283169,2.992859306,3.237465857,2.845520933,3.7320612744,2.713030247,3.291863372,2.7632572996,2.692286114,3.158631897,2.696783502,3.434264327,3.359016536,3.062003387,2.831327607,3.6405766631,2.746322893,3.477166917,2.898703815,3.412495557,3.247545101,3.540276647,3.636674509,2.809844287,3.674511477,3.046420247,2.611939597,3.07499021,2.713630357,3.358007398,3.537017672,3.8533055896,3.405920819,2.802976837,3.462809987,3.504241086,3.149404033,2.790983247,3.102608971,3.24867198,2.704487755,3.600803835,3.046118744,2.983837774,3.283950827
2.715940924,1.64941264,2.60085237,2.48526927,2.356429099,2.05482196,2.163818979,2.237291487,2.56875775,2.41106127,2.46792124,2.681455697,2.68392797,2.74415774,2.635801666,2.27418931,2.63452095,1.783354793,1e+20,2.186519511,2.752537983,2.72753848,2.75195403,2.006321939,3.05137252,2.47774222,2.547434078,1.768455687,2.69928562,1.99271114,2.045862963,2.182789261,2.75114607,2.429605567,2.50121358,2.292595479,2.235907799,2.29765738,2.088612504,2.787895725,2.409372792,2.17335166,2.509488738,2.53096874,2.372865329,2.229661861,2.24537133,2.088339425,2.364345068,2.53305485,2.793386873,3.155333579,2.71771882,2.895403429,2.63606497,3.1277913,3.120714378,2.91570473,2.817353829,3.21116076,3.03978358,2.96172389,2.29809102,2.611502384,2.89181214,3.3915653888,2.687951768,2.85073658,2.838410544,3.1345253591,2.925225531,3.549290428,3.9975922489,3.10382694,2.882630848,2.32294971,2.99435748,3.26287057,1.861513317,2.6494029294,2.3948348,2.786310005,2.959683907,2.82955345,2.907962779,3.364762833,2.59007224,3.780068823,2.42728011,2.6442727,2.754591822,2.859690242,2.41414385,3.125569987,2.65523634,3.01876745,2.745174856,2.434087588,3.209801036,2.75705770678,3.8294410248,3.245640922,3.46641168,3.00409835,3.55317387,3.35856743,3.493960079,3.92822519,2.536712686,3.6710547254,3.49262646,3.636846975,3.1741839706,2.819557277,3.52271911,3.171005735,3.65983364,2.936724827,3.75488646,3.26561786,3.8614788961,3.070074324,3.72030151,2.690961612,3.71259449,3.169778526,3.65243836,4.027010102,2.94116928,3.69367119,3.04422776,3.08282597,3.320120147,3.43457543,3.856369231,3.803429765,3.9035087406,3.565857012,3.07011383,3.85796054,3.169331879,3.472393352,3.00563028,2.915377642,3.833607887,2.656450828,3.655291132,3.677863197,3.298993605,3.67934418
1.902182591,2.260994909,2.096684403,2.175682919,1.797171208,2.291709469,2.53501985,2.369120696,1.684970039,2.449829799,1.731358089,2.212390492,1.801744439,2.526824689,2.562319935,1.453246959,2.064729659,1.899262442,2.186519511,1e+20,2.005188512,1.547285449,1.768353619,1.682888042,2.076622029,1.948552789,1.660985433,2.184176924,2.468979129,2.644671731,2.071281394,2.10930177,2.292480719,2.722443936,2.029647729,2.518801328,2.931981928,2.964369529,2.091127153,1.979321506,2.364666047,1.715016669,2.389022407,1.904432709,2.248479718,2.607635372,1.131863859,2.722526314,1.655210637,1.783263479,2.926151762,3.708437754,2.466496449,2.88247266,2.669344379,2.484335749,3.255460207,3.116051119,2.312242758,2.633076169,2.833841669,2.633188559,1.977863329,2.897363515,2.359149549,3.0435266618,2.651012617,2.347864969,2.163434765,2.8360892281,2.58377221,3.015567557,3.9907919579,2.757568569,2.884813877,2.395835739,2.174476969,2.992923539,2.251316706,2.3769033384,2.575813369,2.614047028,3.130976016,2.079185399,2.664349308,3.404864362,2.600460549,3.584494492,2.873557379,2.716097269,2.916606951,3.333409013,2.577155099,2.783217662,2.588204869,3.308630499,2.957724855,2.535935017,2.946049425,2.46624941578,3.8516850538,3.862364511,2.916043629,2.881734119,3.129202779,3.523840971,3.756932808,3.418997059,3.488355023,3.8739744184,2.992048689,3.503861114,3.4001264016,3.640313496,3.271525279,2.926956684,3.509703289,3.94966124,3.366163589,3.559546649,3.7425744451,3.071032895,3.708751719,3.356300621,4.173183279,3.753652643,4.149783529,3.658409731,3.073122249,3.603633699,3.188324469,3.078370279,3.493862896,3.207313719,3.52495032,3.831112634,4.1873446576,3.834668701,2.981055279,3.499161389,3.93496299,3.850573555,3.176865689,3.870850533,3.642182642,3.528721937,3.823696857,3.448275726,3.302552116,3.446835709
2.451233023,2.369569903,2.141596599,1.704446053,2.22272033,1.937249003,2.345481458,1.622162696,1.981460173,2.051101853,2.631190383,1.5220957,2.186173653,1.879766943,1.702688029,1.612697993,2.396502813,1.87544079,2.752537983,2.005188512,1e+20,2.309779383,1.579930193,2.11181261,2.526401243,2.020621043,2.599024325,2.763785856,2.659709023,2.051541959,1.845601188,2.594774202,2.214579453,2.19882069,2.095831963,1.996732062,2.145912682,2.364624877,2.255663787,2.031062352,2.172267109,1.941797643,2.100113585,1.990961123,1.941143512,2.561564426,1.753038033,1.40606901,2.491095831,1.588274713,2.5924854,2.898588748,2.207818563,2.407352586,2.538724413,2.572492003,2.918785441,2.754956393,2.345733454,2.737367843,2.439515723,2.546271853,2.361869923,2.844709381,2.480156163,3.1511514878,2.864425485,2.335123363,2.765948279,3.0657127041,2.928937212,3.273221915,3.5510337919,2.649994143,2.555547731,2.394727473,2.657262123,2.970922873,2.518616726,2.4488043504,2.600014623,2.67764058,3.49787839,1.912702313,2.061219332,2.940444856,2.413244003,2.95028026,2.588669773,2.707873563,3.132178041,3.082608547,2.200100933,2.742873056,2.959112943,2.575181213,2.590028401,1.797281335,2.843936947,2.83820880578,2.9352147878,3.064537501,2.689004623,2.875889693,2.786896193,2.521686659,2.695207062,3.309450893,2.485532163,3.3278535104,2.585536523,2.923907678,2.5786422696,2.21954772,3.173887373,2.337791448,3.021707843,3.076787286,3.225750643,3.214374043,3.2794374791,2.865311989,3.470031613,2.657720211,3.073263013,3.218449811,3.186922403,3.640799725,2.572570803,3.397462553,2.792583523,2.848833213,2.89255467,2.724876453,3.197827134,3.424703348,2.9365460396,3.252124395,2.831783933,3.416398303,2.935496044,3.039475663,3.066687383,3.124608427,2.52559077,2.366170775,3.501386955,2.66856074,3.008847364,3.342438323
2.252711586,2.00947656,2.0723744,2.20771827,1.979802373,2.48458778,2.685082441,2.673213753,1.98991035,2.93176717,1.86813978,2.306075583,2.19474989,2.80927926,2.545642546,1.75701855,2.14445289,2.195531647,2.72753848,1.547285449,2.309779383,1e+20,2.29964413,1.851896781,2.2057743,2.13879834,2.141953142,2.369402533,1.88061486,2.627633302,2.167471385,2.266469559,2.44153643,2.589838287,2.42784706,2.379830019,2.485422679,3.09213406,2.205088224,1.763325015,2.350304192,2.15341544,2.288355302,2.0582254,2.437834415,2.570998503,1.62158437,2.805612185,2.018813348,1.77182367,3.032861863,3.228620465,2.61171076,3.220394789,2.82570829,2.34895766,2.994038038,3.76393591,2.601860531,2.3319827,3.05530826,2.51815367,2.51113742,2.514040784,2.69931286,3.2340264508,2.662734982,2.32184638,1.704901376,3.1474721811,2.079157749,3.144951552,4.1721282089,2.91134598,2.609278868,2.47809923,2.08220586,2.59236817,2.513687023,2.5067766874,2.77125566,2.836027957,3.505333607,2.50651179,2.864882935,3.233671173,2.52476462,3.682204543,3.04395823,2.90306308,2.751939058,3.613858884,3.10782685,2.813648653,2.48308648,3.20953447,3.040974724,2.679554128,2.725198044,2.60368224878,3.9221557048,3.696233758,3.05164868,3.36441079,3.27354383,3.661005662,3.960456159,3.77979909,3.478557226,4.1201251674,3.15508096,3.318803325,3.4444436526,3.432028367,3.52373263,3.146234455,3.6613823,3.937562309,3.47987282,3.80936074,3.8208520961,3.056598826,3.73139227,3.222947948,4.29454011,3.872068474,4.15975088,3.982995722,2.94829436,3.73518927,3.17656024,3.11864741,3.684626423,3.35785423,3.886594551,4.096741085,4.3419714626,4.108798132,2.93846483,3.64823064,3.775668919,3.899649386,3.18854802,3.722136424,3.774521093,3.401502508,4.201963148,3.631668397,3.371904487,3.56835212
