1e+20,1.46205427775979,1.22577453365218,1.00586803178735,0.773657787150968,1.22661246587171,1.58831345230801,1.18621712333938,0.773559189432715,1.12620979012661,1.18540721184631,1.07071260446585,0.842325091622762,1.14091909897681,0.965118851802788,1.34821525993141,1.39833650070899,1.43756901145317,1.68206350457666,1.28104171827496,1.38363970521097,1.53192006246208,1.14604915806144,1.09270160648224,1.33292267693073,1.10682688274548,1.58936078008773,1.3722797737422,1.15885970644618,1.64847081701401,1.34731069748134,1.20628306357338,0.7824579736412,1.26220923040441,0.999472757194024,1.43815094889542,1.58166800132526,1.38881732544589,1.3442578906695,1.03684726168441,1.17489314024198,1.18486048209262,0.935027772371848,0.973337797061362,1.23233262750114,0.939793058270724,1.26322434431964,1.45328783568892,1.58208979625528,1.08623164377218,1.45157212596972,1.39383956082025,1.30376764896401,1.23951967506645,1.58304119181555,1.21248423883763,1.13958070946088,1.50178387426561,1.46804570866376,1.29439120410485,1.33524319589709,1.12685119939544,1.32852065305117,1.11387460437652,1.24406797942505,1.31525509861302,1.5472680238091,1.31695896603905,1.42780013650508,1.54107932592317,1.22971484507176,1.27441627837076,1.39046919493335,1.19488079532475,1.39010122036666,1.19109060037881,1.02904737887762,1.21643285501074,1.42580765378533,1.27803418748209,1.46246182864159,1.5698226546563,1.73760361485025,1.25144310236322,1.28889981849833,1.51986496100796,1.30678788271625,1.30976244730715,1.56530579063658,1.43621758491969,1.26927556547543,1.3457819530121,1.4178587923007,1.08854025678623,1.04729665791799,1.39181760602979,1.349293173876,1.44528229507399,1.25339933865689,1.75123168591827,1.94082044465545,1.79537198720402,1.60006199964728,1.58719449535548,1.72288980381762,1.83225741568324,1.67862718012624,1.53895833681227,1.57645423747677,1.61418027847779,1.58569879925353,1.55801508658692,1.77395904248877,1.63500279420917,1.84535492666636,1.64359297566233,1.60658414963469,1.67176502699386,1.5939263893298,1.81407289886805,1.7152103888502,1.67578698603042,1.77327069460005,1.62421979096645,1.70482921144863,1.69422148016656,1.98988039261533,1.67262197161523,1.52843787088785,1.71496975533223,1.46528194067675,1.67812366348554,1.68532410239944,1.82641024298402,1.69291820761792,1.81505487466721,1.86909594885689,1.94955882795569,1.514520361586,1.82423821713646,1.55834105496849,1.8219195644542,1.59392660052746,1.74164119492934,1.87201471916383,1.76106412422983,1.93578645633014,1.57939207703684,1.57924967846604,1.71221961180946
1.46205427775979,1e+20,1.39280838128346,1.19367463427684,1.1092632934929,1.21449812334763,1.04946647683867,1.34724846195624,1.29772772208854,1.1459011212208,1.32432955436124,1.6533306542579,1.1244948359001,1.22523107203801,1.27356587900794,1.34958644100622,1.14837049215164,1.2587550998545,1.16134476222815,1.47179087439262,1.12966544125184,1.42956065661839,1.02203150633433,1.32274763393601,1.05179391395775,1.25430801105145,1.54243708313082,1.45408160151403,1.42234514138643,0.960510025191502,0.916537834855105,1.14141834313545,1.43428542059384,1.24410079760778,1.33597080820739,1.19813360894114,1.4399868179558,1.18178131624201,1.37172864568578,1.49523912612898,1.3450904595626,0.513020564831866,1.34067972412043,1.51288244157526,1.22283529865024,1.68432947538764,1.55507122508545,1.10432721864442,0.919946224049071,1.45703143104003,1.27885079895991,1.21094831607855,1.25746061478971,1.40277683798392,1.23576522854389,1.50905246540973,1.3326250213769,1.3183207029406,1.25811493598133,1.45578036426361,1.11635364866338,1.10206809702866,1.05902293922999,1.64034427057677,1.10333001650373,1.59509935928313,1.61839562422029,1.0174440335172,1.40067028053159,1.44588392223854,1.39046252495419,1.5297969423117,1.64805709802657,1.31968288295693,1.15044130312954,0.903266250416465,1.0044859647549,1.36733455331707,1.45951075093444,1.39801043888502,0.948650094230517,1.28883199013449,1.65193344693493,1.21006537574262,1.10352783099451,1.50033265388091,1.06330969513666,1.43933022527365,1.10194089435143,1.49033105606075,1.45168901490671,1.7428112800622,1.12004573166883,1.29885395353903,1.19296061394122,1.45765820218903,1.04998087263144,0.862586468492705,1.44262469186145,1.38594709795524,1.58938901991247,1.95735433099577,1.21600292325616,0.975161778379952,1.45268456141887,1.56184263457771,1.31913748344351,1.23915592705594,1.33563993679708,1.46841004630373,1.21204352935498,1.41180972062467,1.29945965289454,1.25275869897905,1.05755706838923,1.36639131705759,1.2170564646277,1.38167916633905,1.25246431285099,1.30146083833616,1.48228784436854,1.14583935209255,1.27280962648051,1.26826018541946,1.49450537687246,1.49213620768505,1.65193815360903,1.47556923646357,1.3866497653451,1.18313424598823,1.42780540819967,1.27478631833532,1.44150059570852,1.51204684718164,1.471792710663,1.49873216130403,1.74050660265888,1.07089367529568,1.09744977181414,1.64197302485689,1.29827691903274,1.42913419237469,1.24408824033587,1.49797757573739,1.55079081320724,1.34072654637253,1.51905945059119,1.48431887476277,1.49985142203129,1.61398206460447
1.22577453365218,1.39280838128346,1e+20,1.11565402705661,1.47321109355145,1.28668799315719,1.4941676819056,1.31782707067239,0.965811573348842,1.20279557906083,1.52019755510885,1.61342247451636,1.27002465319323,1.41427856245732,1.00605335320922,1.49121796139703,1.32698590488297,1.38880772868591,1.48740183529166,1.34066529668053,1.60154408489424,1.57344379450349,1.35439653840832,0.974442518503503,1.27834618733978,1.54982311984154,1.37482133261001,1.17314079072402,1.41683400967847,1.51583737166224,1.38946966611444,0.988025743183215,1.10899973519408,1.73477105898922,1.47509517270619,1.85950393230183,1.39795868296823,1.51136677953205,1.18330236344398,1.40185518091725,0.982966921015625,1.19017358851748,1.19079764016082,1.34933892594992,1.19185322552747,1.29730821785716,1.30587632007596,1.24935168285622,1.0423383933166,1.47856302380461,1.31757894651619,1.42322334728726,1.34931379409315,1.16729505487974,1.41799662056834,1.13297208858196,1.46047842963721,1.27983476917359,1.22003965014615,1.04991989916009,1.52262116306553,1.31713891819089,1.12355631788794,1.41088878540082,1.44532573977018,1.26997473339602,1.13762217641623,1.62321388245266,1.43416383678666,1.10678995717604,1.43818416800616,1.42603515125045,1.41579056395294,1.07275451806684,1.3603972585889,1.27388792772377,1.01680536367043,1.35155295609434,1.09360577978615,1.23262628886131,1.32470730400882,1.14648033666392,1.53518778994901,1.06634106428972,1.14856749348954,1.60350852006079,1.32817040162156,1.24992346207001,1.18960242347871,1.09741049286569,1.44232009997588,1.55093992139032,1.15695084299252,0.881080512902773,1.18009235296021,1.54741906268376,1.18192492645358,1.5510960785346,1.38978034478958,1.44707334327585,1.7540358826976,2.01267684686161,1.64330565799552,1.50409888758134,1.92177604757117,1.7873285076778,1.86953253571372,1.75944271430105,1.6060018306349,1.99219162047505,1.81002873163284,1.8317362183027,1.64199830351432,1.72419017299487,1.67373118722786,1.60032504199564,1.62924826319265,1.59643780258809,1.78956495205814,1.86789007265245,1.89053717599396,1.7834288652374,1.72664440865915,1.70772662822538,1.81191882718097,1.71832101449224,2.04707449676725,1.81399561410253,1.64435561962766,1.88391589641,1.58869553768457,1.81882604366587,1.94839857677577,1.69188984601498,1.84238065096225,1.99669126861058,1.82350243677205,1.70001973892696,1.57922282631269,1.91581615066395,1.71703107486643,2.00677119032937,1.55155971162348,1.72712997783366,1.78719826270224,1.64729851426184,1.91815059438287,1.61965754583559,2.03281350307692,2.00282711717201
1.00586803178735,1.19367463427684,1.11565402705661,1e+20,1.005380875218,1.19807368426083,1.18955244120364,0.593179508370094,1.00577050837929,1.13395687748715,1.1108381312902,1.41583135723662,0.794846967587961,0.77769002312625,1.27601929909443,1.37969788186993,1.15985436755894,1.36094975497861,1.32330727449152,1.01245713877239,0.956601183065557,1.05593514187453,0.601621888485935,1.13440653275268,0.89974888781932,1.13340834233482,1.26777583778373,1.08432866497252,1.04752972110283,1.27570589593044,0.876118823842152,1.17736860534362,0.866605263743804,1.18561410588824,0.749458638030768,1.57775041024779,0.950064262945799,1.54521797611445,1.2124870753209,1.34058198124194,1.12262812087363,1.11881675957672,1.16610876017213,1.32174214238344,1.07324696361899,1.00095497473553,1.01569759958719,1.04434609195517,1.24110847844497,1.18559191383663,1.14876480728153,1.43370024228447,1.11134860922126,1.30896492563339,1.11403657819594,1.16336076091316,1.29273022633883,1.21639821657175,1.11818836918089,1.08033464255407,1.28187122439196,1.07193769591811,0.963916457179989,1.33427618017469,1.10454537834697,1.33350979852746,1.22920871527684,1.42202443046714,1.26090854168527,1.15461439132224,1.33823291727038,1.27492869826748,1.48761281792955,1.19790021186948,1.07016333831632,1.06753524867773,0.821901380684657,1.23379612834504,1.02165616983047,1.16848459148372,0.990488090109191,1.1452640670924,1.60716020624787,0.93434543075428,1.19600871760755,1.44839426144879,1.08127343081907,1.29253106791162,1.04909639314367,1.1328600282637,1.29702185872193,1.37413451898998,1.11167904001379,0.996258617823241,0.975203981054043,1.37250419046772,1.07569361540759,1.24765452814203,1.35875592595653,1.43161228697745,1.7037826833973,1.53614445175197,1.32542883743572,1.19252377004976,1.39248188326418,1.3659879801254,1.47263514499826,1.32210290913256,1.2924974370176,1.17245207315562,1.07325985491066,1.24938940139074,1.50631560061275,1.37036576333702,1.52566570654974,1.23541921632134,1.44522881207471,1.29749496297493,1.24699165168771,1.43670743590642,1.57763980626131,1.58061494741086,1.54104069395881,1.18775227303968,1.49079842494531,1.51217094393248,1.61212169404577,1.35797517683221,1.06881328652464,1.34696276035984,1.29779271654781,1.23873683116364,1.30883935718265,1.5848647896706,1.64525880577087,1.47294627506576,1.37554751192755,1.63084850414408,1.19445038674587,1.62567338864029,1.12611666492422,1.60842528545071,1.17943496479809,1.11408795064269,1.43163575818236,1.35811083743614,1.66399483712244,1.54339436659165,1.25433623614886,1.41709928172932
0.773657787150968,1.1092632934929,1.47321109355145,1.005380875218,1e+20,1.25211972005643,1.44819034847932,1.15069643727164,0.993509680374071,1.08296819177471,0.969555775820602,1.12838276622146,0.789190300947105,1.21225418183322,1.22793093617801,1.20487526734324,1.27418221046116,1.30165209728499,1.33545027739174,1.20257393958036,1.08166978169141,1.3851953974363,0.96506308175268,1.23562884175698,1.37588068598441,0.948782793679837,1.55492793848551,1.25984136854242,1.10410327643349,1.35048874599738,1.07677670456673,1.19673249203492,1.02020585746126,1.07418556723188,0.999979141086384,1.05910220671495,1.55098439182988,1.34626072011197,1.39692749400866,0.980747602939443,1.21961113315392,0.897375288650821,1.05838802461332,1.07762030301129,1.27138403637747,1.20091018470739,1.27220212735898,1.29419327030548,1.57156460437235,1.03143596556817,1.32451472732888,1.36268717149364,1.22046750573371,1.33553607348878,1.45229655378368,1.43782526886495,1.17056914880347,1.25585983027572,1.38566257535704,1.455155076791,1.13960380516221,0.992859816021597,1.30854226511215,1.37327105582605,0.864340250573887,1.35726465239408,1.75002313857173,1.0271792761651,1.41949175168306,1.49259956354224,1.31603071164634,1.19115471085817,1.49563116626333,1.38299610712558,1.24711999693997,0.884885332378143,0.988158673362732,1.38043717219266,1.38556879874596,1.12851667849441,1.21013444941072,1.38212402943034,1.63103962350305,1.21811950297575,1.12156604232393,1.60076434606143,1.15069815067706,1.24735875124323,1.44883578626893,1.58912132795341,1.48287000452166,1.55240121318824,1.25827560454852,1.27282932090008,0.957843853483274,1.28272585393228,1.24142202670792,0.960181960728918,1.15674131334154,1.50792356496944,1.81887127287461,1.70429037966508,1.50131493288849,1.40245562792515,1.39381382024195,1.72741746577569,1.45536799228104,1.35989409355404,1.51548026487703,1.37586841748616,1.37723520310246,1.28266014858379,1.56785927290795,1.42511409073067,1.60458013813411,1.60747919857946,1.5535669517609,1.53493759752301,1.41784115823529,1.66760046695752,1.61541472598212,1.48700969876846,1.61079465039461,1.39918488490264,1.55847886976626,1.59043034636644,1.83043193830161,1.50975741247229,1.37590491283414,1.48321265003551,1.46423302795255,1.36365474853598,1.38060884335482,1.75455999296764,1.52947734045373,1.57557409122924,1.72549575042741,1.73686484438575,1.31979688166755,1.80921793476446,1.41855937998389,1.58932311255804,1.46134994096626,1.55328273234571,1.82279178089555,1.71188551792431,1.75713110653808,1.52019137918975,1.38170350412634,1.5496940592993
1.22661246587171,1.21449812334763,1.28668799315719,1.19807368426083,1.25211972005643,1e+20,0.962242179713641,1.06195127560501,1.37268441450787,0.744694549080468,1.32162712754787,0.992247558112289,1.17003673344682,0.904607919097437,0.764474075845095,0.946789146872899,0.947500185908786,0.882898469156861,1.34697634649916,1.40229653649214,1.34701506251958,1.44469467780832,1.05267257809296,1.34569452793743,1.22430711334473,1.13374045731733,1.42261788948386,1.44317270760669,1.31816419853502,1.14523761849354,0.972260811499082,1.34857789371817,1.2230042736103,0.964049830264978,1.01345606427895,1.1361006844793,1.2548315575904,0.878886028566635,1.2085540502879,1.24993252856564,1.51658667868848,1.08426766287,1.20760292437466,1.00517572699462,1.0611161071962,1.23024209075164,1.25574270004882,1.12049394634623,1.18612687484738,1.12148664515146,1.34560643696494,1.0692659560594,0.959490402166025,1.21412379805476,1.14766413052415,1.21687290060673,1.28185879836018,1.15848914874739,1.43465385472174,1.27232224916085,1.24046463812035,1.11630356030721,0.838371316391388,1.33701219941337,1.13860177623517,1.28639294698201,1.34796686894306,1.22657713687662,1.41834978279632,1.3166945588248,1.17640549429263,1.249200747737,1.1785368632442,1.23501839148727,1.08949951487883,1.14554962109641,0.991838456663865,1.12832305021215,1.04308641947141,1.06472177030208,1.17997020118422,1.50019726932811,1.66025535177655,1.11965971427984,1.18942856252474,1.01266634980837,1.27350837746861,1.11533939417722,0.903572659174914,1.04973233002425,0.894468475620762,0.953204811544914,1.10695379792322,1.33510004738959,1.14510307803456,1.08023962080649,1.21399128914386,1.12682167770017,1.22884740163761,1.4593716111619,1.13307081460608,1.45379293383214,1.02646070921888,0.989526266569992,1.24012043882225,1.42529285631233,1.13778283668521,1.06886878446496,1.08979899330602,1.38626029316517,1.26878849308852,1.18230926545631,1.03280095288306,1.00850604725585,1.0919809845244,1.24254145660931,1.00424014541477,1.11565205890916,1.19388505775237,1.31095979688442,1.20989201812966,0.902728225369256,1.08412688708947,0.935088769771516,1.23469861939612,1.09314311462247,1.47906358593787,1.19017878290914,1.03511191285516,1.28028930615644,1.16004575269276,1.11223130780443,1.2211890035725,0.997970211707974,1.10615193185506,1.34311683041821,1.46265775631471,1.26380398002138,0.760301758199987,1.24864055753114,1.10912033000207,1.29390694848709,1.16924037953501,1.21829047672352,1.3679872274569,1.02018659676088,1.19901248210969,1.01194535989272,1.29848863220268,1.31562193660808
1.58831345230801,1.04946647683867,1.4941676819056,1.18955244120364,1.44819034847932,0.962242179713641,1e+20,1.11882951281524,1.68946394248571,1.13553708026459,1.41856645605353,1.54275527528529,1.23256326299305,1.06518810691215,1.30460228437929,1.52116599004542,0.912404173296255,1.2704050944561,1.10057384083234,1.66848739876685,1.34343662512554,1.63298062439081,1.12381665882161,1.62069139717819,1.21440270247924,1.56160750668739,1.71459498187323,1.29311940866585,1.60436588955709,1.08042696212451,0.790439071042164,1.26476452302755,1.44458729651338,1.34448547713701,1.01407985227067,1.40866506960058,1.31245156491776,1.51625597339741,1.12477098251808,1.84379556108824,1.61684288818405,1.24405467962125,1.66430021493359,1.70606328236212,1.01589959516359,1.45979019889228,1.62818916318832,1.18810540234755,1.29464545892216,1.60997345056316,1.36946762117203,1.43497670290108,1.18084419343889,1.52833109483767,1.04912620447447,1.39299748580619,1.49765144784499,1.26715671290721,1.363888384964,1.37213550696944,1.25506886925825,1.33325862078726,0.816464951781511,1.64248890530269,1.25461255272894,1.5655203297923,1.32461997124028,1.36894159195045,1.42084310393425,1.31508308400049,1.55084242813161,1.4948583477705,1.63141208652622,1.45297444788638,1.08979241263366,1.26475244240023,1.20758110624322,1.52860026316702,1.24357593775804,1.35814250503878,1.09609416159576,1.48589535816683,1.56112409520912,1.10818028706821,1.3273148299604,1.22734622356894,1.24309050043735,1.469569021293,1.004557266551,1.35190092513873,1.26040955108497,1.46049297797266,1.22476221365017,1.45656258378695,1.4181064467412,1.3329094805954,1.32555305613571,1.29867762582535,1.4294818647211,1.44694809158517,1.46103768417551,1.66069109543181,0.998095253217435,1.05374310494739,1.48590415226654,1.3214874789443,0.923679436427225,0.904209040007556,0.80174413601871,1.32293662427615,1.11829288081326,1.32539580284449,1.23269917157944,1.03757985170437,1.27612002061037,1.24182650403345,0.981594154403718,1.07022765826129,1.02443352316154,1.30267028133356,1.12061390786744,0.923315367012776,1.34416271989354,1.17192617368212,1.03559780558345,1.25252127417447,1.74606429789053,1.45073011826866,1.16589897390383,1.17677089180524,1.10575589575872,1.30739562670553,1.32873089322613,1.27276622629363,1.20703617519353,1.50340088773126,1.60615429491264,1.16491417932298,0.861690457723009,1.33243783373156,0.859123187780024,1.15206832410461,1.19130520836064,1.12889370612055,1.27807819400795,0.920226877099286,1.47819591729771,1.05300704431491,1.29205158514552,1.35857558359907
1.18621712333938,1.34724846195624,1.31782707067239,0.593179508370094,1.15069643727164,1.06195127560501,1.11882951281524,1e+20,1.29955840719176,1.13604885657962,1.17147759855759,1.24925967633267,1.0358068967774,0.824220762673889,1.40458174707705,1.21040083020621,1.06616799268791,1.19908105132901,1.38050188826833,1.09281287082085,1.03896879556396,1.06383201979114,0.711486247692299,1.34239415847016,1.06575928117304,1.20969606708081,1.26175651092768,1.09781286169714,0.915924158367858,1.28128549061557,0.921154633347315,1.32874005374972,1.04416532783813,1.15387929952805,0.631838653491271,1.49194268357274,1.0457274728487,1.5698714453381,1.3263702626181,1.2964502887874,1.50988263693763,1.3031338835046,1.39262166497261,1.1865247370866,1.14433622536358,1.08947775103287,1.01664230521225,0.97761349265914,1.3748412314102,1.18624579742914,1.25436810027555,1.40816556526981,1.0359142267852,1.35689086504162,0.989620610604964,1.24661856083959,1.31749159083625,1.16441357624853,1.13308023689559,1.26744778010169,1.19754333749273,1.1518022026657,0.837219838461039,1.49895093347068,0.931345428713712,1.37947276429134,1.21636386934657,1.36379802666504,1.31691145199463,1.16964986861244,1.39023796710395,1.29034033864288,1.47310690995062,1.33542651594064,1.11312827696971,1.13947023758964,0.968073693945728,1.28234106839051,1.05077489749648,1.19382463544049,0.984099206606441,1.24686119703295,1.52426845259477,0.958925367239577,1.26084191739636,1.24805659402494,1.16615406275123,1.33954687358003,1.10838954641979,1.11693339553517,1.23758551870823,1.29278391307869,1.16487853906904,1.26785450164261,1.21034841517913,1.27029509136363,1.26762034096896,1.34491284617383,1.30236393570497,1.4262257707721,1.38522210606958,1.26954237069401,1.13954941264036,1.2393622233887,1.29230811166138,1.14985965715038,1.44367864493464,1.22617692598432,1.13942215243164,1.28597652268946,1.11241236618316,1.0797290260841,1.40815241187935,1.42111564458053,1.47204736279825,1.13105168272488,1.40074836428936,1.13555785654077,1.24799206134288,1.48705314685592,1.29116568909888,1.44256070359571,1.42012554695813,1.16527055002803,1.41326446067713,1.39889247776414,1.5295778252642,1.13678811895438,0.804287709512024,1.28079555910809,1.04958609752726,1.20731157125332,1.25877703442419,1.29135680065077,1.45845576015536,1.32896724978023,1.12726376610824,1.62021579898481,1.09975828239885,1.22119413115316,1.10018647848409,1.58982855494011,1.13834255262874,1.00291365314115,1.27467676403486,1.25902476051776,1.44715369629329,1.28369351226238,1.17746322275951,1.28743417833552
0.773559189432715,1.29772772208854,0.965811573348842,1.00577050837929,0.993509680374071,1.37268441450787,1.68946394248571,1.29955840719176,1e+20,1.2333126207853,1.13272215965396,1.46912956628348,1.01747489231689,1.17192374584618,1.03192391130808,1.23030483083657,1.45350390385538,1.37315129701807,1.49154572639854,1.04204711614074,1.21350972173824,1.44414306855021,1.0800276677804,0.5244731836813,1.16258631007732,1.015650387887,1.2955658766685,1.45956269158411,1.28940236353424,1.60312083461718,1.28116057405733,1.00830553049207,0.76434091923298,1.52142648837191,1.36170033893381,1.69762807157168,1.36919108117656,1.45240105968502,1.34304846994281,1.01001223319453,1.09414564746847,0.986796755560799,0.808688201219806,1.08469187906437,1.48040793855261,1.05212723579766,0.99117306369142,1.21909860443803,1.29589996552619,1.18521764262896,1.4326040196486,1.46264300462691,1.22357503387325,1.26945612868567,1.5671600055007,1.1845329471741,1.28926378272993,1.37175154547706,1.44973738052527,1.2073562167267,1.43744616341605,1.12742786831781,1.3059853354648,1.25339773867843,1.28196764116763,1.27521488651472,1.49252551732028,1.29633170873439,1.36829056828833,1.44233569614384,1.29619848571202,1.27655703604984,1.48971356086021,1.21583265153823,1.31920227471374,1.13966345472973,0.956858275442149,1.33065724854023,1.3195884512757,1.20431112146761,1.42634487455933,1.39404257278408,1.60403885490109,1.20024377818152,1.24935557631897,1.65092314341244,1.26361371538315,1.33660869506426,1.47753820667302,1.37938875382673,1.44745744659149,1.47472501309626,1.36857412520397,1.08312397112726,1.04637405026582,1.41696886107736,1.34445733930024,1.43195020765435,1.2426679205776,1.55937317803008,1.98101246337782,2.02585742505116,1.62766017784198,1.39613954115126,1.7669882783201,1.7222323771842,1.87022164700468,1.69383448127559,1.74434677069531,1.77283996007242,1.56675318595419,1.71416792871803,1.66485674130806,1.77117169217443,1.68235563250049,1.5271485005818,1.62237404358159,1.79953489375243,1.63019902616655,1.7063566996717,1.93984076803693,1.79028063177774,1.6971785013085,1.70756839354383,1.91336103763249,1.77302258505227,1.88432608554776,1.66711962069497,1.66624844092105,1.77222630210357,1.60978431696255,1.70795966696197,1.81308288197174,1.83250835963563,1.88713346062417,1.76594387224569,1.91329926199783,1.80663715955565,1.60657618151824,1.93364130338969,1.70050909406051,1.99959593284691,1.46588996674694,1.85040392766159,1.78017293641707,1.77910640160505,1.90514516432068,1.78350201066258,1.80634708381659,1.86336662464581
1.12620979012661,1.1459011212208,1.20279557906083,1.13395687748715,1.08296819177471,0.744694549080468,1.13553708026459,1.13604885657962,1.2333126207853,1e+20,1.2435871671542,1.03664737891375,0.913619220521238,1.10190547834845,0.774773660172439,1.12000746334576,1.19940101593112,1.31792054119253,1.27746941158955,1.11021281688226,1.17431819506953,1.37340235451258,0.987172889778661,1.21155070407476,1.30870555464983,0.989952179317572,1.24843169630625,1.34538487368935,1.4350389877299,1.18440580630767,0.85892518832181,1.36728518854132,1.14272566975041,0.87408874426204,1.18575780466505,1.12108479478138,1.13912597417706,0.898608816396746,1.21680307627634,1.2374914961837,1.15103689137918,1.06719379978943,0.862294891020959,1.11384097028702,1.08905055628682,1.30998964936425,1.16180031322972,1.06424168743852,1.21725365266038,0.900409876265286,1.38521812731666,0.931567582984247,1.04842366562021,0.682055667214886,1.1553245224244,1.09519095903448,1.1573972072616,1.01285109554348,1.22995517261237,1.09141389367795,0.958958012562278,1.06654423666359,0.960736490854534,1.20536566566117,1.10521306626052,1.06601183961865,1.24407669413719,0.994477530221107,1.28757216690419,1.36143385128252,1.14589260090683,1.27613209903893,0.967685483065083,0.951981704657027,1.15062916396984,0.820613961402986,0.923664238102778,1.09526898788419,0.981661103149309,0.755502957252674,1.2577091885445,1.39906701016999,1.40925815935184,0.851196656994028,0.779028764437841,1.12954836324246,1.19031081069519,0.940046475123569,0.855705965853186,1.18163254802465,1.06933137301917,1.11345057419379,0.599556596793387,1.03408784068526,0.986877235148693,1.18470297347241,0.928509228051682,0.941926920524277,1.11636380976106,1.44975202486393,1.1356929070924,1.42058012183809,1.10588998306681,1.13994009437468,1.23027244931156,1.41246538366591,1.13829960654253,1.16915060091932,0.988112083663613,1.36834791569325,1.31004685842385,1.04314618584693,1.18604066461275,1.03865769495588,1.22580290225511,1.40092041329648,1.27259582164946,1.03044604141896,1.25368482032719,1.44268105692423,1.25491890421958,1.04847814484023,1.11708160277084,1.04154459677008,1.21659289979676,1.23661374946931,1.49771010839747,1.19530206499531,1.16055741834037,1.23568085900101,1.12936140326473,1.11081555567088,1.15216611005,1.17717311142256,1.16169691945846,1.2693803869963,1.48988724432941,1.29741368201603,0.962270158259136,1.32497399042334,1.1627698086719,1.15603289542127,1.11032191219803,1.35280299600578,1.56977955705115,1.26490270229351,1.24786850179743,1.07302356993582,1.23502736240757,1.28551732742356
1.18540721184631,1.32432955436124,1.52019755510885,1.1108381312902,0.969555775820602,1.32162712754787,1.41856645605353,1.17147759855759,1.13272215965396,1.2435871671542,1e+20,1.26767776140869,1.06746878207269,1.18040659463719,1.37134015833274,1.12679425514723,0.914067664469799,1.4063193821353,1.17177960640052,0.882665961455,1.11389667757828,1.13658146766494,0.848054001909584,1.18632327932389,1.12694018930307,0.813593884918234,1.04713395744009,1.23178189527389,1.24603408882385,1.31890051254181,1.08579565742359,1.11357159474155,1.05269028347547,1.35394267432098,1.12364355805041,1.26834163571739,1.35877072748881,1.69269488786112,1.10810327830111,1.29773371463467,1.42420580074998,1.1980399134367,1.23875065199586,1.24315065759495,1.27788072031563,1.04049483965919,1.03942853200912,1.41139862876951,1.46328768115151,0.954011532803396,1.48713390129711,1.71645746267631,1.16279628125868,1.52153624548754,1.31586085842178,1.34779073946321,1.52118531049058,1.19358359581013,1.37117050236674,1.35773909404127,1.38242277520525,1.27287092153121,1.1540416516561,1.60103417759859,1.0260759033108,1.43474390942811,1.42913316570702,1.30951151168079,1.37900608113938,1.39765791756859,1.59646247817342,1.23574075416245,1.69499393847082,1.53868104553441,1.16489124135719,1.26935105015858,1.07651440390874,1.6647924612929,1.144578977124,1.12180083102604,1.26311204161435,1.3377646082662,1.39902909142204,1.15248394047292,1.45554582262403,1.65611745453775,1.35975177818508,1.52643617662392,1.45249405996789,1.45178033958876,1.61887522426224,1.41972256473553,1.4375958202298,1.41761548723423,1.36429277888663,1.3849454042286,1.62014932810661,1.41993428621424,1.26688966189364,1.42518973914326,1.82162793137062,1.70407347536289,1.41064002700423,1.27123429543266,1.24281639082285,1.67764545709126,1.48848601391522,1.23624632899857,1.67143118882602,1.37906178386402,1.23607300926635,1.18677902226451,1.40163954654524,1.45740501101267,1.43810462356119,1.5531110617732,1.43791736902543,1.72909883852771,1.28803240303479,1.53372591296639,1.56095225766315,1.35282074454978,1.45794313722621,1.48169674853257,1.64328322200502,1.56000128370335,1.59205123259983,1.34623320658076,1.42784804357461,1.42234255241661,1.4425286834436,1.30385522140275,1.35202463603406,1.61874799932521,1.38269837161321,1.38497522971049,1.82136498707924,1.6785777606726,1.24992830744449,1.66008425001786,1.51801989274273,1.58745786445491,1.3595920303253,1.78129317764138,1.70900310037816,1.74275946911059,1.63616948683592,1.4898548589202,1.32305255865589,1.44756617744874
1.07071260446585,1.6533306542579,1.61342247451636,1.41583135723662,1.12838276622146,0.992247558112289,1.54275527528529,1.24925967633267,1.46912956628348,1.03664737891375,1.26767776140869,1e+20,1.27771008025245,1.4118955888202,1.21806892656142,1.04752508304811,1.27506055620567,1.31546125881638,1.57270205937799,1.33820523625442,1.48373417266839,1.52178433065701,1.27345499187985,1.47987459411133,1.68649703015612,1.19450996236772,1.51701635478057,1.39407921932086,1.31846793927483,1.38983604663054,1.36470218538987,1.51742481273154,1.14776388000093,1.14433663042688,1.11845456158062,1.00210083122799,1.61227896052511,1.32856444640363,1.32658895020925,1.11421111574839,1.60526651563769,1.5117870286206,1.12735707323255,0.970943591240814,1.30724090286463,1.12949189446372,1.2973241085226,1.43019042680765,1.75738634594554,0.814116829337567,1.7800470015548,1.40384529754597,1.21076679671812,1.38124642648377,1.49159225116356,1.19583183267861,1.48719700737688,1.5261133085624,1.55993030983063,1.57758599153118,1.47321876297828,1.43544190410619,1.22814250115871,1.54370134197228,1.23236844533548,1.58714169235417,1.5323969223904,1.31560205612576,1.44737396385241,1.71685090958657,1.21913687853296,1.39568314824827,1.47583127325797,1.57686210230029,1.51598966297443,1.20936696563423,1.07058319966039,1.2938270252926,1.28709836558079,1.20771564455311,1.4792747392278,1.73911834260113,1.74172293889346,1.39936636500145,1.44858791267122,1.29416440880196,1.51131298831873,1.49537698260647,1.44332373939359,1.41530861846292,1.25918982273011,1.3910468457016,1.43354980349452,1.49283261307325,1.42368728092381,1.2762655970359,1.64392305328298,1.46493122731168,1.27247104580429,1.66817271009138,1.48479154009089,1.75413216437336,1.62477772893602,1.69086619514116,1.53265210553602,1.96666235394533,1.70615418708159,1.47750031626915,1.48686206357006,1.57631566485855,1.73363352644122,1.29691630723466,1.72185452182018,1.42654489266096,1.72651595290553,1.90750915284702,1.63330474946406,1.41365074851523,1.66035984251434,1.9791933868801,1.4629118476178,1.47407958019712,1.56499886512196,1.33365030674268,1.74699151530221,1.78920261841962,1.84582935314251,1.58266221091904,1.38275209875248,1.45442412397132,1.49726178690377,1.51566002911704,1.48440502994601,1.58612756858379,1.54257663319776,1.73621477437974,1.67247420804289,1.93479607803022,1.37309151103637,1.56910519837883,1.469537821315,1.6465098401516,1.76662554864994,1.7152654392561,2.01898179247784,1.70795374157914,1.81062519265425,1.48671180322734,1.49834668027542,1.68920486412603
0.842325091622762,1.1244948359001,1.27002465319323,0.794846967587961,0.789190300947105,1.17003673344682,1.23256326299305,1.0358068967774,1.01747489231689,0.913619220521238,1.06746878207269,1.27771008025245,1e+20,0.949883894643802,1.00118261408312,1.49444188134011,1.2660757730159,1.57068782357788,1.41901713756258,1.17825621920794,1.14861183130161,1.4520861947605,0.87786401193782,1.22611989516746,1.11921599636277,1.03052068300819,1.48132833257208,1.30198330209596,1.27395555877214,1.50227470980301,0.912181114950399,1.15374409729743,1.07398696812222,1.0349661797215,0.941542955766122,1.36271589477519,1.26210986850409,1.35650918212794,1.36158487241528,1.38816217292782,1.18030743199225,1.05230061157372,1.02974509302438,1.22063703849125,1.12298553217016,1.20671289289318,1.25582902317799,1.23966410964211,1.42083242239009,1.18262468958479,1.46901602639741,1.29501901163551,1.38089423811951,1.07438682412331,1.43594433644169,1.37759035470623,1.418513897635,1.34358684219663,1.34720207030996,1.36215682885652,1.2911237063556,1.28305580144859,1.25693776857037,1.44671884818941,1.03690200003312,1.48828759546564,1.49871390682331,1.30001142387781,1.53202988989339,1.55745224985453,1.41113238773928,1.54959134643849,1.48565341422654,1.26363048368402,1.35420488105098,0.938755613847593,1.0505973114465,1.28261695706766,1.25624636337042,1.07210371461409,1.3106130377381,1.44720250221748,1.75889094269115,1.1063371006802,1.0163460338865,1.59756765779968,1.36901741036388,1.26447558303107,1.15285643802402,1.47278147280766,1.42062543765782,1.48127553826719,1.08345402469533,1.07885503290448,1.09308673346217,1.52302083531147,1.14890004241976,1.13142348833688,1.46094379032889,1.65981410036782,1.79583361744227,1.57921534950837,1.24722988025745,1.22287366338464,1.41779472585606,1.58527377886415,1.320551015878,1.09799525566144,1.36104984053146,1.10603540638062,1.10568563505609,1.2213510909919,1.50476499738882,1.2994550242427,1.48403846926882,1.33189557853984,1.26818446070767,1.36896732507483,1.20351910799531,1.43183419708162,1.37870136220935,1.39077612956463,1.41646366200671,1.28954294204506,1.46971857582615,1.48733928576086,1.74024986551289,1.35322995553732,1.08771290995233,1.3290402008211,1.21351869511453,1.33017194166248,1.27216980237882,1.66275940646042,1.49195613646189,1.55783914697473,1.57430879474129,1.62536989739951,1.08380260755553,1.62555544060177,1.11403586579965,1.49624579890036,1.29715700083789,1.31613801179373,1.54935816212453,1.42912352616245,1.71662010116051,1.40663819461629,1.26065032566645,1.44800149298478
1.14091909897681,1.22523107203801,1.41427856245732,0.77769002312625,1.21225418183322,0.904607919097437,1.06518810691215,0.824220762673889,1.17192374584618,1.10190547834845,1.18040659463719,1.4118955888202,0.949883894643802,1e+20,1.09908536838228,1.25302307724594,1.16720644891657,1.25334641712544,1.46076801670896,1.23399673865807,0.992665446340137,1.29210522273731,0.670192580644962,1.21747674953377,0.793410777613103,0.992580960103904,1.38903271348895,1.59795792887581,1.31721005161329,1.40187596035976,0.828531334981074,1.39021386885709,1.04859402494683,1.02067088726356,0.80590310620762,1.55193720686829,0.95059533525499,1.35346946515233,1.33780911518846,1.4643931194128,1.54247612888661,1.15387071985122,1.26539193968204,1.26842239214557,1.28641066858542,1.09103210845485,1.08269147168931,1.11501661174037,1.2697089198627,1.25462444196915,1.37525521977145,1.31871353910477,1.09386915149158,1.37366792871634,1.19392514435318,1.31853666960702,1.33309755492195,1.32015019478947,1.45735819150004,1.29686903453771,1.31540570379508,1.17493530573344,0.987238958445187,1.37919095088471,1.20241081219456,1.41687028290179,1.39127056094069,1.37221590550567,1.47257070822615,1.40483665276544,1.33056171167393,1.3665470629012,1.40754259080418,1.30787844890466,1.1251260337592,1.28239928232237,1.09635406950442,1.24877478329104,1.20168035686268,1.26229203267377,1.19799458517579,1.5261831386304,1.76375479196795,1.16912814403767,1.37596463947297,1.24245084330818,1.32782859212417,1.32008929151916,1.0893907159896,1.14149153836859,1.07040253884077,1.01054574780752,1.3010467315874,1.34757420580681,1.20534182794944,1.29137921481666,1.2984205560126,1.34641148446044,1.41888563338262,1.62540490433962,1.59723614353918,1.43734601560699,0.958957256299387,0.823722631337328,1.23028866169279,1.12321466652393,1.2018620850448,1.05224215201924,1.20953742070418,1.05351369886064,0.726061620703325,1.21445411372659,1.2413528068004,1.24342417523212,1.23089976914616,0.838604174951437,1.01318181104771,1.34096600687735,0.90975099265099,0.96720620754728,1.33648076859939,1.23959555422296,1.31324965055369,1.06749926703573,1.32061187031659,1.21313418047099,1.38153888023983,1.07853548884385,0.968036678663139,1.1965266615852,1.10199363865986,1.08523267464319,1.21545472063633,1.348129232561,1.40466349107947,1.18662152633723,1.41333530889396,1.37511795557611,0.931379579598702,1.31217334787775,1.03060124578939,1.43978559762538,0.954506017691494,1.12810293796267,1.04401163870659,1.04455135207067,1.35635586474321,1.34274463319324,1.05013672463444,1.12244298522549
0.965118851802788,1.27356587900794,1.00605335320922,1.27601929909443,1.22793093617801,0.764474075845095,1.30460228437929,1.40458174707705,1.03192391130808,0.774773660172439,1.37134015833274,1.21806892656142,1.00118261408312,1.09908536838228,1e+20,1.27327529258013,1.25548296343947,1.29775803153785,1.52715705879064,1.42635033627858,1.51727947263131,1.67972913620913,1.2515442605033,1.09930993753648,1.25774478414328,1.15577796601395,1.51820504299476,1.55756755469534,1.52698995646322,1.49991152433242,1.19816815494225,1.21059388521803,1.13528357774046,1.22238869436853,1.30324931358733,1.41812303794981,1.4136949793493,0.917563300745986,1.22948979954838,1.30099383182905,1.21351385527252,1.03500912322215,0.933491203985668,1.07004995955136,1.15182005085929,1.23664584840122,1.33966372224474,1.34080199171012,1.19871877855011,1.22224816186165,1.47458781497726,1.11960925968225,1.26022883283105,1.00429912939552,1.51599581910076,1.20775229736836,1.31543554264219,1.33028157107253,1.54336634662691,1.20683063226592,1.37857740849185,1.22951836942874,1.17456089522699,1.19606422274006,1.34984690013668,1.2534923220452,1.40651721777357,1.34838094561202,1.55435317525071,1.47398602273878,1.24128435101313,1.40928371448097,1.1670509546794,1.06528278711279,1.31346790860863,1.20530606103322,1.0818038075925,1.1514004022829,1.22087097491561,1.06862480426137,1.47968572877809,1.57642167194333,1.73317007936629,1.17232418309228,1.09889648162525,1.37480092428927,1.43073820896405,1.07122637984488,1.13954451932549,1.24231066643884,1.09180652980817,1.11251008374968,1.16392886203723,1.12500662233671,1.11882537784714,1.37957482505325,1.19938535968981,1.29787210858382,1.3084112487766,1.68094283880913,1.62910205492567,1.79785600526946,1.31895804565045,1.18983320927036,1.60929895886401,1.72828749869032,1.38037663529474,1.30473913431359,1.41716050165701,1.63618653546022,1.50699816824795,1.54045131587908,1.32369563183379,1.32895073896736,1.37337316058577,1.45314126264484,1.19334838996332,1.4905967798339,1.44062718836949,1.51149618217804,1.53654198566474,1.25058825884587,1.37121496782875,1.39666743127649,1.5029567517983,1.36749818768192,1.82783129322974,1.51487420178271,1.4556338441026,1.59925053285208,1.39765003971649,1.50129356023856,1.56182663493855,1.47254837127877,1.40525441697816,1.66760047954835,1.8566914016427,1.48218941756383,1.17597719479793,1.66896738730437,1.4272633827547,1.56642596179322,1.38643428153171,1.62401942986008,1.65287956791596,1.40976328790973,1.59312233840586,1.29354756629276,1.64159258056669,1.65218552565867
