1e+09,62005.24,65290.54,87727.07,100581.96,102512.75,22796.57,78262.44,20093.96,16592.27,21304.09,21958.63,25517.03,11905.34,15258.11,26898.77,23724.56,23131.61,29935.32,21069.33,18511.17,25778.25,19129.08,11980.73,31054.68,42170.17,37122.1,10801.4,12964.66,15612.17,19173.4,26894.91,72503.74,53844.12,12258.64,24877.97,13551.84,21171.11,23890.91,23395.56,30856.37,34331.87,16100.65,33084.04,22744.72,20471.1,30113.3,37863.78,11371.51,16725.28,25320,20040.7,23553.31,56193.81
62005.24,1e+09,16268.14,14102.46,22174.67,24908.9,89018.79,143846.59,77219.24,62625.95,60622.33,87846.4200000001,95288.67,61935.33,80494.21,76455.0300000001,47982.26,43200.77,96979.1900000001,87592.36,82124.56,92839.07,83715.7100000001,60552.26,43425.24,32559.92,35300.55,66310.62,72562.98,52806.83,72200.16,96199.26,148632.82,114437.46,68273.3,85844.1800000001,70675.29,85241.2,92563.85,90958.47,100459.99,93708.03,80315.8,104200.43,96530.09,90514.58,99257.7,104315.83,67097.91,82221.64,88912.89,88012.6199999999,86984.45,124123.01
65290.54,16268.14,1e+09,19904.58,30968.82,32050.39,103633.23,164747.17,76467.46,71865.84,46498.48,102544,112192.15,75143.79,91800.14,81336.68,39884.11,38185.95,111091.94,102771.86,92538.83,107958.71,94507.09,61764.12,43462.5,27527.19,23950.5,71670.57,80760.01,55199.04,65781.13,104489.94,165695.45,131747.11,75254.01,106218.61,79047.1,102999.74,108268.61,107809.65,116264.75,105452.66,93997.53,122056.2,108303.78,100661.86,116052.1,125034.48,69697.35,90085.39,102552.06,103892.19,98257.88,146341.46
87727.07,14102.46,19904.58,1e+09,14200.32,23861.02,122910.29,187309.57,109244.19,96279.07,78786.8300000001,122110.53,133752.71,91937.98,113906.67,111848.89,60115.12,56138.41,135489.68,124783.58,116101.37,132509.95,115967.08,86800.4400000001,67259.26,49777.55,49835.12,93767.39,104968.75,78209.49,99405.8,132659.48,190172.59,154283.43,99075.59,125660.66,101252.83,121947.18,130891.27,128042.37,137187.74,132846.84,118756.41,146495.66,134031.31,127155.47,140383.34,148185.1,96791.79,118349.35,127111.21,124227.88,120832.85,165333.46
100581.96,22174.67,30968.82,14200.32,1e+09,18765.97,127872.62,182631.01,126307.39,112119.9,95574.31,131403.09,141726.21,106362.29,124986.94,126242.15,75755.16,74630.39,138844.7,133573.94,130378.39,135794.26,128639.66,106117.15,81483.81,66014.93,67727.78,112571.16,116343.64,97001.03,114291.94,147120.78,180398.66,151807.68,114386.53,125191.6,119374.79,127910.18,135939.99,132237.54,138877.79,130457.76,126327.49,144159.98,142483.28,137029.36,147411.27,143463.6,111550.75,127214.24,135057.08,129988.42,131690.54,162138.33
102512.75,24908.9,32050.39,23861.02,18765.97,1e+09,138853.66,207202.78,132855.82,115784.44,101360.77,143971.86,153109.49,112097.13,132550.28,131644.4,82174.6100000001,77161.79,153530.5,143498.73,136034.78,151084.16,137368.78,110589.52,88732.41,66024.34,64882.64,110620.82,123637.26,99226.5,117297.76,153438.14,208454.58,175289.45,119713,145307.95,121801.75,144330.97,151062.76,148102.62,159249.78,149998.57,136082.29,164313.42,151235.08,145468.95,160822.86,167217.45,114469.55,134435.83,149276.12,143311.78,143491.24,188795.82
22796.57,89018.79,103633.23,122910.29,127872.62,138853.66,1e+09,37664.52,22893.45,31840.53,49130.27,17077.15,17703.42,19513,16900.84,24563.16,54750.31,49205.33,16626.4,16982.03,19210.9,17259.58,15770.98,38346.27,59286.92,73368.38,69272.41,23568.8,19711.14,30855.82,23970.73,20714.43,27477.37,22318.62,19916.18,16542.45,20078.24,14461.83,15941.89,17767.73,18340.79,17215.4,18805.12,18259.39,20057.26,17288.5,17962.51,18545.37,21960.3,18837.3,15667.7,18131.99,14615.18,22565.9
78262.44,143846.59,164747.17,187309.57,182631.01,207202.78,37664.52,1e+09,51580.64,71654.41,92527.66,58127.49,49601,48558.2,61078.49,41156.19,119863.21,108947.49,17804.98,47430.89,41226.53,36634.57,56781.43,74284.27,90114.03,114513.66,110932.31,69845.9,56113,76762.18,72696.2,48127.44,21781.76,14501.96,48625.13,36737.31,58028.11,39454.75,44271.39,50248.96,44571.82,31673.69,46701.35,30125.75,52277.58,50576.82,39976.94,28133.66,60578.92,49039.58,31657.28,52829.79,38312.72,12755.79
20093.96,77219.24,76467.46,109244.19,126307.39,132855.82,22893.45,51580.64,1e+09,11884.29,20256.06,20080.7,21770.76,17081.26,21571.72,12210.76,33199.58,25401.93,21499.14,19917.91,17472.32,19134.55,18698.76,13170.25,30541.42,44493.34,39896.9,14056.67,14582.1,13628.47,12012.32,20479.92,56914.2,27507.5,12124.21,22148.94,15624.23,19424.96,23888.01,26733.29,27564.32,13781.72,14710.46,26277.27,26696.37,21812.6,20380.24,24987.55,14434.06,13755.4,15129.55,26872.72,14777.96,40364.53
16592.27,62625.95,71865.84,96279.07,112119.9,115784.44,31840.53,71654.41,11884.29,1e+09,18492.61,33504.93,33085.51,14543.67,29800.26,16950.23,25102.89,22017.6,31725.69,32717.07,24186.78,26123.11,30823.32,9196.07,19387.26,37159.27,33320.75,11455.69,13677.31,11831.64,8744.3,27371.19,77411.04,46918.98,12355.47,27127.9,15677.2,29430.45,32350.5,34059.87,41024.15,21218.39,17407.14,37198.38,37448.27,30081.52,34895.48,37415.55,14485.52,12698.34,24279.2,32130.77,24496.5,59160.85
21304.09,60622.33,46498.48,78786.8300000001,95574.31,101360.77,49130.27,92527.66,20256.06,18492.61,1e+09,51672.99,52349.5,24849.75,40840,24098.61,19154.42,17594.44,48147.75,47604.59,36920.57,42459.21,42944.05,17831.84,15000.62,21762.19,19822.89,24534.55,25919.61,17664.17,14859.36,42424.36,93658.17,61339.15,23098.5,42202.55,27156.87,44338.45,47300.43,49351.77,53125.65,36461.28,33403.42,53718.76,52126.16,42454.02,53539.63,56052.57,17197.78,28711.39,40802.64,47080.17,43955.02,77938.91
21958.63,87846.4200000001,102544,122110.53,131403.09,143971.86,17077.15,58127.49,20080.7,33504.93,51672.99,1e+09,11005.72,18569.05,8688.13,31994.85,53267.98,48719.58,19217.58,7981.57,9803.82,13718.73,6805.94,38255.69,62980.23,72904.46,69481.62,21768.66,15018.21,27231.25,22889.88,12104.51,37625.76,40129.26,14260.27,16318.64,16009.62,13072.01,9727.3,7559.4,9519.68,23593.91,11818.36,15422.68,8461.25,6888.47,10951.68,21979.1,11972.21,10862.55,13835.65,6489.32,12527.17,24189.7
25517.03,95288.67,112192.15,133752.71,141726.21,153109.49,17703.42,49601,21770.76,33085.51,52349.5,11005.72,1e+09,19520.71,12733.04,33559.77,61874.59,52027.53,15202.24,10017.19,10752.73,10592.47,11323.73,42077,60948.06,75851.99,73771.9,23659.38,15465.78,28833.28,25305.31,13599.69,23677.32,31099.87,17068.47,12349.04,18802.78,11993.56,9727.14,8843.23,9455.51,18674.96,9517.51,12552.66,9629.14,9056.13,8854.26,18560.73,15555.35,9006.93,12478.56,8859.78,15554.93,17998.01
11905.34,61935.33,75143.79,91937.98,106362.29,112097.13,19513,48558.2,17081.26,14543.67,24849.75,18569.05,19520.71,1e+09,15059.21,15457.29,32237.72,28401.72,15207.69,13933.45,10890.56,14861.83,13655.25,11460.14,28593.63,44568.58,43750.45,10561.18,10654.27,11370.38,19471.36,18370.45,57100.65,28519.49,8860.95,12292.96,7481.8,14142.17,16416.3,17663.37,22008.37,14879.1,11332.56,19748.77,19783.79,16749.22,20553.76,20358.99,9227.39,13098.87,13962,15630.64,13104.23,39400.92
15258.11,80494.21,91800.14,113906.67,124986.94,132550.28,16900.84,61078.49,21571.72,29800.26,40840,8688.13,12733.04,15059.21,1e+09,29104.91,47648.11,43538.7,15288.18,9651.99,10355.77,11512.58,6828.21,28614.8,50831.74,62545.62,59221.73,14909,8630.53,24550.95,27009.42,15106.63,41338.82,38028.52,11033.13,14816.06,12985.11,10113.13,8713.71,8049.93,11805.78,22788.76,9586.26,14962.88,7390.83,7451.88,12661.01,22328.33,9958.58,10030.94,15103.63,7576.96,14688.61,30539.01
26898.77,76455.0300000001,81336.68,111848.89,126242.15,131644.4,24563.16,41156.19,12210.76,16950.23,24098.61,31994.85,33559.77,15457.29,29104.91,1e+09,40918.25,33963.17,22923.22,29526.19,22478.4,24263.23,25089.25,19635.03,34284.42,48405.42,44751.32,19391.21,18485.73,18290.92,20370.82,28375.18,51167.52,22675.55,13648.01,22525.42,18713.87,24077.8,27349.52,31267.61,32168.43,14031.97,21842.87,28024.69,33828.4,28591.03,32997.73,27111.69,19653.23,17105.43,20580.64,31060.06,21384.81,38585.05
23724.56,47982.26,39884.11,60115.12,75755.16,82174.6100000001,54750.31,119863.21,33199.58,25102.89,19154.42,53267.98,61874.59,32237.72,47648.11,40918.25,1e+09,11844.9,65266.26,56644.83,48800.24,65977.71,48451.08,18913.16,22715.29,23529,20609.85,24905.21,40436.71,16012.29,25056.28,55349.87,119109.13,86696.68,34773.48,66500.64,34520.09,57603.13,65319.06,63376.3,67724.07,62575.5,51820.02,80762.58,62793.14,56626.18,66454.35,82081.93,32741.93,49672.81,58199.11,60172.78,50734.03,97631.54
23131.61,43200.77,38185.95,56138.41,74630.39,77161.79,49205.33,108947.49,25401.93,22017.6,17594.44,48719.58,52027.53,28401.72,43538.7,33963.17,11844.9,1e+09,56424.53,53472.07,38872.21,54485.26,41465.95,18010.55,20878.56,18861.38,18996.71,22187.96,31036.48,16242.37,21695.15,45517.48,109652.38,76204.95,27372.49,56669.07,28699.54,53093.57,56904.27,58710.9,63339.77,51698.15,40685.59,67595.47,56722.61,42155.21,56354.78,69251.21,24080.58,38040.61,47850.95,57702.54,46628,89806.53
29935.32,96979.1900000001,111091.94,135489.68,138844.7,153530.5,16626.4,17804.98,21499.14,31725.69,48147.75,19217.58,15202.24,15207.69,15288.18,22923.22,65266.26,56424.53,1e+09,14549.49,13019.71,10576.28,15541.27,33629.12,56144.96,72676.11,70359.87,23628.09,16145.55,31647.94,25576.18,15894.4,27348.6,13153.2,15815.17,10912.89,18043.93,12864.74,11548.07,14041.35,15952.84,11073.31,13516.9,11012.62,16852.61,16362.18,14284.44,9821.67,20202.03,14249.89,13316.46,14833.31,12111.45,15466.68
21069.33,87592.36,102771.86,124783.58,133573.94,143498.73,16982.03,47430.89,19917.91,32717.07,47604.59,7981.57,10017.19,13933.45,9651.99,29526.19,56644.83,53472.07,14549.49,1e+09,8490.63,8638.1,8451.34,34592.68,55234.34,68957.96,68613.62,21920.34,13833.66,28845.25,24160.92,10158.59,35482.91,32428.19,12862.95,13628.85,14192.77,10491.01,7151.15,5650.38,9163.66,14694.63,6072.96,10941.52,7304.8,6280.64,6242.37,13522.15,10983.69,6047.21,9835.91,5445.35,10268.74,22078.24
18511.17,82124.56,92538.83,116101.37,130378.39,136034.78,19210.9,41226.53,17472.32,24186.78,36920.57,9803.82,10752.73,10890.56,10355.77,22478.4,48800.24,38872.21,13019.71,8490.63,1e+09,7733.76,8073.96,20741.21,44104.66,62002.5,61464.24,14479.38,11853.81,18248.57,24074.73,8827.11,32357.43,25956.94,7911.84,12003.01,9176.72,9384.74,8927.39,9830,7901.84,9985.5,7318.44,10749.71,10275.98,6650.08,8282.02,11271.61,8145.16,7721.33,7719.15,9790.2,9655.91,17199.34
25778.25,92839.07,107958.71,132509.95,135794.26,151084.16,17259.58,36634.57,19134.55,26123.11,42459.21,13718.73,10592.47,14861.83,11512.58,24263.23,65977.71,54485.26,10576.28,8638.1,7733.76,1e+09,12926.57,27665.16,48221.14,66970.74,63380.47,20200.94,12633.17,28104.16,25634.49,12582.04,22870.34,18619.01,11456.94,8227.01,14099.9,8908.14,7134.59,8152.08,9028.5,8402.47,7340.47,5834.96,11182.49,11064.11,8189.29,7003.3,15410.84,8355.24,8485.76,7926.99,8827.06,16441.25
19129.08,83715.7100000001,94507.09,115967.08,128639.66,137368.78,15770.98,56781.43,18698.76,30823.32,42944.05,6805.94,11323.73,13655.25,6828.21,25089.25,48451.08,41465.95,15541.27,8451.34,8073.96,12926.57,1e+09,29412.32,53346.61,66408.26,63785.16,15475.42,11445.51,22590.23,26108.76,11143.12,38379.63,33982.09,11240.83,17443.29,11310.95,10112.71,10791.17,8671.68,8994.28,20538.47,11447.75,16562.34,8625.08,5839.24,11720.87,21526.29,10642.6,11440.38,12069.64,8811.38,12104.71,25011.73
11980.73,60552.26,61764.12,86800.4400000001,106117.15,110589.52,38346.27,74284.27,13170.25,9196.07,17831.84,38255.69,42077,11460.14,28614.8,19635.03,18913.16,18010.55,33629.12,34592.68,20741.21,27665.16,29412.32,1e+09,21373.19,38945.94,32430.27,11370.84,16982.38,10716.81,12025.13,27821.19,87113.22,43850.34,12458.26,26804.17,13432.11,30174.39,34942.6,38009.88,47221.51,24579.96,19822.4,40988.68,41039.48,28220.28,38976.96,39757.38,11653.19,21781.85,23697.57,37823.88,26054.99,66987.05
31054.68,43425.24,43462.5,67259.26,81483.81,88732.41,59286.92,90114.03,30541.42,19387.26,15000.62,62980.23,60948.06,28593.63,50831.74,34284.42,22715.29,20878.56,56144.96,55234.34,44104.66,48221.14,53346.61,21373.19,1e+09,19010.55,16612.14,29054.54,37402.18,17434.12,23170.91,55495.96,101423.7,64787.32,32894.34,45126.33,34915.32,49845.72,55357.41,56240.65,66331.85,40726.94,40768.65,60513.42,62062.14,55309.72,62251.32,60720.82,29261.62,38106.6,47009.15,53913.28,48451.99,82094.91
42170.17,32559.92,27527.19,49777.55,66014.93,66024.34,73368.38,114513.66,44493.34,37159.27,21762.19,72904.46,75851.99,44568.58,62545.62,48405.42,23529,18861.38,72676.11,68957.96,62002.5,66970.74,66408.26,38945.94,19010.55,1e+09,10559.38,39986.52,49199.18,26314.95,33474.24,73738.77,118055.55,84464.53,44547.94,63453.17,52995.84,66732.26,69953.83,69803.73,78585.4,60424.19,56448.45,78706.52,74124.94,72371.33,79747.42,80580.82,44469.97,53479.84,67531.03,66712.63,68522.17,101505.38
37122.1,35300.55,23950.5,49835.12,67727.78,64882.64,69272.41,110932.31,39896.9,33320.75,19822.89,69481.62,73771.9,43750.45,59221.73,44751.32,20609.85,18996.71,70359.87,68613.62,61464.24,63380.47,63785.16,32430.27,16612.14,10559.38,1e+09,35533.16,45402.33,25743.14,29240.72,69218.8,116646.15,83011.82,43140.85,60272,49353.83,65770.42,69819.51,68410.16,75539.45,57649.94,53016.75,75381.93,71853.67,68876.31,75760.49,76704,42804.87,49606.15,63202.82,65514.67,67048.75,99407.49
10801.4,66310.62,71670.57,93767.39,112571.16,110620.82,23568.8,69845.9,14056.67,11455.69,24534.55,21768.66,23659.38,10561.18,14909,19391.21,24905.21,22187.96,23628.09,21920.34,14479.38,20200.94,15475.42,11370.84,29054.54,39986.52,35533.16,1e+09,9824.48,9886.2,10915.93,19010.97,69602.72,41885.04,10051.96,20904.8,10473.17,21258.37,23054.96,24909.02,31128.86,20325.53,11358.27,29539.8,25507.81,15175.51,23868.46,32055.55,10830.45,10404.61,17920.28,23221.03,17814.39,53818.97
12964.66,72562.98,80760.01,104968.75,116343.64,123637.26,19711.14,56113,14582.1,13677.31,25919.61,15018.21,15465.78,10654.27,8630.53,18485.73,40436.71,31036.48,16145.55,13833.66,11853.81,12633.17,11445.51,16982.38,37402.18,49199.18,45402.33,9824.48,1e+09,14357.07,15507.19,16243.59,42700.43,32318.33,8780.12,15026.36,9828.59,12044.7,11953.52,12241.02,15684.17,16821.77,9997.4,18322.68,14758.53,12557.06,16717.63,20560.36,9791.97,10473.12,16588.47,12091.73,15739.63,32198.39
15612.17,52806.83,55199.04,78209.49,97001.03,99226.5,30855.82,76762.18,13628.47,11831.64,17664.17,27231.25,28833.28,11370.38,24550.95,18290.92,16012.29,16242.37,31647.94,28845.25,18248.57,28104.16,22590.23,10716.81,17434.12,26314.95,25743.14,9886.2,14357.07,1e+09,11076.56,22718.2,81823.12,48611.43,8821.72,29000.33,11674,27982.63,32172.42,32893.78,39278.68,25194.7,15773.05,39270.11,32701.08,22669.21,31293.67,40052.89,12974.6,13464.96,22559.67,32013.76,23933.59,59964.88
19173.4,72200.16,65781.13,99405.8,114291.94,117297.76,23970.73,72696.2,12012.32,8744.3,14859.36,22889.88,25305.31,19471.36,27009.42,20370.82,25056.28,21695.15,25576.18,24160.92,24074.73,25634.49,26108.76,12025.13,23170.91,33474.24,29240.72,10915.93,15507.19,11076.56,1e+09,24130.81,66590.02,41279.36,15794.88,27858.31,18375.67,27602.78,29095,30929.13,33529.81,21144.81,18914.31,34897.14,33175.53,26537.68,26279.07,35246.18,15213.41,14630.72,24648.26,31271.73,17989.68,53900.34
26894.91,96199.26,104489.94,132659.48,147120.78,153438.14,20714.43,48127.44,20479.92,27371.19,42424.36,12104.51,13599.69,18370.45,15106.63,28375.18,55349.87,45517.48,15894.4,10158.59,8827.11,12582.04,11143.12,27821.19,55495.96,73738.77,69218.8,19010.97,16243.59,22718.2,24130.81,1e+09,25093.46,32170.34,13880.62,17267.42,10820.5,12531.7,11439.8,13819.58,10816.13,15802.35,9312.46,14247.16,12542.47,9299.83,8698.83,17103.34,12591.29,11098.33,11749.97,15396.2,12486.69,21504.47
72503.74,148632.82,165695.45,190172.59,180398.66,208454.58,27477.37,21781.76,56914.2,77411.04,93658.17,37625.76,23677.32,57100.65,41338.82,51167.52,119109.13,109652.38,27348.6,35482.91,32357.43,22870.34,38379.63,87113.22,101423.7,118055.55,116646.15,69602.72,42700.43,81823.12,66590.02,25093.46,1e+09,14075.8,52496.57,22391.81,58018.09,30292.31,28899.24,31385.82,25875.99,24234.69,36775.79,16409.26,25725.41,33905.43,21820.67,19957.13,56238.24,36582.35,32965.93,34799.54,39456.28,14479.33
53844.12,114437.46,131747.11,154283.43,151807.68,175289.45,22318.62,14501.96,27507.5,46918.98,61339.15,40129.26,31099.87,28519.49,38028.52,22675.55,86696.68,76204.95,13153.2,32428.19,25956.94,18619.01,33982.09,43850.34,64787.32,84464.53,83011.82,41885.04,32318.33,48611.43,41279.36,32170.34,14075.8,1e+09,31973.5,16907.77,33931.72,21994.84,23248.39,30842.7,26301.65,13736.8,30029.8,15658.4,34456.45,34792.38,28871.13,12578.51,41627.65,36937.69,20664.81,33658.11,20217.19,11201.54
12258.64,68273.3,75254.01,99075.59,114386.53,119713,19916.18,48625.13,12124.21,12355.47,23098.5,14260.27,17068.47,8860.95,11033.13,13648.01,34773.48,27372.49,15815.17,12862.95,7911.84,11456.94,11240.83,12458.26,32894.34,44547.94,43140.85,10051.96,8780.12,8821.72,15794.88,13880.62,52496.57,31973.5,1e+09,14826.25,8199.57,12794.57,15032.95,15691.23,19285.33,12733.93,9406.77,17140.17,13744.16,12162.23,14848.33,17861.97,6120.04,9722.88,10037.43,13370.47,10747.72,33255.72
24877.97,85844.1800000001,106218.61,125660.66,125191.6,145307.95,16542.45,36737.31,22148.94,27127.9,42202.55,16318.64,12349.04,12292.96,14816.06,22525.42,66500.64,56669.07,10912.89,13628.85,12003.01,8227.01,17443.29,26804.17,45126.33,63453.17,60272,20904.8,15026.36,29000.33,27858.31,17267.42,22391.81,16907.77,14826.25,1e+09,14236.35,7723.13,9299.82,10657.83,12647.97,10950.71,8633.6,8156.45,15658.12,15568.36,12199.27,12017.46,17501.03,11327.07,10986.82,9892.57,12637.08,18604.95
13551.84,70675.29,79047.1,101252.83,119374.79,121801.75,20078.24,58028.11,15624.23,15677.2,27156.87,16009.62,18802.78,7481.8,12985.11,18713.87,34520.09,28699.54,18043.93,14192.77,9176.72,14099.9,11310.95,13432.11,34915.32,52995.84,49353.83,10473.17,9828.59,11674,18375.67,10820.5,58018.09,33931.72,8199.57,14236.35,1e+09,11991.95,16127.61,16567.01,19021,16937.69,7613.21,21692.34,19164.35,10786.26,17558.18,22972.42,6851.27,9899.15,12182.95,16168.8,11616.15,40683.04
21171.11,85241.2,102999.74,121947.18,127910.18,144330.97,14461.83,39454.75,19424.96,29430.45,44338.45,13072.01,11993.56,14142.17,10113.13,24077.8,57603.13,53093.57,12864.74,10491.01,9384.74,8908.14,10112.71,30174.39,49845.72,66732.26,65770.42,21258.37,12044.7,27982.63,27602.78,12531.7,30292.31,21994.84,12794.57,7723.13,11991.95,1e+09,8125.04,8591.08,11620.42,11490.67,8892.88,9898.01,12839.59,11438.26,10714.06,12010.7,12326.57,10496.46,8482.34,9118.35,11333.07,21136.98
23890.91,92563.85,108268.61,130891.27,135939.99,151062.76,15941.89,44271.39,23888.01,32350.5,47300.43,9727.3,9727.14,16416.3,8713.71,27349.52,65319.06,56904.27,11548.07,7151.15,8927.39,7134.59,10791.17,34942.6,55357.41,69953.83,69819.51,23054.96,11953.52,32172.42,29095,11439.8,28899.24,23248.39,15032.95,9299.82,16127.61,8125.04,1e+09,6814.89,8371.64,13549.06,8142.14,8079.61,7677.49,9548.25,7486.15,12039.33,14727.27,8559.33,10816.77,7393.82,13254.87,19185.11
23395.56,90958.47,107809.65,128042.37,132237.54,148102.62,17767.73,50248.96,26733.29,34059.87,49351.77,7559.4,8843.23,17663.37,8049.93,31267.61,63376.3,58710.9,14041.35,5650.38,9830,8152.08,8671.68,38009.88,56240.65,69803.73,68410.16,24909.02,12241.02,32893.78,30929.13,13819.58,31385.82,30842.7,15691.23,10657.83,16567.01,8591.08,6814.89,1e+09,8012.96,17013.69,7934.15,10173.75,7068.42,7982.48,7573.84,15976.94,15394.63,7806.63,11913.3,4576.27,14298.91,21073.93
30856.37,100459.99,116264.75,137187.74,138877.79,159249.78,18340.79,44571.82,27564.32,41024.15,53125.65,9519.68,9455.51,22008.37,11805.78,32168.43,67724.07,63339.77,15952.84,9163.66,7901.84,9028.5,8994.28,47221.51,66331.85,78585.4,75539.45,31128.86,15684.17,39278.68,33529.81,10816.13,25875.99,26301.65,19285.33,12647.97,19021,11620.42,8371.64,8012.96,1e+09,13402.63,11716.98,10902,8535.1,6532.62,7349.72,13744.62,18893.29,10528.46,12233.86,7753.8,14770.18,16869.72
34331.87,93708.03,105452.66,132846.84,130457.76,149998.57,17215.4,31673.69,13781.72,21218.39,36461.28,23593.91,18674.96,14879.1,22788.76,14031.97,62575.5,51698.15,11073.31,14694.63,9985.5,8402.47,20538.47,24579.96,40726.94,60424.19,57649.94,20325.53,16821.77,25194.7,21144.81,15802.35,24234.69,13736.8,12733.93,10950.71,16937.69,11490.67,13549.06,17013.69,13402.63,1e+09,12137.04,7800.63,20890.22,15830.1,11538.06,5408.72,20673.29,15736.89,8491.71,20065.99,9290.04,15419.44
16100.65,80315.8,93997.53,118756.41,126327.49,136082.29,18805.12,46701.35,14710.46,17407.14,33403.42,11818.36,9517.51,11332.56,9586.26,21842.87,51820.02,40685.59,13516.9,6072.96,7318.44,7340.47,11447.75,19822.4,40768.65,56448.45,53016.75,11358.27,9997.4,15773.05,18914.31,9312.46,36775.79,30029.8,9406.77,8633.6,7613.21,8892.88,8142.14,7934.15,11716.98,12137.04,1e+09,7776.3,8112.97,7855.74,7334.49,11384.08,8936.17,3470.8,7779.51,6436.43,9395.35,25456.18
33084.04,104200.43,122056.2,146495.66,144159.98,164313.42,18259.39,30125.75,26277.27,37198.38,53718.76,15422.68,12552.66,19748.77,14962.88,28024.69,80762.58,67595.47,11012.62,10941.52,10749.71,5834.96,16562.34,40988.68,60513.42,78706.52,75381.93,29539.8,18322.68,39270.11,34897.14,14247.16,16409.26,15658.4,17140.17,8156.45,21692.34,9898.01,8079.61,10173.75,10902,7800.63,7776.3,1e+09,12268.27,13452.95,8944.65,4536.2,21277.32,11518.51,8908.56,10348.52,11351.09,11775.72
22744.72,96530.09,108303.78,134031.31,142483.28,151235.08,20057.26,52277.58,26696.37,37448.27,52126.16,8461.25,9629.14,19783.79,7390.83,33828.4,62793.14,56722.61,16852.61,7304.8,10275.98,11182.49,8625.08,41039.48,62062.14,74124.94,71853.67,25507.81,14758.53,32701.08,33175.53,12542.47,25725.41,34456.45,13744.16,15658.12,19164.35,12839.59,7677.49,7068.42,8535.1,20890.22,8112.97,12268.27,1e+09,6050.77,7358.12,17167.61,13995.41,7287.85,14362.55,7239.53,15340.48,18551.55
20471.1,90514.58,100661.86,127155.47,137029.36,145468.95,17288.5,50576.82,21812.6,30081.52,42454.02,6888.47,9056.13,16749.22,7451.88,28591.03,56626.18,42155.21,16362.18,6280.64,6650.08,11064.11,5839.24,28220.28,55309.72,72371.33,68876.31,15175.51,12557.06,22669.21,26537.68,9299.83,33905.43,34792.38,12162.23,15568.36,10786.26,11438.26,9548.25,7982.48,6532.62,15830.1,7855.74,13452.95,6050.77,1e+09,7583.32,15809.85,10228.24,7902.3,10606.09,6879.27,12093.18,21723.56
30113.3,99257.7,116052.1,140383.34,147411.27,160822.86,17962.51,39976.94,20380.24,34895.48,53539.63,10951.68,8854.26,20553.76,12661.01,32997.73,66454.35,56354.78,14284.44,6242.37,8282.02,8189.29,11720.87,38976.96,62251.32,79747.42,75760.49,23868.46,16717.63,31293.67,26279.07,8698.83,21820.67,28871.13,14848.33,12199.27,17558.18,10714.06,7486.15,7573.84,7349.72,11538.06,7334.49,8944.65,7358.12,7583.32,1e+09,10926.07,15624.54,7158.47,9019.89,8728.06,10832.8,14498.32
37863.78,104315.83,125034.48,148185.1,143463.6,167217.45,18545.37,28133.66,24987.55,37415.55,56052.57,21979.1,18560.73,20358.99,22328.33,27111.69,82081.93,69251.21,9821.67,13522.15,11271.61,7003.3,21526.29,39757.38,60720.82,80580.82,76704,32055.55,20560.36,40052.89,35246.18,17103.34,19957.13,12578.51,17861.97,12017.46,22972.42,12010.7,12039.33,15976.94,13744.62,5408.72,11384.08,4536.2,17167.61,15809.85,10926.07,1e+09,23085.43,15439.26,8076.38,17699.9,10759.59,12848.05
11371.51,67097.91,69697.35,96791.79,111550.75,114469.55,21960.3,60578.92,14434.06,14485.52,17197.78,11972.21,15555.35,9227.39,9958.58,19653.23,32741.93,24080.58,20202.03,10983.69,8145.16,15410.84,10642.6,11653.19,29261.62,44469.97,42804.87,10830.45,9791.97,12974.6,15213.41,12591.29,56238.24,41627.65,6120.04,17501.03,6851.27,12326.57,14727.27,15394.63,18893.29,20673.29,8936.17,21277.32,13995.41,10228.24,15624.54,23085.43,1e+09,9688.75,12930.83,14303.83,14531.72,35863.67
16725.28,82221.64,90085.39,118349.35,127214.24,134435.83,18837.3,49039.58,13755.4,12698.34,28711.39,10862.55,9006.93,13098.87,10030.94,17105.43,49672.81,38040.61,14249.89,6047.21,7721.33,8355.24,11440.38,21781.85,38106.6,53479.84,49606.15,10404.61,10473.12,13464.96,14630.72,11098.33,36582.35,36937.69,9722.88,11327.07,9899.15,10496.46,8559.33,7806.63,10528.46,15736.89,3470.8,11518.51,7287.85,7902.3,7158.47,15439.26,9688.75,1e+09,9914.49,7308.54,12383.96,23223.52
25320,88912.89,102552.06,127111.21,135057.08,149276.12,15667.7,31657.28,15129.55,24279.2,40802.64,13835.65,12478.56,13962,15103.63,20580.64,58199.11,47850.95,13316.46,9835.91,7719.15,8485.76,12069.64,23697.57,47009.15,67531.03,63202.82,17920.28,16588.47,22559.67,24648.26,11749.97,32965.93,20664.81,10037.43,10986.82,12182.95,8482.34,10816.77,11913.3,12233.86,8491.71,7779.51,8908.56,14362.55,10606.09,9019.89,8076.38,12930.83,9914.49,1e+09,12122.6,7005.63,20147.61
20040.7,88012.6199999999,103892.19,124227.88,129988.42,143311.78,18131.99,52829.79,26872.72,32130.77,47080.17,6489.32,8859.78,15630.64,7576.96,31060.06,60172.78,57702.54,14833.31,5445.35,9790.2,7926.99,8811.38,37823.88,53913.28,66712.63,65514.67,23221.03,12091.73,32013.76,31271.73,15396.2,34799.54,33658.11,13370.47,9892.57,16168.8,9118.35,7393.82,4576.27,7753.8,20065.99,6436.43,10348.52,7239.53,6879.27,8728.06,17699.9,14303.83,7308.54,12122.6,1e+09,13921.65,21956.89
23553.31,86984.45,98257.88,120832.85,131690.54,143491.24,14615.18,38312.72,14777.96,24496.5,43955.02,12527.17,15554.93,13104.23,14688.61,21384.81,50734.03,46628,12111.45,10268.74,9655.91,8827.06,12104.71,26054.99,48451.99,68522.17,67048.75,17814.39,15739.63,23933.59,17989.68,12486.69,39456.28,20217.19,10747.72,12637.08,11616.15,11333.07,13254.87,14298.91,14770.18,9290.04,9395.35,11351.09,15340.48,12093.18,10832.8,10759.59,14531.72,12383.96,7005.63,13921.65,1e+09,23284.76
56193.81,124123.01,146341.46,165333.46,162138.33,188795.82,22565.9,12755.79,40364.53,59160.85,77938.91,24189.7,17998.01,39400.92,30539.01,38585.05,97631.54,89806.53,15466.68,22078.24,17199.34,16441.25,25011.73,66987.05,82094.91,101505.38,99407.49,53818.97,32198.39,59964.88,53900.34,21504.47,14479.33,11201.54,33255.72,18604.95,40683.04,21136.98,19185.11,21073.93,16869.72,15419.44,25456.18,11775.72,18551.55,21723.56,14498.32,12848.05,35863.67,23223.52,20147.61,21956.89,23284.76,1e+09
