1e+09,86972.55,82386.4,108903.72,129895.24,118826.5,50693.38,43466.66,16819.42,16688.49,31142.97,14868.09,18934.16,8976.27,23422.82,11764.42,16363.65,34755.79,16328.74,21074.96,22262.18,12433.64,11991.18,11185.81,30653.36,49824.92,48541.08,14292.15,10126.85,19167.88,14411.4,31538.41,72096.92,32506.61,14100.61,19652.88,12499.49,19718.12,19527.85,14462.16,45307.92,21646.57,22961.4,18121.13,20162.36,20758.11,40738.84,20399.6,10307.9,22940.07,10718.55,17669.87,22751.78,55759.73
86972.55,1e+09,9122.88,12028.89,20915.48,30306.45,117696.88,161329.58,70706.78,68699.06,45452.5,103986.4,116852.76,94623.37,111245.05,73212.82,47146.92,54338.34,97057.72,102968.46,104863.78,103504.6,97535.89,69705.41,41164.96,30019.25,29971.14,74404.42,101235.31,70007.82,60117.42,115273.61,172097.64,135816.68,101197.89,125395.12,98994.26,122881.25,118510.49,112834.82,135811.45,111446.17,111175.06,112384.02,108889.73,101938.25,116559.7,112089.38,89443.36,111167.07,103131.44,111141.32,104962.55,142112.03
82386.4,9122.88,1e+09,11127.16,18910.21,31168.14,108302.9,158444.44,65066.59,62046.29,41949.17,95266.82,106796.34,86072.2,101778.64,68582.99,43704.67,61329.79,92733.05,93302.29,95398.54,91970.23,90044.73,63759.96,42933.91,27900.87,30179.66,63475.15,88397.91,74686.51,57915.04,110397.25,161727.54,140350.42,92613.28,113079.48,90769.92,111577.17,111926.55,103334.01,126046.06,113839.39,100268.97,104337.12,100355.27,91756.2,107373.77,101969.64,88896.81,104536.18,93173.03,100919.92,96971.44,135521.31
108903.72,12028.89,11127.16,1e+09,15897.09,22197.69,117667.94,168414.73,80146.68,81363.82,61930.7,112522.27,119014.82,110855.45,116496.67,94883.1,63472,74497.83,111159.26,108409.76,108665.78,111701.48,111179.07,81610.23,54710.89,36671.58,38718.79,84957.18,111440.67,91867.94,72813,120941.41,159773.66,156388.96,110510.59,127127.1,108803.21,127059.65,127112.79,117672.53,125547.45,130416.59,113795.88,121326.43,115376.45,103610.04,113234.85,114847.63,108909.93,118523.77,113526.3,110165.89,112071.08,135202.2
129895.24,20915.48,18910.21,15897.09,1e+09,23977.71,153552.66,209182.68,104820.51,103838.22,81307.17,139628.27,150518.66,133841.81,146002.07,112991.25,80069.06,99285.05,138664.6,136088.5,141514.86,136875.28,136240.81,104407.73,73403.31,55631.7,56754.2,106709.43,135311.55,118815.17,95690.61,158627.31,205139.43,192558.2,138452.49,158370.01,138372.51,157838.88,157627.76,147751.27,169682.08,161949.61,145358.49,149214.77,144016.93,135406.04,151021.63,145625.23,134662.74,150398.13,138879.54,143568.7,141934.38,180062.99
118826.5,30306.45,31168.14,22197.69,23977.71,1e+09,105843.43,155410.38,84866.7,84865.09,68712.28,115721.55,116903.36,113223.56,111237.7,107378.02,80158.44,77469.78,118864.88,106909.94,105354.29,116136.47,119242.23,88197.65,70165.39,55035.76,54923.69,86792.87,116007.19,94462.2,83469.54,115400.98,138879.87,150978.26,108414.06,124387.83,111157.61,126185.78,128056.96,119141.87,119679.11,124135.44,107944.92,121737.82,112233.5,99736.33,104417.17,115719.45,110932.11,113353.05,117915.99,108449.64,105576.41,122305.92
50693.38,117696.88,108302.9,117667.94,153552.66,105843.43,1e+09,39762.09,37650.65,42898.8,55351.41,36283.35,32049.53,33563.66,18653.26,55728.66,73422.19,33866.04,38983.31,27937.69,23706.32,36884.69,41479.34,45353.32,65362.42,76592.66,69009.42,28511.83,35012.08,37835.12,44886.54,19930.4,26856.06,45599.55,32676.31,39598.94,33272.05,31367.16,35592.13,40163.92,25766.6,32666.39,23181.77,31042.38,31066.88,29154.13,17636.51,32727.54,32124.76,30772.04,34702.67,30444.21,19061.2,17788.55
43466.66,161329.58,158444.44,168414.73,209182.68,155410.38,39762.09,1e+09,50318.29,63957.53,91318.61,27673.59,21754.83,32184.33,28255.23,37155.29,77576.34,71726.06,16785.62,25761.79,29688.4,28488.67,26527.28,58555.17,87199.46,110421.4,104714.33,55497,28572.93,55502.69,58613.21,26234.15,10489.52,10313.92,32810.11,18880.46,27496.81,17441.54,16537.7,24809.57,17179.86,18066.73,26666.9,18514.45,22970.38,28823.59,27509.38,20872.35,32986.54,24471.01,27945.87,25324.41,29079.77,16922.69
16819.42,70706.78,65066.59,80146.68,104820.51,84866.7,37650.65,50318.29,1e+09,9219.22,16137.61,23186.78,28802.39,11904.21,27154.31,22594.04,25640.78,21051.21,18215.66,22929.23,16201.32,27820.78,22090.47,7568.67,18460.44,32213.98,26412.57,11797.65,19846.9,8735.6,8812.86,21950.24,60373.16,38755.07,12314.63,33910.94,12646.45,26553.13,28530.73,27699.4,35178.06,18929.03,19942.4,26369.5,23033.03,16666.36,28941.37,27542.82,9730.17,16203.06,18699.39,24201.82,24009.68,38235.14
16688.49,68699.06,62046.29,81363.82,103838.22,84865.09,42898.8,63957.53,9219.22,1e+09,16275.17,28227.42,34181.5,18380.56,30968.11,15613.61,17250.19,26469.5,21840.45,26290.97,25601.78,27437.8,24125.98,6453.43,16237.55,31707.89,27717.13,10934.01,21357.33,9142.49,9625.63,30541.1,81256.92,48998.84,18501.34,43391.92,19972.45,37031.96,36979.16,31798.57,44689.35,27052.22,29177.92,31513.78,29173.22,24946.77,33102.69,32722.53,15462.93,24376.3,24583.57,29670.74,26652.05,49052.26
31142.97,45452.5,41949.17,61930.7,81307.17,68712.28,55351.41,91318.61,16137.61,16275.17,1e+09,43825.14,52425.43,37540.11,48814.72,20464.82,12898.04,19378.94,37018.05,40764.99,40112.34,44055.71,40004.86,16384.23,14975.19,16318.34,16738.03,23488.34,41451.23,19081.39,12082.96,50229.85,104711.43,69470.11,37149.72,62199.42,37091.49,58754.01,54446.97,49956.16,67294.02,45326.05,44992.18,48898.78,45344.23,37426.08,50420.92,50122.27,29990.3,44696.96,42543.69,46094.32,42519.29,72517.13
14868.09,103986.4,95266.82,112522.27,139628.27,115721.55,36283.35,27673.59,23186.78,28227.42,43825.14,1e+09,8592.36,13857.12,14330.92,16120.04,40433.63,47765.89,9476.29,7033.98,12722.64,6379.82,8972.89,26346.79,47990.6,64711.97,61089.16,21895.52,10792.42,27826.27,26127.92,19657.94,42172.53,21321.32,12269.49,11865.38,10649.76,8929.57,8187.21,8073.59,19935.17,11980.43,16531.35,8749.12,6994.5,9846.54,22110.35,6753.29,9842.15,11849.64,6817.3,9410.92,13091.32,23091.72
18934.16,116852.76,106796.34,119014.82,150518.66,116903.36,32049.53,21754.83,28802.39,34181.5,52425.43,8592.36,1e+09,13755.58,12837.4,22138.03,55997.48,53168.19,11435.24,8945.43,14538.76,9268.42,10765.41,33417.72,57212.43,72416.8,67680.94,27846.3,13582.52,32984.07,31877.51,18197.59,29671.22,20050.93,14342.92,11016.55,16058.02,10213.05,8541.17,6687.12,12070.06,11090.66,13783.65,7816.62,8204.43,12464.31,15742.93,6708.36,15029.89,11535.17,10055.84,7576.04,13077.01,14693.7
8976.27,94623.37,86072.2,110855.45,133841.81,113223.56,33563.66,32184.33,11904.21,18380.56,37540.11,13857.12,13755.58,1e+09,17126.65,13042.67,25778.84,29447.73,12196.01,14860.31,10418.03,9390.55,11385.83,15012.75,36492.54,58540.35,52457.04,14183.43,8609.36,12731.23,15362.94,18715.88,61005.24,28119.01,6344.4,17817.99,7776.34,13065.77,13579.17,10646.69,29857.12,11032.7,11681.86,10372.78,13778.67,11021.82,23099.52,13797.81,8478.81,11313.31,8435.78,14278.84,15432.93,40632.19
23422.82,111245.05,101778.64,116496.67,146002.07,111237.7,18653.26,28255.23,27154.31,30968.11,48814.72,14330.92,12837.4,17126.65,1e+09,28375.96,53537.21,39470.41,17928.69,14276.87,10196.78,12219.58,13576.49,34347.3,55253.14,71467.56,65167.87,22145.39,15324.69,29373.18,33944.07,13168.71,34036.71,24907.78,14850.84,18128,16735.38,16351.57,14876.71,14757.68,12139,15368.1,10128.97,13542.24,13203.49,14614.44,9825.04,14750.83,16195.97,14191.24,14336.12,10793.57,9812.09,12601.43
11764.42,73212.82,68582.99,94883.1,112991.25,107378.02,55728.66,37155.29,22594.04,15613.61,20464.82,16120.04,22138.03,13042.67,28375.96,1e+09,17400.88,34642.06,19190.13,27758.67,32954.79,18659.85,15477.56,16954.8,21531.1,38031.88,40242.44,17002.63,9990.88,24519.67,18383.54,41824.75,60685.26,32298.76,21662.22,17527.07,20560.15,23359.9,22636.34,17765.27,46955.01,22125.06,31319.68,23913.99,27074.5,29586.81,50278.48,25037.52,19439.31,24898.05,17394.91,19496.91,31589.67,49807.68
16363.65,47146.92,43704.67,63472,80069.06,80158.44,73422.19,77576.34,25640.78,17250.19,12898.04,40433.63,55997.48,25778.84,53537.21,17400.88,1e+09,25352.05,40239.2,52020.7,47006.57,42748.35,36849.75,18599.29,14197.51,20922.28,22595.24,22737.14,30032.94,21262.73,16344.92,56524.17,109107.01,62126.1,33889.05,49471.68,33027.81,51205.23,54172.3,48064.49,79594.6,44701.53,49915.86,52212.12,54795.63,46994.3,70405.19,55065.39,24263.68,44454.58,37385.58,51361.1,51524.16,87863.19
34755.79,54338.34,61329.79,74497.83,99285.05,77469.78,33866.04,71726.06,21051.21,26469.5,19378.94,47765.89,53168.19,29447.73,39470.41,34642.06,25352.05,1e+09,41239.16,45013.21,33963.03,50656.38,46223.13,24828.72,21371.07,21669.03,22191.2,21255.39,36286.41,15558.77,19531.11,32427.95,71536.24,63960.63,30413.14,59327.22,32537.47,48261.85,52466.03,54920.41,51250.38,37186.48,33545.41,48851.88,47122.75,38753.6,36862.99,49906.81,25049.85,35418.69,39415.83,46828.75,33990.15,46271.93
16328.74,97057.72,92733.05,111159.26,138664.6,118864.88,38983.31,16785.62,18215.66,21840.45,37018.05,9476.29,11435.24,12196.01,17928.69,19190.13,40239.2,41239.16,1e+09,10493.98,12309.32,9916.93,8748.2,20546.83,42523.59,57398.66,53141.24,17693.33,11826.76,20756.07,21670.24,18485.41,26197.4,15081.67,11360.16,9094.62,10751.32,8632.52,8203.5,9085.98,18121.64,8474.8,16380.12,10599.43,9825.22,10530.82,21804.8,9421.68,11286.15,12470.91,9004.82,11307.35,14792.57,22378.95
21074.96,102968.46,93302.29,108409.76,136088.5,106909.94,27937.69,25761.79,22929.23,26290.97,40764.99,7033.98,8945.43,14860.31,14276.87,27758.67,52020.7,45013.21,10493.98,1e+09,10956.42,8502.36,11482.08,26866.09,49218.68,62279.36,55967.96,20727.09,12727.44,25426.75,25917.75,15253.83,39419.89,24129.32,11124.65,14734.07,11401.29,9082.49,9172.83,9909.28,15489.09,11906.68,11529.78,7794.85,6229.62,8197.41,14067.97,7055.85,10368.75,9028.65,7875.51,8127.89,10439.91,17067.91
22262.18,104863.78,95398.54,108665.78,141514.86,105354.29,23706.32,29688.4,16201.32,25601.78,40112.34,12722.64,14538.76,10418.03,10196.78,32954.79,47006.57,33963.03,12309.32,10956.42,1e+09,15583.25,16360.06,22241.25,47531.5,62527.67,57159.68,16055.07,16111.08,19794.64,24677.32,11627.04,41541.31,27683.74,7005.67,20606.49,10034.96,12309.03,14430.26,17412.09,14811.79,11958.5,6400.75,12405.47,11734.81,7945.49,9574.46,13233.55,9772.16,9591.91,11461.65,9495.49,12404.69,17440.88
12433.64,103504.6,91970.23,111701.48,136875.28,116136.47,36884.69,28488.67,27820.78,27437.8,44055.71,6379.82,9268.42,9390.55,12219.58,18659.85,42748.35,50656.38,9916.93,8502.36,15583.25,1e+09,8855.85,27744.82,51868.37,67483.85,62006.64,21452.87,8542.27,30213.41,26969.25,24030.75,46065.52,22364.38,13170.11,12838.23,10367.19,10229.58,8997.65,6947.65,22273.18,15920.32,18141.74,7748.24,10176.64,13579.66,24928.35,7414.32,12330.13,14302.36,7415.04,8335,14285.43,26757.2
11991.18,97535.89,90044.73,111179.07,136240.81,119242.23,41479.34,26527.28,22090.47,24125.98,40004.86,8972.89,10765.41,11385.83,13576.49,15477.56,36849.75,46223.13,8748.2,11482.08,16360.06,8855.85,1e+09,22343.79,44919.29,61076.23,59330.25,18727.01,10073.14,25421.08,23651.87,21444.06,39553.98,18220.62,13637.84,11038.48,9638.87,11323.56,10977.48,9314.31,21639.73,12927.89,18659.62,12075.95,12115.03,10787.58,25805.28,10598.64,13762.34,15375.2,8959.98,10991.64,14367.64,25972.37
11185.81,69705.41,63759.96,81610.23,104407.73,88197.65,45353.32,58555.17,7568.67,6453.43,16384.23,26346.79,33417.72,15012.75,34347.3,16954.8,18599.29,24828.72,20546.83,26866.09,22241.25,27744.82,22343.79,1e+09,19269.09,30697.48,28231.82,10479.82,18254.51,10470.06,7854.25,28858.88,76687.88,44024.82,13464.04,37216.14,14607.59,32103.38,34082.36,30510.82,44272.51,23024.06,24909.36,32640.62,28690.41,20861.51,36358.26,32317.91,10027.36,20301.37,21062.2,29767.59,28610.36,48653.74
30653.36,41164.96,42933.91,54710.89,73403.31,70165.39,65362.42,87199.46,18460.44,16237.55,14975.19,47990.6,57212.43,36492.54,55253.14,21531.1,14197.51,21371.07,42523.59,49218.68,47531.5,51868.37,44919.29,19269.09,1e+09,14585.59,14666.03,25503.22,40463.7,13427.76,13896.43,50848.26,102946.15,68682.77,35660.24,63722.06,37160.06,57226.22,59623.79,55464.73,67579.11,45139.12,49259.98,55152.71,51645.88,44698.39,56505.55,54902.7,27604.94,41824.75,45756.22,52301.39,49341.43,72207.05
49824.92,30019.25,27900.87,36671.58,55631.7,55035.76,76592.66,110421.4,32213.98,31707.89,16318.34,64711.97,72416.8,58540.35,71467.56,38031.88,20922.28,21669.03,57398.66,62279.36,62527.67,67483.85,61076.23,30697.48,14585.59,1e+09,11261.67,44980.67,62556,30823.27,24827.22,70830.74,117191.67,91575.27,54451.94,81772.98,57653.59,80491.79,74690.37,71360.37,84099.22,64628.96,69478.16,71191.61,67034.23,59348.77,72000.49,71072.03,47929.23,63335.57,66359.95,64542.5,64748.22,89780.11
48541.08,29971.14,30179.66,38718.79,56754.2,54923.69,69009.42,104714.33,26412.57,27717.13,16738.03,61089.16,67680.94,52457.04,65167.87,40242.44,22595.24,22191.2,53141.24,55967.96,57159.68,62006.64,59330.25,28231.82,14666.03,11261.67,1e+09,38013.34,55989.72,25813.18,21174.76,65227.66,114723.88,87228.62,50138.25,79320.85,52471.98,73257.92,69392.23,67423.79,79151.79,59243.83,61365.29,64431.33,60638.97,53622.84,64507.85,64287.13,41563.7,57047.43,59927.5,60980.15,59332.75,84353.51
14292.15,74404.42,63475.15,84957.18,106709.43,86792.87,28511.83,55497,11797.65,10934.01,23488.34,21895.52,27846.3,14183.43,22145.39,17002.63,22737.14,21255.39,17693.33,20727.09,16055.07,21452.87,18727.01,10479.82,25503.22,44980.67,38013.34,1e+09,18380.45,9556.13,10060.46,19742.73,71700.06,41694.12,18637.68,36869.65,15642.72,27822.18,29866.82,26250.42,34471.82,24724.36,20347.67,24522.95,23232.16,18572.92,20904.72,24357.26,13345.35,20134.57,17066.27,24925.05,18693.81,37778.57
10126.85,101235.31,88397.91,111440.67,135311.55,116007.19,35012.08,28572.93,19846.9,21357.33,41451.23,10792.42,13582.52,8609.36,15324.69,9990.88,30032.94,36286.41,11826.76,12727.44,16111.08,8542.27,10073.14,18254.51,40463.7,62556,55989.72,18380.45,1e+09,20893.68,20834.33,23785.58,45872.43,24106.05,12052.53,14775.6,10152.4,12527.93,12378.01,11437.89,27119.34,12933.74,15980.79,10750.63,10832.57,16565.46,24596.87,10381.56,9817.95,16550.53,8158.03,12580,18014.31,33486.03
19167.88,70007.82,74686.51,91867.94,118815.17,94462.2,37835.12,55502.69,8735.6,9142.49,19081.39,27826.27,32984.07,12731.23,29373.18,24519.67,21262.73,15558.77,20756.07,25426.75,19794.64,30213.41,25421.08,10470.06,13427.76,30823.27,25813.18,9556.13,20893.68,1e+09,8043.82,23522.35,75576.19,43925.63,14343.04,38545.09,15080.25,30530.67,32811.81,33339.38,37825.75,21104.06,20302.47,29814.18,27863.74,19737.65,27391.09,31132.87,13940.47,18987.43,20552.04,26899.33,24301.86,42693.19
14411.4,60117.42,57915.04,72813,95690.61,83469.54,44886.54,58613.21,8812.86,9625.63,12082.96,26127.92,31877.51,15362.94,33944.07,18383.54,16344.92,19531.11,21670.24,25917.75,24677.32,26969.25,23651.87,7854.25,13896.43,24827.22,21174.76,10060.46,20834.33,8043.82,1e+09,32121.69,79302.5,44020.89,16454.42,37548.22,17325.12,31129.2,32443.6,30492.04,44379.43,24918.72,27226.07,29070.09,27756.62,22365.68,36258.69,29007.91,10680.07,22616.13,21022.04,29681.36,27668.37,49247.06
31538.41,115273.61,110397.25,120941.41,158627.31,115400.98,19930.4,26234.15,21950.24,30541.1,50229.85,19657.94,18197.59,18715.88,13168.71,41824.75,56524.17,32427.95,18485.41,15253.83,11627.04,24030.75,21444.06,28858.88,50848.26,70830.74,65227.66,19742.73,23785.58,23522.35,32121.69,1e+09,25638.74,23728.95,17504.52,21395.6,15215.67,21359.51,20254.21,21740.1,13627.02,15777.32,11623.22,18742.65,15349.65,11793.19,11315.67,20097.72,21711.35,11580.09,20901.12,15860.37,10871.05,15078.21
72096.92,172097.64,161727.54,159773.66,205139.43,138879.87,26856.06,10489.52,60373.16,81256.92,104711.43,42172.53,29671.22,61005.24,34036.71,60685.26,109107.01,71536.24,26197.4,39419.89,41541.31,46065.52,39553.98,76687.88,102946.15,117191.67,114723.88,71700.06,45872.43,75576.19,79302.5,25638.74,1e+09,15352.26,50156.85,21784.25,45409.5,24703.53,24080.5,35034.77,17116.36,26940.98,38475.57,32571.73,35979.77,34915.31,24337.37,31894.75,57386.87,34012.47,48293.85,31381.34,35535.59,15084.72
32506.61,135816.68,140350.42,156388.96,192558.2,150978.26,45599.55,10313.92,38755.07,48998.84,69470.11,21321.32,20050.93,28119.01,24907.78,32298.76,62126.1,63960.63,15081.67,24129.32,27683.74,22364.38,18220.62,44024.82,68682.77,91575.27,87228.62,41694.12,24106.05,43925.63,44020.89,23728.95,15352.26,1e+09,29270.01,14258.77,19384.71,14205.32,13887.49,18312.51,20992.91,18439.11,29612.6,17440.99,22322.8,26263.75,33421.41,17014.24,27626.43,23535.77,22071.46,24038.17,24275.2,21028.83
14100.61,101197.89,92613.28,110510.59,138452.49,108414.06,32676.31,32810.11,12314.63,18501.34,37149.72,12269.49,14342.92,6344.4,14850.84,21662.22,33889.05,30413.14,11360.16,11124.65,7005.67,13170.11,13637.84,13464.04,35660.24,54451.94,50138.25,18637.68,12052.53,14343.04,16454.42,17504.52,50156.85,29270.01,1e+09,18335.08,8175.94,11374.2,12577.53,15296.71,21198.88,11202.29,8734.23,9777.6,10358.37,8547.79,17730.78,12517.46,6167.6,7548.09,8028.6,11253.48,14866.9,26125.51
19652.88,125395.12,113079.48,127127.1,158370.01,124387.83,39598.94,18880.46,33910.94,43391.92,62199.42,11865.38,11016.55,17817.99,18128,17527.07,49471.68,59327.22,9094.62,14734.07,20606.49,12838.23,11038.48,37216.14,63722.06,81772.98,79320.85,36869.65,14775.6,38545.09,37548.22,21395.6,21784.25,14258.77,18335.08,1e+09,15192.92,7133.18,8427.62,8374.82,15786.1,11508.71,21505.73,10356.41,12546.75,19192.1,26585.22,10020.61,16971.23,15772.31,11427.38,11058.84,19820.34,15202.47
12499.49,98994.26,90769.92,108803.21,138372.51,111157.61,33272.05,27496.81,12646.45,19972.45,37091.49,10649.76,16058.02,7776.34,16735.38,20560.15,33027.81,32537.47,10751.32,11401.29,10034.96,10367.19,9638.87,14607.59,37160.06,57653.59,52471.98,15642.72,10152.4,15080.25,17325.12,15215.67,45409.5,19384.71,8175.94,15192.92,1e+09,11477.6,11793.62,14382.8,19811.58,10035.04,11409.42,10833.05,12042.21,7988.98,19832.05,11602.17,7438.25,10569.87,8828.71,14853.14,13411.25,25905.22
19718.12,122881.25,111577.17,127059.65,157838.88,126185.78,31367.16,17441.54,26553.13,37031.96,58754.01,8929.57,10213.05,13065.77,16351.57,23359.9,51205.23,48261.85,8632.52,9082.49,12309.03,10229.58,11323.56,32103.38,57226.22,80491.79,73257.92,27822.18,12527.93,30530.67,31129.2,21359.51,24703.53,14205.32,11374.2,7133.18,11477.6,1e+09,5589.02,8291.37,14966.16,8706.85,13897.49,6006.16,7752.44,13547.57,19624.94,7316.91,10076.29,12163.74,7465.7,11962.86,16435.25,19340.15
19527.85,118510.49,111926.55,127112.79,157627.76,128056.96,35592.13,16537.7,28530.73,36979.16,54446.97,8187.21,8541.17,13579.17,14876.71,22636.34,54172.3,52466.03,8203.5,9172.83,14430.26,8997.65,10977.48,34082.36,59623.79,74690.37,69392.23,29866.82,12378.01,32811.81,32443.6,20254.21,24080.5,13887.49,12577.53,8427.62,11793.62,5589.02,1e+09,7135.18,13629.31,8260,13665.46,5750.95,8526.89,14082.06,19065.38,6899.16,11807.88,10563.2,7602.2,9798.95,17372.92,18994.53
14462.16,112834.82,103334.01,117672.53,147751.27,119141.87,40163.92,24809.57,27699.4,31798.57,49956.16,8073.59,6687.12,10646.69,14757.68,17765.27,48064.49,54920.41,9085.98,9909.28,17412.09,6947.65,9314.31,30510.82,55464.73,71360.37,67423.79,26250.42,11437.89,33339.38,30492.04,21740.1,35034.77,18312.51,15296.71,8374.82,14382.8,8291.37,7135.18,1e+09,17852.55,12219.48,17814.5,7774.28,7854.28,12343.89,25375.27,7394.81,14505.22,12929.24,8042.81,7338.01,16139.81,21786.37
45307.92,135811.45,126046.06,125547.45,169682.08,119679.11,25766.6,17179.86,35178.06,44689.35,67294.02,19935.17,12070.06,29857.12,12139,46955.01,79594.6,51250.38,18121.64,15489.09,14811.79,22273.18,21639.73,44272.51,67579.11,84099.22,79151.79,34471.82,27119.34,37825.75,44379.43,13627.02,17116.36,20992.91,21198.88,15786.1,19811.58,14966.16,13629.31,17852.55,1e+09,9491.52,12728.69,15676.59,15839.97,16749.53,10419.99,15627.96,26368.43,11518.63,20145.66,9295.34,19669.57,7699.98
21646.57,111446.17,113839.39,130416.59,161949.61,124135.44,32666.39,18066.73,18929.03,27052.22,45326.05,11980.43,11090.66,11032.7,15368.1,22125.06,44701.53,37186.48,8474.8,11906.68,11958.5,15920.32,12927.89,23024.06,45139.12,64628.96,59243.83,24724.36,12933.74,21104.06,24918.72,15777.32,26940.98,18439.11,11202.29,11508.71,10035.04,8706.85,8260,12219.48,9491.52,1e+09,11900.48,8341.24,10269.52,12262.29,17123.94,8775.74,11420.33,7584.82,10938.09,10577.94,15882.16,17521.97
22961.4,111175.06,100268.97,113795.88,145358.49,107944.92,23181.77,26666.9,19942.4,29177.92,44992.18,16531.35,13783.65,11681.86,10128.97,31319.68,49915.86,33545.41,16380.12,11529.78,6400.75,18141.74,18659.62,24909.36,49259.98,69478.16,61365.29,20347.67,15980.79,20302.47,27226.07,11623.22,38475.57,29612.6,8734.23,21505.73,11409.42,13897.49,13665.46,17814.5,12728.69,11900.48,1e+09,11889.89,11689.88,10047.25,7047.12,14356.2,11823.72,6891.46,11487.98,8722.25,10360.95,12200.22
18121.13,112384.02,104337.12,121326.43,149214.77,121737.82,31042.38,18514.45,26369.5,31513.78,48898.78,8749.12,7816.62,10372.78,13542.24,23913.99,52212.12,48851.88,10599.43,7794.85,12405.47,7748.24,12075.95,32640.62,55152.71,71191.61,64431.33,24522.95,10750.63,29814.18,29070.09,18742.65,32571.73,17440.99,9777.6,10356.41,10833.05,6006.16,5750.95,7774.28,15676.59,8341.24,11889.89,1e+09,3999.89,10431.09,18216.53,5909.01,8392.37,8915.45,6705.12,8760.25,11505.27,17041.43
20162.36,108889.73,100355.27,115376.45,144016.93,112233.5,31066.88,22970.38,23033.03,29173.22,45344.23,6994.5,8204.43,13778.67,13203.49,27074.5,54795.63,47122.75,9825.22,6229.62,11734.81,10176.64,12115.03,28690.41,51645.88,67034.23,60638.97,23232.16,10832.57,27863.74,27756.62,15349.65,35979.77,22322.8,10358.37,12546.75,12042.21,7752.44,8526.89,7854.28,15839.97,10269.52,11689.88,3999.89,1e+09,6274.95,15245.83,6569.53,9727.54,8123.92,7544.34,7384.97,10082.29,16109.88
20758.11,101938.25,91756.2,103610.04,135406.04,99736.33,29154.13,28823.59,16666.36,24946.77,37426.08,9846.54,12464.31,11021.82,14614.44,29586.81,46994.3,38753.6,10530.82,8197.41,7945.49,13579.66,10787.58,20861.51,44698.39,59348.77,53622.84,18572.92,16565.46,19737.65,22365.68,11793.19,34915.31,26263.75,8547.79,19192.1,7988.98,13547.57,14082.06,12343.89,16749.53,12262.29,10047.25,10431.09,6274.95,1e+09,13699.71,12463.05,10469.89,8839.91,11185.08,8900.08,10718.84,16567.54
40738.84,116559.7,107373.77,113234.85,151021.63,104417.17,17636.51,27509.38,28941.37,33102.69,50420.92,22110.35,15742.93,23099.52,9825.04,50278.48,70405.19,36862.99,21804.8,14067.97,9574.46,24928.35,25805.28,36358.26,56505.55,72000.49,64507.85,20904.72,24596.87,27391.09,36258.69,11315.67,24337.37,33421.41,17730.78,26585.22,19832.05,19624.94,19065.38,25375.27,10419.99,17123.94,7047.12,18216.53,15245.83,13699.71,1e+09,20116.48,21147.05,11511.03,19285.01,10639.45,9553.12,9655.83
20399.6,112089.38,101969.64,114847.63,145625.23,115719.45,32727.54,20872.35,27542.82,32722.53,50122.27,6753.29,6708.36,13797.81,14750.83,25037.52,55065.39,49906.81,9421.68,7055.85,13233.55,7414.32,10598.64,32317.91,54902.7,71072.03,64287.13,24357.26,10381.56,31132.87,29007.91,20097.72,31894.75,17014.24,12517.46,10020.61,11602.17,7316.91,6899.16,7394.81,15627.96,8775.74,14356.2,5909.01,6569.53,12463.05,20116.48,1e+09,10924.08,11070.57,7243.85,9510.8,12834.82,20129.29
10307.9,89443.36,88896.81,108909.93,134662.74,110932.11,32124.76,32986.54,9730.17,15462.93,29990.3,9842.15,15029.89,8478.81,16195.97,19439.31,24263.68,25049.85,11286.15,10368.75,9772.16,12330.13,13762.34,10027.36,27604.94,47929.23,41563.7,13345.35,9817.95,13940.47,10680.07,21711.35,57386.87,27626.43,6167.6,16971.23,7438.25,10076.29,11807.88,14505.22,26368.43,11420.33,11823.72,8392.37,9727.54,10469.89,21147.05,10924.08,1e+09,14188.14,5751.07,15223.06,15372.21,37194.7
22940.07,111167.07,104536.18,118523.77,150398.13,113353.05,30772.04,24471.01,16203.06,24376.3,44696.96,11849.64,11535.17,11313.31,14191.24,24898.05,44454.58,35418.69,12470.91,9028.65,9591.91,14302.36,15375.2,20301.37,41824.75,63335.57,57047.43,20134.57,16550.53,18987.43,22616.13,11580.09,34012.47,23535.77,7548.09,15772.31,10569.87,12163.74,10563.2,12929.24,11518.63,7584.82,6891.46,8915.45,8123.92,8839.91,11511.03,11070.57,14188.14,1e+09,11796.14,8109.78,10713.21,13663.21
10718.55,103131.44,93173.03,113526.3,138879.54,117915.99,34702.67,27945.87,18699.39,24583.57,42543.69,6817.3,10055.84,8435.78,14336.12,17394.91,37385.58,39415.83,9004.82,7875.51,11461.65,7415.04,8959.98,21062.2,45756.22,66359.95,59927.5,17066.27,8158.03,20552.04,21022.04,20901.12,48293.85,22071.46,8028.6,11427.38,8828.71,7465.7,7602.2,8042.81,20145.66,10938.09,11487.98,6705.12,7544.34,11185.08,19285.01,7243.85,5751.07,11796.14,1e+09,10359.39,12993.07,32410.62
17669.87,111141.32,100919.92,110165.89,143568.7,108449.64,30444.21,25324.41,24201.82,29670.74,46094.32,9410.92,7576.04,14278.84,10793.57,19496.91,51361.1,46828.75,11307.35,8127.89,9495.49,8335,10991.64,29767.59,52301.39,64542.5,60980.15,24925.05,12580,26899.33,29681.36,15860.37,31381.34,24038.17,11253.48,11058.84,14853.14,11962.86,9798.95,7338.01,9295.34,10577.94,8722.25,8760.25,7384.97,8900.08,10639.45,9510.8,15223.06,8109.78,10359.39,1e+09,12318.67,14249.81
22751.78,104962.55,96971.44,112071.08,141934.38,105576.41,19061.2,29079.77,24009.68,26652.05,42519.29,13091.32,13077.01,15432.93,9812.09,31589.67,51524.16,33990.15,14792.57,10439.91,12404.69,14285.43,14367.64,28610.36,49341.43,64748.22,59332.75,18693.81,18014.31,24301.86,27668.37,10871.05,35535.59,24275.2,14866.9,19820.34,13411.25,16435.25,17372.92,16139.81,19669.57,15882.16,10360.95,11505.27,10082.29,10718.84,9553.12,12834.82,15372.21,10713.21,12993.07,12318.67,1e+09,16487.41
55759.73,142112.03,135521.31,135202.2,180062.99,122305.92,17788.55,16922.69,38235.14,49052.26,72517.13,23091.72,14693.7,40632.19,12601.43,49807.68,87863.19,46271.93,22378.95,17067.91,17440.88,26757.2,25972.37,48653.74,72207.05,89780.11,84353.51,37778.57,33486.03,42693.19,49247.06,15078.21,15084.72,21028.83,26125.51,15202.47,25905.22,19340.15,18994.53,21786.37,7699.98,17521.97,12200.22,17041.43,16109.88,16567.54,9655.83,20129.29,37194.7,13663.21,32410.62,14249.81,16487.41,1e+09
