1e+09,22044.34,15471.92,28064.1,36750.28,91490.37,137124.29,68649.9,61447.69,47623.87,70290.3,83060.17,60124.19,59182.51,64202.06,43495.59,37506.37,76829.98,74279.62,60439.96,84319.79,74631.03,53962.11,38502.68,31541.66,34743.21,52796.01,58455.42,44353.21,51108.78,65634.54,127657.15,116595.94,59831.95,81515.2000000001,55533.04,74512.2,71589.11,78863.63,80607.22,71784.32,63959.33,78929.6,68711.91,65034.18,76084.13,85838,46720.64,57256.29,66932.95,74459.65,64690.46,94299.7,91822.6
22044.34,1e+09,17219.53,21605.21,30621.81,107151.2,169933.05,87673.65,86544.97,52070.68,94327.56,115854.11,89395.9,84701.69,84813.89,52456.11,45403.35,105554.88,107816.39,88811.75,119934.32,96277.2,74525.12,45543.07,30640.86,25737.34,71110.58,85108.81,68608.72,64637.82,93655.31,164724.88,151554.19,89456.08,110739.45,82959.07,107843.23,103978.84,110350.4,112279.07,102700.73,98300.34,112850.37,99823.89,96336.89,111431.79,122059.51,70752.01,84864.57,97337.42,105274.25,94461.82,126519.2,127199.24
15471.92,17219.53,1e+09,18405.91,27725.49,124233.65,179455.61,99643.24,98498.65,63558.07,106511.57,127139.03,95743.93,93571.62,96040.88,62628.21,51677.74,116390.14,115666.56,97349.23,128120.5,106843.63,84898.07,61112.43,41636.29,40473.82,78337.16,92831.46,75481.99,78066.21,103401.58,174099.29,160517.99,96898.43,120691.84,89028.16,115177.82,112393.35,119176.13,119896.34,112263.07,106371.21,121962.36,108642.4,104055.59,118140.61,130558.53,77997.56,93887.39,104764.25,114445.95,100837.93,136399.78,133967.59
28064.1,21605.21,18405.91,1e+09,15651.28,127106.43,169314.72,117226.63,113762.57,79810.81,121496,140115.37,112203.72,105596.53,106876.83,83381.26,68036.26,119652.5,127412.21,108371.4,127677.85,126962.19,106993.23,75757.98,54676.62,55588.31,94283.42,103996.81,94997.65,90400.18,117771.93,170684.91,153730.28,111627.79,119177.9,105597.95,120472.68,119482.25,127142.23,125976.85,105192.35,115105.24,119717.56,119017.4,119527.65,126397.28,126734.85,94562.5,101975.27,110175.69,124445.76,111696.83,133504.4,130065.34
36750.28,30621.81,27725.49,15651.28,1e+09,143858.99,208190.9,138951.14,132838,99929.69,139709.02,161519.93,129300.93,123926.12,127886.64,99137.85,80104.76,146146.73,148358.53,127166.61,158822.7,142649.82,122898.34,91024.02,63834.3,66882.09,101216.65,122704.8,104895.79,111281.56,134756.79,209438.73,192606.46,133279.2,149427.13,121335.88,146337.44,142565.87,149948.9,151577.41,140972.16,138400.15,151108.22,140081.25,138589.69,151848.81,160317.36,112532.35,123280.47,135454.31,144986.35,132783.65,165600.2,166215.55
91490.37,107151.2,124233.65,127106.43,143858.99,1e+09,49436.31,42427.71,41121.4,56571.25,20658.7,26388.08,34252.44,25225.5,38727.54,59522.69,58347.92,19847.61,27355.05,30587.13,27532.75,26923.89,44422.11,59926.82,80909.32,74076.02,24677.86,28676.63,43708.57,44162.29,28617.49,41697.7,41672.54,37215.17,22673.67,31287.68,28685.62,28430.67,26097.49,24957.52,33777.31,33436.55,28945.92,28062.92,30419.32,28257.34,32727.12,36391.52,31100.31,30778.33,28341.39,24791.43,22928.75,36736.17
137124.29,169933.05,179455.61,169314.72,208190.9,49436.31,1e+09,45381.47,69158.43,95241.6,64108.08,49832.77,54351.03,64008.35,40071.92,107869.23,120585.15,21852.22,51980.36,50176.18,39157.58,60498.97,73503.49,92066.38,113121.83,115186.75,82375.52,55958.19,87592.69,79801.25,65428.86,11676.37,7797.57,40047.51,27034.94,57782.57,37982.59,41799.22,51471.29,45970.22,31185.88,47267.64,34498.69,60509.96,50217.07,37978.13,24165.17,58992.32,62587.33,37452.05,55907.42,51311.34,19292.14,16943.13
68649.9,87673.65,99643.24,117226.63,138951.14,42427.71,45381.47,1e+09,10831.19,25680.58,34186.35,28930.78,18730.17,28754.08,14275.97,23456.17,39442.97,28503.34,28314.65,19164.17,26808.17,20870.81,11112.4,27877.07,49371.2,48101.74,28108.07,20739.98,19224.53,18511.58,22219.51,51577.21,33624.97,12870.23,33127.04,17611.85,26258.38,25726.67,33005.63,33787.51,14514,17284.82,25495.96,26044.5,20344.83,23964.32,21978.96,15351.31,16450.76,15383.24,31492.31,22757.3,36801.72,21387.52
61447.69,86544.97,98498.65,113762.57,132838,41121.4,69158.43,10831.19,1e+09,21457.24,37830.32,30597.41,20054.02,31690.91,14508.02,19472.26,35901.53,30288.85,30285,21143.47,28654.59,26036.21,8464.16,19517.6,45744.78,42100.35,20519.69,19048.61,13130.47,11925.32,21128.09,60684.48,47202.86,14924.61,32159.12,18012.24,26731.75,24794.19,32368.02,35657.45,10375.8,17229.46,24945.87,26604.58,23248.57,25513.28,24203.95,12620.38,9268.66,16879.04,30060.45,23796.76,43603.76,27992.09
47623.87,52070.68,63558.07,79810.81,99929.69,56571.25,95241.6,25680.58,21457.24,1e+09,43777.82,51503.14,30795.81,34727.44,24278.91,15528.29,19823.61,42987.8,46775.63,32610.47,49736.53,37984.83,18034.42,11237.55,21710.77,23367.54,30993.12,28191.81,21052.53,12367.95,33484.01,86597.21,74693.85,29996.06,46357.12,28625.56,42774.34,39207.29,47540.94,47125.37,32818.19,33453.33,43815.47,40260.86,36098.22,45936.33,51863.19,15825.76,23797.66,34904.98,44007.46,36361.12,58844.73,54655.15
70290.3,94327.56,106511.57,121496,139709.02,20658.7,64108.08,34186.35,37830.32,43777.82,1e+09,12894.89,15114.67,8136.51,33414.25,39762.08,45081.99,16135.62,12852.35,14669.8,20804.96,10235.78,30560.91,45705.65,65197.45,62385.7,19419.33,13497.31,25427.98,33368.07,11835.01,42134.8,44335.31,18218.02,12807.12,15393.07,17795.2,14935.46,11722.98,12699.69,30582.72,17251.44,22756.28,10352.57,11948.33,19040.04,32784.14,14415.82,15334.68,21378.99,9571,15782.29,19666.77,40841.89
83060.17,115854.11,127139.03,140115.37,161519.93,26388.08,49832.77,28930.78,30597.41,51503.14,12894.89,1e+09,14584.04,13961.68,29581.59,46657.8,59064.68,17758.5,9008.02,13277.08,8667.72,9309.66,32964.12,55653.98,77977.07,78580.43,28098.34,12860,32365.51,40974.59,14216.22,24452.14,29216.85,14247.57,12362.04,17385.55,10774.33,10973.13,8615.26,9908.45,16256.88,11433.45,12155.02,9404.58,9366.31,9871.29,13886.04,15544.33,10991.82,15730.5,8238.38,15075.23,14221.45,21362.23
60124.19,89395.9,95743.93,112203.72,129300.93,34252.44,54351.03,18730.17,20054.02,30795.81,15114.67,14584.04,1e+09,15167.12,16628.98,25917.6,38311.98,14961.2,9627.13,6249.03,11150.18,9107.36,13737.84,31716.6,53613.59,55330.04,17900.26,8965.54,13944.08,24344.68,7739.72,44124.79,33056.92,9461.22,15173.64,6208.96,11294.4,10201.86,14648.61,15220.88,8807.73,7344.28,10513.02,8773.58,7381.79,10157.84,11912.95,6054.36,8931.48,7741.54,12319.39,7357.57,23522.65,18166.14
59182.51,84701.69,93571.62,105596.53,123926.12,25225.5,64008.35,28754.08,31690.91,34727.44,8136.51,13961.68,15167.12,1e+09,26356.4,35487.59,37873.71,12012.46,14702.18,11592.46,18876.07,10463.79,25443.65,35491.71,50648.37,48901.55,14368.38,8464.51,18837.44,22918.43,12089.16,44674.97,44194.22,17076.37,12043,13813.27,15279.59,12267.54,12206.78,13838.86,26238.2,13522.29,18270.65,8519.79,11471.73,19142.61,32268.03,12546.82,11211.7,18843.3,9935.31,14065.37,20646.84,39065.63
64202.06,84813.89,96040.88,106876.83,127886.64,38727.54,40071.92,14275.97,14508.02,24278.91,33414.25,29581.59,16628.98,26356.4,1e+09,27903.74,41297.74,22188.19,26838.22,16284.75,25268.83,21421.17,17239.39,26687.43,44100.71,44290.36,23962.08,17920.16,18574.33,17459.99,23216.45,44596.01,30565.68,14977.99,21196.92,18787.47,21927.88,20927.87,26294.27,27682.12,11975.95,17933.46,20520.73,23405.76,20522.28,24847.03,22567.98,15554.29,14693.89,17776.49,26591.27,17844.42,27353.88,21910.96
43495.59,52456.11,62628.21,83381.26,99137.85,59522.69,107869.23,23456.17,19472.26,15528.29,39762.08,46657.8,25917.6,35487.59,27903.74,1e+09,12918.69,45086.14,41349.51,27054.33,52740.93,32816.93,14770.13,16890.5,25949.37,27362.66,22750.04,25759.86,12842.1,13347.06,29995.67,96321.52,85583.9,25186.49,55212.69,23400.36,43175.96,40970.78,50096,48706.77,35967.29,30026.31,48451.46,39584.1,30458.74,41406.64,52822.37,17368.39,21710.63,31599.91,46838.01,32430.63,67642.64,54915.32
37506.37,45403.35,51677.74,68036.26,80104.76,58347.92,120585.15,39442.97,35901.53,19823.61,45081.99,59064.68,38311.98,37873.71,41297.74,12918.69,1e+09,53526.8,55516.51,38619.5,68179.01,43852.47,27197.37,16426.45,21113.29,20957.81,22491.12,35003.94,20994.55,22428.93,41430.45,111274.04,100590.61,39355.36,63539.86,33542.62,58024.87,54234.82,61759.85,61478.18,53994.83,46384.86,62761.13,50391.4,42326.93,58880.98,70328.71,26829.5,37506.64,46411.81,56992.54,43921.17,78398.49,74184.92
76829.98,105554.88,116390.14,119652.5,146146.73,19847.61,21852.22,28503.34,30288.85,42987.8,16135.62,17758.5,14961.2,12012.46,22188.19,45086.14,53526.8,1e+09,17169.3,13428,15487.2,13832.44,28174.11,47359.92,66867.54,65622.15,22147.53,13946.86,29872.17,30437.26,17100.78,33190.28,21909.72,19268.13,11009.69,14725.36,15756.15,13289.36,16549.88,16945.36,16173.76,16991.51,13440.19,16780.8,17900.52,18785.69,16392.78,18101.28,16773.64,15452.59,15065.85,12384.12,13420.14,18430.19
74279.62,107816.39,115666.56,127412.21,148358.53,27355.05,51980.36,28314.65,30285,46775.63,12852.35,9008.02,9627.13,14702.18,26838.22,41349.51,55516.51,17169.3,1e+09,9060.03,6873.85,8890.74,28493.98,47316.12,67338.78,68737.96,27624.53,10676.09,28112,35269.98,8811.08,30559.23,29970.27,11673.4,14281.62,11810.04,10223.65,7250.79,6262.99,7962.99,9323.95,7123.43,8645.34,6381.02,5984.5,5956.79,9828.35,10739.48,7302.97,10705.39,5676.93,10183.27,16670.83,21666.74
60439.96,88811.75,97349.23,108371.4,127166.61,30587.13,50176.18,19164.17,21143.47,32610.47,14669.8,13277.08,6249.03,11592.46,16284.75,27054.33,38619.5,13428,9060.03,1e+09,10125.87,9138.28,14437.5,32345.63,52356.04,54437.55,17275.99,8513.52,14702.17,25007.65,7891.53,39698.38,30088.48,8228.11,14230.28,7364.41,9498.41,8686.35,12815.57,14643.44,9714.6,7306.85,8575.3,8038,7100.44,8993.5,10299.54,6561.52,8199.46,7367.14,10886.03,8706.98,20260.36,18453.16
84319.79,119934.32,128120.5,127677.85,158822.7,27532.75,39157.58,26808.17,28654.59,49736.53,20804.96,8667.72,11150.18,18876.07,25268.83,52740.93,68179.01,15487.2,6873.85,10125.87,1e+09,11143.56,31739.36,47410.5,69567.77,69078.62,33889.12,13492.2,34230.18,37616.91,14661.12,21723.16,18680.2,10854.96,7660.41,16977.91,7663.14,8024.84,8685.69,10867.96,7807.47,5847.43,5108.27,8260.73,11299.12,7725.15,7453.5,13216.25,9189.69,9679.14,8004.17,10648.01,15301.38,15165.79
74631.03,96277.2,106843.63,126962.19,142649.82,26923.89,60498.97,20870.81,26036.21,37984.83,10235.78,9309.66,9107.36,10463.79,21421.17,32816.93,43852.47,13832.44,8890.74,9138.28,11143.56,1e+09,20516.27,41779.59,63178.46,62244.09,20350.13,10075.55,20426.88,28169.55,9267.74,34073.39,38457.26,10884.59,13828.06,10797.52,11067.87,11299.41,8948.67,8536.98,14755.41,12458.07,13648.09,7377.88,6682.83,11829.64,16313.14,10255.4,13526.64,11360.89,8169.8,11760,17063.85,23957.01
53962.11,74525.12,84898.07,106993.23,122898.34,44422.11,73503.49,11112.4,8464.16,18034.42,30560.91,32964.12,13737.84,25443.65,17239.39,14770.13,27197.37,28174.11,28493.98,14437.5,31739.36,20516.27,1e+09,22138.5,42817.86,40563.73,19069.56,15365.21,10576.58,11630.02,16779.25,69912.59,51514.66,14711.78,35131.99,13141.28,27794.1,24246.66,36056.72,38309.13,13011.71,15443.84,25884.53,26830.15,17612.14,26623.26,24914.2,7957.46,13334.21,15189.99,32883.03,20940.56,47752.89,26398.87
38502.68,45543.07,61112.43,75757.98,91024.02,59926.82,92066.38,27877.07,19517.6,11237.55,45705.65,55653.98,31716.6,35491.71,26687.43,16890.5,16426.45,47359.92,47316.12,32345.63,47410.5,41779.59,22138.5,1e+09,19850.08,18360.58,24709.93,29471.71,18673.26,15190.68,35673.71,87401.04,72055.5,31972.39,44861.68,28365.52,41963.02,38901.82,47943.77,49878.44,28374.26,33106.56,41182.38,41421.18,38208.09,45524.63,46019.34,18626.34,23371.52,32110.21,44020.23,35533.01,59315.35,50249.09
31541.66,30640.86,41636.29,54676.62,63834.3,80909.32,113121.83,49371.2,45744.78,21710.77,65197.45,77977.07,53613.59,50648.37,44100.71,25949.37,21113.29,66867.54,67338.78,52356.04,69567.77,63178.46,42817.86,19850.08,1e+09,10560.56,36948.33,46681.51,31312.88,29197.8,58299.35,111649.79,95431.05,52502.66,63285.16,50232.59,62798.17,58232.39,66572.98,67816.27,49476.7,53121.67,61929.17,58933.6,58925.06,67436.12,68878.85,38756.03,41723.82,52495.78,63383.46,55643.4,77419.46,73226.07
34743.21,25737.34,40473.82,55588.31,66882.09,74076.02,115186.75,48101.74,42100.35,23367.54,62385.7,78580.43,55330.04,48901.55,44290.36,27362.66,20957.81,65622.15,68737.96,54437.55,69078.62,62244.09,40563.73,18360.58,10560.56,1e+09,36143.68,46695.35,32285.42,27529.41,57612.05,113539.13,97661.61,54758.19,61926.31,49635.25,61818.2,59172.74,66810.74,69261.88,51043.2,53503.19,61786.09,60647.1,62368.19,66786.54,68811.34,41755.37,41175.21,52793.52,64888.75,58233.48,77978.28,73887.06
52796.01,71110.58,78337.16,94283.42,101216.65,24677.86,82375.52,28108.07,20519.69,30993.12,19419.33,28098.34,17900.26,14368.38,23962.08,22750.04,22491.12,22147.53,27624.53,17275.99,33889.12,20350.13,19069.56,24709.93,36948.33,36143.68,1e+09,13876.83,11564.85,16530.18,16829.46,74392.79,64084.08,23505.82,27940.02,15365.46,28041.66,24372.06,31488.29,33268.14,25333.93,19716.05,28745.37,24689.29,20294.19,31506.04,37317.49,20341.83,14091.27,20054.81,28374.51,18629.21,42967.08,43306.51
58455.42,85108.81,92831.46,103996.81,122704.8,28676.63,55958.19,20739.98,19048.61,28191.81,13497.31,12860,8965.54,8464.51,17920.16,25759.86,35003.94,13946.86,10676.09,8513.52,13492.2,10075.55,15365.21,29471.71,46681.51,46695.35,13876.83,1e+09,13496.34,17424.71,9357.83,37762.54,36297.44,12588.25,11890.2,9833.1,11302.58,8397.04,9408.09,10532.18,16619.89,9958.65,13777.92,8514.15,10733.83,10912.96,21383.31,9787.08,8103.84,14263.47,8350.64,11144.12,16922.87,28265.68
44353.21,68608.72,75481.99,94997.65,104895.79,43708.57,87592.69,19224.53,13130.47,21052.53,25427.98,32365.51,13944.08,18837.44,18574.33,12842.1,20994.55,29872.17,28112,14702.17,34230.18,20426.88,10576.58,18673.26,31312.88,32285.42,11564.85,13496.34,1e+09,11255.64,15809.95,76211.38,66186.15,13322.59,34550.31,11277.78,26715.67,25018.71,31353.81,33662.8,21679.33,16067.92,29621.37,22544.3,18276.08,26550.67,34441.68,13250.68,8921.89,18326.84,27976.71,20470.97,47337.67,40195.1
51108.78,64637.82,78066.21,90400.18,111281.56,44162.29,79801.25,18511.58,11925.32,12367.95,33368.07,40974.59,24344.68,22918.43,17459.99,13347.06,22428.93,30437.26,35269.98,25007.65,37616.91,28169.55,11630.02,15190.68,29197.8,27529.41,16530.18,17424.71,11255.64,1e+09,23161.7,70186.25,59392.31,23135.85,34294.9,20419.57,31752,27254.42,34384.84,36225.15,21557.83,23042.61,32114.57,28434.26,28136.34,33281.7,38164.02,16105.27,14025.9,24099.01,30903.15,23276.71,44646.4,40151.59
65634.54,93655.31,103401.58,117771.93,134756.79,28617.49,65428.86,22219.51,21128.09,33484.01,11835.01,14216.22,7739.72,12089.16,23216.45,29995.67,41430.45,17100.78,8811.08,7891.53,14661.12,9267.74,16779.25,35673.71,58299.35,57612.05,16829.46,9357.83,15809.95,23161.7,1e+09,44601.13,43463.63,13066.25,17264.89,5268.43,11106.12,9937.97,13172.01,12504.02,19240.89,7101.3,13939.06,9987.95,7071.85,11496.12,20720.37,8260.17,10134,11218.48,12514.37,9120.56,24508.84,28492.51
127657.15,164724.88,174099.29,170684.91,209438.73,41697.7,11676.37,51577.21,60684.48,86597.21,42134.8,24452.14,44124.79,44674.97,44596.01,96321.52,111274.04,33190.28,30559.23,39698.38,21723.16,34073.39,69912.59,87401.04,111649.79,113539.13,74392.79,37762.54,76211.38,70186.25,44601.13,1e+09,8102.05,37491.05,21418.74,46349.98,26251.71,27388.71,28534.29,28922.81,20455.52,31711.74,26245.27,33614.38,31402.39,22012.43,20951.64,46992.12,38231.14,33562.12,33610.96,41013.02,18957.84,12917.17
116595.94,151554.19,160517.99,153730.28,192606.46,41672.54,7797.57,33624.97,47202.86,74693.85,44335.31,29216.85,33056.92,44194.22,30565.68,85583.9,100590.61,21909.72,29970.27,30088.48,18680.2,38457.26,51514.66,72055.5,95431.05,97661.61,64084.08,36297.44,66186.15,59392.31,43463.63,8102.05,1e+09,25000.56,17083.48,36994.43,21016.09,23862.46,29795.6,26927.99,15903.79,25636.11,17806.97,38133.07,29046.1,19660,12623,36986.89,39931.84,21439.65,34083.31,32885.33,16712.79,8400.53
59831.95,89456.08,96898.43,111627.79,133279.2,37215.17,40047.51,12870.23,14924.61,29996.06,18218.02,14247.57,9461.22,17076.37,14977.99,25186.49,39355.36,19268.13,11673.4,8228.11,10854.96,10884.59,14711.78,31972.39,52502.66,54758.19,23505.82,12588.25,13322.59,23135.85,13066.25,37491.05,25000.56,1e+09,21735.34,9781.92,13517.48,14400.36,15266.64,17786.91,8883.05,9595.78,12972.77,8935.24,8638.49,8211.97,9742.67,6095.14,9835.05,7921.27,13567.59,12967.24,20965.91,16505.67
81515.2000000001,110739.45,120691.84,119177.9,149427.13,22673.67,27034.94,33127.04,32159.12,46357.12,12807.12,12362.04,15173.64,12043,21196.92,55212.69,63539.86,11009.69,14281.62,14230.28,7660.41,13828.06,35131.99,44861.68,63285.16,61926.31,27940.02,11890.2,34550.31,34294.9,17264.89,21418.74,17083.48,21735.34,1e+09,20437.46,8262.66,9424.9,9956.25,10401.72,11292.72,10036.64,7289.72,12481.83,16141.21,13028.45,14474.25,22084.73,11550.55,11759.46,10097.36,15524.31,10830.17,15545.72
55533.04,82959.07,89028.16,105597.95,121335.88,31287.68,57782.57,17611.85,18012.24,28625.56,15393.07,17385.55,6208.96,13813.27,18787.47,23400.36,33542.62,14725.36,11810.04,7364.41,16977.91,10797.52,13141.28,28365.52,50232.59,49635.25,15365.46,9833.1,11277.78,20419.57,5268.43,46349.98,36994.43,9781.92,20437.46,1e+09,11983.36,12213.85,16055.77,14878.15,10718.48,7068.08,13490.33,12264.14,6178.36,11483.03,13681.4,6540.84,11510.4,7834.73,15249.51,7367.15,25413.12,19015.21
74512.2,107843.23,115177.82,120472.68,146337.44,28685.62,37982.59,26258.38,26731.75,42774.34,17795.2,10774.33,11294.4,15279.59,21927.88,43175.96,58024.87,15756.15,10223.65,9498.41,7663.14,11067.87,27794.1,41963.02,62798.17,61818.2,28041.66,11302.58,26715.67,31752,11106.12,26251.71,21016.09,13517.48,8262.66,11983.36,1e+09,7653.48,8097.12,9758.42,11154.98,8223,7247.83,8800.37,10295.93,8811.48,13618.74,13410.34,9234.86,9213.53,9078.74,11394.73,14664.42,17827.84
71589.11,103978.84,112393.35,119482.25,142565.87,28430.67,41799.22,25726.67,24794.19,39207.29,14935.46,10973.13,10201.86,12267.54,20927.87,40970.78,54234.82,13289.36,7250.79,8686.35,8024.84,11299.41,24246.66,38901.82,58232.39,59172.74,24372.06,8397.04,25018.71,27254.42,9937.97,27388.71,23862.46,14400.36,9424.9,12213.85,7653.48,1e+09,6038.64,7743.28,14196.81,7317.72,7389.96,6405.44,8765.8,8574.37,15790.36,13000.65,7914.01,10591.6,7229.71,10362.92,11417.17,19957.67
78863.63,110350.4,119176.13,127142.23,149948.9,26097.49,51471.29,33005.63,32368.02,47540.94,11722.98,8615.26,14648.61,12206.78,26294.27,50096,61759.85,16549.88,6262.99,12815.57,8685.69,8948.67,36056.72,47943.77,66572.98,66810.74,31488.29,9408.09,31353.81,34384.84,13172.01,28534.29,29795.6,15266.64,9956.25,16055.77,8097.12,6038.64,1e+09,6658.39,16556.4,9076.1,10349.87,5906.15,8318.01,8871.65,16718.78,16672.34,8545.47,14377.2,4948.49,13668.65,14014.14,23741.81
80607.22,112279.07,119896.34,125976.85,151577.41,24957.52,45970.22,33787.51,35657.45,47125.37,12699.69,9908.45,15220.88,13838.86,27682.12,48706.77,61478.18,16945.36,7962.99,14643.44,10867.96,8536.98,38309.13,49878.44,67816.27,69261.88,33268.14,10532.18,33662.8,36225.15,12504.02,28922.81,26927.99,17786.91,10401.72,14878.15,9758.42,7743.28,6658.39,1e+09,17373.02,12622.36,12027.29,7988.83,7725.04,9450.21,18676.6,18836.77,11558.37,14376.98,6637.89,15105.91,14229.7,23305.74
71784.32,102700.73,112263.07,105192.35,140972.16,33777.31,31185.88,14514,10375.8,32818.19,30582.72,16256.88,8807.73,26238.2,11975.95,35967.29,53994.83,16173.76,9323.95,9714.6,7807.47,14755.41,13011.71,28374.26,49476.7,51043.2,25333.93,16619.89,21679.33,21557.83,19240.89,20455.52,15903.79,8883.05,11292.72,10718.48,11154.98,14196.81,16556.4,17373.02,1e+09,6538.53,7327.72,14982.13,9372.2,10659.61,5859.91,7838.48,15195.66,8293.49,19958.63,11138.35,15052.26,11553.52
63959.33,98300.34,106371.21,115105.24,138400.15,33436.55,47267.64,17284.82,17229.46,33453.33,17251.44,11433.45,7344.28,13522.29,17933.46,30026.31,46384.86,16991.51,7123.43,7306.85,5847.43,12458.07,15443.84,33106.56,53121.67,53503.19,19716.05,9958.65,16067.92,23042.61,7101.3,31711.74,25636.11,9595.78,10036.64,7068.08,8223,7317.72,9076.1,12622.36,6538.53,1e+09,6233.03,6653.95,7128.26,6521.05,7468.45,7614.97,3377.29,5807.32,7332.27,9508.99000000001,17876.15,17298.84
78929.6,112850.37,121962.36,119717.56,151108.22,28945.92,34498.69,25495.96,24945.87,43815.47,22756.28,12155.02,10513.02,18270.65,20520.73,48451.46,62761.13,13440.19,8645.34,8575.3,5108.27,13648.09,25884.53,41182.38,61929.17,61786.09,28745.37,13777.92,29621.37,32114.57,13939.06,26245.27,17806.97,12972.77,7289.72,13490.33,7247.83,7389.96,10349.87,12027.29,7327.72,6233.03,1e+09,9254.53,10477.11,9402.61,7317.18,11156.46,10203.34,7134.53,10950.02,10732.24,14353.26,16261.29
68711.91,99823.89,108642.4,119017.4,140081.25,28062.92,60509.96,26044.5,26604.58,40260.86,10352.57,9404.58,8773.58,8519.79,23405.76,39584.1,50391.4,16780.8,6381.02,8038,8260.73,7377.88,26830.15,41421.18,58933.6,60647.1,24689.29,8514.15,22544.3,28434.26,9987.95,33614.38,38133.07,8935.24,12481.83,12264.14,8800.37,6405.44,5906.15,7988.83,14982.13,6653.95,9254.53,1e+09,5984.17,7373.89,13991.78,10114.23,5912.42,9743.77,5555.95,10325.44,16395.12,25497.36
65034.18,96336.89,104055.59,119527.65,138589.69,30419.32,50217.07,20344.83,23248.57,36098.22,11948.33,9366.31,7381.79,11471.73,20522.28,30458.74,42326.93,17900.52,5984.5,7100.44,11299.12,6682.83,17612.14,38208.09,58925.06,62368.19,20294.19,10733.83,18276.08,28136.34,7071.85,31402.39,29046.1,8638.49,16141.21,6178.36,10295.93,8765.8,8318.01,7725.04,9372.2,7128.26,10477.11,5984.17,1e+09,7303.99,9086.62,7735.83,9080.41,7686.57,7370.19,11707,17633.09,18043.92
76084.13,111431.79,118140.61,126397.28,151848.81,28257.34,37978.13,23964.32,25513.28,45936.33,19040.04,9871.29,10157.84,19142.61,24847.03,41406.64,58880.98,18785.69,5956.79,8993.5,7725.15,11829.64,26623.26,45524.63,67436.12,66786.54,31506.04,10912.96,26550.67,33281.7,11496.12,22012.43,19660,8211.97,13028.45,11483.03,8811.48,8574.37,8871.65,9450.21,10659.61,6521.05,9402.61,7373.89,7303.99,1e+09,7275.24,11133.42,8669.32,8106.53,8636.78,11545.32,14211.98,15784.8
85838,122059.51,130558.53,126734.85,160317.36,32727.12,24165.17,21978.96,24203.95,51863.19,32784.14,13886.04,11912.95,32268.03,22567.98,52822.37,70328.71,16392.78,9828.35,10299.54,7453.5,16313.14,24914.2,46019.34,68878.85,68811.34,37317.49,21383.31,34441.68,38164.02,20720.37,20951.64,12623,9742.67,14474.25,13681.4,13618.74,15790.36,16718.78,18676.6,5859.91,7468.45,7317.18,13991.78,9086.62,7275.24,1e+09,11797.92,15386.5,8118.24,17353.28,13860.06,13821.7,9376.31
46720.64,70752.01,77997.56,94562.5,112532.35,36391.52,58992.32,15351.31,12620.38,15825.76,14415.82,15544.33,6054.36,12546.82,15554.29,17368.39,26829.5,18101.28,10739.48,6561.52,13216.25,10255.4,7957.46,18626.34,38756.03,41755.37,20341.83,9787.08,13250.68,16105.27,8260.17,46992.12,36986.89,6095.14,22084.73,6540.84,13410.34,13000.65,16672.34,18836.77,7838.48,7614.97,11156.46,10114.23,7735.83,11133.42,11797.92,1e+09,8756.5,8339.61,14147.96,11206.63,27703.95,21486.03
57256.29,84864.57,93887.39,101975.27,123280.47,31100.31,62587.33,16450.76,9268.66,23797.66,15334.68,10991.82,8931.48,11211.7,14693.89,21710.63,37506.64,16773.64,7302.97,8199.46,9189.69,13526.64,13334.21,23371.52,41723.82,41175.21,14091.27,8103.84,8921.89,14025.9,10134,38231.14,39931.84,9835.05,11550.55,11510.4,9234.86,7914.01,8545.47,11558.37,15195.66,3377.29,10203.34,5912.42,9080.41,8669.32,15386.5,8756.5,1e+09,10574.48,6746.99,10080.39,18315.84,25972.63
66932.95,97337.42,104764.25,110175.69,135454.31,30778.33,37452.05,15383.24,16879.04,34904.98,21378.99,15730.5,7741.54,18843.3,17776.49,31599.91,46411.81,15452.59,10705.39,7367.14,9679.14,11360.89,15189.99,32110.21,52495.78,52793.52,20054.81,14263.47,18326.84,24099.01,11218.48,33562.12,21439.65,7921.27,11759.46,7834.73,9213.53,10591.6,14377.2,14376.98,8293.49,5807.32,7134.53,9743.77,7686.57,8106.53,8118.24,8339.61,10574.48,1e+09,15462.94,7532.26,18619.76,14505.1
74459.65,105274.25,114445.95,124445.76,144986.35,28341.39,55907.42,31492.31,30060.45,44007.46,9571,8238.38,12319.39,9935.31,26591.27,46838.01,56992.54,15065.85,5676.93,10886.03,8004.17,8169.8,32883.03,44020.23,63383.46,64888.75,28374.51,8350.64,27976.71,30903.15,12514.37,33610.96,34083.31,13567.59,10097.36,15249.51,9078.74,7229.71,4948.49,6637.89,19958.63,7332.27,10950.02,5555.95,7370.19,8636.78,17353.28,14147.96,6746.99,15462.94,1e+09,13116.23,13968.99,25489.35
64690.46,94461.82,100837.93,111696.83,132783.65,24791.43,51311.34,22757.3,23796.76,36361.12,15782.29,15075.23,7357.57,14065.37,17844.42,32430.63,43921.17,12384.12,10183.27,8706.98,10648.01,11760,20940.56,35533.01,55643.4,58233.48,18629.21,11144.12,20470.97,23276.71,9120.56,41013.02,32885.33,12967.24,15524.31,7367.15,11394.73,10362.92,13668.65,15105.91,11138.35,9508.99000000001,10732.24,10325.44,11707,11545.32,13860.06,11206.63,10080.39,7532.26,13116.23,1e+09,20054.17,20950.56
94299.7,126519.2,136399.78,133504.4,165600.2,22928.75,19292.14,36801.72,43603.76,58844.73,19666.77,14221.45,23522.65,20646.84,27353.88,67642.64,78398.49,13420.14,16670.83,20260.36,15301.38,17063.85,47752.89,59315.35,77419.46,77978.28,42967.08,16922.87,47337.67,44646.4,24508.84,18957.84,16712.79,20965.91,10830.17,25413.12,14664.42,11417.17,14014.14,14229.7,15052.26,17876.15,14353.26,16395.12,17633.09,14211.98,13821.7,27703.95,18315.84,18619.76,13968.99,20054.17,1e+09,13675.99
91822.6,127199.24,133967.59,130065.34,166215.55,36736.17,16943.13,21387.52,27992.09,54655.15,40841.89,21362.23,18166.14,39065.63,21910.96,54915.32,74184.92,18430.19,21666.74,18453.16,15165.79,23957.01,26398.87,50249.09,73226.07,73887.06,43306.51,28265.68,40195.1,40151.59,28492.51,12917.17,8400.53,16505.67,15545.72,19015.21,17827.84,19957.67,23741.81,23305.74,11553.52,17298.84,16261.29,25497.36,18043.92,15784.8,9376.31,21486.03,25972.63,14505.1,25489.35,20950.56,13675.99,1e+09
