1e+09,24489.57,16570.26,33485.45,43614.74,74605.13,120617.13,56656.4,41638.74,31797.62,45537.41,64415.72,55823.29,55217.28,46141.99,28733.73,31380.45,56661.2,58546.41,56407.76,64763.88,54283.94,41265.76,26617.32,29540.12,29093.8,47168.71,50203.84,38310.29,37670.11,44688.8,111729.85,125498.69,63921.05,70455.35,50708.65,58206.7,68023.97,68277.52,69526.1,82736.82,63279.23,68090.62,59725.24,56908.67,64724.06,80851.34,55889.61,58666.93,58884.08,64681.59,61929,84767.66,107574.05
24489.57,1e+09,15730.5,19109.81,30123.93,94572.92,165906.29,93060.44,76862.65,50140.42,78587.2,109707.77,98542.53,94189.48,81886.5,53399.71,45443.48,90314.06,102481.95,99580.56,108166.4,94054.08,73165.77,50872.6,35511.03,29300.78,71386.72,87793.2,74693.55,61768.65,83008.07,158787.22,171711.18,109261.65,110758.04,93140.11,99687.28,111695.28,113803.46,114344.31,128878.37,108499,112311.47,103619.25,98484.91,111961.14,126888.72,99206.35,100959.63,101944.4,108983.71,107497.87,132324.11,155841.62
16570.26,15730.5,1e+09,15354.71,25079.16,104514.56,168293.74,92459.57,79232.26,50336.34,79055.46,109981.83,98843.1500000001,94326.27,82151.32,49936.86,46113.09,92910.46,104089.24,100635.57,109890.71,92609.1,72899.96,53124.25,39351.91,35179.81,74853.65,88536.94,73728.03,63865.22,82948.04,160697.31,172543.53,108588.6,113092.79,92467.61,101570.47,113640.85,115495.39,114318.4,130509.54,110130.63,113982.88,103996.38,98412.94,112897.65,128579.05,98647.5,102904.92,103344.59,110521.96,105984,134105.27,156772.84
33485.45,19109.81,15354.71,1e+09,16411.24,102602.88,165622.25,104701.44,92978.18,64488.16,94136.07,122876.4,112555.7,109243.23,92415.81,71058.58,60850.98,96358.5,115186.38,113491.08,110467.82,110338.66,92616.39,66446.37,50410.41,43342.55,87918.07,100647.53,94706.26,76243.04,99410.5,154402.9,168210.39,118527.43,115750.67,110988.69,107969.37,123633.91,125611.78,125418.01,124377.56,116940.08,114787.07,115156.1,112182.78,119167.95,125300.12,112870.48,113937.21,108687.6,122663.09,119672.54,137053.19,151740.53
43614.74,30123.93,25079.16,16411.24,1e+09,116599.17,205019.38,132519.9,115379.19,85888.43,111349.39,147371.66,135088.21,129850.48,117460.65,86548.16,71725.81,120288.48,139434.17,136058.47,144837.4,130441.02,110854.95,83327.96,61532.7,57073.77,94985,121828.85,106456.95,95858.61,118980.17,196319.89,210210.18,146098.31,147630.65,131418.55,135699.01,149139.33,151058.84,151864.6,165296.29,144916.92,148828.61,140439.83,135857.5,148912.98,163452.53,136146.34,137964.97,138421.12,146423.38,144569.89,169834.23,193162.82
74605.13,94572.92,104514.56,102602.88,116599.17,1e+09,52417.05,55388.93,43483.25,58540.91,24454.82,38131.52,37019.21,27421.88,40571.42,52245.2,45940.47,21627.43,32554.38,34865.73,31609.69,40878.06,45484.93,54741.31,65060.93,60662.68,21149.31,26356.65,37418.41,39808.47,34368.67,48897.71,60452.17,35888.68,29138.84,36750.69,27971.94,32925.53,34250.82,35659.58,42426.16,36687.9,34801.84,37107.59,41366.5,33062.34,38668.64,39423.06,32766.39,32477.1,36955.45,33708.6,36339.67,48238.97
120617.13,165906.29,168293.74,165622.25,205019.38,52417.05,1e+09,65727.82,84505.02,95263.53,58072.96,48243.38,62793.52,40985.16,48428.55,99495.32,109702.88,29323.76,48812.86,54221.54,50700.15,50593.03,91693.28,101525.41,112506.31,117992.22,83636,41810.59,84360.99,82192.69,55455.61,15615.49,13729.56,57560.12,22384.35,59980.01,35356.15,34960.94,38566.41,35857.41,38200.18,54183.7,45508.66,57138.17,64761.17,53471.27,39816.07,60306.66,48137.52,56066.05,39025.75,56686.83,31715.07,19100.8
56656.4,93060.44,92459.57,104701.44,132519.9,55388.93,65727.82,1e+09,12564.61,29887.69,38581.91,28102.37,20207.03,44391.41,12724.09,25807.65,44089.86,28404.13,27018.36,21868.77,22925.44,18229.7,11284.12,26663.81,44224.05,46073.15,38482,30511.42,23084.54,20959.59,24751.31,45401.26,49573.64,22154.65,34998.89,21741.96,28739.92,35627.84,33777.54,32131.68,23222.31,22949.89,23234.15,20616.85,16797.41,24385.11,23168.82,21159.67,31096.64,17891.84,34009.71,25536.51,36278.25,37421.5
41638.74,76862.65,79232.26,92978.18,115379.19,43483.25,84505.02,12564.61,1e+09,20489.26,25507.94,29289.79,23958.72,28817.9,14962.02,16603.33,27665.07,25396.05,25614.38,23239.57,22391.58,22044.82,9084.94,14974.85,32890.07,33122.76,20389.04,21200.4,12691.4,10574.89,17054.71,55577.85,66280.46,27468.94,32600.9,22095.25,26174.67,31514.18,30473.14,32995.45,26612.69,22595.15,24740.59,24216.67,21228.54,26351.57,27207.62,22739.69,23943.48,18793.39,29926.11,25340.17,42006.45,49620.15
31797.62,50140.42,50336.34,64488.16,85888.43,58540.91,95263.53,29887.69,20489.26,1e+09,34652.3,44900.46,36184.21,42580.41,24067.22,15541.3,17158.49,37539.41,41320.04,36755.72,39168.78,33924.36,19186.72,11266.91,15721,20080.36,35050.01,33224.95,26206.47,13302.03,28206.87,80896.74,91589.23,45336.87,47597.34,34870.04,40725.38,47727.75,48375.48,46090.19,50850.1,39945.78,40999,38754.42,34817.52,45438.66,50927.24,36943.56,38822.29,35264.47,44573.1,42224.08,61047.48,78234.37
45537.41,78587.2,79055.46,94136.07,111349.39,24454.82,58072.96,38581.91,25507.94,34652.3,1e+09,19689.79,16772,8395.87,24559.35,27168.69,31375.79,16090.57,13490.03,15508.6,15206.14,16208.27,23248.18,33021.52,45781.05,46300.4,14556.59,8813.39,16925.27,24136.8,9763.86,56802.46,68436.76,21309.73,17021.79,12922.75,13139.89,17520.91,18009.45,20219.51,35541.73,19108.7,19061.25,16782.23,19222.95,20321.39,33935.82,16899.55,12493.28,16947.76,16090.14,19374.35,29639.65,55952.27
64415.72,109707.77,109981.83,122876.4,147371.66,38131.52,48243.38,28102.37,29289.79,44900.46,19689.79,1e+09,10003.88,17996.36,21527.51,36530.25,51931.16,22645.23,8751.46,8626.65,8960.5,10090.68,26055.8,45244.63,64100.14,66826.33,29627.77,12203.36,23938.52,33960.48,13734.75,31419.94,43338.43,9068.2,16177.1,12141.91,10388.72,10342.43,8066.84,9285.19,12339.09,7991.07,9824.74,8094.3,11426.73,8871.99,12560.48,9086.34,8190.95,10439.75,8076,10508.05,14892.9,27660.12
55823.29,98542.53,98843.1500000001,112555.7,135088.21,37019.21,62793.52,20207.03,23958.72,36184.21,16772,10003.88,1e+09,19473.39,17411.83,29575.11,45923.63,15914.99,7025.8,7485.25,9037.77,7958.74,17897.19,35217.37,56150.91,59237.17,26282.26,12081.15,17757.95,28362.04,9753.76,34830.71,45669.84,9467.2,21190.06,7458.35,13550.7,15668.7,12180.75,13134.86,12345,8725.18,10560.37,7098.26,6903.42,8674.75,11933.56,6116.57,10390.34,8135.82,10888.68,8221.07,18033.97,28190.07
55217.28,94189.48,94326.27,109243.23,129850.48,27421.88,40985.16,44391.41,28817.9,42580.41,8395.87,17996.36,19473.39,1e+09,25862.75,35309.32,41836.63,15479.92,12573.29,14924.05,13377.32,19068.12,30335.65,40470.22,56101.01,55559.03,20981.21,7144.04,21529.13,29376.08,13496.06,44699.12,56162.51,23010.63,10627.16,15429.47,10207.57,10866.19,13543.28,17894.79,27747.61,16570.37,15793.17,16556.53,21076.28,17925.24,27977.57,19402.16,8144.21,17000.38,13040.5,21164.48,22537.22,47265.06
46141.99,81886.5,82151.32,92415.81,117460.65,40571.42,48428.55,12724.09,14962.02,24067.22,24559.35,21527.51,17411.83,25862.75,1e+09,26703.11,38069.54,19723.45,22956.5,16885.07,19886.52,17192.52,17262.71,24736.89,36906.47,39646.43,27207.19,18203.6,17753.04,17232.13,20399.91,37705.76,42747.42,16658.85,20139.08,20013.03,21206.14,23512.91,25059.37,24264.82,20701.34,18952.94,18767.44,17588.75,17250.2,21365.6,21592.65,18708.01,21044.67,16999.78,23517.42,18902.99,25083.05,33129.81
28733.73,53399.71,49936.86,71058.58,86548.16,52245.2,99495.32,25807.65,16603.33,15541.3,27168.69,36530.25,29575.11,35309.32,26703.11,1e+09,12567.36,34895.77,34311.8,30943.15,44462.53,26208.44,14817.48,16116.09,20686.67,24336.17,23209.34,32147.46,15634.08,13941.82,22063.95,89029.7499999999,101994.51,36808.7,53053.37,26015.68,38327.87,47408.64,45659.23,43297,59524.09,40988.28,46903.36,35982.02,27663.54,38800.61,58189.46,29278.23,38701.77,35078.9,42529.42,33656.44,62294.91,83422.85
31380.45,45443.48,46113.09,60850.98,71725.81,45940.47,109702.88,44089.86,27665.07,17158.49,31375.79,51931.16,45923.63,41836.63,38069.54,12567.36,1e+09,40340.48,48106.03,43836.64,56797.04,40105.61,24878.58,17255.71,19028.42,20139.93,20993.76,38569.17,21612.58,18901.9,31101.14,103849.78,119074.78,53586.78,61495.08,39054.63,47490.76,58634.61,58285.74,58776.07,75908.2,56143.35,60589.57,50988,44072.71,54673.76,74297.32,44570.59,49444.42,49586.95,54862.12,48740.9,75950.92,101085.11
56661.2,90314.06,92910.46,96358.5,120288.48,21627.43,29323.76,28404.13,25396.05,37539.41,16090.57,22645.23,15914.99,15479.92,19723.45,34895.77,40340.48,1e+09,18345.2,14903.76,16919.39,20055.27,22883.1,36703.13,46957.04,49572.6,18257.99,12216.39,22995.81,23866.27,17832.31,30566.67,38757.06,17235.19,13973.35,15607.47,15555.58,18272.92,20713.48,21054.47,20171.65,20168.24,15046.29,18694.71,19821.85,17762.89,18505.71,17447.53,17972.2,15352.77,19272.16,16803.63,20763.42,27638.49
58546.41,102481.95,104089.24,115186.38,139434.17,32554.38,48812.86,27018.36,25614.38,41320.04,13490.03,8751.46,7025.8,12573.29,22956.5,34311.8,48106.03,18345.2,1e+09,6826.07,6928.33,9697.39,21827.45,38716.42,58794.16,61947.45,25729.97,9817.8,20543.55,31018.3,10555.68,31267.43,44712.65,9354.19,15296.07,8305.74,11813.11,7441.93,6277.86,9111.14,10355.62,6599.2,7882.36,6963.45,6257.21,5740.54,11406.39,6588.81,6056.27,8081.66,6838.53,7946.11,15607.49,26152.74
56407.76,99580.56,100635.57,113491.08,136058.47,34865.73,54221.54,21868.77,23239.57,36755.72,15508.6,8626.65,7485.25,14924.05,16885.07,30943.15,43836.64,14903.76,6826.07,1e+09,8367.49,7907.75,16465.99,35802.01,55975.14,58603.25,24132.25,10416.05,16414.1,28244.86,10300.17,32961.84,47073.9,7351.69,19897.25,7926.21,12291.1,11657.6,9669.03,11745.78,13998.83,7990.72,8010.82,6367.36,7696.62,6814.03,11364.67,5733.88,7791.89,7107.91,8609.54,8886.19,15519.3,29290.16
64763.88,108166.4,109890.71,110467.82,144837.4,31609.69,50700.15,22925.44,22391.58,39168.78,15206.14,8960.5,9037.77,13377.32,19886.52,44462.53,56797.04,16919.39,6928.33,8367.49,1e+09,11755.63,24075.35,37262.38,54655.86,57347.17,28686,8784.5,25864.28,29196.35,14291.87,23807.57,34275.72,8224.74,9356.57,13806.97,7942.44,9473.98,9277.02,11387.4,6464.54,5356.3,5586.56,7771.44,9859.82,6408.47,7961.17,9243.56,7500.76,7282.13,10939.8,8695.75,15309.07,23067.9
54283.94,94054.08,92609.1,110338.66,130441.02,40878.06,50593.03,18229.7,22044.82,33924.36,16208.27,10090.68,7958.74,19068.12,17192.52,26208.44,40105.61,20055.27,9697.39,7907.75,11755.63,1e+09,14685.23,34410.5,53548.09,56588.76,25739.91,11744.96,15194.12,25768.58,9009.61,39345.19,48292.82,9215.83,20134.93,8446.24,13361.76,15539.62,11205.94,11139.26,17747.03,12183.94,13748.11,6642.13,6598.64,12593.04,17792.89,5916.72,13471.59,9239.3,12476.84,10764.46,23107.91,34168.86
41265.76,73165.77,72899.96,92616.39,110854.95,45484.93,91693.28,11284.12,9084.94,19186.72,23248.18,26055.8,17897.19,30335.65,17262.71,14817.48,24878.58,22883.1,21827.45,16465.99,24075.35,14685.23,1e+09,19730.75,35072.49,34677.33,22396.31,21405.07,11703.97,12644.35,13275.35,61762.55,72378.26,23329.87,37687.87,15387.36,28087.05,34531.53,31524.94,32318.88,27887.96,23189.65,24638.16,21154.21,13732,23133.57,28816.15,14729.3,24427.93,17113.38,30675.17,20604.27,42209.27,56908.02
26617.32,50872.6,53124.25,66446.37,83327.96,54741.31,101525.41,26663.81,14974.85,11266.91,33021.52,45244.63,35217.37,40470.22,24736.89,16116.09,17255.71,36703.13,38716.42,35802.01,37262.38,34410.5,19730.75,1e+09,18308.87,19834.45,25305.89,32110.4,21198.75,14798.88,27186.85,78082.26,90827.2,45025.99,46453.69,34370.24,38352.43,46559.98,47760.8,48410.12,46112.29,37307.81,39269.76,39092.34,33169.95,42669.73,46980.23,37109.8,37706.04,33088.5,45155.33,40245.63,59425.88,73285.66
29540.12,35511.03,39351.91,50410.41,61532.7,65060.93,112506.31,44224.05,32890.07,15721,45781.05,64100.14,56150.91,56101.01,36906.47,20686.67,19028.42,46957.04,58794.16,55975.14,54655.86,53548.09,35072.49,18308.87,1e+09,10654.47,35421.63,47337.69,33335.65,22132.59,44361.92,98669.73,112054.59,62354.86,62260.12,55169.24,55613.25,63640.66,66264.94,66024.46,67920.24,57261.99,57425.88,57326.04,55659.48,61526.59,68046.44,57574.33,55371.81,50502.93,63111.98,62635.7,79286.04,95492.71
29093.8,29300.78,35179.81,43342.55,57073.77,60662.68,117992.22,46073.15,33122.76,20080.36,46300.4,66826.33,59237.17,55559.03,39646.43,24336.17,20139.93,49572.6,61947.45,58603.25,57347.17,56588.76,34677.33,19834.45,10654.47,1e+09,36622.51,48439.97,36217.99,23225.28,46087.82,102124.13,115627.96,67289.1,62576.15,56472.75,54677.72,66037.59,67977.61,70430.65,71241.79,58494.57,60761.32,60615.77,58761.63,64237.33,70949.12,61331.78,55887.22,53891.38,66116.19,64922.4,81444.95,98322.93
47168.71,71386.72,74853.65,87918.07,94985,21149.31,83636,38482,20389.04,35050.01,14556.59,29627.77,26282.26,20981.21,27207.19,23209.34,20993.76,18257.99,25729.97,24132.25,28686,25739.91,22396.31,25305.89,35421.63,36622.51,1e+09,18828.05,12832.04,17731.46,16130.97,70857.25,86522.74,33395.92,33496.54,21321.62,26186.33,33929.18,32614.61,35918.78,43583.48,29132.81,31543.79,30897.47,27317.04,29002.88,42980.22,27146.49,25364.32,25458.9,32262.02,25542.89,45015.39,70465.33
50203.84,87793.2,88536.94,100647.53,121828.85,26356.65,41810.59,30511.42,21200.4,33224.95,8813.39,12203.36,12081.15,7144.04,18203.6,32147.46,38569.17,12216.39,9817.8,10416.05,8784.5,11744.96,21405.07,32110.4,47337.69,48439.97,18828.05,1e+09,18436.12,22298.5,10194.12,35135.31,46220.56,15472.29,10716.6,12253.38,10184.33,8932.57,9414.45,10623.66,18758.03,12042.78,10983.2,11778.96,14654.24,13185.95,19292.87,12727.78,8116.05,11789.71,8023.3,13579.73,15944.67,35701.36
38310.29,74693.55,73728.03,94706.26,106456.95,37418.41,84360.99,23084.54,12691.4,26206.47,16925.27,23938.52,17757.95,21529.13,17753.04,15634.08,21612.58,22995.81,20543.55,16414.1,25864.28,15194.12,11703.97,21198.75,33335.65,36217.99,12832.04,18436.12,1e+09,14477.71,10435.11,69931.4,82004.9,24684.99,35498.13,14864.92,24513.02,30645.04,26617.11,30166.8,40031.51,22806.71,28448.23,19803.84,16725.73,25494.13,38335.33,16881.74,20925.36,20146.68,26572.11,21777.23,42133.59,63873.32
37670.11,61768.65,63865.22,76243.04,95858.61,39808.47,82192.69,20959.59,10574.89,13302.03,24136.8,33960.48,28362.04,29376.08,17232.13,13941.82,18901.9,23866.27,31018.3,28244.86,29196.35,25768.58,12644.35,14798.88,22132.59,23225.28,17731.46,22298.5,14477.71,1e+09,18391.7,64342.49,75594.45,35630.95,34563.25,24068.34,29046.12,34089.64,35003.6,35393.74,36850.7,28523.67,29601.09,30585.15,28801.57,32952.81,37555.19,28019.18,26904.45,25487.51,31525.6,26170.35,45995.8,62636.27
44688.8,83008.07,82948.04,99410.5,118980.17,34368.67,55455.61,24751.31,17054.71,28206.87,9763.86,13734.75,9753.76,13496.06,20399.91,22063.95,31101.14,17832.31,10555.68,10300.17,14291.87,9009.61,13275.35,27186.85,44361.92,46087.82,16130.97,10194.12,10435.11,18391.7,1e+09,43936.87,54607.56,15468.49,18356.63,6106.33,11918.2,13350.27,13390.07,12706.28,23119.95,11187.76,14497.11,12617.01,11372.18,13449.84,22315.17,9206.58,9807.61,10593.35,13552.96,12000.73,24274.72,41335.29
111729.85,158787.22,160697.31,154402.9,196319.89,48897.71,15615.49,45401.26,55577.85,80896.74,56802.46,31419.94,34830.71,44699.12,37705.76,89029.7499999999,103849.78,30566.67,31267.43,32961.84,23807.57,39345.19,61762.55,78082.26,98669.73,102124.13,70857.25,35135.31,69931.4,64342.49,43936.87,1e+09,7373.7,30019.58,20882.25,41018.23,26984.53,26242.84,27444.55,28963.41,14505.05,27220.8,24400.02,31741.2,35491.58,24276.33,18133.04,39074.77,35986.32,26578.29,33716.46,34593.02,16152.21,10246.18
125498.69,171711.18,172543.53,168210.39,210210.18,60452.17,13729.56,49573.64,66280.46,91589.23,68436.76,43338.43,45669.84,56162.51,42747.42,101994.51,119074.78,38757.06,44712.65,47073.9,34275.72,48292.82,72378.26,90827.2,112054.59,115627.96,86522.74,46220.56,82004.9,75594.45,54607.56,7373.7,1e+09,42051.59,25170.7,53160.98,32738.9,34727.8,34520.51,32971.19,18713.63,40027.59,33406.28,45402.25,47991.96,36740.9,22740.89,52915.2,47558.75,38669.5,40327.51,46258.54,21682.73,9597.79
63921.05,109261.65,108588.6,118527.43,146098.31,35888.68,57560.12,22154.65,27468.94,45336.87,21309.73,9068.2,9467.2,23010.63,16658.85,36808.7,53586.78,17235.19,9354.19,7351.69,8224.74,9215.83,23329.87,45025.99,62354.86,67289.1,33395.92,15472.29,24684.99,35630.95,15468.49,30019.58,42051.59,1e+09,21154.47,11201.79,13839.94,14459.22,11836.07,14127.63,11254.13,9029.88,9167.17,5202.58,8628.46,6578.87,8921.36,7358.58,11514.29,7905.78,12009.46,8772.46,13491.48,24974.75
70455.35,110758.04,113092.79,115750.67,147630.65,29138.84,22384.35,34998.89,32600.9,47597.34,17021.79,16177.1,21190.06,10627.16,20139.08,53053.37,61495.08,13973.35,15296.07,19897.25,9356.57,20134.93,37687.87,46453.69,62260.12,62576.15,33496.54,10716.6,35498.13,34563.25,18356.63,20882.25,25170.7,21154.47,1e+09,22195.97,8878.55,9316.41,11118.05,13172.14,12274.78,13706.62,10487.07,18510.72,24672.95,15358.37,14057.93,24134.47,11107.21,14432.96,11743.97,21311.52,11226.1,19356.65
50708.65,93140.11,92467.61,110988.69,131418.55,36750.69,59980.01,21741.96,22095.25,34870.04,12922.75,12141.91,7458.35,15429.47,20013.03,26015.68,39054.63,15607.47,8305.74,7926.21,13806.97,8446.24,15387.36,34370.24,55169.24,56472.75,21321.62,12253.38,14864.92,24068.34,6106.33,41018.23,53160.98,11201.79,22195.97,1e+09,13227.14,16288.33,13591.31,13300.78,16848.76,11355.35,14120.21,10434.41,8550.03,9429.19,16830.14,7156.67,11832.95,8726.35,13799.63,7333.59,22026.27,35790.07
58206.7,99687.28,101570.47,107969.37,135699.01,27971.94,35356.15,28739.92,26174.67,40725.38,13139.89,10388.72,13550.7,10207.57,21206.14,38327.87,47490.76,15555.58,11813.11,12291.1,7942.44,13361.76,28087.05,38352.43,55613.25,54677.72,26186.33,10184.33,24513.02,29046.12,11918.2,26984.53,32738.9,13839.94,8878.55,13227.14,1e+09,10594.91,10420.64,11220.47,12623.09,9140.56,9651.74,12015.11,15679.4,11262.51,13175.28,14164.93,9569.86,10601.63,11285.01,13409.52,16025.52,24823.6
68023.97,111695.28,113640.85,123633.91,149139.33,32925.53,34960.94,35627.84,31514.18,47727.75,17520.91,10342.43,15668.7,10866.19,23512.91,47408.64,58634.61,18272.92,7441.93,11657.6,9473.98,15539.62,34531.53,46559.98,63640.66,66037.59,33929.18,8932.57,30645.04,34089.64,13350.27,26242.84,34727.8,14459.22,9316.41,16288.33,10594.91,1e+09,5502.45,7679.53,14553.38,8843.52,9362.86,11407.47,17047.46,10439.11,13653.65,15575.01,7049.32,10887.03,6930.38,13070.26,9723.35,26194.88
68277.52,113803.46,115495.39,125611.78,151058.84,34250.82,38566.41,33777.54,30473.14,48375.48,18009.45,8066.84,12180.75,13543.28,25059.37,45659.23,58285.74,20713.48,6277.86,9669.03,9277.02,11205.94,31524.94,47760.8,66264.94,67977.61,32614.61,9414.45,26617.11,35003.6,13390.07,27444.55,34520.51,11836.07,11118.05,13591.31,10420.64,5502.45,1e+09,6963.49,14325.11,7562.24,9269.45,7857.28,12808.83,9202.21,15506.46,11725.78,6784.11,11296.9,5399.68,11123.25,12992.65,23980.42
69526.1,114344.31,114318.4,125418.01,151864.6,35659.58,35857.41,32131.68,32995.45,46090.19,20219.51,9285.19,13134.86,17894.79,24264.82,43297,58776.07,21054.47,9111.14,11745.78,11387.4,11139.26,32318.88,48410.12,66024.46,70430.65,35918.78,10623.66,30166.8,35393.74,12706.28,28963.41,32971.19,14127.63,13172.14,13300.78,11220.47,7679.53,6963.49,1e+09,14929.81,10483.74,10938.77,11016.13,15434.05,10361.64,14757.3,13717.57,9897.2,12779.66,6784.21,12389.83,13170.85,25121.36
82736.82,128878.37,130509.54,124377.56,165296.29,42426.16,38200.18,23222.31,26612.69,50850.1,35541.73,12339.09,12345,27747.61,20701.34,59524.09,75908.2,20171.65,10355.62,13998.83,6464.54,17747.03,27887.96,46112.29,67920.24,71241.79,43583.48,18758.03,40031.51,36850.7,23119.95,14505.05,18713.63,11254.13,12274.78,16848.76,12623.09,14553.38,14325.11,14929.81,1e+09,6568.23,6991.16,11332.65,11489.35,9537.42,4729.53,12730.93,18090.11,9021.66,17479.18,14752.2,13265.64,12445.38
63279.23,108499,110130.63,116940.08,144916.92,36687.9,54183.7,22949.89,22595.15,39945.78,19108.7,7991.07,8725.18,16570.37,18952.94,40988.28,56143.35,20168.24,6599.2,7990.72,5356.3,12183.94,23189.65,37307.81,57261.99,58494.57,29132.81,12042.78,22806.71,28523.67,11187.76,27220.8,40027.59,9029.88,13706.62,11355.35,9140.56,8843.52,7562.24,10483.74,6568.23,1e+09,5672.15,5875.24,8003.6,5564.35,7235.86,8285.34,4261.66,5994.61,7802.01,9123.64,12473.59,22600.44
68090.62,112311.47,113982.88,114787.07,148828.61,34801.84,45508.66,23234.15,24740.59,40999,19061.25,9824.74,10560.37,15793.17,18767.44,46903.36,60589.57,15046.29,7882.36,8010.82,5586.56,13748.11,24638.16,39269.76,57425.88,60761.32,31543.79,10983.2,28448.23,29601.09,14497.11,24400.02,33406.28,9167.17,10487.07,14120.21,9651.74,9362.86,9269.45,10938.77,6991.16,5672.15,1e+09,7843.34,10555.07,6625.94,5688.81,9454.43,7729.78,6105.48,8808.83,9578.47,11659.53,22920.71
59725.24,103619.25,103996.38,115156.1,140439.83,37107.59,57138.17,20616.85,24216.67,38754.42,16782.23,8094.3,7098.26,16556.53,17588.75,35982.02,50988,18694.71,6963.45,6367.36,7771.44,6642.13,21154.21,39092.34,57326.04,60615.77,30897.47,11778.96,19803.84,30585.15,12617.01,31741.2,45402.25,5202.58,18510.72,10434.41,12015.11,11407.47,7857.28,11016.13,11332.65,5875.24,7843.34,1e+09,5156.02,6024.55,8704.3,6620.03,7386.63,6373.44,8954.8,8954.88,15293.84,26243.43
56908.67,98484.91,98412.94,112182.78,135857.5,41366.5,64761.17,16797.41,21228.54,34817.52,19222.95,11426.73,6903.42,21076.28,17250.2,27663.54,44072.71,19821.85,6257.21,7696.62,9859.82,6598.64,13732,33169.95,55659.48,58761.63,27317.04,14654.24,16725.73,28801.57,11372.18,35491.58,47991.96,8628.46,24672.95,8550.03,15679.4,17047.46,12808.83,15434.05,11489.35,8003.6,10555.07,5156.02,1e+09,7746.67,11276.58,5779.35,11443.24,6996.96,12580.07,11197,21767.99,29078.19
64724.06,111961.14,112897.65,119167.95,148912.98,33062.34,53471.27,24385.11,26351.57,45438.66,20321.39,8871.99,8674.75,17925.24,21365.6,38800.61,54673.76,17762.89,5740.54,6814.03,6408.47,12593.04,23133.57,42669.73,61526.59,64237.33,29002.88,13185.95,25494.13,32952.81,13449.84,24276.33,36740.9,6578.87,15358.37,9429.19,11262.51,10439.11,9202.21,10361.64,9537.42,5564.35,6625.94,6024.55,7746.67,1e+09,7180.54,8694.3,7806.69,6492.51,9487.6,6500.04,12121.19,20137.85
80851.34,126888.72,128579.05,125300.12,163452.53,38668.64,39816.07,23168.82,27207.62,50927.24,33935.82,12560.48,11933.56,27977.57,21592.65,58189.46,74297.32,18505.71,11406.39,11364.67,7961.17,17792.89,28816.15,46980.23,68046.44,70949.12,42980.22,19292.87,38335.33,37555.19,22315.17,18133.04,22740.89,8921.36,14057.93,16830.14,13175.28,13653.65,15506.46,14757.3,4729.53,7235.86,5688.81,8704.3,11276.58,7180.54,1e+09,12354.72,16886.27,7842.16,18376.78,12823.01,11340.15,14224.82
55889.61,99206.35,98647.5,112870.48,136146.34,39423.06,60306.66,21159.67,22739.69,36943.56,16899.55,9086.34,6116.57,19402.16,18708.01,29278.23,44570.59,17447.53,6588.81,5733.88,9243.56,5916.72,14729.3,37109.8,57574.33,61331.78,27146.49,12727.78,16881.74,28019.18,9206.58,39074.77,52915.2,7358.58,24134.47,7156.67,14164.93,15575.01,11725.78,13717.57,12730.93,8285.34,9454.43,6620.03,5779.35,8694.3,12354.72,1e+09,9890.06,7876.86,10528.72,9329.27,20673.11,33848.43
58666.93,100959.63,102904.92,113937.21,137964.97,32766.39,48137.52,31096.64,23943.48,38822.29,12493.28,8190.95,10390.34,8144.21,21044.67,38701.77,49444.42,17972.2,6056.27,7791.89,7500.76,13471.59,24427.93,37706.04,55371.81,55887.22,25364.32,8116.05,20925.36,26904.45,9807.61,35986.32,47558.75,11514.29,11107.21,11832.95,9569.86,7049.32,6784.11,9897.2,18090.11,4261.66,7729.78,7386.63,11443.24,7806.69,16886.27,9890.06,1e+09,9789.93,6114.23,10142.12,14085.78,31212.92
58884.08,101944.4,103344.59,108687.6,138421.12,32477.1,56066.05,17891.84,18793.39,35264.47,16947.76,10439.75,8135.82,17000.38,16999.78,35078.9,49586.95,15352.77,8081.66,7107.91,7282.13,9239.3,17113.38,33088.5,50502.93,53891.38,25458.9,11789.71,20146.68,25487.51,10593.35,26578.29,38669.5,7905.78,14432.96,8726.35,10601.63,10887.03,11296.9,12779.66,9021.66,5994.61,6105.48,6373.44,6996.96,6492.51,7842.16,7876.86,9789.93,1e+09,12390.16,7558.2,13848.97,23972.35
64681.59,108983.71,110521.96,122663.09,146423.38,36955.45,39025.75,34009.71,29926.11,44573.1,16090.14,8076,10888.68,13040.5,23517.42,42529.42,54862.12,19272.16,6838.53,8609.54,10939.8,12476.84,30675.17,45155.33,63111.98,66116.19,32262.02,8023.3,26572.11,31525.6,13552.96,33716.46,40327.51,12009.46,11743.97,13799.63,11285.01,6930.38,5399.68,6784.21,17479.18,7802.01,8808.83,8954.8,12580.07,9487.6,18376.78,10528.72,6114.23,12390.16,1e+09,11527.39,12719.57,28839.66
61929,107497.87,105984,119672.54,144569.89,33708.6,56686.83,25536.51,25340.17,42224.08,19374.35,10508.05,8221.07,21164.48,18902.99,33656.44,48740.9,16803.63,7946.11,8886.19,8695.75,10764.46,20604.27,40245.63,62635.7,64922.4,25542.89,13579.73,21777.23,26170.35,12000.73,34593.02,46258.54,8772.46,21311.52,7333.59,13409.52,13070.26,11123.25,12389.83,14752.2,9123.64,9578.47,8954.88,11197,6500.04,12823.01,9329.27,10142.12,7558.2,11527.39,1e+09,15872.86,32405.69
84767.66,132324.11,134105.27,137053.19,169834.23,36339.67,31715.07,36278.25,42006.45,61047.48,29639.65,14892.9,18033.97,22537.22,25083.05,62294.91,75950.92,20763.42,15607.49,15519.3,15309.07,23107.91,42209.27,59425.88,79286.04,81444.95,45015.39,15944.67,42133.59,45995.8,24274.72,16152.21,21682.73,13491.48,11226.1,22026.27,16025.52,9723.35,12992.65,13170.85,13265.64,12473.59,11659.53,15293.84,21767.99,12121.19,11340.15,20673.11,14085.78,13848.97,12719.57,15872.86,1e+09,14250.08
107574.05,155841.62,156772.84,151740.53,193162.82,48238.97,19100.8,37421.5,49620.15,78234.37,55952.27,27660.12,28190.07,47265.06,33129.81,83422.85,101085.11,27638.49,26152.74,29290.16,23067.9,34168.86,56908.02,73285.66,95492.71,98322.93,70465.33,35701.36,63873.32,62636.27,41335.29,10246.18,9597.79,24974.75,19356.65,35790.07,24823.6,26194.88,23980.42,25121.36,12445.38,22600.44,22920.71,26243.43,29078.19,20137.85,14224.82,33848.43,31212.92,23972.35,28839.66,32405.69,14250.08,1e+09
