1e+09,60105.23,92340.8,118945.39,145038.42,128112.63,35213.26,47046.86,12221.75,14203.36,40249.31,14678.14,24795.78,7022.06,21743.72,12337.65,20843.58,29939.79,18678.06,15819.25,14059.85,13427.4,11859.2,12639.49,38477.54,66487.63,57074.95,8401.31,9404.84,17984.04,16537,26162.01,63676.88,37536.85,9501.11,21168.27,11385.28,17021.39,17383.3,17239.5,30250.76,18000.21,15259.06,16217.14,17720.65,17810.9,23859.67,19712.07,7778.59,18477.11,9803.58,24370.43,22066.57,42683.81
60105.23,1e+09,23625.43,27403.81,34500.37,41206.46,99132.66,120351.01,63955.75,58140.3,45888.74,91046.99,92499.76,65471.19,96007.91,57103.21,43263.31,45575.09,90029.74,93557.98,85320.56,85171.12,82223.49,62830.79,41032.04,35698.58,33178.48,62747.27,73155.12,50739.44,54753.66,96302.22,147679.2,111958.94,69777.43,99491.22,75249.77,94065.48,92909.2199999999,93442.52,110206.37,83883.28,85682.09,90270.2300000001,92588.73,90123.28,99842.11,96733.05,63474.69,82803.85,83358.87,105734.84,87960.52,125327.12
92340.8,23625.43,1e+09,12632.13,20445.52,25287.81,106792.33,194072.99,79066.8,68862.71,40507.28,105454.26,94978.75,82543.29,118606.55,91086.69,61024.77,63436.35,125738.16,97287.69,99358.14,120473.67,94581.36,85354.6,52494.05,32059.51,31794.77,75058.33,111196.63,77412.94,75671.14,104998.7,154334.82,158443.33,91294.97,126480.2,91740.5,97440.96,110558.85,112479.18,115593.51,131387.68,119067.43,119778.85,111671.3,104517.77,115403.03,132831.35,101824.1,121844.78,95364.75,112248.89,90682.07,131333.67
118945.39,27403.81,12632.13,1e+09,13809.77,19972.43,127610.68,223372.54,101733.44,91770.46,62751.9,127987.83,114418.8,107821.39,140935.57,118934.09,83250.58,84885.32,150959.19,118700.05,121715.61,145510.49,118065.12,109581.04,71995.99,47503.16,46633.7,98994.95,137194.36,101024.23,97619,127338.4,175462.59,184249.55,113318.17,149661.95,115551.23,118660.03,132885.83,135014.56,135932.74,155859.43,142855.01,143543.03,134032.2,126327.39,137211.54,157395.54,125538.8,145512.3,117465.5,133188.49,111031.03,151583.23
145038.42,34500.37,20445.52,13809.77,1e+09,18169.14,159758.62,257783.35,125460.81,116174.67,78884.84,162879.69,148362.56,135617.21,176689.95,136706.31,101258.06,102971.84,181390.45,154233.85,156393.81,180821.59,152373.24,131805.57,87393.62,62907.01,61973.84,122897.95,167529.1,124611.94,119461.84,159840.14,211216.97,219769.61,144872.23,185416.33,145888.89,154083.35,168640.21,170768.94,171687.12,189969.47,176668.31,179297.41,169786.58,161556.15,171047.06,192439.78,156419.3,179201.32,152567.72,168942.87,144794.86,187337.61
128112.63,41206.46,25287.81,19972.43,18169.14,1e+09,118742.38,201471.13,107426.58,101026.95,77873.6,129599.1,109305.6,117049.56,135228.56,128576.15,101347.8,93909.11,151955.3,119874.69,119684.25,145912.19,123305.34,113420.22,89861.07,68579.56,68699.81,110358.81,143973.07,106882.87,105999.38,121643.64,147080.59,168276.58,115993.34,142390.72,117668.93,119170.24,128749.93,131542.37,119007.61,148977.45,139971.34,141678.57,132962.78,122420.96,126867.39,152248.89,133059.83,138166.53,122967.99,124066.45,109873.01,128481.66
35213.26,99132.66,106792.33,127610.68,159758.62,118742.38,1e+09,54209.58,29196.94,29979.25,56353.88,28193.69,20564.79,33008.64,20492.19,44521.97,51960.42,36368.23,33132.41,24948.65,22700.89,35873.71,32557.38,29987.71,46140.42,65553.29,63485.84,30166.21,38262.63,26923.09,32422.79,17339.25,25976.18,39918.58,28207.07,30051.33,22773.26,25345.03,26083.13,31101.3,22539.28,34666.26,25922.1,28977.02,26866.1,22385.46,17838.41,36025.55,27573.51,27599.91,26447.71,22119.92,15466.29,15897.39
47046.86,120351.01,194072.99,223372.54,257783.35,201471.13,54209.58,1e+09,52377.88,76160.6,117286.99,38468.45,36595.87,49421.26,35898.59,47763.56,87781.22,93863.56,24989.89,42216.79,45250.53,29420.99,36978.93,73303.69,111850.11,141834.43,133379.92,56083.26,32716,74229.05,73043.48,45880.14,19498.98,11040.52,49248.9,26538.99,45723.14,29148.9,27515.59,34137.7,32200.04,26548.99,31247.7,23879.81,33275.7,41110.16,38054.01,23114.97,40873.08,31908.29,33413.6,36278.99,51750.4,33400
12221.75,63955.75,79066.8,101733.44,125460.81,107426.58,29196.94,52377.88,1e+09,10875.34,26487.25,18625.41,16658.6,17302.91,24355.32,17092.92,20769.49,21612.71,18180.67,18125.09,15575.54,21748.07,18935.82,9128.66,21770.88,41873.24,35618.3,12526.54,15257.73,11373.23,10296.91,25005.89,49733.83,36962.06,10471.18,24997.44,14559.15,16967.17,23363.96,22239.8,23332.94,16655.85,14939.42,23250.15,22640.07,18809.76,21409.82,26247.28,11306.08,13082.04,16196.62,22687.72,21797.88,35027.17
14203.36,58140.3,68862.71,91770.46,116174.67,101026.95,29979.25,76160.6,10875.34,1e+09,20504.36,25162.96,17351.3,16067.79,36004.21,16365.85,15311.01,17896.36,28263.86,21999.54,25256.73,37129.62,25718.76,6940.07,17011.48,38375.02,32693.6,10172.33,21435.43,8892.74,9205.92,28909.23,67795.92,57587.09,16626.14,44591.43,17022.06,23175.15,31928.19,31939.1,32215.56,29109.99,29082.22,39934.05,31706.84,26359.03,28583.31,41988.74,14497.02,27260.86,22807.53,29870.77,19744.38,44833.24
40249.31,45888.74,40507.28,62751.9,78884.84,77873.6,56353.88,117286.99,26487.25,20504.36,1e+09,47005.47,41035.18,34593.69,65784.45,27929.06,13327.58,19013.22,59604.04,41202.44,49009.69,63386.72,41555.22,27103.43,14298.74,18914.36,18110.34,25852.25,54186.14,25252.08,20015.46,55403.8,97201.71,93768.41,41259.51,68714.55,43314.01,42706.96,53842.01,54582.49,60144.01,64516.88,63831.53,62152.65,54490.09,51531.92,58076.29,70134.53,41917.11,64807.19,42038.8,56819.23,44087.82,76718.4
14678.14,91046.99,105454.26,127987.83,162879.69,129599.1,28193.69,38468.45,18625.41,25162.96,47005.47,1e+09,11124.66,14168.76,14451.72,20894.1,43817.57,40733.89,11798.05,6406.61,7638.77,9462.55,7861.5,23625.79,50490.64,68180.08,61608.66,14872.26,10778.39,23444.33,23564.18,20812.18,33081,29588.79,10269.87,11712.91,10924.35,8531.3,7368.59,6691.2,13197.16,13011,14033.75,9491.56,6920.19,8828.78,15369.21,9899.5,8477.5,12626.59,6860.05,10230.48,17554.95,21619.17
24795.78,92499.76,94978.75,114418.8,148362.56,109305.6,20564.79,36595.87,16658.6,17351.3,41035.18,11124.66,1e+09,23799.48,10682.66,27636.55,41446.56,30913.22,13682.11,9885.71,13288.69,13222.29,13547.95,16417.19,37338.82,52533.27,48092.33,15519.38,16302.39,14655.18,18920.47,18943.33,19871.63,26579.26,14048.79,10415.98,15899.85,10200.44,9109.78,9487.5,8858.68,11363.94,11884,9545.55,8616.96,12166.07,11913.9,12077.68,17520.09,11809.25,11724.55,8139.05,15491.69,13753.07
7022.06,65471.19,82543.29,107821.39,135617.21,117049.56,33008.64,49421.26,17302.91,16067.79,34593.69,14168.76,23799.48,1e+09,20492.95,13017.34,25225.02,31831.65,21841.53,15633.2,14344.16,13088.74,11155.73,17320.21,41943.49,59271.03,54606.32,9585.39,11006.24,16564.47,19432.8,24033.18,62896.74,39682.06,9744.36,21725.47,11477.68,15536.32,15016.68,14918.47,32008.57,20473.21,17956.29,14446.23,16679.48,18451.58,26635,20255.92,11497.27,20127.56,10080.76,24023.95,19062.92,44643.04
21743.72,96007.91,118606.55,140935.57,176689.95,135228.56,20492.19,35898.59,24355.32,36004.21,65784.45,14451.72,10682.66,20492.95,1e+09,35083.81,56876.07,47393.05,15636.17,13483.26,9359.5,16530,15725.81,34676.42,61173.89,80861.07,76638.27,27564.36,17197.45,33685.28,35617.37,13779.45,16035.11,31736.6,13722.44,13907.42,14924.11,13632.96,13018.92,14706.41,8860.76,14601.72,7274.6,11137.2,10500.34,11644.93,8506.74,15305.93,13527.14,8489.6,11892.96,6447.61,11582.33,9540.4
12337.65,57103.21,91086.69,118934.09,136706.31,128576.15,44521.97,47763.56,17092.92,16365.85,27929.06,20894.1,27636.55,13017.34,35083.81,1e+09,19378.85,33928.32,25069.88,22284.15,24718.11,20964.51,16026.48,19934.7,32392.55,55074.95,46280.86,12898.81,10447.05,22206.34,19028.62,39311.02,61534.44,39513.58,16836.1,26611.85,20209,22679.49,22235.99,21400.39,40061.2,19630.33,27336.01,22973.43,25418.78,26462.67,35693.64,25942.48,15598.86,22739.39,18144.92,33772.04,34135.91,54940.1
20843.58,43263.31,61024.77,83250.58,101258.06,101347.8,51960.42,87781.22,20769.49,15311.01,13327.58,43817.57,41446.56,25225.02,56876.07,19378.85,1e+09,17047.74,46070.76,42273.61,41873.82,50405.11,39965,18560.3,14818.84,24096.4,21064.47,19229.03,33196.53,14199.71,14622.18,50231.26,98762.42,71296.57,29788.71,61268.46,31527.22,42532.04,55914.71,54338.86,60160.15,45032.45,46542.58,57064.79,56357.54,45612.32,52049.97,61210.62,23382.14,43745.81,40126.48,57111.08,40160.21,76084
29939.79,45575.09,63436.35,84885.32,102971.84,93909.11,36368.23,93863.56,21612.71,17896.36,19013.22,40733.89,30913.22,31831.65,47393.05,33928.32,17047.74,1e+09,46596.19,36435.17,38220.66,55525.38,42712.62,22138.56,12254.07,17646.18,17833.7,26087.45,42094.95,15414.73,16541.62,34951.2,60388.76,74674.81,31514.29,58839.84,30380.45,37297.82,46206.7,47561.46,37650.26,47254.04,42889.87,55540.76,46645.01,39428.68,35284.27,59429.36,29132.95,41329.94,37571.75,41061.1,29647.89,43912.13
18678.06,90029.74,125738.16,150959.19,181390.45,151955.3,33132.41,24989.89,18180.67,28263.86,59604.04,11798.05,13682.11,21841.53,15636.17,25069.88,46070.76,46596.19,1e+09,15148.88,12752.2,11656.4,12375.67,27144.36,55975.67,77769.65,71697.08,20626.11,13297.68,26123.77,27744.38,22340,24573.33,17060.95,15905.74,10203.97,15793.11,10863.65,10202.69,11933.56,14975.09,6553.19,12065.18,10636.1,11943.1,14183.94,17300.31,8262.57,12694.42,13054.13,11401.83,12162.52,21940.22,23077.75
15819.25,93557.98,97287.69,118700.05,154233.85,119874.69,24948.65,42216.79,18125.09,21999.54,41202.44,6406.61,9885.71,15633.2,13483.26,22284.15,42273.61,36435.17,15148.88,1e+09,8854.99,10731.67,9783.41,20774.69,45069.82,61091.57,55200.02,14317.79,13605.04,20036.82,21652.81,18223.69,27773.36,31867.13,10744.63,12306.21,11466.97,9206.35,7973.16,7460.89,11143.85,14489.08,12934.42,10224.83,6215.85,8153.48,12485.58,12420.3,10380.93,10993.69,8673.54,9360.25,16018.1,17286.88
14059.85,85320.56,99358.14,121715.61,156393.81,119684.25,22700.89,45250.53,15575.54,25256.73,49009.69,7638.77,13288.69,14344.16,9359.5,24718.11,41873.82,38220.66,12752.2,8854.99,1e+09,13777.66,9996.07,20427.93,46963.78,63344.38,60153.07,15318.42,14528.37,23990.29,25324.47,13918.76,30001.58,33425.65,5969.93,16880.79,8754.79,11843.4,9727.47,9114.01,6973.36,15880.99,8233.85,14090.04,9741.21,6502.42,9276.6,15693.35,8974.22,10480.19,9755.5,6482.41,13180.09,14686.29
13427.4,85171.12,120473.67,145510.49,180821.59,145912.19,35873.71,29420.99,21748.07,37129.62,63386.72,9462.55,13222.29,13088.74,16530,20964.51,50405.11,55525.38,11656.4,10731.67,13777.66,1e+09,10027.08,35734.81,66146.98,86542.49,79857.8,20944.21,9300.95,36846,35048.9,28052.81,33871.12,22199.33,14996.38,11071.67,14087.86,9138.44,7956.42,7673.79,15707.01,10029.88,13384.5,6040.87,10767.97,16508.67,20421.93,6775.98,12545.84,13071.87,8374.57,14430.43,23683.93,26010.33
11859.2,82223.49,94581.36,118065.12,152373.24,123305.34,32557.38,36978.93,18935.82,25718.76,41555.22,7861.5,13547.95,11155.73,15725.81,16026.48,39965,42712.62,12375.67,9783.41,9996.07,10027.08,1e+09,25036.97,49054.21,64480.84,58665.16,13977.46,9542.81,25332.86,25909.59,21836.9,34448.89,24534.66,10465.01,13010.68,9906.92,9926.59,10795.55,9256.68,15138.36,12006.65,15012.08,11290.56,11105.26,9547.96,17628.79,11638.02,12160.17,13150.84,9137.45,14667.49,20365.85,25192.12
12639.49,62830.79,85354.6,109581.04,131805.57,113420.22,29987.71,73303.69,9128.66,6940.07,27103.43,23625.79,16417.19,17320.21,34676.42,19934.7,18560.3,22138.56,27144.36,20774.69,20427.93,35734.81,25036.97,1e+09,22080.57,42009.37,36738.93,11283.18,22567.51,9884.19,8899.71,27680.75,59067.43,52947.8,12992.44,39867.92,14117.39,20811.57,28987.39,28688.84,26323.09,27563.48,24748.78,38930.64,29903.88,21867.93,25043.36,40151.56,12152.56,24155.81,23807.86,26969.63,20977.76,40312.4
38477.54,41032.04,52494.05,71995.99,87393.62,89861.07,46140.42,111850.11,21770.88,17011.48,14298.74,50490.64,37338.82,41943.49,61173.89,32392.55,14818.84,12254.07,55975.67,45069.82,46963.78,66146.98,49054.21,22080.57,1e+09,18878.32,15018.31,27632.6,51308.91,13829.22,16230.49,47795.02,83427.68,89732.02,40946.07,69591.38,42626.74,46010.57,55502.44,56954.69,48475.11,58515.11,57260.79,65977.78,56192.78,48658.62,48573.71,71531.38,36264.13,52634.6,46232.71,52161.81,39563.82,61581.8
66487.63,35698.58,32059.51,47503.16,62907.01,68579.56,65553.29,141834.43,41873.24,38375.02,18914.36,68180.08,52533.27,59271.03,80861.07,55074.95,24096.4,17646.18,77769.65,61091.57,63344.38,86542.49,64480.84,42009.37,18878.32,1e+09,11147.39,46229.81,82336.57,37992.13,32591.05,66103.03,102939.19,116129.03,58037.81,84047.44,59686.79,60373.69,70297.53,72535.9,65872.89,84807.33,80486.36,82726.84,74574.26,65559.77,69016.58,91403.7,64067.74,81818.44,64871.17,68291.88,55199.5,80795.67
57074.95,33178.48,31794.77,46633.7,61973.84,68699.81,63485.84,133379.92,35618.3,32693.6,18110.34,61608.66,48092.33,54606.32,76638.27,46280.86,21064.47,17833.7,71697.08,55200.02,60153.07,79857.8,58665.16,36738.93,15018.31,11147.39,1e+09,39983.12,71196.03,32486.26,27221.08,64337.28,103531.98,108777.1,54313.16,80046.77,57049.15,55511.61,65659.15,67146.26,65828.16,76286.7,75613.48,76224.54,68854.93,62170.94,65944.57,84415.11,54000.75,75192.6,57076.16,64998.73,52904.44,81481.59
8401.31,62747.27,75058.33,98994.95,122897.95,110358.81,30166.21,56083.26,12526.54,10172.33,25852.25,14872.26,15519.38,9585.39,27564.36,12898.81,19229.03,26087.45,20626.11,14317.79,15318.42,20944.21,13977.46,11283.18,27632.6,46229.81,39983.12,1e+09,14072.54,10986.4,10114.63,25976.61,64702.27,41360.86,12937.07,29881.43,12875.92,15560.43,22728.05,20599.28,30533.5,21419.29,20530.54,25960.65,24209.37,17859.3,25785.93,27717.16,11567.35,21295.65,12908.81,25392.96,18529.98,45345.18
9404.84,73155.12,111196.63,137194.36,167529.1,143973.07,38262.63,32716,15257.73,21435.43,54186.14,10778.39,16302.39,11006.24,17197.45,10447.05,33196.53,42094.95,13297.68,13605.04,14528.37,9300.95,9542.81,22567.51,51308.91,82336.57,71196.03,14072.54,1e+09,25317.51,24446.76,27592.86,42527.48,28631.34,12858.62,13176.27,14460.43,11554.26,12535.34,11610.96,24095.88,11426.65,14419.14,10474.87,10608.08,18399.96,23780.46,10781.48,9793.45,15832.81,9835.41,18325.2,24985.9,35430.76
17984.04,50739.44,77412.94,101024.23,124611.94,106882.87,26923.09,74229.05,11373.23,8892.74,25252.08,23444.33,14655.18,16564.47,33685.28,22206.34,14199.71,15414.73,26123.77,20036.82,23990.29,36846,25332.86,9884.19,13829.22,37992.13,32486.26,10986.4,25317.51,1e+09,6707.97,23338.41,57325.48,55088.77,16752.45,41377.3,16282.97,20769.49,29544.3,29633.42,23801.82,28295.14,25649.98,38301.5,29017.12,23772.74,22022.27,40408.4,17794,25229.22,20736.02,25201.44,16815.99,36468.37
16537,54753.66,75671.14,97619,119461.84,105999.38,32422.79,73043.48,10296.91,9205.92,20015.46,23564.18,18920.47,19432.8,35617.37,19028.62,14622.18,16541.62,27744.38,21652.81,25324.47,35048.9,25909.59,8899.71,16230.49,32591.05,27221.08,10114.63,24446.76,6707.97,1e+09,30244.77,60424.86,54174.99,17811.53,41217.88,18394.04,21762.32,29013.43,29296.61,28301.15,29901.91,27964.1,37084.49,30633.47,25392.11,26694.35,38803.06,14542.79,26044.71,23320.55,28230.97,22443.46,40805.2
26162.01,96302.22,104998.7,127338.4,159840.14,121643.64,17339.25,45880.14,25005.89,28909.23,55403.8,20812.18,18943.33,24033.18,13779.45,39311.02,50231.26,34951.2,22340,18223.69,13918.76,28052.81,21836.9,27680.75,47795.02,66103.03,64337.28,25976.61,27592.86,23338.41,30244.77,1e+09,17417.32,32880.19,18503.42,23868.62,14264.52,20943.47,23187.88,24492.53,13727.44,22283.58,16410.28,23746.65,20000.14,14331.4,10647.3,27128.17,21287.38,15270.41,19115.17,16133.57,11475.66,14123.72
63676.88,147679.2,154334.82,175462.59,211216.97,147080.59,25976.18,19498.98,49733.83,67795.92,97201.71,33081,19871.63,62896.74,16035.11,61534.44,98762.42,60388.76,24573.33,27773.36,30001.58,33871.12,34448.89,59067.43,83427.68,102939.19,103531.98,64702.27,42527.48,57325.48,60424.86,17417.32,1e+09,14837.46,37894.28,18270.22,36760.5,26254.72,26451.27,30238.38,16097.88,26431.49,20338.78,27255.98,24186.25,22708.8,13801.85,28729.25,49864.41,18288.07,42593.4,19963.68,22172.78,11536.67
37536.85,111958.94,158443.33,184249.55,219769.61,168276.58,39918.58,11040.52,36962.06,57587.09,93768.41,29588.79,26579.26,39682.06,31736.6,39513.58,71296.57,74674.81,17060.95,31867.13,33425.65,22199.33,24534.66,52947.8,89732.02,116129.03,108777.1,41360.86,28631.34,55088.77,54174.99,32880.19,14837.46,1e+09,38015.06,14145.54,29225.58,18096.98,17506.23,24665.23,21972.52,19014.93,28864.71,18677.89,29787.16,33379.61,30561.25,17829.31,32790.77,27786.33,24961.92,29357.54,43443.04,25054.57
9501.11,69777.43,91294.97,113318.17,144872.23,115993.34,28207.07,49248.9,10471.18,16626.14,41259.51,10269.87,14048.79,9744.36,13722.44,16836.1,29788.71,31514.29,15905.74,10744.63,5969.93,14996.38,10465.01,12992.44,40946.07,58037.81,54313.16,12937.07,12858.62,16752.45,17811.53,18503.42,37894.28,38015.06,1e+09,18016.62,8284.3,11615.95,13311.9,11451.19,13252.7,16461.01,10187.56,14420.12,11240.03,9112.98,15070.79,17847.55,7255.07,10850.48,7959.07,11045.28,14174.88,21783.12
21168.27,99491.22,126480.2,149661.95,185416.33,142390.72,30051.33,26538.99,24997.44,44591.43,68714.55,11712.91,10415.98,21725.47,13907.42,26611.85,61268.46,58839.84,10203.97,12306.21,16880.79,11071.67,13010.68,39867.92,69591.38,84047.44,80046.77,29881.43,13176.27,41377.3,41217.88,23868.62,18270.22,14145.54,18016.62,1e+09,17618.14,7420.18,8285.83,9197.31,11511.48,8880.54,13136.86,7998.7,10007.66,15239.23,17106.13,9646.23,16466.96,12750.12,10973.84,11737.93,26063.28,19710.34
11385.28,75249.77,91740.5,115551.23,145888.89,117668.93,22773.26,45723.14,14559.15,17022.06,43314.01,10924.35,15899.85,11477.68,14924.11,20209,31527.22,30380.45,15793.11,11466.97,8754.79,14087.86,9906.92,14117.39,42626.74,59686.79,57049.15,12875.92,14460.43,16282.97,18394.04,14264.52,36760.5,29225.58,8284.3,17618.14,1e+09,10809.67,14188.37,13632.46,10956.59,14618.77,12853.27,15063.25,15701.42,8989.1,12836.17,17991.23,10248.36,13547.54,9911.36,13806.17,14088.62,21796.4
17021.39,94065.48,97440.96,118660.03,154083.35,119170.24,25345.03,29148.9,16967.17,23175.15,42706.96,8531.3,10200.44,15536.32,13632.96,22679.49,42532.04,37297.82,10863.65,9206.35,11843.4,9138.44,9926.59,20811.57,46010.57,60373.69,55511.61,15560.43,11554.26,20769.49,21762.32,20943.47,26254.72,18096.98,11615.95,7420.18,10809.67,1e+09,6541.35,7610.47,14193.2,10802.66,11927.28,7298.33,7813.13,11598.98,17202.35,9338.55,11656.08,13288.96,6920.4,10923.29,17409.97,25421.31
17383.3,92909.2199999999,110558.85,132885.83,168640.21,128749.93,26083.13,27515.59,23363.96,31928.19,53842.01,7368.59,9109.78,15016.68,13018.92,22235.99,55914.71,46206.7,10202.69,7973.16,9727.47,7956.42,10795.55,28987.39,55502.44,70297.53,65659.15,22728.05,12535.34,29544.3,29013.43,23187.88,26451.27,17506.23,13311.9,8285.83,14188.37,6541.35,1e+09,6232.57,13651.95,8507.81,11613.71,5761.96,7416.38,8921.81,16197.01,7634.51,12424.84,13062.93,7341.81,10455.68,18865.96,23111.82
17239.5,93442.52,112479.18,135014.56,170768.94,131542.37,31101.3,34137.7,22239.8,31939.1,54582.49,6691.2,9487.5,14918.47,14706.41,21400.39,54338.86,47561.46,11933.56,7460.89,9114.01,7673.79,9256.68,28688.84,56954.69,72535.9,67146.26,20599.28,11610.96,29633.42,29296.61,24492.53,30238.38,24665.23,11451.19,9197.31,13632.46,7610.47,6232.57,1e+09,13848.22,10561.65,12658.74,6772.95,5804.7,9107.74,15758.45,8570.46,11539.53,12183.52,9211,9613.17,20313.92,23512.47
30250.76,110206.37,115593.51,135932.74,171687.12,119007.61,22539.28,32200.04,23332.94,32215.56,60144.01,13197.16,8858.68,32008.57,8860.76,40061.2,60160.15,37650.26,14975.09,11143.85,6973.36,15707.01,15138.36,26323.09,48475.11,65872.89,65828.16,30533.5,24095.88,23801.82,28301.15,13727.44,16097.88,21972.52,13252.7,11511.48,10956.59,14193.2,13651.95,13848.22,1e+09,12948.88,10132.52,13550.46,12660.55,9082.67,8224.03,13852.02,18380.26,9939.04,16081.67,5633.83,17498.99,8890.9
18000.21,83883.28,131387.68,155859.43,189969.47,148977.45,34666.26,26548.99,16655.85,29109.99,64516.88,13011,11363.94,20473.21,14601.72,19630.33,45032.45,47254.04,6553.19,14489.08,15880.99,10029.88,12006.65,27563.48,58515.11,84807.33,76286.7,21419.29,11426.65,28295.14,29901.91,22283.58,26431.49,19014.93,16461.01,8880.54,14618.77,10802.66,8507.81,10561.65,12948.88,1e+09,10861.79,8043.74,11272.12,16509.77,18772.3,7166.32,13400.34,9860.25,10511.99,12892.06,23240.69,20535.25
15259.06,85682.09,119067.43,142855.01,176668.31,139971.34,25922.1,31247.7,14939.42,29082.22,63831.53,14033.75,11884,17956.29,7274.6,27336.01,46542.58,42889.87,12065.18,12934.42,8233.85,13384.5,15012.08,24748.78,57260.79,80486.36,75613.48,20530.54,14419.14,25649.98,27964.1,16410.28,20338.78,28864.71,10187.56,13136.86,12853.27,11927.28,11613.71,12658.74,10132.52,10861.79,1e+09,9778.15,9551.23,11674.52,7496.81,11703.23,11005.76,5452.85,9134.22,6880.43,13451.32,9484.74
16217.14,90270.2300000001,119778.85,143543.03,179297.41,141678.57,28977.02,23879.81,23250.15,39934.05,62152.65,9491.56,9545.55,14446.23,11137.2,22973.43,57064.79,55540.76,10636.1,10224.83,14090.04,6040.87,11290.56,38930.64,65977.78,82726.84,76224.54,25960.65,10474.87,38301.5,37084.49,23746.65,27255.98,18677.89,14420.12,7998.7,15063.25,7298.33,5761.96,6772.95,13550.46,8043.74,9778.15,1e+09,6289.29,14641.65,17272.88,6032.87,11135.33,11128.31,7184.15,10529.04,19747,19333.49
17720.65,92588.73,111671.3,134032.2,169786.58,132962.78,26866.1,33275.7,22640.07,31706.84,54490.09,6920.19,8616.96,16679.48,10500.34,25418.78,56357.54,46645.01,11943.1,6215.85,9741.21,10767.97,11105.26,29903.88,56192.78,74574.26,68854.93,24209.37,10608.08,29017.12,30633.47,20000.14,24186.25,29787.16,11240.03,10007.66,15701.42,7813.13,7416.38,5804.7,12660.55,11272.12,9551.23,6289.29,1e+09,7596.82,11270.17,9514.49,10379.15,9612.29,8769.61,8608.83,16256.39,15841.75
17810.9,90123.28,104517.77,126327.39,161556.15,122420.96,22385.46,41110.16,18809.76,26359.03,51531.92,8828.78,12166.07,18451.58,11644.93,26462.67,45612.32,39428.68,14183.94,8153.48,6502.42,16508.67,9547.96,21867.93,48658.62,65559.77,62170.94,17859.3,18399.96,23772.74,25392.11,14331.4,22708.8,33379.61,9112.98,15239.23,8989.1,11598.98,8921.81,9107.74,9082.67,16509.77,11674.52,14641.65,7596.82,1e+09,9670.78,17598.02,11774.73,11459.51,12344.01,8222.44,15234.69,14034.85
23859.67,99842.11,115403.03,137211.54,171047.06,126867.39,17838.41,38054.01,21409.82,28583.31,58076.29,15369.21,11913.9,26635,8506.74,35693.64,52049.97,35284.27,17300.31,12485.58,9276.6,20421.93,17628.79,25043.36,48573.71,69016.58,65944.57,25785.93,23780.46,22022.27,26694.35,10647.3,13801.85,30561.25,15070.79,17106.13,12836.17,17202.35,16197.01,15758.45,8224.03,18772.3,7496.81,17272.88,11270.17,9670.78,1e+09,19263.6,18187.24,9424.14,16710.12,7146.84,12202.39,6381.27
19712.07,96733.05,132831.35,157395.54,192439.78,152248.89,36025.55,23114.97,26247.28,41988.74,70134.53,9899.5,12077.68,20255.92,15305.93,25942.48,61210.62,59429.36,8262.57,12420.3,15693.35,6775.98,11638.02,40151.56,71531.38,91403.7,84415.11,27717.16,10781.48,40408.4,38803.06,27128.17,28729.25,17829.31,17847.55,9646.23,17991.23,9338.55,7634.51,8570.46,13852.02,7166.32,11703.23,6032.87,9514.49,17598.02,19263.6,1e+09,13708.35,11977.72,8836.53,13296.27,25371.15,22502
7778.59,63474.69,101824.1,125538.8,156419.3,133059.83,27573.51,40873.08,11306.08,14497.02,41917.11,8477.5,17520.09,11497.27,13527.14,15598.86,23382.14,29132.95,12694.42,10380.93,8974.22,12545.84,12160.17,12152.56,36264.13,64067.74,54000.75,11567.35,9793.45,17794,14542.79,21287.38,49864.41,32790.77,7255.07,16466.96,10248.36,11656.08,12424.84,11539.53,18380.26,13400.34,11005.76,11135.33,10379.15,11774.73,18187.24,13708.35,1e+09,15953.73,6854.63,12129.29,16443.1,30178.73
18477.11,82803.85,121844.78,145512.3,179201.32,138166.53,27599.91,31908.29,13082.04,27260.86,64807.19,12626.59,11809.25,20127.56,8489.6,22739.39,43745.81,41329.94,13054.13,10993.69,10480.19,13071.87,13150.84,24155.81,52634.6,81818.44,75192.6,21295.65,15832.81,25229.22,26044.71,15270.41,18288.07,27786.33,10850.48,12750.12,13547.54,13288.96,13062.93,12183.52,9939.04,9860.25,5452.85,11128.31,9612.29,11459.51,9424.14,11977.72,15953.73,1e+09,12375.85,7713.16,16884.98,12089.83
9803.58,83358.87,95364.75,117465.5,152567.72,122967.99,26447.71,33413.6,16196.62,22807.53,42038.8,6860.05,11724.55,10080.76,11892.96,18144.92,40126.48,37571.75,11401.83,8673.54,9755.5,8374.57,9137.45,23807.86,46232.71,64871.17,57076.16,12908.81,9835.41,20736.02,23320.55,19115.17,42593.4,24961.92,7959.07,10973.84,9911.36,6920.4,7341.81,9211,16081.67,10511.99,9134.22,7184.15,8769.61,12344.01,16710.12,8836.53,6854.63,12375.85,1e+09,10367.27,13010.22,26801.71
24370.43,105734.84,112248.89,133188.49,168942.87,124066.45,22119.92,36278.99,22687.72,29870.77,56819.23,10230.48,8139.05,24023.95,6447.61,33772.04,57111.08,41061.1,12162.52,9360.25,6482.41,14430.43,14667.49,26969.63,52161.81,68291.88,64998.73,25392.96,18325.2,25201.44,28230.97,16133.57,19963.68,29357.54,11045.28,11737.93,13806.17,10923.29,10455.68,9613.17,5633.83,12892.06,6880.43,10529.04,8608.83,8222.44,7146.84,13296.27,12129.29,7713.16,10367.27,1e+09,12412.22,8977.74
22066.57,87960.52,90682.07,111031.03,144794.86,109873.01,15466.29,51750.4,21797.88,19744.38,44087.82,17554.95,15491.69,19062.92,11582.33,34135.91,40160.21,29647.89,21940.22,16018.1,13180.09,23683.93,20365.85,20977.76,39563.82,55199.5,52904.44,18529.98,24985.9,16815.99,22443.46,11475.66,22172.78,43443.04,14174.88,26063.28,14088.62,17409.97,18865.96,20313.92,17498.99,23240.69,13451.32,19747,16256.39,15234.69,12202.39,25371.15,16443.1,16884.98,13010.22,12412.22,1e+09,12717.03
42683.81,125327.12,131333.67,151583.23,187337.61,128481.66,15897.39,33400,35027.17,44833.24,76718.4,21619.17,13753.07,44643.04,9540.4,54940.1,76084,43912.13,23077.75,17286.88,14686.29,26010.33,25192.12,40312.4,61581.8,80795.67,81481.59,45345.18,35430.76,36468.37,40805.2,14123.72,11536.67,25054.57,21783.12,19710.34,21796.4,25421.31,23111.82,23512.47,8890.9,20535.25,9484.74,19333.49,15841.75,14034.85,6381.27,22502,30178.73,12089.83,26801.71,8977.74,12717.03,1e+09
