1e+09,61963.4,87532.21,118269.75,143799.71,133602.78,29599.15,46752.73,11577.6,11713.06,19489.83,14660.03,24535.2,7331.9,18158.72,13849.49,21773.46,28666.45,18231,14946.37,12575.69,13358.78,12363.28,11886.73,23913.7,44325.41,38420.08,8987.11,9330.86,11960.64,16044.61,22908.43,61224.86,37215.84,8862.28,21028.83,11535.15,15767.66,16729.33,16895.17,27707.08,17130.07,12006.64,15833.47,16753.73,16192.04,20458.33,19774.86,6582.1,16351.1,9511.48,21872.41,18745.05,38250.98
61963.4,1e+09,18335.48,20656.02,30947.93,30850.2,100145.72,125499.71,66335.83,59246.87,41889.64,91490.09,94324.32,65898.01,96571.22,57209.96,43422.75,42778.32,95718.51,96063.45,86230.15,87715.31,88155.13,61614.22,36918.74,29859.9,29086.03,64818.79,76676.2,50823.06,56781.27,96441.15,147050.45,115669.06,70349.09,101652.78,74429.85,95492.31,93794.1999999999,93622.38,109912.84,87336.06,87072.83,92214.4800000001,93276.17,91948.02,101996.64,100530.2,64790.75,84358.02,85930.77,104752.59,87831.61,126083.06
87532.21,18335.48,1e+09,13264.73,24912.5,25318.46,104486.99,177270.36,72376,66111.98,39561.81,104208.16,95315.21,86599.39,121186.54,72538,46910.31,40885.34,114344.11,100656.23,102059.42,122975.11,99332.41,69900.06,39320.25,25156.75,23829.95,73250.78,106217.71,61778.83,60495,103272.82,156854.49,149190.14,94083.47,130138.83,85292.01,101067.35,115017.13,111490.13,111961.23,116137.5,119744.79,125580.57,115920.32,107473.29,111347.02,132804.61,89542.63,113846.62,99666.92,109948.14,90632.16,129903.9
118269.75,20656.02,13264.73,1e+09,15494.35,20169.46,132984.46,211522.28,101294.07,91975.86,60387.53,133648.79,121983.04,114333.64,151528.4,101657.34,67686.88,58632.16,145600.54,130174.13,131733.72,154978.76,128920.29,97567.75,57672.3,37721.97,38200.05,100161.13,137935.22,87986.24,86077.25,132474.1,186121.76,182645.27,122434.76,160414.12,112763.94,130403.51,145008,140990.58,141121.2,147958.48,150208.32,156221.22,145985.59,137306.09,141525.36,164593.61,119503.63,145655.44,129174.3,139108.11,118727.27,159079.14
143799.71,30947.93,24912.5,15494.35,1e+09,20566.59,180513.56,235334.1,132129.06,122291.62,84436.13,184093,174391.65,155120.36,197169.96,128892.09,89402.02,83409.97,186388.37,181555.7,183115.29,194101.22,180301.86,123726.54,77774.2,57364.5,58095.81,138889.71,168467.85,113797.94,113980.46,181740.8,238080.59,214810.17,160372.9,204904.32,163431.52,181785.08,196389.57,194119.12,194249.74,180758.33,184863.32,203469.7,197367.16,186323.58,189412.99,206322.18,150032.32,178463.77,180555.87,192236.65,169731.66,212207.68
133602.78,30850.2,25318.46,20169.46,20566.59,1e+09,125711.45,204380.41,106927.5,101540.4,73982.24,128173.3,112351.21,122626.6,143569.82,117944.87,86377.06,75097.04,149547.17,125523.3,126963.64,152570.39,127764.63,107851.07,73087.12,55766.24,54460.66,110003.57,150450.59,105689.79,96824.08,128823.83,162798.35,168026.86,122118.85,146445.03,113705.65,125251.47,135694.78,130247.99,121361.36,156618.88,145315.07,150018.72,140019.33,129785.71,133314.83,160319.91,131957.47,141613.77,129818.09,126811.32,117059.41,138634.24
29599.15,100145.72,104486.99,132984.46,180513.56,125711.45,1e+09,46644.18,26961.31,31910.57,53256.21,25707.44,18822.16,32331.45,21260.86,40521.02,47483.45,39076.9,24877,22433.57,25918.76,29465.51,28933.21,28702.93,49360.99,61982.65,58308.01,28917.08,27277.84,27738.21,28298.93,18208.65,26118.79,35056.23,27269.4,26515.23,20894.52,22324.27,24349.31,28057.94,21523.25,22952.48,19905.77,28137.6,23758.75,21210.08,17996.34,27363.81,25586.19,18150.88,23740.9,20588.35,15351.06,16524.45
46752.73,125499.71,177270.36,211522.28,235334.1,204380.41,46644.18,1e+09,50220.71,51561.57,83620.22,44751.59,41097.07,52266.15,33871.37,48570.3,90923.23,93784.75,20726.59,43380.94,42620.06,28816.06,40680.66,74156.71,89569.87,122588.55,115157.76,45200.64,27859.11,57640.84,51255.92,45623.1,16838.61,10453.86,47704.37,25841.97,51416.16,33215.85,30991.6,39079.81,33918.11,28255.34,32944.38,24878.45,34274.91,38386.52,34808.81,20510.36,46181.42,35498.31,36484.8,39691.62,54783.58,32365.28
11577.6,66335.83,72376,101294.07,132129.06,106927.5,26961.31,50220.71,1e+09,10956.9,21853.8,19375.96,18327.97,18857.02,22165.32,17004.64,20716.38,20395.35,17996.72,18831.84,15475.95,20159.11,19311.59,9899.15,21613.88,35734.99,30759.01,12055.74,14472.08,10101.58,10760.32,23410.26,47786.93,33393.6,11192.03,21822.36,16664.74,16365,23222.5,22621.13,22006.2,13964.66,13404.45,25505.53,23271.61,18773.84,19905.38,24793.21,11686.49,14520.01,16096.82,22008.33,20737.8,32781.67
11713.06,59246.87,66111.98,91975.86,122291.62,101540.4,31910.57,51561.57,10956.9,1e+09,19338.35,26374.86,20679.15,16905.99,31431.14,13324.83,15608.74,18193.94,23565.11,24205.43,27643.89,24046,24671.76,9440.13,17348.29,35002.53,32682.29,9812.9,11604.17,9577.5,10755.35,32576.3,71176.57,42009.72,16036.97,29388.04,18488.85,24405.13,27099.41,28780.65,35684.74,17121.74,21502.31,28551.42,30671.82,30422.19,31397.37,29374.26,13969.23,19844.89,20960.12,31878.59,23568.75,49605.8
19489.83,41889.64,39561.81,60387.53,84436.13,73982.24,53256.21,83620.22,21853.8,19338.35,1e+09,42124.64,41209.67,25671.64,52424.13,16748.13,11836.36,17091.84,46539.33,41096.65,40272.2,47037.6,38823.43,20107.98,12125.92,18711.7,19020.05,23325.69,32479.28,19558.85,18741.77,49433.08,95225.2,68557.22,28048.49,57087.01,31975.63,42742.66,53264.48,51077.7,55113.65,41227.82,43527.78,51776.9,53182.96,43643.12,50030.33,57709.75,19369.02,41287.56,39059.32,52332.23,41292.24,71974.6
14660.03,91490.09,104208.16,133648.79,184093,128173.3,25707.44,44751.59,19375.96,26374.86,42124.64,1e+09,11516.39,13904.31,12550.21,20718.91,44004.21,39308.75,14148.31,6189.02,6633.81,11745.28,7588.62,23254.41,46588.53,65504.94,59405.6,15869.24,11924.56,21989.3,26182.61,17473.99,31803.24,28900.34,9422.87,12620.45,11286.49,8727.04,7717.62,6662.89,11961.07,14630.7,13077.44,11665.61,7522.12,7578.33,13252.99,12864.03,8694.41,14160.05,7603.09,8155.05,14773.96,18052.19
24535.2,94324.32,95315.21,121983.04,174391.65,112351.21,18822.16,41097.07,18327.97,20679.15,41209.67,11516.39,1e+09,24051.09,11130.49,26818.49,40217.77,29645.84,18603.3,10686.49,15138.58,15497.98,14167.8,16898.18,40139.85,52484.87,47735.27,16580.03,18070.47,15796.74,20864.23,18471.48,20867.68,25073.53,15408.64,12188.21,15591.15,11469.48,11087.93,10109.23,9250.65,14565.94,12822.44,13783.34,10018.13,13395.32,11930.66,15816.81,18555.02,12527.14,13868,8625.69,13517.64,12588.94
7331.9,65898.01,86599.39,114333.64,155120.36,122626.6,32331.45,52266.15,18857.02,16905.99,25671.64,13904.31,24051.09,1e+09,20610.19,11620.87,25228.75,31648.72,23525.28,17450.35,14402.53,15388.39,13250.95,17147.27,30810.53,49816.37,45300.39,10353.19,13040.69,14835.28,21118.16,23763.56,62099.5,40224.05,10427.88,23351.63,11892.27,16637.1,15646.62,14740.11,32423.09,23284.59,18123.6,16130.51,17230.11,18937.55,27668.86,23086.85,11794.78,19995.58,11302.79,22669.63,18004.06,44806.81
18158.72,96571.22,121186.54,151528.4,197169.96,143569.82,21260.86,33871.37,22165.32,31431.14,52424.13,12550.21,11130.49,20610.19,1e+09,31273.66,54922.53,49597.36,14927.59,12040.11,9288.32,14061.15,12728.43,32919.02,55236.16,77720.57,72513.14,23712.22,13562.19,23984.02,28427.76,13130.9,21888.91,26741.15,11637.13,11294.18,15347.07,11249.26,10678.18,12060.87,9173.25,13795.64,6901.89,13957.12,8033.29,8367.75,7165,13199.12,12208.91,7380.52,10547.85,6689.74,14465.68,10089.76
13849.49,57209.96,72538,101657.34,128892.09,117944.87,40521.02,48570.3,17004.64,13324.83,16748.13,20718.91,26818.49,11620.87,31273.66,1e+09,20586.72,27983.67,26925.91,21717.43,21679.67,21407.24,16614.31,18369.79,21792.06,38472.26,35030.93,12191.58,14188.39,16054.82,20299.31,34349.96,58264.77,37745.23,15295.88,27380.34,17121.13,22092.71,21031.03,20461.41,36379.32,19771.48,23926.92,23035.43,25249.95,24262.43,31870.31,28363.9,14660.8,22281.69,16336.4,30443.87,27744.59,48937.15
21773.46,43422.75,46910.31,67686.88,89402.02,86377.06,47483.45,90923.23,20716.38,15608.74,11836.36,44004.21,40217.77,25228.75,54922.53,20586.72,1e+09,13028.59,47086.54,42088.07,41021.02,52342.75,40640.14,17156.11,13272.51,16948.62,16440.18,20203.21,34929.4,13351.4,14859.75,46902.84,98032.38,72609.34,28883.2,62003.77,29822.45,42494.21,56483.96,54310.57,55032.41,45865.89,44773.05,58878.79,56792.87,44830.95,49488.62,63845.05,23194.89,43120.63,40447.4,52428.1,35448.06,72399.13
28666.45,42778.32,40885.34,58632.16,83409.97,75097.04,39076.9,93784.75,20395.35,18193.94,17091.84,39308.75,29645.84,31648.72,49597.36,27983.67,13028.59,1e+09,44608.55,36009.87,39538.75,55591.93,40778.15,18113.21,13315.11,13620.58,14955.03,23925.14,39198.88,14010.73,16009.91,37392.65,72083.3,72029.96,31569.8,59974.57,28633.56,37441.06,47428.58,44159.2,35792.52,44522.63,43193.81,58520.58,47796.65,40192.91,37118.73,59811.21,27158.65,39787.73,38627.66,39879.72,30695.95,49358.71
18231,95718.51,114344.11,145600.54,186388.37,149547.17,24877,20726.59,17996.72,23565.11,46539.33,14148.31,18603.3,23525.28,14927.59,26925.91,47086.54,44608.55,1e+09,16020.85,12272.16,11431.71,15109.5,27894.17,49220.23,68678.82,63430.92,18226.11,11200.59,20975.02,21781.91,20972.57,24021.12,15317.15,14857.3,11431.98,21527.72,12954.51,12264.32,14458.27,17899.62,7383.77,12496.62,11759.45,12816.08,13675.97,16167.8,7942.43,14531.25,16175.01,11553.44,14455.46,22362.98,22748.34
14946.37,96063.45,100656.23,130174.13,181555.7,125523.3,22433.57,43380.94,18831.84,24205.43,41096.65,6189.02,10686.49,17450.35,12040.11,21717.43,42088.07,36009.87,16020.85,1e+09,8341.95,13361.01,9438.71,20752.31,44721.93,62326.84,56199.56,15545.69,14674.21,19997.21,23241.39,15624.62,27163.88,30791.24,10657.71,13196.03,12470.78,9987.81,8748.24,7114.71,9884.31,16156.62,11984.79,12831.4,6895.04,7501.73,10117.9,15054.05,10045.4,11658.71,9569.79,7922.2,13519.68,13940.9
12575.69,86230.15,102059.42,131733.72,183115.29,126963.64,25918.76,42620.06,15475.95,27643.89,40272.2,6633.81,15138.58,14402.53,9288.32,21679.67,41021.02,39538.75,12272.16,8341.95,1e+09,11467.03,8286.62,20122.56,43477.63,64747.97,59375.34,14329.7,12675.75,20050.72,25863.18,13035.54,31479.95,31338.04,5144,16624.89,10354.39,10446.58,9403.73,7199.5,9200.47,14546.28,8873.87,14508.14,8971.19,6206.83,10144.14,14028.78,7920.54,11354.54,9735.77,8150.54,15048.64,15520.64
13358.78,87715.31,122975.11,154978.76,194101.22,152570.39,29465.51,28816.06,20159.11,24046,47037.6,11745.28,15497.98,15388.39,14061.15,21407.24,52342.75,55591.93,11431.71,13361.01,11467.03,1e+09,11638.9,35346.85,53537.53,80583.98,74298.57,15775.43,8568.94,24582.9,27552.83,26176.75,30534.77,21068.44,13790.8,11694.59,16146.26,10217.91,8296.06,9280.32,15797.15,8987.19,12396.16,5722.77,10973.29,13690.39,16862.95,6772.82,13123.8,15006.6,8254.78,15160.74,25234.3,23528.32
12363.28,88155.13,99332.41,128920.29,180301.86,127764.63,28933.21,40680.66,19311.59,24671.76,38823.43,7588.62,14167.8,13250.95,12728.43,16614.31,40640.14,40778.15,15109.5,9438.71,8286.62,11638.9,1e+09,23996.33,44340.4,64861.32,59936.14,13990.96,11173.66,20895.2,25744.23,18526.38,32584.23,23752.01,9631.74,13288.43,9768.23,8948.77,10267.01,8922.6,13146.94,12945.53,13022.6,12465.75,11083.42,8122.81,14777.08,14407.07,11505.92,14207.08,8996.28,12572.82,16297.34,20683.1
11886.73,61614.22,69900.06,97567.75,123726.54,107851.07,28702.93,74156.71,9899.15,9440.13,20107.98,23254.41,16898.18,17147.27,32919.02,18369.79,17156.11,18113.21,27894.17,20752.31,20122.56,35346.85,23996.33,1e+09,20505.02,32485.73,28265.92,11758.06,21596.02,10763.15,9971.71,25981.35,59746.62,51904.75,13629.35,41122.54,14199.04,21612.13,30388.17,27720,23798.15,28299.48,23463.8,41810.91,31394.91,21890.94,23526.61,41765.36,12285.61,24970.09,24709.83,25199.63,18984.39,38321.91
23913.7,36918.74,39320.25,57672.3,77774.2,73087.12,49360.99,89569.87,21613.88,17348.29,12125.92,46588.53,40139.85,30810.53,55236.16,21792.06,13272.51,13315.11,49220.23,44721.93,43477.63,53537.53,44340.4,20505.02,1e+09,18642.4,15786.3,25625.06,35347.16,14476.8,17757.04,51934.03,97304.85,73322.63,30079.42,61108.82,34376.21,46326.58,57067.92,54581.6,56801.02,42821.81,45209.08,57747.63,56842.29,46592.38,51834.23,62695.32,20855.41,42206.4,43467.73,53439.23,41444.85,72792.77
44325.41,29859.9,25156.75,37721.97,57364.5,55766.24,61982.65,122588.55,35734.99,35002.53,18711.7,65504.94,52484.87,49816.37,77720.57,38472.26,16948.62,13620.58,68678.82,62326.84,64747.97,80583.98,64861.32,32485.73,18642.4,1e+09,10655.13,39813,60391.63,23960.93,26004.97,63878.96,105199.48,96983.15,48509.48,86299.47,51100.32,61955.52,72706.41,69945.26,63289.24,66520.78,67258.08,86570.32,77217.37,65615.07,65528.96,87839.64,45150.6,62419.18,67346.98,66908.33,54165.5,80464.52
38420.08,29086.03,23829.95,38200.05,58095.81,54460.66,58308.01,115157.76,30759.01,32682.29,19020.05,59405.6,47735.27,45300.39,72513.14,35030.93,16440.18,14955.03,63430.92,56199.56,59375.34,74298.57,59936.14,28265.92,15786.3,10655.13,1e+09,35339.69,53282.53,22319.46,22844.12,60666.96,104480.58,91927.08,44847.16,81422.39,46245.44,57092.66,67947.77,64936.05,62225.35,60239.24,61985.59,80832.24,70803.81,60508.8,61441.38,81374.33,37331.21,57686.52,60295.02,61844.62,49762.94,79174.73
8987.11,64818.79,73250.78,100161.13,138889.71,110003.57,28917.08,45200.64,12055.74,9812.9,23325.69,15869.24,16580.03,10353.19,23712.22,12191.58,20203.21,23925.14,18226.11,15545.69,14329.7,15775.43,13990.96,11758.06,25625.06,39813,35339.69,1e+09,10032.23,10111.44,11868.05,26554.37,62201.74,34509.42,12860.49,22397.58,14128.93,15731.49,19445.55,19639.16,27738.85,14907.58,15277.09,18342.68,21374.86,16830.65,23427.15,21308.33,11243.73,16952.47,11018.27,23454.21,18617.67,42463.51
9330.86,76676.2,106217.71,137935.22,168467.85,150450.59,27277.84,27859.11,14472.08,11604.17,32479.28,11924.56,18070.47,13040.69,13562.19,14188.39,34929.4,39198.88,11200.59,14674.21,12675.75,8568.94,11173.66,21596.02,35347.16,60391.63,53282.53,10032.23,1e+09,13844.52,16778.5,23682.27,38884.63,22377.03,12359.9,13147.3,15489.57,11535.77,11551.96,12341.66,23424.81,8963.16,11271.76,8904.77,10314.15,14324.32,18845.91,8943.53,9587.49,15170.1,8713.35,16921.59,22509.86,31181.36
11960.64,50823.06,61778.83,87986.24,113797.94,105689.79,27738.21,57640.84,10101.58,9577.5,19558.85,21989.3,15796.74,14835.28,23984.02,16054.82,13351.4,14010.73,20975.02,19997.21,20050.72,24582.9,20895.2,10763.15,14476.8,23960.93,22319.46,10111.44,13844.52,1e+09,7371.18,24335.32,62543.56,43720.29,10639.8,28047.28,16921.41,20135.71,25994.96,26503.1,26134.11,17717.4,14243.73,27482.53,24372.85,21530.61,22306.89,29856.66,13842.94,14793.76,17480.15,24395.45,17425.76,39122.7
16044.61,56781.27,60495,86077.25,113980.46,96824.08,28298.93,51255.92,10760.32,10755.35,18741.77,26182.61,20864.23,21118.16,28427.76,20299.31,14859.75,16009.91,21781.91,23241.39,25863.18,27552.83,25744.23,9971.71,17757.04,26004.97,22844.12,11868.05,16778.5,7371.18,1e+09,29275.99,58493.1,39017.33,18544.44,28845.53,19706.35,23320.71,29236.02,29372.37,26597.52,17685.59,20397.05,32334.78,31019.1,26072.21,25433.67,30395.59,15028.26,18325.23,21883.17,26364.71,20647.7,38335.95
22908.43,96441.15,103272.82,132474.1,181740.8,128823.83,18208.65,45623.1,23410.26,32576.3,49433.08,17473.99,18471.48,23763.56,13130.9,34349.96,46902.84,37392.65,20972.57,15624.62,13035.54,26176.75,18526.38,25981.35,51934.03,63878.96,60666.96,26554.37,23682.27,24335.32,29275.99,1e+09,18627.66,27883.39,16367.46,22130.18,13728.38,18878.72,22324.54,20903.17,13177.48,22729.05,15049.71,25507.86,17832.94,12380.47,10624.21,26425.94,19081.26,14141.48,18691.86,15452.68,11873.95,13876.42
61224.86,147050.45,156854.49,186121.76,238080.59,162798.35,26118.79,16838.61,47786.93,71176.57,95225.2,31803.24,20867.68,62099.5,21888.91,58264.77,98032.38,72083.3,24021.12,27163.88,31479.95,30534.77,32584.23,59746.62,97304.85,105199.48,104480.58,62201.74,38884.63,62543.56,58493.1,18627.66,1e+09,11709.47,37418.58,16304.41,37585.19,24527.81,24658.93,28382.69,17396.03,24716.16,20426.95,25073.21,23006.56,22400.79,14706.61,23450.15,48932.02,18145.86,40724.17,20889.01,25671.14,12262.41
37215.84,115669.06,149190.14,182645.27,214810.17,168026.86,35056.23,10453.86,33393.6,42009.72,68557.22,28900.34,25073.53,40224.05,26741.15,37745.23,72609.34,72029.96,15317.15,30791.24,31338.04,21068.44,23752.01,51904.75,73322.63,96983.15,91927.08,34509.42,22377.03,43720.29,39017.33,27883.39,11709.47,1e+09,36603.52,13242.19,30165.16,18429.54,18376.1,24266.85,19987.02,16758.71,29300.01,17935.71,25625.11,29056.68,23939.97,14334.63,35084.64,27577.07,24261.87,26943.15,41113.95,19618.67
8862.28,70349.09,94083.47,122434.76,160372.9,122118.85,27269.4,47704.37,11192.03,16036.97,28048.49,9422.87,15408.64,10427.88,11637.13,15295.88,28883.2,31569.8,14857.3,10657.71,5144,13790.8,9631.74,13629.35,30079.42,48509.48,44847.16,12860.49,12359.9,10639.8,18544.44,16367.46,37418.58,36603.52,1e+09,18815.24,9615.98,11254.59,13520.51,10428.01,12548.11,16801.6,9421.68,17608.23,11707.89,9335.23,13647.85,17710.11,6509.26,11218.4,8839.93,10420.8,13411.82,19053.2
21028.83,101652.78,130138.83,160414.12,204904.32,146445.03,26515.23,25841.97,21822.36,29388.04,57087.01,12620.45,12188.21,23351.63,11294.18,27380.34,62003.77,59974.57,11431.98,13196.03,16624.89,11694.59,13288.43,41122.54,61108.82,86299.47,81422.39,22397.58,13147.3,28047.28,28845.53,22130.18,16304.41,13242.19,18815.24,1e+09,19174.99,7855.1,8657.64,9755.27,11493.87,8957.45,11269.12,8940.37,10224.72,14821.69,14800.44,10897.42,17164.36,14052.92,11078.5,11434.94,25191.29,16701.79
11535.15,74429.85,85292.01,112763.94,163431.52,113705.65,20894.52,51416.16,16664.74,18488.85,31975.63,11286.49,15591.15,11892.27,15347.07,17121.13,29822.45,28633.56,21527.72,12470.78,10354.39,16146.26,9768.23,14199.04,34376.21,51100.32,46245.44,14128.93,15489.57,16921.41,19706.35,13728.38,37585.19,30165.16,9615.98,19174.99,1e+09,12704.33,17017.52,15299.52,10112.62,17718.46,13258.64,21211.3,17484.25,11271.42,13566.45,22018.15,11448.99,14764.22,11390.44,13789.82,11616.07,20498.34
15767.66,95492.31,101067.35,130403.51,181785.08,125251.47,22324.27,33215.85,16365,24405.13,42742.66,8727.04,11469.48,16637.1,11249.26,22092.71,42494.21,37441.06,12954.51,9987.81,10446.58,10217.91,8948.77,21612.13,46326.58,61955.52,57092.66,15731.49,11535.77,20135.71,23320.71,18878.72,24527.81,18429.54,11254.59,7855.1,12704.33,1e+09,6723.42,7079.09,13499.18,11860.7,10621.55,8375.18,7513.29,10846.22,14610.82,11562.75,10818.38,13336.33,7626.4,9947.87,15729.83,22331.46
16729.33,93794.1999999999,115017.13,145008,196389.57,135694.78,24349.31,30991.6,23222.5,27099.41,53264.48,7717.62,11087.93,15646.62,10678.18,21031.03,56483.96,47428.58,12264.32,8748.24,9403.73,8296.06,10267.01,30388.17,57067.92,72706.41,67947.77,19445.55,11551.96,25994.96,29236.02,22324.54,24658.93,18376.1,13520.51,8657.64,17017.52,6723.42,1e+09,5996.14,13420.63,9611.28,10859.74,6822.82,7463.18,8679.12,14412.86,9156.29,12877.91,13374.52,7874.54,10571.3,19088.64,20865.09
16895.17,93622.38,111490.13,140990.58,194119.12,130247.99,28057.94,39079.81,22621.13,28780.65,51077.7,6662.89,10109.23,14740.11,12060.87,20461.41,54310.57,44159.2,14458.27,7114.71,7199.5,9280.32,8922.6,27720,54581.6,69945.26,64936.05,19639.16,12341.66,26503.1,29372.37,20903.17,28382.69,24266.85,10428.01,9755.27,15299.52,7079.09,5996.14,1e+09,12365.63,11879.56,10474.48,8034.24,6159.12,7850.57,12911.49,11242.45,11368.16,13503.05,8778.78,7692.22,17151.87,19335.92
27707.08,109912.84,111961.23,141121.2,194249.74,121361.36,21523.25,33918.11,22006.2,35684.74,55113.65,11961.07,9250.65,32423.09,9173.25,36379.32,55032.41,35792.52,17899.62,9884.31,9200.47,15797.15,13146.94,23798.15,56801.02,63289.24,62225.35,27738.85,23424.81,26134.11,26597.52,13177.48,17396.03,19987.02,12548.11,11493.87,10112.62,13499.18,13420.63,12365.63,1e+09,14476.69,11202.55,14747.78,12519.23,9496.18,8891.77,16072.24,18074.87,10310.91,16170.45,6065.82,16044.4,8880.59
17130.07,87336.06,116137.5,147958.48,180758.33,156618.88,22952.48,28255.34,13964.66,17121.74,41227.82,14630.7,14565.94,23284.59,13795.64,19771.48,45865.89,44522.63,7383.77,16156.62,14546.28,8987.19,12945.53,28299.48,42821.81,66520.78,60239.24,14907.58,8963.16,17717.4,17685.59,22729.05,24716.16,16758.71,16801.6,8957.45,17718.46,11860.7,9611.28,11879.56,14476.69,1e+09,10681.75,8355.22,12290.08,13545.48,16106.03,6567.24,14640.62,12856.24,10706.15,14533.76,25146.85,20042.81
12006.64,87072.83,119744.79,150208.32,184863.32,145315.07,19905.77,32944.38,13404.45,21502.31,43527.78,13077.44,12822.44,18123.6,6901.89,23926.92,44773.05,43193.81,12496.62,11984.79,8873.87,12396.16,13022.6,23463.8,45209.08,67258.08,61985.59,15277.09,11271.76,14243.73,20397.05,15049.71,20426.95,29300.01,9421.68,11269.12,13258.64,10621.55,10859.74,10474.48,11202.55,10681.75,1e+09,11209.73,8355.75,9290.45,6026.89,10819.77,10401.86,5366.25,8113.3,7737.39,13774.64,8876.82
15833.47,92214.4800000001,125580.57,156221.22,203469.7,150018.72,28137.6,24878.45,25505.53,28551.42,51776.9,11665.61,13783.34,16130.51,13957.12,23035.43,58878.79,58520.58,11759.45,12831.4,14508.14,5722.77,12465.75,41810.91,57747.63,86570.32,80832.24,18342.68,8904.77,27482.53,32334.78,25507.86,25073.21,17935.71,17608.23,8940.37,21211.3,8375.18,6822.82,8034.24,14747.78,8355.22,11209.73,1e+09,8067.65,13205.09,15368.65,5446.88,14773.76,13817.96,8591.66,13365.2,25178.89,18314.93
16753.73,93276.17,115920.32,145985.59,197367.16,140019.33,23758.75,34274.91,23271.61,30671.82,53182.96,7522.12,10018.13,17230.11,8033.29,25249.95,56792.87,47796.65,12816.08,6895.04,8971.19,10973.29,11083.42,31394.91,56842.29,77217.37,70803.81,21374.86,10314.15,24372.85,31019.1,17832.94,23006.56,25625.11,11707.89,10224.72,17484.25,7513.29,7463.18,6159.12,12519.23,12290.08,8355.75,8067.65,1e+09,6690.97,9385.53,9632.81,10737.32,10174.17,9107.94,7720.76,15697.69,13067.57
16192.04,91948.02,107473.29,137306.09,186323.58,129785.71,21210.08,38386.52,18773.84,30422.19,43643.12,7578.33,13395.32,18937.55,8367.75,24262.43,44830.95,40192.91,13675.97,7501.73,6206.83,13690.39,8122.81,21890.94,46592.38,65615.07,60508.8,16830.65,14324.32,21530.61,26072.21,12380.47,22400.79,29056.68,9335.23,14821.69,11271.42,10846.22,8679.12,7850.57,9496.18,13545.48,9290.45,13205.09,6690.97,1e+09,8781.21,14154.91,10791.65,10305.59,11450.66,8015.12,15141.45,11994.28
20458.33,101996.64,111347.02,141525.36,189412.99,133314.83,17996.34,34808.81,19905.38,31397.37,50030.33,13252.99,11930.66,27668.86,7165,31870.31,49488.62,37118.73,16167.8,10117.9,10144.14,16862.95,14777.08,23526.61,51834.23,65528.96,61441.38,23427.15,18845.91,22306.89,25433.67,10624.21,14706.61,23939.97,13647.85,14800.44,13566.45,14610.82,14412.86,12911.49,8891.77,16106.03,6026.89,15368.65,9385.53,8781.21,1e+09,16141.05,16882.55,6501.75,15025.35,7335.01,12136.91,6238.4
19774.86,100530.2,132804.61,164593.61,206322.18,160319.91,27363.81,20510.36,24793.21,29374.26,57709.75,12864.03,15816.81,23086.85,13199.12,28363.9,63845.05,59811.21,7942.43,15054.05,14028.78,6772.82,14407.07,41765.36,62695.32,87839.64,81374.33,21308.33,8943.53,29856.66,30395.59,26425.94,23450.15,14334.63,17710.11,10897.42,22018.15,11562.75,9156.29,11242.45,16072.24,6567.24,10819.77,5446.88,9632.81,14154.91,16141.05,1e+09,15132.29,14964.5,8977.91,14780.57,26333.72,21083.29
6582.1,64790.75,89542.63,119503.63,150032.32,131957.47,25586.19,46181.42,11686.49,13969.23,19369.02,8694.41,18555.02,11794.78,12208.91,14660.8,23194.89,27158.65,14531.25,10045.4,7920.54,13123.8,11505.92,12285.61,20855.41,45150.6,37331.21,11243.73,9587.49,13842.94,15028.26,19081.26,48932.02,35084.64,6509.26,17164.36,11448.99,10818.38,12877.91,11368.16,18074.87,14640.62,10401.86,14773.76,10737.32,10791.65,16882.55,15132.29,1e+09,15427.53,7606.1,11412.56,14921.48,27963.3
16351.1,84358.02,113846.62,145655.44,178463.77,141613.77,18150.88,35498.31,14520.01,19844.89,41287.56,14160.05,12527.14,19995.58,7380.52,22281.69,43120.63,39787.73,16175.01,11658.71,11354.54,15006.6,14207.08,24970.09,42206.4,62419.18,57686.52,16952.47,15170.1,14793.76,18325.23,14141.48,18145.86,27577.07,11218.4,14052.92,14764.22,13336.33,13374.52,13503.05,10310.91,12856.24,5366.25,13817.96,10174.17,10305.59,6501.75,14964.5,15427.53,1e+09,11952.76,7755.94,15866.3,10243.75
9511.48,85930.77,99666.92,129174.3,180555.87,129818.09,23740.9,36484.8,16096.82,20960.12,39059.32,7603.09,13868,11302.79,10547.85,16336.4,40447.4,38627.66,11553.44,9569.79,9735.77,8254.78,8996.28,24709.83,43467.73,67346.98,60295.02,11018.27,8713.35,17480.15,21883.17,18691.86,40724.17,24261.87,8839.93,11078.5,11390.44,7626.4,7874.54,8778.78,16170.45,10706.15,8113.3,8591.66,9107.94,11450.66,15025.35,8977.91,7606.1,11952.76,1e+09,10549.22,12740.02,25244.77
21872.41,104752.59,109948.14,139108.11,192236.65,126811.32,20588.35,39691.62,22008.33,31878.59,52332.23,8155.05,8625.69,22669.63,6689.74,30443.87,52428.1,39879.72,14455.46,7922.2,8150.54,15160.74,12572.82,25199.63,53439.23,66908.33,61844.62,23454.21,16921.59,24395.45,26364.71,15452.68,20889.01,26943.15,10420.8,11434.94,13789.82,9947.87,10571.3,7692.22,6065.82,14533.76,7737.39,13365.2,7720.76,8015.12,7335.01,14780.57,11412.56,7755.94,10549.22,1e+09,11054.51,8274.92
18745.05,87831.61,90632.16,118727.27,169731.66,117059.41,15351.06,54783.58,20737.8,23568.75,41292.24,14773.96,13517.64,18004.06,14465.68,27744.59,35448.06,30695.95,22362.98,13519.68,15048.64,25234.3,16297.34,18984.39,41444.85,54165.5,49762.94,18617.67,22509.86,17425.76,20647.7,11873.95,25671.14,41113.95,13411.82,25191.29,11616.07,15729.83,19088.64,17151.87,16044.4,25146.85,13774.64,25178.89,15697.69,15141.45,12136.91,26333.72,14921.48,15866.3,12740.02,11054.51,1e+09,13477.24
38250.98,126083.06,129903.9,159079.14,212207.68,138634.24,16524.45,32365.28,32781.67,49605.8,71974.6,18052.19,12588.94,44806.81,10089.76,48937.15,72399.13,49358.71,22748.34,13940.9,15520.64,23528.32,20683.1,38321.91,72792.77,80464.52,79174.73,42463.51,31181.36,39122.7,38335.95,13876.42,12262.41,19618.67,19053.2,16701.79,20498.34,22331.46,20865.09,19335.92,8880.59,20042.81,8876.82,18314.93,13067.57,11994.28,6238.4,21083.29,27963.3,10243.75,25244.77,8274.92,13477.24,1e+09
