1e+09,61320.94,60904.01,89333.07,117245.22,92927.69,34572.36,66689.59,17123.19,14159.53,18852.89,16179.44,24500.69,6431.63,19003.98,16491.04,22923.79,25587.82,28449.02,19640.36,16338.91,21920.79,17584.72,11129.91,23688.21,38016.72,34042.51,10944.87,11392.17,13651.64,19583.32,24267.87,63583.81,46581,10335.85,23094.69,12887.08,19952.01,23536.07,24518.8,34990.29,23916.51,14113.89,21013.06,16378.81,21097.88,28162.93,23828.54,8743.76,17298.02,13973.11,22475.85,19047.12,48219.93
61320.94,1e+09,12645.39,14622.26,25789.35,17954.51,99796.59,151714.12,68132.21,61054.16,44588.45,90247.92,95219.7,66816.04,92594.78,61982.22,43159.3,40317.99,103090.91,94033.65,88046.22,100823.1,89723.7,59683.75,37282.24,31170.23,29870.69,67023.95,76984.83,49684.16,57708.5,95190.67,146367.53,123315.59,69921.98,102213.56,73537.86,96990.93,102113.25,103733.55,109632.05,91860.24,88307.87,99959.6000000001,93082.61,93730.97,104506.41,104433.59,64474.63,84049.29,88058.58,101805.97,88161.37,128701.88
60904.01,12645.39,1e+09,14663.92,28122.4,24140.22,100137.56,153014.03,67246.95,64779.18,38733.57,97745.88,95524.99,69887.1,100014.66,63067.01,42943.76,39654.39,102821.54,100138.77,90687.56,103047.71,92630.28,59659.72,36270.67,25310.24,24011.16,69735.78,79788.45,53450.75,56316.52,98259.72,155309.15,124366.36,72373.29,107766.96,77076.25,102042.87,109841.09,112638.58,111110.75,92010.87,91187.6,105797.83,100724.99,96021.88,105376.34,109811.57,63259.68,86417.37,91433.86,110148.69,88564.81,130934.32
89333.07,14622.26,14663.92,1e+09,15939.35,19165.32,145096.84,188612.46,100970.26,95073.75,64526.31,127195.15,142073.86,100038.01,134188.47,94652.98,63236.98,59459.39,142853.92,132294.31,125411.12,137101,131062.94,87996.49,57568.16,39218.48,40363.98,99934.78,113199.05,79446.6,85173.27,135732.42,185173.11,159448.31,105349.57,140795.61,109461.9,138870.71,140495.34,142813.43,157790.25,128177.58,125837.57,134279.42,129206.58,134872.03,151233.12,139479.3,96295.95,122603.32,127593.31,141770.56,129427.07,174446.32
117245.22,25789.35,28122.4,15939.35,1e+09,21279.41,168718.91,188520.87,129805.46,122190.06,91795.79,141484.18,150865.98,125565.66,156659.47,124860.59,89479.57,86711.51,149835.2,145185.37,149866.25,142605.85,147254.76,120644.45,77361.42,57540.7,59650.14,129807.88,134804.49,109701.58,114427.39,167924.74,178861.67,168757.84,130979.62,147751.04,140172.74,149104.52,145687.14,149832.15,165985.06,141820.85,146118.5,137462.14,138059.23,157091.5,166655.39,141356.68,124623.64,144548.77,140592.95,152935.76,154923.43,172661.81
92927.69,17954.51,24140.22,19165.32,21279.41,1e+09,140129.79,189744.58,102622.25,99008.57,72645.49,131793.28,137136.7,103364.04,136428.46,96506.93,73139.82,69925.24,141752.55,136892.44,126817.74,139602.52,131291.54,93247.24,68292.8,55365.16,53849.08,101113.86,114255.46,85466.95,90033.18,136040.26,189523.38,160721.37,107433.12,143351.19,112253.27,140250.69,145503.3,147163.7,155018.92,128639.87,127373.56,139273.32,134200.48,134000.12,146433.97,143829.57,98814.49,122850.9,128565.96,145477.2,129844.94,173632.48
34572.36,99796.59,100137.56,145096.84,168718.91,140129.79,1e+09,28300.04,22367.49,26165.4,41883.56,22776.99,20365.04,30157.17,20968.17,30931.68,53241.42,41664.24,20670.65,16407.11,21477.17,19932.76,22368.64,26826.87,48528.72,71349.28,64961.26,22878.5,23232.14,28777.06,25699.56,17552.32,22296.13,20128.55,24083.57,22242.78,22749.06,18309.02,23211.56,21594.62,21242.97,19250.47,22528.07,21949.05,23885.38,18821.81,16899.04,20979.31,24459.61,17359.45,21544.5,21234.14,15478.86,16847.1
66689.59,151714.12,153014.03,188612.46,188520.87,189744.58,28300.04,1e+09,47732.97,67232.47,82504.44,45361.52,43725.04,65176.36,41651.75,43436.21,110662.17,99584.95,15442.51,41473.28,38047.02,30723.68,49255.03,77383.94,95846.17,113016.51,110291.55,58694.92,43972.9,74750.35,60687.84,44981.62,16391.54,11159.43,51282.82,29070.51,58690.79,37528.7,38191.12,38675.47,40348.84,27223.92,35832.26,25554.47,37709.27,37963.39,32947.79,25540.14,56089.74,39256.5,44114.21,42290.74,36160.04,16135.49
17123.19,68132.21,67246.95,100970.26,129805.46,102622.25,22367.49,47732.97,1e+09,11111.71,18830.07,21714.08,17248.24,20193.36,22921.55,18160.79,25858.37,22485.11,18681.21,19913.91,16143.05,18343.49,21753.98,12653.44,22983.83,38126.62,33972.38,12038.27,15972.61,14490.04,10455.6,21071.06,45077.35,26944.11,13738,22681.89,17035.14,18110.23,25249.99,22493.23,22392.17,12871.85,12221.74,24430.33,24853.92,19267.3,18361.57,23975.51,14828.13,14402.72,17492.88,21937.66,15198.21,28896.33
14159.53,61054.16,64779.18,95073.75,122190.06,99008.57,26165.4,67232.47,11111.71,1e+09,18415.68,26667.33,18217.76,17717.86,26293.83,15803.58,19528.69,18630.9,25949.8,23855.93,26985.39,24564.27,25889.76,9708.77,17628.73,34312.49,31913.21,10273.35,11883.48,10677.9,9216.61,27735.58,68262.48,44756.96,15782.29,28114.87,18949.49,23965.61,30344.7,30051.58,32586.49,17513.07,17748.77,30377.8,29304.16,28891.08,26839.61,31055.73,14336.4,15376.06,20277.54,27836.99,16047.73,45626.45
18852.89,44588.45,38733.57,64526.31,91795.79,72645.49,41883.56,82504.44,18830.07,18415.68,1e+09,41540.16,36749.37,26273.56,42319.78,21105.24,14639.26,16212.86,40477.5,38895.64,37379.13,39102.18,39423.62,19054.04,10986.17,17830.74,17640.42,22456.88,27499.4,18424.13,14365.95,42687.7,82734.26,56537.54,25931.24,43764.55,30747.46,40753.14,48116.74,49582.95,50273.28,29576.77,32782,43452.16,43580.66,40332.14,43494.72,45558.09,17584.51,30111.27,34302.05,46686.85,32144.11,65395.99
16179.44,90247.92,97745.88,127195.15,141484.18,131793.28,22776.99,45361.52,21714.08,26667.33,41540.16,1e+09,9496.85,13289.37,8898.68,23144.96,53018.26,39102.74,16146.25,6966.27,9227.98,10980.85,6619.82,23847.46,49595.62,68885.62,63802.02,14717.63,9626.5,22041.61,26381.91,13918.05,32137.6,33193.54,11145.18,11874.7,11340.7,9087.85,7319.55,7352.2,10664.25,14379.86,9553.86,13418.37,7733.37,8255.97,11484.54,12843.61,9146.37,11462.18,7996.05,6369.8,11750.86,16809.37
24500.69,95219.7,95524.99,142073.86,150865.98,137136.7,20365.04,43725.04,17248.24,18217.76,36749.37,9496.85,1e+09,20530.18,12068.51,22193.76,48300.92,31533.14,18960.44,10243.4,12268.62,13544.3,11450.44,17806.93,43466.47,68654.87,61513.88,11656.23,11955.39,16074.35,20420.83,16019.54,24425.49,28215.92,13080.49,10741.54,13370.45,9724.2,9186.85,9336.87,11773.72,15280.27,9063.05,13563.24,9504.02,9228.09,10806.12,15355.57,10916.04,10832.31,10504.91,8630.33,13536.55,14925.05
6431.63,66816.04,69887.1,100038.01,125565.66,103364.04,30157.17,65176.36,20193.36,17717.86,26273.56,13289.37,20530.18,1e+09,16944.12,15446.2,26517,28033.95,25481.62,15996.53,14108.6,19605.49,15135.67,14620.92,30578.2,45016.91,43333.66,11353.37,11672.97,12613.81,21533.85,21613.42,59961.7,44280.47,9678.39,21991.77,11142.97,16853.66,20090.5,20756.02,30275.39,23894.36,15322.07,19638.89,14476.62,18646.47,27411.53,22325,10085.49,17430.09,12447.36,19016.28,15823.91,45174.55
19003.98,92594.78,100014.66,134188.47,156659.47,136428.46,20968.17,41651.75,22921.55,26293.83,42319.78,8898.68,12068.51,16944.12,1e+09,27276.17,51160.6,35359.59,22093.79,8805.44,8531.39,13995.68,9009.43,20444.88,50424.63,71150.16,65154.77,17847.82,10165.84,21102.06,25183.43,12381.77,27786.72,31078.46,9674.39,11041.96,10765.45,9428.17,8799.09,9665.36,8781.14,15939.32,9477.58,15720.1,8817.37,7959.8,8692,15477.08,10887.51,8668.95,10183.24,7239.18,9902.14,14580.54
16491.04,61982.22,63067.01,94652.98,124860.59,96506.93,30931.68,43436.21,18160.79,15803.58,21105.24,23144.96,22193.76,15446.2,27276.17,1e+09,26019.53,26983.01,20735.73,22612.8,23907.08,23710.04,20261.05,19841.28,24449.85,36380.67,33970.21,15629.88,15843.18,15808.26,18346.36,30818.52,45072.62,28500.75,17542.18,26810.73,20139.15,23643.28,25632.61,27703.1,34927.54,18028.48,19712.88,23268.27,24775.08,25377.85,29435.51,26116.55,16332.31,18849.59,19226.67,27324.17,20935.79,41362.28
22923.79,43159.3,42943.76,63236.98,89479.57,73139.82,53241.42,110662.17,25858.37,19528.69,14639.26,53018.26,48300.92,26517,51160.6,26019.53,1e+09,12287.97,57218.62,51598.03,46362.95,60269.47,46053.22,17373.99,15494.87,18988.74,18357.87,24156.33,38746.15,14859.61,18985.73,50085.19,108859.67,81188.52,31141.5,65925.56,31642.56,52915.33,64816.69,65412.15,60676.05,53073.81,48728.67,66201.74,59579.02,51029.18,57429.88,69271.77,26669.48,46757.67,46801.18,61648.63,40231.35,82736.89
25587.82,40317.99,39654.39,59459.39,86711.51,69925.24,41664.24,99584.95,22485.11,18630.9,16212.86,39102.74,31533.14,28033.95,35359.59,26983.01,12287.97,1e+09,47951.5,36643.77,38794.05,52495.29,37449.25,17258.98,15111.19,17731.52,18517.8,23496.04,34822.47,14105.48,18191.91,40395.28,86475.42,72627.61,28427.04,57250.12,27181.24,38142.84,47872.75,46369.92,39810.57,44952.09,41025.28,61652.18,50678.92,40737.51,41333.57,62609.58,23912.33,38727.97,39959.19,42270,30860.73,60381.17
28449.02,103090.91,102821.54,142853.92,149835.2,141752.55,20670.65,15442.51,18681.21,25949.8,40477.5,16146.25,18960.44,25481.62,22093.79,20735.73,57218.62,47951.5,1e+09,16977.3,12714.21,11298.27,20539.7,32147.35,50891.01,69242.08,65254.5,19139.99,16138.04,29172.48,24365.4,21133.91,22412.23,12989.62,19821.96,15831.42,23177.09,16241.75,17494.22,14120.78,24595.35,9714.42,14534.7,11857.73,16140.52,16425.14,16802.37,9702.68,20254.58,20270.2,15249.37,15957.4,14120.03,14654.7
19640.36,94033.65,100138.77,132294.31,145185.37,136892.44,16407.11,41473.28,19913.91,23855.93,38895.64,6966.27,10243.4,15996.53,8805.44,22612.8,51598.03,36643.77,16977.3,1e+09,8621.96,11292.99,8693.51,21142.2,48229.12,73057.89,67386.07,13849.8,10955.25,20650.69,23874,12452.69,28119.96,32360.9,11069.21,12623.44,12100.94,9665.1,8586.34,7345.16,8946.64,16186.55,8261.82,12505.91,6993.99,6795.5,7987.67,13987.07,9855.88,8746.71,8278.21,5987.85,10072.98,12457.62
16338.91,88046.22,90687.56,125411.12,149866.25,126817.74,21477.17,38047.02,16143.05,26985.39,37379.13,9227.98,12268.62,14108.6,8531.39,23907.08,46362.95,38794.05,12714.21,8621.96,1e+09,9342.58,9417.74,19655.32,44949.49,64502.23,61618.53,14210.83,12790.57,20806.08,25685.18,10597.74,29746.84,24986.36,5990.86,12481.36,9785.11,11326.09,11646.55,9112.33,9785.06,11065.06,7229.01,12968.64,10114.86,6120.97,8581.57,12395.82,10437.77,8731.7,10646.25,9618.83,11136.94,13213.82
21920.79,100823.1,103047.71,137101,142605.85,139602.52,19932.76,30723.68,18343.49,24564.27,39102.18,10980.85,13544.3,19605.49,13995.68,23710.04,60269.47,52495.29,11298.27,11292.99,9342.58,1e+09,15153.31,34940.14,49231.84,67909.43,63061.73,16150.73,10352.68,27666.9,24979.9,20142.11,25728.49,19350.43,15430.21,10700.17,20030.29,9265.06,9956.69,8803.69,15654.02,7534.54,7936.76,5950.59,10198.32,12444.28,12575.55,5716.51,15166.5,13691.07,8109.57,10927.2,10724.2,16466.65
17584.72,89723.7,92630.28,131062.94,147254.76,131291.54,22368.64,49255.03,21753.98,25889.76,39423.62,6619.82,11450.44,15135.67,9009.43,20261.05,46053.22,37449.25,20539.7,8693.51,9417.74,15153.31,1e+09,21862.01,47211.23,68337.82,62959.69,15208.21,10725.15,18916.66,27053.62,14524.83,34143.82,29793.93,9674.8,13614.08,9407.59,9099.43,10222.29,10267.26,10959.23,14153.56,11587.27,17294.53,11605.55,8001.23,13488.08,16787.72,10475.67,12550.02,9953.7,9808.23,11636.93,18760.41
11129.91,59683.75,59659.72,87996.49,120644.45,93247.24,26826.87,77383.94,12653.44,9708.77,19054.04,23847.46,17806.93,14620.92,20444.88,19841.28,17373.99,17258.98,32147.35,21142.2,19655.32,34940.14,21862.01,1e+09,22006.14,36516.23,31946.04,11519.44,19268.91,11281.81,12118.79,24263.5,63063.83,52196.43,13106.5,40039.6,13270.05,23665.48,32593.69,30952.47,21669.69,30321.56,22605.21,43039.38,34233.66,21474.2,23061.88,43856.56,11738.42,22454.68,23391.98,26658.02,17667.33,39240.9
23688.21,37282.24,36270.67,57568.16,77361.42,68292.8,48528.72,95846.17,22983.83,17628.73,10986.17,49595.62,43466.47,30578.2,50424.63,24449.85,15494.87,15111.19,50891.01,48229.12,44949.49,49231.84,47211.23,22006.14,1e+09,18040.18,15080.79,24562.42,31581.45,16138.52,17907.16,50537.65,97171.34,70140.86,31278.43,52689.45,35817.64,49892.73,56065.08,59109.94,60205.69,39015.02,39928.13,52262.54,49864.19,47954.1,53143.03,54701.11,21915.07,35187.77,41835.53,56171.63,39266.7,76817.93
38016.72,31170.23,25310.24,39218.48,57540.7,55365.16,71349.28,113016.51,38126.62,34312.49,17830.74,68885.62,68654.87,45016.91,71150.16,36380.67,18988.74,17731.52,69242.08,73057.89,64502.23,67909.43,68337.82,36516.23,18040.18,1e+09,10852.04,39208.28,49220.94,26126.13,28783.5,71861.16,110604.25,85890.1,45004.22,69718.76,56608.3,71162.84,75389.55,76055.35,86031.69,55837.91,57455.53,67277.64,65990.85,69939.96,76571.54,70440.42,42467.71,54210.69,61334.91,76795.97,60535.38,102125.43
34042.51,29870.69,24011.16,40363.98,59650.14,53849.08,64961.26,110291.55,33972.38,31913.21,17640.42,63802.02,61513.88,43333.66,65154.77,33970.21,18357.87,18517.8,65254.5,67386.07,61618.53,63061.73,62959.69,31946.04,15080.79,10852.04,1e+09,34444.65,43550.21,24609.18,25521.17,65401.39,109472.68,83488.55,43638.03,65925.48,50753.74,66408.36,70898.27,71658.46,78358.13,53121.87,53531.62,64518.69,62153.4,66284.36,70536.92,67267.59,38239.33,48380.01,56635.82,71243.7,53656.1,95589.21
10944.87,67023.95,69735.78,99934.78,129807.88,101113.86,22878.5,58694.92,12038.27,10273.35,22456.88,14717.63,11656.23,11353.37,17847.82,15629.88,24156.33,23496.04,19139.99,13849.8,14210.83,16150.73,15208.21,11519.44,24562.42,39208.28,34444.65,1e+09,10108.07,10128.02,9303.07,21455.73,58612.2,36485.09,13091.92,19719.69,14258.55,15016,21355.21,20690.09,24692.47,13283.77,10304.88,20189.9,19284.31,15288.51,18548.21,21543.12,10694.53,12400.78,10002.51,18600.83,11593.38,37345
11392.17,76984.83,79788.45,113199.05,134804.49,114255.46,23232.14,43972.9,15972.61,11883.48,27499.4,9626.5,11955.39,11672.97,10165.84,15843.18,38746.15,34822.47,16138.04,10955.25,12790.57,10352.68,10725.15,19268.91,31581.45,49220.94,43550.21,10108.07,1e+09,13871.12,16333.96,17935.54,37217.97,29161.01,11029.49,12654,12982.29,10938.82,10372.09,11077.75,19463.6,10221.51,8663.29,12232.61,9896.17,13539.88,15573.37,11641.69,8988.68,11237.26,9315.57,11662.53,11271.11,27303.83
13651.64,49684.16,53450.75,79446.6,109701.58,85466.95,28777.06,74750.35,14490.04,10677.9,18424.13,22041.61,16074.35,12613.81,21102.06,15808.26,14859.61,14105.48,29172.48,20650.69,20806.08,27666.9,18916.66,11281.81,16138.52,26126.13,24609.18,10128.02,13871.12,1e+09,10721.9,24492.4,69606.76,50052.1,9792.55,30098.27,14261.52,21355.05,30360.45,29231.24,27257.12,22566.69,16662.09,32780.77,26861.93,22822.46,25426.65,35284.83,13530.64,15435.13,18386.51,25302.08,16899.67,44526.21
19583.32,57708.5,56316.52,85173.27,114427.39,90033.18,25699.56,60687.84,10455.6,9216.61,14365.95,26381.91,20420.83,21533.85,25183.43,18346.36,18985.73,18191.91,24365.4,23874,25685.18,24979.9,27053.62,12118.79,17907.16,28783.5,25521.17,9303.07,16333.96,10721.9,1e+09,28335.72,59594.19,38759.23,21344.18,29079.95,21499.98,23677.65,30132.67,28166.36,28721.7,17963.18,20022.62,31563.16,32493.88,27058.03,25348.69,30406.82,16883.14,19375.7,21432.84,26426.72,16655.57,39207.54
24267.87,95190.67,98259.72,135732.42,167924.74,136040.26,17552.32,44981.62,21071.06,27735.58,42687.7,13918.05,16019.54,21613.42,12381.77,30818.52,50085.19,40395.28,21133.91,12452.69,10597.74,20142.11,14524.83,24263.5,50537.65,71861.16,65401.39,21455.73,17935.54,24492.4,28335.72,1e+09,21636.31,28762.18,14084.78,18564.54,12107.34,15239.31,17688.86,17280.78,13289.03,20884.02,14155.05,21056,14520.23,9900.71,10494.13,22550.57,16797.34,11765.85,16839.82,16774.3,11749.54,16326.05
63583.81,146367.53,155309.15,185173.11,178861.67,189523.38,22296.13,16391.54,45077.35,68262.48,82734.26,32137.6,24425.49,59961.7,27786.72,45072.62,108859.67,86475.42,22412.23,28119.96,29746.84,25728.49,34143.82,63063.83,97171.34,110604.25,109472.68,58612.2,37217.97,69606.76,59594.19,21636.31,1e+09,10506.87,39116.97,16844.4,40947.36,23506.97,24226.15,26131.82,23061,20839.74,31111.01,21991.51,23897.52,23277.47,16286.12,20225.54,49593.03,21298.67,38975.56,30078.84,23489.81,12791.84
46581,123315.59,124366.36,159448.31,168757.84,160721.37,20128.55,11159.43,26944.11,44756.96,56537.54,33193.54,28215.92,44280.47,31078.46,28500.75,81188.52,72627.61,12989.62,32360.9,24986.36,19350.43,29793.93,52196.43,70140.86,85890.1,83488.55,36485.09,29161.01,50052.1,38759.23,28762.18,10506.87,1e+09,38675.72,15992.86,35419.44,22960.48,23143.53,26913.06,25053.86,15584,27042.61,16737.37,29587.32,28281.42,24292.82,15825.34,40424.29,29790.58,33034.73,30304.37,24448.3,13099.23
10335.85,69921.98,72373.29,105349.57,130979.62,107433.12,24083.57,51282.82,13738,15782.29,25931.24,11145.18,13080.49,9678.39,9674.39,17542.18,31141.5,28427.04,19821.96,11069.21,5990.86,15430.21,9674.8,13106.5,31278.43,45004.22,43638.03,13091.92,11029.49,9792.55,21344.18,14084.78,39116.97,38675.72,1e+09,19109.8,7789.22,11902.18,14118.96,12333.28,10769.27,19753.97,10088.96,20213.77,13457.52,9730.26,12703.7,21281.44,7560.51,9299.08,10920.08,11117.83,11528.58,18047.51
23094.69,102213.56,107766.96,140795.61,147751.04,143351.19,22242.78,29070.51,22681.89,28114.87,43764.55,11874.7,10741.54,21991.77,11041.96,26810.73,65925.56,57250.12,15831.42,12623.44,12481.36,10700.17,13614.08,40039.6,52689.45,69718.76,65925.48,19719.69,12654,30098.27,29079.95,18564.54,16844.4,15992.86,19109.8,1e+09,18397.29,7902.08,8266.53,9486.82,11674.95,10505.13,8281.68,9790.23,10286.62,13153.73,12518.45,11372.51,17698.77,12648.16,10262.64,8677.21,14647.13,14571.18
12887.08,73537.86,77076.25,109461.9,140172.74,112253.27,22749.06,58690.79,17035.14,18949.49,30747.46,11340.7,13370.45,11142.97,10765.45,20139.15,31642.56,27181.24,23177.09,12100.94,9785.11,20030.29,9407.59,13270.05,35817.64,56608.3,50753.74,14258.55,12982.29,14261.52,21499.98,12107.34,40947.36,35419.44,7789.22,18397.29,1e+09,12438.7,16060.68,15271.86,9104.68,20485.4,13594.61,24630.13,18697.06,10085.16,13140.14,26075.35,9263.32,14217.07,12455.9,13565.94,10591.8,21527.04
19952.01,96990.93,102042.87,138870.71,149104.52,140250.69,18309.02,37528.7,18110.23,23965.61,40753.14,9087.85,9724.2,16853.66,9428.17,23643.28,52915.33,38142.84,16241.75,9665.1,11326.09,9265.06,9099.43,23665.48,49892.73,71162.84,66408.36,15016,10938.82,21355.05,23677.65,15239.31,23506.97,22960.48,11902.18,7902.08,12438.7,1e+09,6762.54,6194.39,12547.81,12694.52,7797.21,10596.07,8280.07,10662.15,11412.16,11920.16,11265.61,10502.38,7788.02,7436.03,11550.48,19313.48
23536.07,102113.25,109841.09,140495.34,145687.14,145503.3,23211.56,38191.12,25249.99,30344.7,48116.74,7319.55,9186.85,20090.5,8799.09,25632.61,64816.69,47872.75,17494.22,8586.34,11646.55,9956.69,10222.29,32593.69,56065.08,75389.55,70898.27,21355.21,10372.09,30360.45,30132.67,17688.86,24226.15,23143.53,14118.96,8266.53,16060.68,6762.54,1e+09,5975.05,11043.02,10768.38,8222.15,10136.63,7006.35,9016.94,11928.15,10914.8,12302.2,10494.47,8914.64,7336.76,13451.77,17520.45
24518.8,103733.55,112638.58,142813.43,149832.15,147163.7,21594.62,38675.47,22493.23,30051.58,49582.95,7352.2,9336.87,20756.02,9665.36,27703.1,65412.15,46369.92,14120.78,7345.16,9112.33,8803.69,10267.26,30952.47,59109.94,76055.35,71658.46,20690.09,11077.75,29231.24,28166.36,17280.78,26131.82,26913.06,12333.28,9486.82,15271.86,6194.39,5975.05,1e+09,11952.98,11375.18,7397.95,9415.79,5858.08,8186.36,10228.23,10586.95,11912.36,10623.61,7955.69,5080.35,11479.74,16320.83
34990.29,109632.05,111110.75,157790.25,165985.06,155018.92,21242.97,40348.84,22392.17,32586.49,50273.28,10664.25,11773.72,30275.39,8781.14,34927.54,60676.05,39810.57,24595.35,8946.64,9785.06,15654.02,10959.23,21669.69,60205.69,86031.69,78358.13,24692.47,19463.6,27257.12,28721.7,13289.03,23061,25053.86,10769.27,11674.95,9104.68,12547.81,11043.02,11952.98,1e+09,16054.32,13055.45,17951.59,13145.03,9485.77,10704.76,16271.18,16359.34,11612.73,16648.16,8413.72,14402.34,12143.67
23916.51,91860.24,92010.87,128177.58,141820.85,128639.87,19250.47,27223.92,12871.85,17513.07,29576.77,14379.86,15280.27,23894.36,15939.32,18028.48,53073.81,44952.09,9714.42,16186.55,11065.06,7534.54,14153.56,30321.56,39015.02,55837.91,53121.87,13283.77,10221.51,22566.69,17963.18,20884.02,20839.74,15584,19753.97,10505.13,20485.4,12694.52,10768.38,11375.18,16054.32,1e+09,8718.77,7282.59,13838.2,12989.75,12838.21,6362.16,18201.69,14355.11,12154.49,13948.61,12020.65,14203.43
14113.89,88307.87,91187.6,125837.57,146118.5,127373.56,22528.07,35832.26,12221.74,17748.77,32782,9553.86,9063.05,15322.07,9477.58,19712.88,48728.67,41025.28,14534.7,8261.82,7229.01,7936.76,11587.27,22605.21,39928.13,57455.53,53531.62,10304.88,8663.29,16662.09,20022.62,14155.05,31111.01,27042.61,10088.96,8281.68,13594.61,7797.21,8222.15,7397.95,13055.45,8718.77,1e+09,8515.68,7617.02,9060.16,9064.21,8702.69,10370.16,6623.83,6399.21,7305.16,9201.52,17381.15
21013.06,99959.6000000001,105797.83,134279.42,137462.14,139273.32,21949.05,25554.47,24430.33,30377.8,43452.16,13418.37,13563.24,19638.89,15720.1,23268.27,66201.74,61652.18,11857.73,12505.91,12968.64,5950.59,17294.53,43039.38,52262.54,67277.64,64518.69,20189.9,12232.61,32780.77,31563.16,21056,21991.51,16737.37,20213.77,9790.23,24630.13,10596.07,10136.63,9415.79,17951.59,7282.59,8515.68,1e+09,7975.99,12472.09,11717.99,4906.11,17891.04,14635.82,10202.12,11833.18,14433.76,12541.4
16378.81,93082.61,100724.99,129206.58,138059.23,134200.48,23885.38,37709.27,24853.92,29304.16,43580.66,7733.37,9504.02,14476.62,8817.37,24775.08,59579.02,50678.92,16140.52,6993.99,10114.86,10198.32,11605.55,34233.66,49864.19,65990.85,62153.4,19284.31,9896.17,26861.93,32493.88,14520.23,23897.52,29587.32,13457.52,10286.62,18697.06,8280.07,7006.35,5858.08,13145.03,13838.2,7617.02,7975.99,1e+09,7025.63,7839.66,10332.63,12625.07,9415.21,8940.99,6835.56,13095.19,11741.81
21097.88,93730.97,96021.88,134872.03,157091.5,134000.12,18821.81,37963.39,19267.3,28891.08,40332.14,8255.97,9228.09,18646.47,7959.8,25377.85,51029.18,40737.51,16425.14,6795.5,6120.97,12444.28,8001.23,21474.2,47954.1,69939.96,66284.36,15288.51,13539.88,22822.46,27058.03,9900.71,23277.47,28281.42,9730.26,13153.73,10085.16,10662.15,9016.94,8186.36,9485.77,12989.75,9060.16,12472.09,7025.63,1e+09,6715.01,13954.52,12020.04,8644.55,10861.49,8191.01,10829.34,10959.9
28162.93,104506.41,105376.34,151233.12,166655.39,146433.97,16899.04,32947.79,18361.57,26839.61,43494.72,11484.54,10806.12,27411.53,8692,29435.51,57429.88,41333.57,16802.37,7987.67,8581.57,12575.55,13488.08,23061.88,53143.03,76571.54,70536.92,18548.21,15573.37,25426.65,25348.69,10494.13,16286.12,24292.82,12703.7,12518.45,13140.14,11412.16,11928.15,10228.23,10704.76,12838.21,9064.21,11717.99,7839.66,6715.01,1e+09,13316.98,16569.39,6946.62,13470.92,9501.75,9144.47,8076.99
23828.54,104433.59,109811.57,139479.3,141356.68,143829.57,20979.31,25540.14,23975.51,31055.73,45558.09,12843.61,15355.57,22325,15477.08,26116.55,69271.77,62609.58,9702.68,13987.07,12395.82,5716.51,16787.72,43856.56,54701.11,70440.42,67267.59,21543.12,11641.69,35284.83,30406.82,22550.57,20225.54,15825.34,21281.44,11372.51,26075.35,11920.16,10914.8,10586.95,16271.18,6362.16,8702.69,4906.11,10332.63,13954.52,13316.98,1e+09,19043.54,15648.16,11116.41,13073.43,14287.3,13460.91
8743.76,64474.63,63259.68,96295.95,124623.64,98814.49,24459.61,56089.74,14828.13,14336.4,17584.51,9146.37,10916.04,10085.49,10887.51,16332.31,26669.48,23912.33,20254.58,9855.88,10437.77,15166.5,10475.67,11738.42,21915.07,42467.71,38239.33,10694.53,8988.68,13530.64,16883.14,16797.34,49593.03,40424.29,7560.51,17698.77,9263.32,11265.61,12302.2,11912.36,16359.34,18201.69,10370.16,17891.04,12625.07,12020.04,16569.39,19043.54,1e+09,13382.91,8273.94,9254.13,12234.79,27366.45
17298.02,84049.29,86417.37,122603.32,144548.77,122850.9,17359.45,39256.5,14402.72,15376.06,30111.27,11462.18,10832.31,17430.09,8668.95,18849.59,46757.67,38727.97,20270.2,8746.71,8731.7,13691.07,12550.02,22454.68,35187.77,54210.69,48380.01,12400.78,11237.26,15435.13,19375.7,11765.85,21298.67,29790.58,9299.08,12648.16,14217.07,10502.38,10494.47,10623.61,11612.73,14355.11,6623.83,14635.82,9415.21,8644.55,6946.62,15648.16,13382.91,1e+09,10451.28,8748.78,9797.6,11666.67
13973.11,88058.58,91433.86,127593.31,140592.95,128565.96,21544.5,44114.21,17492.88,20277.54,34302.05,7996.05,10504.91,12447.36,10183.24,19226.67,46801.18,39959.19,15249.37,8278.21,10646.25,8109.57,9953.7,23391.98,41835.53,61334.91,56635.82,10002.51,9315.57,18386.51,21432.84,16839.82,38975.56,33034.73,10920.08,10262.64,12455.9,7788.02,8914.64,7955.69,16648.16,12154.49,6399.21,10202.12,8940.99,10861.49,13470.92,11116.41,8273.94,10451.28,1e+09,8375.22,9183.64,25191.33
22475.85,101805.97,110148.69,141770.56,152935.76,145477.2,21234.14,42290.74,21937.66,27836.99,46686.85,6369.8,8630.33,19016.28,7239.18,27324.17,61648.63,42270,15957.4,5987.85,9618.83,10927.2,9808.23,26658.02,56171.63,76795.97,71243.7,18600.83,11662.53,25302.08,26426.72,16774.3,30078.84,30304.37,11117.83,8677.21,13565.94,7436.03,7336.76,5080.35,8413.72,13948.61,7305.16,11833.18,6835.56,8191.01,9501.75,13073.43,9254.13,8748.78,8375.22,1e+09,10080.73,14591.35
19047.12,88161.37,88564.81,129427.07,154923.43,129844.94,15478.86,36160.04,15198.21,16047.73,32144.11,11750.86,13536.55,15823.91,9902.14,20935.79,40231.35,30860.73,14120.03,10072.98,11136.94,10724.2,11636.93,17667.33,39266.7,60535.38,53656.1,11593.38,11271.11,16899.67,16655.57,11749.54,23489.81,24448.3,11528.58,14647.13,10591.8,11550.48,13451.77,11479.74,14402.34,12020.65,9201.52,14433.76,13095.19,10829.34,9144.47,14287.3,12234.79,9797.6,9183.64,10080.73,1e+09,14510.07
48219.93,128701.88,130934.32,174446.32,172661.81,173632.48,16847.1,16135.49,28896.33,45626.45,65395.99,16809.37,14925.05,45174.55,14580.54,41362.28,82736.89,60381.17,14654.7,12457.62,13213.82,16466.65,18760.41,39240.9,76817.93,102125.43,95589.21,37345,27303.83,44526.21,39207.54,16326.05,12791.84,13099.23,18047.51,14571.18,21527.04,19313.48,17520.45,16320.83,12143.67,14203.43,17381.15,12541.4,11741.81,10959.9,8076.99,13460.91,27366.45,11666.67,25191.33,14591.35,14510.07,1e+09
