1e+09,50666.35,59973.15,73170.25,83888.55,89558.76,22761.79,82800,32675.28,24347.26,25031,17332.13,24753.6,16363.36,14688.93,35766.4,24048.45,23330.22,24449.02,22335.36,18690.74,27777.15,19758.46,16748.93,27122.98,35456.84,33657.99,11109.86,17463,20038.84,21400.71,18926.28,73008.92,56203.18,23507.24,31893.27,22040.05,23778.07,23806.41,24650.19,28892.13,36092.88,17324.35,31702.8,19285.15,20494.71,31810.4,42554.73,15073.78,16757.36,29814.82,23334.42,20779.85,46312.73
50666.35,1e+09,20868.27,13513.17,24359.87,29779.52,81618.15,130572.64,68383.28,53586.7,53975.57,71662.5,79605.29,60294.76,64774.02,69780.23,41614.09,34060.79,75764.2,73340.56,64840.92,76145.31,72555.65,49607.86,37903.84,31661.88,37591.2,51051.74,59392.6,43045.61,59573.95,72163.3600000001,130514.1,99475.87,59175.51,86980.04,59581.11,74884.3,76200.66,78851.13,83901.88,81021.89,63478.76,86111.03,74332.85,76359.91,86469.74,93157.47,54240.56,64582.07,78959.77,79641.48,68779.5,106156.72
59973.15,20868.27,1e+09,18739.84,27607.69,33228.57,100482.51,163393.74,85463.02,75740.43,54319.86,92937.82,104366.09,81160.52,85095.06,88626.86,45336.07,38620.91,99017.5900000001,98987.92,87474.7,104297.29,93697.13,64103.12,47311.47,30024.64,25170.11,66829.77,79108.22,58465.65,69148.94,96317.57,158441.75,128751.59,79417.73,114807.7,80336.96,101246.51,102509.1,103511.47,108810.65,103766.78,89281.98,114528.39,98722.56,96719.04,112711.55,123918.14,67580.03,85560.95,102965.73,104127.14,92295.06,134277.72
73170.25,13513.17,18739.84,1e+09,18019.05,25620.28,113545.39,174075.62,101249.58,87057.84,70974.06,105225.24,117299.17,91699.87,97647.55,104336.08,55490.73,45624.02,111697.96,110942.81,98734.9300000001,116008.43,105019.52,76299.34,61268.38,45438.06,44752.45,76765.24,90555.74,68714.88,86341.97,108460.08,171611.93,139785.27,90478.09,128105.44,89781.47,112685.2,115011.57,116293.92,120470.02,118886.35,101559.02,127619.93,111758.88,111123.35,125536.36,136348.73,81608.36,100699.76,115071.05,117426.58,102166.53,148008.32
83888.55,24359.87,27607.69,18019.05,1e+09,17002.47,118141.15,166386.01,119064.93,100919.55,83908.64,116564.06,126541.84,106283.07,109276.05,116466.12,73492.01,62787,114278.97,120701.96,112257.93,116459.54,118251.03,95037.48,72565.47,58111.09,61588.05,94023.58,102145.24,87908.12,98718.69,120356.1,164884.51,134426.2,106331,125431.99,109137.35,117882.51,121155.38,123533.16,125126.5,113772.72,108729.98,125312.26,120131.14,125115.61,134436.82,133847.47,96563.94,109486.29,124793.84,125377.31,112860.09,143161.19
89558.76,29779.52,33228.57,25620.28,17002.47,1e+09,133140.63,202386.05,135798.5,115882.18,105179.06,132601.77,145493.81,119281.5,125169.27,134932.47,89946.3,73972.57,138022.25,138277.83,128427.24,143177.71,133850.96,106991.55,89252.32,67873.7,72525.56,100018.49,118751.35,98026.55,118454.07,136141.53,201617.93,169674.15,123393.77,153800.01,121953.93,140421.43,142002.56,144264.16,149541.6,146007.4,128120.43,154125.17,138190.56,140356.17,156343.22,164830.53,110615.14,127864.42,146822.25,143770.35,131264.38,174398.39
22761.79,81618.15,100482.51,113545.39,118141.15,133140.63,1e+09,47867.71,42310.96,39962.21,57869.91,17524.45,20778.14,24078.69,21331.42,31737.86,53614.48,54955.52,18492.49,22220.7,27069.7,23158.32,20218.81,41984.79,59329.14,69540.66,67407.71,26650.78,24380.56,42449.42,44808.51,22450.3,33343.82,34969.05,29828.22,21252.1,28845.11,19310.96,21006.63,22448.73,21256.94,27987.79,24574.66,23402.89,22635.3,23203.08,21895.87,28651.65,29683.75,25041.78,25327.37,22457.41,19163.59,21178.55
82800,130572.64,163393.74,174075.62,166386.01,202386.05,47867.71,1e+09,37001.92,63637.7,91187.44,67778.16,53863.9,46585.67,68987.75,38440.44,93468.74,112158.37,21701.33,47969.3,35969.3,39243.21,60882.57,72743.99,81816.87,107674.1,106962.63,74760.91,56018.42,72484.34,76498.71,54997.33,20397.59,15764.83,28158.78,37928.46,43497.8,42789.1,49338.99,47261.67,48896.81,33344.3,47352,35030.41,55355.13,49246.43,31888.68,20143.93,58677.7,49896.98,27540.55,54088.24,43235.2,20996.63
32675.28,68383.28,85463.02,101249.58,119064.93,135798.5,42310.96,37001.92,1e+09,12012.42,23934.11,36130.41,33678.02,18876.14,25756.27,13161.99,24448.26,33533.37,28450.3,28320.59,17495.74,19282.5,25658.97,13283.63,27472.18,48830.68,47014.05,22048.97,16198.07,18010.81,14992.63,24350.26,52261.97,23421.84,11754.06,30405.06,14817.35,23922.49,26707.24,27394.34,30266.15,14699.61,16553.85,27369.1,29618.79,25103.28,27841.34,24498.29,16492.26,16030.84,15977.11,32761.84,22804.99,40857.26
24347.26,53586.7,75740.43,87057.84,100919.55,115882.18,39962.21,63637.7,12012.42,1e+09,19630.03,39426.69,33870.72,18161.77,30059.55,16094.17,16326.43,27305.12,30196.21,27553.97,21322.12,19790.13,30849.51,8903.62,14911.77,35105.93,33812.36,15515.56,13234.46,11903.69,9258.85,24160.62,64834.65,38827.11,12785.21,31237.06,14959.46,25515.85,27807.54,28490.07,34222.47,15367.95,15010.68,29216.33,31178.56,27289.32,30341.2,31054.37,13214.89,10717.71,20793.13,32503.67,25600.73,49410.36
25031,53975.57,54319.86,70974.06,83908.64,105179.06,57869.91,91187.44,23934.11,19630.03,1e+09,48131.7,47152.04,27216.82,37526.89,28805.87,15877.25,22211.18,42421.36,41726.63,32718.24,37801.25,41341.68,16568.72,12052.44,24227.38,25057.94,26415.77,24298.44,18079.27,12867.1,37641.53,84188.18,56989.25,23572.93,48245.09,26701.76,39944.78,40721.29,43012.12,44948.77,34292.86,29124.76,47331.51,42711.26,39071.57,48597.35,53818.41,15342.15,25538.84,39550.29,45666.93,36619.41,66315.91
17332.13,71662.5,92937.82,105225.24,116564.06,132601.77,17524.45,67778.16,36130.41,39426.69,48131.7,1e+09,11726.83,14965.47,8058.33,33454.27,42723.58,46515.52,15403.89,10705.19,14745.63,18435.27,8624.13,33101.26,48646.79,62052.4,60039.61,20452.77,13494.11,30639.91,37948.41,10436,40133.84,41433.62,17314.01,18377.73,18293.29,14661.11,12092.32,10705.53,11901.96,28548.03,15163.91,17287.32,8396.74,9233.74,16156.12,29397.06,14800.05,13848.33,21036.52,7953.23,15008.26,21997.69
24753.6,79605.29,104366.09,117299.17,126541.84,145493.81,20778.14,53863.9,33678.02,33870.72,47152.04,11726.83,1e+09,14000.47,11686.35,31170.62,45271.17,54251.88,14541.29,9329.71,13263.96,10965.89,9893.56,35436.6,48163.9,66038.08,66461.49,25649.11,11152.22,30127.7,35043.27,13153.18,28253.23,29526.64,15568.54,11903.24,16322.56,10824.99,8914.44,8369.02,8972.41,20018.08,10686.1,12801.36,8531.41,8651.06,10256.15,20528.01,15604.12,10070.1,16990.47,7341.67,14740.94,15821.05
16363.36,60294.76,81160.52,91699.87,106283.07,119281.5,24078.69,46585.67,18876.14,18161.77,27216.82,14965.47,14000.47,1e+09,12993.88,17134.58,24324.99,33773.57,10202.26,8855.97,7016.49,9733.26,10537.15,12786.36,28452.11,47775.27,48609.02,13031.48,7988.76,11532.55,20258.86,9119.93,47553.52,23919.25,10425.15,13984.66,7093.31,10609.61,10668.18,12243.33,13829.27,11671.12,7169.99,12472.23,10132.12,9289.47,13650.02,16661.41,6417.88,8445.11,10402.31,13715.06,7096.85,26879.37
14688.93,64774.02,85095.06,97647.55,109276.05,125169.27,21331.42,68987.75,25756.27,30059.55,37526.89,8058.33,11686.35,12993.88,1e+09,29466.59,36574.04,39170.16,12309.72,11844.39,9850.69,15349.44,8537.83,23250.21,38310.47,52480.12,50810.79,13735.64,8296.27,22050.33,27007.76,10632.27,41691.63,38887.19,14541.56,17543.27,14820.25,12796.08,10394.17,10027.68,11950.69,24426.01,11177.08,16489.95,7072.46,9727.56,16840.2,28534.55,10647.72,9915.35,18478.35,9079.4,13069.64,23987.55
35766.4,69780.23,88626.86,104336.08,116466.12,134932.47,31737.86,38440.44,13161.99,16094.17,28805.87,33454.27,31170.62,17134.58,29466.59,1e+09,30811.92,45573.7,21373.49,26713.72,17028.3,19672.6,27781.48,20778.74,30895.61,49812.74,48549.98,24401.89,17949.09,20324.55,20173.07,26491.43,40966.18,19427.59,12428.86,23806.2,16870.5,22011.12,25192.67,26358.53,27865.01,12094.13,20236.43,23467.44,28578.78,26093.68,26912.04,23927.19,18767.24,16097.41,19118.67,31219.44,19926.77,32521.95
24048.45,41614.09,45336.07,55490.73,73492.01,89946.3,53614.48,93468.74,24448.26,16326.43,15877.25,42723.58,45271.17,24324.99,36574.04,30811.92,1e+09,10770.68,42609.83,40839.84,27829.99,39932.67,36486.28,13047.32,16395.91,19938,21660.37,17588.92,24234.68,9722.24,14831.96,36179.45,98222,60534.72,22103.5,54869.58,23418.02,40978.16,43884.99,46694.17,50582.73,38456.03,26808.45,53143.16,43966.66,35855.42,46694.62,56601.22,19402.09,25550.54,35883.61,51192.18,34311.12,75972.62
23330.22,34060.79,38620.91,45624.02,62787,73972.57,54955.52,112158.37,33533.37,27305.12,22211.18,46515.52,54251.88,33773.57,39170.16,45573.7,10770.68,1e+09,52085.46,51587.85,36996.97,54512.85,43454.88,20307.81,18839.37,15737.26,17291.09,20495.41,32543.65,17929.54,26506.25,44576.68,109822.7,76913.25,32053.29,66901.29,32834.91,52986.63,54556.8,56478.36,61903.2,56058.24,40418.22,65706.9,52188.4,45125.8,61662.3,72464.02,26139.02,39368.12,52014.14,58692.89,44404.38,86173.11
24449.02,75764.2,99017.5900000001,111697.96,114278.97,138022.25,18492.49,21701.33,28450.3,30196.21,42421.36,15403.89,14541.29,10202.26,12309.72,21373.49,42609.83,52085.46,1e+09,15514.92,14539.84,12902.57,12509.09,27694.61,43001.38,59466.98,58966.88,22535.48,13345.48,28542.4,29710.93,15112.89,29148.77,15583.95,16465.74,11789.89,15895.79,13633.41,11947.42,14583.9,15410.89,14189.11,14142.12,12540.44,15591.22,17723.98,17367.13,15831.89,18972.08,15178.66,15718.98,14360.45,11007.75,15322.05
22335.36,73340.56,98987.92,110942.81,120701.96,138277.83,22220.7,47969.3,28320.59,27553.97,41726.63,10705.19,9329.71,8855.97,11844.39,26713.72,40839.84,51587.85,15514.92,1e+09,8668.42,7948.14,8862.61,26016.66,42625.43,60504.54,61263.39,22265.94,9505.77,24084.22,29867.07,8025.01,36021.54,36105.24,12714.56,12364.12,11765.45,9832.53,6523.89,5825.84,7914.83,16398.73,7473.31,10133.49,6501.45,5929.85,7229.68,14611.22,10591.17,6968.44,10652.77,5920.5,9218.3,18367.4
18690.74,64840.92,87474.7,98734.9300000001,112257.93,128427.24,27069.7,35969.3,17495.74,21322.12,32718.24,14745.63,13263.96,7016.49,9850.69,17028.3,27829.99,36996.97,14539.84,8668.42,1e+09,8107.51,10023.01,15058.09,33376.13,52551.34,54413.98,15039,8548.04,15443.88,24047.7,8929.63,39821.7,20617.02,7512.81,14241.76,7662.67,9064.89,9468.61,10993.73,14720.32,9195.51,7366.81,10989.72,9255.06,8854.5,10036.92,10547.62,7155.92,8252.24,7532.48,12334.03,9802.83,24864.76
27777.15,76145.31,104297.29,116008.43,116459.54,143177.71,23158.32,39243.21,19282.5,19790.13,37801.25,18435.27,10965.89,9733.26,15349.44,19672.6,39932.67,54512.85,12902.57,7948.14,8107.51,1e+09,14817.93,22254.2,36394.14,57431.83,56101.01,21806.17,10473.01,23562.44,25435.25,12391.03,23692.81,18147.17,10254.69,6861.77,10708.31,7609.56,8278.31,8381.48,9184.88,7462.44,6275.44,5324.95,11233.37,11563.07,9132.76,7951.33,13880.95,8555.21,7266.44,9029.17,9423.91,16666.88
19758.46,72555.65,93697.13,105019.52,118251.03,133850.96,20218.81,60882.57,25658.97,30849.51,41341.68,8624.13,9893.56,10537.15,8537.83,27781.48,36486.28,43454.88,12509.09,8862.61,10023.01,14817.93,1e+09,24346.99,45425.35,60907.19,60483.64,18324.14,11061.49,23575.59,31699.73,8666.9,38114.42,36377.32,13510.88,18206.68,12143.91,10767.55,10737.99,8968.51,8647.36,22389.79,13481.36,16311.15,6815.6,6160.67,13631.8,25066.59,11106.29,13016.41,14483.08,8164.14,12671.53,19823.64
16748.93,49607.86,64103.12,76299.34,95037.48,106991.55,41984.79,72743.99,13283.63,8903.62,16568.72,33101.26,35436.6,12786.36,23250.21,20778.74,13047.32,20307.81,27694.61,26016.66,15058.09,22254.2,24346.99,1e+09,17158.57,34736.62,31931.1,12024.85,11939.1,9631.49,9477.56,20535.15,76746.13,40152.84,13679.54,33807.82,12051.94,24772.89,25928.1,28965.03,34950.28,22101.84,13923.24,33352.81,30071.51,21827.06,32522.59,35889.84,9043.44,14655.98,21076.67,34206.28,20395.85,55951.38
27122.98,37903.84,47311.47,61268.38,72565.47,89252.32,59329.14,81816.87,27472.18,14911.77,12052.44,48646.79,48163.9,28452.11,38310.47,30895.61,16395.91,18839.37,43001.38,42625.43,33376.13,36394.14,45425.35,17158.57,1e+09,18174,17589.39,22739.01,26120.94,13880.11,16989.43,41412.13,85191.17,54778.66,25551.51,45965.3,27672.11,39858.47,40944.22,44390.3,47298.03,31727.96,29087.54,46171.13,44256.83,42467.56,49995.94,50759.07,19396.46,26693.6,38112.9,45865.73,36278.76,67670.42
35456.84,31661.88,30024.64,45438.06,58111.09,67873.7,69540.66,107674.1,48830.68,35105.93,24227.38,62052.4,66038.08,47775.27,52480.12,49812.74,19938,15737.26,59466.98,60504.54,52551.34,57431.83,60907.19,34736.62,18174,1e+09,10715.76,31594.11,42725.4,24581.75,33032.98,63520.7,105725.34,75684.14,43093.62,66579.05,49462.52,59332.34,59472.08,61830.15,66103.24,54142.85,47286.62,66443.39,59893.95,62795.76,71976.05,74170.77,39137.38,45738.17,61652.7,63972.44,56360.68,86319.78
33657.99,37591.2,25170.11,44752.45,61588.05,72525.56,67407.71,106962.63,47014.05,33812.36,25057.94,60039.61,66461.49,48609.02,50810.79,48549.98,21660.37,17291.09,58966.88,61263.39,54413.98,56101.01,60483.64,31931.1,17589.39,10715.76,1e+09,30264.2,41985.56,26456.57,31158.06,61287.84,107564.65,77444.87,44940.66,64763.09,48960.67,58385.3,60784.93,62338.77,66142.58,54143.57,46491.66,65840.76,60728.29,64567.74,70175.3,73626.53,40465.57,44296.3,60598.29,64652.81,57936.64,85706.02
11109.86,51051.74,66829.77,76765.24,94023.58,100018.49,26650.78,74760.91,22048.97,15515.56,26415.77,20452.77,25649.11,13031.48,13735.64,24401.89,17588.92,20495.41,22535.48,22265.94,15039,21806.17,18324.14,12024.85,22739.01,31594.11,30264.2,1e+09,13126.68,11886.31,12403.73,16673.33,70297.94,43908.05,16990.59,29215.6,16654.93,22611.59,23136.69,25628.98,29597.12,23515.58,12726.53,28835.23,23156.86,18285.72,29982.42,36926.47,13209.42,11127.44,22854.11,26099.53,17587.11,46660.54
17463,59392.6,79108.22,90555.74,102145.24,118751.35,24380.56,56018.42,16198.07,13234.46,24298.44,13494.11,11152.22,7988.76,8296.27,17949.09,24234.68,32543.65,13345.48,9505.77,8548.04,10473.01,11061.49,11939.1,26120.94,42725.4,41985.56,13126.68,1e+09,12808.91,13908.22,11752.54,36612.06,30448.28,10306.87,15771.38,9639.81,10826.99,8915.33,9246.79,11022.44,16378.75,8583.33,14883.12,9925.66,11806.09,11533,21089.17,8804.27,8075.15,14731.64,10330.76,11706.97,21709.28
20038.84,43045.61,58465.65,68714.88,87908.12,98026.55,42449.42,72484.34,18010.81,11903.69,18079.27,30639.91,30127.7,11532.55,22050.33,20324.55,9722.24,17929.54,28542.4,24084.22,15443.88,23562.44,23575.59,9631.49,13880.11,24581.75,26456.57,11886.31,12808.91,1e+09,12053.96,20877.06,75629.86,45518.22,9980.5,34197.07,11183.68,24525.26,27120.64,28022.15,32953.33,23217.97,12653.56,33506.7,25498.61,22390.34,30036.14,37008.41,10572.1,11487.52,21660.44,30802,21861.69,54275.34
21400.71,59573.95,69148.94,86341.97,98718.69,118454.07,44808.51,76498.71,14992.63,9258.85,12867.1,37948.41,35043.27,20258.86,27007.76,20173.07,14831.96,26506.25,29710.93,29867.07,24047.7,25435.25,31699.73,9477.56,16989.43,33032.98,31158.06,12403.73,13908.22,12053.96,1e+09,25463.74,66982.83,41459.95,16839.45,34334.05,18381.72,29012.83,28477.72,29612.88,33847.01,22123.05,18404.98,34758.66,30586.4,30092.19,35070.77,39247.29,14627.04,14895.13,28744.8,32047.49,23480.47,50836.95
18926.28,72163.3600000001,96317.57,108460.08,120356.1,136141.53,22450.3,54997.33,24350.26,24160.62,37641.53,10436,13153.18,9119.93,10632.27,26491.43,36179.45,44576.68,15112.89,8025.01,8929.63,12391.03,8666.9,20535.15,41412.13,63520.7,61287.84,16673.33,11752.54,20877.06,25463.74,1e+09,43573.33,33896.14,13353.12,16318.43,8778.24,10007.24,10085.35,10169.66,10906.64,16968,7977.4,13799.62,9619.05,7090.18,11275.69,19538.68,10075.59,9217.9,12569.74,11761.75,9713.15,25598.71
73008.92,130514.1,158441.75,171611.93,164884.51,201617.93,33343.82,20397.59,52261.97,64834.65,84188.18,40133.84,28253.23,47553.52,41691.63,40966.18,98222,109822.7,29148.77,36021.54,39821.7,23692.81,38114.42,76746.13,85191.17,105725.34,107564.65,70297.94,36612.06,75629.86,66982.83,43573.33,1e+09,10017.71,41184.75,17063.94,45708.22,25190.97,27398.79,27878.63,27224.5,20320.14,36968.55,26029.66,38023.29,34615.92,21065.16,21569.71,56327.08,40071.38,32903.48,33237.96,41475.37,15548.06
56203.18,99475.87,128751.59,139785.27,134426.2,169674.15,34969.05,15764.83,23421.84,38827.11,56989.25,41433.62,29526.64,23919.25,38887.19,19427.59,60534.72,76913.25,15583.95,36105.24,20617.02,18147.17,36377.32,40152.84,54778.66,75684.14,77444.87,43908.05,30448.28,45518.22,41459.95,33896.14,10017.71,1e+09,18409.65,14470.94,21851.68,20022.1,22544.27,28343.48,25580.83,13334.53,29350.35,17273.58,40900.24,36446.02,22487.81,12489.94,40676.22,36964.55,16888.42,33357.78,21329.73,15615.09
23507.24,59175.51,79417.73,90478.09,106331,123393.77,29828.22,28158.78,11754.06,12785.21,23572.93,17314.01,15568.54,10425.15,14541.56,12428.86,22103.5,32053.29,16465.74,12714.56,7512.81,10254.69,13510.88,13679.54,25551.51,43093.62,44940.66,16990.59,10306.87,9980.5,16839.45,13353.12,41184.75,18409.65,1e+09,17786.95,8022.43,13630.29,15158.02,14283.97,16706.34,9128.91,10711.1,13828.8,11392.86,12737.47,11950.59,11477.03,7291.82,9389.68,8557.36,15123.5,11540.76,23737.35
31893.27,86980.04,114807.7,128105.44,125431.99,153800.01,21252.1,37928.46,30405.06,31237.06,48245.09,18377.73,11903.24,13984.66,17543.27,23806.2,54869.58,66901.29,11789.89,12364.12,14241.76,6861.77,18206.68,33807.82,45965.3,66579.05,64763.09,29215.6,15771.38,34197.07,34334.05,16318.43,17063.94,14470.94,17786.95,1e+09,19284.07,7572.86,8858.53,9383.08,10572.75,10419.58,9106.2,6139.1,13967.29,14213.47,11207.19,12512.01,20449,11802.95,12769.29,10455.74,13523.55,11812.12
22040.05,59581.11,80336.96,89781.47,109137.35,121953.93,28845.11,43497.8,14817.35,14959.46,26701.76,18293.29,16322.56,7093.31,14820.25,16870.5,23418.02,32834.91,15895.79,11765.45,7662.67,10708.31,12143.91,12051.94,27672.11,49462.52,48960.67,16654.93,9639.81,11183.68,18381.72,8778.24,45708.22,21851.68,8022.43,19284.07,1e+09,10815.45,13334.25,13399.32,13950.25,8409.21,6980.57,15503.75,15269.98,8370.05,13191.24,14449.69,6777.02,9114.8,8509.22,17246.87,9487.52,30310.21
23778.07,74884.3,101246.51,112685.2,117882.51,140421.43,19310.96,42789.1,23922.49,25515.85,39944.78,14661.11,10824.99,10609.61,12796.08,22011.12,40978.16,52986.63,13633.41,9832.53,9064.89,7609.56,10767.55,24772.89,39858.47,59332.34,58385.3,22611.59,10826.99,24525.26,29012.83,10007.24,25190.97,20022.1,13630.29,7572.86,10815.45,1e+09,7884.08,7443.18,9278.56,11014.63,7896.13,7811.62,10769.28,10377.84,9807.71,13390.59,12972.95,9572.49,9650.63,10426.97,10577.94,16384.88
23806.41,76200.66,102509.1,115011.57,121155.38,142002.56,21006.63,49338.99,26707.24,27807.54,40721.29,12092.32,8914.44,10668.18,10394.17,25192.67,43884.99,54556.8,11947.42,6523.89,9468.61,8278.31,10737.99,25928.1,40944.22,59472.08,60784.93,23136.69,8915.33,27120.64,28477.72,10085.35,27398.79,22544.27,15158.02,8858.53,13334.25,7884.08,1e+09,5807.69,7722.18,14246.22,7658.29,7744.25,6949.76,8956.91,9313.68,15434.39,13626.67,8715.69,12774.02,7886.99,10478.23,13547.3
24650.19,78851.13,103511.47,116293.92,123533.16,144264.16,22448.73,47261.67,27394.34,28490.07,43012.12,10705.53,8369.02,12243.33,10027.68,26358.53,46694.17,56478.36,14583.9,5825.84,10993.73,8381.48,8968.51,28965.03,44390.3,61830.15,62338.77,25628.98,9246.79,28022.15,29612.88,10169.66,27878.63,28343.48,14283.97,9383.08,13399.32,7443.18,5807.69,1e+09,7004.16,15249.01,7774.73,9076.53,6474.12,7567.45,7733.89,14647.38,14166.9,8593.33,11853.56,5731.01,11270.4,15458.89
28892.13,83901.88,108810.65,120470.02,125126.5,149541.6,21256.94,48896.81,30266.15,34222.47,44948.77,11901.96,8972.41,13829.27,11950.69,27865.01,50582.73,61903.2,15410.89,7914.83,14720.32,9184.88,8647.36,34950.28,47298.03,66103.24,66142.58,29597.12,11022.44,32953.33,33847.01,10906.64,27224.5,25580.83,16706.34,10572.75,13950.25,9278.56,7722.18,7004.16,1e+09,16658.06,10192.38,9860.57,8185.26,6692.2,8499.72,16681.11,18495.84,10895.62,12179.8,6900.93,15428.46,15994.48
36092.88,81021.89,103766.78,118886.35,113772.72,146007.4,27987.79,33344.3,14699.61,15367.95,34292.86,28548.03,20018.08,11671.12,24426.01,12094.13,38456.03,56058.24,14189.11,16398.73,9195.51,7462.44,22389.79,22101.84,31727.96,54142.85,54143.57,23515.58,16378.75,23217.97,22123.05,16968,20320.14,13334.53,9128.91,10419.58,8409.21,11014.63,14246.22,15249.01,16658.06,1e+09,11588.69,7936.99,23058.48,16324.56,12092.43,6306.12,19488.25,16071.23,8191.65,20284.02,10753.16,16639.35
17324.35,63478.76,89281.98,101559.02,108729.98,128120.43,24574.66,47352,16553.85,15010.68,29124.76,15163.91,10686.1,7169.99,11177.08,20236.43,26808.45,40418.22,14142.12,7473.31,7366.81,6275.44,13481.36,13923.24,29087.54,47286.62,46491.66,12726.53,8583.33,12653.56,18404.98,7977.4,36968.55,29350.35,10711.1,9106.2,6980.57,7896.13,7658.29,7774.73,10192.38,11588.69,1e+09,6981.46,7491.56,8807.03,9688.51,14440.56,7647.54,3158.05,9188.59,7919.69,9047.51,20872.95
31702.8,86111.03,114528.39,127619.93,125312.26,154125.17,23402.89,35030.41,27369.1,29216.33,47331.51,17287.32,12801.36,12472.23,16489.95,23467.44,53143.16,65706.9,12540.44,10133.49,10989.72,5324.95,16311.15,33352.81,46171.13,66443.39,65840.76,28835.23,14883.12,33506.7,34758.66,13799.62,26029.66,17273.58,13828.8,6139.1,15503.75,7811.62,7744.25,9076.53,9860.57,7936.99,6981.46,1e+09,12650.3,12211.93,8541.05,6397.73,18714.95,11237.64,8914.1,10700.19,11147.7,14669.81
19285.15,74332.85,98722.56,111758.88,120131.14,138190.56,22635.3,55355.13,29618.79,31178.56,42711.26,8396.74,8531.41,10132.12,7072.46,28578.78,43966.66,52188.4,15591.22,6501.45,9255.06,11233.37,6815.6,30071.51,44256.83,59893.95,60728.29,23156.86,9925.66,25498.61,30586.4,9619.05,38023.29,40900.24,11392.86,13967.29,15269.98,10769.28,6949.76,6474.12,8185.26,23058.48,7491.56,12650.3,1e+09,6428.58,10200.77,20219.65,11495.85,6585.01,14581.87,5481.89,12456.83,19070.36
20494.71,76359.91,96719.04,111123.35,125115.61,140356.17,23203.08,49246.43,25103.28,27289.32,39071.57,9233.74,8651.06,9289.47,9727.56,26093.68,35855.42,45125.8,17723.98,5929.85,8854.5,11563.07,6160.67,21827.06,42467.56,62795.76,64567.74,18285.72,11806.09,22390.34,30092.19,7090.18,34615.92,36446.02,12737.47,14213.47,8370.05,10377.84,8956.91,7567.45,6692.2,16324.56,8807.03,12211.93,6428.58,1e+09,8439.94,15794.54,10529.48,9878.04,9627.34,6943.91,12071.98,18832.68
31810.4,86469.74,112711.55,125536.36,134436.82,156343.22,21895.87,31888.68,27841.34,30341.2,48597.35,16156.12,10256.15,13650.02,16840.2,26912.04,46694.62,61662.3,17367.13,7229.68,10036.92,9132.76,13631.8,32522.59,49995.94,71976.05,70175.3,29982.42,11533,30036.14,35070.77,11275.69,21065.16,22487.81,11950.59,11207.19,13191.24,9807.71,9313.68,7733.89,8499.72,12092.43,9688.51,8541.05,10200.77,8439.94,1e+09,7610,15545.13,10713.92,8785.82,10025.15,11217.56,13152.09
42554.73,93157.47,123918.14,136348.73,133847.47,164830.53,28651.65,20143.93,24498.29,31054.37,53818.41,29397.06,20528.01,16661.41,28534.55,23927.19,56601.22,72464.02,15831.89,14611.22,10547.62,7951.33,25066.59,35889.84,50759.07,74170.77,73626.53,36926.47,21089.17,37008.41,39247.29,19538.68,21569.71,12489.94,11477.03,12512.01,14449.69,13390.59,15434.39,14647.38,16681.11,6306.12,14440.56,6397.73,20219.65,15794.54,7610,1e+09,22479.23,16804.98,7716.18,19342.7,14002.51,14583.95
15073.78,54240.56,67580.03,81608.36,96563.94,110615.14,29683.75,58677.7,16492.26,13214.89,15342.15,14800.05,15604.12,6417.88,10647.72,18767.24,19402.09,26139.02,18972.08,10591.17,7155.92,13880.95,11106.29,9043.44,19396.46,39137.38,40465.57,13209.42,8804.27,10572.1,14627.04,10075.59,56327.08,40676.22,7291.82,20449,6777.02,12972.95,13626.67,14166.9,18495.84,19488.25,7647.54,18714.95,11495.85,10529.48,15545.13,22479.23,1e+09,8694.03,13399.7,15590.62,12411.3,34747.52
16757.36,64582.07,85560.95,100699.76,109486.29,127864.42,25041.78,49896.98,16030.84,10717.71,25538.84,13848.33,10070.1,8445.11,9915.35,16097.41,25550.54,39368.12,15178.66,6968.44,8252.24,8555.21,13016.41,14655.98,26693.6,45738.17,44296.3,11127.44,8075.15,11487.52,14895.13,9217.9,40071.38,36964.55,9389.68,11802.95,9114.8,9572.49,8715.69,8593.33,10895.62,16071.23,3158.05,11237.64,6585.01,9878.04,10713.92,16804.98,8694.03,1e+09,11208.91,7937.07,10453.46,21753.4
29814.82,78959.77,102965.73,115071.05,124793.84,146822.25,25327.37,27540.55,15977.11,20793.13,39550.29,21036.52,16990.47,10402.31,18478.35,19118.67,35883.61,52014.14,15718.98,10652.77,7532.48,7266.44,14483.08,21076.67,38112.9,61652.7,60598.29,22854.11,14731.64,21660.44,28744.8,12569.74,32903.48,16888.42,8557.36,12769.29,8509.22,9650.63,12774.02,11853.56,12179.8,8191.65,9188.59,8914.1,14581.87,9627.34,8785.82,7716.18,13399.7,11208.91,1e+09,16890.29,9169.95,22222.01
23334.42,79641.48,104127.14,117426.58,125377.31,143770.35,22457.41,54088.24,32761.84,32503.67,45666.93,7953.23,7341.67,13715.06,9079.4,31219.44,51192.18,58692.89,14360.45,5920.5,12334.03,9029.17,8164.14,34206.28,45865.73,63972.44,64652.81,26099.53,10330.76,30802,32047.49,11761.75,33237.96,33357.78,15123.5,10455.74,17246.87,10426.97,7886.99,5731.01,6900.93,20284.02,7919.69,10700.19,5481.89,6943.91,10025.15,19342.7,15590.62,7937.07,16890.29,1e+09,14020.01,16549.6
20779.85,68779.5,92295.06,102166.53,112860.09,131264.38,19163.59,43235.2,22804.99,25600.73,36619.41,15008.26,14740.94,7096.85,13069.64,19926.77,34311.12,44404.38,11007.75,9218.3,9802.83,9423.91,12671.53,20395.85,36278.76,56360.68,57936.64,17587.11,11706.97,21861.69,23480.47,9713.15,41475.37,21329.73,11540.76,13523.55,9487.52,10577.94,10478.23,11270.4,15428.46,10753.16,9047.51,11147.7,12456.83,12071.98,11217.56,14002.51,12411.3,10453.46,9169.95,14020.01,1e+09,23107
46312.73,106156.72,134277.72,148008.32,143161.19,174398.39,21178.55,20996.63,40857.26,49410.36,66315.91,21997.69,15821.05,26879.37,23987.55,32521.95,75972.62,86173.11,15322.05,18367.4,24864.76,16666.88,19823.64,55951.38,67670.42,86319.78,85706.02,46660.54,21709.28,54275.34,50836.95,25598.71,15548.06,15615.09,23737.35,11812.12,30310.21,16384.88,13547.3,15458.89,15994.48,16639.35,20872.95,14669.81,19070.36,18832.68,13152.09,14583.95,34747.52,21753.4,22222.01,16549.6,23107,1e+09
