1e+09,48648.65,30943.79,55019.26,71973.34,63373.17,90735.62,43559.87,23274.82,21858.6,27869.24,43690.99,42453.35,25643.77,36774.77,16950.75,25762.4,48548.91,34083.13,36835.71,37964.66,32418.83,29936.64,18413.53,26674.85,36426.31,35910.22,30291.71,21431.93,23340.69,27730.67,69360.14,103426.96,38257.01,43915.75,33134.57,36086.86,41029.67,39769.05,44843.69,64559.88,34701.73,42269.39,39465.22,39198.92,39228.98,57393.73,33846.65,30930,36520.35,31330.43,40852.75,47416.25,82314.68
48648.65,1e+09,16441.35,12190.13,23759.75,55115.37,169872.28,113524.38,76192.75,57752.11,70625.48,108979.92,109613.38,85760.14,95600.91,57492.47,51625.62,80605.63,100262.63,101919.31,101272.42,96667.63,88672.13,58572.36,40933.82,30787.06,53854.42,94259.05,81347.88,65194.89,76681.99,134309.24,170096.42,110298.44,110080.46,99984.38,101453.6,105087.34,103991.23,113501.55,130432.64,96910.25,108702.16,103227.22,104496.87,108192,126028.16,99511.73,87735.05,98556.26,92740.52,106312.73,112435.89,153665.4
30943.79,16441.35,1e+09,15831.91,29273.26,67920.69,157762.27,99112.36,67499.84,48723.86,60893.01,99437.58,99541.08,75983.47,86198.19,44946.53,41664,73415.17,91226.21,93196.29,92318.02,86827.63,76672.77,50754.33,29474.25,26095.41,48613.76,81997.33,70725.54,54316.85,68508.57,126493.75,161419.79,97406.87,99302.5800000001,89702.95,92416.27,96682.95,95791.2,104291.44,121890.93,86673.95,98940.42,95081.51,95509.37,97601.49,115709.81,89870.73,78467.25,87805.44,84487.47,94702.5,103875.92,144101.81
55019.26,12190.13,15831.91,1e+09,19905.85,58992.61,166451.77,116168.97,83976.91,67133.67,79796.04,114119.25,116331.5,96127.14,99084.34,69242.04,62344.6,77874.44,108451.78,108321.79,98588.95,106088.82,100474.3,67795.75,45888.7,36085.52,62826,102956.27,94518.13,71121.45,84297.15,128748.93,159091.07,113713.24,112002.31,109797.33,106278.52,112572.63,110914.45,121767.89,120531.86,98567.4,106721.69,109208.99,110921.7,108589.97,117498.99,105916.97,92623.56,98178.89,101473.69,109890.28,113592.88,144801.13
71973.34,23759.75,29273.26,19905.85,1e+09,69997.68,208308.94,146762.96,106789.44,90991.32,99331.35,142601.03,144202.28,120472.54,130547.4,86560.68,76999.12,105364.41,135629.73,135752.55,135702.85,132125.47,120187.95,90763.48,62777.02,52576.75,75221.98,126914.5,112302.07,91298.21,106707.67,169012.27,204276.55,145577.19,143397.7,133780.45,136401.2,139525.7,138484.55,149300.98,164311.76,128237.97,143891.24,137198.12,138998.25,142232.89,159873.89,134324.92,116548.74,130601.63,127306.64,138849.62,147317.71,189332.1
63373.17,55115.37,67920.69,58992.61,69997.68,1e+09,101121.6,76710.68,44979.45,55259.1,34875.12,60717.92,63536.59,50864.19,54654.81,45927.13,39971.57,29569.94,56575.42,58596.21,49929.35,58023.9,59180.94,47440.56,50160.9,39012.9,27675.69,50017.33,50724.09,39176.47,36902.8,62083.03,90341.16,62037.63,56224.1,57960.38,52030.48,59996.33,59856.41,64177.93,65924.5,49561.29,54961.48,57799.14,58878.2,55645.37,62559.69,58784.25,46228.54,47077.58,52865.19,55705.02,57314.32,80347.92
90735.62,169872.28,157762.27,166451.77,208308.94,101121.6,1e+09,50427.04,73805.39,84826.82,61287.26,38409.51,47374.58,54613.85,37007.72,84126.36,101628.38,43021.42,43861.8,51057.52,45922.08,38721.06,70335.15,88747.56,106732.96,119034.06,96604.51,42138.83,73114.42,76627.62,53526.08,16390.39,10761.25,48231.35,29368.23,46085.52,33471.6,29609.34,37562.7,32715.09,36895.94,49177.19,39825.36,46701.11,52112.28,51908.54,32630.35,51094.91,46365.39,51114.02,43349.82,54992.75,31420.47,18345.31
43559.87,113524.38,99112.36,116168.97,146762.96,76710.68,50427.04,1e+09,21762.86,35071.84,44830.86,20672.83,13501.15,32999.52,15111.01,32697,54647.57,42315.71,19593.5,15202.48,20163.58,17118.91,13797.82,32073.74,52553.17,62305.71,52680.7,34059.03,27877.91,30726.09,33550.82,36504.84,37263.57,17049.89,36284.05,16669.97,30372.15,21751.27,21713.87,23193.01,20559.37,21207.5,19570.16,16878.42,15179.9,15175.54,16633.45,17021.23,27901.6,19135.39,27980.96,14721.47,20666.45,26531.29
23274.82,76192.75,67499.84,83976.91,106789.44,44979.45,73805.39,21762.86,1e+09,17158.94,20948.6,25994.72,25586.8,15009.18,18912.68,13761.54,26411.46,29305.82,20025.16,22531.9,16611.73,22633.62,16499.25,9684.56,28551.81,33009.71,20953.57,19873.19,12334.86,11374.25,18937.05,40407.03,61953.7,26066.2,26280.48,22568.78,23932.56,23867.91,21745.83,29345.5,29910.7,17775.14,20526.18,22217.9,22801.08,22174.38,24690.64,20551.65,17264.04,17407.85,20266.8,20849.51,27157.67,44463.31
21858.6,57752.11,48723.86,67133.67,90991.32,55259.1,84826.82,35071.84,17158.94,1e+09,27121.52,39835.86,38233.35,26125.87,29153.11,16572.06,19944.9,36209.18,33118.1,34285.57,30665.63,31897.55,26090.08,9886.7,15740.02,24446.4,30318.65,31210.38,23254.26,14748.21,24929.1,58921.24,88174.5,40484.47,41131.57,33791.27,36719.64,37590.87,35089.66,40701.83,47991.87,29587.14,33234.15,34605.02,34114.19,35078.75,41865.84,31960.65,27268.05,30199.02,31824.76,35335.52,41369.33,68684.92
27869.24,70625.48,60893.01,79796.04,99331.35,34875.12,61287.26,44830.86,20948.6,27121.52,1e+09,28480.98,32561.46,13955.96,28372.54,18667.47,20836.68,19560.48,21164.41,27041.05,18569.57,21759.19,30737.57,23468.75,33836.26,37179.38,18947.59,11979.54,19447.18,16753.17,7930,34533.98,74788.78,25333.56,16017.28,24136.79,17837.1,22672.47,23218.47,27526.32,37384.49,14903.53,21356.45,23905.15,26759.42,22906.8,35211.72,23175,11180.78,16554.67,15334.71,30969.5,26762.31,57433.03
43690.99,108979.92,99437.58,114119.25,142601.03,60717.92,38409.51,20672.83,25994.72,39835.86,28480.98,1e+09,9525.71,19771.42,16146.08,29323.13,49652.93,32660.54,9090.53,9888.2,12492.4,8539.14,15546.34,37810.36,59880.55,64808.47,43327.05,17382.69,22095.84,32071.3,17329.1,23746.83,37456.52,11435.24,18238.03,9053.43,15139.32,10571.93,8530.95,8458.07,11427.48,10587.89,9559.91,8373.84000000001,9393.47,9535.22,12353.85,7814.34,13915.39,11493.39,10250.26,10571.21,14906.77,21166.14
42453.35,109613.38,99541.08,116331.5,144202.28,63536.59,47374.58,13501.15,25586.8,38233.35,32561.46,9525.71,1e+09,20581.21,14915.11,30050.34,53394.32,35229.92,8146.18,8556.36,13779.32,9693.29,12523.04,35850.52,61172.5,66365.06,47080.95,19526.45,20983.98,33723.16,21109.72,29177.8,37025.86,10409.24,23160.59,8315.12,19822.42,13896.42,10808.76,9710.16,15172.32,13052.82,14261.33,8193.87,7314.87,9322.02,11939.79,7043.33,17129.48,12611.5,12844.66,8945.85,15982.75,20782.16
25643.77,85760.14,75983.47,96127.14,120472.54,50864.19,54613.85,32999.52,15009.18,26125.87,13955.96,19771.42,20581.21,1e+09,20292.08,20098.51,33858.62,26794.31,10786.97,16665.4,11365.81,13752.08,21214.8,22424.98,44404.25,48215.14,29366.93,7517.54,12272.78,19896.14,12771.8,30406.04,69161.64,16507.57,10455.62,14465.44,11476.12,13807.24,14965.02,19030.74,31165.99,7403.47,13014.69,15799.28,18619.99,14502.52,27354.5,15068.78,6935.68,11168.18,7798.35,20620.02,17903.77,50076.7
36774.77,95600.91,86198.19,99084.34,130547.4,54654.81,37007.72,15111.01,18912.68,29153.11,28372.54,16146.08,14915.11,20292.08,1e+09,31155.73,46436.13,28654.86,15843.15,11686.4,14735.89,12597.57,17853.19,28531.18,47037.44,54026.91,40370.4,19127.8,19785.95,25786.06,22751.97,24022,38257.08,13007.72,20809.35,14718.2,18168.43,14088.06,14642.14,14234.07,16624.07,14118,13864.63,12483.75,13226.91,14892.5,15160.3,13024.88,17359.51,15201.53,16444.41,13627.06,12383.16,22663.17
16950.75,57492.47,44946.53,69242.04,86560.68,45927.13,84126.36,32697,13761.54,16572.06,18667.47,29323.13,30050.34,20098.51,31155.73,1e+09,16563.88,39804.84,26535.57,28149.38,33355.86,26363.98,19389.32,15261.13,22372.23,28885.51,22170.23,24346.87,12258.84,15105.58,18555.66,62324.25,92652.96,29668.81,37145.71,23839.57,26831.45,35469.28,32275.19,33805.38,57212.13,30157.33,38823.95,32829.22,28736.91,29051.39,50118.05,24268.61,27461.15,28621.04,26081.51,27792.5,44026.31,72698.4
25762.4,51625.62,41664,62344.6,76999.12,39971.57,101628.38,54647.57,26411.46,19944.9,20836.68,49652.93,53394.32,33858.62,46436.13,16563.88,1e+09,38290.11,44750.87,48338.97,48713.78,42024.23,38685.21,18710.97,17897.85,23077.06,16632.22,34358.28,24007.36,18067.6,24687.94,75751.37,113094.04,46593.27,47569.93,44515.33,40916.89,52694.5,50047.52,54305.95,76766.86,43105.68,53904.81,50947.2,48988.93,47711.79,69687.33,43480.45,35750.56,42803.73,39258.82,48996.22,60156.11,93391.16
48548.91,80605.63,73415.17,77874.44,105364.41,29569.94,43021.42,42315.71,29305.82,36209.18,19560.48,32660.54,35229.92,26794.31,28654.86,39804.84,38290.11,1e+09,30490.01,29430,24209.99,32525.62,37960,33984.26,35886.89,38868.94,22256.37,21306.91,34788.5,23263.73,21748.49,24645.53,44396.29,29700.84,22884.52,31968.2,24097.59,26426.04,29286.12,33945.67,29874.47,22878.24,23895.46,27802.36,29494.82,27673.97,27023.99,28362.24,20433.17,21870.18,26912.7,31664.03,23294.96,35622.87
34083.13,100262.63,91226.21,108451.78,135629.73,56575.42,43861.8,19593.5,20025.16,33118.1,21164.41,9090.53,8146.18,10786.97,15843.15,26535.57,44750.87,30490.01,1e+09,6425.92,8608.39,7302.47,12661.67,29918.28,52760.76,59878.55,39318.98,12784.6,16834.16,27549.55,16131.76,26789.82,44021.53,10894.75,14396.9,6280.84,13725.8,8113.48,6196.85,7207.51,12710.08,8220.18,9668.64,6823.59,5765.75,6608.44,11731.52,5735.54,10388.48,8959.44,7998.71,8130.32,14041.32,24235.27
36835.71,101919.31,93196.29,108321.79,135752.55,58596.21,51057.52,15202.48,22531.9,34285.57,27041.05,9888.2,8556.36,16665.4,11686.4,28149.38,48338.97,29430,6425.92,1e+09,10511.75,7752.81,10247.21,31746.81,53454.69,59464.68,40492.15,16936.49,18139.53,29632.97,17994.98,26513.55,44046.36,11254.2,20083.24,7735.32,17979.67,10491.44,8209.48,10200.98,14471.51,9899.88,9547.24,6557.44,5700.85,7091.48,10329.79,5227.54,12948.05,9639.64,9816.19,8394.91,13878.94,25223.34
37964.66,101272.42,92318.02,98588.95,135702.85,49929.35,45922.08,20163.58,16611.73,30665.63,18569.57,12492.4,13779.32,11365.81,14735.89,33355.86,48713.78,24209.99,8608.39,10511.75,1e+09,11163.81,16385.54,26864.23,47302.94,52649.11,35015.98,9796.62,20104.08,23576.81,16480.55,18159,35293.1,11484.99,10267.77,13088.03,9746.26,9358.93,9627.1,13073.08,10503.81,7449.23,6376.46,11544.25,10769.76,6749.05,10060.58,9249.01,9860.31,8063.27,11401.02,11224.15,13004.45,21423.49
32418.83,96667.63,86827.63,106088.82,132125.47,58023.9,38721.06,17118.91,22633.62,31897.55,21759.19,8539.14,9693.29,13752.08,12597.57,26363.98,42024.23,32525.62,7302.47,7752.81,11163.81,1e+09,10862.12,31316.58,51663.4,59738.07,40423.76,14041.68,15016.8,28570.39,16572.81,25228.38,44903,9010.67,17297,7900.22,13176.82,10283.86,7272.71,7634.33,14357.75,11213.2,11290.63,6848.74,8285.56,9648.79,13911.57,6101.76,13926.93,11221.61,9824.02,9478.74,15831.24,28842.16
29936.64,88672.13,76672.77,100474.3,120187.95,59180.94,70335.15,13797.82,16499.25,26090.08,30737.57,15546.34,12523.04,21214.8,17853.19,19389.32,38685.21,37960,12661.67,10247.21,16385.54,10862.12,1e+09,25546.4,44339.89,49231.72,38082.43,27277.55,15008.37,23450.64,21132.21,43556.9,59766.24,14568.22,30630.45,10814.55,22163.58,21021.14,17594.65,18026.83,26250.13,18979.45,19174.42,15437.1,11819.61,11172.39,19387.25,9195.63,21107.62,17516.16,18867.91,10433.37,26005.09,39805.17
18413.53,58572.36,50754.33,67795.75,90763.48,47440.56,88747.56,32073.74,9684.56,9886.7,23468.75,37810.36,35850.52,22424.98,28531.18,15261.13,18710.97,33984.26,29918.28,31746.81,26864.23,31316.58,25546.4,1e+09,20169.13,26249.12,22073.84,26578.27,17070.59,11767.36,20843.62,55624.24,82639.19,37647.09,34078.57,32121.24,32692.45,34982.11,33193.56,41622.68,44988.8,25137.36,29130.02,33639.43,31119.27,31394.47,39463.77,30187.1,22807.91,25191.98,29457.97,31589.52,38890.55,63336.82
26674.85,40933.82,29474.25,45888.7,62777.02,50160.9,106732.96,52553.17,28551.81,15740.02,33836.26,59880.55,61172.5,44404.25,47037.44,22372.23,17897.85,35886.89,52760.76,53454.69,47302.94,51663.4,44339.89,20169.13,1e+09,15095.54,21520.44,45656.93,36443.52,17386.57,36314.63,77340.06,106470.11,57972.29,56615.49,54967.89,53435.37,55453.18,53629.42,63600.79,67706.42,43456.6,50703.78,53553.6,54452.19,52454.96,60792.5,50275.19,38341.67,43525.54,48868.83,55512.07,59499.62,88391.93
36426.31,30787.06,26095.41,36085.52,52576.75,39012.9,119034.06,62305.71,33009.71,24446.4,37179.38,64808.47,66365.06,48215.14,54026.91,28885.51,23077.06,38868.94,59878.55,59464.68,52649.11,59738.07,49231.72,26249.12,15095.54,1e+09,21473.23,52638.35,43566.21,24870.07,41070.28,82197.37,112700.18,67407.31,61090.03,60617.01,57933.2,61417.87,60084.05,70738.71,74111.28,49296.37,58265.32,60152.02,62558.87,60265.22,70152.18,59863.89,44349.14,50717.31,54127.36,59673.34,64994.94,95972.47
35910.22,53854.42,48613.76,62826,75221.98,27675.69,96604.51,52680.7,20953.57,30318.65,18947.59,43327.05,47080.95,29366.93,40370.4,22170.23,16632.22,22256.37,39318.98,40492.15,35015.98,40423.76,38082.43,22073.84,21520.44,21473.23,1e+09,31279.89,24029.27,16633.78,20989.59,58702.26,94898.84,46892.88,39399.87,40223.57,38779.83,41717.94,40884.39,49753.98,55932.47,30738.26,39834.65,40833.75,41946.15,39996.35,51853.47,38959.25,24814.59,32213.21,33963.58,41393.54,46285.59,77513.11
30291.71,94259.05,81997.33,102956.27,126914.5,50017.33,42138.83,34059.03,19873.19,31210.38,11979.54,17382.69,19526.45,7517.54,19127.8,24346.87,34358.28,21306.91,12784.6,16936.49,9796.62,14041.68,27277.55,26578.27,45656.93,52638.35,31279.89,1e+09,17854.55,22477.48,11268.28,20099.52,52888.7,17371.28,8390.65,17989.49,10065.99,11920.23,12792.9,14878.75,18891.45,9185.56,10741.59,13954.02,17916.44,15131.78,17465.33,14634.78,7061.57,10405.57,7732.17,21446.77,15788.56,34591.76
21431.93,81347.88,70725.54,94518.13,112302.07,50724.09,73114.42,27877.91,12334.86,23254.26,19447.18,22095.84,20983.98,12272.78,19785.95,12258.84,24007.36,34788.5,16834.16,18139.53,20104.08,15016.8,15008.37,17070.59,36443.52,43566.21,24029.27,17854.55,1e+09,16220.63,16511.97,47287.16,79993.61,22310.4,27198.95,16150.3,20305.13,23006.41,20436.3,25763.53,42853.63,18092.79,24742.7,19192.88,19165.71,19698.23,35384.78,15850.05,16359.5,21253.5,15453.15,21297.18,29336.58,58604.85
23340.69,65194.89,54316.85,71121.45,91298.21,39176.47,76627.62,30726.09,11374.25,14748.21,16753.17,32071.3,33723.16,19896.14,25786.06,15105.58,18067.6,23263.73,27549.55,29632.97,23576.81,28570.39,23450.64,11767.36,17386.57,24870.07,16633.78,22477.48,16220.63,1e+09,15071.97,45213.37,75037.15,32611.51,29995.9,27015.64,28372.5,29722.82,27209.51,34981.93,37107.8,22363.81,24899.86,29341.77,29929.84,27473.27,33570.71,27516.73,16421.21,22939.28,24012.24,24484.02,32056.01,56604.44
27730.67,76681.99,68508.57,84297.15,106707.67,36902.8,53526.08,33550.82,18937.05,24929.1,7930,17329.1,21109.72,12771.8,22751.97,18555.66,24687.94,21748.49,16131.76,17994.98,16480.55,16572.81,21132.21,20843.62,36314.63,41070.28,20989.59,11268.28,16511.97,15071.97,1e+09,29683.81,58193.55,21548.64,15606.65,13840.05,14353.94,15886.86,14284.63,17583.83,24495.86,12842.29,17570.59,16339.35,17981.16,16290.3,25819.28,14507.03,8844.9,13127.87,12417.34,18573.36,22299.85,42248.62
69360.14,134309.24,126493.75,128748.93,169012.27,62083.03,16390.39,36504.84,40407.03,58921.24,34533.98,23746.83,29177.8,30406.04,24022,62324.25,75751.37,24645.53,26789.82,26513.55,18159,25228.38,43556.9,55624.24,77340.06,82197.37,58702.26,20099.52,47287.16,45213.37,29683.81,1e+09,13178.23,27743.64,17176.82,30066.76,17971.81,16243.92,20784.71,20560.87,14554.44,22602.76,17070.35,24735.86,27119.11,22679.81,14324.37,31061.52,24012.97,19454.57,23987.54,28538.87,15187.05,15221.3
103426.96,170096.42,161419.79,159091.07,204276.55,90341.16,10761.25,37263.57,61953.7,88174.5,74788.78,37456.52,37025.86,69161.64,38257.08,92652.96,113094.04,44396.29,44021.53,44046.36,35293.1,44903,59766.24,82639.19,106470.11,112700.18,94898.84,52888.7,79993.61,75037.15,58193.55,13178.23,1e+09,35234.84,34406.95,47336.23,37810.54,37245.63,41112.69,34146.32,20412.05,41310.9,33841.79,40714.98,41006.51,35883.92,18338.72,47599.02,52523.36,36174.01,52790.6,44110.54,29502.43,9804.09
38257.01,110298.44,97406.87,113713.24,145577.19,62037.63,48231.35,17049.89,26066.2,40484.47,25333.56,11435.24,10409.24,16507.57,13007.72,29668.81,46593.27,29700.84,10894.75,11254.2,11484.99,9010.67,14568.22,37647.09,57972.29,67407.31,46892.88,17371.28,22310.4,32611.51,21548.64,27743.64,35234.84,1e+09,20048.53,11625.82,15006.81,15589.65,13447.79,12346.17,15297.45,12356.87,12934.05,8285.05,9292.62,7894.4,10422.66,8442.73,15603.31,11106.04,14096.76,12311.31,12983.52,20334.51
43915.75,110080.46,99302.5800000001,112002.31,143397.7,56224.1,29368.23,36284.05,26280.48,41131.57,16017.28,18238.03,23160.59,10455.62,20809.35,37145.71,47569.93,22884.52,14396.9,20083.24,10267.77,17297,30630.45,34078.57,56615.49,61090.03,39399.87,8390.65,27198.95,29995.9,15606.65,17176.82,34406.95,20048.53,1e+09,19870.47,8813.35,10910.88,13500.14,15091.86,14787.74,9869.41,10933.72,15900.52,19876.08,15186.68,17589.77,19450.58,9246.5,12012.48,11081.53,23721.04,15577.2,24570.29
33134.57,99984.38,89702.95,109797.33,133780.45,57960.38,46085.52,16669.97,22568.78,33791.27,24136.79,9053.43,8315.12,14465.44,14718.2,23839.57,44515.33,31968.2,6280.84,7735.32,13088.03,7900.22,10814.55,32121.24,54967.89,60617.01,40223.57,17989.49,16150.3,27015.64,13840.05,30066.76,47336.23,11625.82,19870.47,1e+09,15117.92,11292.03,8985.23,8753.7,15394.43,11799.17,13079.86,8407.51,6406.51,7050.62,13560.74,6408.01,14677.96,9859.42,11472.06,6460.79,15344.15,28109.88
36086.86,101453.6,92416.27,106278.52,136401.2,52030.48,33471.6,30372.15,23932.56,36719.64,17837.1,15139.32,19822.42,11476.12,18168.43,26831.45,40916.89,24097.59,13725.8,17979.67,9746.26,13176.82,22163.58,32692.45,53435.37,57933.2,38779.83,10065.99,20305.13,28372.5,14353.94,17971.81,37810.54,15006.81,8813.35,15117.92,1e+09,12215.05,13597.58,15141.1,15858.45,9397.02,10507.03,15640.4,18438.71,14085.61,16826.66,15903.38,10617.14,11379.64,11169.2,17841.58,13453.59,26195.23
41029.67,105087.34,96682.95,112572.63,139525.7,59996.33,29609.34,21751.27,23867.91,37590.87,22672.47,10571.93,13896.42,13807.24,14088.06,35469.28,52694.5,26426.04,8113.48,10491.44,9358.93,10283.86,21021.14,34982.11,55453.18,61417.87,41717.94,11920.23,23006.41,29722.82,15886.86,16243.92,37245.63,15589.65,10910.88,11292.03,12215.05,1e+09,5415.92,8008.66,10284.19,9300.07,8563.07,7674.06,11369.16,9874.16,9046.92,10322.85,9677.94,9630.5,8151.3,13908.81,9723.1,23962.14
39769.05,103991.23,95791.2,110914.45,138484.55,59856.41,37562.7,21713.87,21745.83,35089.66,23218.47,8530.95,10808.76,14965.02,14642.14,32275.19,50047.52,29286.12,6196.85,8209.48,9627.1,7272.71,17594.65,33193.56,53629.42,60084.05,40884.39,12792.9,20436.3,27209.51,14284.63,20784.71,41112.69,13447.79,13500.14,8985.23,13597.58,5415.92,1e+09,6574.72,9985.57,7952.93,9367.69,5296.93,8663.25,9834.62,12255.58,7924.97,9371.7,10769.45,6568.41,11365.09,13949.74,26599.08
44843.69,113501.55,104291.44,121767.89,149300.98,64177.93,32715.09,23193.01,29345.5,40701.83,27526.32,8458.07,9710.16,19030.74,14234.07,33805.38,54305.95,33945.67,7207.51,10200.98,13073.08,7634.33,18026.83,41622.68,63600.79,70738.71,49753.98,14878.75,25763.53,34981.93,17583.83,20560.87,34146.32,12346.17,15091.86,8753.7,15141.1,8008.66,6574.72,1e+09,8897.79,12009.87,10060.14,7904.89,10236.84,10624.39,11220.47,9866.96,13795.83,10900.62,10230.55,12602.93,13485.1,20602.06
64559.88,130432.64,121890.93,120531.86,164311.76,65924.5,36895.94,20559.37,29910.7,47991.87,37384.49,11427.48,15172.32,31165.99,16624.07,57212.13,76766.86,29874.47,12710.08,14471.51,10503.81,14357.75,26250.13,44988.8,67706.42,74111.28,55932.47,18891.45,42853.63,37107.8,24495.86,14554.44,20412.05,15297.45,14787.74,15394.43,15858.45,10284.19,9985.57,8897.79,1e+09,12460.96,9459.87,13841.81,13832.18,11608.29,5811.87,15084.81,17837.74,12391.17,18885.17,13585.7,13259.13,9651.92
34701.73,96910.25,86673.95,98567.4,128237.97,49561.29,49177.19,21207.5,17775.14,29587.14,14903.53,10587.89,13052.82,7403.47,14118,30157.33,43105.68,22878.24,8220.18,9899.88,7449.23,11213.2,18979.45,25137.36,43456.6,49296.37,30738.26,9185.56,18092.79,22363.81,12842.29,22602.76,41310.9,12356.87,9869.41,11799.17,9397.02,9300.07,7952.93,12009.87,12460.96,1e+09,7102.46,7851.96,9753.19,8122.31,11078.66,9130.99,5000.8,5982.14,7961.65,12211.47,10281.5,23251.65
42269.39,108702.16,98940.42,106721.69,143891.24,54961.48,39825.36,19570.16,20526.18,33234.15,21356.45,9559.91,14261.33,13014.69,13864.63,38823.95,53904.81,23895.46,9668.64,9547.24,6376.46,11290.63,19174.42,29130.02,50703.78,58265.32,39834.65,10741.59,24742.7,24899.86,17570.59,17070.35,33841.79,12934.05,10933.72,13079.86,10507.03,8563.07,9367.69,10060.14,9459.87,7102.46,1e+09,8521.5,10285.8,8300.19,7005.46,9390.79,10063.97,6894.84,11212.23,12141.04,8913.38,18390.9
39465.22,103227.22,95081.51,109208.99,137198.12,57799.14,46701.11,16878.42,22217.9,34605.02,23905.15,8373.84000000001,8193.87,15799.28,12483.75,32829.22,50947.2,27802.36,6823.59,6557.44,11544.25,6848.74,15437.1,33639.43,53553.6,60152.02,40833.75,13954.02,19192.88,29341.77,16339.35,24735.86,40714.98,8285.05,15900.52,8407.51,15640.4,7674.06,5296.93,7904.89,13841.81,7851.96,8521.5,1e+09,5313.22,6353.95,8698.63,5941.75,10640.88,7863.93,7484.94,8535.19,10986.35,21658.41
39198.92,104496.87,95509.37,110921.7,138998.25,58878.2,52112.28,15179.9,22801.08,34114.19,26759.42,9393.47,7314.87,18619.99,13226.91,28736.91,48988.93,29494.82,5765.75,5700.85,10769.76,8285.56,11819.61,31119.27,54452.19,62558.87,41946.15,17916.44,19165.71,29929.84,17981.16,27119.11,41006.51,9292.62,19876.08,6406.51,18438.71,11369.16,8663.25,10236.84,13832.18,9753.19,10285.8,5313.22,1e+09,5593.88,8918.78,5871.6,13702.84,9414.07,9662.41,8100.08,14753.03,21882.57
39228.98,108192,97601.49,108589.97,142232.89,55645.37,51908.54,15175.54,22174.38,35078.75,22906.8,9535.22,9322.02,14502.52,14892.5,29051.39,47711.79,27673.97,6608.44,7091.48,6749.05,9648.79,11172.39,31394.47,52454.96,60265.22,39996.35,15131.78,19698.23,27473.27,16290.3,22679.81,35883.92,7894.4,15186.68,7050.62,14085.61,9874.16,9834.62,10624.39,11608.29,8122.31,8300.19,6353.95,5593.88,1e+09,8113.6,6739.66,11988.35,7874.54,10938.78,6930.22,12685.37,19152.03
57393.73,126028.16,115709.81,117498.99,159873.89,62559.69,32630.35,16633.45,24690.64,41865.84,35211.72,12353.85,11939.79,27354.5,15160.3,50118.05,69687.33,27023.99,11731.52,10329.79,10060.58,13911.57,19387.25,39463.77,60792.5,70152.18,51853.47,17465.33,35384.78,33570.71,25819.28,14324.37,18338.72,10422.66,17589.77,13560.74,16826.66,9046.92,12255.58,11220.47,5811.87,11078.66,7005.46,8698.63,8918.78,8113.6,1e+09,10607.82,19016.43,9604.29,19345.12,12002.56,10043.66,10510.2
33846.65,99511.73,89870.73,105916.97,134324.92,58784.25,51094.91,17021.23,20551.65,31960.65,23175,7814.34,7043.33,15068.78,13024.88,24268.61,43480.45,28362.24,5735.54,5227.54,9249.01,6101.76,9195.63,30187.1,50275.19,59863.89,38959.25,14634.78,15850.05,27516.73,14507.03,31061.52,47599.02,8442.73,19450.58,6408.01,15903.38,10322.85,7924.97,9866.96,15084.81,9130.99,9390.79,5941.75,5871.6,6739.66,10607.82,1e+09,11299.73,10148.54,8573.2,7746.57,14568.57,27367.1
30930,87735.05,78467.25,92623.56,116548.74,46228.54,46365.39,27901.6,17264.04,27268.05,11180.78,13915.39,17129.48,6935.68,17359.51,27461.15,35750.56,20433.17,10388.48,12948.05,9860.31,13926.93,21107.62,22807.91,38341.67,44349.14,24814.59,7061.57,16359.5,16421.21,8844.9,24012.97,52523.36,15603.31,9246.5,14677.96,10617.14,9677.94,9371.7,13795.83,17837.74,5000.8,10063.97,10640.88,13702.84,11988.35,19016.43,11299.73,1e+09,11118.29,6247.21,16081.14,14516.76,35255.4
36520.35,98556.26,87805.44,98178.89,130601.63,47077.58,51114.02,19135.39,17407.85,30199.02,16554.67,11493.39,12611.5,11168.18,15201.53,28621.04,42803.73,21870.18,8959.44,9639.64,8063.27,11221.61,17516.16,25191.98,43525.54,50717.31,32213.21,10405.57,21253.5,22939.28,13127.87,19454.57,36174.01,11106.04,12012.48,9859.42,11379.64,9630.5,10769.45,10900.62,12391.17,5982.14,6894.84,7863.93,9414.07,7874.54,9604.29,10148.54,11118.29,1e+09,12310.47,9766.98,10552.92,22279.9
31330.43,92740.52,84487.47,101473.69,127306.64,52865.19,43349.82,27980.96,20266.8,31824.76,15334.71,10250.26,12844.66,7798.35,16444.41,26081.51,39258.82,26912.7,7998.71,9816.19,11401.02,9824.02,18867.91,29457.97,48868.83,54127.36,33963.58,7732.17,15453.15,24012.24,12417.34,23987.54,52790.6,14096.76,11081.53,11472.06,11169.2,8151.3,6568.41,10230.55,18885.17,7961.65,11212.23,7484.94,9662.41,10938.78,19345.12,8573.2,6247.21,12310.47,1e+09,14065.01,14637.56,34741.37
40852.75,106312.73,94702.5,109890.28,138849.62,55705.02,54992.75,14721.47,20849.51,35335.52,30969.5,10571.21,8945.85,20620.02,13627.06,27792.5,48996.22,31664.03,8130.32,8394.91,11224.15,9478.74,10433.37,31589.52,55512.07,59673.34,41393.54,21446.77,21297.18,24484.02,18573.36,28538.87,44110.54,12311.31,23721.04,6460.79,17841.58,13908.81,11365.09,12602.93,13585.7,12211.47,12141.04,8535.19,8100.08,6930.22,12002.56,7746.57,16081.14,9766.98,14065.01,1e+09,17167.61,27282.38
47416.25,112435.89,103875.92,113592.88,147317.71,57314.32,31420.47,20666.45,27157.67,41369.33,26762.31,14906.77,15982.75,17903.77,12383.16,44026.31,60156.11,23294.96,14041.32,13878.94,13004.45,15831.24,26005.09,38890.55,59499.62,64994.94,46285.59,15788.56,29336.58,32056.01,22299.85,15187.05,29502.43,12983.52,15577.2,15344.15,13453.59,9723.1,13949.74,13485.1,13259.13,10281.5,8913.38,10986.35,14753.03,12685.37,10043.66,14568.57,14516.76,10552.92,14637.56,17167.61,1e+09,18595.17
82314.68,153665.4,144101.81,144801.13,189332.1,80347.92,18345.31,26531.29,44463.31,68684.92,57433.03,21166.14,20782.16,50076.7,22663.17,72698.4,93391.16,35622.87,24235.27,25223.34,21423.49,28842.16,39805.17,63336.82,88391.93,95972.47,77513.11,34591.76,58604.85,56604.44,42248.62,15221.3,9804.09,20334.51,24570.29,28109.88,26195.23,23962.14,26599.08,20602.06,9651.92,23251.65,18390.9,21658.41,21882.57,19152.03,10510.2,27367.1,35255.4,22279.9,34741.37,27282.38,18595.17,1e+09
