1e+09,61065.49,45062.55,72890.79,91574.56,69721.38,79608.1,37003.6,22114.78,20655.79,27488.66,33975.77,33467.97,19368.32,36162.06,18569.69,30748.24,52865.18,27715.46,31458.05,35203.47,26809.87,21070.11,20089.08,31578.09,41530.08,38873.16,20240.73,15141.6,21622.06,27608.24,53695.21,93505.04,32196.84,32101.54,26635.94,29086.28,35300.85,34917.42,36015.47,55474.85,27513.09,36918.82,31844.76,30923.1,27085.87,56056.48,28469.22,24883.13,30613.43,22293.92,31808.72,40439.22,75694.59
61065.49,1e+09,10820.14,12901.82,24127.46,48866.16,167604.93,131637.74,68983.37,56292.02,63492.82,105066.41,110440.45,88877.04,114221.03,58834.43,55592.7,84421.1700000001,96144.53,104420.64,108607.23,99404.23,84215.24,62907.98,42172.19,41972.6,47633.13,88698.96,84820.42,73884.67,76323.78,123054.44,174766.94,119765.4,110682.43,107421.81,105222.17,110860.92,115262.97,119293.9,128564.04,103094.09,111305.3,103134.86,99325.75,94472.58,128790.11,101539.41,94909.99,106174.05,91204.29,114175.06,116883.07,156483.03
45062.55,10820.14,1e+09,10895.63,23781.15,56106.03,157686.16,114286.88,60599.99,46704.75,54412.04,95271.32,99915.42,77984.78,102566.8,46292.65,48866.97,76815.34,86371.58,94488.98,98572.56,88055.17,72649.35,55252.22,34626.86,34680.28,44109.3,77798.85,72618.81,61542.55,67242.86,114273.25,164515.64,104158.26,97168.33,95563.48,95479.74,100868.65,104151.89,108509.12,118710.31,90087.1,101289.79,93747.29,89601.2,84658.6,119199.67,91163.78,83120.93,92631.64,81373.17,101642.91,106748.43,146645.66
72890.79,12901.82,10895.63,1e+09,16842.66,51736.24,166633.02,133511.69,74604.09,64319.49,71411.86,109748.02,113986.63,98947.62,117837.44,69517.57,68461.56,82206.03,102845.26,108813.96,105918.1,106952.42,94319.12,70899.14,47273,46585.48,54513.07,97649.34,97489.53,80601.53,82633.22,116914.5,163579.71,123320.52,113373.72,116565.79,110199.68,117031.23,122119.67,126094.95,117371.75,104658.15,109081.11,108038.34,103818.65,94932.97,119557.31,105710.28,99792.69,105700.21,99308.93,115802.59,118607.35,146406.09
91574.56,24127.46,23781.15,16842.66,1e+09,60153.51,206690.16,165708.95,95053.11,85930.08,88865.56,137591.59,142890.47,123721.75,149864.48,83665.7,82507.96,108596.28,128888.04,136832.6,143595.14,132734.64,114333.17,92689.01,62210.66,63296.26,66430.85,121214.98,116889.17,102337.51,103519.27,156222.79,208217.89,155845.06,144553.44,140786.82,139525.85,144220.69,150355.36,154436.59,161011.01,134973.2,145793.84,135717.18,131778.3,126854.79,161647.19,133974.06,124738.35,138945.73,124339.93,145704.45,151440.6,190466.77
69721.38,48866.16,56106.03,51736.24,60153.51,1e+09,107838.32,92837.2,40061.93,53335.06,34262.16,62988.73,67129.33,61676.11,69124.44,43188.36,38814.8,39882.57,58354.07,66621.96,65195.23,65258.2,53719.36,44928.52,43301.87,38003.14,26415.82,58074.13,64103.84,46298.08,39619.74,63370.17,100735.57,81880.85,68590.61,71887.21,60918.17,69993.24,75882.25,74998.31,73133.04,65916.1,65876.06,65837.07,61142.99,52232.43,69369.26,66147.54,62296.15,63787.06,61465.1,66897.07,68474.83,87826.02
79608.1,167604.93,157686.16,166633.02,206690.16,107838.32,1e+09,50735.57,73958.72,85813.02,65309.28,35907.68,42668.94,50975.11,34123.04,82131.4,101573.58,49568.59,41856.58,47505.09,43782.95,36150.37,64687.32,88623,109212.51,119875,101999.79,51214.63,68633.15,74487.38,55412.1,20778.94,11092.92,44325.29,32145.04,41960.42,32492.44,27770.17,33317.34,29948.08,35303.1,47467.75,39134.06,43827.95,47326.78,50907.72,32097.82,47679.83,43716.44,49415.43,46981.81,50581.6,32341.16,16424.81
37003.6,131637.74,114286.88,133511.69,165708.95,92837.2,50735.57,1e+09,30073.43,44358.51,55769.81,23236.97,15333.51,31974.89,18496.32,40534.4,64586.32,56271.25,22396.85,16405.85,21942.03,19942.4,18370,39854.06,66198.91,74173.24,65959.19,33652.99,27292.32,35921.12,40243.3,33349.37,34209.03,14068.49,30959.02,15969.34,29348.48,26825.93,19083.75,21086.78,17999.82,19731.32,20410.73,17240.66,17147.26,17263.54,20463.42,17744.89,30226.21,19018.79,27682.94,15105.49,22244.24,23641.6
22114.78,68983.37,60599.99,74604.09,95053.11,40061.93,73958.72,30073.43,1e+09,15618.12,19163.17,21797.04,25606.03,16201.22,30298.73,12575.84,20319.28,29936.35,20641.84,24218.42,21231.62,26165.64,14276.05,8835.84,21246.68,25127.04,16672.88,17081.16,14573.51,10100.03,16149.34,33088.46,64177.94,31361.64,23504.82,24985.85,23003.04,28155.1,26282.83,32822.56,28621.68,19563.72,23251.09,22218.56,20811.72,17619.25,29863.15,22731.42,19920.63,19908.35,19893.22,22338.22,30886.99,45686.92
20655.79,56292.02,46704.75,64319.49,85930.08,53335.06,85813.02,44358.51,15618.12,1e+09,27241.66,38441.73,40196.92,26843.82,41123.27,18971.84,21027.24,41654.46,31511.35,35089.51,34557.22,34705.11,26175.15,8822.1,16505.98,21661.3,27301.25,26361.54,23256.09,18212.78,26088.36,48403.87,91667.5,43994.92,36612.4,37649.12,38507.92,42596.21,41545.78,45818.61,45434.3,30189.22,35213.34,33630.2,31502.03,29104.58,47043.65,33868,29243.75,32016.37,29261.75,40076.36,44572.78,72433.15
27488.66,63492.82,54412.04,71411.86,88865.56,34262.16,65309.28,55769.81,19163.17,27241.66,1e+09,24692.96,32689.34,19122.32,34081.45,14382.71,16715.33,16899.54,20415.22,30954.81,24703.84,25688.9,21979.28,21283.09,30682.46,31872.56,15890.68,15235.24,24824.67,18766.49,8392.59,30992.16,79532.95,34632.73,19428.76,31973.75,21547.83,26690.84,30500.53,33912.72,40855.32,21540.63,27137.59,27345.72,26040.46,20385.01,39264.3,28133.26,16216.61,23268.3,19221.1,37040.75,32206.04,62956.11
33975.77,105066.41,95271.32,109748.02,137591.59,62988.73,35907.68,23236.97,21797.04,38441.73,24692.96,1e+09,8948.54,16764.73,15311.7,24423.97,42801.11,31385.83,8773.28,9983.20000000001,10776.76,9150.44,13320.37,30889.53,55202.7,58250.3,39722.06,14866.24,18278.35,27848.16,16106.61,19813.01,37162.14,14362.18,11162.37,9647.08,12318.19,9123.52,9039.25,9195.54,11575.29,10155.75,9372.74,9063.86,8781.37,10000.96,11965.04,7989.49,10861.59,11983.66,9088.27,10843.99,13910.73,21396.95
33467.97,110440.45,99915.42,113986.63,142890.47,67129.33,42668.94,15333.51,25606.03,40196.92,32689.34,8948.54,1e+09,17634.79,12592.8,28514.08,51510.67,40649.76,8470.18,7617.78,13485.49,9427.15,11353.95,35187.45,59965.58,65052.91,47447.46,18406.84,22473.6,31185.21,20844.52,24957.01,34520.13,12128.87,13091.97,8130.08,17031.28,12878.49,9376.41,8682.29,13369.95,10293.76,13758.26,7918.04,8185.16,9585.81,14634.28,7337.6,16334.29,11555.33,12028.96,8797.03,14720.24,18889.15
19368.32,88877.04,77984.78,98947.62,123721.75,61676.11,50975.11,31974.89,16201.22,26843.82,19122.32,16764.73,17634.79,1e+09,19337.06,20024.43,35701.17,32340.6,10541.06,17273.5,11629.88,12745.91,15527.62,22718.9,46637.19,50578.25,35458.7,6633.54,12834.5,17549.47,16655.16,25354.13,66786.41,18595.09,8097.67,14868.68,10373.78,13531.18,15755.86,16816.2,30520.78,8010.26,13684.95,13810.06,16026.7,10655.22,29095.67,14868.15,6882.19,12039.27,7172.35,18473.89,17871.63,49930.48
36162.06,114221.03,102566.8,117837.44,149864.48,69124.44,34123.04,18496.32,30298.73,41123.27,34081.45,15311.7,12592.8,19337.06,1e+09,37243.37,55622.23,36085.81,15528.39,10728.02,13317,11887.46,17272.44,39860.45,61678.03,69681.96,54998.3,18439.12,25297.62,30991.16,28453.9,20239.72,33617.75,11517.2,16290.76,13351.53,16133.94,15167.13,14062.76,13083.54,12888.18,12797.54,12683.42,11336.59,12237.09,14396.49,14765.61,11924.78,16771.58,14159.59,15710.41,12388.58,11289.86,19362.32
18569.69,58834.43,46292.65,69517.57,83665.7,43188.36,82131.4,40534.4,12575.84,18971.84,14382.71,24423.97,28514.08,20024.43,37243.37,1e+09,13237.67,38676.75,22856.31,29175.03,38804.77,26492.16,14957.21,15041.54,21725.94,27083.22,19078.94,20958.3,13490.02,13853.19,15843.71,51124.87,91524.68,33212.04,33629.59,26601.67,25078.94,34697.7,34443.01,34988.46,54976.94,30765.71,40641.66,31193.92,25048.71,22832.17,55517.95,24879.24,28499.57,29522.99,24363.42,30377.55,44077.88,72545.6
30748.24,55592.7,48866.97,68461.56,82507.96,38814.8,101573.58,64586.32,20319.28,21027.24,16715.33,42801.11,51510.67,35701.17,55622.23,13237.67,1e+09,38674.55,40223.27,51584.11,56162.57,45779.91,29379.72,18706.59,20113.95,20563.19,15488.94,33856.58,27893.8,20069.06,20260.49,64725.88,114029.94,51848.92,46815.95,49179.87,40856.69,52966.36,53817.93,57314.23,75891.09,45682.39,58644.55,51424.05,44832.16,39309.97,75358.4,46203.38,38344.89,45393.8,39063.77,53217.3,61933.62,95596.32
52865.18,84421.1700000001,76815.34,82206.03,108596.28,39882.57,49568.59,56271.25,29936.35,41654.46,16899.54,31385.83,40649.76,32340.6,36085.81,38676.75,38674.55,1e+09,32961.26,38634.22,30456.03,35810.53,42703.56,38449.71,40011.09,42889.08,29183.12,26768.24,47955.14,29539.33,20475.73,21935.46,49201.81,46021.03,26819.11,45105.73,28123.3,30194.55,36977.31,40043,33104.07,30255.52,29041.02,36846.83,35223.95,28664.53,29495.12,40621.83,24463.83,28342.19,32555.05,42258.45,28139.28,41161.74
27715.46,96144.53,86371.58,102845.26,128888.04,58354.07,41856.58,22396.85,20641.84,31511.35,20415.22,8773.28,8470.18,10541.06,15528.39,22856.31,40223.27,32961.26,1e+09,6886.92,10040.07,7573.27,10481.05,27470.19,49585.76,56281.89,36573.9,11228.7,16264.64,23607.82,14909.47,22913.11,43602.61,14264.85,11199.15,7623.13,11694.15,8233.75,7516.77,8265.37,12642.99,7619.72,11217.02,7411.02,6162.37,7180.87,14489.24,6314.83,9521.65,9347.12,6827.49,9104.12,13834.78,24490.01
31458.05,104420.64,94488.98,108813.96,136832.6,66621.96,47505.09,16405.85,24218.42,35089.51,30954.81,9983.20000000001,7617.78,17273.5,10728.02,29175.03,51584.11,38634.22,6886.92,1e+09,10654.22,7733.23,12087.17,31797.44,53660.97,59968.06,44670.14,16905.7,18139.94,29222.43,20670.19,23429.65,41910.58,12812.46,15221.21,8200.04,16618.43,9963.39,8557.33,9812.65,12711.31,8342.12,10746.69,6313.43,6214.9,7990.56,13154.6,5185.89,12985.37,9242.98,9399.73,8709.98,13085.18,23487.2
35203.47,108607.23,98572.56,105918.1,143595.14,65195.23,43782.95,21942.03,21231.62,34557.22,24703.84,10776.76,13485.49,11629.88,13317,38804.77,56162.57,30456.03,10040.07,10654.22,1e+09,9279.21,18791.73,30437,52777.59,59718.44,45070.23,10166,23691.16,26086,18631.23,15348.19,34505.71,15464,7476.26,11163.26,11101.36,8534.28,10108.45,10716.76,9601.69,7584.28,5852.25,11247.85,10554.02,9148.75,9816.84,11663.24,9762.81,8256.94,12481.27,13518.64,13188.21,20530.82
26809.87,99404.23,88055.17,106952.42,132734.64,65258.2,36150.37,19942.4,26165.64,34705.11,25688.9,9150.44,9427.15,12745.91,11887.46,26492.16,45779.91,35810.53,7573.27,7733.23,9279.21,1e+09,12640.08,32831.97,53852.86,61569.54,44685.28,13695.26,16201.06,28578.42,17681.67,21705.15,44241.17,10989.39,11260.78,8444.15,12735.92,10061.94,7702.53,7974.76,13128.4,9048.69,10294.47,6217.85,8634.8,10554.71,13041.58,6177.64,13163.35,10713.49,9234.22,10217.07,13934.1,28721.44
21070.11,84215.24,72649.35,94319.12,114333.17,53719.36,64687.32,18370,14276.05,26175.15,21979.28,13320.37,11353.95,15527.62,17272.44,14957.21,29379.72,42703.56,10481.05,12087.17,18791.73,12640.08,1e+09,21691.1,41332.46,45671.18,30635.39,18683.87,11040.58,17226.16,15827.62,35119.92,56043.57,15201.41,23237.75,10120.21,13996.17,18737.13,15739.14,15799.23,22848.78,16400.82,19873.07,14603.35,10547.57,8324.98,23734.14,8239.65,20335.03,15317.67,13904.53,10166.39,24460.9,36809.82
20089.08,62907.98,55252.22,70899.14,92689.01,44928.52,88623,39854.06,8835.84,8822.1,21283.09,30889.53,35187.45,22718.9,39860.45,15041.54,18706.59,38449.71,27470.19,31797.44,30437,32831.97,21691.1,1e+09,22954.38,23802.16,19530.98,21980.1,17678.66,11379.94,17657.34,44209.17,83750.05,40089.08,29108.45,35221.83,30347.67,38373.98,36712.69,42934,41237.01,25162.76,30652.35,32016.45,27600.17,23936.8,42801.5,31670.88,23854.54,26432.65,26776.02,33602.55,41960.35,64259.86
31578.09,42172.19,34626.86,47273,62210.66,43301.87,109212.51,66198.91,21246.68,16505.98,30682.46,55202.7,59965.58,46637.19,61678.03,21725.94,20113.95,40011.09,49585.76,53660.97,52777.59,53852.86,41332.46,22954.38,1e+09,13068.62,19692.53,41435.76,37876.39,23487.05,33483.74,64786.69,109965.64,63735.84,53635.67,59719.41,56114.56,60234.69,60968.45,69735.27,64102.85,45681.16,54069.27,52174.69,50121.38,43867.21,65671.13,51596.8,41644.61,47036.06,46267.01,60462.16,64226.97,92489.78
41530.08,41972.6,34680.28,46585.48,63296.26,38003.14,119875,74173.24,25127.04,21661.3,31872.56,58250.3,65052.91,50578.25,69681.96,27083.22,20563.19,42889.08,56281.89,59968.06,59718.44,61569.54,45671.18,23802.16,13068.62,1e+09,17388.43,50414.8,47144.42,31342.51,36292.53,70617.91,116630.91,72696.23,58205.84,65808.13,58540.03,67152.32,68340.57,75925.15,71636,52128.06,61850.94,59344.52,57020.79,49805.62,73413.2,59951.98,48202.06,54732.78,52555.6,63677.9,70265.56,97937.53
38873.16,47633.13,44109.3,54513.07,66430.85,26415.82,101999.79,65959.19,16672.88,27301.25,15890.68,39722.06,47447.46,35458.7,54998.3,19078.94,15488.94,29183.12,36573.9,44670.14,45070.23,44685.28,30635.39,19530.98,19692.53,17388.43,1e+09,34025.36,32634.86,21560.78,19072.74,53574.57,101232.9,57337.03,43637.77,48373.93,41249.25,48789.44,51041.26,56441.77,57636.2,38647.39,46973.83,43429.8,39994.95,33754.71,57910.87,43655.06,33241.24,41008.21,36433.77,47937.54,54724.13,82187.76
20240.73,88698.96,77798.85,97649.34,121214.98,58074.13,51214.63,33652.99,17081.16,26361.54,15235.24,14866.24,18406.84,6633.54,18439.12,20958.3,33856.58,26768.24,11228.7,16905.7,10166,13695.26,18683.87,21980.1,41435.76,50414.8,34025.36,1e+09,15196.41,17925.37,12907.6,19069.43,59404.5,19421.86,9921.86,18169.28,11412.35,13960.9,14874.3,18236.96,21799.66,10240.99,11648.43,14301.09,14431.69,11144.48,20060.29,14650.01,7083.7,11084.04,7706.01,22582.68,17519.43,39884.9
15141.6,84820.42,72618.81,97489.53,116889.17,64103.84,68633.15,27292.32,14573.51,23256.09,24824.67,18278.35,22473.6,12834.5,25297.62,13490.02,27893.8,47955.14,16264.64,18139.94,23691.16,16201.06,11040.58,17678.66,37876.39,47144.42,32634.86,15196.41,1e+09,15729.71,20034.28,41720.54,77019.35,22322.88,23479.18,14544.98,19103.5,22941.14,20176.36,24188.43,39224.46,16768.05,25591.35,18162.7,17444.76,16644.31,39341.93,15827.81,16975.7,21139.5,13176.54,22295.54,29561.51,56781.61
21622.06,73884.67,61542.55,80601.53,102337.51,46298.08,74487.38,35921.12,10100.03,18212.78,18766.49,27848.16,31185.21,17549.47,30991.16,13853.19,20069.06,29539.33,23607.82,29222.43,26086,28578.42,17226.16,11379.94,23487.05,31342.51,21560.78,17925.37,15729.71,1e+09,13823.23,35344.19,76838.94,32974.04,24147.78,29227.87,24487.74,32164.55,30044.44,36517.9,35039.34,21074.95,24880.52,27578.7,25877.77,20958.53,36005.21,28299.54,17189.5,22355.04,22759.48,26786.8,33849.65,57537.19
27608.24,76323.78,67242.86,82633.22,103519.27,39619.74,55412.1,40243.3,16149.34,26088.36,8392.59,16106.61,20844.52,16655.16,28453.9,15843.71,20260.49,20475.73,14909.47,20670.19,18631.23,17681.67,15827.62,17657.34,33483.74,36292.53,19072.74,12907.6,20034.28,13823.23,1e+09,25798.22,61108.41,28234.41,17294.94,20045.1,16720.87,17980.45,19957.33,22047.98,26543.08,16988.64,19546.19,18198.26,17556.14,14383.97,26551.76,17393.81,11641.94,17454.35,14508.76,23092.31,24531.26,45511.37
53695.21,123054.44,114273.25,116914.5,156222.79,63370.17,20778.94,33349.37,33088.46,48403.87,30992.16,19813.01,24957.01,25354.13,20239.72,51124.87,64725.88,21935.46,22913.11,23429.65,15348.19,21705.15,35119.92,44209.17,64786.69,70617.91,53574.57,19069.43,41720.54,35344.19,25798.22,1e+09,17067.11,28500.27,16694.42,27963.85,16621.91,14397.57,20086.35,21131.55,15771.24,21319.41,15054.2,22431.58,22897.17,19427.67,12279.44,27885.37,21463.35,17024.23,26092.25,26167.38,14004.58,16405.82
93505.04,174766.94,164515.64,163579.71,208217.89,100735.57,11092.92,34209.03,64177.94,91667.5,79532.95,37162.14,34520.13,66786.41,33617.75,91524.68,114029.94,49201.81,43602.61,41910.58,34505.71,44241.17,56043.57,83750.05,109965.64,116630.91,101232.9,59404.5,77019.35,76838.94,61108.41,17067.11,1e+09,30279.11,37864.9,42060.46,40035.99,36565.13,34057.59,30801.57,21593.62,41346.11,33876.72,40192.57,39401.74,36891.52,17560.62,45757.66,52903.13,34983.89,56918.43,39148.39,29624.58,9472.39
32196.84,119765.4,104158.26,123320.52,155845.06,81880.85,44325.29,14068.49,31361.64,43994.92,34632.73,14362.18,12128.87,18595.09,11517.2,33212.04,51848.92,46021.03,14264.85,12812.46,15464,10989.39,15201.41,40089.08,63735.84,72696.23,57337.03,19421.86,22322.88,32974.04,28234.41,28500.27,30279.11,1e+09,19468.76,11604.57,16582.13,17303.14,12707.59,12095.57,15304.55,13176,17092.4,10553.99,11946.39,11636.51,17150.08,10139.73,17553.81,12325.01,16134.77,12356.58,14179.56,18981.84
32101.54,110682.43,97168.33,113373.72,144553.44,68590.61,32145.04,30959.02,23504.82,36612.4,19428.76,11162.37,13091.97,8097.67,16290.76,33629.59,46815.95,26819.11,11199.15,15221.21,7476.26,11260.78,23237.75,29108.45,53635.67,58205.84,43637.77,9921.86,23479.18,24147.78,17294.94,16694.42,37864.9,19468.76,1e+09,11580.79,8252.1,8788.92,10997.23,9260.89,14022.52,8748.7,8049.88,11288.37,15327.43,12862.61,15414.05,14494.83,7424.93,9821.58,11439.44,17647.61,13676.32,26157.86
26635.94,107421.81,95563.48,116565.79,140786.82,71887.21,41960.42,15969.34,24985.85,37649.12,31973.75,9647.08,8130.08,14868.68,13351.53,26601.67,49179.87,45105.73,7623.13,8200.04,11163.26,8444.15,10120.21,35221.83,59719.41,65808.13,48373.93,18169.28,14544.98,29227.87,20045.1,27963.85,42060.46,11604.57,11580.79,1e+09,15052.85,11771.91,8898.14,7905.92,13583.48,9540.69,12506.3,8511.77,7238.41,8302.83,15847.69,6893.42,14871.8,9387.69,12088.16,6277.66,14975.02,25739.49
29086.28,105222.17,95479.74,110199.68,139525.85,60918.17,32492.44,29348.48,23003.04,38507.92,21547.83,12318.19,17031.28,10373.78,16133.94,25078.94,40856.69,28123.3,11694.15,16618.43,11101.36,12735.92,13996.17,30347.67,56114.56,58540.03,41249.25,11412.35,19103.5,24487.74,16720.87,16621.91,40035.99,16582.13,8252.1,15052.85,1e+09,12000.86,14383.95,16340.53,16745.44,10019.07,11584.64,15805.15,15095.2,10908.18,17020.06,14884.87,10120.48,11987.19,11387.25,17946.71,14461.79,28684.41
35300.85,110860.92,100868.65,117031.23,144220.69,69993.24,27770.17,26825.93,28155.1,42596.21,26690.84,9123.52,12878.49,13531.18,15167.13,34697.7,52966.36,30194.55,8233.75,9963.39,8534.28,10061.94,18737.13,38373.98,60234.69,67152.32,48789.44,13960.9,22941.14,32164.55,17980.45,14397.57,36565.13,17303.14,8788.92,11771.91,12000.86,1e+09,5599.87,8494.86,10135.8,9875.22,8917.98,7723.29,10334.87,12948.34,9259.93,9818.96,9420.32,12264.15,8983.96,13423.89,11681.92,24546.56
34917.42,115262.97,104151.89,122119.67,150355.36,75882.25,33317.34,19083.75,26282.83,41545.78,30500.53,9039.25,9376.41,15755.86,14062.76,34443.01,53817.93,36977.31,7516.77,8557.33,10108.45,7702.53,15739.14,36712.69,60968.45,68340.57,51041.26,14874.3,20176.36,30044.44,19957.33,20086.35,34057.59,12707.59,10997.23,8898.14,14383.95,5599.87,1e+09,5772.17,9343.57,8730.42,10053.73,5995.18,9054.35,11767.62,12084.84,8270.97,10234.47,11294.06,8317.63,10866.93,14214.94,17098.62
36015.47,119293.9,108509.12,126094.95,154436.59,74998.31,29948.08,21086.78,32822.56,45818.61,33912.72,9195.54,8682.29,16816.2,13083.54,34988.46,57314.23,40043,8265.37,9812.65,10716.76,7974.76,15799.23,42934,69735.27,75925.15,56441.77,18236.96,24188.43,36517.9,22047.98,21131.55,30801.57,12095.57,9260.89,7905.92,16340.53,8494.86,5772.17,1e+09,9129.87,9807.13,10305.17,8408.8,10065.19,12219.38,11224.04,9547.28,14460.77,12354.6,12332.9,10896.77,13682.63,17077.58
55474.85,128564.04,118710.31,117371.75,161011.01,73133.04,35303.1,17999.82,28621.68,45434.3,40855.32,11575.29,13369.95,30520.78,12888.18,54976.94,75891.09,33104.07,12642.99,12711.31,9601.69,13128.4,22848.78,41237.01,64102.85,71636,57636.2,21799.66,39224.46,35039.34,26543.08,15771.24,21593.62,15304.55,14022.52,13583.48,16745.44,10135.8,9343.57,9129.87,1e+09,10840.95,8992.25,13065.22,12535.58,11722.14,5381.07,13295.98,17964.08,10650.57,22509.53,11267.97,12753.33,10803.58
27513.09,103094.09,90087.1,104658.15,134973.2,65916.1,47467.75,19731.32,19563.72,30189.22,21540.63,10155.75,10293.76,8010.26,12797.54,30765.71,45682.39,30255.52,7619.72,8342.12,7584.28,9048.69,16400.82,25162.76,45681.16,52128.06,38647.39,10240.99,16768.05,21074.95,16988.64,21319.41,41346.11,13176,8748.7,9540.69,10019.07,9875.22,8730.42,9807.13,10840.95,1e+09,8281.38,6893.55,8900.69,8717.84,12434.46,8160.02,6782.62,5772.08,8715.38,10676.91,12000.5,22962.54
36918.82,111305.3,101289.79,109081.11,145793.84,65876.06,39134.06,20410.73,23251.09,35213.34,27137.59,9372.74,13758.26,13684.95,12683.42,40641.66,58644.55,29041.02,11217.02,10746.69,5852.25,10294.47,19873.07,30652.35,54069.27,61850.94,46973.83,11648.43,25591.35,24880.52,19546.19,15054.2,33876.72,17092.4,8049.88,12506.3,11584.64,8917.98,10053.73,10305.17,8992.25,8281.38,1e+09,10096.14,10920.63,10257.33,7504.78,11846.29,10340.69,7130.37,13954.16,12792.09,9170.13,18432.49
31844.76,103134.86,93747.29,108038.34,135717.18,65837.07,43827.95,17240.66,22218.56,33630.2,27345.72,9063.86,7918.04,13810.06,11336.59,31193.92,51424.05,36846.83,7411.02,6313.43,11247.85,6217.85,14603.35,32016.45,52174.69,59344.52,43429.8,14301.09,18162.7,27578.7,18198.26,22431.58,40192.57,10553.99,11288.37,8511.77,15805.15,7723.29,5995.18,8408.8,13065.22,6893.55,10096.14,1e+09,5227.84,7535.93,12597.95,5589.89,11122.38,7843.21,7648.12,8783.27,10773.97,21435.22
30923.1,99325.75,89601.2,103818.65,131778.3,61142.99,47326.78,17147.26,20811.72,31502.03,26040.46,8781.37,8185.16,16026.7,12237.09,25048.71,44832.16,35223.95,6162.37,6214.9,10554.02,8634.8,10547.57,27600.17,50121.38,57020.79,39994.95,14431.69,17444.76,25877.77,17556.14,22897.17,39401.74,11946.39,15327.43,7238.41,15095.2,10334.87,9054.35,10065.19,12535.58,8900.69,10920.63,5227.84,1e+09,6101.28,13099.97,6342.28,12660.4,9650.16,8081.91,8713.77,13473.5,21101.73
27085.87,94472.58,84658.6,94932.97,126854.79,52232.43,50907.72,17263.54,17619.25,29104.58,20385.01,10000.96,9585.81,10655.22,14396.49,22832.17,39309.97,28664.53,7180.87,7990.56,9148.75,10554.71,8324.98,23936.8,43867.21,49805.62,33754.71,11144.48,16644.31,20958.53,14383.97,19427.67,36891.52,11636.51,12862.61,8302.83,10908.18,12948.34,11767.62,12219.38,11722.14,8717.84,10257.33,7535.93,6101.28,1e+09,11779.71,7524.61,12795.83,9289.62,10289.93,7956.56,14652.06,20651.62
56056.48,128790.11,119199.67,119557.31,161647.19,69369.26,32097.82,20463.42,29863.15,47043.65,39264.3,11965.04,14634.28,29095.67,14765.61,55517.95,75358.4,29495.12,14489.24,13154.6,9816.84,13041.58,23734.14,42801.5,65671.13,73413.2,57910.87,20060.29,39341.93,36005.21,26551.76,12279.44,17560.62,17150.08,15414.05,15847.69,17020.06,9259.93,12084.84,11224.04,5381.07,12434.46,7504.78,12597.95,13099.97,11779.71,1e+09,15880.05,19323.04,9654.14,23347,13415.82,9672.74,10405.76
28469.22,101539.41,91163.78,105710.28,133974.06,66147.54,47679.83,17744.89,22731.42,33868,28133.26,7989.49,7337.6,14868.15,11924.78,24879.24,46203.38,40621.83,6314.83,5185.89,11663.24,6177.64,8239.65,31670.88,51596.8,59951.98,43655.06,14650.01,15827.81,28299.54,17393.81,27885.37,45757.66,10139.73,14494.83,6893.42,14884.87,9818.96,8270.97,9547.28,13295.98,8160.02,11846.29,5589.89,6342.28,7524.61,15880.05,1e+09,11451.72,10363.3,8427.52,8057.8,13919.45,25734.06
24883.13,94909.99,83120.93,99792.69,124738.35,62296.15,43716.44,30226.21,19920.63,29243.75,16216.61,10861.59,16334.29,6882.19,16771.58,28499.57,38344.89,24463.83,9521.65,12985.37,9762.81,13163.35,20335.03,23854.54,41644.61,48202.06,33241.24,7083.7,16975.7,17189.5,11641.94,21463.35,52903.13,17553.81,7424.93,14871.8,10120.48,9420.32,10234.47,14460.77,17964.08,6782.62,10340.69,11122.38,12660.4,12795.83,19323.04,11451.72,1e+09,12140.83,6731.6,18544.35,14566.07,35708.52
30613.43,106174.05,92631.64,105700.21,138945.73,63787.06,49415.43,19018.79,19908.35,32016.37,23268.3,11983.66,11555.33,12039.27,14159.59,29522.99,45393.8,28342.19,9347.12,9242.98,8256.94,10713.49,15317.67,26432.65,47036.06,54732.78,41008.21,11084.04,21139.5,22355.04,17454.35,17024.23,34983.89,12325.01,9821.58,9387.69,11987.19,12264.15,11294.06,12354.6,10650.57,5772.08,7130.37,7843.21,9650.16,9289.62,9654.14,10363.3,12140.83,1e+09,13289.29,8548.78,10939.7,20866.24
22293.92,91204.29,81373.17,99308.93,124339.93,61465.1,46981.81,27682.94,19893.22,29261.75,19221.1,9088.27,12028.96,7172.35,15710.41,24363.42,39063.77,32555.05,6827.49,9399.73,12481.27,9234.22,13904.53,26776.02,46267.01,52555.6,36433.77,7706.01,13176.54,22759.48,14508.76,26092.25,56918.43,16134.77,11439.44,12088.16,11387.25,8983.96,8317.63,12332.9,22509.53,8715.38,13954.16,7648.12,8081.91,10289.93,23347,8427.52,6731.6,13289.29,1e+09,15067.93,16427.98,37679.52
31808.72,114175.06,101642.91,115802.59,145704.45,66897.07,50581.6,15105.49,22338.22,40076.36,37040.75,10843.99,8797.03,18473.89,12388.58,30377.55,53217.3,42258.45,9104.12,8709.98,13518.64,10217.07,10166.39,33602.55,60462.16,63677.9,47937.54,22582.68,22295.54,26786.8,23092.31,26167.38,39148.39,12356.58,17647.61,6277.66,17946.71,13423.89,10866.93,10896.77,11267.97,10676.91,12792.09,8783.27,8713.77,7956.56,13415.82,8057.8,18544.35,8548.78,15067.93,1e+09,15330.73,24404.79
40439.22,116883.07,106748.43,118607.35,151440.6,68474.83,32341.16,22244.24,30886.99,44572.78,32206.04,13910.73,14720.24,17871.63,11289.86,44077.88,61933.62,28139.28,13834.78,13085.18,13188.21,13934.1,24460.9,41960.35,64226.97,70265.56,54724.13,17519.43,29561.51,33849.65,24531.26,14004.58,29624.58,14179.56,13676.32,14975.02,14461.79,11681.92,14214.94,13682.63,12753.33,12000.5,9170.13,10773.97,13473.5,14652.06,9672.74,13919.45,14566.07,10939.7,16427.98,15330.73,1e+09,18720.08
75694.59,156483.03,146645.66,146406.09,190466.77,87826.02,16424.81,23641.6,45686.92,72433.15,62956.11,21396.95,18889.15,49930.48,19362.32,72545.6,95596.32,41161.74,24490.01,23487.2,20530.82,28721.44,36809.82,64259.86,92489.78,97937.53,82187.76,39884.9,56781.61,57537.19,45511.37,16405.82,9472.39,18981.84,26157.86,25739.49,28684.41,24546.56,17098.62,17077.58,10803.58,22962.54,18432.49,21435.22,21101.73,20651.62,10405.76,25734.06,35708.52,20866.24,37679.52,24404.79,18720.08,1e+09
