1e+09,71036.65,57622.83,82424.45,101980.97,73147.13,70791.32,37832.8,20567.19,18049.07,24799.94,24513.91,27965.56,15041.58,32379.71,15647.16,30843.54,49266.93,20819.33,25715.15,28505.81,22900.1,15519.48,20315.14,35379.76,43991.49,40870.07,14105,12381.93,17447.32,23285.87,42108.17,85480.73,28772.23,23397.48,25207.27,19084.26,27734.47,28428.73,29927.66,51351.56,23826.51,33107.02,27415.78,26031.63,22299.18,49377.83,25617.56,17843.11,26949.47,16975.98,29033.33,33448.83,67877.24
71036.65,1e+09,10251.62,12745.57,23812.6,42126.43,167425.4,138444.34,67778.66,58542.18,59041.69,99863.92,107332.24,92700.26,121098.42,71053.95,49923.06,79772.41,93605,101619.56,101998.7,107210.12,84842.48,63783.99,42467.15,38644.44,43149.53,87151.69,96971.86,81242.51,68507.91,118649.03,169193.83,129052.04,107475.12,121599.31,99211.88,112330.62,112803.56,119907.15,136992.48,111840.42,117683.58,103928.39,100245.82,100799.83,126835.79,107497.73,94686.55,111788.03,98066.42,119499.79,114045.18,149573.03
57622.83,10251.62,1e+09,10722.12,20901.84,48089.58,156043.35,124542.68,57990.06,46909.49,48426.9,88884.93,96239.52,80649.37,108903.74,56303.74,41703.86,71263.13,82645.29,91121.46,90720.41,94397.78,72450.57,54224.25,34108.02,29778.01,38867.54,75633.29,83560.39,68129.86,58802.51,108160.74,158318.49,110992.71,95742.3,107853.17,88006.17,100862.32,101613.41,107659.09,125383.51,96940.2,106440.99,93582.87,89178.68,89035.82,116154.93,95317.21,83062.72,97886.8,86186.17,105259.64,102744.86,139012.42
82424.45,12745.57,10722.12,1e+09,17215.78,44249.9,165341.99,141069.62,72288.41,66076.38,67121.52,104265.38,110844.24,102451.94,124586.44,82417.69,60755.82,78044.65,99905.51,105606.02,97750.03,114378.97,93800.85,70729.83,46824.73,42029.47,48816.05,95776.48,108970.98,87295.37,74380.44,113069.36,156636.14,133956.19,111363.74,131483.48,103634.69,117384.53,117347.44,124331.53,126879.12,113519.14,116020.95,108363.53,104240.68,101440.7,116525.16,110588.77,100817.33,112596.18,106437.02,119477.59,114877.66,137456.97
101980.97,23812.6,20901.84,17215.78,1e+09,50243.83,205807.56,177187.44,94752.77,87204.81,83361.17,131604.59,138997.75,127963.12,156110.13,98006.65,77170.21,103367.54,125715.98,133841.01,134268.38,140506.27,115056.98,93863.32,61541.63,58142.73,62785.14,119315.25,130840.69,111693.14,92864.96,152350.76,201898.43,166749.75,142957.65,155434.87,132732.16,145201.4,146182.63,153558.36,170513.15,145220.85,152571.05,136293.03,131859.72,133127.9,158883.59,138978.04,127037.95,147426.21,132360.82,149581.84,146717.13,181926.08
73147.13,42126.43,48089.58,44249.9,50243.83,1e+09,115824.9,103361.43,46119.37,58008.86,40012.54,69444.88,73906.84,73706.25,82485.7,55905.38,43367.79,43759.53,67247.49,72867.79,67102.49,78482,61020.64,48456.78,42169.35,41110.24,30714.92,66168.73,82251.63,56997.78,42553.18,71703.25,105524.81,98565.07,78047.6,93617.24,68267.55,83641.83,82681.48,85086.04,88950.2,85374.95,80038.99,77158.59,71322.89,66598.39,77567.66,80263.23,72239.87,76577.35,78982.07,79115.37,75076.84,91745.98
70791.32,167425.4,156043.35,165341.99,205807.56,115824.9,1e+09,45523.65,72123.19,83499.09,71410.7,39144.11,40789.22,47107.38,31220.82,76365.17,104935.94,54974.12,47837.73,44601.25,42811.27,32335.16,61764.34,87941.97,110417.24,120081.53,104772.13,50068.28,59663.57,69918.18,59233.52,26083.99,12655.01,42886.56,37742.68,37170.65,38723.3,25763.89,33929.13,30046.55,31772.4,43529.48,35650.78,40554.9,48384.26,48834.85,30602.21,43045.33,46208.39,46139.8,42183.33,47527.35,31787.02,20948.24
37832.8,138444.34,124542.68,141069.62,177187.44,103361.43,45523.65,1e+09,37988.18,48651.07,63699.09,23520.02,16477.69,32706.25,21202.83,43185.13,74074.89,62159.8,23379.6,19176.15,24685.34,21403.07,22619.87,46683.88,74242.77,84876.8,78260.22,35922.59,18431.47,39690.72,47650.64,29990.56,28149.24,11932.12,28861.15,12219.52,29023.07,24078.92,18218.21,18450.53,16638.56,16852.02,22155.97,19213.89,17972.01,18858.1,18779.23,17674.25,33114.53,20860.37,25335.7,14307.29,23325.93,19958.92
20567.19,67778.66,57990.06,72288.41,94752.77,46119.37,72123.19,37988.18,1e+09,14225.67,17463.12,20422.47,24142.2,18966.38,35603.73,12318.81,20922.16,27572.65,19893.37,23579.17,19707.98,29516.34,14863.37,8184.61,20049.83,27024.45,19187.91,16757.21,19801.86,11154.29,14098.55,29608.34,59846.66,36108.75,22605.85,30545.14,21258.7,27700.91,26838.13,32347.96,33442.56,22680.98,28817.99,23853.03,20910.35,19112.71,28678.78,25347.54,18923.23,23842.5,22520.71,24558.94,30316.02,41162.56
18049.07,58542.18,46909.49,66076.38,87204.81,58008.86,83499.09,48651.07,14225.67,1e+09,23626.37,33602.97,35340.67,28954.84,43265.52,19608.01,21438.39,39671.82,27730.75,32045.48,29077.6,37565.87,24640.41,8479.46,18789.35,24978.64,28564.77,24511.54,24591.76,17251.94,21558.82,42462.13,84630.71,45213.65,31586.36,41512.23,33813.32,40484.94,39938.93,45434.11,49273.17,30835.13,38950.49,33315.02,30289.49,29181.73,43379.74,36541.49,26100.98,33355.46,30167.68,40780.87,40885.41,64998.17
24799.94,59041.69,48426.9,67121.52,83361.17,40012.54,71410.7,63699.09,17463.12,23626.37,1e+09,25267,32285.85,23838.98,41309.68,13863.66,14826.33,16332.53,23424.21,29265.74,23571.61,31462.89,22679.06,17958.78,26109.01,29072.27,15466.88,19280.72,30062.83,19884.35,8694.2,33398.32,82197.53,43385.87,24692.69,41192.45,22490.16,31889.9,35586.7,39362.78,49951.73,28518.8,33788.99,29834.61,28853.35,25449.04,43641.89,33254.11,20722.43,29466.53,25557.78,43441.37,33392.97,64448.37
24513.91,99863.92,88884.93,104265.38,131604.59,69444.88,39144.11,23520.02,20422.47,33602.97,25267,1e+09,8731.96,13279.62,15740.32,20616.13,41542,34368.49,8504.88,8710.93,10601.89,9156.43,11205.4,26736.53,49435.06,57625.77,40825.51,14000.57,15079.55,23825.7,17719.25,21003.7,38783.35,16954.73,11040.58,11953.06,10947.92,9848.16,9742.27,10445.14,15425.28,11097.19,10101.26,8598.66,8250.98,8921.75,15226.54,7516.25,9927.44,11854.11,8303.11,11611.29,14241.16,21456.96
27965.56,107332.24,96239.52,110844.24,138997.75,73906.84,40789.22,16477.69,24142.2,35340.67,32285.85,8731.96,1e+09,16124.75,13089.47,25300.2,51010.46,40560.87,8586.97,7531.96,12968.69,9102.56,10851.35,31542.73,56002.4,62822.46,48162.43,17521.17,17589.42,26930.36,21084.04,22375.19,32544.64,15000.22,11771.37,9955.92,15034.81,11459.34,9159.45,8461.77,14013,10720.12,15129.07,7769.42,7628.94,9577.4,13823.32,7150.99,15308.55,11191.06,10720.87,9113.59,13268.94,17164.64
15041.58,92700.26,80649.37,102451.94,127963.12,73706.25,47107.38,32706.25,18966.38,28954.84,23838.98,13279.62,16124.75,1e+09,20195.92,17432.03,38881.04,35499.25,11438.72,16182.27,11414.13,12497.28,16066.08,25824.37,50485.58,55804.12,42026.15,7114.57,13672.44,16511.51,20844.13,22096.93,64172.9,21435.92,6673.08,15508.92,8714.03,12311.92,15164.63,14995.97,30904.57,9047.05,14595.13,12760.64,17257.03,11170.72,28456.13,13175.99,6506.64,12487.85,7766.61,18203.91,16598.05,49166.26
32379.71,121098.42,108903.74,124586.44,156110.13,82485.7,31220.82,21202.83,35603.73,43265.52,41309.68,15740.32,13089.47,20195.92,1e+09,36773.64,61834.74,41999.48,16717.34,13880.69,15470.58,12200.91,17579.04,43181.59,68063.27,77978.12,62284.28,21366.34,22501.45,30680.94,33856.98,18387.12,29445.3,12480.02,15605.34,14028.64,18214.65,14219.32,13598.07,12182.22,12673.79,15447.99,12832.35,13570.11,14232.24,16765.99,14231.25,12488.05,19152.25,15314.52,15293.99,12254.17,12057.64,16769.53
15647.16,71053.95,56303.74,82417.69,98006.65,55905.38,76365.17,43185.13,12318.81,19608.01,13863.66,20616.13,25300.2,17432.03,36773.64,1e+09,15019.87,36679.42,21141.42,25766.83,33211.53,27458.92,14385.09,15124.07,24907.15,32456.33,23634.4,17429.46,14179.25,13381.21,13898.15,45758.39,87679.48,32339.79,28541.44,29424.2,19665.77,33045.04,32757.2,33309.44,55861.79,29519.36,39684.79,29391.73,24358.61,22551.34,53816.14,26160.96,24614.96,26989.83,23707.88,32130.73,39822.99,67857.03
30843.54,49923.06,41703.86,60755.82,77170.21,43367.79,104935.94,74074.89,20922.16,21438.39,14826.33,41542,51010.46,38881.04,61834.74,15019.87,1e+09,34820.76,41242.6,49502.57,53224.95,51110.22,31252.45,17797.83,17822.02,20225.99,16446.45,34726.99,34866.83,22843.45,17659.21,64729.71,113249.57,59108.54,48896.63,58046.5,41372.48,56279.15,58251.17,61605.74,81667.51,50986.83,63722.71,52299.79,47553,44288.28,76814.8,51615.3,40238.3,49820.48,44032.54,59544.71,60847.56,93741.4
49266.93,79772.41,71263.13,78044.65,103367.54,43759.53,54974.12,62159.8,27572.65,39671.82,16332.53,34368.49,40560.87,35499.25,41999.48,36679.42,34820.76,1e+09,35523.8,36920.68,28937.57,40363.73,41430.38,33942.09,35501.17,39813.99,27185.21,28737.89,50662.2,28273.23,19082.01,25115.51,50266.22,53235.62,32807.49,53031.37,30686.86,35822.83,41705.43,45293.26,41559.99,35675.26,34395.17,37932.46,37251.17,32829.87,33998.19,43999.72,29429.63,32953.26,37902.28,46910.48,29617.61,40905.85
20819.33,93605,82645.29,99905.51,125715.98,67247.49,47837.73,23379.6,19893.37,27730.75,23424.21,8504.88,8586.97,11438.72,16717.34,21141.42,41242.6,35523.8,1e+09,6562.04,9811.85000000001,8246.12,9252.09,25579.65,47292.28,55081.19,38414.92,11584.17,14843.24,21734.16,17268.55,22307.54,44378.21,17533.51,11565.21,11129.35,10989.47,9193.47,8553.61,10339.35,15323.24,9476.84,14991.42,8000.92,6435.29,6937.48,14605.74,6732.16,9766.59,9949,6961.99,10648.86,14844.29,25229.66
25715.15,101619.56,91121.46,105606.02,133841.01,72867.79,44601.25,19176.15,23579.17,32045.48,29265.74,8710.93,7531.96,16182.27,13880.69,25766.83,49502.57,36920.68,6562.04,1e+09,10538.28,7751.05,11569.35,29477.05,51594.87,59337.16,44725.42,14609.35,17649.02,25671.83,20279.01,19551.38,38656.73,15947.06,13366.51,11673.74,13458.28,8011.22,8044.81,9546.08,13154.97,9566.31,12650.05,6332.37,5900,8270.72,12034.74,5961.55,10956.85,9895.88,7808.38,9995.64,11639.66,21346.2
28505.81,101998.7,90720.41,97750.03,134268.38,67102.49,42811.27,24685.34,19707.98,29077.6,23571.61,10601.89,12968.69,11414.13,15470.58,33211.53,53224.95,28937.57,9811.85000000001,10538.28,1e+09,10278.57,16831.07,28042.62,47343.88,55063.31,42578.59,10465.24,22888.02,22959.44,18296.14,12236.44,33093.61,19481.92,7114.88,14287.86,10035.55,9008.2,11883.32,12099.58,12385.24,9662.34,7179.56,11521.64,10287.65,7916.07,10306.68,12263.44,10178.19,9119.78,12426.52,14896.47,14162.55,19547.8
22900.1,107210.12,94397.78,114378.97,140506.27,78482,32335.16,21403.07,29516.34,37565.87,31462.89,9156.43,9102.56,12497.28,12200.91,27458.92,51110.22,40363.73,8246.12,7751.05,10278.57,1e+09,12632.02,35156.02,59968.74,68642.59,51319.24,16255.25,15845.78,29137.61,21709.73,19487.97,41532.51,12443.17,10032.57,9218.03,12223.79,8356.12,6971.92,6962.02,13371.42,9771.4,9494.97,6185.14,9239.37,11412.72,11907.82,5991.22,14358.17,10529.11,8105.99,9580.85,14467.54,26814.72
15519.48,84842.48,72450.57,93800.85,115056.98,61020.64,61764.34,22619.87,14863.37,24640.41,22679.06,11205.4,10851.35,16066.08,17579.04,14385.09,31252.45,41430.38,9252.09,11569.35,16831.07,12632.02,1e+09,21261.73,41575.21,47349.86,33922.4,16239.24,12258.02,16763.85,16008.15,30351.59,53023.64,18272.36,20600.33,13554.78,11348.43,16880.84,14304.68,14994.44,22956.65,17101.47,25157.88,14894.37,10652.08,7880.79,21782.12,8725,18104.18,14893.31,13304.28,11312.77,22626.39,33874.34
20315.14,63783.99,54224.25,70729.83,93863.32,48456.78,87941.97,46683.88,8184.61,8479.46,17958.78,26736.53,31542.73,25824.37,43181.59,15124.07,17797.83,33942.09,25579.65,29477.05,28042.62,35156.02,21261.73,1e+09,22171.79,25497.32,20419.31,21226.4,21808.2,12529.28,13944.45,39828.52,78484.95,42811.91,26661.49,39515.97,27201.3,36955.56,36725.84,41225.23,45143.78,27460.87,37018.05,32524.92,27081.52,24319.03,40599.89,33308.42,22618.13,29563.16,28517.13,35300.91,39088.92,57581.29
35379.76,42467.15,34108.02,46824.73,61541.63,42169.35,110417.24,74242.77,20049.83,18789.35,26109.01,49435.06,56002.4,50485.58,68063.27,24907.15,17822.02,35501.17,47292.28,51594.87,47343.88,59968.74,41575.21,22171.79,1e+09,11108.9,15785.49,42262.3,45237.47,27390.38,25181.3,60664.96,103806,70456.96,52499.71,65682.7,52014.15,59501.99,60089.55,69632.53,71031.48,50900.09,61327.9,53131.63,50315.52,46633.99,63233.52,55304.17,41967.31,52731.82,51042.3,61820.52,61586.27,84264.99
43991.49,38644.44,29778.01,42029.47,58142.73,41110.24,120081.53,84876.8,27024.45,24978.64,29072.27,57625.77,62822.46,55804.12,77978.12,32456.33,20225.99,39813.99,55081.19,59337.16,55063.31,68642.59,47349.86,25497.32,11108.9,1e+09,16323.67,50783.95,55461.68,35843.19,31131.54,69579.95,112167.24,79134.04,58749.04,74299.74,57197.31,68927.61,68561.67,76658.44,80137.73,58149.99,70397.08,62098.83,58141.71,54388.59,72403.28,64708.5,50734.72,61664.49,59109.23,67774.3,68740.99,92530.21
40870.07,43149.53,38867.54,48816.05,62785.14,30714.92,104772.13,78260.22,19187.91,28564.77,15466.88,40825.51,48162.43,42026.15,62284.28,23634.4,16446.45,27185.21,38414.92,44725.42,42578.59,51319.24,33922.4,20419.31,15785.49,16323.67,1e+09,36312.45,42773.42,27260.38,16889.09,54932.39,99863.49,66718.45,48233.98,60417.09,42774.23,52374.29,53154.95,60238.99,67731.88,46698.42,56474.3,47148.61,43653.95,41267.32,59628.73,49595.49,37944.95,49670.22,44198.32,55332.17,54374.06,79718.24
14105,87151.69,75633.29,95776.48,119315.25,66168.73,50068.28,35922.59,16757.21,24511.54,19280.72,14000.57,17521.17,7114.57,21366.34,17429.46,34726.99,28737.89,11584.17,14609.35,10465.24,16255.25,16239.24,21226.4,42262.3,50783.95,36312.45,1e+09,14773.35,15894.51,15638.17,16934.83,59022.87,22811.31,10529.85,21086.08,10834.64,14922.34,16624.97,20453.91,24836.3,12601.96,14924.02,14398.84,14897.79,11296.53,20807.88,16258.63,7455.06,12898.07,8720.34,25313.32,17656.17,40286.44
12381.93,96971.86,83560.39,108970.98,130840.69,82251.63,59663.57,18431.47,19801.86,24591.76,30062.83,15079.55,17589.42,13672.44,22501.45,14179.25,34866.83,50662.2,14843.24,17649.02,22888.02,15845.78,12258.02,21808.2,45237.47,55461.68,42773.42,14773.35,1e+09,16737,24101.4,37069.67,58049.86,16494.07,20061.33,13134.69,16479.91,19716.79,16108.57,18145.34,28046.82,15579.98,26563.19,17773.7,15193.4,15487.38,31216.33,14829.3,15674.71,21523.03,12300.72,16071.04,27005.55,36958.3
17447.32,81242.51,68129.86,87295.37,111693.14,56997.78,69918.18,39690.72,11154.29,17251.94,19884.35,23825.7,26930.36,16511.51,30680.94,13381.21,22843.45,28273.23,21734.16,25671.83,22959.44,29137.61,16763.85,12529.28,27390.38,35843.19,27260.38,15894.51,16737,1e+09,13918.28,30307.59,71609.17,33259.18,19672.69,29652.88,19619.24,29769.05,28789.97,34524.6,37777.54,20658.96,25589.63,27519.25,25372.51,20420.66,34052.71,29227.13,15784.97,21032.89,21322.22,28696.47,32229.05,52466.37
23285.87,68507.91,58802.51,74380.44,92864.96,42553.18,59233.52,47650.64,14098.55,21558.82,8694.2,17719.25,21084.04,20844.13,33856.98,13898.15,17659.21,19082.01,17268.55,20279.01,18296.14,21709.73,16008.15,13944.45,25181.3,31131.54,16889.09,15638.17,24101.4,13918.28,1e+09,27701.04,63815.11,36158.68,21236.28,28022.51,18027.2,21801.63,23329.53,26230.28,34498.26,23177.07,24103.63,20062.23,19380.27,18129,30053,20771.34,15881.44,22769.33,19418.93,27449.47,25351.64,46717.49
42108.17,118649.03,108160.74,113069.36,152350.76,71703.25,26083.99,29990.56,29608.34,42462.13,33398.32,21003.7,22375.19,22096.93,18387.12,45758.39,64729.71,25115.51,22307.54,19551.38,12236.44,19487.97,30351.59,39828.52,60664.96,69579.95,54932.39,16934.83,37069.67,30307.59,27701.04,1e+09,18881.95,27917.06,17064.99,27506.35,15504.11,15478.76,21226.08,22397.24,17051.25,19986.13,12621.29,19931.17,20517.81,16587.15,12859.7,26282.6,21242.46,14994.15,23900.12,25809.35,12599.76,15982.8
85480.73,169193.83,158318.49,156636.14,201898.43,105524.81,12655.01,28149.24,59846.66,84630.71,82197.53,38783.35,32544.64,64172.9,29445.3,87679.48,113249.57,50266.22,44378.21,38656.73,33093.61,41532.51,53023.64,78484.95,103806,112167.24,99863.49,59022.87,58049.86,71609.17,63815.11,18881.95,1e+09,27487.97,41742.59,30569.41,42163.57,34905.98,34631.5,30893.06,14910.97,33412.05,30598.85,36874.01,37207.26,33789.9,18239.27,41831.47,55029.99,31154.06,52337.7,34672.54,27205.29,10194.86
28772.23,129052.04,110992.71,133956.19,166749.75,98565.07,42886.56,11932.12,36108.75,45213.65,43385.87,16954.73,15000.22,21435.92,12480.02,32339.79,59108.54,53235.62,17533.51,15947.06,19481.92,12443.17,18272.36,42811.91,70456.96,79134.04,66718.45,22811.31,16494.07,33259.18,36158.68,27917.06,27487.97,1e+09,21192.9,10343,18223.25,17660.41,13554.47,12168.94,14468.83,13276.35,20997.78,13155.14,14527.84,14171.42,17806.31,11304.91,21266.78,14600.14,16947.03,13124.99,17196.79,18510.68
23397.48,107475.12,95742.3,111363.74,142957.65,78047.6,37742.68,28861.15,22605.85,31586.36,24692.69,11040.58,11771.37,6673.08,15605.34,28541.44,48896.63,32807.49,11565.21,13366.51,7114.88,10032.57,20600.33,26661.49,52499.71,58749.04,48233.98,10529.85,20061.33,19672.69,21236.28,17064.99,41742.59,21192.9,1e+09,11366.33,8850.18,8814.67,10741.64,9701.2,14501.16,8456.6,7135.45,9660.41,13797.06,10781.89,15321.63,12620.47,7727.54,8306.11,9482.13,16579.2,13306.67,27499.21
25207.27,121599.31,107853.17,131483.48,155434.87,93617.24,37170.65,12219.52,30545.14,41512.23,41192.45,11953.06,9955.92,15508.92,14028.64,29424.2,58046.5,53031.37,11129.35,11673.74,14287.86,9218.03,13554.78,39515.97,65682.7,74299.74,60417.09,21086.08,13134.69,29652.88,28022.51,27506.35,30569.41,10343,11366.33,1e+09,15880.53,10999.56,9252.06,7416.55,13664.96,10602.89,12903.76,10716.79,9912.03,11344.63,16376.46,7906.87,17906.73,10845.06,11033.47,7119.79,16534.73,19840.07
19084.26,99211.88,88006.17,103634.69,132732.16,68267.55,38723.3,29023.07,21258.7,33813.32,22490.16,10947.92,15034.81,8714.03,18214.65,19665.77,41372.48,30686.86,10989.47,13458.28,10035.55,12223.79,11348.43,27201.3,52014.15,57197.31,42774.23,10834.64,16479.91,19619.24,18027.2,15504.11,42163.57,18223.25,8850.18,15880.53,1e+09,13060.04,15426.42,18182.5,18782.15,10768.3,11719.62,14456.86,14276.06,9368.94,17455.47,14465.19,8841.09,11573.32,10684.18,18851.02,14437.06,29371.16
27734.47,112330.62,100862.32,117384.53,145201.4,83641.83,25763.89,24078.92,27700.91,40484.94,31889.9,9848.16,11459.34,12311.92,14219.32,33045.04,56279.15,35822.83,9193.47,8011.22,9008.2,8356.12,16880.84,36955.56,59501.99,68927.61,52374.29,14922.34,19716.79,29769.05,21801.63,15478.76,34905.98,17660.41,8814.67,10999.56,13060.04,1e+09,5395.65,8328.66,9858.69,9414.61,8922.51,6621.99,9709.2,11969.9,9605.55,7940.31,10425.99,10581.21,6793.06,11663.15,11938.12,24595.15
28428.73,112803.56,101613.41,117347.44,146182.63,82681.48,33929.13,18218.21,26838.13,39938.93,35586.7,9742.27,9159.45,15164.63,13598.07,32757.2,58251.17,41705.43,8553.61,8044.81,11883.32,6971.92,14304.68,36725.84,60089.55,68561.67,53154.95,16624.97,16108.57,28789.97,23329.53,21226.08,34631.5,13554.47,10741.64,9252.06,15426.42,5395.65,1e+09,5895.31,9854.08,8250.25,10386.52,6067.7,8903.84,11119.53,13446.24,7102.39,12119.52,11284.34,6658.39,10212.16,14945.58,16743.19
29927.66,119907.15,107659.09,124331.53,153558.36,85086.04,30046.55,18450.53,32347.96,45434.11,39362.78,10445.14,8461.77,14995.97,12182.22,33309.44,61605.74,45293.26,10339.35,9546.08,12099.58,6962.02,14994.44,41225.23,69632.53,76658.44,60238.99,20453.91,18145.34,34524.6,26230.28,22397.24,30893.06,12168.94,9701.2,7416.55,18182.5,8328.66,5895.31,1e+09,9112.43,8176.2,8788.24,8133.07,10266.46,12113.17,11976.25,7589.1,16933.02,12009.58,10332.33,9359.9,15306.06,16381.6
51351.56,136992.48,125383.51,126879.12,170513.15,88950.2,31772.4,16638.56,33442.56,49273.17,49951.73,15425.28,14013,30904.57,12673.79,55861.79,81667.51,41559.99,15323.24,13154.97,12385.24,13371.42,22956.65,45143.78,71031.48,80137.73,67731.88,24836.3,28046.82,37777.54,34498.26,17051.25,14910.97,14468.83,14501.16,13664.96,18782.15,9858.69,9854.08,9112.43,1e+09,10173.89,9105.3,13685.17,13242.92,12643.98,6535.57,12513.46,22930.22,10832.52,21202.82,10514.59,14683.6,8459.12
23826.51,111840.42,96940.2,113519.14,145220.85,85374.95,43529.48,16852.02,22680.98,30835.13,28518.8,11097.19,10720.12,9047.05,15447.99,29519.36,50986.83,35675.26,9476.84,9566.31,9662.34,9771.4,17101.47,27460.87,50900.09,58149.99,46698.42,12601.96,15579.98,20658.96,23177.07,19986.13,33412.05,13276.35,8456.6,10602.89,10768.3,9414.61,8250.25,8176.2,10173.89,1e+09,10379.39,8637.07,9774.11,8863.85,11846.06,8490.37,8684.97,6841.52,9434.26,10781.96,12603.53,17097.63
33107.02,117683.58,106440.99,116020.95,152571.05,80038.99,35650.78,22155.97,28817.99,38950.49,33788.99,10101.26,15129.07,14595.13,12832.35,39684.79,63722.71,34395.17,14991.42,12650.05,7179.56,9494.97,25157.88,37018.05,61327.9,70397.08,56474.3,14924.02,26563.19,25589.63,24103.63,12621.29,30598.85,20997.78,7135.45,12903.76,11719.62,8922.51,10386.52,8788.24,9105.3,10379.39,1e+09,11664.69,14045.36,11664.73,7286.35,14006.37,13001.32,7522.68,13501.23,14411.87,9673.76,17043.99
27415.78,103928.39,93582.87,108363.53,136293.03,77158.59,40554.9,19213.89,23853.03,33315.02,29834.61,8598.66,7769.42,12760.64,13570.11,29391.73,52299.79,37932.46,8000.92,6332.37,11521.64,6185.14,14894.37,32524.92,53131.63,62098.83,47148.61,14398.84,17773.7,27519.25,20062.23,19931.17,36874.01,13155.14,9660.41,10716.79,14456.86,6621.99,6067.7,8133.07,13685.17,8637.07,11664.69,1e+09,5243.96,7801.91,11911.58,5847.19,11207.49,7948.36,6946.66,10009.14,9924.71,18830.3
26031.63,100245.82,89178.68,104240.68,131859.72,71322.89,48384.26,17972.01,20910.35,30289.49,28853.35,8250.98,7628.94,17257.03,14232.24,24358.61,47553,37251.17,6435.29,5900,10287.65,9239.37,10652.08,27081.52,50315.52,58141.71,43653.95,14897.79,15193.4,25372.51,19380.27,20517.81,37207.26,14527.84,13797.06,9912.03,14276.06,9709.2,8903.84,10266.46,13242.92,9774.11,14045.36,5243.96,1e+09,6376.09,12059.5,7030.29,12656.26,10754.48,8400.08,9930.98,12885.01,19691.09
22299.18,100799.83,89035.82,101440.7,133127.9,66598.39,48834.85,18858.1,19112.71,29181.73,25449.04,8921.75,9577.4,11170.72,16765.99,22551.34,44288.28,32829.87,6937.48,8270.72,7916.07,11412.72,7880.79,24319.03,46633.99,54388.59,41267.32,11296.53,15487.38,20420.66,18129,16587.15,33789.9,14171.42,10781.89,11344.63,9368.94,11969.9,11119.53,12113.17,12643.98,8863.85,11664.73,7801.91,6376.09,1e+09,10963.02,8288.93,11762.75,9261.06,10381.91,9447.62,12674.31,18901.54
49377.83,126835.79,116154.93,116525.16,158883.59,77567.66,30602.21,18779.23,28678.78,43379.74,43641.89,15226.54,13823.32,28456.13,14231.25,53816.14,76814.8,33998.19,14605.74,12034.74,10306.68,11907.82,21782.12,40599.89,63233.52,72403.28,59628.73,20807.88,31216.33,34052.71,30053,12859.7,18239.27,17806.31,15321.63,16376.46,17455.47,9605.55,13446.24,11976.25,6535.57,11846.06,7286.35,11911.58,12059.5,10963.02,1e+09,14351.46,22626.04,8776.02,21332.83,12296.96,10654.98,10045.3
25617.56,107497.73,95317.21,110588.77,138978.04,80263.23,43045.33,17674.25,25347.54,36541.49,33254.11,7516.25,7150.99,13175.99,12488.05,26160.96,51615.3,43999.72,6732.16,5961.55,12263.44,5991.22,8725,33308.42,55304.17,64708.5,49595.49,16258.63,14829.3,29227.13,20771.34,26282.6,41831.47,11304.91,12620.47,7906.87,14465.19,7940.31,7102.39,7589.1,12513.46,8490.37,14006.37,5847.19,7030.29,8288.93,14351.46,1e+09,12152.45,11372.42,7545.66,7944,13019.73,23083.06
17843.11,94686.55,83062.72,100817.33,127037.95,72239.87,46208.39,33114.53,18923.23,26100.98,20722.43,9927.44,15308.55,6506.64,19152.25,24614.96,40238.3,29429.63,9766.59,10956.85,10178.19,14358.17,18104.18,22618.13,41967.31,50734.72,37944.95,7455.06,15674.71,15784.97,15881.44,21242.46,55029.99,21266.78,7727.54,17906.73,8841.09,10425.99,12119.52,16933.02,22930.22,8684.97,13001.32,11207.49,12656.26,11762.75,22626.04,12152.45,1e+09,13109.63,7030.66,20385.23,15527.08,37123.65
26949.47,111788.03,97886.8,112596.18,147426.21,76577.35,46139.8,20860.37,23842.5,33355.46,29466.53,11854.11,11191.06,12487.85,15314.52,26989.83,49820.48,32953.26,9949,9895.88,9119.78,10529.11,14893.31,29563.16,52731.82,61664.49,49670.22,12898.07,21523.03,21032.89,22769.33,14994.15,31154.06,14600.14,8306.11,10845.06,11573.32,10581.21,11284.34,12009.58,10832.52,6841.52,7522.68,7948.36,10754.48,9261.06,8776.02,11372.42,13109.63,1e+09,12579.79,9156.32,10399.7,18826.84
16975.98,98066.42,86186.17,106437.02,132360.82,78982.07,42183.33,25335.7,22520.71,30167.68,25557.78,8303.11,10720.87,7766.61,15293.99,23707.88,44032.54,37902.28,6961.99,7808.38,12426.52,8105.99,13304.28,28517.13,51042.3,59109.23,44198.32,8720.34,12300.72,21322.22,19418.93,23900.12,52337.7,16947.03,9482.13,11033.47,10684.18,6793.06,6658.39,10332.33,21202.82,9434.26,13501.23,6946.66,8400.08,10381.91,21332.83,7545.66,7030.66,12579.79,1e+09,11584.98,15016.96,34624.11
29033.33,119499.79,105259.64,119477.59,149581.84,79115.37,47527.35,14307.29,24558.94,40780.87,43441.37,11611.29,9113.59,18203.91,12254.17,32130.73,59544.71,46910.48,10648.86,9995.64,14896.47,9580.85,11312.77,35300.91,61820.52,67774.3,55332.17,25313.32,16071.04,28696.47,27449.47,25809.35,34672.54,13124.99,16579.2,7119.79,18851.02,11663.15,10212.16,9359.9,10514.59,10781.96,14411.87,10009.14,9930.98,9447.62,12296.96,7944,20385.23,9156.32,11584.98,1e+09,15994.27,21695.27
33448.83,114045.18,102744.86,114877.66,146717.13,75076.84,31787.02,23325.93,30316.02,40885.41,33392.97,14241.16,13268.94,16598.05,12057.64,39822.99,60847.56,29617.61,14844.29,11639.66,14162.55,14467.54,22626.39,39088.92,61586.27,68740.99,54374.06,17656.17,27005.55,32229.05,25351.64,12599.76,27205.29,17196.79,13306.67,16534.73,14437.06,11938.12,14945.58,15306.06,14683.6,12603.53,9673.76,9924.71,12885.01,12674.31,10654.98,13019.73,15527.08,10399.7,15016.96,15994.27,1e+09,19042.44
67877.24,149573.03,139012.42,137456.97,181926.08,91745.98,20948.24,19958.92,41162.56,64998.17,64448.37,21456.96,17164.64,49166.26,16769.53,67857.03,93741.4,40905.85,25229.66,21346.2,19547.8,26814.72,33874.34,57581.29,84264.99,92530.21,79718.24,40286.44,36958.3,52466.37,46717.49,15982.8,10194.86,18510.68,27499.21,19840.07,29371.16,24595.15,16743.19,16381.6,8459.12,17097.63,17043.99,18830.3,19691.09,18901.54,10045.3,23083.06,37123.65,18826.84,34624.11,21695.27,19042.44,1e+09
