1e+09,62481.76,61343.82,87206.51,116150.43,95419.34,27931.12,58901.41,11835.32,11668.91,17638.5,14556.71,17099.54,6641.2,16509.18,15398.99,22672.81,23837.9,20231.04,15007.49,12193.83,15004.35,13152.65,12972.86,23428.9,37282.9,33812.79,8975.29,9214.32,12115.19,16067.9,20227.78,60474.21,39221.62,8861.96,21173.67,10333.58,15674.75,17018.28,20865.31,25041.33,18326.75,10745.53,18606.11,16127.02,15373.01,18507.59,21225.91,6235.1,14476.96,9849.06,19699.11,15425.38,36007.22
62481.76,1e+09,12538.52,13755.14,25001.3,18465.13,98931.75,147578.26,66766.01,59877.99,43000.24,91813.47,92393.76,66246.64,95049.17,59446.21,42872.69,40877.02,99622.22,95049.5,86985.63,93084.52,88546.23,60227.17,37176.6,29597.38,29250.12,65576.05,76420.53,49700.64,56964.03,95089.7,146832.09,119110.51,69845.5,102468.53,73261.97,94305.16,92838.3999999999,101825.21,109180.08,90290.43,88093.27,98239.38,93344.1,92507.75,102486.35,103467.64,64667.2,83981.12,86464.82,103474.61,86884,126038.75
61343.82,12538.52,1e+09,13728.69,26711.67,24413.08,98596.7,150884.24,65391.44,63321.99,37322.99,98420.02,92844.51,69541.34,100692.6,60629.99,42332.5,39336.14,99007.13,97202.03,89656.54,98603.48,91206.38,60317.69,36672.45,24175.27,23065.3,68181.85,79257.82,53493.98,55096.07,97051.05,154034.44,121394.9,72247.67,107810.71,76837.22,98178.69,101731.12,110195.98,110143.41,90323,90685.06,104934.46,101392.2,94537.59,102946.77,109347.5,63203.25,86228.99,89748.84,108310.64,87011.12,127977.36
87206.51,13755.14,13728.69,1e+09,15813.96,19204.94,131641.77,182874.41,93113.77,90001.76,59453.31,128794.48,126758.17,96925.24,132603.37,86720.5,60234,56121.13,132325.71,132678.21,120587.65,127799.28,123719.76,85672.16,55804.75,36785.87,37287.32,94310.84,108481.1,75553.48,79438.77,128649.12,186214.9,153087.05,101258.9,139041.88,104571.61,132947.05,131382.24,141463.34,145899.28,121405.28,121539.57,134919.73,131377.47,127094.11,137658.63,139666.92,91104.27,117327.52,121307.18,142935.25,120699.43,163643.18
116150.43,25001.3,26711.67,15813.96,1e+09,20841.49,174164,197537.46,128350.39,121688.51,86691.35,145643.63,156623.09,126051.44,158233.3,120234.98,86253.18,84398.66,158314.82,149978.1,151568.35,138722.28,144868.83,119280.92,76612.91,57456.12,58517.91,128861.93,136772,107667.33,112810.27,167493.71,197530.25,166572.72,130990.79,160600.18,139467.89,144189.26,141470.53,151164.85,176344.31,149593.49,149448.17,145749.54,143620.31,155013.86,170533.98,153914.9,123300.43,145480.05,137551.55,159753.66,158550.24,189961.2
95419.34,18465.13,24413.08,19204.94,20841.49,1e+09,127253.23,186876.76,97250.63,94951.7,69916.22,129227.7,121203.76,104392.53,136633.4,93527.28,72912.59,66924.18,132418.27,126868.35,124809.8,136902.33,124827.23,91408.14,67903.7,54519.94,52665.21,97344.14,113599.18,82749.46,85572.95,128974.43,183644.1,157335.7,106683.12,144912.03,108695.3,127644.03,141741.76,140731.91,139134.37,125391.8,126370.8,144408.54,140866.28,128609.53,133677.59,148241.32,95958.07,121546.22,124913.71,137340.04,116823.67,157364.47
27931.12,98931.75,98596.7,131641.77,174164,127253.23,1e+09,34848.33,25084.91,28491.93,46999.29,22688.15,22075.4,30874.82,20960.07,34336.29,53612.38,41719.18,23534.35,19776.08,24099.04,24646.77,25281.9,28577.93,46527.72,68116.8,60899.67,27079.07,24229.88,29355.14,26893.24,18122.67,24173.52,27134.84,25959.36,23062.73,24246.15,22171.74,26068.88,24506.35,20989.31,21045.96,21295.58,24192.83,22607.45,20726.82,18981.44,22268.99,24771.94,17429.9,24583.51,19458.4,14424.17,18029.96
58901.41,147578.26,150884.24,182874.41,197537.46,186876.76,34848.33,1e+09,49869.92,66928.74,88601.93,39755.53,41738.81,62356.92,36397.69,43622.87,107776.6,94990.75,14355.8,46103.25,41442.61,28197.56,43879.1,79061.18,92447.35,115847.59,107063.5,59902.41,39481.14,70131.69,58970.65,41223.38,14556.45,10880.64,50894.43,24587.49,54328.24,34966.16,33485.88,36853.99,34772.8,24179.97,30704.12,23136.11,34586.84,38211.94,32699.53,22727.61,51993.39,37045.71,42402.13,36018.52,40280.57,22997.49
11835.32,66766.01,65391.44,93113.77,128350.39,97250.63,25084.91,49869.92,1e+09,10779.46,19903.86,19181.37,17323.14,18961.65,22471.61,17571.23,24535.1,20410.51,18322.54,20431.79,16133.52,18878.25,20979.25,12236.53,20819.95,37113.23,31436.45,12081.69,14518.25,12087.48,10373.29,21228.54,46295.87,30322.97,12718.87,21466.87,15420.97,17675.68,24820.26,22127.78,22021.35,12841.16,11890.3,24679.29,23470.1,18955.07,18370.68,24443.36,12462.46,14761.89,16512.54,20926.92,17323.08,30442.44
11668.91,59877.99,63321.99,90001.76,121688.51,94951.7,28491.93,66928.74,10779.46,1e+09,18543.14,26172.34,19291.16,17413.36,29156.78,14413.8,18807.65,17494.71,24675.68,24973.5,27372.93,24440.2,25395.49,10196.66,16694.91,33444.92,30684.25,10187.69,11565.01,9853.05,9789.41,29368.4,69540.54,43359.21,15789.8,28652.86,17614.2,24508.73,28109.99,30222.71,34601.4,17413.68,19040.07,29439.04,29223.49,29606.24,28576.73,30621.69,13757.11,17345.84,20433.54,29067.65,18579.41,46780.38
17638.5,43000.24,37322.99,59453.31,86691.35,69916.22,46999.29,88601.93,19903.86,18543.14,1e+09,41218.9,37962.39,25233.12,44494.13,19016.19,12655.55,15440.44,42906.51,40128.34,38898.05,41207.76,39132.72,19982.16,11348.56,17111.2,17333.77,22114.05,27310.84,18225.41,16543.9,44822.07,92301.29,61518.46,26461.24,47118.18,30058.22,40880.6,43474.28,50229.85,52510.63,34297.08,35080.77,45463.06,44283.54,41249.52,45757.98,48271.37,17413.33,32509.43,34455.27,48436.83,35855.73,67998.54
14556.71,91813.47,98420.02,128794.48,145643.63,129227.7,22688.15,39755.53,19181.37,26172.34,41218.9,1e+09,9529.09,14005.75,9650.78,22303.28,52572.7,38233.14,12404.41,6754.22,7201.9,9648.22,8368.45,25055.06,46480.78,68225.99,62632.8,14849.96,9556.99,22716.29,25451.45,14921.98,30698.09,29244.13,10079.1,12434.24,10037.83,9111.14,7395.73,6456.68,11260.62,12626.12,9622.72,11013.24,6741.7,7116.44,10961.29,10691.17,8868.77,12171.07,7761.6,6776.82,12276.26,15986.94
17099.54,92393.76,92844.51,126758.17,156623.09,121203.76,22075.4,41738.81,17323.14,19291.16,37962.39,9529.09,1e+09,21983.88,13141.52,21906.44,47918.47,30042.1,20707.85,8984.94,11183.34,15678.57,11303.76,17121.29,38670.8,62469.6,56288.04,13353.73,13799.25,15571.36,20872.41,17908.76,24082.39,26854.78,12132.91,12387.66,11839.74,10451.05,9605.47,9480.93,11395.32,16967.6,14682.66,13939.77,10401.15,9360.3,11882.04,16771.21,11525.32,14367.78,13157.1,9768.67,15105.41,15628.91
6641.2,66246.64,69541.34,96925.24,126051.44,104392.53,30874.82,62356.92,18961.65,17413.36,25233.12,14005.75,21983.88,1e+09,18225.86,12920.18,25743.97,28013.45,22700.98,17129.8,14057.1,13694.26,15356.33,17669.1,30860.16,44320.9,43425.92,10253.01,11946.69,13304.63,21175.18,22803.97,60756.32,37620.15,10718.21,23723.1,11176.21,15459.13,14889.18,19462.25,31828.79,22616.4,16208.1,17814.73,14917.65,18559.24,27413.74,21105.02,10785.72,18855.13,10447.88,21161.88,16875.18,45050.92
16509.18,95049.17,100692.6,132603.37,158233.3,136633.4,20960.07,36397.69,22471.61,29156.78,44494.13,9650.78,13141.52,18225.86,1e+09,28775.11,57385.86,47567.32,19349.08,9503.08,7522.58,14172.27,10879.26,32372.62,48977.77,68661.76,63668.19,21395.19,11228.3,24770.73,28818.12,11221.04,23854.75,28116.2,10012.35,11107.32,13493.36,9772.98,10218.56,9734.59,8878.92,15700.2,8323.2,13760.96,8030.61,7733.03,7315.28,13526.09,11381.69,7728,11790.36,6258.4,11621.21,10351.65
15398.99,59446.21,60629.99,86720.5,120234.98,93527.28,34336.29,43622.87,17571.23,14413.8,19016.19,22303.28,21906.44,12920.18,28775.11,1e+09,22957.13,25455.36,22134.82,22371.04,23041.34,22176.95,18700.99,19817.21,23375.43,34135.76,32341.27,13531.36,14621.51,14833.35,19298.92,31756.02,48288.29,24756.01,16312.78,27765.93,16653.46,21721.52,21083.58,26220.81,35334.37,18347.26,21870.01,23451.19,24840.82,24138.69,29917.01,26955.43,15426.16,20517.45,16803.38,28478.41,23883.07,45136.91
22672.81,42872.69,42332.5,60234,86253.18,72912.59,53612.38,107776.6,24535.1,18807.65,12655.55,52572.7,47918.47,25743.97,57385.86,22957.13,1e+09,13351.44,54487.34,50646.43,45179.78,55988.85,45438.45,18320.97,15102.89,17574.43,17565.59,23019.37,37909.56,15010.32,18401.81,50442.67,107761.66,77882.32,31228.22,65187.85,31690.5,51335.65,58868.91,64160.33,63338.79,50976.74,47977.62,63553.26,58888.95,49954.95,56788.13,67284.41,26588.74,46450.44,45204.07,61750.12,40665.2,81555.68
23837.9,40877.02,39336.14,56121.13,84398.66,66924.18,41719.18,94990.75,20410.51,17494.71,15440.44,38233.14,30042.1,28013.45,47567.32,25455.36,13351.44,1e+09,44437.54,35345.94,37074.49,50207.06,37027.19,17238.76,13197.84,15525.68,16722.02,22389.46,33634.32,13561.85,16785.49,40597.3,84468.81,69461.75,27904.02,56630.38,27433.81,36965,46924.5,44557.6,42613.94,41705.38,39482.2,58351.42,48617.26,39036.33,40788.09,59045.97,22728.21,38304.81,38768.82,41731.98,31199.52,59100.77
20231.04,99622.22,99007.13,132325.71,158314.82,132418.27,23534.35,14355.8,18322.54,24675.68,42906.51,12404.41,20707.85,22700.98,19349.08,22134.82,54487.34,44437.54,1e+09,18843.96,13702.76,10844.32,18648.65,33249.82,46791.33,66399.44,60224.93,19220.89,13993.89,25995.71,23684.49,20010.35,23536.2,15376.03,18284.05,13277.73,19471.88,16595.29,15680.72,13217.07,20566.35,8225.74,12869.86,11420.27,14369.55,15464.22,16458.83,8664.51,16843.32,19505.56,13864.56,13730.55,16881.55,17484.74
15007.49,95049.5,97202.03,132678.21,149978.1,126868.35,19776.08,46103.25,20431.79,24973.5,40128.34,6754.22,8984.94,17129.8,9503.08,22371.04,50646.43,35345.94,18843.96,1e+09,8955.42,14739.75,8846.62,21396.35,44932.04,67855.2,61454.47,15632.26,12454.72,20490.97,24367.23,13887.52,28383.14,33225.22,10729.11,14209.81,12033.39,9992.57,8119.74,7531.41,8816.42,18717.49,12173.58,14714.81,7752.7,7733.34,9485.17,17091.45,10477.07,11190.19,10817.33,7411.98,12490.48,12937.95
12193.83,86985.63,89656.54,120587.65,151568.35,124809.8,24099.04,41442.61,16133.52,27372.93,38898.05,7201.9,11183.34,14057.1,7522.58,23041.34,45179.78,37074.49,13702.76,8955.42,1e+09,11188.95,9047.17,21891.72,43182.2,62581.19,59641.43,14349.74,11912.22,21259.27,26272.34,10894.59,31211.98,30175.5,5586.64,14617.64,9213.9,10462.41,9793.15,7219.74,8482.22,14427.06,7583.82,14230.38,9166.74,5891.32,8548.58,13963.06,8731.41,9292.34,10454.35,7564.79,12994.05,13901.05
15004.35,93084.52,98603.48,127799.28,138722.28,136902.33,24646.77,28197.56,18878.25,24440.2,41207.76,9648.22,15678.57,13694.26,14172.27,22176.95,55988.85,50207.06,10844.32,14739.75,11188.95,1e+09,14640.5,38252.04,47457.38,64428.02,58834.57,16605.97,9936.2,26181.91,26108.18,20940.02,27533.5,17543.91,15295.62,11351.7,15499.73,11337.77,9603.57,9447.14,16702.1,8011.49,8801.21,5775.61,10021.91,12823.46,13807.48,6302.94,13723.19,14724.15,7706.19,11385.74,15441.97,18728.36
13152.65,88546.23,91206.38,123719.76,144868.83,124827.23,25281.9,43879.1,20979.25,25395.49,39132.72,8368.45,11303.76,15356.33,10879.26,18700.99,45438.45,37027.19,18648.65,8846.62,9047.17,14640.5,1e+09,23785.24,45117.73,63987.61,59002.69,14944.2,10730.67,19132.13,26466.14,16257.26,33376.97,27085.85,9551.44,14222.28,8785.98,8384.99,9876.29,10008.31,11812.86,15628.29,12959.81,15552.16,11192.58,8293.56,13715.65,16783.16,11537.24,13666.66,9893.8,11116.89,13353.39,19261.13
12972.86,60227.17,60317.69,85672.16,119280.92,91408.14,28577.93,79061.18,12236.53,10196.66,19982.16,25055.06,17121.29,17669.1,32372.62,19817.21,18320.97,17238.76,33249.82,21396.35,21891.72,38252.04,23785.24,1e+09,21515.13,35557.72,31158.98,13199.7,22568.14,11599.43,11666.52,25663.09,62209.46,55343,14640.91,43609.77,14224.56,23266.85,31256.95,29281.59,23929.07,32920.15,25674.66,45305.24,33917.29,23778.65,24507.26,45876.6,14095.31,25902.65,26973.93,26458.24,18638.14,38798.25
23428.9,37176.6,36672.45,55804.75,76612.91,67903.7,46527.72,92447.35,20819.95,16694.91,11348.56,46480.78,38670.8,30860.16,48977.77,23375.43,15102.89,13197.84,46791.33,44932.04,43182.2,47457.38,45117.73,21515.13,1e+09,18225.93,15410.32,24970.45,30479.18,14721.89,16610.82,49144.98,95493.61,66484.48,30145.37,51858.74,34081.58,46090.66,49586.15,54124.03,55368.75,36516.69,38910.15,51393.34,50071.88,45697.61,49168.89,53800.4,20327.92,34549.81,40489.32,51724.72,38740.54,70487.24
37282.9,29597.38,24175.27,36785.87,57456.12,54519.94,68116.8,115847.59,37113.23,33444.92,17111.2,68225.99,62469.6,44320.9,68661.76,34135.76,17574.43,15525.68,66399.44,67855.2,62581.19,64428.02,63987.61,35557.72,18225.93,1e+09,10758.43,37765.57,47708.85,23886.78,27864.4,68584.38,119572.23,87660.95,43267.22,72837.57,54100.94,66875.15,67175.65,76311.01,79934.3,57899.47,57424.74,69342.23,66572.61,66813.2,71938.74,73761.91,40165.35,52964.84,59300.77,76909.71,57085.78,96120.12
33812.79,29250.12,23065.3,37287.32,58517.91,52665.21,60899.67,107063.5,31436.45,30684.25,17333.77,62632.8,56288.04,43425.92,63668.19,32341.27,17565.59,16722.02,60224.93,61454.47,59641.43,58834.57,59002.69,31158.98,15410.32,10758.43,1e+09,33064.66,42164.09,23158.28,23613.06,63274.66,110371.36,78897.72,42605.92,65181.16,48165.67,60298.6,61251.4,70023.2,73348.95,50345.22,52372.86,63453.16,62773.94,63137.41,65367.89,66379.22,36263.28,47404.23,53838.88,69230.98,51128.44,89016.13
8975.29,65576.05,68181.85,94310.84,128861.93,97344.14,27079.07,59902.41,12081.69,10187.69,22114.05,14849.96,13353.73,10253.01,21395.19,13531.36,23019.37,22389.46,19220.89,15632.26,14349.74,16605.97,14944.2,13199.7,24970.45,37765.57,33064.66,1e+09,10250.36,9877.64,10851.55,23763.88,60564.24,36040.51,13322.23,22129.03,12217.13,15370.17,19239.8,20997,25900.2,15086.61,12728.77,20569.21,20170.55,15574.18,20481.37,22788.53,10716.18,14817.04,10520.47,20524.59,15037.66,39340.27
9214.32,76420.53,79257.82,108481.1,136772,113599.18,24229.88,39481.14,14518.25,11565.01,27310.84,9556.99,13799.25,11946.69,11228.3,14621.51,37909.56,33634.32,13993.89,12454.72,11912.22,9936.2,10730.67,22568.14,30479.18,47708.85,42164.09,10250.36,1e+09,13651.85,16132.45,19718.56,37799.99,24357.58,11514.97,13081.53,12383.02,10958.1,10712.52,10721.18,20542.62,9968.1,9418.54,10493.61,8874.58,13206.75,16492.33,10592.01,8956.53,13038.57,9106.25,13154.02,12865.23,27910.6
12115.19,49700.64,53493.98,75553.48,107667.33,82749.46,29355.14,70131.69,12087.48,9853.05,18225.41,22716.29,15571.36,13304.63,24770.73,14833.35,15010.32,13561.85,25995.71,20490.97,21259.27,26181.91,19132.13,11599.43,14721.89,23886.78,23158.28,9877.64,13651.85,1e+09,9432.66,25203.88,68355.96,47090.27,10194.66,29879.43,14740.62,20667.71,28120.78,28239.87,29144.46,21045.8,16580.6,30522.86,25444.24,23120.16,24732.24,32727.53,14297.5,15997.2,18455.12,25982.97,17265.94,43567.83
16067.9,56964.03,55096.07,79438.77,112810.27,85572.95,26893.24,58970.65,10373.29,9789.41,16543.9,25451.45,20872.41,21175.18,28818.12,19298.92,18401.81,16785.49,23684.49,24367.23,26272.34,26108.18,26466.14,11666.52,16610.82,27864.4,23613.06,10851.55,16132.45,9432.66,1e+09,28266.71,58915.05,38381.25,20034.15,28601.73,20125.18,24221,30286.87,28419.86,28007.14,18255.21,19888.7,31361.06,31650.89,26861.84,25326.85,29950.42,15812.24,18885.05,22432.32,26040.89,18306.24,38101.22
20227.78,95089.7,97051.05,128649.12,167493.71,128974.43,18122.67,41223.38,21228.54,29368.4,44822.07,14921.98,17908.76,22803.97,11221.04,31756.02,50442.67,40597.3,20010.35,13887.52,10894.59,20940.02,16257.26,25663.09,49144.98,68584.38,63274.66,23763.88,19718.56,25203.88,28266.71,1e+09,19612.21,27141.7,14818.89,19932.39,12525.66,16770.75,19719.48,18114.27,12677.49,21146.14,14397.83,21672.93,15956.7,10590.59,10147.44,22534.01,17842.49,11572.81,18938.26,14867.59,12106.67,14564.29
60474.21,146832.09,154034.44,186214.9,197530.25,183644.1,24173.52,14556.45,46295.87,69540.54,92301.29,30698.09,24082.39,60756.32,23854.75,48288.29,107761.66,84468.81,23536.2,28383.14,31211.98,27533.5,33376.97,62209.46,95493.61,119572.23,110371.36,60564.24,37799.99,68355.96,58915.05,19612.21,1e+09,10127,38460.89,15638.4,39423.44,24908.2,24805.87,27213.65,19654.32,22822.72,27273.06,22696.77,22683.47,22815.02,15900.72,21446.64,48921.31,19682.51,40297.05,22227.61,24614.13,12351.13
39221.62,119110.51,121394.9,153087.05,166572.72,157335.7,27134.84,10880.64,30322.97,43359.21,61518.46,29244.13,26854.78,37620.15,28116.2,24756.01,77882.32,69461.75,15376.03,33225.22,30175.5,17543.91,27085.85,55343,66484.48,87660.95,78897.72,36040.51,24357.58,47090.27,38381.25,27141.7,10127,1e+09,38824.82,14120.47,31998.08,21156.75,20715.18,25837.01,21784.46,14879.03,25205.74,14616.62,26904.98,29268.57,23814.36,14356.71,37223.34,28583.25,25963.68,27649.31,30553.8,16789.11
8861.96,69845.5,72247.67,101258.9,130990.79,106683.12,25959.36,50894.43,12718.87,15789.8,26461.24,10079.1,12132.91,10718.21,10012.35,16312.78,31228.22,27904.02,18284.05,10729.11,5586.64,15295.62,9551.44,14640.91,30145.37,43267.22,42605.92,13322.23,11514.97,10194.66,20034.15,14818.89,38460.89,38824.82,1e+09,20021.42,7982.21,11309.87,13517.6,10678.55,10773.72,19844.02,9701.03,19847.24,12961.66,9728.46,13025.86,20395.85,7406.59,10218.44,10488.3,10386.7,12439.35,17995.74
21173.67,102468.53,107810.71,139041.88,160600.18,144912.03,23062.73,24587.49,21466.87,28652.86,47118.18,12434.24,12387.66,23723.1,11107.32,27765.93,65187.85,56630.38,13277.73,14209.81,14617.64,11351.7,14222.28,43609.77,51858.74,72837.57,65181.16,22129.03,13081.53,29879.43,28601.73,19932.39,15638.4,14120.47,20021.42,1e+09,19250.97,8792.19,9220.66,9458.1,11801.81,9859.88,9995.58,8970.92,10129.86,15043.81,13103.87,11366.3,17919.88,13656.71,11062.26,10319.94,16306.07,14788.31
10333.58,73261.97,76837.22,104571.61,139467.89,108695.3,24246.15,54328.24,15420.97,17614.2,30058.22,10037.83,11839.74,11176.21,13493.36,16653.46,31690.5,27433.81,19471.88,12033.39,9213.9,15499.73,8785.98,14224.56,34081.58,54100.94,48165.67,12217.13,12383.02,14740.62,20125.18,12525.66,39423.44,31998.08,7982.21,19250.97,1e+09,11616.11,15696.92,14646.25,10490.92,19222.05,12798.83,21737.44,16181.4,9740.89,12564.11,22092.46,8805.49,14769.7,10622,13983.49,11880.79,20835.28
15674.75,94305.16,98178.69,132947.05,144189.26,127644.03,22171.74,34966.16,17675.68,24508.73,40880.6,9111.14,10451.05,15459.13,9772.98,21721.52,51335.65,36965,16595.29,9992.57,10462.41,11337.77,8384.99,23266.85,46090.66,66875.15,60298.6,15370.17,10958.1,20667.71,24221,16770.75,24908.2,21156.75,11309.87,8792.19,11616.11,1e+09,6451.4,6865,12661.7,14474.6,10194.93,10064.87,7831.76,9352.27,13284.2,13624.02,11135.11,12220.76,8254.44,8598.39,14268.92,20585.44
17018.28,92838.3999999999,101731.12,131382.24,141470.53,141741.76,26068.88,33485.88,24820.26,28109.99,43474.28,7395.73,9605.47,14889.18,10218.56,21083.58,58868.91,46924.5,15680.72,8119.74,9793.15,9603.57,9876.29,31256.95,49586.15,67175.65,61251.4,19239.8,10712.52,28120.78,30286.87,19719.48,24805.87,20715.18,13517.6,9220.66,15696.92,6451.4,1e+09,5991.87,11954.66,11892.48,10508.71,8738.25,7645.73,8578.79,12939.16,11456.78,12974.78,12702.95,8775.5,9366.64,15917.45,18930.65
20865.31,101825.21,110195.98,141463.34,151164.85,140731.91,24506.35,36853.99,22127.78,30222.71,50229.85,6456.68,9480.93,19462.25,9734.59,26220.81,64160.33,44557.6,13217.07,7531.41,7219.74,9447.14,10008.31,29281.59,54124.03,76311.01,70023.2,20997,10721.18,28239.87,28419.86,18114.27,27213.65,25837.01,10678.55,9458.1,14646.25,6865,5991.87,1e+09,11420.55,11801.55,8267.01,9057.47,5500.2,7430.49,10494.64,10551.44,11239.62,11811.73,8415.77,5564.24,13489.36,16970.5
25041.33,109180.08,110143.41,145899.28,176344.31,139134.37,20989.31,34772.8,22021.35,34601.4,52510.63,11260.62,11395.32,31828.79,8878.92,35334.37,63338.79,42613.94,20566.35,8816.42,8482.22,16702.1,11812.86,23929.07,55368.75,79934.3,73348.95,25900.2,20542.62,29144.46,28007.14,12677.49,19654.32,21784.46,10773.72,11801.81,10490.92,12661.7,11954.66,11420.55,1e+09,17018,12828.49,15422.24,12596.4,8529.89,8610.01,17050.05,16755.35,10791.14,17295.24,6518.72,15253.61,9355.75
18326.75,90290.43,90323,121405.28,149593.49,125391.8,21045.96,24179.97,12841.16,17413.68,34297.08,12626.12,16967.6,22616.4,15700.2,18347.26,50976.74,41705.38,8225.74,18717.49,14427.06,8011.49,15628.29,32920.15,36516.69,57899.47,50345.22,15086.61,9968.1,21045.8,18255.21,21146.14,22822.72,14879.03,19844.02,9859.88,19222.05,14474.6,11892.48,11801.55,17018,1e+09,9050.16,7276.25,13060.32,13897.85,14032.11,5827.35,16348.17,14185.18,11962.01,13552.87,16536.12,15246.28
10745.53,88093.27,90685.06,121539.57,149448.17,126370.8,21295.58,30704.12,11890.3,19040.07,35080.77,9622.72,14682.66,16208.1,8323.2,21870.01,47977.62,39482.2,12869.86,12173.58,7583.82,8801.21,12959.81,25674.66,38910.15,57424.74,52372.86,12728.77,9418.54,16580.6,19888.7,14397.83,27273.06,25205.74,9701.03,9995.58,12798.83,10194.93,10508.71,8267.01,12828.49,9050.16,1e+09,8703.64,8147.85,9286.51,7610.14,8594.69,10285.31,6609.22,8194.86,7278.55,10143.5,12812.33
18606.11,98239.38,104934.46,134919.73,145749.54,144408.54,24192.83,23136.11,24679.29,29439.04,45463.06,11013.24,13939.77,17814.73,13760.96,23451.19,63553.26,58351.42,11420.27,14714.81,14230.38,5775.61,15552.16,45305.24,51393.34,69342.23,63453.16,20569.21,10493.61,30522.86,31361.06,21672.93,22696.77,14616.62,19847.24,8970.92,21737.44,10064.87,8738.25,9057.47,15422.24,7276.25,8703.64,1e+09,7266.74,12440.16,12494.65,5025.8,15452.08,14174.31,9110,11934.47,17724.15,14035.78
16127.02,93344.1,101392.2,131377.47,143620.31,140866.28,22607.45,34586.84,23470.1,29223.49,44283.54,6741.7,10401.15,14917.65,8030.61,24840.82,58888.95,48617.26,14369.55,7752.7,9166.74,10021.91,11192.58,33917.29,50071.88,66572.61,62773.94,20170.55,8874.58,25444.24,31650.89,15956.7,22683.47,26904.98,12961.66,10129.86,16181.4,7831.76,7645.73,5500.2,12596.4,13060.32,8147.85,7266.74,1e+09,6651.97,8071.05,9548.51,10695.93,9901,9187.3,7163.86,13869.65,11627.55
15373.01,92507.75,94537.59,127094.11,155013.86,128609.53,20726.82,38211.94,18955.07,29606.24,41249.52,7116.44,9360.3,18559.24,7733.03,24138.69,49954.95,39036.33,15464.22,7733.34,5891.32,12823.46,8293.56,23778.65,45697.61,66813.2,63137.41,15574.18,13206.75,23120.16,26861.84,10590.59,22815.02,29268.57,9728.46,15043.81,9740.89,9352.27,8578.79,7430.49,8529.89,13897.85,9286.51,12440.16,6651.97,1e+09,7636.42,14003.6,10546.53,9182.85,11064.11,7559.3,13015.61,10707.98
18507.59,102486.35,102946.77,137658.63,170533.98,133677.59,18981.44,32699.53,18370.68,28576.73,45757.98,10961.29,11882.04,27413.74,7315.28,29917.01,56788.13,40788.09,16458.83,9485.17,8548.58,13807.48,13715.65,24507.26,49168.89,71938.74,65367.89,20481.37,16492.33,24732.24,25326.85,10147.44,15900.72,23814.36,13025.86,13103.87,12564.11,13284.2,12939.16,10494.64,8610.01,14032.11,7610.14,12494.65,8071.05,7636.42,1e+09,14032.58,16288.6,6749.98,15279.51,6869.71,10691.51,7163.22
21225.91,103467.64,109347.5,139666.92,153914.9,148241.32,22268.99,22727.61,24443.36,30621.69,48271.37,10691.17,16771.21,21105.02,13526.09,26955.43,67284.41,59045.97,8664.51,17091.45,13963.06,6302.94,16783.16,45876.6,53800.4,73761.91,66379.22,22788.53,10592.01,32727.53,29950.42,22534.01,21446.64,14356.71,20395.85,11366.3,22092.46,13624.02,11456.78,10551.44,17050.05,5827.35,8594.69,5025.8,9548.51,14003.6,14032.58,1e+09,16500.17,15404.66,10354.9,11696.56,16436.24,15259.74
6235.1,64667.2,63203.25,91104.27,123300.43,95958.07,24771.94,51993.39,12462.46,13757.11,17413.33,8868.77,11525.32,10785.72,11381.69,15426.16,26588.74,22728.21,16843.32,10477.07,8731.41,13723.19,11537.24,14095.31,20327.92,40165.35,36263.28,10716.18,8956.53,14297.5,15812.24,17842.49,48921.31,37223.34,7406.59,17919.88,8805.49,11135.11,12974.78,11239.62,16755.35,16348.17,10285.31,15452.08,10695.93,10546.53,16288.6,16500.17,1e+09,14397.1,8142.26,10361.68,12708.28,27160.66
14476.96,83981.12,86228.99,117327.52,145480.05,121546.22,17429.9,37045.71,14761.89,17345.84,32509.43,12171.07,14367.78,18855.13,7728,20517.45,46450.44,38304.81,19505.56,11190.19,9292.34,14724.15,13666.66,25902.65,34549.81,52964.84,47404.23,14817.04,13038.57,15997.2,18885.05,11572.81,19682.51,28583.25,10218.44,13656.71,14769.7,12220.76,12702.95,11811.73,10791.14,14185.18,6609.22,14174.31,9901,9182.85,6749.98,15404.66,14397.1,1e+09,13143.59,7734.42,10366.96,10344.92
9849.06,86464.82,89748.84,121307.18,137551.55,124913.71,24583.51,42402.13,16512.54,20433.54,34455.27,7761.6,13157.1,10447.88,11790.36,16803.38,45204.07,38768.82,13864.56,10817.33,10454.35,7706.19,9893.8,26973.93,40489.32,59300.77,53838.88,10520.47,9106.25,18455.12,22432.32,18938.26,40297.05,25963.68,10488.3,11062.26,10622,8254.44,8775.5,8415.77,17295.24,11962.01,8194.86,9110,9187.3,11064.11,15279.51,10354.9,8142.26,13143.59,1e+09,10137.02,12172.64,26648.36
19699.11,103474.61,108310.64,142935.25,159753.66,137340.04,19458.4,36018.52,20926.92,29067.65,48436.83,6776.82,9768.67,21161.88,6258.4,28478.41,61750.12,41731.98,13730.55,7411.98,7564.79,11385.74,11116.89,26458.24,51724.72,76909.71,69230.98,20524.59,13154.02,25982.97,26040.89,14867.59,22227.61,27649.31,10386.7,10319.94,13983.49,8598.39,9366.64,5564.24,6518.72,13552.87,7278.55,11934.47,7163.86,7559.3,6869.71,11696.56,10361.68,7734.42,10137.02,1e+09,9813.02,8547.63
15425.38,86884,87011.12,120699.43,158550.24,116823.67,14424.17,40280.57,17323.08,18579.41,35855.73,12276.26,15105.41,16875.18,11621.21,23883.07,40665.2,31199.52,16881.55,12490.48,12994.05,15441.97,13353.39,18638.14,38740.54,57085.78,51128.44,15037.66,12865.23,17265.94,18306.24,12106.67,24614.13,30553.8,12439.35,16306.07,11880.79,14268.92,15917.45,13489.36,15253.61,16536.12,10143.5,17724.15,13869.65,13015.61,10691.51,16436.24,12708.28,10366.96,12172.64,9813.02,1e+09,14605.95
36007.22,126038.75,127977.36,163643.18,189961.2,157364.47,18029.96,22997.49,30442.44,46780.38,67998.54,15986.94,15628.91,45050.92,10351.65,45136.91,81555.68,59100.77,17484.74,12937.95,13901.05,18728.36,19261.13,38798.25,70487.24,96120.12,89016.13,39340.27,27910.6,43567.83,38101.22,14564.29,12351.13,16789.11,17995.74,14788.31,20835.28,20585.44,18930.65,16970.5,9355.75,15246.28,12812.33,14035.78,11627.55,10707.98,7163.22,15259.74,27160.66,10344.92,26648.36,8547.63,14605.95,1e+09
