1e+09,60441.37,97156.91,125774.94,148568.72,134775.59,44731.53,43346.62,16230.64,22225.8,42225.93,16812.49,20236.67,7886.95,25751.53,12747.78,21689.22,32981.78,17366.83,18811.92,17124.08,12496.11,11839.96,12936.81,39159.29,63411,58117.2,13974.21,9091.96,20513.46,18874.31,30052.9,68609.29,34952.11,11109.62,20047.28,13640.29,17241.4,18624.06,13452.56,38180.75,17693.29,17479.5,16448.52,18740.81,20374.24,26627.66,17853.03,8786.16,18378.86,10317.71,25932.55,26180.34,53062.58
60441.37,1e+09,22260.95,26908.13,33492.72,43073.58,97128.8,121422.88,62042.87,57036.95,43895.32,88611.77,102959.79,64842.9,96808.78,57370.74,43212.39,43916.99,86754.96,92965.77,85009,86675.82,83032.42,61102.54,38990.54,32541.23,30980.85,62498.37,72821.98,49562.43,52945.2,94520.14,147857.65,109608.38,68660.96,98887.09,73676.89,94653.71,96060.47,89732.39,119439.47,82659,86121.79,92973.76,95153.57,87875.82,96401.24,98036.64,61873.09,81952.12,81986.19,102376.72,89429.68,130909.95
97156.91,22260.95,1e+09,13089.11,21293.96,30984.69,96563.08,180873.2,69757.95,62403.8,36874.23,91943.52,110509,80258.77,111574.43,89424,58433.73,61617.01,116874.86,93947.78,97383.71,115018.13,100615.9,80583.02,54097.85,34002.41,34168.15,66522.34,100252.18,68621.33,68066.01,93644.61,151484.43,159961.17,93701.53,116302.87,83092.89,112497.17,118382.09,105817.07,122306.38,121370.56,106597.59,122571.77,104211.86,95737.32,102806,120629.56,89817.41,109762.45,107288.08,109369.91,91233.06,132490.56
125774.94,26908.13,13089.11,1e+09,14243.75,20017.44,107300.1,192103.74,88886.32,83643.9,58566.71,113594.64,124261.99,107572.82,127295.54,118132.26,81009.3,79484.63,138498.34,113317.1,113768.49,140203.96,126819.23,101619.51,70015.66,46289.33,46807.74,91179.42,127936.98,90103.86,89476.86,106988.93,151431.66,176644.44,114569.52,131158.21,102398.19,133225.31,135194.68,124098.4,124196.65,138520.83,123994.58,143927.34,122923.59,110790.55,113873.62,139773.75,114941.47,126597,133490.76,121268.57,109312.24,133619.71
148568.72,33492.72,21293.96,14243.75,1e+09,17675.87,138125.69,232004.68,111037.39,104253.8,73994.19,136384.14,154430.43,127936,156240.79,137614.32,98264.74,99477.77,165421.93,137869.21,142799,162163.66,147267.69,124123.66,87315.18,64354.86,62916.84,109782.06,147802.44,111267.25,110884.17,138220.73,195651.24,211873,139586.63,160699.23,129410.75,157382.47,163295.66,150950.23,166227.81,168801.67,151997.86,168706.02,148238.81,140449.89,147969.61,166284.63,136188.63,155605.36,154209.07,154255.21,136901.99,176411.99
134775.59,43073.58,30984.69,20017.44,17675.87,1e+09,104711.14,187319.92,97980.73,92363.29,71027.83,119086.52,128816.89,116799.74,127063.47,128111.17,100513.16,86738.25,145163.95,117824.6,118340.92,143965.62,134890.11,110861.1,89326.49,70782.42,71460.73,101332.76,134200.94,96480.65,96918.79,108289.04,139456.75,176558.68,120416.12,136392.05,110022.02,138921.25,139770.28,132063.89,127255.63,141769.19,125501.96,146173.2,127268.83,116271.2,117382.46,143244.29,122636.57,128921.75,139035.4,125871.35,110073.9,128957.14
44731.53,97128.8,96563.08,107300.1,138125.69,104711.14,1e+09,46121.49,29563.47,28076.89,51646.12,27066.04,26448.74,38945.08,20041.71,46386.59,56112.77,31523.26,35649,21976.68,23677.49,37185.51,36721.01,32704.71,47153.89,64259.71,57385.1,29939.3,36970.03,27726.48,34182.43,17753.73,24477.28,46249.46,31529.8,33504.58,27427.74,30771.33,28995.54,36288.5,28028.52,34366.42,23667.28,32179.05,27117.48,24544.53,20063.29,36052.1,31028.89,28872.85,33804.12,25613.12,16716.07,18119.7
43346.62,121422.88,180873.2,192103.74,232004.68,187319.92,46121.49,1e+09,61380.17,78687.58,114653.73,35939.68,30784.58,44843.34,30153.45,43839.12,89527.85,85654.22,23854.33,36188.76,38338.57,26497.3,33126.59,66698.66,104232.5,133036.52,128200.29,66366.73,33651.79,71898.6,73747.19,37678.91,16225.34,10105.01,43265.42,23675.4,39945.44,24618.09,23048.71,30687.67,24697.75,25401.14,33025.52,20445.79,30771.75,38523.8,34309.17,24102.57,42026.89,31387.3,28669.16,29701.5,43890.23,27058.89
16230.64,62042.87,69757.95,88886.32,111037.39,97980.73,29563.47,61380.17,1e+09,10650.28,25596.44,18367.58,28295.54,19300.64,29408.9,21051.27,22351.62,20347.78,21223.8,20607.49,17731.61,30609.85,22661.2,7975.59,19242.71,37136.34,32536.03,12238.89,22852.48,10490.99,10325.76,24705.4,54077.9,44773.85,14649.65,31970.79,13481,27692.79,30436.25,24287.35,31684.87,23341.63,22570.69,32737.94,24075.48,18871.4,22025.78,33260.45,11780.88,19831.44,22049.44,22640.4,22171.46,42283.89
22225.8,57036.95,62403.8,83643.9,104253.8,92363.29,28076.89,78687.58,10650.28,1e+09,19651.77,25110.91,35388.2,23792,34598.55,19741.12,16961.8,17610.11,30334.27,24835.22,27538.27,38464.06,32028.83,9168.93,16262.99,35681.69,31192.36,10547.98,28243.93,8516.9,9654.26,25726.03,64593.57,62619.04,23156.64,43088.6,21599.48,36999.49,40337.44,32729.81,37372.77,33685.18,31887.29,40888.84,31345.17,24704.54,24719.36,42499.19,19925.67,30037.21,33021.57,29372.73,23448.89,47040.31
42225.93,43895.32,36874.23,58566.71,73994.19,71027.83,51646.12,114653.73,25596.44,19651.77,1e+09,42725.95,57000.34,34885.13,60896.07,30336.9,14185.58,19083.97,57833.25,43745,49314.44,59036.96,48721.1,28451.8,16172.97,17706.91,17739.99,23081.14,49870.2,25992.21,20469.18,47968.14,100591,92970.55,42951.99,62532.3,37443.22,57787.53,61971.72,51081.8,71839.7,64580.03,54913.25,65852.76,51674.42,47531.87,53980.81,63913.33,40839.27,58241.33,54586.56,57214.4,45891.47,83567.9
16812.49,88611.77,91943.52,113594.64,136384.14,119086.52,27066.04,35939.68,18367.58,25110.91,42725.95,1e+09,9540.15,14082.18,13594.05,22365.45,44441.05,38462.54,11643.85,6255.14,8836.93,9302.73,9199.22,22150.48,46175.28,61059.64,56768.29,15089.81,10983.37,22046.27,22874.88,21333.16,36383.53,28729.93,9398.79,11691.79,10072.59,9342.3,9552.18,7891.32,14242.04,11447.09,13152.99,10717.58,7206.18,8571.78,15866.23,8589.76,8416.73,10498.74,8443.98,9776.87,15414.09,24990.19
20236.67,102959.79,110509,124261.99,154430.43,128816.89,26448.74,30784.58,28295.54,35388.2,57000.34,9540.15,1e+09,18066.62,12407.26,26664.55,63064.72,49416.82,11702.95,9279.3,13299.2,10731.24,11410.46,32978.22,58076.34,72498.92,68355.6,26297.52,13608.96,31856.56,33085.73,20242.3,22026.91,25594.08,13720.37,8797.23,18189.36,9129.85,8819.89,7937.8,8415.7,9757.71,11540.42,9211.19,7674.05,11643.48,11673.49,7787.78,16373.62,9788.89,10295.61,7394.93,18269.77,15707.16
7886.95,64842.9,80258.77,107572.82,127936,116799.74,38945.08,44843.34,19300.64,23792,34885.13,14082.18,18066.62,1e+09,23727.63,11689.94,25543.37,34747.7,20847.09,17288.11,16862.47,12066.11,11954.7,18629.3,42186.14,61481.4,56703.85,13499.08,9486.39,18936.47,21147.28,27462.54,65941.51,38686.38,11341.14,18146.17,13262.77,18069.77,17651.04,11155.25,37756.11,19988.85,19242.83,15646.84,17287.26,20007.15,29119.79,17975.9,11543.51,20267.82,13003.55,26397.43,23039.55,53523.39
25751.53,96808.78,111574.43,127295.54,156240.79,127063.47,20041.71,30153.45,29408.9,34598.55,60896.07,13594.05,12407.26,23727.63,1e+09,34899.33,60188.24,44136.39,17242.11,11504.16,8598.01,17668.21,18654.14,34341.11,60220.44,78272.03,72012.59,30707.05,20261.04,32109.34,37498.28,13162.6,17971.45,33618.2,14851.05,17373.67,16157.67,14185.08,12035.01,18548.34,9150.82,14774.94,7126.76,11508.7,10830.61,12825.88,9448.39,16703.53,15716.85,10748.36,13431.45,7348.17,10073.17,11001.7
12747.78,57370.74,89424,118132.26,137614.32,128111.17,46386.59,43839.12,21051.27,19741.12,30336.9,22365.45,26664.55,11689.94,34899.33,1e+09,20755.24,34588.52,23928.82,25577.33,26978.53,20426.7,16615.44,20675.25,32538.24,52838.4,49357.47,16078.02,9656.79,25821.79,22001.28,41266.02,65533.59,38759.76,17560.87,23442.33,21813.07,23582.91,25049.95,18235.48,41634.23,20132.37,28195.1,23934.01,26472.32,28291.47,37017.92,24570.79,16115.11,21622.45,19572.47,34780.79,34313.23,60182.97
21689.22,43212.39,58433.73,81009.3,98264.74,100513.16,56112.77,89527.85,22351.62,16961.8,14185.58,44441.05,63064.72,25543.37,60188.24,20755.24,1e+09,19820.81,48447.56,48193.08,45005.81,50255.58,41537.57,20477.48,16097.71,24205.72,23452.25,19489.11,33922.15,16415.88,15917.22,53247.37,104204.73,73918.99,32345.34,59273.32,33413.34,55153.25,60023.7,52578.37,76486.1,47459.28,49129.25,57584.29,56716.7,47227.92,54982.51,60027.42,24253.52,45206.44,43193.55,59556.79,47999.13,88601.42
32981.78,43916.99,61617.01,79484.63,99477.77,86738.25,31523.26,85654.22,20347.78,17610.11,19083.97,38462.54,49416.82,34747.7,44136.39,34588.52,19820.81,1e+09,43959.07,38338.64,37300.37,53999.73,45497.42,23159.94,13784.01,18174.04,21023.58,24849.76,40732.45,15107.53,17139.66,33132.16,59676.32,73129.58,32937.6,58208.38,30594.46,52299.42,53947.63,49059.69,48783.25,43987.07,38484.93,55225.72,45637.79,38649.87,33037.82,56308.49,27126.84,39342.25,42963.08,42008.75,30770.33,48188.92
17366.83,86754.96,116874.86,138498.34,165421.93,145163.95,35649,23854.33,21223.8,30334.27,57833.25,11643.85,11702.95,20847.09,17242.11,23928.82,48447.56,43959.07,1e+09,12923.95,11454.79,11342.33,11143.68,23634.01,52279.5,72181.84,68495.74,21501.5,12679.76,27212.84,29604.67,22321.93,26930.23,18383.26,13000.7,10029.19,13763.9,8711.26,8857.77,10889.3,13565.32,6572.31,14404.65,9909.65,10832.89,13174.56,18081.67,8193.31,12776.49,11484.45,9783.89,10938.15,21094.46,24726.85
18811.92,92965.77,93947.78,113317.1,137869.21,117824.6,21976.68,36188.76,20607.49,24835.22,43745,6255.14,9279.3,17288.11,11504.16,25577.33,48193.08,38338.64,12923.95,1e+09,8957.45,10754.52,11303.26,23551.59,46602.9,61736.69,56810.91,17698.58,13469.39,22466.17,24449.87,17780.73,29988.76,31639.69,10761.3,12189.39,12542.23,9787.41,10354.18,9528.35,10805.25,12776.35,10228.42,11192.29,6076.28,7806.47,10650.76,10191.37,10227.14,8847.17,9710.38,8162.37,14238.06,19015.13
17124.08,85009,97383.71,113768.49,142799,118340.92,23677.49,38338.57,17731.61,27538.27,49314.44,8836.93,13299.2,16862.47,8598.01,26978.53,45005.81,37300.37,11454.79,8957.45,1e+09,13543.61,11917.89,20437.27,49984.45,65879.75,62071.91,22626.9,15325.09,23442.23,26698.24,13734.08,30242.48,32045.07,6372.89,17597.92,9372.73,12356.58,14040,11111.22,11788.35,14353.09,6752.8,13896.84,9711.45,7471.54,8099.84,14466.55,9115.57,9600.41,10632.37,6653.55,13060.83,17983.6
12496.11,86675.82,115018.13,140203.96,162163.66,143965.62,37185.51,26497.3,30609.85,38464.06,59036.96,9302.73,10731.24,12066.11,17668.21,20426.7,50255.58,53999.73,11342.33,10754.52,13543.61,1e+09,8459.4,33362.95,62387.12,82459.27,76194.97,25541.67,9489.09,36638.27,35100.29,28261.96,38644.59,20786.59,13390.73,9874.55,13656.26,8261.69,7793.55,7901.83,15382.58,10902.57,15343.14,6211.27,10298.83,16710.73,20955.08,6215.12,13388.23,12339.1,7448.05,13127.6,23471.12,29170.32
11839.96,83032.42,100615.9,126819.23,147267.69,134890.11,36721.01,33126.59,22661.2,32028.83,48721.1,9199.22,11410.46,11954.7,18654.14,16615.44,41537.57,45497.42,11143.68,11303.26,11917.89,8459.4,1e+09,25199.48,53886.44,71815.29,67601.72,18551.98,9047.46,28251.84,28295.18,24360.82,38856.07,23655.14,11383.21,11262.49,12103.55,10345.31,12278.08,8352.72,16903.18,11360.47,16780.64,11706.25,11791.23,10727.69,18031.43,9543.41,12470.24,12024.47,9425.79,14678.09,23390.7,29990.2
12936.81,61102.54,80583.02,101619.51,124123.66,110861.1,32704.71,66698.66,7975.59,9168.93,28451.8,22150.48,32978.22,18629.3,34341.11,20675.25,20477.48,23159.94,23634.01,23551.59,20437.27,33362.95,25199.48,1e+09,21424.79,39132.77,36910.98,10396.76,20874.25,10772,9727.37,28978.45,63467.96,48881.95,12697.37,37838.8,13693.35,33389.47,36137.09,27864.54,36807.99,24294.39,23315.59,37319.44,28492.56,21107.81,24709.01,36661.8,10340.85,21036.74,23243.62,27063.44,24051.5,48883.81
39159.29,38990.54,54097.85,70015.66,87315.18,89326.49,47153.89,104232.5,19242.71,16262.99,16172.97,46175.28,58076.34,42186.14,60220.44,32538.24,16097.71,13784.01,52279.5,46602.9,49984.45,62387.12,53886.44,21424.79,1e+09,17553.41,15521.1,25985.27,47889.58,12759.15,14757.1,46544.19,87841.34,84930.83,40027.06,64784.83,40154.68,60703.35,63490.34,53373.88,60372.09,53559.98,53440.97,66025.89,53864.6,45400.35,46470.03,66505.03,33270.08,48031.72,54869.2,51851.8,45730.85,70749.11
63411,32541.23,34002.41,46289.33,64354.86,70782.42,64259.71,133036.52,37136.34,35681.69,17706.91,61059.64,72498.92,61481.4,78272.03,52838.4,24205.72,18174.04,72181.84,61736.69,65879.75,82459.27,71815.29,39132.77,17553.41,1e+09,10396.12,42096.85,75262.06,34684.53,29958.38,62854.96,106382.38,110952.38,63137.26,78606.78,54724.68,75961.44,78892.53,68733.59,77989.43,78359.59,73622.52,86283.02,70180.63,62246.79,64969.34,83003.25,57991.1,75097.84,77017.17,68349.25,61715.35,88497.61
58117.2,30980.85,34168.15,46807.74,62916.84,71460.73,57385.1,128200.29,32536.03,31192.36,17739.99,56768.29,68355.6,56703.85,72012.59,49357.47,23452.25,21023.58,68495.74,56810.91,62071.91,76194.97,67601.72,36910.98,15521.1,10396.12,1e+09,37790.99,68402.15,29777.32,26451.93,57948.73,102787.54,107179.27,59408.15,75951.28,51945.29,71728.72,74914.56,64918.35,74030.94,74062.82,66935.45,80982.26,65538.21,57641.88,59503.36,78266.35,52598.61,68951.22,72378,64267.38,57064.9,83706.82
13974.21,62498.37,66522.34,91179.42,109782.06,101332.76,29939.3,66366.73,12238.89,10547.98,23081.14,15089.81,26297.52,13499.08,30707.05,16078.02,19489.11,24849.76,21501.5,17698.58,22626.9,25541.67,18551.98,10396.76,25985.27,42096.85,37790.99,1e+09,19874.07,10308.15,9472.88,24026.96,68526.51,47111.25,17644.68,33145.67,14277.16,26826.09,30557.95,21512.23,40215.28,27185.66,26211.57,30469.82,23848.76,20761.08,24378.79,30188.01,13749.61,26257.43,19029.7,25533.83,18861.39,52128.18
9091.96,72821.98,100252.18,127936.98,147802.44,134200.94,36970.03,33651.79,22852.48,28243.93,49870.2,10983.37,13608.96,9486.39,20261.04,9656.79,33922.15,40732.45,12679.76,13469.39,15325.09,9489.09,9047.46,20874.25,47889.58,75262.06,68402.15,19874.07,1e+09,26389.57,26314.41,28410.22,47124.81,29567.5,11642.94,12294.61,13697.53,11085.97,12801.44,11465.52,24086.07,12119.31,16409.06,12043.07,11522.24,18685.93,25997.76,10865.55,10371.69,15807.3,9028.38,18940.68,23670.91,39430.05
20513.46,49562.43,68621.33,90103.86,111267.25,96480.65,27726.48,71898.6,10490.99,8516.9,25992.21,22046.27,31856.56,18936.47,32109.34,25821.79,16415.88,15107.53,27212.84,22466.17,23442.23,36638.27,28251.84,10772,12759.15,34684.53,29777.32,10308.15,26389.57,1e+09,6959.61,22749.17,59232.37,56397.41,18066.9,39770.05,15817.79,34728.09,36882.15,30174.45,32966.42,28912.05,24544.21,37911.77,28293.24,22745.7,20794.3,38964.85,17204.4,24658.14,26522.32,25392.26,20730.36,42464.46
18874.31,52945.2,68066.01,89476.86,110884.17,96918.79,34182.43,73747.19,10325.76,9654.26,20469.18,22874.88,33085.73,21147.28,37498.28,22001.28,15917.22,17139.66,29604.67,24449.87,26698.24,35100.29,28295.18,9727.37,14757.1,29958.38,26451.93,9472.88,26314.41,6959.61,1e+09,31452.6,65945.42,57192.88,19170.82,38989.95,18877.77,33924.13,36599.85,29442.43,38342.91,31838.32,30342.3,37618.22,29626.55,25482.84,27995.84,37627.09,14048.74,27170.3,27941.25,29742.99,26880.9,49802.13
30052.9,94520.14,93644.61,106988.93,138220.73,108289.04,17753.73,37678.91,24705.4,25726.03,47968.14,21333.16,20242.3,27462.54,13162.6,41266.02,53247.37,33132.16,22321.93,17780.73,13734.08,28261.96,24360.82,28978.45,46544.19,62854.96,57948.73,24026.96,28410.22,22749.17,31452.6,1e+09,18002.97,32974.82,19897.58,23852.27,15251.89,25093.82,21654.91,26075.4,17015.76,21652.9,14085.43,23824.91,19916.33,14429.15,10217.15,25524.57,21969.69,14465.56,23325.15,16859.48,10396.54,16770.37
68609.29,147857.65,151484.43,151431.66,195651.24,139456.75,24477.28,16225.34,54077.9,64593.57,100591,36383.53,22026.91,65941.51,17971.45,65533.59,104204.73,59676.32,26930.23,29988.76,30242.48,38644.59,38856.07,63467.96,87841.34,106382.38,102787.54,68526.51,47124.81,59232.37,65945.42,18002.97,1e+09,18349.47,41930.96,21947.09,40707.93,27891.42,25904.73,34615.81,16778.81,28179.27,22975.03,29492.78,27815.97,26562.56,15791.1,32577.34,53736.67,22295.44,44263.45,22551.19,21841.67,10747.43
34952.11,109608.38,159961.17,176644.44,211873,176558.68,46249.46,10105.01,44773.85,62619.04,92970.55,28729.93,25594.08,38686.38,33618.2,38759.76,73918.99,73129.58,18383.26,31639.69,32045.07,20786.59,23655.14,48881.95,84930.83,110952.38,107179.27,47111.25,29567.5,56397.41,57192.88,32974.82,18349.47,1e+09,35624.43,16490.72,28559.97,18228.38,17955.76,24083.53,23467.51,20418.56,34199.55,17864.87,29120.12,32668.85,33665.4,18572.78,33852.39,27672.62,22340.58,27451.41,41475.56,29761.3
11109.62,68660.96,93701.53,114569.52,139586.63,120416.12,31529.8,43265.42,14649.65,23156.64,42951.99,9398.79,13720.37,11341.14,14851.05,17560.87,32345.34,32937.6,13000.7,10761.3,6372.89,13390.73,11383.21,12697.37,40027.06,63137.26,59408.15,17644.68,11642.94,18066.9,19170.82,19897.58,41930.96,35624.43,1e+09,16879.98,8449.74,12361.22,14779.61,12443.51,17197.47,13848.25,9378.2,13390.79,10536.29,8922.63,15407.32,14954.02,5957.47,8437.53,9063.8,11767.01,16259.17,28674.58
20047.28,98887.09,116302.87,131158.21,160699.23,136392.05,33504.58,23675.4,31970.79,43088.6,62532.3,11691.79,8797.23,18146.17,17373.67,23442.33,59273.32,58208.38,10029.19,12189.39,17597.92,9874.55,11262.49,37838.8,64784.83,78606.78,75951.28,33145.67,12294.61,39770.05,38989.95,23852.27,21947.09,16490.72,16879.98,1e+09,16941.26,6619.94,8657.92,8590.22,11176.44,9517.68,17247.52,9514.3,10289.16,14747.29,17253.36,9518.97,17076.72,12682,10248.38,10664.87,27578.35,23540.43
13640.29,73676.89,83092.89,102398.19,129410.75,110022.02,27427.74,39945.44,13481,21599.48,37443.22,10072.59,18189.36,13262.77,16157.67,21813.07,33413.34,30594.46,13763.9,12542.23,9372.73,13656.26,12103.55,13693.35,40154.68,54724.68,51945.29,14277.16,13697.53,15817.79,18877.77,15251.89,40707.93,28559.97,8449.74,16941.26,1e+09,15377.08,15142.07,13938.48,18975.57,12456.21,12402.38,14896.97,14756.02,8891.06,12995.05,15964.41,9965.83,12065.83,12508,13432.86,15183.52,28665.57
17241.4,94653.71,112497.17,133225.31,157382.47,138921.25,30771.33,24618.09,27692.79,36999.49,57787.53,9342.3,9129.85,18069.77,14185.08,23582.91,55153.25,52299.42,8711.26,9787.41,12356.58,8261.69,10345.31,33389.47,60703.35,75961.44,71728.72,26826.09,11085.97,34728.09,33924.13,25093.82,27891.42,18228.38,12361.22,6619.94,15377.08,1e+09,5724.15,7134.03,14376.62,9370.68,12701.37,7000.29,7328.74,13470.39,18768.11,7418.94,11476.45,11690.91,6434.46,10419.81,20588.86,26962.56
18624.06,96060.47,118382.09,135194.68,163295.66,139770.28,28995.54,23048.71,30436.25,40337.44,61971.72,9552.18,8819.89,17651.04,12035.01,25049.95,60023.7,53947.63,8857.77,10354.18,14040,7793.55,12278.08,36137.09,63490.34,78892.53,74914.56,30557.95,12801.44,36882.15,36599.85,21654.91,25904.73,17955.76,14779.61,8657.92,15142.07,5724.15,1e+09,8410.08,10915.86,7525.32,11259.14,5745.49,8890.79,12869.81,16257.3,7031.35,13966.67,10593.58,7001.38,9206.65,19771.15,20762.83
13452.56,89732.39,105817.07,124098.4,150950.23,132063.89,36288.5,30687.67,24287.35,32729.81,51081.8,7891.32,7937.8,11155.25,18548.34,18235.48,52578.37,49059.69,10889.3,9528.35,11111.22,7901.83,8352.72,27864.54,53373.88,68733.59,64918.35,21512.23,11465.52,30174.45,29442.43,26075.4,34615.81,24083.53,12443.51,8590.22,13938.48,7134.03,8410.08,1e+09,13526.56,10876.4,15854.9,8473.45,7899.63,9962.03,18226.26,7443.85,12255.14,10578.51,9010.64,10051.69,23844.18,27873.18
38180.75,119439.47,122306.38,124196.65,166227.81,127255.63,28028.52,24697.75,31684.87,37372.77,71839.7,14242.04,8415.7,37756.11,9150.82,41634.23,76486.1,48783.25,13565.32,10805.25,11788.35,15382.58,16903.18,36807.99,60372.09,77989.43,74030.94,40215.28,24086.07,32966.42,38342.91,17015.76,16778.81,23467.51,17197.47,11176.44,18975.57,14376.62,10915.86,13526.56,1e+09,10859.61,9612.57,13405.7,11699.5,13028.46,8800.33,12170.32,25952.93,9524.89,17388.13,5343.02,21981.71,9786.93
17693.29,82659,121370.56,138520.83,168801.67,141769.19,34366.42,25401.14,23341.63,33685.18,64580.03,11447.09,9757.71,19988.85,14774.94,20132.37,47459.28,43987.07,6572.31,12776.35,14353.09,10902.57,11360.47,24294.39,53559.98,78359.59,74062.82,27185.66,12119.31,28912.05,31838.32,21652.9,28179.27,20418.56,13848.25,9517.68,12456.21,9370.68,7525.32,10876.4,10859.61,1e+09,13383.02,7920.19,9864.78,15124.71,18297.39,7789.06,14001.23,8131.15,9435.01,11024.84,21394.42,21256.49
17479.5,86121.79,106597.59,123994.58,151997.86,125501.96,23667.28,33025.52,22570.69,31887.29,54913.25,13152.99,11540.42,19242.83,7126.76,28195.1,49129.25,38484.93,14404.65,10228.42,6752.8,15343.14,16780.64,23315.59,53440.97,73622.52,66935.45,26211.57,16409.06,24544.21,30342.3,14085.43,22975.03,34199.55,9378.2,17247.52,12402.38,12701.37,11259.14,15854.9,9612.57,13383.02,1e+09,11208.76,9556.79,11791.01,7635.66,14536.82,11745.53,6427.77,10215.09,6595.91,10630.9,11051.38
16448.52,92973.76,122571.77,143927.34,168706.02,146173.2,32179.05,20445.79,32737.94,40888.84,65852.76,10717.58,9211.19,15646.84,11508.7,23934.01,57584.29,55225.72,9909.65,11192.29,13896.84,6211.27,11706.25,37319.44,66025.89,86283.02,80982.26,30469.82,12043.07,37911.77,37618.22,23824.91,29492.78,17864.87,13390.79,9514.3,14896.97,7000.29,5745.49,8473.45,13405.7,7920.19,11208.76,1e+09,6589.88,14766.09,18486.53,6072.59,12305.42,10393.89,6276.7,10254.6,19657.94,21958.99
18740.81,95153.57,104211.86,122923.59,148238.81,127268.83,27117.48,30771.75,24075.48,31345.17,51674.42,7206.18,7674.05,17287.26,10830.61,26472.32,56716.7,45637.79,10832.89,6076.28,9711.45,10298.83,11791.23,28492.56,53864.6,70180.63,65538.21,23848.76,11522.24,28293.24,29626.55,19916.33,27815.97,29120.12,10536.29,10289.16,14756.02,7328.74,8890.79,7899.63,11699.5,9864.78,9556.79,6589.88,1e+09,7305.19,11710.22,9137.27,10934.35,7822.34,8334.17,8053.57,15830.4,20128.51
20374.24,87875.82,95737.32,110790.55,140449.89,116271.2,24544.53,38523.8,18871.4,24704.54,47531.87,8571.78,11643.48,20007.15,12825.88,28291.47,47227.92,38649.87,13174.56,7806.47,7471.54,16710.73,10727.69,21107.81,45400.35,62246.79,57641.88,20761.08,18685.93,22745.7,25482.84,14429.15,26562.56,32668.85,8922.63,14747.29,8891.06,13470.39,12869.81,9962.03,13028.46,15124.71,11791.01,14766.09,7305.19,1e+09,9612.99,16964.65,11806.96,10087.69,14227.58,8286.78,15054.68,19463.62
26627.66,96401.24,102806,113873.62,147969.61,117382.46,20063.29,34309.17,22025.78,24719.36,53980.81,15866.23,11673.49,29119.79,9448.39,37017.92,54982.51,33037.82,18081.67,10650.76,8099.84,20955.08,18031.43,24709.01,46470.03,64969.34,59503.36,24378.79,25997.76,20794.3,27995.84,10217.15,15791.1,33665.4,15407.32,17253.36,12995.05,18768.11,16257.3,18226.26,8800.33,18297.39,7635.66,18486.53,11710.22,9612.99,1e+09,18901.21,18821.97,9721.67,18584.54,7276.4,10119.96,10254.29
17853.03,98036.64,120629.56,139773.75,166284.63,143244.29,36052.1,24102.57,33260.45,42499.19,63913.33,8589.76,7787.78,17975.9,16703.53,24570.79,60027.42,56308.49,8193.31,10191.37,14466.55,6215.12,9543.41,36661.8,66505.03,83003.25,78266.35,30188.01,10865.55,38964.85,37627.09,25524.57,32577.34,18572.78,14954.02,9518.97,15964.41,7418.94,7031.35,7443.85,12170.32,7789.06,14536.82,6072.59,9137.27,16964.65,18901.21,1e+09,14311.16,11092.53,7103.67,11389.28,23852.08,24439.01
8786.16,61873.09,89817.41,114941.47,136188.63,122636.57,31028.89,42026.89,11780.88,19925.67,40839.27,8416.73,16373.62,11543.51,15716.85,16115.11,24253.52,27126.84,12776.49,10227.14,9115.57,13388.23,12470.24,10340.85,33270.08,57991.1,52598.61,13749.61,10371.69,17204.4,14048.74,21969.69,53736.67,33852.39,5957.47,17076.72,9965.83,11476.45,13966.67,12255.14,25952.93,14001.23,11745.53,12305.42,10934.35,11806.96,18821.97,14311.16,1e+09,14602.85,7299.26,12537.4,15844.85,37565.32
18378.86,81952.12,109762.45,126597,155605.36,128921.75,28872.85,31387.3,19831.44,30037.21,58241.33,10498.74,9788.89,20267.82,10748.36,21622.45,45206.44,39342.25,11484.45,8847.17,9600.41,12339.1,12024.47,21036.74,48031.72,75097.84,68951.22,26257.43,15807.3,24658.14,27170.3,14465.56,22295.44,27672.62,8437.53,12682,12065.83,11690.91,10593.58,10578.51,9524.89,8131.15,6427.77,10393.89,7822.34,10087.69,9721.67,11092.53,14602.85,1e+09,11796.09,7123.95,15028.08,15178.68
10317.71,81986.19,107288.08,133490.76,154209.07,139035.4,33804.12,28669.16,22049.44,33021.57,54586.56,8443.98,10295.61,13003.55,13431.45,19572.47,43193.55,42963.08,9783.89,9710.38,10632.37,7448.05,9425.79,23243.62,54869.2,77017.17,72378,19029.7,9028.38,26522.32,27941.25,23325.15,44263.45,22340.58,9063.8,10248.38,12508,6434.46,7001.38,9010.64,17388.13,9435.01,10215.09,6276.7,8334.17,14227.58,18584.54,7103.67,7299.26,11796.09,1e+09,10802.11,16391.93,31495.12
25932.55,102376.72,109369.91,121268.57,154255.21,125871.35,25613.12,29701.5,22640.4,29372.73,57214.4,9776.87,7394.93,26397.43,7348.17,34780.79,59556.79,42008.75,10938.15,8162.37,6653.55,13127.6,14678.09,27063.44,51851.8,68349.25,64267.38,25533.83,18940.68,25392.26,29742.99,16859.48,22551.19,27451.41,11767.01,10664.87,13432.86,10419.81,9206.65,10051.69,5343.02,11024.84,6595.91,10254.6,8053.57,8286.78,7276.4,11389.28,12537.4,7123.95,10802.11,1e+09,13846.3,11378.19
26180.34,89429.68,91233.06,109312.24,136901.99,110073.9,16716.07,43890.23,22171.46,23448.89,45891.47,15414.09,18269.77,23039.55,10073.17,34313.23,47999.13,30770.33,21094.46,14238.06,13060.83,23471.12,23390.7,24051.5,45730.85,61715.35,57064.9,18861.39,23670.91,20730.36,26880.9,10396.54,21841.67,41475.56,16259.17,27578.35,15183.52,20588.86,19771.15,23844.18,21981.71,21394.42,10630.9,19657.94,15830.4,15054.68,10119.96,23852.08,15844.85,15028.08,16391.93,13846.3,1e+09,17021.65
53062.58,130909.95,132490.56,133619.71,176411.99,128957.14,18119.7,27058.89,42283.89,47040.31,83567.9,24990.19,15707.16,53523.39,11001.7,60182.97,88601.42,48188.92,24726.85,19015.13,17983.6,29170.32,29990.2,48883.81,70749.11,88497.61,83706.82,52128.18,39430.05,42464.46,49802.13,16770.37,10747.43,29761.3,28674.58,23540.43,28665.57,26962.56,20762.83,27873.18,9786.93,21256.49,11051.38,21958.99,20128.51,19463.62,10254.29,24439.01,37565.32,15178.68,31495.12,11378.19,17021.65,1e+09
