1e+09,67395.14,87464.38,114966.63,135209.61,125630.93,46484.46,44289,17580.54,21058.86,36497.39,16279.3,23155.44,7902.22,30454.47,11971.77,19026.3,33673.14,16146.97,20993.26,19554.86,12370.2,11917.47,14648.72,35220.17,57975.42,53001.83,14791.02,9004.71,19663.99,17266.04,32239.09,70648.65,33836.4,12500.28,21924.32,11772.1,17858.95,20793.11,14935.84,42967.74,20566.46,21428.93,17822.21,19416.02,20795.42,31788.18,19527.44,9308.58,20540.97,11612.21,26534.76,26797.22,57998.51
67395.14,1e+09,15819.95,21366.5,29196.56,35383.97,98675.15,139565.68,62401.1,56206.75,41327.46,88729.32,109000.91,73574.1,107757,60557.06,42248.74,44328.74,90012.62,98186.18,95775.17,99429.2,88621.07,61550.98,37040.89,30034.46,28523.37,61864.37,80991.49,49334.48,52346.67,100718.25,148594.61,117772.35,78625.33,111340.29,80877.8,104436.35,110318.69,98304.52,125975.63,92311.44,97848.34,107840.18,101355.64,93449.09,98291.28,108060.8,70150.07,91700.18,90641.32,102773.68,90418.49,133250.79
87464.38,15819.95,1e+09,12246.23,19530.14,29218.48,93804.04,172386.05,61156.95,54391.87,32390.41,83565.47,104055.52,78944.9,105353.41,78205.64,49859.86,57044.4,103442.41,93280.57,92846.96,103092.07,87955.77,71213.38,47584.4,30049.4,30342.61,57331.82,92758.45,67117.06,64093.98,95116.87,143914.25,143811.97,84570.29,108977.69,78263.61,99704.32,105479.93,92998.53,121428.04,109030.13,101618.49,109470.21,96569.37,88504.36,93834.38,107175.54,78802.34,103784.77,94527.02,98287.78,85131.08,128941.88
114966.63,21366.5,12246.23,1e+09,15041.61,19911.12,104156.73,184512.44,77656.53,73578.7,51842.49,101164.37,115883.42,105047.33,120367.24,105888.91,70589.75,73750.14,123255.81,110013.35,107844.37,123985.37,109306.04,89870.75,61199.75,40283.21,40722.98,79558.23,116503.82,86975.46,80532.55,107622.78,142597.8,156647.19,103652.89,121826.62,96460.85,113380.42,118167.24,106922.96,121536.44,123962,117744.95,126185.9,112793.23,101597.85,102263.64,120626.48,99848.17,118891.43,114755.19,107488.42,101333.61,129117.72
135209.61,29196.56,19530.14,15041.61,1e+09,19088.24,136590.81,224756.19,101223.85,95198.77,67169.11,127072.02,147314.21,124400.7,150988.43,124205.7,87928.57,94720.68,151128.35,136779.09,138469.36,149451.24,132623.28,113836.42,80210.42,59947.06,58572.37,99330.35,139842.13,110056.47,103627.13,140862.71,187390.79,194120.69,129565.6,152904.77,123730.54,142963.01,149398.43,136530.39,164806.69,155226.61,147500.16,154722.9,140149.04,132410.36,137925.66,151199.08,123814.25,149106.71,140147.88,141564.59,130047.81,172947.03
125630.93,35383.97,29218.48,19911.12,19088.24,1e+09,98031.96,178410.6,84797.02,80821.76,62222.17,111141.93,120591.28,112457.54,116734.53,121484.48,89570.52,76052.49,131813.31,114868.25,109453.86,136019.72,121382,96975.46,79714.49,62849.39,63595.69,88757.66,127310.74,92094.2,93018.58,104453.83,126991.43,157327.65,108300.88,129708.52,104357.6,123701.45,122973.25,116881.58,121301.67,126036.99,116097.6,131901.28,118278.46,106671.2,100524.9,128890.48,108157.05,120230.63,122740.92,109816.3,99504.77,120896.07
46484.46,98675.15,93804.04,104156.73,136590.81,98031.96,1e+09,44547.95,31748.66,30967.47,44141.42,30310.92,27504.03,35668.14,17172.26,48197.08,58598.59,27625.57,36029.8,24840.29,22439.48,38807.84,39661.61,34065.89,49794.15,63039.29,58005.14,31688.35,39897.29,29594.54,34872.19,16697.96,22424.47,41665.64,29953,32964.37,29866.8,30687.38,28656.67,33438.12,24212.96,29077.11,22490.61,30128.8,29040.57,26097.68,17926.14,32535.28,31184.67,29552.17,30997.67,25543.91,16516.92,16288.15
44289,139565.68,172386.05,184512.44,224756.19,178410.6,44547.95,1e+09,59491.89,72718.7,102988.53,32341.64,26665,39198.75,30227.64,40971.95,83701.57,79441.28,22092.95,31417.39,35476.19,26970.25,31758.78,66345.86,95811.95,122081.95,117702.82,65847.22,32898.36,64052.01,66367.76,32693.89,15284.21,11502.65,39496.16,22468.6,34445.77,22758.79,20767.97,29755.24,21268.96,23493.74,31257.37,21972.79,28592.29,36009.31,32796.03,25114.01,39495.72,29471.31,31563.12,30527.4,35816.49,25377.82
17580.54,62401.1,61156.95,77656.53,101223.85,84797.02,31748.66,59491.89,1e+09,8552.98,17603.84,18630.95,27358.1,16410.78,29559.06,22828.09,23165.41,21190.36,21349.81,22814.63,18173.89,30824.07,23063.46,7934.98,17550.74,33135.11,27848.11,11479.15,23694.79,9627.64,9137.58,26631,52418.26,44442.11,13944.29,31039.93,13944.94,26066.48,27736.81,23162.37,33826.23,22699.86,22765.94,30368.15,22670.52,18161.52,22859.74,31074.85,11176.82,19201.33,21027.32,20989.99,22768.27,42928.07
21058.86,56206.75,54391.87,73578.7,95198.77,80821.76,30967.47,72718.7,8552.98,1e+09,15702.21,22148.37,32456.9,20968.01,33868.49,20058.64,17715.71,23736.64,27262.21,25995.43,27018.27,35094.27,29496.53,7206.33,15994.09,32684.08,28131.22,10215.13,26643.74,8963.34,9646.88,29974.32,61355.66,56328.57,19977.07,38926.63,20872.93,31945.62,34999.6,27564.68,40166.5,30566.59,31520.7,36097.95,27734.36,22393.68,23782.85,37063.83,17250.14,27240.25,28621.04,26123.33,22760.67,47787.74
36497.39,41327.46,32390.41,51842.49,67169.11,62222.17,44141.42,102988.53,17603.84,15702.21,1e+09,35695.55,49485.03,36148.22,51489.16,25824.48,13908.96,16488.31,45164.87,41473.72,41019.53,52061.93,43060.76,20106.43,14501,15859.52,16657.61,19457.71,46890.87,21105.17,15184.69,43665.75,84756.34,80752.81,33133.47,57938.92,31508.15,48836.49,52694.98,42758.37,62534.78,51749.17,46668.41,56298.04,44069.23,35396.91,40028.41,55994.67,32597.2,48568.65,45503.27,41618.33,36995.27,69459.81
16279.3,88729.32,83565.47,101164.37,127072.02,111141.93,30310.92,32341.64,18630.95,22148.37,35695.55,1e+09,9027.12,12464.76,16520.84,21222.77,42691.37,40347.22,9661.78,6797.55,10967.07,7160,8954.62,22404.77,41633.48,56221.52,50763.49,14111.87,10188.61,21583.66,21581.1,23185.89,36895.72,24194,10093.24,10754.23,9188.99,8158.43,8501,7365.48,16902.01,10832.24,15416.59,9092.61,6888.88,9565.22,18120.87,6651.36,8502.4,10635.32,7404.31,9371.31,17264.7,28264.1
23155.44,109000.91,104055.52,115883.42,147314.21,120591.28,27504.03,26665,27358.1,32456.9,49485.03,9027.12,1e+09,17337.6,15227.98,27452.64,62174.15,49934.12,10974.31,8467.86,14398.3,10606.35,12436.94,32075.06,54958.31,68580.4,64332.73,24888.15,14517.25,30886.26,31012.06,20270.57,22252.29,22141.05,13824.23,8922.32,16634.43,8546.56,8124.34,8003.99,10694.24,10061.63,13344.12,7988.26,7470.18,11116.5,13202.05,6677.5,15088.39,10208.94,9686.57,7338.56,16946.36,18342.06
7902.22,73574.1,78944.9,105047.33,124400.7,112457.54,35668.14,39198.75,16410.78,20968.01,36148.22,12464.76,17337.6,1e+09,20373.32,12046.98,25703.74,32757.34,14897.27,16768.56,14021.63,10289.33,11452.06,17665.26,38794.09,61507.47,57063.37,14675.82,9246.68,15662.7,17689.32,23447.13,64028.44,31529.36,8972.22,17434.35,9810.91,13623.5,14477.84,9987.74,34985.31,14700.7,15550.67,12333.8,15039.12,15585.62,24741.56,14682.48,8597.32,16010.64,8366.65,21792.68,19080.39,48365.53
30454.47,107757,105353.41,120367.24,150988.43,116734.53,17172.26,30227.64,29559.06,33868.49,51489.16,16520.84,15227.98,20373.32,1e+09,36768.55,59749.35,40963.58,20167.34,13414.74,8393.05,21723.75,24119.38,35669.26,58960.17,74388.41,69025.51,30451.2,24560.1,30370.94,35601.32,12510.82,17300.49,35245.49,14058.31,20698.67,18109.55,17055.9,13791.08,19607.05,9345.36,12341.62,7830.97,12391.47,13361.15,14093.02,8763.07,16626.87,16914.34,13006.42,13409.33,10203.65,9505.43,10410.38
11971.77,60557.06,78205.64,105888.91,124205.7,121484.48,48197.08,40971.95,22828.09,20058.64,25824.48,21222.77,27452.64,12046.98,36768.55,1e+09,19443.63,34946.89,19639.55,27872.12,29700.21,18551.92,15362.71,22505.71,30013.98,47987.99,45214.34,17548.99,9213.96,24803.14,22025.72,42182.29,67121.17,34193.33,19939.27,23376.11,19444.51,22205.64,24853.14,18196.8,44664.47,21543.51,29530.71,23497.04,26603.39,29003.66,42353.24,24513.94,17299.19,23023.27,19753.64,33869.18,35065.67,63512.96
19026.3,42248.74,49859.86,70589.75,87928.57,89570.52,58598.59,83701.57,23165.41,17715.71,13908.96,42691.37,62174.15,25703.74,59749.35,19443.63,1e+09,21326.37,43383.18,52410.54,45845.62,46054.67,38772.98,21253.83,15842.52,24053.24,22889.58,20420.03,31718.5,19151.95,17201.2,55794.58,103716.02,67250.58,32738.32,57274.43,32541.41,52153.76,57136.05,49977.97,79649.09,45986.95,49474.91,54188.21,55665.93,47296.17,56980.04,57041.54,23602.08,44682.59,40846.36,57879.28,48404.57,90541.09
33673.14,44328.74,57044.4,73750.14,94720.68,76052.49,27625.57,79441.28,21190.36,23736.64,16488.31,40347.22,49934.12,32757.34,40963.58,34946.89,21326.37,1e+09,43041.07,42846.71,35717.17,53523.35,46753.85,22989.47,17376.09,18278.53,22058.47,25359.59,41521.65,15925.05,17936.45,34704.43,55640.25,69204.04,31327.15,58522.9,33060.07,50575.08,51321.44,47091.51,49313.92,39515.87,36103.28,51921.61,45261.65,38694.26,30687.89,52963.12,26167.74,38360.68,39829.6,40716.19,30447.33,45790.78
16146.97,90012.62,103442.41,123255.81,151128.35,131813.31,36029.8,22092.95,21349.81,27262.21,45164.87,9661.78,10974.31,14897.27,20167.34,19639.55,43383.18,43041.07,1e+09,11066.04,12621.78,9510.13,9379.05,24309.83,46621.99,64433.76,60127.16,20852.11,10113.62,23723.67,25446.82,22283.86,29408.59,16453.88,12231.4,8882.14,11636.4,8744.38,9029.98,9067.82,15639.88,7713.21,16324.32,10497.65,10415.47,12312.44,20472.38,8196.06,12579.75,11118.01,10077.16,11505.51,20070,28175.45
20993.26,98186.18,93280.57,110013.35,136779.09,114868.25,24840.29,31417.39,22814.63,25995.43,41473.72,6797.55,8467.86,16768.56,13414.74,27872.12,52410.54,42846.71,11066.04,1e+09,10106.59,9880.76,11363.63,26006.12,47904.34,62282.4,56717.04,19522.79,13982.27,24461.25,25277.17,18869.8,29741.38,27349.9,11093.01,10850.09,12948.08,7836.1,8147.06,9383.9,12978.72,11313.43,11471.91,8816.03,5633.56,8206.82,12100.56,7960.54,10859.63,8482.74,7995.76,7248.79,14653.98,21290.79
19554.86,95775.17,92846.96,107844.37,138469.36,109453.86,22439.48,35476.19,18173.89,27018.27,41019.53,10967.07,14398.3,14021.63,8393.05,29700.21,45845.62,35717.17,12621.78,10106.59,1e+09,15383.83,15078.94,22129.87,49061.86,63049.48,59489.81,22753.61,17736.14,21623.04,25145.69,12381.1,26313.71,30395.89,6886.88,18712.89,10657.72,12990.64,13903.69,12174.87,13281.51,12574.41,6410.06,13034.03,10939.5,8181.97,9405.78,13625.76,10127.57,9882.7,10187.61,7119.35,12298.6,16270.16
12370.2,99429.2,103092.07,123985.37,149451.24,136019.72,38807.84,26970.25,30824.07,35094.27,52061.93,7160,10606.35,10289.33,21723.75,18551.92,46054.67,53523.35,9510.13,9880.76,15383.83,1e+09,9033.02,33999.77,56274.09,75558.36,69525.62,24719.2,8669.88,33736.02,31973.24,29027.34,40402.09,19934.29,13512.65,10072.47,11304.97,8043.32,9340.79,7178.21,18061.75,12952.99,18225.35,7379.51,10608.82,16117.73,23613.32,6753.52,13208.86,13183.23,8792.98,12158.85,24024.9,33569.06
11917.47,88621.07,87955.77,109306.04,132623.28,121382,39661.61,31758.78,23063.46,29496.53,43060.76,8954.62,12436.94,11452.06,24119.38,15362.71,38772.98,46753.85,9379.05,11363.63,15078.94,9033.02,1e+09,26428.36,48568.27,66126.99,61650.38,19463.8,9485.85,26544.28,26451.76,25376.48,39883.93,20432.44,12825.57,12021.77,9447.26,10348.86,13802.75,8890.07,20840.49,13344.74,20344.93,12610.96,11972.57,10693.33,22255.66,10188.8,13159.56,14049.39,11061.31,13992.32,21431.84,34452.36
14648.72,61550.98,71213.38,89870.75,113836.42,96975.46,34065.89,66345.86,7934.98,7206.33,20106.43,22404.77,32075.06,17665.26,35669.26,22505.71,21253.83,22989.47,24309.83,26006.12,22129.87,33999.77,26428.36,1e+09,19798.27,34105.2,31281.59,9662.52,22549.32,9764.75000000001,8069.14,30889.43,62262.71,49795.49,13353.4,37366.66,14540.88,31732.97,33710.71,26917.1,40218.61,24952.06,25175.04,35544.76,27179.21,21285.42,26120.68,35259.66,10216.34,21578.95,23418.92,25556.06,24835.9,50067.72
35220.17,37040.89,47584.4,61199.75,80210.42,79714.49,49794.15,95811.95,17550.74,15994.09,14501,41633.48,54958.31,38794.09,58960.17,30013.98,15842.52,17376.09,46621.99,47904.34,49061.86,56274.09,48568.27,19798.27,1e+09,15665.88,13515.12,24423.05,44258.52,12789.77,13703.94,51171.92,84197.05,75310.51,36930.41,60795.37,38274.96,53026.43,57012.4,47433.56,62559.38,48295.62,51567.54,59213.75,49416.57,42549,44809.96,58862.28,28921.31,44285.35,49242.7,47704.02,44349.47,71279.2
57975.42,30034.46,30049.4,40283.21,59947.06,62849.39,63039.29,122081.95,33135.11,32684.08,15859.52,56221.52,68580.4,61507.47,74388.41,47987.99,24053.24,18278.53,64433.76,62282.4,63049.48,75558.36,66126.99,34105.2,15665.88,1e+09,10078.9,38509.52,69751.27,32301.95,27406.99,66533.66,101144.14,100660.89,57363.94,75321.77,52636.07,68718.94,70850.57,62159.01,78857,70506.98,70502.17,77547.65,64704.67,56490.08,60746.99,74885.23,52042.15,68563.17,69198.86,61284.49,57231.48,87117.08
53001.83,28523.37,30342.61,40722.98,58572.37,63595.69,58005.14,117702.82,27848.11,28131.22,16657.61,50763.49,64332.73,57063.37,69025.51,45214.34,22889.58,22058.47,60127.16,56717.04,59489.81,69525.62,61650.38,31281.59,13515.12,10078.9,1e+09,33824.73,63313.36,28024.02,24029.87,61243.33,97280.9200000001,96723.6,53153.97,71770.5,49654.81,63373.29,66099.7,58201.85,75047.46,65999.56,64443.97,72153.09,59388.9,52155.49,54918.12,69708.38,45814.42,63249.35,63775.47,57115.17,53419.46,82842.39
14791.02,61864.37,57331.82,79558.23,99330.35,88757.66,31688.35,65847.22,11479.15,10215.13,19457.71,14111.87,24888.15,14675.82,30451.2,17548.99,20420.03,25359.59,20852.11,19522.79,22753.61,24719.2,19463.8,9662.52,24423.05,38509.52,33824.73,1e+09,21689.1,9981.64,8876.41,26638.07,66375.01,47479.98,16567.32,31704.99,13721.44,23648.57,27234.28,18799.06,41822.71,28699.29,26634.25,28307.78,21605.76,19213.56,23168.62,27774.91,12005.25,27240.63,19220.72,23113.91,18551.31,51435.47
9004.71,80991.49,92758.45,116503.82,139842.13,127310.74,39897.29,32898.36,23694.79,26643.74,46890.87,10188.61,14517.25,9246.68,24560.1,9213.96,31718.5,41521.65,10113.62,13982.27,17736.14,8669.88,9485.85,22549.32,44258.52,69751.27,63313.36,21689.1,1e+09,25807.5,24792.21,30168.06,48868.16,25607.25,12923.15,12413.93,11224.98,10751.53,13530.3,11511,27581.88,13295.26,19999.32,12424.28,11544.45,18566.67,29134.1,10968.61,10819.31,17215.33,9718.2,18434.65,25829.54,43904.74
19663.99,49334.48,67117.06,86975.46,110056.47,92094.2,29594.54,64052.01,9627.64,8963.34,21105.17,21583.66,30886.26,15662.7,30370.94,24803.14,19151.95,15925.05,23723.67,24461.25,21623.04,33736.02,26544.28,9764.75000000001,12789.77,32301.95,28024.02,9981.64,25807.5,1e+09,7536.8,24718.22,55665.16,49853.41,15544.64,38943.89,15647.49,31847.29,32802.92,27821.88,35106.72,24335.46,22448.86,33154.04,26272.84,21123.6,19154.64,34295.42,15090.83,21903.93,22221.18,22218.11,20043.77,41893.88
17266.04,52346.67,64093.98,80532.55,103627.13,93018.58,34872.19,66367.76,9137.58,9646.88,15184.69,21581.1,31012.06,17689.32,35601.32,22025.72,17201.2,17936.45,25446.82,25277.17,25145.69,31973.24,26451.76,8069.14,13703.94,27406.99,24029.87,8876.41,24792.21,7536.8,1e+09,33718.69,63117.6,50512.85,16923.53,37294.72,18255.29,30081.61,31941.45,26713.19,40739.22,27426.47,28353.77,32582.5,26638.51,23385.3,27424.91,33033.04,11479.86,24473.46,23659.67,25623.29,25731.85,49915.75
32239.09,100718.25,95116.87,107622.78,140862.71,104453.83,16697.96,32693.89,26631,29974.32,43665.75,23185.89,20270.57,23447.13,12510.82,42182.29,55794.58,34704.43,22283.86,18869.8,12381.1,29027.34,25376.48,30889.43,51171.92,66533.66,61243.33,26638.07,30168.06,24718.22,33718.69,1e+09,15610.33,29901.34,19529.84,24511.78,16967.39,25620.75,20860.64,27321.62,14435.73,17638.57,12618.41,22210,20370.89,14851.14,10434.48,24631.45,22018.1,14146.99,20594.32,16085,10249.48,15666.86
70648.65,148594.61,143914.25,142597.8,187390.79,126991.43,22424.47,15284.21,52418.26,61355.66,84756.34,36895.72,22252.29,64028.44,17300.49,67121.17,103716.02,55640.25,29408.59,29741.38,26313.71,40402.09,39883.93,62262.71,84197.05,101144.14,97280.9200000001,66375.01,48868.16,55665.16,63117.6,15610.33,1e+09,17510.26,40370.8,22423.06,40347.12,29805.59,27739.94,35783.69,13185.28,26874.03,21564.34,30471.95,27253.63,24691.92,13721.68,33521.56,53698.16,22055.15,47210.04,22721.35,19626.47,10961.42
33836.4,117772.35,143811.97,156647.19,194120.69,157327.65,41665.64,11502.65,44442.11,56328.57,80752.81,24194,22141.05,31529.36,35245.49,34193.33,67250.58,69204.04,16453.88,27349.9,30395.89,19934.29,20432.44,49795.49,75310.51,100660.89,96723.6,47479.98,25607.25,49853.41,50512.85,29901.34,17510.26,1e+09,32479.76,13245.13,23137.07,15410.64,16484.39,21177.53,22665.93,19667.84,33831.66,19447.01,25665.37,30947.49,34973.59,18788.02,31283.64,25423.16,25159.35,25425.2,33780.86,29519.12
12500.28,78625.33,84570.29,103652.89,129565.6,108300.88,29953,39496.16,13944.29,19977.07,33133.47,10093.24,13824.23,8972.22,14058.31,19939.27,32738.32,31327.15,12231.4,11093.01,6886.88,13512.65,12825.57,13353.4,36930.41,57363.94,53153.97,16567.32,12923.15,15544.64,16923.53,19529.84,40370.8,32479.76,1e+09,17207.34,8385.19,11804.48,12808.71,13039.66,20079.21,12330.71,8782.37,11347.69,10473.42,8297.35,16701.13,13563.93,6179.41,8077.48,7874.04,10238.44,15110.29,28430.86
21924.32,111340.29,108977.69,121826.62,152904.77,129708.52,32964.37,22468.6,31039.93,38926.63,57938.92,10754.23,8922.32,17434.35,20698.67,23376.11,57274.43,58522.9,8882.14,10850.09,18712.89,10072.47,12021.77,37366.66,60795.37,75321.77,71770.5,31704.99,12413.93,38943.89,37294.72,24511.78,22423.06,13245.13,17207.34,1e+09,15221.27,6125.21,8616.58,8671.14,13905.08,10558.44,19819.3,9338.58,10095.47,14156.79,19697.43,8755.02,16761.49,13307.73,11272.88,9704.89,22286.65,27110.05
11772.1,80877.8,78263.61,96460.85,123730.54,104357.6,29866.8,34445.77,13944.94,20872.93,31508.15,9188.99,16634.43,9810.91,18109.55,19444.51,32541.41,33060.07,11636.4,12948.08,10657.72,11304.97,9447.26,14540.88,38274.96,52636.07,49654.81,13721.44,11224.98,15647.49,18255.29,16967.39,40347.12,23137.07,8385.19,15221.27,1e+09,12616.72,13146.84,11309.51,19884.5,11088.47,13351.55,12598.47,13649,8612.23,15152.58,12910.42,8956.63,11267.82,10270.11,12090.32,15239.59,30773.1
17858.95,104436.35,99704.32,113380.42,142963.01,123701.45,30687.38,22758.79,26066.48,31945.62,48836.49,8158.43,8546.56,13623.5,17055.9,22205.64,52153.76,50575.08,8744.38,7836.1,12990.64,8043.32,10348.86,31732.97,53026.43,68718.94,63373.29,23648.57,10751.53,31847.29,30081.61,25620.75,29805.59,15410.64,11804.48,6125.21,12616.72,1e+09,5995.6,6983.48,16361.48,10264.66,14685.4,7193.31,6691.19,11944.95,20213.84,7517.25,10643.34,11958.26,6979.39,9253.06,20598.74,30542.58
20793.11,110318.69,105479.93,118167.24,149398.43,122973.25,28656.67,20767.97,27736.81,34999.6,52694.98,8501,8124.34,14477.84,13791.08,24853.14,57136.05,51321.44,9029.98,8147.06,13903.69,9340.79,13802.75,33710.71,57012.4,70850.57,66099.7,27234.28,13530.3,32802.92,31941.45,20860.64,27739.94,16484.39,12808.71,8616.58,13146.84,5995.6,1e+09,8498.89,12142.09,7793.88,11988.14,5746.05,7976.4,10989.93,16422.66,6802.25,12688.44,9893.6,7545.22,8847.9,18500.66,23202.51
14935.84,98304.52,92998.53,106922.96,136530.39,116881.58,33438.12,29755.24,23162.37,27564.68,42758.37,7365.48,8003.99,9987.74,19607.05,18196.8,49977.97,47091.51,9067.82,9383.9,12174.87,7178.21,8890.07,26917.1,47433.56,62159.01,58201.85,18799.06,11511,27821.88,26713.19,27321.62,35783.69,21177.53,13039.66,8671.14,11309.51,6983.48,8498.89,1e+09,16343.86,12272.52,17562.25,7564.66,7673.07,9038.34,20766.38,7300.68,12149.5,11857.81,9517.38,8615.68,22011.37,31743.16
42967.74,125975.63,121428.04,121536.44,164806.69,121301.67,24212.96,21268.96,33826.23,40166.5,62534.78,16902.01,10694.24,34985.31,9345.36,44664.47,79649.09,49313.92,15639.88,12978.72,13281.51,18061.75,20840.49,40218.61,62559.38,78857,75047.46,41822.71,27581.88,35106.72,40739.22,14435.73,13185.28,22665.93,20079.21,13905.08,19884.5,16361.48,12142.09,16343.86,1e+09,8797.19,11409.67,14579.81,14155.88,14770.79,9317.99,13616.37,27976.74,11004.84,18370.68,6917.15,18713.42,7109.48
20566.46,92311.44,109030.13,123962,155226.61,126036.99,29077.11,23493.74,22699.86,30566.59,51749.17,10832.24,10061.63,14700.7,12341.62,21543.51,45986.95,39515.87,7713.21,11313.43,12574.41,12952.99,13344.74,24952.06,48295.62,70506.98,65999.56,28699.29,13295.26,24335.46,27426.47,17638.57,26874.03,19667.84,12330.71,10558.44,11088.47,10264.66,7793.88,12272.52,8797.19,1e+09,11364.27,8215.3,9313.11,13498.53,15802.31,8021.29,12958.13,7601.75,10184.21,8700.37,16926.19,17423.9
21428.93,97848.34,101618.49,117744.95,147500.16,116097.6,22490.61,31257.37,22765.94,31520.7,46668.41,15416.59,13344.12,15550.67,7830.97,29530.71,49474.91,36103.28,16324.32,11471.91,6410.06,18225.35,20344.93,25175.04,51567.54,70502.17,64443.97,26634.25,19999.32,22448.86,28353.77,12618.41,21564.34,33831.66,8782.37,19819.3,13351.55,14685.4,11988.14,17562.25,11409.67,11364.27,1e+09,11343.43,11639.23,12632.06,7297.33,14252.36,12560.54,7784.89,9487.13,8250.12,10196.37,11255.01
17822.21,107840.18,109470.21,126185.9,154722.9,131901.28,30128.8,21972.79,30368.15,36097.95,56298.04,9092.61,7988.26,12333.8,12391.47,23497.04,54188.21,51921.61,10497.65,8816.03,13034.03,7379.51,12610.96,35544.76,59213.75,77547.65,72153.09,28307.78,12424.28,33154.04,32582.5,22210,30471.95,19447.01,11347.69,9338.58,12598.47,7193.31,5746.05,7564.66,14579.81,8215.3,11343.43,1e+09,5147.63,12908.33,18230.53,5953.17,10645.39,9384.82,6557.47,8348.73,17196.9,23672.93
19416.02,101355.64,96569.37,112793.23,140149.04,118278.46,29040.57,28592.29,22670.52,27734.36,44069.23,6888.88,7470.18,15039.12,13361.15,26603.39,55665.93,45261.65,10415.47,5633.56,10939.5,10608.82,11972.57,27179.21,49416.57,64704.67,59388.9,21605.76,11544.45,26272.84,26638.51,20370.89,27253.63,25665.37,10473.42,10095.47,13649,6691.19,7976.4,7673.07,14155.88,9313.11,11639.23,5147.63,1e+09,6799.2,13328.35,7495.36,10495.58,7842.28,7472.7,6644.31,15546.46,23032.35
20795.42,93449.09,88504.36,101597.85,132410.36,106671.2,26097.68,36009.31,18161.52,22393.68,35396.91,9565.22,11116.5,15585.62,14093.02,29003.66,47296.17,38694.26,12312.44,8206.82,8181.97,16117.73,10693.33,21285.42,42549,56490.08,52155.49,19213.56,18566.67,21123.6,23385.3,14851.14,24691.92,30947.49,8297.35,14156.79,8612.23,11944.95,10989.93,9038.34,14770.79,13498.53,12632.06,12908.33,6799.2,1e+09,11749.22,15153.28,11866.48,9170.27,12355.21,6819.05,11820.1,21398.49
31788.18,98291.28,93834.38,102263.64,137925.66,100524.9,17926.14,32796.03,22859.74,23782.85,40028.41,18120.87,13202.05,24741.56,8763.07,42353.24,56980.04,30687.89,20472.38,12100.56,9405.78,23613.32,22255.66,26120.68,44809.96,60746.99,54918.12,23168.62,29134.1,19154.64,27424.91,10434.48,13721.68,34973.59,16701.13,19697.43,15152.58,20213.84,16422.66,20766.38,9317.99,15802.31,7297.33,18230.53,13328.35,11749.22,1e+09,19860.12,20637.88,10917.17,17446.22,8160.63,7933.68,9074.07
19527.44,108060.8,107175.54,120626.48,151199.08,128890.48,32535.28,25114.01,31074.85,37063.83,55994.67,6651.36,6677.5,14682.48,16626.87,24513.94,57041.54,52963.12,8196.06,7960.54,13625.76,6753.52,10188.8,35259.66,58862.28,74885.23,69708.38,27774.91,10968.61,34295.42,33033.04,24631.45,33521.56,18788.02,13563.93,8755.02,12910.42,7517.25,6802.25,7300.68,13616.37,8021.29,14252.36,5953.17,7495.36,15153.28,19860.12,1e+09,12492.39,10743.36,7195.97,9492.59,20625.77,26065.27
9308.58,70150.07,78802.34,99848.17,123814.25,108157.05,31184.67,39495.72,11176.82,17250.14,32597.2,8502.4,15088.39,8597.32,16914.34,17299.19,23602.08,26167.74,12579.75,10859.63,10127.57,13208.86,13159.56,10216.34,28921.31,52042.15,45814.42,12005.25,10819.31,15090.83,11479.86,22018.1,53698.16,31283.64,6179.41,16761.49,8956.63,10643.34,12688.44,12149.5,27976.74,12958.13,12560.54,10645.39,10495.58,11866.48,20637.88,12492.39,1e+09,14647.38,6165.27,12283.27,16130.02,38772.8
20540.97,91700.18,103784.77,118891.43,149106.71,120230.63,29552.17,29471.31,19201.33,27240.25,48568.65,10635.32,10208.94,16010.64,13006.42,23023.27,44682.59,38360.68,11118.01,8482.74,9882.7,13183.23,14049.39,21578.95,44285.35,68563.17,63249.35,27240.63,17215.33,21903.93,24473.46,14146.99,22055.15,25423.16,8077.48,13307.73,11267.82,11958.26,9893.6,11857.81,11004.84,7601.75,7784.89,9384.82,7842.28,9170.27,10917.17,10743.36,14647.38,1e+09,10847.1,6804.22,11545.2,17498.8
11612.21,90641.32,94527.02,114755.19,140147.88,122740.92,30997.67,31563.12,21027.32,28621.04,45503.27,7404.31,9686.57,8366.65,13409.33,19753.64,40846.36,39829.6,10077.16,7995.76,10187.61,8792.98,11061.31,23418.92,49242.7,69198.86,63775.47,19220.72,9718.2,22221.18,23659.67,20594.32,47210.04,25159.35,7874.04,11272.88,10270.11,6979.39,7545.22,9517.38,18370.68,10184.21,9487.13,6557.47,7472.7,12355.21,17446.22,7195.97,6165.27,10847.1,1e+09,9819.93,13717.01,30863.48
26534.76,102773.68,98287.78,107488.42,141564.59,109816.3,25543.91,30527.4,20989.99,26123.33,41618.33,9371.31,7338.56,21792.68,10203.65,33869.18,57879.28,40716.19,11505.51,7248.79,7119.35,12158.85,13992.32,25556.06,47704.02,61284.49,57115.17,23113.91,18434.65,22218.11,25623.29,16085,22721.35,25425.2,10238.44,9704.89,12090.32,9253.06,8847.9,8615.68,6917.15,8700.37,8250.12,8348.73,6644.31,6819.05,8160.63,9492.59,12283.27,6804.22,9819.93,1e+09,11339.15,13695.34
26797.22,90418.49,85131.08,101333.61,130047.81,99504.77,16516.92,35816.49,22768.27,22760.67,36995.27,17264.7,16946.36,19080.39,9505.43,35065.67,48404.57,30447.33,20070,14653.98,12298.6,24024.9,21431.84,24835.9,44349.47,57231.48,53419.46,18551.31,25829.54,20043.77,25731.85,10249.48,19626.47,33780.86,15110.29,22286.65,15239.59,20598.74,18500.66,22011.37,18713.42,16926.19,10196.37,17196.9,15546.46,11820.1,7933.68,20625.77,16130.02,11545.2,13717.01,11339.15,1e+09,16940.17
57998.51,133250.79,128941.88,129117.72,172947.03,120896.07,16288.15,25377.82,42928.07,47787.74,69459.81,28264.1,18342.06,48365.53,10410.38,63512.96,90541.09,45790.78,28175.45,21290.79,16270.16,33569.06,34452.36,50067.72,71279.2,87117.08,82842.39,51435.47,43904.74,41893.88,49915.75,15666.86,10961.42,29519.12,28430.86,27110.05,30773.1,30542.58,23202.51,31743.16,7109.48,17423.9,11255.01,23672.93,23032.35,21398.49,9074.07,26065.27,38772.8,17498.8,30863.48,13695.34,16940.17,1e+09
