1e+09,55876.46,63274.54,79191.86,91130.57,97086.38,20773.22,80434.42,25272.46,20059.3,22484.82,19994.27,21168.23,13480.58,12893.53,31510.31,22789.44,22407.3,27106.23,20702.71,14107.83,26683.4,17110.93,12442.78,28816.97,37787.22,35780.52,9876.72,13848.68,15836.74,20125.97,22946.03,70878.44,51880.53,16643.19,32381.61,16813.43,22715.28,21916.53,24404.96,28107.59,33372.37,15761.59,30296.06,20707.86,19365.96,30926.84,38667.16,11904.75,14838.99,25681.2,23468.54,21986.25,49705.36
55876.46,1e+09,20288.53,13512.54,24613.88,27651.72,83058.9,138288.4,73057.31,59529.73,60613.15,81082.79,83387.7500000001,60875.36,70125.33,70752.99,43344.66,39795.98,86958.7900000001,78372.05,72159.85,86090.65,74075.78,55815.25,42311.82,35066.35,40412.18,60399.21,64883.94,48366.44,68458.26,85647.49,137642.88,106967.39,64194.04,93145.69,64172.17,80943.02,82173.32,87416.75,94401.05,88851.23,73001.42,93562.95,87079.64,80260.85,90388.57,98985.81,62229.64,74263.25,83506.68,86133.33,80128.36,116509.51
63274.54,20288.53,1e+09,20592.81,33040.65,34521.88,97872.01,165487.71,82710,74553.16,53795.8,99643.76,103595.93,77056.56,86011.27,87349.51,42001.26,38266.05,107164.13,99551.11,87579.77,107141.91,90463.68,63439.78,46681.89,27999.24,24361.82,69882.07,80091.87,56909.12,71197.6,103602.6,161758.36,129084.38,77379.63,117605.59,79846.81,102550.53,104356.49,107627.21,113079.43,105072.14,91873.19,118206.19,104490.66,100255.69,115987.23,125324.82,69187.18,88165.86,103636.87,106278.22,96908.9,141549.44
79191.86,13512.54,20592.81,1e+09,19113.59,24659.71,114189.81,181230.67,104815.69,90974.59,76243.91,115159.37,120211.58,90823.94,102211.31,106160.76,55626.44,50717.08,125316.49,115115.74,105566.82,124742.09,105476.58,81446.1600000001,65185.67,48041.04,49419.7,85380.71,97211.37,72968.51,94080.3200000001,121001.75,178611.11,146043.39,94213.51,133509.17,95019.33,117722.22,120541.53,124757.88,130548.96,126141.21,109960.39,135084.42,123267.13,116319.13,131048.05,142590.72,89165.01,109254.17,121691.69,122902.21,112369.43,158680.57
91130.57,24613.88,33040.65,19113.59,1e+09,18456.76,118712.31,175156.75,122501.44,107637.81,89953.89,125757.32,127407.13,105229.23,112754.71,118181.67,72648.21,68746.43,127089.66,124364.1,117275.08,127318.05,117576.86,100031.68,77685.95,61141.08,67437.23,103190.65,107727.2,92311.75,107632.36,134736.72,169371.65,140251.04,110125.19,131531.14,113734.13,124052.78,125028.95,130900.59,134522.95,122634.93,117884.63,132059.5,132530.09,126985.87,138956.17,138630.19,104630.35,118668.81,128434.59,130347.41,124424.55,152480.95
97086.38,27651.72,34521.88,24659.71,18456.76,1e+09,131563.79,206657.72,134180.4,117550.71,105909.72,140130.8,142935.24,114674.58,124813.91,131712.32,85617.2700000001,75522.13,148224.99,138988.82,128149.41,148753.99,130277.69,108046.04,90834.61,67381.9,73490.67,105311.33,120556.53,98214.37,122160.84,146441.28,203320.95,169878.85,121909.62,156772.56,122259.49,143201.94,143343.38,150142.66,155142.65,148624.88,132672.35,157491.86,146694.51,140330.86,158381.94,166066.14,112966.21,131523.13,147524.31,146692.69,138697.09,181506.31
20773.22,83058.9,97872.01,114189.81,118712.31,131563.79,1e+09,42273.26,30960.37,38943.11,51251,17192.63,16940.77,19792.45,17784.82,26286.57,51248.96,52439.71,18037.44,19342.28,18812.82,20009.76,16995.61,36625.53,55508.27,66862.89,65053.77,25620.46,21111.45,35198.23,31150.9,19623.07,28274.51,22995.4,22763.36,19623.78,22502.54,16611.66,17403.71,20295.49,18809.08,19584.55,20998.14,20308.6,20979.62,19455.09,19934.34,21830.57,23848.05,21663.04,17795.83,21038.82,16224.7,20277.29
80434.42,138288.4,165487.71,181230.67,175156.75,206657.72,42273.26,1e+09,48800.06,66207.69,93360.1,62574.34,53998.12,47301.54,66715.25,41196.95,105540.07,112607.14,20615.63,47880.63,45460.33,38286.85,61332.5,74030.85,86449.87,113105.51,110308.28,73595.22,57835.88,79345.56,75726.36,51212.19,22699.66,16304.57,40327.04,37475.16,54962.6,41065.42,48017.33,43488.04,48341.9,34262.73,50030.41,33146.95,52432.1,54765.14,29295.31,28036.14,63683.22,53363.4,33525.8,49383.52,40608.83,16489.07
25272.46,73057.31,82710,104815.69,122501.44,134180.4,30960.37,48800.06,1e+09,12016.71,23365.08,27657.01,29026.56,17209.59,24482.98,12825.4,29679.24,32431.04,23442.54,26099.29,18670.85,19394.68,22200.03,13654.83,29748.52,49353.4,44493.58,18616.61,15918.98,17138.21,13053.84,21079.12,56984.97,25569.27,11535.99,29686.75,15297.57,22303.52,26306.9,27132.07,31816.37,14413.33,16161.9,27521.16,29479.46,23834.34,24304.11,25504.57,15928.53,15398.88,16240.64,31132.39,17915.8,43562.28
20059.3,59529.73,74553.16,90974.59,107637.81,117550.71,38943.11,66207.69,12016.71,1e+09,19388.97,41323.63,35521.99,15673.86,30980.66,15979.61,20610.78,25314.19,32234.02,30727.96,23415.99,23294.31,33059.46,9362.9,17219.61,38015.92,34718.31,13597.02,14684.4,12514.83,8968.92,27593.72,70624.38,41200.47,12845.13,34592.22,15703.21,28179.91,31098.16,32305.24,39261.27,17845.04,17638.21,33719.93,35072.65,31905.46,34641.28,34331.37,15540.74,13641.17,23444.67,33674.57,28496.79,55276.8
22484.82,60613.15,53795.8,76243.91,89953.89,105909.72,51251,93360.1,23365.08,19388.97,1e+09,52318.67,48724.65,25590.32,39620.68,27566.14,18827.67,18591.85,45911,44565.93,34960.81,41330.69,42015.24,16824.33,14425.51,25760.76,23718.49,25883.66,26111.58,17098.51,14329.96,41522.82,89499.35,58851.31,23773.12,51289.19,27674.19,43362.01,44826.87,47439.71,50016.64,35871.87,32200.84,51427.11,48262.75,42361.35,52452.97,56227.28,17263.56,28392.28,41595.57,48305.4,41081.37,73398.51
19994.27,81082.79,99643.76,115159.37,125757.32,140130.8,17192.63,62574.34,27657.01,41323.63,52318.67,1e+09,10192.02,16495.87,9427.98,34167.04,48021.14,52314.32,18039.93,9444.83,11514.89,15776.07,8296.55,36056.35,58625.01,69534.94,66592.18,23744.71,14151.48,33781.4,30637.44,10754.7,37439.25,37330.52,15309.46,17376.7,17552.26,14129.72,10591.98,9038.37,9911.16,24114.92,12742.43,14775.95,7860.92,7101.5,12808.63,24710.34,12462.9,12388.62,16276.45,7136.67,13249.35,23289.98
21168.23,83387.7500000001,103595.93,120211.58,127407.13,142935.24,16940.77,53998.12,29026.56,35521.99,48724.65,10192.02,1e+09,15268.92,11210.76,33537.82,50136.22,55549.18,14257.62,9665.54,12743.98,11399.95,10285.44,37013.21,52667.6,67768.39,66661.25,25943,12787.27,31971.06,30639.6,12974.47,28736.34,27929.23,15861.29,12115.88,16908.47,11458.31,9167.74,8888.5,9264.96,18480.53,10480.59,12305.85,8293.14,8189.66,10700.75,20308.83,15099.81,10202.19,14137.97,7744,14539.15,18361.82
13480.58,60875.36,77056.56,90823.94,105229.23,114674.58,19792.45,47301.54,17209.59,15673.86,25590.32,16495.87,15268.92,1e+09,12984.62,15246.3,26243.09,30560.53,11556.92,10480.34,7717.51,12040.82,10561.84,12339.98,27940.01,45711.78,45558.99,11085.05,9774.17,11454.5,18865.43,12626.69,51475.21,24347.74,8878.21,16193.01,6707.92,12587.99,12719.39,15106.5,17314.83,12557.93,8640.26,15258.12,13458.94,12524.62,16867.69,17837.16,7904.58,9858.5,11120.74,15365.12,9453.2,32273.78
12893.53,70125.33,86011.27,102211.31,112754.71,124813.91,17784.82,66715.25,24482.98,30980.66,39620.68,9427.98,11210.76,12984.62,1e+09,31627.14,41026.38,41263.78,15334.41,11993.38,7844.93,14838.48,8652.06,24043.2,44100.84,56614.28,53675.87,14304.63,8972.89,23679.42,27576.69,13668.1,42157.46,36170.57,13230.15,18862.47,14291.66,12236.03,10164.72,10709.09,13721.08,22121.73,10047.17,15773.57,8566.34,9701.46,16444.63,26554.76,9605.36,9221.66,18127.92,9994.82,13838.06,27520.53
31510.31,70752.99,87349.51,106160.76,118181.67,131712.32,26286.57,41196.95,12825.4,15979.61,27566.14,34167.04,33537.82,15246.3,31627.14,1e+09,35054.62,40047.15,22460.68,28038.53,22595.05,22657.57,27707.91,20364.52,33166.58,52201.84,48522.11,21807.79,20008.49,19884.01,20393.08,28776.48,46377.42,21408.54,12243.79,25945.24,19246.55,23908.78,27229.65,28960.57,31308.65,13877.25,21858.52,26904.47,31020.62,30118.29,30589.11,26606.77,21269.83,18566.1,20924.65,31732.86,21597.68,37043.21
22789.44,43344.66,42001.26,55626.44,72648.21,85617.2700000001,51248.96,105540.07,29679.24,20610.78,18827.67,48021.14,50136.22,26243.09,41026.38,35054.62,1e+09,10782.95,52887.97,47035.84,35058.52,52126.01,38719.18,15704.55,18714.7,20388.52,20522.73,19814.14,30747.32,12238.42,21273.98,46881.19,108560.95,71982.77,27108.45,66151.7,28378.44,50280.85,54522.51,58598.7,59119.44,50036.95,38892.91,66184.44,55594.85,44742.17,56784.8,68629.81,26265.31,37346.74,46249.67,57499.07,43042.72,87695.54
22407.3,39795.98,38266.05,50717.08,68746.43,75522.13,52439.71,112607.14,32431.04,25314.19,18591.85,52314.32,55549.18,30560.53,41263.78,40047.15,10782.95,1e+09,57551.48,53032.74,37767.82,56492.71,42978.32,18585.8,20050.74,17815.03,18016.68,22008.22,33019.73,16803.34,23194.79,48002.14,113557.5,77110.33,31061.08,69795.23,32295.85,54985.5,56650.46,59928.25,65306.09,55038.06,41829.32,68309.46,56943.1,46728.95,62999.38,73060.06,25704.73,39776.65,51000.34,61585.97,47938.73,91729.35
27106.23,86958.7900000001,107164.13,125316.49,127089.66,148224.99,18037.44,20615.63,23442.54,32234.02,45911,18039.93,14257.62,11556.92,15334.41,22460.68,52887.97,57551.48,1e+09,14494.08,12979.34,11532.97,14278.6,30565.57,49537.53,67970.6,66575.09,25368.13,15381.42,32157.05,26711.73,14897.74,28347.81,12251.37,14914.56,11241.15,17334.33,12681.38,10940.22,13754.11,15941.07,11013.53,13085.69,11038.94,16396.09,16513.98,16323.54,12174.43,19352.74,14143.11,12699.66,14247.64,10854.3,17510.75
20702.71,78372.05,99551.11,115115.74,124364.1,138988.82,19342.28,47880.63,26099.29,30727.96,44565.93,9444.83,9665.54,10480.34,11993.38,28038.53,47035.84,53032.74,14494.08,1e+09,8233.7,8533.5,8864.04,30403.6,47805.62,63803.72,64245.93,22829.89,13041.6,27063.95,30129.91,8446.06,37424.65,32191.69,12345.53,12512.92,12650.11,10352.63,6842.44,6087.76,8770.74,14730.44,6221.81,10410.15,6618.24,6215.62,7051.92,14445.58,12092.54,7122.74,9029.02,5711.64,9273.02,20992.28
14107.83,72159.85,87579.77,105566.82,117275.08,128149.41,18812.82,45460.33,18670.85,23415.99,34960.81,11514.89,12743.98,7717.51,7844.93,22595.05,35058.52,37767.82,12979.34,8233.7,1e+09,8715.37,7957.76,17607.5,38923.29,57029.27,56644.07,13462.11,8560.89,17756.59,23717.49,8245.13,45193.95,27136.5,8385.23,14356.55,8412.71,9169.4,8670.58,10684.1,15464.16,10501.07,6801.5,11350.76,9574.52,6945.99,11785.3,13362.61,6833.07,7224.1,7888.91,12267.9,9283.69,27945
26683.4,86090.65,107141.91,124742.09,127318.05,148753.99,20009.76,38286.85,19394.68,23294.31,41330.69,15776.07,11399.95,12040.82,14838.48,22657.57,52126.01,56492.71,11532.97,8533.5,8715.37,1e+09,14469,25639.47,42565.19,64201.7,60977.75,22171.57,13435.06,28862.9,25783.47,11663.69,23585.45,17328.2,11124.77,6866.39,12866.16,7969.31,8542.64,7629.36,9895.3,7416.95,7394.51,5695.55,10790.47,11591.1,8213.74,7257.69,16202.48,9683.23,7290.71,7577.86,8598.61,16639.39
17110.93,74075.78,90463.68,105476.58,117576.86,130277.69,16995.61,61332.5,22200.03,33059.46,42015.24,8296.55,10285.44,10561.84,8652.06,27707.91,38719.18,42978.32,14278.6,8864.04,7957.76,14469,1e+09,26266.74,47259.52,60540.73,58912.96,17634.82,10947.8,24886.47,27837.49,10232.84,38851.54,32361.5,12457.89,18513.04,10558.76,10417.86,10703.35,9304.23,9476.92,19050.63,11199.27,16160.18,8032.52,6503.53,14169.26,24465.73,9723.61,10792.91,13464.83,9213.74,12231.54,23251.73
12442.78,55815.25,63439.78,81446.1600000001,100031.68,108046.04,36625.53,74030.85,13654.83,9362.9,16824.33,36056.35,37013.21,12339.98,24043.2,20364.52,15704.55,18585.8,30565.57,30403.6,17607.5,25639.47,26266.74,1e+09,20216.89,37248.18,32138.83,10427.21,13287.17,9864.8,10922.25,24855.7,82181.69,41889.26,13299.87,37601.87,13014.6,28149.32,29896.35,33871.38,40354.12,23815.1,17884.52,37494.71,35204.62,25810.26,36842.4,38387.84,10659.34,19387.46,22796.31,36904.2,23978.28,62475.4
28816.97,42311.82,46681.89,65185.67,77685.95,90834.61,55508.27,86449.87,29748.52,17219.61,14425.51,58625.01,52667.6,27940.01,44100.84,33166.58,18714.7,20050.74,49537.53,47805.62,38923.29,42565.19,47259.52,20216.89,1e+09,19655.49,16920.27,26525.8,32572.95,16110.22,21372.31,49823.99,92697.97,59415.5,30365.19,50628.54,30985.71,44683.32,47461.89,51656.89,56828.87,36746.52,35094.2,53154.69,53798.52,50111.94,56602.77,55863.74,26540.87,33265.05,42892.33,50940.46,43046.74,77103.48
37787.22,35066.35,27999.24,48041.04,61141.08,67381.9,66862.89,113105.51,49353.4,38015.92,25760.76,69534.94,67768.39,45711.78,56614.28,52201.84,20388.52,17815.03,67970.6,63803.72,57029.27,64201.7,60540.73,37248.18,19655.49,1e+09,10340.11,37181.6,46817.33,26206.75,37446.91,71745.18,111592.89,79588.3,44959.85,71804.41,52081.84,64667.94,64064.15,69056.6,73480.3,58352.09,53113.45,72707.08,68598.11,67151.77,77302.89,78685.73,43430.56,51055.83,65141.24,68005.87,64148.43,95207.21
35780.52,40412.18,24361.82,49419.7,67437.23,73490.67,65053.77,110308.28,44493.58,34718.31,23718.49,66592.18,66661.25,45558.99,53675.87,48522.11,20522.73,18016.68,66575.09,64245.93,56644.07,60977.75,58912.96,32138.83,16920.27,10340.11,1e+09,33936.63,43900.2,25777.74,33244,67348.2,111753.87,79101.19,43963.24,69011.12,49550.31,63068.49,64417.35,68030.49,71277.46,56554.65,50584.12,71039.31,67492.8,68007.57,74791.95,76015.62,42475.31,47850.06,61850.27,67377.01,63623.19,93615.16
9876.72,60399.21,69882.07,85380.71,103190.65,105311.33,25620.46,73595.22,18616.61,13597.02,25883.66,23744.71,25943,11085.05,14304.63,21807.79,19814.14,22008.22,25368.13,22829.89,13462.11,22171.57,17634.82,10427.21,26525.8,37181.6,33936.63,1e+09,11026.48,10558.47,11942.07,20007.85,71468.15,41757.39,13981.04,30961.61,13009.83,23557.92,23219.99,26867.31,30702.63,21937.18,12468.69,29578.81,25763.49,18767.8,30431.75,35314.24,12004.4,10958.99,20596.11,27055.74,19160.4,51268.98
13848.68,64883.94,80091.87,97211.37,107727.2,120556.53,21111.45,57835.88,15918.98,14684.4,26111.58,14151.48,12787.27,9774.17,8972.89,20008.49,30747.32,33019.73,15381.42,13041.6,8560.89,13435.06,10947.8,13287.17,32572.95,46817.33,43900.2,11026.48,1e+09,14209.64,15310.85,16125.35,39718.22,30518.62,9813.65,18702.67,10519.18,12669.76,10932,12289.86,15027.5,16177.81,9806.04,16565.65,12836.41,13725.54,17279.26,22427.52,9570.12,9189.81,18062.42,12386.97,14484.09,26319.52
15836.74,48366.44,56909.12,72968.51,92311.75,98214.37,35198.23,79345.56,17138.21,12514.83,17098.51,33781.4,31971.06,11454.5,23679.42,19884.01,12238.42,16803.34,32157.05,27063.95,17756.59,28862.9,24886.47,9864.8,16110.22,26206.75,25777.74,10558.47,14209.64,1e+09,11729.08,24788.84,82355.54,49487.15,10279.27,39431.29,12609.58,28334.95,31209.44,32690.14,38081.02,27297.79,16099.95,39328.8,30602.1,25953.78,35106.74,42387.08,13024.74,14172.63,25422.66,33528.57,25842.61,61560.24
20125.97,68458.26,71197.6,94080.3200000001,107632.36,122160.84,31150.9,75726.36,13053.84,8968.92,14329.96,30637.44,30639.6,18865.43,27576.69,20393.08,21273.98,23194.79,26711.73,30129.91,23717.49,25783.47,27837.49,10922.25,21372.31,37446.91,33244,11942.07,15310.85,11729.08,1e+09,23224.09,69285.46,40399.81,16381.62,35453.39,18196.17,29366.08,29551.25,31178,35992.68,20608.71,18944.4,34584.41,32690.94,27804.4,31754.04,37299.97,15373.85,14739.22,26086.68,33342.01,20270.37,53484.83
22946.03,85647.49,103602.6,121001.75,134736.72,146441.28,19623.07,51212.19,21079.12,27593.72,41522.82,10754.7,12974.47,12626.69,13668.1,28776.48,46881.19,48002.14,14897.74,8446.06,8245.13,11663.69,10232.84,24855.7,49823.99,71745.18,67348.2,20007.85,16125.35,24788.84,23224.09,1e+09,30995.99,31574.71,13533.47,16665.94,9186,10883.6,10371.73,10485.65,9190.67,15168.88,6932.46,13333.63,9828.41,7703.47,8842.99,17019.27,10524.39,8805.25,10932.86,12095.34,10267.39,19254.84
70878.44,137642.88,161758.36,178611.11,169371.65,203320.95,28274.51,22699.66,56984.97,70624.38,89499.35,37439.25,28736.34,51475.21,42157.46,46377.42,108560.95,113557.5,28347.81,37424.65,45193.95,23585.45,38851.54,82181.69,92697.97,111592.89,111753.87,71468.15,39718.22,82355.54,69285.46,30995.99,1e+09,11807.88,46019.21,18123.43,53432.28,26955.98,29051.71,28662.99,25476.85,22437.64,37928.21,23136.4,31813.43,36836.21,22291.25,20186.43,56759.47,42232.19,32292.46,32855.22,37264.9,14133.35
51880.53,106967.39,129084.38,146043.39,140251.04,169878.85,22995.4,16304.57,25569.27,41200.47,58851.31,37330.52,27929.23,24347.74,36170.57,21408.54,71982.77,77110.33,12251.37,32191.69,27136.5,17328.2,32361.5,41889.26,59415.5,79588.3,79101.19,41757.39,30518.62,49487.15,40399.81,31574.71,11807.88,1e+09,24299.36,13200.07,32020.3,19193.9,21603.03,27306.05,24516.15,12894.16,28353.14,15091.28,36213.12,34950.37,18248.52,12097.62,41952.62,35607.58,19780.11,30453.45,19247.84,14384.22
16643.19,64194.04,77379.63,94213.51,110125.19,121909.62,22763.36,40327.04,11535.99,12845.13,23773.12,15309.46,15861.29,8878.21,13230.15,12243.79,27108.45,31061.08,14914.56,12345.53,8385.23,11124.77,12457.89,13299.87,30365.19,44959.85,43963.24,13981.04,9813.65,10279.27,16381.62,13533.47,46019.21,24299.36,1e+09,17568.68,8265.84,12990.46,15230.77,15047.46,19030.22,9645.48,10463.19,14869.89,12550.66,13021.42,13642.55,14003.12,7049.19,8918.12,9021.64,14727.91,10551.87,29172.66
32381.61,93145.69,117605.59,133509.17,131531.14,156772.56,19623.78,37475.16,29686.75,34592.22,51289.19,17376.7,12115.88,16193.01,18862.47,25945.24,66151.7,69795.23,11241.15,12512.92,14356.55,6866.39,18513.04,37601.87,50628.54,71804.41,69011.12,30961.61,18702.67,39431.29,35453.39,16665.94,18123.43,13200.07,17568.68,1e+09,20813.26,7977.31,9202.66,9580.59,11764.48,9811.22,9861.34,6547.46,13715.14,15493.74,10653.07,10954.22,23418.58,12849.96,11516.58,9812.06,13091.09,13672.52
16813.43,64172.17,79846.81,95019.33,113734.13,122259.49,22502.54,54962.6,15297.57,15703.21,27674.19,17552.26,16908.47,6707.92,14291.66,19246.55,28378.44,32295.85,17334.33,12650.11,8412.71,12866.16,10558.76,13014.6,30985.71,52081.84,49550.31,13009.83,10519.18,12609.58,18196.17,9186,53432.28,32020.3,8265.84,20813.26,1e+09,11426.73,14732.74,15284.06,17050.74,15244.41,7487.95,19586.32,17216.82,10193.71,16133.55,21107.96,7157.08,9768.15,11216.39,17394.08,11072.27,36677.85
22715.28,80943.02,102550.53,117722.22,124052.78,143201.94,16611.66,41065.42,22303.52,28179.91,43362.01,14129.72,11458.31,12587.99,12236.03,23908.78,50280.85,54985.5,12681.38,10352.63,9169.4,7969.31,10417.86,28149.32,44683.32,64667.94,63068.49,23557.92,12669.76,28334.95,29366.08,10883.6,26955.98,19193.9,12990.46,7977.31,11426.73,1e+09,8296.77,8204.08,11044.49,10598.77,9181.23,9013.91,11650.25,10502.01,10033.68,12295.38,13395.66,10613.2,8470.89,10318.2,11035.39,19237.71
21916.53,82173.32,104356.49,120541.53,125028.95,143343.38,17403.71,48017.33,26306.9,31098.16,44826.87,10591.98,9167.74,12719.39,10164.72,27229.65,54522.51,56650.46,10940.22,6842.44,8670.58,8542.64,10703.35,29896.35,47461.89,64064.15,64417.35,23219.99,10932,31209.44,29551.25,10371.73,29051.71,21603.03,15230.77,9202.66,14732.74,8296.77,1e+09,6230.11,8466.77,13649.95,7761.93,7762.66,7207.58,8893.99,9298.62,14050.43,14172.54,8589.95,11694.25,7759.05,11010.01,16560.3
24404.96,87416.75,107627.21,124757.88,130900.59,150142.66,20295.49,43488.04,27132.07,32305.24,47439.71,9038.37,8888.5,15106.5,10709.09,28960.57,58598.7,59928.25,13754.11,6087.76,10684.1,7629.36,9304.23,33871.38,51656.89,69056.6,68030.49,26867.31,12289.86,32690.14,31178,10485.65,28662.99,27306.05,15047.46,9580.59,15284.06,8204.08,6230.11,1e+09,7624.42,14533.8,8216.97,8944.76,5927.86,7654.72,6690.47,12730.75,15620.15,9142.28,10765.63,4844.2,11673.55,17367.14
28107.59,94401.05,113079.43,130548.96,134522.95,155142.65,18809.08,48341.9,31816.37,39261.27,50016.64,9911.16,9264.96,17314.83,13721.08,31308.65,59119.44,65306.09,15941.07,8770.74,15464.16,9895.3,9476.92,40354.12,56828.87,73480.3,71277.46,30702.63,15027.5,38081.02,35992.68,9190.67,25476.85,24516.15,19030.22,11764.48,17050.74,11044.49,8466.77,7624.42,1e+09,17104.74,11109.62,10039.38,7630.87,6729.33,8418.23,16061.26,19591.04,11812.05,12969.83,6670.88,14152.94,16114.55
33372.37,88851.23,105072.14,126141.21,122634.93,148624.88,19584.55,34262.73,14413.33,17845.04,35871.87,24114.92,18480.53,12557.93,22121.73,13877.25,50036.95,55038.06,11013.53,14730.44,10501.07,7416.95,19050.63,23815.1,36746.52,58352.09,56554.65,21937.18,16177.81,27297.79,20608.71,15168.88,22437.64,12894.16,9645.48,9811.22,15244.41,10598.77,13649.95,14533.8,17104.74,1e+09,11049.8,7327.98,20865.9,16508.01,9942.92,5965.12,21259.64,16701.25,8108.19,18276.45,9313.62,17272.78
15761.59,73001.42,91873.19,109960.39,117884.63,132672.35,20998.14,50030.41,16161.9,17638.21,32200.84,12742.43,10480.59,8640.26,10047.17,21858.52,38892.91,41829.32,13085.69,6221.81,6801.5,7394.51,11199.27,17884.52,35094.2,53113.45,50584.12,12468.69,9806.04,16099.95,18944.4,6932.46,37928.21,28353.14,10463.19,9861.34,7487.95,9181.23,7761.93,8216.97,11109.62,11049.8,1e+09,7073.26,7557.9,7491.39,8418.65,13071.73,8636.34,3136.15,8796.08,7753.94,8321.85,23084.1
30296.06,93562.95,118206.19,135084.42,132059.5,157491.86,20308.6,33146.95,27521.16,33719.93,51427.11,14775.95,12305.85,15258.12,15773.57,26904.47,66184.44,68309.46,11038.94,10410.15,11350.76,5695.55,16160.18,37494.71,53154.69,72707.08,71039.31,29578.81,16565.65,39328.8,34584.41,13333.63,23136.4,15091.28,14869.89,6547.46,19586.32,9013.91,7762.66,8944.76,10039.38,7327.98,7073.26,1e+09,11928.46,13141.12,8113.64,5479.2,20652.14,11129.84,8090.65,9660.72,10442.3,13399.6
20707.86,87079.64,104490.66,123267.13,132530.09,146694.51,20979.62,52432.1,29479.46,35072.65,48262.75,7860.92,8293.14,13458.94,8566.34,31020.62,55594.85,56943.1,16396.09,6618.24,9574.52,10790.47,8032.52,35204.62,53798.52,68598.11,67492.8,25763.49,12836.41,30602.1,32690.94,9828.41,31813.43,36213.12,12550.66,13715.14,17216.82,11650.25,7207.58,5927.86,7630.87,20865.9,7557.9,11928.46,1e+09,5962.51,8362.16,18336.92,12411.52,6975.78,12740.17,5999.35,13161.03,17574.28
19365.96,80260.85,100255.69,116319.13,126985.87,140330.86,19455.09,54765.14,23834.34,31905.46,42361.35,7101.5,8189.66,12524.62,9701.46,30118.29,44742.17,46728.95,16513.98,6215.62,6945.99,11591.1,6503.53,25810.26,50111.94,67151.77,68007.57,18767.8,13725.54,25953.78,27804.4,7703.47,36836.21,34950.37,13021.42,15493.74,10193.71,10502.01,8893.99,7654.72,6729.33,16508.01,7491.39,13141.12,5962.51,1e+09,8893.69,17860.98,9160.81,8148.98,11141.95,6290.39,10772.55,20783.55
30926.84,90388.57,115987.23,131048.05,138956.17,158381.94,19934.34,29295.31,24304.11,34641.28,52452.97,12808.63,10700.75,16867.69,16444.63,30589.11,56784.8,62999.38,16323.54,7051.92,11785.3,8213.74,14169.26,36842.4,56602.77,77302.89,74791.95,30431.75,17279.26,35106.74,31754.04,8842.99,22291.25,18248.52,13642.55,10653.07,16133.55,10033.68,9298.62,6690.47,8418.23,9942.92,8418.65,8113.64,8362.16,8893.69,1e+09,6875.02,16744.92,10103.45,7833.68,7818.98,10057.44,12938.27
38667.16,98985.81,125324.82,142590.72,138630.19,166066.14,21830.57,28036.14,25504.57,34331.37,56227.28,24710.34,20308.83,17837.16,26554.76,26606.77,68629.81,73060.06,12174.43,14445.58,13362.61,7257.69,24465.73,38387.84,55863.74,78685.73,76015.62,35314.24,22427.52,42387.08,37299.97,17019.27,20186.43,12097.62,14003.12,10954.22,21107.96,12295.38,14050.43,12730.75,16061.26,5965.12,13071.73,5479.2,18336.92,17860.98,6875.02,1e+09,24857.5,18059.48,7697.01,16236.05,11430.4,14119.31
11904.75,62229.64,69187.18,89165.01,104630.35,112966.21,23848.05,63683.22,15928.53,15540.74,17263.56,12462.9,15099.81,7904.58,9605.36,21269.83,26265.31,25704.73,19352.74,12092.54,6833.07,16202.48,9723.61,10659.34,26540.87,43430.56,42475.31,12004.4,9570.12,13024.74,15373.85,10524.39,56759.47,41952.62,7049.19,23418.58,7157.08,13395.66,14172.54,15620.15,19591.04,21259.64,8636.34,20652.14,12411.52,9160.81,16744.92,24857.5,1e+09,8741.43,14070.53,16013.8,14272.19,35659.05
14838.99,74263.25,88165.86,109254.17,118668.81,131523.13,21663.04,53363.4,15398.88,13641.17,28392.28,12388.62,10202.19,9858.5,9221.66,18566.1,37346.74,39776.65,14143.11,7122.74,7224.1,9683.23,10792.91,19387.46,33265.05,51055.83,47850.06,10958.99,9189.81,14172.63,14739.22,8805.25,42232.19,35607.58,8918.12,12849.96,9768.15,10613.2,8589.95,9142.28,11812.05,16701.25,3136.15,11129.84,6975.78,8148.98,10103.45,18059.48,8741.43,1e+09,11246.69,8161.76,8816.46,24943.04
25681.2,83506.68,103636.87,121691.69,128434.59,147524.31,17795.83,33525.8,16240.64,23444.67,41595.57,16276.45,14137.97,11120.74,18127.92,20924.65,46249.67,51000.34,12699.66,9029.02,7888.91,7290.71,13464.83,22796.31,42892.33,65141.24,61850.27,20596.11,18062.42,25422.66,26086.68,10932.86,32292.46,19780.11,9021.64,11516.58,11216.39,8470.89,11694.25,10765.63,12969.83,8108.19,8796.08,8090.65,12740.17,11141.95,7833.68,7697.01,14070.53,11246.69,1e+09,12703.88,7421.97,21648.59
23468.54,86133.33,106278.22,122902.21,130347.41,146692.69,21038.82,49383.52,31132.39,33674.57,48305.4,7136.67,7744,15365.12,9994.82,31732.86,57499.07,61585.97,14247.64,5711.64,12267.9,7577.86,9213.74,36904.2,50940.46,68005.87,67377.01,27055.74,12386.97,33528.57,33342.01,12095.34,32855.22,30453.45,14727.91,9812.06,17394.08,10318.2,7759.05,4844.2,6670.88,18276.45,7753.94,9660.72,5999.35,6290.39,7818.98,16236.05,16013.8,8161.76,12703.88,1e+09,12860.48,18823.6
21986.25,80128.36,96908.9,112369.43,124424.55,138697.09,16224.7,40608.83,17915.8,28496.79,41081.37,13249.35,14539.15,9453.2,13838.06,21597.68,43042.72,47938.73,10854.3,9273.02,9283.69,8598.61,12231.54,23978.28,43046.74,64148.43,63623.19,19160.4,14484.09,25842.61,20270.37,10267.39,37264.9,19247.84,10551.87,13091.09,11072.27,11035.39,11010.01,11673.55,14152.94,9313.62,8321.85,10442.3,13161.03,10772.55,10057.44,11430.4,14272.19,8816.46,7421.97,12860.48,1e+09,20709.97
49705.36,116509.51,141549.44,158680.57,152480.95,181506.31,20277.29,16489.07,43562.28,55276.8,73398.51,23289.98,18361.82,32273.78,27520.53,37043.21,87695.54,91729.35,17510.75,20992.28,27945,16639.39,23251.73,62475.4,77103.48,95207.21,93615.16,51268.98,26319.52,61560.24,53484.83,19254.84,14133.35,14384.22,29172.66,13672.52,36677.85,19237.71,16560.3,17367.14,16114.55,17272.78,23084.1,13399.6,17574.28,20783.55,12938.27,14119.31,35659.05,24943.04,21648.59,18823.6,20709.97,1e+09
