1e+09,87522.22,73607.72,97732.19,119926.1,88716.55,52786.08,43612.1,21954.36,21642.52,25802.78,18225.16,24876.41,8748.95,26207.42,14133.39,35543.92,44130.78,13731.49,19630.61,21841.47,16769.67,11479.85,21640.03,48111.39,56804.91,47665.66,9356.45,13599.01,16108.96,21049.99,30721.05,80326.67,28829.12,16378.43,24572.67,10969.38,21388.83,24957.64,22990.06,49016.5,22142.74,25385.77,23600.42,22884.98,18912.07,41129.11,23499.49,10843.22,21510.49,12424.81,27202.17,23816.32,53488.26
87522.22,1e+09,8068.01,11218.42,24101.05,33379.7,138949.68,156331.09,67576.05,61287.85,54265.42,101281.15,108628.09,91705.67,106712.1,72975,49037.33,73704.92,93260.64,100867.81,104075.57,99582.56,91504.54,65296.24,46139.32,32346.22,36511.93,79396.47,106317.2,82075.01,63764.85,115342.82,180340.88,142703.73,106696.24,130049.53,97344.9,116385.68,112010.93,107137.71,131898.58,122063.19,116914.8,106200.08,104589.71,102498.13,122703.37,105397.71,95322.24,112947.27,99654.74,114590.24,102841.04,136672.15
73607.72,8068.01,1e+09,10300.91,20746.82,35692.16,127915.49,142217.74,55866.05,49302.33,42379.35,89175.62,96486.33,77798.59,94153.42,56582.74,38672.39,62786.36,81458.08,89362.78,91883.52,86416.94,78061.43,53777.44,34805.13,24965.66,32729.95,66778.04,92241.19,69381.83,52682.02,103138.39,167798.61,128993.28,94334.29,115418.14,83875.83,103343.29,100071.08,95137.68,120829.82,108856.17,103889.36,94805.52,93005.7,90048.31,111748.74,93886.16,83042.83,99410.57,86703.81,101634.02,91074.18,125200.38
97732.19,11218.42,10300.91,1e+09,18972.86,30828.99,134082.1,153128.44,70507.66,67470.12,60779.74,105467.3,110327.85,100516.33,108058.79,82393.09,57589.46,73061.12,99586.19,104760.4,101205.09,105855.76,98893.29,70433.11,49677.52,34054.1,40799.69,86870.99,117597.54,86285.31,68671.89,110652.04,168445.24,146069.79,110389.07,135932.32,101723.83,118801.29,113197.48,110338.36,118633.51,125284.88,115426.87,110071.92,107274.43,101051.58,113650.93,106696.17,100755.82,113730.45,106161.02,111737.32,103609.41,123484.22
119926.1,24101.05,20746.82,18972.86,1e+09,32855.86,173268.95,192115.37,92825.75,89688.16,79750.25,131780.48,139156.9,124023.7,137916.48,99421.7,73590.06,98888.41,125869.04,132445.58,136617.55,130703.96,122034.45,93348.37,64729.66,50807.31,57367.3,109534.05,142206.11,112981.69,90089.7,149244.17,214228.02,180985.08,140662.15,164110.93,129507.18,148668.12,143813.37,138813.07,163587.62,157544.57,149349.55,137890.99,135835.96,133849.61,154722.9,136643.96,127264.04,145539.77,131596.08,144762.95,134791.97,168248.67
88716.55,33379.7,35692.16,30828.99,32855.86,1e+09,105269.89,129798.64,60133.77,66896.45,53559.95,89884.11,93344.47,88546.45,88596.76,71965.95,55190.23,56357.03,87750.49,89249.04,84849.56,90809.12,83372.07,63429.02,52243.67,41965.46,41257.23,73756.13,105540.47,76522.02,59736.65,88480.29,133468,126512.2,94015.66,115645.01,85522.36,105241.52,97678.96,93336.19,99327.9,106142.36,94793.86,95686,91382.92,84341.93,90848.9,95623.12,88820.77,93407.1,95347.31,92782.22,83903.45,97427.1
52786.08,138949.68,127915.49,134082.1,173268.95,105269.89,1e+09,41496.27,52183.48,60950.02,65062.53,35997.67,41149.64,40963.16,26021.41,67941.19,93679.86,40908.36,42178.74,36866.38,30073.55,33398.66,48022.09,63044.17,84380.24,92979.12,80863.84,38717.37,49047.21,52089.04,59042.4,25324.19,18353.55,46943.27,37949.42,50091.2,34020.74,28698.9,33073.59,33051.9,28568.68,38126.6,26428.85,35368.13,39808.33,38103.37,22904.87,37934.23,38140.48,31853.13,35007.77,41497.77,26265.84,19845.97
43612.1,156331.09,142217.74,153128.44,192115.37,129798.64,41496.27,1e+09,52181.76,60006.76,78037.86,25277.99,18959.18,34403.8,25795.56,54935.96,92773.26,72908.16,26094.48,22477.56,29497.82,25304.62,27974.83,60376.41,91397.3,106930.43,101003.72,45557.13,20799.2,48588.9,58686.29,29201,15391.23,9867.52,28534.17,11979.93,31828.87,19791.19,19915.68,21847.41,16403.69,16500.36,23091.97,20028.11,20424.59,23749.95,23008.36,21445.54,35716.56,22974.54,28482.07,18254.02,27103.32,18368.35
21954.36,67576.05,55866.05,70507.66,92825.75,60133.77,52183.48,52181.76,1e+09,11391.63,15010.38,21229.68,24865.55,19420.13,26531.35,12650.62,23104.21,25726.18,17113.08,22433.83,21567.44,25048.08,19082.93,8052.33,20939.9,29851.64,24972.11,13048.1,27336.53,11741.84,10206.02,26281.83,63868.12,43279.55,22649.98,39114.14,19621.51,29835.86,26705.17,24599.41,32228.12,26166.2,28458.62,24890.05,22215.4,21280.72,30202.05,24816,18152.47,24491.45,24326.38,23438.76,24441.94,33256.75
21642.52,61287.85,49302.33,67470.12,89688.16,66896.45,60950.02,60006.76,11391.63,1e+09,18440.08,29197.51,31921.69,26238.92,31127.14,16283.46,22936.24,32113.99,21246.9,27546.81,28384.15,28271,25564.83,6284.05,23579.02,31759.64,30935.26,17756.06,25420.34,13213.47,13498.32,35533.6,85147.85,48981.83,25657.37,45452.29,27865.35,39238.3,35578.94,31009.28,43249.51,31442.41,36437.27,30497.77,28944.51,27162.75,37583.59,30923.75,21080.5,30542.11,28456.64,34818.33,29577.72,47754.05
25802.78,54265.42,42379.35,60779.74,79750.25,53559.95,65062.53,78037.86,15010.38,18440.08,1e+09,33054.43,40176.41,28028.23,38972.78,17142.52,12818.06,17983.59,26157.87,33174.04,32827.66,33387.35,29521.18,16384.05,18402.23,25849.91,17629.78,19672.76,38487.84,20653.05,9856.76,42898.76,99553.05,57766.14,33789.31,57859.33,28849.97,44022.87,41263.8,38134.18,56243.62,38629.33,41545.38,37086.32,36149.69,31077.34,48331.67,36791.3,26830.46,39430.39,32247.91,45147.83,33815.79,60509.96
18225.16,101281.15,89175.62,105467.3,131780.48,89884.11,35997.67,25277.99,21229.68,29197.51,33054.43,1e+09,8915.25,12996.06,14082.24,22347.06,47978.89,45296.51,7947.31,7847.14,13621.11,7438.42,9061.42,28445.18,48517.79,59220.34,49096.66,16893.56,13963.28,25004.49,23545.47,21275.98,43765.01,20386.54,11142.14,15100.88,11267.33,9734.06,9681.45,8878.21,19365.27,12458.31,14790.26,8808.06,7157.23,9049.35,20883.49,7912.39,10509.72,12604.62,8120.62,10444.68,13785.01,19513.43
24876.41,108628.09,96486.33,110327.85,139156.9,93344.47,41149.64,18959.18,24865.55,31921.69,40176.41,8915.25,1e+09,15748.16,12825.8,27231.43,56624.66,47782.31,9890.73,8181.66,16642.28,9403.09,10733.74,32021.51,54867.25,64234.73,55294.98,22518.08,16550.8,28104.89,26624.69,21278.1,35444.13,19309.95,14868.18,12542.48,16530.6,11767.92,10363.43,8049.37,13917.82,12494.99,14004.55,8723.25,7711.1,10661.92,14831.21,7118.29,16484.63,11753.61,11547.14,7629.83,13921.41,14417.4
8748.95,91705.67,77798.59,100516.33,124023.7,88546.45,40963.16,34403.8,19420.13,26238.92,28028.23,12996.06,15748.16,1e+09,19023.15,19355.38,43279.06,39382.53,10432.22,13621.34,11183.62,9875.52,12158.32,26244.76,50402.17,56994.08,47657.02,9752.56,13375.69,15110.59,24238.07,19061.77,64790.33,27188.33,6189.57,20093.6,8106.73,13057.97,13778.42,11590.79,32255.51,12200.87,13374.85,10828.15,14545.06,10621.8,26735.68,15309.17,7108.93,12820.49,7982.01,18583.57,15440.57,39667.79
26207.42,106712.1,94153.42,108058.79,137916.48,88596.76,26021.41,25795.56,26531.35,31127.14,38972.78,14082.24,12825.8,19023.15,1e+09,32670.08,56660.82,39610.15,15507.3,12452.41,13445.85,12450.09,13737.6,35358.39,56196.48,66600.85,55941.81,19346.62,20597.67,27807.88,30857.96,17174.87,35619.78,18659.45,17278.27,17816.72,17588.39,14099.92,15184.62,14095.57,13752.67,16451.9,13745.62,13309.56,11675.45,14079.62,13107.84,12220.89,18569.65,14858.52,14969.8,12127.53,11303.36,14182.1
14133.39,72975,56582.74,82393.09,99421.7,71965.95,67941.19,54935.96,12650.62,16283.46,17142.52,22347.06,27231.43,19355.38,32670.08,1e+09,19624.81,39307.67,18384.45,25083.94,37040.5,23884.35,17530.14,15429.08,27936.6,40294.31,33452.67,16650.65,18049.83,13109.18,13047.03,46845.23,92191.48,39860.3,30725.38,35837.35,18134.81,35757,35025.13,28437.31,57718.02,31972.17,42285.95,31764.54,27752.78,29530.86,53038.84,29368.97,23475.17,27299.98,25484.84,31960.52,33866.31,60622.15
35543.92,49037.33,38672.39,57589.46,73590.06,55190.23,93679.86,92773.26,23104.21,22936.24,12818.06,47978.89,56624.66,43279.06,56660.82,19624.81,1e+09,32218.14,40307.47,51074.7,58384.02,49054.2,40385.16,20611.44,16066.49,22291.49,20772.53,33604.67,43751.92,24227.52,15958.84,67887.45,124555.21,72535.41,52731.22,72183.81,45490.04,65540.69,62133.18,56165.33,83061.94,58394.67,68885.61,56822.17,54053.7,53252.39,75592.4,55042.88,42213.59,56394.31,50740.6,60997.92,55366.31,87223.98
44130.78,73704.92,62786.36,73061.12,98888.41,56357.03,40908.36,72908.16,25726.18,32113.99,17983.59,45296.51,47782.31,39382.53,39610.15,39307.67,32218.14,1e+09,40363.03,42591.59,34290.51,44763.32,47952.41,31159.03,26107.62,34863.97,25745.83,27350.92,53600.29,25137.36,22539.15,32559.64,70519.93,66371.8,42361.71,69877.19,39037.78,48238.7,47310.54,47156.98,44439.11,44420.23,39477.12,46539.68,44465.22,38660.99,35559.19,47202.47,34674.01,41432.03,42893.41,47592.09,31691.18,40001.54
13731.49,93260.64,81458.08,99586.19,125869.04,87750.49,42178.74,26094.48,17113.08,21246.9,26157.87,7947.31,9890.73,10432.22,15507.3,18384.45,40307.47,40363.03,1e+09,7429.98,12674.17,7655.83,7612.53,21369.51,43859.8,53330.95,42624.44,10556.93,11942.98,17347.87,19119.63,18676.38,47721.23,21268.35,9701.51,13186.11,9582.55,9952.98,9812.01,7478.97,18814.16,10946.12,13091.3,9984.15,6764.76,7459.65,18295.82,8075.46,9852.82,9557.79,7644.66,10764.07,14258.25,20226.46
19630.61,100867.81,89362.78,104760.4,132445.58,89249.04,36866.38,22477.56,22433.83,27546.81,33174.04,7847.14,8181.66,13621.34,12452.41,25083.94,51074.7,42591.59,7429.98,1e+09,12737.7,6937.05,9507.07,27594.55,49920.41,59607.89,49491.84,16205.65,15644.56,24282.02,23069.81,16552.99,41448.94,21337.77,12508.65,15049.65,12463.65,8791.21,8343.18,7562.74,15299.77,12455.22,11194.43,7007.43,6006.8,7605.08,13692.4,5971.04,10947.87,9762.62,7920.58,9828.29,11025.41,14981.46
21841.47,104075.57,91883.52,101205.09,136617.55,84849.56,30073.55,29497.82,21567.44,28384.15,32827.66,13621.11,16642.28,11183.62,13445.85,37040.5,58384.02,34290.51,12674.17,12737.7,1e+09,12865.74,18045.02,31902.43,50328.08,60222.49,51056.31,13182.71,22863.97,22722.78,28953.07,10315.04,37740.65,27635.34,8673.07,25492.27,9094.37,11339.69,14460.53,13948.59,11876.32,13004.25,7835.08,14828.09,13697.2,8700.63,9665.37,14645.83,10323.25,9994.18,12139.5,14462.23,13360.84,15242.67
16769.67,99582.56,86416.94,105855.76,130703.96,90809.12,33398.66,25304.62,25048.08,28271,33387.35,7438.42,9403.09,9875.52,12450.09,23884.35,49054.2,44763.32,7655.83,6937.05,12865.74,1e+09,9808.63,29441.62,53203.53,63257.39,50444.07,15729.51,15079.84,25033.32,23046.95,23690.04,48616.76,19762.13,9182.07,14090.26,11631.55,9992.83,7499.85,6092.67,20294.51,11639.12,12179.54,5486.97,8317.1,10815.44,19255.77,6005.48,13312.92,9762.94,7853.25,9913.68,14438,22589.36
11479.85,91504.54,78061.43,98893.29,122034.45,83372.07,48022.09,27974.83,19082.93,25564.83,29521.18,9061.42,10733.74,12158.32,13737.6,17530.14,40385.16,47952.41,7612.53,9507.07,18045.02,9808.63,1e+09,26458.19,46519.61,54871.55,45938.86,16285.3,13843.6,18840.58,21203.96,24265.72,52362.1,21356.1,16171.4,17166.82,8025.28,14537.89,13746.47,10928.18,22898.1,16613.67,20049.29,14262.46,10833.09,8813.42,23630.05,10448.41,14592.19,12349.15,11746.9,10995.28,16333.44,25398.93
21640.03,65296.24,53777.44,70433.11,93348.37,63429.02,63044.17,60376.41,8052.33,6284.05,16384.05,28445.18,32021.51,26244.76,35358.39,15429.08,20611.44,31159.03,21369.51,27594.55,31902.43,29441.62,26458.19,1e+09,24183.38,30620.5,27125.11,17811.24,26720.34,12604.73,9744.76,36529.95,81573.98,49768.77,23821.25,47118.74,25970.74,39711.34,35028.61,30585.13,42892.59,30325.62,36793.7,32629.94,28688.67,27297.53,39734.58,31771.98,19743.18,29193.76,30466.49,33374.52,32128.27,46337.35
48111.39,46139.32,34805.13,49677.52,64729.66,52243.67,84380.24,91397.3,20939.9,23579.02,18402.23,48517.79,54867.25,50402.17,56196.48,27936.6,16066.49,26107.62,43859.8,49920.41,50328.08,53203.53,46519.61,24183.38,1e+09,14595.88,15872.82,36334.77,51971.7,26497.29,18676.29,58547.05,110579.94,77608.6,52542.52,75869.13,49745.14,63243.45,58051.35,56058.51,65800.97,56917.48,59511.16,53642.05,51715.08,47886.97,60641.69,52579.2,42788.91,55927.99,52315.36,56114.07,52089.04,70623.19
56804.91,32346.22,24965.66,34054.1,50807.31,41965.46,92979.12,106930.43,29851.64,31759.64,25849.91,59220.34,64234.73,56994.08,66600.85,40294.31,22291.49,34863.97,53330.95,59607.89,60222.49,63257.39,54871.55,30620.5,14595.88,1e+09,12819.96,45316.16,69146.06,41909.66,28911.35,70000.84,122652.09,94819.76,64442.12,87553.83,56776.99,74079.8,68114.41,66117.26,77795.44,71381.81,71288.48,64783.78,62571.94,57935.74,73089.11,63922.53,55983.28,69139.62,62870.48,64865.6,61998.2,81746.37
47665.66,36511.93,32729.95,40799.69,57367.3,41257.23,80863.84,101003.72,24972.11,30935.26,17629.78,49096.66,55294.98,47657.02,55941.81,33452.67,20772.53,25745.83,42624.44,49491.84,51056.31,50444.07,45938.86,27125.11,15872.82,12819.96,1e+09,35189.35,60883.77,36535.67,19935.6,60049.37,113568.3,85325.85,54975,79099.41,48401.61,62031.92,56851.88,53634.86,68882.87,61158.98,59087.1,53968.36,52292.52,48550.54,62767.61,53319.41,46651.38,57313.13,51085.54,57830.68,52229.54,72810.77
9356.45,79396.47,66778.04,86870.99,109534.05,73756.13,38717.37,45557.13,13048.1,17756.06,19672.76,16893.56,22518.08,9752.56,19346.62,16650.65,33604.67,27350.92,10556.93,16205.65,13182.71,15729.51,16285.3,17811.24,36334.77,45316.16,35189.35,1e+09,18454.78,12635.26,16434.79,16501.06,65676.71,34473.08,13733.1,31080.6,11707.79,20877.11,20566.2,18634.59,27399.64,19885.42,17365.15,17434.92,17448.17,13225.32,20224.63,17725.25,9418.42,17130.43,12282.96,24887.3,14815.76,30617.92
13599.01,106317.2,92241.19,117597.54,142206.11,105540.47,49047.21,20799.2,27336.53,25420.34,38487.84,13963.28,16550.8,13375.69,20597.67,18049.83,43751.92,53600.29,11942.98,15644.56,22863.97,15079.84,13843.6,26720.34,51971.7,69146.06,60883.77,18454.78,1e+09,20224.61,28976.19,31048.05,49798.7,17684.88,16749.1,12951.09,15005.83,14344.58,13960.1,14891.72,29368.59,13588.78,22948.33,16354.38,15253.46,17062.25,32927.71,15025.07,14710.52,19907.01,12228.32,14922.26,23247.55,28951.55
16108.96,82075.01,69381.83,86285.31,112981.69,76522.02,52089.04,48588.9,11741.84,13213.47,20653.05,25004.49,28104.89,15110.59,27807.88,13109.18,24227.52,25137.36,17347.87,24282.02,22722.78,25033.32,18840.58,12604.73,26497.29,41909.66,36535.67,12635.26,20224.61,1e+09,12811.56,25051.45,73345.23,38569.55,16504.63,34098.04,16506.39,29950.87,30504.14,28125.01,34886.54,20916.91,23819.54,27978.41,26624.9,21455.02,30135.53,27805.23,14408.97,19739.34,21477.23,27399.75,25530.67,39957.34
21049.99,63764.85,52682.02,68671.89,90089.7,59736.65,59042.4,58686.29,10206.02,13498.32,9856.76,23545.47,26624.69,24238.07,30857.96,13047.03,15958.84,22539.15,19119.63,23069.81,28953.07,23046.95,21203.96,9744.76,18676.29,28911.35,19935.6,16434.79,28976.19,12811.56,1e+09,35969.23,79711.64,47021.09,25639.2,42060.73,24097.79,31478.52,27939.84,25776.68,40057.11,30064.5,32306.71,25165.56,24856.26,23698.24,36839.38,24648.72,18026.35,29426.24,24839.62,29801.87,27466.4,44252.62
30721.05,115342.82,103138.39,110652.04,149244.17,88480.29,25324.19,29201,26281.83,35533.6,42898.76,21275.98,21278.1,19061.77,17174.87,46845.23,67887.45,32559.64,18676.38,16552.99,10315.04,23690.04,24265.72,36529.95,58547.05,70000.84,60049.37,16501.06,31048.05,25051.45,35969.23,1e+09,27919.22,27774.77,16111.01,27617.4,16276,16310.43,23204.79,21799.83,15179.88,18427.56,11522.42,19074.56,16890.25,11966.56,10392.72,22359.23,20169.18,12633.08,20728.49,22596.26,10781.11,14596.01
80326.67,180340.88,167798.61,168445.24,214228.02,133468,18353.55,15391.23,63868.12,85147.85,99553.05,43765.01,35444.13,64790.33,35619.78,92191.48,124555.21,70519.93,47721.23,41448.94,37740.65,48616.76,52362.1,81573.98,110579.94,122652.09,113568.3,65676.71,49798.7,73345.23,79711.64,27919.22,1e+09,22094.63,48019.31,28134.37,51854.67,36001.83,36736.65,37192.8,16186.83,28641.96,34067.93,39468.14,37711.7,35864.78,20971.49,42751.91,60422.08,33228.15,53770.82,34179.57,35887.03,15831.69
28829.12,142703.73,128993.28,146069.79,180985.08,126512.2,46943.27,9867.52,43279.55,48981.83,57766.14,20386.54,19309.95,27188.33,18659.45,39860.3,72535.41,66371.8,21268.35,21337.77,27635.34,19762.13,21356.1,49768.77,77608.6,94819.76,85325.85,34473.08,17684.88,38569.55,47021.09,27774.77,22094.63,1e+09,25320.05,10752.6,21547.11,16505.27,18002.18,17967.77,18280.15,15771.15,24079.74,18952.9,19419.21,19960.16,26318.57,17462.4,27005.8,20186.21,23198.18,17456.3,23382,20110.66
16378.43,106696.24,94334.29,110389.07,140662.15,94015.66,37949.42,28534.17,22649.98,25657.37,33789.31,11142.14,14868.18,6189.57,17278.27,30725.38,52731.22,42361.71,9701.51,12508.65,8673.07,9182.07,16171.4,23821.25,52542.52,64442.12,54975,13733.1,16749.1,16504.63,25639.2,16111.01,48019.31,25320.05,1e+09,17355.77,9167.09,9763.37,10261.4,9346.75,18858.25,9376.65,7996.7,9258.23,11299.24,9370.39,18144.68,12204.06,7903.22,8033.41,7998.51,15780.25,14266.6,21804.29
24572.67,130049.53,115418.14,135932.32,164110.93,115645.01,50091.2,11979.93,39114.14,45452.29,57859.33,15100.88,12542.48,20093.6,17816.72,35837.35,72183.81,69877.19,13186.11,15049.65,25492.27,14090.26,17166.82,47118.74,75869.13,87553.83,79099.41,31080.6,12951.09,34098.04,42060.73,27617.4,28134.37,10752.6,17355.77,1e+09,19834.98,11253.26,12809.63,11311.28,17647.86,11846.18,19444.42,13536.75,12301.46,17141.89,23905.1,12742.32,20535.15,15104.17,14347.46,9854.77,22971.48,17263.82
10969.38,97344.9,83875.83,101723.83,129507.18,85522.36,34020.74,31828.87,19621.51,27865.35,28849.97,11267.33,16530.6,8106.73,17588.39,18134.81,45490.04,39037.78,9582.55,12463.65,9094.37,11631.55,8025.28,25970.74,49745.14,56776.99,48401.61,11707.79,15005.83,16506.39,24097.79,16276,51854.67,21547.11,9167.09,19834.98,1e+09,14265.37,15315.79,14976.77,21284.55,13574.88,11781.03,15907.67,13946.6,8963.27,19674.98,14396.99,8304.5,12108.24,10413.06,17142.68,13624.71,24009.91
21388.83,116385.68,103343.29,118801.29,148668.12,105241.52,28698.9,19791.19,29835.86,39238.3,44022.87,9734.06,11767.92,13057.97,14099.92,35757,65540.69,48238.7,9952.98,8791.21,11339.69,9992.83,14537.89,39711.34,63243.45,74079.8,62031.92,20877.11,14344.58,29950.87,31478.52,16310.43,36001.83,16505.27,9763.37,11253.26,14265.37,1e+09,4923.69,7491.83,9094.23,8782.02,9478.62,6987.43,8473.1,12056.99,11506.03,7677.5,11540.7,11197.31,7155.64,11265.33,16278.58,18815.39
24957.64,112010.93,100071.08,113197.48,143813.37,97678.96,33073.59,19915.68,26705.17,35578.94,41263.8,9681.45,10363.43,13778.42,15184.62,35025.13,62133.18,47310.54,9812.01,8343.18,14460.53,7499.85,13746.47,35028.61,58051.35,68114.41,56851.88,20566.2,13960.1,30504.14,27939.84,23204.79,36736.65,18002.18,10261.4,12809.63,15315.79,4923.69,1e+09,5632.52,14139.16,8583.18,11198.33,6039.63,8692.97,10706.86,16842.18,6068.06,13267.95,11005.22,7395.19,10518.75,15363.09,15126.09
22990.06,107137.71,95137.68,110338.36,138813.07,93336.19,33051.9,21847.41,24599.41,31009.28,38134.18,8878.21,8049.37,11590.79,14095.57,28437.31,56165.33,47156.98,7478.97,7562.74,13948.59,6092.67,10928.18,30585.13,56058.51,66117.26,53634.86,18634.59,14891.72,28125.01,25776.68,21799.83,37192.8,17967.77,9346.75,11311.28,14976.77,7491.83,5632.52,1e+09,16689.18,8536.37,12063.05,5452.81,5674.36,9031.92,19252.33,6927.44,15268.08,8984.72,8822.88,8688.99,15324,16583.95
49016.5,131898.58,120829.82,118633.51,163587.62,99327.9,28568.68,16403.69,32228.12,43249.51,56243.62,19365.27,13917.82,32255.51,13752.67,57718.02,83061.94,44439.11,18814.16,15299.77,11876.32,20294.51,22898.1,42892.59,65800.97,77795.44,68882.87,27399.64,29368.59,34886.54,40057.11,15179.88,16186.83,18280.15,18858.25,17647.86,21284.55,9094.23,14139.16,16689.18,1e+09,10335.89,10769.63,17574.58,14803.97,13632.76,7004.7,15499.35,25435.47,12878.53,21807.18,10024.16,18058.37,8416.21
22142.74,122063.19,108856.17,125284.88,157544.57,106142.36,38126.6,16500.36,26166.2,31442.41,38629.33,12458.31,12494.99,12200.87,16451.9,31972.17,58394.67,44420.23,10946.12,12455.22,13004.25,11639.12,16613.67,30325.62,56917.48,71381.81,61158.98,19885.42,13588.78,20916.91,30064.5,18427.56,28641.96,15771.15,9376.65,11846.18,13574.88,8782.02,8583.18,8536.37,10335.89,1e+09,10554.72,10438.26,10941.88,10825.18,16263.34,10525.38,11719.21,8669.7,11797.66,10749.81,15771.07,13480.74
25385.77,116914.8,103889.36,115426.87,149349.55,94793.86,26428.85,23091.97,28458.62,36437.27,41545.38,14790.26,14004.55,13374.85,13745.62,42285.95,68885.61,39477.12,13091.3,11194.43,7835.08,12179.54,20049.29,36793.7,59511.16,71288.48,59087.1,17365.15,22948.33,23819.54,32306.71,11522.42,34067.93,24079.74,7996.7,19444.42,11781.03,9478.62,11198.33,12063.05,10769.63,10554.72,1e+09,10247.73,10660.15,9759.36,7069.27,11211.17,13796.75,6515.53,11731.2,12616.43,10947.03,10469.13
23600.42,106200.08,94805.52,110071.92,137890.99,95686,35368.13,20028.11,24890.05,30497.77,37086.32,8808.06,8723.25,10828.15,13309.56,31764.54,56822.17,46539.68,9984.15,7007.43,14828.09,5486.97,14262.46,32629.94,53642.05,64783.78,53968.36,17434.92,16354.38,27978.41,25165.56,19074.56,39468.14,18952.9,9258.23,13536.75,15907.67,6987.43,6039.63,5452.81,17574.58,10438.26,10247.73,1e+09,4398.87,8881.41,15538.43,5142.27,12742.05,9197.17,6701.91,11954.11,10772.79,14113.46
22884.98,104589.71,93005.7,107274.43,135835.96,91382.92,39808.33,20424.59,22215.4,28944.51,36149.69,7157.23,7711.1,14545.06,11675.45,27752.78,54053.7,44465.22,6764.76,6006.8,13697.2,8317.1,10833.09,28688.67,51715.08,62571.94,52292.52,17448.17,15253.46,26624.9,24856.26,16890.25,37711.7,19419.21,11299.24,12301.46,13946.6,8473.1,8692.97,5674.36,14803.97,10941.88,10660.15,4398.87,1e+09,6348.96,13630.17,6360.29,12687.11,9744.14,7931.09,9354.02,11511.27,13181.57
18912.07,102498.13,90048.31,101051.58,133849.61,84341.93,38103.37,23749.95,21280.72,27162.75,31077.34,9049.35,10661.92,10621.8,14079.62,29530.86,53252.39,38660.99,7459.65,7605.08,8700.63,10815.44,8813.42,27297.53,47886.97,57935.74,48550.54,13225.32,17062.25,21455.02,23698.24,11966.56,35864.78,19960.16,9370.39,17141.89,8963.27,12056.99,10706.86,9031.92,13632.76,10825.18,9759.36,8881.41,6348.96,1e+09,12700.45,8909.15,10724.17,9513.92,10627.81,10823,10241.75,12966.64
41129.11,122703.37,111748.74,113650.93,154722.9,90848.9,22904.87,23008.36,30202.05,37583.59,48331.67,20883.49,14831.21,26735.68,13107.84,53038.84,75592.4,35559.19,18295.82,13692.4,9665.37,19255.77,23630.05,39734.58,60641.69,73089.11,62767.61,20224.63,32927.71,30135.53,36839.38,10392.72,20971.49,26318.57,18144.68,23905.1,19674.98,11506.03,16842.18,19252.33,7004.7,16263.34,7069.27,15538.43,13630.17,12700.45,1e+09,17112.64,21598.49,10195.1,19286,12537.47,10696.61,7524.26
23499.49,105397.71,93886.16,106696.17,136643.96,95623.12,37934.23,21445.54,24816,30923.75,36791.3,7912.39,7118.29,15309.17,12220.89,29368.97,55042.88,47202.47,8075.46,5971.04,14645.83,6005.48,10448.41,31771.98,52579.2,63922.53,53319.41,17725.25,15025.07,27805.23,24648.72,22359.23,42751.91,17462.4,12204.06,12742.32,14396.99,7677.5,6068.06,6927.44,15499.35,10525.38,11211.17,5142.27,6360.29,8909.15,17112.64,1e+09,12408.26,11887.24,6918.21,10532.37,12140.46,16604.86
10843.22,95322.24,83042.83,100755.82,127264.04,88820.77,38140.48,35716.56,18152.47,21080.5,26830.46,10509.72,16484.63,7108.93,18569.65,23475.17,42213.59,34674.01,9852.82,10947.87,10323.25,13312.92,14592.19,19743.18,42788.91,55983.28,46651.38,9418.42,14710.52,14408.97,18026.35,20169.18,60422.08,27005.8,7903.22,20535.15,8304.5,11540.7,13267.95,15268.08,25435.47,11719.21,13796.75,12742.05,12687.11,10724.17,21598.49,12408.26,1e+09,15485.31,7133.04,18331.51,14685.58,32597.65
21510.49,112947.27,99410.57,113730.45,145539.77,93407.1,31853.13,22974.54,24491.45,30542.11,39430.39,12604.62,11753.61,12820.49,14858.52,27299.98,56394.31,41432.03,9557.79,9762.62,9994.18,9762.94,12349.15,29193.76,55927.99,69139.62,57313.13,17130.43,19907.01,19739.34,29426.24,12633.08,33228.15,20186.21,8033.41,15104.17,12108.24,11197.31,11005.22,8984.72,12878.53,8669.7,6515.53,9197.17,9744.14,9513.92,10195.1,11887.24,15485.31,1e+09,12465.97,9494.49,10842.63,12881.75
12424.81,99654.74,86703.81,106161.02,131596.08,95347.31,35007.77,28482.07,24326.38,28456.64,32247.91,8120.62,11547.14,7982.01,14969.8,25484.84,50740.6,42893.41,7644.66,7920.58,12139.5,7853.25,11746.9,30466.49,52315.36,62870.48,51085.54,12282.96,12228.32,21477.23,24839.62,20728.49,53770.82,23198.18,7998.51,14347.46,10413.06,7155.64,7395.19,8822.88,21807.18,11797.66,11731.2,6701.91,7931.09,10627.81,19286,6918.21,7133.04,12465.97,1e+09,14906.73,14266.42,30868.32
27202.17,114590.24,101634.02,111737.32,144762.95,92782.22,41497.77,18254.02,23438.76,34818.33,45147.83,10444.68,7629.83,18583.57,12127.53,31960.52,60997.92,47592.09,10764.07,9828.29,14462.23,9913.68,10995.28,33374.52,56114.07,64865.6,57830.68,24887.3,14922.26,27399.75,29801.87,22596.26,34179.57,17456.3,15780.25,9854.77,17142.68,11265.33,10518.75,8688.99,10024.16,10749.81,12616.43,11954.11,9354.02,10823,12537.47,10532.37,18331.51,9494.49,14906.73,1e+09,16806.62,15225.72
23816.32,102841.04,91074.18,103609.41,134791.97,83903.45,26265.84,27103.32,24441.94,29577.72,33815.79,13785.01,13921.41,15440.57,11303.36,33866.31,55366.31,31691.18,14258.25,11025.41,13360.84,14438,16333.44,32128.27,52089.04,61998.2,52229.54,14815.76,23247.55,25530.67,27466.4,10781.11,35887.03,23382,14266.6,22971.48,13624.71,16278.58,15363.09,15324,18058.37,15771.07,10947.03,10772.79,11511.27,10241.75,10696.61,12140.46,14685.58,10842.63,14266.42,16806.62,1e+09,14239
53488.26,136672.15,125200.38,123484.22,168248.67,97427.1,19845.97,18368.35,33256.75,47754.05,60509.96,19513.43,14417.4,39667.79,14182.1,60622.15,87223.98,40001.54,20226.46,14981.46,15242.67,22589.36,25398.93,46337.35,70623.19,81746.37,72810.77,30617.92,28951.55,39957.34,44252.62,14596.01,15831.69,20110.66,21804.29,17263.82,24009.91,18815.39,15126.09,16583.95,8416.21,13480.74,10469.13,14113.46,13181.57,12966.64,7524.26,16604.86,32597.65,12881.75,30868.32,15225.72,14239,1e+09
