1e+09,66632.87,64776.65,93107.23,106668.75,100162.77,26262.66,76057.71,17232.84,14247.56,19589.53,22518.46,25887.6,10530.09,15502.19,23678.29,23036.67,22791.9,29166.12,21561.18,15745.6,23455.64,18959.44,8911.24,28658.22,42507.54,36532.93,10509.86,11265.91,14208.34,18558.22,25130.4,75369.23,50286.55,8699.88,23005.35,13497.25,19778.2,22337.51,23165.54,30112.75,30988.29,14731.33,33896.12,23870.93,21520.35,28713.02,35579.88,10406.85,15779.87,20976.82,18961.24,21423.92,55475.15
66632.87,1e+09,15924.23,14626.9,21780.85,24474.26,98118.59,146974.42,79625.55,64761.65,59206.11,98301.5600000001,102901.42,67046.16,89368.09,78285.08,49095.89,45075.03,102824.82,90428.65,86690.55,97603.14,93118.71,61926.91,40016.59,31916.12,32651.07,70632.08,78147.66,54737.03,71101.28,102677.38,150677.22,118169.49,71126.84,91907.41,75564.77,92126.04,95400.12,96117.16,107268.27,96112.92,85529.07,104169.9,103911.06,99210.6,107062.44,110612.15,70304.99,86093.24,91706.66,91796.94,89127.58,131054.74
64776.65,15924.23,1e+09,18044.48,26854.69,29111.21,108167.81,164671.24,72343.13,69506.98,42602.99,107298.8,115161.83,75311.66,95299.65,75763.67,40197.72,38998.73,112468.83,105603.67,92751.08,108160.4,97620.67,58629.57,40415.05,28056.99,25185.01,72229.8,80751.4,54138.31,61392.49,103714.62,169406.93,131080.79,73818.89,107541.14,79336.15,105407.02,109532.18,110370.77,118225.46,103367.67,94766.24,123541.33,111961.55,102689.66,116736.63,124414.92,69133.56,89763.42,100490.58,104902.97,98237.34,147777.49
93107.23,14626.9,18044.48,1e+09,13514.24,23240.73,133358.31,190944.06,109845.81,98974.89,77787.95,132600,141942.78,97696.79,122607.81,110920.73,63533.06,59084.89,141841.97,128005.79,121554.62,137932.92,124486.77,89329.2400000001,65875.14,44884.77,45919.86,99727.98,110201.14,81129.62,98530.94,138880.72,192551.88,158858.11,102881.47,132554.41,106648.97,129925.68,134668.52,133708.26,144879.93,135687.73,124486.74,147113.39,142402.65,138000.46,148041.86,155142.42,100560.31,122823.89,130447.08,128262.31,123086.41,173658.44
106668.75,21780.85,26854.69,13514.24,1e+09,20146.41,140095.45,188170.2,125159.15,114300.47,92876.92,141027.91,148117.94,112711.28,133383.39,127511.24,79311.51,77064.04,145036.54,135273.61,134582.26,140921.59,135994.54,106951.57,80046.96,61288.33,61677.54,117976.85,120234.73,98391,114627.51,155621.52,180281.08,155294.21,116399.48,132184.1,124991.02,134602.68,136580.72,136016.75,143988.65,133536.23,131729.5,143046.64,149390.69,148784.58,155876.6,150008.26,115436.53,131233.94,138133.88,132407.53,135309.45,170870.9
100162.77,24474.26,29111.21,23240.73,20146.41,1e+09,146655.02,203940.99,118948,109629.75,83435.36,146063.8,154070.3,112059.38,133860.84,119662.41,77907.71,73477.76,151721.53,143285.91,131420.46,147410.51,136707.49,102649.73,77188.64,63152.9,60433.09,108952.97,119146.84,93194.93,104546,146638.05,207124.12,169975,112341.44,144890.51,120331.79,143096.17,148593.64,147485.79,159209.38,143580.54,133665.14,161019.24,151850.37,144368.19,157126.93,164614.21,109883.2,129780.82,142648.7,141770.87,141609.99,192259.11
26262.66,98118.59,108167.81,133358.31,140095.45,146655.02,1e+09,34519.88,18145.18,24544.6,39909.58,16643.73,14748.72,19897.37,17421.68,21573.7,59609.08,43523.96,14900.01,16571.09,17453.28,15691.77,14459.59,35339.8,63250.63,77657.82,73073.7,18989.83,18843.78,26584.13,21705.99,17562.71,24475.65,18419.05,21360.16,16224.94,17791.99,11773.11,17123.39,17182.75,16876.26,15005.93,17172.92,15879.27,18367.62,17013.5,14237.55,16585.74,19290.5,17694,14430.16,17645.58,15023.92,19343.32
76057.71,146974.42,164671.24,190944.06,188170.2,203940.99,34519.88,1e+09,56354.34,75090.58,91192.44,57894.8,49578.36,47494.05,59097.08,41202.02,117250.69,105468.8,17611.2,45349.73,48962.33,36098.55,61340.62,85482.75,97955.07,116214.47,111138.14,65954.39,56031.23,79342.77,70422.49,46130.72,22112.57,16313.11,64232.32,40142.29,52673.07,41713.78,47972.38,49843.3,48838.66,31496.46,44530.17,28761.55,48666.59,45563.33,42671.96,27042.08,56045.86,47746.88,32693.11,50808.06,37247.1,11946.57
17232.84,79625.55,72343.13,109845.81,125159.15,118948,18145.18,56354.34,1e+09,11915.34,19103.92,21649.29,18749.34,15899.49,20476.91,13523.79,28766.22,23696.15,19813.83,19431.78,17121.77,19031,17638.9,14788.38,30106.58,42274.47,36965.7,12040.66,14540.78,13359.96,11741.16,19272.76,46230.63,29268.97,13597.08,22704.4,15242.03,20242.38,24215.8,25984.79,20777.5,14068.38,14061.29,25689.84,23692.37,20155.75,18025.55,25150.87,13858.07,12994.34,16359.72,25204.93,15927.37,32561.75
14247.56,64761.65,69506.98,98974.89,114300.47,109629.75,24544.6,75090.58,11915.34,1e+09,18873.04,25931.66,25253.76,14878.77,27356.3,17222.02,22320.96,20281.57,28395.39,26365.15,23923.65,26135.52,28506.48,10403.32,20036.16,36520.72,32992.19,10595.14,12585.02,12182.53,8663.46,26564.42,75894.1,47411.6,11650.66,27563.81,16567.8,28938.29,31234.18,33518.72,36400.18,22200.37,17751.26,39004.94,35553.49,28118.71,29124.52,38777.25,13461.92,12257.48,23924.96,31990.11,18999.07,56267.77
19589.53,59206.11,42602.99,77787.95,92876.92,83435.36,39909.58,91192.44,19103.92,18873.04,1e+09,42818,43418.34,26062.64,39906.59,24123.78,17194.84,16173.13,43837.06,44338.83,37501.55,41904.54,39525.76,17878.97,13367.46,19453.81,18673.56,23244.91,25688.93,18013.45,14993.76,42645.13,94222.01,59496.53,21678.08,42509.64,28368.04,43406.4,46896.44,49330.12,53942.13,34017.12,33223.8,53528.66,50741.55,40764.4,46870.71,54231.1,16728.91,28260.76,39713.24,47723.12,37188.27,77080.56
22518.46,98301.5600000001,107298.8,132600,141027.91,146063.8,16643.73,57894.8,21649.29,25931.66,42818,1e+09,12202.3,21288.39,8547.29,26676.07,55942.04,38529.35,18803.95,8826.33,10641.84,13105.13,6703.88,33091.31,68019.59,80679.16,75223.14,16744.16,15558.44,22052.6,24047.91,15820.34,37000.12,37723.45,14846.03,15984.6,13361.04,10603.9,9543.17,7682.62,9411.6,21645,11283.42,18582.57,8373.39,9489.89,10924.85,19947.39,11528.32,11067.27,15659.29,7414.18,15285.61,23347.36
25887.6,102901.42,115161.83,141942.78,148117.94,154070.3,14748.72,49578.36,18749.34,25253.76,43418.34,12202.3,1e+09,21623.52,11891.26,24461.61,63575.14,43946.41,15340.3,10770.82,10413.51,10467.24,11979.26,35272.35,66059.24,80549.74,76849.75,15872.6,17849.38,25254.07,21182.75,15835.89,27251.94,29083.31,17124.74,12701.96,12373.36,11103.55,10180.67,9806.01,8643.11,19012.55,9111.59,15247.65,9268.27,9370.39,9468.58,17884.89,10500.62,9187.77,12633.01,9400.42,16261.29,17557.68
10530.09,67046.16,75311.66,97696.79,112711.28,112059.38,19897.37,47494.05,15899.49,14878.77,26062.64,21288.39,21623.52,1e+09,15222.67,14698.07,31264.5,27320.03,15683.59,15143.18,10704.88,14636.63,17503.19,12380.12,30432.31,46623.66,44018.28,9627.33,10812.22,11860.6,19200.82,17561.16,60456.94,27340.57,8416.24,12877.2,7937.91,14597.88,17204.87,19390.33,23597.09,13626.39,11475.89,20094.59,20370.13,14970.72,20802.08,19896.71,8795.41,12703.25,11601.81,16314.05,12366.58,40896.19
15502.19,89368.09,95299.65,122607.81,133383.39,133860.84,17421.68,59097.08,20476.91,27356.3,39906.59,8547.29,11891.26,15222.67,1e+09,26310.64,49809.86,43086.32,14822.64,9009.64,9305.56,9807.11,6929.57,28391.15,52663.33,67550.07,62417.58,15103.22,8563.66,23530.45,26137.56,16344.17,43691.63,35621.41,9836.51,11992.72,12498.11,8513.85,7391.46,7180.48,11165.28,20491.58,9049.97,17472.29,7772.6,10293.02,11648.42,20214.44,9921.85,9658.08,13020.13,6890.94,13447.28,28951.95
23678.29,78285.08,75763.67,110920.73,127511.24,119662.41,21573.7,41202.02,13523.79,17222.02,24123.78,26676.07,24461.61,14698.07,26310.64,1e+09,34841.77,31226.07,20342.65,23981.7,23613.19,23929.17,24350.24,21672.62,33121.83,44379.02,41357.58,17079.96,19785.23,18090.25,18925.16,27355.34,52945.38,22502.1,17230.3,23692.98,17979.7,24918.14,28027.59,30636.47,31757.64,14266.1,20332.95,25875.08,28923.77,25107.35,26437.52,25863.74,17970.51,15392.17,18857.76,29756.36,17049.85,37433.61
23036.67,49095.89,40197.72,63533.06,79311.51,77907.71,59609.08,117250.69,28766.22,22320.96,17194.84,55942.04,63575.14,31264.5,49809.86,34841.77,1e+09,12220.81,65371.54,57778.82,47837.37,65001.43,50312.14,15779.94,20104.42,22425.95,21559.04,24508.24,39252.98,14491.45,22115.05,53791.48,121093.77,84855.24,32163.24,66493.25,33669.22,58576.15,65534.88,65083.56,68311.53,59411.89,51292.94,80077.19,64917.47,55695.8,66124.8,80348.71,30793.65,47975.91,54714.57,60793.36,49151.38,97558.53
22791.9,45075.03,38998.73,59084.89,77064.04,73477.76,43523.96,105468.8,23696.15,20281.57,16173.13,38529.35,43946.41,27320.03,43086.32,31226.07,12220.81,1e+09,52087.19,45495.97,36737.1,52086.6,38294.34,16811.08,19236.47,19700.01,20344.51,22583.85,30032.94,15338.33,20627.07,43766.09,102952.91,72977.17,25271.14,54878.42,28496.38,48164.53,55321.8,56421.74,53100.33,48097.64,39403.04,65929.56,53861.31,41240.85,49002.26,66401.77,23131.54,36187.78,43440.79,54594.93,38754.61,80846.63
29166.12,102824.82,112468.83,141841.97,145036.54,151721.53,14900.01,17611.2,19813.83,28395.39,43837.06,18803.95,15340.3,15683.59,14822.64,20342.65,65371.54,52087.19,1e+09,15187.33,12566.09,10306.16,15350.34,38360.6,61465.74,75747.49,72411.78,21241.44,15745.26,31745.09,25528.5,17070.45,25997.1,11639.29,22263.1,10194.44,17215.61,12127.79,11930.44,14430.47,15708.4,10025.39,13599.49,11316.08,16281.24,16372.05,14565.04,8837.67,19927.66,14610.09,13364.46,15340.08,13209.12,14524.49
21561.18,90428.65,105603.67,128005.79,135273.61,143285.91,16571.09,45349.73,19431.78,26365.15,44338.83,8826.33,10770.82,15143.18,9009.64,23981.7,57778.82,45495.97,15187.33,1e+09,8733.18,8542.97,11350.48,35069.05,58326.62,72368.53,70767.83,14001.49,14430.89,25833.33,22742.42,12821.75,37838.52,31540.08,13188.33,10849.31,12152.07,8659.52,7505.7,5701.27,10017.6,13893.95,6239.97,11172.5,7923.01,6995.01,7033.67,12972.79,9170.86,6310.38,8072.96,5580.75,10416.86,22399.15
15745.6,86690.55,92751.08,121554.62,134582.26,131420.46,17453.28,48962.33,17121.77,23923.65,37501.55,10641.84,10413.51,10704.88,9305.56,23613.19,47837.37,36737.1,12566.09,8733.18,1e+09,7872.75,10114.51,21444.58,47661.83,64022.83,61961.87,12283.85,11747.23,18856.31,23855.18,9864.56,33070.26,28714.01,8784.09,12448.82,8195.29,9365.15,9266.71,10364.72,7370.7,12740.56,7229.36,13271.92,8680.2,5492.46,8180.55,13803.94,7160.63,7718.52,9868.71,10353.5,13065.75,18369.35
23455.64,97603.14,108160.4,137932.92,140921.59,147410.51,15691.77,36098.55,19031,26135.52,41904.54,13105.13,10467.24,14636.63,9807.11,23929.17,65001.43,52086.6,10306.16,8542.97,7872.75,1e+09,13008.12,34457.87,53218.92,68960.56,64539.84,17896.65,12589.43,30125.83,25066.41,14266.1,23309.38,18177.16,16779.24,7621.51,11483.42,7912.65,7589.47,7744.46,9124.2,7999.58,6425.18,6268.31,9839.07,10272.51,8794.31,6722.99,13810.64,7870.89,8833.66,7615.03,10667.47,16948.22
18959.44,93118.71,97620.67,124486.77,135994.54,136707.49,14459.59,61340.62,17638.9,28506.48,39525.76,6703.88,11979.26,17503.19,6929.57,24350.24,50312.14,38294.34,15350.34,11350.48,10114.51,13008.12,1e+09,27730.31,60444.63,72804,66970.47,13340.95,11153.97,22378.19,26320.63,15152.25,36384.03,31695.64,10923.97,16238.74,10762.87,9162.01,10695.5,9330.47,9128.01,18691.62,11543.37,18750.02,8401.58,9759.34,12637.47,19814.88,11803.46,12073.39,14926.52,9778.14,15098.25,24438.12
8911.24,61926.91,58629.57,89329.2400000001,106951.57,102649.73,35339.8,85482.75,14788.38,10403.32,17878.97,33091.31,35272.35,12380.12,28391.15,21672.62,15779.94,16811.08,38360.6,35069.05,21444.58,34457.87,27730.31,1e+09,22365.75,38196.97,31662.73,10538.23,16169.95,10794.03,14913.23,29556.43,91310.7,54910.26,11653.56,35858.76,14280.99,33720.94,38165.26,41375.62,44509.69,33290.13,22866.26,48161.87,40530.09,27862.54,37105.97,48433.39,11473.5,22655.17,26701.51,39495.26,28564.79,67591.7
28658.22,40016.59,40415.05,65875.14,80046.96,77188.64,63250.63,97955.07,30106.58,20036.16,13367.46,68019.59,66059.24,30432.31,52663.33,33121.83,20104.42,19236.47,61465.74,58326.62,47661.83,53218.92,60444.63,22365.75,1e+09,17953.36,15261.91,28439.3,37741.97,18102.36,21023.8,58264.25,107175.31,72596.81,34485.92,49639.48,36874.89,54887.47,59526.37,59073.51,70907.43,45771.88,43333.79,63800.87,65265.05,55991.79,66319.76,66171.55,29115.16,39451.45,49570.44,55007.21,52424.76,90099.17
42507.54,31916.12,28056.99,44884.77,61288.33,63152.9,77657.82,116214.47,42274.47,36520.72,19453.81,80679.16,80549.74,46623.66,67550.07,44379.02,22425.95,19700.01,75747.49,72368.53,64022.83,68960.56,72804,38196.97,17953.36,1e+09,10520.82,41193.65,51621.28,26618.61,31024.64,75053.18,120707.51,85606.29,45151.53,66491.18,55111.07,70741.26,73476.08,73638.01,82491.58,60622.43,58887.47,80043.97,79281.55,74560.85,82554.07,82232.81,44984.63,54717.94,67482.7,69008.17,71443.95,106084.13
36532.93,32651.07,25185.01,45919.86,61677.54,60433.09,73073.7,111138.14,36965.7,32992.19,18673.56,75223.14,76849.75,44018.28,62417.58,41357.58,21559.04,20344.51,72411.78,70767.83,61961.87,64539.84,66970.47,31662.73,15261.91,10520.82,1e+09,36086.82,45679.1,24762.05,27221.11,70515.84,119433.82,82936.23,41991.11,62064.86,50016.51,66700.38,71272.6100000001,70362.61,77628.18,56980.74,54318.4,76367.84,75491.55,70443.65,77750.44,77476.87,42218.69,49997.88,62249.87,66391.89,68328.62,103033.31
10509.86,70632.08,72229.8,99727.98,117976.85,108952.97,18989.83,65954.39,12040.66,10595.14,23244.91,16744.16,15872.6,9627.33,15103.22,17079.96,24508.24,22583.85,21241.44,14001.49,12283.85,17896.65,13340.95,10538.23,28439.3,41193.65,36086.82,1e+09,9878.01,9622.61,9809.87,18077.11,63336.18,38403.74,8644.28,19128.42,10913.68,16662.65,20383.67,23057.6,23466.68,17654.06,10026.56,28254.14,21489.41,14019.18,16620.73,28783.87,10499.7,8859.91,13769.54,21178.07,13362.92,44587.89
11265.91,78147.66,80751.4,110201.14,120234.73,119146.84,18843.78,56031.23,14540.78,12585.02,25688.93,15558.44,17849.38,10812.22,8563.66,19785.23,39252.98,30032.94,15745.26,14430.89,11747.23,12589.43,11153.97,16169.95,37741.97,51621.28,45679.1,9878.01,1e+09,14598.07,15713.4,19321.84,45546.36,30803.47,9015.8,14408.78,12385.8,11309.91,11647.87,12295.05,17899.66,15745.78,10369.49,19272.24,16195.55,14732.64,18108.33,19687.76,11385.05,10764.12,16762.32,12551.75,16195.29,36383.31
14208.34,54737.03,54138.31,81129.62,98391,93194.93,26584.13,79342.77,13359.96,12182.53,18013.45,22052.6,25254.07,11860.6,23530.45,18090.25,14491.45,15338.33,31745.09,25833.33,18856.31,30125.83,22378.19,10794.03,18102.36,26618.61,24762.05,9622.61,14598.07,1e+09,11808.86,24019.3,80052.2,50845.2,7719.87,31925.96,13054.45,27981.5,32454.61,33586.41,34077.07,27324.64,18357.15,41715.03,32184.54,23087.04,29406.8,42296.87,13419.21,15015.66,22551.19,32340.25,20254.01,56501.2
18558.22,71101.28,61392.49,98530.94,114627.51,104546,21705.99,70422.49,11741.16,8663.46,14993.76,24047.91,21182.75,19200.82,26137.56,18925.16,22115.05,20627.07,25528.5,22742.42,23855.18,25066.41,26320.63,14913.23,21023.8,31024.64,27221.11,9809.87,15713.4,11808.86,1e+09,25292.33,63284.71,40080.88,15905.45,27347.61,19444.41,25355.86,28409.2,29196.48,29453.34,19950.55,19138.76,34426.48,29905.24,26010.37,24223.68,33452.55,15249.04,14683.78,22792.51,27286.82,18701.54,48220.34
25130.4,102677.38,103714.62,138880.72,155621.52,146638.05,17562.71,46130.72,19272.76,26564.42,42645.13,15820.34,15835.89,17561.16,16344.17,27355.34,53791.48,43766.09,17070.45,12821.75,9864.56,14266.1,15152.25,29556.43,58264.25,75053.18,70515.84,18077.11,19321.84,24019.3,25292.33,1e+09,24954.77,30538.79,16775.47,17777.43,9869.71,13060.65,15333.58,16170.5,12986.33,15956.54,10160.93,17019.65,12973.46,9237.01,9867.94,17696.78,12886.19,13134.14,13307.98,17243,14935.9,20421.58
75369.23,150677.22,169406.93,192551.88,180281.08,207124.12,24475.65,22112.57,46230.63,75894.1,94222.01,37000.12,27251.94,60456.94,43691.63,52945.38,121093.77,102952.91,25997.1,37838.52,33070.26,23309.38,36384.03,91310.7,107175.31,120707.51,119433.82,63336.18,45546.36,80052.2,63284.71,24954.77,1e+09,11759.28,59213.15,24849.29,45249.67,32397.81,33613.72,34694.91,27010.07,21068.7,31869.63,18435.81,26729.29,25767.82,22652.39,18800.82,48822.8,36410.55,34274.88,39418.86,42360.76,13531.46
50286.55,118169.49,131080.79,158858.11,155294.21,169975,18419.05,16313.11,29268.97,47411.6,59496.53,37723.45,29083.31,27340.57,35621.41,22502.1,84855.24,72977.17,11639.29,31540.08,28714.01,18177.16,31695.64,54910.26,72596.81,85606.29,82936.23,38403.74,30803.47,50845.2,40080.88,30538.79,11759.28,1e+09,45256.95,17223.35,30042.61,21629.15,22999.92,29832.5,25186.76,13585.45,28286.97,15138.27,31006.99,31904.93,28750.18,12594.64,39385.47,35509.18,22375.88,32956.15,20940.39,13403.04
8699.88,71126.84,73818.89,102881.47,116399.48,112341.44,21360.16,64232.32,13597.08,11650.66,21678.08,14846.03,17124.74,8416.24,9836.51,17230.3,32163.24,25271.14,22263.1,13188.33,8784.09,16779.24,10923.97,11653.56,34485.92,45151.53,41991.11,8644.28,9015.8,7719.87,15905.45,16775.47,59213.15,45256.95,1e+09,19203.73,9068.99,12856.02,14894.83,15631.73,20220.24,23754.95,10255.11,24347.63,13916.83,13245.79,17140.6,26298.28,5804.24,9974.63,13564.97,13154.5,14653.53,37585.08
23005.35,91907.41,107541.14,132554.41,132184.1,144890.51,16224.94,40142.29,22704.4,27563.81,42509.64,15984.6,12701.96,12877.2,11992.72,23692.98,66493.25,54878.42,10194.44,10849.31,12448.82,7621.51,16238.74,35858.76,49639.48,66491.18,62064.86,19128.42,14408.78,31925.96,27347.61,17777.43,24849.29,17223.35,19203.73,1e+09,14036.2,8022.24,9301.21,10301.6,13095.32,13379.53,8134.68,10617.81,14367.08,13379.65,12777.9,12266.63,16605.32,10544.55,10637.15,8646,15006.07,21292.86
13497.25,75564.77,79336.15,106648.97,124991.02,120331.79,17791.99,52673.07,15242.03,16567.8,28368.04,13361.04,12373.36,7937.91,12498.11,17979.7,33669.22,28496.38,17215.61,12152.07,8195.29,11483.42,10762.87,14280.99,36874.89,55111.07,50016.51,10913.68,12385.8,13054.45,19444.41,9869.71,45249.67,30042.61,9068.99,14036.2,1e+09,11987.95,15699.33,15134.05,9491.76,13881.65,7950.32,19061.94,15899.14,8301.76,11238.03,19507.16,7326.45,9565.84,10217.11,14171.25,10606.43,26592.75
19778.2,92126.04,105407.02,129925.68,134602.68,143096.17,11773.11,41713.78,20242.38,28938.29,43406.4,10603.9,11103.55,14597.88,8513.85,24918.14,58576.15,48164.53,12127.79,8659.52,9365.15,7912.65,9162.01,33720.94,54887.47,70741.26,66700.38,16662.65,11309.91,27981.5,25355.86,13060.65,32397.81,21629.15,12856.02,8022.24,11987.95,1e+09,7032.84,7179.11,11143.16,12051.13,8423.83,9812.06,10521.95,10217.83,9490.83,11973.72,11776.46,9282.34,9007.11,8303.37,12165.18,22292.12
22337.51,95400.12,109532.18,134668.52,136580.72,148593.64,17123.39,47972.38,24215.8,31234.18,46896.44,9543.17,10180.67,17204.87,7391.46,28027.59,65534.88,55321.8,11930.44,7505.7,9266.71,7589.47,10695.5,38165.26,59526.37,73476.08,71272.6100000001,20383.67,11647.87,32454.61,28409.2,15333.58,33613.72,22999.92,14894.83,9301.21,15699.33,7032.84,1e+09,5966.96,9139.9,14266.49,7879.97,10263.32,8029.94,10207.46,9524.84,11926.86,12687.69,8375.85,12192.38,6924.97,16701.42,23181.78
23165.54,96117.16,110370.77,133708.26,136016.75,147485.79,17182.75,49843.3,25984.79,33518.72,49330.12,7682.62,9806.01,19390.33,7180.48,30636.47,65083.56,56421.74,14430.47,5701.27,10364.72,7744.46,9330.47,41375.62,59073.51,73638.01,70362.61,23057.6,12295.05,33586.41,29196.48,16170.5,34694.91,29832.5,15631.73,10301.6,15134.05,7179.11,5966.96,1e+09,8688.68,15745.82,8249.81,12370.94,7648.07,9081.29,8243.05,14922.94,11302.92,8042.79,11530.72,4579.9,15908.96,23392.94
30112.75,107268.27,118225.46,144879.93,143988.65,159209.38,16876.26,48838.66,20777.5,36400.18,53942.13,9411.6,8643.11,23597.09,11165.28,31757.64,68311.53,53100.33,15708.4,10017.6,7370.7,9124.2,9128.01,44509.69,70907.43,82491.58,77628.18,23466.68,17899.66,34077.07,29453.34,12986.33,27010.07,25186.76,20220.24,13095.32,9491.76,11143.16,9139.9,8688.68,1e+09,17276.02,9135.71,14105.26,7820.21,6410.41,8874.6,14680.91,11504.72,9741.92,13668.82,8119.49,17192.61,16924.26
30988.29,96112.92,103367.67,135687.73,133536.23,143580.54,15005.93,31496.46,14068.38,22200.37,34017.12,21645,19012.55,13626.39,20491.58,14266.1,59411.89,48097.64,10025.39,13893.95,12740.56,7999.58,18691.62,33290.13,45771.88,60622.43,56980.74,17654.06,15745.78,27324.64,19950.55,15956.54,21068.7,13585.45,23754.95,13379.53,13881.65,12051.13,14266.49,15745.82,17276.02,1e+09,10591.2,7114.94,18346.9,14151.51,12177.14,5671.4,18589.3,14973.71,9178.83,18896.51,10296.05,13558.77
14731.33,85529.07,94766.24,124486.74,131729.5,133665.14,17172.92,44530.17,14061.29,17751.26,33223.8,11283.42,9111.59,11475.89,9049.97,20332.95,51292.94,39403.04,13599.49,6239.97,7229.36,6425.18,11543.37,22866.26,43333.79,58887.47,54318.4,10026.56,10369.49,18357.15,19138.76,10160.93,31869.63,28286.97,10255.11,8134.68,7950.32,8423.83,7879.97,8249.81,9135.71,10591.2,1e+09,8224.54,7009.32,7719.45,6187.06,9536.51,8908.76,3671.67,7264.49,6410.13,11259.32,21208.9
33896.12,104169.9,123541.33,147113.39,143046.64,161019.24,15879.27,28761.55,25689.84,39004.94,53528.66,18582.57,15247.65,20094.59,17472.29,25875.08,80077.19,65929.56,11316.08,11172.5,13271.92,6268.31,18750.02,48161.87,63800.87,80043.97,76367.84,28254.14,19272.24,41715.03,34426.48,17019.65,18435.81,15138.27,24347.63,10617.81,19061.94,9812.06,10263.32,12370.94,14105.26,7114.94,8224.54,1e+09,13133.53,13942.78,10418.84,4357.14,19379.35,13821.96,8417.46,14026.26,11913.65,11940
23870.93,103911.06,111961.55,142402.65,149390.69,151850.37,18367.62,48666.59,23692.37,35553.49,50741.55,8373.39,9268.27,20370.13,7772.6,28923.77,64917.47,53861.31,16281.24,7923.01,8680.2,9839.07,8401.58,40530.09,65265.05,79281.55,75491.55,21489.41,16195.55,32184.54,29905.24,12973.46,26729.29,31006.99,13916.83,14367.08,15899.14,10521.95,8029.94,7648.07,7820.21,18346.9,7009.32,13133.53,1e+09,6808.78,6186.35,15043.67,11827.38,7425.68,13073.75,7975.95,15294.46,16515.38
21520.35,99210.6,102689.66,138000.46,148784.58,144368.19,17013.5,45563.33,20155.75,28118.71,40764.4,9489.89,9370.39,14970.72,10293.02,25107.35,55695.8,41240.85,16372.05,6995.01,5492.46,10272.51,9759.34,27862.54,55991.79,74560.85,70443.65,14019.18,14732.64,23087.04,26010.37,9237.01,25767.82,31904.93,13245.79,13379.65,8301.76,10217.83,10207.46,9081.29,6410.41,14151.51,7719.45,13942.78,6808.78,1e+09,6226.79,14344.14,9175.93,8282.37,9294.81,8615.52,12817.65,16266.76
28713.02,107062.44,116736.63,148041.86,155876.6,157126.93,14237.55,42671.96,18025.55,29124.52,46870.71,10924.85,9468.58,20802.08,11648.42,26437.52,66124.8,49002.26,14565.04,7033.67,8180.55,8794.31,12637.47,37105.97,66319.76,82554.07,77750.44,16620.73,18108.33,29406.8,24223.68,9867.94,22652.39,28750.18,17140.6,12777.9,11238.03,9490.83,9524.84,8243.05,8874.6,12177.14,6187.06,10418.84,6186.35,6226.79,1e+09,12017.28,12295.43,7192.29,10197.54,9705.51,13261.97,14397.55
35579.88,110612.15,124414.92,155142.42,150008.26,164614.21,16585.74,27042.08,25150.87,38777.25,54231.1,19947.39,17884.89,19896.71,20214.44,25863.74,80348.71,66401.77,8837.67,12972.79,13803.94,6722.99,19814.88,48433.39,66171.55,82232.81,77476.87,28783.87,19687.76,42296.87,33452.55,17696.78,18800.82,12594.64,26298.28,12266.63,19507.16,11973.72,11926.86,14922.94,14680.91,5671.4,9536.51,4357.14,15043.67,14344.14,12017.28,1e+09,20434.47,14941.07,8545.04,16842.68,11375.04,12586.11
10406.85,70304.99,69133.56,100560.31,115436.53,109883.2,19290.5,56045.86,13858.07,13461.92,16728.91,11528.32,10500.62,8795.41,9921.85,17970.51,30793.65,23131.54,19927.66,9170.86,7160.63,13810.64,11803.46,11473.5,29115.16,44984.63,42218.69,10499.7,11385.05,13419.21,15249.04,12886.19,48822.8,39385.47,5804.24,16605.32,7326.45,11776.46,12687.69,11302.92,11504.72,18589.3,8908.76,19379.35,11827.38,9175.93,12295.43,20434.47,1e+09,9275.29,10216.79,9633.06,13528.41,26909.86
15779.87,86093.24,89763.42,122823.89,131233.94,129780.82,17694,47746.88,12994.34,12257.48,28260.76,11067.27,9187.77,12703.25,9658.08,15392.17,47975.91,36187.78,14610.09,6310.38,7718.52,7870.89,12073.39,22655.17,39451.45,54717.94,49997.88,8859.91,10764.12,15015.66,14683.78,13134.14,36410.55,35509.18,9974.63,10544.55,9565.84,9282.34,8375.85,8042.79,9741.92,14973.71,3671.67,13821.96,7425.68,8282.37,7192.29,14941.07,9275.29,1e+09,9089.86,7585.13,12290.66,21829.54
20976.82,91706.66,100490.58,130447.08,138133.88,142648.7,14430.16,32693.11,16359.72,23924.96,39713.24,15659.29,12633.01,11601.81,13020.13,18857.76,54714.57,43440.79,13364.46,8072.96,9868.71,8833.66,14926.52,26701.51,49570.44,67482.7,62249.87,13769.54,16762.32,22551.19,22792.51,13307.98,34274.88,22375.88,13564.97,10637.15,10217.11,9007.11,12192.38,11530.72,13668.82,9178.83,7264.49,8417.46,13073.75,9294.81,10197.54,8545.04,10216.79,9089.86,1e+09,11024.23,6653.44,20893.36
18961.24,91796.94,104902.97,128262.31,132407.53,141770.87,17645.58,50808.06,25204.93,31990.11,47723.12,7414.18,9400.42,16314.05,6890.94,29756.36,60793.36,54594.93,15340.08,5580.75,10353.5,7615.03,9778.14,39495.26,55007.21,69008.17,66391.89,21178.07,12551.75,32340.25,27286.82,17243,39418.86,32956.15,13154.5,8646,14171.25,8303.37,6924.97,4579.9,8119.49,18896.51,6410.13,14026.26,7975.95,8615.52,9705.51,16842.68,9633.06,7585.13,11024.23,1e+09,13941.14,23668.67
21423.92,89127.58,98237.34,123086.41,135309.45,141609.99,15023.92,37247.1,15927.37,18999.07,37188.27,15285.61,16261.29,12366.58,13447.28,17049.85,49151.38,38754.61,13209.12,10416.86,13065.75,10667.47,15098.25,28564.79,52424.76,71443.95,68328.62,13362.92,16195.29,20254.01,18701.54,14935.9,42360.76,20940.39,14653.53,15006.07,10606.43,12165.18,16701.42,15908.96,17192.61,10296.05,11259.32,11913.65,15294.46,12817.65,13261.97,11375.04,13528.41,12290.66,6653.44,13941.14,1e+09,24214.53
55475.15,131054.74,147777.49,173658.44,170870.9,192259.11,19343.32,11946.57,32561.75,56267.77,77080.56,23347.36,17557.68,40896.19,28951.95,37433.61,97558.53,80846.63,14524.49,22399.15,18369.35,16948.22,24438.12,67591.7,90099.17,106084.13,103033.31,44587.89,36383.31,56501.2,48220.34,20421.58,13531.46,13403.04,37585.08,21292.86,26592.75,22292.12,23181.78,23392.94,16924.26,13558.77,21208.9,11940,16515.38,16266.76,14397.55,12586.11,26909.86,21829.54,20893.36,23668.67,24214.53,1e+09
