1e+09,91983.53,79769.05,104833.42,126550.16,103171.83,47435.09,40768.08,16919.42,17383.61,26366.69,16545.75,18776.21,8150.42,24217.11,11737.01,26457.66,30164.88,14401.48,17920.66,19835.11,13863.99,11717.79,12992.69,36459.69,54278.08,40632.11,10156.98,11098.57,16202.8,16071.71,29305.5,74341.46,29544.31,13533.73,20183.32,9731.17,18849.77,20073.59,16990.22,45426.15,20729.26,21126.59,17851.2,19659.21,19086.94,37450.65,21287.81,10124.21,19781.48,10751.31,21363.67,22838.73,53282.53
91983.53,1e+09,8658.37,11168.61,22030.53,32044.92,131904.64,165770.61,70787.38,66060.77,53400.22,102721.59,113671.48,94852.42,108039.73,76978.96,49624.3,67498.65,95882.72,105050.59,104889.98,101798.77,94813.34,68337.41,44802,31264.2,33981.84,79985.69,101897.07,79367.15,63347.15,117178.77,177617.19,140118.88,106447.72,130393.6,96085.41,119929.2,116064.64,110491.34,135831.63,119010.23,113001.31,108937.5,105140.71,105176.61,118123.48,111343.71,96914.08,114790.85,100059.31,109071.64,104741.64,140028.16
79769.05,8658.37,1e+09,10841.56,20500.93,33738.46,121405.7,154007.19,61173.26,56033.51,43413.36,92183.42,103946.55,82743.2,96008.58,63660.76,40723.22,62463.04,87166.12,95349.14,92953.8,90810.43,83466.11,58282.47,38815.81,26752.98,33321.12,67777.82,88576.87,69081.77,56328.12,107013.76,165434.21,137786.57,94341.64,116316.1,83170.23,108684.67,105922.65,100154.86,126631.34,108190.97,100623.71,97798.81,94192.29,93117.89,107795.98,101770.86,84890.54,102539.88,87392.36,97360.4,94772.64,130020.63
104833.42,11168.61,10841.56,1e+09,17134.76,25589.04,129372.82,164868.39,76232.42,74986.69,62858.26,109702.14,117921.61,106794.11,110332.2,89925.6,60642.56,74892.7,105821.18,111615.42,104179.15,110514.19,104752.46,75940.41,54301.25,36675.24,42130.93,88890.24,111136.83,85720.16,71541.95,116323.98,164899.66,155008.32,111454.04,134104.83,101074.57,125461.38,120453,116253.6,126503.03,123916.53,112763.93,113822.94,108693.06,105065.16,111639.7,115674.32,103737.07,117593.46,107368.2,106920.71,108641.04,129312.19
126550.16,22030.53,20500.93,17134.76,1e+09,27631.77,166394.59,205004.79,99328.48,96873.04,82069.05,135983.8,147706,129809.43,139628.45,107695.24,75861.03,99751.18,132153.11,139300.41,138174.34,135938.57,128663.89,98161.4,69188.11,53411.85,58508.93,111463.44,136110.97,111154.39,93362.59,154030.1,210430.14,189342.58,140449.73,163283.14,129282.74,154850.62,150685.3,144792.98,170531.39,155273.79,145365.37,141254.64,136824.39,137322.16,150843.28,145831.63,129714.03,149433.12,132162.1,139847.03,139331.55,173970.76
103171.83,32044.92,33738.46,25589.04,27631.77,1e+09,108382.53,146270.71,73004,78666.8,62738.07,106054.02,110842.23,103488.37,98403.05,87505.49,66859.13,66881.19,103112.59,104968.47,94812.74,105896.62,97705.35,76879.38,61819.99,48644.19,49108.42,82991.21,105985.63,81526.49,72477.14,103362.24,137156.16,147562.44,102097.69,120814.26,95298.26,121960.84,113961.17,109489.44,113523.34,110793.81,100631.83,105779.21,99779.97,94477.39,96225.52,112684.84,98771.48,106505.45,104375.55,97842.93,97527.41,110566.28
47435.09,131904.64,121405.7,129372.82,166394.59,108382.53,1e+09,40381.16,46384.11,53615.54,61938.47,42112.91,36935.78,38115.69,22123.93,59526.67,86799.2,39669.26,42745.63,32926.95,26847.08,41219.39,47129.27,56204.93,77617.43,87650.14,76606.81,35068.19,40891.65,46551.74,53527.97,22803.22,27592.12,49586.06,34902.77,45080.41,39173.52,36013.5,36834.44,40359.97,26932.22,34045.46,26227.87,33532.44,35136.16,34017.96,19623.78,33996.02,33477.13,34715.46,37944.3,36029.54,23232.51,18560.56
40768.08,165770.61,154007.19,164868.39,205004.79,146270.71,40381.16,1e+09,51409.92,61003.77,83304.74,25011.49,17877.42,30368.92,29326.27,46122.07,94400.55,63505.8,16706.05,20950.86,29129.28,26143.05,31412.47,56831.64,88515.71,109790.27,94556.34,48970.16,25620.95,54729.12,58477.79,24126.16,11491.14,10153.32,29867.55,15546.83,33118.98,14236.62,15010.26,19705.2,15138.11,19281.05,23779.54,20293.37,22556.4,24726.41,25608.87,17112.83,34746.71,21738.86,29148.77,24090.1,26810.05,16701.07
16919.42,70787.38,61173.26,76232.42,99328.48,73004,46384.11,51409.92,1e+09,10114.05,14940.36,22161.55,27376.27,16101.75,27110.61,12295.65,23086.41,23235.05,17422.61,23244.05,20775.39,25530.03,18987.29,8536,19420.45,32056.05,23865.17,10391.92,23155.76,8645.37,9558.23,23952.42,63106.93,40690.93,16355.78,36684.67,15490.28,29642.96,28449.02,25589.16,34170.36,21831.58,24298.53,25743.81,22122.53,19745.49,29592.03,27068.5,13373.2,18701.85,22172.91,21656.13,24874.44,34396.76
17383.61,66060.77,56033.51,74986.69,96873.04,78666.8,53615.54,61003.77,10114.05,1e+09,17440.65,27405.61,32401.65,19848.83,30312.19,15660.54,17166.79,27621,20578.64,27256.91,26034.12,26604,23196.47,5845.63,18229.74,34979.42,27030.32,13272.37,22064.99,10295.49,11305.82,31354.12,82728.06,46887.48,20459.71,42703.81,20165.37,35884.72,35326.77,30408.67,43585.06,28307.91,29941.15,30163.43,27935.13,25737.92,33930.53,32284.7,16781.71,24534.74,24934.08,28744.45,27241.34,47034.24
26366.69,53400.22,43413.36,62858.26,82069.05,62738.07,61938.47,83304.74,14940.36,17440.65,1e+09,38898.02,46945.34,32593.07,43839.2,17538.21,12907.79,18061.84,31619.16,38934.15,35922.79,39056.35,35458.76,16391.13,16861.26,20513.76,16748.24,21874.34,38934.62,18006.31,10577.22,45917.51,104213.24,62967.09,34406.18,63159.95,32360.14,50607.96,47482.3,44163.1,61782.06,41366.93,42258.59,42596.1,39602.49,36018.04,47864.78,43246.59,27367.88,40731.09,36363.08,43205.47,37839.74,65723.34
16545.75,102721.59,92183.42,109702.14,135983.8,106054.02,42112.91,25011.49,22161.55,27405.61,38898.02,1e+09,8265.71,14574.32,15175.73,15852.1,49034.67,47483.63,8135.97,7003.63,14360.27,6704.24,8399.8,26217.19,48140.9,61339.6,54560.22,20485.34,10155.47,25770.65,26064.99,20356.4,43623.25,18742.46,13473.38,11824.16,10535.13,8407.24,8738.5,8758.73,19333.42,13259.08,13431.45,9057.6,7262.7,9430.43,21977.82,8083.24,11580.21,11221.58,8236.7,9098.68,13800.44,19118.99
18776.21,113671.48,103946.55,117921.61,147706,110842.23,36935.78,17877.42,27376.27,32401.65,46945.34,8265.71,1e+09,13718.82,13373.92,18633.71,59899.69,49100.37,10280.29,8142.46,15563.86,9017.55,11022.05,32464.92,56871.04,69024.38,60809.02,25841.23,13950.26,30710.78,30239.51,19076.9,30874.36,17202.92,14833.96,10531.76,16286.19,9737.19,9162.39,7031.11,12521.68,12253.05,11943.51,8635.74,8147.72,11449.94,15338.88,7478.36,17831.13,10938.35,10839.76,7756.35,13290.65,12042.7
8150.42,94852.42,82743.2,106794.11,129809.43,103488.37,38115.69,30368.92,16101.75,19848.83,32593.07,14574.32,13718.82,1e+09,18751.89,13460.28,37718.2,30420.97,11057.77,13420.23,11107.16,10570.07,12508.9,16761.43,44074.39,59959.57,47187.77,11743.55,10016.91,15161,18854.56,18758.01,60949.21,26345.77,6264.81,15829.65,8037.67,12222.4,12756.33,10935.23,30526.03,10717.04,11827.75,9779.98,13829.5,10551.29,24491.24,13816.87,7741.48,12103.42,8377.6,16668.34,15507.9,39866.53
24217.11,108039.73,96008.58,110332.2,139628.45,98403.05,22123.93,29326.27,27110.61,30312.19,43839.2,15175.73,13373.92,18751.89,1e+09,28107.33,57845.02,38935.45,16732.64,14449.3,12155.2,12390.13,13258.96,34518.43,56155.32,68448.31,59629.43,20562.56,16435.06,28413.91,32821.19,15229.02,35404.19,24734.39,16243.59,18704.3,16617.94,17518.08,16342.08,14765.1,13688.22,16132.92,11901.14,14846.45,13442.99,14929.5,11183.44,15715.78,16838.95,14400.24,14629.06,11420.72,10615.55,13858.8
11737.01,76978.96,63660.76,89925.6,107695.24,87505.49,59526.67,46122.07,12295.65,15660.54,17538.21,15852.1,18633.71,13460.28,28107.33,1e+09,17989.47,34092.85,17170.77,21691.78,33561.27,17917.32,15720.28,16319.42,24133.29,39356.11,32182.93,15857.72,11590.33,14092.23,13578.17,42946.07,77386.52,31337.49,22004.64,21108.96,14832.41,24292.52,25263.6,19494.67,51897.54,26641.46,30165.49,24838.76,22919.14,26650.72,50495.87,26585.59,20975.62,16985.35,17823.53,18592.09,31470.31,55318.9
26457.66,49624.3,40723.22,60642.56,75861.03,66859.13,86799.2,94400.55,23086.41,17166.79,12907.79,49034.67,59899.69,37718.2,57845.02,17989.47,1e+09,29435.58,41021.83,52550,57160.56,49388.44,40134.34,19729.45,14006.56,19765.03,21827.59,29693.66,38839.48,18071.05,15882.75,64231.14,122168.37,68150.81,44482.4,65713.84,39242.98,60454.35,63604.46,57132.47,84710.94,54498.24,60404.95,58691.43,55455.61,53130.16,72708.38,59440.36,35268.38,48616.55,46880.83,57922.88,54574.14,87866.79
30164.88,67498.65,62463.04,74892.7,99751.18,66881.19,39669.26,63505.8,23235.05,27621,18061.84,47483.63,49100.37,30420.97,38935.45,34092.85,29435.58,1e+09,39168.84,43468.7,33408.28,51307.42,44934.84,27533.28,23387.73,24048.95,23560.25,21430.47,38837.72,17486.45,20845.37,30063.56,71581.25,56653.61,30758.93,56779.32,31799.67,48284.48,50438.62,53272.92,47874.94,35139.56,33275.69,47809.75,44471.73,35474.29,35420,48385.06,24168.57,32589.61,39703.96,43857.93,32478.62,42967.91
14401.48,95882.72,87166.12,105821.18,132153.11,103112.59,42745.63,16706.05,17422.61,20578.64,31619.16,8135.97,10280.29,11057.77,16732.64,17170.77,41021.83,39168.84,1e+09,8480.02,11572.06,8250.68,8370.82,19925.38,43019.36,55403.9,44736.61,13013.36,10042.97,18953.01,20698.46,17525.08,32645.24,16053.92,10616.66,8999.19,9854.32,8539.05,8748.06,7787.07,17121.3,9332,12089.78,10513.27,8097.05,8564.22,19860.02,8935.62,11341.14,9723.53,8181.49,10440.2,13977.47,16974.91
17920.66,105050.59,95349.14,111615.42,139300.41,104968.47,32926.95,20950.86,23244.05,27256.91,38934.15,7003.63,8142.46,13420.23,14449.3,21691.78,52550,43468.7,8480.02,1e+09,11534.3,6308.37,9225.59,27268.1,50132.95,62606.29,53584.34,18918.63,12356.9,25187.41,25264,15060.29,38764.6,20456.63,12564.86,12601.68,11724.73,7417.08,7418.66,7696.69,14413.33,11391.59,9700.29,6835.18,6300.37,8149.69,14381.28,7013.36,11319.84,9129.65,8129.28,8709.89,10827.26,13991.26
19835.11,104889.98,92953.8,104179.15,138174.34,94812.74,26847.08,29129.28,20775.39,26034.12,35922.79,14360.27,15563.86,11107.16,12155.2,33561.27,57160.56,33408.28,11572.06,11534.3,1e+09,17518.97,15459.23,25112.74,49121.03,61634.52,52902.4,13990.35,19125.79,22058.03,28760.96,11103.17,39820.19,27335.5,8156.94,22276.42,10000.62,13843.49,14897.48,17418.47,13842.31,11937.8,7673.57,14345.91,11780.82,7205.9,9557.14,14538.34,9576.5,10698.94,12815.8,10896.57,13009.05,16636.64
13863.99,101798.77,90810.43,110514.19,135938.57,105896.62,41219.39,26143.05,25530.03,26604,39056.35,6704.24,9017.55,10570.07,12390.13,17917.32,49388.44,51307.42,8250.68,6308.37,17518.97,1e+09,8303.59,27726.53,52455.5,65295.22,53922.34,20057.22,9258.76,25610.44,24912.87,24167.38,46194.66,19471.98,14598.24,11428.78,10697.28,8756.1,8434.27,6572.96,20802.36,16481.83,15289.27,8021.92,8202.37,11380.33,24094.31,8156.26,15248.69,9708.97,7879.8,9056.52,14508.96,22581.42
11717.79,94813.34,83466.11,104752.46,128663.89,97705.35,47129.27,31412.47,18987.29,23196.47,35458.76,8399.8,11022.05,12508.9,13258.96,15720.28,40134.34,44934.84,8370.82,9225.59,15459.23,8303.59,1e+09,22392.49,46210.94,58280.75,49682.07,17924.71,11860.74,19912.29,22414.96,22173.78,50722.53,21521.81,13981.48,15107.84,7040.47,12397.09,13624.25,10461.17,23143.1,17647.41,15200.07,12086.19,9946.78,8973.34,23609.75,12494.12,15362.91,10015.31,9288.36,10287.84,14570.75,24106.97
12992.69,68337.41,58282.47,75940.41,98161.4,76879.38,56204.93,56831.64,8536,5845.63,16391.13,26217.19,32464.92,16761.43,34518.43,16319.42,19729.45,27533.28,19925.38,27268.1,25112.74,27726.53,22392.49,1e+09,20569.64,31864.53,25923.13,11483.4,19490.55,11285.56,9692.59,30079.87,77650.54,43201.95,15712.39,37985.72,15260.55,32186.86,34410.09,29947.97,43283.4,24213.52,25471.05,32208.51,28346.85,22566.37,37232.67,32890.01,12174.23,20409.36,22554.41,29169.23,30073.74,45650.3
36459.69,44802,38815.81,54301.25,69188.11,61819.99,77617.43,88515.71,19420.45,18229.74,16861.26,48140.9,56871.04,44074.39,56155.32,24133.29,14006.56,23387.73,43019.36,50132.95,49121.03,52455.5,46210.94,20569.64,1e+09,14000.78,15009.96,32934.99,44446.69,17191.01,16274.76,54465.24,107312.3,70611.43,42179.06,69010.38,41426.13,61061.17,59201.46,55809.07,67405.65,50358.14,54362.01,54911.46,50675.96,48337.59,57430.05,55303.89,33420.52,45598.7,50778.11,51372.73,50860.41,71034.14
54278.08,31264.2,26752.98,36675.24,53411.85,48644.19,87650.14,109790.27,32056.05,34979.42,20513.76,61339.6,69024.38,59959.57,68448.31,39356.11,19765.03,24048.95,55403.9,62606.29,61634.52,65295.22,58280.75,31864.53,14000.78,1e+09,13293.19,46350.6,65077.05,34639.55,27247.75,70237.43,121558.01,91373.63,59263.52,86229.36,56681.87,77128.51,71867.24,68653.68,81900.82,67519.45,69097.45,67192.73,63341.26,60746.56,71187.26,69118.41,52308.08,64859.27,63857.69,61737.64,63591.44,85024.67
40632.11,33981.84,33321.12,42130.93,58508.93,49108.42,76606.81,94556.34,23865.17,27030.32,16748.24,54560.22,60809.02,47187.77,59629.43,32182.93,21827.59,23560.25,44736.61,53584.34,52902.4,53922.34,49682.07,25923.13,15009.96,13293.19,1e+09,35929.72,50486.71,23075.77,18304.1,59675.87,113748.04,77635.11,45541.25,75605.88,46817.63,65770.98,61379.41,57923.85,73153.81,52771.11,58376.12,57787.17,54740.07,51891.01,61761.53,58457.23,36685.32,51247.01,53348.65,56719.89,54562.52,76687.4
10156.98,79985.69,67777.82,88890.24,111463.44,82991.21,35068.19,48970.16,10391.92,13272.37,21874.34,20485.34,25841.23,11743.55,20562.56,15857.72,29693.66,21430.47,13013.36,18918.63,13990.35,20057.22,17924.71,11483.4,32934.99,46350.6,35929.72,1e+09,17483.06,10653.11,11568.08,17411,68467.28,37891.07,14596.6,33611.27,13137.05,23945.76,24751.38,23344.12,30726.35,20484.02,17809.2,20459.12,19165.84,14704.23,19350.62,21106.17,11034.58,17614.63,14300.32,23059.06,16313.71,33620.37
11098.57,101897.07,88576.87,111136.83,136110.97,105985.63,40891.65,25620.95,23155.76,22064.99,38934.62,10155.47,13950.26,10016.91,16435.06,11590.33,38839.48,38837.72,10042.97,12356.9,19125.79,9258.76,11860.74,19490.55,44446.69,65077.05,50486.71,17483.06,1e+09,22984.35,23761.42,25429.16,46773.67,21420.5,14493.46,13678.14,11982.74,12524.12,11942.34,11522.5,28185.16,13529.03,18167.78,10775.75,10862.34,15625.71,28069.84,11270,12518.84,15161.54,9493.37,13054.49,19200.35,26261.04
16202.8,79367.15,69081.77,85720.16,111154.39,81526.49,46551.74,54729.12,8645.37,10295.49,18006.31,25770.65,30710.78,15161,28413.91,14092.23,18071.05,17486.45,18953.01,25187.41,22058.03,25610.44,19912.29,11285.56,17191.01,34639.55,23075.77,10653.11,22984.35,1e+09,8545.4,24955.6,74497.8,43278.74,16945.56,38388.33,16072.14,31601.86,32101.6,29209.93,36604.47,22633.45,23011.66,28620.96,26602.13,21481.84,27905.66,29859.89,14434.97,20069.97,21824.3,23965.09,24886.13,41150.36
16071.71,63347.15,56328.12,71541.95,93362.59,72477.14,53527.97,58477.79,9558.23,11305.82,10577.22,26064.99,30239.51,18854.56,32821.19,13578.17,15882.75,20845.37,20698.46,25264,28760.96,24912.87,22414.96,9692.59,16274.76,27247.75,18304.1,11568.08,23761.42,8545.4,1e+09,33981.92,79438.36,45068.8,19916.57,40389.2,19885.52,32927.49,30442.52,28150.4,42662.15,27470.88,29604.99,27407.57,26063.63,24282.86,35895.58,28138.43,14107.68,24637.94,23741.33,28531.5,27774.53,45926.78
29305.5,117178.77,107013.76,116323.98,154030.1,103362.24,22803.22,24126.16,23952.42,31354.12,45917.51,20356.4,19076.9,18758.01,15229.02,42946.07,64231.14,30063.56,17525.08,15060.29,11103.17,24167.38,22173.78,30079.87,54465.24,70237.43,59675.87,17411,25429.16,24955.6,33981.92,1e+09,28002.65,22586.08,16225.74,21467.3,16835.42,21741.66,20142.91,21334.21,13513.42,14843.22,11368.51,18084.02,15657.15,11041.87,10626.77,19910.45,20020.28,12322.59,22100.19,17039.1,11014.37,14756.3
74341.46,177617.19,165434.21,164899.66,210430.14,137156.16,27592.12,11491.14,63106.93,82728.06,104213.24,43623.25,30874.36,60949.21,35404.19,77386.52,122168.37,71581.25,32645.24,38764.6,39820.19,46194.66,50722.53,77650.54,107312.3,121558.01,113748.04,68467.28,46773.67,74497.8,79438.36,28002.65,1e+09,18460.33,48036.81,24806.01,54194.08,25761.8,28113.33,35859.39,15818.51,28588.69,36759.99,38972.78,37042.01,35642.38,23690.35,31766.08,59678.55,33470.12,53618.71,32781.31,36443.28,15536.8
29544.31,140118.88,137786.57,155008.32,189342.58,147562.44,49586.06,10153.32,40690.93,46887.48,62967.09,18742.46,17202.92,26345.77,24734.39,31337.49,68150.81,56653.61,16053.92,20456.63,27335.5,19471.98,21521.81,43201.95,70611.43,91373.63,77635.11,37891.07,21420.5,43278.74,45068.8,22586.08,18460.33,1e+09,27763.28,12354.2,22599.23,12873.33,14620.83,16283.94,19077.81,20660.56,25404.75,20053.91,22422.82,22116.11,30450.9,15076.77,28775.44,19427.19,24549.12,21682.32,22588.4,19557.99
13533.73,106447.72,94341.64,111454.04,140449.73,102097.69,34902.77,29867.55,16355.78,20459.71,34406.18,13473.38,14833.96,6264.81,16243.59,22004.64,44482.4,30758.93,10616.66,12564.86,8156.94,14598.24,13981.48,15712.39,42179.06,59263.52,45541.25,14596.6,14493.46,16945.56,19916.57,16225.74,48036.81,27763.28,1e+09,17782.82,8761.86,10593.57,11492.9,15099.52,19372.34,9721.66,7173.83,9266.88,10787.88,8643.58,19023.08,12330.52,7424.23,8135.42,8379.16,12628.66,15739.26,22408.5
20183.32,130393.6,116316.1,134104.83,163283.14,120814.26,45080.41,15546.83,36684.67,42703.81,63159.95,11824.16,10531.76,15829.65,18704.3,21108.96,65713.84,56779.32,8999.19,12601.68,22276.42,11428.78,15107.84,37985.72,69010.38,86229.36,75605.88,33611.27,13678.14,38388.33,40389.2,21467.3,24806.01,12354.2,17782.82,1e+09,18398.9,7185.67,9040.87,8021.87,16176.36,13745.19,18046.38,12614.82,12987.21,16697.71,26043.78,10598.91,20664.07,12908.25,13308.8,11672.88,19912.12,12083.51
9731.17,96085.41,83170.23,101074.57,129282.74,95298.26,39173.52,33118.98,15490.28,20165.37,32360.14,10535.13,16286.19,8037.67,16617.94,14832.41,39242.98,31799.67,9854.32,11724.73,10000.62,10697.28,7040.47,15260.55,41426.13,56681.87,46817.63,13137.05,11982.74,16072.14,19885.52,16835.42,54194.08,22599.23,8761.86,18398.9,1e+09,13897.05,15520.85,15699.3,23211.15,14101.82,10515.33,13397.94,12216.76,7984.36,19791.27,14556.93,7965.62,11860.57,9347.44,14142.9,13542.18,25319.97
18849.77,119929.2,108684.67,125461.38,154850.62,121960.84,36013.5,14236.62,29642.96,35884.72,50607.96,8407.24,9737.19,12222.4,17518.08,24292.52,60454.35,48284.48,8539.05,7417.08,13843.49,8756.1,12397.09,32186.86,61061.17,77128.51,65770.98,23945.76,12524.12,31601.86,32927.49,21741.66,25761.8,12873.33,10593.57,7185.67,13897.05,1e+09,5034.16,7575.25,16708.42,9465.01,13202.31,6789.84,8414.86,11305.54,21028.2,6870.69,11652.17,11600.21,7456.41,11241.76,15724.67,14136.61
20073.59,116064.64,105922.65,120453,150685.3,113961.17,36834.44,15010.26,28449.02,35326.77,47482.3,8738.5,9162.39,12756.33,16342.08,25263.6,63604.46,50438.62,8748.06,7418.66,14897.48,8434.27,13624.25,34410.09,59201.46,71867.24,61379.41,24751.38,11942.34,32101.6,30442.52,20142.91,28113.33,14620.83,11492.9,9040.87,15520.85,5034.16,1e+09,6820.34,13795.94,8838.3,11775.91,5808.55,8971.11,11756.8,18893.44,5730.3,13812.87,10074.96,8185.25,10291.43,16238.54,13196.54
16990.22,110491.34,100154.86,116253.6,144792.98,109489.44,40359.97,19705.2,25589.16,30408.67,44163.1,8758.73,7031.11,10935.23,14765.1,19494.67,57132.47,53272.92,7787.07,7696.69,17418.47,6572.96,10461.17,29947.97,55809.07,68653.68,57923.85,23344.12,11522.5,29209.93,28150.4,21334.21,35859.39,16283.94,15099.52,8021.87,15699.3,7575.25,6820.34,1e+09,16414.58,13078.92,14083.44,7436.52,5775.03,9950.46,23514.67,7918.69,17751.41,9045.95,9234.81,7923.39,15873.64,16252.47
45426.15,135831.63,126631.34,126503.03,170531.39,113523.34,26932.22,15138.11,34170.36,43585.06,61782.06,19333.42,12521.68,30526.03,13688.22,51897.54,84710.94,47874.94,17121.3,14413.33,13842.31,20802.36,23143.1,43283.4,67405.65,81900.82,73153.81,30726.35,28185.16,36604.47,42662.15,13513.42,15818.51,19077.81,19372.34,16176.36,23211.15,16708.42,13795.94,16414.58,1e+09,9867.68,11872.34,16234.51,14892.86,14342.53,8941.46,14112.1,26458.07,11213.78,23269.92,9926.76,19043.23,8374.11
20729.26,119010.23,108190.97,123916.53,155273.79,110793.81,34045.46,19281.05,21831.58,28307.91,41366.93,13259.08,12253.05,10717.04,16132.92,26641.46,54498.24,35139.56,9332,11391.59,11937.8,16481.83,17647.41,24213.52,50358.14,67519.45,52771.11,20484.02,13529.03,22633.45,27470.88,14843.22,28588.69,20660.56,9721.66,13745.19,14101.82,9465.01,8838.3,13078.92,9867.68,1e+09,10459.56,10506.47,11565.53,11004.74,16902.69,8513.76,11653.11,7714.02,12671.98,10992.89,16010.61,12860.54
21126.59,113001.31,100623.71,112763.93,145365.37,100631.83,26227.87,23779.54,24298.53,29941.15,42258.59,13431.45,11943.51,11827.75,11901.14,30165.49,60404.95,33275.69,12089.78,9700.29,7673.57,15289.27,15200.07,25471.05,54362.01,69097.45,58376.12,17809.2,18167.78,23011.66,29604.99,11368.51,36759.99,25404.75,7173.83,18046.38,10515.33,13202.31,11775.91,14083.44,11872.34,10459.56,1e+09,9025.3,8310.36,7625.96,7363.58,10466.61,12314.21,6388.25,11611.38,9581.68,10412.78,11083.48
17851.2,108937.5,97798.81,113822.94,141254.64,105779.21,33532.44,20293.37,25743.81,30163.43,42596.1,9057.6,8635.74,9779.98,14846.45,24838.76,58691.43,47809.75,10513.27,6835.18,14345.91,8021.92,12086.19,32208.51,54911.46,67192.73,57787.17,20459.12,10775.75,28620.96,27407.57,18084.02,38972.78,20053.91,9266.88,12614.82,13397.94,6789.84,5808.55,7436.52,16234.51,10506.47,9025.3,1e+09,4104.94,8960.98,17121.65,5858.77,11437.08,9319.31,6431.59,9235.05,10891.98,13625.42
19659.21,105140.71,94192.29,108693.06,136824.39,99779.97,35136.16,22556.4,22122.53,27935.13,39602.49,7262.7,8147.72,13829.5,13442.99,22919.14,55455.61,44471.73,8097.05,6300.37,11780.82,8202.37,9946.78,28346.85,50675.96,63341.26,54740.07,19165.84,10862.34,26602.13,26063.63,15657.15,37042.01,22422.82,10787.88,12987.21,12216.76,8414.86,8971.11,5775.03,14892.86,11565.53,8310.36,4104.94,1e+09,5756.39,14200.48,7422.06,12616.56,8958.68,7303.35,7873.96,10244.82,12555.61
19086.94,105176.61,93117.89,105065.16,137322.16,94477.39,34017.96,24726.41,19745.49,25737.92,36018.04,9430.43,11449.94,10551.29,14929.5,26650.72,53130.16,35474.29,8564.22,8149.69,7205.9,11380.33,8973.34,22566.37,48337.59,60746.56,51891.01,14704.23,15625.71,21481.84,24282.86,11041.87,35642.38,22116.11,8643.58,16697.71,7984.36,11305.54,11756.8,9950.46,14342.53,11004.74,7625.96,8960.98,5756.39,1e+09,12675.22,10090.15,10609.9,8553.95,10069.71,9369.88,10522.01,13011.46
37450.65,118123.48,107795.98,111639.7,150843.28,96225.52,19623.78,25608.87,29592.03,33930.53,47864.78,21977.82,15338.88,24491.24,11183.44,50495.87,72708.38,35420,19860.02,14381.28,9557.14,24094.31,23609.75,37232.67,57430.05,71187.26,61761.53,19350.62,28069.84,27905.66,35895.58,10626.77,23690.35,30450.9,19023.08,26043.78,19791.27,21028.2,18893.44,23514.67,8941.46,16902.69,7363.58,17121.65,14200.48,12675.22,1e+09,19035.89,19654.09,11633.95,20860.82,11294.84,10331.09,8956.52
21287.81,111343.71,101770.86,115674.32,145831.63,112684.84,33996.02,17112.83,27068.5,32284.7,43246.59,8083.24,7478.36,13816.87,15715.78,26585.59,59440.36,48385.06,8935.62,7013.36,14538.34,8156.26,12494.12,32890.01,55303.89,69118.41,58457.23,21106.17,11270,29859.89,28138.43,19910.45,31766.08,15076.77,12330.52,10598.91,14556.93,6870.69,5730.3,7918.69,14112.1,8513.76,10466.61,5858.77,7422.06,10090.15,19035.89,1e+09,12976.96,11766.01,7827.85,10813.68,12628.67,15426.78
10124.21,96914.08,84890.54,103737.07,129714.03,98771.48,33477.13,34746.71,13373.2,16781.71,27367.88,11580.21,17831.13,7741.48,16838.95,20975.62,35268.38,24168.57,11341.14,11319.84,9576.5,15248.69,15362.91,12174.23,33420.52,52308.08,36685.32,11034.58,12518.84,14434.97,14107.68,20020.28,59678.55,28775.44,7424.23,20664.07,7965.62,11652.17,13812.87,17751.41,26458.07,11653.11,12314.21,11437.08,12616.56,10609.9,19654.09,12976.96,1e+09,15753.68,7151.29,15966.68,14802,33765.41
19781.48,114790.85,102539.88,117593.46,149433.12,106505.45,34715.46,21738.86,18701.85,24534.74,40731.09,11221.58,10938.35,12103.42,14400.24,16985.35,48616.55,32589.61,9723.53,9129.65,10698.94,9708.97,10015.31,20409.36,45598.7,64859.27,51247.01,17614.63,15161.54,20069.97,24637.94,12322.59,33470.12,19427.19,8135.42,12908.25,11860.57,11600.21,10074.96,9045.95,11213.78,7714.02,6388.25,9319.31,8958.68,8553.95,11633.95,11766.01,15753.68,1e+09,12144.23,7964.87,11371.06,12968.63
10751.31,100059.31,87392.36,107368.2,132162.1,104375.55,37944.3,29148.77,22172.91,24934.08,36363.08,8236.7,10839.76,8377.6,14629.06,17823.53,46880.83,39703.96,8181.49,8129.28,12815.8,7879.8,9288.36,22554.41,50778.11,63857.69,53348.65,14300.32,9493.37,21824.3,23741.33,22100.19,53618.71,24549.12,8379.16,13308.8,9347.44,7456.41,8185.25,9234.81,23269.92,12671.98,11611.38,6431.59,7303.35,10069.71,20860.82,7827.85,7151.29,12144.23,1e+09,11886.89,12961.78,31311.56
21363.67,109071.64,97360.4,106920.71,139847.03,97842.93,36029.54,24090.1,21656.13,28744.45,43205.47,9098.68,7756.35,16668.34,11420.72,18592.09,57922.88,43857.93,10440.2,8709.89,10896.57,9056.52,10287.84,29169.23,51372.73,61737.64,56719.89,23059.06,13054.49,23965.09,28531.5,17039.1,32781.31,21682.32,12628.66,11672.88,14142.9,11241.76,10291.43,7923.39,9926.76,10992.89,9581.68,9235.05,7873.96,9369.88,11294.84,10813.68,15966.68,7964.87,11886.89,1e+09,13626.43,13490.22
22838.73,104741.64,94772.64,108641.04,139331.55,97527.41,23232.51,26810.05,24874.44,27241.34,37839.74,13800.44,13290.65,15507.9,10615.55,31470.31,54574.14,32478.62,13977.47,10827.26,13009.05,14508.96,14570.75,30073.74,50860.41,63591.44,54562.52,16313.71,19200.35,24886.13,27774.53,11014.37,36443.28,22588.4,15739.26,19912.12,13542.18,15724.67,16238.54,15873.64,19043.23,16010.61,10412.78,10891.98,10244.82,10522.01,10331.09,12628.67,14802,11371.06,12961.78,13626.43,1e+09,15249.56
53282.53,140028.16,130020.63,129312.19,173970.76,110566.28,18560.56,16701.07,34396.76,47034.24,65723.34,19118.99,12042.7,39866.53,13858.8,55318.9,87866.79,42967.91,16974.91,13991.26,16636.64,22581.42,24106.97,45650.3,71034.14,85024.67,76687.4,33620.37,26261.04,41150.36,45926.78,14756.3,15536.8,19557.99,22408.5,12083.51,25319.97,14136.61,13196.54,16252.47,8374.11,12860.54,11083.48,13625.42,12555.61,13011.46,8956.52,15426.78,33765.41,12968.63,31311.56,13490.22,15249.56,1e+09
