1e+09,38104.52,23699.3,44740.26,58811.76,63619.58,100928.06,47424.77,28815.44,25225.65,33027.09,50158.46,49088.65,33706.96,42103.9,20953.92,27281.38,47139.43,39835.16,41770.19,46622.81,38769.55,33354.59,20742.54,26545.53,31830.35,38263.5,40627.65,27613.98,27166.37,32416.69,83096.76,112192.81,43916.01,55579.51,37456.13,45176.04,49438.78,46147.36,54745.84,73133.62,42367.9,48980.28,44800.19,44754.4,45499.26,63035.87,38625.27,37229.41,43497.07,42141.1,47479.33,57163.25,92421.69
38104.52,1e+09,17641.68,13311.6,24889.92,66907.09,167264.47,102668.66,77784.23,54898.12,74819.99,112703.78,111221.47,85921,92078.47,57532.92,49112.39,76354.3500000001,98646.08,99626.49,101334.38,95424.7,85977.46,56217.51,36174.21,27659.59,62211.44,93745.11,78813.74,57791.41,74649.41,141050.77,176243.85,103435.06,110739.95,95320.16,100600.04,105985.03,101029.05,116649.55,132565.39,93768.54,104460.73,99892.6,100018.22,102464.71,119627.59,92867.81,83397.15,94688.55,96250.55,105109.34,113334.85,154161.13
23699.3,17641.68,1e+09,16813.14,30030.53,80203.33,159531.88,92857.95,70140.31,47152.55,67473.58,103900.87,101698.74,78673.59,85867.23,47267.96,41422.35,73067.59,90221.17,93579.45,95306.23,86181.0100000001,75060.92,48992.72,29528.41,26638.91,58821.53,85490.9,70054.24,51790.08,69283.33,136271.24,169524.06,94707.76,104763.67,87885.02,94865.92,100506.89,95755.27,109967.17,126949.93,88201.18,98617.96,94600.5,94231.8,96633.86,114111.16,86869.75,78640.12,88640.36,90923.75,96197.16,107701.13,148824.68
44740.26,13311.6,16813.14,1e+09,19000.1,72079.96,164727.54,107603.77,87453.21,64310.81,85681.9,121160.7,120260.11,97531.35,97132.18,71086.47,60408.1,74411.72,106995.26,109136.81,99682.16,105486.78,99854.39,65671.75,42992.08,35441.63,73220.5,103209.91,93700.56,65780.19,83897.99,135162.68,168001.7,108475.48,113742.84,107614.71,105520.73,114985.32,108958.56,126986.99,125050.02,97176.26,103269.36,107078.41,107843.76,104613.25,112848.99,100880.29,90036.23,96061.75,106148.34,111898.56,115456.87,146120.39
58811.76,24889.92,30030.53,19000.1,1e+09,85022.63,206034.31,137460.68,110482.97,86926.35,105456.52,148639.94,146486.21,120899.58,126418.75,88827.48,74400.86,100751.12,133788.51,135074.03,136289.37,130664.24,119976.43,86576.48,58392.25,50763.98,84341.55,126023.66,109550.89,85219.87,104421.67,176948.2,212462.57,138976.93,144683.4,130406.61,134921.16,141628.28,135664.68,153643.87,167999.65,125494.72,138884.5,134341.26,134347.02,136844.07,153777.54,126999.37,112344.06,127121.54,131244.17,138997.7,148533.48,189706.24
63619.58,66907.09,80203.33,72079.96,85022.63,1e+09,87545.69,62857.06,44223.54,54814.5,30895.93,56215.97,56618.56,41765,44036.96,47192.77,39982.47,25698.01,48155.12,51143.15,39925.62,49398.92,56199.96,47183.62,53089.8,43778.48,24128.14,36534.28,43620.94,35815.03,30814.35,58400.11,85563.21,45786,41481.56,49285.56,39328.17,48044.37,46149.16,52316.69,56406.73,35176.58,42380.41,44869.78,46732.83,40823.37,47098.63,46014.49,31013.3,32572.08,42884.63,47409.19,44199.91,63413.91
100928.06,167264.47,159531.88,164727.54,206034.31,87545.69,1e+09,56338.26,76367.01,88178.42,59302.88,40385.81,49727.61,55328.25,41352.39,88059.84,103879.03,38521.11,47030.11,54946.17,48814.09,41499.91,76795.28,92837.19,110322.77,118390.53,92325.69,42531.04,77575.95,79388.83,52975.48,13808.62,11769.34,50240.24,26776.35,49880.67,33863.25,31346.75,40419.85,29163.59,33448.14,48984.03,43340.56,50168.78,52900.16,51599.47,35672.77,55602.8,49650.88,56501.42,36225.76,58543.16,33341.66,16597.9
47424.77,102668.66,92857.95,107603.77,137460.68,62857.06,56338.26,1e+09,16929.27,30747.46,39629.41,20969.82,15795.49,35352.39,14702.55,28148.23,48353.17,31366.29,20006.28,15549.43,21226.7,17789.81,11803.18,28111.03,47942.25,53681.22,43572.53,35106.06,25658.71,25643.29,27957.9,38462.98,46376.07,19078.68,41243.05,16235.66,31503.91,24018.63,22878.75,27921.09,24305.23,23150.72,20290.71,17377.32,16726.73,17543.1,18626.02,17717.6,27804.77,21472.7,29132.91,15542.84,23788.84,33583.14
28815.44,77784.23,70140.31,87453.21,110482.97,44223.54,76367.01,16929.27,1e+09,18254.88,21724.44,27932.01,25409.89,17585.07,17350.94,14677.86,26540.34,24955.33,19974.48,21734.4,19064.95,23003.93,13746.19,10968.28,30364.47,33196.87,20679.2,24190.46,12627.83,11968.66,18270.83,46342.17,66860.46,24843.79,32760.71,20603.22,26378.33,25764.11,21728.8,32165.74,32566.55,19450.94,20921.93,21460.38,22773.78,22194.11,23586.85,19372.46,18307.45,19372.3,24328.2,21714.63,30404.18,47341.03
25225.65,54898.12,47152.55,64310.81,86926.35,54814.5,88178.42,30747.46,18254.88,1e+09,29286.8,41369.27,39664.01,29025.58,29266.9,16653.71,18545.07,31606.75,33003.51,33298.33,33938.7,32435.25,22708.1,10749.4,16288.7,21896.23,29977.82,35635.19,25009.74,13323.96,24973.93,64134.68,93755.12,39955.58,47720.16,31785.49,39678.78,40040.67,35321.65,44887.84,51383.14,32341.57,34155.1,33956.29,34063.75,35753.54,41439.31,30707.11,28054.79,32684.24,37349.92,36167.59,45668.52,73188.49
33027.09,74819.99,67473.58,85681.9,105456.52,30895.93,59302.88,39629.41,21724.44,29286.8,1e+09,26405.85,26098.28,10794.42,25174.19,22325.26,24336.19,19605.62,16194.9,22814.82,14957.98,16924.89,29020.58,26332.71,38521.26,41447.27,18188.02,11212.57,17655.9,19561.62,7929.79,40085.83,75445.68,19867.77,16297.44,20191.6,15864.42,19550.92,18755.57,23698.81,34983.23,12191.88,17557.28,19228.23,21168.23,17890.98,29951.98,18203.85,9180.71,13243.99,13323.85,26632.64,23688.58,53985.22
50158.46,112703.78,103900.87,121160.7,148639.94,56215.97,40385.81,20969.82,27932.01,41369.27,26405.85,1e+09,9201.39,20334.64,18336.65,31752.05,51024.9,32425.36,9791.97,10727.8,12520.3,9080.2,18916.24,41254.1,63246.81,68654.65,40506.16,17225.01,23175.81,34409.71,17587.2,24738.2,39161.7,10404.61,21250.12,10437.92,15892.22,11345.8,8791.03,9601.39,12345.16,11819.55,13124.22,8723.94,10473.71,10445.32,12038.61,8826.93,14467.89,14783.97,10415.4,11368.97,15481.19,22836.17
49088.65,111221.47,101698.74,120260.11,146486.21,56618.56,49727.61,15795.49,25409.89,39664.01,26098.28,9201.39,1e+09,22235.54,17090.91,29770.41,50758.03,30353.43,7758.83,8351.92,12599.25,9277.96,15140.18,37144.19,62742.57,66958.76,40901.4,18440.12,20536.95,33206.18,17882.94,28633.1,39488.49,10497.79,23701.47,8472.38,18961.99,14440.12,11158.45,11135.72,16738.19,13233.93,13808.29,7601.32,7632.6,9125.87,12425.74,7478.41,16200.53,13236.99,10933.13,8819.22,16367.61,22858.28
33706.96,85921,78673.59,97531.35,120899.58,41765,55328.25,35352.39,17585.07,29025.58,10794.42,20334.64,22235.54,1e+09,21053.39,22473.8,34035.02,23381.58,9965.38,15771,11308.9,13094.16,23471.11,26372.64,46831.07,48568.46,25538.13,8823.2,14224.37,23191.97,12214.34,37621.81,69829.32,14701.85,12146.87,14882.21,12230.68,14127.85,13616.01,19824.1,31196.63,7016.24,12556.91,15087.5,16957.21,12931.09,25492.82,14096.04,6917.64,9954.05,8170.83,23275.92,18883.6,48603.35
42103.9,92078.47,85867.23,97132.18,126418.75,44036.96,41352.39,14702.55,17350.94,29266.9,25174.19,18336.65,17090.91,21053.39,1e+09,29260.68,43409.63,22209.61,17449.49,13469.33,16452.4,14678.04,18977.1,28147.28,46194.31,49701.6,32231.76,21338.47,18530.06,23475.63,20950.71,27499.47,44306.1,13272.48,25378.66,17098.2,20582.93,16606.21,17189.97,21118.25,19709.72,15706.66,15203.1,13650.07,14650.47,15672.91,16023.63,14097.13,18151.32,16899.06,19209.2,15995.38,15002.19,26083.61
20953.92,57532.92,47267.96,71086.47,88827.48,47192.77,88059.84,28148.23,14677.86,16653.71,22325.26,31752.05,29770.41,22473.8,29260.68,1e+09,16649.92,31962.33,26746.41,27320.97,35763.14,26514.61,16883.43,16401.79,23549.65,29173.44,23657.52,29570.49,13113.3,15632.91,20274.3,73211.68,97919.4,29606.19,43789.08,23023.14,30849.79,38209.21,33270.06,36616.32,60835.92,33140.71,39626.6,31601.86,28529.4,29782.83,50017.94,23454.34,27832.62,30966.31,30515.35,28095.56,47331.1,75978.76
27281.38,49112.39,41422.35,60408.1,74400.86,39982.47,103879.03,48353.17,26540.34,18545.07,24336.19,51024.9,50758.03,34035.02,43409.63,16649.92,1e+09,33221.87,42961.27,45101.62,48705.4,40152.7,33701.14,18093.84,18960.01,22038.41,17561.11,38095.63,22510.32,17263.52,25814.83,86559.32,118258.05,44624.17,52377.77,41562.92,43007.55,52989.86,48909.14,54592.77,78118.89,43844.02,52891.36,47730.51,46541.28,46258.18,67354.67,39869.5,34967.57,42914.8,41122.65,47384.67,60951.39,93901.21
47139.43,76354.3500000001,73067.59,74411.72,100751.12,25698.01,38521.11,31366.29,24955.33,31606.75,19605.62,32425.36,30353.43,23381.58,22209.61,31962.33,33221.87,1e+09,25884.43,25418.65,20305.08,27678.93,29989.55,29948.03,34165.31,36438.09,17603.33,19246.7,26366.2,19894.23,19745.05,26985.08,47489.74,23368.47,21291.46,26789.08,20576.49,23199.52,24358.54,29528.54,27087.12,19008.86,18921.16,23020.7,22910.08,21568.55,20589.12,21716,17257.97,17384.37,21047.55,26836.18,19718.48,30325.98
39835.16,98646.08,90221.17,106995.26,133788.51,48155.12,47030.11,20006.28,19974.48,33003.51,16194.9,9791.97,7758.83,9965.38,17449.49,26746.41,42961.27,25884.43,1e+09,6464.58,8513.34,7517.88,15045,30444.16,52244.14,57643.15,32918.79,13570.2,16950.35,27450.8,13759.55,29497.22,47063.41,9792.47,17676.11,6649.58,14618.54,8898.35,7013.08,8751.41,14722.36,9291.09,9853.43,7262.17,5321.05,6814.21,11362.48,5988.89,10755.41,10250.75,8927.89,8127.95,15124.17,26459.32
41770.19,99626.49,93579.45,109136.81,135074.03,51143.15,54946.17,15549.43,21734.4,33298.33,22814.82,10727.8,8351.92,15771,13469.33,27320.97,45101.62,25418.65,6464.58,1e+09,10706.7,7770.13,11744.23,31387.2,53998.93,59284.17,35382.52,17732.74,17585.99,29366.92,15369.26,28937.52,48306.19,10639.43,23087.06,7874.28,18972.65,11924.25,8885.41,12556.28,17158.83,10935.15,10142.02,6751.54,5958.52,8158.5,10277.41,5650.32,12079.94,11005.79,10639.58,8395.26,16041.87,27883.85
46622.81,101334.38,95306.23,99682.16,136289.37,39925.62,48814.09,21226.7,19064.95,33938.7,14957.98,12520.3,12599.25,11308.9,16452.4,35763.14,48705.4,20305.08,8513.34,10706.7,1e+09,11154.03,19825.29,30516.43,49819.16,53102.96,30314.37,10256.04,22399.74,25098.81,14487.92,20656.2,37407.92,9599.03,11693.5,14177.46,10292.11,9844.48,8877.33,14185.15,11402.88,6454.01,5780.9,9576.16,9815.21,5949.45,8546.99,9156.17,9992.22,7444.31,10793.42,11222.11,13567.77,20712.67
38769.55,95424.7,86181.0100000001,105486.78,130664.24,49398.92,41499.91,17789.81,23003.93,32435.25,16924.89,9080.2,9277.96,13094.16,14678.04,26514.61,40152.7,27678.93,7517.88,7770.13,11154.03,1e+09,14073.94,32506.29,52600.98,57881.07,33856.01,15018.05,15668.73,28483.97,13963.21,26600.25,46687,8106.39,20814.96,8352.52,14029.44,11641.73,7912.58,9832.73,15925.26,13631.4,13827.63,7059.73,8101.94,10520.33,14382.61,6762.93,14847.57,12476.73,11053.62,9737.38,17653.02,31415.9
33354.59,85977.46,75060.92,99854.39,119976.43,56199.96,76795.28,11803.18,13746.19,22708.1,29020.58,18916.24,15140.18,23471.11,18977.1,16883.43,33701.14,29989.55,15045,11744.23,19825.29,14073.94,1e+09,23139.43,42263.44,46205.03,33776.83,31545.53,15074.88,20963.78,19334.56,48656.97,65672.96,16929.6,38379.87,11391.99,26646.93,25134.78,21049.92,23515.63,31913.58,23994.6,21969.81,17456.84,14961.64,15285.75,22456.33,11008.17,22593.02,22276.63,22863.89,13300.56,30883.75,45965.43
20742.54,56217.51,48992.72,65671.75,86576.48,47183.62,92837.19,28111.03,10968.28,10749.4,26332.71,41254.1,37144.19,26372.64,28147.28,16401.79,18093.84,29948.03,30444.16,31387.2,30516.43,32506.29,23139.43,1e+09,20039.47,23767.97,21586.79,32354.6,18743.88,12385.94,21742.89,63453.2,89876,38099.31,42438.9,30688.83,36655.01,38132.54,33921.51,46007.22,49437.19,28227.4,30797.23,33493.22,31502.04,32502.47,39492.76,29378.31,24229.99,28110.41,34872.7,33110.9,43440.26,67862.1
26545.53,36174.21,29528.41,42992.08,58392.25,53089.8,110322.77,47942.25,30364.47,16288.7,38521.26,63246.81,62742.57,46831.07,46194.31,23549.65,18960.01,34165.31,52244.14,53998.93,49819.16,52600.98,42263.44,20039.47,1e+09,13093.55,26285.46,50382.67,36074.95,16866.76,37131.99,82795.9,114759.27,56946.23,63221.79,53534.26,56370.19,58114.04,53029.35,68261.73,71975.77,45437.68,51165.6,52235.73,54043.94,51841.98,59514.72,48803.97,39217.5,44942.68,53891.53,57163.01,63090.77,92911.79
31830.35,27659.59,26638.91,35441.63,50763.98,43778.48,118390.53,53681.22,33196.87,21896.23,41447.27,68654.65,66958.76,48568.46,49701.6,29173.44,22038.41,36438.09,57643.15,59284.17,53102.96,57881.07,46205.03,23767.97,13093.55,1e+09,26415.94,54039.88,40878.69,21661.55,39834.96,88710.42,119043.85,62925.19,63297.8,57595.22,56816.09,61961.41,56996.69,73197.1,76895.83,47797.66,54918.58,57209.65,59127.45,56526.38,65546.79,54939.5,41955.08,49068.94,56854.8,59961.46,65522.78,96133.96
38263.5,62211.44,58821.53,73220.5,84341.55,24128.14,92325.69,43572.53,20679.2,29977.82,18188.02,40506.16,40901.4,25538.13,32231.76,23657.52,17561.11,17603.33,32918.79,35382.52,30314.37,33856.01,33776.83,21586.79,26285.46,26415.94,1e+09,28441.64,18746.88,15595.65,16570.84,62057.61,97080.66,37333.25,35725.69,32874.41,31886.59,38270.43,34194.96,43940.75,53982.77,25648.37,33216.94,34418.05,34174.1,31408.4,43869.23,30251.85,19231.19,26981.1,30079.76,34645.28,41896.47,71110.99
40627.65,93745.11,85490.9,103209.91,126023.66,36534.28,42531.04,35106.06,24190.46,35635.19,11212.57,17225.01,18440.12,8823.2,21338.47,29570.49,38095.63,19246.7,13570.2,17732.74,10256.04,15018.05,31545.53,32354.6,50382.67,54039.88,28441.64,1e+09,21456.67,26212.52,12006.86,22528.84,52351.5,16271.63,8795.77,19749.2,9774.35,11593.36,11753.38,13471.89,17154.81,8355.96,10995.85,13220.75,17015.2,13942.01,15591.79,14963.12,7522.29,9702.35,7082.94,21441.37,14967.4,31894.71
27613.98,78813.74,70054.24,93700.56,109550.89,43620.94,77575.95,25658.71,12627.83,25009.74,17655.9,23175.81,20536.95,14224.37,18530.06,13113.3,22510.32,26366.2,16950.35,17585.99,22399.74,15668.73,15074.88,18743.88,36074.95,40878.69,18746.88,21456.67,1e+09,16825.21,13728.36,54388.95,83960.16,21879.48,31707.09,15345.84,23089.86,25437.45,20492.7,27760.53,45203.41,19383.8,25370.43,18245.05,18935.43,20118.28,34745.92,15053.9,15980.8,21872.6,18621.03,20653.69,32467.12,60409.86
27166.37,57791.41,51790.08,65780.19,85219.87,35815.03,79388.83,25643.29,11968.66,13323.96,19561.62,34409.71,33206.18,23191.97,23475.63,15632.91,17263.52,19894.23,27450.8,29366.92,25098.81,28483.97,20963.78,12385.94,16866.76,21661.55,15595.65,26212.52,16825.21,1e+09,15762.1,51892.72,80036.75,32311.84,36771.17,25584.95,30768.6,30811.97,27054.23,37523.21,39555.16,24015.77,25658,28406.05,28837.05,27319.43,32525.72,25652.45,17780.27,24399.27,27296.77,24208.07,34475.52,58951.69
32416.69,74649.41,69283.33,83897.99,104421.67,30814.35,52975.48,27957.9,18270.83,24973.93,7929.79,17587.2,17882.94,12214.34,20950.71,20274.3,25814.83,19745.05,13759.55,15369.26,14487.92,13963.21,19334.56,21742.89,37131.99,39834.96,16570.84,12006.86,13728.36,15762.1,1e+09,32746.84,59293.85,18042.81,17997.78,10833.41,13808.56,14161.69,11853.16,15734.59,23694.59,11471.76,15370.38,13704.07,13638.66,12842.31,22041.84,10183.21,7544.36,11299.49,12092.19,15529.62,20731.05,40035.99
83096.76,141050.77,136271.24,135162.68,176948.2,58400.11,13808.62,38462.98,46342.17,64134.68,40085.83,24738.2,28633.1,37621.81,27499.47,73211.68,86559.32,26985.08,29497.22,28937.52,20656.2,26600.25,48656.97,63453.2,82795.9,88710.42,62057.61,22528.84,54388.95,51892.72,32746.84,1e+09,12207.95,27947.64,18734.66,32366.45,20670.82,16045.4,22320.81,17408.56,12963.32,24692.03,19670.93,26535.46,28268.71,23457.11,14618.38,33658.51,28224.46,21833.17,18449.53,30358.74,15669.96,11539.11
112192.81,176243.85,169524.06,168001.7,212462.57,85563.21,11769.34,46376.07,66860.46,93755.12,75445.68,39161.7,39488.49,69829.32,44306.1,97919.4,118258.05,47489.74,47063.41,48306.19,37407.92,46687,65672.96,89876,114759.27,119043.85,97080.66,52351.5,83960.16,80036.75,59293.85,12207.95,1e+09,40293.3,33685.21,51224.6,38752.08,38895.72,43829.36,33002.48,19381.32,42465.02,37023.66,43952.18,44083.35,38741.19,22184.17,52363.24,54671.47,39377.07,45966.68,48247.29,31017.83,10364.7
43916.01,103435.06,94707.76,108475.48,138976.93,45786,50240.24,19078.68,24843.79,39955.58,19867.77,10404.61,10497.79,14701.85,13272.48,29606.19,44624.17,23368.47,9792.47,10639.43,9599.03,8106.39,16929.6,38099.31,56946.23,62925.19,37333.25,16271.63,21879.48,32311.84,18042.81,27947.64,40293.3,1e+09,20762.43,11375.17,14187.25,14482.12,12295.49,13498.52,15995.96,11772.21,11504.28,7185.65,9348.09,7730.85,10469.17,8580.88,15300.04,10582.96,13089.94,11500.18,12197.88,22347.05
55579.51,110739.95,104763.67,113742.84,144683.4,41481.56,26776.35,41243.05,32760.71,47720.16,16297.44,21250.12,23701.47,12146.87,25378.66,43789.08,52377.77,21291.46,17676.11,23087.06,11693.5,20814.96,38379.87,42438.9,63221.79,63297.8,35725.69,8795.77,31707.09,36771.17,17997.78,18734.66,33685.21,20762.43,1e+09,26380.21,10063.5,13137.66,15427.67,15606.06,13459.28,10416.46,13240.35,17236.59,20772.29,15921.3,18629.15,21744.3,11881.99,12850.16,10679.25,25379.5,16393.8,21642.45
37456.13,95320.16,87885.02,107614.71,130406.61,49285.56,49880.67,16235.66,20603.22,31785.49,20191.6,10437.92,8472.38,14882.21,17098.2,23023.14,41562.92,26789.08,6649.58,7874.28,14177.46,8352.52,11391.99,30688.83,53534.26,57595.22,32874.41,19749.2,15345.84,25584.95,10833.41,32366.45,51224.6,11375.17,26380.21,1e+09,17338.87,13043.12,10311.57,11313.07,18175.34,13839.73,15296.1,9254.4,6612.38,7820.19,13789.35,6408.81,13922.15,12417.56,12299.96,6813.52,18339.02,31245.72
45176.04,100600.04,94865.92,105520.73,134921.16,39328.17,33863.25,31503.91,26378.33,39678.78,15864.42,15892.22,18961.99,12230.68,20582.93,30849.79,43007.55,20576.49,14618.54,18972.65,10292.11,14029.44,26646.93,36655.01,56370.19,56816.09,31886.59,9774.35,23089.86,30768.6,13808.56,20670.82,38752.08,14187.25,10063.5,17338.87,1e+09,12178.42,13204.77,14388.93,14669.47,8751.15,10955.76,15433.29,17791.74,13277.05,15630.51,16330.92,11451.1,11015.63,10492.09,18325.75,13551.37,23932.84
49438.78,105985.03,100506.89,114985.32,141628.28,48044.37,31346.75,24018.63,25764.11,40040.67,19550.92,11345.8,14440.12,14127.85,16606.21,38209.21,52989.86,23199.52,8898.35,11924.25,9844.48,11641.73,25134.78,38132.54,58114.04,61961.41,38270.43,11593.36,25437.45,30811.97,14161.69,16045.4,38895.72,14482.12,13137.66,13043.12,12178.42,1e+09,5822.04,8111.38,10316.28,9955.22,9244.59,8325.97,12194.46,9846.44,8591.89,11525.19,10202.82,10790.34,7254.97,15137.08,9909.21,23480.76
46147.36,101029.05,95755.27,108958.56,135664.68,46149.16,40419.85,22878.75,21728.8,35321.65,18755.57,8791.03,11158.45,13616.01,17189.97,33270.06,48909.14,24358.54,7013.08,8885.41,8877.33,7912.58,21049.92,33921.51,53029.35,56996.69,34194.96,11753.38,20492.7,27054.23,11853.16,22320.81,43829.36,12295.49,15427.67,10311.57,13204.77,5822.04,1e+09,7742.47,11450.17,8172.58,9110.87,5499.31,8632.98,9108.74,11460.5,8138.58,8404.54,10530.25,6145.59,11873.83,14696.26,27999.55
54745.84,116649.55,109967.17,126986.99,153643.87,52316.69,29163.59,27921.09,32165.74,44887.84,23698.81,9601.39,11135.72,19824.1,21118.25,36616.32,54592.77,29528.54,8751.41,12556.28,14185.15,9832.73,23515.63,46007.22,68261.73,73197.1,43940.75,13471.89,27760.53,37523.21,15734.59,17408.56,33002.48,13498.52,15606.06,11313.07,14388.93,8111.38,7742.47,1e+09,8775.19,12543.2,13198.79,9317.18,11423.86,11934.72,12562.75,12985.24,14580.53,14571.97,8338.87,14272.04,14725.25,23061.13
73133.62,132565.39,126949.93,125050.02,167999.65,56406.73,33448.14,24305.23,32566.55,51383.14,34983.23,12345.16,16738.19,31196.63,19709.72,60835.92,78118.89,27087.12,14722.36,17158.83,11402.88,15925.26,31913.58,49437.19,71975.77,76895.83,53982.77,17154.81,45203.41,39555.16,23694.59,12963.32,19381.32,15995.96,13459.28,18175.34,14669.47,10316.28,11450.17,8775.19,1e+09,12122.39,10200.21,15839.36,16410.32,12880.56,7098.08,18551.9,18303,13969.8,10359.14,16417.72,12856.97,8925.07
42367.9,93768.54,88201.18,97176.26,125494.72,35176.58,48984.03,23150.72,19450.94,32341.57,12191.88,11819.55,13233.93,7016.24,15706.66,33140.71,43844.02,19008.86,9291.09,10935.15,6454.01,13631.4,23994.6,28227.4,45437.68,47797.66,25648.37,8355.96,19383.8,24015.77,11471.76,24692.03,42465.02,11772.21,10416.46,13839.73,8751.15,9955.22,8172.58,12543.2,12122.39,1e+09,6930.52,7739.44,9607.48,7348.15,9955.22,9562.39,4538.8,5817.02,7732.89,12251.95,10745.52,21900.21
48980.28,104460.73,98617.96,103269.36,138884.5,42380.41,43340.56,20290.71,20921.93,34155.1,17557.28,13124.22,13808.29,12556.91,15203.1,39626.6,52891.36,18921.16,9853.43,10142.02,5780.9,13827.63,21969.81,30797.23,51165.6,54918.58,33216.94,10995.85,25370.43,25658,15370.38,19670.93,37023.66,11504.28,13240.35,15296.1,10955.76,9244.59,9110.87,13198.79,10200.21,6930.52,1e+09,8375.63,9822.73,7450.09,6170.38,9185.61,10581.35,6828.4,8837.86,12467.88,9769.46,19340.78
44800.19,99892.6,94600.5,107078.41,134341.26,44869.78,50168.78,17377.32,21460.38,33956.29,19228.23,8723.94,7601.32,15087.5,13650.07,31601.86,47730.51,23020.7,7262.17,6751.54,9576.16,7059.73,17456.84,33493.22,52235.73,57209.65,34418.05,13220.75,18245.05,28406.05,13704.07,26535.46,43952.18,7185.65,17236.59,9254.4,15433.29,8325.97,5499.31,9317.18,15839.36,7739.44,8375.63,1e+09,4667.87,5806.35,8156.46,5918.96,9210.39,7553.14,7247.72,8946.12,11870.34,22809.89
44754.4,100018.22,94231.8,107843.76,134347.02,46732.83,52900.16,16726.73,22773.78,34063.75,21168.23,10473.71,7632.6,16957.21,14650.47,28529.4,46541.28,22910.08,5321.05,5958.52,9815.21,8101.94,14961.64,31502.04,54043.94,59127.45,34174.1,17015.2,18935.43,28837.05,13638.66,28268.71,44083.35,9348.09,20772.29,6612.38,17791.74,12194.46,8632.98,11423.86,16410.32,9607.48,9822.73,4667.87,1e+09,5931.81,8960.4,6141.09,11347.35,9288.98,8994.97,8305.96,15390.44,23247.13
45499.26,102464.71,96633.86,104613.25,136844.07,40823.37,51599.47,17543.1,22194.11,35753.54,17890.98,10445.32,9125.87,12931.09,15672.91,29782.83,46258.18,21568.55,6814.21,8158.5,5949.45,10520.33,15285.75,32502.47,51841.98,56526.38,31408.4,13942.01,20118.28,27319.43,12842.31,23457.11,38741.19,7730.85,15921.3,7820.19,13277.05,9846.44,9108.74,11934.72,12880.56,7348.15,7450.09,5806.35,5931.81,1e+09,7786.05,7535.79,9872.88,7056.07,10390.01,7344.21,12958.79,20029.44
63035.87,119627.59,114111.16,112848.99,153777.54,47098.63,35672.77,18626.02,23586.85,41439.31,29951.98,12038.61,12425.74,25492.82,16023.63,50017.94,67354.67,20589.12,11362.48,10277.41,8546.99,14382.61,22456.33,39492.76,59514.72,65546.79,43869.23,15591.79,34745.92,32525.72,22041.84,14618.38,22184.17,10469.17,18629.15,13789.35,15630.51,8591.89,11460.5,12562.75,7098.08,9955.22,6170.38,8156.46,8960.4,7786.05,1e+09,10684.08,17267.9,8918.45,12499.33,12082.67,10013.3,12864.62
38625.27,92867.81,86869.75,100880.29,126999.37,46014.49,55602.8,17717.6,19372.46,30707.11,18203.85,8826.93,7478.41,14096.04,14097.13,23454.34,39869.5,21716,5988.89,5650.32,9156.17,6762.93,11008.17,29378.31,48803.97,54939.5,30251.85,14963.12,15053.9,25652.45,10183.21,33658.51,52363.24,8580.88,21744.3,6408.81,16330.92,11525.19,8138.58,12985.24,18551.9,9562.39,9185.61,5918.96,6141.09,7535.79,10684.08,1e+09,9433.1,10351.48,9267.4,7952.31,16178.12,30330.94
37229.41,83397.15,78640.12,90036.23,112344.06,31013.3,49650.88,27804.77,18307.45,28054.79,9180.71,14467.89,16200.53,6917.64,18151.32,27832.62,34967.57,17257.97,10755.41,12079.94,9992.22,14847.57,22593.02,24229.99,39217.5,41955.08,19231.19,7522.29,15980.8,17780.27,7544.36,28224.46,54671.47,15300.04,11881.99,13922.15,11451.1,10202.82,8404.54,14580.53,18303,4538.8,10581.35,9210.39,11347.35,9872.88,17267.9,9433.1,1e+09,9931.63,7253.36,14185.6,15277.05,35272.05
43497.07,94688.55,88640.36,96061.75,127121.54,32572.08,56501.42,21472.7,19372.3,32684.24,13243.99,14783.97,13236.99,9954.05,16899.06,30966.31,42914.8,17384.37,10250.75,11005.79,7444.31,12476.73,22276.63,28110.41,44942.68,49068.94,26981.1,9702.35,21872.6,24399.27,11299.49,21833.17,39377.07,10582.96,12850.16,12417.56,11015.63,10790.34,10530.25,14571.97,13969.8,5817.02,6828.4,7553.14,9288.98,7056.07,8918.45,10351.48,9931.63,1e+09,11954.1,10569.87,11415.6,22063.93
42141.1,96250.55,90923.75,106148.34,131244.17,42884.63,36225.76,29132.91,24328.2,37349.92,13323.85,10415.4,10933.13,8170.83,19209.2,30515.35,41122.65,21047.55,8927.89,10639.58,10793.42,11053.62,22863.89,34872.7,53891.53,56854.8,30079.76,7082.94,18621.03,27296.77,12092.19,18449.53,45966.68,13089.94,10679.25,12299.96,10492.09,7254.97,6145.59,8338.87,10359.14,7732.89,8837.86,7247.72,8994.97,10390.01,12499.33,9267.4,7253.36,11954.1,1e+09,14406.6,12728.41,30592.92
47479.33,105109.34,96197.16,111898.56,138997.7,47409.19,58543.16,15542.84,21714.63,36167.59,26632.64,11368.97,8819.22,23275.92,15995.38,28095.56,47384.67,26836.18,8127.95,8395.26,11222.11,9737.38,13300.56,33110.9,57163.01,59961.46,34645.28,21441.37,20653.69,24208.07,15529.62,30358.74,48247.29,11500.18,25379.5,6813.52,18325.75,15137.08,11873.83,14272.04,16417.72,12251.95,12467.88,8946.12,8305.96,7344.21,12082.67,7952.31,14185.6,10569.87,14406.6,1e+09,18152.25,29953.95
57163.25,113334.85,107701.13,115456.87,148533.48,44199.91,33341.66,23788.84,30404.18,45668.52,23688.58,15481.19,16367.61,18883.6,15002.19,47331.1,60951.39,19718.48,15124.17,16041.87,13567.77,17653.02,30883.75,43440.26,63090.77,65522.78,41896.47,14967.4,32467.12,34475.52,20731.05,15669.96,31017.83,12197.88,16393.8,18339.02,13551.37,9909.21,14696.26,14725.25,12856.97,10745.52,9769.46,11870.34,15390.44,12958.79,10013.3,16178.12,15277.05,11415.6,12728.41,18152.25,1e+09,16947.88
92421.69,154161.13,148824.68,146120.39,189706.24,63413.91,16597.9,33583.14,47341.03,73188.49,53985.22,22836.17,22858.28,48603.35,26083.61,75978.76,93901.21,30325.98,26459.32,27883.85,20712.67,31415.9,45965.43,67862.1,92911.79,96133.96,71110.99,31894.71,60409.86,58951.69,40035.99,11539.11,10364.7,22347.05,21642.45,31245.72,23932.84,23480.76,27999.55,23061.13,8925.07,21900.21,19340.78,22809.89,23247.13,20029.44,12864.62,30330.94,35272.05,22063.93,30592.92,29953.95,16947.88,1e+09
