1e+09,3875.86923982221,3753.32408026539,4332.42830151868,4463.42163531522,3723.14470127069,2601.77166575009,2847.09755570476,2543.18543051819,2429.68507257628,2602.7794318382,2125.65506406849,2361.07250094104,2233.89526578575,3286.6504335113,3051.98587057673,2546.46095538494,3188.75266477348,2252.2602287036,3062.5329437575,2364.28507754458,2259.04904656805,2645.66941430709,2358.17112457938,3248.66424941083,2823.86912104651,3245.32380392158,2504.27201485781,2678.35555740831,2305.98795228856,2446.55829399179,2799.64502742758,2765.81677019646,2727.31617393363,2322.81940901569,2993.87404519629,2555.37890339182,2295.55088625802,2387.15229206266,2164.7066603584,2195.83906117912,3064.47211294213,2020.23006467085,2577.27169859912,2443.06161434787,3408.9938599974,3179.01917521741,2403.35607403481,3015.37940309342,3166.90297566882,2598.68030325009,2150.92611818723,2365.79260462535,2546.42588079842
3875.86923982221,1e+09,2177.58410618281,2480.31638195614,2459.22000060995,3035.72685744288,4832.23475993251,4590.5093741,3777.24775531074,3384.85606770805,3420.81738404727,3815.82263060012,4265.22955781984,4489.93123235757,3476.35246220805,4075.77951378629,2797.54628285217,3169.71185367061,3979.53336583575,4394.95095353748,3898.0598988856,4579.36790498427,4218.89232633401,2813.35404323736,2350.19129089528,2367.79378730497,3641.7137580403,4752.39655047851,5165.07895307516,4019.34800121861,3372.34565975969,4080.06915044341,4495.79445398697,4892.68934536008,4261.51992212872,4927.20860298202,4257.70725307647,4426.87449514892,3983.30145576505,4262.92833643729,4134.71222420618,4875.76883274833,4157.96426023601,4360.66408055012,4573.62674977965,4763.05479562224,4776.62075354533,4611.49309419411,4672.64535990054,4702.40127725187,4240.79670070377,4023.70779752954,3552.85239919983,3833.90660911296
3753.32408026539,2177.58410618281,1e+09,2073.44890506132,2233.06401074846,3063.96348765778,4410.20055707221,4605.91833674893,3432.90711314769,3112.98489132215,2994.39823886203,3218.30115668189,3750.66906604675,4626.54307218684,3356.2628925339,4125.03937247876,3147.21506300412,3747.23638635195,3725.69502980317,4285.65533428669,3925.17299753782,4221.24912559067,3829.31352870198,3042.32135789433,2931.19430906585,2978.97746337565,4016.60180408763,4702.52064128378,5093.06521733229,4062.54749820848,3419.22089222092,3766.12860867762,4210.1698738412,4857.10881913304,4424.87824738715,4707.10983933879,4314.51380185531,4498.79535045772,4129.90168464093,4109.47213217221,4004.19123570541,4905.44859780428,3957.08623182513,4206.97312039191,4115.08074047156,4411.65797989826,4605.39770133916,4442.86610042436,4850.21253162168,4953.60025920542,4127.77239009129,3693.34145548445,3617.63903641588,3616.83480036067
4332.42830151868,2480.31638195614,2073.44890506132,1e+09,1841.61953671218,3247.76138018174,4950.70969949764,5079.45532933404,4354.34816060912,3766.96362187107,3949.64257985454,3931.84519636773,4825.16462259061,5254.82553932098,3782.98954805588,4730.24633861705,3850.16715874779,4415.2895501541,4531.54748356453,4886.28048376268,4707.52818144512,5026.34603056734,4633.95447029856,3760.14324344167,3210.12018899604,3470.67289167389,4492.90979547776,5415.60458584266,5480.65520514655,4624.33731378886,4248.41753970817,4717.40937133932,4842.96652527147,5635.75941349522,5030.43411793654,5080.67029324872,4892.06661245531,5120.23477854288,4744.51825502864,4969.92806791004,4721.431602618,5337.75807027632,4429.48533958518,4846.20164512374,4729.62494649417,4945.62551062047,5245.07902825115,5121.30685091218,5298.71871778452,5508.15887306276,4682.72146983995,4073.03469362833,3979.14283328709,4207.49418069711
4463.42163531522,2459.22000060995,2233.06401074846,1841.61953671218,1e+09,3363.47080284637,5274.94616644568,5192.77077168827,4422.28245624361,3821.37654254328,3955.08068352594,4129.52521195839,4793.74007905101,5329.2014583519,3796.85611200899,4965.53740451122,4075.35472246282,4049.27039989922,4609.53066845205,5232.22468848577,4549.40027466259,5008.91480478556,4839.32901648565,4004.62887788619,3325.93185312027,3509.51161391439,4798.18967794105,5488.03901584163,6007.89376243455,4740.55582953096,4429.18636524814,4712.48778158628,4994.35255672845,5470.78252804843,5209.55045706441,5550.40741410034,5001.16008445041,5233.79189206067,4767.74546444124,5103.45179338455,4883.79259309811,5478.87308934967,4639.22667137531,4924.53467771322,5009.54882119139,5261.4804128401,5528.03813299076,5241.45730124743,5485.47039528973,5842.41209225265,4900.93176770499,4454.37033371721,4332.63956046427,4283.9721589198
3723.14470127069,3035.72685744288,3063.96348765778,3247.76138018174,3363.47080284637,1e+09,3666.55741890128,4597.88222427456,3035.07628810216,3039.97501419008,3247.84384396787,3595.27803216942,4060.60553650561,3883.3526488976,4216.67634599811,3561.4086539458,2711.7855344588,3315.82422819727,3529.60870848314,4121.11850688621,3769.6927606504,4193.99354429641,3739.53974098418,2978.39103816138,2727.8558071863,2632.76247603159,2960.78861249837,3839.91814839848,4691.22994807332,3672.28393794652,3364.90023089838,3596.86109576114,4419.14535050614,4579.71716045871,4184.65833803669,4676.7470427745,3676.17855903382,3888.07594617183,4004.41646644052,4246.56877848458,3928.61670057032,4616.3558145143,3635.11965665506,4165.25140360099,3918.16078864816,3842.87666522099,3978.76281565011,4126.19873743377,4255.55980484354,4412.77093188622,4046.67838960548,4009.8838365843,3843.09350311699,3656.83947123742
2601.77166575009,4832.23475993251,4410.20055707221,4950.70969949764,5274.94616644568,3666.55741890128,1e+09,3387.37681213649,3144.24840076289,2727.34522438946,3319.44567416007,3235.07096164829,3634.54003623567,2608.10712544558,3877.1161043487,3490.72047693596,3086.47411021055,4219.19149899599,3246.15866317406,3283.03378826658,3435.63392828747,3151.00296929406,3480.34269595682,2777.3982811437,3619.85496360006,3509.74961430299,3538.44206720981,2465.96148710802,2960.21949209852,2948.33574970694,3821.39773582913,3857.9235279746,3870.23322904447,3220.35436349791,2879.27462997193,2920.28349997051,3106.02583614496,2981.03509377196,3439.62050868988,2736.69136226576,2890.63916636096,4061.07781202232,2836.92743419708,3788.73822010706,3503.1628024972,3488.80816649468,3264.26823268248,3338.43773847888,3775.00435905709,3498.88876645143,3576.5325175091,3152.74776336452,3527.74529208105,3388.88529051958
2847.09755570476,4590.5093741,4605.91833674893,5079.45532933404,5192.77077168827,4597.88222427456,3387.37681213649,1e+09,3053.73108968357,2238.28304224466,2815.60163302624,2758.24022469037,3744.10493608286,2909.92696018302,3285.27218914963,3262.61387566779,3481.9831728772,3519.21479389934,3252.34225614402,2424.29238927568,2007.23135567378,2496.16344430808,3198.22876778694,2802.05500458146,3431.57271633576,3921.05410226638,3831.49989568054,2232.41449545106,2528.85515939526,2416.01234529131,3123.84017276813,3442.04796295752,2644.88714851882,2254.73382351443,2041.99880357458,3191.82835785385,3255.4199018867,2646.03731075357,2405.23286332114,2410.47423713675,2540.5058625203,3006.86707546243,2411.95218267278,2553.26539860235,2825.04215133155,3448.42503534585,3160.63868186479,2682.02859833746,2674.8308190052,2724.31640779848,3100.2725531798,2979.24821292218,3031.11915882566,2906.41638068258
2543.18543051819,3777.24775531074,3432.90711314769,4354.34816060912,4422.28245624361,3035.07628810216,3144.24840076289,3053.73108968357,1e+09,1794.76471814553,1791.67894171919,2187.18659057704,2856.44392528542,2704.74610765965,3978.82925782195,2207.58142182797,2194.43981587557,2458.32254517181,1839.85594615448,3179.49837458678,2490.53652715635,1953.54049054531,2077.48599249189,2079.63966205687,2929.52989184272,3086.26367172346,2866.39386771951,2332.07179923775,3280.22487404446,2482.71558848371,1849.09791847268,2181.24984602865,3127.3469357748,2578.11996873691,2802.04475080253,3612.67321922424,2456.61288560082,2325.68021400192,2790.44578727127,2647.38209312521,2366.15961866481,3261.96077845826,2357.65764461255,2641.71087774571,2284.23428257699,2803.08299978791,3086.82079185041,2542.51382285328,3009.5403416801,3385.08649492151,2722.87678511166,3213.13307457068,3197.06824310962,2836.90609756474
2429.68507257628,3384.85606770805,3112.98489132215,3766.96362187107,3821.37654254328,3039.97501419008,2727.34522438946,2238.28304224466,1794.76471814553,1e+09,1737.32906839781,1983.14489316842,2914.46377222295,2747.66027277755,2999.14644120623,2665.80137472768,2387.53297866229,2516.9838616487,2202.0244717305,2491.56815521872,2061.16419244077,1919.33285276421,2473.84954657716,1632.36213178939,2236.82342787713,2805.99174758231,2884.95465579617,2198.06348768638,2909.23917665771,1922.88558728802,2520.15212132125,2558.47609410368,2474.92934800168,2316.21690320661,2299.45125340808,3101.70982704701,2705.30104812755,2344.99024051274,2491.62285260029,2308.78278330812,2193.96684835938,3354.01597382899,2165.14286487058,2528.80078434423,2611.75346512645,3016.46967533241,3049.12580040575,2711.65670476556,3163.0446204725,3184.63929646671,2771.50050499725,2674.83995102511,2700.67140492878,2650.65990072284
2602.7794318382,3420.81738404727,2994.39823886203,3949.64257985454,3955.08068352594,3247.84384396787,3319.44567416007,2815.60163302624,1791.67894171919,1737.32906839781,1e+09,2109.89776178847,2878.35676282493,2706.29209641162,3373.30288635634,2778.54585317572,2666.59367757819,2730.3185370026,2630.9812235742,3011.21903603839,2187.84306157914,2280.24202548765,2226.54395056554,2050.40919662393,2845.9576160934,3164.3762293381,3196.88351322034,2586.2974406282,3231.89967420092,2603.47587691916,2217.42777679455,2690.29715447941,2734.27371960088,2972.38565741392,2665.58687074723,3513.33553582632,2841.44987045346,2434.22760969471,2804.66769669777,2538.81089189408,2240.57195345296,3146.45178348565,2514.06719301613,2541.23185254711,2632.7900232453,2723.59673165834,2995.53602765849,2528.82634666756,3159.78639458429,3432.23029788212,2626.83277318904,2897.0332889872,3058.78934019654,2672.47259652929
2125.65506406849,3815.82263060012,3218.30115668189,3931.84519636773,4129.52521195839,3595.27803216942,3235.07096164829,2758.24022469037,2187.18659057704,1983.14489316842,2109.89776178847,1e+09,2395.79741887748,2618.98187273223,3309.52964100641,2892.67196543265,2689.79455890222,3349.76694605759,2206.97699376319,2238.05656881143,2503.01216059771,1885.39770276724,1961.9516681101,2296.74785372709,2876.94708011809,3301.25117163175,3162.8550248312,2744.94526495521,3094.7486294528,2918.16765167802,2402.90465451711,2455.13529443899,1962.82172738637,2826.80482792852,2966.11454150038,3115.81788506646,2783.484566564,2068.65873468777,2525.50798500025,2230.88562656179,2121.73758071068,3256.44410601503,2213.60603220176,2530.03116561832,2252.25865035524,3061.50314170997,3121.43398168214,2234.07225084598,3175.76297424729,3393.2783997338,2591.94762387283,2171.07064640928,2298.86199057273,2190.27560768046
2361.07250094104,4265.22955781984,3750.66906604675,4825.16462259061,4793.74007905101,4060.60553650561,3634.54003623567,3744.10493608286,2856.44392528542,2914.46377222295,2878.35676282493,2395.79741887748,1e+09,3011.09274051797,3660.6967690045,3395.90142449689,2833.47080680215,3354.94940608648,2119.57656986012,2999.39475399621,2763.16287684964,2620.78240483639,2621.35860661986,2852.13007524201,3679.95318914521,3139.29434075558,3237.25375316795,2953.54567147691,3474.79194988707,2925.06377161251,2742.35248106439,2216.09388774483,2472.96448166972,3193.24448899548,3127.05416227478,3772.48862063227,3160.74810812251,2645.75487093948,2608.66125482018,2691.65307929904,2631.03244732937,3597.11836912549,2718.9901718285,2644.67115439708,2444.57385525576,3344.78064162659,3040.98001928655,2720.24226371476,3704.91856251929,3501.4422917992,2759.56380694486,2837.68191215999,3057.0303550014,2783.09881012155
2233.89526578575,4489.93123235757,4626.54307218684,5254.82553932098,5329.2014583519,3883.3526488976,2608.10712544558,2909.92696018302,2704.74610765965,2747.66027277755,2706.29209641162,2618.98187273223,3011.09274051797,1e+09,3571.09861513232,2791.46246482019,2615.45358372119,3468.72029523858,2919.95237493696,2750.14008390482,2402.91256578345,2462.38903016969,2864.41924911491,2389.67778696208,3247.24571387815,3212.70625496636,3264.55784114786,1872.40166254466,2672.04975773282,2647.76354699584,2834.32870990646,2972.94060470437,2927.18061332061,2574.97876944646,2143.10531803736,2470.90309328391,2515.21731578009,1580.23071204809,2347.88546658477,1836.07146034679,1517.29918233023,2678.28394187398,2105.31498049579,2608.62605658611,2691.08953061766,2830.23426563951,2272.66052816957,2045.75177499618,2533.89349300637,2527.45862023496,2310.04294349694,2452.03366408375,2818.1066637372,2288.97197320107
3286.6504335113,3476.35246220805,3356.2628925339,3782.98954805588,3796.85611200899,4216.67634599811,3877.1161043487,3285.27218914963,3978.82925782195,2999.14644120623,3373.30288635634,3309.52964100641,3660.6967690045,3571.09861513232,1e+09,3951.53597064483,3488.66230859337,3848.31560693766,3770.48869926698,3479.92357420389,2716.32395126207,3703.78411815538,4267.07391427662,3041.69159490242,3201.87454271713,2593.56785673712,4220.52868029587,3774.38637424681,3913.52197855078,3061.01014010081,3481.95598702798,3423.30554737669,3299.77340749331,3856.33430408983,2961.69773771734,3024.35404918141,3822.98123738529,3764.46678844428,2660.53568955577,2787.75111971998,2867.13572934732,3249.66802053687,2788.44314604046,3044.44864077225,3439.83041177905,3717.15804057347,3225.19120582021,3383.96611574348,3503.15771190793,3355.89907830972,2786.36742060339,2272.92205453685,2637.19052152096,2243.09199586196
3051.98587057673,4075.77951378629,4125.03937247876,4730.24633861705,4965.53740451122,3561.4086539458,3490.72047693596,3262.61387566779,2207.58142182797,2665.80137472768,2778.54585317572,2892.67196543265,3395.90142449689,2791.46246482019,3951.53597064483,1e+09,2523.96145348934,3238.2189072853,2534.79958663402,3473.38404962653,3020.88343484154,3062.77838039255,2824.23621929895,2657.78866797193,3228.17492094217,3162.95622359842,2868.96999208775,3007.08584596449,3439.69174812221,3227.73651478865,2848.88371726541,2566.63996396066,3698.85247417358,3483.54754806074,3378.14695643928,3417.37192633462,3514.1196276308,2878.25795553491,2905.64439574081,3021.63040817371,2706.33084666306,3547.35704399769,3073.88139234421,2794.16668887166,2746.4403137334,2713.0481587506,3068.84064568364,2666.60505467158,3538.99875959289,3562.60473492359,2927.83064679295,3437.09733055379,3797.50926278001,3216.38258159691
2546.46095538494,2797.54628285217,3147.21506300412,3850.16715874779,4075.35472246282,2711.7855344588,3086.47411021055,3481.9831728772,2194.43981587557,2387.53297866229,2666.59367757819,2689.79455890222,2833.47080680215,2615.45358372119,3488.66230859337,2523.96145348934,1e+09,2795.87516799302,2357.46882170263,2946.38915269182,2866.53330278928,3123.0841788687,2511.71910449795,1714.55757777334,2165.62307849265,2024.02534680275,2541.71109743023,2794.03059619969,3465.73132039978,2630.51843369325,2392.07515015729,2849.46944305427,3380.70628594085,3338.0889846887,2911.84872828243,3615.53980556154,2563.17012747886,2698.9191337089,2746.83155584757,2793.02594239653,2683.37450936316,3703.19789928921,2736.28087953339,3133.02372443938,3035.14138052909,3383.14364217661,3107.42239212824,3238.22087602128,3359.6660473178,3241.46681217007,2998.56003308255,3124.9523359245,2974.04587432676,2811.72314887152
3188.75266477348,3169.71185367061,3747.23638635195,4415.2895501541,4049.27039989922,3315.82422819727,4219.19149899599,3519.21479389934,2458.32254517181,2516.9838616487,2730.3185370026,3349.76694605759,3354.94940608648,3468.72029523858,3848.31560693766,3238.2189072853,2795.87516799302,1e+09,2739.44958079173,3683.77491992928,2783.61454788554,2997.17061738233,3761.58254668165,2339.22339773268,2919.62079974438,2606.19877421121,2543.27324729373,3146.36402997174,4124.94958342523,2798.49643558823,2376.83949533829,2698.27366163998,3650.58788397157,2995.23758121121,3043.36980362229,4376.63447509613,3401.1648256443,3090.89050949722,2915.02231782194,3262.71446297404,3027.25552177215,3788.45586983668,2972.59595786242,3359.37453188834,3467.62199941112,4046.6464804329,3972.74469483001,3267.09626508005,3547.9141308521,3662.46793050806,3410.75157286484,3932.50717077541,3368.88215578996,3364.64218589436
2252.2602287036,3979.53336583575,3725.69502980317,4531.54748356453,4609.53066845205,3529.60870848314,3246.15866317406,3252.34225614402,1839.85594615448,2202.0244717305,2630.9812235742,2206.97699376319,2119.57656986012,2919.95237493696,3770.48869926698,2534.79958663402,2357.46882170263,2739.44958079173,1e+09,2965.76739998268,2543.80342387143,2087.74035167211,2348.63297230538,2294.88966436297,3085.65697623699,2828.76192031072,2520.96671963356,2608.40301721187,3339.19825136214,2635.27598670424,2040.24202507938,1969.74475539345,2733.65157189061,2747.35843733576,2916.35738497531,3694.7015203261,2531.18160527845,2336.07230080749,2506.11814108992,2384.43314265676,2704.44004296638,3464.02748756415,2502.36115283146,2443.9008411963,2146.46399273317,2972.24353583282,2981.45741096532,2301.99286606193,3162.09408319866,3204.2804055669,2703.36253456691,3090.10603030058,2952.51644786274,2782.1392544587
3062.5329437575,4394.95095353748,4285.65533428669,4886.28048376268,5232.22468848577,4121.11850688621,3283.03378826658,2424.29238927568,3179.49837458678,2491.56815521872,3011.21903603839,2238.05656881143,2999.39475399621,2750.14008390482,3479.92357420389,3473.38404962653,2946.38915269182,3683.77491992928,2965.76739998268,1e+09,2655.1499931454,2654.32123176529,2830.42440252341,2491.18442436525,3150.03704270283,3570.44902755942,2878.6026796868,2276.99966398768,2633.36380128155,2870.8778734213,3089.28832916256,3159.05742540398,1889.95322563814,2879.64950967995,2620.06560309088,3278.11420592694,3070.04326339223,2162.14970286518,2490.57518270379,2219.40913042188,2464.2486379422,3551.79742575502,2580.86931048436,2970.23971046109,2949.89776529628,3500.8418924453,2835.73111225306,2700.74443526225,3127.34747867902,2554.421864356,3104.76146312402,2880.06613741768,2585.74040052361,2685.04460242284
2364.28507754458,3898.0598988856,3925.17299753782,4707.52818144512,4549.40027466259,3769.6927606504,3435.63392828747,2007.23135567378,2490.53652715635,2061.16419244077,2187.84306157914,2503.01216059771,2763.16287684964,2402.91256578345,2716.32395126207,3020.88343484154,2866.53330278928,2783.61454788554,2543.80342387143,2655.1499931454,1e+09,2180.96787594407,2787.78767360429,2462.16159341746,3133.28640218222,2884.77109363984,3460.26670619477,1974.00954402455,2856.24134813569,1813.81888423293,2133.31632042695,2338.5069051213,2120.12977649954,2349.01819326714,1723.65523983191,3263.74619451329,2492.32091866196,2252.40037886251,1555.74334412846,2035.21807035512,2096.11362833698,2311.26836289082,1924.75075931924,1423.18185426178,2118.92461692246,2823.0162722875,2254.02204419123,2144.62063733892,2152.87416192865,2422.7922043378,2055.11908058876,2420.43566218976,2571.22246353753,2017.05082724754
2259.04904656805,4579.36790498427,4221.24912559067,5026.34603056734,5008.91480478556,4193.99354429641,3151.00296929406,2496.16344430808,1953.54049054531,1919.33285276421,2280.24202548765,1885.39770276724,2620.78240483639,2462.38903016969,3703.78411815538,3062.77838039255,3123.0841788687,2997.17061738233,2087.74035167211,2654.32123176529,2180.96787594407,1e+09,2313.01621511826,2540.25639320129,3477.60720734818,3648.18295040147,3448.81244658216,1932.78143404783,2717.69335490596,2339.31768682665,2479.90640345558,2496.32412202422,2192.04069052105,1831.877670097,2348.23238754174,3228.90530079468,2513.20118002917,1797.72822267438,2376.65817998719,1861.69768576963,1824.21864988822,2897.00735339074,2049.71244095361,2224.20274700847,2238.3100770224,3162.65104908841,3057.94097667041,2046.1739378655,2881.8231737218,3134.12257113534,2452.23883891843,2658.63406141199,2665.56163607222,2595.79667189092
2645.66941430709,4218.89232633401,3829.31352870198,4633.95447029856,4839.32901648565,3739.53974098418,3480.34269595682,3198.22876778694,2077.48599249189,2473.84954657716,2226.54395056554,1961.9516681101,2621.35860661986,2864.41924911491,4267.07391427662,2824.23621929895,2511.71910449795,3761.58254668165,2348.63297230538,2830.42440252341,2787.78767360429,2313.01621511826,1e+09,2797.54281465003,3337.95580213399,3772.75688397755,3530.4721332564,2618.52958887235,3147.02732592204,3040.05246726105,2695.02584805786,3028.20191717791,2664.54588887112,3254.62554196331,3298.90283993027,4035.59684603158,2588.82391125777,2344.36934082495,3047.38031947114,2945.9408809411,2813.59186414803,3554.91389963245,2976.13404220979,2640.77299812006,2503.65064745463,2949.83413979498,3127.92064215191,2842.98457079879,3432.20702373852,3677.04498358396,2989.24668555474,3144.487549872,3328.38411778148,3074.73838191154
2358.17112457938,2813.35404323736,3042.32135789433,3760.14324344167,4004.62887788619,2978.39103816138,2777.3982811437,2802.05500458146,2079.63966205687,1632.36213178939,2050.40919662393,2296.74785372709,2852.13007524201,2389.67778696208,3041.69159490242,2657.78866797193,1714.55757777334,2339.22339773268,2294.88966436297,2491.18442436525,2462.16159341746,2540.25639320129,2797.54281465003,1e+09,1724.98666702094,2191.25661924842,2203.07044220107,2507.44368869971,3187.31279505166,2443.12216078116,2126.40592006794,2755.64193748027,2950.8417285412,2723.57963698512,2178.72414001865,3015.49154803989,2658.11929151045,2209.37844621513,2370.20685390537,2089.34602002636,2072.85934645841,3489.6381182008,2346.0394319363,2892.13719816332,2926.22871465988,3075.60433425693,2969.95651719011,2675.58701772153,3036.02365521088,2787.12253342045,2727.06079758043,2660.33107189688,2328.27305866387,2478.73434881594
3248.66424941083,2350.19129089528,2931.19430906585,3210.12018899604,3325.93185312027,2727.8558071863,3619.85496360006,3431.57271633576,2929.52989184272,2236.82342787713,2845.9576160934,2876.94708011809,3679.95318914521,3247.24571387815,3201.87454271713,3228.17492094217,2165.62307849265,2919.62079974438,3085.65697623699,3150.03704270283,3133.28640218222,3477.60720734818,3337.95580213399,1724.98666702094,1e+09,2532.27326629651,2881.86274549986,3504.81790091868,4247.80193086966,3241.75446048895,2930.73037185272,3502.37401823392,3616.44245742968,3740.37464134276,3287.92029491288,3835.47441280737,3594.58711096282,3288.82727263078,3311.74684649959,3129.18232265236,3056.22572703654,4162.5420536254,3165.4613121313,3469.46415784916,3569.31261991717,3728.77473169136,3659.17420798737,3484.79487112226,3630.32959872792,3537.27972050558,3621.08336735016,3184.39494354893,2685.52362065576,2940.75669187371
2823.86912104651,2367.79378730497,2978.97746337565,3470.67289167389,3509.51161391439,2632.76247603159,3509.74961430299,3921.05410226638,3086.26367172346,2805.99174758231,3164.3762293381,3301.25117163175,3139.29434075558,3212.70625496636,2593.56785673712,3162.95622359842,2024.02534680275,2606.19877421121,2828.76192031072,3570.44902755942,2884.77109363984,3648.18295040147,3772.75688397755,2191.25661924842,2532.27326629651,1e+09,2650.68233568265,3424.98213104828,3967.32325886107,2814.34702179742,2626.50605761723,2787.14947008588,3695.06862108135,3770.80512023626,3039.27437604768,3643.9598587114,3022.62678875511,3270.75420718219,2579.39164061994,3045.88212201326,2994.92178699211,3614.82099332733,2824.74043288937,3305.05233199113,3401.57383349237,3565.13613620855,3251.65079087531,3368.97672140963,3491.89945714363,3317.0321972661,2844.00059716942,2989.1379912443,2783.35321231424,2634.20525536641
3245.32380392158,3641.7137580403,4016.60180408763,4492.90979547776,4798.18967794105,2960.78861249837,3538.44206720981,3831.49989568054,2866.39386771951,2884.95465579617,3196.88351322034,3162.8550248312,3237.25375316795,3264.55784114786,4220.52868029587,2868.96999208775,2541.71109743023,2543.27324729373,2520.96671963356,2878.6026796868,3460.26670619477,3448.81244658216,3530.4721332564,2203.07044220107,2881.86274549986,2650.68233568265,1e+09,3108.80118446002,3755.16291848969,3402.36595168715,2760.09470073039,2924.09761022097,3619.49704301578,3667.62829194835,3422.90990725727,4106.71566848741,3472.25859402781,2808.04097030296,3167.13741706924,3175.15846525807,3220.10045372811,4254.80583055208,3239.31208093632,3732.79779335822,3479.78097793525,3640.98852640324,3544.53691806137,3036.95057432616,3750.9867958312,3288.985875859,3620.73558841294,3887.37140443256,3313.82011838301,3469.68956229516
2504.27201485781,4752.39655047851,4702.52064128378,5415.60458584266,5488.03901584163,3839.91814839848,2465.96148710802,2232.41449545106,2332.07179923775,2198.06348768638,2586.2974406282,2744.94526495521,2953.54567147691,1872.40166254466,3774.38637424681,3007.08584596449,2794.03059619969,3146.36402997174,2608.40301721187,2276.99966398768,1974.00954402455,1932.78143404783,2618.52958887235,2507.44368869971,3504.81790091868,3424.98213104828,3108.80118446002,1e+09,2052.48086488035,1819.57560917374,2749.2599760481,2818.02521557207,2584.21674417995,1815.78542284049,1698.97278898162,3098.87185054497,2155.01314986707,1625.80245731147,2226.74793609425,2044.64722810562,1976.47403534678,2716.36389948033,1918.80626333145,2469.62943876202,2442.88299734146,2863.04309679404,2274.4125872849,2269.33850383763,2382.46161849462,2261.34338518059,2572.30942592449,2975.24748834446,3038.01238027431,2686.89638776787
2678.35555740831,5165.07895307516,5093.06521733229,5480.65520514655,6007.89376243455,4691.22994807332,2960.21949209852,2528.85515939526,3280.22487404446,2909.23917665771,3231.89967420092,3094.7486294528,3474.79194988707,2672.04975773282,3913.52197855078,3439.69174812221,3465.73132039978,4124.94958342523,3339.19825136214,2633.36380128155,2856.24134813569,2717.69335490596,3147.02732592204,3187.31279505166,4247.80193086966,3967.32325886107,3755.16291848969,2052.48086488035,1e+09,2103.84755369775,3361.67170651746,3350.68990034888,2639.22275672214,2775.80650919692,2084.11386848224,2593.49983069211,2872.06571540416,2392.80811648155,2846.52497554474,2607.48622264817,2401.3716128288,2760.85108919333,2250.98731953336,2935.70441388434,2766.07348170651,3329.07665447944,2819.54968448864,2851.24306769872,2957.86068341631,2598.13022341067,2735.53007722452,2847.03112986142,3228.12985315027,3327.63359168344
2305.98795228856,4019.34800121861,4062.54749820848,4624.33731378886,4740.55582953096,3672.28393794652,2948.33574970694,2416.01234529131,2482.71558848371,1922.88558728802,2603.47587691916,2918.16765167802,2925.06377161251,2647.76354699584,3061.01014010081,3227.73651478865,2630.51843369325,2798.49643558823,2635.27598670424,2870.8778734213,1813.81888423293,2339.31768682665,3040.05246726105,2443.12216078116,3241.75446048895,2814.34702179742,3402.36595168715,1819.57560917374,2103.84755369775,1e+09,2542.73538241792,2527.72551830692,2528.06807246166,2204.13722891747,1472.46431875275,2923.81903075413,2406.90344941379,2506.20660471159,2324.65542586423,2405.06464713529,2184.29415901339,2554.64368668118,1641.83141561489,2340.04885220373,2396.89600083108,3257.68928914346,2662.22821322666,2844.9637187669,2589.7569560675,2508.47453903762,2424.54436239059,2639.77325609606,2762.06270243816,2752.92605231234
2446.55829399179,3372.34565975969,3419.22089222092,4248.41753970817,4429.18636524814,3364.90023089838,3821.39773582913,3123.84017276813,1849.09791847268,2520.15212132125,2217.42777679455,2402.90465451711,2742.35248106439,2834.32870990646,3481.95598702798,2848.88371726541,2392.07515015729,2376.83949533829,2040.24202507938,3089.28832916256,2133.31632042695,2479.90640345558,2695.02584805786,2126.40592006794,2930.73037185272,2626.50605761723,2760.09470073039,2749.2599760481,3361.67170651746,2542.73538241792,1e+09,2003.39616299423,2856.27408037114,3001.38446489283,2472.32422800894,3641.04347364873,2465.70024094576,2439.26909727074,2338.03534434362,2425.51915731457,2378.10204265923,2636.83525293106,2112.18296023332,2272.6696871961,1994.7990885801,2879.16716339986,2760.59741920114,2134.77320619779,2174.25739315749,2589.58098649183,2256.49907560362,2792.77093668636,2313.60834438329,2226.37994549448
2799.64502742758,4080.06915044341,3766.12860867762,4717.40937133932,4712.48778158628,3596.86109576114,3857.9235279746,3442.04796295752,2181.24984602865,2558.47609410368,2690.29715447941,2455.13529443899,2216.09388774483,2972.94060470437,3423.30554737669,2566.63996396066,2849.46944305427,2698.27366163998,1969.74475539345,3159.05742540398,2338.5069051213,2496.32412202422,3028.20191717791,2755.64193748027,3502.37401823392,2787.14947008588,2924.09761022097,2818.02521557207,3350.68990034888,2527.72551830692,2003.39616299423,1e+09,2600.23682592567,2859.97867541001,2925.2005061021,3288.38085773227,3001.07914569076,2572.61950871092,2409.40487317927,2629.72075220925,2361.72125747303,2806.54147583819,2189.89727868683,2304.6085850747,1926.56500349716,2812.79811143637,2654.01033034915,2212.94071696465,2969.53136777506,3014.97185146064,2208.36089647956,2878.46987111208,3025.72672181412,2478.58108271648
2765.81677019646,4495.79445398697,4210.1698738412,4842.96652527147,4994.35255672845,4419.14535050614,3870.23322904447,2644.88714851882,3127.3469357748,2474.92934800168,2734.27371960088,1962.82172738637,2472.96448166972,2927.18061332061,3299.77340749331,3698.85247417358,3380.70628594085,3650.58788397157,2733.65157189061,1889.95322563814,2120.12977649954,2192.04069052105,2664.54588887112,2950.8417285412,3616.44245742968,3695.06862108135,3619.49704301578,2584.21674417995,2639.22275672214,2528.06807246166,2856.27408037114,2600.23682592567,1e+09,2801.06142255039,2590.93823403801,3280.76905481017,2939.66777636521,2198.17916619642,2324.28122902544,2320.81152929315,2384.085823602,3008.21685337012,2339.45453319786,2175.25952950447,2410.719476256,3386.82534675173,2804.50357170391,2524.88071973707,3081.84384583321,2968.02604715659,2492.90133326612,2423.25387749612,2557.39707609124,2542.47608903211
2727.31617393363,4892.68934536008,4857.10881913304,5635.75941349522,5470.78252804843,4579.71716045871,3220.35436349791,2254.73382351443,2578.11996873691,2316.21690320661,2972.38565741392,2826.80482792852,3193.24448899548,2574.97876944646,3856.33430408983,3483.54754806074,3338.0889846887,2995.23758121121,2747.35843733576,2879.64950967995,2349.01819326714,1831.877670097,3254.62554196331,2723.57963698512,3740.37464134276,3770.80512023626,3667.62829194835,1815.78542284049,2775.80650919692,2204.13722891747,3001.38446489283,2859.97867541001,2801.06142255039,1e+09,2004.35685522813,3160.75339653381,2513.31606633547,1971.56290739099,2433.31708149596,2308.36379112999,2289.20491891836,3004.17518570406,2158.22593261225,2999.93860660514,2940.46581852264,3524.96850588768,3285.78413040175,2664.46191089308,2800.47435642607,2873.42941070422,2931.11369880119,3267.86844415439,3226.61310062115,2995.85476800862
2322.81940901569,4261.51992212872,4424.87824738715,5030.43411793654,5209.55045706441,4184.65833803669,2879.27462997193,2041.99880357458,2802.04475080253,2299.45125340808,2665.58687074723,2966.11454150038,3127.05416227478,2143.10531803736,2961.69773771734,3378.14695643928,2911.84872828243,3043.36980362229,2916.35738497531,2620.06560309088,1723.65523983191,2348.23238754174,3298.90283993027,2178.72414001865,3287.92029491288,3039.27437604768,3422.90990725727,1698.97278898162,2084.11386848224,1472.46431875275,2472.32422800894,2925.2005061021,2590.93823403801,2004.35685522813,1e+09,2513.27652728465,2394.00307781757,2109.3319665477,1881.20527518929,1775.97543116452,1767.16565525137,2311.4386088538,1611.26979699242,2302.14779210632,2526.59321146084,3039.50116749443,2338.85758585255,2409.31067633462,2029.26592882747,1769.11571707449,2171.66299259346,2371.41931024439,2405.84352213522,2382.02652481033
2993.87404519629,4927.20860298202,4707.10983933879,5080.67029324872,5550.40741410034,4676.7470427745,2920.28349997051,3191.82835785385,3612.67321922424,3101.70982704701,3513.33553582632,3115.81788506646,3772.48862063227,2470.90309328391,3024.35404918141,3417.37192633462,3615.53980556154,4376.63447509613,3694.7015203261,3278.11420592694,3263.74619451329,3228.90530079468,4035.59684603158,3015.49154803989,3835.47441280737,3643.9598587114,4106.71566848741,3098.87185054497,2593.49983069211,2923.81903075413,3641.04347364873,3288.38085773227,3280.76905481017,3160.75339653381,2513.27652728465,1e+09,3530.79464174851,2895.39509012155,3001.34950513931,2385.94053364706,2017.98032297146,2894.25939713427,2244.71215698138,3250.53458589506,3068.81959795619,3176.77291763198,2800.01275459595,2853.10703130815,3202.56115646524,2883.59935195582,2527.99045532217,2104.11881152182,2999.81558793203,2725.89717397777
2555.37890339182,4257.70725307647,4314.51380185531,4892.06661245531,5001.16008445041,3676.17855903382,3106.02583614496,3255.4199018867,2456.61288560082,2705.30104812755,2841.44987045346,2783.484566564,3160.74810812251,2515.21731578009,3822.98123738529,3514.1196276308,2563.17012747886,3401.1648256443,2531.18160527845,3070.04326339223,2492.32091866196,2513.20118002917,2588.82391125777,2658.11929151045,3594.58711096282,3022.62678875511,3472.25859402781,2155.01314986707,2872.06571540416,2406.90344941379,2465.70024094576,3001.07914569076,2939.66777636521,2513.31606633547,2394.00307781757,3530.79464174851,1e+09,1864.61050600387,2351.81805597287,2655.19305345205,2695.5393931642,2761.85892986952,2248.52741155184,2944.56074647816,2804.20245959524,2925.41171540007,2720.91298539663,2848.97067034745,2463.9387305897,2853.66715869248,2318.87066806237,2993.58251898958,2965.54462566322,2578.93955216093
2295.55088625802,4426.87449514892,4498.79535045772,5120.23477854288,5233.79189206067,3888.07594617183,2981.03509377196,2646.03731075357,2325.68021400192,2344.99024051274,2434.22760969471,2068.65873468777,2645.75487093948,1580.23071204809,3764.46678844428,2878.25795553491,2698.9191337089,3090.89050949722,2336.07230080749,2162.14970286518,2252.40037886251,1797.72822267438,2344.36934082495,2209.37844621513,3288.82727263078,3270.75420718219,2808.04097030296,1625.80245731147,2392.80811648155,2506.20660471159,2439.26909727074,2572.61950871092,2198.17916619642,1971.56290739099,2109.3319665477,2895.39509012155,1864.61050600387,1e+09,1972.79959861614,1924.72722327087,1735.19188656471,2651.15262800918,1984.61317938786,2516.27499606065,2463.24084171646,2630.11096155657,2437.82816876005,1837.8941454284,2439.01043618103,2463.4052732143,2127.80366930316,2608.01399890798,2623.21218693799,2329.27332088787
2387.15229206266,3983.30145576505,4129.90168464093,4744.51825502864,4767.74546444124,4004.41646644052,3439.62050868988,2405.23286332114,2790.44578727127,2491.62285260029,2804.66769669777,2525.50798500025,2608.66125482018,2347.88546658477,2660.53568955577,2905.64439574081,2746.83155584757,2915.02231782194,2506.11814108992,2490.57518270379,1555.74334412846,2376.65817998719,3047.38031947114,2370.20685390537,3311.74684649959,2579.39164061994,3167.13741706924,2226.74793609425,2846.52497554474,2324.65542586423,2338.03534434362,2409.40487317927,2324.28122902544,2433.31708149596,1881.20527518929,3001.34950513931,2351.81805597287,1972.79959861614,1e+09,2003.75668774929,1976.27975289431,2433.60365542543,1944.69675690067,1839.03178273242,2315.00410111948,2768.54952933842,2272.62503367802,2169.70395157957,2366.48118625524,2384.2015299886,1629.57112008037,2241.46412083709,2435.32269812442,1752.94453662972
2164.7066603584,4262.92833643729,4109.47213217221,4969.92806791004,5103.45179338455,4246.56877848458,2736.69136226576,2410.47423713675,2647.38209312521,2308.78278330812,2538.81089189408,2230.88562656179,2691.65307929904,1836.07146034679,2787.75111971998,3021.63040817371,2793.02594239653,3262.71446297404,2384.43314265676,2219.40913042188,2035.21807035512,1861.69768576963,2945.9408809411,2089.34602002636,3129.18232265236,3045.88212201326,3175.15846525807,2044.64722810562,2607.48622264817,2405.06464713529,2425.51915731457,2629.72075220925,2320.81152929315,2308.36379112999,1775.97543116452,2385.94053364706,2655.19305345205,1924.72722327087,2003.75668774929,1e+09,1386.70573929727,2681.057824106,1903.77220974569,2235.02037511965,2416.92732582095,3032.75640599439,2351.16789723746,1701.30307846662,2472.03829751887,2174.76602780621,2171.79867416388,2116.98843008175,2108.24415277263,1957.37613074238
2195.83906117912,4134.71222420618,4004.19123570541,4721.431602618,4883.79259309811,3928.61670057032,2890.63916636096,2540.5058625203,2366.15961866481,2193.96684835938,2240.57195345296,2121.73758071068,2631.03244732937,1517.29918233023,2867.13572934732,2706.33084666306,2683.37450936316,3027.25552177215,2704.44004296638,2464.2486379422,2096.11362833698,1824.21864988822,2813.59186414803,2072.85934645841,3056.22572703654,2994.92178699211,3220.10045372811,1976.47403534678,2401.3716128288,2184.29415901339,2378.10204265923,2361.72125747303,2384.085823602,2289.20491891836,1767.16565525137,2017.98032297146,2695.5393931642,1735.19188656471,1976.27975289431,1386.70573929727,1e+09,2203.25462318816,1446.55550166594,2123.00496052176,2156.33820568574,2691.93255374276,2256.74734810966,1745.72444188652,2416.8869352537,2364.17141851009,1702.12998460752,1791.74598955879,2166.38845027848,1796.89500756166
3064.47211294213,4875.76883274833,4905.44859780428,5337.75807027632,5478.87308934967,4616.3558145143,4061.07781202232,3006.86707546243,3261.96077845826,3354.01597382899,3146.45178348565,3256.44410601503,3597.11836912549,2678.28394187398,3249.66802053687,3547.35704399769,3703.19789928921,3788.45586983668,3464.02748756415,3551.79742575502,2311.26836289082,2897.00735339074,3554.91389963245,3489.6381182008,4162.5420536254,3614.82099332733,4254.80583055208,2716.36389948033,2760.85108919333,2554.64368668118,2636.83525293106,2806.54147583819,3008.21685337012,3004.17518570406,2311.4386088538,2894.25939713427,2761.85892986952,2651.15262800918,2433.60365542543,2681.057824106,2203.25462318816,1e+09,1787.65587337161,2231.51397889415,2134.86251742355,2613.61054472544,2210.17942986537,2138.88159761124,1530.79972609091,2268.47250230194,1596.79951149166,2471.95800508423,2841.65137444761,2113.95705774739
2020.23006467085,4157.96426023601,3957.08623182513,4429.48533958518,4639.22667137531,3635.11965665506,2836.92743419708,2411.95218267278,2357.65764461255,2165.14286487058,2514.06719301613,2213.60603220176,2718.9901718285,2105.31498049579,2788.44314604046,3073.88139234421,2736.28087953339,2972.59595786242,2502.36115283146,2580.86931048436,1924.75075931924,2049.71244095361,2976.13404220979,2346.0394319363,3165.4613121313,2824.74043288937,3239.31208093632,1918.80626333145,2250.98731953336,1641.83141561489,2112.18296023332,2189.89727868683,2339.45453319786,2158.22593261225,1611.26979699242,2244.71215698138,2248.52741155184,1984.61317938786,1944.69675690067,1903.77220974569,1446.55550166594,1787.65587337161,1e+09,2137.16286328394,1654.18165801099,2648.96638700834,2187.1579536467,1892.75409644254,1812.93540133122,2099.37236580365,1717.33338979361,1799.65723767055,2000.15358192815,1626.79924514367
2577.27169859912,4360.66408055012,4206.97312039191,4846.20164512374,4924.53467771322,4165.25140360099,3788.73822010706,2553.26539860235,2641.71087774571,2528.80078434423,2541.23185254711,2530.03116561832,2644.67115439708,2608.62605658611,3044.44864077225,2794.16668887166,3133.02372443938,3359.37453188834,2443.9008411963,2970.23971046109,1423.18185426178,2224.20274700847,2640.77299812006,2892.13719816332,3469.46415784916,3305.05233199113,3732.79779335822,2469.62943876202,2935.70441388434,2340.04885220373,2272.6696871961,2304.6085850747,2175.25952950447,2999.93860660514,2302.14779210632,3250.53458589506,2944.56074647816,2516.27499606065,1839.03178273242,2235.02037511965,2123.00496052176,2231.51397889415,2137.16286328394,1e+09,1455.11111173683,2476.34448469917,2029.47911223545,1942.01257570594,2364.93540994252,2677.30092938766,1712.14856274215,2224.45637833157,2708.00864169596,2080.36823495265
