1e+09,5997.50852928114,6649.97562072975,6737.01238183514,6747.9680096678,5704.68637564766,3638.36137900017,4972.37296659251,4908.66717487548,5495.29570456404,4657.94893766559,4479.97307770928,4520.47230255866,3811.93138100622,5022.40453218376,4731.87395712312,5375.60174748837,4822.21182518977,4116.35530564357,4561.09810272702,3724.02127154236,4478.79649092253,4299.1245962405,4978.20447523,5527.7103865796,5467.78130246629,4505.190036125,4199.11595900851,4594.16013424652,4761.07113521737,4962.57502850083,5077.751870267,4468.78579977828,4673.94995565849,4479.20171955897,4737.48100382471,5209.99766421253,4654.21519396128,4463.5118068736,4207.54027279597,4002.92876224397,4256.19027953404,3748.30838721949,4250.29859796932,4281.31576855761,4937.08481832144,4615.52613940166,4176.54810562503,4510.282534853,4927.2362444072,4176.72361081027,4428.8403788012,4332.95627782003,4806.72291371159
5997.50852928114,1e+09,1898.24832213807,2230.00355824828,2420.32119391208,3335.64918081923,5251.83319177218,4760.4150793497,3848.5605875314,2914.73061403623,4149.64504943495,4957.08075919689,4625.47063856209,4914.79248340151,3874.68879259999,4720.84865892776,3568.05119649368,3557.69460994054,4776.14637151124,4628.42041170635,4622.13055370573,5059.18240288883,4804.87952552403,2755.29477294173,2417.29686668808,2597.33246447196,3743.89070393354,4842.340483795,4356.07351702195,3463.9019602177,4058.50843821964,4799.49172283899,5285.32217276298,5054.14490890398,4677.38756167372,4874.02328519264,5019.32821225112,4922.67044607904,4893.95341672763,5009.94219202178,4287.22643222865,5088.76844030066,4363.23115215089,4801.07551601722,4824.83376398607,4881.3322458628,4995.88711334634,4898.23115230386,5279.31408972795,5009.88370721317,4833.00218887805,4102.13921093617,4260.68266498457,4344.27185917272
6649.97562072975,1898.24832213807,1e+09,1998.56902705411,2540.88747814617,3803.60954794259,5849.21606802997,5090.12376533223,3838.55166459955,3219.72038247112,4333.11550480714,5134.47866230838,4755.12607001118,5547.5000546192,4498.76578739103,4638.49860092681,3752.42801523227,4138.51772741159,5051.04255212723,5192.06533826376,5401.32174531383,5208.83165921111,4887.81349148062,3267.95938446303,3025.31887568897,3466.73089144514,4296.08083900897,5513.20225688302,4988.57245798836,4196.60537800494,4371.81183998122,4898.6407659166,5723.48715139643,5519.07096969227,5462.47354864076,5226.1186828946,5538.09683273957,5348.41303962213,5424.38992341074,5562.52771970621,4748.21016814757,5760.84941078137,4950.10318381345,5219.03103790349,5061.65516194061,5079.75612001206,5602.93584985586,5204.50786175792,5983.37828034464,5848.42345227327,5322.73973622607,4582.34657790089,4952.26374465254,4854.39197338863
6737.01238183514,2230.00355824828,1998.56902705411,1e+09,2032.89940919368,3829.31646108023,6102.47498172668,5478.31087746032,4643.67565242234,3838.57617668322,5060.45712625846,5587.49083857862,5598.66406202408,6025.49241842524,4845.91020037516,5318.11956148976,4484.41028624723,4730.79453929253,5630.58005293416,5590.82572485496,5844.35704919711,5894.98580306179,5536.64072283908,3929.0663095448,3292.23148795767,3824.04911106016,4587.81752810637,6021.05441784078,5496.45985809957,4818.75091489486,5082.25060894285,5720.43603296113,6189.09543868084,6191.32347555835,5943.33612997784,5728.89129476202,6030.2109894182,5905.70159509436,5839.99452856764,6163.31788323465,5351.12757474535,6155.87589059429,5304.5929126277,5732.89983257165,5545.39152865693,5559.67640073593,6036.10431055495,5733.19772401057,6299.49351640273,6261.79313230643,5786.37077387027,4906.46759332007,5157.75715673974,5229.14829761023
6747.9680096678,2420.32119391208,2540.88747814617,2032.89940919368,1e+09,3943.75476278635,6148.5187024925,5821.80641674043,4745.73620364639,3813.16708274107,5089.80733613759,5743.15952499145,5552.84560733504,6068.62475819687,4866.59298896055,5780.44352582049,4947.63397026296,4606.06108223719,5574.4189857778,5883.92433637619,5600.92474586117,6041.15380787478,5766.86247816783,4341.09625925296,3658.04904540658,3859.66319446399,5032.92536893803,5963.91026231113,5783.27784634285,4703.45489995386,5262.35379055799,5756.307258434,6268.54805456575,6061.52556136654,6005.90653665207,6090.48539936679,6162.64215638065,6150.67354336092,6010.5497262896,6217.43932492308,5511.94390785139,6074.82498250773,5421.35956385481,5752.60812425112,5678.30012348766,5845.5287025897,6135.37361982137,5928.42602722679,6379.80002402113,6567.27811587875,5928.2940190581,5196.15043929638,5465.63277454679,5241.00429819515
5704.68637564766,3335.64918081923,3803.60954794259,3829.31646108023,3943.75476278635,1e+09,3872.78411057214,4820.39620672409,3042.07313962041,3065.89475395031,3430.16803285204,4187.52340188088,4133.74363308854,4064.8876333055,4403.98053871722,3959.31950850143,2924.26693184805,3189.16610876574,3619.13108436265,4199.85709047344,4095.8737329659,4612.00363666379,3924.64406947942,3124.87599365159,2992.76434100649,2568.00865078372,2450.52634278842,3808.98167003991,4094.1518833331,3447.21069328522,3461.14825674949,3730.45692746881,4621.49646536704,4552.52253067461,4178.91528090724,4491.69285135348,4088.56501073421,4115.8670814544,4379.39795065486,4537.04991637738,3914.11748169367,4522.88103023946,3785.39279628944,4302.46477333633,3886.39216302215,3754.66537454405,3939.20861189148,4193.44467967565,4438.26628086914,4716.21196507324,4223.912215281,3936.43388726395,4143.45358127734,3779.53218905462
3638.36137900017,5251.83319177218,5849.21606802997,6102.47498172668,6148.5187024925,3872.78411057214,1e+09,4105.25216101277,3570.07736727091,4008.62763321813,3284.27912786048,3402.7483681871,3634.20656925277,2357.55583991133,4241.65556344454,3589.99039197879,3456.04098427666,3875.09777388907,2729.60859701533,3282.59782503127,3152.00591270067,3781.17477952289,3247.9623403297,3481.4445759196,4122.69322997722,4095.78458220156,3021.66940478273,2576.68129139015,3261.53617209744,3553.50409874535,3721.63825725983,3939.27236364789,3728.39790962553,3357.37861674849,2902.71734557466,3164.23910256479,3750.81921445169,3304.6256158149,3551.10344559265,2901.34836391634,2983.67496071539,3825.12331688797,3042.96674117546,3670.36785274991,3459.39293092011,3636.15049533157,3358.96102679087,3447.97708475564,3550.46458475507,4064.24913608898,3579.3607050282,3451.87760960611,3615.19532253791,3569.32051696118
4972.37296659251,4760.4150793497,5090.12376533223,5478.31087746032,5821.80641674043,4820.39620672409,4105.25216101277,1e+09,3262.36126478966,3155.3627234757,3213.12098617528,3979.2795256805,4243.58626073513,3438.70224232922,3564.8495652692,2825.92595706257,3317.37980531322,3351.26203235438,3735.29162004789,3113.86362742494,3168.12063138385,3136.41197427889,3479.44443351234,3128.40038868109,3698.04845912003,4098.04488492989,3386.8515856323,3032.61148927785,2683.38818391972,2938.58650982067,3374.53233379086,3840.2626019193,3571.95535769976,2987.21098623783,2825.80532691125,3244.38285800243,4112.91787044186,3295.34225967501,2924.13204359858,3340.99310027722,2810.19503513546,3431.91241259156,3165.19228648119,3042.6359251478,3343.76298550002,3638.34368794373,3742.46129861085,2807.01805667509,3314.51085653675,3751.03214887583,3559.8556901088,3433.44393855499,3621.55103360425,3612.45048781295
4908.66717487548,3848.5605875314,3838.55166459955,4643.67565242234,4745.73620364639,3042.07313962041,3570.07736727091,3262.36126478966,1e+09,1877.47426823911,2382.33069992392,3309.47599318986,3124.7285536667,3096.85025446824,4253.76168808268,2823.12393507618,2463.81062423637,2328.82676717269,2355.55228763872,3349.04008154576,3053.79741796996,2801.93969210617,2503.193419794,2184.928940515,3041.73229989097,3050.96435562594,2337.62834721433,2457.12751128223,2708.41508199906,2315.94481253332,2214.70385988737,2735.79104295266,3673.33145131228,2747.06050655969,3070.07011112124,3688.30951365256,3209.09559278,2871.59372498966,3378.09465116062,3305.81099101264,2534.75699038389,3426.23769754814,2731.99621976312,2986.13487575495,2469.30338557254,2878.84595701125,3204.72807819946,2740.63631376,3423.7411791051,3817.28879731414,3215.74811274142,3304.23200126747,3646.50783972831,3157.95895415061
5495.29570456404,2914.73061403623,3219.72038247112,3838.57617668322,3813.16708274107,3065.89475395031,4008.62763321813,3155.3627234757,1877.47426823911,1e+09,3069.36946155069,3704.72803085463,3610.95558150471,3634.76367406466,3864.48128587783,3500.62435552574,2548.09515407098,2556.40205746279,3088.54063824648,3281.76404534208,3310.55758776373,3375.29621984501,3231.68443100498,1773.3054172928,2024.0781465398,2617.45559557369,2780.71393958458,2939.00800090779,2818.8664627293,2038.35531377628,3031.14667419774,3538.53115334598,3940.43086206318,3058.34228094241,3310.78511436487,3960.20747784759,3659.62960403099,3392.99388432988,3678.62196599488,3659.88644381216,3056.05982189485,4087.29086846043,3222.22900745742,3387.49874640567,3306.61854275633,3667.54205351486,3728.27921576429,3566.59049067874,4068.94036751585,3977.89209127146,3860.02381579441,3358.06236956671,3733.6476639742,3387.21055719895
4657.94893766559,4149.64504943495,4333.11550480714,5060.45712625846,5089.80733613759,3430.16803285204,3284.27912786048,3213.12098617528,2382.33069992392,3069.36946155069,1e+09,2731.88524167835,2972.6470470441,2816.52576501618,3305.91148254154,2707.29795881429,2691.18617570394,2472.87608446117,2542.06888234761,3133.38085904028,2598.88241249965,2699.73405964365,2292.04471511792,2739.63705473919,3486.75674158666,3505.80219061201,2735.88993545062,2786.5912449622,3243.79966594733,3122.55096305889,2145.75286438117,2720.45522979151,2903.6505109603,3170.57688585216,2689.09054473813,3262.81559710321,3409.95070806016,2768.96726481192,2853.40159273103,2609.49865853577,2166.66203162838,3098.98375915396,2842.55975715551,2599.40558051259,2742.03623652205,2741.71605240222,3161.62739980536,2412.19617135506,3207.69572754337,4017.88574696942,2694.20947559762,2898.71255146142,3121.45245672588,2760.07894421518
4479.97307770928,4957.08075919689,5134.47866230838,5587.49083857862,5743.15952499145,4187.52340188088,3402.7483681871,3979.2795256805,3309.47599318986,3704.72803085463,2731.88524167835,1e+09,2715.85869275263,2964.7334694876,3443.61701425986,3609.44629641445,3204.903632779,3454.76034830204,2152.56510760999,2522.46177471533,2875.7262464115,2284.17588383644,2125.73470386123,3329.20966762383,3854.04733425785,4121.68515333231,3433.28474178883,3159.58137685992,3508.32250839343,3895.94914715272,2955.75126103331,2705.97751513201,1912.1113749204,2974.8140655846,3254.93975610917,3283.33343853469,2866.57093107776,2233.09233295446,2765.6034109937,2095.54984641263,2443.942342896,3511.74308687296,2415.43437101901,2837.54858691442,2599.60605844424,3376.61786862239,3448.48066259621,2757.5701833317,3505.85712030596,3602.50506359117,2631.42323386034,2198.11872647953,2462.34798546022,2372.88505537036
4520.47230255866,4625.47063856209,4755.12607001118,5598.66406202408,5552.84560733504,4133.74363308854,3634.20656925277,4243.58626073513,3124.7285536667,3610.95558150471,2972.6470470441,2715.85869275263,1e+09,3021.41950501747,3558.85892590589,3468.55251006814,2773.10182200366,3108.0280499056,1806.7314959617,3029.5643147324,2933.13909208207,2903.96474370816,2463.97801796201,3203.60542492361,3971.02751522827,3374.77926741883,3029.81287102026,2991.29541439825,3176.49692578161,3073.15326471037,2656.10960502386,2257.82453786826,2600.74946892237,3219.29171769195,3120.36200196388,3552.1599619668,3364.20090287426,2823.6346173859,2785.00623853879,2678.66059511092,2520.23296843764,3423.23741131111,2743.45508013162,2542.5297510747,2351.13508435819,3329.55816214404,3093.24054934304,2820.0368461068,3724.92951726607,3784.79150966074,2683.0509967386,2637.14978427468,3072.03605468751,2728.81676222498
3811.93138100622,4914.79248340151,5547.5000546192,6025.49241842524,6068.62475819687,4064.8876333055,2357.55583991133,3438.70224232922,3096.85025446824,3634.76367406466,2816.52576501618,2964.7334694876,3021.41950501747,1e+09,3501.50852265134,3002.340120939,2923.30847754731,3257.73058611359,2563.70553944871,2621.73442106557,2316.68511839654,2817.84430488982,2792.18052136677,2886.52972143022,3698.36496946962,3605.08367637979,2825.15717111456,1895.45614765945,2486.04176042962,2939.6132862164,2839.8962917332,3113.08139349102,2876.61647662666,2683.81887747665,2171.89856254844,2322.73061040234,2973.86648277962,2030.86641087,2537.72048586916,1735.43832454513,1513.52515482895,2476.06063284,2057.32825674465,2472.94688163737,2592.49125155708,2846.91401194346,2218.07384092595,1985.9618232232,2445.88131267648,2845.72004685985,2257.94146274876,2437.49742830634,2809.58364289088,2396.68794061722
5022.40453218376,3874.68879259999,4498.76578739103,4845.91020037516,4866.59298896055,4403.98053871722,4241.65556344454,3564.8495652692,4253.76168808268,3864.48128587783,3305.91148254154,3443.61701425986,3558.85892590589,3501.50852265134,1e+09,3620.83027704973,3357.39620683946,3285.62459826134,3746.94295211443,3419.80846843796,3026.79373469683,3687.71637716351,4142.05427785537,3174.61042833605,3322.86568040299,3266.10584606501,3879.61539693047,3996.90289145233,3926.84689497821,3472.78894234879,3311.5632865763,3350.17588160682,3310.99699788447,3766.18398319838,3085.92915796847,2659.71890005316,4137.10399151387,3589.3926010399,2647.93491347503,2945.13643970869,2720.69302750237,3344.23985636497,2880.50663821488,3004.90877492146,3551.17169883406,3703.15423127366,3656.42792717155,3273.08822125222,3597.05064519531,3698.45251691839,2839.64000728966,2214.00475193709,2586.84247862138,2456.16304501554
4731.87395712312,4720.84865892776,4638.49860092681,5318.11956148976,5780.44352582049,3959.31950850143,3589.99039197879,2825.92595706257,2823.12393507618,3500.62435552574,2707.29795881429,3609.44629641445,3468.55251006814,3002.340120939,3620.83027704973,1e+09,2829.57687577136,3428.96076117823,3195.56745752613,3409.09958247042,3370.24306298522,3044.80625961653,2941.18998425807,3031.28504352527,3743.13402680161,3962.53983673351,2957.4680211796,3233.7654623519,3018.07642033796,3211.71782815676,2936.50742941338,2950.02742944875,3731.77315634271,3681.67894951475,3414.55304741338,2695.91952956686,4101.66615533249,3149.97666108814,3099.32798880661,3355.43023549887,2618.87644448912,3558.58935943725,3059.66922682829,2702.48264238644,2805.68793307452,2577.1244214046,3295.30630385098,2405.05946232105,3600.47803191465,3997.41806593956,3084.50588010462,3204.54375691767,3804.00723558723,3489.0812836476
5375.60174748837,3568.05119649368,3752.42801523227,4484.41028624723,4947.63397026296,2924.26693184805,3456.04098427666,3317.37980531322,2463.81062423637,2548.09515407098,2691.18617570394,3204.903632779,2773.10182200366,2923.30847754731,3357.39620683946,2829.57687577136,1e+09,2612.95774531469,2864.79953447008,2884.80335088893,3521.56154733948,3074.24828166171,2793.58584643465,1703.06162360615,2529.19493363007,2366.27229037573,2088.62799387541,2895.88419899691,2699.24310018568,2580.47639396294,2525.34342070539,2771.64749320688,3410.17839974685,3069.90152812757,2828.04299081538,2913.46239405969,2840.34454545571,2437.63404741155,2918.22421371285,3033.13370424055,2441.23190221658,3829.79689014966,2789.67262389335,3336.91181170555,3091.50551907966,3100.70120764643,3243.05239018737,3013.95630316699,3684.78544270898,3435.30352330038,3151.21193141623,2671.66811765608,3099.18088292697,2866.69529957406
4822.21182518977,3557.69460994054,4138.51772741159,4730.79453929253,4606.06108223719,3189.16610876574,3875.09777388907,3351.26203235438,2328.82676717269,2556.40205746279,2472.87608446117,3454.76034830204,3108.0280499056,3257.73058611359,3285.62459826134,3428.96076117823,2612.95774531469,1e+09,2777.47218511725,3368.564280209,2561.98603780349,2763.38677041416,3365.02271264252,2379.55036920844,3095.15152257527,2706.17397892301,2595.60499082584,2639.41400272864,3041.44056412418,1921.6760639088,2229.74916057838,2632.5270932319,3337.51904358612,2604.55793093569,2505.93223593536,3670.61709343266,3170.15318038419,2960.13469073622,2848.39973158614,3093.09978403543,2422.48841772257,3153.80264902546,2259.92515780944,2870.02993763131,2897.4921094802,3586.99286875511,3496.0092141612,3064.0090329175,3264.58010166698,3479.79686734729,2947.44794490081,3131.20711747083,3087.61912607433,2964.29422095716
4116.35530564357,4776.14637151124,5051.04255212723,5630.58005293416,5574.4189857778,3619.13108436265,2729.60859701533,3735.29162004789,2355.55228763872,3088.54063824648,2542.06888234761,2152.56510760999,1806.7314959617,2563.70553944871,3746.94295211443,3195.56745752613,2864.79953447008,2777.47218511725,1e+09,2723.86162948855,2181.39340647211,2381.03974170949,1924.71138020743,2992.57842899731,3731.28446388104,3413.14381620523,2618.79461235508,2061.8228636088,2787.45321528452,2764.74652322776,2253.60084944073,2073.90003493418,2330.58494185473,2399.14787216211,2501.72859211386,3338.62641292793,2746.16184770672,2330.74619115853,2500.0945647315,2223.93159591297,2220.90328098727,2885.75556749008,2134.51410255355,2119.83221354899,1595.42053371517,2706.82075032685,2576.49707393585,2335.06109052847,2892.55343388847,3370.45561313304,2362.70231328452,2487.86078111296,2786.89415012483,2385.28727823296
4561.09810272702,4628.42041170635,5192.06533826376,5590.82572485496,5883.92433637619,4199.85709047344,3282.59782503127,3113.86362742494,3349.04008154576,3281.76404534208,3133.38085904028,2522.46177471533,3029.5643147324,2621.73442106557,3419.80846843796,3409.09958247042,2884.80335088893,3368.564280209,2723.86162948855,1e+09,2690.36257006375,2867.05602711213,2504.43401723823,2817.05479621892,3370.31339335083,3792.92171882047,2568.30225259801,2261.67906691025,2230.78490204681,3008.93737945807,3093.70906583021,3244.19322342243,2060.14010785675,2860.37543359259,2678.21255385005,3091.15426232662,3254.90311385762,2306.47478598835,2642.62746216715,2245.8182933844,2242.43302693748,3297.44275863888,2451.14335557919,2806.73093256194,2826.98723184241,3446.2647589528,2848.06363401522,2791.37959129532,3124.07577909051,2797.44733525048,2932.01467107516,2702.18003933861,2598.95115856378,2693.95044637053
3724.02127154236,4622.13055370573,5401.32174531383,5844.35704919711,5600.92474586117,4095.8737329659,3152.00591270067,3168.12063138385,3053.79741796996,3310.55758776373,2598.88241249965,2875.7262464115,2933.13909208207,2316.68511839654,3026.79373469683,3370.24306298522,3521.56154733948,2561.98603780349,2181.39340647211,2690.36257006375,1e+09,2790.12562204643,2862.85138753307,3195.27636549642,3821.00630373728,3426.08529454536,2991.65055233729,1911.66725135417,2786.39743091326,2600.58809320123,2662.59952831814,2652.75926727248,2278.0223143332,2407.17222352286,1963.14124514768,3297.98100696472,3172.48296742473,2631.65173839549,2041.4609856179,2028.19961239026,2003.79183097946,1991.7103349885,1979.19786514638,1647.3001654222,2184.75669940614,2894.48682964701,2218.15870297867,2241.63271074902,2298.62516032954,2831.28459691003,1999.40595282699,2595.83996317184,2782.93429613421,2299.46143235759
4478.79649092253,5059.18240288883,5208.83165921111,5894.98580306179,6041.15380787478,4612.00363666379,3781.17477952289,3136.41197427889,2801.93969210617,3375.29621984501,2699.73405964365,2284.17588383644,2903.96474370816,2817.84430488982,3687.71637716351,3044.80625961653,3074.24828166171,2763.38677041416,2381.03974170949,2867.05602711213,2790.12562204643,1e+09,2231.02577938938,2974.52852413622,3800.48527080424,4310.89846467068,3530.08870436707,2710.96701899894,3052.89127667528,3136.489915415,2712.58968950337,2770.97682153785,2432.90474589533,2124.91517574232,2872.33268417849,3234.17387688108,2718.76340603591,1803.97463241588,2582.50924466884,2221.17076261597,2110.47714512619,3324.60686477364,2231.82840890603,2412.34940798384,2635.67767206083,3383.67367608048,3628.64747403216,2378.48987866251,3285.7574033851,3384.81295800817,2607.60630207092,2714.58832982093,2803.92276944284,2986.34766360181
4299.1245962405,4804.87952552403,4887.81349148062,5536.64072283908,5766.86247816783,3924.64406947942,3247.9623403297,3479.44443351234,2503.193419794,3231.68443100498,2292.04471511792,2125.73470386123,2463.97801796201,2792.18052136677,4142.05427785537,2941.18998425807,2793.58584643465,3365.02271264252,1924.71138020743,2504.43401723823,2862.85138753307,2231.02577938938,1e+09,3005.59467909431,3709.43042327255,4016.88840367765,2752.19569631231,2508.84453009747,2899.66539357561,3415.82934564946,2824.59919264663,2927.26403882533,2444.17412847367,2989.86226431921,3242.023560849,3752.17511686222,2842.32670921202,2099.30279643028,2967.92368801827,2659.07585608233,2535.6279100846,3515.65297593491,2811.18470526218,2643.58519524149,2430.19516695676,2715.95408354044,3041.52762139357,2430.53807380177,3487.23663688027,3651.6977168435,2847.06702023328,2942.61167732,3213.00789798282,3043.7208785958
4978.20447523,2755.29477294173,3267.95938446303,3929.0663095448,4341.09625925296,3124.87599365159,3481.4445759196,3128.40038868109,2184.928940515,1773.3054172928,2739.63705473919,3329.20966762383,3203.60542492361,2886.52972143022,3174.61042833605,3031.28504352527,1703.06162360615,2379.55036920844,2992.57842899731,2817.05479621892,3195.27636549642,2974.52852413622,3005.59467909431,1e+09,1629.75071931262,2382.92811297362,2364.63006633173,2799.46088663514,2458.95378396992,2072.07988359522,2536.89303836405,3322.06850898653,3657.04109937255,2940.81881737043,2702.872246611,2968.61664089522,3118.75701892597,2694.74790266177,3128.38242730968,2934.03155950988,2251.57463820323,3690.88637787727,2546.24047012453,3153.65906332628,3119.56549318972,3197.13031775372,3293.11317177227,3085.92156066871,3575.86111310269,3138.79840499513,3153.0224398028,2576.79227740616,2883.69960784753,2874.47463523337
5527.7103865796,2417.29686668808,3025.31887568897,3292.23148795767,3658.04904540658,2992.76434100649,4122.69322997722,3698.04845912003,3041.73229989097,2024.0781465398,3486.75674158666,3854.04733425785,3971.02751522827,3698.36496946962,3322.86568040299,3743.13402680161,2529.19493363007,3095.15152257527,3731.28446388104,3370.31339335083,3821.00630373728,3800.48527080424,3709.43042327255,1629.75071931262,1e+09,2714.35994674619,3016.4224336621,3666.06043380357,3491.3531667249,2799.05310580203,3419.19100955182,4036.22368628152,4258.62067721463,3854.47234260411,3676.56840719712,3700.25821197656,4018.64450826395,3651.85380044163,4031.45373712759,3759.17741136276,3177.1212360091,4355.14046043294,3258.29145590139,3785.37789751565,3750.74035600973,3801.53446229283,3889.34492527983,3785.4541665565,4197.28325935956,3722.65929003716,4013.78811555867,3082.59500521882,3254.32806250384,3340.34430825626
5467.78130246629,2597.33246447196,3466.73089144514,3824.04911106016,3859.66319446399,2568.00865078372,4095.78458220156,4098.04488492989,3050.96435562594,2617.45559557369,3505.80219061201,4121.68515333231,3374.77926741883,3605.08367637979,3266.10584606501,3962.53983673351,2366.27229037573,2706.17397892301,3413.14381620523,3792.92171882047,3426.08529454536,4310.89846467068,4016.88840367765,2382.92811297362,2714.35994674619,1e+09,2494.48021431319,3474.53097462089,3315.7706331862,2503.29049249183,2922.46704835144,3237.64532195854,4090.14954246174,3803.5650977734,3168.343985886,3730.53593525113,3589.10254031561,3648.93780047016,3308.61529122079,3828.35074205591,3165.84048631639,3711.91231836098,3207.91247837281,3635.21047185717,3476.18359013157,3601.78292115169,3316.86418665281,3700.68038036251,3865.5581692687,3831.07377128136,3389.49332999786,2957.50385046241,3415.92306858629,2913.89966234254
4505.190036125,3743.89070393354,4296.08083900897,4587.81752810637,5032.92536893803,2450.52634278842,3021.66940478273,3386.8515856323,2337.62834721433,2780.71393958458,2735.88993545062,3433.28474178883,3029.81287102026,2825.15717111456,3879.61539693047,2957.4680211796,2088.62799387541,2595.60499082584,2618.79461235508,2568.30225259801,2991.65055233729,3530.08870436707,2752.19569631231,2364.63006633173,3016.4224336621,2494.48021431319,1e+09,2328.32459180416,2347.08920173478,2436.42560440494,2478.51620557542,2913.44890042712,3263.70835215097,3429.57980883956,2735.24020563094,3417.80924441374,3372.61703564161,2905.50746949651,3014.81579037592,3256.72888625995,2504.87614057063,3313.39477234452,2629.70546428683,3087.76758563529,2641.50220467445,2970.37786039083,2656.43233900282,2842.8489066076,3176.6013396081,3380.4128095249,3057.35033273912,3040.62314411043,3096.53074825683,3022.14046175885
4199.11595900851,4842.340483795,5513.20225688302,6021.05441784078,5963.91026231113,3808.98167003991,2576.68129139015,3032.61148927785,2457.12751128223,2939.00800090779,2786.5912449622,3159.58137685992,2991.29541439825,1895.45614765945,3996.90289145233,3233.7654623519,2895.88419899691,2639.41400272864,2061.8228636088,2261.67906691025,1911.66725135417,2710.96701899894,2508.84453009747,2799.46088663514,3666.06043380357,3474.53097462089,2328.32459180416,1e+09,1845.45817880005,2141.74302627556,2653.88115587341,2957.67597653969,2760.83919468339,1913.70778767292,1852.03413524157,3317.64168945352,2696.38096850204,2124.90830284509,2548.7617755883,2256.49952005313,2093.53533607627,2591.67600208822,2136.66470867565,2450.71805961029,2366.52226976633,2956.6387878975,2252.78081869941,2405.33620747703,2386.41101040873,2713.94177350952,2698.90462964144,3130.55501001021,3207.92935540981,2794.51965500334
4594.16013424652,4356.07351702195,4988.57245798836,5496.45985809957,5783.27784634285,4094.1518833331,3261.53617209744,2683.38818391972,2708.41508199906,2818.8664627293,3243.79966594733,3508.32250839343,3176.49692578161,2486.04176042962,3926.84689497821,3018.07642033796,2699.24310018568,3041.44056412418,2787.45321528452,2230.78490204681,2786.39743091326,3052.89127667528,2899.66539357561,2458.95378396992,3491.3531667249,3315.7706331862,2347.08920173478,1845.45817880005,1e+09,1928.01390500691,2593.64437342516,3347.10062622862,3242.64905369052,2683.10385712145,2273.90760247641,3106.7740586499,3245.36686225148,2521.99591704666,2815.12380004859,2733.99489291769,2348.98133013015,3042.64576530033,2547.42545810471,2776.30953166249,2717.6401430653,3422.03574461168,2971.11184929144,2617.51766207986,2923.80739723054,2871.30334902114,3132.48287474968,2989.74290888029,3130.82091091139,3128.17468557944
4761.07113521737,3463.9019602177,4196.60537800494,4818.75091489486,4703.45489995386,3447.21069328522,3553.50409874535,2938.58650982067,2315.94481253332,2038.35531377628,3122.55096305889,3895.94914715272,3073.15326471037,2939.6132862164,3472.78894234879,3211.71782815676,2580.47639396294,1921.6760639088,2764.74652322776,3008.93737945807,2600.58809320123,3136.489915415,3415.82934564946,2072.07988359522,2799.05310580203,2503.29049249183,2436.42560440494,2141.74302627556,1928.01390500691,1e+09,2451.00966621921,3068.51719907189,3636.64857445698,2536.9735544542,2347.65402495768,3387.5460948303,3484.51625550807,3092.26001301637,3044.00814103708,3126.14381585365,2483.96940661515,3115.50842807398,2479.4999065739,2788.48685557239,2850.399615054,3588.36088752232,3221.10889240026,2991.97074089972,3162.23629199337,3232.35746287443,3282.41462409916,3140.43887714759,3233.83149333728,3124.08140220449
4962.57502850083,4058.50843821964,4371.81183998122,5082.25060894285,5262.35379055799,3461.14825674949,3721.63825725983,3374.53233379086,2214.70385988737,3031.14667419774,2145.75286438117,2955.75126103331,2656.10960502386,2839.8962917332,3311.5632865763,2936.50742941338,2525.34342070539,2229.74916057838,2253.60084944073,3093.70906583021,2662.59952831814,2712.58968950337,2824.59919264663,2536.89303836405,3419.19100955182,2922.46704835144,2478.51620557542,2653.88115587341,2593.64437342516,2451.00966621921,1e+09,1972.64482543108,3016.32327753509,2903.1822387339,2252.05346939188,2931.57134607023,3028.82249849674,2568.06310740215,2580.40467570496,2522.54544218732,1948.17494453142,2278.90097114815,2205.00989158779,2301.22987839112,1910.69719259751,2633.51603951827,2782.71912696916,1930.45889458957,2303.03374493297,3147.03363939758,2262.3963992634,2364.34627730373,2381.1177347204,2127.43190619583
5077.751870267,4799.49172283899,4898.6407659166,5720.43603296113,5756.307258434,3730.45692746881,3939.27236364789,3840.2626019193,2735.79104295266,3538.53115334598,2720.45522979151,2705.97751513201,2257.82453786826,3113.08139349102,3350.17588160682,2950.02742944875,2771.64749320688,2632.5270932319,2073.90003493418,3244.19322342243,2652.75926727248,2770.97682153785,2927.26403882533,3322.06850898653,4036.22368628152,3237.64532195854,2913.44890042712,2957.67597653969,3347.10062622862,3068.51719907189,1972.64482543108,1e+09,2544.43751184815,2908.06501928688,2847.77674523478,3103.38412015013,3140.85233685062,2681.95520527469,2367.762665408,2657.28150428215,2312.77564813365,2807.69726537602,2417.38800466537,2320.60097610511,1944.14810384909,2821.98322948596,2761.51769968979,2346.20167048786,3015.49865786739,3461.39641670815,2207.33341457515,2583.22454995689,3011.81542537055,2309.6800678016
4468.78579977828,5285.32217276298,5723.48715139643,6189.09543868084,6268.54805456575,4621.49646536704,3728.39790962553,3571.95535769976,3673.33145131228,3940.43086206318,2903.6505109603,1912.1113749204,2600.74946892237,2876.61647662666,3310.99699788447,3731.77315634271,3410.17839974685,3337.51904358612,2330.58494185473,2060.14010785675,2278.0223143332,2432.90474589533,2444.17412847367,3657.04109937255,4258.62067721463,4090.14954246174,3263.70835215097,2760.83919468339,3242.64905369052,3636.64857445698,3016.32327753509,2544.43751184815,1e+09,2867.34828022338,2703.33233125341,3371.54804603167,3117.26883643359,2249.26618366969,2004.59417673503,1927.49761403225,2253.49190207109,3035.14884532868,2559.5312218842,2260.99428088618,2574.1587425798,3482.41902323658,2959.14467983571,2554.17364873652,3136.92366791097,3362.4533128506,2268.59674318729,2411.72077326543,2451.04195688283,2427.95194538525
4673.94995565849,5054.14490890398,5519.07096969227,6191.32347555835,6061.52556136654,4552.52253067461,3357.37861674849,2987.21098623783,2747.06050655969,3058.34228094241,3170.57688585216,2974.8140655846,3219.29171769195,2683.81887747665,3766.18398319838,3681.67894951475,3069.90152812757,2604.55793093569,2399.14787216211,2860.37543359259,2407.17222352286,2124.91517574232,2989.86226431921,2940.81881737043,3854.47234260411,3803.5650977734,3429.57980883956,1913.70778767292,2683.10385712145,2536.9735544542,2903.1822387339,2908.06501928688,2867.34828022338,1e+09,2102.06835562025,3269.86266760548,2336.17402915536,2088.94561607046,2474.78618294591,2225.90899203,2316.34436921629,3018.29429088683,2124.27510697179,2898.41049606504,2839.13083842573,3560.50114566756,3274.05205088435,2843.6838689981,2854.53809590974,2935.97310025143,2860.31457502492,3091.21868538931,3197.85907499064,2859.47423495999
4479.20171955897,4677.38756167372,5462.47354864076,5943.33612997784,6005.90653665207,4178.91528090724,2902.71734557466,2825.80532691125,3070.07011112124,3310.78511436487,2689.09054473813,3254.93975610917,3120.36200196388,2171.89856254844,3085.92915796847,3414.55304741338,2828.04299081538,2505.93223593536,2501.72859211386,2678.21255385005,1963.14124514768,2872.33268417849,3242.023560849,2702.872246611,3676.56840719712,3168.343985886,2735.24020563094,1852.03413524157,2273.90760247641,2347.65402495768,2252.05346939188,2847.77674523478,2703.33233125341,2102.06835562025,1e+09,2551.93446175641,2872.83339203651,2365.615637461,1874.38122467122,1758.81033903602,1746.21460281948,2279.57042718579,2099.41967795865,2347.99109495756,2572.28089010512,3100.05353357003,2462.94300405024,2366.97795783991,2025.44385656577,2579.45934759593,2257.99044280528,2461.8498210492,2466.86828298553,2337.07134262093
4737.48100382471,4874.02328519264,5226.1186828946,5728.89129476202,6090.48539936679,4491.69285135348,3164.23910256479,3244.38285800243,3688.30951365256,3960.20747784759,3262.81559710321,3283.33343853469,3552.1599619668,2322.73061040234,2659.71890005316,2695.91952956686,2913.46239405969,3670.61709343266,3338.62641292793,3091.15426232662,3297.98100696472,3234.17387688108,3752.17511686222,2968.61664089522,3700.25821197656,3730.53593525113,3417.80924441374,3317.64168945352,3106.7740586499,3387.5460948303,2931.57134607023,3103.38412015013,3371.54804603167,3269.86266760548,2551.93446175641,1e+09,3797.80500269564,2889.62229869234,2609.95209689757,2264.714091359,1948.7985123147,3123.79524184925,2565.80776717587,2985.47342893887,3109.46216096932,3265.32050927623,3188.44055699648,2522.32872159836,3005.24407641043,3405.79955082503,2654.81858391492,2137.11497601322,2648.51096276757,2557.90323589459
5209.99766421253,5019.32821225112,5538.09683273957,6030.2109894182,6162.64215638065,4088.56501073421,3750.81921445169,4112.91787044186,3209.09559278,3659.62960403099,3409.95070806016,2866.57093107776,3364.20090287426,2973.86648277962,4137.10399151387,4101.66615533249,2840.34454545571,3170.15318038419,2746.16184770672,3254.90311385762,3172.48296742473,2718.76340603591,2842.32670921202,3118.75701892597,4018.64450826395,3589.10254031561,3372.61703564161,2696.38096850204,3245.36686225148,3484.51625550807,3028.82249849674,3140.85233685062,3117.26883643359,2336.17402915536,2872.83339203651,3797.80500269564,1e+09,1480.66992175839,2607.2092836978,2816.57326918722,2919.73345730394,3425.00632193577,2580.9304085155,3445.89575573609,3231.63010030542,3190.66210918674,3245.11412434139,3191.53633686035,3202.41615289144,2929.38733787459,2660.6490195815,3025.04154507008,3229.22506555365,2775.72944882962
4654.21519396128,4922.67044607904,5348.41303962213,5905.70159509436,6150.67354336092,4115.8670814544,3304.6256158149,3295.34225967501,2871.59372498966,3392.99388432988,2768.96726481192,2233.09233295446,2823.6346173859,2030.86641087,3589.3926010399,3149.97666108814,2437.63404741155,2960.13469073622,2330.74619115853,2306.47478598835,2631.65173839549,1803.97463241588,2099.30279643028,2694.74790266177,3651.85380044163,3648.93780047016,2905.50746949651,2124.90830284509,2521.99591704666,3092.26001301637,2568.06310740215,2681.95520527469,2249.26618366969,2088.94561607046,2365.615637461,2889.62229869234,1480.66992175839,1e+09,2001.74471709057,1864.20869960957,1877.40534533702,2899.85491814677,1994.06787211469,2543.05803551551,2554.47348160047,2745.48171379815,2692.36730506816,2182.82847230377,2717.12072490348,2549.58868147394,2043.3398546008,2328.20397641616,2605.85014477042,2310.42989391585
4463.5118068736,4893.95341672763,5424.38992341074,5839.99452856764,6010.5497262896,4379.39795065486,3551.10344559265,2924.13204359858,3378.09465116062,3678.62196599488,2853.40159273103,2765.6034109937,2785.00623853879,2537.72048586916,2647.93491347503,3099.32798880661,2918.22421371285,2848.39973158614,2500.0945647315,2642.62746216715,2041.4609856179,2582.50924466884,2967.92368801827,3128.38242730968,4031.45373712759,3308.61529122079,3014.81579037592,2548.7617755883,2815.12380004859,3044.00814103708,2580.40467570496,2367.762665408,2004.59417673503,2474.78618294591,1874.38122467122,2609.95209689757,2607.2092836978,2001.74471709057,1e+09,2050.78504956029,1898.55851863987,2333.00284849805,2052.16006261695,1919.52097883821,2360.41640317974,2671.97834018167,2412.62721840735,2169.73862617136,2484.86197248459,2850.66830281953,1310.278321808,2032.30044634153,2527.81854277557,1988.64359217533
4207.54027279597,5009.94219202178,5562.52771970621,6163.31788323465,6217.43932492308,4537.04991637738,2901.34836391634,3340.99310027722,3305.81099101264,3659.88644381216,2609.49865853577,2095.54984641263,2678.66059511092,1735.43832454513,2945.13643970869,3355.43023549887,3033.13370424055,3093.09978403543,2223.93159591297,2245.8182933844,2028.19961239026,2221.17076261597,2659.07585608233,2934.03155950988,3759.17741136276,3828.35074205591,3256.72888625995,2256.49952005313,2733.99489291769,3126.14381585365,2522.54544218732,2657.28150428215,1927.49761403225,2225.90899203,1758.81033903602,2264.714091359,2816.57326918722,1864.20869960957,2050.78504956029,1e+09,1323.4016351811,2513.96717715248,1899.45469008871,2128.01453545318,2390.48119475975,3100.11946803668,2562.6967637042,2063.04614529099,2426.5567632759,2590.3374969683,1979.21823059005,1891.21392430893,2073.5513899829,1957.79570216098
4002.92876224397,4287.22643222865,4748.21016814757,5351.12757474535,5511.94390785139,3914.11748169367,2983.67496071539,2810.19503513546,2534.75699038389,3056.05982189485,2166.66203162838,2443.942342896,2520.23296843764,1513.52515482895,2720.69302750237,2618.87644448912,2441.23190221658,2422.48841772257,2220.90328098727,2242.43302693748,2003.79183097946,2110.47714512619,2535.6279100846,2251.57463820323,3177.1212360091,3165.84048631639,2504.87614057063,2093.53533607627,2348.98133013015,2483.96940661515,1948.17494453142,2312.77564813365,2253.49190207109,2316.34436921629,1746.21460281948,1948.7985123147,2919.73345730394,1877.40534533702,1898.55851863987,1323.4016351811,1e+09,2165.88847067433,1470.55812170074,1826.61927617662,1985.22265539662,2655.17750109103,2284.91928275377,1486.75039613245,2253.6871338764,2648.63422223606,1663.38783309846,1718.1834549605,2028.10842227431,1799.06396823459
4256.19027953404,5088.76844030066,5760.84941078137,6155.87589059429,6074.82498250773,4522.88103023946,3825.12331688797,3431.91241259156,3426.23769754814,4087.29086846043,3098.98375915396,3511.74308687296,3423.23741131111,2476.06063284,3344.23985636497,3558.58935943725,3829.79689014966,3153.80264902546,2885.75556749008,3297.44275863888,1991.7103349885,3324.60686477364,3515.65297593491,3690.88637787727,4355.14046043294,3711.91231836098,3313.39477234452,2591.67600208822,3042.64576530033,3115.50842807398,2278.90097114815,2807.69726537602,3035.14884532868,3018.29429088683,2279.57042718579,3123.79524184925,3425.00632193577,2899.85491814677,2333.00284849805,2513.96717715248,2165.88847067433,1e+09,2099.05852469625,2118.79078733602,2098.72350901685,2702.77686764927,2182.77091131891,1673.55757415154,1085.35761470586,2809.08077057247,1858.93547539983,2720.13220595985,2720.61924596221,2029.70971835876
3748.30838721949,4363.23115215089,4950.10318381345,5304.5929126277,5421.35956385481,3785.39279628944,3042.96674117546,3165.19228648119,2731.99621976312,3222.22900745742,2842.55975715551,2415.43437101901,2743.45508013162,2057.32825674465,2880.50663821488,3059.66922682829,2789.67262389335,2259.92515780944,2134.51410255355,2451.14335557919,1979.19786514638,2231.82840890603,2811.18470526218,2546.24047012453,3258.29145590139,3207.91247837281,2629.70546428683,2136.66470867565,2547.42545810471,2479.4999065739,2205.00989158779,2417.38800466537,2559.5312218842,2124.27510697179,2099.41967795865,2565.80776717587,2580.9304085155,1994.06787211469,2052.16006261695,1899.45469008871,1470.55812170074,2099.05852469625,1e+09,2156.96935142806,1848.87380905242,2812.41345502399,2516.09700540341,1941.67086956054,2075.37828400029,2205.03447970774,1825.74912865925,1970.29144965916,1994.54825311397,1845.49038921908
4250.29859796932,4801.07551601722,5219.03103790349,5732.89983257165,5752.60812425112,4302.46477333633,3670.36785274991,3042.6359251478,2986.13487575495,3387.49874640567,2599.40558051259,2837.54858691442,2542.5297510747,2472.94688163737,3004.90877492146,2702.48264238644,3336.91181170555,2870.02993763131,2119.83221354899,2806.73093256194,1647.3001654222,2412.34940798384,2643.58519524149,3153.65906332628,3785.37789751565,3635.21047185717,3087.76758563529,2450.71805961029,2776.30953166249,2788.48685557239,2301.22987839112,2320.60097610511,2260.99428088618,2898.41049606504,2347.99109495756,2985.47342893887,3445.89575573609,2543.05803551551,1919.52097883821,2128.01453545318,1826.61927617662,2118.79078733602,2156.96935142806,1e+09,1506.69946784354,2383.89638612923,2171.40678349313,1541.42599819129,2431.7032917484,2997.23811808471,1699.2586358174,2180.00437540845,2669.13216225799,2167.99876275334
