1e+09,5998.12114898491,6385.14547338586,6477.81254689421,6654.18091214088,5804.77025840817,3870.48348738242,4965.20565697938,4791.84659710638,5559.62098936609,4528.83012843273,4472.41349064462,4624.82330241924,4253.45279065138,4905.36563010343,4448.25802220375,5265.52365607638,4873.5410469083,4169.38514716499,4739.57665508218,3854.15944025413,4658.13226788377,3999.37027830632,4857.7133022133,5401.78376641457,5409.29623948439,4609.60736407126,4781.58508884868,4980.82399130907,4801.93924943871,4748.01211476972,5189.84445720679,4552.3072951856,4980.35261500629,4868.01693165708,4901.65345302991,5215.5354704383,4704.15681616802,4573.12563691399,4479.66295306913,4433.92135713975,4048.36176036678,3948.34149975658,4354.36371844383,4241.09249353277,4497.7777723338,4113.9603246993,4135.67476058019,4064.46602628193,4706.81509234217,4364.78681802445,4523.20091299292,4496.26159787217,4776.31184311703
5998.12114898491,1e+09,1522.99601279846,2115.2177662359,2334.3432687589,3420.41391606338,5175.13848977977,4490.20857876335,3802.08591129922,2908.55169654933,4152.70579618879,4965.52958412293,4669.18292238589,4879.06500303081,3785.96589053573,4755.25304096428,3832.76451580318,3599.31065013844,4748.14994612639,4637.52631642129,4482.49261353547,5092.50351638563,4798.22237013876,2920.4061990415,2354.74302530021,2948.56292410388,3805.19084633084,4914.01573861949,4304.60903552228,3306.27680674199,3986.44428175034,4908.06822392477,5285.9988630816,4819.70856221618,4521.27871669067,4792.91840901762,4960.63959500184,4880.84907252826,4683.78554586992,5002.32070597238,4390.59677003024,4639.32458307241,4256.0925668035,4758.47151137842,4767.29417168691,4531.54235540175,4687.31435204638,4782.23630810942,4717.07261403723,4540.20063144791,4784.67420490675,4010.25349685029,4146.98751360551,4252.28338601745
6385.14547338586,1522.99601279846,1e+09,2022.54467718268,2528.3114181208,4035.07360324443,5632.5028987831,4337.12435634488,3780.44916118442,3020.64242046291,4267.79190009307,5046.89016510168,4698.99255865553,5212.19034090276,3861.97807291807,4533.47685411539,3841.76188426612,3868.43481907089,4918.46161718275,4917.76014369347,4875.40045077325,5032.14679823632,4883.01847912744,3165.60608512809,2878.13051778407,3280.67039466021,4221.14675136982,5238.48095537246,4458.23336727678,3548.97727408897,3966.62402802434,4713.7239935639,5445.08751726729,4901.77638830047,4838.64924684565,4721.46211766016,5109.06865744629,5008.36239399667,4779.27001297269,5253.27158475554,4494.39206362774,4747.78156404652,4422.22037350017,4803.5381324811,4748.08059400849,4524.91733610682,4989.83257623941,4697.07693867154,4924.01899034721,4883.99166178649,4872.46119944531,4093.20511193857,4451.90811214697,4350.87324618863
6477.81254689421,2115.2177662359,2022.54467718268,1e+09,1973.81015480213,4191.79664418493,5987.71912143514,4947.42411511283,4664.6157233903,3779.0396187259,5069.20438320453,5543.90688567187,5571.29719463071,5902.02477724382,4336.15939387611,5245.81018484276,4500.73190365745,4599.73641847008,5595.01281958317,5472.90700174048,5517.950253509,5805.16150571197,5527.59631030523,3843.1355994292,3241.58757990587,3665.82376289423,4637.00596408933,5999.21083638507,5253.44570841843,4409.70593983318,4876.27499223537,5720.92587580892,5998.79851441103,5832.30242678653,5632.28977569514,5457.80925453611,5754.31481371153,5693.83557461928,5437.1739250184,5989.5011289756,5313.85167220539,5526.46046005036,5030.53821410791,5556.78614862944,5433.93748994226,5317.24889105259,5642.6629131909,5483.99562215361,5603.74008948488,5659.96877180431,5595.3134901898,4619.86751472377,4867.38255885029,4932.65853559721
6654.18091214088,2334.3432687589,2528.3114181208,1973.81015480213,1e+09,4084.45331487581,6141.3915244674,5471.47900301189,4760.56663937183,3863.15522179733,5081.71921842402,5730.40472300168,5561.64157145172,5978.12967656273,4447.70492360948,5683.420872362,5042.83217424495,4618.65473996488,5577.36102902618,5824.8525103817,5298.30194590682,6039.06367928009,5766.89791110437,4341.0534024589,3627.13444572985,3803.52065360503,5015.93637760688,6023.15192307151,5665.95119358612,4485.95232535969,5053.64577625896,5772.4996306886,6132.33152335227,5869.49435155193,5794.45774068635,5910.21724026283,5963.2083008981,5980.73095572774,5668.23625967549,6081.55469676957,5508.53428848364,5432.55606922745,5228.39879714622,5579.78099726145,5532.5235000495,5454.67718447206,5662.79430572045,5681.46906004072,5697.56813564349,6000.14182540713,5685.73815215756,4945.93856631884,5210.00202437581,4897.22784117709
5804.77025840817,3420.41391606338,4035.07360324443,4191.79664418493,4084.45331487581,1e+09,3701.90320383989,4449.25843151418,3265.15180377574,3185.20605570503,3704.97709605606,4299.2306068877,4201.03516846741,3653.86188939867,4364.81882298681,4329.51264573739,3739.06196597489,3418.64042148337,3656.35510153213,4158.29530922228,3712.97021568986,4648.82125864181,4285.24693488018,3659.03974099763,3240.63129624461,3306.48613228606,2515.01934648623,3594.68045400422,3739.87211916397,3310.65381291974,3650.12559730484,3988.52243928751,4588.54651223021,3958.13050293949,3583.93727955722,4267.14880707247,4045.03478544993,4013.08288598678,3843.7994922082,4319.12809363186,3827.14000551326,3765.48716384746,3516.62492020403,4200.59641941475,3885.15014415145,3470.00637861085,3699.14865928635,4058.48601471041,3639.10816372638,4041.40176896581,3939.82117163965,3683.31470469196,3792.64074887142,3596.98230596148
3870.48348738242,5175.13848977977,5632.5028987831,5987.71912143514,6141.3915244674,3701.90320383989,1e+09,3950.19771806425,3402.89091924793,3978.04705732599,3060.95144036948,3271.70975543369,3612.23172898694,2253.99427093327,4146.86611670789,3405.24582196352,3849.68970897656,4104.53186904426,2681.00089811622,3121.01129727209,2773.89904098906,3750.6216739362,3227.65115907838,3641.95122087048,4252.86951944214,4404.37279323629,2774.36623598976,2561.77762914739,3036.38971288272,3549.62788413096,3412.96948988707,3633.26794887192,3481.15664021314,3213.8814830513,2562.01952166645,2828.59809769787,3576.28103430086,3134.47305364076,3222.0426733518,2734.57443153409,2783.9960709024,2795.00327300345,2765.13335117857,3270.27198734295,3077.29544220245,2591.46369617635,2487.88649968201,2940.94534546292,2419.29104365308,3222.00059844811,2964.05074226134,3136.6512598311,3338.40665848246,3100.85744254714
4965.20565697938,4490.20857876335,4337.12435634488,4947.42411511283,5471.47900301189,4449.25843151418,3950.19771806425,1e+09,2596.99817302593,2789.35577560483,2591.25513716809,3566.15388924819,3968.80563133293,3573.84762159777,3552.81274821795,2118.74257034686,3194.47080161957,3359.49207407906,3446.87502322031,2988.61974879709,3098.38764124181,2931.14537148876,2860.87180630311,2880.42034817837,3450.4090144793,4203.00173659255,3051.73099456685,3355.39942737076,2856.90497061068,2926.64790728232,3012.32101793617,3589.45147844347,3309.24786945614,3073.02412465311,3083.38612343638,3188.8956456899,4064.92376999865,3162.28711036806,2910.72287322239,3342.96956671759,2871.41946371477,3186.67527070143,3189.51880784547,2895.30307522373,3076.54737239653,2887.65477524582,3237.74446309464,2584.27581151858,2947.61058413421,3542.56173967371,3443.191676323,3289.08051467276,3596.0925112405,3465.99806742589
4791.84659710638,3802.08591129922,3780.44916118442,4664.6157233903,4760.56663937183,3265.15180377574,3402.89091924793,2596.99817302593,1e+09,1784.28664261099,2378.96960800259,3249.45092824926,3105.86475813098,2851.47522842125,3948.25448483251,2815.1451531493,2857.06307926514,2363.35460781915,2298.41654166515,3168.72561797326,2499.08391929923,2666.91966465059,2612.08824667162,2349.55053018657,3154.57629967956,3246.00330472722,2330.06139097235,2300.11711295316,2179.52592478273,1757.13786883671,1875.9064873815,2622.28890315312,3406.11393957983,1950.64284178319,2442.89912597717,3302.77523019657,2853.78504488337,2563.88465023292,2772.48681161877,3038.38772237843,2361.32200008809,2188.16974282161,2247.62374998575,2613.07595138373,2185.50660966742,2201.74468322283,2524.47124744965,2212.76135073351,2093.12244242901,2833.05959444908,2759.42682812935,2929.98949327468,3285.34379328861,2724.54578719096
5559.62098936609,2908.55169654933,3020.64242046291,3779.0396187259,3863.15522179733,3185.20605570503,3978.04705732599,2789.35577560483,1784.28664261099,1e+09,2985.8981396893,3681.27534899252,3654.96828402108,3616.76779867052,3712.29926956327,3444.09961460176,3020.51001701699,2818.03466218924,3104.87829165653,3184.01483702573,2994.6206319165,3361.65149712162,3287.98374028826,2060.13870860678,2292.12757753577,3037.01635881337,2736.87225399725,2949.35579645793,2562.82968755241,1844.52841634386,2761.51705263611,3381.33467997476,3780.84474322869,2749.457581815,2984.43470638913,3732.75713037963,3463.23046157774,3266.0379588578,3377.24410503594,3567.02649458902,2981.69108864416,3206.49840040503,2963.80496934262,3079.36465234308,3043.58402458352,2928.25841030125,3112.76367866242,3180.580672,3129.66484582615,3134.40058140309,3486.30632228438,3121.17028415625,3518.22546473361,3008.1632470496
4528.83012843273,4152.70579618879,4267.79190009307,5069.20438320453,5081.71921842402,3704.97709605606,3060.95144036948,2591.25513716809,2378.96960800259,2985.8981396893,1e+09,2664.65427320319,2916.4530610315,2700.27855894535,2990.12800214305,2751.56532393836,3036.65430447722,2588.86128054402,2504.12638962174,2991.16787382454,2080.27709921058,2525.97995948107,2389.75670870488,2857.83781658442,3621.10005969181,3760.83732582254,2783.98406742927,2715.50087473748,2905.750308096,2783.3416499776,1950.63205505293,2700.03398797126,2605.83958704292,2536.24348499903,2089.05540919814,2932.48147598582,3122.99950864549,2529.28782539671,2335.18062740337,2321.90067386613,2052.31900885316,1951.14581223444,2476.03471524533,2313.9247099895,2582.23048934444,2239.92128229989,2666.64467276763,1976.00116966059,2033.98440210342,3259.84150199055,2325.13338120633,2594.08756947409,2808.99902280154,2371.1180848916
4472.41349064462,4965.52958412293,5046.89016510168,5543.90688567187,5730.40472300168,4299.2306068877,3271.70975543369,3566.15388924819,3249.45092824926,3681.27534899252,2664.65427320319,1e+09,2739.82860224869,2911.348708932,3200.23228233514,3584.0530357125,3480.38545256125,3562.80729186971,2096.81396540084,2435.57276583969,2503.07925196147,2255.08242585499,2116.64853324779,3412.4995398681,3861.08385733851,4341.64605609439,3432.10353331598,3177.95854412861,3353.37567846193,3726.28038719579,2719.92602963757,2753.40486312856,1723.26356837833,2513.36183704217,2894.93752105292,3070.2091491786,2575.21690540816,1998.35649046911,2319.80402441672,1892.0524411337,2459.17037193441,2504.32359576393,2031.62882126633,2580.76994894934,2289.19852900529,2631.41983088978,2785.48218980126,2312.38131864102,2294.88570789484,2630.51543013912,2258.95297120148,1871.86600781146,2100.78786401674,1828.96377908366
4624.82330241924,4669.18292238589,4698.99255865553,5571.29719463071,5561.64157145172,4201.03516846741,3612.23172898694,3968.80563133293,3105.86475813098,3654.96828402108,2916.4530610315,2739.82860224869,1e+09,3063.51121200821,3342.59195909402,3426.87894106284,3176.87529867006,3443.78117108216,1882.72724774461,3006.68183325073,2585.8342441657,2917.46888173636,2530.29840252094,3348.77719732143,4081.77477265711,3741.16698110362,2971.28149667782,3115.75891690933,3103.67318440586,3046.18375921414,2446.18129328143,2339.64644256349,2434.39329829837,2989.14509189501,2850.00647236107,3430.61614719572,3160.22026903189,2659.55885990515,2460.23824114658,2485.52123666244,2526.23227113027,2387.51800583786,2511.78297671196,2269.40240942412,1997.12959206457,2530.29686533023,2312.19669812064,2410.28984881487,2722.83248735577,2916.73886940535,2186.89876382058,2381.76403925746,2798.8980987703,2133.86405089453
4253.45279065138,4879.06500303081,5212.19034090276,5902.02477724382,5978.12967656273,3653.86188939867,2253.99427093327,3573.84762159777,2851.47522842125,3616.76779867052,2700.27855894535,2911.348708932,3063.51121200821,1e+09,3950.0291818036,3146.94464180735,3552.75060270208,3549.72057956679,2455.35063033775,2758.9471263328,2427.74749654901,2992.13757715116,2759.58551298922,3313.06028822296,3718.78205457109,4272.15447731001,2728.29898841751,2162.71031268638,2660.521941631,3224.09092728478,2960.32809484016,3236.86683910537,3066.81323205376,2599.81528080362,2245.13530051086,2465.2777451841,3289.69315962751,2290.55545866063,2526.93352158303,2042.44937983785,1840.06233361808,2130.37295549394,2229.8921003941,2558.30088531431,2553.92290549265,2006.89852802776,1891.09140067317,2036.19810077507,1898.47028254329,2553.52654299892,2257.14862481406,2517.05832856531,2878.06101255689,2587.91029091041
4905.36563010343,3785.96589053573,3861.97807291807,4336.15939387611,4447.70492360948,4364.81882298681,4146.86611670789,3552.81274821795,3948.25448483251,3712.29926956327,2990.12800214305,3200.23228233514,3342.59195909402,3950.0291818036,1e+09,3306.11944332022,3046.68421584844,3330.56698288745,3608.29553404374,3612.90188264226,3272.79580883073,3666.73535310363,3660.70471327585,2866.77381491809,2979.13998195788,3356.2908788274,3907.97309439305,4560.18974751051,4382.83665876336,3509.58417287576,3263.44208175969,3679.54942760659,3358.56188146058,3939.30625839119,3668.5495775715,3071.49168668906,4214.7590766733,3648.6361174691,3014.16490783102,3190.28374350935,3291.31732269923,3618.69251559178,3223.73443945062,3384.72089751873,3652.10713069866,3550.02187515795,3495.34787653532,3516.96710733837,3618.47136031225,3858.61622042151,3387.66592984019,2499.14483559877,2924.91026171744,2674.5728645337
4448.25802220375,4755.25304096428,4533.47685411539,5245.81018484276,5683.420872362,4329.51264573739,3405.24582196352,2118.74257034686,2815.1451531493,3444.09961460176,2751.56532393836,3584.0530357125,3426.87894106284,3146.94464180735,3306.11944332022,1e+09,2814.02885276608,3382.06701574644,3170.83633609494,3456.08025353868,3218.02047451535,2974.85399987966,2818.11836403299,2944.07591104577,3682.39365399736,4013.79285609011,3188.11991192301,3510.25470936227,3039.37314663731,2857.98330257544,2905.33207053858,3292.86533084789,3661.94596143908,3305.8874812522,3329.79108900243,2636.37637242864,3950.64519162377,3043.57899506486,2876.499484495,3320.89739588564,2934.44353344889,3149.6612478646,2977.39020573387,2837.90496972679,2906.83913448956,2516.53303852741,3023.45113909585,2398.29854459365,2974.79176741835,3592.57170887374,3289.09985049101,3157.81164121611,3754.81757181358,3444.13701806418
5265.52365607638,3832.76451580318,3841.76188426612,4500.73190365745,5042.83217424495,3739.06196597489,3849.68970897656,3194.47080161957,2857.06307926514,3020.51001701699,3036.65430447722,3480.38545256125,3176.87529867006,3552.75060270208,3046.68421584844,2814.02885276608,1e+09,2829.27206298723,3275.07297034738,3355.87820507539,3678.86730037929,3477.21023034271,2851.54194443989,1782.12124396742,2689.94432622685,2227.46999257005,2827.69563645029,3854.84458825515,3341.88180076735,2596.56694583444,2576.8776230741,3402.40966911688,3594.04155013545,3426.92063063912,3410.11594949497,3252.05740449027,2940.42071178599,2649.87484515779,3022.64970148709,3432.81498554758,3317.64347656586,3716.91524115092,3190.14506130991,3726.2445810494,3468.87582265494,3228.88179000099,2944.25294944235,3277.507904918,3305.31752621439,3274.03880056422,3648.93525186458,2945.03593655494,3404.53647247316,3050.04206990658
4873.5410469083,3599.31065013844,3868.43481907089,4599.73641847008,4618.65473996488,3418.64042148337,4104.53186904426,3359.49207407906,2363.35460781915,2818.03466218924,2588.86128054402,3562.80729186971,3443.78117108216,3549.72057956679,3330.56698288745,3382.06701574644,2829.27206298723,1e+09,2941.86598605375,3633.88419442612,2749.16333599879,3167.5820710441,3296.01981943374,2578.7077925969,3044.69119570442,2798.14127956399,2966.28911193768,3347.42885946811,3425.61830522608,1962.29012279021,2101.56051121542,2917.88319442366,3540.71178133719,2877.86667952148,2955.50568038703,3795.88557768803,3361.84621639658,3152.31687747282,2800.77197252829,3520.11204208048,3085.41611005712,2918.70068460265,2585.72052403194,3090.66379355633,3082.42027935841,3269.21506499649,3118.87119931234,3155.86022263344,2702.52683525992,3248.5607648311,3289.30200734138,3273.32932700026,3320.37911964884,3229.76236816271
4169.38514716499,4748.14994612639,4918.46161718275,5595.01281958317,5577.36102902618,3656.35510153213,2681.00089811622,3446.87502322031,2298.41654166515,3104.87829165653,2504.12638962174,2096.81396540084,1882.72724774461,2455.35063033775,3608.29553404374,3170.83633609494,3275.07297034738,2941.86598605375,1e+09,2651.20886649845,1696.52044252346,2406.0803590695,2007.22381736567,3191.30324389582,3826.93093680824,3698.54227572161,2602.13431661396,2169.01028916416,2584.56486120972,2619.185852684,2003.85006644709,1987.93886052866,2102.81036472622,1973.42737043956,2124.84486786683,3101.61905185018,2577.41245958034,2157.92780395916,1951.59231516216,2090.91015983471,2222.04750811048,1693.92906150169,1834.66312507228,1767.21458648915,1239.17309166234,1849.73584868218,1743.85924753118,1893.22133484176,1556.16446476586,2504.56530266232,1886.35811732555,2171.89509712141,2510.87950131025,1998.86497355374
4739.57665508218,4637.52631642129,4917.76014369347,5472.90700174048,5824.8525103817,4158.29530922228,3121.01129727209,2988.61974879709,3168.72561797326,3184.01483702573,2991.16787382454,2435.57276583969,3006.68183325073,2758.9471263328,3612.90188264226,3456.08025353868,3355.87820507539,3633.88419442612,2651.20886649845,1e+09,2638.88037021385,2842.89080808602,2454.51755092523,3059.21176352668,3492.34070530067,4323.00839910126,2529.92927926849,2356.62158322035,2186.88657863182,3060.11946850119,3060.3809866747,3218.0466933219,2034.37152427967,2590.7090705828,2544.87461382678,3050.22561955669,3269.7516544227,2377.30620368938,2623.71823426221,2317.39100418984,2312.4802727591,2751.88494236224,2367.08777781898,2718.92288222745,2676.84213133685,2839.6881732155,2478.4787301488,2620.78808836197,2435.96251268364,2145.19947247336,2801.55410256522,2689.85121768844,2580.65595670946,2606.18155278944
3854.15944025413,4482.49261353547,4875.40045077325,5517.950253509,5298.30194590682,3712.97021568986,2773.89904098906,3098.38764124181,2499.08391929923,2994.6206319165,2080.27709921058,2503.07925196147,2585.8342441657,2427.74749654901,3272.79580883073,3218.02047451535,3678.86730037929,2749.16333599879,1696.52044252346,2638.88037021385,1e+09,2597.36543312642,2392.93432586438,3196.5926902563,3661.73821778674,3917.10774776493,2730.26885547926,2130.20054445585,2898.53471410987,2665.28948348955,2591.71608624479,2669.3232178026,2185.19365684142,2126.54010272555,2047.17894039578,3349.0077642042,3224.62616985287,2616.30834692702,2128.22078316607,2020.45833478446,2111.03907595288,1672.39172041122,1993.34100359171,1672.81010745392,1936.89237284884,2134.20823969921,1804.10471239892,2180.3799127675,1820.49584550473,2570.3279177568,2017.84296552036,2576.02066230067,2781.74023877141,2265.5498230231
4658.13226788377,5092.50351638563,5032.14679823632,5805.16150571197,6039.06367928009,4648.82125864181,3750.6216739362,2931.14537148876,2666.91966465059,3361.65149712162,2525.97995948107,2255.08242585499,2917.46888173636,2992.13757715116,3666.73535310363,2974.85399987966,3477.21023034271,3167.5820710441,2406.0803590695,2842.89080808602,2597.36543312642,1e+09,2220.9051991249,3145.39456764966,3953.08189877215,4697.14148096478,3473.92602580999,2835.22039411401,3011.67165403203,3181.88100607172,2488.13077045802,2661.71306141365,2299.68072725324,1913.69003438383,2699.4341681545,3138.09113212156,2556.06541029372,1729.81487541297,2473.88846731214,2179.10620314844,2113.33777929606,2412.88318517495,2023.29085808245,2116.01198040087,2300.8688395039,2516.65194828367,3072.26760213039,1897.65849403943,2277.38682733083,2539.8580496949,2168.81131463758,2586.96725309773,2663.83164835918,2598.28680730207
3999.37027830632,4798.22237013876,4883.01847912744,5527.59631030523,5766.89791110437,4285.24693488018,3227.65115907838,2860.87180630311,2612.08824667162,3287.98374028826,2389.75670870488,2116.64853324779,2530.29840252094,2759.58551298922,3660.70471327585,2818.11836403299,2851.54194443989,3296.01981943374,2007.22381736567,2454.51755092523,2392.93432586438,2220.9051991249,1e+09,2963.90541790726,3716.61662003226,3902.57738763756,2931.77746831167,2795.15850289389,2737.98341485116,3028.33385254995,2550.97733659082,3052.91916509429,2116.10115882961,2572.89060070575,2984.07942945559,3511.90484805611,2452.72956947969,1695.0997530234,2355.19081150551,2482.48303959967,2704.61224975042,2600.1307600965,2556.80748006181,2474.11333279217,2364.39332977828,2328.22318408266,2306.45442608346,2062.39459776736,2357.84145798652,2812.9558801908,2666.48790554167,2630.15108134495,2939.33895716367,2702.90968363725
4857.7133022133,2920.4061990415,3165.60608512809,3843.1355994292,4341.0534024589,3659.03974099763,3641.95122087048,2880.42034817837,2349.55053018657,2060.13870860678,2857.83781658442,3412.4995398681,3348.77719732143,3313.06028822296,2866.77381491809,2944.07591104577,1782.12124396742,2578.7077925969,3191.30324389582,3059.21176352668,3196.5926902563,3145.39456764966,2963.90541790726,1e+09,1818.07773651184,2429.12975264806,2756.3510778201,3459.2819196764,2826.31917151973,1942.06184278462,2464.07587608418,3615.80616218569,3654.82365534919,3028.75486289333,3000.02382570539,3085.34552491289,3066.31801131259,2727.16251481279,3102.42222044325,3120.64154125398,2830.08682372114,3377.52790761231,2726.59843651389,3337.0101912041,3282.92321424063,3091.43074572276,2928.78255302438,3140.99474217962,3060.67898530702,2754.67024661755,3377.86927939789,2653.1357842749,3008.92417009801,2856.69137377491
5401.78376641457,2354.74302530021,2878.13051778407,3241.58757990587,3627.13444572985,3240.63129624461,4252.86951944214,3450.4090144793,3154.57629967956,2292.12757753577,3621.10005969181,3861.08385733851,4081.77477265711,3718.78205457109,2979.13998195788,3682.39365399736,2689.94432622685,3044.69119570442,3826.93093680824,3492.34070530067,3661.73821778674,3953.08189877215,3716.61662003226,1818.07773651184,1e+09,2576.81008667694,3237.42437174986,4098.58218726915,3599.35215866689,2597.21236544107,3353.78595862944,4235.69916494314,4189.34071394295,3804.34958113736,3752.01994936061,3626.65963769693,4010.56039085562,3580.41724772407,3693.35533033311,3814.06218585906,3519.97104902867,4013.66209236652,3332.40556805441,3863.10302171713,3901.29964711761,3714.04449302913,3535.04859221199,3802.4827035767,3699.92363784714,3356.94700625434,4079.76271154341,2929.09635498732,3180.4482245432,3346.28801964206
5409.29623948439,2948.56292410388,3280.67039466021,3665.82376289423,3803.52065360503,3306.48613228606,4404.37279323629,4203.00173659255,3246.00330472722,3037.01635881337,3760.83732582254,4341.64605609439,3741.16698110362,4272.15447731001,3356.2908788274,4013.79285609011,2227.46999257005,2798.14127956399,3698.54227572161,4323.00839910126,3917.10774776493,4697.14148096478,3902.57738763756,2429.12975264806,2576.81008667694,1e+09,3253.75411919832,4493.20336054357,4157.24618858446,2701.56098687407,3179.12016134968,4038.97927809738,4488.17030627181,4236.59497725473,4036.21529842004,4269.91208222137,3950.20532614445,4000.84740343843,3705.22793505339,4398.18563232613,4156.53766103472,4163.87940796801,3829.13293556126,4292.55919230009,4006.61842575507,3901.98155879804,3371.32741351237,4220.10158079163,3951.65137013629,4163.11110730905,4302.13798694324,3516.31673539231,3983.56778903033,3567.67605513729
4609.60736407126,3805.19084633084,4221.14675136982,4637.00596408933,5015.93637760688,2515.01934648623,2774.36623598976,3051.73099456685,2330.06139097235,2736.87225399725,2783.98406742927,3432.10353331598,2971.28149667782,2728.29898841751,3907.97309439305,3188.11991192301,2827.69563645029,2966.28911193768,2602.13431661396,2529.92927926849,2730.26885547926,3473.92602580999,2931.77746831167,2756.3510778201,3237.42437174986,3253.75411919832,1e+09,2265.30789421659,2066.51852774177,2376.70811140115,2609.89242393245,3079.07748959002,3177.69247582267,2933.02351093543,2275.79503536676,3293.73564068217,3313.35202870145,2845.49005463031,2737.82977986214,3094.24093764529,2466.81676429361,2586.48253705684,2422.88741154021,3013.49218515662,2574.80848814043,2542.80644977159,2351.69965903387,2697.01188343693,2376.05845456293,2707.28664145487,2833.35029163356,2900.91052395623,2887.83665580309,2830.82603866787
4781.58508884868,4914.01573861949,5238.48095537246,5999.21083638507,6023.15192307151,3594.68045400422,2561.77762914739,3355.39942737076,2300.11711295316,2949.35579645793,2715.50087473748,3177.95854412861,3115.75891690933,2162.71031268638,4560.18974751051,3510.25470936227,3854.84458825515,3347.42885946811,2169.01028916416,2356.62158322035,2130.20054445585,2835.22039411401,2795.15850289389,3459.2819196764,4098.58218726915,4493.20336054357,2265.30789421659,1e+09,1788.48836616289,2700.44192224162,2857.97238984214,2741.61543796718,2858.54851641528,1833.49275458072,1772.09334934704,3347.30449491826,3048.52744066705,2525.32092099202,2778.67805981549,2536.44639044471,2053.91254711587,2026.53973400474,2253.25160339453,2347.72657185627,2280.81519553865,2133.10322956954,2161.63221448516,2325.80600003526,1901.9372915793,2320.64120863179,2417.05590512508,3244.17057261174,3339.86605366143,2915.72902369202
4980.82399130907,4304.60903552228,4458.23336727678,5253.44570841843,5665.95119358612,3739.87211916397,3036.38971288272,2856.90497061068,2179.52592478273,2562.82968755241,2905.750308096,3353.37567846193,3103.67318440586,2660.521941631,4382.83665876336,3039.37314663731,3341.88180076735,3425.61830522608,2584.56486120972,2186.88657863182,2898.53471410987,3011.67165403203,2737.98341485116,2826.31917151973,3599.35215866689,4157.24618858446,2066.51852774177,1788.48836616289,1e+09,2294.85129707787,2536.94273648421,3117.4631817874,3287.48270751346,2535.51898506006,2229.31184891213,3122.08492607104,3401.96621223668,2720.33434215355,3009.68787624232,2908.85197510977,2304.06001929203,2600.18996040674,2526.68562870413,2623.66027699853,2412.98365462761,2459.38277836127,2665.50713114784,2406.2648119648,2387.5170934676,2418.38621491688,2954.49204158685,3057.69250509269,3211.82465092664,3141.55125851863
4801.93924943871,3306.27680674199,3548.97727408897,4409.70593983318,4485.95232535969,3310.65381291974,3549.62788413096,2926.64790728232,1757.13786883671,1844.52841634386,2783.3416499776,3726.28038719579,3046.18375921414,3224.09092728478,3509.58417287576,2857.98330257544,2596.56694583444,1962.29012279021,2619.185852684,3060.11946850119,2665.28948348955,3181.88100607172,3028.33385254995,1942.06184278462,2597.21236544107,2701.56098687407,2376.70811140115,2700.44192224162,2294.85129707787,1e+09,2040.60209818083,2954.02458698299,3603.86304247262,2709.21323356062,2700.18885661726,3418.04912704601,3498.77634573861,3116.66137034488,3081.17382776435,3345.92638526313,2800.03757756927,2778.97624093838,2584.62915471446,2754.74301541904,2686.36699261289,2903.99643921958,2642.8017052174,2849.8877976159,2583.71433515782,2894.82698312006,3333.85217907153,3146.49257075239,3335.78898577233,3112.12473082298
4748.01211476972,3986.44428175034,3966.62402802434,4876.27499223537,5053.64577625896,3650.12559730484,3412.96948988707,3012.32101793617,1875.9064873815,2761.51705263611,1950.63205505293,2719.92602963757,2446.18129328143,2960.32809484016,3263.44208175969,2905.33207053858,2576.8776230741,2101.56051121542,2003.85006644709,3060.3809866747,2591.71608624479,2488.13077045802,2550.97733659082,2464.07587608418,3353.78595862944,3179.12016134968,2609.89242393245,2857.97238984214,2536.94273648421,2040.60209818083,1e+09,2137.56197145252,2867.20491848769,2378.83548001958,2186.68541800141,2843.54651018759,2946.53585995487,2515.24420327331,2459.39570114286,2539.28676779524,2212.13452124865,1988.07696717205,2143.35326703276,2432.52882698232,2050.24195891607,2583.24226906808,2695.93252196712,2009.75417653503,1756.00044441908,2912.96120689926,2563.60139042715,2342.00835743598,2415.69383691311,2309.38787333354
5189.84445720679,4908.06822392477,4713.7239935639,5720.92587580892,5772.4996306886,3988.52243928751,3633.26794887192,3589.45147844347,2622.28890315312,3381.33467997476,2700.03398797126,2753.40486312856,2339.64644256349,3236.86683910537,3679.54942760659,3292.86533084789,3402.40966911688,2917.88319442366,1987.93886052866,3218.0466933219,2669.3232178026,2661.71306141365,3052.91916509429,3615.80616218569,4235.69916494314,4038.97927809738,3079.07748959002,2741.61543796718,3117.4631817874,2954.02458698299,2137.56197145252,1e+09,2635.38631623525,2168.5732701018,2433.07358797468,3003.58206143931,3125.82629402211,2850.06197660683,2430.49410857134,2770.77410820514,2320.93285824903,2104.83608620719,2167.09322870522,2252.24220742353,1843.23422876747,2328.34788446658,2704.45774583372,2183.46688115483,2226.52902577083,2896.8286118616,2237.35245609627,2705.29933528621,3063.98447624984,2432.19755470233
4552.3072951856,5285.9988630816,5445.08751726729,5998.79851441103,6132.33152335227,4588.54651223021,3481.15664021314,3309.24786945614,3406.11393957983,3780.84474322869,2605.83958704292,1723.26356837833,2434.39329829837,3066.81323205376,3358.56188146058,3661.94596143908,3594.04155013545,3540.71178133719,2102.81036472622,2034.37152427967,2185.19365684142,2299.68072725324,2116.10115882961,3654.82365534919,4189.34071394295,4488.17030627181,3177.69247582267,2858.54851641528,3287.48270751346,3603.86304247262,2867.20491848769,2635.38631623525,1e+09,2547.16638906845,2580.71601213694,3389.88597333303,2991.35776325735,2209.95896416653,2056.25594603396,1911.80080717108,2365.93741030907,2388.18208388724,2400.3206813049,2161.75109055136,2247.6289708713,2730.07363345753,2417.31537090219,2280.69686435966,2277.23075071456,2720.19403383288,2171.97777341298,2406.10307349872,2384.86021164763,2135.38424081007
4980.35261500629,4819.70856221618,4901.77638830047,5832.30242678653,5869.49435155193,3958.13050293949,3213.8814830513,3073.02412465311,1950.64284178319,2749.457581815,2536.24348499903,2513.36183704217,2989.14509189501,2599.81528080362,3939.30625839119,3305.8874812522,3426.92063063912,2877.86667952148,1973.42737043956,2590.7090705828,2126.54010272555,1913.69003438383,2572.89060070575,3028.75486289333,3804.34958113736,4236.59497725473,2933.02351093543,1833.49275458072,2535.51898506006,2709.21323356062,2378.83548001958,2168.5732701018,2547.16638906845,1e+09,1937.60626080223,3026.43154721861,2251.20190849244,1895.51068097756,2272.24866104042,2132.96015000281,1958.15821477735,2044.31636827571,1844.62258787536,2338.3334301378,2158.11482537422,2060.31722875386,2388.61823538212,2217.09536675805,1785.57620711075,2057.27350021819,2073.95780728538,2790.7918258265,2988.32081850326,2397.58087990791
4868.01693165708,4521.27871669067,4838.64924684565,5632.28977569514,5794.45774068635,3583.93727955722,2562.01952166645,3083.38612343638,2442.89912597717,2984.43470638913,2089.05540919814,2894.93752105292,2850.00647236107,2245.13530051086,3668.5495775715,3329.79108900243,3410.11594949497,2955.50568038703,2124.84486786683,2544.87461382678,2047.17894039578,2699.4341681545,2984.07942945559,3000.02382570539,3752.01994936061,4036.21529842004,2275.79503536676,1772.09334934704,2229.31184891213,2700.18885661726,2186.68541800141,2433.07358797468,2580.71601213694,1937.60626080223,1e+09,2518.86856352212,3075.21425255217,2491.19153868184,2104.5589177545,1852.13823744342,1483.86214635996,1865.28442638114,2110.14821891734,2122.79231994088,2230.97630323587,2042.20068200948,2164.46366592281,2171.54552441343,1605.05701210269,2296.22579765144,1869.95821587008,2431.09271653715,2504.21490842939,2333.02602150083
4901.65345302991,4792.91840901762,4721.46211766016,5457.80925453611,5910.21724026283,4267.14880707247,2828.59809769787,3188.8956456899,3302.77523019657,3732.75713037963,2932.48147598582,3070.2091491786,3430.61614719572,2465.2777451841,3071.49168668906,2636.37637242864,3252.05740449027,3795.88557768803,3101.61905185018,3050.22561955669,3349.0077642042,3138.09113212156,3511.90484805611,3085.34552491289,3626.65963769693,4269.91208222137,3293.73564068217,3347.30449491826,3122.08492607104,3418.04912704601,2843.54651018759,3003.58206143931,3389.88597333303,3026.43154721861,2518.86856352212,1e+09,3855.98009727747,2973.90341512632,2706.7722761252,2422.17157883169,2040.21518191097,2791.34674890097,2514.48985881829,2931.06452090363,2917.32690209719,2495.5744427486,2910.45279803676,2376.36881962796,2472.72363130213,3070.71575749043,2656.43526218879,2195.9088726311,2714.50691306911,2619.09940027102
5215.5354704383,4960.63959500184,5109.06865744629,5754.31481371153,5963.2083008981,4045.03478544993,3576.28103430086,4064.92376999865,2853.78504488337,3463.23046157774,3122.99950864549,2575.21690540816,3160.22026903189,3289.69315962751,4214.7590766733,3950.64519162377,2940.42071178599,3361.84621639658,2577.41245958034,3269.7516544227,3224.62616985287,2556.06541029372,2452.72956947969,3066.31801131259,4010.56039085562,3950.20532614445,3313.35202870145,3048.52744066705,3401.96621223668,3498.77634573861,2946.53585995487,3125.82629402211,2991.35776325735,2251.20190849244,3075.21425255217,3855.98009727747,1e+09,1520.35236386175,2789.52459243506,2899.89386676478,3093.11961800704,3272.24156583832,2673.33096467684,3497.28030050495,3177.30683367219,2780.20673945302,3020.64069283323,3185.88766937882,2937.97756424381,2738.68373619518,2766.54043632115,3067.92696606357,3330.37580640684,2770.5129178006
4704.15681616802,4880.84907252826,5008.36239399667,5693.83557461928,5980.73095572774,4013.08288598678,3134.47305364076,3162.28711036806,2563.88465023292,3266.0379588578,2529.28782539671,1998.35649046911,2659.55885990515,2290.55545866063,3648.6361174691,3043.57899506486,2649.87484515779,3152.31687747282,2157.92780395916,2377.30620368938,2616.30834692702,1729.81487541297,1695.0997530234,2727.16251481279,3580.41724772407,4000.84740343843,2845.49005463031,2525.32092099202,2720.33434215355,3116.66137034488,2515.24420327331,2850.06197660683,2209.95896416653,1895.51068097756,2491.19153868184,2973.90341512632,1520.35236386175,1e+09,2027.61827736386,1932.27548377554,2181.26931294602,2583.53713267296,2065.57956811157,2628.09471305735,2478.9552835015,2153.86915665739,2305.33702254139,2157.02731359619,2172.3754008228,2139.25081652433,2141.05807667611,2337.03070437682,2629.50054508456,2249.45442487729
4573.12563691399,4683.78554586992,4779.27001297269,5437.1739250184,5668.23625967549,3843.7994922082,3222.0426733518,2910.72287322239,2772.48681161877,3377.24410503594,2335.18062740337,2319.80402441672,2460.23824114658,2526.93352158303,3014.16490783102,2876.499484495,3022.64970148709,2800.77197252829,1951.59231516216,2623.71823426221,2128.22078316607,2473.88846731214,2355.19081150551,3102.42222044325,3693.35533033311,3705.22793505339,2737.82977986214,2778.67805981549,3009.68787624232,3081.17382776435,2459.39570114286,2430.49410857134,2056.25594603396,2272.24866104042,2104.5589177545,2706.7722761252,2789.52459243506,2027.61827736386,1e+09,2201.814235375,2161.24410562528,2272.84560135527,2149.52031683815,2026.25545795687,2163.59339611213,1702.88598358786,1990.0333070077,2184.97250795062,2105.71642900938,2721.54772412684,1614.92219236717,2035.63629676325,2575.71825122625,2184.01157659478
4479.66295306913,5002.32070597238,5253.27158475554,5989.5011289756,6081.55469676957,4319.12809363186,2734.57443153409,3342.96956671759,3038.38772237843,3567.02649458902,2321.90067386613,1892.0524411337,2485.52123666244,2042.44937983785,3190.28374350935,3320.89739588564,3432.81498554758,3520.11204208048,2090.91015983471,2317.39100418984,2020.45833478446,2179.10620314844,2482.48303959967,3120.64154125398,3814.06218585906,4398.18563232613,3094.24093764529,2536.44639044471,2908.85197510977,3345.92638526313,2539.28676779524,2770.77410820514,1911.80080717108,2132.96015000281,1852.13823744342,2422.17157883169,2899.89386676478,1932.27548377554,2201.814235375,1e+09,1521.96681218744,2011.37040803031,1975.0863441379,2142.09837794626,2189.90683007291,2350.44772445592,2136.50808547499,1958.12001062243,1800.39228178195,2101.33282894453,1791.74973316588,1911.61456763648,2066.18138051818,1706.37934281918
4433.92135713975,4390.59677003024,4494.39206362774,5313.85167220539,5508.53428848364,3827.14000551326,2783.9960709024,2871.41946371477,2361.32200008809,2981.69108864416,2052.31900885316,2459.17037193441,2526.23227113027,1840.06233361808,3291.31732269923,2934.44353344889,3317.64347656586,3085.41611005712,2222.04750811048,2312.4802727591,2111.03907595288,2113.33777929606,2704.61224975042,2830.08682372114,3519.97104902867,4156.53766103472,2466.81676429361,2053.91254711587,2304.06001929203,2800.03757756927,2212.13452124865,2320.93285824903,2365.93741030907,1958.15821477735,1483.86214635996,2040.21518191097,3093.11961800704,2181.26931294602,2161.24410562528,1521.96681218744,1e+09,1394.83614381762,1459.3112034107,1787.6176216406,1844.13427960114,1849.30967952909,2163.03674765363,1355.58727125921,1540.54847729632,2108.93451851877,1391.43346269234,1902.48149846457,2130.60285679899,1815.81294493679
4048.36176036678,4639.32458307241,4747.78156404652,5526.46046005036,5432.55606922745,3765.48716384746,2795.00327300345,3186.67527070143,2188.16974282161,3206.49840040503,1951.14581223444,2504.32359576393,2387.51800583786,2130.37295549394,3618.69251559178,3149.6612478646,3716.91524115092,2918.70068460265,1693.92906150169,2751.88494236224,1672.39172041122,2412.88318517495,2600.1307600965,3377.52790761231,4013.66209236652,4163.87940796801,2586.48253705684,2026.53973400474,2600.18996040674,2778.97624093838,1988.07696717205,2104.83608620719,2388.18208388724,2044.31636827571,1865.28442638114,2791.34674890097,3272.24156583832,2583.53713267296,2272.84560135527,2011.37040803031,1394.83614381762,1e+09,1622.47586955862,1724.01955809672,1429.31480636702,1962.2109907194,2139.10082889984,1331.93942914083,1116.31477926255,2790.62756836164,1590.15330600543,2390.02024612764,2493.02371743632,1981.80352348562
3948.34149975658,4256.0925668035,4422.22037350017,5030.53821410791,5228.39879714622,3516.62492020403,2765.13335117857,3189.51880784547,2247.62374998575,2963.80496934262,2476.03471524533,2031.62882126633,2511.78297671196,2229.8921003941,3223.73443945062,2977.39020573387,3190.14506130991,2585.72052403194,1834.66312507228,2367.08777781898,1993.34100359171,2023.29085808245,2556.80748006181,2726.59843651389,3332.40556805441,3829.13293556126,2422.88741154021,2253.25160339453,2526.68562870413,2584.62915471446,2143.35326703276,2167.09322870522,2400.3206813049,1844.62258787536,2110.14821891734,2514.48985881829,2673.33096467684,2065.57956811157,2149.52031683815,1975.0863441379,1459.3112034107,1622.47586955862,1e+09,2052.09277753224,1617.93131121194,2096.70304955184,2255.88691886362,1802.45747639161,1536.80897924889,1815.84589951901,1654.4082355634,1937.00703483493,2047.33439296076,1868.78719746257
4354.36371844383,4758.47151137842,4803.5381324811,5556.78614862944,5579.78099726145,4200.59641941475,3270.27198734295,2895.30307522373,2613.07595138373,3079.36465234308,2313.9247099895,2580.76994894934,2269.40240942412,2558.30088531431,3384.72089751873,2837.90496972679,3726.2445810494,3090.66379355633,1767.21458648915,2718.92288222745,1672.81010745392,2116.01198040087,2474.11333279217,3337.0101912041,3863.10302171713,4292.55919230009,3013.49218515662,2347.72657185627,2623.66027699853,2754.74301541904,2432.52882698232,2252.24220742353,2161.75109055136,2338.3334301378,2122.79231994088,2931.06452090363,3497.28030050495,2628.09471305735,2026.25545795687,2142.09837794626,1787.6176216406,1724.01955809672,2052.09277753224,1e+09,1391.32287309596,1864.12400901871,2182.84482671123,1516.43969632821,2018.66634992016,2726.68566296154,1753.65372981669,2227.45622336332,2711.47001259464,2322.17045235702
