1e+09,4168.95046770767,2906.82455476762,3609.17967729511,3446.82191119588,3726.74601734543,2671.02418334241,2912.53522898866,3051.9379025629,2519.58256574378,2644.27751255423,2213.33118357827,2378.01344020592,2122.71506465187,2393.13023826536,3227.93276748448,2936.88150969698,3685.40134515903,2356.92967843761,3066.93991594227,2366.95514908923,2254.8204928109,2796.13726862613,2404.97670136324,3245.27454494993,2789.44251715285,3391.03136387737,2344.36820971024,2519.81788066122,2404.74395651595,2549.77711418077,3069.55782952529,2994.5356946111,2740.21522762355,2361.83925977193,2997.26215324919,2802.01013736567,2450.61838871335,2612.82206361245,2338.27282758022,2164.0310877157,3082.2955329105,2009.26246794688,2580.58026311913,2471.9425243116,3423.00456917603,3238.02700635742,2378.79906179568,3101.7376862978,3150.67351294926,2593.3230906503,2002.12953504512,2333.01492249835,2456.54615611024
4168.95046770767,1e+09,4031.37348872565,4732.19339256121,4294.24027028065,4090.12518206962,5282.63931314641,4740.85236349963,4724.09501863584,4342.94368084598,4526.64788149023,4935.81629252954,4938.77170664934,4823.59569272757,4458.00995116655,4974.36701910907,4363.48804687259,5094.84603191304,4609.14170243224,4789.99115349914,4428.97196836918,4367.65284907123,4804.65308133688,3737.90832454462,4152.03442660342,4173.92964925141,4459.22579773664,4545.49570514592,4941.37843921107,4692.52312128561,4353.14505795523,5390.32537967793,5511.16592545534,5140.46372236008,4738.14845738291,5704.26233780495,5130.30074598946,4915.82032510343,4997.44016439417,4963.50100296152,4759.14352897662,5393.31230299155,4569.16882431586,4600.04403602835,4983.93666315093,5134.52128074273,5168.06106621236,4653.6242741545,5127.08400502664,4911.42848360841,4703.62407423255,4815.527482914,4756.00408752978,4894.95351149528
2906.82455476762,4031.37348872565,1e+09,2085.77479910943,2225.96803465369,2294.02463626701,3197.70977554249,4118.96638627945,2252.57839754802,2248.59710753172,1972.88260669509,2528.58617191505,3018.44571562916,3314.40537974763,3413.28094833988,3100.02573276417,2244.27564011197,3209.63441661196,2425.55356013839,3496.76719110667,3142.95398066851,3267.78605465535,2318.0886684508,2273.40132424964,2527.1883124334,2648.93565227621,2878.48242197169,3038.0411035567,3864.63978314927,3074.05931556306,2495.07469567546,3141.9179879494,3492.44487608609,3939.67377610127,3466.77254912981,4288.06648345149,3117.06871786619,3214.25642034048,3491.97485937399,3245.01005212619,3206.95808728458,4241.00217708032,3318.25417322121,3345.77750826321,3155.44392393527,3611.93931643376,3597.91269264556,3559.30228078482,3935.45667146775,4063.5945034415,3532.9814685758,3351.28117040334,3153.06519986505,3255.28572689096
3609.17967729511,4732.19339256121,2085.77479910943,1e+09,1839.34351552395,2503.55244294982,3707.11657426631,4779.76190778369,3005.65445879928,2964.35521882922,2806.12848159167,3294.8118576635,4150.17486867722,3813.99425011365,3932.27908128353,3572.20150842586,2659.28788952983,3383.52074660405,3382.39962167394,4252.01899182024,3976.61244566277,4344.65885829946,3224.97670614843,3000.89890127942,2701.51542140703,2968.56355995623,3220.82150104597,3775.91952214292,4310.99712274318,3610.02965854853,3356.19677703796,3995.21147770678,4046.9613502108,4762.36504815622,3985.74814525454,4571.71851617092,3623.93428007463,3739.86984339028,3983.67009769886,3981.97915290876,3873.86567544617,4526.75704331478,3850.71619994255,4036.69332260948,3826.0732017174,4171.39456028796,4108.25884102986,4288.5038184663,4258.74400857812,4624.67827689668,4063.36857271156,3766.69665897056,3524.80602555658,3806.97623403404
3446.82191119588,4294.24027028065,2225.96803465369,1839.34351552395,1e+09,2313.40401302928,3890.31785273389,4618.3902913028,2796.90633643674,2699.6152405667,2716.42079503526,3310.13419460601,3946.01836297045,3772.35207004861,3869.37172372984,3724.84932877828,2805.87953980566,2896.89340470097,3156.4073175685,4389.56809471046,3561.06165584085,3939.44121891671,3185.2565564017,3030.30662907238,2635.59095308813,2901.33944429121,3392.47228862669,3525.17158654724,4666.87305070537,3545.74958113232,3416.02733919095,3921.76345269574,4062.46271446274,4307.04812503877,4015.05342588365,4986.37799313289,3544.70568958835,3631.67148927322,3832.53294235027,3981.59215024593,3939.59020895575,4546.91670534001,3842.46476353395,3850.55250919917,3913.28401941387,4306.43736874229,4270.05007078371,4157.85410851559,4275.41347255444,4806.0097870999,4095.33006012946,3954.38026421334,3725.20773889189,3768.11959842041
3726.74601734543,4090.12518206962,2294.02463626701,2503.55244294982,2313.40401302928,1e+09,3534.13687782463,4698.37221249019,3269.44482459943,3094.40372375681,3110.61421918566,3617.80598404613,4012.38692944736,3556.04473274733,3813.812021967,3498.48056195829,2868.90320390912,3521.06670503414,3478.26497462456,4108.6566293863,3720.34468916524,4220.42074964096,3678.39058703667,3013.42608525578,2742.61064682904,2586.52219768167,2910.72290261371,3533.55566444056,4513.69595173401,3596.68017986031,3312.64460819449,3637.1763119486,4457.13205701828,4515.54624158584,4083.323047568,4640.29334414324,3624.22059261022,3780.50450621342,4057.01519180049,4217.49766672135,3803.90493277632,4544.08296304106,3639.57473132508,4137.13138984007,3865.11847452313,3807.37659978626,3875.09596052795,4078.25609271904,4192.53877050648,4316.48886561752,4044.82214299962,4021.15323404866,3841.28421255184,3601.51425421308
2671.02418334241,5282.63931314641,3197.70977554249,3707.11657426631,3890.31785273389,3534.13687782463,1e+09,3596.79838388253,3386.55777149896,2602.4523625227,3083.17979754668,3032.93705780387,3539.51755890545,2461.66575113276,2774.90851133871,3477.35006673185,3099.12364612966,4246.35532438113,3231.47504785353,3316.89650803277,3400.04214756229,3399.99003116186,3507.77774615211,2662.28054706862,3276.76656158171,3104.18823860603,3546.87667451238,2469.82064561377,3047.80038406389,2929.13176422639,3758.14828052327,3790.69544780374,3827.79563439586,3251.29855345522,2836.81661888815,2686.10011773575,3134.75175500389,3015.81826009128,3379.05723853562,2685.62098867282,2751.17873490619,3981.6454560395,2839.66364629686,3827.87121254099,3505.9719782822,3493.29942435515,3254.75403818783,3424.62716563424,3784.11548507706,3531.0526300524,3527.24633890235,2862.03247771579,3241.43311950131,3061.97444788489
2912.53522898866,4740.85236349963,4118.96638627945,4779.76190778369,4618.3902913028,4698.37221249019,3596.79838388253,1e+09,3838.44620967912,2659.1075995341,3033.60105087996,3082.84218430007,3832.77120870787,2871.96205086349,2487.60381274832,3593.01264249098,4045.18383373364,4261.20365910854,3549.11213945122,2503.42721765583,2108.49924640726,2481.87287101898,3592.04515972447,3047.16343933173,3680.11443629135,4090.85505475322,4144.10886096155,2313.68200451142,2408.67992626667,2649.04124307267,3301.77556664592,3815.1937381082,3157.14595864683,2469.29006939242,2285.17484409837,3311.22097631674,3680.20918679903,3062.87650035061,2939.2917678924,2832.76031790549,2553.8551250022,3169.01840548458,2453.72090442251,2670.80070812107,2979.89166145348,3562.68061093048,3403.73716214986,2727.10959792598,2996.75385667559,2778.51684239992,3214.47692768201,3079.277980209,3247.97192554061,2970.28142272748
3051.9379025629,4724.09501863584,2252.57839754802,3005.65445879928,2796.90633643674,3269.44482459943,3386.55777149896,3838.44620967912,1e+09,1844.13064642937,1865.53774073322,2254.31695213872,3168.45477141461,3060.60152437393,3472.34668393005,2561.45984038399,2213.41961342625,2481.62155998855,2041.48006397319,3652.74034663018,2939.53857649462,2869.91388067656,2157.7587670312,2211.55006893355,2729.28818046025,2891.49094949301,3020.84284028481,2414.01472423016,3696.3819263707,2910.51287592067,2390.05647466749,2590.78147019389,3265.84640134836,2878.11701787818,3046.06838634657,3781.07156597174,2713.5486625819,2437.33086494222,2838.43461034423,2718.41294550699,2824.28203820015,3414.4440354617,2908.90875247059,3034.95090924054,2702.77621060272,3156.58325610145,3205.48454143831,3016.24655704735,3162.98805443524,3757.20281098852,2976.57294249612,3185.40311408148,3155.00094245628,2932.74034329669
2519.58256574378,4342.94368084598,2248.59710753172,2964.35521882922,2699.6152405667,3094.40372375681,2602.4523625227,2659.1075995341,1844.13064642937,1e+09,1384.00850047968,2012.90758943375,2896.71734030091,2392.75445929999,2394.13586191344,2617.25110209166,2405.22864996241,2594.83021276923,2111.080755561,2629.14526574703,2070.04351504987,2163.82391913021,2321.14784660521,1586.63684884097,2162.63491872762,2680.20901492775,2807.54693057837,1553.8425145104,2753.60690700398,1900.51237633434,2542.97922095325,2670.79161249993,2526.95001788718,2212.91401005552,2121.22366656607,3076.04751593664,2668.07957750514,2101.54320376717,2485.29627664389,2137.80162531513,2088.2248756779,3234.92064817671,2281.98179022095,2519.16231525482,2596.74822778413,3018.39488016396,2859.53950437828,2681.53756087809,3046.34757773961,3131.95179755372,2752.82268471836,2642.82593927409,2684.75004486451,2598.92564077928
2644.27751255423,4526.64788149023,1972.88260669509,2806.12848159167,2716.42079503526,3110.61421918566,3083.17979754668,3033.60105087996,1865.53774073322,1384.00850047968,1e+09,1742.58865817496,2890.10044925778,2561.10670443463,2890.59572771773,2666.71551287347,2676.8306147009,2919.50332774258,2257.67401820989,2912.54734131482,2234.21205090296,2378.52859667484,1715.48085387159,2030.64494240131,2552.75617133717,3009.53692296672,3020.5528999506,2137.58855818888,3011.57899356799,2502.91538610477,2203.90212014962,2694.43182556175,2537.29064304821,2819.37619190842,2593.86850938902,3500.27765217275,2497.71237925827,2077.76856427755,2705.54861078119,2523.39395164528,2324.73687354075,3148.354639395,2610.97886339587,2547.36135084915,2505.72152868191,2651.1652486784,2913.58911521512,2607.02660853318,3032.1584602062,3379.0252575262,2692.61144413746,2735.74218268096,2757.14649980736,2583.94647934124
2213.33118357827,4935.81629252954,2528.58617191505,3294.8118576635,3310.13419460601,3617.80598404613,3032.93705780387,3082.84218430007,2254.31695213872,2012.90758943375,1742.58865817496,1e+09,2316.2382408552,2019.6915541488,2893.10667776009,2723.31140099696,2676.64882425768,3347.49460434218,2047.68006058075,2314.22313427206,2458.40254596354,2118.26688521536,1668.51994617985,2312.04183671057,2844.48688105605,3212.94852537354,3027.00142619722,2188.51788265483,2864.50896628026,2802.6842138921,2312.4275881852,2427.64763378049,1927.73403328883,2705.04224323762,2769.46648049764,3053.97081546304,2602.07140368976,1663.07134305778,2504.66789469183,2027.6378617988,1884.1974311096,3106.10620607216,2306.93623078316,2509.03900643254,2167.07928500551,3032.1952885657,2897.59756689917,2186.95270026583,3018.42669693998,3282.28186062684,2599.91101895815,2226.2392541908,2285.02525500267,2111.2294480468
2378.01344020592,4938.77170664934,3018.44571562916,4150.17486867722,3946.01836297045,4012.38692944736,3539.51755890545,3832.77120870787,3168.45477141461,2896.71734030091,2890.10044925778,2316.2382408552,1e+09,2839.02269252995,3100.19015321641,3412.23545855206,3049.73420392663,3688.83859184703,1973.82112023861,2933.86321957926,2765.2674575527,2645.77638117812,2523.71806044178,2896.11685988325,3606.79717559776,3080.65933661935,3230.11820984929,2690.07481905244,3282.25703032228,2894.34871330322,2755.43943675052,2361.25577983411,2512.25322511486,3128.65090780355,3100.05701999173,3763.95443496597,3107.06361816104,2565.2220994487,2694.17629324809,2771.35161681083,2612.6667916135,3603.61759508414,2749.62308269697,2648.49228830291,2380.93713535238,3319.14762368292,3033.72430205845,2738.21974085353,3690.75017125245,3446.16122576991,2803.62629783286,2749.86686719557,2930.52008670816,2707.68733285437
2122.71506465187,4823.59569272757,3314.40537974763,3813.99425011365,3772.35207004861,3556.04473274733,2461.66575113276,2871.96205086349,3060.60152437393,2392.75445929999,2561.10670443463,2019.6915541488,2839.02269252995,1e+09,2101.09570676826,2727.20042503297,2666.55563397804,3648.64586555067,2683.72217272951,2472.91321564264,2264.06700062079,2531.69211064458,2741.17501810811,2173.95317116078,2621.43356959508,2666.27606425141,3199.63357913059,1945.98298594823,2610.24532789545,2507.49685577071,2659.65187994595,2791.76159897295,2681.11983924628,2489.46706541782,2114.52337487671,2096.38607436703,2321.32477835395,1568.47535211746,2150.29718583269,1897.99213757592,1312.12689656908,2626.51559867822,1925.41704510997,2578.96415033245,2532.35550975766,2695.04392652513,2358.66927889435,2156.29160043348,2522.88183700704,2481.73022182106,2190.75493933028,1743.27437846141,2067.30862705596,1554.90932314396
2393.13023826536,4458.00995116655,3413.28094833988,3932.27908128353,3869.37172372984,3813.812021967,2774.90851133871,2487.60381274832,3472.34668393005,2394.13586191344,2890.59572771773,2893.10667776009,3100.19015321641,2101.09570676826,1e+09,3228.38848435253,3154.94948122787,3815.87923590357,2823.85045365366,2553.77432622775,1676.14397397718,2570.8568377683,3342.89664535115,2521.30970604565,3073.55076723974,2523.94688866466,3482.16999730053,1854.79648614073,2294.80404658001,1961.31330437031,2845.82944617206,3076.88256433358,2716.43608520429,2855.57463274907,1709.01529703511,2567.82728157483,2853.25736497779,2585.4244371476,2041.50371858589,1878.61005040961,1933.85531612373,2470.52439301862,1905.57045642506,1920.39851809462,2456.80245233515,2904.69767791762,2047.33726361828,2283.28271313475,2482.16858075756,2091.15683225816,2031.06897637673,1838.4335662732,2221.52286229514,1874.12222296199
3227.93276748448,4974.36701910907,3100.02573276417,3572.20150842586,3724.84932877828,3498.48056195829,3477.35006673185,3593.01264249098,2561.45984038399,2617.25110209166,2666.71551287347,2723.31140099696,3412.23545855206,2727.20042503297,3228.38848435253,1e+09,2601.2237371668,3326.63736158602,2493.52397548129,3552.84856021193,3108.7547667193,3407.0281758154,2804.26212355407,2704.85649525072,2946.13329686557,2877.12723237955,2881.92660933619,3014.75412896309,3533.68023331201,3254.67367347327,2856.77083841179,2522.50626139956,3657.39510341719,3555.32965179039,3419.06878401123,3352.30796820638,3468.10802618661,2886.75636064078,2901.32998910844,3077.66063408557,2727.52277211392,3572.1600551767,3219.83189426094,2966.37109290122,2816.2753269345,2811.6992865881,3133.52300733535,2917.68117483731,3587.14497769466,3657.24288761356,3039.14534306933,3323.26713468839,3597.17220705376,3041.14125734074
2936.88150969698,4363.48804687259,2244.27564011197,2659.28788952983,2805.87953980566,2868.90320390912,3099.12364612966,4045.18383373364,2213.41961342625,2405.22864996241,2676.8306147009,2676.64882425768,3049.73420392663,2666.55563397804,3154.94948122787,2601.2237371668,1e+09,2811.39875430363,2307.23387980066,3256.33342991777,3146.97362245062,3603.91184878321,2360.21992297328,1923.38501416123,1975.13982560729,1859.71357759737,2529.77680205191,2630.75114438823,3619.89664503008,2817.07037036706,2640.95959484427,3004.23273046547,3391.43493136755,3442.21802512566,3013.6394818226,3737.32108587154,2492.13153519231,2582.91082368323,2762.92132901029,2825.87858815626,2945.88055640415,3790.46374476792,3127.06885969913,3379.12834562406,3207.67953697061,3568.76259204784,3128.49286505499,3528.88941753634,3386.72372374837,3452.45864038948,3226.91352349269,3175.44319157185,2911.29319777311,2905.3099032117
3685.40134515903,5094.84603191304,3209.63441661196,3383.52074660405,2896.89340470097,3521.06670503414,4246.35532438113,4261.20365910854,2481.62155998855,2594.83021276923,2919.50332774258,3347.49460434218,3688.83859184703,3648.64586555067,3815.87923590357,3326.63736158602,2811.39875430363,1e+09,2683.99919157961,4026.22240581665,3263.76037927113,3699.29972282593,3624.06204297057,2694.28959326944,2811.22789360806,2600.78788723725,2547.79738976631,3115.36075150214,4364.28457461243,3067.64538741035,2762.09359665816,2882.75914462169,3633.6252350786,3223.36240972063,3282.00263599833,4585.49516711118,3258.31266504613,2992.98325434674,2974.24643145117,3410.08034305645,3464.20765063239,4019.19966477158,3539.04173157085,3756.45569303033,3717.21558949706,4308.01618484657,4092.02279448685,3765.77672674576,3648.6929043563,3982.54922052446,3801.9251001302,4088.58384177211,3333.26197624789,3582.36459275155
2356.92967843761,4609.14170243224,2425.55356013839,3382.39962167394,3156.4073175685,3478.26497462456,3231.47504785353,3549.11213945122,2041.48006397319,2111.080755561,2257.67401820989,2047.68006058075,1973.82112023861,2683.72217272951,2823.85045365366,2493.52397548129,2307.23387980066,2683.99919157961,1e+09,3085.10494737213,2504.46572711627,2467.53568734071,2350.66885811252,2152.48095043835,2793.7680106623,2394.26843670462,2497.56523628513,2438.95289245201,3386.68640877776,2624.42539049979,1960.14876437989,1911.60963674595,2722.18794630349,2755.48007330846,2814.17207226211,3546.19002116356,2581.53149641836,2283.6759262645,2422.64696957687,2215.59520398019,2535.37897058803,3320.51984744859,2544.95656379436,2478.99839396882,2167.70433542031,2988.07023911755,2867.34793476481,2359.30400107744,3115.62499696289,3218.41228208879,2621.5024019825,2884.05950448322,2745.8302558789,2473.75769395469
3066.93991594227,4789.99115349914,3496.76719110667,4252.01899182024,4389.56809471046,4108.6566293863,3316.89650803277,2503.42721765583,3652.74034663018,2629.14526574703,2912.54734131482,2314.22313427206,2933.86321957926,2472.91321564264,2553.77432622775,3552.84856021193,3256.33342991777,4026.22240581665,3085.10494737213,1e+09,2589.27748223322,2717.5360176454,3021.40483398038,2544.91045290399,3135.87090325798,3487.10973307408,3029.27163687907,2158.55202450624,2495.45051153093,2877.54886019334,3070.25055651815,3271.91723147148,2171.35262744217,2913.2854247224,2594.2471357602,3194.93640924198,3252.11506252469,2340.09122520897,2697.14913608796,2341.52394042854,2259.99280742218,3511.93921413797,2535.80961550744,2979.63561268824,2962.68626362968,3509.60478977334,2874.78608983347,2681.97931434976,3206.8381579057,2493.34265707704,3090.57853692476,2806.6754486937,2559.98158579315,2499.23113827033
2366.95514908923,4428.97196836918,3142.95398066851,3976.61244566277,3561.06165584085,3720.34468916524,3400.04214756229,2108.49924640726,2939.53857649462,2070.04351504987,2234.21205090296,2458.40254596354,2765.2674575527,2264.06700062079,1676.14397397718,3108.7547667193,3146.97362245062,3263.76037927113,2504.46572711627,2589.27748223322,1e+09,2189.40123545229,2798.03752876905,2508.57727421341,3053.47475484897,2814.54490635698,3516.87790860018,1700.50807886937,2663.02014474168,1832.16017345646,2183.24764289349,2537.62392178195,2252.03019200454,2308.45791681373,1738.47596595409,3250.43723112753,2552.94417473238,2283.60476792724,1770.32821180142,2197.2952946748,2076.21050454909,2343.19903704316,1932.79058619914,1437.26859987965,2083.2207803063,2807.78282190771,2311.56392706323,2162.97827774576,2204.83950059863,2372.42179314725,2090.64664123328,2275.70828910473,2429.84677862618,1876.87495324009
2254.8204928109,4367.65284907123,3267.78605465535,4344.65885829946,3939.44121891671,4220.42074964096,3399.99003116186,2481.87287101898,2869.91388067656,2163.82391913021,2378.52859667484,2118.26688521536,2645.77638117812,2531.69211064458,2570.8568377683,3407.0281758154,3603.91184878321,3699.29972282593,2467.53568734071,2717.5360176454,2189.40123545229,1e+09,2798.19039127076,2592.86451028587,3505.49118782233,3609.69391509862,3757.22569500423,2090.01290639556,2715.99384463588,2575.88336199448,2653.84760436616,2926.5739069089,2687.46478717396,2040.12539553332,2510.19714580349,3222.57948462098,3072.98679923946,2357.35633515597,2746.66086026288,2216.0774583033,1776.38788258646,2960.00337357916,1976.83459128476,2269.76165783987,2387.42501270721,3233.88412402176,3251.04635136136,2034.34481275914,3129.67374123885,3192.52233577151,2411.67785048086,2475.90606253549,2692.69563025604,2441.02913933857
2796.13726862613,4804.65308133688,2318.0886684508,3224.97670614843,3185.2565564017,3678.39058703667,3507.77774615211,3592.04515972447,2157.7587670312,2321.14784660521,1715.48085387159,1668.51994617985,2523.71806044178,2741.17501810811,3342.89664535115,2804.26212355407,2360.21992297328,3624.06204297057,2350.66885811252,3021.40483398038,2798.03752876905,2798.19039127076,1e+09,2638.25407064976,2947.69238793671,3354.41060091039,3512.80087508529,2555.49233086308,3325.91138341057,3073.75327301981,2661.52306238364,2963.71114415693,2603.4040398486,3302.88152389697,3240.86582764545,3884.97416713419,2650.1719507798,2316.50612390729,2916.84690837555,2785.68312569826,2706.90007580627,3421.04038868295,3058.43509237976,2728.00132177387,2572.07624888921,3004.55169055219,3039.04976374195,2966.92613140267,3403.3631203561,3755.81561727942,2918.32335889976,2867.15886132945,3065.98774169109,2744.04093404235
2404.97670136324,3737.90832454462,2273.40132424964,3000.89890127942,3030.30662907238,3013.42608525578,2662.28054706862,3047.16343933173,2211.55006893355,1586.63684884097,2030.64494240131,2312.04183671057,2896.11685988325,2173.95317116078,2521.30970604565,2704.85649525072,1923.38501416123,2694.28959326944,2152.48095043835,2544.91045290399,2508.57727421341,2592.86451028587,2638.25407064976,1e+09,1672.79614149483,2161.23915340251,2146.56335282703,1969.26556162443,2976.88136952079,2471.69065473412,2248.92114350415,2980.00886728547,3023.27948734483,2610.94503638051,2086.1564543677,3066.25979828846,2634.75494777029,1988.0906311836,2423.93583776469,2049.52546856583,2121.43970347969,3456.31314274329,2444.2424028316,2870.43510003275,2898.20787311746,3062.95361873144,2854.21199780255,2638.68324008396,2949.22634840054,2730.63568282186,2735.73294975953,2597.51887357917,2282.76733998452,2503.7943540954
3245.27454494993,4152.03442660342,2527.1883124334,2701.51542140703,2635.59095308813,2742.61064682904,3276.76656158171,3680.11443629135,2729.28818046025,2162.63491872762,2552.75617133717,2844.48688105605,3606.79717559776,2621.43356959508,3073.55076723974,2946.13329686557,1975.13982560729,2811.22789360806,2793.7680106623,3135.87090325798,3053.47475484897,3505.49118782233,2947.69238793671,1672.79614149483,1e+09,2491.5192446377,2537.98321253313,2792.19918440644,3928.58221349637,3039.33732219706,2810.53314406715,3454.9068692658,3511.01497963196,3519.43670799746,2991.10364422566,3797.32405209247,3275.47251369936,2807.72214893141,3213.37417494446,2865.62624016113,2872.59851905901,3990.68974332759,3209.81422020029,3366.48712412509,3421.39248292271,3628.27004944505,3324.117448256,3356.44522623266,3347.26505928347,3319.85630286915,3595.07179143894,3251.79942388826,2682.58235860523,2950.9375518977
2789.44251715285,4173.92964925141,2648.93565227621,2968.56355995623,2901.33944429121,2586.52219768167,3104.18823860603,4090.85505475322,2891.49094949301,2680.20901492775,3009.53692296672,3212.94852537354,3080.65933661935,2666.27606425141,2523.94688866466,2877.12723237955,1859.71357759737,2600.78788723725,2394.26843670462,3487.10973307408,2814.54490635698,3609.69391509862,3354.41060091039,2161.23915340251,2491.5192446377,1e+09,2225.76684158516,2662.89795561152,3565.6458614955,2563.02955595522,2511.41372276652,2748.81485031277,3548.37729730084,3515.17550384046,2744.16587634567,3633.88947121401,2537.57563402552,2741.58705070622,2435.91634922056,2826.5799446858,2884.89768912175,3465.60792117343,2870.43996188738,3185.10347400206,3209.18411930509,3432.90517079922,2902.38246611297,3243.10072062216,3186.65562185499,3070.96881780001,2836.3731814414,3028.77741631834,2704.36017085373,2677.87608230851
3391.03136387737,4459.22579773664,2878.48242197169,3220.82150104597,3392.47228862669,2910.72290261371,3546.87667451238,4144.10886096155,3020.84284028481,2807.54693057837,3020.5528999506,3027.00142619722,3230.11820984929,3199.63357913059,3482.16999730053,2881.92660933619,2529.77680205191,2547.79738976631,2497.56523628513,3029.27163687907,3516.87790860018,3757.22569500423,3512.80087508529,2146.56335282703,2537.98321253313,2225.76684158516,1e+09,3051.94974717802,3856.84170207957,3445.58617944756,2781.66512190091,2921.72455272567,3595.0688559609,3716.35728248779,3421.40037674634,4033.26073638936,3481.16292007427,2789.83004229648,3118.5094007394,3136.7023969768,3211.98330951454,4220.1661305214,3357.97398186764,3826.21052988463,3535.88320261006,3703.34586559236,3531.25071900878,3197.26125000758,3758.07889518036,3384.35156533715,3643.90029711297,3743.48765940266,3097.57558180587,3285.59099784194
2344.36820971024,4545.49570514592,3038.0411035567,3775.91952214292,3525.17158654724,3533.55566444056,2469.82064561377,2313.68200451142,2414.01472423016,1553.8425145104,2137.58855818888,2188.51788265483,2690.07481905244,1945.98298594823,1854.79648614073,3014.75412896309,2630.75114438823,3115.36075150214,2438.95289245201,2158.55202450624,1700.50807886937,2090.01290639556,2555.49233086308,1969.26556162443,2792.19918440644,2662.89795561152,3051.94974717802,1e+09,2181.30873807446,1749.14436028019,2602.80162430793,2705.02409695367,2371.80609717574,1665.47306180556,1497.64167199634,2691.64583691837,2244.85496275372,1640.11688168862,1815.37427931543,1741.94469369725,1701.60367826941,2439.55275398996,1597.19064322328,2315.63496240232,2304.31099663218,2708.52898760563,2147.92585710029,2194.8325476218,2272.39767054537,2246.29876225314,2174.8001583134,2146.34106096864,2326.85905153277,1891.41797924203
2519.81788066122,4941.37843921107,3864.63978314927,4310.99712274318,4666.87305070537,4513.69595173401,3047.80038406389,2408.67992626667,3696.3819263707,2753.60690700398,3011.57899356799,2864.50896628026,3282.25703032228,2610.24532789545,2294.80404658001,3533.68023331201,3619.89664503008,4364.28457461243,3386.68640877776,2495.45051153093,2663.02014474168,2715.99384463588,3325.91138341057,2976.88136952079,3928.58221349637,3565.6458614955,3856.84170207957,2181.30873807446,1e+09,2077.04552634265,3259.91993940035,3357.13031136714,2696.88288718661,2770.82908946041,2023.23153838111,2195.90122837982,3116.52988453504,2637.1399480877,2832.54303670747,2613.59699106423,2094.90199271947,2595.02564016235,1940.61237134055,2840.69717821171,2697.64608408887,3240.4948823135,2864.49736603126,2772.36407174455,3023.183430376,2543.69002508167,2473.1734536421,2267.87322419045,2841.66592292268,2843.49073175912
2404.74395651595,4692.52312128561,3074.05931556306,3610.02965854853,3545.74958113232,3596.68017986031,2929.13176422639,2649.04124307267,2910.51287592067,1900.51237633434,2502.91538610477,2802.6842138921,2894.34871330322,2507.49685577071,1961.31330437031,3254.67367347327,2817.07037036706,3067.64538741035,2624.42539049979,2877.54886019334,1832.16017345646,2575.88336199448,3073.75327301981,2471.69065473412,3039.33732219706,2563.02955595522,3445.58617944756,1749.14436028019,2077.04552634265,1e+09,2521.22256316256,2548.43816950696,2551.48037247007,2251.91918978013,1496.57584144607,2826.05053038689,2428.60152517864,2558.16303704436,2391.38189432387,2495.88669971215,2108.10221094709,2552.13596185626,1724.46633202855,2436.93557547179,2413.82354568432,3283.97405988537,2722.78616407899,2961.409264894,2652.21341256695,2537.86287490085,2476.46145786685,2471.09238295536,2535.2905335681,2532.7421292149
2549.77711418077,4353.14505795523,2495.07469567546,3356.19677703796,3416.02733919095,3312.64460819449,3758.14828052327,3301.77556664592,2390.05647466749,2542.97922095325,2203.90212014962,2312.4275881852,2755.43943675052,2659.65187994595,2845.82944617206,2856.77083841179,2640.95959484427,2762.09359665816,1960.14876437989,3070.25055651815,2183.24764289349,2653.84760436616,2661.52306238364,2248.92114350415,2810.53314406715,2511.41372276652,2781.66512190091,2602.80162430793,3259.91993940035,2521.22256316256,1e+09,2071.06335702218,2877.29606997612,3006.58552362975,2486.28410983138,3621.67664560214,2393.97183916186,2417.84765816625,2448.6013025603,2555.04307525333,2357.68750970098,2680.63775575888,2221.27931784816,2377.50262805323,1990.19551444073,2906.28752768889,2813.80561114303,2287.37102198135,2223.51952566196,2584.44732753446,2386.25712656872,2741.58357839042,2127.22202818606,2097.11791368535
3069.55782952529,5390.32537967793,3141.9179879494,3995.21147770678,3921.76345269574,3637.1763119486,3790.69544780374,3815.1937381082,2590.78147019389,2670.79161249993,2694.43182556175,2427.64763378049,2361.25577983411,2791.76159897295,3076.88256433358,2522.50626139956,3004.23273046547,2882.75914462169,1911.60963674595,3271.91723147148,2537.62392178195,2926.5739069089,2963.71114415693,2980.00886728547,3454.9068692658,2748.81485031277,2921.72455272567,2705.02409695367,3357.13031136714,2548.43816950696,2071.06335702218,1e+09,2591.44007715787,2953.68945529147,2986.85105604548,3347.22722358372,2847.46527959517,2501.20253800047,2533.60067992176,2773.25367902037,2449.64355994908,2922.03008649808,2521.38424717456,2585.13073495326,2058.82752514629,2960.0922830547,2738.39221301478,2567.56368528611,3031.22030842366,3111.12552704001,2537.57219185977,3010.37155070599,2966.63862022323,2504.70219828626
2994.5356946111,5511.16592545534,3492.44487608609,4046.9613502108,4062.46271446274,4457.13205701828,3827.79563439586,3157.14595864683,3265.84640134836,2526.95001788718,2537.29064304821,1927.73403328883,2512.25322511486,2681.11983924628,2716.43608520429,3657.39510341719,3391.43493136755,3633.6252350786,2722.18794630349,2171.35262744217,2252.03019200454,2687.46478717396,2603.4040398486,3023.27948734483,3511.01497963196,3548.37729730084,3595.0688559609,2371.80609717574,2696.88288718661,2551.48037247007,2877.29606997612,2591.44007715787,1e+09,2861.69158450033,2554.75245323299,3258.48846378194,2873.1352305452,2069.81398671475,2339.7134433943,2273.56247151909,2355.20721328294,2971.48399744976,2585.3291272486,2374.95998759979,2505.72052005007,3481.58396556797,2743.73549417578,2729.68672160378,3067.44369531048,3042.40862457692,2630.12252045413,2453.28808508092,2478.14123877151,2456.8452605323
2740.21522762355,5140.46372236008,3939.67377610127,4762.36504815622,4307.04812503877,4515.54624158584,3251.29855345522,2469.29006939242,2878.11701787818,2212.91401005552,2819.37619190842,2705.04224323762,3128.65090780355,2489.46706541782,2855.57463274907,3555.32965179039,3442.21802512566,3223.36240972063,2755.48007330846,2913.2854247224,2308.45791681373,2040.12539553332,3302.88152389697,2610.94503638051,3519.43670799746,3515.17550384046,3716.35728248779,1665.47306180556,2770.82908946041,2251.91918978013,3006.58552362975,2953.68945529147,2861.69158450033,1e+09,1964.0735450843,3030.71987392435,2665.63715422786,2049.50054584038,2436.99448530357,2288.77888711426,2187.52058932025,2920.37259330038,2132.28505303583,2998.01820563185,2943.20172285217,3518.36269067019,3272.78767523957,2678.59178093639,2817.06736374905,2886.29906258863,2844.75144963492,3009.40182318679,3013.64015282183,2733.47260769154
2361.83925977193,4738.14845738291,3466.77254912981,3985.74814525454,4015.05342588365,4083.323047568,2836.81661888815,2285.17484409837,3046.06838634657,2121.22366656607,2593.86850938902,2769.46648049764,3100.05701999173,2114.52337487671,1709.01529703511,3419.06878401123,3013.6394818226,3282.00263599833,2814.17207226211,2594.2471357602,1738.47596595409,2510.19714580349,3240.86582764545,2086.1564543677,2991.10364422566,2744.16587634567,3421.40037674634,1497.64167199634,2023.23153838111,1496.57584144607,2486.28410983138,2986.85105604548,2554.75245323299,1964.0735450843,1e+09,2399.24421226769,2382.2549821755,2082.45104693964,1837.93707354196,1817.87967852661,1775.36297077527,2287.9449159016,1653.4368245869,2333.50636973633,2498.94650212845,3024.28465098773,2356.47195402364,2495.05604498176,2027.95282519096,1801.45869050611,2146.08002756188,2011.70811856492,2008.10934941302,2099.69340669061
2997.26215324919,5704.26233780495,4288.06648345149,4571.71851617092,4986.37799313289,4640.29334414324,2686.10011773575,3311.22097631674,3781.07156597174,3076.04751593664,3500.27765217275,3053.97081546304,3763.95443496597,2096.38607436703,2567.82728157483,3352.30796820638,3737.32108587154,4585.49516711118,3546.19002116356,3194.93640924198,3250.43723112753,3222.57948462098,3884.97416713419,3066.25979828846,3797.32405209247,3633.88947121401,4033.26073638936,2691.64583691837,2195.90122837982,2826.05053038689,3621.67664560214,3347.22722358372,3258.48846378194,3030.71987392435,2399.24421226769,1e+09,3371.70239543765,2683.32513747403,3041.49657369526,2406.38228669096,1956.16432170204,2866.7563790284,2292.54320822967,3226.28773727639,2970.33680662648,3117.57928045142,2701.1393761152,2833.43114387839,3108.56533772414,2749.00458091652,2585.88213501699,2076.44371486443,2899.58465934347,2700.96588878868
2802.01013736567,5130.30074598946,3117.06871786619,3623.93428007463,3544.70568958835,3624.22059261022,3134.75175500389,3680.20918679903,2713.5486625819,2668.07957750514,2497.71237925827,2602.07140368976,3107.06361816104,2321.32477835395,2853.25736497779,3468.10802618661,2492.13153519231,3258.31266504613,2581.53149641836,3252.11506252469,2552.94417473238,3072.98679923946,2650.1719507798,2634.75494777029,3275.47251369936,2537.57563402552,3481.16292007427,2244.85496275372,3116.52988453504,2428.60152517864,2393.97183916186,2847.46527959517,2873.1352305452,2665.63715422786,2382.2549821755,3371.70239543765,1e+09,1914.32715553011,2266.94808771617,2591.31507850744,2581.22157400329,2673.17537425063,2436.90317620541,3121.8347964138,2907.5455542777,3040.59943243105,2723.79279432192,3092.68453006446,2515.1778790177,2994.81397701093,2385.14377646296,2829.13712965632,2695.8972062933,2201.92640381099
2450.61838871335,4915.82032510343,3214.25642034048,3739.86984339028,3631.67148927322,3780.50450621342,3015.81826009128,3062.87650035061,2437.33086494222,2101.54320376717,2077.76856427755,1663.07134305778,2565.2220994487,1568.47535211746,2585.4244371476,2886.75636064078,2582.91082368323,2992.98325434674,2283.6759262645,2340.09122520897,2283.60476792724,2357.35633515597,2316.50612390729,1988.0906311836,2807.72214893141,2741.58705070622,2789.83004229648,1640.11688168862,2637.1399480877,2558.16303704436,2417.84765816625,2501.20253800047,2069.81398671475,2049.50054584038,2082.45104693964,2683.32513747403,1914.32715553011,1e+09,1738.51761279545,1756.73557421144,1661.90759204596,2528.10088700985,2094.20356532024,2616.40498484084,2519.52478146177,2679.82797696046,2397.02209151272,2070.97947520008,2428.33103577334,2605.0820398022,2040.84283211618,2168.86482736938,2153.7328443658,1828.77672694072
2612.82206361245,4997.44016439417,3491.97485937399,3983.67009769886,3832.53294235027,4057.01519180049,3379.05723853562,2939.2917678924,2838.43461034423,2485.29627664389,2705.54861078119,2504.66789469183,2694.17629324809,2150.29718583269,2041.50371858589,2901.32998910844,2762.92132901029,2974.24643145117,2422.64696957687,2697.14913608796,1770.32821180142,2746.66086026288,2916.84690837555,2423.93583776469,3213.37417494446,2435.91634922056,3118.5094007394,1815.37427931543,2832.54303670747,2391.38189432387,2448.6013025603,2533.60067992176,2339.7134433943,2436.99448530357,1837.93707354196,3041.49657369526,2266.94808771617,1738.51761279545,1e+09,1935.39782166355,2068.16582998076,2410.69907613953,2238.60106521908,2011.19913725618,2390.56797029493,2859.67505124271,2160.33576061685,2345.78226745365,2300.05492797455,2464.56157750217,1798.8279767115,2234.46840881674,2358.61967186319,1750.78007590902
2338.27282758022,4963.50100296152,3245.01005212619,3981.97915290876,3981.59215024593,4217.49766672135,2685.62098867282,2832.76031790549,2718.41294550699,2137.80162531513,2523.39395164528,2027.6378617988,2771.35161681083,1897.99213757592,1878.61005040961,3077.66063408557,2825.87858815626,3410.08034305645,2215.59520398019,2341.52394042854,2197.2952946748,2216.0774583033,2785.68312569826,2049.52546856583,2865.62624016113,2826.5799446858,3136.7023969768,1741.94469369725,2613.59699106423,2495.88669971215,2555.04307525333,2773.25367902037,2273.56247151909,2288.77888711426,1817.87967852661,2406.38228669096,2591.31507850744,1756.73557421144,1935.39782166355,1e+09,1648.25222966632,2707.4798459453,2132.57628362973,2346.16464281602,2454.52732278539,3079.36836835089,2330.57636774683,1928.06164320542,2437.25088302374,2292.82017458849,2246.34464428324,1846.46719805687,1753.58235352663,1833.87492046213
2164.0310877157,4759.14352897662,3206.95808728458,3873.86567544617,3939.59020895575,3803.90493277632,2751.17873490619,2553.8551250022,2824.28203820015,2088.2248756779,2324.73687354075,1884.1974311096,2612.6667916135,1312.12689656908,1933.85531612373,2727.52277211392,2945.88055640415,3464.20765063239,2535.37897058803,2259.99280742218,2076.21050454909,1776.38788258646,2706.90007580627,2121.43970347969,2872.59851905901,2884.89768912175,3211.98330951454,1701.60367826941,2094.90199271947,2108.10221094709,2357.68750970098,2449.64355994908,2355.20721328294,2187.52058932025,1775.36297077527,1956.16432170204,2581.22157400329,1661.90759204596,2068.16582998076,1648.25222966632,1e+09,2269.17762059298,1422.92436309876,2122.83525992951,2035.15057774603,2625.98066249544,2333.10998426992,1812.0517173635,2427.5820442984,2276.1856307428,1778.58046421859,1498.8027813892,1798.91245623571,1566.24452768398
3082.2955329105,5393.31230299155,4241.00217708032,4526.75704331478,4546.91670534001,4544.08296304106,3981.6454560395,3169.01840548458,3414.4440354617,3234.92064817671,3148.354639395,3106.10620607216,3603.61759508414,2626.51559867822,2470.52439301862,3572.1600551767,3790.46374476792,4019.19966477158,3320.51984744859,3511.93921413797,2343.19903704316,2960.00337357916,3421.04038868295,3456.31314274329,3990.68974332759,3465.60792117343,4220.1661305214,2439.55275398996,2595.02564016235,2552.13596185626,2680.63775575888,2922.03008649808,2971.48399744976,2920.37259330038,2287.9449159016,2866.7563790284,2673.17537425063,2528.10088700985,2410.69907613953,2707.4798459453,2269.17762059298,1e+09,1857.07975302624,2231.84781748219,2059.98406175873,2572.82036209293,2177.51142538908,2191.43583912466,1434.53946163917,2242.52435117213,1607.10192399238,2212.98964166125,2572.35105057611,1945.08279929159
2009.26246794688,4569.16882431586,3318.25417322121,3850.71619994255,3842.46476353395,3639.57473132508,2839.66364629686,2453.72090442251,2908.90875247059,2281.98179022095,2610.97886339587,2306.93623078316,2749.62308269697,1925.41704510997,1905.57045642506,3219.83189426094,3127.06885969913,3539.04173157085,2544.95656379436,2535.80961550744,1932.79058619914,1976.83459128476,3058.43509237976,2444.2424028316,3209.81422020029,2870.43996188738,3357.97398186764,1597.19064322328,1940.61237134055,1724.46633202855,2221.27931784816,2521.38424717456,2585.3291272486,2132.28505303583,1653.4368245869,2292.54320822967,2436.90317620541,2094.20356532024,2238.60106521908,2132.57628362973,1422.92436309876,1857.07975302624,1e+09,2133.79475439884,1648.84126531331,2649.9552206594,2267.45687716437,1853.37915065968,1925.52686859986,2025.47049534176,1769.9046460191,1718.6892583594,1994.67318338118,1583.70595263136
2580.58026311913,4600.04403602835,3345.77750826321,4036.69332260948,3850.55250919917,4137.13138984007,3827.87121254099,2670.80070812107,3034.95090924054,2519.16231525482,2547.36135084915,2509.03900643254,2648.49228830291,2578.96415033245,1920.39851809462,2966.37109290122,3379.12834562406,3756.45569303033,2478.99839396882,2979.63561268824,1437.26859987965,2269.76165783987,2728.00132177387,2870.43510003275,3366.48712412509,3185.10347400206,3826.21052988463,2315.63496240232,2840.69717821171,2436.93557547179,2377.50262805323,2585.13073495326,2374.95998759979,2998.01820563185,2333.50636973633,3226.28773727639,3121.8347964138,2616.40498484084,2011.19913725618,2346.16464281602,2122.83525992951,2231.84781748219,2133.79475439884,1e+09,1484.38893808193,2482.84694679314,2090.73834855058,1937.65702455311,2437.62533142401,2682.45305793037,1657.87300566117,1958.65088259751,2573.7766175797,1893.64538245681
