1e+09,19850.4393904946,20670.1566119224,25250.5487178873,29017.5016822675,28361.0569518433,10030.4379583097,11885.0638490165,6279.04838350526,5577.70900598983,9427.99616922387,5491.8953920846,6554.51155717953,2041.10884357008,5988.06324566633,4141.32270969071,7894.91558347523,8914.84467090145,5728.81390150701,5473.18979816158,5300.92899438391,5347.22121411673,5136.38157194342,5055.28001521182,9708.88439539271,13583.359152117,12904.0859946995,3999.99532178477,3756.92085405056,4857.57050714655,6599.01625388209,8675.52949785199,11630.3903126034,9981.61518390185,3986.38377764861,6933.21093134343,4183.91729374518,5256.32529401482,5733.39308944538,5804.3513563705,7581.50397608548,6074.16839018314,5336.64366886154,5729.09453961968,6065.03669293105,6574.14265271906,7852.74745195591,5908.54816944061,3813.81746374941,6036.47856890091,4418.03224551383,6131.70880013883,6426.03217332438,9439.79027772863
19850.4393904946,1e+09,11241.6664608367,11637.3553965624,13749.6947476117,14502.5215437592,26630.0579718595,30566.0148554093,18664.9101213829,17067.684829736,14569.2298627004,23828.1413563606,25182.1877290536,20863.5353221835,23917.1834883291,18893.7930469215,12719.7081782209,14326.7711689829,23747.2911972755,23789.0126510286,22708.6496454545,23960.8670505723,23168.066480505,16806.8415742489,11713.3698603604,9534.33950237246,10275.8315818867,19265.0154343567,22612.7747556752,17877.6447578477,17080.3455935441,24746.6363836502,30415.6993100537,28947.7191834175,22059.5944214485,26228.9029563457,21423.9647653883,24371.2416354522,24794.0205388517,24846.0863992602,26292.9435786848,24708.5911035251,23465.3894324365,24247.2442880176,24237.1522625968,23796.0140509162,25280.3311328016,24560.5672655886,21203.6611145599,23775.2038271915,22829.938671339,24850.7033543399,23222.8984075653,27658.3489448918
20670.1566119224,11241.6664608367,1e+09,6924.19242804531,11417.8594562028,8500.25926835764,25083.9152566161,31648.2236332341,18065.1645657104,16277.273109096,11915.6835734716,23222.2606438994,24512.0840019122,21003.9769766847,23886.3420595766,19472.1225705571,13693.52828209,13863.4655461432,24250.405827963,23189.1322388075,22392.3665573315,24197.7464928514,22840.4761636617,16997.5013022679,11886.9217652301,8330.9287984834,8662.00495801059,18716.0807086553,23121.9900720375,17559.8408834562,16442.4692466916,23672.1447131243,30008.6794685788,29697.0738721764,21977.7919561202,26330.1248920794,21149.4867320061,24436.1143142624,24942.5283185867,24590.6819328094,25952.3687271509,25193.9862830141,23562.7898080639,24526.9029315342,23801.3875788367,23012.5479897273,24392.6233304907,24866.9618618399,21357.5563527619,23887.1586334583,22953.6374278457,24485.940996966,22451.3859448053,27078.0285676284
25250.5487178873,11637.3553965624,6924.19242804531,1e+09,5202.41830011774,5576.92574446711,30631.5487378144,36756.0813824515,23627.5416004459,21514.9638336879,17389.1873732357,28570.8417356297,29877.1657954867,25718.3952023547,29106.2760722065,24365.6376984474,18046.0099228278,18672.3915693223,29447.0137608128,28560.8408744543,27777.5333314947,29410.111336809,28193.9052849512,22012.8569875925,16166.5377908166,12343.7660328281,13201.5392959761,23881.7203821144,27950.8364361963,22504.0010143641,21878.4563997006,29359.5293803613,35425.2636961406,34762.2674396378,27014.8784578295,31301.3307675297,26310.4731404644,29475.4871938548,30049.9237503741,29826.524692421,31262.9617333515,30208.6966563521,28722.4090399848,29719.1132898695,29187.4116781396,28556.7976531106,29961.3134638253,30054.5422847562,26432.6393583653,29120.2259598513,28071.7585643899,29680.3801835944,27732.1062594604,32547.7934205239
29017.5016822675,13749.6947476117,11417.8594562028,5202.41830011774,1e+09,7985.56234645375,35100.2980841574,40602.459859341,27759.0812063764,25604.3609932351,21534.9045084649,32597.3249854187,33955.8702559719,29544.5231040933,33254.7508522331,28094.2095429752,21821.8886108375,22871.3153648692,33398.1124352844,32637.157316695,31867.7030410053,33251.661065416,32171.066021834,26134.1322342602,20213.0308112787,16525.1984905598,17415.2915523628,27827.1796755456,31802.6728350967,26587.8791369357,26072.9498934892,33658.6928085643,39579.4236094198,38595.9212571264,31073.8218014215,35280.4906867988,30411.4499071271,33435.8508423025,33976.2932023448,33800.6456830103,35413.1169097921,34128.2382326586,32808.3674555532,33599.3780875763,33213.5577726265,32720.5477381889,34206.5949465304,33950.7424505827,30407.0716995406,33250.554298685,32024.8449136073,33815.0870621576,32080.9634916347,36781.3680563883
28361.0569518433,14502.5215437592,8500.25926835764,5576.92574446711,7985.56234645375,1e+09,32461.4940560844,39423.2247374425,25854.3389321851,24049.8920573794,19953.0943137149,31187.1759188308,32385.789088273,28746.7538904065,31477.9407927552,27301.3747048441,21149.2162477644,20974.9770780947,32047.3464849962,31084.0011708306,30140.2829898659,32141.0581505277,30845.3985052341,24593.1772183974,19086.4509523431,15061.7164021137,15848.4354439011,26534.5021711394,30858.0761728547,25056.0530680113,24149.808655124,31269.0544866294,37775.5321460122,37455.0203652621,29633.8239465581,34057.4421293115,28818.6243559196,32219.2401669996,32758.4528086538,32517.4569441539,33684.4274141197,32872.1243081825,31179.629494529,32419.8482153387,31691.2078648243,30827.8658081126,32099.333746078,32739.6574170607,29055.4008838099,31498.0885087032,30756.0758734579,32218.1861354919,29966.0815732538,34740.9901128767
10030.4379583097,26630.0579718595,25083.9152566161,30631.5487378144,35100.2980841574,32461.4940560844,1e+09,10561.9350576066,9462.44055787406,10561.7810923726,14420.8575763857,7087.54643790783,6475.05472065681,9343.22260830812,5196.29615918877,11395.7104758984,15033.3868923972,13688.8657635467,7756.49140667351,6364.89452690302,6509.36693878906,8186.42009402156,7792.52929242489,10450.1303467612,15833.7531908704,19130.3968269532,18373.6903955928,9190.99479668006,8603.41868526111,9940.61403084337,10825.160471351,6125.52085782099,7762.50370729702,9423.54095175481,7047.43948867956,7242.7205400319,7083.07119484197,7488.25235807395,7507.95554829676,6893.97705387101,5581.42221163209,7878.0779096173,6091.07325995181,8216.95046684596,7055.89344242811,5998.6918542629,4632.17840447667,7903.14099649627,8141.29456331731,6030.12397193458,7934.61680848546,5586.33101817284,5015.29250517854,5094.00000887318
11885.0638490165,30566.0148554093,31648.2236332341,36756.0813824515,40602.459859341,39423.2247374425,10561.9350576066,1e+09,14056.6291597097,15468.7540667793,19908.574196087,9113.2088992846,8402.95966975922,11444.926134908,8528.68913025326,13054.6451575292,19019.9923641204,18979.5684428941,7938.19431288376,8963.93371078234,9591.82784626059,7875.54796755756,9370.81835571472,15011.1507469681,20837.2071087826,24784.0309905633,23941.7266017345,13161.132671085,9191.01338227728,14577.2126656264,15626.4548047406,10232.4504564596,5234.33895017317,2813.27673475256,10119.141364775,6398.43008033221,10883.4337416415,7886.53538668914,7235.0079728567,7593.19973650108,6796.21219886489,7123.97561231789,8611.11784305615,7693.57775761707,8580.08285976307,9465.74978702163,8746.04617865696,7248.5694154502,10600.4885490528,8322.19550693205,9210.73029508518,8218.77808699688,10754.1896234723,6960.90170521751
6279.04838350526,18664.9101213829,18065.1645657104,23627.5416004459,27759.0812063764,25854.3389321851,9462.44055787406,14056.6291597097,1e+09,3150.53879108003,6871.07033136032,6311.55412745546,7795.17635147532,6227.33582867505,6970.24429213926,4851.99590074023,7160.03976479181,6447.06681822827,6746.65627097602,6410.45937643317,5194.77693206359,7174.49093601072,5940.06067165985,3632.57256409284,8526.14683530022,11949.5521124434,10846.1973486748,3742.79488362641,7131.90088390185,4216.41236392979,2649.91810809315,6632.45890421494,12619.4172270394,12265.0890314787,5825.34980569408,9578.95752486146,4618.48157100361,7689.24149607099,7955.74824187518,7687.91111495184,8805.86396548346,8096.50752245065,6444.90220901761,7424.82599193409,6625.18638955917,5767.22163242406,7250.73579262133,7610.14380494876,4758.24103973307,6706.95397380957,6222.63180736254,7791.77662150937,6433.4756209999,9911.34218318084
5577.70900598983,17067.684829736,16277.273109096,21514.9638336879,25604.3609932351,24049.8920573794,10561.7810923726,15468.7540667793,3150.53879108003,1e+09,4746.66336179426,7532.06703908695,8969.57417899534,5606.44065346277,8020.16571027058,4799.99678967601,5087.63975136802,4805.29347952859,8324.3505968694,7404.79900353818,6456.85612032667,8313.11076207938,7206.63857340577,2308.13611923127,6235.74112530339,9777.98419700605,8823.58769768284,2948.24166679056,7280.97016158561,2432.59845334161,2793.80361072499,8679.40102943746,14210.5095367196,13507.8033306086,6022.07877170334,10330.9893000235,5206.09551529743,8471.60938836299,8943.65766626832,8691.94777859946,10073.8440571164,9163.06437469475,7549.37229303867,8681.69923588695,8085.97560463176,7382.80860938437,8885.48115817596,8933.13343441706,5426.72921376219,7937.89615020882,7112.50781454052,8753.44082273936,7339.43821690053,11507.7635128638
9427.99616922387,14569.2298627004,11915.6835734716,17389.1873732357,21534.9045084649,19953.0943137149,14420.8575763857,19908.574196087,6871.07033136032,4746.66336179426,1e+09,11539.0985333387,12981.9883523711,9482.87572890207,12499.6092210757,8126.32666523442,4837.07477582268,4954.79044255153,12701.1790689762,11534.1529834834,10792.0209661953,12492.1059462846,11161.5514838977,6037.56971551468,4727.50845907228,6683.82504993211,5537.02433983272,7081.43795506252,11453.4568485807,6356.81541928032,5501.95056449074,12525.9369565314,18408.2308387525,17905.4784048347,10379.193988427,14611.5184033282,9572.85573857666,12689.7274088453,13221.0863238616,12873.4409905083,14349.7805789113,13495.8413766612,12047.1054916565,12865.3922674359,12174.8208491583,11436.8601938294,13008.9885554912,13171.1347680183,9747.32995124819,12375.6861706856,11290.9576787755,12987.3480815831,11393.3195595445,15715.4719637496
5491.8953920846,23828.1413563606,23222.2606438994,28570.8417356297,32597.3249854187,31187.1759188308,7087.54643790783,9113.2088992846,6311.55412745546,7532.06703908695,11539.0985333387,1e+09,2481.40140803539,4560.32888591382,3922.67736074483,6094.53185811675,11591.345429509,11509.7991892778,3021.25636126761,1748.39269093073,3046.49844541237,2501.13382842662,1761.19331551082,7628.11788576973,13200.6783566262,16997.4782095051,15971.0026936195,5519.03773976044,4318.77675297068,7367.94629719164,7791.7724061859,4880.3368352707,7308.83726668613,7296.15395442695,4133.61726947476,4507.0282700134,3937.06425757823,2961.73885099615,3112.37535295793,2281.50747204562,3838.29586274951,4078.01385172979,3348.73590839887,2718.05112521821,1821.51674919557,2758.44258731263,3757.78910036207,2675.51484096052,3960.52457320997,3970.03643806956,2807.16488454098,3066.57034263035,4605.26500284186,5290.51643277856
6554.51155717953,25182.1877290536,24512.0840019122,29877.1657954867,33955.8702559719,32385.789088273,6475.05472065681,8402.95966975922,7795.17635147532,8969.57417899534,12981.9883523711,2481.40140803539,1e+09,5800.22829567078,3789.94272681,7590.94674759348,13022.0475873036,12580.6545364977,3396.83268741632,2497.90781413166,3632.896920792,3373.83525858925,3024.62678973787,8856.74096971341,14491.4504468842,18199.5822742007,17261.201416657,7017.48281405092,5233.19023971038,8473.58514111353,9098.19682161251,4682.19641118354,6044.49909727018,6535.8705402494,4753.32212240029,4365.99151358543,4858.138205249,2973.39645370408,2923.74208689823,2700.33474173111,2813.10444171559,4226.97596556924,3630.27630438786,3102.39747216568,2333.28274514685,3353.46340270771,3437.25288377216,3284.99162318567,5188.18952169251,4105.44395384957,3468.13285091561,2753.93374017967,4514.41409011181,4036.0838537746
2041.10884357008,20863.5353221835,21003.9769766847,25718.3952023547,29544.5231040933,28746.7538904065,9343.22260830812,11444.926134908,6227.33582867505,5606.44065346277,9482.87572890207,4560.32888591382,5800.22829567078,1e+09,5491.02633552235,4022.24879883132,8558.69763316242,9266.90952220858,5419.12993937219,4489.18699614975,4672.55046767823,4787.76560767129,4446.03967018964,5482.44037393021,10265.4329147971,14100.8286125568,13342.7814233652,3627.73700645458,3235.86369192214,4952.87855128712,6765.00080427933,7920.57683082489,10819.9583391804,9393.33984614631,3360.05295874931,5994.81619733249,3539.68450224028,4322.18197078744,4901.92925120304,4924.29824430852,6743.16940627328,5443.87036961756,4832.91696826047,5144.58814001665,5291.99513543805,5651.47181109488,6982.1906454708,5310.42917100869,3326.35402158279,5492.48582060072,3680.01440202345,5406.72809982156,5960.83411846866,8671.05895356501
5988.06324566633,23917.1834883291,23886.3420595766,29106.2760722065,33254.7508522331,31477.9407927552,5196.29615918877,8528.68913025326,6970.24429213926,8020.16571027058,12499.6092210757,3922.67736074483,3789.94272681,5491.02633552235,1e+09,7530.63081770047,12109.3246148701,11438.7794011686,3711.1501195721,3116.08778136945,2606.16784919928,4077.30311372603,4406.30527189163,7629.47102827581,13430.3882661746,17117.8482697768,16385.4980435475,6112.77992692359,4479.97588324982,7082.3593867863,8227.3018156319,4764.86429607392,7075.50393275278,6963.14764054303,3250.96545438428,4254.20063076485,3658.61879503727,3683.59112508432,3423.93919773702,3378.26844375932,3075.05047638246,3538.56366507655,1656.54286358669,3870.21680831966,3503.19761579332,3350.7849382197,2901.03070778301,3782.11503657676,3928.71814734781,1964.11959465303,3459.28224655058,2270.1036145075,2955.36209147035,4195.26941988235
4141.32270969071,18893.7930469215,19472.1225705571,24365.6376984474,28094.2095429752,27301.3747048441,11395.7104758984,13054.6451575292,4851.99590074023,4799.99678967601,8126.32666523442,6094.53185811675,7590.94674759348,4022.24879883132,7530.63081770047,1e+09,6892.70185892296,7877.97035836642,6197.73279854013,6317.82125097727,5791.61837324422,6213.99676273652,5304.19473375554,4675.64507414752,9014.25998542864,12752.9559859665,11759.207484835,4219.94177325944,5470.75508366076,5032.54759159812,5256.65950186999,8297.51791361128,12646.3886144662,11103.5002685234,5527.43970862641,8484.49427747465,4967.29986241016,6436.62756380234,6829.80439445377,7016.39534640117,8757.86424795452,7239.6515189683,6781.12953990705,6444.35490429415,6589.38902588093,6623.17502499368,8475.21219257666,6790.01496532961,4553.159587056,7061.07961833033,5223.94520065056,7909.57927024567,7881.7203530067,10564.9850164447
7894.91558347523,12719.7081782209,13693.52828209,18046.0099228278,21821.8886108375,21149.2162477644,15033.3868923972,19019.9923641204,7160.03976479181,5087.63975136802,4837.07477582268,11591.345429509,13022.0475873036,8558.69763316242,12109.3246148701,6892.70185892296,1e+09,4525.95150257932,11867.1312902529,11587.6796155097,10764.1604181144,12051.4295397061,11018.1419205509,4983.19309523522,2885.67037318887,6455.48194842182,5737.49256921523,7089.99184476964,10633.8410709207,6000.22612516395,5811.76872024343,13097.0702089399,18407.8700288572,17125.2918059372,9970.57245060182,14098.3504939514,9216.8679129355,12168.4864085925,12651.7378280416,12638.2035522775,14246.4028919303,12842.2616585904,11576.9241232548,12359.1825464834,12183.8183175144,11822.6272752845,13375.086043798,12650.5147588072,9185.08014723878,11953.7203704203,10832.0965001148,12832.2721081771,11500.8619622618,15768.5922112312
8914.84467090145,14326.7711689829,13863.4655461432,18672.3915693223,22871.3153648692,20974.9770780947,13688.8657635467,18979.5684428941,6447.06681822827,4805.29347952859,4954.79044255153,11509.7991892778,12580.6545364977,9266.90952220858,11438.7794011686,7877.97035836642,4525.95150257932,1e+09,11716.8789011323,11334.7798800065,10023.690819753,12280.2654882621,11128.5681459252,4753.76549790795,4016.15985959224,6671.19904580129,5851.91031605065,7330.0764046359,10992.5504979827,5178.82379495576,4629.96707989377,11472.3111057101,17622.498060888,16951.7899794152,9487.41073020453,14018.0904342567,8622.94899770375,11973.7163212096,12521.3264450297,12628.5278516817,13559.8991869151,12564.0593424657,11006.1249297334,12430.7032038176,11874.6730717565,11149.8048720415,12446.4996958302,12709.9214668266,8930.52428713455,11206.2937912452,10731.7250853859,12434.2241072373,10215.6028410026,14857.4768269313
5728.81390150701,23747.2911972755,24250.405827963,29447.0137608128,33398.1124352844,32047.3464849962,7756.49140667351,7938.19431288376,6746.65627097602,8324.3505968694,12701.1790689762,3021.25636126761,3396.83268741632,5419.12993937219,3711.1501195721,6197.73279854013,11867.1312902529,11716.8789011323,1e+09,3353.6354020078,3323.53189567965,2719.8493700571,2966.37381604207,7862.59367423371,13621.5698595867,17527.0096982543,16555.9153652675,6552.87269948074,4614.26113546904,7871.17816703446,8217.57669139145,4993.24159339402,7095.76628534227,6244.79567486399,4522.86514528125,4721.57900772612,4305.76511470377,3113.91689471636,2825.49307665052,3177.95098069495,4000.64373466321,3516.29962602734,3156.73931982038,2435.10057730682,2789.4613475544,3730.60875876847,4390.47054563631,2379.28370773643,4179.35127024518,3469.44766210704,3112.63315543287,3948.28271193946,5204.55557075722,5255.16917407994
5473.18979816158,23789.0126510286,23189.1322388075,28560.8408744543,32637.157316695,31084.0011708306,6364.89452690302,8963.93371078234,6410.45937643317,7404.79900353818,11534.1529834834,1748.39269093073,2497.90781413166,4489.18699614975,3116.08778136945,6317.82125097727,11587.6796155097,11334.7798800065,3353.6354020078,1e+09,2434.19498101528,2856.11962935729,2356.988136139,7361.36072734518,13089.1226195723,16846.2395113657,15878.4113971738,5293.36913277357,3946.24298204001,6997.67029491959,7740.95043043811,4744.71058183742,7261.18985087155,7129.08688458768,3300.62173434037,4228.11764304164,3477.3901994168,2728.58003027216,2876.68934495889,2081.37933532069,3395.36807219777,3951.15002552421,2885.06191890226,3078.77241058835,2291.49524304547,2545.53980173165,3261.91306866078,3032.39053113216,3669.93418307468,3058.37366011742,2739.78501975976,2761.86128746539,3984.62898341866,4988.70845614373
5300.92899438391,22708.6496454545,22392.3665573315,27777.5333314947,31867.7030410053,30140.2829898659,6509.36693878906,9591.82784626059,5194.77693206359,6456.85612032667,10792.0209661953,3046.49844541237,3632.896920792,4672.55046767823,2606.16784919928,5791.61837324422,10764.1604181144,10023.690819753,3323.53189567965,2434.19498101528,1e+09,3500.54650076242,3072.41401466339,6365.35289608518,12190.2983823449,15840.3455467266,14973.7337376187,4642.46732807028,4133.08319540026,5796.69101360423,6497.65457568345,3928.6013253065,8073.75673437093,7735.97763388701,2618.28973557168,5228.70258899854,2432.42195582921,3491.74265993358,3455.52269713281,3482.34425065932,4080.07645363417,3777.49678639175,2285.8097944711,3408.87570621165,2711.29250637035,2294.90308091649,3278.9076889263,3663.05420512719,2572.21754396863,2395.29002296173,2540.82018102423,3499.01620202022,3504.31778389175,5459.84366946527
5347.22121411673,23960.8670505723,24197.7464928514,29410.111336809,33251.661065416,32141.0581505277,8186.42009402156,7875.54796755756,7174.49093601072,8313.11076207938,12492.1059462846,2501.13382842662,3373.83525858925,4787.76560767129,4077.30311372603,6213.99676273652,12051.4295397061,12280.2654882621,2719.8493700571,2856.11962935729,3500.54650076242,1e+09,2634.54152259933,8263.24660191743,13878.6661545193,17709.2036558762,16792.3450939141,6017.21274355494,3684.24969964035,7923.55745990398,8661.8150659143,6017.13755980367,7323.75275378682,6085.49806970637,4349.81940335458,4107.28890237831,4675.51748825732,2900.14651698841,2477.23193375186,2172.79719028261,4015.68780279294,3134.11963230506,3417.91539604186,1536.7315191015,2406.23968961947,3817.64866675811,4688.0607506196,1601.83886976812,4097.30212836447,4028.9917284477,2525.58856821534,3612.71672390737,5796.94547822385,5683.62065377344
5136.38157194342,23168.066480505,22840.4761636617,28193.9052849512,32171.066021834,30845.3985052341,7792.52929242489,9370.81835571472,5940.06067165985,7206.63857340577,11161.5514838977,1761.19331551082,3024.62678973787,4446.03967018964,4406.30527189163,5304.19473375554,11018.1419205509,11128.5681459252,2966.37381604207,2356.988136139,3072.41401466339,2634.54152259933,1e+09,7141.51148411875,12745.0043486654,16582.3062057664,15580.6142078032,5349.17903846001,4270.0307095617,7123.51223910649,7429.01208173738,5322.44561855732,8035.80176560497,7540.09590971494,4119.56959872024,5198.45285059892,3796.57682531251,3106.36031256839,3348.31349958453,2939.0001006805,4513.55847809686,4418.29619632953,3911.96071148472,2835.47928966163,2545.02464318128,3080.90373528613,4484.33442370214,3187.09472827527,3911.38586664625,4281.90099105526,2720.4844545779,3967.60970722928,5168.12253020379,6071.17939210332
5055.28001521182,16806.8415742489,16997.5013022679,22012.8569875925,26134.1322342602,24593.1772183974,10450.1303467612,15011.1507469681,3632.57256409284,2308.13611923127,6037.56971551468,7628.11788576973,8856.74096971341,5482.44037393021,7629.47102827581,4675.64507414752,4983.19309523522,4753.76549790795,7862.59367423371,7361.36072734518,6365.35289608518,8263.24660191743,7141.51148411875,1e+09,6136.93305304042,10010.1747164273,9130.79696935596,3878.45045474349,7093.29703824674,2829.19339110991,2940.05778759534,8709.28234060075,14007.9632702724,13153.6199699664,5704.39605854117,10103.174524668,4947.14387125541,8131.77231598992,8657.99116747644,8595.41609744403,9788.89904892271,8929.88302474898,7256.29795397074,8521.82713156633,8153.89519946142,7459.47731384043,8878.11483911985,8753.61468640241,5271.83356782059,7488.23015691959,6878.42455399491,8524.17987118409,6888.97633201044,11239.2651207408
9708.88439539271,11713.3698603604,11886.9217652301,16166.5377908166,20213.0308112787,19086.4509523431,15833.7531908704,20837.2071087826,8526.14683530022,6235.74112530339,4727.50845907228,13200.6783566262,14491.4504468842,10265.4329147971,13430.3882661746,9014.25998542864,2885.67037318887,4016.15985959224,13621.5698595867,13089.1226195723,12190.2983823449,13878.6661545193,12745.0043486654,6136.93305304042,1e+09,4444.85020428135,3845.16431106656,8689.6123981913,12455.0303907578,7111.65979844368,6806.02722882446,14255.0688894302,19860.4548745088,18929.3856169132,11382.660965284,15732.4742706098,10667.9643108608,13792.2310567145,14365.3783136331,14306.4827091952,15649.3270682704,14549.9901490413,13028.7616491246,14129.1892510009,13788.2440374872,13232.660439579,14655.3712414289,14430.5915075682,10796.9244623782,13380.9294211015,12503.7636103895,14203.3512221658,12380.9661895468,17051.5354639106
13583.359152117,9534.33950237246,8330.9287984834,12343.7660328281,16525.1984905598,15061.7164021137,19130.3968269532,24784.0309905633,11949.5521124434,9777.98419700605,6683.82504993211,16997.4782095051,18199.5822742007,14100.8286125568,17117.8482697768,12752.9559859665,6455.48194842182,6671.19904580129,17527.0096982543,16846.2395113657,15840.3455467266,17709.2036558762,16582.3062057664,10010.1747164273,4444.85020428135,1e+09,2117.82098266119,12208.9386726816,16192.5243570976,10525.878028787,10090.0236275244,17595.8607057768,23624.8358839358,22803.14668883,15077.1195265243,19527.8775289815,14341.487905092,17641.4887034258,18161.9546271457,18106.6008214574,19392.0682092654,18273.6045467527,16754.8401991663,17954.8315507025,17485.9477248103,16823.9529766669,18188.7610520343,18268.3442065831,14502.5656496428,17072.0651221169,16228.0777731067,17936.7831774346,15936.6997966016,20712.6494638542
12904.0859946995,10275.8315818867,8662.00495801059,13201.5392959761,17415.2915523628,15848.4354439011,18373.6903955928,23941.7266017345,10846.1973486748,8823.58769768284,5537.02433983272,15971.0026936195,17261.201416657,13342.7814233652,16385.4980435475,11759.207484835,5737.49256921523,5851.91031605065,16555.9153652675,15878.4113971738,14973.7337376187,16792.3450939141,15580.6142078032,9130.79696935596,3845.16431106656,2117.82098266119,1e+09,11364.4547877978,15424.6154723027,9848.76256567799,9004.79236490215,16555.9018754733,22679.1463194208,21963.2182178182,14334.0722783478,18718.2930989313,13533.2461194312,16766.2946709373,17327.1095052377,17203.7515357087,18533.4335050147,17487.6832501878,15954.4283326229,17065.6593562482,16524.0247180098,15842.8053624319,17280.8485293634,17321.8476501844,13674.4967745581,16231.75357568,15399.6645511388,17140.5201899797,15144.8599801319,19854.3630643418
3999.99532178477,19265.0154343567,18716.0807086553,23881.7203821144,27827.1796755456,26534.5021711394,9190.99479668006,13161.132671085,3742.79488362641,2948.24166679056,7081.43795506252,5519.03773976044,7017.48281405092,3627.73700645458,6112.77992692359,4219.94177325944,7089.99184476964,7330.0764046359,6552.87269948074,5293.36913277357,4642.46732807028,6017.21274355494,5349.17903846001,3878.45045474349,8689.6123981913,12208.9386726816,11364.4547877978,1e+09,4922.74844651847,2961.09076048,4519.3473058507,7569.35302338318,12158.7126350778,11170.1509256769,4029.5893866249,7978.14136974271,3569.53608086541,6348.17978085057,6664.58323856789,6329.75959817591,8039.07341686217,6869.61346647684,5531.09135029426,6520.69935694017,6010.10171109441,5615.55894021245,7059.8338861265,6661.73819726504,3371.86555747705,6004.92345064448,5034.50941295177,6659.67363981149,6137.9470189877,9594.51826565565
3756.92085405056,22612.7747556752,23121.9900720375,27950.8364361963,31802.6728350967,30858.0761728547,8603.41868526111,9191.01338227728,7131.90088390185,7280.97016158561,11453.4568485807,4318.77675297068,5233.19023971038,3235.86369192214,4479.97588324982,5470.75508366076,10633.8410709207,10992.5504979827,4614.26113546904,3946.24298204001,4133.08319540026,3684.24969964035,4270.0307095617,7093.29703824674,12455.0303907578,16192.5243570976,15424.6154723027,4922.74844651847,1e+09,6191.5805574748,8112.25746143452,7236.67951325054,9093.58224988921,7228.60342975737,2769.90340017482,4035.18297797014,3849.78447959103,3277.33297254032,3671.46498658233,3805.11850356858,5306.33317035408,3432.59277481323,3680.68004629579,4137.62336810638,4534.06389760886,5037.68716818542,6026.24479955801,4014.74290521822,3304.93293868423,4001.83073982396,3108.18865350866,4459.98987766789,5884.2615696959,7472.09998006585
4857.57050714655,17877.6447578477,17559.8408834562,22504.0010143641,26587.8791369357,25056.0530680113,9940.61403084337,14577.2126656264,4216.41236392979,2432.59845334161,6356.81541928032,7367.94629719164,8473.58514111353,4952.87855128712,7082.3593867863,5032.54759159812,6000.22612516395,5178.82379495576,7871.17816703446,6997.67029491959,5796.69101360423,7923.55745990398,7123.51223910649,2829.19339110991,7111.65979844368,10525.878028787,9848.76256567799,2961.09076048,6191.5805574748,1e+09,3697.71012518559,8223.55383696124,13460.214640562,12552.9439848109,4819.85978177789,9347.87352575975,4306.16999288231,7668.45062400483,8158.61207493039,8175.45360260212,9247.89450278819,8072.59966752966,6562.54378607107,8187.16496759409,7664.69115600231,7101.32528548017,8373.5577329293,8426.42789017387,4540.53734644921,6906.18064480651,6420.68503392746,7993.13148440585,6507.33551460965,10808.4697309564
6599.01625388209,17080.3455935441,16442.4692466916,21878.4563997006,26072.9498934892,24149.808655124,10825.160471351,15626.4548047406,2649.91810809315,2793.80361072499,5501.95056449074,7791.7724061859,9098.19682161251,6765.00080427933,8227.3018156319,5256.65950186999,5811.76872024343,4629.96707989377,8217.57669139145,7740.95043043811,6497.65457568345,8661.8150659143,7429.01208173738,2940.05778759534,6806.02722882446,10090.0236275244,9004.79236490215,4519.3473058507,8112.25746143452,3697.71012518559,1e+09,7970.0331507278,14151.0628338616,13805.7573127844,6685.83420813738,10913.9117466883,5583.4231611172,8891.18939894433,9256.39658930515,9130.6116332478,10180.1280217196,9324.66549337294,7717.30668812637,8797.22817814225,8066.99372232308,7363.90794437981,8808.34987755369,9053.07411721565,5644.03761541328,7882.74251010396,7336.77258066515,9063.4487980404,7180.98346923317,11352.3238439053
8675.52949785199,24746.6363836502,23672.1447131243,29359.5293803613,33658.6928085643,31269.0544866294,6125.52085782099,10232.4504564596,6632.45890421494,8679.40102943746,12525.9369565314,4880.3368352707,4682.19641118354,7920.57683082489,4764.86429607392,8297.51791361128,13097.0702089399,11472.3111057101,4993.24159339402,4744.71058183742,3928.6013253065,6017.13755980367,5322.44561855732,8709.28234060075,14255.0688894302,17595.8607057768,16555.9018754733,7569.35302338318,7236.67951325054,8223.55383696124,7970.0331507278,1e+09,7277.8062485477,8602.26499437212,5899.25274500084,6856.46847088208,5290.96209844675,5737.89134963359,5703.41288202073,5724.66688121676,4723.41800620059,5773.57448542928,4597.8108203905,5634.73061530008,4234.82329630175,3418.0849236378,3240.21340786375,5648.66841113018,5778.78327746421,4401.5463349941,5397.6934882318,5250.2362559222,4554.36198516324,4944.15374178433
11630.3903126034,30415.6993100537,30008.6794685788,35425.2636961406,39579.4236094198,37775.5321460122,7762.50370729702,5234.33895017317,12619.4172270394,14210.5095367196,18408.2308387525,7308.83726668613,6044.49909727018,10819.9583391804,7075.50393275278,12646.3886144662,18407.8700288572,17622.498060888,7095.76628534227,7261.18985087155,8073.75673437093,7323.75275378682,8035.80176560497,14007.9632702724,19860.4548745088,23624.8358839358,22679.1463194208,12158.7126350778,9093.58224988921,13460.214640562,14151.0628338616,7277.8062485477,1e+09,4764.98665154479,9142.83364737651,5791.4917870269,9564.63055834359,6823.46158944271,6385.03791247946,6437.50914095662,4575.28440955314,6612.94418890709,7309.72059455763,6856.25995872385,6775.34707598806,7418.34930563397,6072.87154408028,6548.66825474463,9719.51093461497,7159.86534051444,8112.43858927142,6251.98454535838,8329.08119596033,3718.58614919703
9981.61518390185,28947.7191834175,29697.0738721764,34762.2674396378,38595.9212571264,37455.0203652621,9423.54095175481,2813.27673475256,12265.0890314787,13507.8033306086,17905.4784048347,7296.15395442695,6535.8705402494,9393.33984614631,6963.14764054303,11103.5002685234,17125.2918059372,16951.7899794152,6244.79567486399,7129.08688458768,7735.97763388701,6085.49806970637,7540.09590971494,13153.6199699664,18929.3856169132,22803.14668883,21963.2182178182,11170.1509256769,7228.60342975737,12552.9439848109,13805.7573127844,8602.26499437212,4764.98665154479,1e+09,8087.34557970661,4517.8211330906,8850.60928929755,5671.26672460395,5147.995750581,5742.72405185031,5109.78985216613,5197.36360200054,6829.77334210294,5997.6812812953,6816.86370281085,7745.56280973823,7260.18578648646,5585.16837673673,8670.91199549967,6643.83529939598,7223.96122401692,6598.60763259947,9123.86899302593,5896.89640928175
3986.38377764861,22059.5944214485,21977.7919561202,27014.8784578295,31073.8218014215,29633.8239465581,7047.43948867956,10119.141364775,5825.34980569408,6022.07877170334,10379.193988427,4133.61726947476,4753.32212240029,3360.05295874931,3250.96545438428,5527.43970862641,9970.57245060182,9487.41073020453,4522.86514528125,3300.62173434037,2618.28973557168,4349.81940335458,4119.56959872024,5704.39605854117,11382.660965284,15077.1195265243,14334.0722783478,4029.5893866249,2769.90340017482,4819.85978177789,6685.83420813738,5899.25274500084,9142.83364737651,8087.34557970661,1e+09,4898.84354140852,1975.75530969804,3394.88578847654,3829.05505168051,3946.03415508533,4889.87388936566,4049.57018111799,2847.53564355216,4540.09851838041,4286.75581260468,4032.44619847556,4910.9005621678,4621.4435801706,2291.48444160112,2932.95047648268,2961.89535049772,3934.26095001336,3878.83264466257,6763.2259248823
6933.21093134343,26228.9029563457,26330.1248920794,31301.3307675297,35280.4906867988,34057.4421293115,7242.7205400319,6398.43008033221,9578.95752486146,10330.9893000235,14611.5184033282,4507.0282700134,4365.99151358543,5994.81619733249,4254.20063076485,8484.49427747465,14098.3504939514,14018.0904342567,4721.57900772612,4228.11764304164,5228.70258899854,4107.28890237831,5198.45285059892,10103.174524668,15732.4742706098,19527.8775289815,18718.2930989313,7978.14136974271,4035.18297797014,9347.87352575975,10913.9117466883,6856.46847088208,5791.4917870269,4517.8211330906,4898.84354140852,1e+09,5862.90639278848,2972.28676150199,2907.73517614655,3047.40928952775,3008.60175016568,3034.98881684925,3994.90529686249,4081.35489789849,4410.77357127976,5128.69881671755,4969.83374698792,3604.48786668786,5766.70424536407,4203.32194252356,4342.70120357134,3318.968113375,6114.74588542321,4930.17469455191
4183.91729374518,21423.9647653883,21149.4867320061,26310.4731404644,30411.4499071271,28818.6243559196,7083.07119484197,10883.4337416415,4618.48157100361,5206.09551529743,9572.85573857666,3937.06425757823,4858.138205249,3539.68450224028,3658.61879503727,4967.29986241016,9216.8679129355,8622.94899770375,4305.76511470377,3477.3901994168,2432.42195582921,4675.51748825732,3796.57682531251,4947.14387125541,10667.9643108608,14341.487905092,13533.2461194312,3569.53608086541,3849.78447959103,4306.16999288231,5583.4231611172,5290.96209844675,9564.63055834359,8850.60928929755,1975.75530969804,5862.90639278848,1e+09,3954.41214483266,4417.05474512146,4507.233422633,5415.10191480271,4715.04891989468,3153.83374002182,4849.959446882,4270.81004736806,3685.76875085782,4847.02963096988,4952.05107801808,2174.44543051786,3425.64600604032,3220.77280283785,4481.49854236281,3784.14104778086,6962.67857056464
5256.32529401482,24371.2416354522,24436.1143142624,29475.4871938548,33435.8508423025,32219.2401669996,7488.25235807395,7886.53538668914,7689.24149607099,8471.60938836299,12689.7274088453,2961.73885099615,2973.39645370408,4322.18197078744,3683.59112508432,6436.62756380234,12168.4864085925,11973.7163212096,3113.91689471636,2728.58003027216,3491.74265993358,2900.14651698841,3106.36031256839,8131.77231598992,13792.2310567145,17641.4887034258,16766.2946709373,6348.17978085057,3277.33297254032,7668.45062400483,8891.18939894433,5737.89134963359,6823.46158944271,5671.26672460395,3394.88578847654,2972.28676150199,3954.41214483266,1e+09,1529.59451607281,2249.17420510284,3134.22865351269,2756.87234158566,3159.5051158528,2849.93127699599,3196.02509844651,3900.04154247105,4528.57797833934,2788.52411025976,4056.97704919562,3388.78013932743,2429.18264848488,3090.01376349686,4969.23920037062,5255.99590035989
5733.39308944538,24794.0205388517,24942.5283185867,30049.9237503741,33976.2932023448,32758.4528086538,7507.95554829676,7235.0079728567,7955.74824187518,8943.65766626832,13221.0863238616,3112.37535295793,2923.74208689823,4901.92925120304,3423.93919773702,6829.80439445377,12651.7378280416,12521.3264450297,2825.49307665052,2876.68934495889,3455.52269713281,2477.23193375186,3348.31349958453,8657.99116747644,14365.3783136331,18161.9546271457,17327.1095052377,6664.58323856789,3671.46498658233,8158.61207493039,9256.39658930515,5703.41288202073,6385.03791247946,5147.995750581,3829.05505168051,2907.73517614655,4417.05474512146,1529.59451607281,1e+09,1783.69139469248,2916.35902112549,2353.27411187052,3125.75905835687,2098.56923931521,2841.77937027138,3877.25384190925,4206.18222828018,2198.65088572515,4234.49518846108,3274.60342522572,2482.32534714932,2987.67101569098,5254.5303549128,4772.66519246846
5804.3513563705,24846.0863992602,24590.6819328094,29826.524692421,33800.6456830103,32517.4569441539,6893.97705387101,7593.19973650108,7687.91111495184,8691.94777859946,12873.4409905083,2281.50747204562,2700.33474173111,4924.29824430852,3378.26844375932,7016.39534640117,12638.2035522775,12628.5278516817,3177.95098069495,2081.37933532069,3482.34425065932,2172.79719028261,2939.0001006805,8595.41609744403,14306.4827091952,18106.6008214574,17203.7515357087,6329.75959817591,3805.11850356858,8175.45360260212,9130.6116332478,5724.66688121676,6437.50914095662,5742.72405185031,3946.03415508533,3047.40928952775,4507.233422633,2249.17420510284,1783.69139469248,1e+09,2940.18918707623,3151.27324694321,3226.08631015973,2401.20850404541,2510.3076384778,3532.39187156521,3816.15128489425,2088.69545975472,4338.41175044509,3461.17313467558,2911.10294215096,2545.26719149483,4990.35844430037,4654.02162525058
7581.50397608548,26292.9435786848,25952.3687271509,31262.9617333515,35413.1169097921,33684.4274141197,5581.42221163209,6796.21219886489,8805.86396548346,10073.8440571164,14349.7805789113,3838.29586274951,2813.10444171559,6743.16940627328,3075.05047638246,8757.86424795452,14246.4028919303,13559.8991869151,4000.64373466321,3395.36807219777,4080.07645363417,4015.68780279294,4513.55847809686,9788.89904892271,15649.3270682704,19392.0682092654,18533.4335050147,8039.07341686217,5306.33317035408,9247.89450278819,10180.1280217196,4723.41800620059,4575.28440955314,5109.78985216613,4889.87388936566,3008.60175016568,5415.10191480271,3134.22865351269,2916.35902112549,2940.18918707623,1e+09,3386.07031907195,3270.08919061851,3704.09572320965,3352.51471313699,3761.9811187591,2956.06116875142,3477.79406960792,5660.68249273884,3292.7093163837,4107.14631119954,2318.28252292511,4487.98372704269,2472.90421025563
6074.16839018314,24708.5911035251,25193.9862830141,30208.6966563521,34128.2382326586,32872.1243081825,7878.0779096173,7123.97561231789,8096.50752245065,9163.06437469475,13495.8413766612,4078.01385172979,4226.97596556924,5443.87036961756,3538.56366507655,7239.6515189683,12842.2616585904,12564.0593424657,3516.29962602734,3951.15002552421,3777.49678639175,3134.11963230506,4418.29619632953,8929.88302474898,14549.9901490413,18273.6045467527,17487.6832501878,6869.61346647684,3432.59277481323,8072.59966752966,9324.66549337294,5773.57448542928,6612.94418890709,5197.36360200054,4049.57018111799,3034.98881684925,4715.04891989468,2756.87234158566,2353.27411187052,3151.27324694321,3386.07031907195,1e+09,2725.25527694196,2770.61664226576,3281.08743323003,4280.04908263912,4488.35574542616,2477.9717990526,3996.27256594192,2933.81001104366,2915.87523352766,3407.04338836476,5448.45300397278,5115.58675770434
5336.64366886154,23465.3894324365,23562.7898080639,28722.4090399848,32808.3674555532,31179.629494529,6091.07325995181,8611.11784305615,6444.90220901761,7549.37229303867,12047.1054916565,3348.73590839887,3630.27630438786,4832.91696826047,1656.54286358669,6781.12953990705,11576.9241232548,11006.1249297334,3156.73931982038,2885.06191890226,2285.8097944711,3417.91539604186,3911.96071148472,7256.29795397074,13028.7616491246,16754.8401991663,15954.4283326229,5531.09135029426,3680.68004629579,6562.54378607107,7717.30668812637,4597.8108203905,7309.72059455763,6829.77334210294,2847.53564355216,3994.90529686249,3153.83374002182,3159.5051158528,3125.75905835687,3226.08631015973,3270.08919061851,2725.25527694196,1e+09,3345.19797021043,2818.67047648355,3091.79325636434,3248.720502444,3129.89673069256,3038.1107230975,1732.34334333584,2729.54323614776,2399.3489824742,3299.40177917149,4724.32954998908
5729.09453961968,24247.2442880176,24526.9029315342,29719.1132898695,33599.3780875763,32419.8482153387,8216.95046684596,7693.57775761707,7424.82599193409,8681.69923588695,12865.3922674359,2718.05112521821,3102.39747216568,5144.58814001665,3870.21680831966,6444.35490429415,12359.1825464834,12430.7032038176,2435.10057730682,3078.77241058835,3408.87570621165,1536.7315191015,2835.47928966163,8521.82713156633,14129.1892510009,17954.8315507025,17065.6593562482,6520.69935694017,4137.62336810638,8187.16496759409,8797.22817814225,5634.73061530008,6856.25995872385,5997.6812812953,4540.09851838041,4081.35489789849,4849.959446882,2849.93127699599,2098.56923931521,2401.20850404541,3704.09572320965,2770.61664226576,3345.19797021043,1e+09,2008.03626598227,3655.09781461454,4318.73356287465,1434.84271922047,4172.21236354287,3831.38968400501,2271.02448439025,3358.85338632099,5597.52116232713,5185.61537478437
