1e+09,6011.12516890973,6388.92232194132,6500.7233939924,6644.44603775966,5743.41761191018,3876.14213157877,4977.12710664496,4807.56494076783,5560.84193242354,4585.53849135519,4491.82299995225,4629.11907466205,4177.16724921328,5030.10951222734,4601.00253615448,5278.98510002633,4824.61039212494,4159.33198682192,4791.42618307952,3977.31103240619,4659.79042081294,4017.15041447293,4880.68063266795,5352.46635045004,5483.46715168423,4691.16585041501,4800.00772919169,5021.43443334671,4808.05570069649,4950.59674483794,5364.38683684352,4632.370069608,4972.69112216916,4903.7598863831,4990.5644712397,5285.60908220614,4775.05652580155,4604.56938821645,4527.57889114039,4521.75766729045,4501.99803202978,4031.43826210944,4574.67034446199,4428.16119451404,4939.33746030781,4567.29271701519,4397.0181633125,4450.54206554662,5022.56016533401,4717.87941052969,4637.40411137524,4591.37855460645,5018.08917404823
6011.12516890973,1e+09,1533.06410645478,2071.33531112179,2415.92286333815,3362.56660893134,5244.20626376385,4480.9134936082,3795.28039744101,2916.90980873595,4113.43172959027,4956.43079814497,4663.53668653952,4854.96553213306,3762.71879931254,4747.40715207786,3801.10789628498,3618.30774181799,4763.19296964757,4615.725541364,4489.29022363224,5059.36103519012,4789.90966925265,2843.57798370293,2367.59725865697,2963.0781314201,3803.26862503821,4907.1054869648,4288.09590759115,3307.29709286904,4016.77924067281,4896.64076313548,5243.54660302548,4895.90025382462,4514.15094165005,4791.13055396114,4899.96226740574,4870.413172853,4685.49228973861,4983.8801917181,4360.72267228724,4781.59203913299,4234.1323434796,4784.08772467646,4772.03644283025,4725.5420102566,4857.44109438293,4815.15634373382,4843.40288050664,4635.42572296224,4883.14842885203,4026.08950614613,4156.89695436392,4269.98701766176
6388.92232194132,1533.06410645478,1e+09,2021.83389446314,2550.69816577736,3962.57820354375,5665.68390540807,4333.73056207928,3780.71017115832,3019.8962805368,4270.20281542926,5046.06967868063,4693.89901363461,5167.58317418307,3917.29163864525,4593.74105707973,3828.15886690978,3844.85980485635,4918.54590197144,4925.55186427876,4919.55695193175,5010.97729528882,4881.30620997085,3137.62116083188,2834.49757507393,3337.22459244205,4256.28072176871,5238.94328933803,4465.96427992881,3547.88971553514,4089.21878145447,4791.53420335283,5450.01728661479,4935.3743160271,4847.39858764472,4758.56027199404,5106.322724476,5029.43546028777,4789.48218671915,5258.76543341686,4514.09388780296,4999.75316848742,4440.47282254942,4905.46134657078,4823.73399270731,4827.95348823909,5247.25852342916,4817.76302334393,5134.18424770674,5068.35377056496,5067.52267141451,4154.49318405988,4496.40945320819,4477.96021106709
6500.7233939924,2071.33531112179,2021.83389446314,1e+09,2027.20228968399,4056.8565665303,6042.67104227923,4950.97242489796,4664.10502854513,3803.04632648618,5070.30152068888,5544.41856380811,5581.95377098378,5829.04374940693,4369.17584271908,5280.96930590398,4502.35539984351,4565.40135306853,5594.83642881541,5475.09432920566,5534.5969776579,5807.34435046692,5529.18560984346,3835.83334806141,3174.58716964899,3678.00753884491,4647.5770081947,5998.65115264257,5254.0509352689,4415.79250873498,4948.48838165758,5770.10342771254,6001.83546009052,5876.98151869648,5630.02953756905,5471.76301299682,5753.19509132969,5700.38339331663,5402.24988378916,5990.54019262871,5323.12194482711,5703.13725623012,5037.48770654579,5620.3954670023,5480.07681316603,5523.1078679852,5822.50205786997,5561.82151667059,5744.93288256704,5784.64065758626,5729.40912638468,4643.0993678361,4880.12950220586,5021.66798732254
6644.44603775966,2415.92286333815,2550.69816577736,2027.20228968399,1e+09,4082.45304772755,6144.53476801133,5476.99113751337,4777.64025324218,3851.28097709061,5114.44996878452,5743.16814336826,5553.9635094318,5973.05411559279,4559.88066934871,5786.02919301312,5040.23719275195,4609.3285832646,5582.49352158155,5858.98845455425,5391.66687932406,6017.47452634409,5776.24776083921,4337.20800642533,3613.16950327548,3924.31418919281,5093.51881357083,6038.10089998503,5698.1902687169,4491.52996653702,5226.23759435983,5899.08553163963,6169.27037762976,5874.12748332891,5828.69972187623,5983.07788375682,5994.64441370796,6033.64057695683,5733.33704679919,6110.56680881569,5563.45317005545,5756.69463745473,5281.56088838328,5736.79156509978,5659.35024303144,5818.01678336356,5993.41616073838,5854.01112217939,5973.17241910026,6234.09157782431,5943.01323104703,5057.52210133579,5301.39569773847,5095.63340251239
5743.41761191018,3362.56660893134,3962.57820354375,4056.8565665303,4082.45304772755,1e+09,3721.87825864845,4345.04078575794,3143.35897932451,3056.22026192485,3499.95553656043,4194.35274566887,4084.85108671051,3655.73141796549,4187.58925473834,4166.08622794824,3564.29453916199,3438.87364719904,3614.5373518889,4012.26478830847,3606.17674082955,4481.8140721922,4181.07314335686,3423.39193334622,3258.90885025955,3217.25885396249,2341.69405061806,3479.10370697684,3600.94569270352,3199.83721401574,3495.58516963898,3760.51173473771,4386.17472444954,4008.41551841872,3473.06257129065,4157.02273173963,3774.31659894874,3883.70878066314,3834.74323144327,4185.93062705296,3632.73820610569,3729.69665557402,3338.16201461223,4067.26268225941,3715.55776542365,3540.08299027014,3741.61856520677,3914.98697981232,3634.20575776881,3966.32063552608,3870.31469321294,3592.0056473508,3707.07800801386,3368.77881026641
3876.14213157877,5244.20626376385,5665.68390540807,6042.67104227923,6144.53476801133,3721.87825864845,1e+09,3999.38327189331,3475.41734534142,3994.96711563437,3208.84072018229,3348.11871663775,3638.97829375225,2266.55096503476,4363.58269991529,3691.34123463275,3897.93479141199,4096.1202118102,2721.73505631977,3267.64529692254,3054.19078894885,3766.37447454445,3296.4609490634,3707.31948956385,4244.35637015791,4571.32572807933,3010.14481676547,2663.86755438404,3172.5639626649,3594.50234043602,3793.3936892445,3966.29175708243,3647.4907426339,3208.55585506938,2718.51659290504,3081.68126129228,3735.7532784567,3322.03775776255,3394.32868722226,2887.34428690103,3006.71536985129,3570.54445929469,2967.7102421564,3665.93166939865,3434.19987085784,3473.22798880235,3356.95409460719,3418.30974613185,3193.33578174924,3796.28550833575,3601.30681962812,3405.80275468207,3562.87328653434,3572.34160666362
4977.12710664496,4480.9134936082,4333.73056207928,4950.97242489796,5476.99113751337,4345.04078575794,3999.38327189331,1e+09,2596.31286647045,2798.63858926086,2611.00439329389,3566.84865013922,3970.89136004752,3468.23925824041,3626.18560108277,2263.44401667017,3190.89399209689,3305.04847155076,3437.78205325759,3008.17651885657,3163.18737665033,2917.97900485936,2860.98736767571,2870.89081809114,3384.43999007221,4239.05941247584,3096.77229372778,3355.81132473207,2871.58889743988,2926.52702083887,3183.46037536201,3712.11697022063,3336.26206427193,3118.41234479983,3092.73674026743,3243.03822473618,4081.47869321892,3197.12975975327,2888.48799800172,3356.52644059301,2915.3626261925,3564.00417863111,3221.42580012329,3073.2637484928,3204.69123818505,3343.11424125769,3623.25631226939,2814.44539609494,3287.87060385594,3802.60529188871,3724.4548169363,3358.33086650199,3643.33776136663,3646.59055587545
4807.56494076783,3795.28039744101,3780.71017115832,4664.10502854513,4777.64025324218,3143.35897932451,3475.41734534142,2596.31286647045,1e+09,1804.37984113656,2380.88781075464,3248.99107598036,3108.97813927663,2742.83001117459,3993.48386994364,2896.3717117801,2846.61016231587,2315.84153937613,2299.73209489714,3176.64620271128,2563.65441664823,2644.1345664319,2611.52686342683,2320.67115192998,3105.26712425839,3285.33520260871,2375.33225111773,2300.21221064492,2188.8300311582,1762.51015511968,2092.52955522736,2743.25589014222,3411.20660950052,2055.43573828033,2450.99011421915,3342.7176692775,2847.40374278043,2593.20362063992,2756.48035933507,3044.18749370008,2389.9890417322,2651.36794083733,2273.73507460742,2773.01187162984,2323.14791231639,2723.73313268756,2959.2638775209,2431.05533491116,2504.24741523277,3110.64712420101,3059.87890096978,2994.69629169637,3328.32621772566,2902.95586256491
5560.84193242354,2916.90980873595,3019.8962805368,3803.04632648618,3851.28097709061,3056.22026192485,3994.96711563437,2798.63858926086,1804.37984113656,1e+09,3043.94999024294,3693.51302516994,3655.6992013567,3518.18884483195,3840.91479478522,3600.57217654361,3030.35421158979,2734.65368472865,3088.24931992221,3236.96819043685,3117.13838799306,3355.32461673979,3298.30630877425,2084.92491708934,2173.50871654567,3135.99626278476,2838.92009882279,2964.77591188609,2615.09475541518,1847.81732002923,3042.68134907354,3595.60706350124,3849.06247759113,2752.78520366192,3021.74571886848,3821.85879545543,3535.48106117117,3340.66217495873,3395.10501020219,3607.40187169381,3077.38003764566,3699.03745866408,3043.91499319544,3334.15422164302,3252.99120478368,3502.16093862061,3627.84659861742,3461.95089645997,3558.22542889008,3532.19635034634,3864.12251142481,3250.08463720562,3610.95322117305,3320.16388018724
4585.53849135519,4113.43172959027,4270.20281542926,5070.30152068888,5114.44996878452,3499.95553656043,3208.84072018229,2611.00439329389,2380.88781075464,3043.94999024294,1e+09,2670.82768130031,2961.93418095339,2485.99256430907,3015.96513237471,2789.18764384901,3055.80619185838,2517.07942892154,2510.17332861697,2988.73429421218,2078.00588733526,2568.80767629653,2402.62449841834,2864.27859758788,3548.7909665124,3744.21374567478,2774.30066719525,2715.87742319126,2899.84720630243,2805.59584197368,2066.22540074891,2771.25134006282,2607.21848564711,2675.14814169234,2065.68766976036,2931.88242081772,3119.28766377838,2523.33099249781,2175.3614576433,2318.11606020924,2059.07284756999,2317.40350325531,2475.33401929921,2412.40153656061,2641.00429634259,2595.35386121045,2946.87856709434,2122.3186955309,2303.39010419425,3419.54184728013,2559.96418928078,2592.11029528066,2794.01037872088,2505.39474382781
4491.82299995225,4956.43079814497,5046.06967868063,5544.41856380811,5743.16814336826,4194.35274566887,3348.11871663775,3566.84865013922,3248.99107598036,3693.51302516994,2670.82768130031,1e+09,2747.06797740791,2788.65742216573,3259.96222777197,3651.27687079465,3475.41699103863,3523.23348288188,2093.32776255894,2448.03429236602,2565.16788433038,2237.70956475589,2117.01557906407,3398.17918244462,3812.39421673573,4368.1756928837,3461.57087245083,3177.71480164599,3359.83185664104,3729.034140431,2876.72286859544,2876.6011985675,1743.96986639678,2592.80145730443,2899.91941177682,3112.40897642003,2577.62569478192,2035.91097342197,2284.08230613522,1903.55595347234,2491.00566803851,2921.4056619203,2063.10567967324,2745.83980242839,2425.28264956891,3080.33558196181,3184.09339307125,2526.89289610779,2674.31572831257,2930.30413409598,2620.85718504462,1966.95913828935,2162.42206546271,2096.40569718745
4629.11907466205,4663.53668653952,4693.89901363461,5581.95377098378,5553.9635094318,4084.85108671051,3638.97829375225,3970.89136004752,3108.97813927663,3655.6992013567,2961.93418095339,2747.06797740791,1e+09,2926.18905781906,3464.5110514761,3562.76311936396,3181.47107044839,3369.03086661431,1846.49593051271,3048.53299888651,2700.26087019384,2910.2074798715,2535.10597579273,3357.68999868958,4009.02601920965,3803.00553651977,3044.91014174474,3121.42586692364,3133.87509483068,3043.38156191431,2725.26760396112,2606.71007568928,2519.23772081953,2999.32123632998,2873.83548633181,3508.65964559118,3223.88203129395,2730.48460548673,2450.11442563404,2527.12923173707,2617.73332868342,2971.20399585757,2585.95455710266,2568.16774200986,2266.96840141189,3129.72244823722,2920.68969651006,2734.6822768468,3165.11088788371,3304.1052617615,2704.04067977906,2517.79794646036,2889.69182372446,2515.30814694741
4177.16724921328,4854.96553213306,5167.58317418307,5829.04374940693,5973.05411559279,3655.73141796549,2266.55096503476,3468.23925824041,2742.83001117459,3518.18884483195,2485.99256430907,2788.65742216573,2926.18905781906,1e+09,3824.33577536021,3010.96595892415,3402.001990505,3558.83823887796,2401.59071739962,2596.20199360527,2344.32178537845,2765.3038235608,2629.10145323455,3101.7561816816,3725.61587775766,4242.37673300003,2635.56005133634,2011.23813622356,2517.03172540594,3130.62183501936,2879.24432160593,3067.87837284988,2838.6483777143,2650.5058071621,2119.96770116905,2351.92496923265,3036.45819859256,2137.71470863163,2551.02156995977,1826.52002989291,1537.392198237,2268.69666899301,2029.03668658307,2464.45243861593,2412.58664978069,2311.8202778114,2167.94919631434,1921.12293182919,2075.1962532975,2587.1731562267,2311.52712724727,2461.56249043164,2826.35249464747,2426.58758395406
5030.10951222734,3762.71879931254,3917.29163864525,4369.17584271908,4559.88066934871,4187.58925473834,4363.58269991529,3626.18560108277,3993.48386994364,3840.91479478522,3015.96513237471,3259.96222777197,3464.5110514761,3824.33577536021,1e+09,3306.47567586698,3134.42389837431,3345.23327951878,3678.76954948254,3632.1737005683,3254.38878192204,3771.12784223765,3721.42776771228,2932.10950741953,2960.68298905844,3323.58704254906,3898.38356061843,4596.7264878063,4400.3840952126,3592.68682926859,3275.20751876885,3684.93003088254,3366.2689152235,4135.78010091204,3679.77880986072,3061.52308588389,4215.87079236307,3650.49913904934,2864.91194393475,3216.5709546814,3298.76102637036,3718.18137266056,3233.66656963887,3396.12790838331,3655.23561388319,3661.0180410099,3594.50921777925,3537.33031696221,3677.70724987729,3910.33462895441,3453.80570077415,2465.14299528445,2893.19772886334,2704.70971745583
4601.00253615448,4747.40715207786,4593.74105707973,5280.96930590398,5786.02919301312,4166.08622794824,3691.34123463275,2263.44401667017,2896.3717117801,3600.57217654361,2789.18764384901,3651.27687079465,3562.76311936396,3010.96595892415,3306.47567586698,1e+09,2925.03339184359,3420.80208607572,3272.17575443313,3485.33007220263,3205.48592909094,3118.94341991002,2914.5654326503,3019.68586114516,3689.52657166201,3993.11498951633,3184.51270853172,3571.78456771962,3076.82366730692,2979.52767798858,2913.87235672738,3292.48363178923,3672.50243007408,3565.01030408048,3354.7035336077,2632.73788583292,3953.67433380647,3054.67941209876,2734.75075789367,3356.62034999492,2948.58789134731,3248.14075241514,2996.43683586022,2846.70869763662,2908.45714524041,2653.70758658523,3123.93461631322,2419.18117407523,3035.97482418745,3638.42703517605,3345.95982767277,3136.85435905144,3736.65777903195,3458.1337779791
5278.98510002633,3801.10789628498,3828.15886690978,4502.35539984351,5040.23719275195,3564.29453916199,3897.93479141199,3190.89399209689,2846.61016231587,3030.35421158979,3055.80619185838,3475.41699103863,3181.47107044839,3402.001990505,3134.42389837431,2925.03339184359,1e+09,2726.92918223045,3249.82711458625,3369.9667139009,3721.42506223087,3476.90496976837,2845.56630781994,1782.18592167035,2561.07259393403,2266.72501056039,2861.86328010267,3848.2386105334,3347.93426618564,2588.52047728041,2772.60112261032,3540.20052014007,3625.60017587433,3456.61533914319,3406.7287914655,3294.78322614706,2976.8001874832,2681.46854725167,2956.33231860019,3441.955437335,3356.42805732523,4043.49372571542,3218.37820420472,3864.40142280794,3582.64249283961,3629.19313179941,3350.84417927781,3462.34820473043,3600.60567281395,3550.84882346461,3912.85606584244,3004.15990531463,3437.53797739021,3263.25423689298
4824.61039212494,3618.30774181799,3844.85980485635,4565.40135306853,4609.3285832646,3438.87364719904,4096.1202118102,3305.04847155076,2315.84153937613,2734.65368472865,2517.07942892154,3523.23348288188,3369.03086661431,3558.83823887796,3345.23327951878,3420.80208607572,2726.92918223045,1e+09,2921.86512994697,3605.43110533262,2820.21951335353,3030.26305816838,3248.7985208843,2435.77516341308,3044.76732235815,2875.77784482738,3003.18819675025,3313.95489207382,3402.19919481502,1885.04520402032,2280.0996623832,2971.32902363572,3482.26083730096,2889.45740254118,2949.39417899677,3827.50581598513,3274.19496369718,3158.26403095118,2901.60731714338,3489.38357881446,3059.8397481731,3294.48324017592,2566.07790271457,3215.12396565047,3157.52159615734,3693.86636054961,3529.29959197289,3296.72974677938,3078.41098097704,3501.05069720506,3554.12650837024,3353.11800803372,3384.83062230594,3339.7746573534
4159.33198682192,4763.19296964757,4918.54590197144,5594.83642881541,5582.49352158155,3614.5373518889,2721.73505631977,3437.78205325759,2299.73209489714,3088.24931992221,2510.17332861697,2093.32776255894,1846.49593051271,2401.59071739962,3678.76954948254,3272.17575443313,3249.82711458625,2921.86512994697,1e+09,2671.51517908845,1856.27181455195,2335.34454338113,1998.74894479022,3154.17009181496,3806.02220417853,3769.12258646492,2679.10938039118,2171.70937965926,2604.71483533227,2611.48888536789,2271.33630992859,2189.71651742868,2119.33902894275,2029.30068479267,2158.52865899436,3175.0528333242,2571.99208861536,2223.52473653881,2038.6986443072,2111.07157758803,2272.0814721968,2363.93900238564,1892.23796843843,2066.11274849656,1544.2169904518,2566.24358345033,2447.54528037787,2212.53761357858,2194.49447358612,2886.98046387571,2393.95696471344,2319.39454849752,2617.3013476671,2292.31688736527
4791.42618307952,4615.725541364,4925.55186427876,5475.09432920566,5858.98845455425,4012.26478830847,3267.64529692254,3008.17651885657,3176.64620271128,3236.96819043685,2988.73429421218,2448.03429236602,3048.53299888651,2596.20199360527,3632.1737005683,3485.33007220263,3369.9667139009,3605.43110533262,2671.51517908845,1e+09,2650.20181057972,2869.95170213716,2471.91618931549,3057.46449323618,3443.04609382448,4320.02541440441,2531.66983333135,2365.36102652428,2186.22211408173,3085.07877246271,3136.55955165847,3270.15024193079,2025.82661703809,2737.27636799794,2537.78990734064,3058.07877199068,3255.86029313298,2379.19985669552,2524.57602539516,2317.67626406278,2316.98096927877,3023.91710046754,2369.63129914761,2804.61145940039,2733.42681191577,3139.09578272152,2789.58322252626,2731.81941921497,2676.88296372852,2383.82683823721,3001.58109628909,2703.44498048324,2581.74538593565,2719.38307367682
3977.31103240619,4489.29022363224,4919.55695193175,5534.5969776579,5391.66687932406,3606.17674082955,3054.19078894885,3163.18737665033,2563.65441664823,3117.13838799306,2078.00588733526,2565.16788433038,2700.26087019384,2344.32178537845,3254.38878192204,3205.48592909094,3721.42506223087,2820.21951335353,1856.27181455195,2650.20181057972,1e+09,2674.65834565838,2467.14352322681,3210.58998575028,3694.82127670609,3915.24577623168,2732.48668629876,2199.35275378917,2918.83501885598,2758.38911992126,2603.28310955608,2640.00246068067,2144.66738892072,2458.53782635126,2079.72724884779,3348.85323952842,3179.24815360487,2620.5468643205,2046.912837177,2044.18048033925,2093.69214752313,1891.63746698462,1993.44611131076,1690.9326256241,1927.89015078661,2367.48309465981,2045.41788537208,2202.99942169761,1986.07053437183,2655.60827030268,2138.06664260027,2576.04495354798,2780.50409199483,2262.80936337996
4659.79042081294,5059.36103519012,5010.97729528882,5807.34435046692,6017.47452634409,4481.8140721922,3766.37447454445,2917.97900485936,2644.1345664319,3355.32461673979,2568.80767629653,2237.70956475589,2910.2074798715,2765.3038235608,3771.12784223765,3118.94341991002,3476.90496976837,3030.26305816838,2335.34454338113,2869.95170213716,2674.65834565838,1e+09,2201.42149739663,3156.5825878947,3829.88311497884,4720.38398687014,3510.96798754987,2817.15642831562,3021.87244967421,3160.67502257034,2745.24399034038,2899.99108771044,2388.33396167705,1888.28055357248,2691.77392888036,3197.38378126555,2641.71178321936,1797.69563377675,2373.05808087371,2202.60672762979,2207.28916089397,2973.77878230712,2090.37503398314,2413.47866458355,2522.61378080355,3083.7646346795,3523.76197275015,2278.90439334343,2755.25380023329,2957.49854540962,2668.21940068653,2671.38553378205,2716.74614706638,2920.02800935197
4017.15041447293,4789.90966925265,4881.30620997085,5529.18560984346,5776.24776083921,4181.07314335686,3296.4609490634,2860.98736767571,2611.52686342683,3298.30630877425,2402.62449841834,2117.01557906407,2535.10597579273,2629.10145323455,3721.42776771228,2914.5654326503,2845.56630781994,3248.7985208843,1998.74894479022,2471.91618931549,2467.14352322681,2201.42149739663,1e+09,2949.62021890955,3662.62213732184,3937.16481337777,2972.48497341871,2795.2772336568,2749.31886446443,3029.94100129029,2733.00593191819,3178.41022585191,2143.38250988945,2639.67763698524,2991.54542496015,3554.8655506362,2465.26143299245,1748.80023133004,2326.82173520019,2495.43837936343,2741.28997827665,3025.91119960583,2588.4805500718,2661.73953008179,2511.22301150256,2849.14964031376,2797.81639948014,2320.57248130715,2749.41509501567,3113.39242523329,2998.81297602902,2707.75598743683,2990.74925939972,2908.49966329721
4880.68063266795,2843.57798370293,3137.62116083188,3835.83334806141,4337.20800642533,3423.39193334622,3707.31948956385,2870.89081809114,2320.67115192998,2084.92491708934,2864.27859758788,3398.17918244462,3357.68999868958,3101.7561816816,2932.10950741953,3019.68586114516,1782.18592167035,2435.77516341308,3154.17009181496,3057.46449323618,3210.58998575028,3156.5825878947,2949.62021890955,1e+09,1565.72603478386,2414.67208645398,2756.23887937893,3440.54843410175,2813.85866285071,1922.68273599676,2621.39589194383,3720.96232351256,3674.16022760304,3070.54168625016,2972.88023216543,3099.00097749259,3090.37910849138,2729.27599698162,2977.89559175603,3114.59224570408,2854.00158475779,3684.23735933232,2735.94890012588,3455.00695805378,3371.71272805084,3443.15552694037,3272.3615349469,3295.0568205116,3319.13719040054,3024.79644315118,3615.2423338692,2672.1121657408,3006.53897353751,3046.81742515038
5352.46635045004,2367.59725865697,2834.49757507393,3174.58716964899,3613.16950327548,3258.90885025955,4244.35637015791,3384.43999007221,3105.26712425839,2173.50871654567,3548.7909665124,3812.39421673573,4009.02601920965,3725.61587775766,2960.68298905844,3689.52657166201,2561.07259393403,3044.76732235815,3806.02220417853,3443.04609382448,3694.82127670609,3829.88311497884,3662.62213732184,1565.72603478386,1e+09,2635.83577290013,3249.76906607223,4060.15679147986,3560.19298989535,2525.02637378305,3434.30282204409,4241.900883967,4117.43960658806,3814.88527507709,3733.1086847827,3638.79453639526,3911.49115803679,3565.82452376726,3759.5218851072,3768.7976912538,3472.979405928,4257.87102281175,3294.39189640516,3933.52070242423,3932.75309770395,4056.67597181486,3864.7336312869,3887.49743729819,3949.13941403694,3562.56190243763,4262.60383233066,2992.55928935418,3226.16719049091,3410.67411893895
5483.46715168423,2963.0781314201,3337.22459244205,3678.00753884491,3924.31418919281,3217.25885396249,4571.32572807933,4239.05941247584,3285.33520260871,3135.99626278476,3744.21374567478,4368.1756928837,3803.00553651977,4242.37673300003,3323.58704254906,3993.11498951633,2266.72501056039,2875.77784482738,3769.12258646492,4320.02541440441,3915.24577623168,4720.38398687014,3937.16481337777,2414.67208645398,2635.83577290013,1e+09,3251.52830977988,4518.55527055939,4162.96018897611,2777.46409118102,3178.95724268195,4004.25247476979,4453.25854621085,4403.10714483534,4047.90432306644,4265.59554097666,3892.49441806922,3996.83586613211,3677.06936087695,4399.69923277717,4135.70726588573,4252.54412449771,3818.77266563486,4292.55841347558,3992.7844844419,4038.57574483877,3510.09097185529,4223.49896274404,4032.54470402995,4211.71665730258,4355.53759247926,3516.71562449966,3983.38868413566,3549.67490200159
4691.16585041501,3803.26862503821,4256.28072176871,4647.5770081947,5093.51881357083,2341.69405061806,3010.14481676547,3096.77229372778,2375.33225111773,2838.92009882279,2774.30066719525,3461.57087245083,3044.91014174474,2635.56005133634,3898.38356061843,3184.51270853172,2861.86328010267,3003.18819675025,2679.10938039118,2531.66983333135,2732.48668629876,3510.96798754987,2972.48497341871,2756.23887937893,3249.76906607223,3251.52830977988,1e+09,2307.08601781555,2079.33462335912,2451.39721010284,2641.63481982276,3071.66329440582,3149.01287118678,3139.97946541056,2289.98111219285,3293.74565482825,3269.76398735444,2844.9755144992,2673.52460100894,3099.91573553218,2450.43232524385,2776.04129257834,2417.52883596039,3041.19568755449,2583.36254391442,2785.72554529336,2586.73241159576,2739.0766279533,2543.57068616148,2821.36946582684,2953.17659759792,2904.80465844091,2887.39403625484,2855.24534595541
4800.00772919169,4907.1054869648,5238.94328933803,5998.65115264257,6038.10089998503,3479.10370697684,2663.86755438404,3355.81132473207,2300.21221064492,2964.77591188609,2715.87742319126,3177.71480164599,3121.42586692364,2011.23813622356,4596.7264878063,3571.78456771962,3848.2386105334,3313.95489207382,2171.70937965926,2365.36102652428,2199.35275378917,2817.15642831562,2795.2772336568,3440.54843410175,4060.15679147986,4518.55527055939,2307.08601781555,1e+09,1797.55842005204,2705.37867092575,2998.06015194826,2851.68450719921,2862.58550277542,1951.92821092375,1780.28261733917,3383.27140408511,3040.79863006415,2551.78841182023,2755.62587779982,2541.923673205,2083.16926772646,2506.77321620844,2276.23265970331,2516.72522604276,2406.20160362759,2654.75027825594,2643.21044133834,2526.01122281751,2333.41619114551,2641.93638744388,2744.71728416608,3298.01220123577,3377.981682662,3076.36141264319
5021.43443334671,4288.09590759115,4465.96427992881,5254.0509352689,5698.1902687169,3600.94569270352,3172.5639626649,2871.58889743988,2188.8300311582,2615.09475541518,2899.84720630243,3359.83185664104,3133.87509483068,2517.03172540594,4400.3840952126,3076.82366730692,3347.93426618564,3402.19919481502,2604.71483533227,2186.22211408173,2918.83501885598,3021.87244967421,2749.31886446443,2813.85866285071,3560.19298989535,4162.96018897611,2079.33462335912,1797.55842005204,1e+09,2321.67427922179,2638.57028721996,3173.68794932646,3278.69480760256,2674.28669863573,2225.92952442345,3136.46468253669,3383.25054743216,2726.31491783323,2948.24503508443,2908.39408834154,2308.50421210359,2904.50177424632,2530.52181255171,2722.30474728675,2483.1466261983,2826.41610577777,2980.80031879024,2537.41848501582,2656.48270786768,2649.14399857765,3159.35374712931,3081.32268566601,3223.37595304985,3240.93495922087
4808.05570069649,3307.29709286904,3547.88971553514,4415.79250873498,4491.52996653702,3199.83721401574,3594.50234043602,2926.52702083887,1762.51015511968,1847.81732002923,2805.59584197368,3729.034140431,3043.38156191431,3130.62183501936,3592.68682926859,2979.52767798858,2588.52047728041,1885.04520402032,2611.48888536789,3085.07877246271,2758.38911992126,3160.67502257034,3029.94100129029,1922.68273599676,2525.02637378305,2777.46409118102,2451.39721010284,2705.37867092575,2321.67427922179,1e+09,2308.89990917753,3113.55411523551,3631.88801589476,2753.4040290702,2721.08606683067,3480.58506691045,3519.74515996542,3162.02705867613,3088.62797890908,3364.51244496138,2852.7443261358,3230.70042371619,2633.10588442622,2959.31608370921,2847.76578092371,3388.42906642592,3135.35266818583,3077.98808628299,2996.46625484086,3230.7362972239,3644.44527541572,3236.27611754621,3402.54428575147,3325.86752837512
4950.59674483794,4016.77924067281,4089.21878145447,4948.48838165758,5226.23759435983,3495.58516963898,3793.3936892445,3183.46037536201,2092.52955522736,3042.68134907354,2066.22540074891,2876.72286859544,2725.26760396112,2879.24432160593,3275.20751876885,2913.87235672738,2772.60112261032,2280.0996623832,2271.33630992859,3136.55955165847,2603.28310955608,2745.24399034038,2733.00593191819,2621.39589194383,3434.30282204409,3178.95724268195,2641.63481982276,2998.06015194826,2638.57028721996,2308.89990917753,1e+09,2123.83627638761,2911.50082201603,2853.26851843636,2292.15232611186,2868.74217063855,2977.48508777122,2571.07423125043,2331.05423920165,2641.23664519104,2271.16967752302,2067.11320256052,2219.63993539493,2432.52893460695,2054.09329773504,2655.84778351471,2753.59857294051,2010.9319910181,1795.70432321137,2934.02838561593,2592.9455677858,2339.34873385735,2419.84592536384,2300.13578727431
5364.38683684352,4896.64076313548,4791.53420335283,5770.10342771254,5899.08553163963,3760.51173473771,3966.29175708243,3712.11697022063,2743.25589014222,3595.60706350124,2771.25134006282,2876.6011985675,2606.71007568928,3067.87837284988,3684.93003088254,3292.48363178923,3540.20052014007,2971.32902363572,2189.71651742868,3270.15024193079,2640.00246068067,2899.99108771044,3178.41022585191,3720.96232351256,4241.900883967,4004.25247476979,3071.66329440582,2851.68450719921,3173.68794932646,3113.55411523551,2123.83627638761,1e+09,2682.34483362971,2623.6596320026,2481.98736358588,2996.67722928246,3162.52145902601,2869.70774931874,2189.43554730437,2838.81341376992,2361.44017485093,2177.83977810582,2214.27114931754,2239.18339659796,1833.20821133334,2381.87379260531,2739.73734562275,2179.06976083833,2228.50579323905,2911.18893212035,2263.08825722728,2658.34014330371,3024.85108030131,2438.92869350459
4632.370069608,5243.54660302548,5450.01728661479,6001.83546009052,6169.27037762976,4386.17472444954,3647.4907426339,3336.26206427193,3411.20660950052,3849.06247759113,2607.21848564711,1743.96986639678,2519.23772081953,2838.6483777143,3366.2689152235,3672.50243007408,3625.60017587433,3482.26083730096,2119.33902894275,2025.82661703809,2144.66738892072,2388.33396167705,2143.38250988945,3674.16022760304,4117.43960658806,4453.25854621085,3149.01287118678,2862.58550277542,3278.69480760256,3631.88801589476,2911.50082201603,2682.34483362971,1e+09,2721.56271360775,2551.25189522713,3370.07137642513,2989.52116575548,2184.31865939931,1787.18352546682,1903.86161416737,2361.66580038328,2626.4404773381,2388.71117605289,2220.33650699618,2279.37188628798,2951.92576508963,2642.15894160438,2362.28301943268,2443.18944783248,2855.22341752795,2353.82993240803,2362.76676703394,2328.60677597142,2241.38657957524
4972.69112216916,4895.90025382462,4935.3743160271,5876.98151869648,5874.12748332891,4008.41551841872,3208.55585506938,3118.41234479983,2055.43573828033,2752.78520366192,2675.14814169234,2592.80145730443,2999.32123632998,2650.5058071621,4135.78010091204,3565.01030408048,3456.61533914319,2889.45740254118,2029.30068479267,2737.27636799794,2458.53782635126,1888.28055357248,2639.67763698524,3070.54168625016,3814.88527507709,4403.10714483534,3139.97946541056,1951.92821092375,2674.28669863573,2753.4040290702,2853.26851843636,2623.6596320026,2721.56271360775,1e+09,2122.56698518563,3244.00741930409,2433.74931067273,2160.89472240089,2532.7569888957,2294.55711133979,2215.94704711101,2963.26920388614,2096.409379606,2820.11753496197,2593.40415066761,3057.33400731749,3246.34350197264,2767.46860509745,2702.77562033921,2822.5435532335,2860.63158697516,3074.61734111743,3225.3313553494,2918.88629747717
4903.7598863831,4514.15094165005,4847.39858764472,5630.02953756905,5828.69972187623,3473.06257129065,2718.51659290504,3092.73674026743,2450.99011421915,3021.74571886848,2065.68766976036,2899.91941177682,2873.83548633181,2119.96770116905,3679.77880986072,3354.7035336077,3406.7287914655,2949.39417899677,2158.52865899436,2537.78990734064,2079.72724884779,2691.77392888036,2991.54542496015,2972.88023216543,3733.1086847827,4047.90432306644,2289.98111219285,1780.28261733917,2225.92952442345,2721.08606683067,2292.15232611186,2481.98736358588,2551.25189522713,2122.56698518563,1e+09,2536.53770125737,3034.79669065326,2495.56139213204,2054.84231652942,1843.87344213208,1471.04229137031,2256.04163678333,2106.61851285419,2231.61263627898,2293.68068743232,2471.6127033781,2541.41456350592,2301.14836214443,1981.73220110589,2527.43126139961,2166.54753241188,2466.75189650277,2526.38739958859,2441.33074100991
4990.5644712397,4791.13055396114,4758.56027199404,5471.76301299682,5983.07788375682,4157.02273173963,3081.68126129228,3243.03822473618,3342.7176692775,3821.85879545543,2931.88242081772,3112.40897642003,3508.65964559118,2351.92496923265,3061.52308588389,2632.73788583292,3294.78322614706,3827.50581598513,3175.0528333242,3058.07877199068,3348.85323952842,3197.38378126555,3554.8655506362,3099.00097749259,3638.79453639526,4265.59554097666,3293.74565482825,3383.27140408511,3136.46468253669,3480.58506691045,2868.74217063855,2996.67722928246,3370.07137642513,3244.00741930409,2536.53770125737,1e+09,3825.88546264783,2976.21698016123,2628.02763777324,2437.90316438123,2028.14813356914,2955.03019473575,2514.99568699431,2955.66859686603,2923.64653797274,2722.52479397342,3086.93337956944,2418.63962460305,2617.83942303572,3162.56332357156,2772.8022584923,2195.53550961946,2710.41811997706,2643.07441660276
5285.60908220614,4899.96226740574,5106.322724476,5753.19509132969,5994.64441370796,3774.31659894874,3735.7532784567,4081.47869321892,2847.40374278043,3535.48106117117,3119.28766377838,2577.62569478192,3223.88203129395,3036.45819859256,4215.87079236307,3953.67433380647,2976.8001874832,3274.19496369718,2571.99208861536,3255.86029313298,3179.24815360487,2641.71178321936,2465.26143299245,3090.37910849138,3911.49115803679,3892.49441806922,3269.76398735444,3040.79863006415,3383.25054743216,3519.74515996542,2977.48508777122,3162.52145902601,2989.52116575548,2433.74931067273,3034.79669065326,3825.88546264783,1e+09,1454.87733087707,2550.74970700773,2884.55596236232,3082.94440601838,3436.71434805106,2651.54248970293,3523.48323705392,3190.33246958683,2973.10189568067,3180.89076832261,3234.91698969232,3046.16762393339,2857.17896431078,2895.88516087914,3012.6202238417,3270.13002414277,2848.69600873803
4775.05652580155,4870.413172853,5029.43546028777,5700.38339331663,6033.64057695683,3883.70878066314,3322.03775776255,3197.12975975327,2593.20362063992,3340.66217495873,2523.33099249781,2035.91097342197,2730.48460548673,2137.71470863163,3650.49913904934,3054.67941209876,2681.46854725167,3158.26403095118,2223.52473653881,2379.19985669552,2620.5468643205,1797.69563377675,1748.80023133004,2729.27599698162,3565.82452376726,3996.83586613211,2844.9755144992,2551.78841182023,2726.31491783323,3162.02705867613,2571.07423125043,2869.70774931874,2184.31865939931,2160.89472240089,2495.56139213204,2976.21698016123,1454.87733087707,1e+09,1915.12385309671,1938.80273718086,2173.12085717753,2810.74021207937,2063.47290464401,2681.77877307208,2508.45879280486,2471.47266058114,2577.71092318359,2241.32148075639,2384.77782608779,2318.70792675576,2335.22682746238,2343.63752257042,2627.38716631181,2320.88996824494
4604.56938821645,4685.49228973861,4789.48218671915,5402.24988378916,5733.33704679919,3834.74323144327,3394.32868722226,2888.48799800172,2756.48035933507,3395.10501020219,2175.3614576433,2284.08230613522,2450.11442563404,2551.02156995977,2864.91194393475,2734.75075789367,2956.33231860019,2901.60731714338,2038.6986443072,2524.57602539516,2046.912837177,2373.05808087371,2326.82173520019,2977.89559175603,3759.5218851072,3677.06936087695,2673.52460100894,2755.62587779982,2948.24503508443,3088.62797890908,2331.05423920165,2189.43554730437,1787.18352546682,2532.7569888957,2054.84231652942,2628.02763777324,2550.74970700773,1915.12385309671,1e+09,2097.45961334182,1976.33388808673,2283.34201089105,2010.92014234778,1868.75587389043,1985.78379651462,1874.61293644848,2105.29950814605,2031.17981946454,2147.73536281824,2677.95889055452,1555.80339342733,1966.54154105628,2527.40191350723,1943.95168875155
4527.57889114039,4983.8801917181,5258.76543341686,5990.54019262871,6110.56680881569,4185.93062705296,2887.34428690103,3356.52644059301,3044.18749370008,3607.40187169381,2318.11606020924,1903.55595347234,2527.12923173707,1826.52002989291,3216.5709546814,3356.62034999492,3441.955437335,3489.38357881446,2111.07157758803,2317.67626406278,2044.18048033925,2202.60672762979,2495.43837936343,3114.59224570408,3768.7976912538,4399.69923277717,3099.91573553218,2541.923673205,2908.39408834154,3364.51244496138,2641.23664519104,2838.81341376992,1903.86161416737,2294.55711133979,1843.87344213208,2437.90316438123,2884.55596236232,1938.80273718086,2097.45961334182,1e+09,1532.67722074806,2391.40496192092,1980.75428327191,2262.31239787966,2268.48656414359,2726.65955269447,2513.51941882294,2118.91029965877,2138.5184247745,2362.60628381032,2111.80286589445,1941.93730400855,2076.81718704367,1890.19600401651
4521.75766729045,4360.72267228724,4514.09388780296,5323.12194482711,5563.45317005545,3632.73820610569,3006.71536985129,2915.3626261925,2389.9890417322,3077.38003764566,2059.07284756999,2491.00566803851,2617.73332868342,1537.392198237,3298.76102637036,2948.58789134731,3356.42805732523,3059.8397481731,2272.0814721968,2316.98096927877,2093.69214752313,2207.28916089397,2741.28997827665,2854.00158475779,3472.979405928,4135.70726588573,2450.43232524385,2083.16926772646,2308.50421210359,2852.7443261358,2271.16967752302,2361.44017485093,2361.66580038328,2215.94704711101,1471.04229137031,2028.14813356914,3082.94440601838,2173.12085717753,1976.33388808673,1532.67722074806,1e+09,1765.58417428907,1457.56771276672,1860.40197409055,1884.21018665647,2174.39905093338,2420.83547920961,1484.74191198336,1790.89225016471,2279.67630217538,1659.19791700689,1878.57180754423,2098.09059180008,1921.06312072248
4501.99803202978,4781.59203913299,4999.75316848742,5703.13725623012,5756.69463745473,3729.69665557402,3570.54445929469,3564.00417863111,2651.36794083733,3699.03745866408,2317.40350325531,2921.4056619203,2971.20399585757,2268.69666899301,3718.18137266056,3248.14075241514,4043.49372571542,3294.48324017592,2363.93900238564,3023.91710046754,1891.63746698462,2973.77878230712,3025.91119960583,3684.23735933232,4257.87102281175,4252.54412449771,2776.04129257834,2506.77321620844,2904.50177424632,3230.70042371619,2067.11320256052,2177.83977810582,2626.4404773381,2963.26920388614,2256.04163678333,2955.03019473575,3436.71434805106,2810.74021207937,2283.34201089105,2391.40496192092,1765.58417428907,1e+09,1984.95201438221,1814.3213324822,1589.71919130392,1947.20983337698,2126.00207777415,1414.22178844055,1099.59961731532,2798.71644290736,1599.72543434803,2520.52411950372,2640.49681713499,2012.71126297341
4031.43826210944,4234.1323434796,4440.47282254942,5037.48770654579,5281.56088838328,3338.16201461223,2967.7102421564,3221.42580012329,2273.73507460742,3043.91499319544,2475.33401929921,2063.10567967324,2585.95455710266,2029.03668658307,3233.66656963887,2996.43683586022,3218.37820420472,2566.07790271457,1892.23796843843,2369.63129914761,1993.44611131076,2090.37503398314,2588.4805500718,2735.94890012588,3294.39189640516,3818.77266563486,2417.52883596039,2276.23265970331,2530.52181255171,2633.10588442622,2219.63993539493,2214.27114931754,2388.71117605289,2096.409379606,2106.61851285419,2514.99568699431,2651.54248970293,2063.47290464401,2010.92014234778,1980.75428327191,1457.56771276672,1984.95201438221,1e+09,2131.89228834386,1677.20808911715,2429.35139039209,2540.98780986844,1919.43578087416,1832.87363901607,2040.02642561316,1916.55726183696,1937.29751649043,2035.05413694575,1980.92990080417
4574.67034446199,4784.08772467646,4905.46134657078,5620.3954670023,5736.79156509978,4067.26268225941,3665.93166939865,3073.2637484928,2773.01187162984,3334.15422164302,2412.40153656061,2745.83980242839,2568.16774200986,2464.45243861593,3396.12790838331,2846.70869763662,3864.40142280794,3215.12396565047,2066.11274849656,2804.61145940039,1690.9326256241,2413.47866458355,2661.73953008179,3455.00695805378,3933.52070242423,4292.55841347558,3041.19568755449,2516.72522604276,2722.30474728675,2959.31608370921,2432.52893460695,2239.18339659796,2220.33650699618,2820.11753496197,2231.61263627898,2955.66859686603,3523.48323705392,2681.77877307208,1868.75587389043,2262.31239787966,1860.40197409055,1814.3213324822,2131.89228834386,1e+09,1397.06137635395,1963.27072445448,2253.49387764866,1517.93252162275,2053.1650132174,2749.07354861597,1796.09556577594,2224.84431035073,2715.34942009311,2312.86576303079
