1e+09,19863.4933889711,17784.6160606716,22257.3487813261,26404.8264054832,24932.3352196741,11234.8153597778,11018.7122674521,6185.97341833119,4986.16681199095,7611.25200037418,5500.15883248839,6608.78175092051,2343.64435341628,6978.54668795732,4111.29086628519,7416.04057675658,9324.86465693203,5601.16309584893,5767.05601166661,6181.12945979131,5214.81419549153,5145.61596018397,4992.90778536916,8970.10849481766,12213.5279995872,11564.0396863985,3930.99796268072,3852.53986498518,4829.20159594731,6279.75861056777,9194.84140251478,12170.8372624894,9484.9519835685,4453.35766706426,6898.28166830697,4316.45294709673,5485.53170978894,5976.01450740374,5814.63558914916,8289.56011132678,6371.77434507846,6333.22918074184,5870.30397822804,6306.5830188304,6841.48118292377,8672.382727711,5826.65945818013,4087.06163212644,6387.4564132055,4617.69035491771,6400.90479341007,6994.84610993695,10336.9671656342
19863.4933889711,1e+09,5897.99773272252,4028.13355189472,8127.29308033124,8152.78092023207,27402.9187857243,30118.7594921205,18977.3893275709,17203.4772771176,14106.3545694449,23873.5342800286,25220.4883787249,21074.1247066681,24166.382288487,18959.6446621897,12773.7810769482,15222.5691036697,23720.3627756871,23948.4288390909,23068.8390571177,23934.0833008662,23219.6816545835,16987.710190579,11523.6075077165,8393.16010806419,9667.91155487575,19623.8717793228,22726.3063074227,18206.5826324711,17251.2288184262,25098.1977091245,30668.2155483214,28703.3711811156,22307.569856013,26205.0515086233,21627.2553835016,24496.7886072032,24867.7777474667,24903.3345758093,26583.7563713596,24842.1865452279,23830.1647658404,24300.3257993077,24384.752352544,24002.7049620954,25754.4030089303,24579.5358193539,21419.3594565174,23972.1705202157,22890.3309640293,24936.9643354319,23504.4578715613,28027.4421205771
17784.6160606716,5897.99773272252,1e+09,6895.08949926685,11319.9456430144,9239.13450931958,24529.6475710435,27677.6237686945,16043.6219963947,14592.7558811247,11226.8345489145,20985.4863465325,22363.5175532115,18964.231207286,21554.883912007,16751.0067209258,11110.416519951,13764.2241781802,21130.3144157488,21144.6022394416,20397.5221331612,21154.8493749117,20380.201058439,14698.9761546204,10041.0002120157,7353.76896835901,8222.8640747917,17044.2902887947,20531.3427402496,16093.3600694137,14534.4925241475,22194.9347462141,27928.2373245628,26339.5487184481,20027.0134363589,23805.0780024683,19224.7135974766,22159.8300144654,22416.5134832605,22188.7964224133,23949.2705088694,22505.6232106534,21315.8728495809,21614.3094967639,21492.9698961009,21023.9082552935,22811.6531091151,21892.3347213608,19020.3898494037,21477.3834824194,20329.3789869538,22203.9406056628,20879.1119702539,25178.8535865377
22257.3487813261,4028.13355189472,6895.08949926685,1e+09,5417.09242148406,6705.87753216535,29574.3819288502,32614.838344571,21439.3076710816,19596.6973944642,16422.3910099961,26185.059730331,27555.0878100815,23467.5522420831,26470.338201096,21586.9728692422,15434.7655350413,17805.6071618325,26223.9307649578,26290.4911402298,25490.728747478,26282.3066351624,25639.5291820521,19547.8779615691,14056.3197241454,10958.0517342774,12212.127204005,21970.255003008,25198.1143756611,20694.1548722749,19807.3367016164,27562.1188154648,33028.4619613963,31267.4266942484,24808.8001050756,28617.172714269,24156.5529016766,26988.5029156954,27317.3245919197,27298.9254726555,28961.4013438766,27302.4472395571,26164.9736211677,26647.8007730995,26691.9735901113,26354.7850981999,28051.6379866684,26959.6291387771,23906.4266345475,26502.781671451,25287.0975767149,27181.0715836021,25814.9710018373,30297.457672993
26404.8264054832,8127.29308033124,11319.9456430144,5417.09242148406,1e+09,9542.33101633453,34402.2930771221,36950.8708365365,26026.5164985674,24104.3462365379,20841.2702233453,30527.9589013727,31939.7727897711,27625.2638331691,31084.3151688677,25669.8980956665,19678.298990304,22482.7025371773,30606.3368954797,30727.5441250094,30014.6181937036,30509.16917385,29929.9057079604,24151.8349646709,18632.760461126,15621.7151963733,16865.4779892626,26295.4512376628,29416.8902669096,25200.4092438079,24426.5706480361,32226.3888512768,37566.7282605166,35477.4927824374,29246.1713051999,32900.5657671779,28625.6211919357,31299.2529793093,31627.9585192627,31577.7362569533,33502.161823154,31651.995944583,30727.1398652478,30959.7455055319,31091.9421266395,30884.3108198127,32688.1476269366,31264.612440411,28294.2068611668,31049.4236211608,29637.3362692905,31686.2411235981,30556.7876533153,34945.3175467315
24932.3352196741,8152.78092023207,9239.13450931958,6705.87753216535,9542.33101633453,1e+09,30265.7507357822,34485.8848719168,22751.836524538,21415.7868398945,18313.8017324203,28313.0410603453,29474.462098666,25817.0968013776,28048.6064871537,24051.0421802923,18126.8120710041,18615.5187847049,28171.2511474996,28114.5741431611,26916.2595940316,28415.2055780052,27774.0080769827,21401.1286441159,16447.8852200214,13067.4158115176,13820.3611362439,23747.3205502179,27472.610234004,22336.3479838245,21297.2381787686,28574.4116493096,34512.2864030131,33326.8640238412,26639.170322298,30886.654103164,25941.3262315923,29039.9964117302,29351.1423405308,29439.5670062248,30490.4149442198,29160.0704336632,27656.3802855905,28603.3835771015,28476.90541863,27862.2066062884,29185.8640181321,28946.6787104808,25766.9291849727,28054.3264011026,27314.1559841394,29104.4220202,27252.2986244629,31558.7165408893
11234.8153597778,27402.9187857243,24529.6475710435,29574.3819288502,34402.2930771221,30265.7507357822,1e+09,8227.46318707049,9965.90680288553,11209.4933272784,14591.1501877782,8526.64180725918,7506.05308283921,10249.7120049199,5549.97994545025,12580.2408053383,16036.0543429236,13536.9269320478,8186.12067158798,7145.57344170501,6690.97877956581,8863.15521905151,9188.13257124646,11182.0955626886,16378.4640988739,19216.610591366,18252.4931013684,9842.35115107666,9463.45642812392,10345.7907635038,11514.1540068083,6466.02586973637,7170.2127388035,8892.72692549929,7693.59733112541,8415.30908364036,8007.540501315,8071.36278068332,7886.78285117576,8192.81029323272,5410.65685210216,7812.03790742851,5926.25662546772,8274.2307505834,7688.799606382,6776.51717657382,4726.19990233168,8186.65460326134,8822.1149291709,6412.80572447817,8554.6376049018,6559.55530122279,5670.43175118086,4638.74498601723
11018.7122674521,30118.7594921205,27677.6237686945,32614.838344571,36950.8708365365,34485.8848719168,8227.46318707049,1e+09,12249.0667731056,13242.5563188344,16769.9372220978,7398.94156658235,6343.64991062716,9808.86066416482,7257.05986689513,12066.0880870106,17634.1870247596,16679.6948192406,7225.9276633523,6872.50619897865,7820.8463434209,7176.98182079347,8072.80681441096,13392.5043911548,18816.9714503982,22132.2000206035,21167.2986887297,11130.2143846334,8107.92875156165,12378.4679317353,13729.7369597782,7994.47473733578,3772.42904231478,2581.93613683608,8111.79772592364,5142.89565639825,8855.63864866899,6043.75193680217,5647.23257086159,6117.8681306563,4778.62342722253,5992.86025591287,7249.36893634887,6727.87825306761,6958.06456859233,7469.54122955353,6706.41798266407,6421.04828696219,9084.82908371423,6899.94749879302,7844.50540525023,6461.08951725636,8441.27528808296,5419.51924654761
6185.97341833119,18977.3893275709,16043.6219963947,21439.3076710816,26026.5164985674,22751.836524538,9965.90680288553,12249.0667731056,1e+09,2940.32996830288,5541.36193913554,6367.88891017266,7376.14088666967,6054.11337454131,6910.76806643806,4934.95297875269,7433.6239759622,6480.42355841036,5965.27285049058,6089.81114782716,4888.79363475285,6536.66771234396,5818.26078373942,3470.03921428851,8273.6946450845,11096.5101172576,9860.88725536906,3758.27791847543,6842.72412498122,3928.31989743707,2312.90917657828,6572.32835373432,12294.0049092271,11161.1538349178,5523.62112740365,9360.08153497607,4413.36866703882,7202.26186531703,7433.66993862386,7536.01762625991,8412.16137657855,7482.28978745812,6158.02128054946,6602.51292350875,6264.27345270782,5531.28043427559,7283.31105028476,6900.31214300484,4513.85618507059,6241.55398628419,5623.07275727426,7588.70981130521,6370.95121687492,9768.50197794421
4986.16681199095,17203.4772771176,14592.7558811247,19596.6973944642,24104.3462365379,21415.7868398945,11209.4933272784,13242.5563188344,2940.32996830288,1e+09,3946.57960586126,7238.88763378739,8472.5916347892,5434.73730845383,7566.50286013294,4521.56365106143,5414.15517447552,5697.95229066548,7102.02551225353,6980.39543734451,6103.53700674453,7239.93308436618,6780.93083748094,1874.1107721797,6168.59152517007,9233.66571155248,8270.53074013996,3170.36546243489,6639.77701392901,2596.36406466813,2771.02763512023,8656.57514969979,13699.6294416236,12011.7205454506,5683.57391173899,9757.6003621536,4947.40445016374,7840.90110544062,8137.51307637045,8236.65966947767,9624.57349159432,8227.961628192,7020.25311234574,7540.38546160606,7525.80510453201,7050.17189382642,8872.71409010231,7836.6029348564,4889.18073353808,7257.45870522182,6239.1681045072,8246.58280153058,7258.93974079548,11215.0865785601
7611.25200037418,14106.3545694449,11226.8345489145,16422.3910099961,20841.2702233453,18313.8017324203,14591.1501877782,16769.9372220978,5541.36193913554,3946.57960586126,1e+09,10417.8244811477,11770.4663284128,8273.27414368097,11230.6436387591,6420.4759358166,3878.08473132035,5990.36377967983,10500.6584696627,10386.1483702429,9587.79659550097,10368.2844455725,9749.38435369639,4538.53010592637,4574.25046408699,6730.80681402312,5616.29094602479,6122.46421139397,9761.11609695838,5698.43778740279,4424.64494656916,11898.9333212435,17198.1784144775,15487.2013105984,9228.39792495967,13166.8543899407,8530.84392721494,11250.8813059022,11594.7576448454,11478.1753142823,13141.5594083921,11616.5529223432,10623.0593686,10758.2618971096,10757.1860120479,10325.4272802679,12220.9145343096,11041.9935618619,8213.6443553273,10800.5747966486,9518.98928205616,11736.6037656172,10785.2019937737,14715.2861659636
5500.15883248839,23873.5342800286,20985.4863465325,26185.059730331,30527.9589013727,28313.0410603453,8526.64180725918,7398.94156658235,6367.88891017266,7238.88763378739,10417.8244811477,1e+09,2227.38967630273,4846.84281180028,4727.98578157761,6190.27592044167,11469.364836193,11799.3253315306,2331.56752853097,2134.3106957751,4024.90228108708,1845.2312669419,1800.59022553717,7595.63377229313,12765.0625636148,16079.9453976903,15098.4609841467,5724.43922037784,4431.15206382042,7411.26128803323,7665.24140398722,5554.87514199914,7737.2410992808,6243.88929674446,4473.59808518825,4358.86732414512,4099.13838681984,3017.33814424237,3007.01343304283,2344.69873024233,4630.65966979868,4156.13116094764,4350.39591400599,2363.29628785728,2185.13290501974,3182.09505349856,5028.75900405856,2132.32202919728,4219.74346796106,4280.0249224508,2658.77989463212,3152.14619456332,5046.05964248343,6250.01429774365
6608.78175092051,25220.4883787249,22363.5175532115,27555.0878100815,31939.7727897711,29474.462098666,7506.05308283921,6343.64991062716,7376.14088666967,8472.5916347892,11770.4663284128,2227.38967630273,1e+09,5795.06602088363,4387.5607672487,7646.10836046024,12788.7241750067,12549.7407151781,2506.8889913995,2516.80232116072,4086.97934073565,2750.96197988994,3139.36424181712,8708.04307460063,14029.2612859159,17261.6610189634,16272.6180334174,6692.0579967974,5083.17949826681,8210.25942223509,8739.77480248204,4953.24246776796,6308.22372559027,5332.28164296486,4791.80042377602,4094.68592380417,4704.02405797419,3007.38921940609,2739.9019372233,2462.76479000736,3490.22567299022,3841.36236060854,3996.13646935387,2507.62979574338,2101.50351779387,3271.69674691894,4111.37290522278,2248.93208045508,5001.82275430668,3967.14064037311,3378.27567471928,2724.04070740509,4797.47936368673,4947.06229808156
2343.64435341628,21074.1247066681,18964.231207286,23467.5522420831,27625.2638331691,25817.0968013776,10249.7120049199,9808.86066416482,6054.11337454131,5434.73730845383,8273.27414368097,4846.84281180028,5795.06602088363,1e+09,6234.34686137209,4249.39394063436,8521.62570825544,9531.58715979663,4892.85397871222,4703.43003930111,5130.47975446741,4274.94262253893,4550.78580234227,5565.74405215511,10024.5881476847,13264.705032039,12402.4441519686,3393.07044481838,2953.0451636912,4956.94974913,6660.86214336403,8277.80560765352,10955.3621920911,8370.20772784642,3524.81566753497,5899.54446066813,3695.44416358846,4172.67195559392,4780.50794907822,4827.84374857969,6974.26596437216,5085.28050550803,5234.62180308186,4661.06224098113,5289.96926727368,5779.89610808015,7401.14050436823,4641.59403609364,3277.22366604722,5400.95240409504,3538.14718469992,5625.17303447636,6509.65485548965,9179.89660757135
6978.54668795732,24166.382288487,21554.883912007,26470.338201096,31084.3151688677,28048.6064871537,5549.97994545025,7257.05986689513,6910.76806643806,7566.50286013294,11230.6436387591,4727.98578157761,4387.5607672487,6234.34686137209,1e+09,8386.3973848131,12310.6832816745,10778.3612676,4490.55873604833,3603.03300599648,3023.14877323297,5104.76862446282,5646.19032010966,7653.17858244534,12909.1721892227,15986.6911083908,15234.637290602,6323.90456207239,5599.99670090081,6743.51589356027,8078.74156894501,4717.10342901234,7194.60504289152,6936.42476187841,3749.4826618615,5232.31186485477,4130.70685349372,4482.11853559229,3917.05358994487,4685.3786367806,3533.38073871187,3976.68726577789,2306.60399345011,4364.70808066244,4185.40849984801,3810.77951320986,3524.11775014684,4528.67365993621,4582.16797051352,3038.93596674889,4112.2147712273,2850.48154056468,2448.31411409974,4412.3304880981
4111.29086628519,18959.6446621897,16751.0067209258,21586.9728692422,25669.8980956665,24051.0421802923,12580.2408053383,12066.0880870106,4934.95297875269,4521.56365106143,6420.4759358166,6190.27592044167,7646.10836046024,4249.39394063436,8386.3973848131,1e+09,6545.23629925612,8626.99083963232,5957.14038710689,6641.38280629117,6654.85798220368,5972.33188850888,5291.88105717617,4813.83139183333,8502.76601213982,11588.5641712897,10590.3028615616,4377.0549442519,5476.81534139138,5297.9729812165,5137.50130473949,8944.97963044075,13109.4303724456,10481.9046548039,5938.00056673962,8419.50366965298,5220.72028056474,6578.70235036515,6986.83762336724,6989.69443240547,9357.03305651423,7406.11992445437,7595.66199070232,6451.03126058152,6816.2224497591,6953.87160428635,9278.76233005782,6592.7234147202,4830.36881084664,7334.6570105493,5345.54082121725,8150.94612318717,8489.35927290747,11377.3719416305
7416.04057675658,12773.7810769482,11110.416519951,15434.7655350413,19678.298990304,18126.8120710041,16036.0543429236,17634.1870247596,7433.6239759622,5414.15517447552,3878.08473132035,11469.364836193,12788.7241750067,8521.62570825544,12310.6832816745,6545.23629925612,1e+09,6582.00741919971,11241.0757867119,11567.0506571209,11022.8651330949,11444.8227838967,10726.0300350782,5131.54240154946,2840.87948264266,5499.96418681068,5000.2244951102,7443.84863424157,10299.7791327873,6549.05416975612,6017.00908441229,13460.6973206406,18411.2951653408,16143.2020156133,10049.692960678,13728.8483311456,9291.74789496573,11927.2158637043,12353.2992299952,12357.7563553462,14317.5339967817,12525.9301618722,11765.0344428523,11874.5927180472,12047.1565031878,11868.1298362295,13794.6103178307,12097.2127489145,9132.63582508905,11807.6082820908,10486.7452484553,12719.7649459336,11859.7877601414,16032.0674053941
9324.86465693203,15222.5691036697,13764.2241781802,17805.6071618325,22482.7025371773,18615.5187847049,13536.9269320478,16679.6948192406,6480.42355841036,5697.95229066548,5990.36377967983,11799.3253315306,12549.7407151781,9531.58715979663,10778.3612676,8626.99083963232,6582.00741919971,1e+09,10982.9258629657,11196.8792678496,9447.27166886821,11799.7859743895,11444.8192416569,5360.47641926536,5729.43763351169,7487.26060446676,6272.6372177498,7638.19166140128,10843.5969414305,5462.23965957189,5432.85796089867,11208.2223621545,16770.720014421,15707.6101251559,9347.75069801821,13898.4413768451,8791.08929090133,11678.3541956733,11982.0880943098,12668.3232318685,12860.1694415354,11617.8106694205,10092.4672600559,11544.9749196306,11554.8102852405,10992.2179520059,11984.1423758065,11935.4776144443,8735.4952698459,10590.532193365,10367.6511198535,12230.7698332116,10117.2822506244,14113.3770247769
5601.16309584893,23720.3627756871,21130.3144157488,26223.9307649578,30606.3368954797,28171.2511474996,8186.12067158798,7225.9276633523,5965.27285049058,7102.02551225353,10500.6584696627,2331.56752853097,2506.8889913995,4892.85397871222,4490.55873604833,5957.14038710689,11241.0757867119,10982.9258629657,1e+09,2634.53680012256,3434.75802143324,2745.0036412362,2514.0589539627,7199.31452815475,12510.2658139106,15809.2242262041,14766.064081315,5696.50179693643,4531.05258100146,6908.74556050518,7245.92350788359,4722.03939080351,7606.23374791362,5970.57552032465,3967.98588209434,4735.27112868947,3338.71637606431,2627.9436396544,2702.77661400272,2990.01262360211,4396.36340806808,3797.18649746098,3851.89106082973,2543.33704606763,2480.49524601439,3174.58722781404,4747.02214028964,2466.47863597072,3797.09691594776,3514.44298688996,2748.61919566898,3759.19885387831,4686.88679957176,6047.25384387823
5767.05601166661,23948.4288390909,21144.6022394416,26290.4911402298,30727.5441250094,28114.5741431611,7145.57344170501,6872.50619897865,6089.81114782716,6980.39543734451,10386.1483702429,2134.3106957751,2516.80232116072,4703.43003930111,3603.03300599648,6641.38280629117,11567.0506571209,11196.8792678496,2634.53680012256,1e+09,2775.15792379461,2413.34517506303,2850.15199847306,7280.256687542,12700.7697691006,15956.7001388006,14906.7259511705,5092.03684086241,4005.60990621903,6746.3545540388,7511.55548754717,4910.15415445381,7232.76359676576,6008.24228037618,3345.10047288568,4274.50998709794,3421.40887059702,2615.26234148699,2534.77984775799,2363.55662612513,3616.22573432578,3492.978300634,3068.12603122818,2342.17792840339,2170.64099977403,2522.73271604425,3740.81244400197,2174.62080770418,3605.85980594088,2891.44667073422,2587.83248700529,2765.32840046169,4096.72315454681,5395.89981753739
6181.12945979131,23068.8390571177,20397.5221331612,25490.728747478,30014.6181937036,26916.2595940316,6690.97877956581,7820.8463434209,4888.79363475285,6103.53700674453,9587.79659550097,4024.90228108708,4086.97934073565,5130.47975446741,3023.14877323297,6654.85798220368,11022.8651330949,9447.27166886821,3434.75802143324,2775.15792379461,1e+09,3955.04485635751,4300.19313061634,6451.72381261784,11891.8850437052,14932.9751544694,13899.3330887169,4498.60359395002,4713.05403953742,5393.64930280047,6348.45446263104,3821.34448414429,7911.94597709691,7112.34323569244,2790.79177265163,5799.46067185562,2771.15581900405,3781.37839897041,3562.72199252201,4328.57623142991,3998.73288775332,3450.60072890214,2069.5355030296,3184.79338172824,3021.0921370756,2532.55697353485,3290.38263729312,3580.47630911028,2899.68753966699,2445.42209430192,2972.71104249976,3906.9430593496,3485.96463920677,5510.06028795511
5214.81419549153,23934.0833008662,21154.8493749117,26282.3066351624,30509.16917385,28415.2055780052,8863.15521905151,7176.98182079347,6536.66771234396,7239.93308436618,10368.2844455725,1845.2312669419,2750.96197988994,4274.94262253893,5104.76862446282,5972.33188850888,11444.8227838967,11799.7859743895,2745.0036412362,2413.34517506303,3955.04485635751,1e+09,2156.19050345743,7748.67305847266,12890.5439374954,16114.2191402624,15141.1349683932,5179.29450075008,3585.06102305107,7155.93297147199,7858.72953492484,6055.11408674519,7989.4821006308,5765.93287270152,4000.72158070266,4126.38864650435,4011.41000816421,2613.16888535739,2615.15560653664,1869.36238415669,4695.45463639039,3583.05832970941,4354.82254420315,1940.91545248627,2321.53625616745,3527.22472955722,5270.55478798959,1712.73533399063,3829.18390813238,4208.91962720839,2329.33235348672,3641.36508532171,5657.56528732988,6691.65602015675
5145.61596018397,23219.6816545835,20380.201058439,25639.5291820521,29929.9057079604,27774.0080769827,9188.13257124646,8072.80681441096,5818.26078373942,6780.93083748094,9749.38435369639,1800.59022553717,3139.36424181712,4550.78580234227,5646.19032010966,5291.88105717617,10726.0300350782,11444.8192416569,2514.0589539627,2850.15199847306,4300.19313061634,2156.19050345743,1e+09,7118.1673768815,12240.5299634738,15541.5236901406,14518.0105719241,5241.06593823241,4246.34026041249,7070.88569114224,7145.58103404475,6055.49809093356,8692.18852644718,6764.19347907051,4518.75698460318,5136.86178537052,3862.09139350689,3385.84857638377,3673.6090678514,2961.46951372119,5510.57743725646,4700.19000629762,5042.90972248166,2935.56280309245,2941.43911660602,3526.50992648539,5689.56924907326,2860.64638047068,4103.26296511691,4636.95042752238,2999.53712275744,4356.8606249684,5826.28101817961,7295.43776994225
4992.90778536916,16987.710190579,14698.9761546204,19547.8779615691,24151.8349646709,21401.1286441159,11182.0955626886,13392.5043911548,3470.03921428851,1874.1107721797,4538.53010592637,7595.63377229313,8708.04307460063,5565.74405215511,7653.17858244534,4813.83139183333,5131.54240154946,5360.47641926536,7199.31452815475,7280.256687542,6451.72381261784,7748.67305847266,7118.1673768815,1e+09,5759.29289029478,9002.2674415005,8047.02832725224,3998.24260219412,6869.68765571623,2871.99459945523,2750.97109370491,8864.54413594969,13860.9555443122,12186.1260054949,5710.66223809463,9857.49324968067,4953.34358227854,7935.31704101985,8329.08453410697,8463.51198346171,9735.90015953841,8473.26312752059,7195.76672295594,7964.82712752763,7970.37446130356,7412.25602809968,9112.8679649658,8157.39492331958,5123.28162190993,7222.31312778669,6556.84418722147,8381.59881356177,7068.76656558271,11327.341355146
8970.10849481766,11523.6075077165,10041.0002120157,14056.3197241454,18632.760461126,16447.8852200214,16378.4640988739,18816.9714503982,8273.6946450845,6168.59152517007,4574.25046408699,12765.0625636148,14029.2612859159,10024.5881476847,12909.1721892227,8502.76601213982,2840.87948264266,5729.43763351169,12510.2658139106,12700.7697691006,11891.8850437052,12890.5439374954,12240.5299634738,5759.29289029478,1e+09,3908.17686663488,3585.52509286994,8695.98105608562,11789.5019918443,7220.52775028945,6697.86077647184,14196.724248368,19336.5445269572,17518.4272790054,11091.4948728564,15048.6371041002,10404.3604589855,13237.0868483855,13628.4360941929,13760.814494622,15250.2099514695,13692.7054681754,12531.1952880561,13149.4346198154,13249.7283049804,12898.5840439755,14583.2042993198,13421.6928847817,10288.4359241043,12755.0044507088,11768.7012071894,13657.1903168807,12277.8974043645,16731.4343958729
12213.5279995872,8393.16010806419,7353.76896835901,10958.0517342774,15621.7151963733,13067.4158115176,19216.610591366,22132.2000206035,11096.5101172576,9233.66571155248,6730.80681402312,16079.9453976903,17261.6610189634,13264.705032039,15986.6911083908,11588.5641712897,5499.96418681068,7487.26060446676,15809.2242262041,15956.7001388006,14932.9751544694,16114.2191402624,15541.5236901406,9002.2674415005,3908.17686663488,1e+09,2507.52816811696,11618.0434954987,14913.6473394137,10047.1100906778,9405.01915483961,17056.8381677584,22568.2601818239,20797.1358236729,14224.5794878408,18314.0938916617,13550.4883171567,16548.7778376894,16868.4702446487,17022.6850334164,18429.8028828851,16785.7963486127,15607.3096211327,16358.4869907733,16398.3131385243,15972.9116333185,17559.1407432653,16640.9762534143,13381.4299420316,15838.3183541025,14911.3478864856,16880.9183045651,15365.774635618,19833.3198639688
11564.0396863985,9667.91155487575,8222.8640747917,12212.127204005,16865.4779892626,13820.3611362439,18252.4931013684,21167.2986887297,9860.88725536906,8270.53074013996,5616.29094602479,15098.4609841467,16272.6180334174,12402.4441519686,15234.637290602,10590.3028615616,5000.2244951102,6272.6372177498,14766.064081315,14906.7259511705,13899.3330887169,15141.1349683932,14518.0105719241,8047.02832725224,3585.52509286994,2507.52816811696,1e+09,10619.7392931936,14076.9739088378,9216.35123101871,8245.54190373198,15897.2570453333,21497.5657109125,19887.0974057101,13358.891719675,17537.4071460436,12660.0727132075,15555.0260112383,15960.9760945532,16110.0158079749,17413.1802679379,15890.0789941586,14651.32310802,15351.1207591693,15353.1221933912,14904.5851622747,16478.3776161642,15606.808042441,12458.1720320037,14876.3208768365,14008.7081146228,16081.1841197065,14500.8484302368,18846.8075625502
3930.99796268072,19623.8717793228,17044.2902887947,21970.255003008,26295.4512376628,23747.3205502179,9842.35115107666,11130.2143846334,3758.27791847543,3170.36546243489,6122.46421139397,5724.43922037784,6692.0579967974,3393.07044481838,6323.90456207239,4377.0549442519,7443.84863424157,7638.19166140128,5696.50179693643,5092.03684086241,4498.60359395002,5179.29450075008,5241.06593823241,3998.24260219412,8695.98105608562,11618.0434954987,10619.7392931936,1e+09,4417.90138709546,2973.56558052786,4572.34743111238,7688.88247631605,11867.7687032399,9862.34158143998,3751.75928481559,7743.06355897328,3503.04213267554,5792.05136062345,6114.67140854682,6129.6255553337,7708.33077359165,6112.3154029222,5300.99243161127,5559.14501284145,5673.09520907238,5491.07425712856,7147.06376278399,5743.0354132462,3046.25693857232,5491.58093428477,4399.58891455781,6573.31007139478,6373.3252261045,9582.31098421461
3852.53986498518,22726.3063074227,20531.3427402496,25198.1143756611,29416.8902669096,27472.610234004,9463.45642812392,8107.92875156165,6842.72412498122,6639.77701392901,9761.11609695838,4431.15206382042,5083.17949826681,2953.0451636912,5599.99670090081,5476.81534139138,10299.7791327873,10843.5969414305,4531.05258100146,4005.60990621903,4713.05403953742,3585.06102305107,4246.34026041249,6869.68765571623,11789.5019918443,14913.6473394137,14076.9739088378,4417.90138709546,1e+09,5737.30596651425,7681.47159671244,7518.16475083514,9557.10839498538,6613.02854829011,2736.73639810267,4184.99917818391,3604.06645945937,3143.78568817914,3814.3597553718,3838.37550016931,5835.16656973903,3699.7211828596,4607.50745880026,4151.34441337984,4649.53277210732,5104.84126767914,6613.43018850279,3898.50925920409,3322.97459092001,4228.24749418716,3112.36554572242,4742.1287951088,6143.74120753796,8272.68095226088
4829.20159594731,18206.5826324711,16093.3600694137,20694.1548722749,25200.4092438079,22336.3479838245,10345.7907635038,12378.4679317353,3928.31989743707,2596.36406466813,5698.43778740279,7411.26128803323,8210.25942223509,4956.94974913,6743.51589356027,5297.9729812165,6549.05416975612,5462.23965957189,6908.74556050518,6746.3545540388,5393.64930280047,7155.93297147199,7070.88569114224,2871.99459945523,7220.52775028945,10047.1100906778,9216.35123101871,2973.56558052786,5737.30596651425,1e+09,3830.97706209526,8162.76658000828,12934.4198812046,11184.7205276261,4499.19961094193,9028.87349393046,4215.11292052775,7162.94537864139,7498.46563414143,7955.79156822877,8770.97986595569,7110.61718004141,5922.16334674247,7185.86013628849,7246.44241316386,6866.35253184688,8212.02681497083,7479.64795243065,4069.31334398078,6236.33274679118,5776.44263039113,7688.62965402808,6496.78469069124,10489.3729508822
6279.75861056777,17251.2288184262,14534.4925241475,19807.3367016164,24426.5706480361,21297.2381787686,11514.1540068083,13729.7369597782,2312.90917657828,2771.02763512023,4424.64494656916,7665.24140398722,8739.77480248204,6660.86214336403,8078.74156894501,5137.50130473949,6017.00908441229,5432.85796089867,7245.92350788359,7511.55548754717,6348.45446263104,7858.72953492484,7145.58103404475,2750.97109370491,6697.86077647184,9405.01915483961,8245.54190373198,4572.34743111238,7681.47159671244,3830.97706209526,1e+09,8075.91843328052,13814.7125228577,12558.2745822187,6482.08157449442,10518.4188778019,5470.92006389236,8422.28205368949,8672.8178199418,8789.75277324681,9899.12467259101,8600.23271622344,7435.34187855542,7906.92468368076,7674.04925768658,7163.30832226982,8881.53511362197,8166.93113046755,5267.16527627528,7380.47205898105,6695.62907435142,8756.40854251902,7276.7230103873,11254.5834361028
9194.84140251478,25098.1977091245,22194.9347462141,27562.1188154648,32226.3888512768,28574.4116493096,6466.02586973637,7994.47473733578,6572.32835373432,8656.57514969979,11898.9333212435,5554.87514199914,4953.24246776796,8277.80560765352,4717.10342901234,8944.97963044075,13460.6973206406,11208.2223621545,4722.03939080351,4910.15415445381,3821.34448414429,6055.11408674519,6055.49809093356,8864.54413594969,14196.724248368,17056.8381677584,15897.2570453333,7688.88247631605,7518.16475083514,8162.76658000828,8075.91843328052,1e+09,6794.25525119567,7618.20388300287,6003.56029734024,7169.24191919202,5575.06952101048,5778.05357743419,5524.18549727469,6191.25912489536,4399.21074999823,5270.5284692524,4261.38303349981,5163.33415194097,4317.72192610872,3598.20052655491,3204.23853423867,5306.03932859529,5930.99705789845,4248.32887368669,5424.80643366194,5386.02657170386,4596.56503105308,4671.64482590447
12170.8372624894,30668.2155483214,27928.2373245628,33028.4619613963,37566.7282605166,34512.2864030131,7170.2127388035,3772.42904231478,12294.0049092271,13699.6294416236,17198.1784144775,7737.2410992808,6308.22372559027,10955.3621920911,7194.60504289152,13109.4303724456,18411.2951653408,16770.720014421,7606.23374791362,7232.76359676576,7911.94597709691,7989.4821006308,8692.18852644718,13860.9555443122,19336.5445269572,22568.2601818239,21497.5657109125,11867.7687032399,9557.10839498538,12934.4198812046,13814.7125228577,6794.25525119567,1e+09,5172.84265289406,9040.59573151017,6685.41670512018,9455.08328698907,7064.04161997224,6644.57295368935,7161.87938021858,4501.21141386405,6797.79514305926,7246.51385130809,7143.66488410536,6964.56375834122,7348.16969747569,5795.13181176235,7022.86872277989,9794.87405438171,7314.94484945717,8378.38371347959,6493.18478786027,7874.25917679244,3669.29093858745
9484.9519835685,28703.3711811156,26339.5487184481,31267.4266942484,35477.4927824374,33326.8640238412,8892.72692549929,2581.93613683608,11161.1538349178,12011.7205454506,15487.2013105984,6243.88929674446,5332.28164296486,8370.20772784642,6936.42476187841,10481.9046548039,16143.2020156133,15707.6101251559,5970.57552032465,6008.24228037618,7112.34323569244,5765.93287270152,6764.19347907051,12186.1260054949,17518.4272790054,20797.1358236729,19887.0974057101,9862.34158143998,6613.02854829011,11184.7205276261,12558.2745822187,7618.20388300287,5172.84265289406,1e+09,6992.4204146919,3787.56979564734,7598.11285678885,4667.3542806498,4489.68991384706,4857.62407495681,4725.04432306195,4940.42402247014,6631.15111356995,5738.64543797576,6025.71004808562,6703.65973510738,6676.61698933674,5260.98945752603,7838.29185498984,6075.86230884144,6570.45107672982,5825.19163937977,8061.65876414402,6131.18252634841
4453.35766706426,22307.569856013,20027.0134363589,24808.8001050756,29246.1713051999,26639.170322298,7693.59733112541,8111.79772592364,5523.62112740365,5683.57391173899,9228.39792495967,4473.59808518825,4791.80042377602,3524.81566753497,3749.4826618615,5938.00056673962,10049.692960678,9347.75069801821,3967.98588209434,3345.10047288568,2790.79177265163,4000.72158070266,4518.75698460318,5710.66223809463,11091.4948728564,14224.5794878408,13358.891719675,3751.75928481559,2736.73639810267,4499.19961094193,6482.08157449442,6003.56029734024,9040.59573151017,6992.4204146919,1e+09,4935.99695884226,2011.58648546365,3264.66584741838,3567.6804537262,4101.31767867353,4871.09938076611,3373.70832387745,2806.80471525897,3937.51152226886,4187.77487496642,4021.69608015076,5117.27456893804,3944.32724187535,2135.07390963404,2539.25082983151,2816.96337997142,4055.25899980507,4152.55816651615,6989.31668401139
6898.28166830697,26205.0515086233,23805.0780024683,28617.172714269,32900.5657671779,30886.654103164,8415.30908364036,5142.89565639825,9360.08153497607,9757.6003621536,13166.8543899407,4358.86732414512,4094.68592380417,5899.54446066813,5232.31186485477,8419.50366965298,13728.8483311456,13898.4413768451,4735.27112868947,4274.50998709794,5799.46067185562,4126.38864650435,5136.86178537052,9857.49324968067,15048.6371041002,18314.0938916617,17537.4071460436,7743.06355897328,4184.99917818391,9028.87349393046,10518.4188778019,7169.24191919202,6685.41670512018,3787.56979564734,4935.99695884226,1e+09,5702.07059216211,3046.98477629935,3125.46139349057,3011.27864949426,4112.47017513805,3574.885166869,5031.57740154119,4279.85114665218,4586.70602828435,5207.56779738872,5866.86614607833,3677.92957030175,5820.23401408397,4596.54139323253,4325.10331300884,3474.81905980729,6259.76941843707,6173.96817047999
4316.45294709673,21627.2553835016,19224.7135974766,24156.5529016766,28625.6211919357,25941.3262315923,8007.540501315,8855.63864866899,4413.36866703882,4947.40445016374,8530.84392721494,4099.13838681984,4704.02405797419,3695.44416358846,4130.70685349372,5220.72028056474,9291.74789496573,8791.08929090133,3338.71637606431,3421.40887059702,2771.15581900405,4011.41000816421,3862.09139350689,4953.34358227854,10404.3604589855,13550.4883171567,12660.0727132075,3503.04213267554,3604.06645945937,4215.11292052775,5470.92006389236,5575.06952101048,9455.08328698907,7598.11285678885,2011.58648546365,5702.07059216211,1e+09,3589.09045185546,3961.99118189327,4437.33879967487,5434.85451729851,4077.6279078528,3264.13029539263,4070.31999482842,4071.41397152144,3673.73000575709,5245.21674879123,4125.88113298238,1969.65540816154,3039.82281074078,2758.98879454049,4426.21201340379,4128.27007711463,7234.67925298005
5485.53170978894,24496.7886072032,22159.8300144654,26988.5029156954,31299.2529793093,29039.9964117302,8071.36278068332,6043.75193680217,7202.26186531703,7840.90110544062,11250.8813059022,3017.33814424237,3007.38921940609,4172.67195559392,4482.11853559229,6578.70235036515,11927.2158637043,11678.3541956733,2627.9436396544,2615.26234148699,3781.37839897041,2613.16888535739,3385.84857638377,7935.31704101985,13237.0868483855,16548.7778376894,15555.0260112383,5792.05136062345,3143.78568817914,7162.94537864139,8422.28205368949,5778.05357743419,7064.04161997224,4667.3542806498,3264.66584741838,3046.98477629935,3589.09045185546,1e+09,1586.20553100788,2370.44010978974,3604.33776866153,2411.26366445066,3509.70999341826,2504.79747346966,3074.41228105471,3749.63582474352,4852.64728932569,2060.51239270721,3817.07263089137,3232.10813920265,2516.75555487616,3290.58030666325,5079.8772071183,5936.73137939557
5976.01450740374,24867.7777474667,22416.5134832605,27317.3245919197,31627.9585192627,29351.1423405308,7886.78285117576,5647.23257086159,7433.66993862386,8137.51307637045,11594.7576448454,3007.01343304283,2739.9019372233,4780.50794907822,3917.05358994487,6986.83762336724,12353.2992299952,11982.0880943098,2702.77661400272,2534.77984775799,3562.72199252201,2615.15560653664,3673.6090678514,8329.08453410697,13628.4360941929,16868.4702446487,15960.9760945532,6114.67140854682,3814.3597553718,7498.46563414143,8672.8178199418,5524.18549727469,6644.57295368935,4489.68991384706,3567.6804537262,3125.46139349057,3961.99118189327,1586.20553100788,1e+09,2154.28130695599,3306.34894413763,2272.70141727857,3431.09956327414,1989.32488425094,2727.24190923724,3604.03734187092,4467.63405106103,1964.21656950042,4037.14063092927,3254.08605007612,2488.76977038857,2952.77252564433,4975.9174458787,5338.46469274641
5814.63558914916,24903.3345758093,22188.7964224133,27298.9254726555,31577.7362569533,29439.5670062248,8192.81029323272,6117.8681306563,7536.01762625991,8236.65966947767,11478.1753142823,2344.69873024233,2462.76479000736,4827.84374857969,4685.3786367806,6989.69443240547,12357.7563553462,12668.3232318685,2990.01262360211,2363.55662612513,4328.57623142991,1869.36238415669,2961.46951372119,8463.51198346171,13760.814494622,17022.6850334164,16110.0158079749,6129.6255553337,3838.37550016931,7955.79156822877,8789.75277324681,6191.25912489536,7161.87938021858,4857.62407495681,4101.31767867353,3011.27864949426,4437.33879967487,2370.44010978974,2154.28130695599,1e+09,3979.95259744384,3467.22141459123,4369.62923335607,2472.92298921742,2803.24465461008,3755.38198487185,4937.65890082537,1759.18554695063,4444.16756002741,3808.15222258775,2965.70138087097,2992.2216498281,5428.1103594437,5949.45635723131
8289.56011132678,26583.7563713596,23949.2705088694,28961.4013438766,33502.161823154,30490.4149442198,5410.65685210216,4778.62342722253,8412.16137657855,9624.57349159432,13141.5594083921,4630.65966979868,3490.22567299022,6974.26596437216,3533.38073871187,9357.03305651423,14317.5339967817,12860.1694415354,4396.36340806808,3616.22573432578,3998.73288775332,4695.45463639039,5510.57743725646,9735.90015953841,15250.2099514695,18429.8028828851,17413.1802679379,7708.33077359165,5835.16656973903,8770.97986595569,9899.12467259101,4399.21074999823,4501.21141386405,4725.04432306195,4871.09938076611,4112.47017513805,5434.85451729851,3604.33776866153,3306.34894413763,3979.95259744384,1e+09,3245.35490177885,3125.36067161856,3819.88397000485,3646.52603642152,3789.90433955793,2647.91635830893,3671.74174673274,5739.07425798796,3394.45583887904,4536.71858523316,3002.6024313585,4291.48669444518,2732.61156114439
6371.77434507846,24842.1865452279,22505.6232106534,27302.4472395571,31651.995944583,29160.0704336632,7812.03790742851,5992.86025591287,7482.28978745812,8227.961628192,11616.5529223432,4156.13116094764,3841.36236060854,5085.28050550803,3976.68726577789,7406.11992445437,12525.9301618722,11617.8106694205,3797.18649746098,3492.978300634,3450.60072890214,3583.05832970941,4700.19000629762,8473.26312752059,13692.7054681754,16785.7963486127,15890.0789941586,6112.3154029222,3699.7211828596,7110.61718004141,8600.23271622344,5270.5284692524,6797.79514305926,4940.42402247014,3373.70832387745,3574.885166869,4077.6279078528,2411.26366445066,2272.70141727857,3467.22141459123,3245.35490177885,1e+09,2849.93601029918,2779.11940513538,3121.34678006145,3832.55036002138,4329.28134540827,2676.41407214953,3702.7350381576,2832.05212787477,2744.02215699874,3390.2277859902,4841.03071055122,5408.86936556985
6333.22918074184,23830.1647658404,21315.8728495809,26164.9736211677,30727.1398652478,27656.3802855905,5926.25662546772,7249.36893634887,6158.02128054946,7020.25311234574,10623.0593686,4350.39591400599,3996.13646935387,5234.62180308186,2306.60399345011,7595.66199070232,11765.0344428523,10092.4672600559,3851.89106082973,3068.12603122818,2069.5355030296,4354.82254420315,5042.90972248166,7195.76672295594,12531.1952880561,15607.3096211327,14651.32310802,5300.99243161127,4607.50745880026,5922.16334674247,7435.34187855542,4261.38303349981,7246.51385130809,6631.15111356995,2806.80471525897,5031.57740154119,3264.13029539263,3509.70999341826,3431.09956327414,4369.62923335607,3125.36067161856,2849.93601029918,1e+09,3550.20210354284,3283.75904088592,3218.72188107329,3131.97332068777,3675.85653155833,3451.47564238834,2235.4755296357,3242.34954628584,3037.76632921296,2744.78957260844,4746.17129581308
5870.30397822804,24300.3257993077,21614.3094967639,26647.8007730995,30959.7455055319,28603.3835771015,8274.2307505834,6727.87825306761,6602.51292350875,7540.38546160606,10758.2618971096,2363.29628785728,2507.62979574338,4661.06224098113,4364.70808066244,6451.03126058152,11874.5927180472,11544.9749196306,2543.33704606763,2342.17792840339,3184.79338172824,1940.91545248627,2935.56280309245,7964.82712752763,13149.4346198154,16358.4869907733,15351.1207591693,5559.14501284145,4151.34441337984,7185.86013628849,7906.92468368076,5163.33415194097,7143.66488410536,5738.64543797576,3937.51152226886,4279.85114665218,4070.31999482842,2504.79747346966,1989.32488425094,2472.92298921742,3819.88397000485,2779.11940513538,3550.20210354284,1e+09,1482.32375040003,3003.68812250873,4261.78362706274,1400.79273498973,3722.43935131252,3699.94793017415,2002.39347289687,3218.77149572628,5038.67021261563,5668.8570616836
