1e+09,11383.4138589441,11813.2908521292,13903.4193967276,17182.6788617579,21984.6079801801,28157.4531554241,15362.3742729534,14653.5726378791,12076.1612077556,19745.7075428535,21081.5761132986,18760.9974208889,19914.9532505,16771.605892466,11403.4202236434,11480.554057196,20514.7387203298,19996.0050646748,18768.115507874,20745.7674964341,19302.3033588067,14229.912787477,10627.1205117802,8674.6105015845,8960.28115468483,16449.894045601,20074.1823318759,15339.3287482145,13290.1501869166,18624.9232728755,25908.3157409798,26077.6695533669,19530.3137246589,23057.4688260659,18221.1671974053,21245.1701252355,21293.5674563447,21293.4083700285,21950.6496280793,21602.6918571344,19936.6183849794,20729.1234335222,19827.7674191448,19067.2902203066,20469.3042512197,21464.7355114103,17899.1552857977,19737.7750124324,19620.1884513732,20984.4609625194,19139.5248688179,23005.7850396895,24314.9577413246
11383.4138589441,1e+09,4393.56639801881,6581.4171495431,9095.20415658164,22482.8246014864,32417.4312156331,18974.7373828546,17398.5266906885,12807.229527103,21964.0256346759,23477.6851117907,21634.8434417123,22651.521648865,20514.7475099208,14860.8142715128,13443.9551625182,24013.3027327188,22637.825498137,21832.3843814573,24252.3883232951,22156.6204254124,17634.2022577887,13317.9375670297,9011.26104134155,9252.73571021025,18307.4324456025,23228.740467154,17931.0903403112,16420.2369617555,21312.9601839515,29084.0824161069,29912.7878611372,22633.7528411,25918.3497467489,21020.1812715543,24292.0349142471,24456.0052604938,24020.6454372234,24693.7867032235,25352.6649093049,23234.8903168597,24335.1005864944,22713.5658662373,21912.9738074639,23304.908763812,25285.7935814402,21286.9640753138,23045.2154103102,23157.722640683,23553.9500757028,21499.1636526703,25721.3455024188,27730.2736392413
11813.2908521292,4393.56639801881,1e+09,5115.14670644939,8326.57025079955,25744.1579974526,34750.3260662587,20890.316806638,19490.1291854775,14941.8559247404,24730.8994182763,26057.4593857997,23963.8325817804,25380.4866241489,22597.0334482471,16896.4735999439,15715.9647214862,26635.6536566272,25123.1400008618,24228.6106740832,26697.920103774,24691.1583857016,19765.0926547689,15304.5158699483,11087.7883756591,11482.9398732729,21134.0779815373,25683.5697031468,20173.6160123861,18649.5085780779,23747.2223308138,31410.9683746347,32247.3792212484,24761.4392030795,28430.5748325496,23332.0988930658,26695.7305652234,26938.1411002857,26583.5694698135,27227.6336141043,27592.1685086493,25635.5410342848,26774.0813433253,25262.7642636648,24322.2399045565,25649.5475572572,27571.320458364,23564.7134500231,25471.0904166744,25415.1312355494,26147.6927265811,23961.7880669599,28298.811713049,29969.0271109124
13903.4193967276,6581.4171495431,5115.14670644939,1e+09,4661.24555978335,28187.7527229877,37925.0592073974,24505.865842002,23031.3652810271,18494.3600153993,27816.1909727662,29368.2747486961,27315.2606339002,28374.2336019654,25837.9297817008,20227.1698166822,18751.5896045242,29476.9591583579,28475.6424075103,27536.651977341,29938.4629455655,27991.1673098444,23256.7082952661,18687.9566609675,14039.8509852954,14343.6254818543,23939.7943597267,28807.3441529014,23548.164575735,21865.3623312055,27049.1375809877,34810.772778492,35487.4264765917,28314.7004122435,31629.8972835465,26751.6185906405,29983.7918713578,30156.1897658673,29816.3196968925,30533.1887410241,30831.7955736574,28872.8729981621,29914.0352006863,28461.3952691466,27651.9800728791,29103.213287888,30871.2713689103,26835.1320425222,28651.4753123762,28788.9751141943,29355.6428596991,27245.7933716895,31452.5267779061,33213.6662588083
17182.6788617579,9095.20415658164,8326.57025079955,4661.24555978335,1e+09,30258.5866909527,40872.0820914546,27485.3969335937,25861.887778658,21311.6374955187,30048.0939068321,31718.0495611174,29916.3999384602,30642.83324953,28892.7319495457,22776.5515452384,21339.7273995546,32196.9691466526,30964.9401227743,30169.347774067,32597.5355773163,30357.54867095,25913.3928054298,21805.6758123797,17157.2355197771,17368.0123386846,26381.3489058577,31241.9500137571,26150.4062344832,24788.4431516645,29662.0569052114,37479.6661056232,38217.8156340587,30907.7909558723,34142.2206417172,29353.7426107013,32564.6643129098,32644.4626885112,32260.3131563086,32895.2055689579,33629.6668638808,31459.0323951675,32662.6036895484,30896.3002553963,30188.9998359717,31719.0204838217,33700.43781884,29418.5607343561,31201.9624265831,31599.5922742763,31740.7204895415,29919.7123515217,34194.3265434472,36029.4511065115
21984.6079801801,22482.8246014864,25744.1579974526,28187.7527229877,30258.5866909527,1e+09,13755.695807879,11250.6132938476,10140.8978560086,12418.4807100587,6162.13639212084,7254.25558475851,7732.05499796787,6080.27506029127,9931.13716759566,12614.6072510245,12267.9398901527,7244.1061390761,7195.59594827975,7723.12287724985,7946.49456137107,7701.27888714595,10584.8339479276,13073.2360646743,15752.154229165,15325.3634500262,6143.44045336976,7356.86392693245,9324.71462391209,10272.9980485543,7365.04977755752,10664.9374704262,11295.2125107764,9182.93780720527,7705.41684575209,8200.58913476343,7929.42877578202,7642.04837594607,6836.19342473573,7704.79480034997,8979.23228407084,7447.96915777046,7793.99263865447,6746.31606411233,7328.17409250081,7957.99795620733,9131.45147315584,8236.96404955734,7414.24342067348,8704.61124952746,6431.40878359477,6926.48736204001,7643.9808198739,9973.10833921902
28157.4531554241,32417.4312156331,34750.3260662587,37925.0592073974,40872.0820914546,13755.695807879,1e+09,14665.4218447476,15655.0639986651,20123.3712162848,12653.5924487396,11154.611109604,11787.1776205375,11963.9615457381,12610.2974810153,19400.8240599955,20336.5593703778,9442.42458841478,11040.7942081718,11384.5804890299,8854.01599978225,12199.0465243846,16029.6948982973,19658.1108342282,24097.5012481689,23854.2408710715,15114.2630451637,11122.7527756442,15595.1751964863,16365.9329511122,11946.7209757573,5586.87871144524,4162.50888992444,11480.4707565282,8411.53323606939,12497.6903701884,9561.13642771088,9682.12803861837,9979.37406661861,10139.3250607523,7843.41624553995,10136.5942442223,8484.58117243863,11041.8510586677,11556.3907337931,10174.4544968318,7562.50054752395,12381.2285530556,10576.7637440902,9855.07784494369,10584.8488202241,11529.7013052897,7539.45757983292,5823.66056120204
15362.3742729534,18974.7373828546,20890.316806638,24505.865842002,27485.3969335937,11250.6132938476,14665.4218447476,1e+09,2772.12689848427,6629.82266753795,7613.92157891057,8073.80154371533,6088.24796348671,8282.01207245558,4712.68457292656,6432.49266952556,8234.08292901523,8063.74929149586,6722.56300845146,5536.52113172162,7007.67620764544,6638.58761791241,4142.98537198721,6461.64414015504,11107.4124250925,10956.6444925762,6815.07307598385,7751.54558645565,5027.19013281774,4162.98950895868,5721.02714789923,11610.440787257,12300.7025573135,6018.71739644752,9698.54038670253,5530.11284927351,8005.84517819949,8249.65967117432,7871.11063022875,8894.53921081919,8216.05024385806,6691.38990322638,7422.64805973582,6782.6876656529,5785.44356735938,6306.0930564891,7552.24936749972,5628.81568367628,7062.95306050522,6230.07131393373,7993.43812753936,6212.4957951696,9570.68479170117,10606.0749273942
14653.5726378791,17398.5266906885,19490.1291854775,23031.3652810271,25861.887778658,10140.8978560086,15655.0639986651,2772.12689848427,1e+09,4799.61388039705,7091.38904554672,7862.63229545933,5401.43870647442,7615.36481240393,5069.58888376563,5219.12377433224,6372.35296986914,8341.32740365705,6398.58852998847,5425.35320062206,7491.47525436079,6456.0942010011,2999.68722746222,5100.66941635115,9480.86318307569,9246.55590475719,5152.1865726796,7309.58967938694,3263.95605013303,2601.30746733253,5195.74255056003,12225.5979875219,13047.6004795748,5943.06438188247,9708.47495706715,5038.95326477633,7937.19186599392,8217.24556459767,7841.57170563402,8777.10516300791,8583.91500524673,6617.11335699336,7766.23372366555,6561.87549364509,5432.3616298991,6483.47360179711,8259.16415917495,5104.04754767234,6815.68718974103,6442.43032510248,7638.54714766493,5649.59206595485,9798.13144825073,11051.4136635455
12076.1612077556,12807.229527103,14941.8559247404,18494.3600153993,21311.6374955187,12418.4807100587,20123.3712162848,6629.82266753795,4799.61388039705,1e+09,10546.8487489013,11678.3158398076,9514.21982355358,11274.3813403619,8578.12963586469,5048.89783989536,4793.41305725889,12275.3839970121,10521.6001955406,9611.0727569299,11942.1832635578,10336.7683750435,5923.88907619817,3071.8708205587,5480.30350636714,5370.49337086454,7384.10932887644,11300.2232306933,6103.83135565687,4529.85195125624,9220.63702727745,16640.7964230322,17522.1871021599,10218.3201767658,13848.4745803969,8960.15626472552,12124.3192459,12423.2107269015,11979.3886945578,12802.5788853496,13010.0414132239,11002.4401188827,12135.5667609181,10667.9576559715,9672.5059181941,10884.1247052347,12833.1915734824,9238.41732108915,11006.7291311952,10831.5745234892,11641.9397535548,9465.09506166737,13805.5617221285,15357.0520621537
19745.7075428535,21964.0256346759,24730.8994182763,27816.1909727662,30048.0939068321,6162.13639212084,12653.5924487396,7613.92157891057,7091.38904554672,10546.8487489013,1e+09,3321.8224363593,4115.78596466094,2699.93388813504,7160.04178830683,9170.81479441712,9924.32037394501,5599.01212830442,3475.04771463645,3863.58023121043,4780.29774972229,2521.77601989154,6485.13600074046,10791.539055853,14582.5820530762,14170.100574389,5018.89455380366,3713.21582000023,5889.74283081189,7781.9936839283,3365.50268967357,8788.50336644414,9400.84860599829,4977.81760781771,5243.50038406597,4118.53782028282,4426.7109810445,3893.06034284084,3442.26809416408,3802.10642565407,6387.83194746074,3941.31799092639,5360.85702000156,2580.25500763006,3628.13662563857,4628.50987112483,6539.69640479587,4199.37883378006,3749.08837309819,5381.7469619539,3113.02150194951,4534.91683425397,6803.75741114423,8500.4613082291
21081.5761132986,23477.6851117907,26057.4593857997,29368.2747486961,31718.0495611174,7254.25558475851,11154.611109604,8073.80154371533,7862.63229545933,11678.3158398076,3321.8224363593,1e+09,3536.60461055516,3965.84422349139,7075.39840582847,10634.0316806374,11461.078501895,5977.59835000646,2095.99685899097,3551.84270238703,4026.23526112173,2531.97772592888,7242.25766350522,11901.0151045489,15921.4117608333,15608.5361631448,6883.20562260783,4369.34524335169,7076.96198963934,8933.01494970203,3550.02241408417,6783.18458471388,7683.36938933695,4087.59635607529,4473.31900416235,3987.05972044563,2976.34479736471,2894.78508554608,2503.12066660799,2377.263162946,5534.92719736222,3645.64111205423,4470.97977248835,2743.592007843,3227.7594041378,3523.63141917539,5478.103590386,4629.26244394288,3641.02976746964,4373.31825436933,2481.35594619152,3731.76084135894,5130.05920182214,6872.62035885877
18760.9974208889,21634.8434417123,23963.8325817804,27315.2606339002,29916.3999384602,7732.05499796787,11787.1776205375,6088.24796348671,5401.43870647442,9514.21982355358,4115.78596466094,3536.60461055516,1e+09,3938.55648036181,4865.02044330751,8630.30540612556,9303.69851233368,5631.13375188336,2127.41772454307,2143.00964414536,3988.85714551173,3247.16534192517,5212.55198423958,9464.14143648012,13595.6463355002,13320.1888589764,5140.48144366848,3570.24144614899,4644.38980816641,6399.62717001546,1793.43235448121,7956.30525796365,8672.4821929134,2654.13439693622,5123.04047868061,1926.53453792036,3187.26947084805,3488.48257666568,3519.92095630001,4002.21328078602,4617.47379025588,2561.3536692343,4003.21912158203,2793.3368940212,2008.90315087612,3025.56908742802,4927.02519346106,2335.3044898471,2523.99145945465,2839.47333958254,3163.98290777621,2092.15950962158,5683.97400206933,6844.25813395433
19914.9532505,22651.521648865,25380.4866241489,28374.2336019654,30642.83324953,6080.27506029127,11963.9615457381,8282.01207245558,7615.36481240393,11274.3813403619,2699.93388813504,3965.84422349139,3938.55648036181,1e+09,7511.02837172115,9662.63641878344,10398.291514898,5534.40179311188,3599.72073359865,3724.59027793662,4527.07402158392,3488.73803312888,7017.35821435674,11325.805550154,14956.2384143073,14682.4840640472,4936.8862943256,2588.88343314256,6017.32411227782,8155.68543873536,4037.2487140502,8569.57134886571,8837.19912102245,4734.50435773376,4634.58856374544,4185.20993287075,4259.93015029589,3225.11928475522,3198.0867366599,3514.83459563889,5507.68046201847,3307.6200476022,4830.14027413283,2632.10785814336,3741.94874048269,4557.80924541605,6014.9753202985,3639.93363256804,2708.94448160164,4871.79896489993,2670.15090639087,4560.90918577645,6461.13863061303,7840.10472731073
16771.605892466,20514.7475099208,22597.0334482471,25837.9297817008,28892.7319495457,9931.13716759566,12610.2974810153,4712.68457292656,5069.58888376563,8578.12963586469,7160.04178830683,7075.39840582847,4865.02044330751,7511.02837172115,1e+09,8309.1577396268,8883.96629120125,5753.42608005004,5980.33309850714,4874.25862209834,5778.7808315855,6327.66468782915,5686.85261231553,7683.75442364603,12072.4726649846,11838.8869193096,6651.14837118373,6897.54130436346,6059.10563639552,4990.8244053062,4556.37348178351,9994.32287384693,10318.0786272251,5903.41011152029,8117.25054133479,4906.82337475072,6313.70907856864,6913.54433283681,6836.94495329603,7768.6872531915,6360.56502896559,5661.71553634585,5433.71204231509,6037.02320445267,5332.14509290586,5965.22966327366,6116.73358141419,5322.59970453349,5909.36753546435,4721.22708549377,7002.56160497714,4657.66709371763,7348.56915642767,8277.49587585521
11403.4202236434,14860.8142715128,16896.4735999439,20227.1698166822,22776.5515452384,12614.6072510245,19400.8240599955,6432.49266952556,5219.12377433224,5048.89783989536,9170.81479441712,10634.0316806374,8630.30540612556,9662.63641878344,8309.1577396268,1e+09,3537.64730022652,11429.233976457,9694.05978968049,8672.43678381688,11066.4385984968,8749.96592691652,4058.43952723211,4455.18169127815,7370.99938392346,7146.93979482128,6967.95068787804,9897.48077461128,5077.00582130846,4582.60463972183,8384.65363367504,16022.5264892931,16565.7472131262,9231.60021273669,12914.2694895763,7804.15071097426,11121.5806663891,11022.4857274528,10916.2578558955,11479.4917622297,12148.205820898,9956.717098065,11309.4288261079,9467.3753292082,8818.63649807611,10329.7643165757,12135.1855478934,7722.25226626921,9656.1671394296,10063.9954976341,10645.7017391481,9320.7479901186,13637.0110597594,14926.4342652222
11480.554057196,13443.9551625182,15715.9647214862,18751.5896045242,21339.7273995546,12267.9398901527,20336.5593703778,8234.08292901523,6372.35296986914,4793.41305725889,9924.32037394501,11461.078501895,9303.69851233368,10398.291514898,8883.96629120125,3537.64730022652,1e+09,12033.6616432738,10598.4402788759,9621.53814156032,12225.3006079564,9949.37385539412,5580.35873445427,3981.38590497078,5659.26293927045,5178.03893258828,6830.91449431919,10711.8582070339,5778.01282880196,5088.65251490019,8981.67344246605,16968.367860195,17486.8445402022,10404.6665624228,13546.8052596396,8666.23788397249,11755.259101398,11849.7854075802,11821.4900401768,12327.5791498696,12994.0369579011,10976.3234041686,12213.9403510333,10515.1960948477,9873.07079038736,11479.8239925096,13214.090037146,8784.60825514149,10502.5135924978,10940.9712279761,11466.2549352044,9731.52697294212,14109.1073495881,15573.5697338921
20514.7387203298,24013.3027327188,26635.6536566272,29476.9591583579,32196.9691466526,7244.1061390761,9442.42458841478,8063.74929149586,8341.32740365705,12275.3839970121,5599.01212830442,5977.59835000646,5631.13375188336,5534.40179311188,5753.42608005004,11429.233976457,12033.6616432738,1e+09,5389.78990500558,5097.10283650428,3685.21299906803,5710.00459108397,8695.28925801782,11798.3257400997,15910.8635758842,15461.7311166829,7059.86581955351,5374.43999261318,8388.8088844603,8335.72706121068,4984.17767244508,7302.95800844425,7236.35456574649,6607.64806751994,5546.01104580581,6269.29884227894,4864.9235345481,4844.9188532833,4776.09624394233,6101.49684299681,4709.71490775185,4375.7359434614,3032.28267198162,4529.64645195406,5198.65697404628,5390.43651744458,4156.04843970808,5855.48966877237,4721.22031788393,4930.38108644758,5279.10154506427,5391.54757557605,5136.20467249895,6161.69120998448
19996.0050646748,22637.825498137,25123.1400008618,28475.6424075103,30964.9401227743,7195.59594827975,11040.7942081718,6722.56300845146,6398.58852998847,10521.6001955406,3475.04771463645,2095.99685899097,2127.41772454307,3599.72073359865,5980.33309850714,9694.05978968049,10598.4402788759,5389.78990500558,1e+09,2316.26030216813,3178.31991552141,2506.53620059635,6211.02086960751,10715.8091255117,14868.4486210196,14555.9040627815,5860.11594989382,3649.59395745609,5870.87070650513,7559.39827009399,2430.66847085323,6923.114710952,7867.05628197104,2860.46587015122,4440.32937058728,2800.13965328517,2704.71374786686,2795.61771889506,2216.86748816884,3001.97783905878,4704.26351126295,2412.3324646491,3644.21213055717,1934.86804914444,1787.32167902144,2095.9132928869,4451.60330183407,3326.25971373253,2585.00395784997,3194.33449010901,2149.11020303753,2483.12362539605,4918.93949457604,6531.3502193574
18768.115507874,21832.3843814573,24228.6106740832,27536.651977341,30169.347774067,7723.12287724985,11384.5804890299,5536.52113172162,5425.35320062206,9611.0727569299,3863.58023121043,3551.84270238703,2143.00964414536,3724.59027793662,4874.25862209834,8672.43678381688,9621.53814156032,5097.10283650428,2316.26030216813,1e+09,3272.14806636252,3050.68912249347,5273.61888062647,9541.90340143936,13768.8736364199,13594.1304249187,5096.74639092431,3307.79271637447,4711.04472028233,6333.4889403156,2343.87294433807,7875.83554371217,8358.91753230644,2531.31777323591,5006.98470366148,2192.65256237736,3340.76885068393,3257.35960486404,3165.6696084241,4000.22632432216,4373.39848712646,2314.21554333212,3533.50391590274,2442.79574303706,2190.41847232441,2718.21397743077,4428.4079959394,2350.72608480869,2244.39775755101,2459.28635215584,3189.62581792912,2537.94245900099,5536.58988285208,6825.14704591044
20745.7674964341,24252.3883232951,26697.920103774,29938.4629455655,32597.5355773163,7946.49456137107,8854.01599978225,7007.67620764544,7491.47525436079,11942.1832635578,4780.29774972229,4026.23526112173,3988.85714551173,4527.07402158392,5778.7808315855,11066.4385984968,12225.3006079564,3685.21299906803,3178.31991552141,3272.14806636252,1e+09,4109.11255678157,7730.95168979214,11848.9204884496,16192.2839828574,15928.1639288306,7138.99925453141,3852.94192254438,7434.4641445164,8434.65827227754,4019.96999277358,5707.0546269858,6033.80449420596,3995.07462199394,3842.14612146649,4679.12131771554,3132.09343604242,3050.01303993934,2700.96779182944,3849.70363978839,2990.00944346335,2117.04874979298,1684.95874100822,2780.2425792006,3294.87312248894,2568.06529155705,2161.12373137218,4420.3213152892,3074.45430369358,2826.86778051256,3173.53025673303,4057.14554676068,4147.31632720486,4925.26720817257
19302.3033588067,22156.6204254124,24691.1583857016,27991.1673098444,30357.54867095,7701.27888714595,12199.0465243846,6638.58761791241,6456.0942010011,10336.7683750435,2521.77601989154,2531.97772592888,3247.16534192517,3488.73803312888,6327.66468782915,8749.96592691652,9949.37385539412,5710.00459108397,2506.53620059635,3050.68912249347,4109.11255678157,1e+09,5582.23679753914,10412.6289471824,14547.6738543521,14221.6540510097,5839.47479313851,3879.02141796098,5689.4092118075,7411.4970362134,2931.00092284189,8193.87670428962,8887.55764963581,3772.96568494865,5444.31483691015,3295.3986821931,3655.58531972651,3366.64565763907,3235.52535443628,3494.96464733193,5875.67518534679,3457.85028957299,4684.01825987047,2111.29907116448,2636.86183574339,3689.00137264816,5750.07334139313,3533.75935220552,3405.98607871494,4309.48428717405,3073.99654240209,4045.0392860515,6501.46090982635,8034.33661606234
14229.912787477,17634.2022577887,19765.0926547689,23256.7082952661,25913.3928054298,10584.8339479276,16029.6948982973,4142.98537198721,2999.68722746222,5923.88907619817,6485.13600074046,7242.25766350522,5212.55198423958,7017.35821435674,5686.85261231553,4058.43952723211,5580.35873445427,8695.28925801782,6211.02086960751,5273.61888062647,7730.95168979214,5582.23679753914,1e+09,5538.00404744345,9755.65633816608,9533.97192541493,5357.49398524161,7041.52653732129,2936.97711499426,3639.57601077378,5064.45888672225,12536.391143152,13107.2370158932,5818.14334529496,9690.92373157482,4625.06529374451,7636.4681853328,7722.30962107192,7684.63508298215,8193.91010163646,8884.13021359435,6691.85495100574,8038.52973459699,6349.71501285688,5492.9414677748,6888.76920841452,8770.15316718015,4632.16425854049,6469.34093168694,6573.28744926007,7460.21203825334,5941.08967766857,10147.8858528267,11519.5478326365
10627.1205117802,13317.9375670297,15304.5158699483,18687.9566609675,21805.6758123797,13073.2360646743,19658.1108342282,6461.64414015504,5100.66941635115,3071.8708205587,10791.539055853,11901.0151045489,9464.14143648012,11325.805550154,7683.75442364603,4455.18169127815,3981.38590497078,11798.3257400997,10715.8091255117,9541.90340143936,11848.9204884496,10412.6289471824,5538.00404744345,1e+09,5056.48645143048,4909.07329245551,7616.71442058845,11356.3073904901,6205.40034780191,3718.97966637356,9131.65335768939,16697.912706617,17276.126170965,10356.0310452654,13874.36465696,8857.619458359,11984.5319593007,12288.8206742958,12114.171988803,12882.2253723959,12706.4421151163,10997.4893133024,11837.2047088871,10806.0696940192,9876.77277940016,11122.9114478404,12564.9749716066,9086.6340174016,10841.4527502222,10484.6328380015,11887.8313357652,9509.404112288,13668.7818836318,15182.8367674918
8674.6105015845,9011.26104134155,11087.7883756591,14039.8509852954,17157.2355197771,15752.154229165,24097.5012481689,11107.4124250925,9480.86318307569,5480.30350636714,14582.5820530762,15921.4117608333,13595.6463355002,14956.2384143073,12072.4726649846,7370.99938392346,5659.26293927045,15910.8635758842,14868.4486210196,13768.8736364199,16192.2839828574,14547.6738543521,9755.65633816608,5056.48645143048,1e+09,1953.64558413239,10716.2842211701,15223.5291976795,9991.95729536511,8106.63505186955,13364.3700379217,21082.0577191957,21634.6658413575,14603.4115119858,17945.4812923644,13027.2820924167,16227.496853218,16422.9516460501,16197.7371952196,16937.5792997376,16972.5262749333,15164.9781967895,16132.5680411086,14891.2047687183,14066.1594375579,15445.102487792,17035.2571265596,13147.5634107199,14912.9035004388,14890.0341389333,15833.4645186043,13545.1546305644,17791.4965297245,19396.0501516829
8960.28115468483,9252.73571021025,11482.9398732729,14343.6254818543,17368.0123386846,15325.3634500262,23854.2408710715,10956.6444925762,9246.55590475719,5370.49337086454,14170.100574389,15608.5361631448,13320.1888589764,14682.4840640472,11838.8869193096,7146.93979482128,5178.03893258828,15461.7311166829,14555.9040627815,13594.1304249187,15928.1639288306,14221.6540510097,9533.97192541493,4909.07329245551,1953.64558413239,1e+09,10374.6222374648,14982.3559711215,9874.45777982771,7804.59567526723,12985.3089844216,20758.0938662224,21381.8637221314,14468.0192115438,17675.9480259589,12819.8859795476,15912.495117253,16156.7348477686,15891.262623272,16683.1990461152,16800.835690706,14906.1532459887,15859.6657615537,14577.9442074423,13741.6326122263,15208.0351459746,16753.1980188023,12952.8787688413,14667.3651201298,14736.5400458113,15553.5840903986,13333.3848895507,17563.0972682497,19190.3174509803
16449.894045601,18307.4324456025,21134.0779815373,23939.7943597267,26381.3489058577,6143.44045336976,15114.2630451637,6815.07307598385,5152.1865726796,7384.10932887644,5018.89455380366,6883.20562260783,5140.48144366848,4936.8862943256,6651.14837118373,6967.95068787804,6830.91449431919,7059.86581955351,5860.11594989382,5096.74639092431,7138.99925453141,5839.47479313851,5357.49398524161,7616.71442058845,10716.2842211701,10374.6222374648,1e+09,5650.97390320465,3909.81986617031,4962.28384759478,4837.25726313993,11910.9493441119,12387.5359002547,6643.10529077329,8185.45104458514,5022.40745946603,7176.02945670515,6987.83004416965,6592.71309496326,7475.47436908187,8096.4184754001,5868.48349298181,7116.22999107674,5422.34035995528,5171.01755010559,6639.59672593901,8355.84914273229,4722.52187063226,5564.49696845097,6614.09739941135,6050.00530760098,5088.67728027628,8714.9441088225,10578.4648010711
20074.1823318759,23228.740467154,25683.5697031468,28807.3441529014,31241.9500137571,7356.86392693245,11122.7527756442,7751.54558645565,7309.58967938694,11300.2232306933,3713.21582000023,4369.34524335169,3570.24144614899,2588.88343314256,6897.54130436346,9897.48077461128,10711.8582070339,5374.43999261318,3649.59395745609,3307.79271637447,3852.94192254438,3879.02141796098,7041.52653732129,11356.3073904901,15223.5291976795,14982.3559711215,5650.97390320465,1e+09,5772.65012450954,8100.79417700512,3821.61524595295,7747.02972758592,7913.89939982813,3646.87674527122,3651.18140806507,4034.39185255969,3422.50843183768,2881.49774143587,3256.74235668098,3418.16030968414,4094.7755260942,2461.82365280294,4215.96764748023,2666.62347643982,3453.29240988944,3982.61171019722,5056.75455686748,3259.40032774435,2168.55894635124,3859.52245486407,2760.86694117989,4591.72938439321,6357.86299668371,6698.84518544801
15339.3287482145,17931.0903403112,20173.6160123861,23548.164575735,26150.4062344832,9324.71462391209,15595.1751964863,5027.19013281774,3263.95605013303,6103.83135565687,5889.74283081189,7076.96198963934,4644.38980816641,6017.32411227782,6059.10563639552,5077.00582130846,5778.01282880196,8388.8088844603,5870.87070650513,4711.04472028233,7434.4641445164,5689.4092118075,2936.97711499426,6205.40034780191,9991.95729536511,9874.45777982771,3909.81986617031,5772.65012450954,1e+09,3924.34030596226,4587.46793829668,12116.9160573349,12701.3984052544,5247.4863723501,8610.0999891755,3990.05516450587,7146.2171702237,7163.982537046,7107.57524849368,7544.38348023879,8080.87214726851,6014.89605683257,7668.87065942568,5835.09751717141,5098.37424962115,6406.38394305243,8463.93366057414,3973.12535084158,5689.16805111257,6061.99045391858,6664.15654537767,5345.8198897924,9636.3583651917,10835.1899579103
13290.1501869166,16420.2369617555,18649.5085780779,21865.3623312055,24788.4431516645,10272.9980485543,16365.9329511122,4162.98950895868,2601.30746733253,4529.85195125624,7781.9936839283,8933.01494970203,6399.62717001546,8155.68543873536,4990.8244053062,4582.60463972183,5088.65251490019,8335.72706121068,7559.39827009399,6333.4889403156,8434.65827227754,7411.4970362134,3639.57601077378,3718.97966637356,8106.63505186955,7804.59567526723,4962.28384759478,8100.79417700512,3924.34030596226,1e+09,6002.16761271293,13390.4740355187,13943.8390057616,7398.29882989326,10642.3180124633,5971.8478029836,8841.93004065289,9049.11899006196,8848.59681165325,9823.78149729014,9405.87799367502,7598.20994647424,8405.12334936258,7467.71356075606,6633.42016679179,7914.7230048562,9176.53719441054,5928.70387431351,7539.30597654718,7374.97591898442,8690.61174595322,6526.48977274155,10535.7432062859,11930.2867144843
18624.9232728755,21312.9601839515,23747.2223308138,27049.1375809877,29662.0569052114,7365.04977755752,11946.7209757573,5721.02714789923,5195.74255056003,9220.63702727745,3365.50268967357,3550.02241408417,1793.43235448121,4037.2487140502,4556.37348178351,8384.65363367504,8981.67344246605,4984.17767244508,2430.66847085323,2343.87294433807,4019.96999277358,2931.00092284189,5064.45888672225,9131.65335768939,13364.3700379217,12985.3089844216,4837.25726313993,3821.61524595295,4587.46793829668,6002.16761271293,1e+09,8168.27488373157,8931.0673306218,3505.73785898204,5232.36390501464,2188.65745202396,3413.27130282666,3760.16517903137,3639.37176593708,4255.99861752797,5073.6442586764,3008.29738513332,4132.7255469847,2711.08901008432,2279.19750704058,3422.97236633602,5124.57816331257,2910.42724794832,2988.34740953926,3273.26428900876,3538.14625881972,2369.52800827507,5779.8302181033,7294.12586071148
25908.3157409798,29084.0824161069,31410.9683746347,34810.772778492,37479.6661056232,10664.9374704262,5586.87871144524,11610.440787257,12225.5979875219,16640.7964230322,8788.50336644414,6783.18458471388,7956.30525796365,8569.57134886571,9994.32287384693,16022.5264892931,16968.367860195,7302.95800844425,6923.114710952,7875.83554371217,5707.0546269858,8193.87670428962,12536.391143152,16697.912706617,21082.0577191957,20758.0938662224,11910.9493441119,7747.02972758592,12116.9160573349,13390.4740355187,8168.27488373157,1e+09,2785.78922302101,7561.84506415597,5019.4049916001,8736.02656290032,5717.28062030368,6010.18570686464,6019.09826642663,6131.00478947782,5307.84535978583,6636.7822178824,5645.36150816757,7233.75820794419,7645.18578772943,6235.94196646345,4944.31486975698,8938.10505249295,7240.54135514051,6784.76973582008,6593.38873193444,7881.27966241524,4851.13775699062,3480.20953770028
26077.6695533669,29912.7878611372,32247.3792212484,35487.4264765917,38217.8156340587,11295.2125107764,4162.50888992444,12300.7025573135,13047.6004795748,17522.1871021599,9400.84860599829,7683.36938933695,8672.4821929134,8837.19912102245,10318.0786272251,16565.7472131262,17486.8445402022,7236.35456574649,7867.05628197104,8358.91753230644,6033.80449420596,8887.55764963581,13107.2370158932,17276.126170965,21634.6658413575,21381.8637221314,12387.5359002547,7913.89939982813,12701.3984052544,13943.8390057616,8931.0673306218,2785.78922302101,1e+09,8258.70749657596,5236.49000543303,9473.55018679903,6175.84421730341,6240.58383554776,6666.62087062104,6663.72834421542,5091.15982881111,7049.74567686665,5833.76310862894,7835.78868001811,8466.70773046997,7221.5292844383,5193.19746468397,9294.43229132904,7431.97015764999,7148.26805885174,7275.0615833201,8674.64103565675,5306.68086581434,3167.86225833763
19530.3137246589,22633.7528411,24761.4392030795,28314.7004122435,30907.7909558723,9182.93780720527,11480.4707565282,6018.71739644752,5943.06438188247,10218.3201767658,4977.81760781771,4087.59635607529,2654.13439693622,4734.50435773376,5903.41011152029,9231.60021273669,10404.6665624228,6607.64806751994,2860.46587015122,2531.31777323591,3995.07462199394,3772.96568494865,5818.14334529496,10356.0310452654,14603.4115119858,14468.0192115438,6643.10529077329,3646.87674527122,5247.4863723501,7398.29882989326,3505.73785898204,7561.84506415597,8258.70749657596,1e+09,5041.98617314645,2724.28996151291,3436.81274468075,3584.52754363807,3603.01490268914,3999.31455275776,4437.21836452749,2957.24688534792,4584.07747249106,3348.89041816838,2902.4755799834,2525.70648868787,4734.91257427209,2885.24406161767,2992.21042719258,2974.59578228707,3607.21013398166,3663.09443087398,6383.52149392481,6695.98656102295
23057.4688260659,25918.3497467489,28430.5748325496,31629.8972835465,34142.2206417172,7705.41684575209,8411.53323606939,9698.54038670253,9708.47495706715,13848.4745803969,5243.50038406597,4473.31900416235,5123.04047868061,4634.58856374544,8117.25054133479,12914.2694895763,13546.8052596396,5546.01104580581,4440.32937058728,5006.98470366148,3842.14612146649,5444.31483691015,9690.92373157482,13874.36465696,17945.4812923644,17675.9480259589,8185.45104458514,3651.18140806507,8610.0999891755,10642.3180124633,5232.36390501464,5019.4049916001,5236.49000543303,5041.98617314645,1e+09,5709.44622698209,2985.54247060731,2890.73099026872,3129.65380072621,2756.63897097534,3314.45996546949,3766.19462642334,4064.02138161206,4210.34389492117,5076.87624615767,4274.11094598631,4360.52118036365,5812.08323045188,3839.45749675654,4391.12028641895,3216.18576675851,5311.65797670558,4327.31221817885,4409.81941630267
18221.1671974053,21020.1812715543,23332.0988930658,26751.6185906405,29353.7426107013,8200.58913476343,12497.6903701884,5530.11284927351,5038.95326477633,8960.15626472552,4118.53782028282,3987.05972044563,1926.53453792036,4185.20993287075,4906.82337475072,7804.15071097426,8666.23788397249,6269.29884227894,2800.13965328517,2192.65256237736,4679.12131771554,3295.3986821931,4625.06529374451,8857.619458359,13027.2820924167,12819.8859795476,5022.40745946603,4034.39185255969,3990.05516450587,5971.8478029836,2188.65745202396,8736.02656290032,9473.55018679903,2724.28996151291,5709.44622698209,1e+09,4061.58308818126,4136.83793077515,3987.26622306562,4415.33141554516,5378.75870188467,3429.69473818006,4860.36301660689,3232.78782741769,2662.04677284228,3460.31740729084,5656.08250457859,2400.55945685584,3049.68377072116,3352.3083848596,3824.86217162135,2631.74189716621,6477.41810077133,7800.09345749139
21245.1701252355,24292.0349142471,26695.7305652234,29983.7918713578,32564.6643129098,7929.42877578202,9561.13642771088,8005.84517819949,7937.19186599392,12124.3192459,4426.7109810445,2976.34479736471,3187.26947084805,4259.93015029589,6313.70907856864,11121.5806663891,11755.259101398,4864.9235345481,2704.71374786686,3340.76885068393,3132.09343604242,3655.58531972651,7636.4681853328,11984.5319593007,16227.496853218,15912.495117253,7176.02945670515,3422.50843183768,7146.2171702237,8841.93004065289,3413.27130282666,5717.28062030368,6175.84421730341,3436.81274468075,2985.54247060731,4061.58308818126,1e+09,1621.98024343702,2382.71798566259,2533.30254760461,3427.79942833591,2834.33678222966,3152.32355074792,3029.42067687867,3496.34719597468,3145.71037020257,3849.91419281002,4296.10117901103,2751.47602660826,2889.73745350681,2662.93223205173,3697.80218385192,4328.26076035167,4997.27842330203
21293.5674563447,24456.0052604938,26938.1411002857,30156.1897658673,32644.4626885112,7642.04837594607,9682.12803861837,8249.65967117432,8217.24556459767,12423.2107269015,3893.06034284084,2894.78508554608,3488.48257666568,3225.11928475522,6913.54433283681,11022.4857274528,11849.7854075802,4844.9188532833,2795.61771889506,3257.35960486404,3050.01303993934,3366.64565763907,7722.30962107192,12288.8206742958,16422.9516460501,16156.7348477686,6987.83004416965,2881.49774143587,7163.982537046,9049.11899006196,3760.16517903137,6010.18570686464,6240.58383554776,3584.52754363807,2890.73099026872,4136.83793077515,1621.98024343702,1e+09,1800.64588137146,1969.21558332246,3556.49103516373,2538.14085944811,3252.88775285899,2571.83758052487,3564.77281154073,3300.55023914195,4069.58311409166,3978.09766785583,2180.15183868005,3375.03136475796,2198.13438715653,4116.35262670729,4688.04853290791,5408.60077858405
21293.4083700285,24020.6454372234,26583.5694698135,29816.3196968925,32260.3131563086,6836.19342473573,9979.37406661861,7871.11063022875,7841.57170563402,11979.3886945578,3442.26809416408,2503.12066660799,3519.92095630001,3198.0867366599,6836.94495329603,10916.2578558955,11821.4900401768,4776.09624394233,2216.86748816884,3165.6696084241,2700.96779182944,3235.52535443628,7684.63508298215,12114.171988803,16197.7371952196,15891.262623272,6592.71309496326,3256.74235668098,7107.57524849368,8848.59681165325,3639.37176593708,6019.09826642663,6666.62087062104,3603.01490268914,3129.65380072621,3987.26622306562,2382.71798566259,1800.64588137146,1e+09,2270.95703849721,4046.90789372578,2417.04547940249,3284.40185108339,2075.88550770509,3082.16744983137,2499.88207021851,4042.99790848326,4148.07132627924,2532.77436831629,3683.8629784236,1427.50999831875,3667.13249890156,4477.79770036566,5689.05985146931
21950.6496280793,24693.7867032235,27227.6336141043,30533.1887410241,32895.2055689579,7704.79480034997,10139.3250607523,8894.53921081919,8777.10516300791,12802.5788853496,3802.10642565407,2377.263162946,4002.21328078602,3514.83459563889,7768.6872531915,11479.4917622297,12327.5791498696,6101.49684299681,3001.97783905878,4000.22632432216,3849.70363978839,3494.96464733193,8193.91010163646,12882.2253723959,16937.5792997376,16683.1990461152,7475.47436908187,3418.16030968414,7544.38348023879,9823.78149729014,4255.99861752797,6131.00478947782,6663.72834421542,3999.31455275776,2756.63897097534,4415.33141554516,2533.30254760461,1969.21558332246,2270.95703849721,1e+09,4527.39075190114,3389.62823088315,4398.22080699685,3067.87586388367,3959.39257986626,3692.83083995192,5064.38170057313,4786.80823816873,3199.48306001141,4157.24312561823,2144.45431389899,4557.37791101418,5056.02187379564,6028.15334729468
21602.6918571344,25352.6649093049,27592.1685086493,30831.7955736574,33629.6668638808,8979.23228407084,7843.41624553995,8216.05024385806,8583.91500524673,13010.0414132239,6387.83194746074,5534.92719736222,4617.47379025588,5507.68046201847,6360.56502896559,12148.205820898,12994.0369579011,4709.71490775185,4704.26351126295,4373.39848712646,2990.00944346335,5875.67518534679,8884.13021359435,12706.4421151163,16972.5262749333,16800.835690706,8096.4184754001,4094.7755260942,8080.87214726851,9405.87799367502,5073.6442586764,5307.84535978583,5091.15982881111,4437.21836452749,3314.45996546949,5378.75870188467,3427.79942833591,3556.49103516373,4046.90789372578,4527.39075190114,1e+09,3012.84388759192,2576.58919579742,4424.07034600491,4683.67990736985,3807.82349025004,2443.08208280033,4909.23137224148,3445.96702849868,2992.7681078393,4284.20166430106,4850.98924665887,4198.74508472472,3264.17441000018
19936.6183849794,23234.8903168597,25635.5410342848,28872.8729981621,31459.0323951675,7447.96915777046,10136.5942442223,6691.38990322638,6617.11335699336,11002.4401188827,3941.31799092639,3645.64111205423,2561.3536692343,3307.6200476022,5661.71553634585,9956.717098065,10976.3234041686,4375.7359434614,2412.3324646491,2314.21554333212,2117.04874979298,3457.85028957299,6691.85495100574,10997.4893133024,15164.9781967895,14906.1532459887,5868.48349298181,2461.82365280294,6014.89605683257,7598.20994647424,3008.29738513332,6636.7822178824,7049.74567686665,2957.24688534792,3766.19462642334,3429.69473818006,2834.33678222966,2538.14085944811,2417.04547940249,3389.62823088315,3012.84388759192,1e+09,2486.0418536501,1792.67663291515,2106.73160846369,2245.11404282722,3333.31442832806,2699.04806982017,1478.62200845923,2634.11635500408,2285.98926147959,3244.33863180156,4864.349513049,5557.71289815334
20729.1234335222,24335.1005864944,26774.0813433253,29914.0352006863,32662.6036895484,7793.99263865447,8484.58117243863,7422.64805973582,7766.23372366555,12135.5667609181,5360.85702000156,4470.97977248835,4003.21912158203,4830.14027413283,5433.71204231509,11309.4288261079,12213.9403510333,3032.28267198162,3644.21213055717,3533.50391590274,1684.95874100822,4684.01825987047,8038.52973459699,11837.2047088871,16132.5680411086,15859.6657615537,7116.22999107674,4215.96764748023,7668.87065942568,8405.12334936258,4132.7255469847,5645.36150816757,5833.76310862894,4584.07747249106,4064.02138161206,4860.36301660689,3152.32355074792,3252.88775285899,3284.40185108339,4398.22080699685,2576.58919579742,2486.0418536501,1e+09,3331.95128339236,3655.0369083499,3263.38964994988,2102.73442051059,4574.67060249151,3188.77657749802,2703.14874115355,3651.56997781776,3911.97535949551,3545.02885266115,4417.20808939312
19827.7674191448,22713.5658662373,25262.7642636648,28461.3952691466,30896.3002553963,6746.31606411233,11041.8510586677,6782.6876656529,6561.87549364509,10667.9576559715,2580.25500763006,2743.592007843,2793.3368940212,2632.10785814336,6037.02320445267,9467.3753292082,10515.1960948477,4529.64645195406,1934.86804914444,2442.79574303706,2780.2425792006,2111.29907116448,6349.71501285688,10806.0696940192,14891.2047687183,14577.9442074423,5422.34035995528,2666.62347643982,5835.09751717141,7467.71356075606,2711.08901008432,7233.75820794419,7835.78868001811,3348.89041816838,4210.34389492117,3232.78782741769,3029.42067687867,2571.83758052487,2075.88550770509,3067.87586388367,4424.07034600491,1792.67663291515,3331.95128339236,1e+09,1779.3322765858,2626.85076365217,4454.74810471928,2902.60989593848,2010.41784848325,3537.76483651754,1879.94902021305,3335.31330492354,5396.39090023138,6671.87829530036
