1e+09,4037.06377088596,2905.35447556748,3662.67601938801,3391.62747491525,3734.20002819881,2672.87599113764,2886.94870063533,2847.06763425107,2518.1846205352,2745.85097725641,2254.45752479394,2392.68049120646,2227.6870259756,2408.63647147094,3227.14417401826,2898.32981651502,3712.20277670819,2393.59181564025,3066.29494832118,2377.32723029456,2264.70666683348,2801.76194695409,2368.73307928521,3255.15691377543,2785.57282893483,3386.86261351121,2295.40186642775,2518.29425869973,2390.83746199946,2536.01974556587,3043.32189404933,3008.05022501287,2734.81550092506,2386.1930368057,3007.05635904949,2824.77091839321,2427.7154872637,2589.05452820137,2331.45501526407,2231.64820135253,3117.62812673353,2009.90177747571,2577.62436371167,2472.76014273524,3423.10576240349,3237.69120281722,2388.00249604141,3087.68079577537,3152.04346208932,2590.70851332218,1987.92505721418,2386.05022214538,2458.10091759879
4037.06377088596,1e+09,3920.80554135244,4755.0873925723,4290.85672417525,3921.00674319747,5164.77971507014,4511.93922814792,4723.74801785616,4312.92746944578,4472.69315821016,4853.74998460984,4800.85203862814,4655.69517375225,4327.31484483161,4822.19599990502,4332.35713609809,5086.65529054211,4559.38024905798,4599.42986124367,4272.66067177116,4240.36768278412,4780.87411308853,3687.36250850117,4086.40311184543,4086.11393361712,4378.7932547678,4514.45382204758,4802.40473206913,4504.26076284444,4126.52958415422,5184.17638692975,5424.26179301848,5070.86590673625,4652.68341311764,5581.82460467005,5011.09180287091,4867.41463702241,4951.31700116242,4942.70983926834,4589.24608377019,5344.08527372084,4418.74274620055,4516.28864593485,4865.93520469601,5032.00339789234,5137.89329986523,4582.05362804714,5075.09954528973,4771.12751570318,4647.72497650194,4774.00464544181,4682.88540784419,4749.06338855358
2905.35447556748,3920.80554135244,1e+09,2210.07944253142,2175.9892821657,2302.51510642167,3197.15309131421,4091.17680634802,2020.35912379458,2270.39343145632,2091.24769145121,2571.91762543049,3018.93121493352,3357.01471977708,3417.43596689097,3088.98488753183,2211.71189651817,3243.43548193887,2476.47805061947,3489.16752317799,3140.67229513046,3275.20155366048,2348.10887845943,2250.84791871863,2553.03460904861,2648.5171501427,2880.24232166323,3013.86765032906,3860.20520126845,3050.98779794348,2459.63407656505,3097.36136985984,3506.98292070264,3940.7506107847,3480.23919272799,4286.90496722286,3137.32105336703,3207.68405772763,3484.37534546725,3247.26426154386,3230.81554752047,4264.66871671177,3311.54513461617,3345.80177943942,3154.43957219028,3611.76436012927,3602.58458647399,3566.14273270154,3930.32857093399,4058.45237424317,3534.78799750424,3355.69461149253,3200.02852710722,3247.7801896988
3662.67601938801,4755.0873925723,2210.07944253142,1e+09,1877.75726908459,2478.31478924692,3726.07475706004,4736.50203934296,3025.59853381112,2987.37238236213,3155.89146858697,3288.11041796044,4244.29922948418,4029.30240204182,4036.77647569196,3639.99719275991,2811.41100999125,3642.66405055421,3387.77047751172,4202.75186920427,4065.51253121916,4354.35739495508,3241.38486366553,3115.78370419065,2726.03832557431,3082.61713871509,3280.38306567998,3879.52492284816,4326.06850810294,3643.39266175086,3413.68557715851,4013.78262699913,4053.86304647801,4803.68600588132,4122.1051444256,4653.05782142238,3600.89969132716,3798.58742954536,4042.09949417379,4147.56621046609,4046.37609411187,4689.82863593117,3913.94101326272,4118.90883798124,3857.68468800912,4213.95383894983,4260.52080086461,4405.12194642782,4340.250244191,4681.62537190878,4184.23920532754,3798.49224375936,3514.8029799407,3876.51894339496
3391.62747491525,4290.85672417525,2175.9892821657,1877.75726908459,1e+09,2153.57218778475,3818.96482358767,4483.75401850949,2782.01186575471,2685.32857652467,2835.26621531383,3249.60357925394,3903.26191191419,3765.33639741524,3840.55435468631,3651.94170694166,2837.20837935813,3017.52132688404,3125.33723887519,4268.15998684445,3507.7970746182,3875.09443415254,3174.280929628,3043.21646198558,2595.66778288363,2887.07186995752,3363.02164905313,3547.16679509154,4600.34835326631,3436.56315013998,3297.40644235739,3788.17975196532,4008.03099818352,4284.26496093554,4022.79176650992,4948.95514896832,3451.60634583378,3622.18667319894,3825.72008100436,4036.09317902845,3914.31027783951,4587.25380771546,3781.05175459157,3836.42279760717,3852.0500232863,4263.17119269213,4311.93412433446,4168.30154083171,4276.65091303931,4758.44921688779,4112.62487739886,3940.70035479735,3678.57584717238,3704.28317166763
3734.20002819881,3921.00674319747,2302.51510642167,2478.31478924692,2153.57218778475,1e+09,3536.74455413449,4691.75599360197,3030.04820334595,3045.81571184141,3269.80668901084,3615.08597852112,4055.88071160876,3710.71752378162,3854.35020968515,3528.92982790817,2826.75906976523,3586.68835150198,3463.04012406729,4104.98846986201,3761.60332062008,4219.01296589617,3639.63511676652,2978.81316810907,2715.7714786226,2593.77029065798,2895.91560426059,3497.51053528077,4517.66482446407,3615.88969423847,3350.00639651628,3658.33944026521,4453.40905534176,4506.20660093387,4125.28446918512,4676.52248040144,3625.2811930111,3751.74671435853,4029.50132683934,4230.76806596627,3914.50721189781,4599.28755280641,3664.09857543434,4142.91913635784,3868.95291158991,3811.57127109018,3893.81770646752,4102.64035839117,4183.01007082221,4339.74614940782,4056.77198397938,3988.24410131827,3841.01016109044,3631.51060338532
2672.87599113764,5164.77971507014,3197.15309131421,3726.07475706004,3818.96482358767,3536.74455413449,1e+09,3580.18184788147,3177.80771677583,2572.33837776059,3200.85728786836,3045.85267649307,3565.07984996129,2608.25295619501,2804.51325293713,3488.78467465391,3058.04007081333,4281.18338177659,3236.55495156501,3313.01816344251,3422.22438462179,3400.77753579972,3489.51571992447,2622.82022428149,3269.63614818224,3102.16569014294,3536.84971043441,2416.59656620628,3047.56513968119,2931.36514977237,3766.28935782953,3786.74956515479,3829.82949009483,3240.36036713511,2872.03366632426,2717.49434459393,3144.59198262668,2986.26099132343,3351.29962996447,2687.72254237672,2846.51939058915,4022.68962968808,2851.55466594979,3827.32898515401,3506.14510191749,3493.23822597314,3261.42076828489,3438.55059036507,3770.53335776253,3542.49748246911,3529.63773863551,2832.60326461367,3260.3659776473,3076.24929020715
2886.94870063533,4511.93922814792,4091.17680634802,4736.50203934296,4483.75401850949,4691.75599360197,3580.18184788147,1e+09,3526.11893153081,2536.25871574648,3138.91422329442,3056.53335457017,3854.92751375431,3041.83407693451,2504.94349764621,3603.84123254618,3952.34221592716,4253.82388322554,3502.0596621988,2506.28384833003,2140.15703835022,2449.84020309489,3505.67898802785,2937.86361378468,3624.66505567066,4055.7689042893,4098.67025566829,2145.63988019891,2391.72135155833,2660.96129212734,3330.68241250949,3834.9392583586,3126.46487917264,2392.28671993973,2291.25497214954,3336.23613966398,3672.81186873218,2965.23851256522,2834.52668241102,2760.04667639879,2691.64849850422,3187.06711631556,2457.22977289467,2621.10179247201,2956.73619283155,3537.93859973573,3354.51971079319,2698.02798080376,2917.95570519842,2785.27892129316,3166.60362124785,2979.30177112021,3226.16727630481,2980.73244377955
2847.06763425107,4723.74801785616,2020.35912379458,3025.59853381112,2782.01186575471,3030.04820334595,3177.80771677583,3526.11893153081,1e+09,1746.54477672346,1700.866909226,2035.93411423356,2925.71575618685,2760.1869705692,3283.74861262247,2219.55646558045,2136.73115274243,2451.84840122712,1896.57359691102,3373.02342356231,2672.79941205845,2646.67760276918,2082.24502635977,2107.51447688978,2607.51375729832,2744.76747082517,2882.41885644679,2341.41374788823,3487.85496441581,2565.83109134253,1904.8230712851,2087.76478579365,3095.74587296826,2732.55111529501,2892.96594364676,3574.46022729307,2450.0102783866,2319.27394140925,2740.78262655031,2668.49040256846,2497.2018334528,3322.21936111991,2640.47655348424,2888.44363642429,2451.41654887536,2965.93711838265,3145.27303631974,2887.91529046473,3063.76937581796,3552.53563502184,2872.43494756626,3107.51604271,3021.72692462439,2655.97381961871
2518.1846205352,4312.92746944578,2270.39343145632,2987.37238236213,2685.32857652467,3045.81571184141,2572.33837776059,2536.25871574648,1746.54477672346,1e+09,1746.95223603852,1982.15339497225,2927.05677261306,2538.46461361982,2442.25337583962,2612.240775924,2463.55528019974,2773.06582631931,2104.81262519969,2524.52133514455,2100.91033578304,2128.68866453035,2321.557398192,1653.545270865,2156.53276256124,2717.27610039907,2815.62106006828,1635.82789067188,2719.32931950141,1843.70188257213,2509.24509950702,2601.40675683369,2501.24009805137,2223.98797056099,2223.31629895523,3099.73363268523,2616.72042096591,2122.11426271066,2505.13290703308,2278.11884582434,2205.39355936758,3345.25492844716,2282.10728687325,2555.74077959796,2578.59594946552,3015.65404360315,2958.3244402702,2754.64489130632,3081.81609553523,3135.36720283287,2823.40748584047,2645.43758580693,2666.81665715887,2601.84244753598
2745.85097725641,4472.69315821016,2091.24769145121,3155.89146858697,2835.26621531383,3269.80668901084,3200.85728786836,3138.91422329442,1700.866909226,1746.95223603852,1e+09,2099.59175355591,2916.4353660762,2515.45811954801,2925.4266516869,2716.18905604893,2699.24555826253,2901.05632304856,2554.52285838276,3082.53734527256,2275.61055903685,2562.01876228493,2045.07960561441,2098.74425921788,2765.0164628443,3071.31138173908,3128.8487398882,2172.50339362221,3120.81636398235,2563.62108315562,2221.39897650107,2705.61312077318,2736.94529885053,2933.44001997655,2622.62750767241,3522.73862283309,2732.82957037207,2214.28162170037,2805.05946726625,2512.7758688152,2289.49150020261,3154.92356194251,2674.55949872124,2622.4125783141,2634.3523262844,2761.4731056992,2916.47037994559,2643.15968711692,3089.1054556457,3423.81140003359,2725.3496209294,2895.49491051185,3024.96499611153,2637.18780157955
2254.45752479394,4853.74998460984,2571.91762543049,3288.11041796044,3249.60357925394,3615.08597852112,3045.85267649307,3056.53335457017,2035.93411423356,1982.15339497225,2099.59175355591,1e+09,2422.86148698187,2320.34461763765,2977.32138560821,2780.78751263019,2701.88000148045,3482.85785482267,2040.86922535473,2284.35694688899,2548.86940544234,2128.16809183391,1631.45173912684,2336.85658122188,2839.95127370172,3254.89801662049,3042.30961226828,2214.46323697189,2879.34559042502,2835.42951751582,2376.98921583587,2460.38617324598,1933.07883147584,2722.84144598983,2877.0621242163,3132.09063808824,2597.16989376898,1670.80383366809,2510.71481779592,2155.58912070459,2138.18073059786,3239.15014667428,2370.08680073115,2562.59035311928,2194.39514404311,3058.17533289051,2988.25005688948,2294.74347002012,3051.12091404126,3331.04895259736,2677.70999170933,2210.77601185647,2286.10700302939,2188.84851737163
2392.68049120646,4800.85203862814,3018.93121493352,4244.29922948418,3903.26191191419,4055.88071160876,3565.07984996129,3854.92751375431,2925.71575618685,2927.05677261306,2916.4353660762,2422.86148698187,1e+09,2868.49282611967,3098.95919464907,3414.47294206588,2982.1684707776,3659.23982993736,2088.40690467639,2997.67084288786,2765.51145123285,2693.56560031494,2571.45481659702,2846.51644205685,3644.34548640768,3068.34441292043,3235.99308157481,2615.62555989958,3306.45480099154,2898.77456979669,2747.83121535876,2345.44265046068,2575.11523501377,3133.90614825971,3091.17722735207,3763.94814056995,3181.87739590953,2546.41328890265,2671.23941375535,2708.0885920516,2627.47928326752,3594.21680909764,2754.62563962873,2637.2059970355,2408.78459753046,3331.87583481138,2987.52277909307,2717.15473355862,3667.9952375378,3449.06448508867,2770.37892538187,2761.37867669394,3032.85464659947,2710.64469580578
2227.6870259756,4655.69517375225,3357.01471977708,4029.30240204182,3765.33639741524,3710.71752378162,2608.25295619501,3041.83407693451,2760.1869705692,2538.46461361982,2515.45811954801,2320.34461763765,2868.49282611967,1e+09,2132.47812861,2788.12044671675,2574.8412624859,3556.01690053633,2898.79068544109,2725.09804660309,2309.11625077647,2699.3267413746,2888.90273680164,2119.33081608323,2782.15431847337,2683.14257056907,3261.92224540991,1828.52214804743,2744.26324679321,2600.05094657778,2716.63036878409,2858.36568435531,2858.71929550629,2566.81739642695,2097.11879410776,2140.67719257248,2589.82618704422,1622.25188864122,2177.73021320365,1723.00393983879,1318.56782028836,2571.66200246067,2014.41002717917,2602.9349359329,2652.28159851099,2784.99729190174,2251.17519387097,2127.76227492641,2511.86091404361,2545.60284196102,2139.49514177995,1882.15189572999,2396.94421017678,1652.81322647176
2408.63647147094,4327.31484483161,3417.43596689097,4036.77647569196,3840.55435468631,3854.35020968515,2804.51325293713,2504.94349764621,3283.74861262247,2442.25337583962,2925.4266516869,2977.32138560821,3098.95919464907,2132.47812861,1e+09,3227.48762528999,3106.49640794899,3801.43295851709,2908.25099381054,2612.37472518779,1673.76522828024,2617.6467592668,3386.91785331443,2481.60406354438,3121.96066067463,2517.60134715566,3492.569923552,1774.11679336508,2324.15766179922,1957.43389615077,2829.81747785966,3053.86820650466,2773.44819643346,2867.44036604077,1704.09670054255,2565.74109722708,2927.92793615212,2578.99491775381,2027.54321342358,1813.54892691099,1946.28563343102,2469.22702765461,1909.7076564752,1915.15695364636,2482.37487495342,2920.28839091279,2001.58650927208,2269.68414996448,2461.53816271453,2093.20021350085,2002.15926846492,1870.39870551709,2352.5605661279,1874.46638897581
3227.14417401826,4822.19599990502,3088.98488753183,3639.99719275991,3651.94170694166,3528.92982790817,3488.78467465391,3603.84123254618,2219.55646558045,2612.240775924,2716.18905604893,2780.78751263019,3414.47294206588,2788.12044671675,3227.48762528999,1e+09,2507.62989669528,3301.25742460354,2544.04170091608,3586.69927384497,3109.88823053177,3425.65800734691,2809.48685668753,2635.63276303813,2961.95079030696,2853.4137997143,2869.0046000486,2935.6067137987,3543.51555251279,3254.33712513009,2852.42030745821,2509.55629163803,3680.51235749861,3544.34790803612,3412.35152459415,3354.28537605255,3512.0654878433,2848.65858807264,2859.36187302342,3020.29768600713,2764.11829082983,3568.40200777603,3219.46303942133,2946.15047811547,2823.68412790808,2811.69166184701,3087.80722881141,2895.06654617817,3553.25966772765,3656.82900111558,3003.49002893301,3307.52622493005,3652.45752004045,3040.9500439172
2898.32981651502,4332.35713609809,2211.71189651817,2811.41100999125,2837.20837935813,2826.75906976523,3058.04007081333,3952.34221592716,2136.73115274243,2463.55528019974,2699.24555826253,2701.88000148045,2982.1684707776,2574.8412624859,3106.49640794899,2507.62989669528,1e+09,2842.7653436223,2373.2424604747,3184.22747453758,3080.29204368677,3584.00073385874,2429.66825074947,1923.40945271671,2018.21973342845,1833.17770753411,2523.14576774708,2630.83916644481,3573.86550383475,2707.83920519665,2496.50995271399,2851.03283876212,3386.6560610874,3437.00662326973,2990.79898796292,3679.55936024954,2471.25548074253,2589.83829912217,2768.57308025271,2835.89180119764,2856.96890159834,3790.92957904786,3063.1675251282,3362.58494404231,3170.32964844352,3541.25760885875,3133.42494486464,3516.85331573553,3381.9915155275,3393.57131435307,3220.68621484615,3199.56178840166,2953.42605546508,2829.99542469595
3712.20277670819,5086.65529054211,3243.43548193887,3642.66405055421,3017.52132688404,3586.68835150198,4281.18338177659,4253.82388322554,2451.84840122712,2773.06582631931,2901.05632304856,3482.85785482267,3659.23982993736,3556.01690053633,3801.43295851709,3301.25742460354,2842.7653436223,1e+09,2880.47518553797,4066.38564082405,3233.97652176079,3762.60962681488,3765.38274521993,2742.23912606104,2957.09790515972,2637.13406642514,2630.30631007113,3146.94806579327,4387.25706087528,3033.05208931532,2677.44926164811,2785.44752483331,3719.92925967686,3287.82541554445,3276.47141594429,4560.83156140413,3360.63846410173,3068.76158241399,3046.72838418524,3414.98729889293,3378.29421406721,4014.04662566343,3529.83406396108,3781.1110096108,3752.00946607281,4337.12393016386,4097.89339268361,3773.15304991727,3682.39555702535,3970.83117816661,3815.43075604839,4176.56156053039,3493.69436768587,3563.98712987295
2393.59181564025,4559.38024905798,2476.47805061947,3387.77047751172,3125.33723887519,3463.04012406729,3236.55495156501,3502.0596621988,1896.57359691102,2104.81262519969,2554.52285838276,2040.86922535473,2088.40690467639,2898.79068544109,2908.25099381054,2544.04170091608,2373.2424604747,2880.47518553797,1e+09,3037.91731974391,2585.20023356026,2468.77193873796,2344.18876810294,2211.33588629136,2796.6991703435,2462.74051751296,2525.8088019286,2496.57423981343,3390.35500529074,2641.05393030888,2007.21314822318,1914.80277545757,2721.62211537531,2781.89627455806,2927.8062100829,3607.4221824178,2560.75631368938,2311.49173059304,2450.99282640729,2369.71882600025,2713.00693100847,3457.54117044179,2593.98380403579,2543.73005747465,2188.31232766258,3013.49320216589,2983.65543176487,2474.63858472303,3163.54251131544,3261.47128627557,2717.97619961986,2888.05260668846,2742.00047478114,2530.46047762063
3066.29494832118,4599.42986124367,3489.16752317799,4202.75186920427,4268.15998684445,4104.98846986201,3313.01816344251,2506.28384833003,3373.02342356231,2524.52133514455,3082.53734527256,2284.35694688899,2997.67084288786,2725.09804660309,2612.37472518779,3586.69927384497,3184.22747453758,4066.38564082405,3037.91731974391,1e+09,2652.61866448987,2702.41081238586,2932.80534306319,2462.63733679972,3084.14397303368,3476.02181063353,2992.11417654808,2044.71758688089,2498.08466171585,2910.42489296666,3126.3389186395,3313.98680113545,2141.40773677037,2874.97993512998,2649.58276772023,3252.13419197302,3245.29947892332,2250.85674426428,2618.42832643936,2327.32978477482,2470.88647875616,3573.33689263971,2571.10655823519,2969.62049698274,2958.86506251975,3504.2512232858,2872.61630996902,2700.80070693859,3168.9160655183,2534.52452771718,3084.44042492313,2720.37272828559,2533.4791471216,2545.32691515255
2377.32723029456,4272.66067177116,3140.67229513046,4065.51253121916,3507.7970746182,3761.60332062008,3422.22438462179,2140.15703835022,2672.79941205845,2100.91033578304,2275.61055903685,2548.86940544234,2765.51145123285,2309.11625077647,1673.76522828024,3109.88823053177,3080.29204368677,3233.97652176079,2585.20023356026,2652.61866448987,1e+09,2238.76916163771,2832.14878696371,2448.38049657319,3090.45628873796,2798.88341668602,3518.45607985946,1577.15037390225,2687.58426310693,1835.37195031416,2172.91621886349,2521.47500755014,2312.95044946925,2309.85479560946,1724.10316402471,3250.50296209679,2634.19383798915,2256.67670404956,1728.07147465028,2119.34677433873,2101.23941208516,2332.20084840479,1937.08216475192,1411.90125543538,2108.72787855617,2818.72718851967,2252.30895937924,2136.31791164143,2163.45425768607,2374.72112985925,2045.50994749476,2281.0928302899,2541.01599918222,1879.02053394847
2264.70666683348,4240.36768278412,3275.20155366048,4354.35739495508,3875.09443415254,4219.01296589617,3400.77753579972,2449.84020309489,2646.67760276918,2128.68866453035,2562.01876228493,2128.16809183391,2693.56560031494,2699.3267413746,2617.6467592668,3425.65800734691,3584.00073385874,3762.60962681488,2468.77193873796,2702.41081238586,2238.76916163771,1e+09,2774.72770242415,2569.7508085221,3498.39949158183,3617.81704489047,3752.70654211064,2052.72716048675,2716.89647800574,2583.57837703833,2673.66088535925,2926.13365316761,2687.93706566951,2032.06067977804,2570.1854582695,3259.59606753659,3075.96254356258,2330.71214140657,2722.89832568166,2251.51769018145,1950.35352185187,3037.66673655949,2005.56372167528,2283.86090815531,2391.37032366382,3238.59652893039,3278.46502497739,2082.09868630188,3125.9879157476,3213.05377317281,2436.87983056202,2446.4977952371,2706.74301831555,2469.31388266053
2801.76194695409,4780.87411308853,2348.10887845943,3241.38486366553,3174.280929628,3639.63511676652,3489.51571992447,3505.67898802785,2082.24502635977,2321.557398192,2045.07960561441,1631.45173912684,2571.45481659702,2888.90273680164,3386.91785331443,2809.48685668753,2429.66825074947,3765.38274521993,2344.18876810294,2932.80534306319,2832.14878696371,2774.72770242415,1e+09,2686.94937378805,2944.43601681205,3391.00131723655,3523.39971703467,2615.1154754236,3302.33115144439,3047.13227262946,2641.35581944198,2911.56630609712,2581.04898829914,3314.78970538102,3318.93147083515,3912.15341346681,2599.65866336333,2341.26072561345,2938.8559039531,2906.92838694041,2815.98933130081,3536.99221670051,3066.95883674692,2770.21561175299,2560.04514079342,3007.71794854504,3143.07929489537,3043.29988086945,3441.55071364639,3765.82372323772,2994.79643505197,2871.84908463171,3049.30350595017,2756.88267499725
2368.73307928521,3687.36250850117,2250.84791871863,3115.78370419065,3043.21646198558,2978.81316810907,2622.82022428149,2937.86361378468,2107.51447688978,1653.545270865,2098.74425921788,2336.85658122188,2846.51644205685,2119.33081608323,2481.60406354438,2635.63276303813,1923.40945271671,2742.23912606104,2211.33588629136,2462.63733679972,2448.38049657319,2569.7508085221,2686.94937378805,1e+09,1713.42645333846,2147.97810971155,2140.83178276575,1968.7160916445,2930.49302553342,2369.85734912463,2112.42379356037,2852.09642100333,3018.72832041905,2605.93147780213,2075.55850449945,3016.0452010207,2617.49796483206,1993.6063819621,2427.67824299268,2074.59505270306,2048.40292586688,3471.66522071181,2381.53066320801,2858.53343928316,2864.9575761955,3038.14162212692,2868.68755198261,2635.24787354055,2946.9633050481,2674.1115541428,2737.23407849968,2618.98116300977,2328.77684334502,2437.34256271046
3255.15691377543,4086.40311184543,2553.03460904861,2726.03832557431,2595.66778288363,2715.7714786226,3269.63614818224,3624.66505567066,2607.51375729832,2156.53276256124,2765.0164628443,2839.95127370172,3644.34548640768,2782.15431847337,3121.96066067463,2961.95079030696,2018.21973342845,2957.09790515972,2796.6991703435,3084.14397303368,3090.45628873796,3498.39949158183,2944.43601681205,1713.42645333846,1e+09,2531.23819171567,2549.88636858586,2819.46472974925,3920.36026552408,3029.943953046,2810.76186799949,3431.41297008973,3505.47282515497,3528.44687147192,3066.17270061554,3829.75974920099,3256.72285058155,2816.54217586032,3222.02758599302,2952.42805194301,2982.09674110348,4076.89507820596,3225.77573904325,3394.99542316334,3421.13395735975,3635.35315914424,3396.2607216614,3412.69693412703,3373.52872978725,3338.35796411949,3643.11382008578,3250.24927124059,2682.69055336243,2971.72019725949
2785.57282893483,4086.11393361712,2648.5171501427,3082.61713871509,2887.07186995752,2593.77029065798,3102.16569014294,4055.7689042893,2744.76747082517,2717.27610039907,3071.31138173908,3254.89801662049,3068.34441292043,2683.14257056907,2517.60134715566,2853.4137997143,1833.17770753411,2637.13406642514,2462.74051751296,3476.02181063353,2798.88341668602,3617.81704489047,3391.00131723655,2147.97810971155,2531.23819171567,1e+09,2234.73492322915,2644.62537450959,3557.82387876353,2521.07539946746,2454.72335088906,2676.91471520854,3566.61831017843,3520.53712248571,2752.86613764636,3621.58564385823,2565.62252486604,2743.7854716067,2436.12113961929,2830.09620891234,2883.48153465563,3487.15080363611,2853.53844361698,3185.03519454652,3206.68048062167,3431.87802069071,2907.949516601,3247.54091758672,3184.27175352544,3054.92945113304,2838.40049519091,3046.5686279485,2770.4562859031,2657.04666729811
3386.86261351121,4378.7932547678,2880.24232166323,3280.38306567998,3363.02164905313,2895.91560426059,3536.84971043441,4098.67025566829,2882.41885644679,2815.62106006828,3128.8487398882,3042.30961226828,3235.99308157481,3261.92224540991,3492.569923552,2869.0046000486,2523.14576774708,2630.30631007113,2525.8088019286,2992.11417654808,3518.45607985946,3752.70654211064,3523.39971703467,2140.83178276575,2549.88636858586,2234.73492322915,1e+09,3045.16924738183,3843.62211529698,3419.0151675446,2746.89264160433,2865.85653869834,3596.33471095225,3716.36163943984,3447.97640590825,4035.69958238965,3478.64285763859,2785.56815420122,3114.10337024961,3165.52373663506,3249.87530650024,4260.79791320828,3350.53964198306,3831.07213408988,3528.2754324032,3699.78975464823,3556.78165565445,3218.58451355561,3760.55052214433,3378.22169540426,3659.01911052675,3743.83846052417,3122.38977339473,3278.25896858378
2295.40186642775,4514.45382204758,3013.86765032906,3879.52492284816,3547.16679509154,3497.51053528077,2416.59656620628,2145.63988019891,2341.41374788823,1635.82789067188,2172.50339362221,2214.46323697189,2615.62555989958,1828.52214804743,1774.11679336508,2935.6067137987,2630.83916644481,3146.94806579327,2496.57423981343,2044.71758688089,1577.15037390225,2052.72716048675,2615.1154754236,1968.7160916445,2819.46472974925,2644.62537450959,3045.16924738183,1e+09,2102.78973252201,1568.67461696172,2458.55538467206,2535.84596700983,2361.8063838088,1652.38012100727,1455.40450215739,2613.17884219584,2217.64336370842,1648.29215508052,1821.69431189758,1761.47253904226,1552.28792187532,2443.99167044407,1469.83179408394,2291.63885968099,2250.87100552208,2671.47224896685,2157.64132765388,2177.36856377142,2265.13019352089,2156.11047585693,2167.04876857906,2178.04388461298,2374.12945834889,1775.53342494587
2518.29425869973,4802.40473206913,3860.20520126845,4326.06850810294,4600.34835326631,4517.66482446407,3047.56513968119,2391.72135155833,3487.85496441581,2719.32931950141,3120.81636398235,2879.34559042502,3306.45480099154,2744.26324679321,2324.15766179922,3543.51555251279,3573.86550383475,4387.25706087528,3390.35500529074,2498.08466171585,2687.58426310693,2716.89647800574,3302.33115144439,2930.49302553342,3920.36026552408,3557.82387876353,3843.62211529698,2102.78973252201,1e+09,2081.03470910506,3269.68508686999,3354.78564269016,2699.60686974974,2752.31926972508,2060.47620444887,2229.69289883159,3129.65212756945,2594.33312739517,2790.60236343339,2598.79805948827,2213.36570462271,2644.93201190503,1954.45813418963,2832.79459488329,2696.30771257659,3237.75670954443,2858.12494023617,2779.75977003409,2997.11051297746,2556.65721873309,2463.99928088464,2222.5719218734,2864.88218187066,2856.47292143651
2390.83746199946,4504.26076284444,3050.98779794348,3643.39266175086,3436.56315013998,3615.88969423847,2931.36514977237,2660.96129212734,2565.83109134253,1843.70188257213,2563.62108315562,2835.42951751582,2898.77456979669,2600.05094657778,1957.43389615077,3254.33712513009,2707.83920519665,3033.05208931532,2641.05393030888,2910.42489296666,1835.37195031416,2583.57837703833,3047.13227262946,2369.85734912463,3029.943953046,2521.07539946746,3419.0151675446,1568.67461696172,2081.03470910506,1e+09,2524.10300411849,2544.62220573114,2563.70690085665,2210.38295523649,1472.78622929467,2830.3415358928,2471.79691109525,2488.26174607898,2311.50538370561,2408.41524777186,2178.62267763374,2543.37638667579,1718.31586700467,2396.80754160613,2408.90095744927,3273.36381068466,2656.47080452619,2930.1353344513,2586.53483477412,2534.47874187179,2417.53121715108,2416.77703754401,2585.00269703921,2530.97067347688
2536.01974556587,4126.52958415422,2459.63407656505,3413.68557715851,3297.40644235739,3350.00639651628,3766.28935782953,3330.68241250949,1904.8230712851,2509.24509950702,2221.39897650107,2376.98921583587,2747.83121535876,2716.63036878409,2829.81747785966,2852.42030745821,2496.50995271399,2677.44926164811,2007.21314822318,3126.3389186395,2172.91621886349,2673.66088535925,2641.35581944198,2112.42379356037,2810.76186799949,2454.72335088906,2746.89264160433,2458.55538467206,3269.68508686999,2524.10300411849,1e+09,2070.14723242092,2901.66640300018,2973.63649664851,2447.15310113609,3616.49611461149,2464.79925679557,2335.57424981524,2360.94051998351,2428.5324816646,2392.95003769406,2638.21698347577,2211.54771158119,2322.84122985192,1990.92342991889,2894.8233648532,2716.57515009248,2220.0511321589,2125.04859062093,2575.61100401439,2297.38649593402,2695.02180221237,2217.18557606259,2087.9668088837
3043.32189404933,5184.17638692975,3097.36136985984,4013.78262699913,3788.17975196532,3658.33944026521,3786.74956515479,3834.9392583586,2087.76478579365,2601.40675683369,2705.61312077318,2460.38617324598,2345.44265046068,2858.36568435531,3053.86820650466,2509.55629163803,2851.03283876212,2785.44752483331,1914.80277545757,3313.98680113545,2521.47500755014,2926.13365316761,2911.56630609712,2852.09642100333,3431.41297008973,2676.91471520854,2865.85653869834,2535.84596700983,3354.78564269016,2544.62220573114,2070.14723242092,1e+09,2594.65691153956,2897.69262191489,2943.04025145767,3336.88922056157,2888.27123310814,2389.39870555335,2416.94051569334,2634.6042538871,2491.94824400508,2871.90852347355,2501.91616684093,2514.03087745557,2037.13672548015,2932.37167906799,2617.081383832,2489.60799514703,2937.52020285819,3095.55141858442,2431.91231367416,2938.32203703066,3006.28278413725,2487.88771340268
3008.05022501287,5424.26179301848,3506.98292070264,4053.86304647801,4008.03099818352,4453.40905534176,3829.82949009483,3126.46487917264,3095.74587296826,2501.24009805137,2736.94529885053,1933.07883147584,2575.11523501377,2858.71929550629,2773.44819643346,3680.51235749861,3386.6560610874,3719.92925967686,2721.62211537531,2141.40773677037,2312.95044946925,2687.93706566951,2581.04898829914,3018.72832041905,3505.47282515497,3566.61831017843,3596.33471095225,2361.8063838088,2699.60686974974,2563.70690085665,2901.66640300018,2594.65691153956,1e+09,2863.63189675279,2631.90763266875,3304.44026823001,2870.86588725423,2053.96649580756,2325.45939487233,2338.2530038471,2507.67237154298,3069.31627783779,2615.62078920091,2402.66145750915,2513.71315441918,3490.79350426232,2799.29730518214,2782.7059872182,3076.87274865244,3071.46834756603,2672.31763273006,2430.86576048535,2487.4176763865,2494.22423316349
2734.81550092506,5070.86590673625,3940.7506107847,4803.68600588132,4284.26496093554,4506.20660093387,3240.36036713511,2392.28671993973,2732.55111529501,2223.98797056099,2933.44001997655,2722.84144598983,3133.90614825971,2566.81739642695,2867.44036604077,3544.34790803612,3437.00662326973,3287.82541554445,2781.89627455806,2874.97993512998,2309.85479560946,2032.06067977804,3314.78970538102,2605.93147780213,3528.44687147192,3520.53712248571,3716.36163943984,1652.38012100727,2752.31926972508,2210.38295523649,2973.63649664851,2897.69262191489,2863.63189675279,1e+09,2008.7174793385,3033.14613815424,2662.88145611103,2043.74987965749,2431.36149691896,2326.99237860806,2240.66428058734,2977.65299920928,2119.82566533194,3003.84495227367,2933.97205307072,3514.49000765403,3299.55986378487,2703.22646010282,2820.03594542694,2878.51814831868,2863.43223326483,3010.20975784081,3039.89325830694,2723.98989517215
2386.1930368057,4652.68341311764,3480.23919272799,4122.1051444256,4022.79176650992,4125.28446918512,2872.03366632426,2291.25497214954,2892.96594364676,2223.31629895523,2622.62750767241,2877.0621242163,3091.17722735207,2097.11879410776,1704.09670054255,3412.35152459415,2990.79898796292,3276.47141594429,2927.8062100829,2649.58276772023,1724.10316402471,2570.1854582695,3318.93147083515,2075.55850449945,3066.17270061554,2752.86613764636,3447.97640590825,1455.40450215739,2060.47620444887,1472.78622929467,2447.15310113609,2943.04025145767,2631.90763266875,2008.7174793385,1e+09,2386.62740338747,2482.65858210508,2111.44112643474,1864.75837145192,1783.03543411229,1742.84903256134,2291.12126403209,1653.30837232502,2345.06962171702,2531.92283733134,3047.65884276768,2338.27742727419,2493.98749026534,2032.24729880495,1797.89335545799,2139.36890598606,2084.91614099944,2182.12062533216,2092.76794623771
3007.05635904949,5581.82460467005,4286.90496722286,4653.05782142238,4948.95514896832,4676.52248040144,2717.49434459393,3336.23613966398,3574.46022729307,3099.73363268523,3522.73862283309,3132.09063808824,3763.94814056995,2140.67719257248,2565.74109722708,3354.28537605255,3679.55936024954,4560.83156140413,3607.4221824178,3252.13419197302,3250.50296209679,3259.59606753659,3912.15341346681,3016.0452010207,3829.75974920099,3621.58564385823,4035.69958238965,2613.17884219584,2229.69289883159,2830.3415358928,3616.49611461149,3336.88922056157,3304.44026823001,3033.14613815424,2386.62740338747,1e+09,3438.37844832415,2661.16146488709,3017.51340369848,2330.30324835632,1979.4426182893,2854.1786306922,2297.54692313345,3214.99417139441,2990.73417488081,3129.14793800165,2646.75048349859,2811.35076246277,3078.7005662292,2751.94455936162,2547.28310356348,2085.32545205778,2998.92623102003,2703.39954760668
2824.77091839321,5011.09180287091,3137.32105336703,3600.89969132716,3451.60634583378,3625.2811930111,3144.59198262668,3672.81186873218,2450.0102783866,2616.72042096591,2732.82957037207,2597.16989376898,3181.87739590953,2589.82618704422,2927.92793615212,3512.0654878433,2471.25548074253,3360.63846410173,2560.75631368938,3245.29947892332,2634.19383798915,3075.96254356258,2599.65866336333,2617.49796483206,3256.72285058155,2565.62252486604,3478.64285763859,2217.64336370842,3129.65212756945,2471.79691109525,2464.79925679557,2888.27123310814,2870.86588725423,2662.88145611103,2482.65858210508,3438.37844832415,1e+09,1878.2579779945,2236.20934127375,2646.80785078932,2772.70112482395,2797.85423062032,2491.45789763745,3145.94150193547,2922.12910438605,3056.93772769417,2780.81259476434,3146.71580230881,2521.22677492525,3043.7317514032,2434.09337421554,2790.69465293142,2692.13221956129,2271.79397650843
2427.7154872637,4867.41463702241,3207.68405772763,3798.58742954536,3622.18667319894,3751.74671435853,2986.26099132343,2965.23851256522,2319.27394140925,2122.11426271066,2214.28162170037,1670.80383366809,2546.41328890265,1622.25188864122,2578.99491775381,2848.65858807264,2589.83829912217,3068.76158241399,2311.49173059304,2250.85674426428,2256.67670404956,2330.71214140657,2341.26072561345,1993.6063819621,2816.54217586032,2743.7854716067,2785.56815420122,1648.29215508052,2594.33312739517,2488.26174607898,2335.57424981524,2389.39870555335,2053.96649580756,2043.74987965749,2111.44112643474,2661.16146488709,1878.2579779945,1e+09,1738.56100965712,1821.2067401863,1673.5604759016,2588.3262545707,2052.13426534425,2616.92334673754,2489.72332687791,2660.38997256041,2440.47530389062,2096.84881357717,2434.36676228131,2572.6353030696,2067.75417588745,2175.84082170549,2175.56493474683,1778.37722933016
2589.05452820137,4951.31700116242,3484.37534546725,4042.09949417379,3825.72008100436,4029.50132683934,3351.29962996447,2834.52668241102,2740.78262655031,2505.13290703308,2805.05946726625,2510.71481779592,2671.23941375535,2177.73021320365,2027.54321342358,2859.36187302342,2768.57308025271,3046.72838418524,2450.99282640729,2618.42832643936,1728.07147465028,2722.89832568166,2938.8559039531,2427.67824299268,3222.02758599302,2436.12113961929,3114.10337024961,1821.69431189758,2790.60236343339,2311.50538370561,2360.94051998351,2416.94051569334,2325.45939487233,2431.36149691896,1864.75837145192,3017.51340369848,2236.20934127375,1738.56100965712,1e+09,1990.36860159117,2066.56919211528,2468.65627295499,2194.69110307123,2009.02836177093,2356.9604991811,2839.65891874359,2204.94335786659,2365.04090355748,2304.89034428972,2425.85810559892,1825.55026318094,2242.70859968477,2380.19840727617,1691.44389481295
2331.45501526407,4942.70983926834,3247.26426154386,4147.56621046609,4036.09317902845,4230.76806596627,2687.72254237672,2760.04667639879,2668.49040256846,2278.11884582434,2512.7758688152,2155.58912070459,2708.0885920516,1723.00393983879,1813.54892691099,3020.29768600713,2835.89180119764,3414.98729889293,2369.71882600025,2327.32978477482,2119.34677433873,2251.51769018145,2906.92838694041,2074.59505270306,2952.42805194301,2830.09620891234,3165.52373663506,1761.47253904226,2598.79805948827,2408.41524777186,2428.5324816646,2634.6042538871,2338.2530038471,2326.99237860806,1783.03543411229,2330.30324835632,2646.80785078932,1821.2067401863,1990.36860159117,1e+09,1453.59183535131,2695.1429008867,2071.8450345284,2348.57860434775,2453.9058683454,3081.18100480968,2329.86492814498,1914.95554467982,2453.85062259299,2232.15120332383,2245.49487302911,1960.25730553415,1937.84238332224,1747.6847953507
2231.64820135253,4589.24608377019,3230.81554752047,4046.37609411187,3914.31027783951,3914.50721189781,2846.51939058915,2691.64849850422,2497.2018334528,2205.39355936758,2289.49150020261,2138.18073059786,2627.47928326752,1318.56782028836,1946.28563343102,2764.11829082983,2856.96890159834,3378.29421406721,2713.00693100847,2470.88647875616,2101.23941208516,1950.35352185187,2815.98933130081,2048.40292586688,2982.09674110348,2883.48153465563,3249.87530650024,1552.28792187532,2213.36570462271,2178.62267763374,2392.95003769406,2491.94824400508,2507.67237154298,2240.66428058734,1742.84903256134,1979.4426182893,2772.70112482395,1673.5604759016,2066.56919211528,1453.59183535131,1e+09,2209.08586057672,1496.00725636609,2127.78231330181,2138.91547240652,2687.45054722873,2226.7951142393,1764.76528396838,2398.37388699093,2317.65389273291,1703.18649366416,1601.79558792625,2098.93450369467,1624.20402219056
3117.62812673353,5344.08527372084,4264.66871671177,4689.82863593117,4587.25380771546,4599.28755280641,4022.68962968808,3187.06711631556,3322.21936111991,3345.25492844716,3154.92356194251,3239.15014667428,3594.21680909764,2571.66200246067,2469.22702765461,3568.40200777603,3790.92957904786,4014.04662566343,3457.54117044179,3573.33689263971,2332.20084840479,3037.66673655949,3536.99221670051,3471.66522071181,4076.89507820596,3487.15080363611,4260.79791320828,2443.99167044407,2644.93201190503,2543.37638667579,2638.21698347577,2871.90852347355,3069.31627783779,2977.65299920928,2291.12126403209,2854.1786306922,2797.85423062032,2588.3262545707,2468.65627295499,2695.1429008867,2209.08586057672,1e+09,1867.97966613665,2266.07163531959,2127.95862260054,2622.46217978449,2170.93305290605,2202.13917718658,1484.66012427087,2246.95398798017,1621.66677569715,2331.57571073727,2758.26085833084,1943.82061469159
2009.90177747571,4418.74274620055,3311.54513461617,3913.94101326272,3781.05175459157,3664.09857543434,2851.55466594979,2457.22977289467,2640.47655348424,2282.10728687325,2674.55949872124,2370.08680073115,2754.62563962873,2014.41002717917,1909.7076564752,3219.46303942133,3063.1675251282,3529.83406396108,2593.98380403579,2571.10655823519,1937.08216475192,2005.56372167528,3066.95883674692,2381.53066320801,3225.77573904325,2853.53844361698,3350.53964198306,1469.83179408394,1954.45813418963,1718.31586700467,2211.54771158119,2501.91616684093,2615.62078920091,2119.82566533194,1653.30837232502,2297.54692313345,2491.45789763745,2052.13426534425,2194.69110307123,2071.8450345284,1496.00725636609,1867.97966613665,1e+09,2114.14218393655,1660.4265289979,2651.35320383762,2222.813197347,1831.99244485342,1875.86429618456,2025.61708888921,1726.09518871353,1697.32155551033,2086.97299678266,1583.99294947926
2577.62436371167,4516.28864593485,3345.80177943942,4118.90883798124,3836.42279760717,4142.91913635784,3827.32898515401,2621.10179247201,2888.44363642429,2555.74077959796,2622.4125783141,2562.59035311928,2637.2059970355,2602.9349359329,1915.15695364636,2946.15047811547,3362.58494404231,3781.1110096108,2543.73005747465,2969.62049698274,1411.90125543538,2283.86090815531,2770.21561175299,2858.53343928316,3394.99542316334,3185.03519454652,3831.07213408988,2291.63885968099,2832.79459488329,2396.80754160613,2322.84122985192,2514.03087745557,2402.66145750915,3003.84495227367,2345.06962171702,3214.99417139441,3145.94150193547,2616.92334673754,2009.02836177093,2348.57860434775,2127.78231330181,2266.07163531959,2114.14218393655,1e+09,1481.44729622758,2482.47608109323,2097.01288851547,1945.38858912558,2433.27582826115,2666.65636168217,1660.41100917815,1983.17371097441,2642.87673757215,1868.06361832246
