1e+09,19845.9374256194,20890.6864855418,25316.6999251087,28552.1637119343,28681.0955640244,8275.51197927355,13156.4360496641,6319.47424788645,5695.91685993572,9565.9433361483,5510.99731614887,6542.24014050233,3045.20648587251,4784.84665303916,5840.98482978684,8066.04489222568,8713.53038258317,7184.47485803242,5629.87883509939,4895.57200932639,6014.89009168912,5166.39987079011,4856.73662799415,9832.810505593,13783.132770546,13127.5851680536,4174.75902261436,3834.196062423,4561.28397906774,6802.31315660342,7853.41265948123,11672.0009195467,10560.170307675,3529.81110991792,6981.73026421818,3849.91181136659,5515.71049679912,5673.1401797858,5905.85511015975,6974.6504023571,6764.1765201538,4975.95935184362,6742.78409876069,6175.36128045963,6253.99684138072,7268.79520209505,7096.94348858014,3805.07026237361,5347.51949764561,4933.47351893167,5688.11807405578,5369.94645391367,9499.40985223293
19845.9374256194,1e+09,11394.4370583281,11777.8375171676,13218.1345492812,14838.4419961228,25604.1953907695,30989.7200351229,18520.420906602,16988.0849777808,14571.2961253418,23735.9795449314,24940.035825696,20898.0288891943,23378.8209234662,19311.4452644643,12753.037652928,13785.3267495406,24112.4871208281,23621.6433115755,22408.0745663767,24099.9104081675,23017.4406485495,16402.3309732763,11668.2280122862,9490.73931188187,10307.9084255682,19244.2594989077,22559.6970696528,17601.2107015256,16949.958415126,24147.5834609491,30222.9946035746,29048.3631638187,21723.862781331,26098.0117058043,21049.3925862268,24271.2821637033,24640.4736321788,24733.9864853161,25840.5457376987,24800.9914855435,23192.165734808,24464.2345683592,24133.7120797237,23471.9141817663,24828.990013454,24835.8555864319,21047.878822879,23337.0429940106,22813.184287245,24502.4182525644,22545.1685165558,27373.8018901011
20890.6864855418,11394.4370583281,1e+09,6557.84413779407,10175.012194091,8403.1401653132,24343.624918395,32420.45799759,18242.1477299769,16551.7649492584,12199.7154257302,23285.3679376728,24403.5206870033,21243.6378005369,23632.222228777,20046.7322141989,13872.0035733992,13551.0582857945,24941.9017420304,23243.6604724321,22350.0466322802,24583.807467268,22880.5847910166,16868.9188588214,12132.9427380129,8488.11979124352,8975.75190922187,18988.3660791049,23358.2893289021,17593.2575110097,16708.0471932868,23332.2290144148,30089.0194073901,30061.4873906815,21904.708939397,26450.2154023989,20976.8431071384,24588.5402545596,25040.8745268152,24678.9216974608,25698.7872084093,25574.7664904921,23568.3788082592,25019.1345921936,23914.2431479192,22965.1233011931,24211.460277253,25460.5219860414,21451.3312203835,23738.7536515736,23234.368400501,24346.5682701854,21993.5036859592,27056.2222733422
25316.6999251087,11777.8375171676,6557.84413779407,1e+09,4134.96621298167,5249.9751879128,29605.8558708999,37220.0762939291,23496.0290941406,21507.7512060582,17369.5418333185,28447.5385983568,29576.0097905279,25811.9321441732,28618.8076926538,24730.8660514022,18059.2681693473,18108.9214482862,29875.2499569711,28385.0112175123,27478.8889710137,29600.495324158,28014.9751072261,21581.7011430216,16215.0439363666,12284.9122756616,13241.5992840706,23928.1518923443,27968.4522766688,22280.0502014852,21815.0792889162,28773.4805357798,35254.4601310969,34880.8424835167,26667.9022237764,31210.6284232775,25870.4978894937,29408.7052391244,29939.0522859576,29698.5818156154,30772.0808129301,30371.7704144688,28514.5956606753,30006.070443307,29122.747066951,28238.7318042932,29528.6968364505,30430.532775732,26314.0753430289,28704.5189271533,28134.6003207012,29335.6714729934,27038.3734144068,32263.1523670069
28552.1637119343,13218.1345492812,10175.012194091,4134.96621298167,1e+09,5830.51974403655,32995.5816433564,40324.9506673821,26796.4168094132,24844.049405099,20802.0541558448,31916.0064683679,33037.5101278971,29143.8217197865,32017.7285157614,27883.3672467064,21312.1849703661,21476.1395188032,33027.7479757673,31836.6124463204,30844.9274477182,32859.847640791,31459.8096794402,24950.9929505621,19383.1159389248,15421.4903416434,16494.5875237849,27258.1850355265,31254.070073416,25645.5438713707,25107.4130913282,32269.6116910756,38635.6380807487,38073.979917592,30029.2994327873,34574.1802844753,29287.0460332038,32765.2334704333,33301.3444456496,33082.3838562746,34252.1798314122,33606.7045387241,31831.7396844926,33255.3303197608,32534.2225467906,31695.7180197878,32983.501816158,33668.8755535257,29655.3460174907,32060.7797220529,31466.6969025301,32751.224510166,30437.413299911,35619.8303949219
28681.0955640244,14838.4419961228,8403.1401653132,5249.9751879128,5830.51974403655,1e+09,32372.3146402818,40394.5426253399,26224.0127939566,24528.9629809252,20228.3276234913,31336.8324850343,32500.9802139489,29161.2758068693,31597.030035872,27888.965358204,21300.9924438299,21113.5534072524,32956.403461992,31330.0368325159,30363.7687033477,32642.16411186,30940.9885127512,24690.5669917967,19676.9863060886,15621.2313162503,16453.6547551236,26947.1895171834,31157.4300080061,25335.8493047145,24687.46109746,31376.6555482798,38223.3147137084,37998.4990373541,29775.4361900947,34374.7370960506,28911.3856926471,32574.6238078876,33037.2198634964,32737.8615025646,33705.289343422,33497.9849316089,31549.6663393086,33109.5229664246,31996.9611909616,31045.764556208,32307.2445956429,33527.683921998,29344.0884163114,31660.9645546405,31270.3199223913,32407.8021259835,30082.1433253716,35195.9665742085
8275.51197927355,25604.1953907695,24343.624918395,29605.8558708999,32995.5816433564,32372.3146402818,1e+09,10041.235235179,8215.05549319054,9002.09714810944,12665.8433206597,5427.97039981797,5333.27422689852,6669.87330878931,5318.06228820235,8207.925386704,13900.6750058082,13549.3195288214,6183.93442848483,4317.3738700511,5184.8755433665,5103.03794583187,5899.08305281423,10086.2383845416,14673.2601944081,18183.5388146862,17275.1987350768,6819.8150514805,6425.18316210519,9307.82375445517,9746.87967990782,5903.37503814555,7320.42982065944,7873.94716008433,5999.52997742323,5487.17227076023,6276.97519023295,5490.15817005303,5610.23780688484,4398.79706627846,5557.74417070451,6043.85719890038,4918.63497321157,5628.67678157131,5011.3939454108,4556.16777508248,3783.12627028229,5464.11088031713,6603.69229202119,5376.04243508178,5768.57357738462,4666.87074808163,4784.78045707429,4861.21469466223
13156.4360496641,30989.7200351229,32420.45799759,37220.0762939291,40324.9506673821,40394.5426253399,10041.235235179,1e+09,14795.4441970966,16063.1403534739,20425.0872499801,11087.9323969756,10213.8894090792,12115.6098290387,10217.2827966931,12990.8265560549,20245.9791959169,20129.1777103959,8052.53415185555,10280.8883626951,10774.6971122069,8410.1289042202,11206.7952622059,16456.7030164125,21216.5223537365,25182.9665180098,24294.390462331,13834.8040101767,10480.9590985749,15859.3520281883,16084.769365266,11117.1795463148,5370.88067467524,3528.79310059403,11581.5348050852,7781.78387413837,12369.3666640536,8993.55852551147,8745.51582446685,9011.30826940795,9165.05255450289,7555.75790837028,9402.69695071047,7868.29271414073,9815.70355466688,10590.0242037259,9597.8089562931,7354.97402525665,11835.6690114121,9616.01892592771,9841.36381771856,9548.81607713228,11114.4500635344,6875.72923861899
6319.47424788645,18520.420906602,18242.1477299769,23496.0290941406,26796.4168094132,26224.0127939566,8215.05549319054,14795.4441970966,1e+09,3141.96615576935,6577.99016483759,6541.75452589747,8040.82567274655,6247.36515904905,6940.72004547079,4685.09608609045,7425.73406792218,6963.14768567349,7320.68909667662,6641.58330270727,5246.53977089663,7109.61719861203,6171.22293421652,4508.79497429191,8379.43596912107,11902.2039405566,10797.7090576103,3582.73804858798,7101.20770028592,4763.59100381215,2762.15666843863,6381.04198094637,12690.630230418,12488.8404053379,6050.89482283406,9635.31623823526,5143.36146192352,7854.43066006697,8064.06567913481,7721.48807099383,8971.44731456413,8299.35792207446,6336.59020155951,7637.15216688786,6621.36836745246,5865.07310973188,7088.35062415087,7936.0083354921,4941.79212149803,6645.25945497992,6413.99099226839,7770.51943898862,5877.64267646478,10000.5250019386
5695.91685993572,16988.0849777808,16551.7649492584,21507.7512060582,24844.049405099,24528.9629809252,9002.09714810944,16063.1403534739,3141.96615576935,1e+09,4623.23012592927,7748.62570858214,9017.74086901481,5606.82382925485,7660.33071867005,5043.24006887437,5625.36131459127,5151.63748801291,8837.65605276648,7421.3888917776,6324.87480614439,8378.05824989299,7332.48749728222,2996.54671393589,6118.65513280492,9778.48135376859,8790.30404592469,2862.64949471639,7230.8704441305,2944.75336396786,2552.86422768623,8092.02221992748,14085.9922756475,13674.6216708763,5958.84072008977,10275.5363073856,5262.27390311451,8484.80387854663,8932.97526890117,8682.77080639009,9945.26251433314,9283.75052239665,7240.17924364446,8910.55491174371,8046.15532530289,7203.73852611962,8455.52757370585,9206.08086454817,5455.10987085503,7561.7949429484,7149.43873590788,8506.936274729,6334.01010054452,11304.0173980316
9565.9433361483,14571.2961253418,12199.7154257302,17369.5418333185,20802.0541558448,20228.3276234913,12665.8433206597,20425.0872499801,6577.99016483759,4623.23012592927,1e+09,11551.408201938,12739.3821870921,9579.28619676852,11871.1112621565,8538.2409014855,5387.31172010679,4378.20301749473,13020.2793959001,11419.2340017577,10432.2720901968,12599.2259462675,11180.8133242935,5847.19568426609,4322.76235586691,6339.48723214268,5339.52890469749,7113.5486942524,11504.3168010143,6223.55551291221,5116.19816057783,11679.8166705946,18111.6628104186,18014.0267931104,10085.8185554024,14486.4297134146,9249.53209028976,12636.077236156,13134.7338920322,12792.2318534257,13931.8211021855,13542.6740570908,11569.9662800027,13060.241181077,12000.5858200673,11079.2897946484,12353.2807810152,13444.8866370565,9625.75150131147,11838.4412856212,11297.27249967,12505.2742623503,10147.8326090107,15213.8418203589
5510.99731614887,23735.9795449314,23285.3679376728,28447.5385983568,31916.0064683679,31336.8324850343,5427.97039981797,11087.9323969756,6541.75452589747,7748.62570858214,11551.408201938,1e+09,2769.02709654492,5050.4752312629,2948.5575836161,7037.57094936882,11547.6164822962,11483.1556665753,5544.98238551756,2764.30045857899,3156.08010999404,3740.97044215802,1952.4188473532,7717.38989445914,13273.3305897088,17058.3344669724,16077.1257225507,5754.17280787604,4485.59154057745,7414.02838940478,8139.70994974022,4175.89163316052,7921.57602365211,8338.68196481314,4157.8450701896,4862.31742481916,4055.08161162017,3852.13768945244,3427.3102020535,2833.19966758434,3313.80112594284,5345.0679372109,3444.39905150376,4676.82109515641,2205.99055872866,2889.45811563345,3420.46417271107,4975.30478954807,4156.98420593584,3700.58223277095,3943.57955717899,2839.96361156266,3987.12305289165,6121.39502852904
6542.24014050233,24940.035825696,24403.5206870033,29576.0097905279,33037.5101278971,32500.9802139489,5333.27422689852,10213.8894090792,8040.82567274655,9017.74086901481,12739.3821870921,2769.02709654492,1e+09,5525.41765261234,3719.76144744525,7622.07086677892,12926.6210726934,12594.3328519537,5818.61138098258,2478.48872991184,3646.3169321248,3945.17644435582,2634.84961732164,8890.01825879452,14400.3026326776,18131.6153812036,17179.6491806934,6945.51511993891,5298.40943116894,8601.27746923095,9358.26630996896,4361.71260762329,6719.07839538281,7388.23150677481,4722.987306049,4671.05267477257,4805.66428674538,3245.15981953124,3037.97380066057,2585.13458245407,2581.07792921872,5322.18340131191,4074.09374987862,4369.05741835696,2718.39847888421,3414.35273927578,3410.70751736352,4941.49412591981,5268.88137105022,4096.35308352442,4022.51704975877,2716.93217070283,3884.21694112211,4863.09013941753
3045.20648587251,20898.0288891943,21243.6378005369,25811.9321441732,29143.8217197865,29161.2758068693,6669.87330878931,12115.6098290387,6247.36515904905,5606.82382925485,9579.28619676852,5050.4752312629,5525.41765261234,1e+09,4256.7313903628,4739.92561825605,9134.9571302114,9140.44097030335,6400.2821055716,4114.26669503813,3989.33425326833,5216.37235466373,4617.83265529404,5403.00238905185,10216.909096165,14132.0334235629,13347.7356303644,3773.98610952664,3589.4199850533,5044.69417724207,6603.3063733027,6650.52551161936,10279.7273825866,9544.27929042838,2495.20990682147,5778.57009528309,2545.97653671435,4051.16623249405,4727.41935790554,4796.08203764281,5953.00918673069,5626.25821145813,3943.98568818397,5619.35227997854,5305.71062352632,4938.11560421584,5859.44323884104,5924.43658969357,3246.59636604244,4327.18725260417,3576.86363749025,4455.39967183641,3314.38590485478,7745.34926492666
4784.84665303916,23378.8209234662,23632.222228777,28618.8076926538,32017.7285157614,31597.030035872,5318.06228820235,10217.2827966931,6940.72004547079,7660.33071867005,11871.1112621565,2948.5575836161,3719.76144744525,4256.7313903628,1e+09,6930.64956426885,11419.4104536136,11462.0633802514,5403.83743500857,2575.61221067924,2674.2002830753,3353.04373416155,3071.53420384667,7534.03094030015,13132.6636715634,16912.1335792561,16101.1055905922,5209.72529477323,2819.55908145228,6850.24522685137,8230.2906806868,4932.80363900693,7993.11403726983,7565.88749379741,2851.13422483053,3907.53415503947,3570.91100897236,3257.2599242922,2427.48859239338,2453.45467182502,3145.30939705461,4124.75170674551,2207.96463936812,4226.35066318449,2767.88353539306,3273.41476145324,3398.64890997879,4350.58237579752,3128.45184947763,2033.65895223363,3054.0415871268,2442.99136820006,3783.61808894608,5969.62427159365
5840.98482978684,19311.4452644643,20046.7322141989,24730.8660514022,27883.3672467064,27888.965358204,8207.925386704,12990.8265560549,4685.09608609045,5043.24006887437,8538.2409014855,7037.57094936882,7622.07086677892,4739.92561825605,6930.64956426885,1e+09,8689.09562032781,8255.78644998767,5888.87868043654,6363.58124468448,5301.56419360362,6315.22060266306,6383.51201675849,5644.85417084445,8978.64752780172,12766.5886597282,11812.8811483101,4896.77225407717,6435.10762201379,6049.13677664012,4752.10020177395,6931.87415910733,11561.3081673875,10803.2113412772,5560.08308899247,8441.19955638415,4836.69025387196,6453.12013282722,7140.2512008122,7114.50109439868,8475.80564853277,6882.76073123278,5769.24825446089,6309.59946456984,6742.4644159239,6162.09625338651,7262.41606239962,6773.74626680834,5082.36501546278,6196.05937975904,5226.55647838995,7209.65742237452,5035.25433148118,8826.79200308357
8066.04489222568,12753.037652928,13872.0035733992,18059.2681693473,21312.1849703661,21300.9924438299,13900.6750058082,20245.9791959169,7425.73406792218,5625.36131459127,5387.31172010679,11547.6164822962,12926.6210726934,9134.9571302114,11419.4104536136,8689.09562032781,1e+09,3505.51132715329,13125.4566775065,11697.2292474372,10639.4304545638,12691.0133040156,10958.0038875563,4323.69713163399,3726.19826698741,6920.68666955094,6441.52812162611,7565.58925771813,10800.1469451161,5680.82931457195,6375.74645661981,12529.2687515154,18607.3473443019,17763.4552511976,9730.36989625266,14230.1018881841,8963.76275485357,12438.4159268413,12731.3307064933,12777.2240227837,13763.3915442052,13508.3881368652,11535.2019886259,13271.6105869898,12297.7356197879,11713.4996356256,13067.7448581689,13662.6282133527,9238.29880970517,11592.7859308839,11347.9435661974,12582.1521338442,10864.262175836,15959.4842660877
8713.53038258317,13785.3267495406,13551.0582857945,18108.9214482862,21476.1395188032,21113.5534072524,13549.3195288214,20129.1777103959,6963.14768567349,5151.63748801291,4378.20301749473,11483.1556665753,12594.3328519537,9140.44097030335,11462.0633802514,8255.78644998767,3505.51132715329,1e+09,12952.1444868524,11375.6445834115,10198.0573270746,12610.1963608463,10911.1118532485,4620.09867926,4081.5552430293,6693.00812420693,5741.34261596536,7337.12655380156,10917.4624989372,5268.14398135624,5400.93569686772,11490.9027814746,18111.7680824126,17511.6970022297,9491.7404225516,14169.3154740552,8606.07974384969,12130.1325334186,12576.8535437644,12658.6565805776,13510.3918115464,13177.139348713,11336.802184267,13062.7522026677,12008.3160725974,11275.8701782168,12624.537248145,13445.961868602,8977.25876687311,11278.0762144924,11058.4999668129,12523.8662977852,10289.6116422681,15461.4223624445
7184.47485803242,24112.4871208281,24941.9017420304,29875.2499569711,33027.7479757673,32956.403461992,6183.93442848483,8052.53415185555,7320.68909667662,8837.65605276648,13020.2793959001,5544.98238551756,5818.61138098258,6400.2821055716,5403.83743500857,5888.87868043654,13125.4566775065,12952.1444868524,1e+09,5168.08568667355,4726.10773779016,2929.80243811763,5466.74630329596,9514.47304809888,13983.3073045113,17941.0339179157,16931.3511267648,7209.89376384978,5721.15940012162,9299.31423101725,8595.00461875385,5732.67483333915,6963.90651136271,6265.64122608373,6105.88208387617,5625.05012511,6329.29441702628,4617.80464647434,4644.59718668907,4595.99850605938,6080.49517981883,3877.40303152768,4021.851473451,2631.21473285629,4452.72068211111,4970.106454041,4988.9506385712,2559.72323320315,5765.21492980964,4695.61061865228,4191.38932454383,5308.44429411292,5309.55747790718,5166.44538833036
5629.87883509939,23621.6433115755,23243.6604724321,28385.0112175123,31836.6124463204,31330.0368325159,4317.3738700511,10280.8883626951,6641.58330270727,7421.3888917776,11419.2340017577,2764.30045857899,2478.48872991184,4114.26669503813,2575.61221067924,6363.58124468448,11697.2292474372,11375.6445834115,5168.08568667355,1e+09,2264.78887400128,3350.93475051365,2600.27380585199,7530.76129960312,12975.6106097093,16756.9959110397,15786.8622793955,5215.12463962272,4133.64077416023,7164.76454652908,7863.25106899176,3866.7873916987,7371.51605112544,7646.32195241608,3260.1670178382,4299.30619928379,3432.04740389756,2753.65741972381,2786.7122538217,2190.4991265691,3141.81260195448,4610.07861042521,2668.36165680367,3855.16178820033,2371.66129999627,2183.24726389385,2428.4345708913,4186.59074680103,3757.52167284502,2623.66939239684,2854.71874830079,2258.56822099754,2356.49559061756,4864.87665527092
4895.57200932639,22408.0745663767,22350.0466322802,27478.8889710137,30844.9274477182,30363.7687033477,5184.8755433665,10774.6971122069,5246.53977089663,6324.87480614439,10432.2720901968,3156.08010999404,3646.3169321248,3989.33425326833,2674.2002830753,5301.56419360362,10639.4304545638,10198.0573270746,4726.10773779016,2264.78887400128,1e+09,3265.14963188519,2799.72761807287,6612.02587777755,11965.1199993314,15682.3560005759,14764.1239573298,4134.20575743395,3690.64395782091,5967.7771093599,6490.28930758868,3493.89846440906,8323.4156522668,8120.87604782883,2722.76676412064,5180.88155562352,2719.11239896404,3375.5021357718,3293.43897754308,3186.6869571861,4244.92441501613,4207.61264054808,2119.50747281061,3768.02196654956,2419.73879670927,2258.38850583774,3044.90332235689,4245.25916405583,2384.28711578535,2128.78141113643,2463.29777617323,3321.77344746748,2502.11811851479,5789.74044818937
6014.89009168912,24099.9104081675,24583.807467268,29600.495324158,32859.847640791,32642.16411186,5103.03794583187,8410.1289042202,7109.61719861203,8378.05824989299,12599.2259462675,3740.97044215802,3945.17644435582,5216.37235466373,3353.04373416155,6315.22060266306,12691.0133040156,12610.1963608463,2929.80243811763,3350.93475051365,3265.14963188519,1e+09,3843.60627767726,8804.04467621559,13889.4844929033,17774.1199113486,16867.174479509,6215.74375942252,4097.81445897688,8379.59395975724,8514.98007713465,4966.61384369673,6552.55517715036,6072.6523686442,4529.44226840347,4005.89605803745,5078.06674652864,3227.59020970755,2923.60312101352,2547.20685793282,3974.61761189677,2925.50630505217,2150.09996983861,1772.04020118055,2472.63104423203,3490.84837466482,3430.66284929021,1950.56346956463,4468.02687929471,3164.8676794457,2696.13303731474,2926.86270236579,3905.82509129633,4401.28319384245
5166.39987079011,23017.4406485495,22880.5847910166,28014.9751072261,31459.8096794402,30940.9885127512,5899.08305281423,11206.7952622059,6171.22293421652,7332.48749728222,11180.8133242935,1952.4188473532,2634.84961732164,4617.83265529404,3071.53420384667,6383.51201675849,10958.0038875563,10911.1118532485,5466.74630329596,2600.27380585199,2799.72761807287,3843.60627767726,1e+09,7035.33634253544,12675.6053306105,16514.2999645035,15575.3897443306,5514.26062933192,4491.70291911654,7004.30643938427,7653.53301187106,4179.04962698459,8322.05099883436,8480.78444459002,3869.94033222736,5346.31436554193,3519.00170681971,3534.90043149733,3359.02520529394,3251.33531757338,3657.8364521121,5429.38996454482,3553.57666593814,4531.71663176329,2457.56423783795,2794.81919363311,3688.46746922079,5062.99580232889,3872.36312603816,3651.95048942343,3476.68215810707,3232.55738598714,3777.52781157201,6243.39159114659
4856.73662799415,16402.3309732763,16868.9188588214,21581.7011430216,24950.9929505621,24690.5669917967,10086.2383845416,16456.7030164125,4508.79497429191,2996.54671393589,5847.19568426609,7717.38989445914,8890.01825879452,5403.00238905185,7534.03094030015,5644.85417084445,4323.69713163399,4620.09867926,9514.47304809888,7530.76129960312,6612.02587777755,8804.04467621559,7035.33634253544,1e+09,6103.04810393954,9962.37451708176,9093.03946574521,4019.34284636183,7170.36592122048,2886.29777756904,4070.17404099628,8622.56203194851,14552.9850230803,13887.2219152428,5819.62648622744,10348.4744233244,5040.96855842208,8398.71699519635,8756.91502785085,8768.03656392353,9734.89624980154,9738.33462222879,7606.27213960295,9392.68378570257,8327.56809904908,7663.77749894267,9021.98541706314,9782.01622683177,5410.79710337581,7603.91029908954,7361.39334612001,8601.19213256511,6834.76130923385,11880.7798875831
9832.810505593,11668.2280122862,12132.9427380129,16215.0439363666,19383.1159389248,19676.9863060886,14673.2601944081,21216.5223537365,8379.43596912107,6118.65513280492,4322.76235586691,13273.3305897088,14400.3026326776,10216.909096165,13132.6636715634,8978.64752780172,3726.19826698741,4081.5552430293,13983.3073045113,12975.6106097093,11965.1199993314,13889.4844929033,12675.6053306105,6103.04810393954,1e+09,4457.32909339214,3765.42174092093,8578.22636938429,12376.4816430276,7193.5466414558,6618.72777804013,13749.859870035,19701.1816713313,18945.5232227194,11145.9190541112,15624.1147369763,10424.7958385956,13701.2192290686,14250.4192271245,14185.405356524,15419.1725311185,14617.1035450222,12828.2314145365,14257.0483015665,13736.0676981988,12945.1527528376,14268.2886932281,14633.350621153,10738.0155223998,13029.4617928677,12455.3579160336,13984.3052132775,11700.0186247117,16814.5483673157
13783.132770546,9490.73931188187,8488.11979124352,12284.9122756616,15421.4903416434,15621.2313162503,18183.5388146862,25182.9665180098,11902.2039405566,9778.48135376859,6339.48723214268,17058.3344669724,18131.6153812036,14132.0334235629,16912.1335792561,12766.5886597282,6920.68666955094,6693.00812420693,17941.0339179157,16756.9959110397,15682.3560005759,17774.1199113486,16514.2999645035,9962.37451708176,4457.32909339214,1e+09,2132.03155534809,12228.1043076758,16207.6599687432,10665.9818857056,10063.8981503988,17241.1325985969,23526.928169266,22876.4469721983,14904.8727335996,19496.611812733,14167.4628072213,17618.9983974402,18138.685442876,18015.8052093072,19195.5985421971,18421.3054516367,16672.1074570463,18141.7081789285,17491.6061397031,16647.2191262355,17916.239971124,18535.2042304529,14505.0048019606,16824.1665222085,16298.4216204484,17772.3669273763,15367.2616119073,20541.6592506643
13127.5851680536,10307.9084255682,8975.75190922187,13241.5992840706,16494.5875237849,16453.6547551236,17275.1987350768,24294.390462331,10797.7090576103,8790.30404592469,5339.52890469749,16077.1257225507,17179.6491806934,13347.7356303644,16101.1055905922,11812.8811483101,6441.52812162611,5741.34261596536,16931.3511267648,15786.8622793955,14764.1239573298,16867.174479509,15575.3897443306,9093.03946574521,3765.42174092093,2132.03155534809,1e+09,11376.0617909363,15491.903080687,9955.51377626489,8942.43866751123,16077.6261500384,22494.7908543067,22004.3021012756,14148.5204510224,18666.1949095953,13310.9286747244,16718.3390366208,17279.6066358815,17124.0459371639,18297.1388647187,17584.4644121708,15790.9114345721,17209.8793170783,16529.9535394296,15608.0629874658,16917.725882148,17560.5521376123,13669.1941319999,15935.3792407084,15413.5769269596,16923.3573622701,14444.7819804177,19558.9433267956
4174.75902261436,19244.2594989077,18988.3660791049,23928.1518923443,27258.1850355265,26947.1895171834,6819.8150514805,13834.8040101767,3582.73804858798,2862.64949471639,7113.5486942524,5754.17280787604,6945.51511993891,3773.98610952664,5209.72529477323,4896.77225407717,7565.58925771813,7337.12655380156,7209.89376384978,5215.12463962272,4134.20575743395,6215.74375942252,5514.26062933192,4019.34284636183,8578.22636938429,12228.1043076758,11376.0617909363,1e+09,4934.54080501925,3045.39053794419,4273.35406377707,6545.98430395307,11861.4900358935,11368.0554466716,3666.83256154409,7845.31094788473,3356.52867367463,6321.08489814842,6605.00245769826,6274.93215514718,7624.76833011994,7009.25216764956,4834.83179145873,6861.62458605832,5912.91920175644,5166.05519036528,6213.96207417619,7088.47163602987,3286.84196457633,5193.74511163188,5086.35051201743,6072.76826609579,4291.76679037899,9101.67707613273
3834.196062423,22559.6970696528,23358.2893289021,27968.4522766688,31254.070073416,31157.4300080061,6425.18316210519,10480.9590985749,7101.20770028592,7230.8704441305,11504.3168010143,4485.59154057745,5298.40943116894,3589.4199850533,2819.55908145228,6435.10762201379,10800.1469451161,10917.4624989372,5721.15940012162,4133.64077416023,3690.64395782091,4097.81445897688,4491.70291911654,7170.36592122048,12376.4816430276,16207.6599687432,15491.903080687,4934.54080501925,1e+09,6074.18237230329,8106.68458745004,6303.78226816251,8964.46438558378,7789.01445723398,2367.85924721044,3933.99398553175,3830.27476829013,3485.3500681854,3507.08092572726,3967.56579475376,4694.73244466604,3966.60474041717,2665.98606674904,4893.33320948002,4365.14167549004,4690.7806432725,5170.72060112515,4958.00319356493,3179.7980192616,2982.25087925211,3363.43873782473,3725.12809716659,4536.14176460569,7264.03584624966
4561.28397906774,17601.2107015256,17593.2575110097,22280.0502014852,25645.5438713707,25335.8493047145,9307.82375445517,15859.3520281883,4763.59100381215,2944.75336396786,6223.55551291221,7414.02838940478,8601.27746923095,5044.69417724207,6850.24522685137,6049.13677664012,5680.82931457195,5268.14398135624,9299.31423101725,7164.76454652908,5967.7771093599,8379.59395975724,7004.30643938427,2886.29777756904,7193.5466414558,10665.9818857056,9955.51377626489,3045.39053794419,6074.18237230329,1e+09,4417.57815815408,8057.83425490994,13907.4087794672,13206.9221840518,4869.09393460426,9528.46301784291,4506.46395966949,7919.86432960818,8232.75886592095,8302.74005578279,9160.96550291507,8823.56441683858,6828.53765897941,9008.92648213981,7833.01693913016,7232.536429172,8432.18635557232,9342.2976239681,4654.05009492807,6862.700108077,6890.35251487905,8044.2367458386,6392.4546268863,11416.428822815
6802.31315660342,16949.958415126,16708.0471932868,21815.0792889162,25107.4130913282,24687.46109746,9746.87967990782,16084.769365266,2762.15666843863,2552.86422768623,5116.19816057783,8139.70994974022,9358.26630996896,6603.3063733027,8230.2906806868,4752.10020177395,6375.74645661981,5400.93569686772,8595.00461875385,7863.25106899176,6490.28930758868,8514.98007713465,7653.53301187106,4070.17404099628,6618.72777804013,10063.8981503988,8942.43866751123,4273.35406377707,8106.68458745004,4417.57815815408,1e+09,7709.27737437174,14101.8024085079,13861.7993556176,6836.92735501848,10915.6971350711,5933.73403726524,8917.35356591854,9266.52959441667,9134.01672224767,10338.2996482981,9378.59861592871,7615.30533544782,8796.22802786513,8096.46660202462,7324.91508541226,8605.71653354327,9159.73651781534,5797.57438590485,7823.5561865433,7296.90620224078,9067.75838221884,6672.77825243729,11279.7579528552
7853.41265948123,24147.5834609491,23332.2290144148,28773.4805357798,32269.6116910756,31376.6555482798,5903.37503814555,11117.1795463148,6381.04198094637,8092.02221992748,11679.8166705946,4175.89163316052,4361.71260762329,6650.52551161936,4932.80363900693,6931.87415910733,12529.2687515154,11490.9027814746,5732.67483333915,3866.7873916987,3493.89846440906,4966.61384369673,4179.04962698459,8622.56203194851,13749.859870035,17241.1325985969,16077.6261500384,6545.98430395307,6303.78226816251,8057.83425490994,7709.27737437174,1e+09,7653.39517254924,8606.67774271815,5571.87567781264,6431.297407662,5028.61739145066,4999.69087878441,4963.2878458135,4805.2262900825,4803.97260108756,5604.34096047876,4507.20246351326,5080.29957699347,3392.01823156952,2913.20360556896,3275.83970833434,5343.58887514749,5092.51960984933,4254.94222045376,4609.37337152242,5074.11100149573,4459.94160683747,5702.35472467296
11672.0009195467,30222.9946035746,30089.0194073901,35254.4601310969,38635.6380807487,38223.3147137084,7320.42982065944,5370.88067467524,12690.630230418,14085.9922756475,18111.6628104186,7921.57602365211,6719.07839538281,10279.7273825866,7993.11403726983,11561.3081673875,18607.3473443019,18111.7680824126,6963.90651136271,7371.51605112544,8323.4156522668,6552.55517715036,8322.05099883436,14552.9850230803,19701.1816713313,23526.928169266,22494.7908543067,11861.4900358935,8964.46438558378,13907.4087794672,14101.8024085079,7653.39517254924,1e+09,4033.56928206272,9519.59200770705,5729.62885506557,10034.582506851,6661.94489670997,6395.99545532984,6306.5090162387,5962.27358485,6237.94658474245,7468.57592694216,6030.07074699792,6820.43749223611,7590.63433291975,6366.5369244276,5815.22161091046,9865.58791794488,7590.1496128996,7731.01887682989,6731.57984197618,8435.06230586354,3751.51311627722
10560.170307675,29048.3631638187,30061.4873906815,34880.8424835167,38073.979917592,37998.4990373541,7873.94716008433,3528.79310059403,12488.8404053379,13674.6216708763,18014.0267931104,8338.68196481314,7388.23150677481,9544.27929042838,7565.88749379741,10803.2113412772,17763.4552511976,17511.6970022297,6265.64122608373,7646.32195241608,8120.87604782883,6072.6523686442,8480.78444459002,13887.2219152428,18945.5232227194,22876.4469721983,22004.3021012756,11368.0554466716,7789.01445723398,13206.9221840518,13861.7993556176,8606.67774271815,4033.56928206272,1e+09,8740.53501859011,5001.83555001561,9575.38798214464,6105.60405807648,5908.18417517599,6264.00325353523,6243.27886245681,5148.94012452077,6819.35487980351,5835.38515354385,7237.20076375528,8113.10742150626,7218.5413354015,5432.2136528675,9192.41523890756,6933.75602711835,7389.11478731384,6889.66530748047,8546.87649821852,5055.74173201124
3529.81110991792,21723.862781331,21904.708939397,26667.9022237764,30029.2994327873,29775.4361900947,5999.52997742323,11581.5348050852,6050.89482283406,5958.84072008977,10085.8185554024,4157.8450701896,4722.987306049,2495.20990682147,2851.13422483053,5560.08308899247,9730.36989625266,9491.7404225516,6105.88208387617,3260.1670178382,2722.76676412064,4529.44226840347,3869.94033222736,5819.62648622744,11145.9190541112,14904.8727335996,14148.5204510224,3666.83256154409,2367.85924721044,4869.09393460426,6836.92735501848,5571.87567781264,9519.59200770705,8740.53501859011,1e+09,4970.4283057298,2068.17522410457,3455.46576631863,3713.32527988056,3888.42688665995,4797.2986292079,4793.0676583687,2838.11512178418,5205.52499857603,4158.36543707982,4083.38510859556,4778.95372083681,5493.75074618425,2035.09375137855,2754.78124126037,3169.05346030956,3712.8092393631,3058.99859561916,7221.02999214101
6981.73026421818,26098.0117058043,26450.2154023989,31210.6284232775,34574.1802844753,34374.7370960506,5487.17227076023,7781.78387413837,9635.31623823526,10275.5363073856,14486.4297134146,4862.31742481916,4671.05267477257,5778.57009528309,3907.53415503947,8441.19955638415,14230.1018881841,14169.3154740552,5625.05012511,4299.30619928379,5180.88155562352,4005.89605803745,5346.31436554193,10348.4744233244,15624.1147369763,19496.611812733,18666.1949095953,7845.31094788473,3933.99398553175,9528.46301784291,10915.6971350711,6431.297407662,5729.62885506557,5001.83555001561,4970.4283057298,1e+09,6008.7686908717,2976.53893866685,2855.19951435972,3019.67226279608,3054.92271146096,3388.63580360888,3685.92822975435,4387.16104566495,4422.5866925477,5050.3642795644,4525.97419938515,4141.52589331517,5803.40820712278,3889.14813955447,4329.23645229733,3044.93566482118,5330.86539627479,4854.82922196034
3849.91181136659,21049.3925862268,20976.8431071384,25870.4978894937,29287.0460332038,28911.3856926471,6276.97519023295,12369.3666640536,5143.36146192352,5262.27390311451,9249.53209028976,4055.08161162017,4805.66428674538,2545.97653671435,3570.91100897236,4836.69025387196,8963.76275485357,8606.07974384969,6329.29441702628,3432.04740389756,2719.11239896404,5078.06674652864,3519.00170681971,5040.96855842208,10424.7958385956,14167.4628072213,13310.9286747244,3356.52867367463,3830.27476829013,4506.46395966949,5933.73403726524,5028.61739145066,10034.582506851,9575.38798214464,2068.17522410457,6008.7686908717,1e+09,4130.28823018443,4484.73885826143,4467.77345424989,5321.36967180443,5597.53599583781,3505.20477919622,5639.93384835319,4333.40928298955,3852.41523871714,4899.03808628796,5997.51867987087,2120.03316500002,3462.23827074336,3634.32218053105,4346.90595850658,2948.39275657094,7493.10438887648
5515.71049679912,24271.2821637033,24588.5402545596,29408.7052391244,32765.2334704333,32574.6238078876,5490.15817005303,8993.55852551147,7854.43066006697,8484.80387854663,12636.077236156,3852.13768945244,3245.15981953124,4051.16623249405,3257.2599242922,6453.12013282722,12438.4159268413,12130.1325334186,4617.80464647434,2753.65741972381,3375.5021357718,3227.59020970755,3534.90043149733,8398.71699519635,13701.2192290686,17618.9983974402,16718.3390366208,6321.08489814842,3485.3500681854,7919.86432960818,8917.35356591854,4999.69087878441,6661.94489670997,6105.60405807648,3455.46576631863,2976.53893866685,4130.28823018443,1e+09,1640.8244439915,2374.5691639748,3017.22591368296,3309.29347633298,2758.54850740385,3394.50486516075,3324.99230418658,3685.85154905891,3855.52023515634,3602.35176960829,4213.84239450172,2840.92940869709,2464.7271129478,2597.95291356483,3489.83082833538,4803.08115442577
5673.1401797858,24640.4736321788,25040.8745268152,29939.0522859576,33301.3444456496,33037.2198634964,5610.23780688484,8745.51582446685,8064.06567913481,8932.97526890117,13134.7338920322,3427.3102020535,3037.97380066057,4727.41935790554,2427.48859239338,7140.2512008122,12731.3307064933,12576.8535437644,4644.59718668907,2786.7122538217,3293.43897754308,2923.60312101352,3359.02520529394,8756.91502785085,14250.4192271245,18138.685442876,17279.6066358815,6605.00245769826,3507.08092572726,8232.75886592095,9266.52959441667,4963.2878458135,6395.99545532984,5908.18417517599,3713.32527988056,2855.19951435972,4484.73885826143,1640.8244439915,1e+09,1738.38575319174,2333.05183907259,3184.25185164428,2627.43453579723,3225.58336485046,2789.57166165345,3713.24711336318,3521.56376652475,3453.01257258064,4186.67154824689,2439.67385545691,2762.3808252484,2214.76979316136,3930.09210754659,4709.45716746633
5905.85511015975,24733.9864853161,24678.9216974608,29698.5818156154,33082.3838562746,32737.8615025646,4398.79706627846,9011.30826940795,7721.48807099383,8682.77080639009,12792.2318534257,2833.19966758434,2585.13458245407,4796.08203764281,2453.45467182502,7114.50109439868,12777.2240227837,12658.6565805776,4595.99850605938,2190.4991265691,3186.6869571861,2547.20685793282,3251.33531757338,8768.03656392353,14185.405356524,18015.8052093072,17124.0459371639,6274.93215514718,3967.56579475376,8302.74005578279,9134.01672224767,4805.2262900825,6306.5090162387,6264.00325353523,3888.42688665995,3019.67226279608,4467.77345424989,2374.5691639748,1738.38575319174,1e+09,2424.667751693,3670.09155725031,2500.05679063497,3202.5600664,2335.87763048495,3200.39579464791,2753.45049256383,3375.53339860532,4362.95287645879,2746.22615691061,3062.73193913539,1410.25211710531,3350.37508173339,4182.57856582515
6974.6504023571,25840.5457376987,25698.7872084093,30772.0808129301,34252.1798314122,33705.289343422,5557.74417070451,9165.05255450289,8971.44731456413,9945.26251433314,13931.8211021855,3313.80112594284,2581.07792921872,5953.00918673069,3145.30939705461,8475.80564853277,13763.3915442052,13510.3918115464,6080.49517981883,3141.81260195448,4244.92441501613,3974.61761189677,3657.8364521121,9734.89624980154,15419.1725311185,19195.5985421971,18297.1388647187,7624.76833011994,4694.73244466604,9160.96550291507,10338.2996482981,4803.97260108756,5962.27358485,6243.27886245681,4797.2986292079,3054.92271146096,5321.36967180443,3017.22591368296,2333.05183907259,2424.667751693,1e+09,4449.31458567497,3762.77228557616,4523.04157683743,3032.75178366117,3888.87869107536,3463.91118109284,4691.9267134089,5368.42808143129,3534.53920065968,4148.57500866261,2455.15610312257,4752.32628284296,4696.41152406814
6764.1765201538,24800.9914855435,25574.7664904921,30371.7704144688,33606.7045387241,33497.9849316089,6043.85719890038,7555.75790837028,8299.35792207446,9283.75052239665,13542.6740570908,5345.0679372109,5322.18340131191,5626.25821145813,4124.75170674551,6882.76073123278,13508.3881368652,13177.139348713,3877.40303152768,4610.07861042521,4207.61264054808,2925.50630505217,5429.38996454482,9738.33462222879,14617.1035450222,18421.3054516367,17584.4644121708,7009.25216764956,3966.60474041717,8823.56441683858,9378.59861592871,5604.34096047876,6237.94658474245,5148.94012452077,4793.0676583687,3388.63580360888,5597.53599583781,3309.29347633298,3184.25185164428,3670.09155725031,4449.31458567497,1e+09,2684.26903606922,2643.91018434817,3914.0517382375,4541.91920478557,4255.40444569021,2450.51411073269,4731.11618009958,3138.31202538881,3112.72161839121,3841.58361970685,4735.93919421481,4602.3032282869
4975.95935184362,23192.165734808,23568.3788082592,28514.5956606753,31831.7396844926,31549.6663393086,4918.63497321157,9402.69695071047,6336.59020155951,7240.17924364446,11569.9662800027,3444.39905150376,4074.09374987862,3943.98568818397,2207.96463936812,5769.24825446089,11535.2019886259,11336.802184267,4021.851473451,2668.36165680367,2119.50747281061,2150.09996983861,3553.57666593814,7606.27213960295,12828.2314145365,16672.1074570463,15790.9114345721,4834.83179145873,2665.98606674904,6828.53765897941,7615.30533544782,4507.20246351326,7468.57592694216,6819.35487980351,2838.11512178418,3685.92822975435,3505.20477919622,2758.54850740385,2627.43453579723,2500.05679063497,3762.77228557616,2684.26903606922,1e+09,2947.02143617925,2494.408598566,2854.17223499214,3125.82309579413,3022.71785234745,2789.11938984333,1569.8049594456,2082.11107849701,2590.63512425042,3043.49198870311,5193.87508225795
6742.78409876069,24464.2345683592,25019.1345921936,30006.070443307,33255.3303197608,33109.5229664246,5628.67678157131,7868.29271414073,7637.15216688786,8910.55491174371,13060.241181077,4676.82109515641,4369.05741835696,5619.35227997854,4226.35066318449,6309.59946456984,13271.6105869898,13062.7522026677,2631.21473285629,3855.16178820033,3768.02196654956,1772.04020118055,4531.71663176329,9392.68378570257,14257.0483015665,18141.7081789285,17209.8793170783,6861.62458605832,4893.33320948002,9008.92648213981,8796.22802786513,5080.29957699347,6030.07074699792,5835.38515354385,5205.52499857603,4387.16104566495,5639.93384835319,3394.50486516075,3225.58336485046,3202.5600664,4523.04157683743,2643.91018434817,2947.02143617925,1e+09,3096.44989468585,3834.01705558283,3605.62609518791,1447.04455964562,5020.07772701778,3638.87232010138,2648.52518664633,3498.43921903754,4093.60149350178,3764.08485326779
