1e+09,6017.6955576699,6457.25026923225,6518.68271483587,6631.87630378462,5676.22253862549,3847.2768884758,5040.50992647569,4804.64438124197,5554.46117654089,4574.43541972121,4506.23082846407,4557.55176548769,4146.40245827633,5020.64568681161,4600.49118038498,5277.56240458604,4810.12611941725,4142.35317139908,4776.52424450039,3930.77797985335,4630.65534877084,4018.38871992245,4873.48616689326,5354.87548399587,5482.16807188543,4612.79886853958,4810.06357138864,5020.7237801337,4820.49695871702,4956.08816401605,5382.71559594226,4618.80722609204,4994.60703023772,4937.74618128555,4989.49595391158,5290.83030141773,4734.94466529441,4601.3434211543,4409.99389840848,4476.51073298166,4633.96642754347,4057.35664875544,4571.28652941379,4423.91501185319,4990.08763105419,4614.28251111698,4422.24926680982,4720.17261882444,5196.34196571973,4647.14593254828,4599.95448087261,4541.33592175254,4946.04008866689
6017.6955576699,1e+09,1594.22274557227,2073.50540175327,2396.42141204338,3284.26372190176,5269.59575062452,4664.25655063055,3796.74629760799,2925.40351929439,4115.11038223764,4956.96730297871,4625.7651088982,4889.8509567675,3854.8053298059,4748.5059979324,3813.0889487527,3588.06338930906,4774.98540119234,4633.18073296305,4533.74912657284,5058.24585362357,4791.75028635675,2876.26723269935,2473.04162433632,2965.73142502823,3766.42461692784,4989.30030567413,4338.18077656983,3373.27290707408,4061.70471318386,4878.44553250316,5237.48524650905,5001.62958191628,4665.12712667083,4816.86506693929,4980.34310203624,4891.16141107611,4749.02682957256,4962.57758256735,4369.87674957773,5042.54977048318,4350.13208702908,4831.91415178291,4848.43050750447,4885.25606219367,4998.74608490969,4914.49473168911,5238.0600682791,4978.24129357949,4896.37201909741,4043.84806820187,4206.88834926719,4324.99753890103
6457.25026923225,1594.22274557227,1e+09,2050.51523105779,2525.95464555483,3846.6577579374,5746.7890463893,4686.36159467022,3819.83212231899,3095.41733735534,4306.31453232343,5041.60443994767,4643.75716313849,5268.36627748109,4124.17300527027,4626.42404985752,3922.87905719766,3959.93905698055,4981.09351597619,4999.87880217111,5034.76784239353,5038.13596827239,4920.80667203051,3270.92444752244,3084.26658698628,3472.04589383551,4234.3435952341,5417.95793901171,4613.36169350508,3775.13419283342,4254.81975959029,4813.27945952653,5446.99413997298,5159.14545887204,5118.43880575904,4869.95168532502,5285.02271027287,5107.19686373063,4948.58115613961,5273.54003611426,4573.2331270776,5416.54191839222,4681.39069537034,5041.47480869438,5000.02660972919,5124.86057791819,5504.55045369738,5038.72391661818,5717.09419350425,5567.3204908286,5135.21449784719,4233.9909442983,4625.3516151856,4620.14405052483
6518.68271483587,2073.50540175327,2050.51523105779,1e+09,1991.91236273085,3974.98921506713,6074.09525643943,5147.82377786964,4668.53852940082,3817.39067922056,5074.75395173993,5540.45227564501,5543.88012545365,5868.79544844596,4469.23728958309,5284.96542738928,4525.34178547875,4567.25814748849,5612.06397323659,5498.62254894805,5582.4192095184,5808.62290058496,5535.39985414785,3875.60960438484,3282.96635608713,3704.6411938675,4614.89714012133,6083.89312620628,5311.51793303007,4493.83122783889,5005.52229624442,5760.02068997152,5993.82405983859,5985.72445000603,5774.77897498251,5508.70035910468,5839.68090865417,5726.37357310017,5474.15686144451,5975.92147380636,5336.69104636946,5955.02858041,5158.8459336464,5676.24828952187,5563.99013609837,5686.00208238618,5964.47626316846,5669.65974415573,6123.10504508946,6097.95436793356,5748.08888072375,4667.17329406141,4936.14691133682,5082.50561617004
6631.87630378462,2396.42141204338,2525.95464555483,1991.91236273085,1e+09,4061.39624303022,6171.88147608977,5633.8874705482,4772.63623599159,3849.93590237552,5114.33132312524,5741.68730056767,5547.2039434836,6010.9764485897,4650.89448689174,5780.36396974274,5032.97260290576,4533.42486826461,5591.15720388007,5871.66848759363,5447.96990674508,6023.19101822282,5767.97229650941,4349.55044975915,3674.78870813003,3885.41130480417,5093.54106339588,6107.71542238995,5730.36419073867,4510.52915054321,5242.47595235305,5853.28927744905,6169.073153327,5966.98250116422,5959.0491729218,5991.64857260504,6065.39449774704,6063.5371538649,5788.55492394259,6126.71203379921,5584.19681259534,5987.91088865725,5377.89721505534,5774.44545854405,5733.28483447317,5956.41462068416,6114.22671245514,5936.0527693325,6298.16890086317,6505.11204855074,5978.99029787639,5084.01484205151,5365.95520895395,5184.68654836529
5676.22253862549,3284.26372190176,3846.6577579374,3974.98921506713,4061.39624303022,1e+09,3746.4764357193,4530.98250743699,3076.4075163736,2994.93736113128,3456.04782096545,4151.40085000232,4086.18640643082,3706.0193959827,4282.71200830735,4110.68758710754,3483.79320475542,3197.19037013751,3587.86427583319,3995.96969942216,3697.35997031666,4470.83957127741,4116.42021525986,3384.86310643429,3278.70491174488,3057.38652273474,2364.45563316379,3574.25668515847,3606.34771753917,3131.72114355669,3447.09397126043,3578.41008203364,4361.4099290711,4126.98666878147,3689.62947128841,4114.85103094875,3867.94969127056,3926.27371743235,3893.94399710628,4246.96741955952,3657.54019817965,4083.89238606994,3464.49309166579,4086.71660199236,3817.72264292471,3755.40955076807,3919.76654172159,4010.4317216978,4133.36972823627,4388.79535411484,3947.26949290266,3617.75926660412,3817.95887617978,3558.70857302196
3847.2768884758,5269.59575062452,5746.7890463893,6074.09525643943,6171.88147608977,3746.4764357193,1e+09,4067.15527432873,3499.65163963501,4004.85420295171,3231.6329875467,3421.20881180907,3653.3697341085,2267.30056569481,4375.18112801059,3714.21370117553,3887.73343732566,4001.57452382184,2727.27093424911,3268.71543369869,3053.79171472123,3779.76878796839,3312.942237619,3702.25197409631,4241.09052976944,4531.01548024281,3003.68382194265,2685.19696659295,3165.93788928336,3554.33347993685,3769.29929773426,3963.83642566138,3690.36512697592,3242.53739653069,2794.69770461852,3062.71298281442,3751.49684286153,3318.96948078767,3401.11142102108,2835.36688327983,3005.17555788343,3724.71521743609,2999.02224143136,3664.07337494761,3450.09078896484,3541.82544660236,3415.26134472898,3441.37946774255,3493.47460138184,4003.52225675092,3585.05831740573,3405.14081630995,3560.18492789349,3560.07176937488
5040.50992647569,4664.25655063055,4686.36159467022,5147.82377786964,5633.8874705482,4530.98250743699,4067.15527432873,1e+09,2853.36536200677,2996.86940916684,2848.65308475778,3850.87313542007,4135.98163832965,3527.03765884347,3646.68485753842,2558.30054608523,3321.95362243364,3310.97268291359,3567.38754251623,3136.68892442333,3196.77996724829,3103.7037296108,3082.60231374402,2995.60165198913,3431.68925044212,4294.29753772372,3241.38345110541,3378.63234047447,2939.1562616336,2936.09644959085,3231.29850577133,3915.65266678494,3580.75677223405,3130.0351807288,3090.6731434592,3326.54962818834,4100.58925357076,3271.60044374309,2934.17068206674,3370.98199735626,3028.36274296855,3576.49724950265,3235.08612307308,3134.31513694778,3229.24872972027,3343.09798362238,3624.95227840312,2831.2155455387,3356.30139993416,3837.90961350056,3750.89392037418,3451.01043139542,3654.97749201004,3600.5399835858
4804.64438124197,3796.74629760799,3819.83212231899,4668.53852940082,4772.63623599159,3076.4075163736,3499.65163963501,2853.36536200677,1e+09,1807.7048061838,2380.43003514071,3258.63632248215,3060.59787409258,2784.0785614993,4059.95270606691,2896.27042950067,2848.66495216619,2232.9291601616,2311.03145054324,3190.18669151196,2616.92125756584,2638.27931627794,2610.07800634387,2341.45105562769,3162.03548637583,3268.78536462705,2317.59126577574,2432.51477430251,2254.23637136836,1830.88298653955,2141.19214446065,2708.26001019105,3407.02589822854,2248.94608265739,2674.27114750917,3361.81495363739,2952.88514676748,2615.14295896037,2835.56892693512,2999.46804863796,2393.99686096285,3042.10975554795,2440.44293209245,2829.91139935511,2441.38607239822,2948.51609773459,3146.64702475508,2581.98036239628,3130.53411684013,3547.29751773093,3065.94436038882,3006.41270292354,3371.0702033034,2957.01188203565
5554.46117654089,2925.40351929439,3095.41733735534,3817.39067922056,3849.93590237552,2994.93736113128,4004.85420295171,2996.86940916684,1807.7048061838,1e+09,3043.56737732221,3711.20832871182,3616.19701537402,3534.82422418711,3888.93597087944,3602.58757207927,3027.00916843673,2655.40211331542,3090.10929840677,3241.83094667196,3138.97026720547,3347.69505947002,3298.47564952358,2094.58418188432,2227.37354711777,3111.34542172675,2785.40930814485,3041.55455616039,2650.12827212194,1881.76950041709,3060.43358078557,3577.84312717872,3849.6596104461,2866.72492705526,3168.58757232619,3829.21917591563,3598.08406620801,3343.27253222049,3439.58204913039,3553.81163539938,3069.06299521531,3947.50978910756,3140.99158141183,3364.95165791427,3313.82169164245,3646.6086723283,3752.02966655382,3544.2213554884,3973.54487962575,3874.62798485222,3852.72999408212,3249.06623585916,3628.93718687717,3336.41204583607
4574.43541972121,4115.11038223764,4306.31453232343,5074.75395173993,5114.33132312524,3456.04782096545,3231.6329875467,2848.65308475778,2380.43003514071,3043.56737732221,1e+09,2688.95059590168,2924.24742774957,2527.09148663043,3096.47942568653,2788.24355840734,3049.70655117833,2413.89700383011,2516.95019740161,2999.07110670954,2140.15753763596,2565.65632634225,2397.57606427825,2874.0024745466,3589.16888879585,3717.29469539341,2735.46517601669,2816.69132597095,2938.99280033143,2828.42895463188,2094.52536005177,2727.81782371917,2608.78560916761,2812.86563360215,2310.0258173882,2942.78760930856,3206.18880626204,2544.98261141407,2262.83656382868,2269.32473105988,2065.36368305923,2734.19145127038,2614.26674128713,2466.22524818801,2736.46184714861,2814.05521836371,3120.53462874553,2275.4088045448,2940.0487583882,3802.56983090383,2570.07392469555,2605.12712367362,2843.46218620892,2569.22615273549
4506.23082846407,4956.96730297871,5041.60443994767,5540.45227564501,5741.68730056767,4151.40085000232,3421.20881180907,3850.87313542007,3258.63632248215,3711.20832871182,2688.95059590168,1e+09,2715.38336727984,2896.04698287165,3416.84556491803,3658.36546605175,3498.16618843359,3488.37919568673,2151.36851957074,2511.37776785971,2706.14612545221,2267.19067682893,2129.53556298081,3444.48674024157,3906.36507893208,4373.00004614681,3454.61493810815,3349.51636428306,3452.31905194175,3805.76722057458,2962.72484046359,2823.36991278153,1745.83244700057,2849.49283647108,3199.3853714112,3171.60678749747,2785.08360240765,2148.79388313537,2468.32275012811,1948.34404795457,2553.16359751975,3413.44826136269,2363.36565220027,2866.99488702021,2636.59914873308,3384.07695290754,3454.27910392313,2768.94120378169,3424.38538454713,3534.90385802782,2712.20635188402,2060.213996579,2340.98654186648,2320.34388996545
4557.55176548769,4625.7651088982,4643.75716313849,5543.88012545365,5547.2039434836,4086.18640643082,3653.3697341085,4135.98163832965,3060.59787409258,3616.19701537402,2924.24742774957,2715.38336727984,1e+09,2967.66397654788,3549.21163711042,3516.20188190326,3106.27002354914,3151.79882927194,1800.75506454931,3027.67229369362,2784.58761661399,2896.43101364421,2454.40912655164,3322.42202554101,4016.38393473532,3686.97724637677,3050.70041913329,3200.2302996347,3131.94851546126,2973.13771959861,2664.72007407908,2401.20003171331,2496.51787626286,3120.8244073001,3080.59275713295,3462.845403393,3305.35396127253,2768.61093917148,2514.85585207184,2580.44071249467,2636.65354242836,3338.5234611876,2710.03559133455,2584.46719288522,2389.28692261938,3325.24084804394,3101.14638237217,2837.58971419407,3659.16124222478,3732.07600951535,2774.19971442216,2538.48028221611,2988.90181392765,2692.53743405732
4146.40245827633,4889.8509567675,5268.36627748109,5868.79544844596,6010.9764485897,3706.0193959827,2267.30056569481,3527.03765884347,2784.0785614993,3534.82422418711,2527.09148663043,2896.04698287165,2967.66397654788,1e+09,3831.89360503394,3048.39946152075,3389.705526163,3435.79071057886,2412.97398034044,2600.11930662806,2342.75891745182,2795.21476511198,2657.82823933376,3094.97938149837,3714.77497475957,4192.55985550594,2648.11826189844,2022.25346329287,2500.09734398483,3067.54635032627,2835.6432921473,3069.5140439164,2911.79457956773,2675.12086551244,2193.96010875312,2319.88461965245,3045.42716350268,2137.43922486699,2551.08282405727,1761.9477965025,1547.32176379058,2468.82911052993,2053.40731468455,2453.71863810829,2424.77123496218,2388.58299252925,2231.82350381924,1938.75200786485,2457.11616626077,2845.2111108141,2292.5143467381,2466.3172749466,2822.20504740531,2406.99911688808
5020.64568681161,3854.8053298059,4124.17300527027,4469.23728958309,4650.89448689174,4282.71200830735,4375.18112801059,3646.68485753842,4059.95270606691,3888.93597087944,3096.47942568653,3416.84556491803,3549.21163711042,3831.89360503394,1e+09,3386.96864064313,3152.290962332,3231.82458014045,3712.73035739198,3657.64326691382,3254.27017790472,3826.46217454191,3780.70169951294,2950.89210100946,2949.87715025558,3281.97285511322,3939.83575110689,4593.5512845401,4395.76541433912,3536.25467093364,3244.07524496581,3737.69932478524,3481.71201265986,4135.63867892252,3694.01253158405,3055.06507384049,4213.96540444983,3663.24880652407,2862.57540590637,3194.51586418036,3326.36976753938,3789.53591270752,3230.61546661004,3393.54277681894,3654.91907010265,3677.85936828748,3604.68245129859,3531.18726494362,3828.35057728521,4022.22545031976,3448.39520999261,2496.89754086947,2885.22679495044,2665.39763322473
4600.49118038498,4748.5059979324,4626.42404985752,5284.96542738928,5780.36396974274,4110.68758710754,3714.21370117553,2558.30054608523,2896.27042950067,3602.58757207927,2788.24355840734,3658.36546605175,3516.20188190326,3048.39946152075,3386.96864064313,1e+09,2929.51776309686,3371.95115327906,3280.43492628645,3498.17704307544,3247.28546267494,3112.48929053579,2914.0897030119,3037.30957485404,3739.56364525328,3983.3325240306,3137.49397481493,3660.18641588103,3126.03562919555,3026.27326644505,2953.30937399047,3266.53607388622,3666.68371551188,3681.97531074015,3522.712989785,2660.27232686806,4031.63663603257,3072.19345715728,2816.12028489552,3311.92473145149,2950.21821964071,3577.32219907573,3127.35297355447,2904.22601124637,3004.76536123871,2886.91810216362,3304.63804011877,2574.28858712461,3576.42335680495,4021.5393540658,3349.07642188111,3147.0324596197,3773.48845701163,3500.92775896619
5277.56240458604,3813.0889487527,3922.87905719766,4525.34178547875,5032.97260290576,3483.79320475542,3887.73343732566,3321.95362243364,2848.66495216619,3027.00916843673,3049.70655117833,3498.16618843359,3106.27002354914,3389.705526163,3152.290962332,2929.51776309686,1e+09,2680.6057799684,3240.94356505941,3362.33994658482,3702.4299851584,3454.44493590504,2850.46153208564,1780.21127695563,2585.60817375719,2253.50021360106,2768.87106462183,3881.78230243531,3360.76886100488,2613.60479478057,2788.45146732017,3551.8205733539,3619.54631512017,3514.45554457586,3491.03907137975,3299.58574502922,3015.1241196508,2644.63511727043,2976.95689345681,3331.26672575163,3320.82104480202,4224.36842946967,3277.1206549195,3874.95010794978,3604.49159854757,3728.42420482166,3445.02926627627,3516.62925459878,3962.49382873967,3833.81405636737,3860.99410990227,2973.27437153049,3408.96560608933,3208.01887503799
4810.12611941725,3588.06338930906,3959.93905698055,4567.25814748849,4533.42486826461,3197.19037013751,4001.57452382184,3310.97268291359,2232.9291601616,2655.40211331542,2413.89700383011,3488.37919568673,3151.79882927194,3435.79071057886,3231.82458014045,3371.95115327906,2680.6057799684,1e+09,2824.14256012334,3525.24823755718,2618.2225155628,2895.03191301927,3206.36750378056,2348.42410982344,2983.9879541647,2864.52153521317,2740.87268531393,3249.00684485275,3344.20686380194,1880.39915451481,2242.66037339585,3010.6056908702,3392.95431173189,2830.03781487103,2888.00210995422,3790.17567848774,3196.80928694534,2989.788415206,2805.42339565706,3187.2037038288,2884.44993265614,3366.52251846026,2503.09400201031,3142.19040073959,3052.49549211788,3677.21426197876,3506.56486018725,3255.92708574685,3372.0893277314,3644.86008219794,3336.64086588593,3208.03190691739,3191.92850767369,3065.18876332274
4142.35317139908,4774.98540119234,4981.09351597619,5612.06397323659,5591.15720388007,3587.86427583319,2727.27093424911,3567.38754251623,2311.03145054324,3090.10929840677,2516.95019740161,2151.36851957074,1800.75506454931,2412.97398034044,3712.73035739198,3280.43492628645,3240.94356505941,2824.14256012334,1e+09,2672.2829476124,1873.20300189275,2332.06265874226,2004.77130456319,3153.30808302963,3822.05560790264,3736.47094812739,2636.14526325846,2242.95129264993,2620.75751022486,2603.9927379315,2268.35992640057,2166.77631342047,2142.49883500552,2141.06225684822,2316.75377504818,3171.39873524286,2630.84271506299,2219.48865363173,2084.77539754286,2019.54380937874,2259.48122760513,2679.95075428635,2002.47817096716,2091.94220914441,1630.02972650808,2719.45267581549,2587.57013663398,2302.07212506472,2741.06255775019,3242.18170090759,2368.22812642701,2313.62556108373,2627.19099343767,2294.43575375298
4776.52424450039,4633.18073296305,4999.87880217111,5498.62254894805,5871.66848759363,3995.96969942216,3268.71543369869,3136.68892442333,3190.18669151196,3241.83094667196,2999.07110670954,2511.37776785971,3027.67229369362,2600.11930662806,3657.64326691382,3498.17704307544,3362.33994658482,3525.24823755718,2672.2829476124,1e+09,2652.78068720352,2870.40040144228,2483.06280812629,3055.52068875339,3454.6070446579,4291.02988350116,2489.37085431239,2416.93182793806,2197.30654477249,3071.13393187272,3129.17680810785,3263.79600448619,2061.90488895584,2806.25642869642,2653.6057603005,3051.56483588339,3292.31031737593,2370.05683317932,2551.73367738485,2227.79963769186,2302.43543110334,3252.50712800141,2442.25284217257,2816.91556343104,2770.96066594241,3248.33620259665,2895.32661679127,2790.99630001546,3107.53020130135,2770.12109648658,2974.49333781402,2695.81275288177,2580.53214777495,2705.40078875571
3930.77797985335,4533.74912657284,5034.76784239353,5582.4192095184,5447.96990674508,3697.35997031666,3053.79171472123,3196.77996724829,2616.92125756584,3138.97026720547,2140.15753763596,2706.14612545221,2784.58761661399,2342.75891745182,3254.27017790472,3247.28546267494,3702.4299851584,2618.2225155628,1873.20300189275,2652.78068720352,1e+09,2720.53640982803,2501.00598693806,3197.31741793023,3669.38672200138,3841.38879868987,2775.65031394446,2183.66541079443,2888.11740905733,2646.55799605828,2525.61554101174,2633.22406378569,2270.29801768402,2457.75554187149,2123.5080004794,3312.26336842347,3172.13935042268,2626.36221646977,2027.49100034994,2021.62360524901,2114.94671530987,2070.51388850691,1983.83464741898,1650.74620305485,1924.12709590609,2407.01301490042,2073.01541699525,2184.99946450794,2296.50348364639,2857.10532815995,2134.03414548596,2587.89795301129,2779.70866665915,2251.89266116305
4630.65534877084,5058.24585362357,5038.13596827239,5808.62290058496,6023.19101822282,4470.83957127741,3779.76878796839,3103.7037296108,2638.27931627794,3347.69505947002,2565.65632634225,2267.19067682893,2896.43101364421,2795.21476511198,3826.46217454191,3112.48929053579,3454.44493590504,2895.03191301927,2332.06265874226,2870.40040144228,2720.53640982803,1e+09,2182.38868533999,3150.35323279787,3849.67464007025,4676.78849988964,3496.13341345836,2892.76715843153,3038.54284269615,3142.51946474481,2732.70654106876,2833.70663172813,2400.43488770264,2045.38767635869,2862.2083610562,3185.38850541029,2723.21475394432,1826.41507431909,2432.63666898697,2176.34536852495,2215.84719504753,3279.36603856599,2221.17256968026,2444.2084451822,2605.81486084488,3245.87148440908,3648.6928489666,2390.03025346961,3255.82411938974,3359.10383388189,2685.98141183069,2682.75804812883,2768.14357924223,2983.12326674578
4018.38871992245,4791.75028635675,4920.80667203051,5535.39985414785,5767.97229650941,4116.42021525986,3312.942237619,3082.60231374402,2610.07800634387,3298.47564952358,2397.57606427825,2129.53556298081,2454.40912655164,2657.82823933376,3780.70169951294,2914.0897030119,2850.46153208564,3206.36750378056,2004.77130456319,2483.06280812629,2501.00598693806,2182.38868533999,1e+09,2963.9860700921,3707.28184214527,3930.8569009314,2907.46558590123,2894.67717374494,2797.40632304283,3075.64440652687,2773.05004064117,3162.05327738164,2127.58620864114,2780.29598221125,3160.43136416534,3573.45401166714,2573.12191739917,1756.61694987837,2408.00358957374,2407.36635242748,2730.06226952793,3355.8260849454,2724.46910116448,2714.38868071616,2605.28225125417,3049.98206171774,2981.76805536581,2467.34915960429,3316.40562071349,3531.67557370436,2983.02093650045,2707.05112022289,3017.1151232593,2930.98002847171
4873.48616689326,2876.26723269935,3270.92444752244,3875.60960438484,4349.55044975915,3384.86310643429,3702.25197409631,2995.60165198913,2341.45105562769,2094.58418188432,2874.0024745466,3444.48674024157,3322.42202554101,3094.97938149837,2950.89210100946,3037.30957485404,1780.21127695563,2348.42410982344,3153.30808302963,3055.52068875339,3197.31741793023,3150.35323279787,2963.9860700921,1e+09,1590.88029027957,2383.14796961918,2696.4253936091,3470.75228731467,2822.81122757084,1919.59386165407,2621.82781421664,3731.87946478715,3690.08061452592,3124.54023347436,3058.21562181282,3098.00789085503,3121.15367598265,2707.12234065991,2994.76067182338,3020.64688831714,2829.54306971992,3861.76332841618,2792.03690729546,3463.23840116444,3392.69994299525,3533.53688712882,3354.45864474434,3340.08184218591,3668.31014040525,3322.53495993646,3574.68889302272,2652.51089200403,2985.10510479949,3003.14999209164
5354.87548399587,2473.04162433632,3084.26658698628,3282.96635608713,3674.78870813003,3278.70491174488,4241.09052976944,3431.68925044212,3162.03548637583,2227.37354711777,3589.16888879585,3906.36507893208,4016.38393473532,3714.77497475957,2949.87715025558,3739.56364525328,2585.60817375719,2983.9879541647,3822.05560790264,3454.6070446579,3669.38672200138,3849.67464007025,3707.28184214527,1590.88029027957,1e+09,2622.42559621813,3228.51379639301,4062.65244783504,3560.65132936377,2502.02494078297,3428.8315931524,4293.33673215833,4171.03424453696,3824.94958100104,3754.1572880608,3642.44649830303,3912.14134549098,3549.19493720759,3757.10749437649,3689.80721692882,3463.00386687627,4345.2414057334,3304.77181722127,3933.21837724528,3928.28052381701,4087.25040538257,3890.2325312891,3896.16206129827,4151.45308572794,3724.91760770624,4221.7452765296,2983.41684157612,3184.49349597389,3333.70297927095
5482.16807188543,2965.73142502823,3472.04589383551,3704.6411938675,3885.41130480417,3057.38652273474,4531.01548024281,4294.29753772372,3268.78536462705,3111.34542172675,3717.29469539341,4373.00004614681,3686.97724637677,4192.55985550594,3281.97285511322,3983.3325240306,2253.50021360106,2864.52153521317,3736.47094812739,4291.02988350116,3841.38879868987,4676.78849988964,3930.8569009314,2383.14796961918,2622.42559621813,1e+09,3102.43828373749,4513.88033886589,4150.85427291781,2796.30975898594,3180.8974123508,4034.26384318131,4425.08368677927,4410.80014787567,4065.17275099103,4257.58247324699,3880.37090825091,3925.99218139823,3654.29617064627,4245.7544212778,4064.92189527671,4368.4582213408,3827.73406853193,4276.20681073776,3966.93128121726,4079.30131233279,3548.29317427408,4234.60907409409,4309.72305925798,4393.19251329827,4250.86082867929,3443.44607181527,3896.05605455055,3402.50091354874
4612.79886853958,3766.42461692784,4234.3435952341,4614.89714012133,5093.54106339588,2364.45563316379,3003.68382194265,3241.38345110541,2317.59126577574,2785.40930814485,2735.46517601669,3454.61493810815,3050.70041913329,2648.11826189844,3939.83575110689,3137.49397481493,2768.87106462183,2740.87268531393,2636.14526325846,2489.37085431239,2775.65031394446,3496.13341345836,2907.46558590123,2696.4253936091,3228.51379639301,3102.43828373749,1e+09,2355.26826463569,2033.79296173431,2320.28684006956,2547.08650055313,2917.75217662501,3141.54026082748,3206.66358396075,2466.60666540087,3226.6015773101,3309.09159791626,2854.8868446928,2691.01787660357,3115.57660913674,2448.70175184729,3078.94782862588,2488.55154164024,3024.52721098687,2640.78117558044,2935.60296920411,2719.90033743886,2788.46241878925,3026.98072856436,3216.87002881683,2984.59674351494,2902.1519091357,2944.21112568375,2956.05713596676
4810.06357138864,4989.30030567413,5417.95793901171,6083.89312620628,6107.71542238995,3574.25668515847,2685.19696659295,3378.63234047447,2432.51477430251,3041.55455616039,2816.69132597095,3349.51636428306,3200.2302996347,2022.25346329287,4593.5512845401,3660.18641588103,3881.78230243531,3249.00684485275,2242.95129264993,2416.93182793806,2183.66541079443,2892.76715843153,2894.67717374494,3470.75228731467,4062.65244783504,4513.88033886589,2355.26826463569,1e+09,1810.29873529205,2667.79112267059,2990.69123239093,2964.10500944214,3001.69358429537,1955.66940046113,1798.07428923279,3397.1328077807,3040.48004048703,2562.69507854524,2758.31386053147,2478.28038647769,2119.20473572045,2602.33782599416,2278.15096023069,2526.14803608181,2403.07346115345,2675.97774475051,2657.81371980807,2526.46692101836,2569.60146036307,2795.40864763991,2716.35426798494,3319.19287880352,3355.80546730588,3008.38726458214
5020.7237801337,4338.18077656983,4613.36169350508,5311.51793303007,5730.36419073867,3606.34771753917,3165.93788928336,2939.1562616336,2254.23637136836,2650.12827212194,2938.99280033143,3452.31905194175,3131.94851546126,2500.09734398483,4395.76541433912,3126.03562919555,3360.76886100488,3344.20686380194,2620.75751022486,2197.30654477249,2888.11740905733,3038.54284269615,2797.40632304283,2822.81122757084,3560.65132936377,4150.85427291781,2033.79296173431,1810.29873529205,1e+09,2298.24544346334,2630.44677838195,3228.77551474239,3334.00158221318,2696.00943160442,2274.33987394145,3137.5552333465,3387.73990622067,2702.23826884307,2947.13925480287,2803.78214563828,2287.76979823146,3048.732909948,2551.17014089613,2721.74588167228,2480.83549355857,2881.42809089521,3023.35690334436,2557.37633812468,2974.10454854903,2886.54721452811,3103.96370020656,3068.83820050846,3184.26494629451,3166.26895097369
4820.49695871702,3373.27290707408,3775.13419283342,4493.83122783889,4510.52915054321,3131.72114355669,3554.33347993685,2936.09644959085,1830.88298653955,1881.76950041709,2828.42895463188,3805.76722057458,2973.13771959861,3067.54635032627,3536.25467093364,3026.27326644505,2613.60479478057,1880.39915451481,2603.9927379315,3071.13393187272,2646.55799605828,3142.51946474481,3075.64440652687,1919.59386165407,2502.02494078297,2796.30975898594,2320.28684006956,2667.79112267059,2298.24544346334,1e+09,2307.64317759484,3218.83922788946,3659.62565899847,2722.29496772484,2683.95840742736,3481.49771039706,3484.46674763873,3085.63645749139,3048.88457269212,3176.94175895625,2778.55168717445,3289.96600380612,2603.70870816994,2932.78368684088,2787.2752055547,3381.41889043638,3124.08780913725,3058.27542618385,3225.79609760134,3353.6770955326,3524.01766241317,3177.83378405794,3289.95455591715,3140.31744960601
4956.08816401605,4061.70471318386,4254.81975959029,5005.52229624442,5242.47595235305,3447.09397126043,3769.29929773426,3231.29850577133,2141.19214446065,3060.43358078557,2094.52536005177,2962.72484046359,2664.72007407908,2835.6432921473,3244.07524496581,2953.30937399047,2788.45146732017,2242.66037339585,2268.35992640057,3129.17680810785,2525.61554101174,2732.70654106876,2773.05004064117,2621.82781421664,3428.8315931524,3180.8974123508,2547.08650055313,2990.69123239093,2630.44677838195,2307.64317759484,1e+09,2229.1984099447,2944.2739977964,2856.95934969331,2307.1484576637,2870.15375643884,2964.33332712433,2506.07380068904,2307.67510843706,2452.07416933094,2204.63488745869,2238.45313453286,2224.61207753172,2418.13312654618,2016.35036930589,2694.33436868923,2782.42237866576,2020.36077562895,2239.28554766917,3132.60316976153,2467.7381129893,2283.25252799597,2312.63753288318,2110.48119617304
5382.71559594226,4878.44553250316,4813.27945952653,5760.02068997152,5853.28927744905,3578.41008203364,3963.83642566138,3915.65266678494,2708.26001019105,3577.84312717872,2727.81782371917,2823.36991278153,2401.20003171331,3069.5140439164,3737.69932478524,3266.53607388622,3551.8205733539,3010.6056908702,2166.77631342047,3263.79600448619,2633.22406378569,2833.70663172813,3162.05327738164,3731.87946478715,4293.33673215833,4034.26384318131,2917.75217662501,2964.10500944214,3228.77551474239,3218.83922788946,2229.1984099447,1e+09,2595.75973849661,2787.01338498759,2699.23404798472,3037.9206040481,3255.44260554537,2833.8680896612,2280.5174324701,2664.47347860698,2287.95074936066,2670.4996947388,2400.09251859173,2312.28238707992,1956.42858701768,2652.32811367674,2957.39088356612,2369.53576858422,3007.80863382297,3410.76629889824,2161.28866632849,2613.79567500981,3009.936988377,2391.38135467767
4618.80722609204,5237.48524650905,5446.99413997298,5993.82405983859,6169.073153327,4361.4099290711,3690.36512697592,3580.75677223405,3407.02589822854,3849.6596104461,2608.78560916761,1745.83244700057,2496.51787626286,2911.79457956773,3481.71201265986,3666.68371551188,3619.54631512017,3392.95431173189,2142.49883500552,2061.90488895584,2270.29801768402,2400.43488770264,2127.58620864114,3690.08061452592,4171.03424453696,4425.08368677927,3141.54026082748,3001.69358429537,3334.00158221318,3659.62565899847,2944.2739977964,2595.75973849661,1e+09,2909.95216525977,2825.21978401681,3387.98301747515,3123.46048276587,2256.97422497467,1950.56043900208,1933.06330118804,2403.34488059871,3087.58706529873,2588.31928590736,2313.78473324551,2448.51853035667,3207.53553560986,2897.52026232777,2553.52329372575,3144.386874909,3393.3476227908,2429.15311415316,2412.87315474726,2457.97360921553,2414.57004228496
4994.60703023772,5001.62958191628,5159.14545887204,5985.72445000603,5966.98250116422,4126.98666878147,3242.53739653069,3130.0351807288,2248.94608265739,2866.72492705526,2812.86563360215,2849.49283647108,3120.8244073001,2675.12086551244,4135.63867892252,3681.97531074015,3514.45554457586,2830.03781487103,2141.06225684822,2806.25642869642,2457.75554187149,2045.38767635869,2780.29598221125,3124.54023347436,3824.94958100104,4410.80014787567,3206.66358396075,1955.66940046113,2696.00943160442,2722.29496772484,2856.95934969331,2787.01338498759,2909.95216525977,1e+09,2125.29952987808,3273.87241519886,2436.94920425109,2198.41564943939,2544.69632516338,2250.27151866169,2280.15964309519,3019.08302958034,2096.35074596309,2840.50654787135,2595.28054672322,3064.91557500366,3250.13545266963,2766.70890733015,2864.35148070205,2931.65118064889,2849.61608426469,3117.6956377748,3210.35116588513,2849.45857446638
4937.74618128555,4665.12712667083,5118.43880575904,5774.77897498251,5959.0491729218,3689.62947128841,2794.69770461852,3090.6731434592,2674.27114750917,3168.58757232619,2310.0258173882,3199.3853714112,3080.59275713295,2193.96010875312,3694.01253158405,3522.712989785,3491.03907137975,2888.00210995422,2316.75377504818,2653.6057603005,2123.5080004794,2862.2083610562,3160.43136416534,3058.21562181282,3754.1572880608,4065.17275099103,2466.60666540087,1798.07428923279,2274.33987394145,2683.95840742736,2307.1484576637,2699.23404798472,2825.21978401681,2125.29952987808,1e+09,2597.64029340092,3047.70186954039,2574.37678660293,2093.18370321384,1880.96785453659,1652.60703662425,2292.56156545468,2109.54353550715,2281.59237419834,2315.51167794507,2470.14352178168,2538.21566609301,2301.48661655896,2109.45783937485,2601.85301665947,2211.7714816409,2569.95175925541,2545.03156145459,2397.86535453932
4989.49595391158,4816.86506693929,4869.95168532502,5508.70035910468,5991.64857260504,4114.85103094875,3062.71298281442,3326.54962818834,3361.81495363739,3829.21917591563,2942.78760930856,3171.60678749747,3462.845403393,2319.88461965245,3055.06507384049,2660.27232686806,3299.58574502922,3790.17567848774,3171.39873524286,3051.56483588339,3312.26336842347,3185.38850541029,3573.45401166714,3098.00789085503,3642.44649830303,4257.58247324699,3226.6015773101,3397.1328077807,3137.5552333465,3481.49771039706,2870.15375643884,3037.9206040481,3387.98301747515,3273.87241519886,2597.64029340092,1e+09,3834.63350599506,2936.57146385032,2628.34821949071,2270.8160028721,1969.83973155178,3132.49145258211,2550.98792041436,2955.03555012457,2924.02038553085,2802.92203692861,3147.19121724435,2456.55498462786,3005.47720031279,3405.98013329497,2686.35921468072,2150.9234055168,2650.920084631,2537.36508689625
5290.83030141773,4980.34310203624,5285.02271027287,5839.68090865417,6065.39449774704,3867.94969127056,3751.49684286153,4100.58925357076,2952.88514676748,3598.08406620801,3206.18880626204,2785.08360240765,3305.35396127253,3045.42716350268,4213.96540444983,4031.63663603257,3015.1241196508,3196.80928694534,2630.84271506299,3292.31031737593,3172.13935042268,2723.21475394432,2573.12191739917,3121.15367598265,3912.14134549098,3880.37090825091,3309.09159791626,3040.48004048703,3387.73990622067,3484.46674763873,2964.33332712433,3255.44260554537,3123.46048276587,2436.94920425109,3047.70186954039,3834.63350599506,1e+09,1479.53838138792,2553.42668823681,2837.89621388803,3109.91087841758,3509.1180712538,2652.78300492144,3528.78231861927,3189.36691299386,2993.19801800683,3193.54750708362,3234.26800067651,3229.71302061035,3002.19059163471,2875.39900803349,3037.73708176004,3252.19739942089,2785.38369972613
4734.94466529441,4891.16141107611,5107.19686373063,5726.37357310017,6063.5371538649,3926.27371743235,3318.96948078767,3271.60044374309,2615.14295896037,3343.27253222049,2544.98261141407,2148.79388313537,2768.61093917148,2137.43922486699,3663.24880652407,3072.19345715728,2644.63511727043,2989.788415206,2219.48865363173,2370.05683317932,2626.36221646977,1826.41507431909,1756.61694987837,2707.12234065991,3549.19493720759,3925.99218139823,2854.8868446928,2562.69507854524,2702.23826884307,3085.63645749139,2506.07380068904,2833.8680896612,2256.97422497467,2198.41564943939,2574.37678660293,2936.57146385032,1479.53838138792,1e+09,1914.369800117,1896.54201066045,2176.43903197402,2996.9022913335,2092.97442874967,2665.70918248784,2525.79758221042,2557.41143846664,2642.46186057623,2259.30939532416,2749.98693758716,2634.27621609808,2327.31766980788,2344.71230616893,2634.73079023266,2329.16304012836
4601.3434211543,4749.02682957256,4948.58115613961,5474.15686144451,5788.55492394259,3893.94399710628,3401.11142102108,2934.17068206674,2835.56892693512,3439.58204913039,2262.83656382868,2468.32275012811,2514.85585207184,2551.08282405727,2862.57540590637,2816.12028489552,2976.95689345681,2805.42339565706,2084.77539754286,2551.73367738485,2027.49100034994,2432.63666898697,2408.00358957374,2994.76067182338,3757.10749437649,3654.29617064627,2691.01787660357,2758.31386053147,2947.13925480287,3048.88457269212,2307.67510843706,2280.5174324701,1950.56043900208,2544.69632516338,2093.18370321384,2628.34821949071,2553.42668823681,1914.369800117,1e+09,2011.07644598608,1992.23266138772,2428.32104446673,2022.40963274011,1869.50600860227,1985.77320822394,1931.18530793914,2143.59703055402,2039.39730464665,2459.21439128434,2872.66988655153,1497.01005133566,1981.41429708681,2499.57821089879,1853.75573274906
4409.99389840848,4962.57758256735,5273.54003611426,5975.92147380636,6126.71203379921,4246.96741955952,2835.36688327983,3370.98199735626,2999.46804863796,3553.81163539938,2269.32473105988,1948.34404795457,2580.44071249467,1761.9477965025,3194.51586418036,3311.92473145149,3331.26672575163,3187.2037038288,2019.54380937874,2227.79963769186,2021.62360524901,2176.34536852495,2407.36635242748,3020.64688831714,3689.80721692882,4245.7544212778,3115.57660913674,2478.28038647769,2803.78214563828,3176.94175895625,2452.07416933094,2664.47347860698,1933.06330118804,2250.27151866169,1880.96785453659,2270.8160028721,2837.89621388803,1896.54201066045,2011.07644598608,1e+09,1485.88737880769,2546.24772710748,1912.17410232437,2147.53424131025,2226.97072807435,2743.34562846172,2508.26082886131,2035.65279102307,2427.55924160462,2608.77358594034,2104.91146236605,1892.5014235926,2073.89708577837,1938.40075889894
4476.51073298166,4369.87674957773,4573.2331270776,5336.69104636946,5584.19681259534,3657.54019817965,3005.17555788343,3028.36274296855,2393.99686096285,3069.06299521531,2065.36368305923,2553.16359751975,2636.65354242836,1547.32176379058,3326.36976753938,2950.21821964071,3320.82104480202,2884.44993265614,2259.48122760513,2302.43543110334,2114.94671530987,2215.84719504753,2730.06226952793,2829.54306971992,3463.00386687627,4064.92189527671,2448.70175184729,2119.20473572045,2287.76979823146,2778.55168717445,2204.63488745869,2287.95074936066,2403.34488059871,2280.15964309519,1652.60703662425,1969.83973155178,3109.91087841758,2176.43903197402,1992.23266138772,1485.88737880769,1e+09,2112.92087984856,1537.98749686075,1848.17289615988,1930.89830845646,2310.44852232202,2522.18149138796,1548.97338192107,2332.23424676854,2660.17465381505,1659.79301218556,1878.34901671654,2124.88417183149,1962.91657453902
4633.96642754347,5042.54977048318,5416.54191839222,5955.02858041,5987.91088865725,4083.89238606994,3724.71521743609,3576.49724950265,3042.10975554795,3947.50978910756,2734.19145127038,3413.44826136269,3338.5234611876,2468.82911052993,3789.53591270752,3577.32219907573,4224.36842946967,3366.52251846026,2679.95075428635,3252.50712800141,2070.51388850691,3279.36603856599,3355.8260849454,3861.76332841618,4345.2414057334,4368.4582213408,3078.94782862588,2602.33782599416,3048.732909948,3289.96600380612,2238.45313453286,2670.4996947388,3087.58706529873,3019.08302958034,2292.56156545468,3132.49145258211,3509.1180712538,2996.9022913335,2428.32104446673,2546.24772710748,2112.92087984856,1e+09,2073.82317862445,2033.60823729646,1748.88264148856,1980.60893969506,2167.0530034127,1539.08865319708,1130.66189893354,2806.59826891916,1826.88040232523,2761.78244173939,2744.22074148564,2028.37360052334
4057.35664875544,4350.13208702908,4681.39069537034,5158.8459336464,5377.89721505534,3464.49309166579,2999.02224143136,3235.08612307308,2440.44293209245,3140.99158141183,2614.26674128713,2363.36565220027,2710.03559133455,2053.40731468455,3230.61546661004,3127.35297355447,3277.1206549195,2503.09400201031,2002.47817096716,2442.25284217257,1983.83464741898,2221.17256968026,2724.46910116448,2792.03690729546,3304.77181722127,3827.73406853193,2488.55154164024,2278.15096023069,2551.17014089613,2603.70870816994,2224.61207753172,2400.09251859173,2588.31928590736,2096.35074596309,2109.54353550715,2550.98792041436,2652.78300492144,2092.97442874967,2022.40963274011,1912.17410232437,1537.98749686075,2073.82317862445,1e+09,2155.46348050715,1675.6006198674,2440.81926483712,2547.40671456287,1918.9375559929,2079.65944079794,2197.56521047727,1887.05992443271,1994.26538015882,2002.07564762174,1865.97744731816
4571.28652941379,4831.91415178291,5041.47480869438,5676.24828952187,5774.44545854405,4086.71660199236,3664.07337494761,3134.31513694778,2829.91139935511,3364.95165791427,2466.22524818801,2866.99488702021,2584.46719288522,2453.71863810829,3393.54277681894,2904.22601124637,3874.95010794978,3142.19040073959,2091.94220914441,2816.91556343104,1650.74620305485,2444.2084451822,2714.38868071616,3463.23840116444,3933.21837724528,4276.20681073776,3024.52721098687,2526.14803608181,2721.74588167228,2932.78368684088,2418.13312654618,2312.28238707992,2313.78473324551,2840.50654787135,2281.59237419834,2955.03555012457,3528.78231861927,2665.70918248784,1869.50600860227,2147.53424131025,1848.17289615988,2033.60823729646,2155.46348050715,1e+09,1399.08763746236,2040.32922750227,2308.03366808199,1548.2584743511,2437.34583247844,2974.22347097524,1716.14556905876,2217.23464101119,2678.58213486165,2223.7018980295
