1e+09,5988.87008661901,6383.32404468863,6477.92738749054,6651.61759026329,5820.67122753038,3841.64313049768,4957.76995009853,4711.96645172692,5538.84496318501,4515.55610610698,4471.54136075023,4648.68577741064,4267.31793446422,5057.17835348923,4454.0577110765,5276.34657647695,4603.0509612104,4151.68238387765,4744.91636484775,3869.91019526293,4574.57449976498,3995.6409837847,4843.19473526514,5412.11222528691,5422.67919048324,4609.79920810007,4970.01454652801,5031.83255528242,4704.93935128818,4626.5756278267,5100.62358815077,4576.78362170422,4867.54780703795,5059.85143410358,4908.13561162485,5235.56332047469,4704.42980743682,4585.24174701836,4556.55609462893,4535.52292479048,4010.89261231213,3862.8499824223,4366.11416962498,4287.91248099818,4494.91408977969,4135.8749742225,4125.20901661964,3956.7989107358,4750.53235516821,4390.81428843216,4523.03914213662,4431.88893954937,4857.30299848589
5988.87008661901,1e+09,1637.69918254239,2097.5038925828,2329.63062722398,3490.36582369241,5111.30461349155,4534.50021926342,3828.11969282571,2961.25829572498,4173.01582973274,4967.72265754641,4693.90154791299,4874.18505186252,4034.14671022262,4747.94596131843,3850.25229338286,3431.52273212637,4752.72543116053,4618.06951669201,4556.93646547766,5092.30051728097,4769.81567867145,2937.17326964209,2428.31347393618,3008.12782120375,3846.26400022151,5184.58096149535,4413.39265375289,3261.69047294497,3992.71054523115,4893.77258842297,5336.25088882635,4805.03634202698,4855.22885396765,4801.53770789109,5020.27514571662,4880.78669389475,4711.21360740521,5123.63366577861,4580.15683645222,4696.66412517438,4260.71624902434,4796.4916933734,4887.84135052479,4498.68975223898,4694.4536588404,4791.72398480964,4713.11095436974,4678.1991951284,4841.09191285396,3992.22044585466,4138.56148398209,4394.43428676548
6383.32404468863,1637.69918254239,1e+09,2059.51461123732,2572.04472647736,4032.9979215343,5560.87404608304,4336.38024956299,3733.01607747676,3014.19496587397,4272.03532435068,5047.27532383563,4670.47685100783,5159.74322701237,3932.16979588878,4497.27569024849,3817.43922055087,3664.64067998487,4934.07606346923,4935.99593598901,4879.80846953034,5005.71286633582,4833.14524722773,3178.63878510912,2871.76717242189,3272.0761118287,4220.73446074259,5342.80079050305,4472.10224559994,3534.20430965727,3885.57097916124,4681.02934896803,5444.23487371734,4848.95027890574,4973.08485285542,4707.23834896853,5111.12712410873,5005.67488428883,4770.82409284811,5277.02803130702,4548.36127294216,4735.2036406896,4399.79209447447,4800.65242208806,4769.8550989312,4450.43947009731,4942.52907419876,4704.75579794531,4890.31946356268,4908.29455668667,4871.78469608418,4076.24501378413,4452.83842120956,4377.27427520826
6477.92738749054,2097.5038925828,2059.51461123732,1e+09,1970.3204308183,4233.09920887758,5963.74101116908,4960.31189770361,4619.90517939492,3776.8546663593,5069.98130503457,5547.56634088318,5598.80292727829,5915.30378418556,4537.83690398851,5253.53383377323,4521.44966917691,4362.82904802606,5588.99741320391,5472.53480496927,5550.81759529171,5761.61618465687,5524.28295814941,3838.35491288912,3279.81322564258,3703.34024538659,4653.40787610543,6184.71674018301,5323.39417003851,4325.91794747658,4801.76675197786,5663.2492951485,6031.50935143932,5765.06451681159,5844.21820330145,5469.41972612269,5789.16855371305,5697.60645893519,5457.28825698258,6069.37749174493,5431.925640811,5528.15632598247,4988.72488741362,5578.85865610521,5500.46968619044,5314.79028654001,5663.62784338802,5484.12738150747,5551.93004071557,5727.90377420047,5630.92980434848,4619.73473044719,4825.29555684416,5035.76782051159
6651.61759026329,2329.63062722398,2572.04472647736,1970.3204308183,1e+09,4131.06245039941,6105.73939869693,5491.71749925285,4740.41991738074,3876.34158950163,5088.70388359354,5733.65854586755,5584.76280962764,5982.81097044692,4644.29097102023,5684.60055545682,5058.21369196676,4424.26389888759,5576.24359562062,5820.3980617566,5341.71677527927,6013.28922497496,5755.09448911137,4343.54471313465,3665.05587774593,3841.83110623047,5036.50834871739,6217.17476328276,5735.08768812649,4425.13796623337,5009.84114206229,5733.13413475561,6167.15462462228,5823.54183840899,6017.01972797996,5918.98684874363,6001.37597742384,5983.18415267322,5687.88974009694,6165.39549127224,5633.07624619089,5450.81347969273,5205.20825723621,5604.71470816312,5609.76457461452,5441.14754039991,5675.84065020328,5685.11338128801,5664.93482097544,6076.96956781915,5723.90633536224,4940.56767242389,5184.63354627885,5004.76632984998
5820.67122753038,3490.36582369241,4032.9979215343,4233.09920887758,4131.06245039941,1e+09,3638.98951151278,4442.29525197279,3168.30353107148,3166.12578837291,3714.03194356214,4316.52538376644,4185.88609079368,3608.61876096658,4419.86859062574,4315.16730011711,3732.96360246119,3115.8708209905,3688.15865575222,4211.65068587128,3705.97369388937,4600.88716109187,4258.47615150068,3677.88840650447,3241.89753204817,3306.6123373477,2517.47474315037,3708.92134827634,3749.50563210672,3278.74182251363,3509.70636404244,3927.09832273143,4588.68146474562,3858.10345260466,3707.71539368922,4268.31828781547,4044.83552860929,4029.49356484162,3844.51474441184,4336.82406413956,3862.93396812578,3720.44546379866,3466.71062468444,4201.57218345705,3886.70490517353,3411.20280811622,3661.41265169606,4077.43055509226,3564.99377836764,4041.45484424854,3940.03458011475,3694.28786841253,3786.41262256242,3620.41077248149
3841.64313049768,5111.30461349155,5560.87404608304,5963.74101116908,6105.73939869693,3638.98951151278,1e+09,3827.26021501021,3057.80998328869,3823.46711620487,2925.17866837224,3211.40981853765,3603.70149898684,2266.6023625462,4247.25819421189,3390.00705463868,3822.37500585696,3499.22003137842,2536.45831152416,3110.841154045,2621.24145188878,3466.5945154575,3221.54133873834,3531.99897463179,4196.18548605755,4358.29504639142,2646.85458854468,2679.28317555275,2993.19815055736,3241.13442791255,2961.28854029796,3313.31585097165,3418.63924771246,2775.66524658504,2618.53524007221,2779.567703115,3500.54373744994,3080.10438199747,3164.17661152155,2702.71505312713,2740.09593313811,2491.50617157574,2402.95773117215,3190.75343176185,2950.59616664158,2596.522946365,2500.00944512216,2827.22839464731,1908.89274614893,3086.27468259065,2890.26175347493,3109.33107921945,3093.84892472144,3104.45416519555
4957.76995009853,4534.50021926342,4336.38024956299,4960.31189770361,5491.71749925285,4442.29525197279,3827.26021501021,1e+09,2545.36939572629,2787.62091628327,2599.25380682611,3561.79639039067,3921.26771182484,3475.97959641595,3609.01793510368,2014.96105552936,3152.47452938164,3156.47772414126,3471.79499960755,3012.26679809409,3103.94169705231,2901.33427374372,2752.80401445508,2896.65640844751,3439.01016183436,4190.1195468626,3048.52918026054,3505.17579022793,2867.85467663548,2930.19646508558,2925.76149128735,3561.4751158614,3300.47087925344,3007.94942701835,3285.76067797093,3157.41634847228,4062.99916253991,3151.16581505956,2887.29401341464,3370.96553984166,2948.42262611723,3175.84288717184,3171.24151587355,2883.96627932783,3108.64913430255,2742.07199588195,3142.0907119146,2597.66518217803,2908.13472956464,3576.10080252221,3435.16561100044,3257.34402849929,3608.69706256981,3487.11423962565
4711.96645172692,3828.11969282571,3733.01607747676,4619.90517939492,4740.41991738074,3168.30353107148,3057.80998328869,2545.36939572629,1e+09,1742.53152367468,2320.70671783403,3154.78667866783,2886.64679590351,2504.61525440536,3869.41497890831,2560.21870065821,2663.83845210253,2286.30995787973,2276.32397268052,3087.28852587509,2441.13958859382,2676.16826318899,2268.86823599344,2305.55276198572,3051.81393379413,3132.63591812071,2234.95112461101,2397.16913514671,2050.95314914798,1861.47961119643,1865.69260603134,2641.69787795652,3311.75805890165,1953.89014353418,2644.15013802167,3159.08095491394,2762.22634939644,2424.70431997388,2627.57411499657,2971.70316894201,2367.71473739976,2180.94200117747,2257.31514058184,2495.73192041934,2169.00514072697,1676.23329095326,2152.80439863913,2140.98942127232,2103.98824488161,2839.648807881,2642.93246620113,2755.39590779619,3316.68753730284,2618.34017066156
5538.84496318501,2961.25829572498,3014.19496587397,3776.8546663593,3876.34158950163,3166.12578837291,3823.46711620487,2787.62091628327,1742.53152367468,1e+09,2983.91003828869,3660.54617879627,3584.16964320887,3493.70421824745,3760.19849348409,3356.38692316604,2954.03452026208,2618.54322020852,3120.61037792288,3177.54828054587,3001.41171737568,3346.74049691637,3163.0575827038,2067.29163900501,2258.93449495553,3005.67177517772,2723.90083813637,3130.93362269148,2569.39095884608,1862.60629020198,2699.94882684839,3363.29530217018,3765.59550919904,2699.89079627306,3218.39801637399,3688.51702375087,3455.5799976415,3235.209926589,3342.63495162125,3592.36896817407,3065.29450828138,3208.73422896007,2953.88734170753,3057.77160275257,3085.21706320641,2746.69992614774,2984.47753518099,3178.73909130649,3106.80138438234,3184.89603784802,3470.33447740992,3060.4901467412,3532.5192161827,3027.5252575825
4515.55610610698,4173.01582973274,4272.03532435068,5069.98130503457,5088.70388359354,3714.03194356214,2925.17866837224,2599.25380682611,2320.70671783403,2983.91003828869,1e+09,2652.9140969319,2886.24333878833,2616.07204044537,3140.23174641618,2694.59651398869,3011.34603293942,2274.12833980407,2512.24723417103,2990.69574189686,2118.87031443645,2471.36959091513,2287.33751031631,2859.48963031867,3622.81551966147,3760.97227941127,2787.61342212295,2985.66267617425,2958.62060916908,2736.9432560614,1813.12288182572,2635.08066491332,2622.73956520658,2437.2650589544,2483.97025755141,2909.38971203584,3143.21388697938,2511.53042213309,2325.45233075202,2423.87560227418,2236.76789401583,1951.0119193639,2432.81910299554,2318.57028166066,2663.66132939231,2099.36284365043,2597.92202754432,1976.453528672,1951.15097990904,3332.7353892711,2345.06224977078,2553.76643530688,2790.52317075132,2468.92975284839
4471.54136075023,4967.72265754641,5047.27532383563,5547.56634088318,5733.65854586755,4316.52538376644,3211.40981853765,3561.79639039067,3154.78667866783,3660.54617879627,2652.9140969319,1e+09,2757.46783763655,2901.06111392022,3394.64677091741,3577.0905515097,3486.0676529293,3235.23748034051,2083.37521620566,2451.39428026175,2528.84272747437,2117.86108661546,2079.27014594064,3402.54068507637,3872.3545817758,4353.73732514951,3434.73619017531,3433.47651004052,3417.27468004842,3634.51451437465,2539.50369440566,2619.62204516224,1774.71329335191,2325.98336690098,3192.35064147095,3072.80877075031,2610.11542262023,1997.87269659506,2335.0102053096,2045.92854362023,2624.36259175442,2461.56732079381,1902.30964771774,2596.92224044156,2372.28665257806,2592.48088255246,2786.96222466326,2305.16258934159,2141.00519016185,2707.344440702,2299.35665319672,1860.99102351408,2004.50720687155,2001.25427140081
4648.68577741064,4693.90154791299,4670.47685100783,5598.80292727829,5584.76280962764,4185.88609079368,3603.70149898684,3921.26771182484,2886.64679590351,3584.16964320887,2886.24333878833,2757.46783763655,1e+09,3055.83251656566,3422.84609316574,3432.37036904528,3178.85912484338,2957.60380355449,1881.67050189453,3088.2479874356,2515.5885234871,2728.68307756691,2535.16347106059,3333.89067604203,4068.89969760868,3730.7430700331,2939.39853277843,3204.51724058399,3092.6295814242,2901.37849213094,2031.87121621918,2079.70745296063,2409.25533706994,2718.64984341493,2918.99506524078,3435.59676030235,3131.47725937775,2680.47657557383,2451.68563517022,2481.42972989364,2517.30978856397,2193.71943716602,2320.37022761455,2242.29515494727,1901.55409820494,2515.99702941001,2306.04904113074,2404.46128188832,2493.44844372207,2840.09071710747,2158.50843408128,2417.84656072299,2698.62878492022,2151.88947118573
4267.31793446422,4874.18505186252,5159.74322701237,5915.30378418556,5982.81097044692,3608.61876096658,2266.6023625462,3475.97959641595,2504.61525440536,3493.70421824745,2616.07204044537,2901.06111392022,3055.83251656566,1e+09,4007.38390471889,3148.74025391108,3541.95572907116,2945.21541305555,2398.94782169184,2830.88086439539,2285.8728895107,2717.29588677788,2769.34546669425,3256.86410973808,3678.46887507561,4242.77375233467,2647.35024109014,2224.8118736873,2607.83023343162,3002.02540710434,2503.48395573049,2966.6074987433,3014.06770519509,2151.08218271641,2238.27393336919,2449.84873575901,3226.16125060419,2284.9310380622,2487.96041222524,1980.49555775821,1738.70021858284,1786.5572927561,1890.0364509448,2493.75037527817,2406.76244126835,2008.28173275066,1890.84639725177,1970.3103028711,1371.15553749383,2384.8137424755,2184.29321275785,2537.65536747999,2701.88564733965,2568.13451962704
5057.17835348923,4034.14671022262,3932.16979588878,4537.83690398851,4644.29097102023,4419.86859062574,4247.25819421189,3609.01793510368,3869.41497890831,3760.19849348409,3140.23174641618,3394.64677091741,3422.84609316574,4007.38390471889,1e+09,3434.98163089703,3174.3202169756,3007.55277717615,3796.06069996253,3895.28860671453,3294.31616758319,3663.01963796265,3779.7422791111,3059.06473973664,3084.63714269604,3448.77962660707,3992.46046430018,4540.35425178477,4399.42785896075,3613.78968061231,3061.62868424634,3682.21509331,3422.68550592952,3861.94719184507,3598.79918208838,3222.90343384657,4256.40370337448,3819.73114814381,3135.55606991806,3192.34452559557,3251.52962174728,3569.76679864386,3244.33021280202,3475.67768623617,3617.07678498812,3629.55378840154,3556.8787821347,3682.51307348664,3592.95259169948,3805.99970810561,3449.92053278043,2755.67477567655,3071.0417091111,2686.34603424429
4454.0577110765,4747.94596131843,4497.27569024849,5253.53383377323,5684.60055545682,4315.16730011711,3390.00705463868,2014.96105552936,2560.21870065821,3356.38692316604,2694.59651398869,3577.0905515097,3432.37036904528,3148.74025391108,3434.98163089703,1e+09,2810.76078055391,2853.4078670425,3136.10017199706,3490.48740771257,3165.22576736637,2763.9928594517,2815.4206284852,2897.37889657187,3663.73277907928,4001.59807430731,3147.68025885731,3638.76052799576,3046.03100230447,2647.39551130918,2559.41955482098,3084.23458488488,3647.73202728764,3042.73326783667,3445.62119455984,2629.54140539753,3930.28937607652,3038.98533867803,2862.25676329011,3341.18365725382,2962.93066937112,3004.7140812896,2791.67788071977,2810.28418812048,2862.89795509725,2506.93287574678,3029.87412279784,2357.7943194859,2741.00911180536,3549.96909083727,3273.31232767361,3163.89316388844,3647.76588290696,3480.35820867623
5276.34657647695,3850.25229338286,3817.43922055087,4521.44966917691,5058.21369196676,3732.96360246119,3822.37500585696,3152.47452938164,2663.83845210253,2954.03452026208,3011.34603293942,3486.0676529293,3178.85912484338,3541.95572907116,3174.3202169756,2810.76078055391,1e+09,2282.50627915894,3268.51552272588,3403.10205543413,3652.05133760466,3343.92655876292,2839.7487183552,1751.73499462676,2679.76133500728,2220.42516392695,2804.2648337666,3977.3520771991,3356.28886389417,2436.0372122363,2259.90413944928,3251.38528133779,3589.75270151023,3228.22727017476,3540.18765631146,3252.85620376924,2928.99152812022,2658.88375507467,3019.04527258205,3460.56646094249,3357.16621685612,3627.84890308293,3064.31189388417,3717.27797111004,3453.07451078021,3206.17380517651,2937.56175654232,3269.84384717375,3146.9933092239,3252.03726891313,3644.78837081112,2957.08109804246,3328.73448391427,3094.29392039606
4603.0509612104,3431.52273212637,3664.64067998487,4362.82904802606,4424.26389888759,3115.8708209905,3499.22003137842,3156.47772414126,2286.30995787973,2618.54322020852,2274.12833980407,3235.23748034051,2957.60380355449,2945.21541305555,3007.55277717615,2853.4078670425,2282.50627915894,1e+09,2687.0766727989,3284.96211973593,2502.9981229118,3086.22925745966,2662.73782216725,2268.76139062705,2687.30399411752,2375.29774697826,2662.12911183887,3297.79086510955,3154.29508884315,1895.67332333395,2081.91055213715,2846.20934667498,3248.42822057068,2830.30272831371,3070.34867516704,3432.52837153606,3089.33321660193,2751.22192343693,2350.03876608451,3293.82411959109,2954.64291179154,2812.99820430088,2466.52153276634,2751.8875909637,2941.13613057947,2541.26478093095,2447.03418682698,2872.86758565375,2620.93109732019,3151.54433730513,2974.06949189154,2800.62910986085,3220.55738178968,2930.2259999529
4151.68238387765,4752.72543116053,4934.07606346923,5588.99741320391,5576.24359562062,3688.15865575222,2536.45831152416,3471.79499960755,2276.32397268052,3120.61037792288,2512.24723417103,2083.37521620566,1881.67050189453,2398.94782169184,3796.06069996253,3136.10017199706,3268.51552272588,2687.0766727989,1e+09,2628.28068687498,1801.75696590855,2364.88142922642,1904.75028848928,3193.01530295425,3845.39560855577,3717.23046007374,2625.82678880386,2605.10235547473,2695.35339490019,2555.05710771795,1926.46867132585,1910.12605290855,2165.88441277461,1874.19465296431,2630.46046102199,3091.8831580608,2638.14962128762,2139.36730027829,1969.06116466706,2276.31598432643,2475.84123212697,1754.42611639818,1795.11977497325,1809.49747681504,1508.8819998595,1716.03550368283,1692.9256437304,1894.67477705278,1475.5117151009,2663.1140334766,1958.17853866801,2123.90377034837,2483.03175446872,2191.63006424442
4744.91636484775,4618.06951669201,4935.99593598901,5472.53480496927,5820.3980617566,4211.65068587128,3110.841154045,3012.26679809409,3087.28852587509,3177.54828054587,2990.69574189686,2451.39428026175,3088.2479874356,2830.88086439539,3895.28860671453,3490.48740771257,3403.10205543413,3284.96211973593,2628.28068687498,1e+09,2717.60531678167,2730.33519691264,2484.10056541598,3048.18244816481,3539.59879674237,4366.2890075097,2567.35757057719,2840.37938650808,2382.4029809837,2900.91262562318,2918.44039301816,3089.24623240039,2154.10600804603,2403.84501547001,3018.78439365914,3087.33370980527,3344.70680836153,2396.71966030656,2683.37007779397,2550.20318733626,2603.20407265739,2750.645075196,2252.19575612334,2777.69262341966,2825.40216325039,2877.19200615809,2573.11286557741,2619.14859612814,2285.48256138611,2336.49178228814,2890.8477540853,2705.25993895226,2471.4367644955,2832.53141774279
3869.91019526293,4556.93646547766,4879.80846953034,5550.81759529171,5341.71677527927,3705.97369388937,2621.24145188878,3103.94169705231,2441.13958859382,3001.41171737568,2118.87031443645,2528.84272747437,2515.5885234871,2285.8728895107,3294.31616758319,3165.22576736637,3652.05133760466,2502.9981229118,1801.75696590855,2717.60531678167,1e+09,2577.47775003006,2286.37842762304,3235.56343753294,3657.13216169446,3908.23330753168,2738.49129923759,2285.49079615298,2893.74367427386,2708.164694641,2477.4499539244,2650.454174967,2171.15675184912,2039.57053224447,2252.92422091823,3334.25469931438,3220.00828907318,2633.19963327887,2110.77915263535,2032.61524266153,2165.6517360139,1637.04434005313,1984.25701815566,1666.25117854422,1952.66402857737,1948.37496024251,1628.64294570664,2231.75135084534,1773.05537894337,2585.11327726659,2002.81456013781,2568.98111520891,2829.86243769905,2266.3934267245
4574.57449976498,5092.30051728097,5005.71286633582,5761.61618465687,6013.28922497496,4600.88716109187,3466.5945154575,2901.33427374372,2676.16826318899,3346.74049691637,2471.36959091513,2117.86108661546,2728.68307756691,2717.29588677788,3663.01963796265,2763.9928594517,3343.92655876292,3086.22925745966,2364.88142922642,2730.33519691264,2577.47775003006,1e+09,1850.46514563231,3105.4358942667,3889.4276739901,4636.48437920371,3423.51347932208,3014.60687705711,2971.96969804539,3203.66028286396,2492.33470186089,2662.32694169969,2202.88198131448,1905.8310158301,2985.89478392994,3004.2985050424,2492.91055403117,1521.87345492324,2339.60661597201,2169.55174093636,2215.87466500251,2432.62673540352,2022.36712601842,2003.22607957764,2348.53341517637,2132.58895730049,2827.82591244581,1805.5306258549,2276.82824501542,2607.19426828919,2067.49036394369,2394.87986149619,2673.64613140932,2563.81998217504
3995.6409837847,4769.81567867145,4833.14524722773,5524.28295814941,5755.09448911137,4258.47615150068,3221.54133873834,2752.80401445508,2268.86823599344,3163.0575827038,2287.33751031631,2079.27014594064,2535.16347106059,2769.34546669425,3779.7422791111,2815.4206284852,2839.7487183552,2662.73782216725,1904.75028848928,2484.10056541598,2286.37842762304,1850.46514563231,1e+09,2887.51619157365,3683.70269221065,3878.1038771544,2862.97844834711,2939.85133586717,2728.959412615,2770.48555354472,2064.62889781675,2769.73737464403,2067.2084438682,2146.46835897947,3086.80175011289,3497.16439261868,2395.08001974882,1658.44107408132,2319.34396675008,2491.08207568518,2711.4195440765,2370.7188807617,2276.59173551166,2419.22046872541,2273.06962132707,2329.34560647406,2322.0880877133,1976.58453097762,1977.98465577972,2724.44243506814,2627.84687955748,2626.75294639599,2751.57714447551,2737.68026982699
4843.19473526514,2937.17326964209,3178.63878510912,3838.35491288912,4343.54471313465,3677.88840650447,3531.99897463179,2896.65640844751,2305.55276198572,2067.29163900501,2859.48963031867,3402.54068507637,3333.89067604203,3256.86410973808,3059.06473973664,2897.37889657187,1751.73499462676,2268.76139062705,3193.01530295425,3048.18244816481,3235.56343753294,3105.4358942667,2887.51619157365,1e+09,1836.06916133353,2441.17545096619,2767.28360214489,3709.13137041545,2901.97361175115,1861.45527305923,2375.13671385459,3568.51575208797,3677.53068297193,2952.86130353256,3328.97952764808,3068.00934754117,3100.16814153684,2710.0630693399,3102.60692094567,3220.23285974788,2997.17916504836,3390.42912926963,2691.10035762325,3348.21491226295,3368.18903391719,3001.05416378978,2881.03307049746,3140.02835367772,3010.79307317856,2867.07643225638,3403.26760020425,2612.49070463418,2986.70186456566,2964.21087863195
5412.11222528691,2428.31347393618,2871.76717242189,3279.81322564258,3665.05587774593,3241.89753204817,4196.18548605755,3439.01016183436,3051.81393379413,2258.93449495553,3622.81551966147,3872.3545817758,4068.89969760868,3678.46887507561,3084.63714269604,3663.73277907928,2679.76133500728,2687.30399411752,3845.39560855577,3539.59879674237,3657.13216169446,3889.4276739901,3683.70269221065,1836.06916133353,1e+09,2576.42741236775,3235.62966281681,4219.77214557848,3617.30065243408,2531.46745568652,3199.86664070552,4169.18038202954,4191.28287420451,3693.86848757505,3894.78463752491,3624.31461551008,4012.44045737753,3590.62491744822,3692.4383932166,3844.40547237151,3573.86955469838,3972.4934331475,3270.94624382609,3863.0268829119,3911.05488718837,3661.08104818782,3500.51577892459,3813.66355523137,3619.67936523389,3367.84894239632,4081.92139208976,2933.10493075171,3156.93973794243,3384.3223420354
5422.67919048324,3008.12782120375,3272.0761118287,3703.34024538659,3841.83110623047,3306.6123373477,4358.29504639142,4190.1195468626,3132.63591812071,3005.67177517772,3760.97227941127,4353.73732514951,3730.7430700331,4242.77375233467,3448.77962660707,4001.59807430731,2220.42516392695,2375.29774697826,3717.23046007374,4366.2890075097,3908.23330753168,4636.48437920371,3878.1038771544,2441.17545096619,2576.42741236775,1e+09,3250.18409126314,4597.19908265892,4170.46717782313,2627.6778904196,2997.83703498039,3960.42284723488,4489.0724842221,4126.86516732738,4157.27357352147,4270.49987214612,3949.9924247016,4012.72822144735,3705.45957110586,4421.27732891752,4195.61526944499,4115.76971678446,3767.83048734945,4291.97828548794,4009.06251225894,3859.23463463936,3341.45010214129,4230.21946363306,3867.15408628878,4163.89669840643,4303.17874555543,3525.08479915023,3959.75776190918,3600.83083845937
4609.79920810007,3846.26400022151,4220.73446074259,4653.40787610543,5036.50834871739,2517.47474315037,2646.85458854468,3048.52918026054,2234.95112461101,2723.90083813637,2787.61342212295,3434.73619017531,2939.39853277843,2647.35024109014,3992.46046430018,3147.68025885731,2804.2648337666,2662.12911183887,2625.82678880386,2567.35757057719,2738.49129923759,3423.51347932208,2862.97844834711,2767.28360214489,3235.62966281681,3250.18409126314,1e+09,2511.00747886182,2107.29948925159,2329.90615950514,2464.58733296266,3012.88042215419,3181.34789579826,2825.70995362228,2556.17613551962,3279.61852517942,3320.05653477467,2844.43673501451,2729.43051312907,3142.26656327881,2570.64594997055,2554.66483283033,2365.92048887954,3012.49919601649,2616.02516675586,2430.74846890829,2272.80838884407,2708.29064573949,2286.16394503981,2750.94330797638,2837.92424224115,2884.04111768539,2875.36935006618,2882.80943693821
4970.01454652801,5184.58096149535,5342.80079050305,6184.71674018301,6217.17476328276,3708.92134827634,2679.28317555275,3505.17579022793,2397.16913514671,3130.93362269148,2985.66267617425,3433.47651004052,3204.51724058399,2224.8118736873,4540.35425178477,3638.76052799576,3977.3520771991,3297.79086510955,2605.10235547473,2840.37938650808,2285.49079615298,3014.60687705711,2939.85133586717,3709.13137041545,4219.77214557848,4597.19908265892,2511.00747886182,1e+09,1899.68349950722,3048.52198164947,2851.40515400741,2948.90890820656,2989.61891785559,1995.57909898355,1748.74243280707,3521.48262818376,3168.87093050506,2831.58980143664,2960.73844790451,2589.38991378278,2081.7653452779,2147.53406142953,2496.95406609733,2554.63396241027,2342.99333797602,2215.95625137321,2225.29541200713,2679.34163997427,2133.73757643718,2360.94903443509,2569.06432539164,3478.25475872599,3614.09430087263,2951.12862132439
5031.83255528242,4413.39265375289,4472.10224559994,5323.39417003851,5735.08768812649,3749.50563210672,2993.19815055736,2867.85467663548,2050.95314914798,2569.39095884608,2958.62060916908,3417.27468004842,3092.6295814242,2607.83023343162,4399.42785896075,3046.03100230447,3356.28886389417,3154.29508884315,2695.35339490019,2382.4029809837,2893.74367427386,2971.96969804539,2728.959412615,2901.97361175115,3617.30065243408,4170.46717782313,2107.29948925159,1899.68349950722,1e+09,2337.81331326947,2336.66200127447,3079.52245158239,3295.68131525182,2410.63906580807,2319.23995106155,3154.01393368831,3407.89260715475,2794.69079096418,3033.77453789829,2911.27813447977,2312.65244005666,2539.80232622541,2500.08887408028,2648.19879438837,2391.02350417138,2397.4509404991,2619.51712340271,2496.96249627422,2315.36218704547,2387.46148963706,2963.20951400673,3117.14206100717,3258.90524401984,3144.14746999882
4704.93935128818,3261.69047294497,3534.20430965727,4325.91794747658,4425.13796623337,3278.74182251363,3241.13442791255,2930.19646508558,1861.47961119643,1862.60629020198,2736.9432560614,3634.51451437465,2901.37849213094,3002.02540710434,3613.78968061231,2647.39551130918,2436.0372122363,1895.67332333395,2555.05710771795,2900.91262562318,2708.164694641,3203.66028286396,2770.48555354472,1861.45527305923,2531.46745568652,2627.6778904196,2329.90615950514,3048.52198164947,2337.81331326947,1e+09,2147.60831929381,2968.66647006699,3579.29725150064,2744.60624587572,3163.98356033972,3301.74270175615,3493.90921066933,2993.96299566311,2995.15799645027,3419.00199140041,2996.95897065676,2862.41720718696,2606.61475699805,2699.90429310004,2825.49959352324,2598.28384704212,2399.46298573243,2778.45468750167,2614.41971850352,3053.89927309334,3308.93452884762,2972.8332746725,3330.6916354415,3169.73505261875
4626.5756278267,3992.71054523115,3885.57097916124,4801.76675197786,5009.84114206229,3509.70636404244,2961.28854029796,2925.76149128735,1865.69260603134,2699.94882684839,1813.12288182572,2539.50369440566,2031.87121621918,2503.48395573049,3061.62868424634,2559.41955482098,2259.90413944928,2081.91055213715,1926.46867132585,2918.44039301816,2477.4499539244,2492.33470186089,2064.62889781675,2375.13671385459,3199.86664070552,2997.83703498039,2464.58733296266,2851.40515400741,2336.66200127447,2147.60831929381,1e+09,2164.55722534656,2682.24122448001,2389.73202284273,2328.97538415502,2594.39371902185,2793.74792937731,2295.2156347716,2205.20516133987,2368.13307242224,2129.47724385587,1943.41120139306,2141.22105895211,2226.47759229686,1956.79231654767,1996.84008410789,2214.57259077231,1861.60826158459,1766.4693797516,2870.88282117191,2355.89404755392,2015.77434190933,2449.69548607577,2066.81276150018
5100.62358815077,4893.77258842297,4681.02934896803,5663.2492951485,5733.13413475561,3927.09832273143,3313.31585097165,3561.4751158614,2641.69787795652,3363.29530217018,2635.08066491332,2619.62204516224,2079.70745296063,2966.6074987433,3682.21509331,3084.23458488488,3251.38528133779,2846.20934667498,1910.12605290855,3089.24623240039,2650.454174967,2662.32694169969,2769.73737464403,3568.51575208797,4169.18038202954,3960.42284723488,3012.88042215419,2948.90890820656,3079.52245158239,2968.66647006699,2164.55722534656,1e+09,2543.94548280815,2170.83891797618,2781.97093895677,2845.25262279116,3070.36009309983,2706.30350820081,2276.86380457857,2768.33818062389,2431.63466509671,2137.77464249626,2164.51553884466,2133.35001577331,1917.65342596101,1871.81626339232,2403.10929584986,2080.40679690295,2228.99955213096,2969.12566364241,2130.71748223456,2493.42913448528,3062.62384035324,2399.09344767977
4576.78362170422,5336.25088882635,5444.23487371734,6031.50935143932,6167.15462462228,4588.68146474562,3418.63924771246,3300.47087925344,3311.75805890165,3765.59550919904,2622.73956520658,1774.71329335191,2409.25533706994,3014.06770519509,3422.68550592952,3647.73202728764,3589.75270151023,3248.42822057068,2165.88441277461,2154.10600804603,2171.15675184912,2202.88198131448,2067.2084438682,3677.53068297193,4191.28287420451,4489.0724842221,3181.34789579826,2989.61891785559,3295.68131525182,3579.29725150064,2682.24122448001,2543.94548280815,1e+09,2388.52046512062,2735.0152401952,3394.36064179987,2990.42670731118,2246.52238150436,2060.52130377242,1944.31645994164,2414.32595309747,2313.37871127924,2328.68344972003,2165.41330223586,2243.68259698202,2657.94479675557,2360.21120514669,2320.47348166274,2158.00340419101,2713.77960630557,2171.98271728851,2430.00021423867,2381.16549307267,2168.23191656243
4867.54780703795,4805.03634202698,4848.95027890574,5765.06451681159,5823.54183840899,3858.10345260466,2775.66524658504,3007.94942701835,1953.89014353418,2699.89079627306,2437.2650589544,2325.98336690098,2718.64984341493,2151.08218271641,3861.94719184507,3042.73326783667,3228.22727017476,2830.30272831371,1874.19465296431,2403.84501547001,2039.57053224447,1905.8310158301,2146.46835897947,2952.86130353256,3693.86848757505,4126.86516732738,2825.70995362228,1995.57909898355,2410.63906580807,2744.60624587572,2389.73202284273,2170.83891797618,2388.52046512062,1e+09,2248.01182995108,2821.11581554179,2104.30173708525,1609.76055166599,2039.36852736331,2030.44280862574,1984.51555300028,2036.19831963883,1829.59513710001,2164.06386744939,2147.84995833042,1373.85310419273,1926.70188124681,2083.05244336287,1781.34951320621,2081.52848952398,1877.50445104665,2539.49897466016,2989.80008547394,2266.53500420797
5059.85143410358,4855.22885396765,4973.08485285542,5844.21820330145,6017.01972797996,3707.71539368922,2618.53524007221,3285.76067797093,2644.15013802167,3218.39801637399,2483.97025755141,3192.35064147095,2918.99506524078,2238.27393336919,3598.79918208838,3445.62119455984,3540.18765631146,3070.34867516704,2630.46046102199,3018.78439365914,2252.92422091823,2985.89478392994,3086.80175011289,3328.97952764808,3894.78463752491,4157.27357352147,2556.17613551962,1748.74243280707,2319.23995106155,3163.98356033972,2328.97538415502,2781.97093895677,2735.0152401952,2248.01182995108,1e+09,2746.39481333256,3209.71584323286,2817.22163620472,2347.44029628018,1921.47633815772,1543.42001461041,2097.53773012549,2480.74196568285,2370.51699356912,2335.1476819893,2052.47151919339,2163.36504839105,2593.18719474704,2029.74394877778,2383.68386374955,2075.71232715422,2734.85168341905,2955.53142857592,2358.2656848837
4908.13561162485,4801.53770789109,4707.23834896853,5469.41972612269,5918.98684874363,4268.31828781547,2779.567703115,3157.41634847228,3159.08095491394,3688.51702375087,2909.38971203584,3072.80877075031,3435.59676030235,2449.84873575901,3222.90343384657,2629.54140539753,3252.85620376924,3432.52837153606,3091.8831580608,3087.33370980527,3334.25469931438,3004.2985050424,3497.16439261868,3068.00934754117,3624.31461551008,4270.49987214612,3279.61852517942,3521.48262818376,3154.01393368831,3301.74270175615,2594.39371902185,2845.25262279116,3394.36064179987,2821.11581554179,2746.39481333256,1e+09,3856.75988179197,2977.46579214607,2706.77043417058,2487.67664414007,2147.02081042546,2696.55261869669,2369.20146741471,2926.55711335009,2925.18052307888,2461.27641003606,2905.5481480953,2364.47061383727,2278.10989772223,3075.65559261761,2662.47747614886,2201.57776592152,2623.12262248641,2693.3237159688
5235.56332047469,5020.27514571662,5111.12712410873,5789.16855371305,6001.37597742384,4044.83552860929,3500.54373744994,4062.99916253991,2762.22634939644,3455.5799976415,3143.21388697938,2610.11542262023,3131.47725937775,3226.16125060419,4256.40370337448,3930.28937607652,2928.99152812022,3089.33321660193,2638.14962128762,3344.70680836153,3220.00828907318,2492.91055403117,2395.08001974882,3100.16814153684,4012.44045737753,3949.9924247016,3320.05653477467,3168.87093050506,3407.89260715475,3493.90921066933,2793.74792937731,3070.36009309983,2990.42670731118,2104.30173708525,3209.71584323286,3856.75988179197,1e+09,1570.99125484517,2790.23269823504,2919.23367331223,3131.84195048218,3231.14846164642,2629.78634109313,3499.90868125155,3180.0031210362,2691.04132309409,2960.34653574544,3219.11388818414,2868.35940818092,2740.38939532323,2765.56925818176,3081.84626365431,3343.50060382827,2790.21554626162
4704.42980743682,4880.78669389475,5005.67488428883,5697.60645893519,5983.18415267322,4029.49356484162,3080.10438199747,3151.16581505956,2424.70431997388,3235.209926589,2511.53042213309,1997.87269659506,2680.47657557383,2284.9310380622,3819.73114814381,3038.98533867803,2658.88375507467,2751.22192343693,2139.36730027829,2396.71966030656,2633.19963327887,1521.87345492324,1658.44107408132,2710.0630693399,3590.62491744822,4012.72822144735,2844.43673501451,2831.58980143664,2794.69079096418,2993.96299566311,2295.2156347716,2706.30350820081,2246.52238150436,1609.76055166599,2817.22163620472,2977.46579214607,1570.99125484517,1e+09,2043.73412916162,2076.33197634675,2355.43876498626,2527.95914045303,1920.38046548073,2640.90037731453,2545.17479509758,2116.04214854053,2313.5218403767,2145.04905330857,1988.75756001077,2218.9732283198,2179.66560545419,2331.84130154691,2542.00000436664,2387.76392434428
4585.24174701836,4711.21360740521,4770.82409284811,5457.28825698258,5687.88974009694,3844.51474441184,3164.17661152155,2887.29401341464,2627.57411499657,3342.63495162125,2325.45233075202,2335.0102053096,2451.68563517022,2487.96041222524,3135.55606991806,2862.25676329011,3019.04527258205,2350.03876608451,1969.06116466706,2683.37007779397,2110.77915263535,2339.60661597201,2319.34396675008,3102.60692094567,3692.4383932166,3705.45957110586,2729.43051312907,2960.73844790451,3033.77453789829,2995.15799645027,2205.20516133987,2276.86380457857,2060.52130377242,2039.36852736331,2347.44029628018,2706.77043417058,2790.23269823504,2043.73412916162,1e+09,2257.97131095592,2247.10522319272,2176.08135158132,2019.30780806196,2023.37202298539,2172.39183383201,1617.58802502368,1953.06726883638,2193.00156187815,1921.25677643567,2726.28816340093,1620.73929566109,2046.12779578891,2519.01431296053,2250.88808577859
4556.55609462893,5123.63366577861,5277.02803130702,6069.37749174493,6165.39549127224,4336.82406413956,2702.71505312713,3370.96553984166,2971.70316894201,3592.36896817407,2423.87560227418,2045.92854362023,2481.42972989364,1980.49555775821,3192.34452559557,3341.18365725382,3460.56646094249,3293.82411959109,2276.31598432643,2550.20318733626,2032.61524266153,2169.55174093636,2491.08207568518,3220.23285974788,3844.40547237151,4421.27732891752,3142.26656327881,2589.38991378278,2911.27813447977,3419.00199140041,2368.13307242224,2768.33818062389,1944.31645994164,2030.44280862574,1921.47633815772,2487.67664414007,2919.23367331223,2076.33197634675,2257.97131095592,1e+09,1520.37557932243,1959.32951588037,1990.66675835008,2196.02853335288,2169.8573564177,2296.06039628752,2084.61634774843,2114.03424302919,1759.81747755272,2067.8764242575,1825.44263010372,2044.70456868468,2196.93827086698,1702.61943240408
4535.52292479048,4580.15683645222,4548.36127294216,5431.925640811,5633.07624619089,3862.93396812578,2740.09593313811,2948.42262611723,2367.71473739976,3065.29450828138,2236.76789401583,2624.36259175442,2517.30978856397,1738.70021858284,3251.52962174728,2962.93066937112,3357.16621685612,2954.64291179154,2475.84123212697,2603.20407265739,2165.6517360139,2215.87466500251,2711.4195440765,2997.17916504836,3573.86955469838,4195.61526944499,2570.64594997055,2081.7653452779,2312.65244005666,2996.95897065676,2129.47724385587,2431.63466509671,2414.32595309747,1984.51555300028,1543.42001461041,2147.02081042546,3131.84195048218,2355.43876498626,2247.10522319272,1520.37557932243,1e+09,1434.15634189582,1630.47562520879,1894.39739714243,1854.16417320581,1750.51959749099,2086.10522507854,1667.78608535387,1651.61117134149,2107.29813064028,1470.69966342554,2074.55714560964,2371.39736210531,1795.99898769459
4010.89261231213,4696.66412517438,4735.2036406896,5528.15632598247,5450.81347969273,3720.44546379866,2491.50617157574,3175.84288717184,2180.94200117747,3208.73422896007,1951.0119193639,2461.56732079381,2193.71943716602,1786.5572927561,3569.76679864386,3004.7140812896,3627.84890308293,2812.99820430088,1754.42611639818,2750.645075196,1637.04434005313,2432.62673540352,2370.7188807617,3390.42912926963,3972.4934331475,4115.76971678446,2554.66483283033,2147.53406142953,2539.80232622541,2862.41720718696,1943.41120139306,2137.77464249626,2313.37871127924,2036.19831963883,2097.53773012549,2696.55261869669,3231.14846164642,2527.95914045303,2176.08135158132,1959.32951588037,1434.15634189582,1e+09,1658.71351408253,1634.58592894347,1432.50975759329,1539.05757189262,1823.50164620162,1335.60654779018,1145.34456557841,2804.26782347906,1476.27297157402,2279.49470435884,2565.30531590296,1896.39372789513
3862.8499824223,4260.71624902434,4399.79209447447,4988.72488741362,5205.20825723621,3466.71062468444,2402.95773117215,3171.24151587355,2257.31514058184,2953.88734170753,2432.81910299554,1902.30964771774,2320.37022761455,1890.0364509448,3244.33021280202,2791.67788071977,3064.31189388417,2466.52153276634,1795.11977497325,2252.19575612334,1984.25701815566,2022.36712601842,2276.59173551166,2691.10035762325,3270.94624382609,3767.83048734945,2365.92048887954,2496.95406609733,2500.08887408028,2606.61475699805,2141.22105895211,2164.51553884466,2328.68344972003,1829.59513710001,2480.74196568285,2369.20146741471,2629.78634109313,1920.38046548073,2019.30780806196,1990.66675835008,1630.47562520879,1658.71351408253,1e+09,1958.77448520752,1703.9553679014,1668.65356440455,1952.27577219511,1724.92423679998,1532.73658229325,1923.64681030588,1550.73232325892,1706.39299301187,2061.47041235134,1852.93339043798
4366.11416962498,4796.4916933734,4800.65242208806,5578.85865610521,5604.71470816312,4201.57218345705,3190.75343176185,2883.96627932783,2495.73192041934,3057.77160275257,2318.57028166066,2596.92224044156,2242.29515494727,2493.75037527817,3475.67768623617,2810.28418812048,3717.27797111004,2751.8875909637,1809.49747681504,2777.69262341966,1666.25117854422,2003.22607957764,2419.22046872541,3348.21491226295,3863.0268829119,4291.97828548794,3012.49919601649,2554.63396241027,2648.19879438837,2699.90429310004,2226.47759229686,2133.35001577331,2165.41330223586,2164.06386744939,2370.51699356912,2926.55711335009,3499.90868125155,2640.90037731453,2023.37202298539,2196.02853335288,1894.39739714243,1634.58592894347,1958.77448520752,1e+09,1424.09957843544,1747.39208190377,2120.38065837245,1545.99515542579,1877.47458816358,2743.68922637022,1758.58140627609,2229.74356092803,2689.00454017839,2375.79412287765
