1e+09,19223.473745416,20761.8478474774,24403.9742636912,27318.0761809942,28614.6402806116,6807.29633396402,13967.3767760092,7135.85678423411,6467.92504292528,9918.51011231022,4864.13788530917,5825.38488446043,4193.65907320803,3770.0238924044,7086.93090333185,8093.00995809964,8703.93140773754,6901.84805914329,5307.81284775566,4365.2808981439,6357.10837735208,4588.13567030226,5478.07979743815,10205.0158684051,13688.7954723818,13074.3825370072,3847.77525142777,3903.67952631873,5028.03793008764,7034.70060449626,5728.56428275881,11016.4228971704,10533.093983308,4617.66296548373,7408.40917397251,4367.85670225112,5977.17118075934,5547.10006622379,5853.36470101599,6463.48039438506,7232.03925350935,4818.26434161722,6783.79255666032,5213.39859483236,5258.75526340597,6698.11551039544,7665.66280921617,3799.47767462845,4578.2844596639,6119.32020101089,5676.05035366143,5996.23795859537,9573.71769005646
19223.473745416,1e+09,11154.6694068941,11701.2203389817,13134.8392011969,15927.2670376276,23800.0831151889,29693.1720231116,16771.8170425628,15761.9277770455,13428.7060616167,22183.5607646789,23197.7248916009,20140.2022039552,21850.807879797,18198.9799496318,12144.2085994683,12416.4387796783,22485.8651664952,22033.8006304972,20553.3319514039,22665.0440009478,21375.280583969,15403.8755495947,11321.2341381627,9029.15052836091,9596.00819534352,17885.7477361446,21439.418386843,16318.6563121753,15244.4912879177,21291.8258009359,28201.1912421656,27450.2452902174,20595.6710656803,24985.7511110933,19665.4419234682,23031.5103826692,23230.4891102792,23375.4307041945,24196.6856643281,23350.5087545561,21675.5897592107,22926.5213579579,22269.8017825777,21492.021169227,22842.1396154673,23428.1054893668,19596.3618854853,21595.6760568013,21581.4596492777,23248.9815316758,21230.1848989405,25648.8372953317
20761.8478474774,11154.6694068941,1e+09,4892.10373137161,8266.19394486967,9189.55597079641,23372.7482822795,32275.7581617566,17962.0572439768,16473.2509839649,12136.8934312121,22678.8784246157,23690.6762498351,21245.5935650219,23021.9296317511,20073.4110241732,13938.6758190619,13203.764881495,24391.3162902599,22702.2635326656,21677.437405849,24224.9204816032,22274.1012053304,16819.2445187321,12557.2883355524,8605.01830429779,8990.0170068026,18533.3476825829,23071.0905276972,17363.4353698685,16295.3853573918,21899.5102576268,29248.7824104338,29560.0800776283,21770.2209132383,26230.592608014,20669.1992058667,24313.4917787039,24594.971957205,24268.9747478442,25078.8781071283,25237.7892072325,23094.8327112863,24559.8979081754,23145.9304753082,22142.8556539621,23458.0571314591,25169.7684571591,21033.7542834749,23090.8880043622,23091.4630362543,23976.0964504379,21715.8679004524,26497.352625587
24403.9742636912,11701.2203389817,4892.10373137161,1e+09,4359.89972619784,6745.37333845207,27420.1754841048,35794.6311742404,21603.5521675256,20054.6515089792,15851.173070385,26638.2218408136,27608.6365183542,24843.8072900431,26844.524486785,23463.6978285201,17183.9531393681,16414.7664797371,28097.5820618964,26568.0781681043,25436.1801130594,28010.0500255087,26153.791960819,20365.8643564127,15648.7749825186,11431.0733108751,12086.1032584411,22285.5243420028,26621.104449318,20763.0283610051,19940.3398744956,25741.5548944115,33058.089959004,33130.5275664349,25315.8134804059,29889.3249538644,24279.7360228339,27960.5547577833,28324.8877447626,28113.4825467746,28907.5635671756,28774.7749179242,26807.7062881963,28325.6658097722,27055.9760075127,26042.7427229065,27331.3572006057,28881.1922500215,24668.700645642,26771.6776297359,26744.9855732584,27847.4888834164,25505.8548770552,30351.6496608306
27318.0761809942,13134.8392011969,8266.19394486967,4359.89972619784,1e+09,4832.59021848532,30400.2783778438,38851.5068924231,24866.5987851234,23299.9168503431,19196.8221916962,29889.561512764,30883.3337599505,28055.3849526949,29962.6875348374,26548.6839347603,20221.1296308218,19490.6907026457,31064.4584248736,29845.6723057867,28634.7138432306,31158.3152617243,29410.0463205501,23602.1846565546,18808.9127289751,14371.1445696611,15090.6350413427,25321.2253498819,29702.510060808,23972.1225842311,23092.9906980083,29071.3324875641,36314.4066394909,36202.2251530759,28576.9281342204,33130.0152081492,27562.778868855,31198.3849215452,31518.8017907137,31334.5202380107,32213.7141367369,31908.3545344679,29948.4219671905,31434.7265549392,30266.4850582654,29296.1257190162,30660.2367413528,32036.0618972464,27818.8098969348,29918.2600031987,30005.6128832807,31089.7175557852,28777.8228463082,33586.022239463
28614.6402806116,15927.2670376276,9189.55597079641,6745.37333845207,4832.59021848532,1e+09,31510.7619213024,40810.4610604389,26607.481099516,25023.280949298,20754.6173323335,30975.8009853418,32088.0691653689,29617.708386408,31180.687049722,28513.1663968245,21781.7508271052,21077.8115467237,32740.5805274571,31174.773167595,30112.2028075081,32696.2418348531,30628.9696632045,25181.5138994442,20950.787338852,16522.1829907037,17047.5941482486,26754.9840945253,31158.6475094892,25580.4030951312,24772.8142572761,30421.7907681566,37790.1509328462,37947.9546310628,30106.6243089822,34589.8708262058,29071.0900441212,32710.1615479181,32919.5561547646,32651.6778473037,33432.9758856253,33621.6315069287,31446.6773155019,33028.2496610614,31503.9118435981,30579.7763648984,32016.2699292469,33699.1125118303,29291.2273104218,31376.4994808248,31638.3392847618,32331.8207881724,30280.8853951515,35142.6936432354
6807.29633396402,23800.0831151889,23372.7482822795,27420.1754841048,30400.2783778438,31510.7619213024,1e+09,11973.1635684726,9211.27976963571,9098.92496913234,12263.99258073,5332.83156119711,5212.48565171167,6054.00031173603,5168.06271847585,8764.08092477471,12883.1142240648,13072.0639995526,6428.58402221671,4935.22636858736,5728.80506764718,5771.19889227533,5945.33116615887,9749.86059375723,13702.6776670182,16998.732519388,16313.7482613102,6361.91578222315,6221.94851854305,9160.49419844803,9760.13976092043,6107.24828461231,8090.00395827468,9026.09239655788,6644.0090318873,6369.59803642271,6682.89754827949,6192.21610889833,5901.7792896973,4892.24355437257,6091.00726402456,6994.85460041165,5353.49241543313,5894.45247270686,4985.94600217451,4984.99544132189,5251.53068152515,6555.11604843118,6615.1784010864,5821.42761571421,6647.54312274091,4699.18810843959,5387.2162472004,6529.85762321814
13967.3767760092,29693.1720231116,32275.7581617566,35794.6311742404,38851.5068924231,40810.4610604389,11973.1635684726,1e+09,14872.6183882698,16053.3367236254,20378.0288399443,12047.6286402719,10950.5413865571,11910.6025577928,11474.2182707102,12817.3366019544,20101.7705664675,20572.9801070822,8835.84918668828,10891.382372206,11378.1056988191,8757.46737720444,12010.5179457882,16377.2574661724,20354.8436638899,24674.7440983792,24099.7406925012,14612.565636578,11140.6382726485,16031.6425097742,16347.029863908,11633.1294353368,5733.52499388465,4177.02996288032,11773.9552215218,8057.05869767622,12625.9606659137,9409.56034183851,9475.60120121673,9755.56533774953,9918.32491256462,7801.42416167074,10049.2115448377,8284.18871961522,10749.5533527305,11408.5354276787,10124.5728441352,7540.7562819521,12362.1497116238,10408.7715593148,9818.00143383061,10255.6825894672,11291.8254091134,7213.88705694094
7135.85678423411,16771.8170425628,17962.0572439768,21603.5521675256,24866.5987851234,26607.481099516,9211.27976963571,14872.6183882698,1e+09,2817.67021505356,6325.48396103413,7053.96252897618,8153.04495157484,5886.57172710908,7623.3852350383,4507.68772275765,6881.56039431465,7503.73924515638,7471.12805590963,6763.14780364144,5422.13058420765,7092.05236422434,6545.95165574877,4035.02007494387,6752.91228862777,11041.4664147024,10334.6783319124,4777.0051114689,7389.23204088896,4812.21362779127,3088.9358787453,5740.46395248677,12333.5898572232,12402.2473822247,6018.70669299477,9618.55325030225,5282.83076867885,7925.260183035,8212.68828468486,7899.58632539705,9057.61804949292,8284.3050812968,6550.97313371075,7595.7668846865,6852.59930370221,6125.15658716575,6913.38415610619,7886.93966030551,5327.54117704406,6834.62142460722,6359.67917008397,7985.95706065341,5940.93624306809,9984.46465648509
6467.92504292528,15761.9277770455,16473.2509839649,20054.6515089792,23299.9168503431,25023.280949298,9098.92496913234,16053.3367236254,2817.67021505356,1e+09,4573.11244437528,7643.20512087698,8609.99324206471,5565.4639909535,7737.94738184488,5159.9871554782,5462.63063911519,5690.62486415156,8553.70396334828,7137.09966194252,5870.09122438485,8119.04596143537,7101.47093646098,2967.71316828295,5187.95699512824,9317.29073275059,8628.7525085901,3639.55367370781,7331.05477376209,3042.23618223503,2382.17139866131,6459.90564321183,13333.7084266456,13339.5774175084,5944.61710510442,10200.855785977,5154.33957386395,8390.58007927938,8768.3971723457,8541.13234139362,9615.09887777031,9064.83779253661,7047.02275134684,8585.48866149738,7574.93216448174,6670.20471539667,7750.17886503918,8983.70711484407,5423.79658883886,7234.84631095229,7092.63249064831,8439.92984120129,6273.73197532378,10977.5836511866
9918.51011231022,13428.7060616167,12136.8934312121,15851.173070385,19196.8221916962,20754.6173323335,12263.99258073,20378.0288399443,6325.48396103413,4573.11244437528,1e+09,11252.6972080608,12253.7440472984,9581.53804117585,11633.1646826949,8639.10003089442,5284.50999290379,4669.70448876586,12666.7887979195,11019.5087142576,9916.9841616441,12352.8136066728,10821.0618760868,5773.81083218874,3574.3358339977,5827.40732857246,5128.95634348744,7125.73159697304,11419.3855494155,6117.94670002935,4816.66111848239,10198.824934604,17367.8684541224,17636.6418668181,10001.1595901175,14343.3774047747,9067.64957851813,12480.3155620561,12871.0662913878,12548.8924521848,13498.8615424339,13322.4898545317,11273.7194876536,12740.9436772399,11453.2650007236,10446.2720236551,11647.9481850153,13247.3869758379,9427.83628170324,11367.9802709012,11248.8108870449,12326.7128230563,10013.169984031,14829.1158722123
4864.13788530917,22183.5607646789,22678.8784246157,26638.2218408136,29889.561512764,30975.8009853418,5332.83156119711,12047.6286402719,7053.96252897618,7643.20512087698,11252.6972080608,1e+09,2734.99194390038,4364.39489581317,2890.82128534436,7332.51742855754,10693.4055423611,11260.0904724563,5648.36784749365,2830.23475254262,3347.61744006092,4189.08139456612,1994.59049356002,7201.07724952316,12300.6348720259,16160.8852960721,15384.3753633061,5634.31181921981,4207.73540690239,7204.45017015872,8153.35267094463,3219.85568772888,7918.94039283034,8663.22606413454,4282.63379985961,5035.41144683332,4185.21906780278,4127.64070963062,3523.0514835012,2984.91593422662,3381.27457117874,5889.0383121525,3573.28922501384,4949.82433762048,2126.95201109475,2872.51982598902,3609.90797210954,5615.38436345189,4157.73325790628,3603.22846079735,4693.58682303843,2836.27189980086,4420.69706519232,6794.75245662416
5825.38488446043,23197.7248916009,23690.6762498351,27608.6365183542,30883.3337599505,32088.0691653689,5212.48565171167,10950.5413865571,8153.04495157484,8609.99324206471,12253.7440472984,2734.99194390038,1e+09,4198.56651429985,3635.34931554039,7437.64841109742,11924.2815975471,12274.5383643256,5785.18521560028,2118.39127493011,3586.42690481766,4061.86520518591,2582.4878157699,8076.51899280872,13119.3005167311,17031.423378661,16328.9070239285,6653.82194579927,4812.94490599051,8153.42355865927,9192.82948841106,3595.77582933086,6700.64197493046,7510.0223072172,4400.436840508,4318.1724274628,4389.58325590255,3059.46076124535,2902.30140126762,2464.34374359585,2394.79020523719,5529.42675334433,3855.78740604303,4454.85197232186,2787.2972761261,3229.54434543017,3425.05203351716,5252.55537232117,4967.72109228165,3773.56389153543,4208.79708178002,2409.02237752164,3764.04447386053,5300.2273359357
4193.65907320803,20140.2022039552,21245.5935650219,24843.8072900431,28055.3849526949,29617.708386408,6054.00031173603,11910.6025577928,5886.57172710908,5565.4639909535,9581.53804117585,4364.39489581317,4198.56651429985,1e+09,3697.32058493715,4792.97649006335,9162.05828195826,9354.38670248884,5592.43339177142,2856.08882906327,2247.95808417328,4459.02771609462,3667.58241278911,5396.49396582633,9935.54776831655,13941.9372373139,13317.6666920786,3922.3710213594,3451.62155939784,4952.41163199304,6344.80750100427,3318.52440256208,8801.21108386795,8738.45397832477,2217.13659432611,5414.11969137181,1664.29392545307,3514.76025540861,3939.48663254491,4134.82071076849,4844.5074718386,4909.68387291891,2945.28721743738,4671.39878225998,3866.42774243875,3247.14127852485,4125.80287237527,5299.23368691172,2593.80347634511,2875.84370776647,3163.49902835452,3951.26005985432,2677.51194178476,6793.533283307
3770.0238924044,21850.807879797,23021.9296317511,26844.524486785,29962.6875348374,31180.687049722,5168.06271847585,11474.2182707102,7623.3852350383,7737.94738184488,11633.1646826949,2890.82128534436,3635.34931554039,3697.32058493715,1e+09,7431.17155068432,10620.9887553655,11235.6717833292,5545.3336126152,3044.3573992388,3113.02236529068,3997.03085123195,3086.23703720243,7232.69696761865,12321.8513056805,16055.7733821763,15450.4845089758,5075.45080011618,2678.47225692185,6778.4784211134,8296.05145647012,4195.61862668665,8095.70350729324,8115.1415857211,3597.51897161085,4546.48134274188,3919.67812600729,3899.80334678558,2841.07702774846,2929.76328395316,3448.90411091697,4978.43417584284,2662.66064135105,4575.2717217997,2588.75098514708,3289.86646228992,3941.2719388162,5234.45647974076,3242.00746327025,2349.91685889097,4239.70744368052,2636.42901019542,4452.10892036572,6812.50912960856
7086.93090333185,18198.9799496318,20073.4110241732,23463.6978285201,26548.6839347603,28513.1663968245,8764.08092477471,12817.3366019544,4507.68772275765,5159.9871554782,8639.10003089442,7332.51742855754,7437.64841109742,4792.97649006335,7431.17155068432,1e+09,8794.06035787224,8900.96642874244,5776.15221606045,6286.36186048815,5066.16286847354,6149.55375354993,6540.50593878639,5731.85610596602,8241.10312023821,12432.9994447157,11800.1800256691,5814.7274118311,6864.46739333796,6279.76793241597,4958.24551506881,5386.5479205053,10739.3731073792,10391.9069180011,5720.1928870275,8408.75866039691,4925.25395424439,6513.5507872972,7190.65858951042,7235.0717716758,8305.15207388763,6635.87467118691,5808.00053690597,6021.82893496652,6618.84453653355,5931.15670315665,6668.15631967338,6533.70179244508,5366.61557199694,6090.26394544604,5109.22727794527,7425.50441391694,4994.99218993383,8338.78511422977
8093.00995809964,12144.2085994683,13938.6758190619,17183.9531393681,20221.1296308218,21781.7508271052,12883.1142240648,20101.7705664675,6881.56039431465,5462.63063911519,5284.50999290379,10693.4055423611,11924.2815975471,9162.05828195826,10620.9887553655,8794.06035787224,1e+09,3013.51236388703,12352.9104669224,10909.2130173766,9637.76873000178,12129.7781272742,10016.1566471976,4378.34151995936,4358.18755455751,7015.12523889631,6501.46025241253,7021.38555001789,10416.5376803571,5283.49179748583,5585.36381343239,10303.6952784232,17462.4539875299,17142.6797506195,9487.58204550032,13959.7308638849,8440.587105036,12053.1906400671,12113.0088529729,12170.0365707585,12916.3583396831,13032.7205600903,10848.8203688604,12602.1812547789,11116.7806783304,10475.0798637481,11913.3058328618,13212.4043618223,8598.38060803894,10659.4824370088,11156.0154729724,12054.9127890831,10530.2303766917,15330.1800020743
8703.93140773754,12416.4387796783,13203.764881495,16414.7664797371,19490.6907026457,21077.8115467237,13072.0639995526,20572.9801070822,7503.73924515638,5690.62486415156,4669.70448876586,11260.0904724563,12274.5383643256,9354.38670248884,11235.6717833292,8900.96642874244,3013.51236388703,1e+09,12804.768147776,11261.1337415555,9992.86338739302,12680.0299620151,10690.7879023999,4952.10093195807,3912.66359410057,6015.37023217191,5276.60510637285,7276.73528825256,10934.726447278,5505.26814420515,5536.35635994469,10383.8594087988,17728.7148460711,17486.3057238057,9813.71210812708,14328.9279437088,8762.47016080512,12269.5727142106,12515.4450291909,12629.4891232029,13307.302061808,13323.8391055769,11275.9590245841,13014.7668401474,11621.0064041459,10880.9372879729,12358.3365854633,13632.2513262117,8961.88251254166,11038.6952319828,11444.3396815762,12499.7889754627,10517.4303540694,15487.0051784682
6901.84805914329,22485.8651664952,24391.3162902599,28097.5820618964,31064.4584248736,32740.5805274571,6428.58402221671,8835.84918668828,7471.12805590963,8553.70396334828,12666.7887979195,5648.36784749365,5785.18521560028,5592.43339177142,5545.3336126152,5776.15221606045,12352.9104669224,12804.768147776,1e+09,5078.25910866116,4734.99792682109,3035.411460066,5519.75616570153,8965.84849873117,12850.2210253326,17018.4532721631,16247.5122324035,7183.2105987504,5503.42880296457,9032.61427939331,8499.86506757607,5048.39612370107,6729.08560541475,6372.78529910588,5969.81561128147,5480.25729639585,6184.22212315341,4608.47733350181,4630.44811760158,4606.79424218187,6041.84047299331,4119.64200282015,3960.99192097131,2622.29400802046,4465.93133772789,4917.5444951622,4912.88474484187,2987.59666787537,5665.26151501411,4553.70074314288,4367.21978650033,5257.79505644714,5297.94271161929,5504.86849345196
5307.81284775566,22033.8006304972,22702.2635326656,26568.0781681043,29845.6723057867,31174.773167595,4935.22636858736,10891.382372206,6763.14780364144,7137.09966194252,11019.5087142576,2830.23475254262,2118.39127493011,2856.08882906327,3044.3573992388,6286.36186048815,10909.2130173766,11261.1337415555,5078.25910866116,1e+09,2257.24399764403,3216.82053478275,2487.1157528551,6989.42061251861,11864.0502695159,15859.2218855624,15138.9145183134,5307.65227019442,3961.68124452233,6904.26317826892,7733.3591669274,2514.24168402721,7027.11324619861,7724.98592384478,3144.33869705539,4271.07728581444,3150.67861626666,2714.11217916651,2762.26325340291,2174.79937854047,3080.96801794501,4690.9678800755,2587.30678005141,3665.36962029752,2031.33658176089,1918.95676553694,2193.72105081754,4269.80285776756,3622.14519747621,2628.49870397533,2993.18467363776,2073.05429453741,2412.24620209049,5199.44952233407
4365.2808981439,20553.3319514039,21677.437405849,25436.1801130594,28634.7138432306,30112.2028075081,5728.80506764718,11378.1056988191,5422.13058420765,5870.09122438485,9916.9841616441,3347.61744006092,3586.42690481766,2247.95808417328,3113.02236529068,5066.16286847354,9637.76873000178,9992.86338739302,4734.99792682109,2257.24399764403,1e+09,3284.09459195377,2910.33657898876,5696.32841360117,10492.3325622237,14531.3587290246,13926.4437222035,4116.09040668448,3340.29624017092,5498.18262467699,6333.23410513144,2558.63587159252,8211.52185137445,8213.39309731977,2354.07867402515,5031.83871173352,2399.35412890636,3275.3146270244,3244.06893027876,3261.55943781499,4256.80921739511,4367.11780344886,2073.61550625954,3713.07244859294,2596.44203923369,2451.68098102098,3149.2821929608,4461.58002125928,2139.28625828803,2063.09641037446,2534.61423380364,3249.13770911607,2376.32802794564,6077.14164536256
6357.10837735208,22665.0440009478,24224.9204816032,28010.0500255087,31158.3152617243,32696.2418348531,5771.19889227533,8757.46737720444,7092.05236422434,8119.04596143537,12352.8136066728,4189.08139456612,4061.86520518591,4459.02771609462,3997.03085123195,6149.55375354993,12129.7781272742,12680.0299620151,3035.411460066,3216.82053478275,3284.09459195377,1e+09,4117.272502847,8344.57379337615,12866.1259332248,17046.2246969439,16384.348645497,6536.8612475178,4109.67202323981,8208.01876954482,8504.78061838752,3921.81682995267,5977.43024636005,5886.39481681275,4281.31199909561,3668.09778375659,4931.73305613757,3157.95374267895,3026.76920697631,2656.56111055251,3891.13484819018,2983.34591633287,2175.5016057682,1792.80169862704,2721.94964677894,3469.32716471076,2882.32981464648,2064.13873487225,4547.49507333433,3011.10500683719,2766.15133401989,3097.48432488366,3909.86439622911,4470.24270051415
4588.13567030226,21375.280583969,22274.1012053304,26153.791960819,29410.0463205501,30628.9696632045,5945.33116615887,12010.5179457882,6545.95165574877,7101.47093646098,10821.0618760868,1994.59049356002,2582.4878157699,3667.58241278911,3086.23703720243,6540.50593878639,10016.1566471976,10690.7879023999,5519.75616570153,2487.1157528551,2910.33657898876,4117.272502847,1e+09,6360.87982720944,11550.791964056,15561.0842339022,14843.8181314074,5423.02095306666,4151.65026269073,6707.24693363082,7609.67335189889,3182.32639205975,8228.44359970949,8697.02810933137,3764.71112181267,5339.8372511248,3484.05187566144,3648.83049732377,3353.98288689731,3246.82634996084,3625.90569434728,5824.88255308208,3568.75097385626,4708.16571546712,2370.95410311967,2715.56134924255,3672.3437110788,5525.31872717765,3799.77753139575,3468.65233070425,4077.40226928862,3127.23192983827,4067.3409774446,6790.95335949232
5478.07979743815,15403.8755495947,16819.2445187321,20365.8643564127,23602.1846565546,25181.5138994442,9749.86059375723,16377.2574661724,4035.02007494387,2967.71316828295,5773.81083218874,7201.07724952316,8076.51899280872,5396.49396582633,7232.69696761865,5731.85610596602,4378.34151995936,4952.10093195807,8965.84849873117,6989.42061251861,5696.32841360117,8344.57379337615,6360.87982720944,1e+09,5636.48138353175,9663.06505141097,9036.57566836576,4138.58652199033,7085.99931293392,2736.53453537499,3583.26410790497,6439.23312949609,13584.9035308905,13370.2614512395,5735.65823104027,10196.6022191659,4707.99694578278,8122.29959355108,8326.84452846335,8418.02318420424,9106.76053103956,9337.16942459544,7146.63589282398,8841.70530934502,7451.58516048096,6737.35728440314,8067.67903378041,9411.27627401831,5036.63030246414,6946.51178184418,7166.34818533122,8325.51872573715,6590.68221876916,11319.5470766016
10205.0158684051,11321.2341381627,12557.2883355524,15648.7749825186,18808.9127289751,20950.787338852,13702.6776670182,20354.8436638899,6752.91228862777,5187.95699512824,3574.3358339977,12300.6348720259,13119.3005167311,9935.54776831655,12321.8513056805,8241.10312023821,4358.18755455751,3912.66359410057,12850.2210253326,11864.0502695159,10492.3325622237,12866.1259332248,11550.791964056,5636.48138353175,1e+09,4842.37632295343,4372.25493668885,8014.50970812937,11878.6407500101,6407.72217123995,5106.34902527236,11047.9235496314,18065.4993784645,17781.7921200592,10469.1430367724,14969.9555238417,9477.91639853402,12902.7488513223,13340.2741028698,13336.4677469448,14266.0874593141,13569.0481202367,11811.1559048088,13145.3117268401,12363.4215247398,11426.9478308777,12633.7875240088,13613.9676766988,9828.11170455444,11807.1064340422,11598.4948647184,13266.1082700278,10798.2508323756,15488.7041466451
13688.7954723818,9029.15052836091,8605.01830429779,11431.0733108751,14371.1445696611,16522.1829907037,16998.732519388,24674.7440983792,11041.4664147024,9317.29073275059,5827.40732857246,16160.8852960721,17031.423378661,13941.9372373139,16055.7733821763,12432.9994447157,7015.12523889631,6015.37023217191,17018.4532721631,15859.2218855624,14531.3587290246,17046.2246969439,15561.0842339022,9663.06505141097,4842.37632295343,1e+09,2100.57526442163,11512.5921498245,15724.451032742,10082.6967532551,9086.01687740013,15075.0495991622,22231.1298915597,21998.536454244,14494.2584939934,19024.5021207731,13490.9870228053,17048.6886088051,17389.3773803319,17326.5661329185,18230.1883365175,17689.2706047084,15849.9109296866,17289.6547916926,16319.5757286242,15374.5928125495,16681.9242998792,17859.4074425861,13741.9780250115,15791.8832022308,15783.347005759,17153.4353146185,14716.1738393239,19532.3618498737
13074.3825370072,9596.00819534352,8990.0170068026,12086.1032584411,15090.6350413427,17047.5941482486,16313.7482613102,24099.7406925012,10334.6783319124,8628.7525085901,5128.95634348744,15384.3753633061,16328.9070239285,13317.6666920786,15450.4845089758,11800.1800256691,6501.46025241253,5276.60510637285,16247.5122324035,15138.9145183134,13926.4437222035,16384.348645497,14843.8181314074,9036.57566836576,4372.25493668885,2100.57526442163,1e+09,10881.1527023887,15177.9929798442,9643.45914361646,8273.66010187148,14249.4116099403,21480.6316480149,21412.5625764643,13964.9040129032,18410.0749828294,12888.7507729648,16375.1132464512,16755.4574651992,16635.0238409598,17581.1847887507,17134.0619859653,15212.1836684711,16611.5431798554,15588.5940367757,14596.6197715978,15976.7147691946,17148.3134809812,13147.2414515974,15170.5645903506,15187.2769110759,16488.1821097991,14085.1852795091,18899.2410464362
3847.77525142777,17885.7477361446,18533.3476825829,22285.5243420028,25321.2253498819,26754.9840945253,6361.91578222315,14612.565636578,4777.0051114689,3639.55367370781,7125.73159697304,5634.31181921981,6653.82194579927,3922.3710213594,5075.45080011618,5814.7274118311,7021.38555001789,7276.73528825256,7183.2105987504,5307.65227019442,4116.09040668448,6536.8612475178,5423.02095306666,4138.58652199033,8014.50970812937,11512.5921498245,10881.1527023887,1e+09,5083.3380688579,3375.16087970633,4542.25753061184,5255.21686359374,11602.6206485518,11551.9714975453,4560.38329023998,8232.67365460942,3896.5297430021,6739.59072650558,6710.11881335942,6466.09967737894,7568.25711613315,7440.87408765933,4983.61904015546,6935.62040542157,5549.98498570041,4818.43131798099,6190.77250907349,7589.01563778202,3472.01938904436,5087.0518298028,5904.82393193904,6201.25513532543,4869.21927199834,9369.35648807323
3903.67952631873,21439.418386843,23071.0905276972,26621.104449318,29702.510060808,31158.6475094892,6221.94851854305,11140.6382726485,7389.23204088896,7331.05477376209,11419.3855494155,4207.73540690239,4812.94490599051,3451.62155939784,2678.47225692185,6864.46739333796,10416.5376803571,10934.726447278,5503.42880296457,3961.68124452233,3340.29624017092,4109.67202323981,4151.65026269073,7085.99931293392,11878.6407500101,15724.451032742,15177.9929798442,5083.3380688579,1e+09,6101.86635251871,8121.58153464582,4685.973928662,8332.87306393779,7728.00754628255,2834.83360047817,4192.38838589652,3950.06800361715,3649.47765151398,3348.34202445031,3871.16653530948,4320.38080722059,4214.54254460671,2507.4504402879,4765.89976778782,3658.51317130334,4117.52884373625,4643.58234463437,5196.17895605992,3182.02527865509,2483.6135761829,4027.26628514927,3641.95512801847,4875.7961043403,7383.64011195698
5028.03793008764,16318.6563121753,17363.4353698685,20763.0283610051,23972.1225842311,25580.4030951312,9160.49419844803,16031.6425097742,4812.21362779127,3042.23618223503,6117.94670002935,7204.45017015872,8153.42355865927,4952.41163199304,6778.4784211134,6279.76793241597,5283.49179748583,5505.26814420515,9032.61427939331,6904.26317826892,5498.18262467699,8208.01876954482,6707.24693363082,2736.53453537499,6407.72217123995,10082.6967532551,9643.45914361646,3375.16087970633,6101.86635251871,1e+09,4301.72070851886,6482.66504407717,13267.9465476727,12956.8155673915,4991.93958721457,9513.80050139796,4411.50095634128,7874.41486865532,8059.19499651795,8177.38956410296,8819.73990269555,8702.77532912921,6621.83917830236,8747.83345932009,7325.76038690865,6680.75497753061,7863.56596959675,9253.96411515627,4530.36158088954,6488.02939168743,6976.59320314006,7956.85056455756,6397.88542530265,11192.968332891
7034.70060449626,15244.4912879177,16295.3853573918,19940.3398744956,23092.9906980083,24772.8142572761,9760.13976092043,16347.029863908,3088.9358787453,2382.17139866131,4816.66111848239,8153.35267094463,9192.82948841106,6344.80750100427,8296.05145647012,4958.24551506881,5585.36381343239,5536.35635994469,8499.86506757607,7733.3591669274,6333.23410513144,8504.78061838752,7609.67335189889,3583.26410790497,5106.34902527236,9086.01687740013,8273.66010187148,4542.25753061184,8121.58153464582,4301.72070851886,1e+09,6608.26424486794,13702.381539674,13761.5838932479,6882.70399694045,10896.7887429875,5901.45488515332,8950.6689396268,9235.03992495972,9119.62480140494,10193.9518965757,9411.93558824114,7557.00226077775,8713.00235050468,7899.2113645414,7053.35724289505,8281.83524517966,9217.37852517189,5798.93361552795,7631.52761412157,7461.07239605675,9074.39517299087,6740.70531794708,11246.2735819382
5728.56428275881,21291.8258009359,21899.5102576268,25741.5548944115,29071.3324875641,30421.7907681566,6107.24828461231,11633.1294353368,5740.46395248677,6459.90564321183,10198.824934604,3219.85568772888,3595.77582933086,3318.52440256208,4195.61862668665,5386.5479205053,10303.6952784232,10383.8594087988,5048.39612370107,2514.24168402721,2558.63587159252,3921.81682995267,3182.32639205975,6439.23312949609,11047.9235496314,15075.0495991622,14249.4116099403,5255.21686359374,4685.973928662,6482.66504407717,6608.26424486794,1e+09,7755.46047058458,8602.12396170272,3797.63868274748,5254.17022344157,3228.2188318483,3632.07607131238,3871.65402963643,3666.27636942443,4219.6157756957,4976.45263660773,3251.28358366354,4084.71509098248,2705.59856821,2246.13193804371,3075.18689446674,4672.47619810952,3503.06470581118,3302.52096570181,3035.42265244891,3626.38480580867,2597.28486500807,5887.06892171308
11016.4228971704,28201.1912421656,29248.7824104338,33058.089959004,36314.4066394909,37790.1509328462,8090.00395827468,5733.52499388465,12333.5898572232,13333.7084266456,17367.8684541224,7918.94039283034,6700.64197493046,8801.21108386795,8095.70350729324,10739.3731073792,17462.4539875299,17728.7148460711,6729.08560541475,7027.11324619861,8211.52185137445,5977.43024636005,8228.44359970949,13584.9035308905,18065.4993784645,22231.1298915597,21480.6316480149,11602.6206485518,8332.87306393779,13267.9465476727,13702.381539674,7755.46047058458,1e+09,3801.67861338909,8739.21464010926,4530.24336157562,9391.08724441957,5932.49399005174,6010.88835078477,5856.92138810143,5811.25515582477,5719.32459021168,7064.47002855841,5537.25316006953,6909.63025504983,7601.96128467516,6264.26983053093,5199.49351365111,9432.44534551354,7394.95016277324,6976.22612202328,6187.66076898209,7802.22555382758,3880.22409932725
10533.093983308,27450.2452902174,29560.0800776283,33130.5275664349,36202.2251530759,37947.9546310628,9026.09239655788,4177.02996288032,12402.2473822247,13339.5774175084,17636.6418668181,8663.22606413454,7510.0223072172,8738.45397832477,8115.1415857211,10391.9069180011,17142.6797506195,17486.3057238057,6372.78529910588,7724.98592384478,8213.39309731977,5886.39481681275,8697.02810933137,13370.2614512395,17781.7921200592,21998.536454244,21412.5625764643,11551.9714975453,7728.00754628255,12956.8155673915,13761.5838932479,8602.12396170272,3801.67861338909,1e+09,8467.83760515044,4622.14435138064,9440.40470250084,5928.16225978169,5948.12290351334,6375.73277698336,6423.52738859266,4956.08570951916,6884.84248141524,5637.01409900667,7549.87750780104,8423.34737346146,7338.025785046,5221.41057556289,9192.11150555736,7127.6885503647,7024.43483688901,6921.71888318935,8329.60017728942,5154.12663283509
4617.66296548373,20595.6710656803,21770.2209132383,25315.8134804059,28576.9281342204,30106.6243089822,6644.0090318873,11773.9552215218,6018.70669299477,5944.61710510442,10001.1595901175,4282.63379985961,4400.436840508,2217.13659432611,3597.51897161085,5720.1928870275,9487.58204550032,9813.71210812708,5969.81561128147,3144.33869705539,2354.07867402515,4281.31199909561,3764.71112181267,5735.65823104027,10469.1430367724,14494.2584939934,13964.9040129032,4560.38329023998,2834.83360047817,4991.93958721457,6882.70399694045,3797.63868274748,8739.21464010926,8467.83760515044,1e+09,4979.12575420626,2161.69166432218,3381.90500302714,3649.61100227134,3826.69460180715,4515.44034339952,4660.99489252027,2828.28228426726,4986.68912604345,3734.78082813436,3722.77385689757,3960.65897433748,5335.90407959139,2447.84557159965,2605.38127309613,3317.98529317114,3791.89490844617,3366.8887856744,7124.10972668866
7408.40917397251,24985.7511110933,26230.592608014,29889.3249538644,33130.0152081492,34589.8708262058,6369.59803642271,8057.05869767622,9618.55325030225,10200.855785977,14343.3774047747,5035.41144683332,4318.1724274628,5414.11969137181,4546.48134274188,8408.75866039691,13959.7308638849,14328.9279437088,5480.25729639585,4271.07728581444,5031.83871173352,3668.09778375659,5339.8372511248,10196.6022191659,14969.9555238417,19024.5021207731,18410.0749828294,8232.67365460942,4192.38838589652,9513.80050139796,10896.7887429875,5254.17022344157,4530.24336157562,4622.14435138064,4979.12575420626,1e+09,6001.79831247269,2918.05589605477,2792.21372965968,3064.4116683468,2767.28312682313,3086.40007204186,3694.66666145946,3965.95632815088,4145.32041376779,4900.23894950032,3959.63616442218,3857.85702990663,5899.9173437261,3891.78339060642,4211.90149817158,3131.82895907487,5325.95226966033,4625.25802403498
4367.85670225112,19665.4419234682,20669.1992058667,24279.7360228339,27562.778868855,29071.0900441212,6682.89754827949,12625.9606659137,5282.83076867885,5154.33957386395,9067.64957851813,4185.21906780278,4389.58325590255,1664.29392545307,3919.67812600729,4925.25395424439,8440.587105036,8762.47016080512,6184.22212315341,3150.67861626666,2399.35412890636,4931.73305613757,3484.05187566144,4707.99694578278,9477.91639853402,13490.9870228053,12888.7507729648,3896.5297430021,3950.06800361715,4411.50095634128,5901.45488515332,3228.2188318483,9391.08724441957,9440.40470250084,2161.69166432218,6001.79831247269,1e+09,4212.20368860529,4411.78556349921,4436.92925646781,5085.80123412231,5548.01015109922,3435.27521417135,5328.00673162112,3920.80700532429,3440.46192971235,4315.76500226785,5941.44775621229,2211.90857342703,3169.0121175218,3707.41033708167,4335.36492730427,2914.07708787877,7395.81271651061
5977.17118075934,23031.5103826692,24313.4917787039,27960.5547577833,31198.3849215452,32710.1615479181,6192.21610889833,9409.56034183851,7925.260183035,8390.58007927938,12480.3155620561,4127.64070963062,3059.46076124535,3514.76025540861,3899.80334678558,6513.5507872972,12053.1906400671,12269.5727142106,4608.47733350181,2714.11217916651,3275.3146270244,3157.95374267895,3648.83049732377,8122.29959355108,12902.7488513223,17048.6886088051,16375.1132464512,6739.59072650558,3649.47765151398,7874.41486865532,8950.6689396268,3632.07607131238,5932.49399005174,5928.16225978169,3381.90500302714,2918.05589605477,4212.20368860529,1e+09,1657.78736187727,2478.96430313145,2824.09810922,3381.12451279157,2870.63937055841,3279.01117001757,3225.87521666601,3634.20059508278,3312.59102741344,3666.19260856546,4407.18960460065,2773.95587508165,2717.07227231813,2777.21608856783,3694.40325473547,4873.43577078841
5547.10006622379,23230.4891102792,24594.971957205,28324.8877447626,31518.8017907137,32919.5561547646,5901.7792896973,9475.60120121673,8212.68828468486,8768.3971723457,12871.0662913878,3523.0514835012,2902.30140126762,3939.48663254491,2841.07702774846,7190.65858951042,12113.0088529729,12515.4450291909,4630.44811760158,2762.26325340291,3244.06893027876,3026.76920697631,3353.98288689731,8326.84452846335,13340.2741028698,17389.3773803319,16755.4574651992,6710.11881335942,3348.34202445031,8059.19499651795,9235.03992495972,3871.65402963643,6010.88835078477,5948.12290351334,3649.61100227134,2792.21372965968,4411.78556349921,1657.78736187727,1e+09,1832.10366464346,2164.91026994192,3485.02549345051,2621.83580279162,3288.32957340045,2678.57654665683,3598.22009606138,3285.40735804557,3786.86421469004,4176.13159937519,2274.28301926124,3194.80313715885,2232.9060267284,4123.42659667903,5057.00289193115
5853.36470101599,23375.4307041945,24268.9747478442,28113.4825467746,31334.5202380107,32651.6778473037,4892.24355437257,9755.56533774953,7899.58632539705,8541.13234139362,12548.8924521848,2984.91593422662,2464.34374359585,4134.82071076849,2929.76328395316,7235.0717716758,12170.0365707585,12629.4891232029,4606.79424218187,2174.79937854047,3261.55943781499,2656.56111055251,3246.82634996084,8418.02318420424,13336.4677469448,17326.5661329185,16635.0238409598,6466.09967737894,3871.16653530948,8177.38956410296,9119.62480140494,3666.27636942443,5856.92138810143,6375.73277698336,3826.69460180715,3064.4116683468,4436.92925646781,2478.96430313145,1832.10366464346,1e+09,2336.5872317335,3996.47194738059,2566.6294057382,3274.71678437999,2072.51589554821,3049.50532862299,2330.43290757318,3711.6867231624,4415.01807714306,2693.03733329117,3554.86531607036,1380.49784737246,3699.69999724302,4743.15511553228
6463.48039438506,24196.6856643281,25078.8781071283,28907.5635671756,32213.7141367369,33432.9758856253,6091.00726402456,9918.32491256462,9057.61804949292,9615.09887777031,13498.8615424339,3381.27457117874,2394.79020523719,4844.5074718386,3448.90411091697,8305.15207388763,12916.3583396831,13307.302061808,6041.84047299331,3080.96801794501,4256.80921739511,3891.13484819018,3625.90569434728,9106.76053103956,14266.0874593141,18230.1883365175,17581.1847887507,7568.25711613315,4320.38080722059,8819.73990269555,10193.9518965757,4219.6157756957,5811.25515582477,6423.52738859266,4515.44034339952,2767.28312682313,5085.80123412231,2824.09810922,2164.91026994192,2336.5872317335,1e+09,4572.82888010256,3670.54392055183,4402.12940327746,3017.14921311492,3937.56372128757,3530.41732564296,4824.22213532918,5194.92446249221,3497.54979404154,4146.49524165891,2119.20028239428,4663.11747642068,5157.79575728819
7232.03925350935,23350.5087545561,25237.7892072325,28774.7749179242,31908.3545344679,33621.6315069287,6994.85460041165,7801.42416167074,8284.3050812968,9064.83779253661,13322.4898545317,5889.0383121525,5529.42675334433,4909.68387291891,4978.43417584284,6635.87467118691,13032.7205600903,13323.8391055769,4119.64200282015,4690.9678800755,4367.11780344886,2983.34591633287,5824.88255308208,9337.16942459544,13569.0481202367,17689.2706047084,17134.0619859653,7440.87408765933,4214.54254460671,8702.77532912921,9411.93558824114,4976.45263660773,5719.32459021168,4956.08570951916,4660.99489252027,3086.40007204186,5548.01015109922,3381.12451279157,3485.02549345051,3996.47194738059,4572.82888010256,1e+09,2960.26223845118,2649.61521015788,4359.2386042863,4790.61388010973,4076.49131019557,2477.043348894,4938.97421261744,3305.283119114,2977.80731102602,4181.92545361583,4677.41104565335,4555.79831616809
4818.26434161722,21675.5897592107,23094.8327112863,26807.7062881963,29948.4219671905,31446.6773155019,5353.49241543313,10049.2115448377,6550.97313371075,7047.02275134684,11273.7194876536,3573.28922501384,3855.78740604303,2945.28721743738,2662.66064135105,5808.00053690597,10848.8203688604,11275.9590245841,3960.99192097131,2587.30678005141,2073.61550625954,2175.5016057682,3568.75097385626,7146.63589282398,11811.1559048088,15849.9109296866,15212.1836684711,4983.61904015546,2507.4504402879,6621.83917830236,7557.00226077775,3251.28358366354,7064.47002855841,6884.84248141524,2828.28228426726,3694.66666145946,3435.27521417135,2870.63937055841,2621.83580279162,2566.6294057382,3670.54392055183,2960.26223845118,1e+09,2768.50775872129,2222.48160521072,2670.72686542447,2859.67006091612,3299.1485633266,2751.41531901311,1324.86630016013,2477.73092550422,2557.86801567243,3150.27070163819,5454.61484605467
6783.79255666032,22926.5213579579,24559.8979081754,28325.6658097722,31434.7265549392,33028.2496610614,5894.45247270686,8284.18871961522,7595.7668846865,8585.48866149738,12740.9436772399,4949.82433762048,4454.85197232186,4671.39878225998,4575.2717217997,6021.82893496652,12602.1812547789,13014.7668401474,2622.29400802046,3665.36962029752,3713.07244859294,1792.80169862704,4708.16571546712,8841.70530934502,13145.3117268401,17289.6547916926,16611.5431798554,6935.62040542157,4765.89976778782,8747.83345932009,8713.00235050468,4084.71509098248,5537.25316006953,5637.01409900667,4986.68912604345,3965.95632815088,5328.00673162112,3279.01117001757,3288.32957340045,3274.71678437999,4402.12940327746,2649.61521015788,2768.50775872129,1e+09,3278.14037258931,3646.00846529462,3200.43720107113,1656.21146934804,4909.42921213862,3357.98781945379,2641.95741973636,3570.12348348065,3935.73370045535,3740.10516008574
