1e+09,19850.7160878342,20039.6781372781,24650.9154169982,28479.0586583546,27673.6053767015,10488.148195921,11526.8292421637,6349.38868884242,5708.10241717859,9149.19477624671,5548.37172128905,6530.6523370717,2001.33518352124,6423.18834639776,4145.14929624977,7885.51931942976,9110.1680832573,5625.81850084946,5628.62153059699,5569.36141964229,5252.395308752,5138.4794959696,5105.99362449661,9637.28567644957,13312.0040714762,12720.4119572638,4052.47165935803,3693.13635691941,4998.95821130763,6631.27152161635,8884.86136279571,11842.1418725161,9819.85784325822,4070.00128249366,6884.05210259917,4310.53900241026,5297.49282310982,5845.277293987,5788.12815971623,7738.49720029025,6033.49258777203,5626.74548466518,5741.99393737054,6135.84715002745,6680.68602904672,8045.45212170826,5735.39837039242,3862.92457929222,6072.86278857015,4476.86803829418,6290.30310157627,6797.90207061708,9787.25278036181
19850.7160878342,1e+09,9916.94714907264,10113.1428707104,12467.6676142733,12947.4690264468,26774.5419056947,30439.5010264886,18680.9388964206,17083.5436238972,14348.4768734072,23835.5490747707,25163.7869853109,20856.3189100666,24011.1175244198,18896.2313757373,12709.6015991494,14377.6427887189,23727.0429790714,23809.6648118511,22754.2419195015,23946.1173270491,23165.1015300754,16800.2660087393,11597.037701978,9046.56204213512,9961.00572336448,19268.499552194,22606.9001564124,17888.8406732298,17075.4151383795,24800.0409753512,30485.1749471706,28902.2262603074,22060.5536710913,26221.0974194426,21434.5099145397,24369.7599469609,24811.1182350534,24846.3037702331,26324.1604994024,24699.7740423895,23521.0424537732,24248.8548246469,24248.7874534027,23814.2074331669,25326.5184974189,24528.4695277121,21208.9063485862,23781.4087461866,22832.4391639855,24878.3077698725,23296.6389450345,27758.8487537848
20039.6781372781,9916.94714907264,1e+09,7007.38164294624,11407.4847596173,8636.9449641236,24804.9424751984,30539.858265976,17202.1552081854,15694.6649917894,11591.6026608834,22600.0946696358,24137.1720097944,20481.1859414219,23300.8682679938,18842.2947852882,12878.3992065318,13673.6413574841,23387.8231623296,22702.5124220955,21868.1916243182,23404.5002575381,22303.8845506069,16421.4660157155,11433.374972999,8074.44013296897,8314.08693811894,18007.0060829778,22380.1480631988,17052.0681949229,15796.0728801465,23228.6349378563,29465.8234931098,28875.0990124554,21491.4307280972,25652.7084703662,20608.6107655077,23979.4000493674,24383.5872379496,23967.51395559,25490.6016499101,24398.6807894115,22855.6523260987,23803.7102227216,23168.6212699073,22452.4290789972,23841.8299833884,23984.103496487,20622.5715418762,23171.9747278582,22421.2044717807,23940.7875548863,22136.5553258722,26632.8953303917
24650.9154169982,10113.1428707104,7007.38164294624,1e+09,5315.64843169674,5572.74685576153,30215.5448539622,35632.5327161205,22810.9340400782,20914.0320334411,17096.7253805371,27948.0560020192,29490.9204079035,25221.3488699435,28437.0074943391,23791.020924416,17335.5282725477,18300.8766302929,28602.6507347396,28037.8861894812,27202.5735441337,28648.1086934827,27678.1166184208,21435.0159067867,15670.5236206038,12035.250842604,12812.1252748051,23203.0910299447,27234.4654094513,21955.7149006904,21263.8329804201,28851.9193177213,34801.7461497638,33947.4781859183,26507.3202175192,30637.5565187288,25750.1980197338,29000.2876651508,29461.7527866656,29232.9792762438,30750.291615949,29407.578043115,27961.8895855591,28993.1171596571,28546.2543311325,27978.0310102891,29362.0124572397,29204.9409323508,25710.0468253346,28401.1994478402,27531.0357516004,29095.524713129,27311.5517193311,32005.5201370435
28479.0586583546,12467.6676142733,11407.4847596173,5315.64843169674,1e+09,8179.23586297644,34819.2092215116,39629.5002366848,27093.1809819777,25138.0103154725,21285.4110411967,32066.3982716893,33617.2214762122,29091.6424418629,32736.8157727917,27569.1898943476,21205.7440279586,22664.7614693912,32671.8255874982,32209.1241238426,31410.7921432969,32579.6289985844,31710.5144214549,25667.647778435,19851.2821826627,16316.3405189889,17154.3082365306,27254.3244083852,31169.6505612078,26161.2370783226,25572.0296728672,33264.2339105728,39080.1757076833,37870.4148413877,30648.4742265141,34688.1671802547,29949.015986608,33025.7371955131,33480.6100228326,33263.9626084461,34995.0325321966,33443.2624715876,32199.4210428293,32977.6180108782,32671.277795123,32241.1917473765,33726.0582218483,33205.2605287732,29794.5302784001,32643.3328262449,31560.6721126325,33334.4809009365,31780.6601881286,36367.6395213258
27673.6053767015,12947.4690264468,8636.9449641236,5572.74685576153,8179.23586297644,1e+09,31851.2595524761,38132.854099338,24875.4209266979,23299.2827968845,19579.3186214562,30439.4858421558,31903.0536605526,28167.2474600199,30622.9580097367,26642.4025655908,20361.9812176001,20398.8254249552,31064.5872890322,30427.529422845,29409.6056544592,31261.3158522478,30230.9543112006,23885.2401454622,18464.3058598936,14648.4910254197,15333.3365473631,25732.165517591,30034.5742304032,24363.1020489879,23397.8796345695,30597.6840878309,36982.1626959322,36515.8804450529,29007.4304611749,33285.930224993,28127.2357069283,31637.2982464259,32041.8808826448,31825.0623175337,33033.8576964105,31931.2330093609,30242.7604462225,31561.5225013433,30916.130455196,30109.1306153914,31338.2425279163,31764.0146387213,28201.5791243629,30635.9636266856,30101.2603078526,31493.3905576694,29379.2793407684,34021.24130369
10488.148195921,26774.5419056947,24804.9424751984,30215.5448539622,34819.2092215116,31851.2595524761,1e+09,9976.26765306545,9634.5307453451,10699.7247536187,14544.6809867009,7402.68236240081,6939.71934904431,9858.86583880722,5146.78731861926,11865.0451548403,15372.1892888716,13624.8032553281,7886.59904178601,6600.73159409622,6645.08500097629,8496.930654148,8303.84631272159,10663.0751603278,15892.6046241168,19079.809473881,18354.3901983449,9498.80341623617,8985.96819585959,10079.2881488427,11062.6630689902,6231.93548417344,7660.54635426221,9494.36512475689,7372.15855052643,7677.98552644507,7364.7323473905,7846.73820046903,7723.2853311528,7505.92276934022,5778.31423310467,7971.67689934182,6047.24284400751,8392.40795749349,7305.46114063308,6276.22256100754,4765.06775520559,8106.57900150859,8410.11140562954,6266.20657852899,8272.3416089944,5801.9432089344,5054.16801981296,5062.53341406257
11526.8292421637,30439.5010264886,30539.858265976,35632.5327161205,39629.5002366848,38132.854099338,9976.26765306545,1e+09,13778.9342347513,14954.2922449443,19130.6324380847,8627.91626354823,7396.98135161229,10950.6749401395,8105.32048025863,12724.3575869668,18733.0390681731,18289.9272822885,7732.76135216263,8226.53074879685,8971.34413377393,7650.70441619594,8816.24894168149,14491.9281022575,20225.0314308952,23995.6504882447,23228.1547134528,12781.0744007967,8925.95618700876,13997.1023681689,15176.2348773008,9593.69570404961,4747.11017649686,2649.67694887509,9418.22726960334,6066.51990951155,10288.265530822,7029.87921884153,6560.01696485611,7208.31618520581,5896.64239739023,6839.34654692245,8265.94208388856,7322.15676348165,8095.41657877468,8888.53797868356,8197.07411651865,7111.17906304573,10250.7019046649,7942.33414111998,8578.47988353998,7593.0082789432,9950.64627253426,6348.9949336017
6349.38868884242,18680.9388964206,17202.1552081854,22810.9340400782,27093.1809819777,24875.4209266979,9634.5307453451,13778.9342347513,1e+09,2958.76846035644,6305.34023780636,6312.22021648485,7703.68251214314,6262.76963579214,7095.75958285651,4980.36096932743,7201.20528327724,6213.36551434084,6695.93198208435,6374.28180764704,5205.56001738526,7184.52036116539,5965.96179472346,3453.05241104157,8241.63693844251,11458.9087928651,10430.8217949258,3737.97405706621,7173.64019639959,4044.43548367383,2476.54815362028,6649.36810427126,12684.4689528809,12199.5619227741,5752.43090732084,9607.158514207,4556.31587975417,7649.13956372218,7952.50927232405,7760.30009897169,8802.92622486977,8061.47246174668,6499.48972647853,7415.99117872992,6624.95038924066,5751.35316508211,7282.34229701543,7567.93442498678,4765.98193835226,6701.44369416024,6198.79735218857,7793.4477246659,6433.12664298629,10029.1620190173
5708.10241717859,17083.5436238972,15694.6649917894,20914.0320334411,25138.0103154725,23299.2827968845,10699.7247536187,14954.2922449443,2958.76846035644,1e+09,4539.73389494362,7493.94160931349,9003.60562790819,5779.29089788704,7994.47667112113,5032.26824970609,5294.71065057384,4819.57040579345,8102.68425377048,7394.49004454668,6440.51289695161,8197.74094144234,7283.00289123244,2343.5803012485,6145.71290750715,9517.5953627794,8628.46682202001,2959.06054958326,7237.86641841365,2430.13292821607,2844.5708811348,8688.63353786428,14158.0151066596,13301.1710312288,6034.83805624476,10284.708732497,5201.53171572567,8489.69313587364,8902.97828153029,8733.47983027957,10058.471339478,8975.03223415381,7419.65439961997,8560.67160940075,8024.46986923747,7353.71244773006,8847.59773680404,8723.7462715682,5338.55418782089,7821.3314774404,7123.57577607623,8715.83311667336,7404.06362625957,11534.3854160462
9149.19477624671,14348.4768734072,11591.6026608834,17096.7253805371,21285.4110411967,19579.3186214562,14544.6809867009,19130.6324380847,6305.34023780636,4539.73389494362,1e+09,11249.5693728649,12894.0219025562,9300.58471338765,12320.3094619738,7854.7748911156,4475.22516789938,5400.35060866422,12166.5515781013,11383.4314209732,10633.0176683339,12025.3577863571,10952.3349230929,5826.60148444185,4756.24062648222,6687.99160039096,5591.05495177789,6683.52992274292,11041.6235605775,6237.71968838774,5203.68306918283,12444.9324575507,18221.6893641973,17411.1152219236,10220.8891986461,14264.0445049222,9373.45876715741,12541.7514845734,12992.8922217072,12583.633295102,14214.9382795565,13032.5060073648,11718.5617266924,12476.5229470995,11878.8879627093,11217.346188346,12819.389524287,12609.0790941845,9340.03916374016,12000.7659980895,11084.8170036947,12784.8331133809,11458.9888476863,15646.1444021395
5548.37172128905,23835.5490747707,22600.0946696358,27948.0560020192,32066.3982716893,30439.4858421558,7402.68236240081,8627.91626354823,6312.22021648485,7493.94160931349,11249.5693728649,1e+09,2247.15450276566,4595.04030082436,4209.26407626084,6172.19203541173,11610.2030735082,11452.2704485792,2827.64684267679,1737.82111211137,3148.35868541054,2422.32056454137,1816.99790960254,7572.16461009664,13055.7680123193,16697.3296103359,15732.5471060633,5516.57915655164,4335.84998439752,7315.93460658309,7753.36572981051,4973.01387467399,7448.6874560019,7130.63899380694,4070.28428752833,4511.02847425063,3904.74779629876,2892.59195530583,3128.73662844925,2425.93653979242,3888.96169465579,3968.93927054824,3489.97065589383,2657.53240002827,1825.58108680497,2769.64520433575,3871.5663510135,2419.52229245775,3955.27324624987,3944.96010519752,2775.66852197808,3117.85578664248,4723.68680063571,5576.71634321668
6530.6523370717,25163.7869853109,24137.1720097944,29490.9204079035,33617.2214762122,31903.0536605526,6939.71934904431,7396.98135161229,7703.68251214314,9003.60562790819,12894.0219025562,2247.15450276566,1e+09,5820.24113777943,3975.66303008693,7603.29605525788,13034.0612948382,12704.9550784527,2640.05854632052,2552.8903492708,3735.72244904516,2817.19224706089,2976.65526287476,8864.07206224656,14478.2646140068,18084.3596252425,17190.5433673052,6968.03171809658,5013.93098190432,8513.72806622927,9096.04999640503,4844.08863901147,6069.31286727748,5968.62820799721,4753.31505646323,4052.96602226073,4854.62707844794,2945.49678040904,2796.21223019641,2468.86384019046,2883.72655125274,3729.1733806569,3514.01085531903,2643.66394780048,2040.12645941373,3304.38578519519,3478.5368841224,2357.17947267492,5028.41043064307,3821.44073099401,3409.86192113405,2710.38065865295,4856.58529967301,4379.12393887179
2001.33518352124,20856.3189100666,20481.1859414219,25221.3488699435,29091.6424418629,28167.2474600199,9858.86583880722,10950.6749401395,6262.76963579214,5779.29089788704,9300.58471338765,4595.04030082436,5820.24113777943,1e+09,5931.11997092455,4016.76568863557,8558.92883573056,9539.00125006806,5198.83500785513,4696.19513530901,4982.03275210029,4575.06834458241,4446.83893736888,5570.64140885051,10263.3854020153,13922.2590873105,13240.136499285,3668.85588628117,3044.28141287891,5149.31845041652,6819.73216632442,8163.7603617022,11015.3655900837,9133.3202901464,3500.68693665972,5867.60200835912,3710.92149131452,4395.48661161651,5009.02252302782,4852.77812743381,6922.24865569708,5299.48383132735,5085.70773822091,5084.36607942426,5336.26602248239,5768.85017575427,7184.33199389477,4986.47580364129,3310.72258652095,5471.18423608637,3754.80458962913,5572.01773739998,6418.05286742794,9039.99049873948
6423.18834639776,24011.1175244198,23300.8682679938,28437.0074943391,32736.8157727917,30622.9580097367,5146.78731861926,8105.32048025863,7095.75958285651,7994.47667112113,12320.3094619738,4209.26407626084,3975.66303008693,5931.11997092455,1e+09,7940.76111078151,12327.984656861,11185.2499235064,3957.91686941502,3187.78354327893,2618.05915339971,4524.73351963406,4862.61843277879,7666.62643619082,13287.7862555581,16815.5750151786,16140.2253134459,6333.61493895864,4962.97409266863,7028.86488408335,8310.50852311097,4717.61933021307,7063.53885011614,7092.72562957993,3418.4955181483,4759.89881728593,3799.03259177912,3926.01822216861,3623.01357964609,4136.03866570418,3126.7467251442,3733.95617272083,1674.00906738882,4119.9796925349,3759.75937817834,3521.09045186289,2952.08922964737,4147.61551195383,4242.48793766111,2392.66111593347,3767.61462225106,2440.13567323622,2611.48654367584,4192.90823717858
4145.14929624977,18896.2313757373,18842.2947852882,23791.020924416,27569.1898943476,26642.4025655908,11865.0451548403,12724.3575869668,4980.36096932743,5032.26824970609,7854.7748911156,6172.19203541173,7603.29605525788,4016.76568863557,7940.76111078151,1e+09,6888.32795339333,8202.11833599101,6105.22867054953,6506.35688081279,6105.03228684337,6125.27319699293,5321.98187190637,4796.87705769076,8994.77820196251,12514.6680514347,11610.8680052225,4306.09174004688,5422.29604295081,5251.21241204353,5346.35324809351,8572.15156764625,12874.6011437869,10947.6376730325,5638.26747755904,8438.95310135683,5131.23184663293,6505.76741329568,6958.97064329201,6997.04910200722,8935.42855534641,7216.37189444253,7060.14308887575,6473.02755053615,6682.64661170258,6769.68051326649,8697.1214338251,6627.56280348214,4621.5640968724,7111.7955625285,5311.48299742172,8071.32950960992,8266.81740598521,10927.3196258598
7885.51931942976,12709.6015991494,12878.3992065318,17335.5282725477,21205.7440279586,20361.9812176001,15372.1892888716,18733.0390681731,7201.20528327724,5294.71065057384,4475.22516789938,11610.2030735082,13034.0612948382,8558.92883573056,12327.984656861,6888.32795339333,1e+09,5092.64945666791,11773.3195435357,11677.1276285909,10912.4929485659,11971.2059111227,11020.2115434414,5092.91611752049,2905.83957433992,6066.31174293738,5508.52145267675,7117.77202342138,10579.3749436864,6178.35494644812,5884.96213088071,13255.1623874776,18532.1536462792,16986.6410050045,10025.2040059143,14046.3956574347,9291.83734762937,12199.0226006594,12699.9226347525,12611.1037369138,14339.2756061385,12787.5016875854,11696.1695910029,12339.7623027066,12208.9679659748,11886.0196854456,13490.4991387643,12521.0741134297,9185.66284750317,11949.9671989717,10862.5524296917,12910.2037334118,11757.3623615758,15985.1380977019
9110.1680832573,14377.6427887189,13673.6413574841,18300.8766302929,22664.7614693912,20398.8254249552,13624.8032553281,18289.9272822885,6213.36551434084,4819.57040579345,5400.35060866422,11452.2704485792,12704.9550784527,9539.00125006806,11185.2499235064,8202.11833599101,5092.64945666791,1e+09,11420.0196233238,11296.3261896822,9908.59283965185,12143.3882804347,11262.1350852536,4892.39982233668,4249.62841223795,6770.19213724396,5983.01908630584,7356.76245414381,10948.5308742041,5210.12602642201,4784.74334195681,11382.1479662628,17396.4427447223,16675.9968679716,9535.77014399466,13962.2993475251,8620.24119547127,12029.0773513558,12434.3003175812,12696.6853400681,13484.795232383,12285.9397475366,10682.1051498476,12248.3216127027,11768.7678202053,11083.8613830154,12295.6689291596,12456.719879844,8813.59638548873,11018.9579305305,10764.3705401245,12330.1486782966,10167.7264928351,14700.7513295239
5625.81850084946,23727.0429790714,23387.8231623296,28602.6507347396,32671.8255874982,31064.5872890322,7886.59904178601,7732.76135216263,6695.93198208435,8102.68425377048,12166.5515781013,2827.64684267679,2640.05854632052,5198.83500785513,3957.91686941502,6105.22867054953,11773.3195435357,11420.0196233238,1e+09,2995.71659794447,3137.50097904367,2740.9181101412,2625.1379195768,7606.81354945026,13281.4869536359,17005.1899672747,16109.5942820482,6421.48739199884,4606.82892036377,7608.15644432342,8009.46667161429,4863.22418389282,7270.42142073622,6230.34508982448,4154.85768622705,4730.44819168332,3998.54994464243,2604.88523969867,2621.40044886316,3147.9791976441,3819.01099532327,3521.08677723228,3338.96097271292,2390.55508150304,2637.03309395237,3513.78946930518,4363.82373926812,2401.35191423498,4091.102615506,3425.41488933822,2730.41316386367,3816.87959094861,4980.54126156987,5455.37251628154
5628.62153059699,23809.6648118511,22702.5124220955,28037.8861894812,32209.1241238426,30427.529422845,6600.73159409622,8226.53074879685,6374.28180764704,7394.49004454668,11383.4314209732,1737.82111211137,2552.8903492708,4696.19513530901,3187.78354327893,6506.35688081279,11677.1276285909,11296.3261896822,2995.71659794447,1e+09,2456.14024560895,2714.62257069008,2609.55164815721,7359.97862462249,13008.1964181742,16637.9891158247,15719.5433846025,5330.12244030097,3974.07252536991,6979.6882046335,7754.77893266468,4782.02869023179,7240.60781188292,6858.26138432329,3319.70398162246,4226.79318900275,3487.43456050433,2788.85518921295,2840.8267582343,2376.98793375145,3396.71200130361,3674.00076986927,2732.81547747008,2896.68442860109,2216.14768609856,2533.54922774356,3249.41979740999,2636.8316709263,3635.44391424211,2904.99431877241,2802.60209987076,2730.90724470825,4075.06790632991,5116.57372877593
5569.36141964229,22754.2419195015,21868.1916243182,27202.5735441337,31410.7921432969,29409.6056544592,6645.08500097629,8971.34413377393,5205.56001738526,6440.51289695161,10633.0176683339,3148.35868541054,3735.72244904516,4982.03275210029,2618.05915339971,6105.03228684337,10912.4929485659,9908.59283965185,3137.50097904367,2456.14024560895,1e+09,3572.77941944364,3416.55176888921,6382.7859729745,12089.548446799,15598.4119011263,14784.6266023562,4760.4920469317,4309.31835730432,5764.57418992938,6545.56979409738,3930.98605862448,8038.17783422338,7584.59876539293,2705.91342409546,5352.50925732035,2506.84136867493,3609.82843175406,3485.03577003164,3845.79351610302,4083.10027218289,3609.42053045915,2095.82809290266,3365.49904679826,2755.46772085975,2350.65505591527,3261.63062698706,3544.03630535862,2672.97770853032,2352.18069913857,2719.16576396144,3503.16364021152,3485.28772082019,5519.39899975532
5252.395308752,23946.1173270491,23404.5002575381,28648.1086934827,32579.6289985844,31261.3158522478,8496.930654148,7650.70441619594,7184.52036116539,8197.74094144234,12025.3577863571,2422.32056454137,2817.19224706089,4575.06834458241,4524.73351963406,6125.27319699293,11971.2059111227,12143.3882804347,2740.9181101412,2714.62257069008,3572.77941944364,1e+09,2339.25751414845,8105.9034266638,13626.5883225516,17272.4479096855,16433.3705625565,5934.77335984282,3670.91327489496,7780.5622921483,8532.8557820814,6077.35442852398,7609.68726070921,6035.1426909726,4118.7210323473,4103.97239794568,4535.56336848026,2554.96128923708,2466.09542832389,2110.0730408448,4033.70401069538,3197.2865555186,3779.91259367198,1630.39983740186,2406.46883626196,3767.646297133,4828.97160172847,1547.38165502244,4079.09172065302,4068.81538165594,2245.82165941555,3653.34614331848,5834.07865691747,6060.91244562236
5138.4794959696,23165.1015300754,22303.8845506069,27678.1166184208,31710.5144214549,30230.9543112006,8303.84631272159,8816.24894168149,5965.96179472346,7283.00289123244,10952.3349230929,1816.99790960254,2976.65526287476,4446.83893736888,4862.61843277879,5321.98187190637,11020.2115434414,11262.1350852536,2625.1379195768,2609.55164815721,3416.55176888921,2339.25751414845,1e+09,7164.2193452811,12691.4157235826,16374.9524290393,15437.5281461249,5363.76106807527,4177.00134238666,7196.91428826966,7445.92474935787,5592.74948850742,8260.00349869781,7271.59842222465,4171.97542121235,5099.12951137741,3890.74527752717,3145.86154790703,3458.3264797153,2887.34528828819,4706.92850478951,4270.02636064463,4169.52893222963,2745.76999308027,2607.8136388937,3226.01933664385,4728.25765317416,2740.47235326321,3899.85881449573,4258.08288966995,2770.6994550835,4132.61843239852,5558.29149498297,6508.24218140352
5105.99362449661,16800.2660087393,16421.4660157155,21435.0159067867,25667.647778435,23885.2401454622,10663.0751603278,14491.9281022575,3453.05241104157,2343.5803012485,5826.60148444185,7572.16461009664,8864.07206224656,5570.64140885051,7666.62643619082,4796.87705769076,5092.91611752049,4892.39982233668,7606.81354945026,7359.97862462249,6382.7859729745,8105.9034266638,7164.2193452811,1e+09,6050.77434131368,9752.85548293422,8946.08687455582,3831.23045972179,6994.78434761215,2860.39416437665,2939.66002769028,8753.76593540746,13990.8526704629,12919.8374812457,5700.8431555955,10017.2968009289,4933.93195799253,8129.52363870725,8615.11202190662,8581.67393890609,9788.6546433869,8728.79890906533,7166.78463022296,8386.77738264227,8084.63348238496,7431.28534016155,8867.26699545582,8504.3563577322,5149.93401834431,7354.78242368868,6864.04333448588,8496.7586045209,7027.35250691895,11317.6443160713
9637.28567644957,11597.037701978,11433.374972999,15670.5236206038,19851.2821826627,18464.3058598936,15892.6046241168,20225.0314308952,8241.63693844251,6145.71290750715,4756.24062648222,13055.7680123193,14478.2646140068,10263.3854020153,13287.7862555581,8994.77820196251,2905.83957433992,4249.62841223795,13281.4869536359,13008.1964181742,12089.548446799,13626.5883225516,12691.4157235826,6050.77434131368,1e+09,4283.79208049364,3763.90154499291,8533.60346177393,12253.6950458994,7049.68614733309,6709.38925464159,14197.5242876778,19714.9947218431,18603.7758907244,11316.3611370882,15554.397603874,10572.154208041,13734.7715033997,14233.6719590519,14199.2725833614,15565.401723804,14250.5280836887,12791.2476888574,13896.3621718671,13625.8278512316,13117.2309167293,14531.4118628714,14093.9374787672,10579.7429238994,13153.3714804418,12416.1362486323,14080.0135024296,12400.8821541373,16987.3362269721
13312.0040714762,9046.56204213512,8074.44013296897,12035.250842604,16316.3405189889,14648.4910254197,19079.809473881,23995.6504882447,11458.9087928651,9517.5953627794,6687.99160039096,16697.3296103359,18084.3596252425,13922.2590873105,16815.5750151786,12514.6680514347,6066.31174293738,6770.19213724396,17005.1899672747,16637.9891158247,15598.4119011263,17272.4479096855,16374.9524290393,9752.85548293422,4283.79208049364,1e+09,2083.78424029457,11857.3974431365,15799.9727383056,10309.6025592357,9799.88751200747,17415.9900433337,23344.2286342942,22306.1083086629,14875.4448830917,19180.202278206,14097.5910455617,17459.6844934581,17888.7315044975,17828.1065527863,19188.1094650698,17797.94939579,16347.5072834852,17555.2957955199,17168.1258236273,16565.1109565466,17923.5994558822,17742.6155454234,14101.5042089665,16674.0434167181,15995.5357001602,17674.8399102198,15853.4248168937,20519.8243341043
12720.4119572638,9961.00572336448,8314.08693811894,12812.1252748051,17154.3082365306,15333.3365473631,18354.3901983449,23228.1547134528,10430.8217949258,8628.46682202001,5591.05495177789,15732.5471060633,17190.5433673052,13240.136499285,16140.2253134459,11610.8680052225,5508.52145267675,5983.01908630584,16109.5942820482,15719.5433846025,14784.6266023562,16433.3705625565,15437.5281461249,8946.08687455582,3763.90154499291,2083.78424029457,1e+09,11095.0103167054,15115.3600606171,9695.79680475514,8788.66054626642,16418.3102071742,22444.8153118733,21538.7762989428,14189.7935437201,18442.8103009655,13350.4492360819,16636.7330519486,17111.0488794025,16997.33885355,18375.5626115991,17086.2942170911,15611.9575715956,16734.5614369872,16267.5408069013,15639.3727907547,17067.2780901349,16875.5943770938,13351.5114453982,15903.7399913259,15227.8596004954,16933.4769004478,15095.3222188796,19703.9709089666
4052.47165935803,19268.499552194,18007.0060829778,23203.0910299447,27254.3244083852,25732.165517591,9498.80341623617,12781.0744007967,3737.97405706621,2959.06054958326,6683.52992274292,5516.57915655164,6968.03171809658,3668.85588628117,6333.61493895864,4306.09174004688,7117.77202342138,7356.76245414381,6421.48739199884,5330.12244030097,4760.4920469317,5934.77335984282,5363.76106807527,3831.23045972179,8533.60346177393,11857.3974431365,11095.0103167054,1e+09,4889.50051433682,2951.04124151121,4492.0282155503,7672.00940209278,12252.5672202074,11020.2553094155,4011.19163451461,7946.42784038212,3581.3456049647,6336.82534883202,6681.12856542216,6350.45558187757,8088.88987302955,6773.29651206855,5627.21790739438,6474.33529561916,6009.23024365018,5641.27447329059,7144.24243341448,6503.70508373496,3343.11967021822,5971.52438193967,5032.00609584289,6701.84977796429,6315.04516362314,9787.24895688262
3693.13635691941,22606.9001564124,22380.1480631988,27234.4654094513,31169.6505612078,30034.5742304032,8985.96819585959,8925.95618700876,7173.64019639959,7237.86641841365,11041.6235605775,4335.84998439752,5013.93098190432,3044.28141287891,4962.97409266863,5422.29604295081,10579.3749436864,10948.5308742041,4606.82892036377,3974.07252536991,4309.31835730432,3670.91327489496,4177.00134238666,6994.78434761215,12253.6950458994,15799.9727383056,15115.3600606171,4889.50051433682,1e+09,6119.76581748027,8039.80106954146,7365.12907302377,9349.27161452699,7144.76569281317,2599.75358184194,4033.28531072375,3806.89464147617,3130.87121627511,3750.74235854717,3801.39524073727,5406.69699148195,3481.78875460589,4069.06812132705,4193.97658384021,4587.90557118387,5077.47264773529,6198.34631385662,3947.91005040642,3340.22684725155,4073.55511436877,3021.00972562155,4575.25289684625,6057.0204887139,7822.73004596861
4998.95821130763,17888.8406732298,17052.0681949229,21955.7149006904,26161.2370783226,24363.1020489879,10079.2881488427,13997.1023681689,4044.43548367383,2430.13292821607,6237.71968838774,7315.93460658309,8513.72806622927,5149.31845041652,7028.86488408335,5251.21241204353,6178.35494644812,5210.12602642201,7608.15644432342,6979.6882046335,5764.57418992938,7780.5622921483,7196.91428826966,2860.39416437665,7049.68614733309,10309.6025592357,9695.79680475514,2951.04124151121,6119.76581748027,1e+09,3734.28327251696,8225.1922341487,13388.3754310073,12308.8203076087,4832.52011934767,9281.31896011014,4291.49107512762,7685.80799383513,8101.75006104237,8208.86483817952,9222.7597744005,7831.9138248898,6382.19058455637,8038.30751015411,7584.57529253287,7060.07373020282,8318.84728369863,8177.16057004508,4408.14442260006,6749.04163251346,6426.15147067823,7939.45622813679,6577.96834736228,10823.0475356574
6631.27152161635,17075.4151383795,15796.0728801465,21263.8329804201,25572.0296728672,23397.8796345695,11062.6630689902,15176.2348773008,2476.54815362028,2844.5708811348,5203.68306918283,7753.36572981051,9096.04999640503,6819.73216632442,8310.50852311097,5346.35324809351,5884.96213088071,4784.74334195681,8009.46667161429,7754.77893266468,6545.56979409738,8532.8557820814,7445.92474935787,2939.66002769028,6709.38925464159,9799.88751200747,8788.66054626642,4492.0282155503,8039.80106954146,3734.28327251696,1e+09,8044.39958597906,14167.732321575,13607.2929934796,6686.69130801625,10846.1290953455,5585.00886442448,8890.47305633958,9234.47928276413,9120.34920217971,10197.558178265,9165.57600486189,7684.66744398221,8693.48203740021,8018.74062277238,7354.47747335594,8827.43440576593,8841.62569730816,5557.81163848686,7785.39505806867,7329.22219350048,9059.22357959555,7338.60357097316,11464.4820256347
8884.86136279571,24800.0409753512,23228.6349378563,28851.9193177213,33264.2339105728,30597.6840878309,6231.93548417344,9593.69570404961,6649.36810427126,8688.63353786428,12444.9324575507,4973.01387467399,4844.08863901147,8163.7603617022,4717.61933021307,8572.15156764625,13255.1623874776,11382.1479662628,4863.22418389282,4782.02869023179,3930.98605862448,6077.35442852398,5592.74948850742,8753.76593540746,14197.5242876778,17415.9900433337,16418.3102071742,7672.00940209278,7365.12907302377,8225.1922341487,8044.39958597906,1e+09,7191.50764303981,8458.60230121384,5980.4002116748,6976.43915815225,5360.60850135505,5857.57295522642,5734.84510482193,6003.27578853412,4734.91721963542,5652.98914207342,4456.83380189345,5611.18678797097,4281.49298801248,3486.3961007321,3202.57171207765,5574.81663449122,5844.09798145103,4382.46154656262,5527.48193560142,5259.23570483393,4538.73204234398,4958.18221641763
11842.1418725161,30485.1749471706,29465.8234931098,34801.7461497638,39080.1757076833,36982.1626959322,7660.54635426221,4747.11017649686,12684.4689528809,14158.0151066596,18221.6893641973,7448.6874560019,6069.31286727748,11015.3655900837,7063.53885011614,12874.6011437869,18532.1536462792,17396.4427447223,7270.42142073622,7240.60781188292,8038.17783422338,7609.68726070921,8260.00349869781,13990.8526704629,19714.9947218431,23344.2286342942,22444.8153118733,12252.5672202074,9349.27161452699,13388.3754310073,14167.732321575,7191.50764303981,1e+09,5058.93483126636,9156.03670889867,6193.42346923735,9580.40734024916,6900.29097046639,6468.18675226682,6860.3274840127,4543.58853413247,6757.15004370186,7322.58480150281,7014.84901830396,6898.91508138055,7463.40708154795,6067.99962087178,6822.54206013418,9846.02743086266,7296.85598647801,8211.28393277811,6283.15940142378,8133.13396378666,3662.0133121959
9819.85784325822,28902.2262603074,28875.0990124554,33947.4781859183,37870.4148413877,36515.8804450529,9494.36512475689,2649.67694887509,12199.5619227741,13301.1710312288,17411.1152219236,7130.63899380694,5968.62820799721,9133.3202901464,7092.72562957993,10947.6376730325,16986.6410050045,16675.9968679716,6230.34508982448,6858.26138432329,7584.59876539293,6035.1426909726,7271.59842222465,12919.8374812457,18603.7758907244,22306.1083086629,21538.7762989428,11020.2553094155,7144.76569281317,12308.8203076087,13607.2929934796,8458.60230121384,5058.93483126636,1e+09,7762.93797548969,4413.43947144401,8607.63214201792,5223.4943649917,4926.69336086589,5585.89052439269,4847.29187907021,5184.25946475483,6917.76149145083,5929.60683033875,6680.19706873233,7557.61192847979,7193.50299516863,5573.0966845821,8566.55772581379,6570.45481183761,6942.26389692152,6440.5933888346,8913.74281201225,6058.69222962349
4070.00128249366,22060.5536710913,21491.4307280972,26507.3202175192,30648.4742265141,29007.4304611749,7372.15855052643,9418.22726960334,5752.43090732084,6034.83805624476,10220.8891986461,4070.28428752833,4753.31505646323,3500.68693665972,3418.4955181483,5638.26747755904,10025.2040059143,9535.77014399466,4154.85768622705,3319.70398162246,2705.91342409546,4118.7210323473,4171.97542121235,5700.8431555955,11316.3611370882,14875.4448830917,14189.7935437201,4011.19163451461,2599.75358184194,4832.52011934767,6686.69130801625,5980.4002116748,9156.03670889867,7762.93797548969,1e+09,4774.39959391754,1973.14656581816,3398.72953722417,3775.45069321532,3958.60879294734,4913.83584304564,3685.21370075061,2733.16150911358,4347.87617810121,4200.94733237635,4011.85733240852,4930.75552723921,4225.29672124929,2096.13238637258,2675.56583000681,2953.51372805342,3915.95943359989,4117.44982407801,6925.93897598008
6884.05210259917,26221.0974194426,25652.7084703662,30637.5565187288,34688.1671802547,33285.930224993,7677.98552644507,6066.51990951155,9607.158514207,10284.708732497,14264.0445049222,4511.02847425063,4052.96602226073,5867.60200835912,4759.89881728593,8438.95310135683,14046.3956574347,13962.2993475251,4730.44819168332,4226.79318900275,5352.50925732035,4103.97239794568,5099.12951137741,10017.2968009289,15554.397603874,19180.202278206,18442.8103009655,7946.42784038212,4033.28531072375,9281.31896011014,10846.1290953455,6976.43915815225,6193.42346923735,4413.43947144401,4774.39959391754,1e+09,5813.91530507626,2760.8146769749,2987.97220671478,3026.92513587634,3154.15309714034,3111.54749255093,4363.0326073157,4142.75714271305,4457.75100549593,5151.90868950528,5168.35534366591,3555.07316335403,5781.7556994394,4273.00329029829,4254.7743156835,3454.22955728191,6253.44503418716,5441.42279985667
4310.53900241026,21434.5099145397,20608.6107655077,25750.1980197338,29949.015986608,28127.2357069283,7364.7323473905,10288.265530822,4556.31587975417,5201.53171572567,9373.45876715741,3904.74779629876,4854.62707844794,3710.92149131452,3799.03259177912,5131.23184663293,9291.83734762937,8620.24119547127,3998.54994464243,3487.43456050433,2506.84136867493,4535.56336848026,3890.74527752717,4933.93195799253,10572.154208041,14097.5910455617,13350.4492360819,3581.3456049647,3806.89464147617,4291.49107512762,5585.00886442448,5360.60850135505,9580.40734024916,8607.63214201792,1973.14656581816,5813.91530507626,1e+09,3966.48927027416,4388.88039685522,4578.81953025013,5432.15915865874,4467.43911732438,3075.76393926777,4716.98869478187,4215.80107879867,3674.68605102531,4867.32321041042,4669.8795990475,2055.20105181951,3267.18774849258,3235.65100046343,4472.91240128845,3960.80181882406,7105.58731429007
5297.49282310982,24369.7599469609,23979.4000493674,29000.2876651508,33025.7371955131,31637.2982464259,7846.73820046903,7029.87921884153,7649.13956372218,8489.69313587364,12541.7514845734,2892.59195530583,2945.49678040904,4395.48661161651,3926.01822216861,6505.76741329568,12199.0226006594,12029.0773513558,2604.88523969867,2788.85518921295,3609.82843175406,2554.96128923708,3145.86154790703,8129.52363870725,13734.7715033997,17459.6844934581,16636.7330519486,6336.82534883202,3130.87121627511,7685.80799383513,8890.47305633958,5857.57295522642,6900.29097046639,5223.4943649917,3398.72953722417,2760.8146769749,3966.48927027416,1e+09,1468.4962550514,2234.42188728986,3221.07711903953,2263.62637106922,3159.031010215,2581.73922945366,3112.60010605282,3904.55059280835,4599.51275245542,2109.11673664594,3966.55953539084,3209.03079260701,2420.02057718524,3116.01179025369,5204.40042656212,5533.05485393015
5845.277293987,24811.1182350534,24383.5872379496,29461.7527866656,33480.6100228326,32041.8808826448,7723.2853311528,6560.01696485611,7952.50927232405,8902.97828153029,12992.8922217072,3128.73662844925,2796.21223019641,5009.02252302782,3623.01357964609,6958.97064329201,12699.9226347525,12434.3003175812,2621.40044886316,2840.8267582343,3485.03577003164,2466.09542832389,3458.3264797153,8615.11202190662,14233.6719590519,17888.7315044975,17111.0488794025,6681.12856542216,3750.74235854717,8101.75006104237,9234.47928276413,5734.84510482193,6468.18675226682,4926.69336086589,3775.45069321532,2987.97220671478,4388.88039685522,1468.4962550514,1e+09,2119.14345071305,2927.63623254324,2133.80364984691,3168.10712833389,2013.85478508258,2839.80593852819,3872.30967166884,4249.85245596833,1940.56914324123,4243.12926038083,3235.76762190983,2488.99620375363,2997.50996203516,5285.59786494395,4984.81736424716
5788.12815971623,24846.3037702331,23967.51395559,29232.9792762438,33263.9626084461,31825.0623175337,7505.92276934022,7208.31618520581,7760.30009897169,8733.47983027957,12583.633295102,2425.93653979242,2468.86384019046,4852.77812743381,4136.03866570418,6997.04910200722,12611.1037369138,12696.6853400681,3147.9791976441,2376.98793375145,3845.79351610302,2110.0730408448,2887.34528828819,8581.67393890609,14199.2725833614,17828.1065527863,16997.33885355,6350.45558187757,3801.39524073727,8208.86483817952,9120.34920217971,6003.27578853412,6860.3274840127,5585.89052439269,3958.60879294734,3026.92513587634,4578.81953025013,2234.42188728986,2119.14345071305,1e+09,3287.63791312243,3212.72525924642,3763.07262166172,2544.25374094252,2708.3256089695,3705.71854438515,4203.3744489398,1857.35364613204,4408.80652000062,3590.28084487829,2946.24906384372,2899.03416885693,5377.24364266675,5330.38640845108
7738.49720029025,26324.1604994024,25490.6016499101,30750.291615949,34995.0325321966,33033.8576964105,5778.31423310467,5896.64239739023,8802.92622486977,10058.471339478,14214.9382795565,3888.96169465579,2883.72655125274,6922.24865569708,3126.7467251442,8935.42855534641,14339.2756061385,13484.795232383,3819.01099532327,3396.71200130361,4083.10027218289,4033.70401069538,4706.92850478951,9788.6546433869,15565.401723804,19188.1094650698,18375.5626115991,8088.88987302955,5406.69699148195,9222.7597744005,10197.558178265,4734.91721963542,4543.58853413247,4847.29187907021,4913.83584304564,3154.15309714034,5432.15915865874,3221.07711903953,2927.63623254324,3287.63791312243,1e+09,3173.30838038159,3162.66615112946,3638.40114395046,3361.79119241514,3778.24096968417,2946.09302185114,3303.22929149643,5685.28657012116,3235.09611614555,4185.99813463886,2311.26656762045,4496.46767454187,2662.1399957553
6033.49258777203,24699.7740423895,24398.6807894115,29407.578043115,33443.2624715876,31931.2330093609,7971.67689934182,6839.34654692245,8061.47246174668,8975.03223415381,13032.5060073648,3968.93927054824,3729.1733806569,5299.48383132735,3733.95617272083,7216.37189444253,12787.5016875854,12285.9397475366,3521.08677723228,3674.00076986927,3609.42053045915,3197.2865555186,4270.02636064463,8728.79890906533,14250.5280836887,17797.94939579,17086.2942170911,6773.29651206855,3481.78875460589,7831.9138248898,9165.57600486189,5652.98914207342,6757.15004370186,5184.25946475483,3685.21370075061,3111.54749255093,4467.43911732438,2263.62637106922,2133.80364984691,3212.72525924642,3173.30838038159,1e+09,2870.58300226626,2746.2729654388,3176.09784197528,4111.83892323131,4446.42706817508,2529.83712029055,3933.24731874313,2894.77903821691,2581.12612415589,3259.03323220246,5220.09058206848,5273.2730814552
5626.74548466518,23521.0424537732,22855.6523260987,27961.8895855591,32199.4210428293,30242.7604462225,6047.24284400751,8265.94208388856,6499.48972647853,7419.65439961997,11718.5617266924,3489.97065589383,3514.01085531903,5085.70773822091,1674.00906738882,7060.14308887575,11696.1695910029,10682.1051498476,3338.96097271292,2732.81547747008,2095.82809290266,3779.91259367198,4169.52893222963,7166.78463022296,12791.2476888574,16347.5072834852,15611.9575715956,5627.21790739438,4069.06812132705,6382.19058455637,7684.66744398221,4456.83380189345,7322.58480150281,6917.76149145083,2733.16150911358,4363.0326073157,3075.76393926777,3159.031010215,3168.10712833389,3763.07262166172,3162.66615112946,2870.58300226626,1e+09,3504.159338529,2944.63657959688,3080.24411345919,3197.91389379076,3433.97415952712,3243.94324020936,1986.52343686149,2820.74772620665,2362.39122977122,2849.94264814224,4729.12653728995
5741.99393737054,24248.8548246469,23803.7102227216,28993.1171596571,32977.6180108782,31561.5225013433,8392.40795749349,7322.15676348165,7415.99117872992,8560.67160940075,12476.5229470995,2657.53240002827,2643.66394780048,5084.36607942426,4119.9796925349,6473.02755053615,12339.7623027066,12248.3216127027,2390.55508150304,2896.68442860109,3365.49904679826,1630.39983740186,2745.76999308027,8386.77738264227,13896.3621718671,17555.2957955199,16734.5614369872,6474.33529561916,4193.97658384021,8038.30751015411,8693.48203740021,5611.18678797097,7014.84901830396,5929.60683033875,4347.87617810121,4142.75714271305,4716.98869478187,2581.73922945366,2013.85478508258,2544.25374094252,3638.40114395046,2746.2729654388,3504.159338529,1e+09,1958.39823976126,3568.78188698889,4356.38848624638,1382.63999294827,4158.75985617107,3830.53193603708,2043.86731191142,3319.37284840073,5522.82265088243,5415.27445248161
