1e+09,4415.571603847,3866.76039963689,4327.92624367606,4068.24687505564,4732.87366455096,2996.61357797431,2859.10186943383,3375.7115140219,2674.89644479931,3283.9958960693,2467.98910487871,2503.68774360941,2048.42192377449,2230.22119077907,3212.7954025739,3236.54906982731,3574.53086393166,2422.52638968082,3001.90191370404,2061.59694232408,2162.62131063208,2817.74232567494,2387.82101259705,3253.50904687539,3226.22879675326,3803.14027999231,2640.69277902599,2545.15020417263,2649.69179594533,3087.63671744265,3195.34414071474,2950.29646344228,2840.06761053324,2296.81725657485,3081.87371864909,3059.64781110506,2549.48060890841,2541.31915412055,2390.61508476375,2211.5595837101,3128.24910373199,2301.43989063369,2303.7112347688,2548.90595258044,3434.53195910302,3256.62067479466,2459.10766014829,3252.75839025895,3326.40021816377,2654.18152167481,2058.03891987008,2317.29024569647,2438.13971796122
4415.571603847,1e+09,5363.07733305236,5925.0662761019,5575.75838573552,5677.42908717493,5679.43029399957,4674.01992611285,4930.6907818682,4898.55674397062,5525.73629663052,4963.98582126299,5115.97857403645,4943.7509461238,4531.02111282876,5059.79089908862,4406.59519941417,5393.93218378763,4884.62347457816,4890.9989390512,4593.49558111249,4488.9768563783,5002.68609768792,3931.56781474007,4784.16943316183,5049.71168162104,5152.20012097745,4829.72951465193,5052.40999032145,5119.26634206504,4932.94208549016,5508.75482844354,5604.38467183508,5227.75016421979,5014.18790649094,5715.98280894896,5114.15232130409,5419.7585468266,5279.07518237806,4995.33809258192,4883.98877341052,5485.35843555369,4633.21572486108,4807.94715891304,5075.38868789377,5279.969933475,5257.98791542925,4810.4478560421,5178.46547642253,4895.96680071465,5254.24087456028,4873.23589174585,4913.91904411336,4993.90913141198
3866.76039963689,5363.07733305236,1e+09,1848.69351032019,1715.87205502042,2258.11901369259,3472.92759764726,5163.27562545328,3175.61811660344,2397.23205906312,1951.45676267756,3857.34051019611,4519.61118434982,4102.32141995237,4266.75265756055,4259.52072503468,3469.03584328557,3639.44413382044,3119.71286635485,4364.5049826183,3950.79180142411,4203.73686771663,3852.48818296695,3468.55950847034,2623.75128022837,2769.15424424137,2973.19215263662,3599.72548553359,4388.36732977083,3389.97563759682,2713.47821629362,3822.90883642286,4489.6066339714,5272.81505911216,4241.43681246108,5035.19169504995,4389.67239454153,4343.071260341,4554.20381385155,4461.42455844543,4564.3632021236,4975.30852285564,4306.49241457593,4218.30087641932,4121.76904354186,4316.12442574354,4335.36855472519,4247.36858824379,4798.61715636911,4945.02421806001,4409.77268647716,4527.79004123424,4087.31917278306,4406.85074901567
4327.92624367606,5925.0662761019,1848.69351032019,1e+09,1560.24766934612,2417.3955078762,3783.77919691411,5864.27900089176,3674.44494140272,3129.48833445661,2792.87550644493,4390.80234179358,5215.08830419965,4401.92858973201,4705.68072821563,4671.06983337865,3588.27418700132,3892.29618463189,3772.7848278957,5056.45190595145,4697.38087136864,5086.22081387547,4464.63119489169,3925.51592447413,2723.67113693999,2862.47417991848,3238.52602947699,4205.56500222027,4775.07800209588,3813.10148897194,3307.41247923509,4398.99733292713,4976.65798596809,5908.68507448992,4634.67440757169,5138.46251939235,4665.59344466489,4741.57121286816,5003.04063193574,4932.45475227092,5026.3750627863,5182.47517065929,4689.56215607598,4836.76112092586,4616.92068054023,4740.90338526319,4665.01594213782,4807.47739563069,5009.24814968275,5285.17656831823,4817.43831496575,4759.71421314347,4273.19493502227,4803.21802399183
4068.24687505564,5575.75838573552,1715.87205502042,1560.24766934612,1e+09,2202.52754588904,3878.89974241408,5725.27525210797,3429.04320709145,2983.3183388301,2646.31463008464,4306.60601652856,4964.83368044691,4404.24423101172,4754.92721485829,4751.4367575082,3553.57083224747,3529.8088826734,3513.12419320752,5057.59459107786,4460.66823130795,4791.00851107572,4341.26957745082,3924.4374286514,2876.01924303368,2730.91097438199,3135.85202981582,3944.88699146123,4892.93600789955,3749.71120889329,3157.19023349877,4289.47191952576,4984.47343481736,5591.56426324512,4658.09131199679,5493.7357939475,4520.71119500018,4627.78525210494,4867.02783483925,4953.63012495887,5097.00684679744,5179.79945787479,4625.69830972579,4787.73075161919,4623.76739145688,4856.62563347228,4829.87916856105,4663.84006977083,4996.56674011265,5377.2052983125,4848.81180884554,4915.17725803455,4401.37676026491,4800.15755307052
4732.87366455096,5677.42908717493,2258.11901369259,2417.3955078762,2202.52754588904,1e+09,3889.44979151293,5945.20587730989,4127.3682784433,3504.10221791545,3254.62471744439,4865.64010964642,5482.27200168872,4573.06957119614,4933.81749423304,4872.52138076376,4052.47263534253,4253.27411914633,4195.06871973511,5109.72537803158,4801.47466064333,5273.18564734829,5086.21131583225,4295.71380757611,3220.53268362549,2871.94890800655,3035.5622469816,4212.26237188521,5083.62513159655,4060.61353818607,3484.55810551352,4407.71893951962,5555.83235596612,6033.2914086094,5029.03379389123,5513.29921387367,4963.7638572962,5099.64755488063,5331.08398073975,5475.54049163185,5325.00632655962,5453.20048197387,4770.68843178844,5237.87878250347,4912.70333632105,4726.73314995674,4804.4657815932,4897.13741026327,5219.4228242594,5310.88828858224,5134.32318638007,5313.24260075709,4879.63003052486,4989.83307645657
2996.61357797431,5679.43029399957,3472.92759764726,3783.77919691411,3878.89974241408,3889.44979151293,1e+09,3825.33771872498,3496.56821566518,2402.80261584259,3161.89453329804,3353.50700036544,4178.53412701153,2696.9332263332,2951.20312921696,3766.38704082573,3349.51149060576,4180.91597878982,3310.61788704163,3462.86850091077,3496.32933006889,3610.16060982056,3946.37254480618,2966.98224479015,3184.22497311355,3219.02788895965,3505.30702036213,2497.44282238853,3009.43978765152,2893.91705451279,3759.62747045502,3878.75296616064,4063.52750657603,3908.55852990588,3107.35412188569,2979.32895095523,3566.37571132095,3621.6216676373,3780.21276882664,3198.21305706796,3377.63164803387,4158.27730918706,3127.40973924109,4006.45612312178,3718.39597797222,3627.43433040489,3418.91832022937,3547.83687354703,4014.67131026937,3816.73533026591,3963.11281379927,3345.17475920168,3516.63808417926,3470.06771608279
2859.10186943383,4674.01992611285,5163.27562545328,5864.27900089176,5725.27525210797,5945.20587730989,3825.33771872498,1e+09,3903.87597726926,3280.20603194373,4148.91152274907,2956.91950411235,3676.83249842851,2642.32291183345,2350.01007287203,3583.68059291003,3846.33437976991,4492.82084045202,3556.26074602243,2531.96072112108,2166.1661789438,2398.07190697026,3635.49649807286,2968.53561972903,4093.88431435232,4646.58863791492,4670.47789358862,2554.52487511866,2347.82554224116,3026.1186421388,3678.93197214898,3656.75005752376,3152.12700254923,2349.32185581286,2398.33391834832,2932.55691799835,3409.13153612471,3505.67817558885,3189.07586051194,2487.24959662274,2431.61160477984,3058.80511343891,2294.57381672501,2771.72454273508,2859.9089320641,3507.65419098006,3208.94302562386,2639.84776989129,2809.34947114096,2304.23253705003,3641.22141458055,2814.98161168062,3105.09827693102,2843.7969023297
3375.7115140219,4930.6907818682,3175.61811660344,3674.44494140272,3429.04320709145,4127.3682784433,3496.56821566518,3903.87597726926,1e+09,2009.58650142262,2652.69988195046,2398.6669536849,3785.15565706352,3192.92716351313,3544.01864437816,2852.6859937785,2215.68314718057,2622.0043230895,2250.14796144609,3784.27360329562,3099.82894729693,3054.34121982139,2804.22160051591,2526.23502863451,2985.66212639676,3385.82794319203,3272.80418161552,2429.63551766515,3676.73496846047,3024.64236133795,2580.10442156902,2597.18846383931,3484.71733865173,3420.45183446573,3381.50099819592,3824.6113197814,2883.69070895268,3374.30253090917,3402.63188000113,3018.03553275968,3315.79578080436,3530.77592827696,2983.80995730291,3330.73202988472,2862.11569172177,3269.10965698613,3270.18688184636,3100.29435346065,3248.6450831539,3808.35378883055,3713.53441768082,3469.40716901317,3404.97630618775,3251.67579915342
2674.89644479931,4898.55674397062,2397.23205906312,3129.48833445661,2983.3183388301,3504.10221791545,2402.80261584259,3280.20603194373,2009.58650142262,1e+09,1569.97351461736,2474.93604878995,3444.64188410058,2590.24305481165,2804.64303853449,3088.41569187181,2540.0414526145,2702.63456353241,2052.5075174771,2841.92229610523,2503.93851905353,2611.25382764679,2902.0597762796,2023.15643394178,2174.03679129402,2620.36483589595,2549.20441591097,1638.35712620906,2535.62002417555,1838.53766436807,2217.08438583199,2646.26474106428,2990.22230778917,3197.0635592681,2453.22335895042,3217.84218107414,3067.28646229856,2867.69083825297,3096.46025647028,2723.69528198365,2898.77970251277,3450.29063256996,2626.19625793656,2997.69577128834,2840.13068613048,3170.30859300794,3014.47249891254,2796.26859954476,3317.67020021581,3304.91526992751,3261.5357645134,3125.62513780844,2902.26826716622,3121.99862343019
3283.9958960693,5525.73629663052,1951.45676267756,2792.87550644493,2646.31463008464,3254.62471744439,3161.89453329804,4148.91152274907,2652.69988195046,1569.97351461736,1e+09,3041.00368062914,3981.71481601834,3201.43278373918,3648.0751015844,3666.36672644732,3429.47647281622,3255.55503191084,2648.63234083177,3624.76539203574,3047.59496613313,3279.64593412155,3095.46112960573,2951.87362198994,2563.83551880771,2960.55765328088,2959.92194435934,2671.9398912775,3346.4885042982,2714.47179125148,2167.96369898114,3154.46613977706,3513.38022724555,4173.52005551669,3256.44279358628,4083.24353619766,3605.39607372061,3213.43956874873,3686.63533513962,3606.07518736091,3631.08445306633,3818.10452620145,3501.74299179709,3381.39111979079,3323.39124174389,3272.25291664627,3505.95590524182,3200.19136099703,3815.9204080012,4074.60026702007,3462.74225893294,3742.40658735793,3438.44267382779,3618.97964715194
2467.98910487871,4963.98582126299,3857.34051019611,4390.80234179358,4306.60601652856,4865.64010964642,3353.50700036544,2956.91950411235,2398.6669536849,2474.93604878995,3041.00368062914,1e+09,2670.389977082,1991.42020035953,2787.11095168456,2782.25210960474,2654.81055335404,3483.26841538231,2262.08613737408,2390.04881379021,2440.53308152133,2112.99644367898,2076.22089877258,2414.26771589234,3219.67262567175,3884.34073325191,3632.53596407524,2386.24333009021,2913.05466224031,3099.1179851532,2886.28655574945,2428.02090464642,1996.67490348329,2849.34192521712,2986.2135136825,2956.27775131161,2567.31201601987,2570.14348537197,2862.64748386874,1997.14359721578,2088.72627462289,3119.11411150666,2304.39172329706,2596.32726253837,2209.52012896466,3069.40705933573,2851.6576564693,2239.70085131921,2995.25118145374,3209.43589205331,3231.26721717657,2249.0592881247,2402.28747118241,2179.30830253546
2503.68774360941,5115.97857403645,4519.61118434982,5215.08830419965,4964.83368044691,5482.27200168872,4178.53412701153,3676.83249842851,3785.15565706352,3444.64188410058,3981.71481601834,2670.389977082,1e+09,2972.72733527648,3055.99616228489,3362.87664821355,3582.18181159192,3738.64956152619,2455.39514652937,2875.73051546907,2562.33424098028,2642.94825388239,2434.38226616117,2978.87521485879,3953.23413080986,3946.10214521875,4100.02362268805,3311.91294349655,3488.08851921794,3501.35012842189,3788.85204319197,2890.54590991044,2446.2368140268,3057.5382175044,3151.49762002131,3993.32846915953,3435.1550435024,2589.92407585628,2499.80401543801,2843.14819979543,2543.46527426659,3755.25867882627,3139.06597447394,2359.49916471695,2603.5737948059,3498.17018233819,3259.10556263525,3043.73771713333,3945.60974249862,3764.89427959139,2891.65419469549,2808.98847388166,3035.64122097787,2679.50895576037
2048.42192377449,4943.7509461238,4102.32141995237,4401.92858973201,4404.24423101172,4573.06957119614,2696.9332263332,2642.32291183345,3192.92716351313,2590.24305481165,3201.43278373918,1991.42020035953,2972.72733527648,1e+09,2021.98228196985,2625.48461922747,2728.33092450311,3572.26236886374,2709.22429697137,2170.02347086385,2123.8241823183,2490.73224261461,2725.2951279999,2144.27909013729,2855.01780384992,3162.11763437099,3425.88822425659,2096.92707403,2272.16666404558,2698.32834593939,2973.06294028566,2828.30393999655,2597.83288015222,2677.63002130615,2138.03960723369,2120.14863113415,2399.1121076765,1968.4736210069,2161.65324381595,1991.66514969259,1514.88765982828,2602.56598867349,1971.65417779082,2514.236225974,2470.21858111787,2679.23746612726,2374.34982887948,2148.4728793727,2565.34020285809,2509.2130473517,2503.19740647836,1825.88814211057,2052.26462143652,1600.26566203865
2230.22119077907,4531.02111282876,4266.75265756055,4705.68072821563,4754.92721485829,4933.81749423304,2951.20312921696,2350.01007287203,3544.01864437816,2804.64303853449,3648.0751015844,2787.11095168456,3055.99616228489,2021.98228196985,1e+09,3160.60763847713,3033.3713689227,3882.94336541238,2802.27324786503,2292.18829634478,1714.4067525532,2560.81118210617,3307.93890773394,2458.71729834888,3434.87825538257,3105.00647484027,3727.31097459013,2029.5515576107,1807.65634682038,2274.14246877807,3078.65040521005,2998.98877983896,2671.93395749221,2979.3489108864,1775.52897219392,2396.51356355436,2728.74048161418,2915.86943178188,2174.22132983282,1800.60430686478,2010.18596505398,2392.29267904243,1821.26887438401,2029.7204859783,2317.68260046539,2869.48113105837,1965.91037789112,2217.6439684494,2418.36149187833,1824.54070680815,2465.67850012933,1755.32113355363,2103.16228456104,1872.46027143435
3212.7954025739,5059.79089908862,4259.52072503468,4671.06983337865,4751.4367575082,4872.52138076376,3766.38704082573,3583.68059291003,2852.6859937785,3088.41569187181,3666.36672644732,2782.25210960474,3362.87664821355,2625.48461922747,3160.60763847713,1e+09,2660.34472781254,3458.42374182228,2575.10713841192,3538.90811173447,3060.9194599009,3377.95000637961,2840.19427287994,2681.46067232022,3283.85470654534,3520.54336348809,3515.38678260302,3274.78167400515,3527.53920879698,3555.71561766404,3361.75581390142,2534.01561534257,3654.59123169747,3565.83022691771,3460.0252874943,3243.45508279366,3453.73332774839,3174.65687421491,3008.43587634837,2971.13330897488,2706.90309063697,3569.40818439136,3285.62719008107,2935.98278046722,2811.62265204632,2823.71890323736,3080.7969576556,2948.59490937633,3604.95728659855,3589.78283201087,3313.63369933974,3241.7336850056,3547.71497603739,2996.78401492333
3236.54906982731,4406.59519941417,3469.03584328557,3588.27418700132,3553.57083224747,4052.47263534253,3349.51149060576,3846.33437976991,2215.68314718057,2540.0414526145,3429.47647281622,2654.81055335404,3582.18181159192,2728.33092450311,3033.3713689227,2660.34472781254,1e+09,2818.24669267969,2525.63556953492,3274.39336019666,3091.89984786054,3605.39563118945,2780.24753385378,2125.47229231529,2333.44614660377,2783.93070657299,3044.19322528975,2647.06047694419,3614.9643755921,2987.42815463402,3054.20526502395,3030.11091499965,3426.4561505147,3671.27784410279,3263.10671515659,3740.57249710522,2553.56849643788,3356.09301787063,3138.03329426251,2947.90179984002,3211.16345029337,3811.60281055096,3102.95491704279,3445.63184838427,3253.98448341414,3602.90344223933,3125.65246991728,3559.33497237897,3375.69075351994,3468.94913442097,3836.91121552219,3314.98879136868,3110.07196704514,3036.18965993562
3574.53086393166,5393.93218378763,3639.44413382044,3892.29618463189,3529.8088826734,4253.27411914633,4180.91597878982,4492.82084045202,2622.0043230895,2702.63456353241,3255.55503191084,3483.26841538231,3738.64956152619,3572.26236886374,3882.94336541238,3458.42374182228,2818.24669267969,1e+09,2498.11552833331,4013.01218910434,3312.19121800056,3762.13030925299,3722.74158083797,2685.5542325561,2801.80500426065,2654.98620621652,2553.91600177061,3182.78362996921,4192.43970549369,3073.19668669286,2683.6368622636,2744.50506047994,3741.51113340586,3564.0365825283,3266.21792719041,4527.70463609322,3370.34914986563,3216.17243244202,3158.16588296119,3490.47379667861,3653.63290612234,4037.62093352013,3642.62059616425,3832.3664868851,3723.5230687482,4287.45545242164,4050.70619745496,3729.07070783057,3723.16561866377,3955.63742655972,3925.85160455665,4151.20512481617,3255.75442283352,3692.18768530258
2422.52638968082,4884.62347457816,3119.71286635485,3772.7848278957,3513.12419320752,4195.06871973511,3310.61788704163,3556.26074602243,2250.14796144609,2052.5075174771,2648.63234083177,2262.08613737408,2455.39514652937,2709.22429697137,2802.27324786503,2575.10713841192,2525.63556953492,2498.11552833331,1e+09,3012.91486554134,2388.71269233033,2503.3082024593,2562.90716964154,2233.35919433037,2752.27543381835,2680.62777664114,2637.02770857646,2513.62296995791,3248.90644200476,2665.94274495909,2198.89219121811,1984.08537923649,2776.91504726018,3128.50013253955,2862.38271759735,3633.02393928254,2862.17295132562,2654.72441822122,2576.06809708129,2472.34970968915,2828.92367383781,3376.39498656481,2714.81856194848,2440.41008732139,2252.85370497065,3005.91748133577,2910.8307484634,2394.9538959028,3249.6688325274,3370.56481490862,2889.5506006471,3077.75625145982,2821.56286112856,2644.2500542876
3001.90191370404,4890.9989390512,4364.5049826183,5056.45190595145,5057.59459107786,5109.72537803158,3462.86850091077,2531.96072112108,3784.27360329562,2841.92229610523,3624.76539203574,2390.04881379021,2875.73051546907,2170.02347086385,2292.18829634478,3538.90811173447,3274.39336019666,4013.01218910434,3012.91486554134,1e+09,2345.81767580091,2558.06904162104,3057.66743391102,2417.33302325104,3165.37221463764,3827.29788084231,3522.01107860268,2341.36867470717,2507.99114996445,3018.83793582895,3401.31095882161,3165.55047246131,2096.60332707453,2889.80842411742,2506.52363076832,2989.6030561598,3236.34783815028,2581.52591555847,2755.30309160354,2099.035064881,2166.27889677207,3442.53159516365,2572.32397160622,2795.514072313,2912.77138804267,3419.99063396378,2673.47196761066,2595.13853300744,3168.71632480726,2345.98803882288,3228.78510587187,2638.28663416241,2381.76218386723,2351.40878364439
2061.59694232408,4593.49558111249,3950.79180142411,4697.38087136864,4460.66823130795,4801.47466064333,3496.32933006889,2166.1661789438,3099.82894729693,2503.93851905353,3047.59496613313,2440.53308152133,2562.33424098028,2123.8241823183,1714.4067525532,3060.9194599009,3091.89984786054,3312.19121800056,2388.71269233033,2345.81767580091,1e+09,2175.61761580476,2684.02733933543,2395.55371139952,3308.27240143553,3189.02556509038,3710.46786846349,1957.13965526224,2261.04514205267,2117.95754402679,2413.02018240627,2432.355998492,2214.76008565262,2457.75109382541,1641.42057489846,3118.12004953305,2491.94158535067,2434.83449704492,1786.61626990801,2113.84012505677,2095.8576869864,2273.33173628487,1967.13588132594,1470.27500713302,1933.83046234669,2754.15529073798,2225.85821612698,2084.90594262667,2205.07860970987,2187.8043945929,2269.4079008411,2179.8065475404,2227.48459550229,1845.64880486511
2162.62131063208,4488.9768563783,4203.73686771663,5086.22081387547,4791.00851107572,5273.18564734829,3610.16060982056,2398.07190697026,3054.34121982139,2611.25382764679,3279.64593412155,2112.99644367898,2642.94825388239,2490.73224261461,2560.81118210617,3377.95000637961,3605.39563118945,3762.13030925299,2503.3082024593,2558.06904162104,2175.61761580476,1e+09,2797.11810835724,2570.84485051121,3789.62958283524,4057.93261373325,4069.85512691791,2340.88511994929,2479.75739022994,2864.75539606787,3021.3020251706,2923.74349558917,2670.27223151498,2209.74304700795,2563.85523154097,3154.13915439697,3059.80321828055,2689.19903465697,2837.5333880855,2192.27182190074,1871.45823995621,2947.55197328224,2029.67472842325,2303.68600746716,2333.11803578387,3238.13513376141,3236.37283941452,2043.72016998414,3148.76327077791,3124.32375006176,2750.31485106706,2454.51597560497,2640.39947667015,2455.43937605879
2817.74232567494,5002.68609768792,3852.48818296695,4464.63119489169,4341.26957745082,5086.21131583225,3946.37254480618,3635.49649807286,2804.22160051591,2902.0597762796,3095.46112960573,2076.22089877258,2434.38226616117,2725.2951279999,3307.93890773394,2840.19427287994,2780.24753385378,3722.74158083797,2562.90716964154,3057.66743391102,2684.02733933543,2797.11810835724,1e+09,2669.56868225937,3249.39690333453,3965.83484942326,4187.73345185674,3065.48627534034,3476.45770753795,3506.31108525755,3438.91502227083,3178.67015368062,2623.87937746765,3298.30080627889,3260.20559526543,3943.25891036843,2886.29854843535,2448.00235394086,2897.14516774704,2759.41906973189,2668.83424914325,3518.55812461582,3325.97185236135,2569.75307909145,2710.65989445375,3110.65881092736,3114.2199448337,3131.01235594815,3583.80069793229,3886.85853628608,3033.05212175788,2846.22950768205,3062.09879084591,2716.14743664625
2387.82101259705,3931.56781474007,3468.55950847034,3925.51592447413,3924.4374286514,4295.71380757611,2966.98224479015,2968.53561972903,2526.23502863451,2023.15643394178,2951.87362198994,2414.26771589234,2978.87521485879,2144.27909013729,2458.71729834888,2681.46067232022,2125.47229231529,2685.5542325561,2233.35919433037,2417.33302325104,2395.55371139952,2570.84485051121,2669.56868225937,1e+09,2030.72985788361,2814.21005257248,2703.2900280769,2266.23407012603,2869.72553562183,2754.28438951028,2759.65737462099,3047.76288024512,3002.29705475658,2750.58091784263,2124.37630863743,3077.41138418314,2753.30548083572,2308.61872586185,2474.13283331757,2087.95020005267,2215.60089206066,3475.75220192694,2575.48061802064,2800.61950478818,2910.27363625828,3082.67167607905,2868.82232825597,2685.92293407685,3033.95558893007,2786.9149204093,2972.60892601095,2626.67200862613,2271.52642273868,2522.81566990139
3253.50904687539,4784.16943316183,2623.75128022837,2723.67113693999,2876.01924303368,3220.53268362549,3184.22497311355,4093.88431435232,2985.66212639676,2174.03679129402,2563.83551880771,3219.67262567175,3953.23413080986,2855.01780384992,3434.87825538257,3283.85470654534,2333.44614660377,2801.80500426065,2752.27543381835,3165.37221463764,3308.27240143553,3789.62958283524,3249.39690333453,2030.72985788361,1e+09,2379.5819781844,2149.6487387478,2931.24334890503,3691.71388399751,3047.9892941413,2602.208809992,3537.7257431152,3796.55956351273,4175.60354524948,3139.25556570344,4010.68871108193,3689.5320774727,3155.91992881632,3511.07468906601,3366.9373557285,3449.27904527888,4180.88594787038,3533.30349883788,3649.68811753826,3601.2031600286,3770.33180425808,3534.66157961409,3482.62054549444,3669.92106829289,3591.39715265522,3809.48907045289,3667.02134245221,2861.45135920567,3394.12858171284
3226.22879675326,5049.71168162104,2769.15424424137,2862.47417991848,2730.91097438199,2871.94890800655,3219.02788895965,4646.58863791492,3385.82794319203,2620.36483589595,2960.55765328088,3884.34073325191,3946.10214521875,3162.11763437099,3105.00647484027,3520.54336348809,2783.93070657299,2654.98620621652,2680.62777664114,3827.29788084231,3189.02556509038,4057.93261373325,3965.83484942326,2814.21005257248,2379.5819781844,1e+09,2120.84921809637,3008.33752873576,3697.12280650779,2701.50857572209,2607.8542974062,3177.01643505349,4049.7343141742,4424.80381752683,3160.87784453939,4149.9878599461,3502.08747514964,3374.87383343437,3107.73430970217,3658.38583116926,3763.14055967884,3932.41240795011,3550.91642278441,3586.16562152391,3712.80529296919,3798.04148185614,3395.3680398596,3622.83710492205,3811.32678457253,3763.42834729187,3318.71207193393,3790.07108005905,3240.60539936599,3443.94415804031
3803.14027999231,5152.20012097745,2973.19215263662,3238.52602947699,3135.85202981582,3035.5622469816,3505.30702036213,4670.47789358862,3272.80418161552,2549.20441591097,2959.92194435934,3632.53596407524,4100.02362268805,3425.88822425659,3727.31097459013,3515.38678260302,3044.19322528975,2553.91600177061,2637.02770857646,3522.01107860268,3710.46786846349,4069.85512691791,4187.73345185674,2703.2900280769,2149.6487387478,2120.84921809637,1e+09,3163.06951882187,4071.31004150998,3387.54904070775,2739.02612897358,3088.96762846424,4051.14672961867,4494.05941757561,3734.65351565577,4308.78657768054,4084.83860700763,3571.40770519133,3767.37378817128,3726.58974533017,3945.72225801564,4510.27421362604,3802.74496648145,4097.81103804214,3928.04141133975,3920.0411713144,3740.23145735662,3435.06632778757,4138.71518185294,3835.61307437286,4115.00443966954,4258.83703050492,3498.39027126763,3828.72982731872
2640.69277902599,4829.72951465193,3599.72548553359,4205.56500222027,3944.88699146123,4212.26237188521,2497.44282238853,2554.52487511866,2429.63551766515,1638.35712620906,2671.9398912775,2386.24333009021,3311.91294349655,2096.92707403,2029.5515576107,3274.78167400515,2647.06047694419,3182.78362996921,2513.62296995791,2341.36867470717,1957.13965526224,2340.88511994929,3065.48627534034,2266.23407012603,2931.24334890503,3008.33752873576,3163.06951882187,1e+09,2053.16535554251,1821.28705922488,2637.54632840828,2671.88577622622,2672.14508651757,2526.8564227514,1982.47385569142,2744.27334055848,2489.01510413256,2702.59165550403,2539.51065118853,2188.72791244138,2423.94930258452,2592.15084962276,1784.26313165968,2665.79201788137,2473.03230454032,2809.89540059768,2223.65182069946,2272.73977863723,2420.39535427583,2339.12088452051,2961.12989201757,2543.28302909841,2583.62156923184,2353.85356386076
2545.15020417263,5052.40999032145,4388.36732977083,4775.07800209588,4892.93600789955,5083.62513159655,3009.43978765152,2347.82554224116,3676.73496846047,2535.62002417555,3346.4885042982,2913.05466224031,3488.08851921794,2272.16666404558,1807.65634682038,3527.53920879698,3614.9643755921,4192.43970549369,3248.90644200476,2507.99114996445,2261.04514205267,2479.75739022994,3476.45770753795,2869.72553562183,3691.71388399751,3697.12280650779,4071.31004150998,2053.16535554251,1e+09,1891.79997005497,3382.67746028202,3177.31057141099,2613.38835728638,2865.07206300295,1880.73870526982,1896.00951556156,3158.380106257,2954.69867299527,2940.553096868,2482.3951596996,2141.4439004326,2450.24879773463,1899.71082378345,2554.7333000922,2633.69281160503,3068.19020015057,2584.49547798018,2596.87330033639,2937.83636542269,2452.87766258328,2682.52472238375,2163.73713012926,2730.33711471679,2746.22049928625
2649.69179594533,5119.26634206504,3389.97563759682,3813.10148897194,3749.71120889329,4060.61353818607,2893.91705451279,3026.1186421388,3024.64236133795,1838.53766436807,2714.47179125148,3099.1179851532,3501.35012842189,2698.32834593939,2274.14246877807,3555.71561766404,2987.42815463402,3073.19668669286,2665.94274495909,3018.83793582895,2117.95754402679,2864.75539606787,3506.31108525755,2754.28438951028,3047.9892941413,2701.50857572209,3387.54904070775,1821.28705922488,1891.79997005497,1e+09,2448.75933145746,2600.94707887339,2900.89430057353,3094.675166427,1930.22202888683,3015.67399023833,2855.67009213249,3216.76097577983,2932.34805597835,2971.85601414335,2827.7334435551,2786.95351272676,2108.18125622537,2781.85275672527,2656.49863832075,3410.89881773119,2881.46278160937,3072.47830379646,2927.00539290586,2796.99554806582,3047.42738504136,2946.38145083083,2798.94119922159,2988.27911634774
3087.63671744265,4932.94208549016,2713.47821629362,3307.41247923509,3157.19023349877,3484.55810551352,3759.62747045502,3678.93197214898,2580.10442156902,2217.08438583199,2167.96369898114,2886.28655574945,3788.85204319197,2973.06294028566,3078.65040521005,3361.75581390142,3054.20526502395,2683.6368622636,2198.89219121811,3401.31095882161,2413.02018240627,3021.3020251706,3438.91502227083,2759.65737462099,2602.208809992,2607.8542974062,2739.02612897358,2637.54632840828,3382.67746028202,2448.75933145746,1e+09,2321.98046208404,3320.80987319359,3872.39031019602,2923.6998530629,3937.02733952915,3113.45579164054,3334.13074544176,3169.46767410554,3245.48363369776,3255.86416789767,3054.27172656593,2709.9975740026,2759.6513348791,2524.13376848375,3151.8950511716,3080.45717535563,2572.0546228842,2724.25719826525,3115.16777447058,3147.29582138381,3400.33352990556,2706.46081710044,2828.24452312738
3195.34414071474,5508.75482844354,3822.90883642286,4398.99733292713,4289.47191952576,4407.71893951962,3878.75296616064,3656.75005752376,2597.18846383931,2646.26474106428,3154.46613977706,2428.02090464642,2890.54590991044,2828.30393999655,2998.98877983896,2534.01561534257,3030.11091499965,2744.50506047994,1984.08537923649,3165.55047246131,2432.355998492,2923.74349558917,3178.67015368062,3047.76288024512,3537.7257431152,3177.01643505349,3088.96762846424,2671.88577622622,3177.31057141099,2600.94707887339,2321.98046208404,1e+09,2597.35038029142,3267.52505242117,3112.99192939847,3381.20786168198,2961.98104791371,3053.80270554599,2773.58110862113,2941.81732843832,2754.99106062071,2928.79752048516,2529.14631280992,2607.53872780444,2065.91139212213,2956.15556726976,2742.90583934265,2556.8002740926,3056.5640957127,3165.74126836038,3039.85755876817,3171.84072558822,3076.97345295666,2652.82013067226
2950.29646344228,5604.38467183508,4489.6066339714,4976.65798596809,4984.47343481736,5555.83235596612,4063.52750657603,3152.12700254923,3484.71733865173,2990.22230778917,3513.38022724555,1996.67490348329,2446.2368140268,2597.83288015222,2671.93395749221,3654.59123169747,3426.4561505147,3741.51113340586,2776.91504726018,2096.60332707453,2214.76008565262,2670.27223151498,2623.87937746765,3002.29705475658,3796.55956351273,4049.7343141742,4051.14672961867,2672.14508651757,2613.38835728638,2900.89430057353,3320.80987319359,2597.35038029142,1e+09,2917.10829846957,2603.31329023228,3161.15168419676,2862.36429879217,2433.9603039491,2460.72341978939,2170.39714326664,2364.34618778638,2969.47734933271,2664.03211005423,2366.79228383059,2488.84068411379,3491.47183137714,2700.11778219025,2756.5343553455,3095.05558037332,2965.44956989661,2928.97470224651,2371.99857683347,2403.61838605882,2428.76284883889
2840.06761053324,5227.75016421979,5272.81505911216,5908.68507448992,5591.56426324512,6033.2914086094,3908.55852990588,2349.32185581286,3420.45183446573,3197.0635592681,4173.52005551669,2849.34192521712,3057.5382175044,2677.63002130615,2979.3489108864,3565.83022691771,3671.27784410279,3564.0365825283,3128.50013253955,2889.80842411742,2457.75109382541,2209.74304700795,3298.30080627889,2750.58091784263,4175.60354524948,4424.80381752683,4494.05941757561,2526.8564227514,2865.07206300295,3094.675166427,3872.39031019602,3267.52505242117,2917.10829846957,1e+09,2271.62700030177,3147.28407308587,2766.38210086749,2488.20028767782,2552.16186487064,2310.96601283965,2203.44894052483,3084.85780696615,2438.12748128559,3097.19740720542,3066.24908719106,3712.47359313167,3459.29099352743,2963.32537697095,3023.52027388605,2992.44399456364,3261.43133347921,3027.40949676452,3115.81626659853,2785.3807027945
2296.81725657485,5014.18790649094,4241.43681246108,4634.67440757169,4658.09131199679,5029.03379389123,3107.35412188569,2398.33391834832,3381.50099819592,2453.22335895042,3256.44279358628,2986.2135136825,3151.49762002131,2138.03960723369,1775.52897219392,3460.0252874943,3263.10671515659,3266.21792719041,2862.38271759735,2506.52363076832,1641.42057489846,2563.85523154097,3260.20559526543,2124.37630863743,3139.25556570344,3160.87784453939,3734.65351565577,1982.47385569142,1880.73870526982,1930.22202888683,2923.6998530629,3112.99192939847,2603.31329023228,2271.62700030177,1e+09,2523.33820892087,2670.24603437586,2240.87647966147,1854.87220438498,1993.83586756784,1969.29343664168,2405.53120148129,2033.74415256689,2262.42438863711,2587.95399677042,3088.41378425884,2458.55946936412,2604.97715500539,2303.57624859695,2057.07608393564,2283.74295004933,2150.3169317103,2005.24450970449,2207.29836519669
3081.87371864909,5715.98280894896,5035.19169504995,5138.46251939235,5493.7357939475,5513.29921387367,2979.32895095523,2932.55691799835,3824.6113197814,3217.84218107414,4083.24353619766,2956.27775131161,3993.32846915953,2120.14863113415,2396.51356355436,3243.45508279366,3740.57249710522,4527.70463609322,3633.02393928254,2989.6030561598,3118.12004953305,3154.13915439697,3943.25891036843,3077.41138418314,4010.68871108193,4149.9878599461,4308.78657768054,2744.27334055848,1896.00951556156,3015.67399023833,3937.02733952915,3381.20786168198,3161.15168419676,3147.28407308587,2523.33820892087,1e+09,3371.90787532815,3131.75926091071,3129.43636864532,2457.4856421961,2111.47948325339,2821.4387029847,2225.41657464395,3173.73709117501,2912.35700534807,3102.69342504218,2692.82598360904,2824.98152841749,3077.56218704026,2742.81725951621,3056.32721963798,2144.3272308582,2964.55973943856,2713.20353103117
3059.64781110506,5114.15232130409,4389.67239454153,4665.59344466489,4520.71119500018,4963.7638572962,3566.37571132095,3409.13153612471,2883.69070895268,3067.28646229856,3605.39607372061,2567.31201601987,3435.1550435024,2399.1121076765,2728.74048161418,3453.73332774839,2553.56849643788,3370.34914986563,2862.17295132562,3236.34783815028,2491.94158535067,3059.80321828055,2886.29854843535,2753.30548083572,3689.5320774727,3502.08747514964,4084.83860700763,2489.01510413256,3158.380106257,2855.67009213249,3113.45579164054,2961.98104791371,2862.36429879217,2766.38210086749,2670.24603437586,3371.90787532815,1e+09,2743.60033255575,2584.70132214537,2614.37743267876,2721.56509348941,2709.13503524649,2442.05138160523,3156.8950295504,2948.91648228633,3116.62766439946,2756.40360079942,3179.05209611293,2517.24725972639,2995.86479634846,3097.80844656347,2882.18126392148,2863.51151996984,2261.57602147264
2549.48060890841,5419.7585468266,4343.071260341,4741.57121286816,4627.78525210494,5099.64755488063,3621.6216676373,3505.67817558885,3374.30253090917,2867.69083825297,3213.43956874873,2570.14348537197,2589.92407585628,1968.4736210069,2915.86943178188,3174.65687421491,3356.09301787063,3216.17243244202,2654.72441822122,2581.52591555847,2434.83449704492,2689.19903465697,2448.00235394086,2308.61872586185,3155.91992881632,3374.87383343437,3571.40770519133,2702.59165550403,2954.69867299527,3216.76097577983,3334.13074544176,3053.80270554599,2433.9603039491,2488.20028767782,2240.87647966147,3131.75926091071,2743.60033255575,1e+09,1800.38733790815,2231.87680459742,2024.70041475276,2966.02961020284,2907.29547404456,2650.59931430611,2946.38854941096,3049.6281831889,2838.90941812168,2614.34553496664,3076.16806218386,3183.64655158201,2048.86353981909,2532.12415416385,2372.43837011628,2201.0077779281
2541.31915412055,5279.07518237806,4554.20381385155,5003.04063193574,4867.02783483925,5331.08398073975,3780.21276882664,3189.07586051194,3402.63188000113,3096.46025647028,3686.63533513962,2862.64748386874,2499.80401543801,2161.65324381595,2174.22132983282,3008.43587634837,3138.03329426251,3158.16588296119,2576.06809708129,2755.30309160354,1786.61626990801,2837.5333880855,2897.14516774704,2474.13283331757,3511.07468906601,3107.73430970217,3767.37378817128,2539.51065118853,2940.553096868,2932.34805597835,3169.46767410554,2773.58110862113,2460.72341978939,2552.16186487064,1854.87220438498,3129.43636864532,2584.70132214537,1800.38733790815,1e+09,1975.71449749198,2095.18920405772,2597.37897533263,2666.91369693509,1945.61260185578,2565.46269405735,3002.5390016118,2315.72894808525,2573.36744673201,2631.70795980481,2667.30262409424,1874.33581572247,2258.29615568906,2319.56235244927,1816.1028067816
2390.61508476375,4995.33809258192,4461.42455844543,4932.45475227092,4953.63012495887,5475.54049163185,3198.21305706796,2487.24959662274,3018.03553275968,2723.69528198365,3606.07518736091,1997.14359721578,2843.14819979543,1991.66514969259,1800.60430686478,2971.13330897488,2947.90179984002,3490.47379667861,2472.34970968915,2099.035064881,2113.84012505677,2192.27182190074,2759.41906973189,2087.95020005267,3366.9373557285,3658.38583116926,3726.58974533017,2188.72791244138,2482.3951596996,2971.85601414335,3245.48363369776,2941.81732843832,2170.39714326664,2310.96601283965,1993.83586756784,2457.4856421961,2614.37743267876,2231.87680459742,1975.71449749198,1e+09,1674.78635144904,2734.24862188865,2215.07840242733,2306.53128422313,2446.12278203691,3150.08092029395,2425.58182075971,2072.92778062816,2504.92354404281,2330.86178906,2697.3943492378,1846.2646527516,1830.55811235262,1814.71376062452
2211.5595837101,4883.98877341052,4564.3632021236,5026.3750627863,5097.00684679744,5325.00632655962,3377.63164803387,2431.61160477984,3315.79578080436,2898.77970251277,3631.08445306633,2088.72627462289,2543.46527426659,1514.88765982828,2010.18596505398,2706.90309063697,3211.16345029337,3653.63290612234,2828.92367383781,2166.27889677207,2095.8576869864,1871.45823995621,2668.83424914325,2215.60089206066,3449.27904527888,3763.14055967884,3945.72225801564,2423.94930258452,2141.4439004326,2827.7334435551,3255.86416789767,2754.99106062071,2364.34618778638,2203.44894052483,1969.29343664168,2111.47948325339,2721.56509348941,2024.70041475276,2095.18920405772,1674.78635144904,1e+09,2421.52097407807,1823.22114146913,2118.03717911183,2161.43628960004,2803.90053318587,2521.23530198988,2117.02642409111,2642.72256589677,2427.07943802835,2211.03304807956,1520.34004571346,1883.91609513269,1597.20825517526
3128.24910373199,5485.35843555369,4975.30852285564,5182.47517065929,5179.79945787479,5453.20048197387,4158.27730918706,3058.80511343891,3530.77592827696,3450.29063256996,3818.10452620145,3119.11411150666,3755.25867882627,2602.56598867349,2392.29267904243,3569.40818439136,3811.60281055096,4037.62093352013,3376.39498656481,3442.53159516365,2273.33173628487,2947.55197328224,3518.55812461582,3475.75220192694,4180.88594787038,3932.41240795011,4510.27421362604,2592.15084962276,2450.24879773463,2786.95351272676,3054.27172656593,2928.79752048516,2969.47734933271,3084.85780696615,2405.53120148129,2821.4387029847,2709.13503524649,2966.02961020284,2597.37897533263,2734.24862188865,2421.52097407807,1e+09,1907.56553192806,2243.21661771662,2049.59476792365,2581.37405516907,2150.40372332732,2207.81571024395,1474.63722610003,2211.1718582236,2213.45569442896,2259.61538344471,2599.75278686263,2007.53716341691
2301.43989063369,4633.21572486108,4306.49241457593,4689.56215607598,4625.69830972579,4770.68843178844,3127.40973924109,2294.57381672501,2983.80995730291,2626.19625793656,3501.74299179709,2304.39172329706,3139.06597447394,1971.65417779082,1821.26887438401,3285.62719008107,3102.95491704279,3642.62059616425,2714.81856194848,2572.32397160622,1967.13588132594,2029.67472842325,3325.97185236135,2575.48061802064,3533.30349883788,3550.91642278441,3802.74496648145,1784.26313165968,1899.71082378345,2108.18125622537,2709.9975740026,2529.14631280992,2664.03211005423,2438.12748128559,2033.74415256689,2225.41657464395,2442.05138160523,2907.29547404456,2666.91369693509,2215.07840242733,1823.22114146913,1907.56553192806,1e+09,2304.32243494698,1717.51978524266,2708.39137923233,2257.28631562325,1922.08127486847,1921.12951963162,1956.29817164971,2650.25501618241,1868.36294694045,2180.39700146556,1780.53417650434
2303.7112347688,4807.94715891304,4218.30087641932,4836.76112092586,4787.73075161919,5237.87878250347,4006.45612312178,2771.72454273508,3330.73202988472,2997.69577128834,3381.39111979079,2596.32726253837,2359.49916471695,2514.236225974,2029.7204859783,2935.98278046722,3445.63184838427,3832.3664868851,2440.41008732139,2795.514072313,1470.27500713302,2303.68600746716,2569.75307909145,2800.61950478818,3649.68811753826,3586.16562152391,4097.81103804214,2665.79201788137,2554.7333000922,2781.85275672527,2759.6513348791,2607.53872780444,2366.79228383059,3097.19740720542,2262.42438863711,3173.73709117501,3156.8950295504,2650.59931430611,1945.61260185578,2306.53128422313,2118.03717911183,2243.21661771662,2304.32243494698,1e+09,1397.15235686735,2497.6510649208,2105.49635627802,1971.88395348205,2548.82345132024,2633.03818901284,1760.28103108566,1880.72286578858,2407.92015532077,1881.29537279503
