1e+09,12408.8260527699,12186.0909764945,15331.1548925252,19064.6979474814,19433.7432589941,25600.4905242575,13725.9092790897,12779.50105098,10305.2262978937,16626.7985746054,18110.465126048,17080.8969261336,17489.9674136603,15210.2414436491,9941.07983205547,10627.310238287,17832.0634115152,17402.4258955469,16751.3564615854,18257.7997189037,16505.7029497747,12574.8108644902,9239.41752765292,8487.43680858951,8749.05121357167,14466.5344017287,18214.575697611,13891.1710099365,11556.5131551909,16283.69911868,23369.6904270532,24245.8200491899,17962.995572607,20751.2251385093,16282.3010928216,18927.1064648086,19070.7253791931,18709.2961465497,19471.5315975734,20139.5024394894,17941.6799226132,18412.4423247732,17424.8564396066,16787.149340299,17983.9147207247,19403.2162686731,16418.6131709198,17774.4878814581,17786.5997646459,18469.8695765049,16981.7259997681,20180.419701255,22747.6469477417
12408.8260527699,1e+09,4461.28180962602,5100.27278661642,8637.39986523722,20662.1153073348,32211.6701936472,20860.3548791026,18609.6970491274,13898.8788648833,21416.6936807202,23818.5617646343,22997.6969531625,22596.6105194607,21687.2517449445,16116.8594472434,13882.1791226846,23628.0781326709,23228.3019593275,22781.8887324515,24770.0258033031,22818.7556361406,19188.2036254309,14337.9720771314,9640.50285910958,9595.1262771159,17936.4039895376,23584.3498981231,18971.5147647835,17192.1644764759,21827.7784406339,29649.8008909369,31041.7793062672,23939.1730431692,26008.8195693461,21929.1873716743,24448.2267806584,24916.0053412801,24464.8134172979,25172.9900839849,26516.716655263,24162.5358436568,24866.9626575262,23615.5026669898,23059.0259028477,23969.0176081124,26213.3582430295,22708.4193369508,23679.0298893768,24074.0404028198,24034.5452128681,22395.2955284073,25849.4996607033,28866.7978030539
12186.0909764945,4461.28180962602,1e+09,6066.8358778856,9812.18929433692,23207.8239915745,33193.2176953214,20705.3287212495,18857.0458665031,14143.4774873155,22689.9886883026,24492.6152084133,23485.8540181446,23926.7151542058,22135.7947821509,16522.059633717,15130.2673533087,24934.6650630062,23860.2290003177,23426.4377142813,25494.6659371014,23391.303685045,19424.9847586375,14806.7788596676,10806.8004864715,10985.0634053382,19665.6394407149,24687.7806749736,19661.4936677634,17904.5629251401,22574.5231363699,30155.8559092907,31618.8221883438,24327.8050971743,27082.9965392772,22540.4643828005,25382.2231383817,25820.922004944,25265.2310344731,25973.6703270966,27176.2200761548,24843.0284741917,25668.2439001015,24247.9456046095,23470.7983303913,24478.0275560777,26759.6436701556,23248.8188399217,24571.3399514821,24700.0906000343,24873.4415720885,23035.0349569824,26720.9476158238,29471.27420254
15331.1548925252,5100.27278661642,6066.8358778856,1e+09,4955.53229109649,24981.6375091686,36678.6206411828,25119.957612309,23052.8587770845,18331.4701400624,26021.8687696042,28372.593809192,27524.0335460993,27201.4921903285,25978.0606998117,20473.7701025214,18393.7849270508,27969.163009284,27800.2022564441,27330.1110508995,29269.7427137138,27312.7283026577,23639.5736628075,18726.9778369469,14070.7674308689,13926.4718055256,22487.2022240029,28177.5392104066,23592.759905791,21611.7198042243,26378.1532934377,34151.6681070179,35494.6730306295,28533.9157449254,30641.8191892339,26514.4102795348,29047.4721040231,29504.5152570823,29032.9273746844,29802.6570380277,31007.3281602301,28666.8538709587,29304.873978765,28092.2632124345,27503.1146019883,28531.4532841021,30661.0595686206,27197.7652087979,28241.8071712647,28634.327012928,28609.1991325395,26916.8153735987,30349.0971785686,33315.4582066148
19064.6979474814,8637.39986523722,9812.18929433692,4955.53229109649,1e+09,27604.1896435088,40291.2635048977,28886.8178525656,26658.7395847047,21960.1484704111,29030.7343929705,31580.9612519648,30883.8603361254,30185.7133203176,29734.7903361231,23745.3697280838,21594.8623612076,31389.973744379,31108.8219251051,30726.4868455214,32701.4682454244,30539.4271522945,27062.9690688291,22545.1103615706,17788.290970127,17571.9185492877,25590.7310576408,31273.5505883598,26895.3722329883,25243.8274122923,29764.8374426739,37609.7503179295,38964.8270813692,31860.6742990414,33851.8009033138,29875.8248514849,32340.0474891565,32726.1428167528,32275.1079019823,32949.9370722464,34492.8926234739,32007.6769717298,32804.673757445,31352.1932361932,30875.8847508569,31954.5070898708,34241.0055987467,30516.3002912116,31507.0380423803,32162.5232370752,31791.6448749605,30388.6950050097,33892.6943908551,36834.7748483006
19433.7432589941,20662.1153073348,23207.8239915745,24981.6375091686,27604.1896435088,1e+09,16083.8262085394,14698.9214898271,12232.0802655436,12857.8611892375,8494.85846825007,11809.2890513739,12069.8630878192,8590.75797857209,12313.4208740788,12995.4753482433,10766.9573294734,9153.06889454024,11536.4223377831,11502.2418663928,11920.0500105285,12149.063246938,12991.7491763734,12734.1862451513,13463.3689433329,13261.5636727574,6145.88623322137,9580.73105661045,10666.7466729364,10892.4412351043,10510.0434317181,15362.1942958159,16376.4981064512,12955.7627737158,10722.3022656331,11367.4830087755,10666.9357999521,11194.7002078082,11290.5700545898,11935.3473179376,12911.1752605911,11646.8052228326,11552.9735514282,11827.5246339883,12388.0907233197,12233.0897801169,13430.5550633695,11940.7849521545,10596.6536811675,12074.1540804066,10913.7350487264,11144.0710024703,11783.8952776618,14456.7798091622
25600.4905242575,32211.6701936472,33193.2176953214,36678.6206411828,40291.2635048977,16083.8262085394,1e+09,14255.7230557836,14998.3149593479,19402.3657459703,12768.5466825046,11146.732333415,11443.7367544347,11869.5692108812,11788.0818176623,18408.9168419465,19488.7407130887,9600.60768307402,10949.1313073686,11011.7828653992,8726.89636879,12152.9128136015,15338.5633404273,18630.4689465161,22836.3674750255,23049.9401408746,15319.7262491077,10659.6897497347,14699.6591832294,15598.9663599259,11613.8768878484,6189.61435589488,5440.70331531687,11052.5359208871,8240.75162969374,12046.9052802909,9340.67648260018,9433.29376492644,9911.35075409503,10074.4352769324,7278.62068534966,9836.37779603346,8239.04584055095,11017.9779722461,11537.2604641873,10111.3640250512,7515.95189559513,11751.6370938904,10091.0997442053,9351.96118030331,10473.3467155967,11257.9202770494,7548.49610131714,5887.94778214787
13725.9092790897,20860.3548791026,20705.3287212495,25119.957612309,28886.8178525656,14698.9214898271,14255.7230557836,1e+09,3401.67865478208,7385.40895375469,8308.13678763777,7469.46749707099,6082.52330210086,8974.06688367654,4974.80259346037,6783.20460675483,9694.30125667652,8927.33806434483,6416.25059058637,5575.67495348321,6752.93083480055,6193.36850715344,4275.30798933831,7173.94236229286,11822.5884775628,12445.0913320835,9338.06412575969,8361.55529465661,5560.26838799172,5420.30256621344,6031.46853970905,10862.7012751663,11989.0536722587,5971.18057096752,9806.65366201438,5810.06869781245,8299.51917562698,8260.95698186354,7530.57882937959,8594.33906031755,8146.05734692557,6612.93800478275,7337.70400282677,6428.15769052845,5423.53568704955,5894.76123980437,7279.57126837151,5506.03316387579,7209.45817809494,6308.69571013692,7762.71921298845,6193.01727596492,9046.49830815217,10448.5967510714
12779.50105098,18609.6970491274,18857.0458665031,23052.8587770845,26658.7395847047,12232.0802655436,14998.3149593479,3401.67865478208,1e+09,4936.82084260711,6691.95626155013,6988.32390056443,5546.04257125746,7534.62756311817,5082.6303803149,5032.94279956568,7034.71363216727,8233.1869283832,5813.6618719874,5276.94154747805,6999.90512005699,5818.62222207285,3076.61596175083,5060.56574277027,9452.53193479927,9959.6149761173,6694.83098980101,7320.57925078337,3219.26365774846,2997.69282173808,4884.80705173705,11621.8983924529,13030.66001955,6035.53357204647,9339.43552533557,4988.07917183559,7637.82062156477,7896.89971801593,7245.28038464351,8273.40305214849,8627.43003797771,6455.72319291185,7403.81780786778,6197.52156655384,5215.61029967731,5928.32181362483,8071.48822145582,5147.62462266821,6604.50296139687,6352.90196518882,7116.61887538598,5426.90345576554,9005.88329328112,11085.8568965011
10305.2262978937,13898.8788648833,14143.4774873155,18331.4701400624,21960.1484704111,12857.8611892375,19402.3657459703,7385.40895375469,4936.82084260711,1e+09,9627.05835124624,10946.4806506475,9800.35773804201,10819.7498501537,8729.57528679947,5027.03261474401,5125.9377507145,11681.49203272,10075.2179312211,9565.02809008421,11535.3121473326,9876.89616534466,6302.52187037062,2915.5623701955,5171.10709082688,5942.29426229466,7639.32786695269,11096.291968401,6146.16564165822,4521.12764377428,8861.94949339591,16191.2561102312,17644.9826759139,10476.1611482785,13348.8336476525,8937.25926229625,11666.972057522,12090.9829399185,11471.6989956196,12362.3050750376,13199.4084232211,10952.5005746953,11810.5122281847,10475.6140792748,9671.77973313598,10509.9221849117,12776.0606703514,9536.07812518857,10811.0452662404,10819.7946231849,11183.1059625982,9340.62955505677,13061.3252757827,15525.9192020344
16626.7985746054,21416.6936807202,22689.9886883026,26021.8687696042,29030.7343929705,8494.85846825007,12768.5466825046,8308.13678763777,6691.95626155013,9627.05835124624,1e+09,4675.25922655632,5239.12848009094,2473.62654865281,6901.26566035535,7753.64912245841,8183.4473574344,5577.53533831925,4667.15620691016,4557.16280330207,5651.18487045858,4304.63629219705,6203.99624332575,9313.25745891307,12588.569852938,12741.926807167,4800.6471850262,3136.66931389013,4478.18730727066,6636.30243592017,3635.9600720855,10021.6054404871,11043.4044598303,5776.54648723612,5458.82128828193,4362.37614460285,4544.74833253724,4476.12128161202,4586.11124943563,4964.3020814612,7082.883690567,4910.57634128622,5956.96115783879,4568.32799128959,5407.27416780396,5675.40415464837,7615.18589111257,4525.8880709094,3694.33854715563,5804.50853123673,4259.69147032975,5303.5542212275,7352.2516732291,9604.60313213409
18110.465126048,23818.5617646343,24492.6152084133,28372.593809192,31580.9612519648,11809.2890513739,11146.732333415,7469.46749707099,6988.32390056443,10946.4806506475,4675.25922655632,1e+09,2541.01188753614,4523.24534266051,6046.48625225428,9337.93989587104,10766.0580585189,6853.97822373985,1934.60489997312,2675.5923614968,3983.43669007052,2440.4789820443,6048.02535744519,10766.7316650272,14688.4988101984,15107.974491205,8232.27344270099,4073.4109665979,5657.58962061583,8154.88411025565,3227.26354772894,6985.9974318561,8085.3729512806,2916.82248799957,4641.6890464248,2993.90192766897,3150.50840240111,2564.0710317774,2410.78510661983,2267.97896998627,4756.94058480869,2975.58305000886,4266.2537684601,2554.11563432434,2954.80757327783,3311.86645321033,5350.13231676563,2796.19208447846,2558.40366555006,3587.11202151536,2321.23688366784,3144.35001582203,5095.83657145713,6753.08723411004
17080.8969261336,22997.6969531625,23485.8540181446,27524.0335460993,30883.8603361254,12069.8630878192,11443.7367544347,6082.52330210086,5546.04257125746,9800.35773804201,5239.12848009094,2541.01188753614,1e+09,5212.77216984399,4906.61446556585,8588.71069615807,10206.5729530729,6714.14794298577,1499.02634306406,2340.32455460776,3705.9325427212,2721.46166039502,5116.36126954499,9652.57589442839,13800.0992207303,14184.0076804654,7900.2723105093,4550.05367262849,4861.47995407777,6937.16662493413,2517.81089379246,7172.79760823488,8537.90201575891,2682.88099365216,5394.33815425952,2707.66316049467,3886.04307112003,3685.22718157239,3078.69569494941,3672.26732486893,4656.64040838457,2603.87087001257,4033.22765569959,2359.08215225753,1632.32499830763,2587.53419519434,4760.80864787696,2130.15389498036,2983.3961519215,3019.79807687534,2914.03435976654,2359.64018591818,5135.09848476151,6847.34703212127
17489.9674136603,22596.6105194607,23926.7151542058,27201.4921903285,30185.7133203176,8590.75797857209,11869.5692108812,8974.06688367654,7534.62756311817,10819.7498501537,2473.62654865281,4523.24534266051,5212.77216984399,1e+09,7525.79122850216,8892.81325055238,9550.20075230359,5605.11247130689,4465.55360674351,4505.49885644198,5205.92663329978,4462.53817674426,7090.99308311607,10495.9468449111,13720.6594676604,13974.91990508,5487.07264427035,2527.32614276433,5385.86071615299,7673.46582296422,4280.82362757449,9364.53632971756,10246.4621404463,5693.77044370424,4749.57339831695,4551.76749575371,4377.54330903762,3777.95397681073,4007.51245522706,4294.09632984636,6380.185587528,4388.36997070666,5334.17419085654,4299.88295559309,5288.99748689674,5399.95558628032,7006.53065890673,4437.26156547031,3078.2842278776,5435.12079409465,3533.0310497928,5246.80971094817,6661.24922350906,8895.13886463837
15210.2414436491,21687.2517449445,22135.7947821509,25978.0606998117,29734.7903361231,12313.4208740788,11788.0818176623,4974.80259346037,5082.6303803149,8729.57528679947,6901.26566035535,6046.48625225428,4906.61446556585,7525.79122850216,1e+09,8248.25296607712,9527.74313267838,5757.51213603584,5298.61549726908,4654.59639769121,5080.17957053685,5615.34632284599,5688.18114794176,7762.50265961951,12184.7288622398,12557.1123340838,8108.93926480523,6976.11879152728,6084.30887928941,5326.87498841488,4242.40239986732,9143.93490676744,10170.0332766811,5901.72260906932,7710.30265118043,4850.60238743602,5993.16904479592,6528.37075188749,6105.65729113582,7161.58839430192,6326.16196151347,5403.76047191213,4877.83305819295,5538.15874918731,4971.95183500404,5279.85444098604,5752.09285224083,5261.57161749225,5662.24401083175,4549.15313081457,6403.66907872354,4330.50637675319,6225.4102067655,8217.06983842781
9941.07983205547,16116.8594472434,16522.059633717,20473.7701025214,23745.3697280838,12995.4753482433,18408.9168419465,6783.20460675483,5032.94279956568,5027.03261474401,7753.64912245841,9337.93989587104,8588.71069615807,8892.81325055238,8248.25296607712,1e+09,4466.1104563255,10575.2692254145,8770.59513965273,8272.87252585219,10255.6524966625,7662.89466742823,4187.99344815629,4549.80550105167,7609.20404108735,8007.76223076085,7244.37503513588,9484.71260125999,4994.90619681691,4529.38861481326,7641.62869150288,15156.5400786195,16348.9595316032,9201.3544781081,12122.5283343204,7459.0396604925,10360.0643360116,10342.0230410641,9957.43062058682,10604.0945652139,12101.647893535,9565.07487689459,10641.8650189899,8792.29938808956,8343.25285003397,9525.24759600505,11732.7474088638,7775.04196590604,9178.73522852686,9770.1675143674,9754.95604489328,8838.34162604615,12529.5808581812,14822.0766931696
10627.310238287,13882.1791226846,15130.2673533087,18393.7849270508,21594.8623612076,10766.9573294734,19488.7407130887,9694.30125667652,7034.71363216727,5125.9377507145,8183.4473574344,10766.0580585189,10206.5729530729,9550.20075230359,9527.74313267838,4466.1104563255,1e+09,10895.8733839514,10324.1420030044,9944.5778825197,11950.1105042087,9684.84682734838,6898.0782948369,4380.86551219048,5386.18202334455,5223.03581409318,5937.89622120495,10452.2926455969,6375.02011980355,5299.36948218371,8669.52870919175,16721.6020933552,18003.0039626919,11227.217602465,12907.3104815101,8979.44137928969,11152.3941839858,11582.183419658,11405.6949116439,11981.1784481953,13649.6581438877,11278.0341542709,12013.2667469885,10676.1301904904,10367.885897583,11350.9917082826,13494.4340139963,9829.95664183215,10504.6275836367,11263.2067762916,11101.9387338383,9932.19164947999,13353.4693702798,16151.556093445
17832.0634115152,23628.0781326709,24934.6650630062,27969.163009284,31389.973744379,9153.06889454024,9600.60768307402,8927.33806434483,8233.1869283832,11681.49203272,5577.53533831925,6853.97822373985,6714.14794298577,5605.11247130689,5757.51213603584,10575.2692254145,10895.8733839514,1e+09,6316.09232187909,5882.75609807172,4855.30242778964,6774.61077483423,8726.62272429604,10735.6526376835,14359.9466316104,14369.6479932182,7058.91812830408,5243.56369747713,7769.65521072847,7551.98805082476,5339.5685502295,8706.92662852972,9340.52224038892,7478.83858375082,5848.65133532509,6710.73219751765,5127.96953531317,5512.50968669444,5752.30828494093,6978.92940444306,5961.25888344903,5518.80317875171,4222.49950915332,6038.90400362516,6742.33976312378,6449.10366793712,5878.04821019699,6474.86734208509,5035.41408009312,5650.13929284934,6140.42197025579,6278.07341687719,5907.46153154636,7811.69848639846
17402.4258955469,23228.3019593275,23860.2290003177,27800.2022564441,31108.8219251051,11536.4223377831,10949.1313073686,6416.25059058637,5813.6618719874,10075.2179312211,4667.15620691016,1934.60489997312,1499.02634306406,4465.55360674351,5298.61549726908,8770.59513965273,10324.1420030044,6316.09232187909,1e+09,1866.83303150014,3184.36643767642,2542.68761726642,5394.79865121026,9946.90271482033,14019.3233629444,14401.9235258107,7611.09610853785,3796.08665546507,4878.65572617089,7106.70611917364,2460.56435662634,6914.16215221338,8266.74434147446,2207.57004833369,4696.29883002562,2449.24181895133,3161.11292120354,2859.34203375532,2208.89554938662,3047.89022274425,4390.67255743354,2153.30837166905,3660.70802060203,2029.75507485509,1942.74242531016,2050.99625784642,4508.15898902202,1995.71827327907,2074.71216820551,2790.50683878395,2205.91042173067,2355.78786383664,4825.53082215833,6658.0923534523
16751.3564615854,22781.8887324515,23426.4377142813,27330.1110508995,30726.4868455214,11502.2418663928,11011.7828653992,5575.67495348321,5276.94154747805,9565.02809008421,4557.16280330207,2675.5923614968,2340.32455460776,4505.49885644198,4654.59639769121,8272.87252585219,9944.5778825197,5882.75609807172,1866.83303150014,1e+09,2987.17603071865,2593.43345495889,4989.58381825579,9293.19862157266,13484.45486768,13961.1704417645,7243.76111945307,3833.421413633,4402.63228196496,6429.37605199758,2484.70177912763,7429.31231665489,8541.32911419528,2577.65944434093,5044.95277157279,2352.82429666986,3607.29410368769,3221.84367043157,2703.04358662601,3660.01019137925,4410.46706421213,2309.52613767413,3424.85283190388,2277.64040994183,2269.568509563,2371.88283066428,4424.25584721318,1973.268292909,2261.82976008364,2452.64927708794,2864.74474325375,2554.78649818336,4979.41694668161,6974.27644135218
18257.7997189037,24770.0258033031,25494.6659371014,29269.7427137138,32701.4682454244,11920.0500105285,8726.89636879,6752.93083480055,6999.90512005699,11535.3121473326,5651.18487045858,3983.43669007052,3705.9325427212,5205.92663329978,5080.17957053685,10255.6524966625,11950.1105042087,4855.30242778964,3184.36643767642,2987.17603071865,1e+09,4169.88272578498,7098.61733362913,11140.4727654575,15389.0138990775,15748.8172460823,8560.1509371389,3939.05710009388,6662.97684042951,7994.12244481532,4031.7226398526,5727.69563591677,6589.62796950632,3588.64636579031,4107.95669070403,4508.5774625152,3497.79197737658,3111.74252543491,2705.67362120785,3918.83581009718,2527.65232751658,1856.28342396844,1744.150964309,2874.73752657525,3416.11566848958,2541.56607159838,2320.74218574576,3551.17807335819,2626.87987991457,2378.2462559836,3234.95807844553,4013.74703866599,4045.92897147244,5137.78669669149
16505.7029497747,22818.7556361406,23391.303685045,27312.7283026577,30539.4271522945,12149.063246938,12152.9128136015,6193.36850715344,5818.62222207285,9876.89616534466,4304.63629219705,2440.4789820443,2721.46166039502,4462.53817674426,5615.34632284599,7662.89466742823,9684.84682734838,6774.61077483423,2542.68761726642,2593.43345495889,4169.88272578498,1e+09,4531.02882223232,9580.80375429431,13669.3169107092,14102.4711047213,7753.53970792695,4081.3580623366,4574.24536188211,6964.95510218839,3021.42135653073,8205.56563491512,9171.52911472781,3062.03752055719,5725.27426687141,2781.84455707,4087.75805693047,3395.77463251023,3249.70160308604,3504.80910962352,5453.89033353257,3145.94947732795,4674.24771355777,2075.943387836,2542.13669913717,3610.66947170466,5725.12438197634,1809.05903013141,2902.88713540503,3933.07539181491,3104.85626412882,3844.5794441265,6442.43050964463,8021.54596872074
12574.8108644902,19188.2036254309,19424.9847586375,23639.5736628075,27062.9690688291,12991.7491763734,15338.5633404273,4275.30798933831,3076.61596175083,6302.52187037062,6203.99624332575,6048.02535744519,5116.36126954499,7090.99308311607,5688.18114794176,4187.99344815629,6898.0782948369,8726.62272429604,5394.79865121026,4989.58381825579,7098.61733362913,4531.02882223232,1e+09,5923.32582266078,10185.026455621,10688.466063622,7308.23817107106,7168.69649437748,3224.64105822648,4326.55656103096,4728.62318731362,11686.4472421519,12839.5402907892,5734.12398973025,9323.00936208905,4564.3377919913,7362.18920982747,7328.13919546429,6916.7532774995,7502.71972507304,8810.63967246987,6389.45550484546,7602.57673252957,5701.68690557453,4948.49079548502,6171.2337437177,8401.03664333158,4539.55073442296,6263.22088610964,6395.8776744869,6790.43392155465,5607.47404246333,9268.13612348783,11386.783611433
9239.41752765292,14337.9720771314,14806.7788596676,18726.9778369469,22545.1103615706,12734.1862451513,18630.4689465161,7173.94236229286,5060.56574277027,2915.5623701955,9313.25745891307,10766.7316650272,9652.57589442839,10495.9468449111,7762.50265961951,4549.80550105167,4380.86551219048,10735.6526376835,9946.90271482033,9293.19862157266,11140.4727654575,9580.80375429431,5923.32582266078,1e+09,5061.07619291589,5619.69951771445,7383.87050021193,10933.4956011744,6212.96535198773,3554.22994225191,8421.24245467378,15973.8991911618,17245.6101694431,10529.5850581777,13068.4737421552,8608.96432713018,11196.3162123397,11684.2899966964,11288.2927304974,12133.1123469125,12825.0688854017,10760.437463096,11225.7805791847,10359.1181951071,9655.21229877417,10471.1253955819,12315.3158556003,9378.73562730073,10462.0006641177,10305.1859333638,11116.0822741288,9124.50488958716,12549.6257067253,15240.8947470547
8487.43680858951,9640.50285910958,10806.8004864715,14070.7674308689,17788.290970127,13463.3689433329,22836.3674750255,11822.5884775628,9452.53193479927,5171.10709082688,12588.569852938,14688.4988101984,13800.0992207303,13720.6594676604,12184.7288622398,7609.20404108735,5386.18202334455,14359.9466316104,14019.3233629444,13484.45486768,15389.0138990775,13669.3169107092,10185.026455621,5061.07619291589,1e+09,2010.11183830652,9382.29134574279,14569.3013455622,10002.9177344463,7771.9154916597,12536.0582295114,20300.7755492469,21602.6222793229,14809.0818138026,16896.0930952839,12722.0400703228,15206.4026760112,15680.2991726051,15256.5667087225,16075.7464039745,17122.7711586589,14890.2573886787,15415.8687967918,14402.5986735693,13833.3608834115,14730.5557036963,16757.3610767835,13513.5291350446,14430.1479668055,14678.3015924766,14938.6498831755,13109.5473922787,16511.9839490959,19468.0444834786
8749.05121357167,9595.1262771159,10985.0634053382,13926.4718055256,17571.9185492877,13261.5636727574,23049.9401408746,12445.0913320835,9959.6149761173,5942.29426229466,12741.926807167,15107.974491205,14184.0076804654,13974.91990508,12557.1123340838,8007.76223076085,5223.03581409318,14369.6479932182,14401.9235258107,13961.1704417645,15748.8172460823,14102.4711047213,10688.466063622,5619.69951771445,2010.11183830652,1e+09,9426.95993253923,14792.82235449,10457.9476288228,8079.45305315898,12802.6843895802,20602.4773357478,21942.6408738055,15284.5199948903,17133.7461598916,13175.1731039027,15421.8664895887,15988.5967066,15603.3454557604,16460.7732931536,17499.0577968444,15258.1737791651,15748.2574869857,14803.7644629736,14262.3409891013,15174.1470078222,17093.9913257612,13948.0472383986,14742.0439899493,15110.0697749481,15315.1825603092,13605.4445323811,16925.2338257024,19822.2673503664
14466.5344017287,17936.4039895376,19665.6394407149,22487.2022240029,25590.7310576408,6145.88623322137,15319.7262491077,9338.06412575969,6694.83098980101,7639.32786695269,4800.6471850262,8232.27344270099,7900.2723105093,5487.07264427035,8108.93926480523,7244.37503513588,5937.89622120495,7058.91812830408,7611.09610853785,7243.76111945307,8560.1509371389,7753.53970792695,7308.23817107106,7383.87050021193,9382.29134574279,9426.95993253923,1e+09,6492.56091926753,5097.50106804305,5406.94680222582,6244.83546290052,13301.7704371674,14457.5346041329,8918.585189541,8806.69804626569,6934.74350613633,7884.97340411494,8238.79730805413,8066.2867109284,8880.07963315082,10094.6734496565,7984.50260140856,8491.80277841519,7864.2244208377,8018.50825447602,8421.57328642933,10253.8096433228,7438.95878842597,7066.43861632577,8346.6387597104,7614.31071029414,7258.27415952305,9597.44598767818,12527.9983648905
18214.575697611,23584.3498981231,24687.7806749736,28177.5392104066,31273.5505883598,9580.73105661045,10659.6897497347,8361.55529465661,7320.57925078337,11096.291968401,3136.66931389013,4073.4109665979,4550.05367262849,2527.32614276433,6976.11879152728,9484.71260125999,10452.2926455969,5243.56369747713,3796.08665546507,3833.421413633,3939.05710009388,4081.3580623366,7168.69649437748,10933.4956011744,14569.3013455622,14792.82235449,6492.56091926753,1e+09,5478.28816236423,7902.70786291003,3828.87371064913,7864.76261353768,8867.19596273253,4546.8427980413,3304.59150097255,4393.95651060636,3222.23213602,2977.15907183342,3215.54898913078,3475.90943292543,4948.99286180532,3279.14061569491,4347.64520333709,3497.7618224659,4443.18480787149,4262.84493296437,5683.51423593713,4003.75524258164,2356.94391997349,4298.32370152598,2802.35692946134,4994.48442073854,5989.86513091906,7528.12887555068
13891.1710099365,18971.5147647835,19661.4936677634,23592.759905791,26895.3722329883,10666.7466729364,14699.6591832294,5560.26838799172,3219.26365774846,6146.16564165822,4478.18730727066,5657.58962061583,4861.47995407777,5385.86071615299,6084.30887928941,4994.90619681691,6375.02011980355,7769.65521072847,4878.65572617089,4402.63228196496,6662.97684042951,4574.24536188211,3224.64105822648,6212.96535198773,10002.9177344463,10457.9476288228,5097.50106804305,5478.28816236423,1e+09,4061.77899460323,3765.53910493571,11325.6049016465,12660.6049676704,5440.2388886151,7849.48179871767,3760.52820997264,6432.19769645648,6535.21063569492,6124.54652337624,6661.29649433202,8190.82437185049,5737.37709016934,7074.61672891189,5238.32635913418,4782.9936589128,5610.37027778025,8201.05702748128,4291.71539482758,5291.76068565085,5877.79377317714,5728.32726397506,4936.01303803991,8521.69650425899,10889.13290019
11556.5131551909,17192.1644764759,17904.5629251401,21611.7198042243,25243.8274122923,10892.4412351043,15598.9663599259,5420.30256621344,2997.69282173808,4521.12764377428,6636.30243592017,8154.88411025565,6937.16662493413,7673.46582296422,5326.87498841488,4529.38861481326,5299.36948218371,7551.98805082476,7106.70611917364,6429.37605199758,7994.12244481532,6964.95510218839,4326.55656103096,3554.22994225191,7771.9154916597,8079.45305315898,5406.94680222582,7902.70786291003,4061.77899460323,1e+09,5586.893501276,12962.4746445808,14230.2896737698,7890.14053874834,10106.9180612687,6134.59719104686,8340.79586830298,8739.3342315705,8325.66232707044,9409.20503489004,9803.69861347747,7689.00769068415,8094.46245634632,7385.82212776614,6854.55182971141,7597.61496073603,9251.16742414707,6560.96664121988,7424.88297598016,7487.17436423114,8241.23021924518,6549.442016424,9736.89578684603,12282.989385626
16283.69911868,21827.7784406339,22574.5231363699,26378.1532934377,29764.8374426739,10510.0434317181,11613.8768878484,6031.46853970905,4884.80705173705,8861.94949339591,3635.9600720855,3227.26354772894,2517.81089379246,4280.82362757449,4242.40239986732,7641.62869150288,8669.52870919175,5339.5685502295,2460.56435662634,2484.70177912763,4031.7226398526,3021.42135653073,4728.62318731362,8421.24245467378,12536.0582295114,12802.6843895802,6244.83546290052,3828.87371064913,3765.53910493571,5586.893501276,1e+09,8207.52694652902,9518.44260465965,3760.10592765683,5144.66967303052,2194.00292707189,3390.20000833284,3720.11164435962,3521.60508717261,4215.29922197701,5255.95359913879,3218.21871627769,4130.54506163533,3101.86235584366,2972.69285473626,3453.69012301335,5426.1460795854,2662.7097997341,2656.60044726338,3338.42242057532,3480.40134056405,2587.91824513449,5414.43622975652,7701.31379684012
23369.6904270532,29649.8008909369,30155.8559092907,34151.6681070179,37609.7503179295,15362.1942958159,6189.61435589488,10862.7012751663,11621.8983924529,16191.2561102312,10021.6054404871,6985.9974318561,7172.79760823488,9364.53632971756,9143.93490676744,15156.5400786195,16721.6020933552,8706.92662852972,6914.16215221338,7429.31231665489,5727.69563591677,8205.56563491512,11686.4472421519,15973.8991911618,20300.7755492469,20602.4773357478,13301.7704371674,7864.76261353768,11325.6049016465,12962.4746445808,8207.52694652902,1e+09,2623.73649393379,6634.30354789408,5720.08032436608,8389.54458210933,6296.00803672454,6085.39306843034,6124.25096569368,6253.30271330279,3968.26311520544,6153.82300114327,5645.75930902124,7010.34834740757,7284.38136070593,6104.3338246364,4466.81754861333,7804.27480789856,6861.33784818967,6181.61892533016,6697.1234920076,7618.98083578769,5254.40568821061,2292.97645291006
24245.8200491899,31041.7793062672,31618.8221883438,35494.6730306295,38964.8270813692,16376.4981064512,5440.70331531687,11989.0536722587,13030.66001955,17644.9826759139,11043.4044598303,8085.3729512806,8537.90201575891,10246.4621404463,10170.0332766811,16348.9595316032,18003.0039626919,9340.52224038892,8266.74434147446,8541.32911419528,6589.62796950632,9171.52911472781,12839.5402907892,17245.6101694431,21602.6222793229,21942.6408738055,14457.5346041329,8867.19596273253,12660.6049676704,14230.2896737698,9518.44260465965,2623.73649393379,1e+09,8074.88105911165,6648.94411417332,9749.96586052485,7458.91772301451,6989.36498040416,7203.83228892789,7175.91099163026,4839.36074271179,7243.06773577329,6495.06377271232,8024.05886319386,8533.42679137754,7572.84871131069,5372.35098335915,8937.92721676564,7901.18706395438,7326.94502313208,7805.63006193606,8942.93408759675,6087.81427329218,3053.26905689623
17962.995572607,23939.1730431692,24327.8050971743,28533.9157449254,31860.6742990414,12955.7627737158,11052.5359208871,5971.18057096752,6035.53357204647,10476.1611482785,5776.54648723612,2916.82248799957,2682.88099365216,5693.77044370424,5901.72260906932,9201.3544781081,11227.217602465,7478.83858375082,2207.57004833369,2577.65944434093,3588.64636579031,3062.03752055719,5734.12398973025,10529.5850581777,14809.0818138026,15284.5199948903,8918.585189541,4546.8427980413,5440.2388886151,7890.14053874834,3760.10592765683,6634.30354789408,8074.88105911165,1e+09,5180.15882132971,3103.05194626194,3928.21618818262,3601.94331247731,2964.55918500542,3416.81265588267,4438.91887361101,2880.856934629,4469.47759258283,2878.38183724814,2561.73416626316,1770.66245766945,4495.54321202677,2769.9413849394,3334.11684480313,3052.92378280232,3153.73026516219,3652.07918100087,5746.12148377495,6650.6465835887
20751.2251385093,26008.8195693461,27082.9965392772,30641.8191892339,33851.8009033138,10722.3022656331,8240.75162969374,9806.65366201438,9339.43552533557,13348.8336476525,5458.82128828193,4641.6890464248,5394.33815425952,4749.57339831695,7710.30265118043,12122.5283343204,12907.3104815101,5848.65133532509,4696.29883002562,5044.95277157279,4107.95669070403,5725.27426687141,9323.00936208905,13068.4737421552,16896.0930952839,17133.7461598916,8806.69804626569,3304.59150097255,7849.48179871767,10106.9180612687,5144.66967303052,5720.08032436608,6648.94411417332,5180.15882132971,1e+09,5576.5253317635,2961.17293995133,2969.0606276565,3413.44346418686,3138.43977386854,3591.38091929831,4012.03546427496,4201.79829975214,4759.68350342751,5652.29266715729,4606.68489564893,4963.1802011412,5574.16751160207,3501.30329554582,4355.1103916204,3462.22606633362,5443.59083994196,4346.90789887479,5300.42031597495
16282.3010928216,21929.1873716743,22540.4643828005,26514.4102795348,29875.8248514849,11367.4830087755,12046.9052802909,5810.06869781245,4988.07917183559,8937.25926229625,4362.37614460285,2993.90192766897,2707.66316049467,4551.76749575371,4850.60238743602,7459.0396604925,8979.44137928969,6710.73219751765,2449.24181895133,2352.82429666986,4508.5774625152,2781.84455707,4564.3377919913,8608.96432713018,12722.0400703228,13175.1731039027,6934.74350613633,4393.95651060636,3760.52820997264,6134.59719104686,2194.00292707189,8389.54458210933,9749.96586052485,3103.05194626194,5576.5253317635,1e+09,4070.33444162762,3988.28285033797,3546.86117819686,3972.66299204954,5542.95426166408,3529.7920507588,4711.23050333987,3249.67475295606,2961.94422148696,3217.00576667186,5756.63280227252,2502.81228373204,3030.52797667337,3474.47863340675,3425.19974308069,2599.45360072074,5841.24761562973,8023.52942414995
18927.1064648086,24448.2267806584,25382.2231383817,29047.4721040231,32340.0474891565,10666.9357999521,9340.67648260018,8299.51917562698,7637.82062156477,11666.972057522,4544.74833253724,3150.50840240111,3886.04307112003,4377.54330903762,5993.16904479592,10360.0643360116,11152.3941839858,5127.96953531317,3161.11292120354,3607.29410368769,3497.79197737658,4087.75805693047,7362.18920982747,11196.3162123397,15206.4026760112,15421.8664895887,7884.97340411494,3222.23213602,6432.19769645648,8340.79586830298,3390.20000833284,6296.00803672454,7458.91772301451,3928.21618818262,2961.17293995133,4070.33444162762,1e+09,1903.71799566007,2757.6153743588,2956.77650492897,3973.03574511984,3359.27421597285,3408.60624811667,3856.95272355003,4422.00965144808,3653.47421188381,4631.98725122382,4297.91261848121,2541.29827314702,3104.62319193489,2987.92548108215,4030.270205681,4270.49042127482,5928.00795558677
19070.7253791931,24916.0053412801,25820.922004944,29504.5152570823,32726.1428167528,11194.7002078082,9433.29376492644,8260.95698186354,7896.89971801593,12090.9829399185,4476.12128161202,2564.0710317774,3685.22718157239,3777.95397681073,6528.37075188749,10342.0230410641,11582.183419658,5512.50968669444,2859.34203375532,3221.84367043157,3111.74252543491,3395.77463251023,7328.13919546429,11684.2899966964,15680.2991726051,15988.5967066,8238.79730805413,2977.15907183342,6535.21063569492,8739.3342315705,3720.11164435962,6085.39306843034,6989.36498040416,3601.94331247731,2969.0606276565,3988.28285033797,1903.71799566007,1e+09,1728.83235367111,1912.54209075251,3606.64346602211,2649.49699295923,3264.64418574215,2942.59326192051,3970.43553755756,3402.3749779676,4382.34733339337,3573.96896661121,1806.52070071173,3278.42263960887,2159.15037653703,4146.58030863988,4417.63425767684,5837.8013133285
18709.2961465497,24464.8134172979,25265.2310344731,29032.9273746844,32275.1079019823,11290.5700545898,9911.35075409503,7530.57882937959,7245.28038464351,11471.6989956196,4586.11124943563,2410.78510661983,3078.69569494941,4007.51245522706,6105.65729113582,9957.43062058682,11405.6949116439,5752.30828494093,2208.89554938662,2703.04358662601,2705.67362120785,3249.70160308604,6916.7532774995,11288.2927304974,15256.5667087225,15603.3454557604,8066.2867109284,3215.54898913078,6124.54652337624,8325.66232707044,3521.60508717261,6124.25096569368,7203.83228892789,2964.55918500542,3413.44346418686,3546.86117819686,2757.6153743588,1728.83235367111,1e+09,2300.76484617616,3558.04269309687,2014.66394428451,3228.72372150359,2181.72786368969,3174.17857613588,2475.18260380926,4104.41776662659,2988.92859540003,1749.97494107773,3194.59251924248,1430.30681596642,3464.96047534456,4415.07896707409,5821.59292097962
19471.5315975734,25172.9900839849,25973.6703270966,29802.6570380277,32949.9370722464,11935.3473179376,10074.4352769324,8594.33906031755,8273.40305214849,12362.3050750376,4964.3020814612,2267.97896998627,3672.26732486893,4294.09632984636,7161.58839430192,10604.0945652139,11981.1784481953,6978.92940444306,3047.89022274425,3660.01019137925,3918.83581009718,3504.80910962352,7502.71972507304,12133.1123469125,16075.7464039745,16460.7732931536,8880.07963315082,3475.90943292543,6661.29649433202,9409.20503489004,4215.29922197701,6253.30271330279,7175.91099163026,3416.81265588267,3138.43977386854,3972.66299204954,2956.77650492897,1912.54209075251,2300.76484617616,1e+09,4040.68016003494,3108.03681123632,4360.7995321959,3148.11032675159,4011.02561407927,3674.46106538088,5110.28629943568,3779.38234877076,2608.52897265873,3753.30904493622,2149.9365092951,4367.20836405821,4980.88966204834,6105.65891482648
20139.5024394894,26516.716655263,27176.2200761548,31007.3281602301,34492.8926234739,12911.1752605911,7278.62068534966,8146.05734692557,8627.43003797771,13199.4084232211,7082.883690567,4756.94058480869,4656.64040838457,6380.185587528,6326.16196151347,12101.647893535,13649.6581438877,5961.25888344903,4390.67255743354,4410.46706421213,2527.65232751658,5453.89033353257,8810.63967246987,12825.0688854017,17122.7711586589,17499.0577968444,10094.6734496565,4948.99286180532,8190.82437185049,9803.69861347747,5255.95359913879,3968.26311520544,4839.36074271179,4438.91887361101,3591.38091929831,5542.95426166408,3973.03574511984,3606.64346602211,3558.04269309687,4040.68016003494,1e+09,2967.3807852212,2412.9415192872,4135.74050674121,4525.19127824449,3442.02637771706,2036.95143955373,4848.32192603792,3803.54626561844,3077.94937117231,3939.88309733931,4831.98605714048,3243.68621897988,3189.81800855472
17941.6799226132,24162.5358436568,24843.0284741917,28666.8538709587,32007.6769717298,11646.8052228326,9836.37779603346,6612.93800478275,6455.72319291185,10952.5005746953,4910.57634128622,2975.58305000886,2603.87087001257,4388.36997070666,5403.76047191213,9565.07487689459,11278.0341542709,5518.80317875171,2153.30837166905,2309.52613767413,1856.28342396844,3145.94947732795,6389.45550484546,10760.437463096,14890.2573886787,15258.1737791651,7984.50260140856,3279.14061569491,5737.37709016934,7689.00769068415,3218.21871627769,6153.82300114327,7243.06773577329,2880.856934629,4012.03546427496,3529.7920507588,3359.27421597285,2649.49699295923,2014.66394428451,3108.03681123632,2967.3807852212,1e+09,2470.55018107303,1644.03424191834,2179.7274219957,1987.18995921376,3335.83712384163,2199.96328123903,1685.34674823907,2607.7711233542,2017.62186987552,3275.79911705526,4399.28442225551,5698.58478808555
18412.4423247732,24866.9626575262,25668.2439001015,29304.873978765,32804.673757445,11552.9735514282,8239.04584055095,7337.70400282677,7403.81780786778,11810.5122281847,5956.96115783879,4266.2537684601,4033.22765569959,5334.17419085654,4877.83305819295,10641.8650189899,12013.2667469885,4222.49950915332,3660.70802060203,3424.85283190388,1744.150964309,4674.24771355777,7602.57673252957,11225.7805791847,15415.8687967918,15748.2574869857,8491.80277841519,4347.64520333709,7074.61672891189,8094.46245634632,4130.54506163533,5645.75930902124,6495.06377271232,4469.47759258283,4201.79829975214,4711.23050333987,3408.60624811667,3264.64418574215,3228.72372150359,4360.7995321959,2412.9415192872,2470.55018107303,1e+09,3519.22289473117,3918.62649054487,3295.43266916501,2478.12026415184,4073.17469068048,2916.8949565934,2477.67021348686,3622.44400478461,3891.74165207559,3207.59330833882,4789.2224722391
17424.8564396066,23615.5026669898,24247.9456046095,28092.2632124345,31352.1932361932,11827.5246339883,11017.9779722461,6428.15769052845,6197.52156655384,10475.6140792748,4568.32799128959,2554.11563432434,2359.08215225753,4299.88295559309,5538.15874918731,8792.29938808956,10676.1301904904,6038.90400362516,2029.75507485509,2277.64040994183,2874.73752657525,2075.943387836,5701.68690557453,10359.1181951071,14402.5986735693,14803.7644629736,7864.2244208377,3497.7618224659,5238.32635913418,7385.82212776614,3101.86235584366,7010.34834740757,8024.05886319386,2878.38183724814,4759.68350342751,3249.67475295606,3856.95272355003,2942.59326192051,2181.72786368969,3148.11032675159,4135.74050674121,1644.03424191834,3519.22289473117,1e+09,1772.8729786987,2655.45284198383,4453.14544159519,1581.83275942813,2104.38401367241,3366.50275487783,2110.26376872655,3377.96810208445,5366.88742170916,6708.99192928416
