1e+09,4362.79401082609,4898.66760260379,5205.27369601254,5418.82657686145,5951.75670124376,3375.3695494864,2910.70281947505,4357.65088021058,3081.39118542258,4080.1768427116,3198.50063026412,2697.41654905207,2415.32909879793,2894.6689660823,4492.26809202211,3767.35835083418,3654.58199117218,2964.38159321637,2596.55711158064,2419.63863719358,3050.38494552737,3399.58133278202,2734.55834640623,3467.6484499153,4118.70549982637,4093.91601958321,2308.88206851281,2980.32370418047,2776.25040729398,3687.04904396456,3167.6703221295,3035.04591441382,2909.70885139734,3084.4290555628,3181.20298918507,3455.17655684916,2879.82913053882,2722.03729384812,2766.5874504342,3043.75639043272,3644.50607412033,2801.15694522817,2464.22004721575,3394.68665060562,3751.47028278247,3680.78132372734,3122.04886619348,3734.35801205508,3372.46017579155,3026.25476194586,2777.8157242697,3131.27343555302,3321.50273978511
4362.79401082609,1e+09,5843.82318338774,6374.16917117047,6406.46875709232,6613.46884627878,5605.59356529708,3801.71717141084,4848.23990713125,4713.20245093503,5458.19639821617,4506.88649449928,4383.57515870322,4538.51791837379,4350.25266602987,4947.95208522678,4371.06952320596,5254.9219558905,4504.85096955493,4130.76261196404,4308.97518972899,3837.67166847296,4594.95523337279,3903.0368328777,4709.28563381963,5204.59971456019,5212.80911629229,4435.29230601547,4945.77257815197,5026.1212062882,4649.46383213162,4682.36473143646,4949.50645150605,4610.42495243118,4998.83976851629,5015.01066063673,4626.84589779042,5248.68012683189,4851.42638274559,4574.31070654366,4419.76435093546,4948.58044905809,4121.94518358748,3883.64709328744,4273.10024774753,4642.27286077628,4844.42650508809,4093.18663231962,4677.95329306525,4446.98546656047,4597.61641076113,4464.74574999518,4563.21679630718,4496.57516749137
4898.66760260379,5843.82318338774,1e+09,1501.37370984043,2111.88682724714,2180.3005443287,3802.69339505567,5580.05367134582,4157.55524071539,3599.31316570259,2792.57532371107,4038.9002027037,4389.11458906008,4580.33033855638,5131.28473573627,3957.48070989613,4600.33917906061,4208.34990622215,3510.9290358821,4630.53529392661,4457.06088650357,4511.82074102019,4534.40662137837,4384.29410520097,2997.38133656697,2878.11022275034,3225.40385654262,4240.86890399833,5446.1422282658,4688.75188972503,3653.0498588166,3962.79020980167,4692.77954174283,5309.93907753187,5121.62593907443,5189.54455408179,4656.53077984029,5138.64373379786,5161.56064018432,4795.23053488568,4936.84369634081,5253.14974251639,4691.09766289298,4317.35406737738,4486.34504796499,4879.14741906821,4930.9532330879,4832.98317492416,5292.9622631944,5347.56567089176,4893.38796882078,4868.54812444121,4051.14991576466,4312.22680057531
5205.27369601254,6374.16917117047,1501.37370984043,1e+09,2010.54085312883,2538.23872399741,4121.13322601927,5874.48708553351,4166.02563971947,3747.3522394352,2951.7819189432,4301.64754939314,4772.02594520399,4672.46556857298,5408.26775679607,3857.85058909751,4452.61420581213,4219.63120163362,3759.6577577221,4962.25352763238,4808.16952024365,5002.30370308521,4711.70407718906,4704.65103627251,3097.8640645774,3067.97196126366,3331.88530516883,4459.83087649072,5605.93368026237,4777.75046713409,3887.94253226562,4074.04445413891,4687.16537162921,5601.28035651671,5233.41421798428,5210.22690315883,4542.00351327473,5273.45374519394,5334.31639253804,4910.66699572472,5211.15193444789,5209.19500616938,4915.00540750466,4529.33671602145,4660.81067113866,4876.62938456471,4872.46706996569,5077.99052392775,5315.89957660978,5499.38761406213,5048.86258179008,4990.3266360029,4236.48790738272,4604.76239226304
5418.82657686145,6406.46875709232,2111.88682724714,2010.54085312883,1e+09,2046.08768250532,4140.28329957021,6162.30810179108,4662.37609756013,4421.67835687989,3628.65240565971,4963.30609818697,5093.86749067936,5296.96248399023,6036.71237735409,4437.99906314772,5032.01629121965,4665.38636752627,4263.34695232513,5402.7893497711,5120.65013183873,5391.63222812907,5388.45860654974,5163.00238965662,3790.48161914815,3382.05145025915,3728.87345080253,4675.95727140443,6210.16816767469,5348.0045137135,4492.66887801672,4862.98138785252,5367.57934850525,5785.13286550966,5856.84812972814,5978.63831959251,5289.80264978761,5838.57506150259,5844.93977513883,5398.64410004957,5896.03453702571,5920.52481202469,5461.75242636464,5015.04866797921,5302.1481220445,5565.27576805498,5666.34322146126,5667.78250120803,5859.99019457371,5993.93874061122,5782.54684047609,5628.71034711327,4648.95060183478,4939.58376783915
5951.75670124376,6613.46884627878,2180.3005443287,2538.23872399741,2046.08768250532,1e+09,4371.83042244321,6354.86346110599,5175.89975797445,4770.31412454149,3662.13100756923,5118.70332988737,5448.38967528021,5443.299678017,6071.0645281532,4327.50281820821,5584.27957199494,5236.19749776496,4465.40069922062,5519.72061812009,5386.78897459331,5382.60524730358,5714.16904574935,5595.96353636262,4140.48008786421,3539.12595425763,3741.50203640196,5102.01093837518,6331.35745554616,5837.0437749258,4446.51301637587,5009.05139765006,5615.79037662554,6175.99130983035,6035.6385967518,6056.86075573808,5592.71606704649,6121.291958002,6132.48729908999,5664.49512729069,5932.1496942761,5914.83451478568,5504.29143092914,5121.26566240222,5264.81302053549,5446.78043759798,5614.55530115253,5542.39936887446,5992.26222194924,6000.76132432377,5888.59721004927,5697.12603553757,4871.92289031754,5068.35616664812
3375.3695494864,5605.59356529708,3802.69339505567,4121.13322601927,4140.28329957021,4371.83042244321,1e+09,3761.1821768561,4247.03991248022,2901.78642952923,3127.06191166724,3497.03697389662,3390.77048549441,3140.20509226706,3361.50630485799,4157.44552394857,3990.45246795398,4113.10504152277,2936.01192596352,3008.5757167969,3535.33484360393,3379.62191593971,3793.92382066377,3657.72754858806,3426.60865973925,3191.18346393622,3443.76946940413,2419.76441966982,3562.20949239373,3560.62627878861,3700.1613570762,3585.50931939941,3416.3740204199,3819.27533541377,3770.82044473083,3460.43168067223,3641.70657994298,3942.1743236823,3852.56871537679,3221.46738749595,3748.712558746,4131.06053111063,3294.07628694297,3233.89880127687,3401.96557695695,3641.04523707136,3655.86858285415,3448.53803390654,4214.61552258329,3894.83105442329,3966.94044033938,3333.50529452107,3142.05485782792,3343.26072522022
2910.70281947505,3801.71717141084,5580.05367134582,5874.48708553351,6162.30810179108,6354.86346110599,3761.1821768561,1e+09,4050.67501003228,3129.61812640137,4123.01495591515,3056.1537426805,2983.67629172469,2477.44583238464,2175.05704437838,4414.91994141457,3451.00074588517,4005.26656724618,3438.86109444682,1869.9449560348,2374.57969529346,2205.03514956111,3415.29639151568,2730.8167335799,3754.17212622171,4272.74310414282,4486.8204272625,2426.62387468681,2430.76042340663,2715.18695409727,3310.99702275614,3060.07092996225,2777.21924184966,2327.76317236097,2382.76443399258,2496.01478367016,2500.77518247843,3453.84872616043,2897.8535529595,2638.0525112666,2304.95398149291,2739.18913242587,1622.76974518876,2336.81075523886,2263.58158127778,3105.21606779625,2946.37828355424,2261.19889240199,2452.8778980414,1922.45098408256,3078.63065788996,2440.93550818124,2621.51135784303,2843.51583932638
4357.65088021058,4848.23990713125,4157.55524071539,4166.02563971947,4662.37609756013,5175.89975797445,4247.03991248022,4050.67501003228,1e+09,2389.74272422786,2760.27918490141,2485.66359940359,3646.02253897312,4152.8568345297,4050.88473370942,3825.63707478898,2260.34844459875,3255.31713634786,2949.7584975723,3642.67043654789,3423.90192896935,3129.93387340691,2958.62815781233,2644.31272842302,2818.68395216633,3665.9426988566,3986.62592288266,3243.5892628229,3978.64121859461,3281.6276463365,3025.12493381678,2958.66139351904,3761.60394036906,3713.06175568088,3599.83986577181,3702.38299939377,3342.64851673041,4161.64178274632,3811.55356786442,3237.87682935902,3583.84250740738,3954.16152503916,3391.00086219393,3558.54433246236,2835.12179614915,3792.30239055379,3529.70086343022,3615.60775136076,3584.27656633804,3851.32124685802,4093.00415614253,3771.21860938875,3511.91317586298,3999.45212110359
3081.39118542258,4713.20245093503,3599.31316570259,3747.3522394352,4421.67835687989,4770.31412454149,2901.78642952923,3129.61812640137,2389.74272422786,1e+09,1710.89855602254,2376.69021212273,3065.34871000022,2763.45099021133,2936.62469362362,3876.18577287003,2575.66535815505,2681.92473678886,2034.3929242897,2341.61666877822,2748.62783686697,2307.89681955238,2671.5108094859,2144.19471632126,1965.93904605407,2964.17157318871,2916.10619899207,2039.20617042515,2632.90851719159,2048.00766170442,2040.99516550138,2198.94439941077,2657.90700360265,3179.40580632608,2468.36309982952,2707.84792482887,2878.01314618262,2990.18761252534,2974.83946550062,2593.6713615067,2858.98424722838,3318.3094492678,2421.68386239823,2615.62817007693,2279.39278712555,3082.60251222891,2866.03254041192,2434.83038376393,3245.6738902114,3179.52698191099,3026.31631816636,2849.07941145908,2803.65098462701,3496.09221923564
4080.1768427116,5458.19639821617,2792.57532371107,2951.7819189432,3628.65240565971,3662.13100756923,3127.06191166724,4123.01495591515,2760.27918490141,1710.89855602254,1e+09,2942.73903188849,3483.88312753169,3523.39095135638,3836.12333886699,3785.51024359993,3397.4139501097,3336.36718060228,2570.60576856896,3117.48278017698,3194.14038079105,3108.0725161907,3112.09456212372,2965.89966871774,1990.43181701861,2478.98058719708,2903.94833187507,2973.78938465723,3521.54872039278,3008.23075364906,2216.49279980784,2796.5658959338,3382.52798935944,3994.24729618736,3234.43672688151,3498.56769847319,3611.61737267391,3548.37105803494,3653.69326231691,3483.67737658067,3578.16063550814,3832.68571697446,3332.44285172304,3135.79744685463,2766.97355867381,3336.6570525003,3270.21188871608,3221.73988771595,3831.64857441285,3833.07222023014,3467.115107146,3564.22604241089,3168.90926348484,3682.58387442839
3198.50063026412,4506.88649449928,4038.9002027037,4301.64754939314,4963.30609818697,5118.70332988737,3497.03697389662,3056.1537426805,2485.66359940359,2376.69021212273,2942.73903188849,1e+09,2322.56147193137,2722.67921274248,2817.19086776171,3001.40635822609,2608.20135162146,3230.42092121135,2225.31362297542,2498.64944101809,2460.50250725335,2193.85235134455,2295.56102942178,2177.08963561448,2665.94596408104,3447.09277552839,3620.55531544541,2732.78425893813,3104.51664716104,3083.95077175366,2999.01937813012,2138.98172163766,2483.07365871414,2723.28896224767,2885.7363292581,2469.68355106479,2418.60500288906,3249.70343368437,2867.77024799756,2317.0903602363,2162.26954237903,3199.50233759877,2306.03642607831,2588.12665070703,2212.37300553049,3270.85154676882,2939.73984269017,2738.02255511163,3190.26951551119,3063.07794048731,3313.53042496972,2432.80107222107,2640.79141368643,2926.1251078175
2697.41654905207,4383.57515870322,4389.11458906008,4772.02594520399,5093.86749067936,5448.38967528021,3390.77048549441,2983.67629172469,3646.02253897312,3065.34871000022,3483.88312753169,2322.56147193137,1e+09,2531.63155229982,3188.38768372041,3201.53997412183,3427.44675122751,3531.3482192075,2704.52824102467,2015.68466546729,2311.93861386932,2448.61030799105,2180.53991174204,2021.2582722156,2947.28884263148,3530.24445496342,3826.64996302249,3041.45226222606,3464.10868983639,3500.25468791915,3681.66376347705,2810.22843580375,2564.52631054938,2303.01148368826,2887.68257280817,2993.98522740177,2896.17637713935,2500.41469052635,2582.87160668121,2315.18919589739,2165.46319285274,3708.27703137185,2920.90528797152,2300.80701863498,2708.57387521552,3304.68504845772,3275.09914903351,3040.19907726451,3693.10023493812,3337.11449153307,2848.23478307179,2471.56969501165,2264.4951197342,2374.67931205458
2415.32909879793,4538.51791837379,4580.33033855638,4672.46556857298,5296.96248399023,5443.299678017,3140.20509226706,2477.44583238464,4152.8568345297,2763.45099021133,3523.39095135638,2722.67921274248,2531.63155229982,1e+09,2227.19593913513,3310.2498955668,3236.63548752404,3188.49140793887,2815.86427416167,1737.98004971288,2449.1204287458,2811.97187361467,2877.4753071573,2601.33193871909,2788.72069937095,3370.44452154312,3274.0179721712,2292.07249117475,2816.52497017158,2994.35700435002,3054.00668831946,2304.06694724784,2033.95502430609,2879.48949711576,2470.69657851789,2272.3047089024,2208.7803660165,2363.0341905694,2173.68105291462,2258.92113425856,2037.79014969648,2666.67994131279,2167.9015576128,1845.75618622829,2575.54270760553,2697.34652751551,2510.74406632775,2113.67478794634,2923.08410746253,2558.30789202551,2391.5078054859,1760.25077000409,2082.07498397632,2317.7773561971
2894.6689660823,4350.25266602987,5131.28473573627,5408.26775679607,6036.71237735409,6071.0645281532,3361.50630485799,2175.05704437838,4050.88473370942,2936.62469362362,3836.12333886699,2817.19086776171,3188.38768372041,2227.19593913513,1e+09,4126.23828802942,3373.89021258843,3900.81545585023,2927.96470395393,2165.10492094494,2400.85404654261,2443.98673860968,3160.76901452795,2791.48166325699,3485.81258213921,3534.71213092382,4137.31700407402,2404.97839019397,2079.43736287006,2739.32373110591,3089.98172926637,2782.64837144401,2677.86643404782,3006.22890191349,2246.20469739514,1945.39579350835,2375.65474318134,3145.80788531341,2245.98544743727,2275.8230266653,2044.93812133766,2148.46517912206,1754.13639714818,1989.67651192348,2158.47388578134,2900.62075614859,2314.21443731993,1826.41150875152,2333.5316341974,1884.97186830467,2237.19518026479,1926.82224540823,2487.80483486949,2637.76680296041
4492.26809202211,4947.95208522678,3957.48070989613,3857.85058909751,4437.99906314772,4327.50281820821,4157.44552394857,4414.91994141457,3825.63707478898,3876.18577287003,3785.51024359993,3001.40635822609,3201.53997412183,3310.2498955668,4126.23828802942,1e+09,3424.89254459173,3718.31165466264,3012.21414700217,3729.98160935145,3958.84281890555,3562.42742195543,3487.99692095621,3645.70747390681,3104.40385104773,3118.21093528004,3290.55194397536,4162.83404003811,4735.34632979469,4784.62950110037,3875.14759022156,3151.38570735161,3601.36181253703,3990.84337503992,4214.18006395076,3783.37045450218,3127.76957060459,4129.19200189335,4005.86940891737,3349.53476239612,3252.48386678551,3924.56105358294,3709.38919125508,3275.32784739177,3397.53283942922,3709.08345276835,3762.12702880963,3715.77779186269,4216.59185577642,4121.60561673482,3957.19660759988,3445.35816245568,2982.34198414602,3216.03139571118
3767.35835083418,4371.06952320596,4600.33917906061,4452.61420581213,5032.01629121965,5584.27957199494,3990.45246795398,3451.00074588517,2260.34844459875,2575.66535815505,3397.4139501097,2608.20135162146,3427.44675122751,3236.63548752404,3373.89021258843,3424.89254459173,1e+09,3207.97171421445,2688.41774767241,3082.93583048691,3456.30751713444,3256.92692286763,2584.94751737825,2704.3252528311,2672.80977901533,3625.42847383589,3838.0728225504,3145.70669909005,3840.56804557607,3296.63304961289,3008.64285225083,2838.47102706721,3130.41081795984,3825.6572781811,3461.31168862326,3472.37087725375,2346.89717908561,3928.90783820389,3377.03670985377,2864.07409343753,3316.74495466564,3757.23345570913,3194.20328216599,3002.31762192144,2655.01701173458,3359.10723999696,3105.64259658126,3273.85064725012,3330.1854871163,3558.41321727817,3770.94459184963,3275.86206803644,3228.80018520812,3734.83875344037
3654.58199117218,5254.9219558905,4208.34990622215,4219.63120163362,4665.38636752627,5236.19749776496,4113.10504152277,4005.26656724618,3255.31713634786,2681.92473678886,3336.36718060228,3230.42092121135,3531.3482192075,3188.49140793887,3900.81545585023,3718.31165466264,3207.97171421445,1e+09,2478.5485658748,3362.8784835465,3370.26163776642,3543.13906668931,3573.49221244429,2672.29643492259,2311.06923639254,3111.67794896901,2585.72846331551,3079.39284640658,4239.22558438449,3398.82382394263,2614.83554446546,2255.57129169087,3263.14503438018,3245.35134574055,3348.01800413319,3895.58347596352,3233.62469556997,3133.68965787935,3058.21270609158,3091.17730389248,3414.21809966792,3814.14357720052,3419.2613357566,3355.5325405515,3477.16981029112,4190.30563071478,4011.56505691981,3309.38213053434,3523.39429079404,3658.5122659491,3718.50312308596,3795.93009914566,2781.42427590614,3579.92432690972
2964.38159321637,4504.85096955493,3510.9290358821,3759.6577577221,4263.34695232513,4465.40069922062,2936.01192596352,3438.86109444682,2949.7584975723,2034.3929242897,2570.60576856896,2225.31362297542,2704.52824102467,2815.86427416167,2927.96470395393,3012.21414700217,2688.41774767241,2478.5485658748,1e+09,2556.64171997173,2822.55075203264,2479.95476420438,2709.68515514257,2283.19866662978,1967.43788349213,2607.68896160949,2373.60305464077,2659.2689317743,3382.09611913973,3187.95428518039,2293.62193231579,2260.7505316819,2713.93786944359,3079.03631026008,2931.36900628358,3161.99337646365,2804.79618899484,3015.34634072108,2889.00490894356,2264.52229666656,2954.0108128949,3485.63294620934,2682.64912633017,2426.46059529101,2438.72028195117,3271.35191112176,3095.00096453943,2508.10601604079,3366.03049914881,3177.27304934593,3223.22300404424,2925.39248430018,2613.01544029116,3193.34996528724
2596.55711158064,4130.76261196404,4630.53529392661,4962.25352763238,5402.7893497711,5519.72061812009,3008.5757167969,1869.9449560348,3642.67043654789,2341.61666877822,3117.48278017698,2498.64944101809,2015.68466546729,1737.98004971288,2165.10492094494,3729.98160935145,3082.93583048691,3362.8784835465,2556.64171997173,1e+09,2023.12113969975,2061.86815577524,2555.77714210375,1993.5729887817,2859.60511422469,3422.14654093012,3383.33246499661,2201.68107758594,2486.86982043693,2718.79794536115,2698.95460315656,2261.28865459499,1880.81714408924,2516.03647974349,2067.20940291495,2288.86539877294,2359.00286534375,2357.36084077088,2175.65998207441,1876.63768719484,2039.46199562532,3008.11898993374,1997.90813089591,1744.45605952113,1941.10789888146,2491.12530525865,2268.41646890513,1705.33148114963,2826.48824138718,2253.42704572391,2449.60882030172,1897.43627010237,2052.10243655135,2402.63293240978
2419.63863719358,4308.97518972899,4457.06088650357,4808.16952024365,5120.65013183873,5386.78897459331,3535.33484360393,2374.57969529346,3423.90192896935,2748.62783686697,3194.14038079105,2460.50250725335,2311.93861386932,2449.1204287458,2400.85404654261,3958.84281890555,3456.30751713444,3370.26163776642,2822.55075203264,2023.12113969975,1e+09,2465.07799456731,2757.30015308454,1949.48125128199,2893.04698831526,3214.71236307387,3938.76361377527,2130.44783486947,2583.20713608104,2297.5598124532,2672.99247241738,2446.17122796014,2709.70134524084,2225.99548905653,2044.8397285851,2620.16084571158,2716.75395293722,2510.80002718257,1838.93720656797,2263.5944801797,2293.99076682972,2570.9480063393,2076.25302605439,1815.20843114503,2261.78903627195,3143.53102466001,2672.59355362913,2504.23821177219,2407.37366501339,2110.50407095082,2370.22764830723,2247.56487225619,2082.46838655476,2038.41279303285
3050.38494552737,3837.67166847296,4511.82074102019,5002.30370308521,5391.63222812907,5382.60524730358,3379.62191593971,2205.03514956111,3129.93387340691,2307.89681955238,3108.0725161907,2193.85235134455,2448.61030799105,2811.97187361467,2443.98673860968,3562.42742195543,3256.92692286763,3543.13906668931,2479.95476420438,2061.86815577524,2465.07799456731,1e+09,2825.59907699235,2296.26413620036,3101.0915788638,3546.4059505928,3829.22868221526,2623.63219621196,2444.07505236644,2854.45248983058,2933.55689147151,2684.07605998787,2780.95056052782,2158.38692281991,2243.49149628431,2371.52547544824,2849.88344173933,3180.00961029994,2932.51991774992,2218.54268617938,1843.93225699861,3003.93138573437,1726.68296704983,2284.5035702314,1931.34790069009,3280.16308019891,3042.3643255534,2160.66246452332,3143.38612634528,2731.48543986601,2899.00936678376,2295.91898173694,2511.81226517827,3077.06664177102
3399.58133278202,4594.95523337279,4534.40662137837,4711.70407718906,5388.45860654974,5714.16904574935,3793.92382066377,3415.29639151568,2958.62815781233,2671.5108094859,3112.09456212372,2295.56102942178,2180.53991174204,2877.4753071573,3160.76901452795,3487.99692095621,2584.94751737825,3573.49221244429,2709.68515514257,2555.77714210375,2757.30015308454,2825.59907699235,1e+09,1950.68171670829,2573.86360396195,3655.56858706002,4197.49600581108,3206.20994610459,3272.93587268373,3350.68149921773,3361.37469396079,2953.35617518443,2866.1300273714,3096.92932701087,2813.22679302612,3048.53188033191,2865.75416862647,2534.35155803215,2508.6270388601,2685.3567246271,2474.07447808266,3576.75124940217,3117.50662138832,2472.83577620917,2336.60176679724,3069.85532753581,2849.82769186139,3124.27180525319,3517.999937834,3506.81881172951,2814.31258338515,2561.11592482652,2995.75442808652,3082.62427885722
2734.55834640623,3903.0368328777,4384.29410520097,4704.65103627251,5163.00238965662,5595.96353636262,3657.72754858806,2730.8167335799,2644.31272842302,2144.19471632126,2965.89966871774,2177.08963561448,2021.2582722156,2601.33193871909,2791.48166325699,3645.70747390681,2704.3252528311,2672.29643492259,2283.19866662978,1993.5729887817,1949.48125128199,2296.26413620036,1950.68171670829,1e+09,2175.16580547323,3244.35223266525,3405.91427483136,2382.51839841794,2954.70682227527,2641.29535431008,2703.69362833513,2261.59430314104,2897.91329561462,2316.13654088009,2430.9617557872,2838.26968040389,2868.86278683732,2216.94165859185,2048.29330526661,2228.39145228122,2244.85690229912,3303.38368770568,2566.52780879148,2337.84312305167,2366.93632852682,3057.74180958759,2917.55034794603,2367.96916331273,2992.63249128589,2747.79303401839,2613.31203745362,2700.41383137844,2523.55235822441,2694.40241647383
3467.6484499153,4709.28563381963,2997.38133656697,3097.8640645774,3790.48161914815,4140.48008786421,3426.60865973925,3754.17212622171,2818.68395216633,1965.93904605407,1990.43181701861,2665.94596408104,2947.28884263148,2788.72069937095,3485.81258213921,3104.40385104773,2672.80977901533,2311.06923639254,1967.43788349213,2859.60511422469,2893.04698831526,3101.0915788638,2573.86360396195,2175.16580547323,1e+09,2205.45101249155,2357.04289693675,2836.16086403786,3844.00262178631,3148.71597143979,2110.23962520847,2467.46031654007,3264.75470515014,3537.10538897274,3107.59225652273,3616.96381593734,3013.61824569735,3008.47826492066,2978.84891350669,3090.89020463361,3139.5345239223,3633.11179526587,3181.02729991429,2735.42210265619,2788.39926459609,3256.55488837514,3243.74751688537,2921.76084769099,3410.23372685803,3480.43302769928,3152.36226132087,3364.67630567934,2672.27213292359,3103.88909370164
4118.70549982637,5204.59971456019,2878.11022275034,3067.97196126366,3382.05145025915,3539.12595425763,3191.18346393622,4272.74310414282,3665.9426988566,2964.17157318871,2478.98058719708,3447.09277552839,3530.24445496342,3370.44452154312,3534.71213092382,3118.21093528004,3625.42847383589,3111.67794896901,2607.68896160949,3422.14654093012,3214.71236307387,3546.4059505928,3655.56858706002,3244.35223266525,2205.45101249155,1e+09,2541.51077379184,3282.38523205306,4148.87556342679,3708.98472866902,2668.59413896156,3004.72464878231,3706.93374730383,4011.13312788294,3615.52262306572,3844.56743638345,3423.56424813381,3738.97123594178,3372.39333895084,3446.39955660977,3601.6185482641,3719.27507355936,3618.64094196979,3052.68627238372,3332.96716642994,3866.81293495044,3663.99049196365,3398.09598651951,3746.9582504613,3734.65257050773,3336.4486069622,3707.55611041829,2569.07434024397,2945.29335219771
4093.91601958321,5212.80911629229,3225.40385654262,3331.88530516883,3728.87345080253,3741.50203640196,3443.76946940413,4486.8204272625,3986.62592288266,2916.10619899207,2903.94833187507,3620.55531544541,3826.64996302249,3274.0179721712,4137.31700407402,3290.55194397536,3838.0728225504,2585.72846331551,2373.60305464077,3383.33246499661,3938.76361377527,3829.22868221526,4197.49600581108,3405.91427483136,2357.04289693675,2541.51077379184,1e+09,3358.67761958483,4621.35335371577,4236.00310531048,2748.16668719348,2784.67824236482,3599.93059999773,4314.73275982418,4120.94316384005,4193.68548663345,3820.65007589023,3788.59050039721,3928.35177855803,3526.62395493197,4050.4670729806,4355.89091037643,3818.1978058241,3512.40589224822,3760.76335567661,3777.58155506933,3915.55755811353,3143.94541185117,4242.29096489149,4034.60110316993,4052.14452777785,4039.02285220077,3183.79002382381,3728.66604988969
2308.88206851281,4435.29230601547,4240.86890399833,4459.83087649072,4675.95727140443,5102.01093837518,2419.76441966982,2426.62387468681,3243.5892628229,2039.20617042515,2973.78938465723,2732.78425893813,3041.45226222606,2292.07249117475,2404.97839019397,4162.83404003811,3145.70669909005,3079.39284640658,2659.2689317743,2201.68107758594,2130.44783486947,2623.63219621196,3206.20994610459,2382.51839841794,2836.16086403786,3282.38523205306,3358.67761958483,1e+09,2465.72625187793,2064.52890609456,2641.92782102388,2474.47786387351,2721.16906290293,2728.41162371076,2607.40682408787,2548.7891082826,2786.41605283561,3040.4967004751,2641.840942714,2410.31978376314,2796.26016590016,2734.85942004338,1895.16197732542,2183.81839886013,2442.44237874714,2843.02510680085,2705.52071860483,2257.81882098631,2579.00000769678,2398.86969450198,2904.48668079232,2432.79427443013,2394.62614503809,2634.97352937368
2980.32370418047,4945.77257815197,5446.1422282658,5605.93368026237,6210.16816767469,6331.35745554616,3562.20949239373,2430.76042340663,3978.64121859461,2632.90851719159,3521.54872039278,3104.51664716104,3464.10868983639,2816.52497017158,2079.43736287006,4735.34632979469,3840.56804557607,4239.22558438449,3382.09611913973,2486.86982043693,2583.20713608104,2444.07505236644,3272.93587268373,2954.70682227527,3844.00262178631,4148.87556342679,4621.35335371577,2465.72625187793,1e+09,2011.26075049955,3358.80615908391,3049.75931394594,2859.15449643771,2925.89827147152,2055.7267466519,1491.15797422674,3214.67628110514,3008.99106675311,2763.53619473312,2796.61954552277,2457.17604477172,2503.51459160916,1994.23603374826,2570.72971690919,2410.39929549027,3139.4819729535,2760.38216941061,2433.26218509227,3036.63757147606,2586.33187429611,2515.88871150932,2314.65919458999,3279.70250451165,3559.33333762097
2776.25040729398,5026.1212062882,4688.75188972503,4777.75046713409,5348.0045137135,5837.0437749258,3560.62627878861,2715.18695409727,3281.6276463365,2048.00766170442,3008.23075364906,3083.95077175366,3500.25468791915,2994.35700435002,2739.32373110591,4784.62950110037,3296.63304961289,3398.82382394263,3187.95428518039,2718.79794536115,2297.5598124532,2854.45248983058,3350.68149921773,2641.29535431008,3148.71597143979,3708.98472866902,4236.00310531048,2064.52890609456,2011.26075049955,1e+09,2612.75785360986,2545.00802617595,3044.26336715469,3096.66566120723,2357.62499108743,2530.10081755649,2989.7003428103,3307.6090214383,2931.58308869116,3048.89796183802,2928.85539668656,2880.38333520037,2294.55553038056,2757.50424382266,2634.78700858343,3461.54022481323,3190.93422487835,2977.51378836438,2874.85414270011,2816.21981065044,2873.0711198646,3052.3983357026,3023.5706960149,3475.66718838269
3687.04904396456,4649.46383213162,3653.0498588166,3887.94253226562,4492.66887801672,4446.51301637587,3700.1613570762,3310.99702275614,3025.12493381678,2040.99516550138,2216.49279980784,2999.01937813012,3681.66376347705,3054.00668831946,3089.98172926637,3875.14759022156,3008.64285225083,2614.83554446546,2293.62193231579,2698.95460315656,2672.99247241738,2933.55689147151,3361.37469396079,2703.69362833513,2110.23962520847,2668.59413896156,2748.16668719348,2641.92782102388,3358.80615908391,2612.75785360986,1e+09,1981.16956384354,3072.87198786412,3698.92197980709,2849.94143013501,3415.23697637514,2915.2384796445,3478.16782095114,3115.68722250806,3128.30895883063,3253.08252801862,3070.58390627907,2601.70380681583,2531.09447300965,2264.1465562547,3080.67366019187,2916.37600571326,2446.61794731012,2676.36552660506,2734.24225307488,3116.2530758268,3328.22673954164,2666.18081959945,3233.20649702428
3167.6703221295,4682.36473143646,3962.79020980167,4074.04445413891,4862.98138785252,5009.05139765006,3585.50931939941,3060.07092996225,2958.66139351904,2198.94439941077,2796.5658959338,2138.98172163766,2810.22843580375,2304.06694724784,2782.64837144401,3151.38570735161,2838.47102706721,2255.57129169087,2260.7505316819,2261.28865459499,2446.17122796014,2684.07605998787,2953.35617518443,2261.59430314104,2467.46031654007,3004.72464878231,2784.67824236482,2474.47786387351,3049.75931394594,2545.00802617595,1981.16956384354,1e+09,2146.52672815877,3048.33630129617,2769.58678811479,2459.25860769054,2231.15283190103,2936.86947888394,2676.8107307391,2457.1005851613,2282.42576080801,2753.58828999544,2227.68781235163,2276.71311732506,2208.30913716807,2843.76191839261,2758.14800447692,2319.11163927052,2729.69863400706,2602.68410434305,2722.84193949998,2645.50332400094,2095.25650708929,2639.00036136792
3035.04591441382,4949.50645150605,4692.77954174283,4687.16537162921,5367.57934850525,5615.79037662554,3416.3740204199,2777.21924184966,3761.60394036906,2657.90700360265,3382.52798935944,2483.07365871414,2564.52631054938,2033.95502430609,2677.86643404782,3601.36181253703,3130.41081795984,3263.14503438018,2713.93786944359,1880.81714408924,2709.70134524084,2780.95056052782,2866.1300273714,2897.91329561462,3264.75470515014,3706.93374730383,3599.93059999773,2721.16906290293,2859.15449643771,3044.26336715469,3072.87198786412,2146.52672815877,1e+09,2894.60853185711,2364.12218829738,2246.19711450264,1885.12764777349,2714.32431756045,2605.58095915287,2037.21426047925,2436.01004835777,2869.17938482417,2265.59212516287,2035.44286210643,2247.07999007601,2987.28517768224,2448.62376087058,2502.32339254941,2974.68324101912,2819.19449433699,2788.00321656916,1785.3010115944,2124.90577409917,2870.65686082471
2909.70885139734,4610.42495243118,5309.93907753187,5601.28035651671,5785.13286550966,6175.99130983035,3819.27533541377,2327.76317236097,3713.06175568088,3179.40580632608,3994.24729618736,2723.28896224767,2303.01148368826,2879.48949711576,3006.22890191349,3990.84337503992,3825.6572781811,3245.35134574055,3079.03631026008,2516.03647974349,2225.99548905653,2158.38692281991,3096.92932701087,2316.13654088009,3537.10538897274,4011.13312788294,4314.73275982418,2728.41162371076,2925.89827147152,3096.66566120723,3698.92197980709,3048.33630129617,2894.60853185711,1e+09,2195.18290023861,2722.17822717397,2983.11302174423,2660.13952761881,2467.05543225117,2209.91182082001,2150.25404122397,3066.29159797303,2268.53018218846,2727.77863255067,2787.82853351852,3930.5152832803,3566.40654864249,2913.12123946121,3065.70195464269,2723.28884641347,3224.67890784493,2587.77569292626,2419.6153456903,2809.35371676477
3084.4290555628,4998.83976851629,5121.62593907443,5233.41421798428,5856.84812972814,6035.6385967518,3770.82044473083,2382.76443399258,3599.83986577181,2468.36309982952,3234.43672688151,2885.7363292581,2887.68257280817,2470.69657851789,2246.20469739514,4214.18006395076,3461.31168862326,3348.01800413319,2931.36900628358,2067.20940291495,2044.8397285851,2243.49149628431,2813.22679302612,2430.9617557872,3107.59225652273,3615.52262306572,4120.94316384005,2607.40682408787,2055.7267466519,2357.62499108743,2849.94143013501,2769.58678811479,2364.12218829738,2195.18290023861,1e+09,2120.23691935595,2540.29910679825,2147.88581938147,1799.66674462246,1919.32839391804,2088.12388911674,2248.09660786631,1950.2134322171,2145.7134955767,2035.55480859642,3193.40086105707,2319.57975683097,2136.36078865439,2372.39042334941,2141.54794975504,2232.62340626448,1946.03251493905,2324.08854715133,2986.09387123044
3181.20298918507,5015.01066063673,5189.54455408179,5210.22690315883,5978.63831959251,6056.86075573808,3460.43168067223,2496.01478367016,3702.38299939377,2707.84792482887,3498.56769847319,2469.68355106479,2993.98522740177,2272.3047089024,1945.39579350835,3783.37045450218,3472.37087725375,3895.58347596352,3161.99337646365,2288.86539877294,2620.16084571158,2371.52547544824,3048.53188033191,2838.26968040389,3616.96381593734,3844.56743638345,4193.68548663345,2548.7891082826,1491.15797422674,2530.10081755649,3415.23697637514,2459.25860769054,2246.19711450264,2722.17822717397,2120.23691935595,1e+09,2438.25787860923,2898.14028264679,2591.39391160433,2240.91503433307,1724.20471931265,2065.56426922524,1750.00290656902,2353.31136450322,2134.96905008012,2726.53925040517,2283.53388284475,2169.51026139541,2772.72113812406,2339.42772812071,2381.16881266323,1717.39441695843,2649.17491457246,2964.24264529745
3455.17655684916,4626.84589779042,4656.53077984029,4542.00351327473,5289.80264978761,5592.71606704649,3641.70657994298,2500.77518247843,3342.64851673041,2878.01314618262,3611.61737267391,2418.60500288906,2896.17637713935,2208.7803660165,2375.65474318134,3127.76957060459,2346.89717908561,3233.62469556997,2804.79618899484,2359.00286534375,2716.75395293722,2849.88344173933,2865.75416862647,2868.86278683732,3013.61824569735,3423.56424813381,3820.65007589023,2786.41605283561,3214.67628110514,2989.7003428103,2915.2384796445,2231.15283190103,1885.12764777349,2983.11302174423,2540.29910679825,2438.25787860923,1e+09,3448.58835199274,2782.84997592396,2165.09769523225,2296.03575205178,2391.78704840126,2031.02420354854,2126.0360426625,1964.23883069244,2905.23869845491,2325.23102235025,2622.97501995349,2206.0963161204,2342.57369529755,2970.1556338347,2122.04481041282,1822.85538186659,2423.11009749867
2879.82913053882,5248.68012683189,5138.64373379786,5273.45374519394,5838.57506150259,6121.291958002,3942.1743236823,3453.84872616043,4161.64178274632,2990.18761252534,3548.37105803494,3249.70343368437,2500.41469052635,2363.0341905694,3145.80788531341,4129.19200189335,3928.90783820389,3133.68965787935,3015.34634072108,2357.36084077088,2510.80002718257,3180.00961029994,2534.35155803215,2216.94165859185,3008.47826492066,3738.97123594178,3788.59050039721,3040.4967004751,3008.99106675311,3307.6090214383,3478.16782095114,2936.86947888394,2714.32431756045,2660.13952761881,2147.88581938147,2898.14028264679,3448.58835199274,1e+09,1496.83161130436,2414.77916100003,2565.52371296778,3337.2527911742,3165.34981714502,2525.33562323902,3067.18089856141,3396.90427894281,3003.85901799668,2702.054948368,3513.11544739139,3192.98658957409,2283.26969486743,2487.69787612966,2834.37051612876,3106.96104740629
2722.03729384812,4851.42638274559,5161.56064018432,5334.31639253804,5844.93977513883,6132.48729908999,3852.56871537679,2897.8535529595,3811.55356786442,2974.83946550062,3653.69326231691,2867.77024799756,2582.87160668121,2173.68105291462,2245.98544743727,4005.86940891737,3377.03670985377,3058.21270609158,2889.00490894356,2175.65998207441,1838.93720656797,2932.51991774992,2508.6270388601,2048.29330526661,2978.84891350669,3372.39333895084,3928.35177855803,2641.840942714,2763.53619473312,2931.58308869116,3115.68722250806,2676.8107307391,2605.58095915287,2467.05543225117,1799.66674462246,2591.39391160433,2782.84997592396,1496.83161130436,1e+09,1963.12090473307,2170.50101981086,2655.90892765546,2654.53500186002,2071.69639884806,2618.7269492828,3264.86907065199,2555.07587730776,2345.88796177482,2622.20087611533,2407.09601964691,2010.58996438856,2108.90865048726,2316.74726560754,2525.61300042188
2766.5874504342,4574.31070654366,4795.23053488568,4910.66699572472,5398.64410004957,5664.49512729069,3221.46738749595,2638.0525112666,3237.87682935902,2593.6713615067,3483.67737658067,2317.0903602363,2315.18919589739,2258.92113425856,2275.8230266653,3349.53476239612,2864.07409343753,3091.17730389248,2264.52229666656,1876.63768719484,2263.5944801797,2218.54268617938,2685.3567246271,2228.39145228122,3090.89020463361,3446.39955660977,3526.62395493197,2410.31978376314,2796.61954552277,3048.89796183802,3128.30895883063,2457.1005851613,2037.21426047925,2209.91182082001,1919.32839391804,2240.91503433307,2165.09769523225,2414.77916100003,1963.12090473307,1e+09,2175.97009405001,2765.86088818653,2087.91204951262,2024.52159292016,2174.34056253844,3045.07345384311,2214.69578547484,2081.33526415136,2744.23148985285,2384.21013146912,2746.99048463951,1632.21348508705,2036.61488841165,2640.36036235587
3043.75639043272,4419.76435093546,4936.84369634081,5211.15193444789,5896.03453702571,5932.1496942761,3748.712558746,2304.95398149291,3583.84250740738,2858.98424722838,3578.16063550814,2162.26954237903,2165.46319285274,2037.79014969648,2044.93812133766,3252.48386678551,3316.74495466564,3414.21809966792,2954.0108128949,2039.46199562532,2293.99076682972,1843.93225699861,2474.07447808266,2244.85690229912,3139.5345239223,3601.6185482641,4050.4670729806,2796.26016590016,2457.17604477172,2928.85539668656,3253.08252801862,2282.42576080801,2436.01004835777,2150.25404122397,2088.12388911674,1724.20471931265,2296.03575205178,2565.52371296778,2170.50101981086,2175.97009405001,1e+09,2287.85718540297,1826.87618554187,2016.55969011582,1983.69180012924,2882.11679966305,2643.81051665962,2138.43730120853,2690.10087466994,2346.96452367734,2077.08024065032,1763.3783437198,2042.39526740051,2328.26152635395
3644.50607412033,4948.58044905809,5253.14974251639,5209.19500616938,5920.52481202469,5914.83451478568,4131.06053111063,2739.18913242587,3954.16152503916,3318.3094492678,3832.68571697446,3199.50233759877,3708.27703137185,2666.67994131279,2148.46517912206,3924.56105358294,3757.23345570913,3814.14357720052,3485.63294620934,3008.11898993374,2570.9480063393,3003.93138573437,3576.75124940217,3303.38368770568,3633.11179526587,3719.27507355936,4355.89091037643,2734.85942004338,2503.51459160916,2880.38333520037,3070.58390627907,2753.58828999544,2869.17938482417,3066.29159797303,2248.09660786631,2065.56426922524,2391.78704840126,3337.2527911742,2655.90892765546,2765.86088818653,2287.85718540297,1e+09,1750.42547419192,2090.98817490678,2083.61577381724,2705.00350770567,2156.58268318189,2286.22044763842,1467.51728899526,1612.39069068263,2204.84161701017,2117.47542453272,2364.1093641158,2594.98976019174
2801.15694522817,4121.94518358748,4691.09766289298,4915.00540750466,5461.75242636464,5504.29143092914,3294.07628694297,1622.76974518876,3391.00086219393,2421.68386239823,3332.44285172304,2306.03642607831,2920.90528797152,2167.9015576128,1754.13639714818,3709.38919125508,3194.20328216599,3419.2613357566,2682.64912633017,1997.90813089591,2076.25302605439,1726.68296704983,3117.50662138832,2566.52780879148,3181.02729991429,3618.64094196979,3818.1978058241,1895.16197732542,1994.23603374826,2294.55553038056,2601.70380681583,2227.68781235163,2265.59212516287,2268.53018218846,1950.2134322171,1750.00290656902,2031.02420354854,3165.34981714502,2654.53500186002,2087.91204951262,1826.87618554187,1750.42547419192,1e+09,1771.27387145523,1540.03158116969,2663.54528664335,2287.57817464234,1719.52123013937,1946.83243660054,1590.5243240831,2575.87641124337,1728.97841160611,2078.33016953515,2503.10580719234
2464.22004721575,3883.64709328744,4317.35406737738,4529.33671602145,5015.04866797921,5121.26566240222,3233.89880127687,2336.81075523886,3558.54433246236,2615.62817007693,3135.79744685463,2588.12665070703,2300.80701863498,1845.75618622829,1989.67651192348,3275.32784739177,3002.31762192144,3355.5325405515,2426.46059529101,1744.45605952113,1815.20843114503,2284.5035702314,2472.83577620917,2337.84312305167,2735.42210265619,3052.68627238372,3512.40589224822,2183.81839886013,2570.72971690919,2757.50424382266,2531.09447300965,2276.71311732506,2035.44286210643,2727.77863255067,2145.7134955767,2353.31136450322,2126.0360426625,2525.33562323902,2071.69639884806,2024.52159292016,2016.55969011582,2090.98817490678,1771.27387145523,1e+09,1557.65091201463,2142.71797143254,1895.79019171426,1854.81735941844,2212.43026631349,2028.47574414879,1641.61286194401,1447.03514459739,1678.47144995082,1948.79733376768
