1e+09,19876.3960377252,20877.4607936621,25466.2552772645,28967.179253809,28630.2882131703,8996.00351550065,12531.352333631,6414.98929130829,5547.68566370698,9415.2365875638,5494.12697315051,6539.67828522933,2006.18420353167,5256.34335589866,4728.78692954123,7993.67193918415,8782.55954668683,6654.18098858154,5501.03097119985,5154.42053555004,5601.79855921292,5204.76504458175,5118.73910223993,9658.1433102072,13613.724466453,12960.7338451224,4001.6045138919,3814.25467503155,4723.56599565413,6622.74062403172,8136.44387668839,11483.6153956278,10297.4060000905,3872.80016887006,6913.8437523638,4114.04292103279,5255.7882882875,5681.9412852827,5862.95450334556,7301.26647664636,6292.26286134805,4881.49505741837,6079.58888751534,6015.93497024361,6470.3908357301,7445.54459791895,6341.76955961032,3727.63778476396,5683.92837330838,4401.82307818022,5691.06200384427,5252.12243862422,8995.50946865713
19876.3960377252,1e+09,11395.615547069,11864.164144393,13719.7894778455,14644.409995459,26186.8364840314,31001.6887792665,18795.0996192438,17157.5543621053,14671.5208425609,23824.8187668952,25081.0443152872,20887.5431373821,23680.27968785,19222.1718418419,12712.5374869772,14040.9402368716,24180.2321920634,23763.0866114947,22679.7158162266,24168.8455529655,23163.9523947404,16691.0534115406,11682.1129022878,9473.71156082979,10283.1619145572,19364.1678334521,22695.120730494,17798.2557532304,17143.9480811889,24483.3357274086,30384.0814686836,29183.4490834582,22004.789825438,26251.4838102344,21324.1137853042,24391.1282118725,24814.5973895467,24884.4842232866,26115.0565423531,24869.4452973161,23367.0085316949,24476.492612948,24239.1798254541,23767.8362523264,25125.6156023629,24815.690043807,21189.8550973172,23641.3412943682,22897.1730907486,24675.3941250773,22773.8196929325,27475.993884564
20877.4607936621,11395.615547069,1e+09,6917.5431046073,11076.0701011144,8259.86978844703,24773.5516262566,32274.5032517791,18404.6848608907,16602.2668714305,12222.2184742992,23340.4498946786,24465.852936683,21143.2887360647,23831.7252972251,19845.7600351788,13848.0156998034,13685.8055570507,24895.1325249676,23286.541098231,22501.2667056546,24571.8247918729,22965.7050562529,17036.6352106483,12051.186842523,8364.65657127655,8808.41349794615,19008.7468479987,23423.3142997036,17692.890372288,16762.475078153,23532.9183953032,30113.4035261476,30067.2767345598,22071.1389286484,26508.5443208751,21126.8427299538,24599.5979915526,25116.4219056517,24743.4715957078,25878.9354530417,25532.9458379404,23634.6520073239,24919.7900279938,23954.7551523722,23131.3275994916,24380.3355344487,25334.0962621306,21508.386194666,23919.3594833056,23196.8516569749,24426.1862642186,22078.4866897666,26993.7701413567
25466.2552772645,11864.164144393,6917.5431046073,1e+09,4666.02439060277,5138.95673459118,30414.411259403,37370.7901236139,23960.3847633756,21847.2671162345,17680.1222972976,28702.9950230094,29857.7344208816,25882.8442497053,29105.0571567778,24731.587810446,18210.0787776303,18584.0858857222,30070.7839205299,28673.0320034959,27918.3609507095,29793.9702537745,28325.8929356005,22071.2808920235,16373.1944860586,12453.4255932936,13365.7924360623,24186.9563156921,28251.8453895777,22664.9337604172,22186.8065934555,29282.8917679197,35563.8117699397,35146.1587668084,27129.6985010523,31495.6936258261,26323.974407097,29661.1379831439,30249.5632097424,29993.0695190589,31222.7499738092,30561.2350115453,28835.2007352507,30121.7370687947,29359.506150615,28701.1584141668,29997.5534932868,30516.7171918934,26602.7137966336,29180.6148025586,28337.9342244067,29660.2333567995,27447.0818289213,32520.7474832037
28967.179253809,13719.7894778455,11076.0701011144,4666.02439060277,1e+09,6620.6908344598,34274.848565912,40845.1413206675,27669.0835006312,25582.5744008573,21541.3676101751,32475.9666253554,33631.583147039,29499.3889487935,32880.4730427529,28203.7564037576,21788.3558726169,22389.7207926852,33566.275233408,32471.2961618227,31660.7223965184,33369.5143751494,32102.2914676445,25858.1786214517,19950.5842707977,16074.4663699048,17073.3780733574,27859.8326473348,31859.4447111481,26404.9809703586,25906.7213504662,33164.1306443694,39312.233786464,38681.7071585291,30879.7100077883,35174.6500224892,30136.1526198186,33353.4223113461,33934.5932461655,33704.6191802815,35059.2008092555,34124.642961426,32502.7657689696,33681.0280266814,33071.49717615,32535.1971101667,33837.6852157487,34067.9921194294,30280.3756208027,32923.6933473327,32001.9746248587,33416.6644715492,31269.8781506197,36273.7348990671
28630.2882131703,14644.409995459,8259.86978844703,5138.95673459118,6620.6908344598,1e+09,32678.2568145656,40129.8838775096,26324.6574560848,24484.8063834595,20173.3493371131,31399.9104447497,32507.5754389758,28936.5891961078,31759.6999041757,27557.4569574589,21299.167678731,21177.9321328524,32816.6654523948,31288.7648428873,30441.6509489564,32558.6281053671,30999.9196612878,24802.970567176,19461.3502598124,15372.9498085468,16131.9838311071,26879.8146635314,31186.0581285388,25393.3429361339,24636.9779650711,31484.8589346641,38142.7636869446,37910.0700397256,29881.4436536557,34366.1626046421,28980.169781492,32494.316858797,33047.9646104779,32741.5831839253,33845.0424261427,33359.1788493767,31539.4777174385,32900.3585619519,31991.3244279695,31125.9766577709,32390.0818955649,33292.7909114901,29342.243095803,31771.5076290676,31125.9853393624,32422.1121219824,30049.3920159177,35011.6747967774
8996.00351550065,26186.8364840314,24773.5516262566,30414.411259403,34274.848565912,32678.2568145656,1e+09,9861.5693370528,8491.65831001813,9533.58630177542,13173.8027161295,5891.09434149547,6030.23044884688,7996.62824771791,5384.37168843311,9350.65074873936,14381.0499748315,13752.6404217081,6899.46510991251,5191.45666935591,5525.38946813707,6155.50314298515,6397.95186480799,10229.8161340124,15360.7369556216,18786.826144743,17923.8132621493,7620.74094532153,7012.58793970528,9544.17072531711,10163.6532421221,6079.05701570564,7412.10992090646,8133.39507338725,6275.66387059568,6170.12769525883,6592.29591600681,6219.83729785595,6225.48835913296,5193.00583546755,5670.96029394493,6808.24602823664,5599.08954656916,6657.18766973713,6004.39979269369,4943.90535085372,4150.46664216206,6504.97393256114,7258.36219708689,5609.80678478324,6624.38694554447,5327.10324682186,5220.56425866017,4867.13435935356
12531.352333631,31001.6887792665,32274.5032517791,37370.7901236139,40845.1413206675,40129.8838775096,9861.5693370528,1e+09,14297.0514204083,15796.2020638602,20198.6698838117,10050.4599059297,9617.48057524943,12176.8768016885,9308.30280583415,13211.6373331923,19737.4964306697,19703.3589908447,7898.03192748675,9942.43085260843,10188.5939893638,8095.71175258853,10450.0566773343,15893.0253674245,21201.8861954945,25166.9229114228,24332.3329579122,13530.6964813346,9766.92269986816,15245.041393545,15865.4197256486,10649.061354819,5230.01147754955,3130.78846016463,10980.0929631857,7198.68019444537,11903.1958978041,8689.22863448189,8124.72385300571,8423.27008753133,8237.2915365064,7387.69670682954,8938.12455920144,7888.95730105063,9250.25460716623,10102.4543877961,9135.59018540127,7426.31465341996,11337.0039565398,8986.52744991635,9692.02919760356,8999.95386795955,10960.3960286707,6834.32566931808
6414.98929130829,18795.0996192438,18404.6848608907,23960.3847633756,27669.0835006312,26324.6574560848,8491.65831001813,14297.0514204083,1e+09,3165.1029187216,6702.68391646212,6521.26316582148,8048.71255714229,6351.96333423769,6961.4623945763,4526.88847220693,7582.92073395865,6945.69499454878,7104.34672200055,6619.71830135543,5220.20030903988,7093.08083033036,6203.3275953717,4466.06131017029,8607.47000714496,12084.2972152997,10983.6367813716,3658.01018445821,7134.99009391043,4673.08622754813,2631.62398818676,6365.96895748793,12486.2886471081,12300.2979869067,6057.25128091943,9614.36247048654,5126.13108686268,7766.66561792768,8049.48101584195,7722.47370522555,8992.48022171859,8141.04148633945,6289.64870033295,7432.56007378346,6688.56039897974,5837.51164330316,7062.4993995044,7693.17017054738,4993.11502441111,6667.53569422017,6248.37513836997,7761.45965023333,5733.27712114982,9547.69823294076
5547.68566370698,17157.5543621053,16602.2668714305,21847.2671162345,25582.5744008573,24484.8063834595,9533.58630177542,15796.2020638602,3165.1029187216,1e+09,4618.33263655835,7570.7125108275,9008.51348179043,5660.46154985616,7719.98477567152,4912.13777354626,5411.21984319617,5041.13052945468,8741.36262910423,7441.36139971712,6397.80909572957,8352.92171152705,7277.25898457654,2869.63795634571,6274.89347318343,9876.17320425275,8913.0885374824,2859.61141319935,7186.70458878755,2615.04339072987,2543.06381003309,8238.53532884335,14055.1118323406,13624.8242659052,6034.82540797163,10286.6749086087,5354.62136351395,8464.66594290643,8945.78259208774,8689.30139908842,10007.8322671346,9212.75405031525,7254.19418706861,8802.44372233643,8035.52796496285,7318.88277501423,8578.19152454059,9061.52109800005,5437.19671355562,7686.13231098711,7083.18856324607,8525.91438762436,6413.97870643488,11125.6978737785
9415.2365875638,14671.5208425609,12222.2184742992,17680.1222972976,21541.3676101751,20173.3493371131,13173.8027161295,20198.6698838117,6702.68391646212,4618.33263655835,1e+09,11479.2576366201,12742.8788371663,9480.31385114965,11993.689586616,8351.25453458341,5143.82804355861,4305.79960384828,12946.263064151,11420.7928844236,10525.4514312641,12577.4391109955,11186.8871258764,5869.48653946834,4329.16915847602,6394.38714878134,5340.42926953443,7067.43996696116,11502.2982188344,6114.63865024745,5128.11845885019,11838.0489528258,18089.4458638262,17983.5754460257,10203.8710524095,14508.4134883763,9349.45034308969,12601.0587712819,13161.4733351779,12810.8002577708,14039.9385979854,13468.5739855821,11593.5637349868,12934.51062346,12016.5680351754,11210.121926915,12494.2135660873,13289.9269635916,9624.89137496107,11976.4722174061,11213.1122083746,12536.0951292498,10203.1564353831,15069.0886730452
5494.12697315051,23824.8187668952,23340.4498946786,28702.9950230094,32475.9666253554,31399.9104447497,5891.09434149547,10050.4599059297,6521.26316582148,7570.7125108275,11479.2576366201,1e+09,2475.87825124742,4489.1403383276,3189.09346818183,6313.46090995264,11618.1891261676,11459.071080284,4734.09067527229,1932.05390954807,3023.83490805963,3056.36238095223,1851.70046092774,7716.17712102956,13186.3731241763,17014.1798462224,15992.7030604398,5536.95649501601,4406.4098474949,7381.12259307485,7887.27213159911,4139.61155392629,7256.91968160045,7779.25066571325,4136.8533524528,4589.33317212861,3888.95850916412,3075.02612580771,3158.02467303535,2415.87402999411,3477.36488314068,4554.01486453437,2962.75341928754,3527.3661228883,1914.02215841406,2734.87238992974,3205.10785626631,3711.45842303265,3974.28492993394,3667.76100311893,2949.12583910894,2415.02333108813,3149.39006894986,4748.37155624957
6539.67828522933,25081.0443152872,24465.852936683,29857.7344208816,33631.583147039,32507.5754389758,6030.23044884688,9617.48057524943,8048.71255714229,9008.51348179043,12742.8788371663,2475.87825124742,1e+09,5553.30470863971,3863.08657006286,7440.00543968215,12913.3388294817,12578.26509471,5547.03135286795,2439.06413367915,3742.1981185127,3807.83264932954,2577.20059739245,8882.22714844087,14469.1377767163,18183.8412372799,17240.249656806,6955.03627384502,5280.98412073924,8550.82356552864,9321.23632831504,4557.89127891397,6487.22876499665,7166.2647640734,4798.88667975188,4654.28562567877,4873.85190564917,3083.56705968915,3051.97034322092,2576.12593678958,2819.96264813916,5085.86616727181,4040.19207732751,3989.73217944513,2703.65130257213,3568.98559002415,3575.09395740867,4509.5144084369,5271.09396879813,4269.03977193935,3791.45152833318,2728.88312323925,3825.8164084284,4128.48326512292
2006.18420353167,20887.5431373821,21143.2887360647,25882.8442497053,29499.3889487935,28936.5891961078,7996.62824771791,12176.8768016885,6351.96333423769,5660.46154985616,9480.31385114965,4489.1403383276,5553.30470863971,1e+09,4620.84853796356,4605.75201539336,8636.55439891396,9064.00915981444,6481.80175467439,4393.80141028244,4449.47043797349,5214.72886322002,4453.59374613357,5402.05259966061,10202.1605950896,14078.949109994,13339.3126492035,3758.78277889266,3389.01104228062,4813.51659770692,6743.55462157014,7187.9545414951,10614.2184783619,9775.78046617251,3090.0675019326,5943.66945270344,3234.06483970251,4315.64130300469,4906.70915558483,4926.93731429577,6275.99992993148,5745.74369863467,4232.61027061316,5643.47307980644,5189.16308838911,5480.22118761643,6424.58509252543,5893.86521634996,3190.3191807874,4939.93041359896,3771.51294001492,4688.40444195037,4199.10734318617,8029.40205807382
5256.34335589866,23680.27968785,23831.7252972251,29105.0571567778,32880.4730427529,31759.6999041757,5384.37168843311,9308.30280583415,6961.4623945763,7719.98477567152,11993.689586616,3189.09346818183,3863.08657006286,4620.84853796356,1e+09,6920.2679298348,11690.737653168,11510.4751427385,5071.45344106598,2481.53626896727,2600.28358188102,3377.76656888838,3264.00253281152,7555.79890262439,13347.1822352285,17104.4499824987,16291.8735181931,5400.37638196635,3104.17988517096,6914.51389325381,8182.29968289478,4837.13624480436,7480.38527718994,7146.34532971924,2821.96501464848,3917.54514781898,3491.12567095486,3036.40619193151,2521.29292108236,2527.65323345589,3139.1486354902,3779.38330511738,2080.67848705657,3899.50473382198,3147.6495655171,3166.150018682,3164.96995048926,3895.30193442049,3372.69937932511,1879.13123772663,2776.3474571278,2423.8296207242,3240.37970179422,4899.99729577477
4728.78692954123,19222.1718418419,19845.7600351788,24731.587810446,28203.7564037576,27557.4569574589,9350.65074873936,13211.6373331923,4526.88847220693,4912.13777354626,8351.25453458341,6313.46090995264,7440.00543968215,4605.75201539336,6920.2679298348,1e+09,7788.78306981906,7894.10658398403,6061.14113831711,6507.58084502221,5391.96680645384,6320.00937117976,6038.56805006783,5261.8307469549,8930.23196971389,12688.4474944849,11777.1124479942,4572.21335838563,6069.14869643182,5361.26359017163,4887.23655361596,7248.02937336074,11968.7539035816,11056.3182681171,5634.11676410775,8424.31457757247,5028.50745222675,6565.04802364004,7050.05596794806,7073.61967112312,8527.72960602058,7008.85352394384,5842.30129228201,6359.58588515007,6464.05337928146,6392.3271813245,7638.79343551061,6861.30343617013,4767.83602184471,6498.48448053083,5269.05412162373,7240.03270387641,5821.75944967671,9246.35177340231
7993.67193918415,12712.5374869772,13848.0156998034,18210.0787776303,21788.3558726169,21299.167678731,14381.0499748315,19737.4964306697,7582.92073395865,5411.21984319617,5143.82804355861,11618.1891261676,12913.3388294817,8636.55439891396,11690.737653168,7788.78306981906,1e+09,3703.5568111749,12782.3389946324,11583.5498503697,10758.468371009,12475.3936425549,11027.501777964,4687.04896647133,2900.41795088225,6503.35095045623,5885.03981920259,7380.16647452481,10819.0966202405,5825.56070710794,6126.33225067822,12693.1823318662,18423.302998062,17555.2156631925,9899.82858040987,14177.6590527068,9072.64219020016,12249.6171860022,12718.2399152674,12747.1269716199,13972.2395275024,13198.1938284221,11467.0778347537,12831.9613409058,12239.3116777497,11822.3704662897,13164.2024096145,13170.9020626797,9197.61088100056,11766.1168540942,11012.9179499758,12570.7887864883,10732.1935810253,15557.9230738682
8782.55954668683,14040.9402368716,13685.8055570507,18584.0858857222,22389.7207926852,21177.9321328524,13752.6404217081,19703.3589908447,6945.69499454878,5041.13052945468,4305.79960384828,11459.071080284,12578.26509471,9064.00915981444,11510.4751427385,7894.10658398403,3703.5568111749,1e+09,12728.8410310876,11301.0926773211,10200.9716269677,12498.8635498552,10900.3859824045,4644.5261540549,4165.58303921552,6740.02548860166,5791.96751002628,7303.38809982737,10907.9212432388,5261.67011447886,5187.27655149598,11522.7297976912,17927.7047449694,17331.9560329179,9499.49003925474,14126.4652995291,8593.0697592304,12016.0532101685,12552.7635671074,12622.5223115747,13550.9577445692,12991.3544676527,11269.5522435676,12837.4852696118,11983.5101725371,11278.6504332566,12610.043088836,13178.7073872933,8955.8085783641,11300.5214289165,10885.3946634883,12487.8496711764,10134.4108772045,15109.0537544149
6654.18098858154,24180.2321920634,24895.1325249676,30070.7839205299,33566.275233408,32816.6654523948,6899.46510991251,7898.03192748675,7104.34672200055,8741.36262910423,12946.263064151,4734.09067527229,5547.03135286795,6481.80175467439,5071.45344106598,6061.14113831711,12782.3389946324,12728.8410310876,1e+09,5121.95650626789,4515.66134384544,2860.19051792009,5017.90632583949,9220.62018642998,14041.037627672,17987.5625956242,17002.0664462382,7053.03552524727,5336.71969130851,8900.91169311886,8556.46853357155,5731.15876374927,7101.93027229218,6315.87340152571,5930.5935767004,5493.87007147967,6218.34033130224,4551.84365040145,4398.08393910348,4380.07767370626,5853.5346340993,3865.06806269954,3874.54204785546,2643.80337990555,4146.62612715446,4914.03493486768,5064.2502401244,2583.33274639563,5498.24933527027,4635.9895746108,4130.10782556582,5152.50587805584,5519.96004781738,5176.1210165625
5501.03097119985,23763.0866114947,23286.541098231,28673.0320034959,32471.2961618227,31288.7648428873,5191.45666935591,9942.43085260843,6619.71830135543,7441.36139971712,11420.7928844236,1932.05390954807,2439.06413367915,4393.80141028244,2481.53626896727,6507.58084502221,11583.5498503697,11301.0926773211,5121.95650626789,1e+09,2375.56432676533,3375.59930499756,2230.40201349443,7408.43521794583,13079.3874490895,16853.3082202813,15901.0360621502,5269.02159687166,4010.8154125938,7001.47633063199,7869.54836310827,4142.42808171729,7311.11604317699,7621.4442888471,3291.75397651465,4383.36931421481,3481.49273283745,2755.3002368526,2888.72810269503,2171.1977115408,3132.44809995313,4581.50323195346,2724.12549569582,3856.09988383341,2433.12213945375,2554.85622252995,2774.5222259517,4072.00879428078,3722.91835176384,2793.56935890269,2924.52826748178,2251.83119569385,2411.92698210373,4526.38844870831
5154.42053555004,22679.7158162266,22501.2667056546,27918.3609507095,31660.7223965184,30441.6509489564,5525.38946813707,10188.5939893638,5220.20030903988,6397.80909572957,10525.4514312641,3023.83490805963,3742.1981185127,4449.47043797349,2600.28358188102,5391.96680645384,10758.468371009,10200.9716269677,4515.66134384544,2375.56432676533,1e+09,3337.98296342267,2816.03620132981,6577.26167648057,12192.232725141,15858.9000354438,14966.860220721,4345.84584106478,3771.90666410239,5930.52465827434,6485.65518846785,3525.64379363543,8078.0462489763,7902.44965789723,2698.47479934499,5211.29868242073,2729.4058904824,3358.18132166802,3360.01391323012,3257.45538394619,4232.32935505969,4070.20193046979,2129.24301555741,3633.63345497314,2653.52591566391,2275.06715289901,3011.04068177433,4030.70586504399,2589.51850912481,2170.49812632953,2403.7420971685,3361.50560604917,2290.1390042528,5133.75696306321
5601.79855921292,24168.8455529655,24571.8247918729,29793.9702537745,33369.5143751494,32558.6281053671,6155.50314298515,8095.71175258853,7093.08083033036,8352.92171152705,12577.4391109955,3056.36238095223,3807.83264932954,5214.72886322002,3377.76656888838,6320.00937117976,12475.3936425549,12498.8635498552,2860.19051792009,3375.59930499756,3337.98296342267,1e+09,3586.98822500158,8675.86553531116,13931.4254971736,17819.5110068066,16914.0111830961,6132.90461551458,3880.32622602791,8143.10235392507,8526.48127874565,5202.22979435742,6633.65858784578,6102.85368314693,4597.55229634204,4018.92744668276,5144.30889788901,3179.33315283252,2878.36809723843,2488.09399322051,4049.07588439634,2830.47377301045,2188.12840893765,1440.64636708666,2342.5229605705,3731.49244068643,3800.13180529308,1516.03004693179,4344.02660914963,3440.75365539296,2563.69263493111,2926.96962840409,4166.7862642929,4217.85207747972
5204.76504458175,23163.9523947404,22965.7050562529,28325.8929356005,32102.2914676445,30999.9196612878,6397.95186480799,10450.0566773343,6203.3275953717,7277.25898457654,11186.8871258764,1851.70046092774,2577.20059739245,4453.59374613357,3264.00253281152,6038.56805006783,11027.501777964,10900.3859824045,5017.90632583949,2230.40201349443,2816.03620132981,3586.98822500158,1e+09,7030.44807256977,12707.4184106529,16565.4687326861,15604.8499691218,5467.61272848581,4500.89289096064,6970.64080044295,7534.90288795416,4269.89095909954,7917.3128888784,8149.30232103338,3932.07963636293,5279.17339112858,3483.78293138364,3116.74848593851,3316.02961079964,3143.91605756261,3806.54568388454,5012.71726212441,3378.3067471294,3917.9854366881,2528.24302117103,2866.65433207424,3693.83269254307,4379.34325079686,3848.26134573784,3727.36426384651,2924.07974899796,3110.68250236182,3309.32353468197,5336.04710768187
5118.73910223993,16691.0534115406,17036.6352106483,22071.2808920235,25858.1786214517,24802.970567176,10229.8161340124,15893.0253674245,4466.06131017029,2869.63795634571,5869.48653946834,7716.17712102956,8882.22714844087,5402.05259966061,7555.79890262439,5261.8307469549,4687.04896647133,4644.5261540549,9220.62018642998,7408.43521794583,6577.26167648057,8675.86553531116,7030.44807256977,1e+09,6271.07022208331,10083.5184706976,9216.4567836398,4042.9448737523,7184.93837313863,2923.92204699441,3783.93747979535,8609.11751530318,14273.8712000249,13636.8938220806,5787.42688907601,10296.8548103049,4960.35401602547,8232.49718670465,8729.82741827122,8718.62509275975,9748.96040789991,9497.14182232212,7500.11205444292,9114.5731695346,8338.45617404085,7628.08879754949,8949.11865953291,9443.82708033137,5413.73277197905,7576.43344055104,7126.88583837289,8539.12413989866,6511.76059531522,11364.2438496057
9658.1433102072,11682.1129022878,12051.186842523,16373.1944860586,19950.5842707977,19461.3502598124,15360.7369556216,21201.8861954945,8607.47000714496,6274.89347318343,4329.16915847602,13186.3731241763,14469.1377767163,10202.1605950896,13347.1822352285,8930.23196971389,2900.41795088225,4165.58303921552,14041.037627672,13079.3874490895,12192.232725141,13931.4254971736,12707.4184106529,6271.07022208331,1e+09,4455.86253589583,3778.41898240521,8639.1013136842,12410.5304292162,7194.1002836213,6830.45963861145,14068.3156208268,19847.6374348989,19066.1613094456,11384.569378738,15736.6712719177,10673.2361695411,13788.4104579244,14371.97363861,14279.0739892613,15614.3103522666,14668.1511783796,12965.1619838589,14264.3337324146,13783.0240232505,13226.3584555236,14555.3550776922,14605.2030056312,10801.4431647489,13298.5520859152,12521.6550816136,14103.7546130419,11949.9797048614,16901.1824138431
13613.724466453,9473.71156082979,8364.65657127655,12453.4255932936,16074.4663699048,15372.9498085468,18786.826144743,25166.9229114228,12084.2972152997,9876.17320425275,6394.38714878134,17014.1798462224,18183.8412372799,14078.949109994,17104.4499824987,12688.4474944849,6503.35095045623,6740.02548860166,17987.5625956242,16853.3082202813,15858.9000354438,17819.5110068066,16565.4687326861,10083.5184706976,4455.86253589583,1e+09,2038.81151144484,12246.6782813014,16243.3087274145,10645.329993786,10223.6719469915,17489.2285604197,23665.2279727916,22975.6105136512,15103.4219123846,19580.5677287049,14366.3886761705,17685.2410179618,18224.2674645567,18098.9391984834,19373.3002674222,18457.505223296,16781.9027816127,18125.2204566427,17530.7881388573,16859.9582938274,18156.2181402929,18503.7294725766,14555.1232412817,17055.5362211688,16324.3994097516,17878.3270757557,15598.0054780347,20617.4827339081
12960.7338451224,10283.1619145572,8808.41349794615,13365.7924360623,17073.3780733574,16131.9838311071,17923.8132621493,24332.3329579122,10983.6367813716,8913.0885374824,5340.42926953443,15992.7030604398,17240.249656806,13339.3126492035,16291.8735181931,11777.1124479942,5885.03981920259,5791.96751002628,17002.0664462382,15901.0360621502,14966.860220721,16914.0111830961,15604.8499691218,9216.4567836398,3778.41898240521,2038.81151144484,1e+09,11420.8899991945,15516.270896749,9939.45188573294,9137.04101809224,16374.6240669519,22672.5109444984,22138.0744945264,14355.3999280166,18767.0743453155,13534.5774250399,16814.0166038457,17383.764010067,17214.1026525811,18478.7667670951,17649.828639763,15920.0199093877,17232.2433203486,16560.4608773941,15859.4707644423,17189.6033693596,17561.2176956753,13721.1232017973,16185.602241758,15483.6609316046,17039.6932921899,14714.8173306637,19690.2885649754
4001.6045138919,19364.1678334521,19008.7468479987,24186.9563156921,27859.8326473348,26879.8146635314,7620.74094532153,13530.6964813346,3658.01018445821,2859.61141319935,7067.43996696116,5536.95649501601,6955.03627384502,3758.78277889266,5400.37638196635,4572.21335838563,7380.16647452481,7303.38809982737,7053.03552524727,5269.02159687166,4345.84584106478,6132.90461551458,5467.61272848581,4042.9448737523,8639.1013136842,12246.6782813014,11420.8899991945,1e+09,4885.37839103585,2871.58360315349,4268.43062218422,6814.56299896773,11853.5488080532,11314.6364600061,3882.66404995333,7869.37242048564,3612.58791899934,6309.28185882514,6647.12533501513,6303.08547850178,7778.22103073704,6893.21349617869,4882.91262283076,6670.57806040826,5864.41551420088,5401.96066497156,6444.76551081574,6841.49515806304,3274.67324137844,5464.83563226745,4977.59619981372,6131.90490987915,4481.81841661395,8902.83890617482
3814.25467503155,22695.120730494,23423.3142997036,28251.8453895777,31859.4447111481,31186.0581285388,7012.58793970528,9766.92269986816,7134.99009391043,7186.70458878755,11502.2982188344,4406.4098474949,5280.98412073924,3389.01104228062,3104.17988517096,6069.14869643182,10819.0966202405,10907.9212432388,5336.71969130851,4010.8154125938,3771.90666410239,3880.32622602791,4500.89289096064,7184.93837313863,12410.5304292162,16243.3087274145,15516.270896749,4885.37839103585,1e+09,6026.87185739833,8025.15897843775,6421.74004589878,8696.54365829897,7492.24375710641,2553.17433611573,3863.50179315346,3887.62438619011,3172.93150308985,3482.51180977179,3924.25878740177,4871.82076049602,3458.94498338728,2517.88262363439,4371.67731267988,4362.41583593311,4783.96555607375,5252.36615193572,4322.74940208197,3158.4573814443,3207.05303774353,2860.51095725921,3689.05819783315,4347.65910081506,6637.90716106364
4723.56599565413,17798.2557532304,17692.890372288,22664.9337604172,26404.9809703586,25393.3429361339,9544.17072531711,15245.041393545,4673.08622754813,2615.04339072987,6114.63865024745,7381.12259307485,8550.82356552864,4813.51659770692,6914.51389325381,5361.26359017163,5825.56070710794,5261.67011447886,8900.91169311886,7001.47633063199,5930.52465827434,8143.10235392507,6970.64080044295,2923.92204699441,7194.1002836213,10645.329993786,9939.45188573294,2871.58360315349,6026.87185739833,1e+09,4043.49945221957,8061.32213529518,13618.3029102895,12907.7011697823,4828.51557405586,9419.3243719494,4425.49011927493,7691.79720404796,8154.01745987216,8211.25047512253,9206.4684481673,8470.24352834085,6658.13694847891,8594.15154733147,7742.13993007747,7181.54122515495,8357.1383624121,8868.25136533127,4561.10230335826,6862.3645915384,6524.69634622946,7951.78069030453,6066.11421412423,10858.0934162218
6622.74062403172,17143.9480811889,16762.475078153,22186.8065934555,25906.7213504662,24636.9779650711,10163.6532421221,15865.4197256486,2631.62398818676,2543.06381003309,5128.11845885019,7887.27213159911,9321.23632831504,6743.55462157014,8182.29968289478,4887.23655361596,6126.33225067822,5187.27655149598,8556.46853357155,7869.54836310827,6485.65518846785,8526.48127874565,7534.90288795416,3783.93747979535,6830.45963861145,10223.6719469915,9137.04101809224,4268.43062218422,8025.15897843775,4043.49945221957,1e+09,7795.73881832248,14078.0905981067,13834.6235549183,6826.74608849633,10920.6889363126,5938.48013069843,8905.07042929476,9258.15505842282,9117.66316990817,10321.4165732229,9352.28267420847,7613.28625618399,8768.61638336403,8087.51839280752,7388.05390234127,8684.68825940229,9101.26549085346,5744.76179715051,7869.70477168617,7281.59209027806,9056.3699007715,6731.541703451,11137.4251184957
8136.44387668839,24483.3357274086,23532.9183953032,29282.8917679197,33164.1306443694,31484.8589346641,6079.05701570564,10649.061354819,6365.96895748793,8238.53532884335,11838.0489528258,4139.61155392629,4557.89127891397,7187.9545414951,4837.13624480436,7248.02937336074,12693.1823318662,11522.7297976912,5731.15876374927,4142.42808171729,3525.64379363543,5202.22979435742,4269.89095909954,8609.11751530318,14068.3156208268,17489.2285604197,16374.6240669519,6814.56299896773,6421.74004589878,8061.32213529518,7795.73881832248,1e+09,7480.48079621892,8474.16408887626,5561.0603447634,6530.154731934,5080.47792610105,5168.14080640224,5086.20632516024,4964.53229132413,4755.39224845859,5694.36985196782,4629.74535143133,5247.16890070255,3715.19248525564,2925.93571395545,3248.23277501783,5459.17858649999,5308.18294455834,4280.71258079773,4806.02094195396,5196.45059076867,4509.86479223047,5209.60760706601
11483.6153956278,30384.0814686836,30113.4035261476,35563.8117699397,39312.233786464,38142.7636869446,7412.10992090646,5230.01147754955,12486.2886471081,14055.1118323406,18089.4458638262,7256.91968160045,6487.22876499665,10614.2184783619,7480.38527718994,11968.7539035816,18423.302998062,17927.7047449694,7101.93027229218,7311.11604317699,8078.0462489763,6633.65858784578,7917.3128888784,14273.8712000249,19847.6374348989,23665.2279727916,22672.5109444984,11853.5488080532,8696.54365829897,13618.3029102895,14078.0905981067,7480.48079621892,1e+09,4130.2592239713,9256.81839716541,5638.09950483317,9847.44650666354,6676.33912308235,6231.83448721964,6105.79895322471,5351.07466941922,6396.08500023256,7367.74383305365,6383.81116253449,6703.61345873254,7438.30925066981,6205.92514030745,6164.35899567019,9723.87025517618,7310.99602177433,7884.72884184992,6526.32778362381,8418.0581757909,3725.88673024288
10297.4060000905,29183.4490834582,30067.2767345598,35146.1587668084,38681.7071585291,37910.0700397256,8133.39507338725,3130.78846016463,12300.2979869067,13624.8242659052,17983.5754460257,7779.25066571325,7166.2647640734,9775.78046617251,7146.34532971924,11056.3182681171,17555.2156631925,17331.9560329179,6315.87340152571,7621.4442888471,7902.44965789723,6102.85368314693,8149.30232103338,13636.8938220806,19066.1613094456,22975.6105136512,22138.0744945264,11314.6364600061,7492.24375710641,12907.7011697823,13834.6235549183,8474.16408887626,4130.2592239713,1e+09,8508.19293664054,4823.65593737779,9426.82479496676,6092.83352390331,5677.87106460687,6079.35305062965,5810.15356093968,5229.50740902047,6702.37271853036,6006.71530647991,7067.32391236598,7967.22808637986,7121.81696888512,5634.09655899684,9032.81894243984,6733.76940892692,7435.95423671367,6724.65444104751,8621.20589058167,5012.39013511518
3872.80016887006,22004.789825438,22071.1389286484,27129.6985010523,30879.7100077883,29881.4436536557,6275.66387059568,10980.0929631857,6057.25128091943,6034.82540797163,10203.8710524095,4136.8533524528,4798.88667975188,3090.0675019326,2821.96501464848,5634.11676410775,9899.82858040987,9499.49003925474,5930.5935767004,3291.75397651465,2698.47479934499,4597.55229634204,3932.07963636293,5787.42688907601,11384.569378738,15103.4219123846,14355.3999280166,3882.66404995333,2553.17433611573,4828.51557405586,6826.74608849633,5561.0603447634,9256.81839716541,8508.19293664054,1e+09,4999.26821523911,2042.65931483936,3373.03132939794,3767.94809024753,3947.07578299429,4796.7045616965,4631.87855727026,2824.43203897704,5062.49515770633,4352.19609245723,4072.94319914973,4737.99202183794,5283.60662680333,2295.81059562848,2766.9328078759,3042.95196623279,3738.39887641755,2775.24135881909,6626.17730981446
6913.8437523638,26251.4838102344,26508.5443208751,31495.6936258261,35174.6500224892,34366.1626046421,6170.12769525883,7198.68019444537,9614.36247048654,10286.6749086087,14508.4134883763,4589.33317212861,4654.28562567877,5943.66945270344,3917.54514781898,8424.31457757247,14177.6590527068,14126.4652995291,5493.87007147967,4383.36931421481,5211.29868242073,4018.92744668276,5279.17339112858,10296.8548103049,15736.6712719177,19580.5677287049,18767.0743453155,7869.37242048564,3863.50179315346,9419.3243719494,10920.6889363126,6530.154731934,5638.09950483317,4823.65593737779,4999.26821523911,1e+09,6058.19691586531,2974.36047280756,2840.62815966821,3049.62237393419,3133.61552821976,3251.40283314756,3702.51086552086,4234.47712225488,4412.50595461355,5122.10663600437,4659.12710450144,3922.26302181534,5803.21422221341,4048.30375942814,4255.28931200923,3095.63211527145,5442.6486761135,4406.37237813601
4114.04292103279,21324.1137853042,21126.8427299538,26323.974407097,30136.1526198186,28980.169781492,6592.29591600681,11903.1958978041,5126.13108686268,5354.62136351395,9349.45034308969,3888.95850916412,4873.85190564917,3234.06483970251,3491.12567095486,5028.50745222675,9072.64219020016,8593.0697592304,6218.34033130224,3481.49273283745,2729.4058904824,5144.30889788901,3483.78293138364,4960.35401602547,10673.2361695411,14366.3886761705,13534.5774250399,3612.58791899934,3887.62438619011,4425.49011927493,5938.48013069843,5080.47792610105,9847.44650666354,9426.82479496676,2042.65931483936,6058.19691586531,1e+09,4122.89832734207,4556.41040040293,4513.41707197551,5295.34118025458,5527.2977828049,3528.38698961721,5601.4093391842,4489.89381338802,3909.36413095531,4909.22842313331,5886.61653960066,2327.44421877303,3481.04939749496,3646.94590624813,4369.71327760758,2751.99871246336,7041.20056324204
5255.7882882875,24391.1282118725,24599.5979915526,29661.1379831439,33353.4223113461,32494.316858797,6219.83729785595,8689.22863448189,7766.66561792768,8464.66594290643,12601.0587712819,3075.02612580771,3083.56705968915,4315.64130300469,3036.40619193151,6565.04802364004,12249.6171860022,12016.0532101685,4551.84365040145,2755.3002368526,3358.18132166802,3179.33315283252,3116.74848593851,8232.49718670465,13788.4104579244,17685.2410179618,16814.0166038457,6309.28185882514,3172.93150308985,7691.79720404796,8905.07042929476,5168.14080640224,6676.33912308235,6092.83352390331,3373.03132939794,2974.36047280756,4122.89832734207,1e+09,1554.2245776914,2231.74773973225,2880.67514046621,3271.71617806313,2731.28183648264,3390.48230797626,3178.12750309046,3829.86406549893,4041.23285613438,3503.89063303922,4080.1694523267,2936.96775457273,2511.1217777121,2504.70139336009,3643.38492454476,4591.16209095257
5681.9412852827,24814.5973895467,25116.4219056517,30249.5632097424,33934.5932461655,33047.9646104779,6225.48835913296,8124.72385300571,8049.48101584195,8945.78259208774,13161.4733351779,3158.02467303535,3051.97034322092,4906.70915558483,2521.29292108236,7050.05596794806,12718.2399152674,12552.7635671074,4398.08393910348,2888.72810269503,3360.01391323012,2878.36809723843,3316.02961079964,8729.82741827122,14371.97363861,18224.2674645567,17383.764010067,6647.12533501513,3482.51180977179,8154.01745987216,9258.15505842282,5086.20632516024,6231.83448721964,5677.87106460687,3767.94809024753,2840.62815966821,4556.41040040293,1554.2245776914,1e+09,1802.48381376921,2498.5951169007,2937.3657681501,2626.90050599561,2892.77043098826,2790.50336781736,3800.01554442873,3653.24885894733,3049.61871990582,4214.66002681118,2688.4421482524,2565.82858542811,2287.26225238821,4000.87261478043,4089.45199669834
5862.95450334556,24884.4842232866,24743.4715957078,29993.0695190589,33704.6191802815,32741.5831839253,5193.00583546755,8423.27008753133,7722.47370522555,8689.30139908842,12810.8002577708,2415.87402999411,2576.12593678958,4926.93731429577,2527.65323345589,7073.61967112312,12747.1269716199,12622.5223115747,4380.07767370626,2171.1977115408,3257.45538394619,2488.09399322051,3143.91605756261,8718.62509275975,14279.0739892613,18098.9391984834,17214.1026525811,6303.08547850178,3924.25878740177,8211.25047512253,9117.66316990817,4964.53229132413,6105.79895322471,6079.35305062965,3947.07578299429,3049.62237393419,4513.41707197551,2231.74773973225,1802.48381376921,1e+09,2551.1013002427,3452.45109442552,2488.23264344394,2898.74407447432,2406.38553002215,3368.10126893477,2961.49456209192,2947.49123939326,4366.35110790463,2935.99537489418,2897.38354611536,1423.35981877388,3306.69141348267,3451.81828812005
7301.26647664636,26115.0565423531,25878.9354530417,31222.7499738092,35059.2008092555,33845.0424261427,5670.96029394493,8237.2915365064,8992.48022171859,10007.8322671346,14039.9385979854,3477.36488314068,2819.96264813916,6275.99992993148,3139.1486354902,8527.72960602058,13972.2395275024,13550.9577445692,5853.5346340993,3132.44809995313,4232.32935505969,4049.07588439634,3806.54568388454,9748.96040789991,15614.3103522666,19373.3002674222,18478.7667670951,7778.22103073704,4871.82076049602,9206.4684481673,10321.4165732229,4755.39224845859,5351.07466941922,5810.15356093968,4796.7045616965,3133.61552821976,5295.34118025458,2880.67514046621,2498.5951169007,2551.1013002427,1e+09,4222.29105627502,3744.12985012539,4327.60453532899,3404.89996742929,3856.46903069375,3308.07388702248,4382.37123712722,5528.77524945625,3485.18049918509,4044.63753226417,2493.92414038599,4410.12495760608,3420.36923315305
6292.26286134805,24869.4452973161,25532.9458379404,30561.2350115453,34124.642961426,33359.1788493767,6808.24602823664,7387.69670682954,8141.04148633945,9212.75405031525,13468.5739855821,4554.01486453437,5085.86616727181,5745.74369863467,3779.38330511738,7008.85352394384,13198.1938284221,12991.3544676527,3865.06806269954,4581.50323195346,4070.20193046979,2830.47377301045,5012.71726212441,9497.14182232212,14668.1511783796,18457.505223296,17649.828639763,6893.21349617869,3458.94498338728,8470.24352834085,9352.28267420847,5694.36985196782,6396.08500023256,5229.50740902047,4631.87855727026,3251.40283314756,5527.2977828049,3271.71617806313,2937.3657681501,3452.45109442552,4222.29105627502,1e+09,2542.26420650962,2678.06219212699,3599.87562678213,4576.4777670606,4410.58344354803,2440.97440816163,4455.84379184235,3143.54357529842,3101.5925740013,3679.62706788337,4967.4647386972,4618.37134381808
4881.49505741837,23367.0085316949,23634.6520073239,28835.2007352507,32502.7657689696,31539.4777174385,5599.08954656916,8938.12455920144,6289.64870033295,7254.19418706861,11593.5637349868,2962.75341928754,4040.19207732751,4232.61027061316,2080.67848705657,5842.30129228201,11467.0778347537,11269.5522435676,3874.54204785546,2724.12549569582,2129.24301555741,2188.12840893765,3378.3067471294,7500.11205444292,12965.1619838589,16781.9027816127,15920.0199093877,4882.91262283076,2517.88262363439,6658.13694847891,7613.28625618399,4629.74535143133,7367.74383305365,6702.37271853036,2824.43203897704,3702.51086552086,3528.38698961721,2731.28183648264,2626.90050599561,2488.23264344394,3744.12985012539,2542.26420650962,1e+09,2812.59155580756,2514.39436314195,2976.78473103112,3278.42184122178,2781.92761106395,2763.07025039176,1778.66662944465,2008.13477236962,2587.39357667132,3115.45845363086,4765.79877515826
6079.58888751534,24476.492612948,24919.7900279938,30121.7370687947,33681.0280266814,32900.3585619519,6657.18766973713,7888.95730105063,7432.56007378346,8802.44372233643,12934.51062346,3527.3661228883,3989.73217944513,5643.47307980644,3899.50473382198,6359.58588515007,12831.9613409058,12837.4852696118,2643.80337990555,3856.09988383341,3633.63345497314,1440.64636708666,3917.9854366881,9114.5731695346,14264.3337324146,18125.2204566427,17232.2433203486,6670.57806040826,4371.67731267988,8594.15154733147,8768.61638336403,5247.16890070255,6383.81116253449,6006.71530647991,5062.49515770633,4234.47712225488,5601.4093391842,3390.48230797626,2892.77043098826,2898.74407447432,4327.60453532899,2678.06219212699,2812.59155580756,1e+09,2425.77886622009,3913.45578151843,3899.17137443329,1460.07861089737,4670.15627956924,3735.32530790827,2608.35633232885,3314.93598915575,4563.23016284518,4093.2237860762
