1e+09,14526.0165828076,12924.6048722621,16868.0174340733,21063.7029621028,16610.7456940741,21446.5387118155,11911.4906078962,10124.9357329121,8483.12835275407,12913.6663643754,14421.3733484679,13837.4086055844,12717.5061532165,12988.1311173625,8009.12297257946,9220.4416482943,14912.6286515859,13506.6575116274,13180.1076269164,14396.7742428052,13354.5734386314,10372.2514030706,7751.74824099054,7873.30150618532,9191.84565524792,11381.3606117854,14164.2540103953,10685.9898073927,9394.8123004241,13044.2076978711,19274.3634153972,20547.9448445751,14296.3885432091,16223.6431940579,12897.5041879931,15170.590835686,14910.599129143,14240.6221058386,15336.1273045968,16429.6919560563,14048.0765122311,14702.4369780081,13850.7542338206,13519.1790411289,14118.1166139716,15938.030723474,12982.6274153193,13701.2447983459,14224.6381421427,14093.3460417993,13244.5522134234,15708.7487213559,18846.8820694804
14526.0165828076,1e+09,5207.16630970243,4128.53118878857,8192.92996088091,17009.7088365909,31314.378296246,22557.8657762963,19014.5782677923,14734.3414570689,20169.9725619744,23957.6005414587,23608.5164526384,21421.4022634817,22460.3383811954,17189.1676408749,14023.7664187906,22132.0369219577,23045.3597162249,22987.5595334716,24166.9546628014,23178.840370657,20755.5023754449,15306.1220578271,10100.6852078906,9618.65808779478,16137.4820613099,22410.0106664723,19038.658897467,17164.1292345228,21059.458301661,28666.872639055,30921.28410607,23869.707871589,24353.7877593014,22292.6315673161,23578.8414809634,24286.1575524413,23735.3949063103,24719.4978592527,26301.4998793966,23457.164709131,24318.6819693646,23661.6115689084,23366.8478908924,23809.50498657,26217.9726422353,22945.3520663859,22516.410675514,23520.1612980077,23207.9081956884,22575.6228584352,24748.7337673486,28469.7158763536
12924.6048722621,5207.16630970243,1e+09,6614.40647592057,10847.8407730202,19191.0385871714,30551.1183220926,20425.1838138828,17427.304865403,13017.852737875,19901.3539415965,22541.1512610204,21981.1104731085,20864.913258866,21162.1323136186,15774.2331330623,13775.7564613962,22363.6293297622,21660.0775949187,21586.9539798185,23136.8276452153,21817.9214105904,18905.3850163915,14041.6183250863,9589.65558132303,10006.1669613894,16661.8103755204,21879.2899283432,17804.2887511465,16368.2953291875,20252.1488301982,27426.2549728668,29568.9564597265,22269.0321577454,23801.9626101168,20828.3495545807,22838.4648077908,23290.1278529617,22551.4364222415,23534.4934783798,25072.7612670085,22381.6177948199,23393.6354780526,22330.3462614622,21813.1683369106,22300.4239633645,24888.832517579,21492.8880929646,21769.0731204271,22450.5241059669,22122.8324815879,21062.9611157928,23778.9217146783,27151.7943715365
16868.0174340733,4128.53118878857,6614.40647592057,1e+09,5322.49770454624,20177.7469959706,34525.3017807607,25496.5344138414,22184.5860942547,17816.8702536023,23559.5345826483,27088.3137930344,26703.2931608388,24655.256774759,25539.0330583756,20290.7841147576,17358.4842427385,25420.0389840987,26234.9432309544,26139.3916358338,27407.23781968,26340.5357705344,23802.3983602935,18484.927009937,13227.9246475515,12920.8356821724,19514.0044135462,25768.6473446551,22317.3575580914,20439.1572220334,24433.7380573829,31929.4103736665,34047.7685435727,27110.1833274805,27759.2001027353,25464.4410033305,26946.811316076,27538.016681043,26925.6488261973,27977.3809334755,29476.8940127908,26697.1750946744,27506.5746124249,26780.6599711938,26462.6792707636,26991.4931364551,29361.9908720373,26067.1961250342,25850.5911390707,26857.2046930893,26429.5938412549,25637.0480601473,27931.7463726438,31585.6146262614
21063.7029621028,8192.92996088091,10847.8407730202,5322.49770454624,1e+09,23265.7447400787,38831.7867045994,29892.3346125407,26459.4014225965,22120.6167873638,27246.3808842367,31052.850079025,30799.0363781889,28430.6581021474,29928.0232437109,24203.8800875273,21180.0648230052,29379.4098866808,30293.489732804,30279.045836129,31541.7372078426,30260.9864387449,27898.6181430945,22909.2983705962,17630.7386684336,17129.7861655655,23295.5752037377,29559.4166546551,26343.5170415076,24683.254871068,28479.2303185163,36085.0919132195,38233.781112694,31159.1320645987,31682.7102992973,29572.9711258203,30927.6990943863,31504.1002822315,30949.4620073435,31880.7974466214,33682.4457043873,30752.7584913874,31698.9006494232,30774.2990019529,30554.485558893,31180.0486598498,33654.1590484876,30117.6799414779,29820.6482335193,31074.3126206936,30385.9621554592,29895.789028691,32242.4468398662,35845.5712883447
16610.7456940741,17009.7088365909,19191.0385871714,20177.7469959706,23265.7447400787,1e+09,19533.1309134813,17563.5130520406,13756.6303483302,12981.4510956711,10430.6422252419,15971.0671119653,16245.1504826425,12079.6916732299,14737.4700452893,13606.2439146482,9832.11394269818,9889.01308997516,15116.000753665,15263.7451181517,14808.7827970532,15472.4307916113,15869.7324942325,12311.0035295787,11577.8044198846,10277.9116519116,6662.26970961849,12141.5715871546,12896.3643750826,11014.6396424667,12204.1724890875,18311.4350161532,20645.702797098,16352.3866991764,13275.4919569446,15094.7427677685,13389.9989038835,14789.9028410669,14938.0967558622,15814.2134374176,16704.4713840606,14408.970471956,14473.4177838443,15455.5013994726,15827.312223789,15920.4671484759,17107.1398737428,15424.1156395561,12911.0881197287,14597.4482669027,14325.3436489496,15245.8867833295,14969.1739424492,18456.1059787351
21446.5387118155,31314.378296246,30551.1183220926,34525.3017807607,38831.7867045994,19533.1309134813,1e+09,12501.72036323,13850.2234874026,17921.3470530008,13089.5210249191,10751.1061123635,10781.5045242536,11956.2651170798,10131.9247733094,16711.7560062759,18445.732486578,11013.0961498164,10553.4673582382,10415.3103424382,8520.2127780414,11379.3894841419,13784.7778383948,16718.3690109263,21537.0955474061,22048.971929564,16293.0314578196,10820.9398849176,13957.642610502,14659.6429352969,11577.2744628259,6328.76548170336,5642.99012037944,10612.9975529819,8726.2403690421,11392.8828484848,9337.42277896851,9294.04080228831,9846.68492880218,9891.78726348277,6911.69696380708,9803.45191374446,7957.02292038298,10560.6069577511,10864.096188754,9879.83123256162,7153.55265668745,11165.5150331456,10431.1995075159,9137.84156677604,10490.3453710686,10805.2775307948,7679.76499996582,5908.93122692251
11911.4906078962,22557.8657762963,20425.1838138828,25496.5344138414,29892.3346125407,17563.5130520406,12501.72036323,1e+09,4485.06070944419,8182.03593906187,8944.99751693649,6390.60825733357,5281.47041889851,8125.09995521901,5178.49478441371,7279.99342133631,11055.0528629763,10680.3771002479,5365.196561991,4649.39435764488,5967.5814770726,5781.88741431377,4299.75033794987,7866.49401468659,12993.408002949,14258.7447181265,11444.4316880612,8085.6406217442,6036.83989631165,7294.50571485142,6941.88934267898,9183.64228762205,10378.0505358136,4859.60460152881,8718.4571645848,5185.26162588736,7861.32895150686,7016.3351217997,5934.40010569729,7175.28179010413,6810.37214889906,6034.21872577553,6709.47379828702,5590.22918541807,4774.74331606423,4565.11498684316,6200.8342019925,4856.10370863309,7067.40214808808,6034.06994482994,6558.53383254977,5147.97837947092,7565.3553820888,8752.29536156659
10124.9357329121,19014.5782677923,17427.304865403,22184.5860942547,26459.4014225965,13756.6303483302,13850.2234874026,4485.06070944419,1e+09,4653.75477679046,6287.09238707369,6630.98692495318,5724.65305761843,6255.12563399809,5252.13828776433,4702.71230635045,7246.87833184745,8607.05501750163,5080.96662793607,4961.78910191677,6141.46524302629,5757.35273357469,3930.14261320121,4414.48711701597,9414.79851522591,10384.3889756066,7577.42213166853,6346.84655910319,3037.69265813709,3472.68084136737,4633.09614648779,10373.5339663299,12475.4897756,5472.546861983,7790.8310506197,4892.36485333014,6778.23196481206,6860.67304554007,5953.35384805069,7354.94002417423,7986.04865668248,5576.25569111568,6659.89097446047,5821.75970286476,5109.63516481363,5268.57764221996,7716.55813184868,4956.68704650596,5643.99944691705,5707.33365323073,5892.48536957878,5074.11742381865,7610.54903384112,10261.6629340034
8483.12835275407,14734.3414570689,13017.852737875,17816.8702536023,22120.6167873638,12981.4510956711,17921.3470530008,8182.03593906187,4653.75477679046,1e+09,8445.45292871259,10195.9246735056,9515.67364852326,9034.63628313836,8769.68805300964,5152.97100614781,5404.38580646312,11120.1090407783,9026.79708239307,8895.76850970168,10372.5638074297,9463.20729524087,6955.45369066605,2818.07226195497,5488.10852022808,6885.61627403096,7316.44836600382,9612.06176530821,5497.38058928068,4507.59441399734,7989.65326017969,14648.0082338965,16747.9170899548,9569.38462739899,11362.5588868881,8440.69941572379,10393.979835881,10737.9134280036,9908.97568119935,11097.7641940753,12241.6756858283,9749.19438429658,10737.7078642325,9752.54577599101,9200.23934325624,9540.88996560593,12093.0430778568,8989.26312238662,9391.78438744736,9824.09424515054,9639.16227059178,8582.12559920909,11327.7154801575,14373.7732996941
12913.6663643754,20169.9725619744,19901.3539415965,23559.5345826483,27246.3808842367,10430.6422252419,13089.5210249191,8944.99751693649,6287.09238707369,8445.45292871259,1e+09,6372.17978108747,7007.92976515176,2877.07235100197,7037.27544787043,6406.04850193159,6748.33615632772,5923.89491312093,5778.31555197533,5945.17535890238,6123.84339602998,5545.35770267347,6777.95655476634,7563.16344987334,11112.1985590206,11323.2206115707,5330.11926223982,3118.66261362142,4496.52797766232,5587.97108802471,3605.61408220569,10251.0022748607,12244.0108165217,6832.61308425993,5043.8260466733,5785.79802135367,4815.34589004778,5334.48588848073,5415.29176740275,6093.04322371014,8088.70969885185,5384.76330710088,6407.95581385359,5883.82048782082,6557.40624874653,6841.19637717702,8699.85924464299,5817.7361494657,3838.03556301919,6161.14530256348,4951.36543138355,6707.72863362107,7557.21363365493,10507.8399883468
14421.3733484679,23957.6005414587,22541.1512610204,27088.3137930344,31052.850079025,15971.0671119653,10751.1061123635,6390.60825733357,6630.98692495318,10195.9246735056,6372.17978108747,1e+09,2402.38494492452,5036.79720278671,5222.53151273403,8151.61789271308,10719.764592877,9319.54025129995,2146.28621136604,2632.52110289737,4431.95721276729,2162.7416488106,4738.2423659834,9596.37290984464,14303.4219318735,15217.4388713147,10593.5193886923,5118.44395838227,5696.40214112382,8381.43599014513,4915.32392317129,6757.84986852327,7927.45469442746,3030.06947819683,5196.05127211039,2863.86992487438,4092.30223232596,2737.81772148914,2497.41698680857,2062.38550331891,4679.37474432215,3858.00101627773,4699.30375881364,2677.20050799338,2818.31488662995,3551.81259592901,5458.4611535212,2812.95002907979,4333.11369385803,4326.16896759708,2838.10670366708,3172.65484293517,5171.99161985013,6524.31584460777
13837.4086055844,23608.5164526384,21981.1104731085,26703.2931608388,30799.0363781889,16245.1504826425,10781.5045242536,5281.47041889851,5724.65305761843,9515.67364852326,7007.92976515176,2402.38494492452,1e+09,5628.71828239787,4584.47692821111,7947.01273702264,10703.7905390053,9445.60854756325,1772.26974507269,2453.45291676853,4273.68304475192,2875.28431865442,4235.53432700055,9004.28226538906,13906.4665592954,14851.6882056351,10607.9960948899,5628.80145667797,5402.0082759285,7799.54902807207,4941.40476946587,6699.62928982642,8068.86094979954,2816.75630321475,5781.09588000407,2875.36203598782,4782.61446212216,3653.42488047859,2907.00088028882,3317.9695417077,4456.52445692829,3747.02241503837,4579.99146215361,2666.88677967401,1985.31758874997,2885.73229572668,4861.65405384834,2515.65270399155,4746.29519437003,4148.22816749513,3252.6683305557,2448.80994464658,5003.67506554932,6344.7900668186
12717.5061532165,21421.4022634817,20864.913258866,24655.256774759,28430.6581021474,12079.6916732299,11956.2651170798,8125.09995521901,6255.12563399809,9034.63628313836,2877.07235100197,5036.79720278671,5628.71828239787,1e+09,6429.00351896777,6507.84374929208,7908.45465979922,6731.85189632095,4589.61227254547,4597.81575905342,5170.22329687993,4220.40272833056,5866.77700832408,8048.16191492194,12024.2807104957,12551.026368668,6740.51654274359,2545.42093711433,4372.29300324212,6272.57640505877,4046.38871846243,9380.20908460467,10898.2672098458,5871.73159479382,4656.08821312483,4528.02606302128,4331.00686835059,3945.82551364097,4200.56543053432,4669.24375659485,6708.24652576215,4393.41117333673,5268.3647623907,4455.14368403534,5246.00955283156,5712.06309399677,7352.70596658808,4397.60731449501,3266.56524519257,5311.96288307816,3677.66448162417,5528.66716259896,6652.20786833965,9299.22271205503
12988.1311173625,22460.3383811954,21162.1323136186,25539.0330583756,29928.0232437109,14737.4700452893,10131.9247733094,5178.49478441371,5252.13828776433,8769.68805300964,7037.27544787043,5222.53151273403,4584.47692821111,6429.00351896777,1e+09,8076.18321461939,10084.6924361232,7230.214514169,4263.98844067383,3850.22005510075,3916.59855345171,5324.53126316298,5751.0438082056,7560.30783863329,12514.9842134819,13379.7674009491,9578.63690648622,6385.60917344618,6137.15635952841,6153.70073341238,4591.72122507454,7395.95434082715,9018.5079557042,5145.75084799099,6195.20318734584,4357.24116193951,5135.44976561937,5115.02259600092,4349.2104400799,5887.33108319891,5125.39381738613,4442.78948354522,3755.00755912688,4801.79871270132,4527.51214285506,4118.97203167247,4794.57029715907,4722.9494088546,4937.84164405867,3811.70360186886,4977.56665304444,3282.95399762165,3980.320271649,6684.0824198165
8009.12297257946,17189.1676408749,15774.2331330623,20290.7841147576,24203.8800875273,13606.2439146482,16711.7560062759,7279.99342133631,4702.71230635045,5152.97100614781,6406.04850193159,8151.61789271308,7947.01273702264,6507.84374929208,8076.18321461939,1e+09,5176.68381554253,10247.5788126757,7332.76283391874,7200.99784303537,8798.88412943369,6889.61266615911,4642.97697638056,4610.53892405216,8124.35494049835,9112.24740197499,7330.20783507535,7729.56627412561,4052.6089343286,4836.10166196907,6662.50146058521,13341.8253536801,15112.6643541369,7970.83126390843,9893.62917910309,6514.13591783285,8854.79710036882,8531.53054078224,7870.8045414176,8859.72151453419,10822.1534399767,7992.49721176054,9333.76246860825,7611.7142341131,7479.48844207944,8104.63544315227,10696.9476952867,6751.08135162805,7409.98733798513,8520.97108233563,7707.47492578471,7704.67621069179,10586.4196432316,13353.5411046284
9220.4416482943,14023.7664187906,13775.7564613962,17358.4842427385,21180.0648230052,9832.11394269818,18445.732486578,11055.0528629763,7246.87833184745,5404.38580646312,6748.33615632772,10719.764592877,10703.7905390053,7908.45465979922,10084.6924361232,5176.68381554253,1e+09,9956.45917660993,9912.93470596876,9975.83979132083,11201.8581035603,9899.22449067602,8391.90307568552,4590.76031300917,5240.23472110744,5366.51056949486,4693.45726467175,9072.22033899089,6272.52206067862,5205.65254336092,7858.67930165114,15603.8226365785,17712.2584395017,10970.0059756684,11042.329305527,9213.29776377058,10106.539574711,10678.6852001827,10375.8826578899,11270.466956768,13263.7766466305,10446.9950061489,11323.6354366564,10566.0964021676,10542.687366611,11037.7456014487,13376.3778051609,9930.29775056116,9205.97083181345,10619.0859381163,10013.1000619738,9942.54458224352,12045.6404500259,15586.9678542717
14912.6286515859,22132.0369219577,22363.6293297622,25420.0389840987,29379.4098866808,9889.01308997516,11013.0961498164,10680.3771002479,8607.05501750163,11120.1090407783,5923.89491312093,9319.54025129995,9445.60854756325,6731.85189632095,7230.214514169,10247.5788126757,9956.45917660993,1e+09,8298.42308083289,8270.10448426137,6547.06053165846,8739.59265442618,10248.5545455347,9699.39096804537,13084.3519416745,12893.240879709,7059.52575344832,5980.42738257894,8516.66487226074,6931.97901887333,5882.85889971024,9875.49534401693,11937.5203633753,9343.56990064825,6219.71162770429,8885.57454484515,6299.89503645101,7427.96570780318,7626.25384901395,8960.86903186851,8433.95067311874,6935.2265387657,6074.34908400892,8311.74460573711,8864.70470072185,8685.56538883912,8551.38493171135,8607.3679335381,5882.62674375147,6969.06977971953,7692.41889237709,8755.70264406004,7225.48709838998,10123.3851259349
13506.6575116274,23045.3597162249,21660.0775949187,26234.9432309544,30293.489732804,15116.000753665,10553.4673582382,5365.196561991,5080.96662793607,9026.79708239307,5778.31555197533,2146.28621136604,1772.26974507269,4589.61227254547,4263.98844067383,7332.76283391874,9912.93470596876,8298.42308083289,1e+09,1843.97406953026,3343.79565513504,2217.0797143991,4078.09044719462,8429.01069687897,13319.6167745435,14141.3708764639,9535.91494486502,4309.87929814746,4593.34576365638,6909.87173009746,3716.14078312434,6573.35676453059,8311.82036221308,2224.69679736363,4688.85425153096,2341.45463814698,3567.33181498442,2752.30295687085,1969.35217817941,2827.02903823077,4328.2068931256,2733.66084339298,3811.96076877766,2140.50796067195,1750.09759450723,2395.75252972839,4703.35817441113,2003.58619375359,3346.32703978556,3208.5293498268,2305.48775808938,2510.50988619842,4629.46329212145,6532.7077628423
13180.1076269164,22987.5595334716,21586.9539798185,26139.3916358338,30279.045836129,15263.7451181517,10415.3103424382,4649.39435764488,4961.78910191677,8895.76850970168,5945.17535890238,2632.52110289737,2453.45291676853,4597.81575905342,3850.22005510075,7200.99784303537,9975.83979132083,8270.10448426137,1843.97406953026,1e+09,3171.92853005865,2519.09023147247,3951.08969159142,8185.84760324794,13174.3568943839,14140.4013224236,9542.62631886002,4459.36758212417,4471.63661508849,6775.48210759205,4123.18798779537,6899.16546246718,8277.39916163284,2584.02891320898,4951.38575223139,2305.96136997132,4054.02882970756,2943.59569667779,2155.91500296278,3186.12314794956,4118.48986836195,2861.30140422151,3649.23016588431,2280.5080964557,2138.62632837062,2382.19310107304,4423.18848799144,2026.30796788149,3580.53918248356,3037.31625574289,2711.70242452965,2554.09035533201,4620.05793511294,6541.62523677412
14396.7742428052,24166.9546628014,23136.8276452153,27407.23781968,31541.7372078426,14808.7827970532,8520.2127780414,5967.5814770726,6141.46524302629,10372.5638074297,6123.84339602998,4431.95721276729,4273.68304475192,5170.22329687993,3916.59855345171,8798.88412943369,11201.8581035603,6547.06053165846,3343.79565513504,3171.92853005865,1e+09,4126.36658515697,6266.30013676332,9478.5775497065,14388.3610459844,15037.0524389722,9752.04248035251,4128.81950372016,6251.56617311214,7312.67899409649,4283.75403676495,5422.61981323603,7152.61563513656,3867.77953799076,3874.08323276617,4579.20125744654,3569.35028153584,3103.37371692486,2652.02214538265,4080.1742990343,2968.77995964672,1986.40737433186,1731.43046906308,3097.26412806528,3484.2513185762,2951.32669584375,2972.05708624515,3604.07207512558,3033.88988915221,2398.01071515538,3200.25106458853,4313.19059648423,3760.23150747398,5396.98494891361
13354.5734386314,23178.840370657,21817.9214105904,26340.5357705344,30260.9864387449,15472.4307916113,11379.3894841419,5781.88741431377,5757.35273357469,9463.20729524087,5545.35770267347,2162.7416488106,2875.28431865442,4220.40272833056,5324.53126316298,6889.61266615911,9899.22449067602,8739.59265442618,2217.0797143991,2519.09023147247,4126.36658515697,1e+09,3916.17155368607,8822.63841219281,13558.6692445498,14469.2033047262,9812.9210506709,4417.37258888131,4784.14287158107,7429.47993766724,4416.24841153665,7472.02687517919,8761.52495606216,2840.85155106704,5269.47579875836,2839.8446759462,4245.02432791615,2712.21272159836,2332.11088662182,2643.03168944302,5094.88759221438,3407.84659471344,4671.08003858851,2057.69099854667,2616.70039490577,3544.8178170253,5701.02862780042,1990.68313937703,3733.54272832119,4268.64055541106,2601.69006972391,3799.53683194413,5863.88274592015,7492.02237545377
10372.2514030706,20755.5023754449,18905.3850163915,23802.3983602935,27898.6181430945,15869.7324942325,13784.7778383948,4299.75033794987,3930.14261320121,6955.45369066605,6777.95655476634,4738.2423659834,4235.53432700055,5866.77700832408,5751.0438082056,4642.97697638056,8391.90307568552,10248.5545455347,4078.09044719462,3951.08969159142,6266.30013676332,3916.17155368607,1e+09,6441.87434360528,11248.4650455251,12438.4341332099,9545.7573663801,6662.81161593963,3702.47279703714,6168.08603343857,5550.10550367288,10160.0722777596,11474.5696591898,4569.93768588807,8048.53321868028,3738.35196890287,6734.45731703008,5875.38165084618,5124.92044615329,5859.52171697486,7630.14678639933,5658.22577987128,6916.41791825798,4733.10739282345,4207.72561591176,4932.02804876452,7520.43640872656,3704.45596544216,5892.74096548457,5979.51136165824,5310.81622903674,4477.9796409765,7798.73882128386,9934.22711178882
7751.74824099054,15306.1220578271,14041.6183250863,18484.927009937,22909.2983705962,12311.0035295787,16718.3690109263,7866.49401468659,4414.48711701597,2818.07226195497,7563.16344987334,9596.37290984464,9004.28226538906,8048.16191492194,7560.30783863329,4610.53892405216,4590.76031300917,9699.39096804537,8429.01069687897,8185.84760324794,9478.5775497065,8822.63841219281,6441.87434360528,1e+09,5465.40722850549,6688.91018416304,6474.92636824544,8910.82687732738,5088.19004371889,3163.71118775087,6996.58237122239,13993.9879579804,15975.3362284742,9222.14184245178,10486.265578012,7670.87970030817,9397.5112717304,9804.05126584414,9161.17397597055,10381.0600605574,11434.1183473148,9040.348663597,9666.1916544004,9213.1427727459,8798.34569232194,9012.63421836258,11215.278926255,8417.85157467747,8437.72933473811,8788.36949232336,9015.87568171833,7870.73200600808,10217.5672707548,13657.1875566092
7873.30150618532,10100.6852078906,9589.65558132303,13227.9246475515,17630.7386684336,11577.8044198846,21537.0955474061,12993.408002949,9414.79851522591,5488.10852022808,11112.1985590206,14303.4219318735,13906.4665592954,12024.2807104957,12514.9842134819,8124.35494049835,5240.23472110744,13084.3519416745,13319.6167745435,13174.3568943839,14388.3610459844,13558.6692445498,11248.4650455251,5465.40722850549,1e+09,2564.02767758072,7773.3297718288,13075.4198425787,9604.38861148381,7447.49417792992,11521.3675923087,18944.2659260659,21016.8847215709,14257.9094782896,14920.3551371809,12579.7805205496,13985.0160175489,14566.1799233601,14003.3157663319,15121.9512064713,16452.4183893372,13812.3175414048,14472.9544706325,13976.5430441436,13677.9309995701,14089.6633598962,16330.1464523102,13272.7962671511,12959.3503268219,13775.6752234437,13633.8745223359,12746.5676563693,14940.5950718705,18609.0997693225
9191.84565524792,9618.65808779478,10006.1669613894,12920.8356821724,17129.7861655655,10277.9116519116,22048.971929564,14258.7447181265,10384.3889756066,6885.61627403096,11323.2206115707,15217.4388713147,14851.6882056351,12551.026368668,13379.7674009491,9112.24740197499,5366.51056949486,12893.240879709,14141.3708764639,14140.4013224236,15037.0524389722,14469.2033047262,12438.4341332099,6688.91018416304,2564.02767758072,1e+09,7407.60906174185,13466.7974469174,10499.1822554521,8014.3152823245,11923.5081717798,19494.2266917952,21767.9541323662,15175.0702031951,15282.3794333343,13546.0726284854,14419.1284217424,15219.7724888219,14707.3735313685,15907.8737523498,17222.0840220805,14429.6542634465,15096.2023156289,14806.5647349681,14569.1401259443,14939.0732519189,17053.38180232,14162.7941436533,13403.0753467068,14464.0506459359,14319.6673596491,13758.275183118,15629.7369350287,19338.6734464751
11381.3606117854,16137.4820613099,16661.8103755204,19514.0044135462,23295.5752037377,6662.26970961849,16293.0314578196,11444.4316880612,7577.42213166853,7316.44836600382,5330.11926223982,10593.5193886923,10607.9960948899,6740.51654274359,9578.63690648622,7330.20783507535,4693.45726467175,7059.52575344832,9535.91494486502,9542.62631886002,9752.04248035251,9812.9210506709,9545.7573663801,6474.92636824544,7773.3297718288,7407.60906174185,1e+09,7207.23783465621,6573.72531983197,5083.79026102572,6880.7485326162,14123.1576370407,16351.9758530644,10745.8077804556,9048.65380872757,9331.76449129531,8807.50315969855,9753.80000680248,9600.73252046947,10648.7237504548,11870.2595667997,9119.37797820663,9695.96331940257,9922.35285851093,10112.7717184954,10377.6280850298,12125.5780519157,9592.02009811802,7735.32891475857,9417.29808534274,8997.72930766424,9710.62552417711,10511.3199033233,14164.9569082578
14164.2540103953,22410.0106664723,21879.2899283432,25768.6473446551,29559.4166546551,12141.5715871546,10820.9398849176,8085.6406217442,6346.84655910319,9612.06176530821,3118.66261362142,5118.44395838227,5628.80145667797,2545.42093711433,6385.60917344618,7729.56627412561,9072.22033899089,5980.42738257894,4309.87929814746,4459.36758212417,4128.81950372016,4417.37258888131,6662.81161593963,8910.82687732738,13075.4198425787,13466.7974469174,7207.23783465621,1e+09,4876.98146425635,6632.78205149242,3577.94158012676,7944.42743795927,9896.81006259593,5137.48165330058,2965.12871260254,4942.0234731029,3230.34695455457,3469.53420202194,3741.99352796073,4359.43378114636,5780.29053601115,3532.72462913542,4452.29425039496,4268.11185826942,5014.65283517214,5091.73172149712,6511.25758805471,4533.61824330192,2428.07756383523,4406.89847950914,3271.85634805381,5729.67911739392,5990.00423180986,8285.24783562327
10685.9898073927,19038.658897467,17804.2887511465,22317.3575580914,26343.5170415076,12896.3643750826,13957.642610502,6036.83989631165,3037.69265813709,5497.38058928068,4496.52797766232,5696.40214112382,5402.0082759285,4372.29300324212,6137.15635952841,4052.6089343286,6272.52206067862,8516.66487226074,4593.34576365638,4471.63661508849,6251.56617311214,4784.14287158107,3702.47279703714,5088.19004371889,9604.38861148381,10499.1822554521,6573.72531983197,4876.98146425635,1e+09,4166.31960731531,3922.28830700906,10525.5205744182,12484.3282366574,5326.32987389065,6728.28395557144,4033.58156625102,5945.85050009669,5883.1059276627,5309.07881167722,6131.81025940138,7955.57115945801,5309.39144136124,6724.36786947294,5227.14871104697,4996.42089872341,5446.48769074162,8193.30722783541,4440.52624161822,4775.73603446631,5628.19970692228,4924.38599900536,5015.93697043733,7636.27974378886,10494.8548067708
9394.8123004241,17164.1292345228,16368.2953291875,20439.1572220334,24683.254871068,11014.6396424667,14659.6429352969,7294.50571485142,3472.68084136737,4507.59441399734,5587.97108802471,8381.43599014513,7799.54902807207,6272.57640505877,6153.70073341238,4836.10166196907,5205.65254336092,6931.97901887333,6909.87173009746,6775.48210759205,7312.67899409649,7429.47993766724,6168.08603343857,3163.71118775087,7447.49417792992,8014.3152823245,5083.79026102572,6632.78205149242,4166.31960731531,1e+09,4899.2668714819,11934.536283325,14135.5919131071,7844.17666545062,8305.23668438775,6692.30896884625,7430.77671882287,8004.39010317463,7421.56871641704,8890.92937611136,9576.36647969886,6950.8672933311,7494.06818197566,7524.43641879576,7305.30387857343,7512.45718934225,9358.36053837423,6963.06423569394,6218.42335155785,6933.86622921873,7292.88546746074,6885.07278570822,8466.71607904151,11870.9863256555
13044.2076978711,21059.458301661,20252.1488301982,24433.7380573829,28479.2303185163,12204.1724890875,11577.2744628259,6941.88934267898,4633.09614648779,7989.65326017969,3605.61408220569,4915.32392317129,4941.40476946587,4046.38871846243,4591.72122507454,6662.50146058521,7858.67930165114,5882.85889971024,3716.14078312434,4123.18798779537,4283.75403676495,4416.24841153665,5550.10550367288,6996.58237122239,11521.3675923087,11923.5081717798,6880.7485326162,3577.94158012676,3922.28830700906,4899.2668714819,1e+09,8008.72196008826,10416.0486789713,4905.63407526489,4226.96256279849,4012.80766328266,3353.58806909853,4115.68417284417,3843.76210141835,4951.6621792485,6108.5274723046,3385.55164510896,4411.15239400092,4381.09298277268,4427.15586760846,4561.77933246447,6416.52925209572,4110.37710505983,2244.22517845247,3580.64169998898,3603.71057684992,4341.5928454543,5117.47360908681,8290.25803304698
19274.3634153972,28666.872639055,27426.2549728668,31929.4103736665,36085.0919132195,18311.4350161532,6328.76548170336,9183.64228762205,10373.5339663299,14648.0082338965,10251.0022748607,6757.84986852327,6699.62928982642,9380.20908460467,7395.95434082715,13341.8253536801,15603.8226365785,9875.49534401693,6573.35676453059,6899.16546246718,5422.61981323603,7472.02687517919,10160.0722777596,13993.9879579804,18944.2659260659,19494.2266917952,14123.1576370407,7944.42743795927,10525.5205744182,11934.536283325,8008.72196008826,1e+09,3704.6457548732,6304.82937574047,6018.40874119563,7775.32282485428,6200.9013523358,5944.35102466199,6026.8619044823,6155.92242585951,3713.66296778531,5939.70213727086,5297.498838065,6526.77285825851,6541.84597427209,5822.58326476316,4115.06428389643,7174.97063170296,7029.04581181543,5768.4126770629,6604.10893408793,7248.11687471305,5268.21912626079,2692.53828966275
20547.9448445751,30921.28410607,29568.9564597265,34047.7685435727,38233.781112694,20645.702797098,5642.99012037944,10378.0505358136,12475.4897756,16747.9170899548,12244.0108165217,7927.45469442746,8068.86094979954,10898.2672098458,9018.5079557042,15112.6643541369,17712.2584395017,11937.5203633753,8311.82036221308,8277.39916163284,7152.61563513656,8761.52495606216,11474.5696591898,15975.3362284742,21016.8847215709,21767.9541323662,16351.9758530644,9896.81006259593,12484.3282366574,14135.5919131071,10416.0486789713,3704.6457548732,1e+09,8071.09507099873,8092.45805667228,9405.11036359489,8312.05668995947,7375.08579986023,7606.82607816164,7361.16022173815,4902.92753994998,7943.65048313431,7028.74295271921,7900.62460532077,8160.52457116575,7662.71354103754,5335.15773964557,8661.29346015363,9151.55942894434,7901.832198965,8347.23582634395,8754.96176133283,6882.56027649595,3246.09443593374
14296.3885432091,23869.707871589,22269.0321577454,27110.1833274805,31159.1320645987,16352.3866991764,10612.9975529819,4859.60460152881,5472.546861983,9569.38462739899,6832.61308425993,3030.06947819683,2816.75630321475,5871.73159479382,5145.75084799099,7970.83126390843,10970.0059756684,9343.56990064825,2224.69679736363,2584.02891320898,3867.77953799076,2840.85155106704,4569.93768588807,9222.14184245178,14257.9094782896,15175.0702031951,10745.8077804556,5137.48165330058,5326.32987389065,7844.17666545062,4905.63407526489,6304.82937574047,8071.09507099873,1e+09,5309.37188440403,3101.27268112625,4395.40191309054,3566.99901956813,2886.97011641964,3264.39050026188,4422.24366419355,3570.44905460084,4682.65860902757,3077.78748618224,2599.09304367889,2369.86557620891,4777.43266891329,2905.16129658923,4455.65833640776,3685.61409334998,3394.55404427445,3792.33572927029,5626.54476318282,6537.17146690371
16223.6431940579,24353.7877593014,23801.9626101168,27759.2001027353,31682.7102992973,13275.4919569446,8726.2403690421,8718.4571645848,7790.8310506197,11362.5588868881,5043.8260466733,5196.05127211039,5781.09588000407,4656.08821312483,6195.20318734584,9893.62917910309,11042.329305527,6219.71162770429,4688.85425153096,4951.38575223139,3874.08323276617,5269.47579875836,8048.53321868028,10486.265578012,14920.3551371809,15282.3794333343,9048.65380872757,2965.12871260254,6728.28395557144,8305.23668438775,4226.96256279849,6018.40874119563,8092.45805667228,5309.37188440403,1e+09,5382.98981840018,2434.72694212308,3222.90621264411,3798.54621435622,3948.41283091067,4431.5414464044,3783.28277621433,3840.59604803734,4818.12606821366,5493.05253424724,5022.26177523633,5552.9349186984,5349.97741913926,3170.52502382492,3877.46074440477,3665.33647205819,5682.75767845155,4428.33475810039,6416.64875283041
12897.5041879931,22292.6315673161,20828.3495545807,25464.4410033305,29572.9711258203,15094.7427677685,11392.8828484848,5185.26162588736,4892.36485333014,8440.69941572379,5785.79802135367,2863.86992487438,2875.36203598782,4528.02606302128,4357.24116193951,6514.13591783285,9213.29776377058,8885.57454484515,2341.45463814698,2305.96136997132,4579.20125744654,2839.8446759462,3738.35196890287,7670.87970030817,12579.7805205496,13546.0726284854,9331.76449129531,4942.0234731029,4033.58156625102,6692.30896884625,4012.80766328266,7775.32282485428,9405.11036359489,3101.27268112625,5382.98981840018,1e+09,4414.71506517691,3602.24111523646,2921.15460847248,3409.25296185249,5252.01716318597,3818.12230977479,4828.67076837922,3205.08731422406,2937.60546452379,3067.93556483835,5677.46517987561,2528.32042223687,3985.87846358867,3892.16066238279,3091.32863979228,2506.29533479197,5365.01141599904,7526.58524858385
15170.590835686,23578.8414809634,22838.4648077908,26946.811316076,30927.6990943863,13389.9989038835,9337.42277896851,7861.32895150686,6778.23196481206,10393.979835881,4815.34589004778,4092.30223232596,4782.61446212216,4331.00686835059,5135.44976561937,8854.79710036882,10106.539574711,6299.89503645101,3567.33181498442,4054.02882970756,3569.35028153584,4245.02432791615,6734.45731703008,9397.5112717304,13985.0160175489,14419.1284217424,8807.50315969855,3230.34695455457,5945.85050009669,7430.77671882287,3353.58806909853,6200.9013523358,8312.05668995947,4395.40191309054,2434.72694212308,4414.71506517691,1e+09,2276.36158845646,3024.7595401453,3539.9476032563,4590.58840983376,3474.34478802838,3458.96654683158,4295.81917360356,4715.82736442928,4268.82779963071,5297.85792110359,4583.00192496141,2740.62212834969,3115.9286948998,3157.30323613365,4640.96914563112,4133.67210290076,6492.93898011525
14910.599129143,24286.1575524413,23290.1278529617,27538.016681043,31504.1002822315,14789.9028410669,9294.04080228831,7016.3351217997,6860.67304554007,10737.9134280036,5334.48588848073,2737.81772148914,3653.42488047859,3945.82551364097,5115.02259600092,8531.53054078224,10678.6852001827,7427.96570780318,2752.30295687085,2943.59569667779,3103.37371692486,2712.21272159836,5875.38165084618,9804.05126584414,14566.1799233601,15219.7724888219,9753.80000680248,3469.53420202194,5883.1059276627,8004.39010317463,4115.68417284417,5944.35102466199,7375.08579986023,3566.99901956813,3222.90621264411,3602.24111523646,2276.36158845646,1e+09,1717.20504719151,1949.42250807771,3661.66663159005,2845.42473980599,3241.69571543968,2745.28419525192,3539.27079770678,3507.16298684564,4519.65697302351,3194.93941175729,2867.44381496831,3267.39434380058,2272.6250399703,4108.84472010077,4384.8479460182,5970.39021521207
14240.6221058386,23735.3949063103,22551.4364222415,26925.6488261973,30949.4620073435,14938.0967558622,9846.68492880218,5934.40010569729,5953.35384805069,9908.97568119935,5415.29176740275,2497.41698680857,2907.00088028882,4200.56543053432,4349.2104400799,7870.8045414176,10375.8826578899,7626.25384901395,1969.35217817941,2155.91500296278,2652.02214538265,2332.11088662182,5124.92044615329,9161.17397597055,14003.3157663319,14707.3735313685,9600.73252046947,3741.99352796073,5309.07881167722,7421.56871641704,3843.76210141835,6026.8619044823,7606.82607816164,2886.97011641964,3798.54621435622,2921.15460847248,3024.7595401453,1717.20504719151,1e+09,2375.56868309464,3612.15002188447,2155.81536686239,3156.79276611564,1665.44450306817,2408.36568880226,2462.64946307833,4155.47206046437,2265.98662632859,2788.56961535838,3090.30290554179,1551.32807265259,3290.26994439666,4420.85182264685,5977.05626781278
15336.1273045968,24719.4978592527,23534.4934783798,27977.3809334755,31880.7974466214,15814.2134374176,9891.78726348277,7175.28179010413,7354.94002417423,11097.7641940753,6093.04322371014,2062.38550331891,3317.9695417077,4669.24375659485,5887.33108319891,8859.72151453419,11270.466956768,8960.86903186851,2827.02903823077,3186.12314794956,4080.1742990343,2643.03168944302,5859.52171697486,10381.0600605574,15121.9512064713,15907.8737523498,10648.7237504548,4359.43378114636,6131.81025940138,8890.92937611136,4951.6621792485,6155.92242585951,7361.16022173815,3264.39050026188,3948.41283091067,3409.25296185249,3539.9476032563,1949.42250807771,2375.56868309464,1e+09,4038.31653168743,3561.92742894911,4460.33106783566,2858.41949494821,3500.35256514255,3720.78549579252,5147.21622153179,3278.83362740472,3879.78627429399,4020.83436611109,2522.40067758871,4159.66450290165,5056.05270829923,6147.24772177761
16429.6919560563,26301.4998793966,25072.7612670085,29476.8940127908,33682.4457043873,16704.4713840606,6911.69696380708,6810.37214889906,7986.04865668248,12241.6756858283,8088.70969885185,4679.37474432215,4456.52445692829,6708.24652576215,5125.39381738613,10822.1534399767,13263.7766466305,8433.95067311874,4328.2068931256,4118.48986836195,2968.77995964672,5094.88759221438,7630.14678639933,11434.1183473148,16452.4183893372,17222.0840220805,11870.2595667997,5780.29053601115,7955.57115945801,9576.36647969886,6108.5274723046,3713.66296778531,4902.92753994998,4422.24366419355,4431.5414464044,5252.01716318597,4590.58840983376,3661.66663159005,3612.15002188447,4038.31653168743,1e+09,3601.16686228228,2815.93038500599,4004.83034694355,4214.78805232244,3507.4767488039,2113.99190194759,4571.7436880582,4928.26397380457,3628.36520617757,4194.96755298536,4684.73012896154,3360.01439598107,3061.11615614305
14048.0765122311,23457.164709131,22381.6177948199,26697.1750946744,30752.7584913874,14408.970471956,9803.45191374446,6034.21872577553,5576.25569111568,9749.19438429658,5384.76330710088,3858.00101627773,3747.02241503837,4393.41117333673,4442.78948354522,7992.49721176054,10446.9950061489,6935.2265387657,2733.66084339298,2861.30140422151,1986.40737433186,3407.84659471344,5658.22577987128,9040.348663597,13812.3175414048,14429.6542634465,9119.37797820663,3532.72462913542,5309.39144136124,6950.8672933311,3385.55164510896,5939.70213727086,7943.65048313431,3570.44905460084,3783.28277621433,3818.12230977479,3474.34478802838,2845.42473980599,2155.81536686239,3561.92742894911,3601.16686228228,1e+09,2600.76660067758,2243.95206896226,2534.39584066894,2569.26424234644,3910.54573039365,2476.75475093922,2003.94005207242,2555.02786391851,1972.25038516919,3836.19628181354,4210.48940392919,6068.0389070605
14702.4369780081,24318.6819693646,23393.6354780526,27506.5746124249,31698.9006494232,14473.4177838443,7957.02292038298,6709.47379828702,6659.89097446047,10737.7078642325,6407.95581385359,4699.30375881364,4579.99146215361,5268.3647623907,3755.00755912688,9333.76246860825,11323.6354366564,6074.34908400892,3811.96076877766,3649.23016588431,1731.43046906308,4671.08003858851,6916.41791825798,9666.1916544004,14472.9544706325,15096.2023156289,9695.96331940257,4452.29425039496,6724.36786947294,7494.06818197566,4411.15239400092,5297.498838065,7028.74295271921,4682.65860902757,3840.59604803734,4828.67076837922,3458.96654683158,3241.69571543968,3156.79276611564,4460.33106783566,2815.93038500599,2600.76660067758,1e+09,3748.47950182471,4020.69988514438,3666.93044294544,3145.30467803995,4192.84739077157,3303.47287885038,2525.85726825567,3584.48537335557,4244.00254130461,2790.71293561341,5023.98413661906
13850.7542338206,23661.6115689084,22330.3462614622,26780.6599711938,30774.2990019529,15455.5013994726,10560.6069577511,5590.22918541807,5821.75970286476,9752.54577599101,5883.82048782082,2677.20050799338,2666.88677967401,4455.14368403534,4801.79871270132,7611.7142341131,10566.0964021676,8311.74460573711,2140.50796067195,2280.5080964557,3097.26412806528,2057.69099854667,4733.10739282345,9213.1427727459,13976.5430441436,14806.5647349681,9922.35285851093,4268.11185826942,5227.14871104697,7524.43641879576,4381.09298277268,6526.77285825851,7900.62460532077,3077.78748618224,4818.12606821366,3205.08731422406,4295.81917360356,2745.28419525192,1665.44450306817,2858.41949494821,4004.83034694355,2243.95206896226,3748.47950182471,1e+09,1632.87546855233,2629.74110383513,4459.19778573456,1482.97800985045,3353.23755906139,3753.22374011995,1929.32415036976,3399.30280913601,5093.62234371572,6393.46373331389
