1e+09,19797.1034946024,20879.2659789946,25140.3942109367,28209.2217182024,28720.7420622083,7376.06168560839,13311.6080032955,6280.76967156892,5680.83098153783,9609.8432740602,5276.94779191532,6467.32118079039,3281.68183765581,4224.16284548785,6142.0756541254,8069.07440289157,8667.22794784469,7087.70441075247,5176.69997178705,4556.54253273247,6051.42464996467,4941.33077890967,4784.80072483693,9972.79684833197,13838.9942063468,13149.9073208141,3929.26995046154,3491.94323501972,4471.75925997811,6806.30818829856,7255.19867698329,11478.345517922,10361.7333282564,3087.33061645493,6728.83242607512,3776.31913144268,5320.39418781165,5436.4970436762,5620.97851412901,6617.95045060025,6888.10086011377,4710.99618544741,6889.86196280448,5965.23676250155,5862.09284771233,6708.41373340226,7226.95678803326,3662.62911417468,4679.65841848526,5287.28611010412,5525.83913899057,5588.85446229368,9639.16304841868
19797.1034946024,1e+09,11376.7499863977,11740.3552805143,13023.8018821886,15143.0626088747,24964.5358043586,30659.037476979,18100.1801415262,16655.5871496144,14374.5110910945,23478.0835917202,24683.9893447696,20718.6553849616,23004.1978397205,19056.0028837214,12591.2929949311,13508.9553795362,23821.9829667221,23190.60169023,22016.5818032637,23867.0795226354,22751.1364779213,16073.3056697557,11502.6535193711,9357.58981181052,10103.7266334754,18912.7814119923,22285.5306721783,17271.1772016733,16639.4799163946,23552.7149440038,29819.3450669997,28637.7569523784,21383.0236160488,25735.0877938817,20718.3573121785,23986.1390067952,24348.4670413334,24433.0805673231,25454.0882680209,24544.1989951984,22846.0550143761,24249.9853231234,23839.3638927405,23034.5712538654,24308.928674701,24601.0040355043,20739.9532792,22838.425725542,22604.0266607457,24259.6970309112,22276.2917217005,27035.8772099964
20879.2659789946,11376.7499863977,1e+09,6161.45752176382,9508.95947146164,8688.75840197551,23905.8155598904,32350.2984889413,18083.9616271408,16430.7198852576,12149.4502481717,23155.1824586895,24298.657708674,21209.7011397426,23426.9461992638,20024.173729565,13827.6918412727,13434.2861830728,24824.7429221251,23016.6451552284,22162.6923906821,24511.2903724631,22752.1296476747,16744.5819242823,12168.7578341875,8522.42768587097,8930.17011592724,18834.7499416265,23227.9432888708,17463.2296677619,16601.2812871507,22981.8260840583,29894.7558963709,29874.0980833246,21739.7419430797,26279.0672598858,20851.8975885817,24460.27125535,24903.7252216953,24526.6268595643,25496.7337527104,25510.7901130502,23411.3414657106,24974.7357418232,23773.1245039751,22736.3852141672,23911.8816520302,25406.3256517211,21329.1311111494,23468.6676419285,23217.500552314,24235.3466621214,21935.1835363805,26968.4615790556
25140.3942109367,11740.3552805143,6161.45752176382,1e+09,3927.96296978472,5452.33489626233,28798.6501641414,36817.5751148212,22968.0227847806,21046.3527406556,17008.2383978148,28053.0911809964,29206.5750086757,25531.6949886195,28109.591353876,24387.4842679334,17744.2869008563,17655.1910686744,29483.8286028579,27828.0847306709,26969.7925501495,29271.7381861669,27618.5254914976,21128.5105950112,15941.2386244545,11994.6602860523,12837.304977506,23458.394431672,27565.6425949895,21819.2248613717,21383.1944233831,28051.5211242956,34749.7378269117,34380.4349943976,26196.990354661,30737.7871454388,25426.2665903156,29007.2126791838,29530.094312992,29270.4116216633,30265.2017618105,30027.5000198019,28056.4146309146,29704.863720051,28706.1857335453,27677.287489606,28880.9699847876,30108.9979577169,25893.9047278988,28089.7567472878,27840.2229673974,28969.6974413213,26667.9085555917,31834.0470418057
28209.2217182024,13023.8018821886,9508.95947146164,3927.96296978472,1e+09,5180.52415355821,31956.0049369661,39751.3849655669,26057.8523717324,24172.4589988007,20231.2319304263,31331.59378194,32493.6515910939,28695.5886663212,31302.6198024015,27355.2307667601,20780.7141909295,20786.9539392428,32454.1709425815,31077.5266071867,30135.6813516088,32361.9380908885,30873.6418910063,24286.726585802,18909.3800848098,14906.862977441,15846.5516218987,26578.2620623979,30655.9224416376,24975.6636518452,24468.8923733503,31334.0333527365,37951.5716309681,37390.6472375272,29356.4098063506,33915.2026079972,28650.4500645801,32179.8761876674,32707.5646740597,32464.2241364644,33554.118692779,33093.284967144,31180.967451136,32791.7949699433,31930.7338375741,30932.1933023751,32127.5819124067,33182.1935465936,29043.3097866807,31235.4147827558,31007.9542451868,32204.9064765681,29888.8049350522,35013.0120358603
28720.7420622083,15143.0626088747,8688.75840197551,5452.33489626233,5180.52415355821,1e+09,32104.2053308192,40563.381147233,26311.6324279129,24613.3797759572,20373.8998375691,31307.1451460893,32542.7508877261,29288.952733273,31509.9905059951,28096.4784788254,21373.1473919425,21134.60064525,32989.7504986943,31279.973141734,30354.146487037,32726.7889503248,30924.1189555838,24745.2482784857,19954.4603871014,15913.3564136483,16615.5576272089,26948.6789149765,31129.9977368085,25389.0966500799,24778.2457575713,31250.7894350751,38218.6655193886,37999.5999209176,29753.0037438575,34367.1587032751,28980.6445250515,32579.4938103126,33025.8628494245,32703.1846504159,33657.4863535009,33621.920859249,31553.4401713696,33240.0276900757,31986.8941857818,31002.3488574318,32201.0300555619,33654.2542803105,29387.7020111526,31570.0652635974,31455.7245405793,32409.5321804944,30240.6749747918,35351.7528624042
7376.06168560839,24964.5358043586,23905.8155598904,28798.6501641414,31956.0049369661,32104.2053308192,1e+09,10515.9466065543,8125.98806330652,8710.56218834927,12228.1848557952,4989.66909344698,4920.58292644276,6018.08802914181,5105.64328089027,8019.98507041628,13456.7189594009,13253.3616050646,5898.7749996334,4189.71554024853,4997.29158211726,4611.1794005547,5485.58266871442,9793.65824088731,14225.4890180127,17716.854427138,16892.8350991271,6478.37076230591,6061.20675028496,9026.2603220326,9446.03287738297,5970.15083958521,7459.34341076344,7997.70255259597,5705.94918263386,5386.01457173112,6035.66140133788,5126.07344974689,5277.69947191009,3996.87008330268,5443.31423370909,5880.25258511911,4650.23429497913,5246.81190672965,4625.77768015282,4454.90488808684,3801.39997987584,5187.28202418184,6282.28468231901,5330.68334608238,5463.6648177757,4093.44893742428,4590.2220774163,5397.49327018571
13311.6080032955,30659.037476979,32350.2984889413,36817.5751148212,39751.3849655669,40563.381147233,10515.9466065543,1e+09,14868.7307084398,16148.4770299679,20428.8895997604,11467.564546206,10395.2129820269,12101.257809699,10684.4548291244,12940.5871379084,20326.2089340782,20293.5289347688,8292.76227482737,10562.0417467884,11007.0960415452,8514.31224421562,11539.5251624579,16578.2139239183,21088.5266555087,25056.3910227131,24292.2055583967,14055.53340435,10870.491742603,15982.3922969623,16161.7122825739,11331.7937000503,5594.23648073622,3858.44763428247,11871.7259084221,8065.20516637984,12477.0716687571,9297.58600314619,9103.30095811953,9430.28888169922,9492.29071309976,7586.7646797235,9661.10685704801,7864.27036525958,10134.1798560466,10843.7911386839,9894.51825219904,7371.53237048444,11996.6148535243,9944.63128890659,9768.81840948536,9877.91229432617,11111.2865751406,6886.29236983153
6280.76967156892,18100.1801415262,18083.9616271408,22968.0227847806,26057.8523717324,26311.6324279129,8125.98806330652,14868.7307084398,1e+09,3130.39702902044,6450.60202367965,6684.69993408081,8053.86418887232,6141.45058331499,7068.16045810365,4654.75772257805,7382.98214858332,7049.22332300517,7337.27687252567,6649.52858458402,5272.74714864083,7091.31290837599,6290.81653467179,4536.54372476448,8146.17560651623,11678.443922227,10697.1179872758,3711.84429243739,7225.56801046811,4789.0425691259,2727.28441498132,6240.61795294344,12652.044507221,12454.0963522369,6135.42043744355,9635.38007030859,5145.31965514292,7898.31337460093,8120.94462996763,7807.99474169905,8983.75271136177,8297.22230955637,6366.10777517943,7607.54938014864,6690.71408393753,5863.60709107457,7023.16907858554,7923.07313863756,4965.4382623994,6626.74946470742,6383.84575045482,7838.47405482088,5877.31046722904,10057.4751667951
5680.83098153783,16655.5871496144,16430.7198852576,21046.3527406556,24172.4589988007,24613.3797759572,8710.56218834927,16148.4770299679,3130.39702902044,1e+09,4538.15335648764,7792.98019285305,9015.19197212683,5574.71688351974,7650.10312020694,5137.36534550542,5600.77307304983,5223.19049546348,8829.18391217444,7332.38114556929,6270.74547496548,8380.80798215781,7365.18197022993,3009.82869299899,5974.14341922756,9619.04781132208,8722.07706284461,2892.95503352541,7273.40705514273,2950.62633428904,2550.46857845769,7847.64897583346,14015.352981099,13608.40382553,5954.54512930249,10228.6401189992,5255.821110036,8482.04465638445,8930.82204733137,8686.51445464175,9883.97317476125,9313.5974401141,7211.38931769045,8931.33318058956,8045.368232101,7108.89250015781,8280.73594440132,9232.83612271441,5449.9880472713,7421.41987335981,7211.47996367597,8525.33249305856,6395.82927834225,11375.6227318859
9609.8432740602,14374.5110910945,12149.4502481717,17008.2383978148,20231.2319304263,20373.8998375691,12228.1848557952,20428.8895997604,6450.60202367965,4538.15335648764,1e+09,11503.4025489592,12689.4283550245,9583.31434565307,11738.2405173518,8591.72983675581,5424.21756381508,4397.40888836824,12956.8579099564,11229.9906727521,10286.7544043104,12575.1554888041,11128.2550179352,5781.51712897229,4348.55821845586,6291.29535447987,5337.22165455024,7016.717796805,11453.5043115983,6145.39299459359,5057.61559811538,11320.9850696969,17964.2063625477,17873.6473254593,9981.61395982133,14365.1899302376,9174.08164697154,12567.4609992512,13060.5460673932,12708.9035018958,13781.9642870311,13531.991881763,11463.791785788,13063.3967649421,11922.1433069184,10883.2019117262,12071.1032743697,13441.4439789816,9556.61406445818,11595.8059494759,11338.5186441484,12461.2274911343,10153.9570416907,15198.2729394889
5276.94779191532,23478.0835917202,23155.1824586895,28053.0911809964,31331.59378194,31307.1451460893,4989.66909344698,11467.564546206,6684.69993408081,7792.98019285305,11503.4025489592,1e+09,2886.79284914938,5072.47592025827,2876.38361784377,7269.43583564777,11468.6577735235,11463.1378525908,5612.52933758034,2734.70281882694,3219.77459394287,3886.49466450168,1957.18342834799,7732.63077049461,13228.5526752892,16958.8892631534,16011.9227938808,5766.92696473607,4485.77028384201,7441.95982113583,8174.27648073516,3953.99277848354,7986.82648605815,8409.52292339464,4168.89435909571,4916.72562978656,4212.94282587599,3890.23707834111,3450.47625053412,2829.62386926249,3285.69510770552,5600.34312231849,3516.05228816353,4895.41624707236,2242.81966611228,2882.17777994349,3221.2129867955,5219.83206136941,4235.35144737718,3578.16411103516,4326.98622518029,2852.66236288138,4369.7668230353,6605.217022748
6467.32118079039,24683.9893447696,24298.657708674,29206.5750086757,32493.6515910939,32542.7508877261,4920.58292644276,10395.2129820269,8053.86418887232,9015.19197212683,12689.4283550245,2886.79284914938,1e+09,5465.17191159619,3734.87720712475,7686.32074378243,12891.5670307958,12610.502445446,5816.55233014369,2298.42692744407,3595.93737819501,3948.18081160172,2720.45559528179,8888.70915090037,14318.1130504407,18023.2087169516,17126.0579516624,6958.97668058314,5354.81095052851,8600.84538323414,9352.27304027208,3997.82179282669,6628.09332198182,7316.10708904674,4731.80430954198,4611.71092846245,4814.42340923604,3251.66753906361,3050.49360559894,2623.46322478513,2424.22304640064,5389.87210434534,4051.63154282321,4410.26729430315,2735.09176555376,3281.79858996557,3068.95137872857,4999.8690456851,5268.83570255327,3906.39247997433,4131.54246823145,2766.56822021435,4003.78218903077,5098.50793327813
3281.68183765581,20718.6553849616,21209.7011397426,25531.6949886195,28695.5886663212,29288.952733273,6018.08802914181,12101.257809699,6141.45058331499,5574.71688351974,9583.31434565307,5072.47592025827,5465.17191159619,1e+09,4085.26812248597,4787.42703173636,9185.68830250624,9202.22594609043,6322.98398636277,3724.2124378048,3724.06454954798,5181.05884120225,4619.76139955301,5390.39247302087,10191.4061631995,14086.2356881851,13350.4446707816,3724.35412172366,3607.8397678112,5010.36294902874,6586.3612522925,6123.50435844542,10055.4585067216,9315.53352250423,2300.45607006524,5551.19982659605,2349.72242477702,3951.72785299039,4635.15364624518,4709.25971259815,5704.29713784266,5594.13959912514,3742.0649151371,5614.07825072825,5229.02177841133,4608.82819282733,5380.94500322202,5907.80021287958,3137.19867187273,3809.76538389177,3640.49997018267,4445.41626782015,3301.65408338003,7695.84344070226
4224.16284548785,23004.1978397205,23426.9461992638,28109.591353876,31302.6198024015,31509.9905059951,5105.64328089027,10684.4548291244,7068.16045810365,7650.10312020694,11738.2405173518,2876.38361784377,3734.87720712475,4085.26812248597,1e+09,7092.98253753666,11243.5251786084,11385.0309472087,5441.66687668402,2669.62756168347,2790.61304268435,3389.38489086147,2996.39072475537,7490.13391702712,12985.6622841463,16718.4746506043,15961.5986141802,5178.39358687615,2745.08725548023,6825.42565693892,8204.23593287638,4923.73196777607,8132.43891761875,7717.87835115973,2846.09177499602,4028.86413928293,3698.52161728169,3253.58500748021,2419.28690053495,2436.59916619455,3212.47881300406,4389.43244270828,2318.93419438759,4354.91023382802,2756.03188455794,3367.73267787097,3406.59030945901,4546.60977752655,3149.86734727036,2075.27092489149,3374.75975724199,2334.02258827973,4109.03991807089,6515.85030583116
6142.0756541254,19056.0028837214,20024.173729565,24387.4842679334,27355.2307667601,28096.4784788254,8019.98507041628,12940.5871379084,4654.75772257805,5137.36534550542,8591.72983675581,7269.43583564777,7686.32074378243,4787.42703173636,7092.98253753666,1e+09,8844.26792984021,8473.87200470364,5951.11315809068,6334.33363934203,5319.36208581443,6361.17610562701,6602.08649610106,5786.03736529587,8909.19338688413,12695.8709127299,11855.8840508585,5101.90059201471,6676.44403644635,6160.99953687711,4858.58670188153,6663.54526402425,11433.5219265107,10675.1534136189,5715.46534466792,8413.03792498287,4866.19652976532,6566.08543544021,7256.82444287445,7263.40702462006,8466.71592738294,6875.1196134831,5818.62208268418,6320.40467376101,6868.66694806933,6113.65637523078,7106.05856905922,6775.96010329901,5178.06601023973,6106.9675786842,5226.34983032135,7373.34957123287,5026.00886186047,8759.41440990207
8069.07440289157,12591.2929949311,13827.6918412727,17744.2869008563,20780.7141909295,21373.1473919425,13456.7189594009,20326.2089340782,7382.98214858332,5600.77307304983,5424.21756381508,11468.6577735235,12891.5670307958,9185.68830250624,11243.5251786084,8844.26792984021,1e+09,3441.45111415229,13077.528834799,11514.3576958986,10507.3250531903,12697.9555225713,10880.5587092392,4251.69924456093,3933.60178117969,6949.34594336043,6453.17920130845,7460.67831424194,10715.261241995,5615.90104679561,6368.16036443022,12201.9199212624,18493.4375656501,17652.5485044087,9608.20593269628,14121.0612388659,8927.80761818376,12367.7241540188,12647.2370637582,12675.4202564767,13610.8656271965,13551.4412639284,11438.181699724,13324.3371058188,12213.4197350169,11534.8513695756,12800.7254109953,13710.1163455421,9185.33341638724,11339.2291312285,11467.0517093235,12526.4921208453,10944.4430274592,16021.7750119829
8667.22794784469,13508.9553795362,13434.2861830728,17655.1910686744,20786.9539392428,21134.60064525,13253.3616050646,20293.5289347688,7049.22332300517,5223.19049546348,4397.40888836824,11463.1378525908,12610.502445446,9202.22594609043,11385.0309472087,8473.87200470364,3441.45111415229,1e+09,12962.905373052,11300.9201675439,10164.9860831336,12657.6490420891,10893.99242989,4654.43905910261,4177.30273236212,6623.06964724062,5700.56157018762,7321.49957203441,10896.4060555625,5301.93775749018,5471.60184441449,11296.626436596,18083.9873540959,17489.3737666733,9457.30685510415,14143.0045317995,8657.4375759459,12120.6687278714,12556.9927119912,12625.5581606121,13448.2234493297,13274.8993192642,11321.5238156708,13152.0849786032,11989.011065213,11205.581557059,12480.8709692954,13538.5090457701,8997.67809232471,11150.8300394724,11218.8376358694,12516.5154606344,10438.7567946763,15614.6140361746
7087.70441075247,23821.9829667221,24824.7429221251,29483.8286028579,32454.1709425815,32989.7504986943,5898.7749996334,8292.76227482737,7337.27687252567,8829.18391217444,12956.8579099564,5612.52933758034,5816.55233014369,6322.98398636277,5441.66687668402,5951.11315809068,13077.528834799,12962.905373052,1e+09,5112.36716657754,4705.7463359174,2911.78644862565,5514.00289954585,9508.58030365207,13877.1621260076,17812.290167042,16863.817780307,7225.48542853697,5780.77738038752,9295.58617448088,8580.4332895781,5509.24235004234,6900.87100159103,6206.43033687642,6123.01249548782,5594.37916745013,6335.11453033803,4628.93963925865,4663.69331400554,4634.36683167183,6038.96336480029,3956.95336314443,4013.99344201009,2662.07485786933,4473.48331635427,4908.80254265743,4810.20684616577,2643.05840425444,5763.81190197945,4574.38381932474,4265.59879889096,5335.51510390515,5385.06801488152,5398.702822438
5176.69997178705,23190.60169023,23016.6451552284,27828.0847306709,31077.5266071867,31279.973141734,4189.71554024853,10562.0417467884,6649.52858458402,7332.38114556929,11229.9906727521,2734.70281882694,2298.42692744407,3724.2124378048,2669.62756168347,6334.33363934203,11514.3576958986,11300.9201675439,5112.36716657754,1e+09,2242.49423725012,3162.23251199212,2518.10922783346,7436.12097070106,12736.793165283,16502.8623068788,15614.8587048074,5153.25273221681,4107.69525776925,7081.81935875944,7761.23882464649,3786.41817740724,7413.05865636446,7689.68499006299,3223.09882507502,4303.42316735178,3364.26079325013,2654.94912019044,2723.21249292082,2174.93772090145,3142.12064827244,4615.38537149391,2621.05754042142,3724.38300935873,2290.32300198029,2185.03456249552,2364.3322855724,4137.33192639895,3646.94542239118,2606.15325669846,2753.23758825859,2086.82114319843,2390.83041184439,5220.13171237087
4556.54253273247,22016.5818032637,22162.6923906821,26969.7925501495,30135.6813516088,30354.146487037,4997.29158211726,11007.0960415452,5272.74714864083,6270.74547496548,10286.7544043104,3219.77459394287,3595.93737819501,3724.06454954798,2790.61304268435,5319.36208581443,10507.3250531903,10164.9860831336,4705.7463359174,2242.49423725012,1e+09,3168.01669342193,2826.61897775417,6558.00979794938,11768.3710553288,15467.87248936,14630.9447883655,4120.5964901213,3737.21548452856,5920.45741183906,6421.77318004148,3304.04671563524,8328.27451038929,8131.19096840678,2743.15501084062,5181.3672880235,2698.9274291281,3359.10477852359,3298.37217816607,3230.15701988309,4237.01021971862,4253.9207448776,2112.55512413286,3715.46893230182,2423.67898029009,2232.95198479502,2913.7648562813,4251.28733591368,2312.44370902299,2036.59645195115,2469.4192809849,3300.40419097419,2605.88095627947,6056.0483552726
6051.42464996467,23867.0795226354,24511.2903724631,29271.7381861669,32361.9380908885,32726.7889503248,4611.1794005547,8514.31224421562,7091.31290837599,8380.80798215781,12575.1554888041,3886.49466450168,3948.18081160172,5181.05884120225,3389.38489086147,6361.17610562701,12697.9555225713,12657.6490420891,2911.78644862565,3162.23251199212,3168.01669342193,1e+09,3951.49139614399,8818.20870918805,13822.7268640128,17688.47024845,16839.9174153973,6250.26824806744,4220.46127258621,8389.39056258558,8517.7169036955,4553.52739362574,6374.84493929068,5895.61517620511,4551.31128255363,3881.32926655289,5064.25862122977,3248.49623840016,2955.97790159196,2619.90990232489,3832.90698634861,2969.27322907475,2069.54406097092,1814.90328020531,2516.38237462036,3297.5966116249,2981.7927090762,2009.46553518591,4469.86795527564,2832.4420182415,2792.24884444421,3029.07874413988,3961.70840033691,4501.63591255446
4941.33077890967,22751.1364779213,22752.1296476747,27618.5254914976,30873.6418910063,30924.1189555838,5485.58266871442,11539.5251624579,6290.81653467179,7365.18197022993,11128.2550179352,1957.18342834799,2720.45559528179,4619.76139955301,2996.39072475537,6602.08649610106,10880.5587092392,10893.99242989,5514.00289954585,2518.10922783346,2826.61897775417,3951.49139614399,1e+09,7043.23320890342,12620.0731548949,16408.8220217754,15508.709922176,5519.59821206218,4492.64627301104,7022.6322860876,7677.71894916062,3907.64339472015,8351.435413173,8518.54937057361,3867.67392124776,5366.44849925908,3657.61734331245,3556.11310358656,3364.93946505728,3237.10999802293,3599.31360856483,5640.9949649951,3591.07016705327,4717.27391944754,2467.14590608257,2735.87693571915,3458.8042572976,5264.04894244915,3930.07880781035,3490.66072801411,3845.88670557259,3235.09334597937,4121.52458535673,6658.73790912362
4784.80072483693,16073.3056697557,16744.5819242823,21128.5105950112,24286.726585802,24745.2482784857,9793.65824088731,16578.2139239183,4536.54372476448,3009.82869299899,5781.51712897229,7732.63077049461,8888.70915090037,5390.39247302087,7490.13391702712,5786.03736529587,4251.69924456093,4654.43905910261,9508.58030365207,7436.12097070106,6558.00979794938,8818.20870918805,7043.23320890342,1e+09,5994.6394790596,9819.6551870776,9022.15497519301,4012.27836977945,7183.30636480166,2885.54062927556,4077.9749468946,8391.51813066623,14497.4911290609,13835.7336522752,5793.3458540208,10304.6159999391,5053.56565307111,8387.16789456966,8742.18146851803,8752.35223239444,9665.43577989115,9792.72808523243,7576.55966502607,9435.78613855252,8313.6164722881,7571.17213780006,8851.72728622499,9831.47363816331,5407.16325991735,7452.73943229602,7465.01757626196,8603.54462203806,6934.15664565634,11989.6644278478
9972.79684833197,11502.6535193711,12168.7578341875,15941.2386244545,18909.3800848098,19954.4603871014,14225.4890180127,21088.5266555087,8146.17560651623,5974.14341922756,4348.55821845586,13228.5526752892,14318.1130504407,10191.4061631995,12985.6622841463,8909.19338688413,3933.60178117969,4177.30273236212,13877.1621260076,12736.793165283,11768.3710553288,13822.7268640128,12620.0731548949,5994.6394790596,1e+09,4455.20583968912,3864.37486172085,8465.03573065702,12323.6925263291,7071.96162066085,6510.08823410252,13336.4674641976,19476.9341115972,18721.0437017651,11014.7470635689,15446.107293642,10277.850967318,13605.123640945,14152.8155340201,14086.748319197,15226.6214541933,14530.0787372746,12675.7714465984,14200.3454099258,13638.2185895299,12699.8814761832,13936.9399223646,14561.9511131991,10624.3458472746,12729.2722616102,12409.4752112086,13932.1411245401,11604.7237479657,16668.690436453
13838.9942063468,9357.58981181052,8522.42768587097,11994.6602860523,14906.862977441,15913.3564136483,17716.854427138,25056.3910227131,11678.443922227,9619.04781132208,6291.29535447987,16958.8892631534,18023.2087169516,14086.2356881851,16718.4746506043,12695.8709127299,6949.34594336043,6623.06964724062,17812.290167042,16502.8623068788,15467.87248936,17688.47024845,16408.8220217754,9819.6551870776,4455.20583968912,1e+09,2125.29785740729,12070.3737362975,16100.097325945,10511.6972299767,9928.6785895405,16831.5592676496,23296.2273552973,22647.3692797861,14735.7546828386,19302.2739190205,14008.3804518295,17490.7395738717,18005.9508177158,17875.7420503877,18980.1245465592,18325.4751778392,16497.4342378929,18073.9246081143,17357.0511013824,16388.4600916529,17577.1865841038,18454.0345759457,14366.122392744,16514.3175074903,16246.8839166592,17677.8762703584,15266.9637816561,20397.3699770706
13149.9073208141,10103.7266334754,8930.17011592724,12837.304977506,15846.5516218987,16615.5576272089,16892.8350991271,24292.2055583967,10697.1179872758,8722.07706284461,5337.22165455024,16011.9227938808,17126.0579516624,13350.4446707816,15961.5986141802,11855.8840508585,6453.17920130845,5700.56157018762,16863.817780307,15614.8587048074,14630.9447883655,16839.9174153973,15508.709922176,9022.15497519301,3864.37486172085,2125.29785740729,1e+09,11280.6139530612,15422.8022039382,9879.49128456521,8888.59215280463,15772.7675777113,22354.9353046302,21868.4753951001,14040.8990919563,18547.7839964401,13239.7210087864,16642.9286611612,17197.5188308168,17031.6562361651,18152.4366101303,17570.5800141173,15687.1740732899,17209.8513180998,16446.4935129559,15434.5052454946,16671.023383089,17553.7851521915,13599.1351809518,15714.0269587239,15447.6891585538,16867.6799414857,14445.3291188848,19539.5456037442
3929.26995046154,18912.7814119923,18834.7499416265,23458.394431672,26578.2620623979,26948.6789149765,6478.37076230591,14055.53340435,3711.84429243739,2892.95503352541,7016.717796805,5766.92696473607,6958.97668058314,3724.35412172366,5178.39358687615,5101.90059201471,7460.67831424194,7321.49957203441,7225.48542853697,5153.25273221681,4120.5964901213,6250.26824806744,5519.59821206218,4012.27836977945,8465.03573065702,12070.3737362975,11280.6139530612,1e+09,4946.41161922459,3053.22581133463,4282.11770154675,6350.33973973834,11854.6336373082,11367.5047261965,3656.79206894513,7837.01497542272,3440.16747442621,6322.08591399231,6601.8179546016,6268.71495071358,7584.07085441585,7126.54157628369,4836.85335933394,6941.99357089158,5910.12055803433,5108.62634303978,6060.46800695293,7188.46393457601,3314.54338055787,5063.80555291176,5272.48301322062,6072.65986729045,4515.84091474667,9330.57911865067
3491.94323501972,22285.5306721783,23227.9432888708,27565.6425949895,30655.9224416376,31129.9977368085,6061.20675028496,10870.491742603,7225.56801046811,7273.40705514273,11453.5043115983,4485.77028384201,5354.81095052851,3607.8397678112,2745.08725548023,6676.44403644635,10715.261241995,10896.4060555625,5780.77738038752,4107.69525776925,3737.21548452856,4220.46127258621,4492.64627301104,7183.30636480166,12323.6925263291,16100.097325945,15422.8022039382,4946.41161922459,1e+09,6103.66597152892,8137.00662056386,6153.85207366086,9015.52932154291,7857.14021015917,2381.44559839187,3991.93549644781,3985.74571867047,3521.45913383927,3525.1688997692,3963.0511611762,4669.92224318564,4288.87653367406,2747.26950394387,5090.60803485203,4380.2154018153,4680.09152019488,5036.05041814516,5190.96726494206,3271.75364928352,2821.3997657723,3785.80966968758,3731.68354917723,4861.12072700319,7662.92769969807
4471.75925997811,17271.1772016733,17463.2296677619,21819.2248613717,24975.6636518452,25389.0966500799,9026.2603220326,15982.3922969623,4789.0425691259,2950.62633428904,6145.39299459359,7441.95982113583,8600.84538323414,5010.36294902874,6825.42565693892,6160.99953687711,5615.90104679561,5301.93775749018,9295.58617448088,7081.81935875944,5920.45741183906,8389.39056258558,7022.6322860876,2885.54062927556,7071.96162066085,10511.6972299767,9879.49128456521,3053.22581133463,6103.66597152892,1e+09,4417.32208969416,7833.93520688677,13855.6040117492,13158.8968791727,4854.57742646052,9488.88522577863,4519.46351585008,7914.07050555528,8225.71323829733,8298.15522681397,9100.15199917012,8876.33080053352,6803.99978007789,9044.15889600022,7826.96411029845,7149.84912116333,8270.77688674408,9386.06447810263,4652.21218845401,6718.41299526161,6982.70630080487,8052.90618522282,6485.9806682336,11525.8176357949
6806.30818829856,16639.4799163946,16601.2812871507,21383.1944233831,24468.8923733503,24778.2457575713,9446.03287738297,16161.7122825739,2727.28441498132,2550.46857845769,5057.61559811538,8174.27648073516,9352.27304027208,6586.3612522925,8204.23593287638,4858.58670188153,6368.16036443022,5471.60184441449,8580.4332895781,7761.23882464649,6421.77318004148,8517.7169036955,7677.71894916062,4077.9749468946,6510.08823410252,9928.6785895405,8888.59215280463,4282.11770154675,8137.00662056386,4417.32208969416,1e+09,7421.78772753573,14019.2069521603,13784.6998374792,6821.40938092708,10860.9647273021,5921.03515215034,8908.05326472625,9256.63397549023,9127.86838259624,10265.9407812777,9406.4970945193,7577.06125187068,8819.53647334144,8087.05021083708,7212.34531606051,8410.0529445777,9186.7318210885,5786.55871136723,7664.84983393674,7362.8634379024,9080.49023684845,6730.72611864426,11342.7611553933
7255.19867698329,23552.7149440038,22981.8260840583,28051.5211242956,31334.0333527365,31250.7894350751,5970.15083958521,11331.7937000503,6240.61795294344,7847.64897583346,11320.9850696969,3953.99277848354,3997.82179282669,6123.50435844542,4923.73196777607,6663.54526402425,12201.9199212624,11296.626436596,5509.24235004234,3786.41817740724,3304.04671563524,4553.52739362574,3907.64339472015,8391.51813066623,13336.4674641976,16831.5592676496,15772.7675777113,6350.33973973834,6153.85207366086,7833.93520688677,7421.78772753573,1e+09,7672.34495837485,8621.11828601139,5419.27785626462,6354.71915809818,4766.60650500962,4764.52107001323,4767.05780594278,4660.97276374793,4736.61087193153,5376.39499694731,4313.26659971303,4666.36921213913,3087.15713866334,2802.66099603573,3270.37439297093,5036.23234128451,4793.18613841566,4236.24324327582,4162.42353275108,4796.4429659384,4163.57503340579,5885.07916051263
11478.345517922,29819.3450669997,29894.7558963709,34749.7378269117,37951.5716309681,38218.6655193886,7459.34341076344,5594.23648073622,12652.044507221,14015.352981099,17964.2063625477,7986.82648605815,6628.09332198182,10055.4585067216,8132.43891761875,11433.5219265107,18493.4375656501,18083.9873540959,6900.87100159103,7413.05865636446,8328.27451038929,6374.84493929068,8351.435413173,14497.4911290609,19476.9341115972,23296.2273552973,22354.9353046302,11854.6336373082,9015.52932154291,13855.6040117492,14019.2069521603,7672.34495837485,1e+09,4033.18742952767,9544.61786544123,5733.54787321079,9971.04989093425,6643.49884438163,6413.313485703,6381.06161746617,6019.54522333706,6090.62279574922,7457.90773534374,5787.94469886332,6833.51945327589,7621.63743834617,6420.88321517375,5615.90526687372,9807.66889744958,7651.38023461781,7525.42095058476,6717.15031813343,8317.04339283498,3859.77271196116
10361.7333282564,28637.7569523784,29874.0980833246,34380.4349943976,37390.6472375272,37999.5999209176,7997.70255259597,3858.44763428247,12454.0963522369,13608.40382553,17873.6473254593,8409.52292339464,7316.10708904674,9315.53352250423,7717.87835115973,10675.1534136189,17652.5485044087,17489.3737666733,6206.43033687642,7689.68499006299,8131.19096840678,5895.61517620511,8518.54937057361,13835.7336522752,18721.0437017651,22647.3692797861,21868.4753951001,11367.5047261965,7857.14021015917,13158.8968791727,13784.6998374792,8621.11828601139,4033.18742952767,1e+09,8774.62241831522,5013.13778738427,9515.95935959165,6096.61363922629,5937.57165597183,6348.1969421876,6302.35642647256,4984.15988166511,6815.47922769925,5601.472918742,7258.41566218138,8145.13635884016,7265.73255776732,5234.07195521804,9138.50991806104,7001.91356387666,7187.23299409446,6887.26844380993,8439.50929553372,5140.13737120906
3087.33061645493,21383.0236160488,21739.7419430797,26196.990354661,29356.4098063506,29753.0037438575,5705.94918263386,11871.7259084221,6135.42043744355,5954.54512930249,9981.61395982133,4168.89435909571,4731.80430954198,2300.45607006524,2846.09177499602,5715.46534466792,9608.20593269628,9457.30685510415,6123.01249548782,3223.09882507502,2743.15501084062,4551.31128255363,3867.67392124776,5793.3458540208,11014.7470635689,14735.7546828386,14040.8990919563,3656.79206894513,2381.44559839187,4854.57742646052,6821.40938092708,5419.27785626462,9544.61786544123,8774.62241831522,1e+09,4988.40876014587,2195.03421276298,3456.14159637594,3713.20906497332,3890.85055053519,4772.60031694463,4953.78723998114,2864.13044664519,5284.54351837507,4157.81635953297,4060.92592213894,4653.78528911681,5606.21566313677,2057.47615172084,2612.73073920754,3412.21730064192,3695.81341778775,3347.15517728115,7535.37730507902
6728.83242607512,25735.0877938817,26279.0672598858,30737.7871454388,33915.2026079972,34367.1587032751,5386.01457173112,8065.20516637984,9635.38007030859,10228.6401189992,14365.1899302376,4916.72562978656,4611.71092846245,5551.19982659605,4028.86413928293,8413.03792498287,14121.0612388659,14143.0045317995,5594.37916745013,4303.42316735178,5181.3672880235,3881.32926655289,5366.44849925908,10304.6159999391,15446.107293642,19302.2739190205,18547.7839964401,7837.01497542272,3991.93549644781,9488.88522577863,10860.9647273021,6354.71915809818,5733.54787321079,5013.13778738427,4988.40876014587,1e+09,5978.52804115695,2951.71583661097,2866.28880280756,3086.77945611603,3067.53975664538,3376.63690969284,3676.78620380625,4281.25056077077,4427.55103562906,5049.80691809103,4471.54965683039,4087.32656651019,5758.98827215337,3873.21712452323,4254.52235324954,3018.72883071666,5330.3484828949,5120.22431953914
3776.31913144268,20718.3573121785,20851.8975885817,25426.2665903156,28650.4500645801,28980.6445250515,6035.66140133788,12477.0716687571,5145.31965514292,5255.821110036,9174.08164697154,4212.94282587599,4814.42340923604,2349.72242477702,3698.52161728169,4866.19652976532,8927.80761818376,8657.4375759459,6335.11453033803,3364.26079325013,2698.9274291281,5064.25862122977,3657.61734331245,5053.56565307111,10277.850967318,14008.3804518295,13239.7210087864,3440.16747442621,3985.74571867047,4519.46351585008,5921.03515215034,4766.60650500962,9971.04989093425,9515.95935959165,2195.03421276298,5978.52804115695,1e+09,4172.56636553572,4538.32095581615,4552.24879482658,5287.49965209455,5621.27818011171,3511.84738244702,5632.25048677702,4390.05090633355,3781.34927139771,4722.8622250919,6008.02169212129,2142.32597050496,3317.05525033877,3660.83013768735,4424.77689269188,3013.49020954109,7594.71457265512
5320.39418781165,23986.1390067952,24460.27125535,29007.2126791838,32179.8761876674,32579.4938103126,5126.07344974689,9297.58600314619,7898.31337460093,8482.04465638445,12567.4609992512,3890.23707834111,3251.66753906361,3951.72785299039,3253.58500748021,6566.08543544021,12367.7241540188,12120.6687278714,4628.93963925865,2654.94912019044,3359.10477852359,3248.49623840016,3556.11310358656,8387.16789456966,13605.123640945,17490.7395738717,16642.9286611612,6322.08591399231,3521.45913383927,7914.07050555528,8908.05326472625,4764.52107001323,6643.49884438163,6096.61363922629,3456.14159637594,2951.71583661097,4172.56636553572,1e+09,1642.22489483018,2386.77575549108,2932.99515875836,3491.23290345975,2756.88384445192,3490.34685027147,3326.36676898384,3616.12054778322,3633.8058482258,3737.68477616826,4219.29586339948,2635.54633425406,2723.6643588739,2601.27497068265,3698.10136118522,5174.87959447367
5436.4970436762,24348.4670413334,24903.7252216953,29530.094312992,32707.5646740597,33025.8628494245,5277.69947191009,9103.30095811953,8120.94462996763,8930.82204733137,13060.5460673932,3450.47625053412,3050.49360559894,4635.15364624518,2419.28690053495,7256.82444287445,12647.2370637582,12556.9927119912,4663.69331400554,2723.21249292082,3298.37217816607,2955.97790159196,3364.93946505728,8742.18146851803,14152.8155340201,18005.9508177158,17197.5188308168,6601.8179546016,3525.1688997692,8225.71323829733,9256.63397549023,4767.05780594278,6413.313485703,5937.57165597183,3713.20906497332,2866.28880280756,4538.32095581615,1642.22489483018,1e+09,1746.3626638817,2259.88706339498,3407.01026115273,2645.25946447603,3345.74658532292,2789.47626826256,3672.21766088286,3322.47359619305,3619.49385798622,4196.50893158826,2247.36534729002,3027.60066954016,2197.9561786123,4145.9381435569,5148.55199805732
5620.97851412901,24433.0805673231,24526.6268595643,29270.4116216633,32464.2241364644,32703.1846504159,3996.87008330268,9430.28888169922,7807.99474169905,8686.51445464175,12708.9035018958,2829.62386926249,2623.46322478513,4709.25971259815,2436.59916619455,7263.40702462006,12675.4202564767,12625.5581606121,4634.36683167183,2174.93772090145,3230.15701988309,2619.90990232489,3237.10999802293,8752.35223239444,14086.748319197,17875.7420503877,17031.6562361651,6268.71495071358,3963.0511611762,8298.15522681397,9127.86838259624,4660.97276374793,6381.06161746617,6348.1969421876,3890.85055053519,3086.77945611603,4552.24879482658,2386.77575549108,1746.3626638817,1e+09,2407.49862614706,3924.21134438501,2557.51589625558,3372.00452155687,2340.37266216302,3202.90119789856,2576.32267936297,3601.35260972874,4386.69682552829,2637.55559346149,3370.1092332742,1351.05357084758,3669.22863332336,4780.4443054281
6617.95045060025,25454.0882680209,25496.7337527104,30265.2017618105,33554.118692779,33657.4863535009,5443.31423370909,9492.29071309976,8983.75271136177,9883.97317476125,13781.9642870311,3285.69510770552,2424.22304640064,5704.29713784266,3212.47881300406,8466.71592738294,13610.8656271965,13448.2234493297,6038.96336480029,3142.12064827244,4237.01021971862,3832.90698634861,3599.31360856483,9665.43577989115,15226.6214541933,18980.1245465592,18152.4366101303,7584.07085441585,4669.92224318564,9100.15199917012,10265.9407812777,4736.61087193153,6019.54522333706,6302.35642647256,4772.60031694463,3067.53975664538,5287.49965209455,2932.99515875836,2259.88706339498,2407.49862614706,1e+09,4473.68358200488,3734.92449244961,4431.74017046352,2972.10554612383,3891.31070545645,3414.89874322797,4666.3786971805,5298.48002987649,3517.59237054267,4106.06002129779,2302.34578810395,4788.95344304995,5084.27166498802
6888.10086011377,24544.1989951984,25510.7901130502,30027.5000198019,33093.284967144,33621.920859249,5880.25258511911,7586.7646797235,8297.22230955637,9313.5974401141,13531.991881763,5600.34312231849,5389.87210434534,5594.13959912514,4389.43244270828,6875.1196134831,13551.4412639284,13274.8993192642,3956.95336314443,4615.38537149391,4253.9207448776,2969.27322907475,5640.9949649951,9792.72808523243,14530.0787372746,18325.4751778392,17570.5800141173,7126.54157628369,4288.87653367406,8876.33080053352,9406.4970945193,5376.39499694731,6090.62279574922,4984.15988166511,4953.78723998114,3376.63690969284,5621.27818011171,3491.23290345975,3407.01026115273,3924.21134438501,4473.68358200488,1e+09,2798.53886912439,2626.2070209715,4099.77056855625,4527.61875916027,4090.43802808452,2446.39186513527,4808.49617453316,3062.87779632162,3087.17967867113,4079.76541868525,4736.99921509388,4605.6230195599
4710.99618544741,22846.0550143761,23411.3414657106,28056.4146309146,31180.967451136,31553.4401713696,4650.23429497913,9661.10685704801,6366.10777517943,7211.38931769045,11463.791785788,3516.05228816353,4051.63154282321,3742.0649151371,2318.93419438759,5818.62208268418,11438.181699724,11321.5238156708,4013.99344201009,2621.05754042142,2112.55512413286,2069.54406097092,3591.07016705327,7576.55966502607,12675.7714465984,16497.4342378929,15687.1740732899,4836.85335933394,2747.26950394387,6803.99978007789,7577.06125187068,4313.26659971303,7457.90773534374,6815.47922769925,2864.13044664519,3676.78620380625,3511.84738244702,2756.88384445192,2645.25946447603,2557.51589625558,3734.92449244961,2798.53886912439,1e+09,2938.79787195377,2512.08024971337,2807.98630874511,2940.83004449424,3077.97378094746,2759.61470558845,1347.55989922526,2182.95017249593,2593.95530911772,3171.65419013486,5486.6647928318
6889.86196280448,24249.9853231234,24974.7357418232,29704.863720051,32791.7949699433,33240.0276900757,5246.81190672965,7864.27036525958,7607.54938014864,8931.33318058956,13063.3967649421,4895.41624707236,4410.26729430315,5614.07825072825,4354.91023382802,6320.40467376101,13324.3371058188,13152.0849786032,2662.07485786933,3724.38300935873,3715.46893230182,1814.90328020531,4717.27391944754,9435.78613855252,14200.3454099258,18073.9246081143,17209.8513180998,6941.99357089158,5090.60803485203,9044.15889600022,8819.53647334144,4666.36921213913,5787.94469886332,5601.472918742,5284.54351837507,4281.25056077077,5632.25048677702,3490.34685027147,3345.74658532292,3372.00452155687,4431.74017046352,2626.2070209715,2938.79787195377,1e+09,3226.87695929052,3681.3052061599,3195.97595397713,1437.79320488031,5055.44007608635,3389.76447588914,2669.5160493243,3689.67112318971,4094.03272473487,3710.86552883556
