1e+09,5017.54754363125,5253.06691066276,5654.59137155816,6007.86721439481,4374.71431010072,2873.69923426235,3162.25166185426,3464.92271882072,4113.33784600779,2866.94167673498,2993.00361063932,3004.09918567946,2622.09386878121,3613.12580979406,2918.59714962514,2845.12203537915,3350.2925374361,2664.16437148687,3492.16871306356,2807.66249633036,2754.46747481251,2912.65046316924,3441.68497728947,4265.44563743344,3825.99236668083,3077.77693894473,3056.87658797342,3442.09873023712,3530.82401063831,3023.0164788833,3104.34309703357,2897.97842062359,3262.72037451879,2699.70484712681,3098.51524871187,3458.08001159603,2869.54387966102,2569.46648931252,2796.85386441623,2477.13854531796,3279.76506022916,2594.90805345777,2943.67663181607,2896.91169088738,3619.78152126617,3467.87128906192,2504.85982254497,3286.06988000864,4008.8316639889,2831.17186910297,2608.23604462863,2839.8648734931,3178.02557396884
5017.54754363125,1e+09,1841.35565725364,2258.68970739675,2407.59865035682,3137.40427522498,5210.64571399745,4733.44514996213,3786.93176962564,2861.86539396947,4063.68368116909,4821.88919015151,4556.42877804537,4856.52774839185,4071.34763686424,4819.49953212987,3326.65109586202,3526.65928663374,4639.46141185591,4575.1740606342,4331.74411967051,5113.74365032116,4746.69813520936,2759.2509949441,2407.13105283032,2404.47258426874,3670.36523802469,4693.58669504463,4567.07433811844,3545.37160214554,3945.35389609094,4680.30328142312,5095.9676330801,4988.0048764912,4513.97657497245,5113.46579651219,4882.28520367256,4897.98322797251,4802.66828472465,5034.36064714279,4345.56931445121,5066.74715884856,4353.11643831175,4763.23686092766,4720.05357857302,4901.98737502454,4778.60892244804,4935.61845555347,5152.77104751414,4988.17453902728,4854.11318551597,4072.36699307663,4248.08742171109,4186.0250711146
5253.06691066276,1841.35565725364,1e+09,2055.98813770897,2296.37281905617,3433.62858956819,5405.89290582971,5107.96939401559,3670.59702556682,3076.18952246119,4207.42154528162,4859.85314113503,4555.70282995939,5357.03952432685,4529.82613239184,4878.10309449278,3677.69491941624,4069.52172394988,4620.68715056538,4938.09305473277,4823.96125898623,5237.76068879631,4749.36550936017,3253.38703301651,3048.48497539352,3076.69135634369,3995.56495767495,5135.89768336559,5126.30073119009,4186.74354731694,4226.14061139712,4750.71903917712,5410.50401022862,5381.40975910588,5188.21257208106,5507.33764693976,5324.84634526669,5342.93521931532,5239.7599045567,5334.11342580939,4715.11729981344,5590.86470553527,4760.45644097286,5046.49242553677,4781.14695516672,5029.73828227672,5119.92776441231,5122.68255775234,5699.57890583155,5642.86200982268,5213.19896154943,4470.5125302587,4774.03698647172,4507.92665901964
5654.59137155816,2258.68970739675,2055.98813770897,1e+09,1967.29191801827,3607.64809346754,5859.55289844712,5473.33113648352,4530.55734850581,3717.36685422625,4958.11974408646,5409.77858315846,5499.44705819594,5899.63743880927,4905.96773586007,5373.14371409327,4338.41119921798,4677.6660615418,5374.26505821959,5477.88274642676,5519.57493609789,5898.13896193537,5450.35095916768,3917.6887496584,3319.78249311608,3554.39073032215,4399.02606589231,5787.38704655218,5540.67615698662,4791.72084399749,5001.12405525998,5567.99391497512,5970.4220556088,6082.03527232455,5742.46155035452,5844.82390969993,5870.09305758435,5865.71333280105,5725.9358046873,6060.05630137213,5302.17836289954,6006.04650301677,5183.14799221477,5639.42521681066,5361.51788475055,5490.64200481146,5716.57460371156,5685.56688694276,6128.02540631156,6154.79419942698,5688.42112216562,4809.69179613414,5082.33599739333,5024.86594872938
6007.86721439481,2407.59865035682,2296.37281905617,1967.29191801827,1e+09,3816.52095461298,6159.9894981404,5781.6191750322,4732.47165542489,3801.86157646488,5053.09322961689,5681.65794629525,5523.2084520141,6075.63033688687,4971.10989765867,5827.96430490098,4740.82317126467,4608.32049278259,5512.06932060002,5868.87059948505,5449.77976688049,6064.06132788909,5768.54832055691,4325.9908339362,3639.40100471218,3754.14553949364,5017.64663394106,5905.07503755033,5979.34567183567,4782.29069249246,5174.50256559991,5684.17204411513,6174.63065690572,6055.84396997644,5928.74631528454,6278.76926595491,6073.74228798029,6155.41360512029,5956.29505185061,6252.66687024825,5593.31983239829,6132.95949835803,5453.80372746398,5752.65528888182,5644.56108182027,5899.8395085036,6029.88274065922,5965.47869750618,6324.89138936789,6575.02205269306,5992.97785857749,5195.09260128248,5464.78029509879,5143.70714835127
4374.71431010072,3137.40427522498,3433.62858956819,3607.64809346754,3816.52095461298,1e+09,3836.97944659598,4717.9863938655,3070.17794539665,3108.48266747621,3462.80019654614,4192.12019041678,4121.27650050321,4017.42332567779,4387.17403340693,3778.59734377719,2700.09250415611,3180.05657625772,3619.02695738786,4127.38691771198,3889.00556164426,4504.15743088538,3941.41857784732,2976.86404393953,2817.33367180744,2656.90021335014,2495.28753587638,3745.4141283842,4312.65032940302,3434.6234290967,3422.91159465155,3788.25127647309,4625.43276038037,4600.18984533247,4204.50286469162,4666.50864290424,4101.19235145098,4160.15362859354,4380.83901289468,4599.49745455957,3982.76801816274,4607.96075887154,3700.26607471679,4258.41495879629,3887.0075528612,3860.34499985429,3884.38774142078,4197.24550225502,4404.83126772184,4657.87052464965,4315.69502625012,3971.43060653211,4111.27875601983,3785.12696154303
2873.69923426235,5210.64571399745,5405.89290582971,5859.55289844712,6159.9894981404,3836.97944659598,1e+09,3857.49334240514,3551.52762236196,3893.83728892207,3245.55518578871,3518.58666920399,3652.60742714023,2612.47880724419,3866.39671003895,3040.42711798852,2744.30237284451,3864.16873749064,2704.0729456322,3354.16314372155,3430.58487038289,3432.65565788356,3460.06435969044,3242.10312940536,4027.52692024523,3829.97662276155,2965.24617812754,2702.26375690827,3336.31273754425,3472.96007407226,3540.79054144692,3726.23512160733,3855.66417751858,3465.2766272406,2877.39057894475,2886.5456921206,3567.12572912702,3274.87669702235,3467.25702682971,2778.64782908882,3009.0216264261,4026.63618283301,3094.22253318988,3723.75470740219,3541.69527243663,3637.63793172163,3390.23072275325,3289.69475146251,3682.05454284697,4067.23525965735,3639.19025432856,3330.64761487912,3548.97593644984,3486.42646370177
3162.25166185426,4733.44514996213,5107.96939401559,5473.33113648352,5781.6191750322,4717.9863938655,3857.49334240514,1e+09,3173.10163828706,3107.18774497133,3128.0147050006,3790.7757103527,4156.51713857889,3222.69498134713,3727.06406919709,2907.63894410912,3224.34033301387,3306.40612283186,3477.40902526579,2937.61575645965,2539.3311574901,3165.82224072989,3355.97143794461,3122.26287503151,3689.62282218657,4013.13249736412,3246.5990727529,2641.59735576791,2873.54994485915,2929.47774386494,3327.62598984622,3745.05651174986,3274.30351123716,2834.66312393554,2545.06800052572,3535.72691875377,3992.21173876086,3275.96519132911,2801.45304918715,3296.16168635581,2786.5793622289,3237.8606076235,2974.73279566418,2892.77524367172,3115.70030264466,3614.23723012201,3342.02808973833,2799.85410986001,3042.62778771903,3609.55014328656,3487.07585657381,3386.40712511062,3567.49638354407,3440.28845379279
3464.92271882072,3786.93176962564,3670.59702556682,4530.55734850581,4732.47165542489,3070.17794539665,3551.52762236196,3173.10163828706,1e+09,1876.10861220773,2378.06393181512,3291.48325323098,3139.55850017164,3023.31352811778,4302.76784140163,2542.75188746366,2173.11019380058,2320.71139972208,2312.33588907408,3343.20449687123,2854.28810033255,2685.14762190089,2514.43402987631,2079.0266326096,2973.50923255671,3067.92971981107,2353.4329456562,2337.25555245891,2869.78512441263,2278.10634749566,2219.63926938591,2684.12918919712,3625.63095195857,2747.12195817732,3030.79620175953,3782.88720591825,3181.39243479958,2873.23424201717,3389.19928173308,3407.03389127552,2556.76509446996,3410.68497725897,2628.35365441944,2959.51105733701,2424.09024889751,2914.05725168535,3078.22263751341,2758.78227256157,3391.77043726429,3788.28627970485,3241.81148196498,3308.74539478335,3674.10742851921,3171.18102986884
4113.33784600779,2861.86539396947,3076.18952246119,3717.36685422625,3801.86157646488,3108.48266747621,3893.83728892207,3107.18774497133,1876.10861220773,1e+09,3083.15651289389,3682.66064503641,3625.40920068342,3540.64431547423,3899.44105325366,3286.61715306179,2364.72761936761,2564.95611241206,2995.6123737393,3252.93869983743,3075.01118451625,3277.2410886903,3241.93613552149,1682.04472690235,1980.22578149564,2621.75956470078,2754.72495993702,2778.49535315429,2921.69968721975,1959.73668621578,3079.28278892992,3509.21399021205,3889.10965638666,3049.59648309412,3262.52777165191,4031.81768708606,3644.36490417741,3413.958168534,3697.4734412704,3705.31057304243,3042.12234791765,4021.29017663486,3083.02749071428,3347.19453896842,3243.46429713663,3675.8464520842,3562.33282475122,3560.80398255787,4024.75964086056,3915.20431300845,3843.0949718944,3357.73171005368,3751.19098243478,3393.66068931471
2866.94167673498,4063.68368116909,4207.42154528162,4958.11974408646,5053.09322961689,3462.80019654614,3245.55518578871,3128.0147050006,2378.06393181512,3083.15651289389,1e+09,2687.72107148417,2975.95558669816,2675.15015875745,3404.77647278056,2423.77291221764,2505.56049230507,2449.66708391161,2501.06304136861,3093.43676138692,2255.54022914689,2586.74351820972,2252.41293643062,2652.39120551626,3406.49808288512,3568.94831715171,2753.85194280666,2643.23313479912,3380.8623662758,3081.15219690622,2180.8934719972,2715.23681330009,2822.19842573126,3155.20866763198,2651.58590232336,3404.4237255518,3412.35753938534,2770.63612661425,2877.33431844477,2757.50559997618,2174.84470086947,3045.67952642756,2693.9037808541,2531.80200862943,2677.84112217286,2780.01361498465,3016.44590694082,2441.46416053974,3142.73549206738,3968.32828778064,2714.09600051288,2917.2020374153,3147.89906405844,2792.80445280367
2993.00361063932,4821.88919015151,4859.85314113503,5409.77858315846,5681.65794629525,4192.12019041678,3518.58666920399,3790.7757103527,3291.48325323098,3682.66064503641,2687.72107148417,1e+09,2699.77822724386,2910.43888965221,3430.56105033856,3256.47443710219,2832.257347541,3395.7488070969,2238.37737166904,2496.8635748875,2747.42612526707,1981.64511744661,2111.75135721514,3147.06626943253,3682.33259969819,4153.35151625768,3477.22284557662,3144.28894585087,3662.93391168883,3845.35088544596,2861.31465677929,2649.30061842744,1897.67367466064,2988.33961911962,3256.66742841513,3351.22535983482,2827.12231321887,2159.68106622251,2746.66740079683,2317.62975895634,2475.89848350048,3589.02017651058,2317.89999801545,2789.88062318086,2607.66639589883,3420.66269544368,3444.59604485054,2747.02079702721,3500.74241805935,3579.50777760016,2725.06559086199,2179.24947585172,2456.42987728125,2409.81323207837
3004.09918567946,4556.42877804537,4555.70282995939,5499.44705819594,5523.2084520141,4121.27650050321,3652.60742714023,4156.51713857889,3139.55850017164,3625.40920068342,2975.95558669816,2699.77822724386,1e+09,2997.37485992326,3608.30111941894,3314.43257852683,2469.29633928372,3109.72659180835,1783.70607424542,3005.79683862699,2718.99485201793,2807.52710651206,2499.44899747924,3118.22065741025,3899.58697057778,3382.55298753767,3059.51328022939,2926.29533658173,3425.22211190749,3095.42404040222,2596.15735990714,2224.92554165302,2547.17725347099,3255.12501377443,3097.13507203028,3741.1874078025,3325.14881399314,2852.8784812361,2772.34691243719,2806.18498967905,2624.84841377555,3507.42142875646,2702.56228041094,2524.62582437477,2341.69642673853,3417.32766636446,2998.11840381597,2857.55265823746,3696.22339296477,3768.30004957142,2801.32669044508,2665.70775710692,3081.8745021334,2709.01740134684
2622.09386878121,4856.52774839185,5357.03952432685,5899.63743880927,6075.63033688687,4017.42332567779,2612.47880724419,3222.69498134713,3023.31352811778,3540.64431547423,2675.15015875745,2910.43888965221,2997.37485992326,1e+09,3526.58724572355,2601.72250709026,2303.64385930204,3177.96590316825,2577.65807557946,2695.81146807413,2313.89465438684,2635.42386786263,2777.28706227858,2717.47992058819,3579.51753902673,3500.17460767317,2827.99960862798,1886.10672709685,2611.08104902931,2893.5369867344,2662.26121004307,2863.80480553406,2766.87605463273,2616.41681289507,1999.35103708678,2271.77483061152,2785.63421642182,1811.44576805379,2436.38608282842,1969.58145726446,1507.84909138813,2526.05883086677,2071.38439213971,2474.37123807241,2562.14018607492,2809.41504687364,2137.74538554057,1966.70113187032,2441.76843304192,2897.48803267589,2292.14971376217,2324.3002546573,2843.21791124071,2328.21432383275
3613.12580979406,4071.34763686424,4529.82613239184,4905.96773586007,4971.10989765867,4387.17403340693,3866.39671003895,3727.06406919709,4302.76784140163,3899.44105325366,3404.77647278056,3430.56105033856,3608.30111941894,3526.58724572355,1e+09,3763.35518541633,3338.33060172296,3444.95149817817,3477.37931536092,3406.46944053517,2719.80056689824,3746.99584200463,4275.07231503749,3318.38707912444,3566.52295821855,3044.95567076107,3777.70160516947,3813.24392176792,4094.3316609796,3567.86235994328,3401.79121790271,3295.45403028172,3229.09045636693,3828.91083585137,2958.30248943545,2958.64019345036,4062.51407012948,3764.01066253803,2653.65655168486,2752.0749191292,2832.48821220848,3301.65780978284,2838.07394250044,3051.78731144554,3478.72224315193,3769.3895332401,3292.75351162215,3283.05421399038,3533.3332149827,3631.34376186006,2839.72624078449,2254.49996231981,2604.34580966123,2264.26632669393
2918.59714962514,4819.49953212987,4878.10309449278,5373.14371409327,5827.96430490098,3778.59734377719,3040.42711798852,2907.63894410912,2542.75188746366,3286.61715306179,2423.77291221764,3256.47443710219,3314.43257852683,2601.72250709026,3763.35518541633,1e+09,2645.68306461677,3326.2094717561,2581.78235254252,3269.97401376525,2762.04429053917,3070.39287066004,2692.79802491758,3086.6068707077,3853.60501563147,3637.08368007941,2547.58529617754,2641.65876064642,2769.3696345739,3070.14228395037,2891.27536443695,2457.79341241285,3242.80280535218,3361.97035270985,2917.66812835182,2639.66944110432,3818.01153672956,2971.14984224963,2883.45618640201,3120.26060887548,2284.78108231401,2975.25913632746,2729.67708619536,2468.27459916841,2265.01775829683,2159.78520554707,2462.45283506101,2228.17515873416,3248.87310831002,3809.16647961204,2641.51566026022,2963.16356637631,3748.37672072859,3172.79870499217
2845.12203537915,3326.65109586202,3677.69491941624,4338.41119921798,4740.82317126467,2700.09250415611,2744.30237284451,3224.34033301387,2173.11019380058,2364.72761936761,2505.56049230507,2832.257347541,2469.29633928372,2303.64385930204,3338.33060172296,2645.68306461677,1e+09,2381.21315543149,2272.63281044255,2386.02794411549,2609.92728544303,2879.1881507814,2423.87548718988,1364.99208668036,2300.95047449961,2199.08206179306,1547.62070957325,2142.75973382458,2619.19783202797,2256.58863852054,2455.07247835986,2654.64911193551,2998.1827084419,2773.00761010496,2452.35092994457,3071.8808694186,2653.21677700862,2303.44555557539,2715.98070153306,2766.94971401723,2106.24989046884,3410.22192147373,2124.53888298144,2967.89014444605,2630.28262576477,2907.34737681963,2524.63568997588,2798.98789536504,3267.112061944,2994.19635121012,2835.05805711276,2473.40413756022,2839.11635138471,2567.97020056698
3350.2925374361,3526.65928663374,4069.52172394988,4677.6660615418,4608.32049278259,3180.05657625772,3864.16873749064,3306.40612283186,2320.71139972208,2564.95611241206,2449.66708391161,3395.7488070969,3109.72659180835,3177.96590316825,3444.95149817817,3326.2094717561,2381.21315543149,1e+09,2706.87234850482,3361.14674816498,2228.33633132434,2743.17736805333,3348.14970845092,2348.94990399966,3066.29893955237,2716.34856840944,2601.78322081222,2488.01381686276,3230.26582690961,1951.04222693923,2225.8231495786,2560.84373496315,3218.61374892981,2572.78419878155,2403.20494669098,3842.87967752049,3118.31433094869,2961.46724683897,2843.53526352321,3216.2182881608,2475.25355648669,3117.96134996892,2169.39197023037,2845.13945487739,2828.64489676594,3622.35922946634,3332.52142053131,3118.84995188932,3191.3817759867,3463.02262966906,2981.62615802183,3144.8009581053,3135.36941754875,2942.27880242509
2664.16437148687,4639.46141185591,4620.68715056538,5374.26505821959,5512.06932060002,3619.02695738786,2704.0729456322,3477.40902526579,2312.33588907408,2995.6123737393,2501.06304136861,2238.37737166904,1783.70607424542,2577.65807557946,3477.37931536092,2581.78235254252,2272.63281044255,2706.87234850482,1e+09,2692.04363356169,2219.40882588134,1835.08743620025,2053.42400801685,2701.79245842459,3549.99091018555,3305.92770513815,2591.3887991577,2065.86932747451,2871.09053744392,2604.26197173019,2068.67706747573,1889.69958649517,2441.68386706797,2469.43077230361,2507.26469761372,3205.30328109525,2637.1335042997,2271.17617542101,2438.80196670414,2209.9606667088,2188.89024005316,3012.09659994496,1987.02816487336,2060.74095257022,1643.56049042924,2709.8135522947,2569.86651435439,2151.28433492646,2944.54318497793,3296.23673653759,2408.93488349104,2382.55700939138,2698.5802697715,2363.04997989886
3492.16871306356,4575.1740606342,4938.09305473277,5477.88274642676,5868.87059948505,4127.38691771198,3354.16314372155,2937.61575645965,3343.20449687123,3252.93869983743,3093.43676138692,2496.8635748875,3005.79683862699,2695.81146807413,3406.46944053517,3269.97401376525,2386.02794411549,3361.14674816498,2692.04363356169,1e+09,2573.39385357158,2751.53984835764,2580.70324452464,2688.36434718213,3281.08961907474,3692.99947863522,2574.76885339248,2236.69088020674,2626.59211013054,3063.29012393537,2931.94515352863,3125.11534321535,1976.7906888945,2908.34387048712,2599.59952359974,3289.56665462185,3115.88579272412,2306.98664010002,2548.772084946,2338.64434739445,2404.37214623693,3468.90299855733,2513.21469421138,2823.39588761477,2837.34951602724,3533.33513428885,2762.53634846675,2807.20078713654,3106.71241330768,2817.79709416771,3075.09088647799,2682.90097003225,2579.1507541437,2578.64064380828
2807.66249633036,4331.74411967051,4823.96125898623,5519.57493609789,5449.77976688049,3889.00556164426,3430.58487038289,2539.3311574901,2854.28810033255,3075.01118451625,2255.54022914689,2747.42612526707,2718.99485201793,2313.89465438684,2719.80056689824,2762.04429053917,2609.92728544303,2228.33633132434,2219.40882588134,2573.39385357158,1e+09,2263.67571853832,2754.29831759379,2717.22809951612,3417.58380982822,3192.19014577766,2931.11055468742,1951.12279229166,2981.20975213084,2416.3053297545,2038.24535655058,2223.31577051034,2123.63246050252,2292.23835462196,1706.47516773611,3205.97293734679,2834.03646890791,2286.0447904186,1575.96597088897,2098.15381166396,1973.7450962067,2322.28417537561,1950.69242439704,1401.97143123532,2128.53951880157,2844.27629090424,2267.23381189502,2001.53079314309,2207.96063665093,2775.5444179656,2121.3123640096,2331.17687612931,2569.11270912741,2009.3609246972
2754.46747481251,5113.74365032116,5237.76068879631,5898.13896193537,6064.06132788909,4504.15743088538,3432.65565788356,3165.82224072989,2685.14762190089,3277.2410886903,2586.74351820972,1981.64511744661,2807.52710651206,2635.42386786263,3746.99584200463,3070.39287066004,2879.1881507814,2743.17736805333,1835.08743620025,2751.53984835764,2263.67571853832,1e+09,2151.06039441016,2997.90328304634,3872.82664617202,4107.73948707802,3340.05718754934,2279.28433976545,3109.42076626821,3112.20837591251,2653.06615070186,2491.91161189558,2001.47596942856,1907.8122259017,2536.30538969581,3366.48251198488,2433.4330185152,1759.58040222662,2420.50394407859,1992.66156421506,2021.08866947989,3089.42822627424,2005.7950373605,2288.18426183295,2339.30846187501,3297.15638323389,3168.4120790863,2298.73389051452,3061.6222154113,3246.77400587106,2425.23511437551,2587.0302950874,2743.63006363832,2724.80518088909
2912.65046316924,4746.69813520936,4749.36550936017,5450.35095916768,5768.54832055691,3941.41857784732,3460.06435969044,3355.97143794461,2514.43402987631,3241.93613552149,2252.41293643062,2111.75135721514,2499.44899747924,2777.28706227858,4275.07231503749,2692.79802491758,2423.87548718988,3348.14970845092,2053.42400801685,2580.70324452464,2754.29831759379,2151.06039441016,1e+09,2926.40504177053,3622.28081364491,4067.42897591341,2851.50089098706,2516.94954770651,3132.86870348887,3441.38113665139,2775.23098944935,2859.16391333201,2373.0681329452,2996.18387584941,3223.79536878506,3886.57918490026,2805.87163031383,2044.74729350597,2981.64086085162,2930.58173711296,2626.95369119823,3584.63596161451,2825.8111165292,2668.31721691781,2453.62241818092,2796.38343091573,3028.20224147926,2537.5692756652,3494.47925046065,3708.20056652819,2962.05941587943,2971.7565633645,3296.5030103581,3089.6432873068
3441.68497728947,2759.2509949441,3253.38703301651,3917.6887496584,4325.9908339362,2976.86404393953,3242.10312940536,3122.26287503151,2079.0266326096,1682.04472690235,2652.39120551626,3147.06626943253,3118.22065741025,2717.47992058819,3318.38707912444,3086.6068707077,1364.99208668036,2348.94990399966,2701.79245842459,2688.36434718213,2717.22809951612,2997.90328304634,2926.40504177053,1e+09,1661.67136528256,2178.51789880184,2186.11215274972,2455.88935882706,2678.39558220962,2095.35666014166,2458.54574936079,3183.94920719537,3412.48812447751,2827.19472406837,2431.41575488438,3244.28549357174,2941.87450899932,2683.03779418032,3020.9580594573,2887.23348051383,2261.20041597378,3569.69926285114,2392.02668108029,3061.46696160517,2924.73677460041,3184.33606407992,2889.09479034524,3084.72074582125,3381.96106645242,3021.31898433449,3102.53990351454,2514.84466049098,2840.04609244287,2663.48879357507
4265.44563743344,2407.13105283032,3048.48497539352,3319.78249311608,3639.40100471218,2817.33367180744,4027.52692024523,3689.62282218657,2973.50923255671,1980.22578149564,3406.49808288512,3682.33259969819,3899.58697057778,3579.51753902673,3566.52295821855,3853.60501563147,2300.95047449961,3066.29893955237,3549.99091018555,3281.08961907474,3417.58380982822,3872.82664617202,3622.28081364491,1661.67136528256,1e+09,2598.24870360787,2927.5867256838,3439.40107905432,3721.68887431499,2874.34575832484,3339.19680847056,3932.37893275813,4026.90770089159,3764.45721925486,3484.07608575071,4007.49814722353,3886.14917272871,3633.02442592945,3946.87740384725,3796.07351198577,3231.41402757369,4288.21346891686,3193.23746567649,3721.91348736104,3603.73708690021,3822.14402151463,3589.19862835703,3834.15749346581,4029.00484919043,3668.36592336424,4018.14988123888,3059.78505196035,3245.10029142398,3168.59277789053
3825.99236668083,2404.47258426874,3076.69135634369,3554.39073032215,3754.14553949364,2656.90021335014,3829.97662276155,4013.13249736412,3067.92971981107,2621.75956470078,3568.94831715171,4153.35151625768,3382.55298753767,3500.17460767317,3044.95567076107,3637.08368007941,2199.08206179306,2716.34856840944,3305.92770513815,3692.99947863522,3192.19014577766,4107.73948707802,4067.42897591341,2178.51789880184,2598.24870360787,1e+09,2423.17672933693,3327.26511357301,3378.07402962102,2328.54839301226,2983.56222249512,3289.36691839022,4134.99404469946,3854.72031906337,3195.47698688318,3741.51497714495,3618.12546826392,3718.39671565582,3340.51698645584,3768.18673220954,3125.25377830345,3677.20768700926,2964.62160634372,3554.99425062826,3435.7498861675,3625.37308714565,3149.39465875587,3606.95543450429,3835.20959043962,3669.14230447662,3365.95280295194,2949.60360343555,3344.67251921619,2935.05205717037
3077.77693894473,3670.36523802469,3995.56495767495,4399.02606589231,5017.64663394106,2495.28753587638,2965.24617812754,3246.5990727529,2353.4329456562,2754.72495993702,2753.85194280666,3477.22284557662,3059.51328022939,2827.99960862798,3777.70160516947,2547.58529617754,1547.62070957325,2601.78322081222,2591.3887991577,2574.76885339248,2931.11055468742,3340.05718754934,2851.50089098706,2186.11215274972,2927.5867256838,2423.17672933693,1e+09,2281.38419631591,2509.03910790565,2363.64922029475,2441.61355420959,2845.34058657307,3303.31619683917,3482.64732989144,2734.14970791652,3421.44895025485,3329.95428880037,2927.19289603538,3019.38973161796,3290.83480831232,2530.88565707738,3376.31249969549,2543.72937318418,3084.00135327467,2657.5586494563,3010.99712902553,2573.00401725299,2793.36755066354,3206.24248905163,3340.23610122099,3102.55897328318,3021.71168922517,3091.71395798512,3029.34517034623
3056.87658797342,4693.58669504463,5135.89768336559,5787.38704655218,5905.07503755033,3745.4141283842,2702.26375690827,2641.59735576791,2337.25555245891,2778.49535315429,2643.23313479912,3144.28894585087,2926.29533658173,1886.10672709685,3813.24392176792,2641.65876064642,2142.75973382458,2488.01381686276,2065.86932747451,2236.69088020674,1951.12279229166,2279.28433976545,2516.94954770651,2455.88935882706,3439.40107905432,3327.26511357301,2281.38419631591,1e+09,1958.71278639825,1933.34981961362,2383.68738048847,2713.9549360297,2744.13189437024,1876.04418087635,1721.8943331401,3175.2740465037,2480.08594885339,1908.36568440118,2405.46480597825,2304.39192417436,2032.63897419094,2707.45771416656,2040.99653801764,2380.96085394111,2349.68712736398,2911.33635545603,2230.55998368123,2240.98262306962,2395.85050718946,2662.06800891713,2721.31090063227,2999.01463737675,3133.16163116428,2715.07570901807
3442.09873023712,4567.07433811844,5126.30073119009,5540.67615698662,5979.34567183567,4312.65032940302,3336.31273754425,2873.54994485915,2869.78512441263,2921.69968721975,3380.8623662758,3662.93391168883,3425.22211190749,2611.08104902931,4094.3316609796,2769.3696345739,2619.19783202797,3230.26582690961,2871.09053744392,2626.59211013054,2981.20975213084,3109.42076626821,3132.86870348887,2678.39558220962,3721.68887431499,3378.07402962102,2509.03910790565,1958.71278639825,1e+09,2031.14983504418,2913.58366128382,3311.1050664091,3347.60877464796,2802.39838306405,2356.58351388191,3032.1056946947,3337.31870840949,2658.82247417912,3054.5439209152,2985.6829523578,2408.3036470927,2969.99835225544,2621.1501913473,2997.61915906608,2833.82496461938,3453.85235761461,2937.73468240411,2780.7507603703,3136.18315657743,3059.92483406047,3145.29886346274,3092.2115413406,3414.6589875418,3342.02289392218
3530.82401063831,3545.37160214554,4186.74354731694,4791.72084399749,4782.29069249246,3434.6234290967,3472.96007407226,2929.47774386494,2278.10634749566,1959.73668621578,3081.15219690622,3845.35088544596,3095.42404040222,2893.5369867344,3567.86235994328,3070.14228395037,2256.58863852054,1951.04222693923,2604.26197173019,3063.29012393537,2416.3053297545,3112.20837591251,3441.38113665139,2095.35666014166,2874.34575832484,2328.54839301226,2363.64922029475,1933.34981961362,2031.14983504418,1e+09,2455.22602024742,2877.31064673247,3514.4728876604,2472.87415931341,2142.80614813846,3429.78154275167,3366.17193650295,3071.84233550487,3020.30290133291,3164.54671714607,2472.16701988357,3004.30190936264,2422.57455109229,2803.41660921098,2756.20925978054,3556.06327117502,2972.93586819494,3005.18007668426,3112.15086510921,3231.56890192674,3235.71548151255,3096.44502770516,3295.80639264505,3059.05746106542
3023.0164788833,3945.35389609094,4226.14061139712,5001.12405525998,5174.50256559991,3422.91159465155,3540.79054144692,3327.62598984622,2219.63926938591,3079.28278892992,2180.8934719972,2861.31465677929,2596.15735990714,2662.26121004307,3401.79121790271,2891.27536443695,2455.07247835986,2225.8231495786,2068.67706747573,2931.94515352863,2038.24535655058,2653.06615070186,2775.23098944935,2458.54574936079,3339.19680847056,2983.56222249512,2441.61355420959,2383.68738048847,2913.58366128382,2455.22602024742,1e+09,2076.88534052797,2886.39606713978,2905.45288781285,2180.24042298092,3295.97781426089,3025.40201196469,2653.88931873581,2560.07827464318,2570.37559432469,2044.02049199611,2255.15359439219,1959.57054731388,2153.45231391364,1742.38652365082,2747.90101537519,2493.77097170129,1962.95655499555,2076.77143564235,3000.52991719796,2337.73351034715,2419.78644072158,2313.84955692889,2045.00158317787
3104.34309703357,4680.30328142312,4750.71903917712,5567.99391497512,5684.17204411513,3788.25127647309,3726.23512160733,3745.05651174986,2684.12918919712,3509.21399021205,2715.23681330009,2649.30061842744,2224.92554165302,2863.80480553406,3295.45403028172,2457.79341241285,2654.64911193551,2560.84373496315,1889.69958649517,3125.11534321535,2223.31577051034,2491.91161189558,2859.16391333201,3183.94920719537,3932.37893275813,3289.36691839022,2845.34058657307,2713.9549360297,3311.1050664091,2877.31064673247,2076.88534052797,1e+09,2467.14452695824,2847.21256122545,2801.58566592207,3071.85828234312,3160.97493395629,2657.34519488906,2397.36058022151,2669.49402954942,2137.24233459849,2571.29078254483,1992.29820398453,2122.88120477807,1738.01666910879,2754.10472215564,2494.04018411893,2222.48201128828,2904.38427436867,3280.32501943024,2039.8209330478,2535.24159310311,2967.06121537794,2356.15957729947
2897.97842062359,5095.9676330801,5410.50401022862,5970.4220556088,6174.63065690572,4625.43276038037,3855.66417751858,3274.30351123716,3625.63095195857,3889.10965638666,2822.19842573126,1897.67367466064,2547.17725347099,2766.87605463273,3229.09045636693,3242.80280535218,2998.1827084419,3218.61374892981,2441.68386706797,1976.7906888945,2123.63246050252,2001.47596942856,2373.0681329452,3412.48812447751,4026.90770089159,4134.99404469946,3303.31619683917,2744.13189437024,3347.60877464796,3514.4728876604,2886.39606713978,2467.14452695824,1e+09,2849.45119331776,2712.30589403187,3346.77752817542,3079.38350041043,2090.80423638848,1950.15931254347,2172.54046979567,2208.28107475022,3100.48010000064,2392.08414502918,2133.82593748881,2567.3701625204,3487.90449747409,2989.63433732288,2481.28081486155,3123.60741507316,3301.84030010538,2333.70300201204,2346.57480181221,2398.06921099038,2481.80852980241
3262.72037451879,4988.0048764912,5381.40975910588,6082.03527232455,6055.84396997644,4600.18984533247,3465.2766272406,2834.66312393554,2747.12195817732,3049.59648309412,3155.20866763198,2988.33961911962,3255.12501377443,2616.41681289507,3828.91083585137,3361.97035270985,2773.00761010496,2572.78419878155,2469.43077230361,2908.34387048712,2292.23835462196,1907.8122259017,2996.18387584941,2827.19472406837,3764.45721925486,3854.72031906337,3482.64732989144,1876.04418087635,2802.39838306405,2472.87415931341,2905.45288781285,2847.21256122545,2849.45119331776,1e+09,2095.32005209228,3296.64236798595,2326.57265639825,2029.18002217645,2518.16581118083,2474.7904211064,2319.50241353614,3018.04988050231,2018.05216230899,2891.40001954071,2841.45252427346,3577.29465065432,3241.41143179943,2871.07307146649,2873.53862820739,2946.00337021192,2898.65067603877,3094.17957138884,3262.91473373118,2939.14466576588
2699.70484712681,4513.97657497245,5188.21257208106,5742.46155035452,5928.74631528454,4204.50286469162,2877.39057894475,2545.06800052572,3030.79620175953,3262.52777165191,2651.58590232336,3256.66742841513,3097.13507203028,1999.35103708678,2958.30248943545,2917.66812835182,2452.35092994457,2403.20494669098,2507.26469761372,2599.59952359974,1706.47516773611,2536.30538969581,3223.79536878506,2431.41575488438,3484.07608575071,3195.47698688318,2734.14970791652,1721.8943331401,2356.58351388191,2142.80614813846,2180.24042298092,2801.58566592207,2712.30589403187,2095.32005209228,1e+09,2497.32570665102,2850.19958115217,2291.5244420909,1857.55183596582,1890.57730852245,1647.27863080294,2271.95528664188,1817.66780724642,2225.48386664563,2535.26232461258,3091.83417797592,2389.14005560578,2259.3230450292,1988.63516716868,2445.45599625101,2255.96322173035,2404.19975623907,2409.75584898139,2382.7763266828
3098.51524871187,5113.46579651219,5507.33764693976,5844.82390969993,6278.76926595491,4666.50864290424,2886.5456921206,3535.72691875377,3782.88720591825,4031.81768708606,3404.4237255518,3351.22535983482,3741.1874078025,2271.77483061152,2958.64019345036,2639.66944110432,3071.8808694186,3842.87967752049,3205.30328109525,3289.56665462185,3205.97293734679,3366.48251198488,3886.57918490026,3244.28549357174,4007.49814722353,3741.51497714495,3421.44895025485,3175.2740465037,3032.1056946947,3429.78154275167,3295.97781426089,3071.85828234312,3346.77752817542,3296.64236798595,2497.32570665102,1e+09,3861.68491465837,3051.03277770004,2846.04341860766,2375.9995400673,1912.01531709346,2819.07079921736,2475.68965082459,3116.56777776451,3070.12408587992,3240.51167354787,2881.57855908875,2655.885268098,3067.57486435132,3453.06941620061,2510.64127375856,2253.52097203465,2934.11935718369,2717.9166278052
3458.08001159603,4882.28520367256,5324.84634526669,5870.09305758435,6073.74228798029,4101.19235145098,3567.12572912702,3992.21173876086,3181.39243479958,3644.36490417741,3412.35753938534,2827.12231321887,3325.14881399314,2785.63421642182,4062.51407012948,3818.01153672956,2653.21677700862,3118.31433094869,2637.1335042997,3115.88579272412,2834.03646890791,2433.4330185152,2805.87163031383,2941.87450899932,3886.14917272871,3618.12546826392,3329.95428880037,2480.08594885339,3337.31870840949,3366.17193650295,3025.40201196469,3160.97493395629,3079.38350041043,2326.57265639825,2850.19958115217,3861.68491465837,1e+09,1496.76125754911,2597.28352524325,2820.65096676282,2869.33347195825,3366.15371878647,2275.87698413161,3328.2494030496,3149.82910028465,3201.51758416224,3069.49669270061,3112.90138732341,3105.5716298775,2730.42240860274,2633.71675557566,3002.39660070085,3154.17611107877,2771.36178857976
2869.54387966102,4897.98322797251,5342.93521931532,5865.71333280105,6155.41360512029,4160.15362859354,3274.87669702235,3275.96519132911,2873.23424201717,3413.958168534,2770.63612661425,2159.68106622251,2852.8784812361,1811.44576805379,3764.01066253803,2971.14984224963,2303.44555557539,2961.46724683897,2271.17617542101,2306.98664010002,2286.0447904186,1759.58040222662,2044.74729350597,2683.03779418032,3633.02442592945,3718.39671565582,2927.19289603538,1908.36568440118,2658.82247417912,3071.84233550487,2653.88931873581,2657.34519488906,2090.80423638848,2029.18002217645,2291.5244420909,3051.03277770004,1496.76125754911,1e+09,2069.47922308971,2111.95234742643,1871.89399560979,2771.6442657383,1795.67375817547,2500.67403029663,2466.43048993885,2762.05753191348,2477.01883327519,2264.21431024097,2637.12194989159,2508.86092083639,2027.19978070737,2363.87345253505,2696.50713112352,2369.38704552464
2569.46648931252,4802.66828472465,5239.7599045567,5725.9358046873,5956.29505185061,4380.83901289468,3467.25702682971,2801.45304918715,3389.19928173308,3697.4734412704,2877.33431844477,2746.66740079683,2772.34691243719,2436.38608282842,2653.65655168486,2883.45618640201,2715.98070153306,2843.53526352321,2438.80196670414,2548.772084946,1575.96597088897,2420.50394407859,2981.64086085162,3020.9580594573,3946.87740384725,3340.51698645584,3019.38973161796,2405.46480597825,3054.5439209152,3020.30290133291,2560.07827464318,2397.36058022151,1950.15931254347,2518.16581118083,1857.55183596582,2846.04341860766,2597.28352524325,2069.47922308971,1e+09,2150.07229678446,1980.16116227947,2389.09203280242,1868.73406246047,1824.14619973291,2316.4020977585,2766.77388906286,2236.03191846628,2169.10922138559,2405.77460519476,2752.55567138977,1463.70489645283,2067.90942045342,2497.68839577718,1975.47072990212
2796.85386441623,5034.36064714279,5334.11342580939,6060.05630137213,6252.66687024825,4599.49745455957,2778.64782908882,3296.16168635581,3407.03389127552,3705.31057304243,2757.50559997618,2317.62975895634,2806.18498967905,1969.58145726446,2752.0749191292,3120.26060887548,2766.94971401723,3216.2182881608,2209.9606667088,2338.64434739445,2098.15381166396,1992.66156421506,2930.58173711296,2887.23348051383,3796.07351198577,3768.18673220954,3290.83480831232,2304.39192417436,2985.6829523578,3164.54671714607,2570.37559432469,2669.49402954942,2172.54046979567,2474.7904211064,1890.57730852245,2375.9995400673,2820.65096676282,2111.95234742643,2150.07229678446,1e+09,1592.41143157163,2747.71377923538,1936.28685008188,2258.21752946876,2522.04315452769,3237.46935837237,2527.52794457351,2055.34840070972,2579.42411568939,2600.20394194379,2180.82350585736,1976.31041453513,2122.87133849416,2010.20912790187
2477.13854531796,4345.56931445121,4715.11729981344,5302.17836289954,5593.31983239829,3982.76801816274,3009.0216264261,2786.5793622289,2556.76509446996,3042.12234791765,2174.84470086947,2475.89848350048,2624.84841377555,1507.84909138813,2832.48821220848,2284.78108231401,2106.24989046884,2475.25355648669,2188.89024005316,2404.37214623693,1973.7450962067,2021.08866947989,2626.95369119823,2261.20041597378,3231.41402757369,3125.25377830345,2530.88565707738,2032.63897419094,2408.3036470927,2472.16701988357,2044.02049199611,2137.24233459849,2208.28107475022,2319.50241353614,1647.27863080294,1912.01531709346,2869.33347195825,1871.89399560979,1980.16116227947,1592.41143157163,1e+09,2074.83778797283,1420.87068897912,1922.14906045291,1973.42453615536,2641.48527608995,2116.98811394868,1562.75859290551,2313.40127647583,2706.85007687903,1639.44883521871,1709.00681718945,2205.46503168833,1878.48400906156
3279.76506022916,5066.74715884856,5590.86470553527,6006.04650301677,6132.95949835803,4607.96075887154,4026.63618283301,3237.8606076235,3410.68497725897,4021.29017663486,3045.67952642756,3589.02017651058,3507.42142875646,2526.05883086677,3301.65780978284,2975.25913632746,3410.22192147373,3117.96134996892,3012.09659994496,3468.90299855733,2322.28417537561,3089.42822627424,3584.63596161451,3569.69926285114,4288.21346891686,3677.20768700926,3376.31249969549,2707.45771416656,2969.99835225544,3004.30190936264,2255.15359439219,2571.29078254483,3100.48010000064,3018.04988050231,2271.95528664188,2819.07079921736,3366.15371878647,2771.6442657383,2389.09203280242,2747.71377923538,2074.83778797283,1e+09,2089.64601739146,2217.17105672972,2186.11473388292,2621.20431069385,2278.59110079014,1631.26793020031,1447.57876573263,2914.99910485407,1832.59313506845,2644.32531750539,2856.48558529533,2199.28488475231
2594.90805345777,4353.11643831175,4760.45644097286,5183.14799221477,5453.80372746398,3700.26607471679,3094.22253318988,2974.73279566418,2628.35365441944,3083.02749071428,2693.9037808541,2317.89999801545,2702.56228041094,2071.38439213971,2838.07394250044,2729.67708619536,2124.53888298144,2169.39197023037,1987.02816487336,2513.21469421138,1950.69242439704,2005.7950373605,2825.8111165292,2392.02668108029,3193.23746567649,2964.62160634372,2543.72937318418,2040.99653801764,2621.1501913473,2422.57455109229,1959.57054731388,1992.29820398453,2392.08414502918,2018.05216230899,1817.66780724642,2475.68965082459,2275.87698413161,1795.67375817547,1868.73406246047,1936.28685008188,1420.87068897912,2089.64601739146,1e+09,2156.97902377376,1734.57834792782,2734.84650004347,2309.18297607617,1853.69070966545,2029.79993334319,2226.07296733508,1779.54126001619,1764.07473090003,1996.73574035224,1616.78305257694
2943.67663181607,4763.23686092766,5046.49242553677,5639.42521681066,5752.65528888182,4258.41495879629,3723.75470740219,2892.77524367172,2959.51105733701,3347.19453896842,2531.80200862943,2789.88062318086,2524.62582437477,2474.37123807241,3051.78731144554,2468.27459916841,2967.89014444605,2845.13945487739,2060.74095257022,2823.39588761477,1401.97143123532,2288.18426183295,2668.31721691781,3061.46696160517,3721.91348736104,3554.99425062826,3084.00135327467,2380.96085394111,2997.61915906608,2803.41660921098,2153.45231391364,2122.88120477807,2133.82593748881,2891.40001954071,2225.48386664563,3116.56777776451,3328.2494030496,2500.67403029663,1824.14619973291,2258.21752946876,1922.14906045291,2217.17105672972,2156.97902377376,1e+09,1450.43270443685,2433.17338313569,2000.41262488518,1569.06033405347,2389.68117756323,3008.48446612244,1815.79139619616,2135.87532482587,2686.08294309763,2069.99853794634
