1e+09,20147.5734508005,17750.5449124245,22149.7989806499,26367.6334267602,23608.8353412975,11653.5210689903,10718.0584043613,6186.81873023608,5374.19535009661,7077.66896296373,5581.25348829454,6615.94886508353,2375.67366197464,6985.43707208075,4086.25669448213,7636.95493748654,9347.67424711088,5431.71153560275,5771.30198577409,6239.93334889885,5224.50348713636,5147.48609650381,5269.22297760306,9353.10818836177,12166.1682642934,11165.0891921471,3710.55010518656,3961.86253634575,4773.89861132387,6224.50823353139,9219.58095252165,12133.0282918157,9235.76738589166,4499.12210725604,6851.20699404857,4329.0063342065,5375.23301976761,5835.50957732913,5788.15896362565,8308.26671766139,6335.88036354065,6368.95067015753,5816.47721329672,6300.69133592497,6836.91722431975,8766.33523668243,5816.67743949241,4127.1361635037,6387.75296205168,4602.02331728122,6470.28690266514,6997.19518501521,10304.2294490855
20147.5734508005,1e+09,5618.35748563582,3466.44710523614,7745.7954167148,8568.81162386594,28473.2393495542,29902.095181721,19222.1868882445,17237.972569499,15045.2127054588,23849.7751887644,25224.9678140409,21416.7051849578,24288.5050865054,18909.2256678215,12769.3610222987,16233.8792361931,23579.3289868605,24145.8187642043,23516.7654812115,24057.471692759,23129.2343538886,17021.7279416956,11465.0150391703,8710.78694866887,10891.7490081529,20289.2142862877,22768.7291832746,18526.6211025162,17651.9326789363,25426.9884578709,30869.1591036005,28381.4150176784,22721.4661594141,26173.7100880693,21672.0335241712,24533.6828686278,24892.7341341224,24980.2337799269,26874.3054000471,25053.5947754708,24215.2450492804,24432.1114692857,24533.8776007748,24308.186908805,26277.4962438376,24796.5447382594,21822.3564819545,24075.189175236,23066.9609620947,24958.4531746781,23793.904789538,28182.8117431636
17750.5449124245,5618.35748563582,1e+09,6891.56845805075,11316.4293629042,10457.8118534472,25592.783208264,27039.2466534166,16008.9726974344,14299.8120227016,12307.8199353216,20597.8409516386,22022.0482637379,19010.6566738711,21372.4176004401,16200.5560411672,10549.7342910805,14614.72267235,20527.390431314,21070.9907775358,20620.072987172,20969.3465521532,19862.8391119925,14341.8063499024,9454.06104574114,7398.69348533239,9558.46564491394,17616.2265832584,20238.9390092885,16160.4483057928,14685.9610576666,22263.9717904937,27828.9214507965,25566.0832646047,20196.6932526045,23419.3916422075,18884.8213992773,21822.6391412496,22056.4721645394,21934.0478482746,23965.6878903361,22395.3012695498,21467.1314243217,21405.0438627301,21338.9493722254,21103.3154783176,23168.0837934668,21818.4430824956,19160.1276994727,21259.8757918761,20183.9830166298,21907.2504006276,20914.3836650856,25039.5948977974
22149.7989806499,3466.44710523614,6891.56845805075,1e+09,5460.93704818138,8317.13383569725,30401.4757337074,32000.1383499525,21341.19868133,19314.3183412255,17112.7617949032,25806.0152267684,27210.1095671811,23426.0639022521,26253.3300099168,21071.7633881315,14937.2463899542,18381.9698178596,25659.5074667227,26164.412734514,25597.0992673838,26064.1447843796,25154.1477832603,19204.6836245719,13554.0390745858,10901.989048825,13066.31918531,22350.0527989421,24890.8268417925,20673.564917198,19841.0601488555,27546.8175306749,32873.6540927138,30544.8481574438,24872.809949292,28227.6174397681,23809.4131774053,26635.9181506852,26944.9713699291,27021.852299626,28903.8782501968,27135.7369876018,26218.2330703291,26403.1745419145,26498.616297022,26352.7219406421,28276.9216008232,26828.6856700752,23941.4055528179,26256.9217369021,25095.9512654014,26874.2054511906,25774.3177172743,30113.6209345206
26367.6334267602,7745.7954167148,11316.4293629042,5460.93704818138,1e+09,11392.8362845474,35265.847723856,36400.1713780567,25991.6844531131,23873.9230223271,21563.982058574,30205.8859380651,31651.8721273513,27652.0416649513,30927.4055482836,25242.6238844895,19286.2422945632,23089.2663901195,30117.9065751722,30659.3536389142,30180.7523562204,30349.6348649057,29510.5056113327,23878.7399735895,18224.6313075903,15639.3047604137,17701.1472659995,26728.7747345721,29167.1196519454,25242.3691667363,24524.3221448321,32271.9981102333,37474.105073349,34811.7234288666,29371.7937809831,32567.9841072747,28349.5394503368,31014.6888771434,31325.4340860697,31360.6449797035,33506.3494119786,31552.2296772558,30839.8550783771,30781.5397391716,30958.8055430212,30939.0893359064,32967.4869080963,31195.3870453357,28393.5758879663,30864.7955047753,29511.7800508034,31432.6628254559,30575.9672123876,34821.2724792992
23608.8353412975,8568.81162386594,10457.8118534472,8317.13383569725,11392.8362845474,1e+09,29585.8460975734,32824.7792510628,21575.4368159002,20503.5879271239,17561.8692168915,27051.4784884653,28195.8025422668,24492.5082971528,26813.3669656629,22378.5150759585,16654.8695859049,17300.1676246099,26533.9028474949,26962.890019894,25716.455201878,27198.1216812411,26325.284830706,20202.8462624948,15346.4236569469,12195.1781347383,12882.7980152023,22825.6967538167,26256.3512382776,21200.1293708906,20075.1329923465,27302.0476728944,33120.5770934219,31700.4604225806,25429.6993838681,29559.2755744758,24515.7934468926,27574.1058335914,27836.0783495987,28147.8822032937,29197.9110914377,27755.3394667657,26474.1113380449,27207.8128975943,27231.0992768617,26768.1739853039,28139.8437467659,27687.3060834058,24493.4977045623,26776.471429225,25991.6859627901,27938.291379816,26063.7466808842,30254.5044411423
11653.5210689903,28473.2393495542,25592.783208264,30401.4757337074,35265.847723856,29585.8460975734,1e+09,8091.10727725816,10729.4631810077,12540.7691942799,14755.9318781804,9439.85420467922,8324.92569230501,10574.1693261551,6523.51550685671,13062.5614593234,16836.9140572256,13681.9148699844,8690.76981650072,7888.65721595254,7044.41369519849,9505.0558565797,9911.28056335305,12267.6827376445,17507.0641854424,19959.6686955145,18403.0672931063,10165.2627842619,10284.8699921049,11032.7367354705,12049.649967302,6768.73823025385,6861.35145004248,9222.61912002767,8071.3427230542,9023.34095772181,8760.28764661298,8470.23858713555,8191.96709920762,8776.10296941644,5597.61147926506,8011.73732020091,6387.63710861066,8653.68073233581,8313.63753567595,7421.4997792899,5054.21644656222,8602.35882134081,9167.45925610253,7242.14914709715,9062.21341434861,7705.16941785189,6375.54859528182,5029.58260715539
10718.0584043613,29902.095181721,27039.2466534166,32000.1383499525,36400.1713780567,32824.7792510628,8091.10727725816,1e+09,11825.7091949743,12901.3068245314,15886.5572556171,7172.45821830284,6085.5849032858,9515.07423503884,6890.48435868626,11968.3267413912,17468.1427327378,16324.8360116909,7171.60011758185,6368.55972413701,7418.09460658194,6804.72584505798,7962.32819341177,13131.3605580991,18660.8038346128,21654.6659958541,20421.2075503948,10400.0213035936,7805.04055597407,11892.3382465813,13295.6608408984,7743.3355212983,3954.54871742655,2726.38878819584,7696.69389883085,4929.25424734817,8639.01158302847,5865.33191951658,5503.53790522061,5813.12711198543,4536.35153356748,5798.58456078723,6809.36014958821,6497.10226972764,6593.12051838126,6907.47094009812,6237.72703918663,6060.8423381408,8729.89907817954,6559.82006049709,7537.45314781459,6112.21955139866,8027.2035626051,5199.84791790106
6186.81873023608,19222.1868882445,16008.9726974344,21341.19868133,25991.6844531131,21575.4368159002,10729.4631810077,11825.7091949743,1e+09,3323.77497057187,5248.96064097455,6267.25914214499,7251.65059726405,6100.28728944793,6851.35039576871,4676.50741479151,7522.27410157327,6771.44946073586,5543.04766438103,6072.27422376493,5096.72137208814,6474.32910370642,5584.88678102788,3631.34771740466,8545.28212684637,11058.4694288812,9632.18402241153,3942.93986265325,6788.56126052494,3925.81120098764,2347.2291645896,6649.332216253,12240.9203984504,10735.5556771273,5655.86780503222,9205.53743824335,4239.11452253888,7000.4237909858,7199.98853137281,7427.63682426652,8447.2788297534,7424.55371932213,6276.25005477793,6481.8461527716,6201.01151026186,5583.26815148619,7543.74287020044,6874.8175366987,4645.36568432454,6153.23822857526,5556.17240528046,7531.58245333609,6403.03528928273,9700.0738538941
5374.19535009661,17237.972569499,14299.8120227016,19314.3183412255,23873.9230223271,20503.5879271239,12540.7691942799,12901.3068245314,3323.77497057187,1e+09,4565.6684017896,7155.33024175684,8425.52669646237,5942.4237983503,7673.65137104886,4319.40844966067,5383.80443783019,6759.4271582953,6785.49433326711,7199.00556947972,6798.51267886587,7351.87207786561,6577.0908871552,1856.33005386973,6193.96358500758,9137.00655137666,8473.41894559687,4393.02422050004,6640.50974798622,3138.66655897055,3439.9575337059,9061.93387746236,13902.0019558407,11554.4946567515,6324.58893780458,9666.39943202742,4941.57011446767,7823.59663923186,8099.8230341718,8282.26913494122,9976.77073383968,8479.92264858,7549.55275229599,7672.33181138564,7676.36571733005,7422.0385705007,9544.93409168968,8089.03134695991,5570.09010624604,7342.15184443907,6452.2927714108,8227.19043609664,7603.05320460143,11358.7769393628
7077.66896296373,15045.2127054588,12307.8199353216,17112.7617949032,21563.982058574,17561.8692168915,14755.9318781804,15886.5572556171,5248.96064097455,4565.6684017896,1e+09,9994.56513893926,11305.4528368173,7722.03027192331,10831.9636139668,5378.82093995515,3876.03331741356,5796.7616738486,9623.7009454835,10023.9186356185,9190.46136037794,9936.7645600467,9097.71412174509,4548.10568034649,5439.17962791265,7275.56634933666,5618.10595846145,5974.38168718739,9387.97347865875,5461.25284989626,4035.38879306567,11453.3095882806,16612.9507182469,14658.0291811348,8813.32008062229,12640.693824668,7914.6413241852,10554.4760375445,10844.0757617328,10968.1223084036,12648.0720971182,10996.3171206,10247.5907623207,10129.4892242156,10301.0693663474,10011.6254866081,11972.9392080892,10553.4639171506,7720.16510980173,10343.1736344654,8972.16832556657,11412.0677643405,10426.1701486644,14220.2499909706
5581.25348829454,23849.7751887644,20597.8409516386,25806.0152267684,30205.8859380651,27051.4784884653,9439.85420467922,7172.45821830284,6267.25914214499,7155.33024175684,9994.56513893926,1e+09,2247.74961626067,5053.37188249589,4768.71714099295,6185.64840617376,11459.3038704975,11926.0863151203,2139.41046164592,2235.49228023717,4424.18424619726,1945.57669509583,1741.64341559919,7554.21136819059,12789.6571070455,15842.8439893316,14745.5202603299,5664.12316129337,4423.1871323176,7297.07599982349,7585.71107035458,5853.19864992638,8029.18175918319,5954.89992531361,4754.21010160468,4354.09553518294,4122.30741330629,3107.13765675098,3094.32099991258,2458.56545204719,5037.09341426184,4457.47719625126,4655.9700179984,2621.27335426888,2349.92802915323,3317.68963644883,5509.36505678286,2497.28948135774,4496.85305091238,4330.7879545413,2842.32398086495,3145.96919400048,5171.1556889152,6416.93031038985
6615.94886508353,25224.9678140409,22022.0482637379,27210.1095671811,31651.8721273513,28195.8025422668,8324.92569230501,6085.5849032858,7251.65059726405,8425.52669646237,11305.4528368173,2247.74961626067,1e+09,5880.81700164186,4381.27420970201,7642.79890388332,12792.9560533756,12586.6938924048,2357.80378165784,2473.13568042677,4318.78293238963,2739.88979988247,3134.23424754756,8685.20562540116,14080.2031709986,17038.9944899076,15883.089661574,6503.899736658,5067.47617696423,8062.1863314116,8617.54236926631,5169.75695657929,6572.09027482125,5055.14645757173,4926.0669325335,4081.85498244364,4703.46565685347,3037.43551151296,2765.8383249026,2496.62123454881,3861.63782506853,4053.98334090065,4176.0857960655,2637.99595579675,2144.3342971188,3252.20353320637,4491.78645760237,2432.73394157684,5120.6366696242,3971.85345379207,3432.79058266012,2710.24938623736,4830.58946516882,5077.43255543587
2375.67366197464,21416.7051849578,19010.6566738711,23426.0639022521,27652.0416649513,24492.5082971528,10574.1693261551,9515.07423503884,6100.28728944793,5942.4237983503,7722.03027192331,5053.37188249589,5880.81700164186,1e+09,6285.57584485304,4340.84162083806,8804.33158073911,9490.65805643107,4808.7841148257,4743.14745866076,5145.68018498041,4350.05474856352,4680.92156615554,5939.17790783371,10475.3170239759,13273.0849584149,11996.4716905263,3001.52571654817,3247.7469396029,4940.28495900793,6620.04617483141,8281.87679950022,10887.6007143631,8181.57814014509,3525.42691794909,5920.14559983959,3816.23963322536,4089.97191616275,4653.62857979663,4854.6556530613,6966.21634951141,5029.368731332,5238.73438827547,4621.66157175101,5319.53953086167,5770.09934210842,7445.1353422688,4635.86575965051,3277.24380382357,5454.38082465829,3559.2120062452,5793.14217773049,6510.3287738178,9143.85307657554
6985.43707208075,24288.5050865054,21372.4176004401,26253.3300099168,30927.4055482836,26813.3669656629,6523.51550685671,6890.48435868626,6851.35039576871,7673.65137104886,10831.9636139668,4768.71714099295,4381.27420970201,6285.57584485304,1e+09,8370.58715632302,12378.4499055172,10824.3480883285,4318.86767338385,3596.08400627683,3257.57631884504,5104.76767241174,5630.97812424272,7731.22686061533,13070.6254480725,15855.2627960151,14892.673738728,6182.65753375521,5625.85445660479,6643.44341583489,8000.52636832728,4861.44305297306,7275.34622673038,6631.69370799798,3877.27066607427,5182.70483773676,4127.5188530157,4412.22145448299,3801.99228543405,4670.88070843176,3745.28953222578,4049.42992468076,2528.47141045731,4360.92410447602,4190.2781373317,3811.84951665199,3881.9984740981,4570.72737829549,4675.94042980661,3035.85700196831,4124.83074098805,2909.10912579779,2498.88713946829,4442.93416095715
4086.25669448213,18909.2256678215,16200.5560411672,21071.7633881315,25242.6238844895,22378.5150759585,13062.5614593234,11968.3267413912,4676.50741479151,4319.40844966067,5378.82093995515,6185.64840617376,7642.79890388332,4340.84162083806,8370.58715632302,1e+09,6505.13112047713,8638.55333427421,5925.05585831898,6600.13201505849,6778.73440330125,5949.44371094475,5295.54235534945,4700.56101225162,8527.24245204744,11183.1271749587,9898.09152925957,3968.26419038602,5437.18338135656,4990.9653084148,4853.63905024879,9062.81449652921,13259.594402922,10378.068578965,6021.62149492975,8420.15400805116,5210.76499418272,6607.11440321719,7017.52147237898,6999.45460080998,9507.17764056189,7528.5170696426,7674.03841265471,6508.29903469409,6817.68297378222,6914.15310455301,9435.72721691868,6650.45068199893,4924.93664025234,7327.16183039518,5368.1552476619,8131.59604552513,8489.40653998853,11441.5527653461
7636.95493748654,12769.3610222987,10549.7342910805,14937.2463899542,19286.2422945632,16654.8695859049,16836.9140572256,17468.1427327378,7522.27410157327,5383.80443783019,3876.03331741356,11459.3038704975,12792.9560533756,8804.33158073911,12378.4499055172,6505.13112047713,1e+09,7282.0523541856,11137.28514938,11677.2700427968,11352.2250179293,11517.5458901495,10671.8045112202,5131.05855929359,2933.25643890881,5114.67333798553,4801.94011714016,7819.61574415904,10321.5096643321,6668.64177181531,6215.61620941158,13694.8474142613,18576.246800573,15920.0906739409,10356.8928817189,13711.51546707,9323.297123872,11957.6946028656,12375.6341844085,12408.7917989545,14541.3902246862,12696.0439247862,12032.002949663,11974.3299476839,12139.9217816838,12040.3941800757,14156.8147169588,12249.871612768,9447.66025541245,11869.7695717735,10610.8966914017,12730.2949011482,12033.3750088826,16141.0755368656
9347.67424711088,16233.8792361931,14614.72267235,18381.9698178596,23089.2663901195,17300.1676246099,13681.9148699844,16324.8360116909,6771.44946073586,6759.4271582953,5796.7616738486,11926.0863151203,12586.6938924048,9490.65805643107,10824.3480883285,8638.55333427421,7282.0523541856,1e+09,10836.4924418513,11247.0968786127,9400.18692740735,11842.8070787884,11479.9266193735,6161.70224350382,7102.52744734577,8185.10811564515,6069.55233682848,7652.03597675808,10995.053013542,5763.25447263089,5650.47541858205,11116.2642722004,16531.255546452,15480.987076863,9314.29069178647,13864.8432665357,8845.81562141672,11549.6186221234,11805.563176596,12648.2908211307,12727.2311779703,11460.2460458317,10053.023887448,11444.6381020502,11558.7981076711,11020.531046456,11952.7677597785,11883.1321284921,8697.66669989141,10617.8571393431,10346.2648253899,12363.7786946184,10122.5118056291,13986.1027346255
5431.71153560275,23579.3289868605,20527.390431314,25659.5074667227,30117.9065751722,26533.9028474949,8690.76981650072,7171.60011758185,5543.04766438103,6785.49433326711,9623.7009454835,2139.41046164592,2357.80378165784,4808.7841148257,4318.86767338385,5925.05585831898,11137.28514938,10836.4924418513,1e+09,2178.26101493829,3388.68192690019,2451.46924220966,2474.2526439513,6984.04257295873,12429.1662167822,15375.3839779012,14082.8020393386,5033.33090198727,4347.49471832917,6472.39920624493,6853.33590430967,4802.78273174001,7870.86231129728,5917.80325157064,3846.8132714495,4708.13894685575,3193.18799092694,2650.0595037093,2772.29681179703,2878.30827827736,4606.36972256896,3946.60907343253,3763.15634919678,2554.80647552804,2228.91337579548,2730.61229803867,4813.13651858121,2376.87379389399,3673.12968160668,3341.37860644375,2574.64186185186,3567.47692631641,4491.46173649515,6119.20035153287
5771.30198577409,24145.8187642043,21070.9907775358,26164.412734514,30659.3536389142,26962.890019894,7888.65721595254,6368.55972413701,6072.27422376493,7199.00556947972,10023.9186356185,2235.49228023717,2473.13568042677,4743.14745866076,3596.08400627683,6600.13201505849,11677.2700427968,11247.0968786127,2178.26101493829,1e+09,2978.28715430531,2403.73753939568,2775.41701250461,7424.68487558226,12928.8290186157,15894.7849419078,14611.4917122996,4970.64049541908,4063.79067144212,6696.47069379087,7464.22817872685,4993.9508360115,7208.6282606471,5559.46337472422,3456.05924384985,4165.00155079203,3398.72915964188,2361.76843759078,2178.29974661432,2269.52704923295,3715.99066069871,3465.04577180447,3196.86944373711,2215.17187139057,2140.75252946248,2537.33075632642,4034.99219737783,2177.66910739442,3693.19393746118,2865.61362294361,2559.96210034446,2851.85483073736,4117.70307003796,5351.32355067417
6239.93334889885,23516.7654812115,20620.072987172,25597.0992673838,30180.7523562204,25716.455201878,7044.41369519849,7418.09460658194,5096.72137208814,6798.51267886587,9190.46136037794,4424.18424619726,4318.78293238963,5145.68018498041,3257.57631884504,6778.73440330125,11352.2250179293,9400.18692740735,3388.68192690019,2978.28715430531,1e+09,4138.36986822106,4552.90663754485,6953.81646995375,12423.3553969892,15064.4443019582,13598.7590482036,4278.01791873293,5038.4689285139,5512.66498593013,6399.86722704464,3791.47788301607,7727.19951325835,6920.43029287919,2798.70995994583,5878.76537619933,3082.23897842137,3716.63617671948,3391.49150988175,4425.07156309364,3910.49703069827,3315.41370887556,2077.14871831557,3148.10063077723,3169.50606194404,2620.47415516734,3316.0538638267,3599.17036448679,2913.15076533982,2707.01882788059,3074.07597864789,4304.58421788911,3548.92370843612,5427.79802919195
5224.50348713636,24057.471692759,20969.3465521532,26064.1447843796,30349.6348649057,27198.1216812411,9505.0558565797,6804.72584505798,6474.32910370642,7351.87207786561,9936.7645600467,1945.57669509583,2739.88979988247,4350.05474856352,5104.76767241174,5949.44371094475,11517.5458901495,11842.8070787884,2451.46924220966,2403.73753939568,4138.36986822106,1e+09,2113.67380208016,7825.67588121307,13052.0935876395,15984.2398921187,14798.1599075257,5008.161018318,3624.90556155605,7062.38633206227,7779.01380867781,6168.74784973417,8062.18978649722,5393.38401340012,4121.95145530609,4062.31992432895,4007.63114147248,2490.23906171677,2438.09234246777,1831.9466931382,4857.36274942484,3663.71952048734,4477.3787477943,1931.98369219308,2330.45955397213,3529.60018859077,5517.70987932494,1821.77275619107,3942.06112770972,4206.5525266541,2351.76710388168,3686.90263865212,5680.23273231828,6711.83206733452
5147.48609650381,23129.2343538886,19862.8391119925,25154.1477832603,29510.5056113327,26325.284830706,9911.28056335305,7962.32819341177,5584.88678102788,6577.0908871552,9097.71412174509,1741.64341559919,3134.23424754756,4680.92156615554,5630.97812424272,5295.54235534945,10671.8045112202,11479.9266193735,2474.2526439513,2775.41701250461,4552.90663754485,2113.67380208016,1e+09,6998.37321804146,12209.8265149141,15204.9903431735,14016.9706441335,4936.02365624396,4177.86053027145,6833.51290711447,6942.89363977297,6277.25650156181,8976.6743605469,6615.1437727989,4679.89390246189,5149.99622582386,3853.86765596589,3490.61887038674,3788.24273332636,3015.88686271551,5824.89453711396,4952.95200822701,5208.70711046417,3122.68732903248,2977.78619103186,3483.00395243818,6003.68416734258,3055.17175903418,4268.51938397848,4637.58788631547,3081.91845643262,4303.26608495222,5851.68465827577,7432.80207264394
5269.22297760306,17021.7279416956,14341.8063499024,19204.6836245719,23878.7399735895,20202.8462624948,12267.6827376445,13131.3605580991,3631.34771740466,1856.33005386973,4548.10568034649,7554.21136819059,8685.20562540116,5939.17790783371,7731.22686061533,4700.56101225162,5131.05855929359,6161.70224350382,6984.04257295873,7424.68487558226,6953.81646995375,7825.67588121307,6998.37321804146,1e+09,5836.80669550569,8804.94780035634,7937.45133428231,4631.36342279463,6876.83618126824,3109.46218997755,3126.20233318319,9175.93751808501,14037.3909849836,11852.180376378,6187.67132078781,9802.00000586615,4962.62636708628,7934.75905715479,8313.77738832355,8503.65890805246,10019.5020576124,8675.17624493013,7584.06075740431,8069.09566291663,8076.96852282464,7655.78517998644,9616.85377498275,8343.99369576703,5613.09289513366,7288.83126448267,6711.12590916755,8376.04032155409,7321.41978216657,11445.7916746331
9353.10818836177,11465.0150391703,9454.06104574114,13554.0390745858,18224.6313075903,15346.4236569469,17507.0641854424,18660.8038346128,8545.28212684637,6193.96358500758,5439.17962791265,12789.6571070455,14080.2031709986,10475.3170239759,13070.6254480725,8527.24245204744,2933.25643890881,7102.52744734577,12429.1662167822,12928.8290186157,12423.3553969892,13052.0935876395,12209.8265149141,5836.80669550569,1e+09,3713.33373422051,4401.85788389403,9412.27649495594,11872.3112112722,7588.06077136972,7187.60088951105,14581.7343603873,19599.7834820643,17267.6708023839,11594.7189287451,15069.1850918787,10512.8176853782,13337.7654712999,13719.2248123245,13885.2335442296,15606.4790803307,13979.345048374,12980.5562859725,13344.8358607216,13440.6665185102,13225.3533119913,15149.2176492946,13691.207999008,10798.802170653,12903.5388944274,12006.8865567807,13715.3150917214,12612.3586979121,16933.7365859813
12166.1682642934,8710.78694866887,7398.69348533239,10901.989048825,15639.3047604137,12195.1781347383,19959.6686955145,21654.6659958541,11058.4694288812,9137.00655137666,7275.56634933666,15842.8439893316,17038.9944899076,13273.0849584149,15855.2627960151,11183.1271749587,5114.67333798553,8185.10811564515,15375.3839779012,15894.7849419078,15064.4443019582,15984.2398921187,15204.9903431735,8804.94780035634,3713.33373422051,1e+09,3542.1161957649,11955.9521801319,14725.0341519604,10067.8248165778,9475.762768949,17082.5783365275,22474.0261181147,20257.2350230479,14320.3597933118,18051.3619729094,13305.0416009233,16294.0034925951,16592.7886866976,16842.9908913144,18419.933893364,16683.2833976948,15689.5722283433,16195.2338818092,16283.6052974856,16003.4488192733,17779.3863801032,16572.1943017212,13455.7145675508,15681.3754322732,14793.9041824428,16698.5376189324,15369.0211029167,19719.8981209868
11165.0891921471,10891.7490081529,9558.46564491394,13066.31918531,17701.1472659995,12882.7980152023,18403.0672931063,20421.2075503948,9632.18402241153,8473.41894559687,5618.10595846145,14745.5202603299,15883.089661574,11996.4716905263,14892.673738728,9898.09152925957,4801.94011714016,6069.55233682848,14082.8020393386,14611.4917122996,13598.7590482036,14798.1599075257,14016.9706441335,7937.45133428231,4401.85788389403,3542.1161957649,1e+09,10517.7895826975,13758.0034949734,9007.81976997764,7978.4944300601,15533.9460792839,21003.823476953,19182.7453050365,13041.3104700103,17091.5238035144,12183.3864181844,15003.3783306961,15369.5948379032,15699.7747166894,17012.387282983,15400.9692079135,14349.8622417325,14867.9778811579,14989.290771294,14653.0480695792,16278.8884174227,15223.3998297719,12099.2044442724,14494.1426656495,13591.8798420822,15789.639142881,14196.5447522346,18426.0757064493
3710.55010518656,20289.2142862877,17616.2265832584,22350.0527989421,26728.7747345721,22825.6967538167,10165.2627842619,10400.0213035936,3942.93986265325,4393.02422050004,5974.38168718739,5664.12316129337,6503.899736658,3001.52571654817,6182.65753375521,3968.26419038602,7819.61574415904,7652.03597675808,5033.33090198727,4970.64049541908,4278.01791873293,5008.161018318,4936.02365624396,4631.36342279463,9412.27649495594,11955.9521801319,10517.7895826975,1e+09,4413.48763299502,3181.71630974542,4638.58822337142,7455.47553151373,11453.3410550939,9234.83849278373,3488.24554916938,7450.57572995537,3165.32152706483,5248.45266897778,5494.23412165881,5843.0974247654,7379.68229703014,5627.47088468701,5099.7597962257,5103.67621411273,5451.0140999359,5390.21898891873,7065.88053690409,5441.07659179689,2684.3503553374,5280.63330789973,4057.79562322944,6559.88956836165,6235.9621902077,9273.50783848809
3961.86253634575,22768.7291832746,20238.9390092885,24890.8268417925,29167.1196519454,26256.3512382776,10284.8699921049,7805.04055597407,6788.56126052494,6640.50974798622,9387.97347865875,4423.1871323176,5067.47617696423,3247.7469396029,5625.85445660479,5437.18338135656,10321.5096643321,10995.053013542,4347.49471832917,4063.79067144212,5038.4689285139,3624.90556155605,4177.86053027145,6876.83618126824,11872.3112112722,14725.0341519604,13758.0034949734,4413.48763299502,1e+09,5644.09751686663,7636.8996432191,7711.20287489572,9724.74516634241,6246.22248135623,3152.5110966815,4121.689290934,3602.21186035747,3126.08559852414,3779.04806291214,3865.23146250001,6104.96279486616,3945.61530210435,4878.17120474466,4240.38678038926,4708.87328061608,5199.08941058913,6971.10730505563,4067.48217766225,3646.48382352095,4258.83789436743,3231.31853872378,4741.64410409512,6242.74326115531,8357.46726564334
4773.89861132387,18526.6211025162,16160.4483057928,20673.564917198,25242.3691667363,21200.1293708906,11032.7367354705,11892.3382465813,3925.81120098764,3138.66655897055,5461.25284989626,7297.07599982349,8062.1863314116,4940.28495900793,6643.44341583489,4990.9653084148,6668.64177181531,5763.25447263089,6472.39920624493,6696.47069379087,5512.66498593013,7062.38633206227,6833.51290711447,3109.46218997755,7588.06077136972,10067.8248165778,9007.81976997764,3181.71630974542,5644.09751686663,1e+09,3840.81261358843,8166.39221363388,12817.5192425212,10702.3248921484,4584.37871808166,8824.63941842951,3961.23894639038,6889.48836464654,7191.09403044488,7807.71202111092,8738.60591029256,6970.1991514375,5983.44853922051,7009.99316357727,7148.42517676446,6874.48615915401,8393.59235738191,7402.73273327492,4129.78098856344,6100.45888210059,5650.85957211821,7609.72475504864,6484.08465068124,10373.362773826
6224.50823353139,17651.9326789363,14685.9610576666,19841.0601488555,24524.3221448321,20075.1329923465,12049.649967302,13295.6608408984,2347.2291645896,3439.9575337059,4035.38879306567,7585.71107035458,8617.54236926631,6620.04617483141,8000.52636832728,4853.63905024879,6215.61620941158,5650.47541858205,6853.33590430967,7464.22817872685,6399.86722704464,7779.01380867781,6942.89363977297,3126.20233318319,7187.60088951105,9475.762768949,7978.4944300601,4638.58822337142,7636.8996432191,3840.81261358843,1e+09,8044.60174888726,13675.7696149102,12153.2899515481,6501.10280182524,10355.3782740275,5299.23601621026,8189.65457019403,8403.99327631811,8659.3797056198,9838.86974628184,8459.41213297946,7448.30723317721,7736.94339143696,7579.46455996068,7152.42001145766,8999.60297588732,8080.4573858786,5268.53139563579,7272.18720885952,6579.93644629642,8710.51399031653,7246.64847975256,11131.0785564518
9219.58095252165,25426.9884578709,22263.9717904937,27546.8175306749,32271.9981102333,27302.0476728944,6768.73823025385,7743.3355212983,6649.332216253,9061.93387746236,11453.3095882806,5853.19864992638,5169.75695657929,8281.87679950022,4861.44305297306,9062.81449652921,13694.8474142613,11116.2642722004,4802.78273174001,4993.9508360115,3791.47788301607,6168.74784973417,6277.25650156181,9175.93751808501,14581.7343603873,17082.5783365275,15533.9460792839,7455.47553151373,7711.20287489572,8166.39221363388,8044.60174888726,1e+09,6697.09072589733,7563.435776775,5984.38925319034,7274.8460120885,5748.48982165751,5802.74135419631,5504.43481919806,6282.30403515303,4387.46554244019,5249.16713481291,4240.63763604013,5190.75474657588,4424.58994749796,3586.78456455082,3179.41913679213,5333.94275531712,5918.77409212415,4408.99798202494,5488.99946900161,5666.62335821784,4611.01605214079,4650.80399590221
12133.0282918157,30869.1591036005,27828.9214507965,32873.6540927138,37474.105073349,33120.5770934219,6861.35145004248,3954.54871742655,12240.9203984504,13902.0019558407,16612.9507182469,8029.18175918319,6572.09027482125,10887.6007143631,7275.34622673038,13259.594402922,18576.246800573,16531.255546452,7870.86231129728,7208.6282606471,7727.19951325835,8062.18978649722,8976.6743605469,14037.3909849836,19599.7834820643,22474.0261181147,21003.823476953,11453.3410550939,9724.74516634241,12817.5192425212,13675.7696149102,6697.09072589733,1e+09,5647.3205542009,8891.69791087169,6940.83017304847,9599.12955635041,7196.97387894385,6773.72511273524,7286.14571342078,4425.33252646623,6798.55874171136,7073.17452521143,7203.20216406565,7010.99057554637,7182.13006385989,5454.7913377232,7002.19276149265,9675.34762238029,7418.57385398299,8401.77528329579,6768.06243505481,7768.51872759537,3711.81894143559
9235.76738589166,28381.4150176784,25566.0832646047,30544.8481574438,34811.7234288666,31700.4604225806,9222.61912002767,2726.38878819584,10735.5556771273,11554.4946567515,14658.0291811348,5954.89992531361,5055.14645757173,8181.57814014509,6631.69370799798,10378.068578965,15920.0906739409,15480.987076863,5917.80325157064,5559.46337472422,6920.43029287919,5393.38401340012,6615.1437727989,11852.180376378,17267.6708023839,20257.2350230479,19182.7453050365,9234.83849278373,6246.22248135623,10702.3248921484,12153.2899515481,7563.435776775,5647.3205542009,1e+09,6738.23086685964,3552.14139352588,7381.41842605471,4574.36889914882,4468.49502673999,4585.94316614369,4829.89900040363,4971.48161161238,6393.8193010907,5625.31676220104,5724.74111873192,6254.56688406959,6544.07696174182,5031.66155946522,7617.85745797334,5774.55072516469,6330.2538997184,5435.94755492545,7772.63561440391,6131.12823993268
4499.12210725604,22721.4661594141,20196.6932526045,24872.809949292,29371.7937809831,25429.6993838681,8071.3427230542,7696.69389883085,5655.86780503222,6324.58893780458,8813.32008062229,4754.21010160468,4926.0669325335,3525.42691794909,3877.27066607427,6021.62149492975,10356.8928817189,9314.29069178647,3846.8132714495,3456.05924384985,2798.70995994583,4121.95145530609,4679.89390246189,6187.67132078781,11594.7189287451,14320.3597933118,13041.3104700103,3488.24554916938,3152.5110966815,4584.37871808166,6501.10280182524,5984.38925319034,8891.69791087169,6738.23086685964,1e+09,4968.90771909682,2294.99574326403,3126.74216752837,3344.78236528178,4146.71292700616,4804.30391409619,3220.68773753371,2806.19402335263,3869.7157086277,4248.18578993433,4047.28130756932,5156.97140790018,3931.78305277644,2135.35729658996,2701.07988449065,2862.34524937157,4355.10489632569,4177.25447098929,6913.46617856774
6851.20699404857,26173.7100880693,23419.3916422075,28227.6174397681,32567.9841072747,29559.2755744758,9023.34095772181,4929.25424734817,9205.53743824335,9666.39943202742,12640.693824668,4354.09553518294,4081.85498244364,5920.14559983959,5182.70483773676,8420.15400805116,13711.51546707,13864.8432665357,4708.13894685575,4165.00155079203,5878.76537619933,4062.31992432895,5149.99622582386,9802.00000586615,15069.1850918787,18051.3619729094,17091.5238035144,7450.57572995537,4121.689290934,8824.63941842951,10355.3782740275,7274.8460120885,6940.83017304847,3552.14139352588,4968.90771909682,1e+09,5682.99927609533,3084.64322826806,3171.91627389501,3002.50370099689,4380.09866657134,3767.26863759409,5083.94848142662,4333.00810101943,4555.79454114208,5099.53022280484,6036.06521336541,3724.81255321661,5844.87489335743,4560.49931359495,4314.76115191791,3420.13248455378,6218.15616935599,6262.6803675503
4329.0063342065,21672.0335241712,18884.8213992773,23809.4131774053,28349.5394503368,24515.7934468926,8760.28764661298,8639.01158302847,4239.11452253888,4941.57011446767,7914.6413241852,4122.30741330629,4703.46565685347,3816.23963322536,4127.5188530157,5210.76499418272,9323.297123872,8845.81562141672,3193.18799092694,3398.72915964188,3082.23897842137,4007.63114147248,3853.86765596589,4962.62636708628,10512.8176853782,13305.0416009233,12183.3864181844,3165.32152706483,3602.21186035747,3961.23894639038,5299.23601621026,5748.48982165751,9599.12955635041,7381.41842605471,2294.99574326403,5682.99927609533,1e+09,3582.52688938967,3942.50049992387,4447.35883832191,5650.35959827337,4241.61077116937,3467.07155254979,4127.97148996938,4090.0632272619,3663.82102772502,5533.05683781578,4213.49871198509,2235.27631931714,3045.20502469046,2813.54343965044,4432.96545084665,4165.88601308293,7304.13165543995
5375.23301976761,24533.6828686278,21822.6391412496,26635.9181506852,31014.6888771434,27574.1058335914,8470.23858713555,5865.33191951658,7000.4237909858,7823.59663923186,10554.4760375445,3107.13765675098,3037.43551151296,4089.97191616275,4412.22145448299,6607.11440321719,11957.6946028656,11549.6186221234,2650.0595037093,2361.76843759078,3716.63617671948,2490.23906171677,3490.61887038674,7934.75905715479,13337.7654712999,16294.0034925951,15003.3783306961,5248.45266897778,3126.08559852414,6889.48836464654,8189.65457019403,5802.74135419631,7196.97387894385,4574.36889914882,3126.74216752837,3084.64322826806,3582.52688938967,1e+09,1579.64020716744,2333.88311695337,3734.37606887683,2503.58414308367,3409.86826225002,2496.19842372356,2977.90736780042,3490.62367627907,4865.80154329171,1972.95035895483,3706.04275775388,3167.68155296583,2413.44589518804,3304.48934381698,4952.98699834756,5961.1086474749
5835.50957732913,24892.7341341224,22056.4721645394,26944.9713699291,31325.4340860697,27836.0783495987,8191.96709920762,5503.53790522061,7199.98853137281,8099.8230341718,10844.0757617328,3094.32099991258,2765.8383249026,4653.62857979663,3801.99228543405,7017.52147237898,12375.6341844085,11805.563176596,2772.29681179703,2178.29974661432,3391.49150988175,2438.09234246777,3788.24273332636,8313.77738832355,13719.2248123245,16592.7886866976,15369.5948379032,5494.23412165881,3779.04806291214,7191.09403044488,8403.99327631811,5504.43481919806,6773.72511273524,4468.49502673999,3344.78236528178,3171.91627389501,3942.50049992387,1579.64020716744,1e+09,2079.32940706854,3388.16676217391,2313.45649918039,3231.12384739428,1930.88535783459,2561.79752414198,3240.80820470759,4382.48350630097,1772.66933408349,3853.08857902333,3156.0911100442,2319.85759483206,2948.31602466561,4790.85698119867,5345.21811047033
5788.15896362565,24980.2337799269,21934.0478482746,27021.852299626,31360.6449797035,28147.8822032937,8776.10296941644,5813.12711198543,7427.63682426652,8282.26913494122,10968.1223084036,2458.56545204719,2496.62123454881,4854.6556530613,4670.88070843176,6999.45460080998,12408.7917989545,12648.2908211307,2878.30827827736,2269.52704923295,4425.07156309364,1831.9466931382,3015.88686271551,8503.65890805246,13885.2335442296,16842.9908913144,15699.7747166894,5843.0974247654,3865.23146250001,7807.71202111092,8659.3797056198,6282.30403515303,7286.14571342078,4585.94316614369,4146.71292700616,3002.50370099689,4447.35883832191,2333.88311695337,2079.32940706854,1e+09,4168.64131066706,3574.58130998583,4428.33321008029,2503.27438987419,2789.35811383193,3668.22965518791,5117.41025184614,1829.11346020415,4481.17782007141,3801.40651738274,2966.05254471326,3045.35383303813,5405.99618405341,5991.17267247406
8308.26671766139,26874.3054000471,23965.6878903361,28903.8782501968,33506.3494119786,29197.9110914377,5597.61147926506,4536.35153356748,8447.2788297534,9976.77073383968,12648.0720971182,5037.09341426184,3861.63782506853,6966.21634951141,3745.28953222578,9507.17764056189,14541.3902246862,12727.2311779703,4606.36972256896,3715.99066069871,3910.49703069827,4857.36274942484,5824.89453711396,10019.5020576124,15606.4790803307,18419.933893364,17012.387282983,7379.68229703014,6104.96279486616,8738.60591029256,9838.86974628184,4387.46554244019,4425.33252646623,4829.89900040363,4804.30391409619,4380.09866657134,5650.35959827337,3734.37606887683,3388.16676217391,4168.64131066706,1e+09,3259.105297854,3035.23905175523,3907.17980489765,3791.90347925682,3725.51802376529,2473.97483275396,3722.4247799922,5695.96034023237,3628.92528459873,4628.97780681653,3530.73449961902,4277.61168043571,2767.19574977991
6335.88036354065,25053.5947754708,22395.3012695498,27135.7369876018,31552.2296772558,27755.3394667657,8011.73732020091,5798.58456078723,7424.55371932213,8479.92264858,10996.3171206,4457.47719625126,4053.98334090065,5029.368731332,4049.42992468076,7528.5170696426,12696.0439247862,11460.2460458317,3946.60907343253,3465.04577180447,3315.41370887556,3663.71952048734,4952.95200822701,8675.17624493013,13979.345048374,16683.2833976948,15400.9692079135,5627.47088468701,3945.61530210435,6970.1991514375,8459.41213297946,5249.16713481291,6798.55874171136,4971.48161161238,3220.68773753371,3767.26863759409,4241.61077116937,2503.58414308367,2313.45649918039,3574.58130998583,3259.105297854,1e+09,2690.98865348778,2819.66939116982,3167.46514965832,3667.7742366318,4228.70825177146,2656.42899863708,3581.18601750872,2958.63033427632,2772.8367426338,3687.85805514529,4760.18688243434,5410.55506499102
6368.95067015753,24215.2450492804,21467.1314243217,26218.2330703291,30839.8550783771,26474.1113380449,6387.63710861066,6809.36014958821,6276.25005477793,7549.55275229599,10247.5907623207,4655.9700179984,4176.0857960655,5238.73438827547,2528.47141045731,7674.03841265471,12032.002949663,10053.023887448,3763.15634919678,3196.86944373711,2077.14871831557,4477.3787477943,5208.70711046417,7584.06075740431,12980.5562859725,15689.5722283433,14349.8622417325,5099.7597962257,4878.17120474466,5983.44853922051,7448.30723317721,4240.63763604013,7073.17452521143,6393.8193010907,2806.19402335263,5083.94848142662,3467.07155254979,3409.86826225002,3231.12384739428,4428.33321008029,3035.23905175523,2690.98865348778,1e+09,3495.09022671805,3374.76570411932,3250.33189568389,3187.19079155924,3673.95805906927,3452.91488890184,2441.48753961596,3296.49062311726,3446.84993089342,2786.53571179341,4648.90735081912
5816.47721329672,24432.1114692857,21405.0438627301,26403.1745419145,30781.5397391716,27207.8128975943,8653.68073233581,6497.10226972764,6481.8461527716,7672.33181138564,10129.4892242156,2621.27335426888,2637.99595579675,4621.66157175101,4360.92410447602,6508.29903469409,11974.3299476839,11444.6381020502,2554.80647552804,2215.17187139057,3148.10063077723,1931.98369219308,3122.68732903248,8069.09566291663,13344.8358607216,16195.2338818092,14867.9778811579,5103.67621411273,4240.38678038926,7009.99316357727,7736.94339143696,5190.75474657588,7203.20216406565,5625.31676220104,3869.7157086277,4333.00810101943,4127.97148996938,2496.19842372356,1930.88535783459,2503.27438987419,3907.17980489765,2819.66939116982,3495.09022671805,1e+09,1437.03057984164,2797.24920709614,4296.11030797628,1352.3354658146,3656.01461305887,3712.45902635975,1965.61511670011,3358.64259354877,4963.9848733855,5677.7203259583
