1e+09,4363.70485047969,4883.47373314324,5210.99924905963,5417.52548916016,5948.15939511543,3373.01883301887,3000.34936402413,4503.17981251027,3171.02240214414,4175.63071035981,3244.70119675141,3092.80334439486,2620.02455169794,3177.0809048559,4588.29765491517,3991.99690505892,3433.83676867436,2971.54191042294,2789.32512255205,3245.91026849172,3071.33006430439,3575.53847828547,2982.21224201095,3513.13831624945,4226.12365771519,4093.61077850594,2482.04053826685,3288.82492560793,2884.95115612032,3583.58320118286,3084.54109329086,3406.67527385573,3185.76443973813,3366.57321326895,3252.21669345694,3747.31272532731,2976.1269188494,2997.56946121354,2894.62544606379,3291.94090770172,3756.99281866495,2920.02208864933,2747.6291901019,3477.26687245889,3962.48206818655,3779.42749653965,3426.19172236464,3854.8177177916,3549.50338133379,3390.97933514789,2874.39812846098,3151.57422195639,3427.45455737928
4363.70485047969,1e+09,5866.88361645261,6368.96665175757,6433.03284564909,6630.2314664271,5530.38066707889,3828.5451562049,4935.62436320877,4740.35550637291,5486.13675285259,4500.25475260012,4487.97304791373,4523.30035838877,4418.35157816804,4942.25440676621,4441.91580297286,5148.67409582312,4504.84171312378,4152.88900092454,4668.96110887636,3845.80576750829,4598.12530714421,3991.08870912437,4708.62131420653,5227.0028738848,5213.02470949448,4474.03086045459,5042.23490809383,5063.06526786886,4598.32030188198,4653.76824462714,5077.08253901786,4736.01652425327,5112.66733703651,5006.4425356035,4746.48808732309,5249.37739171037,4915.69519597178,4598.09088797731,4515.84690242041,4997.40334181663,4169.56627477008,3965.54327652593,4303.01952500799,4661.34777226501,4817.50170732715,4219.04943238403,4739.41191310694,4524.80740184596,4730.75999819268,4450.29295604233,4569.16541149475,4512.62198622929
4883.47373314324,5866.88361645261,1e+09,1519.11554261024,2106.89590331369,2173.39122911638,3740.30451140011,5664.64481074498,4421.75492874718,3747.20658549806,2991.59319597435,4083.6268558109,4649.14265350075,4669.6583689602,5304.06703520044,4054.56781164158,4796.26560153835,4186.14528820967,3552.15168728758,4746.37912864112,5023.58401339124,4612.67611063253,4651.10159166622,4588.51188305098,3072.81656400118,3058.76094145979,3253.14342385945,4383.01194888857,5650.75160645024,4845.50723405713,3689.83176756068,3994.20586756617,4976.52594135708,5565.55654629436,5368.09335777611,5233.68453190484,4917.61507581673,5200.00720861039,5331.17816688769,4897.48428917337,5144.59918645758,5402.44370619445,4844.42273177104,4517.54559824248,4605.31730075138,5022.83587884374,4984.75940214771,5073.83374988775,5463.03380091136,5519.90201846011,5160.83841954968,4918.42060015205,4143.59746674312,4413.35769449973
5210.99924905963,6368.96665175757,1519.11554261024,1e+09,2059.53169273988,2560.49032812077,4080.44551079904,5893.80464743276,4255.78488583481,3778.99652288805,3021.11060946136,4311.51285892783,4927.4658572739,4719.31818382698,5505.7556013412,3907.30876176941,4573.23919003806,4011.48394634704,3753.3623005913,5017.23535804331,5174.75004990579,4988.3009980353,4775.47111843429,4798.34035665458,3114.15228545426,3144.74181674744,3325.08715807571,4509.36884795422,5719.94061051337,4800.76356946476,3771.12449939007,3999.67424972335,4861.56740372897,5696.03325339661,5348.50718786093,5225.36936444688,4697.47594108794,5295.85400606928,5425.96258240877,4947.83863205946,5308.00272968091,5248.89748002378,4944.47068059868,4630.34794778967,4686.99815922729,4965.78050493576,4897.28626607635,5208.78388158887,5358.59075420954,5566.22298712511,5206.96827561874,5009.40092170711,4225.19305506861,4642.67275241321
5417.52548916016,6433.03284564909,2106.89590331369,2059.53169273988,1e+09,2048.8208962718,4131.78844751277,6249.19239290166,4905.95702369069,4554.34617579736,3807.33393825653,5019.14344089706,5362.24696023971,5416.01927707057,6215.51752323972,4565.34054208446,5248.67933056498,4620.09755485747,4306.91412376657,5531.95717745537,5653.92466858199,5476.19364005693,5527.76295975144,5359.06760051597,3872.81891541549,3572.94380283262,3763.65332316886,4823.17686377972,6414.46751108773,5488.71784287551,4508.37030572024,4880.39953465902,5647.87370459007,6025.88152173605,6086.69481132412,6037.93691995039,5548.31136016176,5913.40681864524,6022.27478973685,5507.83942255945,6088.44565840084,6059.76538616802,5599.12063135811,5215.36854979588,5413.18619323223,5737.37480795878,5748.47905017492,5899.35712335675,6018.07830292196,6159.75295464031,6038.77221891172,5698.00761201668,4732.62035196148,5051.19559051122
5948.15939511543,6630.2314664271,2173.39122911638,2560.49032812077,2048.8208962718,1e+09,4348.7591518731,6422.29532551252,5363.19301602133,4869.50107924826,3808.38570186897,5158.55857371999,5669.36658957595,5536.33663313567,6224.37171655903,4432.25051936372,5753.57015002859,5170.6346201216,4493.32721711874,5624.53760030102,5853.46486607719,5445.02286678394,5822.55148987109,5751.72534388596,4197.34095684399,3690.57139416107,3762.9599928248,5213.96453724994,6506.64819407043,5941.2665619462,4437.37432300905,5008.59792356104,5853.54502415417,6370.9596688882,6230.1722504759,6101.33080166122,5808.3069488363,6177.43266239301,6278.1932468426,5749.52046702158,6097.53021411948,6029.98702220826,5615.28102955676,5290.07470962367,5354.85426374986,5594.81947102853,5678.13273346969,5749.85181646449,6120.56922387943,6141.5731874659,6111.24810876633,5749.48793733842,4930.54635362046,5156.64676474936
3373.01883301887,5530.38066707889,3740.30451140011,4080.44551079904,4131.78844751277,4348.7591518731,1e+09,3645.88424164838,4093.76725778347,2720.84115085758,3031.35821720232,3439.39324958633,3521.02467858435,3188.54208898048,3426.63092776272,4168.8392912896,4046.48606910984,3550.8511608627,2796.39252335934,3013.38026810424,3804.91469996372,3099.70206742519,3844.22838278373,3625.52771205793,3352.03734307958,3154.28258220471,3343.59185523592,2289.07337730794,3599.80525181572,3324.8374348079,3283.06600011331,3265.07424005948,3503.41515487388,3662.02300432425,3705.4036158022,3424.77704443662,3684.45655882927,3906.21940220976,3877.29763194677,3146.61834048872,3710.74282543267,3978.39211493789,3075.07920169546,3233.40562107509,3252.97021707854,3736.95226290088,3673.24298721171,3481.55808501022,4037.57449351712,3797.34702498995,4037.23580878056,3314.42273631473,2894.09187324798,3292.96561136007
3000.34936402413,3828.5451562049,5664.64481074498,5893.80464743276,6249.19239290166,6422.29532551252,3645.88424164838,1e+09,4067.92389026639,3128.7489782819,4122.93484589558,3050.90682964918,2988.91119063448,2340.84251984195,2153.83362700093,4365.18477211446,3440.44146271957,3840.49604086503,3465.31408556281,1806.24148720485,2726.34946844677,2164.65983644082,3333.13101805195,2754.45613855077,3753.81365095552,4260.89424413468,4517.63908789757,2429.14754537471,2477.01214351081,2697.95223497378,3224.71936378966,3027.8419425723,2848.35222297033,2391.74931514572,2460.42860069135,2459.11557735703,2565.97022699017,3431.77434644238,2899.5066972849,2630.55310119374,2352.56286377219,2741.48482612981,1610.78207197622,2350.66410239745,2262.83788908972,3006.75269972441,2838.67623335244,2324.48178289269,2453.05220376575,1958.74287748546,3139.56468995305,2378.17920407609,2607.71332582782,2826.07011783147
4503.17981251027,4935.62436320877,4421.75492874718,4255.78488583481,4905.95702369069,5363.19301602133,4093.76725778347,4067.92389026639,1e+09,2419.91205594336,2744.89133994408,2512.3824267416,3461.03496091848,3948.39975140563,3916.04950875241,3679.54127329753,2012.56478946642,3228.80405820793,3079.71941676511,3529.29155209654,3451.24578575621,3173.82910023524,2673.23193945082,2582.30753997273,2853.56913263022,3608.53645032165,4105.68587613568,3230.92579017222,3904.31965155262,3293.13408648965,3084.08429223327,3081.2654845047,3676.5946449806,3716.45516984936,3589.7399981475,3663.97050170986,3265.01056812991,4127.01988484427,3712.93432298499,3216.15141325778,3549.68288462505,3960.45048797482,3403.71674218052,3482.76237301657,2859.50674059356,3515.41209634091,3331.1591723903,3546.22985312571,3587.45767913714,3842.21745205812,4015.44811394694,3692.38238289319,3568.88420668141,3964.93144549814
3171.02240214414,4740.35550637291,3747.20658549806,3778.99652288805,4554.34617579736,4869.50107924826,2720.84115085758,3128.7489782819,2419.91205594336,1e+09,1698.3395585689,2362.80606193145,3030.01456894187,2599.40641501093,2887.70235573198,3797.89889346728,2523.6035197907,2473.5091276565,2089.31670837621,2260.30947080262,3020.34711760089,2285.12335281927,2521.43697133202,2153.58429161712,1959.61392034247,2931.48389512888,2971.70326247423,2032.24020408514,2648.05999973566,2034.88224841144,1939.19030528208,2185.62219857413,2699.62471728942,3226.02423964855,2532.11882481846,2659.49181538504,2909.86688460142,2951.89100852318,2951.09757078616,2575.7396526629,2883.4067315417,3321.76107981896,2418.80576295411,2604.91155393038,2279.3565858812,2935.90136298889,2721.4187948752,2465.85544590513,3249.23424007873,3196.21159653112,3060.09739287821,2776.06264144021,2801.56231006915,3471.47026635689
4175.63071035981,5486.13675285259,2991.59319597435,3021.11060946136,3807.33393825653,3808.38570186897,3031.35821720232,4122.93484589558,2744.89133994408,1698.3395585689,1e+09,2959.21896443977,3488.21987606859,3446.84019359761,3826.85726936608,3742.72320873452,3389.20719787091,3095.14475134847,2625.310999996,3091.13045444543,3427.42661076791,3062.22750258697,3038.56654006457,2979.15605608367,2016.09780214155,2468.1447492398,2973.77159482701,2973.81056926967,3546.10279481574,2965.39851458451,2049.61862420793,2751.07032085696,3429.90901482824,3997.01843578435,3265.28650617369,3490.79316601543,3646.47511178947,3541.21951268204,3654.94185823797,3482.88380732117,3596.5584304304,3817.2514278732,3306.79890457524,3143.17667044027,2760.2453808312,3258.72337807308,3196.52038896986,3255.42374017577,3807.1079810402,3836.76797291679,3510.69778629548,3540.5447978242,3150.16184000124,3677.69437667134
3244.70119675141,4500.25475260012,4083.6268558109,4311.51285892783,5019.14344089706,5158.55857371999,3439.39324958633,3050.90682964918,2512.3824267416,2362.80606193145,2959.21896443977,1e+09,2499.96875558476,2730.34465133983,2910.78241670517,3011.74727022372,2712.5091226759,2896.38137435318,2213.35706378343,2536.66199315163,2944.83293395398,2088.03624305231,2330.88914843671,2269.17724442142,2664.96378183644,3470.1072570023,3622.18097854042,2752.52759611961,3217.1758640926,3044.76097692413,2803.0163863952,1963.1870828324,2676.39638732756,2785.17511943145,2984.10084837963,2470.06180861937,2582.29830902628,3255.2844623627,2952.24330210096,2336.04931356339,2271.580055468,3193.40039492388,2275.13374314566,2673.22557583531,2199.50263903002,3319.40093759401,2929.66868908414,2871.59148877413,3178.19106625137,3102.53344251114,3455.86278246113,2431.33101722081,2578.46947926478,2941.4269327148
3092.80334439486,4487.97304791373,4649.14265350075,4927.4658572739,5362.24696023971,5669.36658957595,3521.02467858435,2988.91119063448,3461.03496091848,3030.01456894187,3488.21987606859,2499.96875558476,1e+09,2561.37276158704,3193.97704877477,3251.21558297816,3431.76988046984,3090.41379536786,2867.05921056751,2073.58873921518,2337.00713879954,2273.10649350179,2204.64652037464,1972.83004962414,3068.60078556987,3562.48517636214,3981.58473952269,3034.63487627424,3445.62720720045,3335.47969418193,3476.20583097434,2720.15880122834,2540.84652704566,1945.00100287892,2751.52250385128,3106.8719694091,2864.46061147644,2605.98720346052,2584.05530202045,2360.10638830117,2081.2327421747,3596.60201053717,2768.13990912671,2289.53399201672,2673.2249961423,3296.87799015978,3326.78307205324,3009.51390641412,3525.82092881927,3249.3381105696,2826.3693304839,2589.90859132132,2190.93318337187,2444.81095784521
2620.02455169794,4523.30035838877,4669.6583689602,4719.31818382698,5416.01927707057,5536.33663313567,3188.54208898048,2340.84251984195,3948.39975140563,2599.40641501093,3446.84019359761,2730.34465133983,2561.37276158704,1e+09,2218.85969058433,3308.15779242768,3230.78822219903,2494.09019700571,2792.49332613348,1707.16878111099,2573.63523359469,2510.24662852079,2878.18261578379,2502.47070969872,2773.68366577734,3334.16425150292,3289.04301613706,2159.84592124068,2774.7633135819,2696.44893960557,2616.84330190021,1928.05450402731,2013.63738741612,2559.86161235329,2264.50632182823,2278.0054348706,2151.18979034859,2345.84104171617,2132.08466203854,2174.89576768635,1877.02115382326,2402.91232511717,1805.61142228886,1760.27717720818,2404.26805398233,2709.85773054602,2515.65466996168,2043.8400593246,2621.59719943778,2360.16726797064,2370.17105806733,1770.59924567927,1779.49764366239,2268.41070408337
3177.0809048559,4418.35157816804,5304.06703520044,5505.7556013412,6215.51752323972,6224.37171655903,3426.63092776272,2153.83362700093,3916.04950875241,2887.70235573198,3826.85726936608,2910.78241670517,3193.97704877477,2218.85969058433,1e+09,4139.65974822811,3373.89339763425,3528.92939162857,3025.55182940237,2184.44208133336,2512.84057052969,2268.36761396825,3153.85334229415,2759.31475478967,3548.65183030119,3546.34929341429,4236.38163728199,2379.36800638321,2062.36373001951,2548.03845751982,2844.32926828101,2668.28302944047,2676.95662966362,2802.44482598677,2116.08162973454,2045.31336557507,2357.29180603505,3192.09631836196,2241.00221923139,2289.16267163345,1974.36240037132,1970.17311571851,1510.37745871686,1972.13415874783,2096.37618439535,2876.36332863218,2334.10565921939,1797.78688414395,2099.22876118826,1748.09365409866,2233.93995769806,2008.22917076214,2402.19795626838,2666.7621900162
4588.29765491517,4942.25440676621,4054.56781164158,3907.30876176941,4565.34054208446,4432.25051936372,4168.8392912896,4365.18477211446,3679.54127329753,3797.89889346728,3742.72320873452,3011.74727022372,3251.21558297816,3308.15779242768,4139.65974822811,1e+09,3441.77957959251,3246.14482135348,3003.55392685066,3727.16199747207,4104.15613660104,3388.53689948922,3491.30105699867,3614.55135325257,3100.36853989973,3100.05495112587,3310.54521781534,4119.64910555499,4739.15516192496,4655.27524847887,3607.80313713207,2945.53155496593,3631.32535044713,3850.83217351782,4153.97011585303,3788.40163862017,3136.47294008732,4125.82996784889,4007.15279086036,3317.51406587824,3207.43907678696,3805.90503714951,3569.92665951277,3262.29828185591,3311.11128665287,3721.99248290482,3760.27008393014,3716.99293968929,4076.39808577376,4049.19192679231,3981.65891679586,3450.1780143639,2833.79494494574,3198.10067042925
3991.99690505892,4441.91580297286,4796.26560153835,4573.23919003806,5248.67933056498,5753.57015002859,4046.48606910984,3440.44146271957,2012.56478946642,2523.6035197907,3389.20719787091,2712.5091226759,3431.76988046984,3230.78822219903,3373.89339763425,3441.77957959251,1e+09,2750.45727592704,2799.10259104592,3097.61205952263,3533.71224574101,3131.27930528402,2576.18238680805,2672.85119604515,2757.8183377264,3638.30803298731,3948.16710161817,3128.60056386238,3831.77479175121,3142.73459646213,2761.74526348829,2732.46556249114,3129.5773495314,3669.51782583216,3379.80021319308,3531.36152003728,2328.91990459097,3967.82621558707,3374.32127237464,2877.26966907866,3275.12370160274,3660.66723763578,3070.28886012375,2991.84156433793,2608.48679086171,3337.02457996641,3121.05698839352,3258.54791258315,3173.25592894743,3489.8044861138,3769.0221833786,3326.08705314518,3167.25976593332,3757.16346598069
3433.83676867436,5148.67409582312,4186.14528820967,4011.48394634704,4620.09755485747,5170.6346201216,3550.8511608627,3840.49604086503,3228.80405820793,2473.5091276565,3095.14475134847,2896.38137435318,3090.41379536786,2494.09019700571,3528.92939162857,3246.14482135348,2750.45727592704,1e+09,2226.58337802562,2927.00783774147,3368.43022356112,3470.62693699568,2999.27920547588,2367.36805269058,1870.88258760404,2738.70155318173,2347.26920407524,2829.59309945794,4018.12596920505,3336.61782335047,2589.88882261382,2193.03289576331,2981.33540102418,3269.19012490861,3262.64771349896,3561.733401688,2972.83541951115,2734.84206549483,2659.32501129516,2784.62074934811,3228.56842345025,3728.6862907732,3331.45005499107,3051.24928775084,3314.88980426198,3661.75416902883,3513.51858032657,3053.77292022508,3474.74722546835,3533.61656572979,3472.59034639849,3399.91504329152,2647.61714275308,3271.69081173634
2971.54191042294,4504.84171312378,3552.15168728758,3753.3623005913,4306.91412376657,4493.32721711874,2796.39252335934,3465.31408556281,3079.71941676511,2089.31670837621,2625.310999996,2213.35706378343,2867.05921056751,2792.49332613348,3025.55182940237,3003.55392685066,2799.10259104592,2226.58337802562,1e+09,2591.16571224227,3335.17181627874,2483.31936031192,2715.41302974336,2423.94856810123,1966.19391742015,2650.05722483497,2375.53313933946,2718.9118543638,3516.99806322096,3236.95313731911,2175.37463283913,2192.90574234279,2933.73116080871,3251.29050038596,3111.86743295726,3149.45947705317,2991.70720308656,3016.68818290854,2992.15104227711,2309.11844771982,3089.26905166902,3547.46448383913,2745.98905755285,2550.5399559505,2484.86215100556,3298.23087086092,3054.55233734831,2701.83220644806,3441.72524580333,3278.233128272,3404.98099116574,2904.69969578612,2617.18524352022,3214.71292427489
2789.32512255205,4152.88900092454,4746.37912864112,5017.23535804331,5531.95717745537,5624.53760030102,3013.38026810424,1806.24148720485,3529.29155209654,2260.30947080262,3091.13045444543,2536.66199315163,2073.58873921518,1707.16878111099,2184.44208133336,3727.16199747207,3097.61205952263,2927.00783774147,2591.16571224227,1e+09,2297.89016591307,1835.50947537734,2542.77016015998,1966.30575473399,2881.41993267208,3418.14174902095,3436.02955985539,2157.30159803862,2504.22933833944,2544.84803736883,2392.93359780417,2061.0283549966,1943.40089621262,2350.02722635292,1990.92071574937,2314.19218944754,2382.95215451339,2370.13340265901,2185.00672921161,1855.67396826598,2001.94635065478,2896.96260611006,1804.10323582105,1740.35939380348,1846.88846208968,2479.88799932578,2253.04377407542,1727.39326069659,2668.15379022649,2165.26949943881,2494.11450500974,1916.43947480738,1908.34924303703,2400.19659715616
3245.91026849172,4668.96110887636,5023.58401339124,5174.75004990579,5653.92466858199,5853.46486607719,3804.91469996372,2726.34946844677,3451.24578575621,3020.34711760089,3427.42661076791,2944.83293395398,2337.00713879954,2573.63523359469,2512.84057052969,4104.15613660104,3533.71224574101,3368.43022356112,3335.17181627874,2297.89016591307,1e+09,2716.89912768215,2850.74973559588,2173.33208293164,3302.42407637178,3436.50008057617,4365.98942614386,2450.18920100061,2695.22230404099,2446.14919984452,2887.72833793278,2853.75136031505,2775.34525736889,2190.36609524527,2136.16634342928,3003.68491115496,2808.66178065284,2877.29607843892,2040.29321855953,2611.9843747427,2452.90665910874,2733.51683931159,2284.18839339053,2047.4178448475,2588.11897960662,3137.38111261606,2870.55374325234,2614.81653759877,2502.39126746798,2296.79297173254,2449.8303790875,2628.97058770158,2480.71960789606,2427.30561339111
3071.33006430439,3845.80576750829,4612.67611063253,4988.3009980353,5476.19364005693,5445.02286678394,3099.70206742519,2164.65983644082,3173.82910023524,2285.12335281927,3062.22750258697,2088.03624305231,2273.10649350179,2510.24662852079,2268.36761396825,3388.53689948922,3131.27930528402,3470.62693699568,2483.31936031192,1835.50947537734,2716.89912768215,1e+09,2549.67514409189,2247.59527066151,3042.37656117713,3463.26783844392,3840.83055952746,2575.65894133909,2385.25516236733,2865.46426295984,2918.41540790546,2703.33181287462,2751.15993326451,2267.81809804049,2303.69513312851,2213.47858501048,2823.85807906488,3075.10689960528,2832.28735192953,2127.62795203955,1828.20654940846,3011.45113435367,1737.09176668937,2191.52442797246,1901.77210238241,3014.57275748986,2785.91926510802,2120.40276006706,3165.61483470431,2735.78068971181,2867.83000142965,2080.9204434096,2511.00953960753,2986.97843236271
3575.53847828547,4598.12530714421,4651.10159166622,4775.47111843429,5527.76295975144,5822.55148987109,3844.22838278373,3333.13101805195,2673.23193945082,2521.43697133202,3038.56654006457,2330.88914843671,2204.64652037464,2878.18261578379,3153.85334229415,3491.30105699867,2576.18238680805,2999.27920547588,2715.41302974336,2542.77016015998,2850.74973559588,2549.67514409189,1e+09,1827.19890759052,2581.37195084319,3630.89997518522,4229.89090095714,3125.68613051599,3237.32223085685,3101.48330666151,2997.47773961709,2703.37445691491,2847.66553334481,2807.34529600475,2638.50445044158,3068.2760639975,2820.85360983161,2535.76162657297,2475.515164183,2631.00434421914,2350.31019499555,3396.16698626555,2892.40804564294,2415.36662889922,2169.51582298908,3073.88998163565,2859.87946398096,3077.78843494806,3282.42589834104,3373.19176336004,2792.54084401643,2583.15087666207,2817.4751652854,3058.69449873635
2982.21224201095,3991.08870912437,4588.51188305098,4798.34035665458,5359.06760051597,5751.72534388596,3625.52771205793,2754.45613855077,2582.30753997273,2153.58429161712,2979.15605608367,2269.17724442142,1972.83004962414,2502.47070969872,2759.31475478967,3614.55135325257,2672.85119604515,2367.36805269058,2423.94856810123,1966.30575473399,2173.33208293164,2247.59527066151,1827.19890759052,1e+09,2263.29736236757,3249.47571421914,3528.66509687445,2394.91312827835,2955.68700100332,2576.58842184777,2591.4471753829,2259.90391556809,2910.03944930305,2245.04711841422,2421.51245838216,2872.1634170778,2876.82015861263,2250.98388028435,2030.54716497795,2253.91120157827,2244.37286541252,3274.80193515577,2523.22290327272,2332.85548890196,2377.22549929535,2951.99374540327,2855.83802292777,2374.60198365958,2935.44484928605,2733.91485816585,2624.98575794232,2708.3835881758,2529.47591629175,2713.84477299274
3513.13831624945,4708.62131420653,3072.81656400118,3114.15228545426,3872.81891541549,4197.34095684399,3352.03734307958,3753.81365095552,2853.56913263022,1959.61392034247,2016.09780214155,2664.96378183644,3068.60078556987,2773.68366577734,3548.65183030119,3100.36853989973,2757.8183377264,1870.88258760404,1966.19391742015,2881.41993267208,3302.42407637178,3042.37656117713,2581.37195084319,2263.29736236757,1e+09,2234.07060537486,2369.70732184378,2856.61967736344,3928.5506696236,3122.98144158751,1862.6268331311,2344.29125138068,3403.66644170665,3594.14216972562,3201.95612099854,3612.69133980472,3138.33202993246,3009.75874445112,3049.80912561754,3104.20635987687,3214.49725457963,3635.4319660255,3169.01669151489,2808.49113265469,2785.22435893412,3281.15592512761,3218.40399522807,3039.56091603705,3409.33780689154,3518.72728380589,3291.140930331,3355.60717319534,2625.49920594161,3114.8074368089
4226.12365771519,5227.0028738848,3058.76094145979,3144.74181674744,3572.94380283262,3690.57139416107,3154.28258220471,4260.89424413468,3608.53645032165,2931.48389512888,2468.1447492398,3470.1072570023,3562.48517636214,3334.16425150292,3546.34929341429,3100.05495112587,3638.30803298731,2738.70155318173,2650.05722483497,3418.14174902095,3436.50008057617,3463.26783844392,3630.89997518522,3249.47571421914,2234.07060537486,1e+09,2613.69535596634,3272.02391288633,4172.54976396927,3631.21476636951,2441.54455673043,2905.76198121938,3755.12944615762,3966.73427353031,3614.57383100691,3852.37340626529,3460.1475419843,3743.73827920703,3385.4990677742,3444.53822233112,3606.98601393185,3669.82787356573,3557.83661318223,3064.38189349826,3305.72853770542,3842.7107089137,3635.19693822769,3429.2223898575,3678.81489823829,3715.11005349774,3386.91980237206,3706.33304601732,2500.95660146273,2946.85323234802
4093.61077850594,5213.02470949448,3253.14342385945,3325.08715807571,3763.65332316886,3762.9599928248,3343.59185523592,4517.63908789757,4105.68587613568,2971.70326247423,2973.77159482701,3622.18097854042,3981.58473952269,3289.04301613706,4236.38163728199,3310.54521781534,3948.16710161817,2347.26920407524,2375.53313933946,3436.02955985539,4365.98942614386,3840.83055952746,4229.89090095714,3528.66509687445,2369.70732184378,2613.69535596634,1e+09,3425.15388884938,4746.30416511626,4287.45311268823,2652.99681151335,2728.7802233782,3804.78746796717,4462.92220310863,4276.25166382897,4196.46491195864,3991.20742143277,3804.52087656251,4032.24060374626,3572.50203855785,4173.95867556209,4420.908971128,3878.923792742,3627.26690862418,3804.18551301064,3839.72764367474,3907.88917715178,3336.70965963477,4319.95332100938,4134.82594782417,4230.38803230862,4039.86503900811,3196.12746701379,3763.81403865813
2482.04053826685,4474.03086045459,4383.01194888857,4509.36884795422,4823.17686377972,5213.96453724994,2289.07337730794,2429.14754537471,3230.92579017222,2032.24020408514,2973.81056926967,2752.52759611961,3034.63487627424,2159.84592124068,2379.36800638321,4119.64910555499,3128.60056386238,2829.59309945794,2718.9118543638,2157.30159803862,2450.18920100061,2575.65894133909,3125.68613051599,2394.91312827835,2856.61967736344,3272.02391288633,3425.15388884938,1e+09,2492.6644686961,2006.27275309216,2515.79055153644,2435.22785554042,2770.50276969723,2731.79946260702,2642.53205844319,2537.30531292551,2824.18557216058,3031.26445769748,2636.3999637005,2408.82464243456,2816.34660611935,2715.10241480869,1853.86293986368,2187.86025278124,2437.66840687982,2736.88604269524,2608.14060794275,2297.36741084224,2544.56090400682,2403.89921001277,2947.819435515,2394.87894184654,2376.75237366033,2626.85950162927
3288.82492560793,5042.23490809383,5650.75160645024,5719.94061051337,6414.46751108773,6506.64819407043,3599.80525181572,2477.01214351081,3904.31965155262,2648.05999973566,3546.10279481574,3217.1758640926,3445.62720720045,2774.7633135819,2062.36373001951,4739.15516192496,3831.77479175121,4018.12596920505,3516.99806322096,2504.22933833944,2695.22230404099,2385.25516236733,3237.32223085685,2955.68700100332,3928.5506696236,4172.54976396927,4746.30416511626,2492.6644686961,1e+09,1884.20146229112,3250.9384267162,3052.83601873733,2863.05598478269,2808.04749165679,1997.33822408725,1647.12917553542,3214.933870844,3075.45779028099,2764.73859862013,2842.95317638191,2445.36178908153,2443.32031915588,1909.7964870373,2576.62120176793,2429.80036817842,3070.01927941829,2752.16679020368,2432.63180985122,2946.38405611013,2554.74180574085,2519.39500759607,2387.83615204226,3289.18483436246,3600.68985493058
2884.95115612032,5063.06526786886,4845.50723405713,4800.76356946476,5488.71784287551,5941.2665619462,3324.8374348079,2697.95223497378,3293.13408648965,2034.88224841144,2965.39851458451,3044.76097692413,3335.47969418193,2696.44893960557,2548.03845751982,4655.27524847887,3142.73459646213,3336.61782335047,3236.95313731911,2544.84803736883,2446.14919984452,2865.46426295984,3101.48330666151,2576.58842184777,3122.98144158751,3631.21476636951,4287.45311268823,2006.27275309216,1884.20146229112,1e+09,2623.36501684382,2610.60619155782,2968.65675737361,3128.16348148558,2366.14372549514,2412.65051223753,2923.92152729857,3223.89447977132,2805.59950684341,2992.48959493596,2892.07583133638,2876.6971783801,2292.66425060452,2657.94591011555,2623.16352465873,3174.52734599972,2947.03765547711,2910.55679831197,2877.49838613334,2800.32270545736,2791.72168637921,2911.70748762646,3043.63197349811,3405.35830039953
3583.58320118286,4598.32030188198,3689.83176756068,3771.12449939007,4508.37030572024,4437.37432300905,3283.06600011331,3224.71936378966,3084.08429223327,1939.19030528208,2049.61862420793,2803.0163863952,3476.20583097434,2616.84330190021,2844.32926828101,3607.80313713207,2761.74526348829,2589.88882261382,2175.37463283913,2392.93359780417,2887.72833793278,2918.41540790546,2997.47773961709,2591.4471753829,1862.6268331311,2441.54455673043,2652.99681151335,2515.79055153644,3250.9384267162,2623.36501684382,1e+09,1976.5712470842,2977.66902732658,3788.66591853914,2883.15407987503,3195.50965481252,2823.49075883028,3281.85761889513,2930.6197145655,2980.28697678596,3199.9440113227,3060.99685721825,2591.90314757323,2348.92490039592,2168.57663841977,2637.80175128837,2476.11777143172,2330.68804913914,2707.41645824945,2703.86530272867,3019.6420819362,3059.91375948735,2623.05819476046,3052.58460490451
3084.54109329086,4653.76824462714,3994.20586756617,3999.67424972335,4880.39953465902,5008.59792356104,3265.07424005948,3027.8419425723,3081.2654845047,2185.62219857413,2751.07032085696,1963.1870828324,2720.15880122834,1928.05450402731,2668.28302944047,2945.53155496593,2732.46556249114,2193.03289576331,2192.90574234279,2061.0283549966,2853.75136031505,2703.33181287462,2703.37445691491,2259.90391556809,2344.29125138068,2905.76198121938,2728.7802233782,2435.22785554042,3052.83601873733,2610.60619155782,1976.5712470842,1e+09,2200.42882136642,3221.08534747218,2896.42206732721,2262.58286778628,2277.03414875579,2797.12558397009,2603.29490496179,2369.49431963869,2332.4755033226,2806.10121455018,2286.09611906411,2225.91400002336,2191.98034281788,2568.64529378815,2454.68623139496,2353.14622992282,2819.44684840839,2658.70730102055,2760.89159602473,2426.27138533594,2091.0377200089,2520.7332511196
3406.67527385573,5077.08253901786,4976.52594135708,4861.56740372897,5647.87370459007,5853.54502415417,3503.41515487388,2848.35222297033,3676.5946449806,2699.62471728942,3429.90901482824,2676.39638732756,2540.84652704566,2013.63738741612,2676.95662966362,3631.32535044713,3129.5773495314,2981.33540102418,2933.73116080871,1943.40089621262,2775.34525736889,2751.15993326451,2847.66553334481,2910.03944930305,3403.66644170665,3755.12944615762,3804.78746796717,2770.50276969723,2863.05598478269,2968.65675737361,2977.66902732658,2200.42882136642,1e+09,2755.9013817987,2304.94300970762,2406.19242782035,1885.26431825885,2828.44294328169,2620.95420118323,2141.71113166552,2430.40760032139,2826.10270722775,2205.63238276464,2061.28952178,2299.7438430834,2926.69621600876,2479.73546571,2503.6295122282,2882.8857065274,2797.39391698774,2788.0522762495,1941.72513111408,2179.40597209423,2954.33070102181
3185.76443973813,4736.01652425327,5565.55654629436,5696.03325339661,6025.88152173605,6370.9596688882,3662.02300432425,2391.74931514572,3716.45516984936,3226.02423964855,3997.01843578435,2785.17511943145,1945.00100287892,2559.86161235329,2802.44482598677,3850.83217351782,3669.51782583216,3269.19012490861,3251.29050038596,2350.02722635292,2190.36609524527,2267.81809804049,2807.34529600475,2245.04711841422,3594.14216972562,3966.73427353031,4462.92220310863,2731.79946260702,2808.04749165679,3128.16348148558,3788.66591853914,3221.08534747218,2755.9013817987,1e+09,2170.19713464008,2696.03726318833,2877.7352225144,2629.42658494205,2299.02654514906,2203.68975595477,2089.29590424621,3090.19576399295,2313.34187570709,2623.13648935773,2839.60713427051,3636.94677607468,3368.32474629451,2810.75275061682,3081.82120615392,2718.02864035683,3102.44194058487,2491.02237926519,2547.39745552201,2778.54987232549
3366.57321326895,5112.66733703651,5368.09335777611,5348.50718786093,6086.69481132412,6230.1722504759,3705.4036158022,2460.42860069135,3589.7399981475,2532.11882481846,3265.28650617369,2984.10084837963,2751.52250385128,2264.50632182823,2116.08162973454,4153.97011585303,3379.80021319308,3262.64771349896,3111.86743295726,1990.92071574937,2136.16634342928,2303.69513312851,2638.50445044158,2421.51245838216,3201.95612099854,3614.57383100691,4276.25166382897,2642.53205844319,1997.33822408725,2366.14372549514,2883.15407987503,2896.42206732721,2304.94300970762,2170.19713464008,1e+09,2170.40119731353,2501.31544206244,2187.99837362828,1708.80717288406,1971.5365109731,2081.70725912651,2268.97299217069,1978.49624535909,2105.21554635149,2112.72883664705,2980.39487709263,2163.31107266154,2092.97391290479,2367.32520890139,2154.63321927422,2170.44416401344,1935.22386891026,2428.11429240882,3008.05614704912
3252.21669345694,5006.4425356035,5233.68453190484,5225.36936444688,6037.93691995039,6101.33080166122,3424.77704443662,2459.11557735703,3663.97050170986,2659.49181538504,3490.79316601543,2470.06180861937,3106.8719694091,2278.0054348706,2045.31336557507,3788.40163862017,3531.36152003728,3561.733401688,3149.45947705317,2314.19218944754,3003.68491115496,2213.47858501048,3068.2760639975,2872.1634170778,3612.69133980472,3852.37340626529,4196.46491195864,2537.30531292551,1647.12917553542,2412.65051223753,3195.50965481252,2262.58286778628,2406.19242782035,2696.03726318833,2170.40119731353,1e+09,2551.99698444179,2898.51418804532,2654.62356608239,2235.44493727759,1787.71805607036,1980.71758872889,1617.58288721166,2409.60825245516,2076.45180818145,2773.17343476747,2273.31453446284,2282.94359058651,2690.5360617914,2330.35452116196,2526.59642412476,1716.13814254564,2547.95028261935,2965.96621550213
3747.31272532731,4746.48808732309,4917.61507581673,4697.47594108794,5548.31136016176,5808.3069488363,3684.45655882927,2565.97022699017,3265.01056812991,2909.86688460142,3646.47511178947,2582.29830902628,2864.46061147644,2151.18979034859,2357.29180603505,3136.47294008732,2328.91990459097,2972.83541951115,2991.70720308656,2382.95215451339,2808.66178065284,2823.85807906488,2820.85360983161,2876.82015861263,3138.33202993246,3460.1475419843,3991.20742143277,2824.18557216058,3214.933870844,2923.92152729857,2823.49075883028,2277.03414875579,1885.26431825885,2877.7352225144,2501.31544206244,2551.99698444179,1e+09,3517.3129529088,2785.53911230842,2242.0368677611,2291.81933873506,2348.37995394698,1974.02879295111,2138.91189175712,2013.8556059708,2818.91280338715,2317.64609287095,2623.22015370422,2101.69049272247,2321.82596081188,2969.9008415097,2214.83783051943,1877.24419005626,2497.48087710397
2976.1269188494,5249.37739171037,5200.00720861039,5295.85400606928,5913.40681864524,6177.43266239301,3906.21940220976,3431.77434644238,4127.01988484427,2951.89100852318,3541.21951268204,3255.2844623627,2605.98720346052,2345.84104171617,3192.09631836196,4125.82996784889,3967.82621558707,2734.84206549483,3016.68818290854,2370.13340265901,2877.29607843892,3075.10689960528,2535.76162657297,2250.98388028435,3009.75874445112,3743.73827920703,3804.52087656251,3031.26445769748,3075.45779028099,3223.89447977132,3281.85761889513,2797.12558397009,2828.44294328169,2629.42658494205,2187.99837362828,2898.51418804532,3517.3129529088,1e+09,1579.48528638288,2410.06492064011,2600.3754381435,3288.1315686876,3098.71744115207,2566.42671619511,3031.85486740378,3411.30052132614,2983.49487924816,2779.23578155938,3450.91026592985,3184.43117312967,2412.10058088381,2482.72978855936,2752.9974550297,3107.43159419479
2997.56946121354,4915.69519597178,5331.17816688769,5425.96258240877,6022.27478973685,6278.1932468426,3877.29763194677,2899.5066972849,3712.93432298499,2951.09757078616,3654.94185823797,2952.24330210096,2584.05530202045,2132.08466203854,2241.00221923139,4007.15279086036,3374.32127237464,2659.32501129516,2992.15104227711,2185.00672921161,2040.29321855953,2832.28735192953,2475.515164183,2030.54716497795,3049.80912561754,3385.4990677742,4032.24060374626,2636.3999637005,2764.73859862013,2805.59950684341,2930.6197145655,2603.29490496179,2620.95420118323,2299.02654514906,1708.80717288406,2654.62356608239,2785.53911230842,1579.48528638288,1e+09,1988.82056309764,2139.36287380145,2561.26816821277,2549.5300431256,2068.57785647531,2594.79718970481,3222.06632832101,2544.95124652713,2345.26338213856,2478.36294702773,2344.09021569137,2027.89682489026,2162.84202291799,2265.36556270726,2556.07932997002
2894.62544606379,4598.09088797731,4897.48428917337,4947.83863205946,5507.83942255945,5749.52046702158,3146.61834048872,2630.55310119374,3216.15141325778,2575.7396526629,3482.88380732117,2336.04931356339,2360.10638830117,2174.89576768635,2289.16267163345,3317.51406587824,2877.26966907866,2784.62074934811,2309.11844771982,1855.67396826598,2611.9843747427,2127.62795203955,2631.00434421914,2253.91120157827,3104.20635987687,3444.53822233112,3572.50203855785,2408.82464243456,2842.95317638191,2992.48959493596,2980.28697678596,2369.49431963869,2141.71113166552,2203.68975595477,1971.5365109731,2235.44493727759,2242.0368677611,2410.06492064011,1988.82056309764,1e+09,2212.26089939681,2733.97667288878,2029.4504704476,2051.88695660848,2154.72292202501,2995.3815737732,2134.6863029963,2151.58142346508,2696.92611430124,2386.77949616214,2821.52527116097,1598.29413466358,1982.24913280344,2638.10590134286
3291.94090770172,4515.84690242041,5144.59918645758,5308.00272968091,6088.44565840084,6097.53021411948,3710.74282543267,2352.56286377219,3549.68288462505,2883.4067315417,3596.5584304304,2271.580055468,2081.2327421747,1877.02115382326,1974.36240037132,3207.43907678696,3275.12370160274,3228.56842345025,3089.26905166902,2001.94635065478,2452.90665910874,1828.20654940846,2350.31019499555,2244.37286541252,3214.49725457963,3606.98601393185,4173.95867556209,2816.34660611935,2445.36178908153,2892.07583133638,3199.9440113227,2332.4755033226,2430.40760032139,2089.29590424621,2081.70725912651,1787.71805607036,2291.81933873506,2600.3754381435,2139.36287380145,2212.26089939681,1e+09,2267.56751346018,1796.65517197931,2002.69435284069,2020.32663148809,2734.81666348953,2559.24794187668,2132.6382387081,2645.75528048231,2341.3628875294,2069.19347461759,1774.57577823546,2087.75956074927,2356.49873055345
3756.99281866495,4997.40334181663,5402.44370619445,5248.89748002378,6059.76538616802,6029.98702220826,3978.39211493789,2741.48482612981,3960.45048797482,3321.76107981896,3817.2514278732,3193.40039492388,3596.60201053717,2402.91232511717,1970.17311571851,3805.90503714951,3660.66723763578,3728.6862907732,3547.46448383913,2896.96260611006,2733.51683931159,3011.45113435367,3396.16698626555,3274.80193515577,3635.4319660255,3669.82787356573,4420.908971128,2715.10241480869,2443.32031915588,2876.6971783801,3060.99685721825,2806.10121455018,2826.10270722775,3090.19576399295,2268.97299217069,1980.71758872889,2348.37995394698,3288.1315686876,2561.26816821277,2733.97667288878,2267.56751346018,1e+09,1750.36024175025,2006.78726037415,2088.22840877142,2408.52081572902,1868.92425884518,2238.76401393715,1465.70702171341,1606.16211242826,2146.70560536372,1977.82116405908,2394.91318757069,2539.29038280383
2920.02208864933,4169.56627477008,4844.42273177104,4944.47068059868,5599.12063135811,5615.28102955676,3075.07920169546,1610.78207197622,3403.71674218052,2418.80576295411,3306.79890457524,2275.13374314566,2768.13990912671,1805.61142228886,1510.37745871686,3569.92665951277,3070.28886012375,3331.45005499107,2745.98905755285,1804.10323582105,2284.18839339053,1737.09176668937,2892.40804564294,2523.22290327272,3169.01669151489,3557.83661318223,3878.923792742,1853.86293986368,1909.7964870373,2292.66425060452,2591.90314757323,2286.09611906411,2205.63238276464,2313.34187570709,1978.49624535909,1617.58288721166,1974.02879295111,3098.71744115207,2549.5300431256,2029.4504704476,1796.65517197931,1750.36024175025,1e+09,1657.42369347732,1533.84356819723,2343.06345818887,1991.08134605294,1648.48061480868,1951.23946746677,1581.76607622619,2521.58873276353,1520.62958306749,2105.51395020313,2429.54594480121
2747.6291901019,3965.54327652593,4517.54559824248,4630.34794778967,5215.36854979588,5290.07470962367,3233.40562107509,2350.66410239745,3482.76237301657,2604.91155393038,3143.17667044027,2673.22557583531,2289.53399201672,1760.27717720818,1972.13415874783,3262.29828185591,2991.84156433793,3051.24928775084,2550.5399559505,1740.35939380348,2047.4178448475,2191.52442797246,2415.36662889922,2332.85548890196,2808.49113265469,3064.38189349826,3627.26690862418,2187.86025278124,2576.62120176793,2657.94591011555,2348.92490039592,2225.91400002336,2061.28952178,2623.13648935773,2105.21554635149,2409.60825245516,2138.91189175712,2566.42671619511,2068.57785647531,2051.88695660848,2002.69435284069,2006.78726037415,1657.42369347732,1e+09,1543.65181818958,2044.69270199705,1848.23749109794,1864.81187638325,2086.54037921628,1982.67635901576,1670.38662988543,1497.3699654394,1642.66829207847,1983.51532280444
