1e+09,4527.0390989807,4871.49875451077,5235.61793345351,5395.45534690076,6284.65608934968,3692.52969074048,2780.07905662771,3696.89619002211,2943.95759850579,3869.92807491302,2778.27096318916,2845.21325299177,2519.56454182067,2991.07990120625,4401.31542640379,3421.03222627323,3785.23196265434,2969.26754040454,2825.52840006962,2210.20561943906,2758.58827750717,3161.23442634361,2729.10247088672,3653.41433442746,4216.82382234544,4362.6667483318,2432.45833699161,2957.71356393752,2750.38227797519,3574.52585542474,3133.98910722421,3056.16280706706,2728.410392408,2877.78636648032,3322.11420864786,3166.94487902774,2642.78675376959,2658.72992714567,2624.66928811993,2792.06484156439,3495.37089824528,2681.40437388694,2677.18245095473,3179.16383295986,3520.32855475167,3482.62021895871,3000.82808917805,3526.0959127199,3520.35220451023,2886.82718684372,2759.42899669479,3133.48231692793,3141.44523125901
4527.0390989807,1e+09,5799.07370333401,6395.96724392801,6425.09615740496,6612.25675284165,5595.97513058269,3976.41886070872,4804.48860124571,4666.23860106832,5539.50506015655,4814.83756768595,4865.17646601847,4692.01241290984,4464.31658060895,5034.11669622388,4221.00939443399,5248.16376825266,4733.41240394285,4278.77773039217,4320.40836036364,4306.66040863451,4807.75576058102,3823.65022065304,4699.61914511165,5148.73422229192,5113.24852602531,4447.04485053839,4927.69181394291,5005.83448440917,4847.84186369564,4928.90029151534,5261.7631224714,4638.85697829756,4834.13896612417,5288.06245025529,4802.06635477895,5138.99756590719,4916.56631748215,4706.2903946208,4655.65875510652,5274.61353791915,4330.2040070417,4468.88154714354,4736.07694298773,4830.64453826816,4827.54737872142,4531.18242750168,4926.73157574066,4554.65422780918,4956.55849084826,4745.92636692775,4935.08056390167,4786.92190252776
4871.49875451077,5799.07370333401,1e+09,1537.70453686656,2004.07895877383,2420.53058340522,3789.48462638391,5494.26401745493,3745.72753082762,3291.14852749006,2575.23671886683,4124.68172239992,4656.499487555,4542.69883487779,5150.0881722355,3837.91349093489,4114.39034696515,4113.92194567422,3484.52662993124,4605.19538421553,4452.53719164703,4552.153106542,4499.01997613925,4406.54221128086,3063.61147089509,2925.64028402331,3034.59511424506,4175.40501700135,5357.38705442308,4592.61308335462,3550.299118849,3971.35655102888,4620.18547819241,5290.79029433222,4860.21920177475,5353.06113834879,4448.98117806763,4953.25534501302,5159.1128044752,4669.19380218898,4997.40630448436,5310.23307029927,4655.93961684427,4506.47406610756,4494.5943907098,4672.54286422286,4634.69516830395,4831.94833414017,5283.8075788488,5386.20110010757,5002.03224686727,4872.56717609927,4241.69642071424,4524.90955757129
5235.61793345351,6395.96724392801,1537.70453686656,1e+09,1978.52419881588,2699.33550743512,3976.01635729784,5885.83386743119,3957.76090714182,3636.9078413537,2993.83261791637,4460.37226125802,5224.00928016978,4638.14172988493,5487.00313919174,3876.35597738392,4165.88403034698,4269.88743013209,3940.16139730342,5028.44718730345,4899.44551231055,5191.81473177732,4864.86315441658,4674.68376837407,3128.2171742224,3119.75083239031,3233.77409125931,4443.73612858595,5588.86402149847,4820.9037808382,3976.94463132189,4316.10956558102,4863.39815624837,5601.95861929558,5072.56838849907,5309.05926889124,4482.05955445708,5122.32355393527,5397.4764126951,4885.94079997906,5293.78904883827,5380.37189606815,4951.73178585028,4912.92983430458,4899.50117325223,4842.82971842909,4764.89930000625,5236.28485818906,5368.99593201559,5572.22600183266,5235.83802874,5070.36269190874,4434.22613945207,4744.70964579499
5395.45534690076,6425.09615740496,2004.07895877383,1978.52419881588,1e+09,2329.0693731188,4312.09494438608,6139.59506901717,3995.35584785636,4094.05774370611,3221.13586242493,4827.25631199546,5303.98572667763,5276.26808515261,6093.85902688928,4280.7990781979,4619.00116033759,4571.90002284608,4205.1589030737,5486.65122962996,4983.95178116723,5313.20197124107,5173.80111416162,5084.1169214722,3809.37446392449,3453.90134081737,3745.83301851537,4690.7320645929,6093.55370109266,5220.90248347927,4361.88573611231,4817.28415802929,5415.19786819466,5638.25742026736,5538.06409156666,6083.49080978183,5038.37058404798,5521.0649630574,5776.39612214225,5252.45995927623,5882.64338884315,5890.72055634113,5398.10987577133,5276.34197747834,5282.65484297432,5415.63965017984,5400.48609107551,5618.92841120084,5821.22387945181,6079.19602704173,5842.29547024969,5625.84824830887,4926.54694792407,5149.21899893566
6284.65608934968,6612.25675284165,2420.53058340522,2699.33550743512,2329.0693731188,1e+09,4520.7711497708,6542.02337884083,4863.74421755503,4710.35004835097,3714.57315308233,5446.65036370979,6104.99610453602,5702.15565632858,6338.68983888627,4456.53979855448,5280.90205921299,5378.29629846664,4930.8728943971,5845.59786586453,5605.88678119707,5793.37715782427,5941.90924290333,5638.55082515002,4238.48343198366,3634.38465728382,3900.21257402722,5322.30863791269,6442.64177364379,5871.10133380442,4758.21689754681,5364.44999885356,6128.55174145572,6307.17716327994,5974.94242331255,6331.88881465081,5561.58165753233,6206.64983603071,6433.75143140454,5922.54095182127,6214.7506793676,6272.45684013051,5752.14553950958,5893.47316628319,5740.14141721265,5594.81833106313,5663.35328120187,5980.2759980623,6211.3616141632,6247.69930995403,6324.43559860483,6114.42343306382,5462.02056392138,5613.27648419352
3692.52969074048,5595.97513058269,3789.48462638391,3976.01635729784,4312.09494438608,4520.7711497708,1e+09,3763.24659801879,3516.85715675232,2520.60698717591,2927.92226399541,3370.13727534948,4143.58046452582,3132.39854344877,3467.246951776,4102.777852809,3399.87453236145,4264.18919447766,3398.22720292508,3149.85908468935,3573.43006037616,3537.30008351002,3880.30332197111,3163.2128938154,3113.86626292781,3123.17566030155,3580.35291643156,2622.92063482676,3378.27171519699,3437.49717338066,3830.97270370072,3957.88558624425,3966.80135702558,3649.17983229109,3209.77934420732,3142.9104262928,3385.93440899259,3666.47831106363,3898.93624378496,3099.92216005499,3576.19028278698,4314.77286198242,3268.86791352909,4081.25082518828,3762.5726910719,3675.54851283451,3436.87994720502,3770.0474486404,4150.27748167517,3894.26959783218,4161.79707908735,3459.87139567354,3415.10441783264,3556.44903660941
2780.07905662771,3976.41886070872,5494.26401745493,5885.83386743119,6139.59506901717,6542.02337884083,3763.24659801879,1e+09,3935.88577050961,3115.55525402776,4162.18302121615,3029.04185408522,3235.4991217585,2459.99705436816,2131.28205245106,4441.24075125409,3428.90295518844,4024.18231850894,3461.30246436222,1911.44752104263,2095.98568327649,2375.59472273787,3460.26278796857,2573.5584395735,3795.74558627156,4258.96746524319,4462.78808368715,2290.01426665862,2275.8582347765,2750.86388432798,3352.50215125956,3212.79857045225,2869.22538142266,2087.530231326,2024.02035602412,2718.60676321531,2731.59425286773,3067.89061190258,2644.00918689781,2494.02849969683,2211.14377768611,2864.79130562769,1631.19539148442,2606.86861149541,2506.1149025733,3169.57810916532,2820.62573401719,2452.69176312475,2515.54918322024,1951.26957166354,3125.53198934197,2405.98962742984,2659.93812837818,2610.19122048558
3696.89619002211,4804.48860124571,3745.72753082762,3957.76090714182,3995.35584785636,4863.74421755503,3516.85715675232,3935.88577050961,1e+09,2223.3388230317,2593.84631052034,2473.20252674543,3828.52801598735,3707.6892730918,3995.06483221487,3634.07113473306,2221.61198029719,2861.82791042718,2440.34169314463,3661.70516538402,3193.207587646,3163.41855615092,2849.74709556831,2734.07898850783,2945.71043831535,3480.67646765683,3514.47954886638,2584.69615897111,3908.01449315378,3377.58589912973,2705.03936597973,2795.91361504607,3609.08244368288,3383.2135886166,3587.98141889002,3961.31988447033,3116.17159341394,3564.07734286168,3622.90411102751,3037.49809879776,3653.58922960696,3820.22399967594,3151.74032082277,3484.27039270778,2901.08772955938,3427.75838495072,3410.08792606584,3392.0935777776,3451.33859780521,3922.68125903699,4034.86002249149,3600.68820635722,3425.36498888805,3563.98500597295
2943.95759850579,4666.23860106832,3291.14852749006,3636.9078413537,4094.05774370611,4710.35004835097,2520.60698717591,3115.55525402776,2223.3388230317,1e+09,1808.46011689503,2576.07674732334,3413.53502806109,2776.87205452466,2941.55817756508,3854.53774539827,2402.3444564425,2597.43173525311,2163.06539584452,2509.1314071208,2614.58658735946,2704.16107763572,2875.35762866117,2066.53678244545,2027.38886274933,2684.42886862364,2696.92732968465,1640.84283586211,2646.67824174001,2045.33571347102,2160.19146783335,2387.60213230764,2923.90043484726,3081.54143791707,2463.77526262036,3086.68859752648,2947.05110088034,2818.57866324501,2989.50190307683,2758.59245145056,2964.86682825722,3494.75107100635,2503.80139649693,2990.15028088891,2683.57769397497,3060.45966338392,2896.89501920591,2788.73868553509,3290.85635376265,3240.95287380116,3201.54162954349,3082.19816728256,2887.96869188362,3289.06383191327
3869.92807491302,5539.50506015655,2575.23671886683,2993.83261791637,3221.13586242493,3714.57315308233,2927.92226399541,4162.18302121615,2593.84631052034,1808.46011689503,1e+09,3056.50505147628,3768.86255177872,3504.51924306316,3975.55628489901,3777.42380303031,3362.45584500377,3308.89300840931,2502.83820661664,3397.76453260081,3162.81309441453,3275.99063777661,3162.23189214517,3234.69771032781,2475.75477626521,2522.28903746181,2848.00310544072,2802.62945007006,3650.35152382616,3186.67614837153,2191.92871629075,2850.72685860992,3474.60440998684,3954.49464338997,3374.73488109807,3966.68195640891,3562.86228552269,3347.5712697865,3726.3656683557,3586.47532532987,3761.26087682043,3889.68401769347,3380.46566231636,3345.39742642036,2941.81337066103,3180.30304706957,3302.06543531469,3287.75810989799,3868.80898211581,4074.62379765298,3599.09776859424,3710.70429034705,3345.7463462283,3561.48113295578
2778.27096318916,4814.83756768595,4124.68172239992,4460.37226125802,4827.25631199546,5446.65036370979,3370.13727534948,3029.04185408522,2473.20252674543,2576.07674732334,3056.50505147628,1e+09,2726.89094844293,2467.74821716074,3028.6901963225,3067.27876913723,2677.6447559189,3388.77181435989,2014.71894561003,2721.57382194568,2647.15167852165,2119.28343963237,2394.21278795349,2746.54709508139,3239.5722932665,3793.87317310424,3704.51026672892,2631.187282863,3291.78645756373,3495.72597494426,2892.33489492486,2288.00017419143,2200.64328531455,2748.46559318104,3063.91214466081,2920.21492441909,2301.4485340976,2940.63370694141,2904.11288899037,2117.41011150415,2297.13937552775,3139.49249006906,2216.27667731265,2517.88288881751,2098.91671995341,2962.18140877631,2882.54707128956,2462.8360969216,3126.88203020197,3388.89626974624,3277.80536389823,2222.08832004941,2571.53622887176,2611.91825995761
2845.21325299177,4865.17646601847,4656.499487555,5224.00928016978,5303.98572667763,6104.99610453602,4143.58046452582,3235.4991217585,3828.52801598735,3413.53502806109,3768.86255177872,2726.89094844293,1e+09,3139.54613359957,3498.95733795084,3534.99888852882,3698.75843447501,3775.04011987952,2731.05232752871,2488.71587594888,2420.70620406525,2668.50453880071,2338.37704904491,2977.53352971885,3764.91221361136,4040.64969297018,4161.6580618787,3337.30979344142,3751.80268245813,3812.48692970874,3824.1337386786,2907.95458111023,2288.49236566347,2774.19929604922,3164.47503224468,3976.66376118223,3409.612914335,2662.92063875362,2696.61819268134,2569.54570669603,2712.68786942029,3916.51107613651,3301.51085775891,2205.23291339033,2702.82491882105,3439.30417151493,3313.33719103565,3175.64823760441,4034.57648261871,3790.61851071827,3112.02632281605,2774.90871601211,2756.61492296258,2721.09385696267
2519.56454182067,4692.01241290984,4542.69883487779,4638.14172988493,5276.26808515261,5702.15565632858,3132.39854344877,2459.99705436816,3707.6892730918,2776.87205452466,3504.51924306316,2467.74821716074,3139.54613359957,1e+09,2401.87953469777,3318.47366237853,2994.15365069998,3467.46821198119,3110.09412190371,2111.14770520681,2493.87913203507,2860.76893041014,3002.17235536203,2395.95605806951,2849.87277442345,3413.1905960992,3545.13308771335,2397.28098841166,2861.56292146442,3131.9226744286,3153.85830016188,2699.97104158545,2554.98272716275,2739.75924694123,2313.63386902509,2177.93268722888,2015.34868213915,2132.750812894,2261.16092830652,2241.47116470411,1704.70635339345,2748.63860743824,2129.78323256147,2574.19527015726,2784.89366041147,2646.00251787484,2510.87214256322,2362.39961259733,2753.56123216826,2707.3480410542,2428.89876884567,1890.91794866938,2041.32761028209,1924.82747663265
2991.07990120625,4464.31658060895,5150.0881722355,5487.00313919174,6093.85902688928,6338.68983888627,3467.246951776,2131.28205245106,3995.06483221487,2941.55817756508,3975.55628489901,3028.6901963225,3498.95733795084,2401.87953469777,1e+09,4202.8154922504,3183.29210211693,3983.92780400198,3093.24121324219,2122.51706918932,2402.30366948061,2740.63491432186,3376.826005334,2794.74647093435,3585.94163112006,3583.13832801638,4119.02178974572,2394.02681037619,2007.29109331457,2777.21994541304,3218.4933388,3033.12947379435,2705.60657082659,3075.14134670262,1927.69380553552,2355.25781015582,2645.23883171255,3032.33650522167,2170.96536165366,2220.15380539277,2120.09462187422,2505.83632324619,1937.82379098307,2335.21448241912,2435.70006297984,2958.25624579751,2088.98381054043,2223.97054377975,2502.72946306627,1914.90729571956,2464.43247420172,2046.62984679692,2586.00762997714,2666.28114481575
4401.31542640379,5034.11669622388,3837.91349093489,3876.35597738392,4280.7990781979,4456.53979855448,4102.777852809,4441.24075125409,3634.07113473306,3854.53774539827,3777.42380303031,3067.27876913723,3534.99888852882,3318.47366237853,4202.8154922504,1e+09,3309.83265765809,3714.22110295012,3040.15520261713,3880.9984902986,3889.79909772986,3709.9217994319,3531.24293106549,3691.13012930999,3276.44224116648,3123.92115639944,3255.51438225974,4089.51254194189,4743.72194355867,4831.13230215236,3895.58675821756,3265.16260916666,3728.41666606617,3915.54906835555,4146.9411661368,4080.00857771157,3139.69363127997,3903.17957895867,3989.94601148938,3366.87309771248,3349.08886075004,4020.1883068334,3745.91989148193,3557.23989503098,3578.92157470655,3662.0772149014,3707.63344480006,3832.52345580559,4260.30439006417,4255.63259381023,4075.04694184006,3552.27967236534,3171.48730043177,3154.11242993968
3421.03222627323,4221.00939443399,4114.39034696515,4165.88403034698,4619.00116033759,5280.90205921299,3399.87453236145,3428.90295518844,2221.61198029719,2402.3444564425,3362.45584500377,2677.6447559189,3698.75843447501,2994.15365069998,3183.29210211693,3309.83265765809,1e+09,2857.67037205133,2605.289689785,3052.3924016417,3032.53806465805,3575.72130678553,2666.39601096686,2120.15249781708,2285.43610853596,3108.05202612505,3369.46636297204,2598.93157582111,3620.98614870314,3135.71629112074,3022.83297489292,2930.58816567596,3419.31817590876,3449.05421450577,3192.24280769806,3584.68309864345,2567.20909545756,3382.97513104959,3053.36373114963,2828.5927901697,3286.50887302925,3875.13385862992,3129.70433282443,3346.93921398343,3164.26175093022,3444.49453432576,3079.37269233524,3546.31162700065,3366.67576759331,3419.79536361461,3857.55795773699,3332.15380776458,3248.33633983613,3352.89197961998
3785.23196265434,5248.16376825266,4113.92194567422,4269.88743013209,4571.90002284608,5378.29629846664,4264.18919447766,4024.18231850894,2861.82791042718,2597.43173525311,3308.89300840931,3388.77181435989,3775.04011987952,3467.46821198119,3983.92780400198,3714.22110295012,2857.67037205133,1e+09,2667.03634752135,3546.72557826229,3294.73982628371,3758.59551219601,3634.93646632235,2761.16481204944,2529.86699545648,3031.39810826622,2624.42316204914,3090.33030676334,4268.32080059594,3311.12713366612,2728.87834836953,2364.4009826381,3446.314380436,3290.10856293527,3267.15239402756,4305.42159582543,3253.37087702893,3157.11043620587,3165.99361543892,3277.81013923931,3567.44419591954,3996.82499754493,3570.22756778892,3696.79419153948,3650.33087611247,4177.89047842329,3939.06601828403,3595.60903724251,3632.15148725931,3797.43179100033,3931.02056224589,4070.18168725918,3107.07523275507,3713.54366414346
2969.26754040454,4733.41240394285,3484.52662993124,3940.16139730342,4205.1589030737,4930.8728943971,3398.22720292508,3461.30246436222,2440.34169314463,2163.06539584452,2502.83820661664,2014.71894561003,2731.05232752871,3110.09412190371,3093.24121324219,3040.15520261713,2605.289689785,2667.03634752135,1e+09,2900.23837053095,2664.22017462897,2394.4813271145,2570.31525969092,2613.33504780769,2572.96492263303,2812.29220846625,2799.87840091315,2774.42845204197,3507.72842329619,3279.20596243969,2277.49576767993,2220.61896369008,2716.87545430408,3077.21465661725,3013.72612305764,3670.25096632369,2826.51947297378,2974.73755286076,2900.48347228527,2394.41232370283,2969.79128320493,3461.90909952876,2781.84267297775,2530.63662606863,2295.20956958183,3176.40295767083,3061.30265955524,2540.7748302634,3357.40400949901,3450.75477449499,3222.97850331025,3094.15874701024,2750.27019792601,3052.63073572615
2825.52840006962,4278.77773039217,4605.19538421553,5028.44718730345,5486.65122962996,5845.59786586453,3149.85908468935,1911.44752104263,3661.70516538402,2509.1314071208,3397.76453260081,2721.57382194568,2488.71587594888,2111.14770520681,2122.51706918932,3880.9984902986,3052.3924016417,3546.72557826229,2900.23837053095,1e+09,1962.6335992742,2535.15062499253,2945.95540232706,1785.3763136101,2902.85531072425,3381.4930949656,3439.1896433317,2233.75020523782,2459.10055607736,2778.45236619237,2988.08946256634,2701.67070043705,2198.53470627598,2587.63708889017,1831.66500504323,2563.01742754512,2860.4600323025,2335.34114602128,2075.37057743912,1987.60818337015,2006.8960148199,3350.02508804039,2257.5712996271,2259.76832558119,2430.06122536038,2788.59366122065,2273.03923065573,2381.17332766853,3003.51124327844,2201.70957448979,2663.87675140949,2146.45337279895,2055.34301431659,2216.66370349677
2210.20561943906,4320.40836036364,4452.53719164703,4899.44551231055,4983.95178116723,5605.88678119707,3573.43006037616,2095.98568327649,3193.207587646,2614.58658735946,3162.81309441453,2647.15167852165,2420.70620406525,2493.87913203507,2402.30366948061,3889.79909772986,3032.53806465805,3294.73982628371,2664.22017462897,1962.6335992742,1e+09,2483.53243192031,2756.42893666788,2404.22420260674,3223.63197710285,3300.60570715437,3831.59780806911,1908.15264483741,2592.63598785098,2274.31829408287,2505.47994609815,2314.83062913899,2257.65553978015,2362.10618999231,1925.82994527035,3189.37287442218,2537.34497221013,2433.8815164876,1874.19901325873,2148.57676851445,2469.36823278749,2605.04786195955,2060.95878544429,1618.64929614169,2021.0546359265,2751.06764889561,2265.5837816554,2400.45746419302,2375.30519359092,2263.71387931426,2434.43027649181,2260.97970610088,2137.86497995079,2075.9846847701
2758.58827750717,4306.66040863451,4552.153106542,5191.81473177732,5313.20197124107,5793.37715782427,3537.30008351002,2375.59472273787,3163.41855615092,2704.16107763572,3275.99063777661,2119.28343963237,2668.50453880071,2860.76893041014,2740.63491432186,3709.9217994319,3575.72130678553,3758.59551219601,2394.4813271145,2535.15062499253,2483.53243192031,1e+09,2881.0365595563,2838.98589764021,3675.67438952364,3872.0912532248,4077.89531692514,2657.72289300446,2764.92586466618,3310.18402600218,2955.94486766922,2818.48798287309,2736.90806325313,2182.8378339217,2622.01079080541,3018.3097425049,3040.20482852718,2965.12669886128,2934.62425978182,2274.20696147031,2010.34393582292,2987.76736606115,1851.6815522924,2271.42002238688,1929.28061318202,3224.54512032317,3185.55719808953,2058.56297508723,3191.15126064247,3167.00255456165,2881.59884482556,2308.96058706077,2535.77210220083,2705.23095051051
3161.23442634361,4807.75576058102,4499.01997613925,4864.86315441658,5173.80111416162,5941.90924290333,3880.30332197111,3460.26278796857,2849.74709556831,2875.35762866117,3162.23189214517,2394.21278795349,2338.37704904491,3002.17235536203,3376.826005334,3531.24293106549,2666.39601096686,3634.93646632235,2570.31525969092,2945.95540232706,2756.42893666788,2881.0365595563,1e+09,2660.89910223969,3228.85137476162,3840.16704496041,4304.77331834093,3148.63111219781,3521.22517323161,3595.7495756935,3319.35743986694,2911.47573493237,2759.79270413558,3171.11374449104,3153.36781822229,3748.1284748258,2865.26545756235,2465.77759479642,2655.17197748093,2859.56946114271,2758.45499303505,3573.9873349244,3210.74246656439,2448.92500350664,2273.71069920955,2845.34391487215,2915.10142317553,3081.42132417818,3559.8536626384,3854.31992103665,2889.46342565536,2754.17895484299,3129.61939797797,2897.98179713055
2729.10247088672,3823.65022065304,4406.54221128086,4674.68376837407,5084.1169214722,5638.55082515002,3163.2128938154,2573.5584395735,2734.07898850783,2066.53678244545,3234.69771032781,2746.54709508139,2977.53352971885,2395.95605806951,2794.74647093435,3691.13012930999,2120.15249781708,2761.16481204944,2613.33504780769,1785.3763136101,2404.22420260674,2838.98589764021,2660.89910223969,1e+09,2145.84362431189,3206.59130337809,3083.78579658186,2133.9981547321,2944.93181583208,2780.35974510494,2869.51331603462,2773.1912917792,2991.96292117733,2514.63217747646,2217.59820429671,2927.81367793444,2848.21158322201,2139.86268043069,2291.78448325753,2156.93468329479,2444.30728929486,3651.09751744595,2619.29869417369,2832.08562679521,2836.49966624359,2921.67751961095,2734.09948968577,2744.29233876422,3059.42316685679,2702.97506436889,2941.89972233929,2769.03052099467,2519.68050270267,2742.35051045631
3653.41433442746,4699.61914511165,3063.61147089509,3128.2171742224,3809.37446392449,4238.48343198366,3113.86626292781,3795.74558627156,2945.71043831535,2027.38886274933,2475.75477626521,3239.5722932665,3764.91221361136,2849.87277442345,3585.94163112006,3276.44224116648,2285.43610853596,2529.86699545648,2572.96492263303,2902.85531072425,3223.63197710285,3675.67438952364,3228.85137476162,2145.84362431189,1e+09,2171.42258045273,2087.98822439208,2804.08219355282,3894.11634693932,3289.1474239079,2546.34400659063,3080.51327680956,3602.61992506842,3716.40163163241,2990.84111057408,3789.19009756703,3194.70101649591,3050.08234490481,3226.64872192496,3222.42758857356,3383.4439691681,4082.96864155237,3382.46887307186,3412.97490291095,3407.0725041889,3374.9083566817,3233.670526708,3465.18364226198,3621.71505904316,3532.21569024317,3582.32674834387,3612.69291111215,2912.72445275896,3306.49092782666
4216.82382234544,5148.73422229192,2925.64028402331,3119.75083239031,3453.90134081737,3634.38465728382,3123.17566030155,4258.96746524319,3480.67646765683,2684.42886862364,2522.28903746181,3793.87317310424,4040.64969297018,3413.1905960992,3583.13832801638,3123.92115639944,3108.05202612505,3031.39810826622,2812.29220846625,3381.4930949656,3300.60570715437,3872.0912532248,3840.16704496041,3206.59130337809,2171.42258045273,1e+09,2168.41474190248,3236.55017830714,4042.78826128701,3618.22312312273,2784.55771543705,3247.09287771385,3800.49349542925,4068.66092948282,3220.25800342146,4088.82294060283,3411.03089175399,3546.11482628524,3422.46683367421,3383.60832060982,3808.5664150176,4029.3961601709,3714.00287226599,3537.69445102315,3651.60186815321,3835.12413531818,3362.78636758269,3675.43668114416,3919.80199943824,3768.57252305167,3694.19952341505,3839.10380090198,3013.08841221097,3412.99511287374
4362.6667483318,5113.24852602531,3034.59511424506,3233.77409125931,3745.83301851537,3900.21257402722,3580.35291643156,4462.78808368715,3514.47954886638,2696.92732968465,2848.00310544072,3704.51026672892,4161.6580618787,3545.13308771335,4119.02178974572,3255.51438225974,3369.46636297204,2624.42316204914,2799.87840091315,3439.1896433317,3831.59780806911,4077.89531692514,4304.77331834093,3083.78579658186,2087.98822439208,2168.41474190248,1e+09,3389.03221976422,4525.33910836525,4028.34823886913,2952.82709661436,3028.4017951058,3937.40321385809,4280.31281398918,3825.81415226877,4311.85378929991,3849.62261778996,3788.35505322561,3951.13276725802,3635.09067204657,4024.79126207807,4579.90763333716,3928.96080310049,4032.50453149157,4035.16197662498,3872.18436611688,3782.74195748269,3610.89607178052,4295.2091700987,3982.5803252163,4255.77766363564,4292.70948893586,3407.70319375089,3851.96766754343
2432.45833699161,4447.04485053839,4175.40501700135,4443.73612858595,4690.7320645929,5322.30863791269,2622.92063482676,2290.01426665862,2584.69615897111,1640.84283586211,2802.62945007006,2631.187282863,3337.30979344142,2397.28098841166,2394.02681037619,4089.51254194189,2598.93157582111,3090.33030676334,2774.42845204197,2233.75020523782,1908.15264483741,2657.72289300446,3148.63111219781,2133.9981547321,2804.08219355282,3236.55017830714,3389.03221976422,1e+09,2250.74841363934,1799.97912276782,2620.93374477494,2577.20880034971,2832.22071758188,2582.24230129552,2062.12149741474,2700.10733955152,2632.3570121471,2771.58698245247,2533.95344896073,2249.06438773993,2679.06025969929,2829.18069640311,1854.82383931736,2634.33904532048,2516.85085819562,2718.97190732085,2326.25471896351,2430.20000864126,2512.19655518831,2402.68543450865,2991.75031897717,2502.69053540385,2568.53549364224,2707.09863333422
2957.71356393752,4927.69181394291,5357.38705442308,5588.86402149847,6093.55370109266,6442.64177364379,3378.27171519699,2275.8582347765,3908.01449315378,2646.67824174001,3650.35152382616,3291.78645756373,3751.80268245813,2861.56292146442,2007.29109331457,4743.72194355867,3620.98614870314,4268.32080059594,3507.72842329619,2459.10055607736,2592.63598785098,2764.92586466618,3521.22517323161,2944.93181583208,3894.11634693932,4042.78826128701,4525.33910836525,2250.74841363934,1e+09,2033.14449218446,3441.00030947398,3234.75565990694,2918.51222567253,2964.41275788309,1968.40718892205,1956.69410251066,3292.17419674294,2993.95131463422,2795.01583909644,2851.38641392218,2495.16355852678,2758.66974326395,2080.18419222914,2814.81086917043,2658.73790410037,3067.11316669275,2668.70521946505,2745.06680838554,3051.36061457836,2560.31534360516,2665.29752939517,2477.1120852517,3219.79991533636,3383.07189189056
2750.38227797519,5005.83448440917,4592.61308335462,4820.9037808382,5220.90248347927,5871.10133380442,3437.49717338066,2750.86388432798,3377.58589912973,2045.33571347102,3186.67614837153,3495.72597494426,3812.48692970874,3131.9226744286,2777.21994541304,4831.13230215236,3135.71629112074,3311.12713366612,3279.20596243969,2778.45236619237,2274.31829408287,3310.18402600218,3595.7495756935,2780.35974510494,3289.1474239079,3618.22312312273,4028.34823886913,1799.97912276782,2033.14449218446,1e+09,2771.92495499066,2736.43940364116,3131.34060573103,3186.68236763566,2274.46540995901,3161.35749473229,3215.30008674152,3227.15371144605,2979.12438375775,3187.98910195753,3236.62931672751,3242.2256719883,2534.74605842479,3068.46196435608,3032.24609908233,3499.76587776954,3120.34725569126,3332.8158344259,3137.56751540106,2918.52340031736,3215.59058698398,3308.44428821161,3276.99082877874,3583.2465398853
3574.52585542474,4847.84186369564,3550.299118849,3976.94463132189,4361.88573611231,4758.21689754681,3830.97270370072,3352.50215125956,2705.03936597973,2160.19146783335,2191.92871629075,2892.33489492486,3824.1337386786,3153.85830016188,3218.4933388,3895.58675821756,3022.83297489292,2728.87834836953,2277.49576767993,2988.08946256634,2505.47994609815,2955.94486766922,3319.35743986694,2869.51331603462,2546.34400659063,2784.55771543705,2952.82709661436,2620.93374477494,3441.00030947398,2771.92495499066,1e+09,2058.48595761545,3158.29935617256,3619.27625385242,2890.87212467103,3788.99353562394,2963.05171063551,3275.98364467834,3072.52788247723,3171.99296927027,3269.58550113007,3076.84553726702,2651.10598249108,2723.15579939893,2320.14878451792,3017.07235725297,2919.48112924198,2509.70391092256,2675.26216266743,3000.43967219806,3139.67404588438,3420.45041550086,2771.48930165714,3008.385516203
3133.98910722421,4928.90029151534,3971.35655102888,4316.10956558102,4817.28415802929,5364.44999885356,3957.88558624425,3212.79857045225,2795.91361504607,2387.60213230764,2850.72685860992,2288.00017419143,2907.95458111023,2699.97104158545,3033.12947379435,3265.16260916666,2930.58816567596,2364.4009826381,2220.61896369008,2701.67070043705,2314.83062913899,2818.48798287309,2911.47573493237,2773.1912917792,3080.51327680956,3247.09287771385,3028.4017951058,2577.20880034971,3234.75565990694,2736.43940364116,2058.48595761545,1e+09,2158.12044652285,3126.86217176261,2917.64618775135,3335.93034673987,2479.07589581279,2845.15715177563,2723.54705369671,2663.23093613753,2614.84498158113,2877.96391681689,2492.26648585178,2434.60853434387,2278.08831738368,2850.45611904481,2774.85037173178,2462.08112628321,2951.49225641878,3038.16287591696,2915.83037035764,2924.4664976026,2542.84688750621,2721.52836196869
3056.16280706706,5261.7631224714,4620.18547819241,4863.39815624837,5415.19786819466,6128.55174145572,3966.80135702558,2869.22538142266,3609.08244368288,2923.90043484726,3474.60440998684,2200.64328531455,2288.49236566347,2554.98272716275,2705.60657082659,3728.41666606617,3419.31817590876,3446.314380436,2716.87545430408,2198.53470627598,2257.65553978015,2736.90806325313,2759.79270413558,2991.96292117733,3602.61992506842,3800.49349542925,3937.40321385809,2832.22071758188,2918.51222567253,3131.34060573103,3158.29935617256,2158.12044652285,1e+09,2803.87816274174,2405.37162841836,2872.79505565573,2520.33290826827,2573.08799072243,2283.62920510314,2149.05644483806,2273.22748509691,2876.36584658489,2447.2268385256,1955.92794918422,2175.01103879957,3189.04680243172,2531.36020091966,2664.03982427065,3059.49719774345,2984.27199985189,2678.59046391941,1952.55012219917,2087.57431843755,2413.252103138
2728.410392408,4638.85697829756,5290.79029433222,5601.95861929558,5638.25742026736,6307.17716327994,3649.17983229109,2087.530231326,3383.2135886166,3081.54143791707,3954.49464338997,2748.46559318104,2774.19929604922,2739.75924694123,3075.14134670262,3915.54906835555,3449.05421450577,3290.10856293527,3077.21465661725,2587.63708889017,2362.10618999231,2182.8378339217,3171.11374449104,2514.63217747646,3716.40163163241,4068.66092948282,4280.31281398918,2582.24230129552,2964.41275788309,3186.68236763566,3619.27625385242,3126.86217176261,2803.87816274174,1e+09,2097.57438874048,2967.7612078299,2662.72815454376,2484.33161713568,2582.63711363018,2071.89508860849,2171.67713813541,3079.98470575748,2155.10419179677,2895.96348335058,2752.64106991813,3630.3662996728,3375.05549612151,2858.88918179771,2917.07433372892,2864.86275259392,3257.77267471197,2569.14072370511,2383.63452393608,2671.10610770145
2877.78636648032,4834.13896612417,4860.21920177475,5072.56838849907,5538.06409156666,5974.94242331255,3209.77934420732,2024.02035602412,3587.98141889002,2463.77526262036,3374.73488109807,3063.91214466081,3164.47503224468,2313.63386902509,1927.69380553552,4146.9411661368,3192.24280769806,3267.15239402756,3013.72612305764,1831.66500504323,1925.82994527035,2622.01079080541,3153.36781822229,2217.59820429671,2990.84111057408,3220.25800342146,3825.81415226877,2062.12149741474,1968.40718892205,2274.46540995901,2890.87212467103,2917.64618775135,2405.37162841836,2097.57438874048,1e+09,2290.58451217151,2579.6131198108,2123.45302519269,1752.00161135771,2007.61723460923,1976.39845092026,2459.3131782268,1882.59216098442,2298.46197880235,2341.65414801161,3035.91680464073,2264.63525005684,2490.67752230191,2215.58708075309,1834.97265649927,2259.95317955926,2071.51654569786,1853.74205622034,2364.48305113401
3322.11420864786,5288.06245025529,5353.06113834879,5309.05926889124,6083.49080978183,6331.88881465081,3142.9104262928,2718.60676321531,3961.31988447033,3086.68859752648,3966.68195640891,2920.21492441909,3976.66376118223,2177.93268722888,2355.25781015582,4080.00857771157,3584.68309864345,4305.42159582543,3670.25096632369,2563.01742754512,3189.37287442218,3018.3097425049,3748.1284748258,2927.81367793444,3789.19009756703,4088.82294060283,4311.85378929991,2700.10733955152,1956.69410251066,3161.35749473229,3788.99353562394,3335.93034673987,2872.79505565573,2967.7612078299,2290.58451217151,1e+09,2803.262382814,2876.72751260873,2922.52565070009,2370.44272124428,1969.27508342537,2737.51177531714,2074.22258646463,3162.40269364925,2955.24865364998,2987.32705864289,2604.85749763783,2781.20644888149,2978.50117478574,2623.85214657762,2815.53248818052,1949.45580778329,2696.65541484262,2863.77487751744
3166.94487902774,4802.06635477895,4448.98117806763,4482.05955445708,5038.37058404798,5561.58165753233,3385.93440899259,2731.59425286773,3116.17159341394,2947.05110088034,3562.86228552269,2301.4485340976,3409.612914335,2015.34868213915,2645.23883171255,3139.69363127997,2567.20909545756,3253.37087702893,2826.51947297378,2860.4600323025,2537.34497221013,3040.20482852718,2865.26545756235,2848.21158322201,3194.70101649591,3411.03089175399,3849.62261778996,2632.3570121471,3292.17419674294,3215.30008674152,2963.05171063551,2479.07589581279,2520.33290826827,2662.72815454376,2579.6131198108,2803.262382814,1e+09,2929.68635548244,2743.59071493909,2271.29809716823,2407.94125478592,2463.10154482108,2046.30922846475,2766.5344115879,2480.49418318205,2939.72510786298,2529.88596219276,2783.77256391394,2251.77441039284,2736.49700295834,3115.03150191134,2318.14691816546,2194.04825222692,2047.51028646989
2642.78675376959,5138.99756590719,4953.25534501302,5122.32355393527,5521.0649630574,6206.64983603071,3666.47831106363,3067.89061190258,3564.07734286168,2818.57866324501,3347.5712697865,2940.63370694141,2662.92063875362,2132.750812894,3032.33650522167,3903.17957895867,3382.97513104959,3157.11043620587,2974.73755286076,2335.34114602128,2433.8815164876,2965.12669886128,2465.77759479642,2139.86268043069,3050.08234490481,3546.11482628524,3788.35505322561,2771.58698245247,2993.95131463422,3227.15371144605,3275.98364467834,2845.15715177563,2573.08799072243,2484.33161713568,2123.45302519269,2876.72751260873,2929.68635548244,1e+09,1600.10882073689,2299.63812364033,2157.07967757336,3125.21785547824,2915.69736262185,2516.31930382454,2774.35069673969,2835.99673686343,2769.13302732101,2529.56008695188,3065.38393817153,3131.42889647841,1918.61494255622,2413.20967735918,2346.02517565349,2449.62947355309
2658.72992714567,4916.56631748215,5159.1128044752,5397.4764126951,5776.39612214225,6433.75143140454,3898.93624378496,2644.00918689781,3622.90411102751,2989.50190307683,3726.3656683557,2904.11288899037,2696.61819268134,2261.16092830652,2170.96536165366,3989.94601148938,3053.36373114963,3165.99361543892,2900.48347228527,2075.37057743912,1874.19901325873,2934.62425978182,2655.17197748093,2291.78448325753,3226.64872192496,3422.46683367421,3951.13276725802,2533.95344896073,2795.01583909644,2979.12438375775,3072.52788247723,2723.54705369671,2283.62920510314,2582.63711363018,1752.00161135771,2922.52565070009,2743.59071493909,1600.10882073689,1e+09,1853.8219690952,2075.98619427009,2698.55817973228,2634.46606556243,1937.54100214679,2448.62762197522,3007.06301511957,2293.03915518248,2353.47973849362,2491.96337019628,2419.12521137291,1925.00708029867,2076.04579773665,2032.47600837009,2193.88602782825
2624.66928811993,4706.2903946208,4669.19380218898,4885.94079997906,5252.45995927623,5922.54095182127,3099.92216005499,2494.02849969683,3037.49809879776,2758.59245145056,3586.47532532987,2117.41011150415,2569.54570669603,2241.47116470411,2220.15380539277,3366.87309771248,2828.5927901697,3277.81013923931,2394.41232370283,1987.60818337015,2148.57676851445,2274.20696147031,2859.56946114271,2156.93468329479,3222.42758857356,3383.60832060982,3635.09067204657,2249.06438773993,2851.38641392218,3187.98910195753,3171.99296927027,2663.23093613753,2149.05644483806,2071.89508860849,2007.61723460923,2370.44272124428,2271.29809716823,2299.63812364033,1853.8219690952,1e+09,1860.761718195,2781.89768807194,2031.24702739475,2165.92586782189,2245.79195848591,2966.72313787451,2273.0263077888,2240.72971846227,2562.64951351136,2397.44707382666,2618.24647661369,1628.05483826559,1528.13269394382,1822.30761075072
2792.06484156439,4655.65875510652,4997.40630448436,5293.78904883827,5882.64338884315,6214.7506793676,3576.19028278698,2211.14377768611,3653.58922960696,2964.86682825722,3761.26087682043,2297.13937552775,2712.68786942029,1704.70635339345,2120.09462187422,3349.08886075004,3286.50887302925,3567.44419591954,2969.79128320493,2006.8960148199,2469.36823278749,2010.34393582292,2758.45499303505,2444.30728929486,3383.4439691681,3808.5664150176,4024.79126207807,2679.06025969929,2495.16355852678,3236.62931672751,3269.58550113007,2614.84498158113,2273.22748509691,2171.67713813541,1976.39845092026,1969.27508342537,2407.94125478592,2157.07967757336,2075.98619427009,1860.761718195,1e+09,2428.24118406718,1752.85459254326,2125.93424239792,2133.92229045483,2736.48336335158,2497.9208639987,2109.20621061574,2681.36091912297,2477.55899818753,2107.32726936278,1416.81739179755,1847.30893133769,1977.76343678914
3495.37089824528,5274.61353791915,5310.23307029927,5380.37189606815,5890.72055634113,6272.45684013051,4314.77286198242,2864.79130562769,3820.22399967594,3494.75107100635,3889.68401769347,3139.49249006906,3916.51107613651,2748.63860743824,2505.83632324619,4020.1883068334,3875.13385862992,3996.82499754493,3461.90909952876,3350.02508804039,2605.04786195955,2987.76736606115,3573.9873349244,3651.09751744595,4082.96864155237,4029.3961601709,4579.90763333716,2829.18069640311,2758.66974326395,3242.2256719883,3076.84553726702,2877.96391681689,2876.36584658489,3079.98470575748,2459.3131782268,2737.51177531714,2463.10154482108,3125.21785547824,2698.55817973228,2781.89768807194,2428.24118406718,1e+09,1863.1430760948,2250.70702149347,2078.04761045073,2593.58714272338,2213.9781894138,2208.73917923778,1550.63248379492,2268.43388664955,2257.8150054865,2176.78889208393,2532.30056237406,2400.20357563687
2681.40437388694,4330.2040070417,4655.93961684427,4951.73178585028,5398.10987577133,5752.14553950958,3268.86791352909,1631.19539148442,3151.74032082277,2503.80139649693,3380.46566231636,2216.27667731265,3301.51085775891,2129.78323256147,1937.82379098307,3745.91989148193,3129.70433282443,3570.22756778892,2781.84267297775,2257.5712996271,2060.95878544429,1851.6815522924,3210.74246656439,2619.29869417369,3382.46887307186,3714.00287226599,3928.96080310049,1854.82383931736,2080.18419222914,2534.74605842479,2651.10598249108,2492.26648585178,2447.2268385256,2155.10419179677,1882.59216098442,2074.22258646463,2046.30922846475,2915.69736262185,2634.46606556243,2031.24702739475,1752.85459254326,1863.1430760948,1e+09,2186.61647638538,1778.31685486586,2586.04056880398,2256.44444859607,1863.8035433221,1882.18161998251,1892.16287224435,2620.87442957498,1767.04082536313,2088.03009834629,2182.02413705715
2677.18245095473,4468.88154714354,4506.47406610756,4912.92983430458,5276.34197747834,5893.47316628319,4081.25082518828,2606.86861149541,3484.27039270778,2990.15028088891,3345.39742642036,2517.88288881751,2205.23291339033,2574.19527015726,2335.21448241912,3557.23989503098,3346.93921398343,3696.79419153948,2530.63662606863,2259.76832558119,1618.64929614169,2271.42002238688,2448.92500350664,2832.08562679521,3412.97490291095,3537.69445102315,4032.50453149157,2634.33904532048,2814.81086917043,3068.46196435608,2723.15579939893,2434.60853434387,1955.92794918422,2895.96348335058,2298.46197880235,3162.40269364925,2766.5344115879,2516.31930382454,1937.54100214679,2165.92586782189,2125.93424239792,2250.70702149347,2186.61647638538,1e+09,1434.47307562742,2457.47175049887,1995.61865776004,2040.00527467455,2525.59877130157,2550.16904273031,1727.32122090826,1724.56463639378,2008.24957856338,1898.92042879632
