1e+09,19541.8814568992,20832.6181771399,24816.8004758651,27824.3754309688,28722.9454379038,6963.33752064339,13583.8031354625,6505.77674799866,5937.17146942044,9724.0327619769,5100.2020360472,6389.47523616768,3645.20524925552,4085.0358720212,6547.43335892012,8017.87897338816,8679.30489308332,7013.76203951916,5228.33108296519,4633.27298411177,6159.75331595349,4759.08657003631,5152.92480984344,10083.013771631,13794.6408338818,13108.82516271,3888.50016047319,3647.30666933835,4708.92280395421,6866.92469977646,6594.30927871146,11303.5698450224,10453.6876507145,3653.4736956628,6979.45960964744,3735.58804989255,5602.17040812755,5589.30434504152,5652.33860502005,6578.67271040291,7040.53841073962,4689.51760274978,6961.69300735101,5664.42214590332,5426.38944429904,6566.05561437002,7356.37450817996,3650.58867937762,4667.54178967902,5741.1791663734,5566.34562178814,5849.0294961814,9758.91331466778
19541.8814568992,1e+09,11237.6538833424,11716.1039287214,13034.8292044123,15441.1593396966,24318.8444373474,30238.0093073155,17417.7377133111,16231.2686890212,13924.9113684971,22912.718478858,24150.8010408744,20441.4698196265,22540.3512753861,18658.9009866605,12386.6660621896,13026.848576444,23258.3307799958,22741.1969572668,21418.7658576165,23365.4417144658,22149.8794138343,15790.0330692307,11440.8761002294,9206.77493447624,9888.43453681117,18447.2815003268,21937.1390810219,16870.7824162041,16035.664239641,22570.2095135646,29186.554232331,28096.0062563952,21046.1500730419,25390.2574319127,20148.6170693375,23554.5805085932,23923.6050449843,23995.23396823,24928.938514664,24026.139963136,22320.7541138556,23786.9496827588,23212.7903201166,22311.1843343221,23667.504981905,24093.107124464,20222.3207024639,22331.4551892504,22209.0636680816,23857.6892597775,21881.0481233761,26472.9392225627
20832.6181771399,11237.6538833424,1e+09,5581.38681721667,9000.42873253269,9063.2571251565,23592.8544235135,32275.273755231,17898.3118210154,16367.8483273581,12069.3223749927,22934.9083524657,24100.0521013814,21181.6530922896,23266.1770116364,19991.1513328422,13819.1495564525,13319.9212829281,24625.4042693618,22877.879575813,21966.8210029581,24362.0546648451,22521.1032658838,16759.2311599488,12292.8203745357,8553.68405736967,8928.34852573532,18691.1542942297,23147.4959456849,17395.0590193451,16425.5628445877,22482.9386930268,29621.1549274501,29704.6046124671,21699.4392855484,26213.5580854717,20659.0495347051,24359.559558859,24789.4283101527,24389.2657274855,25309.0600224366,25363.25508696,23236.7299172409,24837.6403673598,23508.4839504699,22409.1976409398,23655.2144780871,25259.3970556563,21165.3359345204,23303.4192867764,23161.3504795532,24114.5704541445,21852.6589615978,26789.8850554589
24816.8004758651,11716.1039287214,5581.38681721667,1e+09,4084.2734864355,5939.7691703887,28063.3640164379,36351.9773951115,22255.0669825391,20561.7613830771,16449.171561635,27427.6200855051,28611.6826341811,25194.8185219084,27589.2994769059,23944.4227191971,17469.8740651443,17104.1636543679,28884.9057972412,27317.67915767,26327.5516292571,28726.6749887887,26967.4007458227,20791.3831488191,15810.2217470154,11745.5523157449,12510.0613087227,22927.8864582303,27163.4443231322,21359.5231301052,20740.4940989481,27031.8609035116,34064.538861743,33798.211656962,25801.475005693,30336.1036038447,24804.503156423,28521.9145401882,29053.3982027473,28774.1261425104,29684.1360778834,29467.805300721,27485.2579278747,29196.2959131685,28027.3224462898,26902.0058735311,28184.3105522328,29559.2572977249,25330.631643295,27536.4374457354,27394.0028769419,28505.7314284987,26207.8715269497,31215.4175455319
27824.3754309688,13034.8292044123,9000.42873253269,4084.2734864355,1e+09,4888.30177066637,31157.6122236621,39332.5159651998,25407.7572281439,23721.0254372656,19714.7805629761,30700.4177607569,31902.541768262,28369.2811124762,30753.605399634,26955.9526323556,20457.4473074086,20213.2450895001,31854.5362245238,30569.2846513686,29522.4282817691,31834.9230344052,30223.5194059461,23986.0974705349,18851.2742436526,14689.130078684,15504.0022441368,26020.3335925176,30244.6248456102,24533.8684899895,23845.931599883,30339.3377012485,37279.137978993,36842.1494337722,28987.5774406279,33533.0045796705,28036.6345046869,31721.6115392771,32242.5974998883,31966.2295816429,32982.8134265939,32562.3743495434,30612.7067968319,32291.3042342099,31236.4212777088,30144.7695906587,31448.7983116223,32657.4894236146,28477.2180904859,30682.5871220877,30601.5679865281,31734.2478584778,29453.0698257669,34438.6259202672
28722.9454379038,15441.1593396966,9063.2571251565,5939.7691703887,4888.30177066637,1e+09,31834.2761144054,40723.8360531716,26426.8582104646,24793.7107315202,20565.0451586083,31237.8995826912,32510.2128457536,29446.4402780098,31453.6583578556,28317.5410396154,21481.2138201755,21169.7094635165,32956.8608458087,31305.9349492728,30382.7065752164,32774.9017236299,30859.7724203647,25008.9204088441,20432.1178128039,16269.0284194294,16830.5708161042,26928.6508849738,31193.7536385187,25532.557610498,24827.3532699924,30980.0125712676,38123.6008466055,38048.9900908382,29927.2384742044,34490.4291066333,28971.0587587147,32688.1076165828,33090.8816806367,32720.4524271288,33643.7492134215,33689.8888353004,31549.0631479241,33278.8022513281,31856.7974430011,30821.0191563874,32143.9077348415,33716.1915299608,29386.9949165001,31568.898090681,31634.4056286948,32432.4350583363,30366.8877219415,35415.3453299583
6963.33752064339,24318.8444373474,23592.8544235135,28063.3640164379,31157.6122236621,31834.2761144054,1e+09,11169.8989857474,8527.88049476539,8716.23432951983,12153.4724113975,5132.47011865632,5158.58824939537,5820.75240523079,5049.08336549319,8260.84307281648,13031.5418814621,13096.2387094043,6118.10002486066,4327.37416689382,5445.02851613286,5039.70684685131,5661.50295374824,9666.20601672135,13837.2594924392,17296.6171560337,16512.3767182771,6337.26460553763,5942.5692136146,8959.43353601108,9498.14146909805,6156.78390112078,7779.17922005272,8561.942362379,5837.81539607926,5677.83561418434,6173.13380861779,5557.05910734266,5521.81658285568,4153.73707434643,5737.52043659977,6384.7556983255,4868.64956649172,5505.28371027325,4753.0682554956,4589.0949722576,4291.72355318932,5699.89173753327,6338.6668611152,5487.73794259529,5950.28616859727,4124.56359446669,4850.53564938966,6220.62778248305
13583.8031354625,30238.0093073155,32275.273755231,36351.9773951115,39332.5159651998,40723.8360531716,11169.8989857474,1e+09,14899.8388422895,16140.3878266075,20428.5461962324,11703.6341311705,10588.8869273215,12056.0129439214,11016.3613621513,12899.7852835813,20329.0615743792,20416.3889793445,8525.39858972001,10720.326144409,11102.8721402302,8630.69612358123,11748.8725376736,16466.6251803003,20753.1199690288,24849.5547828165,24208.6342857936,14281.3464637898,10987.8519796182,15996.0149419785,16255.9314379091,11449.9872064776,5772.69009487778,3919.39122202671,11841.4647723455,8088.49977853125,12637.523587163,9344.79802702552,9210.22750718461,9616.48176534433,9661.39869505446,7668.24310203452,9851.85715532356,8022.90217418859,10465.3158875975,11166.2516831836,10051.0145160078,7468.45661859263,12175.1689969298,10136.0072010827,9752.53842730189,10065.3580536611,11140.804066727,6918.02573938548
6505.77674799866,17417.7377133111,17898.3118210154,22255.0669825391,25407.7572281439,26426.8582104646,8527.88049476539,14899.8388422895,1e+09,2919.95752491368,6339.73871688731,6809.80754670057,8114.0175507821,5965.27301306487,7270.90660052101,4540.86093157454,7197.24600984988,7150.61026495641,7396.61531251964,6706.40241365667,5289.66464576914,7105.33401433036,6395.41001319696,4110.72024038367,7385.30626497642,11228.4018001049,10423.8847588459,4028.99666892391,7235.84403639271,4676.2059915919,2834.38961030413,6087.26967538814,12614.0034490522,12440.0570574696,6029.06428563339,9609.41576805271,5247.22674830238,7889.80324443519,8130.20168815633,7862.1100725187,9015.68147847959,8297.74736718948,6436.25014654496,7633.19311697274,6854.78530428197,6038.78628186161,7038.94370416471,7925.99598436689,5088.76343183685,6699.95314903022,6348.45756277854,7897.62104546679,5837.46753037651,10044.364194582
5937.17146942044,16231.2686890212,16367.8483273581,20561.7613830771,23721.0254372656,24793.7107315202,8716.23432951983,16140.3878266075,2919.95752491368,1e+09,4541.8835537803,7706.80425150399,8924.63503226323,5564.81739465906,7687.95731906727,5164.57632407539,5624.24862908816,5368.15949548819,8726.95913906442,7302.95446405083,6121.49240860429,8304.03285036253,7248.03858189235,2935.37471672698,5598.30022122787,9397.99540308996,8631.23625329535,3089.49360230767,7295.60152521367,2961.18580364353,2489.79420195726,7277.01129953774,13813.712271247,13499.2620927071,5958.80721174968,10220.1797745832,5169.07822132728,8447.94208959792,8896.43114939918,8656.74257620614,9787.99356062825,9228.78130843938,7136.09465270746,8879.82620363147,7925.65676857761,6902.39198983222,8085.19458398498,9151.29874411823,5419.19063347102,7363.92827715615,7217.85925061579,8521.0396481122,6381.04956364547,11255.6394603194
9724.0327619769,13924.9113684971,12069.3223749927,16449.171561635,19714.7805629761,20565.0451586083,12153.4724113975,20428.5461962324,6339.73871688731,4541.8835537803,1e+09,11406.9572362966,12597.604830189,9582.04239850774,11723.4793680161,8622.54000654679,5428.96362864037,4503.90933566607,12860.5469657709,11188.9935592304,10176.1500302963,12510.4680295343,11013.6150702891,5777.58730501755,3967.87713162845,5999.72305367506,5198.27498127023,7045.36353253684,11452.6424965682,6144.01070874718,4983.85226956016,10872.2875775938,17783.8867075704,17784.3242999812,9990.66734113893,14358.7885728323,9090.44430518663,12540.5199454289,13025.9717586405,12668.0476429717,13691.46777491,13465.1206413348,11390.5331415303,13012.9617128846,11793.8988175582,10689.7174017745,11907.5698869921,13375.7521661999,9506.78086892719,11533.4936292522,11349.6454130426,12437.5907097235,10141.3937494015,15102.4209664544
5100.2020360472,22912.718478858,22934.9083524657,27427.6200855051,30700.4177607569,31237.8995826912,5132.47011865632,11703.6341311705,6809.80754670057,7706.80425150399,11406.9572362966,1e+09,2903.72735626126,4797.4257185599,2871.03519898311,7300.79228247181,11172.9473862808,11380.7304248893,5624.01922081531,2688.72345338824,3334.87143365378,3969.35964516948,1960.90032530978,7509.98197446572,12816.3033777997,16606.5616770691,15734.8653957382,5715.12090702375,4324.11995223305,7319.17744235649,8152.21475280798,3626.83006850335,7963.45008000929,8547.95288820663,4082.04414995722,4942.30689417402,4209.67517281322,4002.76248755781,3469.23995471631,2795.69001148196,3328.967362907,5724.68872027117,3523.30419884517,4916.86323910885,2232.71027782379,2830.20667420243,3247.84874264489,5331.19481505788,4204.67397308043,3573.09699021731,4478.27461963868,2762.12837904034,4361.40566007107,6793.67479677236
6389.47523616768,24150.8010408744,24100.0521013814,28611.6826341811,31902.541768262,32510.2128457536,5158.58824939537,10588.8869273215,8114.0175507821,8924.63503226323,12597.604830189,2903.72735626126,1e+09,5195.29809375747,3784.1401870306,7672.6049606571,12655.4133116663,12555.4667377243,5816.52519317161,2229.31525704643,3638.3168214849,3977.68516722981,2724.4450647976,8674.3580850516,13918.1541726876,17694.0563302031,16880.0937239845,6947.10096877827,5227.2887233058,8487.51499862003,9328.92496442114,3650.97660996342,6565.37648870954,7410.22268686306,4607.6001455964,4586.17560707176,4806.7936609865,3302.71248510978,3022.16301226456,2575.86893932902,2433.83475951019,5460.09111467016,4045.11120468894,4404.18830868981,2769.84366396373,3276.62912793011,3048.29576153627,5058.93885889126,5249.38458623485,3893.57092597528,4203.07153158259,2680.71926806967,3944.19823026176,5247.52356352975
3645.20524925552,20441.4698196265,21181.6530922896,25194.8185219084,28369.2811124762,29446.4402780098,5820.75240523079,12056.0129439214,5965.27301306487,5564.81739465906,9582.04239850774,4797.4257185599,5195.29809375747,1e+09,4011.9289738354,4806.96946850092,9221.03483351516,9260.45105288614,6075.52295103887,3549.85346766595,3306.92030328824,4963.93037058338,4271.68854156059,5392.92256246092,10061.4599071556,13983.2658933884,13319.4072242011,3765.75552122014,3592.25371590037,5001.31715445042,6505.52993998183,5137.37344368696,9676.9911730093,9086.68413656489,2292.20337350332,5500.37389726371,1884.46807898144,3797.8087480151,4490.06152134912,4557.60871710155,5425.7373006809,5363.84803853539,3442.80190907058,5452.41193031121,4870.70537402952,4048.69819574144,4925.38370324587,5697.60230066999,2925.0372875572,3555.17700422918,3608.48825720689,4348.04486892672,3210.71337119962,7436.68842844717
4085.0358720212,22540.3512753861,23266.1770116364,27589.2994769059,30753.605399634,31453.6583578556,5049.08336549319,11016.3613621513,7270.90660052101,7687.95731906727,11723.4793680161,2871.03519898311,3784.1401870306,4011.9289738354,1e+09,7277.92874915659,11029.0210717906,11342.2216159798,5477.86118377419,2770.41909973924,3046.2622800409,3615.16052402933,3003.27258293349,7446.44414397906,12744.0845415981,16469.2158142669,15764.9275139532,5161.46801571995,2710.33269085181,6820.56216755628,8238.22626981682,4524.32987548433,8092.11677688848,7923.46659702684,3071.69273228948,4262.45789370405,3759.66244748116,3592.25731945806,2666.99691638367,2543.81206788159,3321.06316042017,4661.08099925329,2438.54809651153,4479.59310905578,2643.82901638892,3183.73329129499,3444.84483344316,4781.78888182028,3198.17541950094,2195.51091231631,3829.2531269557,2395.25853679723,4291.4550215865,6776.89938308811
6547.43335892012,18658.9009866605,19991.1513328422,23944.4227191971,26955.9526323556,28317.5410396154,8260.84307281648,12899.7852835813,4540.86093157454,5164.57632407539,8622.54000654679,7300.79228247181,7672.6049606571,4806.96946850092,7277.92874915659,1e+09,8931.22999002937,8661.53886775324,5916.54139002678,6391.0444211412,5217.97115538214,6315.68228961052,6598.47401434605,5723.77233731392,8575.84655270837,12518.4231215717,11817.8858036199,5393.68282700234,6778.53519054818,6210.5410007261,4936.64162722999,6164.03669276879,11245.7124255425,10543.530776111,5723.45832716549,8414.80835496567,4911.69310378814,6543.16484406438,7263.67346116275,7310.38597621904,8424.74756467516,6788.9033227908,5834.77142950776,6318.08015654281,6892.44526486065,6078.46998420655,6971.50124757215,6700.46344799373,5280.70796360677,6143.10536135431,5215.47413017263,7453.53541011915,5040.91778206112,8608.7771356738
8017.87897338816,12386.6660621896,13819.1495564525,17469.8740651443,20457.4473074086,21481.2138201755,13031.5418814621,20329.0615743792,7197.24600984988,5624.24862908816,5428.96362864037,11172.9473862808,12655.4133116663,9221.03483351516,11029.0210717906,8931.22999002937,1e+09,3226.08225868467,12838.1796540358,11365.778587092,10277.8250814362,12552.0712796295,10560.5591685857,4498.25577287464,4332.51850465754,6978.54728510884,6457.93079276946,7248.7193941068,10644.5899524735,5594.59323322974,6133.74941384957,11469.1418974656,18183.7497465347,17503.7833258927,9648.52496748597,14105.3907607624,8657.38578664483,12306.2981174438,12546.9864071418,12528.9648894991,13396.158550536,13421.144593074,11226.2514974768,13191.7783532434,11846.8211169284,11057.571322162,12484.1881646225,13579.4888546771,8964.17292206593,11138.7104875609,11496.5183526623,12402.1565614332,10911.2046320881,15872.4809323653
8679.30489308332,13026.848576444,13319.9212829281,17104.1636543679,20213.2450895001,21169.7094635165,13096.2387094043,20416.3889793445,7150.61026495641,5368.15949548819,4503.90933566607,11380.7304248893,12555.4667377243,9260.45105288614,11342.2216159798,8661.53886775324,3226.08225868467,1e+09,12906.8206263471,11296.4156143973,10153.3139682372,12669.6050906372,10805.1949039525,4833.23931700056,4070.71283814027,6373.50896185924,5500.65597093656,7299.49211831207,10912.6358011848,5392.71348817087,5481.92674196765,10902.3264335645,17962.5594564305,17502.2969123027,9571.08778056079,14211.615564277,8613.48414442147,12189.2539335105,12583.1354840755,12616.0550866386,13406.9661615856,13306.4226330821,11289.4858513929,13157.0309219026,11857.4072033603,11009.9304761066,12386.3629441939,13563.465224326,8969.9529851332,11123.0861743538,11358.7275395838,12512.5694806742,10515.3139451326,15640.2187974817
7013.76203951916,23258.3307799958,24625.4042693618,28884.9057972412,31854.5362245238,32956.8608458087,6118.10002486066,8525.39858972001,7396.61531251964,8726.95913906442,12860.5469657709,5624.01922081531,5816.52519317161,6075.52295103887,5477.86118377419,5916.54139002678,12838.1796540358,12906.8206263471,1e+09,5076.30235130848,4733.08963410794,2940.06317183832,5518.24524095296,9294.79200526295,13447.7944478305,17469.4667202293,16606.8719420998,7212.98517217386,5654.05678025964,9182.52881757526,8551.05817249538,5278.26617164197,6844.79917593643,6312.17834400296,6012.25105270065,5560.21188778809,6327.57245977476,4652.05561362931,4635.62891050395,4602.48683533153,6041.50891587524,4042.09311823714,4004.20678018756,2639.85036606244,4504.34914870062,4917.74030038187,4798.97784479153,2739.04513234083,5743.37950609221,4560.26755024308,4314.92503605798,5286.35584303592,5327.97753444963,5533.31988702985
5228.33108296519,22741.1969572668,22877.879575813,27317.67915767,30569.2846513686,31305.9349492728,4327.37416689382,10720.326144409,6706.40241365667,7302.95446405083,11188.9935592304,2688.72345338824,2229.31525704643,3549.85346766595,2770.41909973924,6391.0444211412,11365.778587092,11296.4156143973,5076.30235130848,1e+09,2236.50134191777,3187.00503606442,2437.31581174865,7314.49804951782,12432.4871901,16251.5218732739,15441.5283479065,5199.69498971815,4064.80426764931,7033.66116082514,7760.62926344894,3090.02511805325,7257.37040038608,7716.85532573988,3215.03703085983,4350.37868979242,3352.82043924216,2765.19785686305,2749.45068426404,2174.13149439035,3091.53116773873,4665.99116790849,2600.72303988718,3732.19660935755,2172.59250962991,1919.30016779554,2155.96157959737,4181.40821701254,3651.47741528001,2594.9718995203,2953.40287818983,2087.57251804578,2434.745224351,5279.64587741451
4633.27298411177,21418.7658576165,21966.8210029581,26327.5516292571,29522.4282817691,30382.7065752164,5445.02851613286,11102.8721402302,5289.66464576914,6121.49240860429,10176.1500302963,3334.87143365378,3638.3168214849,3306.92030328824,3046.2622800409,5217.97115538214,10277.8250814362,10153.3139682372,4733.08963410794,2236.50134191777,1e+09,3159.79558770817,2918.47691054769,6226.75864992373,11233.3604528476,15086.493310319,14370.5004456004,4233.84488144051,3613.54335566906,5759.50419948627,6407.21685585091,2945.41444258699,8268.01359140151,8147.00483860173,2424.65942886831,5109.74320284298,2751.19307097848,3323.84206923253,3251.66621675719,3239.41119586569,4250.03782384345,4265.70907048289,2161.66627854533,3702.74905880752,2648.33361144324,2447.64919575907,2895.22381699585,4255.95386644404,2376.17348459661,2090.12142864954,2401.27522814441,3297.59515506376,2441.59470508518,6086.35038864014
6159.75331595349,23365.4417144658,24362.0546648451,28726.6749887887,31834.9230344052,32774.9017236299,5039.70684685131,8630.69612358123,7105.33401433036,8304.03285036253,12510.4680295343,3969.35964516948,3977.68516722981,4963.93037058338,3615.16052402933,6315.68228961052,12552.0712796295,12669.6050906372,2940.06317183832,3187.00503606442,3159.79558770817,1e+09,4001.89708097297,8626.91532416425,13430.0174253759,17399.2779931237,16651.7207985091,6347.68620434249,4166.59436482603,8311.61322504843,8520.39623779317,4203.60695742359,6254.67332158123,5894.35984258681,4428.81489885274,3831.89206015775,5097.34449370454,3243.67424931974,2938.88556808529,2660.58628264524,3836.72194337823,2983.06856047594,2128.00074725081,1821.24699725216,2683.90401408098,3386.35951425716,2918.69846369919,2020.0739875559,4519.02319954213,2883.61811733107,2793.17689285874,3065.57033724558,3902.92456762874,4514.78185138551
4759.08657003631,22149.8794138343,22521.1032658838,26967.4007458227,30223.5194059461,30859.7724203647,5661.50295374824,11748.8725376736,6395.41001319696,7248.03858189235,11013.6150702891,1960.90032530978,2724.4450647976,4271.68854156059,3003.27258293349,6598.47401434605,10560.5591685857,10805.1949039525,5518.24524095296,2437.31581174865,2918.47691054769,4001.89708097297,1e+09,6759.42751586257,12152.6052475508,16027.1677476808,15212.0839874818,5467.03894415432,4309.39776475786,6869.63962221455,7642.93187984166,3597.4904693133,8324.96810530827,8634.36599577525,3716.28311685211,5354.18216234749,3640.43563156939,3629.80753861689,3346.1648928288,3185.8982568971,3620.77310146604,5736.67510563393,3582.00069606358,4717.31975531657,2483.9088900159,2716.01641377588,3470.37313963499,5346.49798541999,3885.62207221701,3469.33264690776,3955.22906139455,3135.2090670799,4069.62087051116,6818.07972734992
5152.92480984344,15790.0330692307,16759.2311599488,20791.3831488191,23986.0974705349,25008.9204088441,9666.20601672135,16466.6251803003,4110.72024038367,2935.37471672698,5777.58730501755,7509.98197446572,8674.3580850516,5392.92256246092,7446.44414397906,5723.77233731392,4498.25577287464,4833.23931700056,9294.79200526295,7314.49804951782,6226.75864992373,8626.91532416425,6759.42751586257,1e+09,5823.98340327306,9737.35566532824,9054.86825518737,4077.2070465332,7174.58193338818,2850.59417267699,3884.60485083103,7576.32367806445,14171.140698236,13601.2834548729,5741.95241530266,10236.0994421801,4785.43605181388,8248.31158214819,8619.87733850082,8639.74473652434,9446.90266570478,9584.57182085877,7381.9591227668,9294.31730405735,8049.10465494766,7184.67513206408,8501.76069553243,9634.17873188473,5246.22553442949,7280.30269717544,7369.69991070871,8534.67204498802,6838.66019393419,11730.7189565474
10083.013771631,11440.8761002294,12292.8203745357,15810.2217470154,18851.2742436526,20432.1178128039,13837.2594924392,20753.1199690288,7385.30626497642,5598.30022122787,3967.87713162845,12816.3033777997,13918.1541726876,10061.4599071556,12744.0845415981,8575.84655270837,4332.51850465754,4070.71283814027,13447.7944478305,12432.4871901,11233.3604528476,13430.0174253759,12152.6052475508,5823.98340327306,1e+09,4565.94810661488,4152.01050473141,8238.13585355935,12159.2343788702,6804.28723042318,5937.39515409746,12349.3564210124,18947.7062461344,18265.2285658023,10788.2921989164,15217.2330536731,9815.25259848161,13270.6263490085,13855.9373162843,13800.1675863339,14826.3212958879,14101.314374178,12284.0259857752,13868.5028707031,13174.6105704837,12109.532825452,13381.2725878035,14150.1220814769,10260.011068264,12366.4384456763,12098.6174481095,13697.1670806813,11312.7820634758,16167.1386503085
13794.6408338818,9206.77493447624,8553.68405736967,11745.5523157449,14689.130078684,16269.0284194294,17296.6171560337,24849.5547828165,11228.4018001049,9397.99540308996,5999.72305367506,16606.5616770691,17694.0563302031,13983.2658933884,16469.2158142669,12518.4231215717,6978.54728510884,6373.50896185924,17469.4667202293,16251.5218732739,15086.493310319,17399.2779931237,16027.1677476808,9737.35566532824,4565.94810661488,1e+09,2160.79397830982,11821.8515704521,15942.7742524631,10315.1143725409,9535.00759408193,16053.7356923459,22870.3734151784,22323.4700330011,14589.1734362814,19139.9625008227,13649.5425879661,17260.5599935952,17778.8202862873,17633.9071994836,18660.2101434684,18023.1490066553,16184.6463689603,17816.253815362,16950.0897132965,15884.5870943566,17145.1152830303,18160.527177651,14065.0981632479,16218.6472473323,16059.750484058,17467.3709613324,15062.9316468741,20048.6108530043
13108.82516271,9888.43453681117,8928.34852573532,12510.0613087227,15504.0022441368,16830.5708161042,16512.3767182771,24208.6342857936,10423.8847588459,8631.23625329535,5198.27498127023,15734.8653957382,16880.0937239845,13319.4072242011,15764.9275139532,11817.8858036199,6457.93079276946,5500.65597093656,16606.8719420998,15441.5283479065,14370.5004456004,16651.7207985091,15212.0839874818,9054.86825518737,4152.01050473141,2160.79397830982,1e+09,11087.6455905075,15325.7244168979,9785.91549211927,8610.02868295455,15103.7376231912,22023.7858497625,21662.4145163691,13994.5150171916,18472.1156811395,12977.6669323111,16518.0107390327,17057.1300917593,16863.5047486251,17921.4531884638,17383.8163783158,15461.9439878949,17039.0602269345,16110.9220443431,15006.8069323124,16342.901373058,17368.6795506884,13381.0069033799,15501.8664933582,15381.4249462948,16722.5597475357,14342.6973393048,19320.6902326832
3888.50016047319,18447.2815003268,18691.1542942297,22927.8864582303,26020.3335925176,26928.6508849738,6337.26460553763,14281.3464637898,4028.99666892391,3089.49360230767,7045.36353253684,5715.12090702375,6947.10096877827,3765.75552122014,5161.46801571995,5393.68282700234,7248.7193941068,7299.49211831207,7212.98517217386,5199.69498971815,4233.84488144051,6347.68620434249,5467.03894415432,4077.2070465332,8238.13585355935,11821.8515704521,11087.6455905075,1e+09,4972.0777221198,3145.76546369878,4348.94012954881,5886.76917200768,11768.2336259398,11463.9554465333,3903.87624541301,7971.18226629526,3462.10476613577,6495.31960244452,6691.91733703428,6301.70816437893,7593.23334228575,7261.79811628635,4860.35344123244,7005.53562787315,5786.28984457225,4878.02957006208,6006.85486123978,7307.73046006761,3341.76515428598,5087.75167705736,5584.76808556989,6100.49534446179,4705.45270812491,9463.31562537148
3647.30666933835,21937.1390810219,23147.4959456849,27163.4443231322,30244.6248456102,31193.7536385187,5942.5692136146,10987.8519796182,7235.84403639271,7295.60152521367,11452.6424965682,4324.11995223305,5227.2887233058,3592.25371590037,2710.33269085181,6778.53519054818,10644.5899524735,10912.6358011848,5654.05678025964,4064.80426764931,3613.54335566906,4166.59436482603,4309.39776475786,7174.58193338818,12159.2343788702,15942.7742524631,15325.7244168979,4972.0777221198,1e+09,6108.70402294955,8123.12115959131,5480.28322210632,8766.66598403863,7798.64096832904,2520.96895619522,4071.25693051912,3885.1283771196,3583.30185322141,3513.37011029297,3907.77103551372,4524.68632218854,4257.80697442944,2588.32822201899,5049.51911672785,4123.19797921468,4330.91977692961,4787.49315101338,5159.1704433368,3200.40050081236,2692.02886117516,3965.74635101641,3701.71187360659,4907.29594988931,7620.94753812149
4708.92280395421,16870.7824162041,17395.0590193451,21359.5231301052,24533.8684899895,25532.557610498,8959.43353601108,15996.0149419785,4676.2059915919,2961.18580364353,6144.01070874718,7319.17744235649,8487.51499862003,5001.31715445042,6820.56216755628,6210.5410007261,5594.59323322974,5392.71348817087,9182.52881757526,7033.66116082514,5759.50419948627,8311.61322504843,6869.63962221455,2850.59417267699,6804.28723042318,10315.1143725409,9785.91549211927,3145.76546369878,6108.70402294955,1e+09,4357.1180175662,7226.58028957681,13644.7086613933,13057.3146845399,4877.84949065672,9487.32306281914,4383.12221963979,7886.54814463844,8185.01866819496,8250.9524098979,8984.46486214955,8795.09961592818,6704.06791108951,8986.89187561528,7662.00458081304,6892.96020317831,8061.24342352965,9310.88119377538,4577.37224905295,6633.15018173115,7013.01202749575,8029.01818749964,6477.53777599174,11421.4623181447
6866.92469977646,16035.664239641,16425.5628445877,20740.4940989481,23845.931599883,24827.3532699924,9498.14146909805,16255.9314379091,2834.38961030413,2489.79420195726,4983.85226956016,8152.21475280798,9328.92496442114,6505.52993998183,8238.22626981682,4936.64162722999,6133.74941384957,5481.92674196765,8551.05817249538,7760.62926344894,6407.21685585091,8520.39623779317,7642.93187984166,3884.60485083103,5937.39515409746,9535.00759408193,8610.02868295455,4348.94012954881,8123.12115959131,4357.1180175662,1e+09,7059.88563670121,13924.6275661613,13788.2626583954,6824.57539378825,10880.0470933769,5909.15780688754,8937.92060012283,9262.68742172055,9126.52685266416,10243.4806548556,9422.34139378849,7564.90018249415,8819.21665418194,8044.37627089882,7120.86606915198,8340.03189448338,9198.31222908855,5788.41235911886,7657.31099405006,7437.89321934646,9082.21895591601,6748.26660998215,11356.478564106
6594.30927871146,22570.2095135646,22482.9386930268,27031.8609035116,30339.3377012485,30980.0125712676,6156.78390112078,11449.9872064776,6087.26967538814,7277.01129953774,10872.2875775938,3626.83006850335,3650.97660996342,5137.37344368696,4524.32987548433,6164.03669276879,11469.1418974656,10902.3264335645,5278.26617164197,3090.02511805325,2945.41444258699,4203.60695742359,3597.4904693133,7576.32367806445,12349.3564210124,16053.7356923459,15103.7376231912,5886.76917200768,5480.28322210632,7226.58028957681,7059.88563670121,1e+09,7665.09474407199,8664.32811986019,4633.77859283328,5896.87021800548,4369.00518470738,4332.23688385111,4254.42636828985,4147.39607791443,4471.06168493569,5198.62114030249,3891.68652388653,4225.6285277459,2863.31792965783,2698.56509484207,3066.34932711523,4808.27931096978,4300.8781567838,3762.65392069215,3585.54957482113,4194.06831493003,3368.58865902324,5949.18593458803
11303.5698450224,29186.554232331,29621.1549274501,34064.538861743,37279.137978993,38123.6008466055,7779.17922005272,5772.69009487778,12614.0034490522,13813.712271247,17783.8867075704,7963.45008000929,6565.37648870954,9676.9911730093,8092.11677688848,11245.7124255425,18183.7497465347,17962.5594564305,6844.79917593643,7257.37040038608,8268.01359140151,6254.67332158123,8324.96810530827,14171.140698236,18947.7062461344,22870.3734151784,22023.7858497625,11768.2336259398,8766.66598403863,13644.7086613933,13924.6275661613,7665.09474407199,1e+09,4098.16472643548,9267.55900905951,5423.39193184487,9899.8724737746,6470.59445420589,6215.22786678011,6216.22161621511,5944.60137799836,6014.80926302738,7364.51662172067,5618.04087834006,6879.51001940545,7693.05697730753,6398.13826100218,5516.02992581621,9712.52048463734,7549.15142502123,7335.892210788,6521.84715238712,8094.30725376175,3931.01877554661
10453.6876507145,28096.0062563952,29704.6046124671,33798.211656962,36842.1494337722,38048.9900908382,8561.942362379,3919.39122202671,12440.0570574696,13499.2620927071,17784.3242999812,8547.95288820663,7410.22268686306,9086.68413656489,7923.46659702684,10543.530776111,17503.7833258927,17502.2969123027,6312.17834400296,7716.85532573988,8147.00483860173,5894.35984258681,8634.36599577525,13601.2834548729,18265.2285658023,22323.4700330011,21662.4145163691,11463.9554465333,7798.64096832904,13057.3146845399,13788.2626583954,8664.32811986019,4098.16472643548,1e+09,8600.22736866881,4841.47297464315,9575.44298821731,6020.89531717668,5900.43034333937,6395.37748179887,6373.69542114306,4967.1514531369,6886.84268552724,5610.12286698785,7495.00649977704,8375.7302457338,7338.51341634667,5220.13218128622,9199.3375225665,7071.30118749725,7062.38028784205,6923.32278550553,8342.65242192793,5140.08925915689
3653.4736956628,21046.1500730419,21699.4392855484,25801.475005693,28987.5774406279,29927.2384742044,5837.81539607926,11841.4647723455,6029.06428563339,5958.80721174968,9990.66734113893,4082.04414995722,4607.6001455964,2292.20337350332,3071.69273228948,5723.45832716549,9648.52496748597,9571.08778056079,6012.25105270065,3215.03703085983,2424.65942886831,4428.81489885274,3716.28311685211,5741.95241530266,10788.2921989164,14589.1734362814,13994.5150171916,3903.87624541301,2520.96895619522,4877.84949065672,6824.57539378825,4633.77859283328,9267.55900905951,8600.22736866881,1e+09,4971.00498066538,2088.68287923275,3374.09978693577,3656.88646257988,3875.4044939206,4610.4176572302,4797.23108776302,2745.31431770572,5222.26705792609,4020.62722197669,3803.74811125816,4342.83500942645,5478.57405976227,2092.81242515903,2530.49518112562,3400.54094098277,3743.69472514787,3327.43232765146,7346.38536628048
6979.45960964744,25390.2574319127,26213.5580854717,30336.1036038447,33533.0045796705,34490.4291066333,5677.83561418434,8088.49977853125,9609.41576805271,10220.1797745832,14358.7885728323,4942.30689417402,4586.17560707176,5500.37389726371,4262.45789370405,8414.80835496567,14105.3907607624,14211.615564277,5560.21188778809,4350.37868979242,5109.74320284298,3831.89206015775,5354.18216234749,10236.0994421801,15217.2330536731,19139.9625008227,18472.1156811395,7971.18226629526,4071.25693051912,9487.32306281914,10880.0470933769,5896.87021800548,5423.39193184487,4841.47297464315,4971.00498066538,1e+09,5998.72058289099,2933.19038038788,2869.69086725382,3149.43217985401,2972.7495658565,3276.42679320018,3685.37058825839,4273.85891513747,4442.96151686012,4999.4377215543,4299.0311227415,4013.55272013462,5817.04749127081,3903.92775139346,4271.25549803568,3133.38075517483,5331.8752641355,4970.17263974804
3735.58804989255,20148.6170693375,20659.0495347051,24804.503156423,28036.6345046869,28971.0587587147,6173.13380861779,12637.523587163,5247.22674830238,5169.07822132728,9090.44430518663,4209.67517281322,4806.7936609865,1884.46807898144,3759.66244748116,4911.69310378814,8657.38578664483,8613.48414442147,6327.57245977476,3352.82043924216,2751.19307097848,5097.34449370454,3640.43563156939,4785.43605181388,9815.25259848161,13649.5425879661,12977.6669323111,3462.10476613577,3885.1283771196,4383.12221963979,5909.15780688754,4369.00518470738,9899.8724737746,9575.44298821731,2088.68287923275,5998.72058289099,1e+09,4247.6659018807,4550.1665919832,4547.03937837578,5285.00222335809,5691.65251734503,3512.65899546199,5642.59553100344,4373.49783412545,3708.39202516401,4678.43678451467,6061.82780976992,2135.92919636864,3316.96635833106,3804.04185464619,4405.47434977211,3015.17160879775,7681.17433876487
5602.17040812755,23554.5805085932,24359.559558859,28521.9145401882,31721.6115392771,32688.1076165828,5557.05910734266,9344.79802702552,7889.80324443519,8447.94208959792,12540.5199454289,4002.76248755781,3302.71248510978,3797.8087480151,3592.25731945806,6543.16484406438,12306.2981174438,12189.2539335105,4652.05561362931,2765.19785686305,3323.84206923253,3243.67424931974,3629.80753861689,8248.31158214819,13270.6263490085,17260.5599935952,16518.0107390327,6495.31960244452,3583.30185322141,7886.54814463844,8937.92060012283,4332.23688385111,6470.59445420589,6020.89531717668,3374.09978693577,2933.19038038788,4247.6659018807,1e+09,1688.49130326454,2514.51823065573,2932.06938705413,3457.19671453622,2841.05077050728,3519.70861650507,3478.10107752779,3698.89686518832,3539.03652692368,3711.88179788904,4328.90197270624,2746.52122454934,2730.07021548897,2754.9651742082,3684.54111420948,5099.33520895616
5589.30434504152,23923.6050449843,24789.4283101527,29053.3982027473,32242.5974998883,33090.8816806367,5521.81658285568,9210.22750718461,8130.20168815633,8896.43114939918,13025.9717586405,3469.23995471631,3022.16301226456,4490.06152134912,2666.99691638367,7263.67346116275,12546.9864071418,12583.1354840755,4635.62891050395,2749.45068426404,3251.66621675719,2938.88556808529,3346.1648928288,8619.87733850082,13855.9373162843,17778.8202862873,17057.1300917593,6691.91733703428,3513.37011029297,8185.01866819496,9262.68742172055,4254.42636828985,6215.22786678011,5900.43034333937,3656.88646257988,2869.69086725382,4550.1665919832,1688.49130326454,1e+09,1789.56985437842,2182.95174021324,3399.51516984408,2647.45585270085,3341.69503110323,2797.26059184696,3607.81848347447,3166.60978718566,3608.54344628134,4234.85433195759,2269.94474939369,3102.89760348291,2256.87377828269,4137.06680408958,5122.949442333
5652.33860502005,23995.23396823,24389.2657274855,28774.1261425104,31966.2295816429,32720.4524271288,4153.73707434643,9616.48176534433,7862.1100725187,8656.74257620614,12668.0476429717,2795.69001148196,2575.86893932902,4557.60871710155,2543.81206788159,7310.38597621904,12528.9648894991,12616.0550866386,4602.48683533153,2174.13149439035,3239.41119586569,2660.58628264524,3185.8982568971,8639.74473652434,13800.1675863339,17633.9071994836,16863.5047486251,6301.70816437893,3907.77103551372,8250.9524098979,9126.52685266416,4147.39607791443,6216.22161621511,6395.37748179887,3875.4044939206,3149.43217985401,4547.03937837578,2514.51823065573,1789.56985437842,1e+09,2357.78013169167,3995.27607217574,2544.14242244808,3384.91442512215,2245.53872222235,3048.51526107382,2413.67146235771,3663.19572597479,4390.25336451098,2631.36979404264,3536.66970770526,1342.52582463057,3694.59967731282,4863.73923959745
6578.67271040291,24928.938514664,25309.0600224366,29684.1360778834,32982.8134265939,33643.7492134215,5737.52043659977,9661.39869505446,9015.68147847959,9787.99356062825,13691.46777491,3328.967362907,2433.83475951019,5425.7373006809,3321.06316042017,8424.74756467516,13396.158550536,13406.9661615856,6041.50891587524,3091.53116773873,4250.03782384345,3836.72194337823,3620.77310146604,9446.90266570478,14826.3212958879,18660.2101434684,17921.4531884638,7593.23334228575,4524.68632218854,8984.46486214955,10243.4806548556,4471.06168493569,5944.60137799836,6373.69542114306,4610.4176572302,2972.7495658565,5285.00222335809,2932.06938705413,2182.95174021324,2357.78013169167,1e+09,4520.59280713271,3729.49156522709,4412.18410780874,3058.30066053029,3936.39797611979,3391.19033408625,4697.62125269801,5287.55953791539,3507.50799026887,4117.63682242618,2210.26495751075,4709.37898423985,5185.41695852899
7040.53841073962,24026.139963136,25363.25508696,29467.805300721,32562.3743495434,33689.8888353004,6384.7556983255,7668.24310203452,8297.74736718948,9228.78130843938,13465.1206413348,5724.68872027117,5460.09111467016,5363.84803853539,4661.08099925329,6788.9033227908,13421.144593074,13306.4226330821,4042.09311823714,4665.99116790849,4265.70907048289,2983.06856047594,5736.67510563393,9584.57182085877,14101.314374178,18023.1490066553,17383.8163783158,7261.79811628635,4257.80697442944,8795.09961592818,9422.34139378849,5198.62114030249,6014.80926302738,4967.1514531369,4797.23108776302,3276.42679320018,5691.65251734503,3457.19671453622,3399.51516984408,3995.27607217574,4520.59280713271,1e+09,2914.40442965626,2663.43009435202,4328.75267478982,4724.210620654,4107.41307200773,2447.68975719963,4902.62649653224,3177.37409807218,3002.63987269536,4150.87421388555,4665.66980746602,4596.87556567502
4689.51760274978,22320.7541138556,23236.7299172409,27485.2579278747,30612.7067968319,31549.0631479241,4868.64956649172,9851.85715532356,6436.25014654496,7136.09465270746,11390.5331415303,3523.30419884517,4045.11120468894,3442.80190907058,2438.54809651153,5834.77142950776,11226.2514974768,11289.4858513929,4004.20678018756,2600.72303988718,2161.66627854533,2128.00074725081,3582.00069606358,7381.9591227668,12284.0259857752,16184.6463689603,15461.9439878949,4860.35344123244,2588.32822201899,6704.06791108951,7564.90018249415,3891.68652388653,7364.51662172067,6886.84268552724,2745.31431770572,3685.37058825839,3512.65899546199,2841.05077050728,2647.45585270085,2544.14242244808,3729.49156522709,2914.40442965626,1e+09,2947.38661591926,2513.526190335,2744.16073561663,2871.12465903172,3162.47667521833,2756.59114445723,1346.00598323336,2365.44849407042,2557.90045273463,3148.13874282885,5590.6642799671
6961.69300735101,23786.9496827588,24837.6403673598,29196.2959131685,32291.3042342099,33278.8022513281,5505.28371027325,8022.90217418859,7633.19311697274,8879.82620363147,13012.9617128846,4916.86323910885,4404.18830868981,5452.41193031121,4479.59310905578,6318.08015654281,13191.7783532434,13157.0309219026,2639.85036606244,3732.19660935755,3702.74905880752,1821.24699725216,4717.31975531657,9294.31730405735,13868.5028707031,17816.253815362,17039.0602269345,7005.53562787315,5049.51911672785,8986.89187561528,8819.21665418194,4225.6285277459,5618.04087834006,5610.12286698785,5222.26705792609,4273.85891513747,5642.59553100344,3519.70861650507,3341.69503110323,3384.91442512215,4412.18410780874,2663.43009435202,2947.38661591926,1e+09,3258.48154366417,3652.9689731231,3086.71913759578,1483.10263191729,5078.35606965482,3404.67129626341,2756.18292673037,3703.47453626996,4070.57925735392,3746.18232492761
