1e+09,11696.6333800073,11936.3805903507,14601.2718963315,18026.7194022845,20757.3908372536,27107.1146967102,14601.1992127462,13802.6046277976,11264.0119100079,18221.444716147,19643.9578719335,18113.2789824289,18896.9170545595,16042.6450138311,10770.899527124,11106.1865672291,19281.7473828567,18847.2135103415,17927.8870163553,19622.1210011456,17973.7374325375,13542.0218408035,10089.3970320728,8619.71253547356,8787.66017142789,15623.5398542456,19276.5455461683,14759.4845558813,12582.2462666251,17488.5334179084,24727.8610521897,25360.9292854304,18957.8578108182,22019.7287823602,17387.0076721384,20217.8715110493,20335.2523433642,20160.8758163751,20807.255544348,21091.1138475662,19135.6035955781,19716.5033450204,18856.6875783023,18214.8157273111,19496.7213711896,20644.2630730864,17476.9443193569,19071.2595182201,18845.8409624034,19846.4255352696,18209.4047529951,21809.7331199719,23734.1515059608
11696.6333800073,1e+09,4290.45231133036,5787.44633304707,8820.47740161495,21749.5159165072,32394.9752642644,19855.1875871773,17968.809888632,13339.9841719809,21693.3826112919,23549.3611895015,22420.8055149542,22626.5151556354,21068.7541457985,15467.2565749489,13659.914061655,23911.9637968863,22969.4129554175,22315.941836528,24563.3522818426,22406.4357797553,18424.8374694568,13761.3782762375,9222.27062893407,9434.79966283333,18247.2576797255,23451.3671885287,18447.2305567638,16889.9998836442,21528.647855957,29411.3898807877,30540.5293598081,23310.4092513516,25976.6767716504,21345.4063389644,24381.8664002779,24673.3151401306,24261.8940218442,24868.3786656529,25925.4431035132,23715.2122515064,24585.2688352456,23230.8810142147,22558.1895033312,23713.2435850117,25804.1609330724,22028.5923260838,23425.3936856993,23622.9584220626,23758.8878018711,21875.5237323795,25798.5037448357,28296.8578879776
11936.3805903507,4290.45231133036,1e+09,5714.58094468002,9090.96488702932,24609.6746726526,34102.8172741505,20756.253769498,19173.9006549267,14564.1982655861,23715.8605329703,25222.2140726027,23834.3465936535,24736.785006597,22356.2171922331,16732.3730202294,15478.9110486558,25869.0331133384,24548.8243687982,23887.2547288528,26149.057797089,24002.8985645963,19635.1758999022,15100.0517717225,10982.120973669,11275.3538626688,20550.8019174362,25261.8459309291,19976.5640710709,18381.9271660155,23137.6449349928,30813.4309355823,32027.9949663119,24635.2665315661,27805.3791191201,22925.0506212113,26093.9304508271,26428.8050688903,25983.2495593988,26593.467126975,27469.1900654115,25316.4562528408,26260.505014449,24860.9389173418,24029.9842271026,25199.1863031031,27262.1813216789,23551.7369782783,25185.6456091084,25107.9970614683,25527.3554097658,23514.4388125913,27595.9750931925,29798.5615775561
14601.2718963315,5787.44633304707,5714.58094468002,1e+09,4738.69379028652,26739.5089733881,37438.1250654971,24818.2555270853,23073.9665830152,18467.0672570389,26932.5041902048,28819.6454967597,27589.4043260289,27852.0977985591,25932.3651640455,20412.9967435161,18649.1359894366,28837.8302602242,28225.2513876564,27519.2083847119,29695.2508170953,27625.1381629776,23538.0814316843,18762.824336709,14093.2370905765,14222.0481055472,23386.3052212358,28593.0296376669,23659.3070526653,21895.7950659573,26708.6980577283,34554.7206047539,35625.8429555569,28549.1454301105,31193.1280657279,26605.8484243559,29577.4679403376,29885.1742829601,29501.7379017796,30162.3684783506,31025.5645545508,28870.8973054199,29658.7327798711,28416.542841287,27743.7673952565,28975.3182196745,30896.3053819547,27194.5169323174,28624.4734665234,28789.7627191472,29006.7085054441,27099.1600441785,30983.6559304192,33364.685921871
18026.7194022845,8820.47740161495,9090.96488702932,4738.69379028652,1e+09,29071.0188905515,40651.0374322366,28119.0749274367,26222.53548247,21620.1429597147,29505.1958225886,31528.8785565805,30498.9268588978,30403.211015128,29276.6727911814,23253.5159343808,21486.2251244792,31862.8907495977,31055.544067852,30457.6515279347,32681.5037766395,30349.9806212772,26503.8317548331,22148.6159614749,17439.9508750541,17509.0643954382,26103.3369669339,31299.5513974753,26537.5396082041,25106.8118415401,29651.003138754,37562.2629087772,38651.9953472896,31425.7902056623,33994.0625519104,29500.032245801,32450.5235010007,32667.1471903685,32272.9540304664,32844.4005014934,34080.2122357725,31754.9306033599,32710.7301632431,31183.6839507522,30607.4903495305,31910.0715807894,34024.6006533846,30044.7423817379,31441.4703030122,31888.9374741916,31717.714188234,30087.5897799525,34044.3743851095,36448.0167602272
20757.3908372536,21749.5159165072,24609.6746726526,26739.5089733881,29071.0188905515,1e+09,14728.5999970432,12886.848937603,11073.9211701547,12593.2684990077,7294.40225076051,9342.72446513328,10072.6879879007,6911.85420916848,11054.2019337038,12720.181271118,11488.9667998824,8240.61237495127,9414.91020981613,9465.77828827086,10045.0432237746,9782.55413603727,11714.823667973,12698.50834479,14603.3044580978,14380.4527848118,5991.5807123079,8347.94137996908,9767.12077917541,10541.7992527509,8887.87638994828,13155.3293993005,13830.7733819299,10850.8753392203,9055.08289165814,9230.0751273053,9109.9613506864,9156.04836164598,9006.83914054204,9570.59590622757,10537.9422323004,9369.64686537332,9459.22173434474,9340.93552374707,9802.29340297463,9984.84803883865,11211.9507599927,9622.99236728368,8567.7888514482,10248.7692733274,8514.96648144313,8681.75200268356,9436.4403282011,11907.1170274
27107.1146967102,32394.9752642644,34102.8172741505,37438.1250654971,40651.0374322366,14728.5999970432,1e+09,14587.1410032158,15438.7377484268,19861.0037898491,12723.0099863672,11170.0648736388,11729.9626707889,11965.4685830476,12361.6067304861,19010.7904251927,19976.4892203035,9486.59885079473,11055.9398072348,11255.8798579409,8884.2305573865,12219.9734682118,15787.3517059892,19218.4210953658,23571.7580559024,23503.5706712044,15162.7370389122,10941.2151133272,15213.8061346627,16022.4469832545,11886.6639509536,6027.46949394188,4969.53163597939,11288.2186776568,8378.24570190562,12308.7705004034,9504.35725313922,9599.10192944632,9984.82979155379,10137.8108335873,7498.26886391786,10020.659075006,8415.54678474311,11076.0234767221,11566.5742239654,10160.2108651642,7600.52228168565,11985.7484215922,10279.9034144441,9686.21979052716,10570.3551644493,11423.3561265506,7541.55815558032,5790.58580764503
14601.1992127462,19855.1875871773,20756.253769498,24818.2555270853,28119.0749274367,12886.848937603,14587.1410032158,1e+09,3074.67603906493,6957.94620406769,7880.63978619122,7789.40770404272,6087.30103906485,8780.27728948238,4824.7982091586,6538.86038715463,8868.65102910245,8385.59604331141,6591.20482469632,5595.63599052869,6861.08734386176,6436.85735770958,4151.24231204347,6777.49176580097,11417.7316117826,11549.0297967059,8021.56058545343,8032.57118646327,5223.0052935068,4562.81080603831,5853.55197744071,11245.1746712579,12236.3475479695,6024.05777448225,9790.15523803377,5818.24886254447,8201.41028312814,8333.92248748451,7761.66734677543,8804.54990863815,8226.30092421254,6716.23685259834,7451.55791836177,6692.30917775023,5738.44954204531,6243.17122609175,7495.60213256413,5554.76725172172,7232.15997053439,6289.61890205599,7937.60969373652,6299.67242744414,9457.55003499849,10596.1750849446
13802.6046277976,17968.809888632,19173.9006549267,23073.9665830152,26222.53548247,11073.9211701547,15438.7377484268,3074.67603906493,1e+09,4849.09289629514,6808.95638077525,7378.19988181399,5575.80832043212,7696.53056830154,5078.11139075346,5100.38040527371,6625.43351914424,8234.03527574421,6154.95484949321,5396.78744509176,7271.95153060717,6099.40025491851,3052.21332021535,5043.93374025671,9444.45673870657,9485.45081664546,5879.173600269,7325.50321677631,3192.90283190704,2612.48092125091,5006.23976155757,11945.9084419101,13125.627388247,6031.51302123273,9557.7583697434,5038.31285814011,7831.66611617222,8109.18963630769,7600.17754099205,8532.2825839338,8626.51639699943,6596.673987018,7627.50924226907,6489.40808032597,5476.10155727594,6358.71589127082,8249.53079278452,5126.64241832801,6817.45671255784,6427.56415573583,7403.33055573638,5565.55483305124,9510.18193771812,11108.8677396574
11264.0119100079,13339.9841719809,14564.1982655861,18467.0672570389,21620.1429597147,12593.2684990077,19861.0037898491,6957.94620406769,4849.09289629514,1e+09,10049.8520988222,11235.8231101909,9752.36447159867,11126.1756807944,8641.00084406893,5028.48512840597,4923.14440689078,11993.6542614042,10333.6191015926,9615.45157472076,11769.6799557847,10042.1084046031,6133.49287166782,2953.72472078899,5321.8457152007,5555.3918797957,7543.42883193048,11232.2754855595,6124.68603233668,4533.1611910895,9004.79100703065,16433.4066514767,17651.834436936,10383.1991446182,13625.4106834216,8904.10606410324,11928.7665520665,12282.3962177541,11760.5986923158,12556.6064156204,13118.9761543117,11016.3831455655,11988.9607270856,10652.0678414053,9773.71372438849,10803.6811064748,12869.1835331539,9418.22926398057,11004.3092282751,10845.8121484931,11408.6070730918,9383.73200035039,13499.3053881376,15465.6873147785
18221.444716147,21693.3826112919,23715.8605329703,26932.5041902048,29505.1958225886,7294.40225076051,12723.0099863672,7880.63978619122,6808.95638077525,10049.8520988222,1e+09,3837.13232207335,4717.17055291623,2358.52398060736,6974.48368747107,8388.45586590285,8950.45092834434,5569.14922911031,4092.77592328239,4002.44649370857,5278.73930979737,3299.2808643703,6237.32478804816,9913.62750718424,13523.9184656593,13369.4585070413,4673.44352577412,3250.26904177177,4958.27150344755,7084.01475908965,3447.91227305742,9505.31086035591,10243.9748726459,5093.57582458532,5289.58168970855,3725.78109810547,4385.04750707447,3974.74600643865,3959.95986849614,4194.94222291559,6370.45822554391,4195.79600782736,5519.49514550018,3613.50830098673,4419.60613696515,5070.88395940984,7019.89640078826,3621.75262436572,3183.00174748617,5444.55129636961,3527.93063565598,4609.58530256248,6994.94013405405,8848.16445908981
19643.9578719335,23549.3611895015,25222.2140726027,28819.6454967597,31528.8785565805,9342.72446513328,11170.0648736388,7789.40770404272,7378.19988181399,11235.8231101909,3837.13232207335,1e+09,2977.1491326771,4174.21229112751,6545.87005064262,9893.81430483208,10900.644629663,6172.77911009296,1937.89425121703,2941.07351259706,3965.5492875893,2482.22085961342,6574.40087231529,11193.3999965471,15183.4968965025,15152.6023144607,7190.59039667119,3931.37072670589,6166.99392076886,8293.90249967408,3341.80981499546,6985.86490432645,7954.31926752378,3234.3704456509,4467.29379846457,3344.17387880774,2892.06517893356,2578.11743200344,2388.21421794612,2284.27178949879,4864.53001077185,3120.56264199263,4292.20285570242,2577.66498439964,2951.91091176546,3310.94188953838,5364.30964368203,3153.81064149387,2583.46310397497,3842.78606936426,2336.7855118731,3298.90224903679,5124.5386916385,6687.5691112541
18113.2789824289,22420.8055149542,23834.3465936535,27589.4043260289,30498.9268588978,10072.6879879007,11729.9626707889,6087.30103906485,5575.80832043212,9752.36447159867,4717.17055291623,2977.1491326771,1e+09,4982.7165912783,4984.06048692228,8704.15011834585,9875.11567488705,6162.09417094546,1825.45564742067,2348.42995043497,3800.29621052096,2927.98491825009,5212.54007951018,9679.72042518274,13844.0431669545,13813.8207331643,6716.11565128981,4198.29930040725,4855.47465694138,6672.45173816192,2312.02111677208,7460.48357587496,8595.99887021281,2663.93125138394,5366.74815565255,2708.04481652354,3746.03451209409,3758.11262729046,3362.81350529583,3888.38930084167,4635.15542937883,2674.64177122844,4123.29722793543,2634.96958361952,1925.84323661091,2964.71642814283,4868.89538685111,2100.7474657845,3000.91776485128,3008.01357089691,3126.22637125017,2421.52698983513,5565.01824256669,6837.42380694659
18896.9170545595,22626.5151556354,24736.785006597,27852.0977985591,30403.211015128,6911.85420916848,11965.4685830476,8780.27728948238,7696.53056830154,11126.1756807944,2358.52398060736,4174.21229112751,4982.7165912783,1e+09,7672.21157850199,9385.58941788421,9973.69529989762,5495.12604019235,4237.86182265302,4271.66750579911,5065.86637590255,4021.914343158,7223.02247165963,10935.9821012975,14381.7069048531,14306.1524993899,4997.74492437339,2664.88031521117,5778.23462086821,7952.15487665451,4276.47941105765,9119.64624967986,9733.2239804856,5339.49097505558,4725.28207128421,4289.68581783095,4356.39149964739,3560.65887138883,3751.38740526755,3904.02039332532,5938.73918603099,4010.40151718004,5136.45049376513,3833.40823364796,4773.39459173448,5144.80872319856,6677.25021237785,3977.13605470067,2871.93770064742,5286.30667213888,3178.57365075909,4907.33480440249,6584.27412476881,8406.19439613432
16042.6450138311,21068.7541457985,22356.2171922331,25932.3651640455,29276.6727911814,11054.2019337038,12361.6067304861,4824.7982091586,5078.11139075346,8641.00084406893,6974.48368747107,6545.87005064262,4984.06048692228,7672.21157850199,1e+09,8255.69593095579,9146.53835734044,5696.29650993521,5708.5240210233,4829.12934051264,5478.03628248299,5961.47352536267,5685.591722011,7700.2930452938,12107.6199229576,12099.2060660731,7353.91248408628,6956.3415778626,6044.66204339829,5045.40130239409,4381.93358638627,9607.13348190812,10359.0259737101,5948.95897642604,7975.11739796349,4945.53585074459,6234.17366613251,6807.72450386324,6560.82388205171,7501.57545070367,6385.06957932331,5618.94256344555,5250.30678581738,5921.16118070603,5322.56772010465,5811.9343069584,6060.9905686117,5298.5737387999,5929.57992868804,4687.0777967514,6757.78901400451,4565.01312455945,6982.06159325453,8314.22799465471
10770.899527124,15467.2565749489,16732.3730202294,20412.9967435161,23253.5159343808,12720.181271118,19010.7904251927,6538.86038715463,5100.38040527371,5028.48512840597,8388.45586590285,9893.81430483208,8704.15011834585,9385.58941788421,8255.69593095579,1e+09,3998.28340327446,10993.1626326958,9260.40170636242,8509.44098529392,10675.2425333573,8122.20697156875,4148.38620817783,4523.40589938599,7515.2529410127,7508.81166548343,7129.25396322785,9726.42365536789,5059.49981370689,4557.013642727,7951.1705085918,15584.5190328736,16529.0152952316,9275.66476374605,12541.6849286729,7615.73732023368,10774.7544117488,10718.7116773379,10473.9989270908,11014.1089700257,12168.7102442864,9815.89172440792,10996.4071464092,9224.50304743296,8710.06120108808,10053.5654636751,12005.8560308626,7841.55072178329,9564.82056517005,9941.14391538519,10196.2810763239,9077.44644070126,13160.053480864,14917.5012132897
11106.1865672291,13659.914061655,15478.9110486558,18649.1359894366,21486.2251244792,11488.9667998824,19976.4892203035,8868.65102910245,6625.43351914424,4923.14440689078,8950.45092834434,10900.644629663,9875.11567488705,9973.69529989762,9146.53835734044,3998.28340327446,1e+09,11482.4099256907,10443.651006219,9764.28984389034,12085.1860253163,9621.67343229337,6267.2733568674,4116.08736363795,5538.16096168214,5184.33700947382,6477.33310397883,10602.0860546027,6068.52775191809,5283.08295099556,8692.1408173706,16821.9630224448,17789.9700130354,10838.6679700552,13199.5306390265,8633.47272666683,11428.8611407699,11671.2025132717,11586.1886476097,12023.13162293,13309.7784869809,11125.1056967743,12059.4485215162,10642.6850035787,10193.5330056267,11483.2492313587,13391.9147314378,9360.04153953389,10590.8068190011,11084.5951007829,11188.2587579078,9708.85769591356,13719.8095649794,15852.1137558119
19281.7473828567,23911.9637968863,25869.0331133384,28837.8302602242,31862.8907495977,8240.61237495127,9486.59885079473,8385.59604331141,8234.03527574421,11993.6542614042,5569.14922911031,6172.77911009296,6162.09417094546,5495.12604019235,5696.29650993521,10993.1626326958,11482.4099256907,1e+09,5773.41044445136,5303.66283901041,4254.18510943048,6032.65001349324,8645.06737836669,11218.9097161667,15180.5829258925,14945.321253389,7024.90492300785,5236.39229433777,7975.33734403756,7906.29375437695,5091.60653383586,7980.70455079625,8222.00401503794,6811.75646633818,5605.61630297686,6164.84333647661,4891.64796388702,4969.11649784949,5119.26016187886,6316.66052393985,4870.19854538806,4701.84947119748,3353.05509640089,5176.47984014233,5803.83648093225,5781.22577421951,4884.87056562403,5694.72298760879,4521.63407077574,5115.28505863554,5513.23939316079,5534.74327951171,5317.70586485375,6677.86690211777
18847.2135103415,22969.4129554175,24548.8243687982,28225.2513876564,31055.544067852,9414.91020981613,11055.9398072348,6591.20482469632,6154.95484949321,10333.6191015926,4092.77592328239,1937.89425121703,1825.45564742067,4237.86182265302,5708.5240210233,9260.40170636242,10443.651006219,5773.41044445136,1e+09,2028.84336591074,3178.07012040326,2488.70914632466,5812.86806005435,10335.2886352728,14482.9043438255,14440.0893926354,6658.14401747214,3679.97429533142,5337.39894777409,7234.30196538685,2552.33063553686,6916.12215255052,8076.13269732488,2307.02035053876,4610.63785731432,2642.57322479435,3011.60864713528,2862.08043064831,2225.8316238431,3026.00563710645,4339.47141327144,2174.5699321705,3665.05458597822,1956.60924415173,1738.15816135932,2057.38585156018,4452.20428412713,2129.89231293509,2085.69807309208,2955.6714146197,2202.01024611603,2372.60051154846,4935.15665927638,6488.83533918838
17927.8870163553,22315.941836528,23887.2547288528,27519.2083847119,30457.6515279347,9465.77828827086,11255.8798579409,5595.63599052869,5396.78744509176,9615.45157472076,4002.44649370857,2941.07351259706,2348.42995043497,4271.66750579911,4829.12934051264,8509.44098529392,9764.28984389034,5303.66283901041,2028.84336591074,1e+09,3053.26735078997,2685.58760478969,5169.15183048438,9440.64448490674,13671.9781236147,13730.3655239946,6079.16545902478,3521.37489786305,4545.91515570847,6285.69772480351,2360.38570744275,7606.19147460804,8497.07589288221,2520.05736414868,5008.26976209349,2357.47027022612,3474.15457205059,3264.73598140799,2913.04609604792,3780.26896855237,4333.63887512561,2317.77383885918,3479.70558217215,2411.78034681851,2308.91173826545,2631.54617348813,4456.40381536503,1899.34546444295,2262.20912916998,2457.48941930581,2990.2433700286,2546.33162459252,5314.00306319069,6885.12660391223
19622.1210011456,24563.3522818426,26149.057797089,29695.2508170953,32681.5037766395,10045.0432237746,8884.2305573865,6861.08734386176,7271.95153060717,11769.6799557847,5278.73930979737,3965.5492875893,3800.29621052096,5065.86637590255,5478.03628248299,10675.2425333573,12085.1860253163,4254.18510943048,3178.07012040326,3053.26735078997,1e+09,4104.7637199722,7394.84482641793,11495.2280556064,15830.328045685,15817.4131589113,7818.61969839946,3878.29560370274,7003.52299798466,8132.38930722085,4098.98962876219,5702.09969104364,6289.78754377284,3580.92837275475,4053.25403165161,4578.28114239395,3414.81196098702,3113.49233233358,2715.35894947611,3877.88659439649,2317.42816587699,1802.89100072633,1731.06854878714,2776.69590893565,3241.50038255435,2523.94786360574,2129.29387774445,3555.72972582282,2641.06030758482,2525.15694692429,3217.95053200014,3982.0435612886,4182.55767747439,4845.6944286552
17973.7374325375,22406.4357797553,24002.8985645963,27625.1381629776,30349.9806212772,9782.55413603727,12219.9734682118,6436.85735770958,6099.40025491851,10042.1084046031,3299.2808643703,2482.22085961342,2927.98491825009,4021.914343158,5961.47352536267,8122.20697156875,9621.67343229337,6032.65001349324,2488.70914632466,2685.58760478969,4104.7637199722,1e+09,4989.2280139717,9877.77285316888,14010.9969699304,13973.1712819782,6501.06315499242,3747.30704806799,4933.95443143732,6930.92526081475,2936.11291569313,8258.46798641249,9096.31709269196,3204.33572457694,5547.90522865162,2960.87147505595,3805.1975268966,3332.63947118496,3230.99539026288,3507.87503668532,5478.84719755899,3179.51702261523,4650.16042845836,2078.02480868251,2518.76671398921,3621.77195850319,5722.07858745404,2069.6629942336,2807.41142558407,4024.29778766433,3082.05049614701,3881.59670885578,6520.19370555814,7962.61200664079
13542.0218408035,18424.8374694568,19635.1758999022,23538.0814316843,26503.8317548331,11714.823667973,15787.3517059892,4151.24231204347,3052.21332021535,6133.49287166782,6237.32478804816,6574.40087231529,5212.54007951018,7223.02247165963,5685.591722011,4148.38620817783,6267.2733568674,8645.06737836669,5812.86806005435,5169.15183048438,7394.84482641793,4989.2280139717,1e+09,5787.32909807279,10029.060324138,10068.7015343936,6365.46770500016,7122.70501386236,3101.63009749712,3893.02590330452,4842.35072254169,12077.5944404008,13024.040731002,5813.43945023942,9536.01175860747,4688.42800744557,7547.27704887664,7585.00867723301,7336.36466815139,7848.75141806644,8879.26658663879,6593.4286077958,7857.47211673067,6104.79769752446,5345.72056133689,6654.99193099436,8639.79629499446,4621.20941422265,6509.3732593315,6504.90812114975,7141.20955702884,5816.49790624909,9808.0189794066,11487.292506422
10089.3970320728,13761.3782762375,15100.0517717225,18762.824336709,22148.6159614749,12698.50834479,19218.4210953658,6777.49176580097,5043.93374025671,2953.72472078899,9913.62750718424,11193.3999965471,9679.72042518274,10935.9821012975,7700.2930452938,4523.40589938599,4116.08736363795,11218.9097161667,10335.2886352728,9440.64448490674,11495.2280556064,9877.77285316888,5787.32909807279,1e+09,5073.64405856383,5138.53346093027,7452.56149347323,11156.1561213215,6233.20823522687,3670.42733457564,8677.31913138499,16324.336988123,17337.5019022695,10509.6292582089,13455.7304974609,8663.17379247352,11580.6732264191,11984.5163209576,11704.7217643949,12439.7176809926,12810.1415564388,10919.7398412737,11519.1782985072,10659.047152804,9882.81805081425,10898.7101912291,12509.6428983724,9337.14368983899,10769.31434193,10411.7983557693,11458.0145653076,9275.86936891632,13141.9053957788,15254.0853397213
8619.71253547356,9222.27062893407,10982.120973669,14093.2370905765,17439.9508750541,14603.3044580978,23571.7580559024,11417.7316117826,9444.45673870657,5321.8457152007,13523.9184656593,15183.4968965025,13844.0431669545,14381.7069048531,12107.6199229576,7515.2529410127,5538.16096168214,15180.5829258925,14482.9043438255,13671.9781236147,15830.328045685,14010.9969699304,10029.060324138,5073.64405856383,1e+09,1856.92862945779,10161.3694159203,14951.4677575849,10048.488755813,8064.98779893684,12879.8068771896,20709.9375755457,21716.3867992629,14796.0741324042,17434.2706831143,12797.7183927214,15737.0534265503,16067.406829607,15759.6752858966,16449.9921117853,17114.7436246705,15091.061090152,15780.641417566,14752.8487701833,14091.2489532866,15218.9329186379,16990.7065718881,13476.7778020304,14827.2172647432,14821.3334988658,15360.4175484392,13295.4495154395,17204.4144983548,19493.3644094882
8787.66017142789,9434.79966283333,11275.3538626688,14222.0481055472,17509.0643954382,14380.4527848118,23503.5706712044,11549.0297967059,9485.45081664546,5555.3918797957,13369.4585070413,15152.6023144607,13813.8207331643,14306.1524993899,12099.2060660731,7508.81166548343,5184.33700947382,14945.321253389,14440.0893926354,13730.3655239946,15817.4131589113,13973.1712819782,10068.7015343936,5138.53346093027,1856.92862945779,1e+09,10010.5134915897,14892.393781357,10123.1541379947,7998.94123494478,12759.280249732,20639.0943794659,21675.9040188247,14861.274704032,17366.3671162278,12804.031591819,15629.2538351068,16010.4415055301,15700.9371834232,16433.3577668686,17110.5250590769,15050.9402589739,15730.1787128023,14701.0330042756,14029.0980678517,15225.2784690626,16930.8147955939,13461.8978558226,14758.19886001,14878.631732693,15326.4204731927,13327.3990689744,17210.40539033,19468.0991200836
15623.5398542456,18247.2576797255,20550.8019174362,23386.3052212358,26103.3369669339,5991.5807123079,15162.7370389122,8021.56058545343,5879.173600269,7543.42883193048,4673.44352577412,7190.59039667119,6716.11565128981,4997.74492437339,7353.91248408628,7129.25396322785,6477.33310397883,7024.90492300785,6658.14401747214,6079.16545902478,7818.61969839946,6501.06315499242,6365.46770500016,7452.56149347323,10161.3694159203,10010.5134915897,1e+09,6030.27799643598,4427.93470822459,5252.54748460212,5390.06989597538,12544.5006710351,13383.6333568355,7695.67442429837,8367.06050367152,5574.62622811611,7398.45439244576,7424.42261295112,7180.58416245503,7897.60954114598,8900.75700874931,6811.70322840771,7620.57319430763,6630.05035520093,6588.66628457535,7461.32063730008,9252.38248817028,5906.96565047572,6162.17211534212,7395.87493636825,6586.9224120829,5879.92193808727,8953.62164950027,11389.3617701915
19276.5455461683,23451.3671885287,25261.8459309291,28593.0296376669,31299.5513974753,8347.94137996908,10941.2151133272,8032.57118646327,7325.50321677631,11232.2754855595,3250.26904177177,3931.37072670589,4198.29930040725,2664.88031521117,6956.3415778626,9726.42365536789,10602.0860546027,5236.39229433777,3679.97429533142,3521.37489786305,3878.29560370274,3747.30704806799,7122.70501386236,11156.1561213215,14951.4677575849,14892.393781357,6030.27799643598,1e+09,5611.50503255588,7992.19755319524,3756.96228868484,7764.76845244596,8417.05361735922,4033.74886006801,3435.52656933402,4044.20589776287,3295.92619049638,2834.32163661784,3153.81108663788,3212.09584133164,4363.70591478161,2807.53881803974,4200.3578479101,3118.98149503969,3972.19289775811,4146.7681732284,5376.39819951053,3399.86031504237,2191.77298454927,4043.01865431017,2584.81469890977,4659.37877956923,6144.7124699452,7024.92025687125
14759.4845558813,18447.2305567638,19976.5640710709,23659.3070526653,26537.5396082041,9767.12077917541,15213.8061346627,5223.0052935068,3192.90283190704,6124.68603233668,4958.27150344755,6166.99392076886,4855.47465694138,5778.23462086821,6044.66204339829,5059.49981370689,6068.52775191809,7975.33734403756,5337.39894777409,4545.91515570847,7003.52299798466,4933.95443143732,3101.63009749712,6233.20823522687,10048.488755813,10123.1541379947,4427.93470822459,5611.50503255588,1e+09,3938.19787734187,4011.96812669293,11664.6356511852,12723.3686874232,5374.7832985433,8200.71410936877,3785.10522288351,6769.76336809493,6837.51876797424,6593.55216394016,7001.46670126339,8143.20897256727,5890.02160878889,7341.23299613219,5589.86488269618,5041.45188186895,6103.93140167057,8369.07666033117,4182.42758878143,5617.12286344175,5956.54771050312,6121.0098163375,5070.20447470317,9109.24428649819,10870.7363602656
12582.2462666251,16889.9998836442,18381.9271660155,21895.7950659573,25106.8118415401,10541.7992527509,16022.4469832545,4562.81080603831,2612.48092125091,4533.1611910895,7084.01475908965,8293.90249967408,6672.45173816192,7952.15487665451,5045.40130239409,4557.013642727,5283.08295099556,7906.29375437695,7234.30196538685,6285.69772480351,8132.38930722085,6930.92526081475,3893.02590330452,3670.42733457564,8064.98779893684,7998.94123494478,5252.54748460212,7992.19755319524,3938.19787734187,1e+09,5620.53707923896,13070.9172489539,14050.1686815853,7570.64747326145,10329.8739155084,5860.66147225721,8552.29693253807,8825.05421730088,8502.04870705291,9461.16416171921,9517.24044903774,7568.69524445925,8153.27939320124,7376.34112643254,6703.63871457136,7748.02791543758,9170.77461615975,6153.04063608392,7511.72724787715,7350.39899453084,8332.65364715227,6360.99325877649,10095.6891999705,12026.9814497363
17488.5334179084,21528.647855957,23137.6449349928,26708.6980577283,29651.003138754,8887.87638994828,11886.6639509536,5853.55197744071,5006.23976155757,9004.79100703065,3447.91227305742,3341.80981499546,2312.02111677208,4276.47941105765,4381.93358638627,7951.1705085918,8692.1408173706,5091.60653383586,2552.33063553686,2360.38570744275,4098.98962876219,2936.11291569313,4842.35072254169,8677.31913138499,12879.8068771896,12759.280249732,5390.06989597538,3756.96228868484,4011.96812669293,5620.53707923896,1e+09,8275.39461661497,9319.68541827995,3507.97224314846,5228.91982571927,1969.32897990661,3445.93270279615,3760.52865453782,3657.87568279733,4230.99546063335,5007.78376493035,3079.97571630037,4146.42819519403,3039.94170118442,2736.47719394845,3559.05255065165,5332.46659772942,2285.65458825257,2694.68121268546,3261.07248360106,3531.13199530972,2366.05711247637,5708.26355212336,7452.86605631686
24727.8610521897,29411.3898807877,30813.4309355823,34554.7206047539,37562.2629087772,13155.3293993005,6027.46949394188,11245.1746712579,11945.9084419101,16433.4066514767,9505.31086035591,6985.86490432645,7460.48357587496,9119.64624967986,9607.13348190812,15584.5190328736,16821.9630224448,7980.70455079625,6916.12215255052,7606.19147460804,5702.09969104364,8258.46798641249,12077.5944404008,16324.336988123,20709.9375755457,20639.0943794659,12544.5006710351,7764.76845244596,11664.6356511852,13070.9172489539,8275.39461661497,1e+09,2496.46640434034,6930.55746381198,5478.86665284893,8619.1495762169,6096.55237806582,6096.83295678174,6095.03485874363,6282.73188667159,4339.18337397718,6311.86981542712,5687.91422560151,7060.08613476493,7353.6391587907,6101.0501489006,4584.37755868777,8074.36252992767,6877.7945546156,6434.29427129347,6711.80646765087,7765.52031954073,5182.10555093198,2501.81039071709
25360.9292854304,30540.5293598081,32027.9949663119,35625.8429555569,38651.9953472896,13830.7733819299,4969.53163597939,12236.3475479695,13125.627388247,17651.834436936,10243.9748726459,7954.31926752378,8595.99887021281,9733.2239804856,10359.0259737101,16529.0152952316,17789.9700130354,8222.00401503794,8076.13269732488,8497.07589288221,6289.78754377284,9096.31709269196,13024.040731002,17337.5019022695,21716.3867992629,21675.9040188247,13383.6333568355,8417.05361735922,12723.3686874232,14050.1686815853,9319.68541827995,2496.46640434034,1e+09,8166.18658559796,6069.01354260311,9783.91806111437,6939.60123732625,6741.42741304095,6977.81035319103,7038.08779031634,4958.98277528769,7186.67366748345,6280.06916468282,7933.83527216818,8498.3407764163,7410.41331130727,5291.22228234649,9034.71090030555,7665.61040917812,7295.61554938307,7632.73177732586,8919.41034937848,5843.06560305462,3122.20560714697
18957.8578108182,23310.4092513516,24635.2665315661,28549.1454301105,31425.7902056623,10850.8753392203,11288.2186776568,6024.05777448225,6031.51302123273,10383.1991446182,5093.57582458532,3234.3704456509,2663.93125138394,5339.49097505558,5948.95897642604,9275.66476374605,10838.6679700552,6811.75646633818,2307.02035053876,2520.05736414868,3580.92837275475,3204.33572457694,5813.43945023942,10509.6292582089,14796.0741324042,14861.274704032,7695.67442429837,4033.74886006801,5374.7832985433,7570.64747326145,3507.97224314846,6930.55746381198,8166.18658559796,1e+09,5027.87591118755,3080.35328428413,3620.36698398104,3581.07121190015,3155.14254104311,3592.36154731118,4439.90383679647,2903.37993740055,4487.06720772043,3062.72981493634,2749.17181916664,2171.02257634507,4594.36297852053,2770.61325361372,3236.50692199167,2985.37457495705,3267.25655261413,3669.16255728743,6068.98189529348,6670.36326306896
22019.7287823602,25976.6767716504,27805.3791191201,31193.1280657279,33994.0625519104,9055.08289165814,8378.24570190562,9790.15523803377,9557.7583697434,13625.4106834216,5289.58168970855,4467.29379846457,5366.74815565255,4725.28207128421,7975.11739796349,12541.6849286729,13199.5306390265,5605.61630297686,4610.63785731432,5008.26976209349,4053.25403165161,5547.90522865162,9536.01175860747,13455.7304974609,17434.2706831143,17366.3671162278,8367.06050367152,3435.52656933402,8200.71410936877,10329.8739155084,5228.91982571927,5478.86665284893,6069.01354260311,5027.87591118755,1e+09,5546.50351179011,2971.17922848824,2885.63350770676,3285.62096614932,2861.17071568615,3157.13730830637,3837.78778290306,4106.95225753843,4536.98229372785,5370.6698628011,4459.38614633225,4697.87900253934,5440.37123985119,3472.97978534284,4365.06868781008,3304.32242856232,5301.47927943701,4334.72994643265,4733.71514964726
17387.0076721384,21345.4063389644,22925.0506212113,26605.8484243559,29500.032245801,9230.0751273053,12308.7705004034,5818.24886254447,5038.31285814011,8904.10606410324,3725.78109810547,3344.17387880774,2708.04481652354,4289.68581783095,4945.53585074459,7615.73732023368,8633.47272666683,6164.84333647661,2642.57322479435,2357.47027022612,4578.28114239395,2960.87147505595,4688.42800744557,8663.17379247352,12797.7183927214,12804.031591819,5574.62622811611,4044.20589776287,3785.10522288351,5860.66147225721,1969.32897990661,8619.1495762169,9783.91806111437,3080.35328428413,5546.50351179011,1e+09,3937.00872982268,4047.67841838998,3777.74414378475,4155.00867142296,5516.66302345902,3572.26960308149,4780.09671672028,3433.11266035649,3105.96595968146,3504.12583752353,5833.40864059771,2471.21204049754,3042.01743747468,3465.58545951474,3591.148800036,2642.27082574819,6203.41388096909,8002.02849505674
20217.8715110493,24381.8664002779,26093.9304508271,29577.4679403376,32450.5235010007,9109.9613506864,9504.35725313922,8201.41028312814,7831.66611617222,11928.7665520665,4385.04750707447,2892.06517893356,3746.03451209409,4356.39149964739,6234.17366613251,10774.7544117488,11428.8611407699,4891.64796388702,3011.60864713528,3474.15457205059,3414.81196098702,3805.1975268966,7547.27704887664,11580.6732264191,15737.0534265503,15629.2538351068,7398.45439244576,3295.92619049638,6769.76336809493,8552.29693253807,3445.93270279615,6096.55237806582,6939.60123732625,3620.36698398104,2971.17922848824,3937.00872982268,1e+09,1713.12534526812,2599.50850092859,2639.77434598111,3490.01531493774,3075.82152287807,3256.92918576686,3552.54453920004,4022.24408036111,3465.46278232792,4314.88964325856,4024.07881739411,2449.45503665611,3012.67168431942,2780.89444468862,3770.14529121889,4303.59627566295,5387.65282326172
20335.2523433642,24673.3151401306,26428.8050688903,29885.1742829601,32667.1471903685,9156.04836164598,9599.10192944632,8333.92248748451,8109.18963630769,12282.3962177541,3974.74600643865,2578.11743200344,3758.11262729046,3560.65887138883,6807.72450386324,10718.7116773379,11671.2025132717,4969.11649784949,2862.08043064831,3264.73598140799,3113.49233233358,3332.63947118496,7585.00867723301,11984.5163209576,16067.406829607,16010.4415055301,7424.42261295112,2834.32163661784,6837.51876797424,8825.05421730088,3760.52865453782,6096.83295678174,6741.42741304095,3581.07121190015,2885.63350770676,4047.67841838998,1713.12534526812,1e+09,1781.09297466471,1866.48470181247,3462.83630015916,2609.1842703803,3259.96767092866,2871.38564818451,3842.93625778518,3414.81270460036,4299.47791092128,3563.39034816564,1808.64332111116,3361.30256315911,2153.2495035411,4113.41301888104,4579.03246440774,5602.29863793425
20160.8758163751,24261.8940218442,25983.2495593988,29501.7379017796,32272.9540304664,9006.83914054204,9984.82979155379,7761.66734677543,7600.17754099205,11760.5986923158,3959.95986849614,2388.21421794612,3362.81350529583,3751.38740526755,6560.82388205171,10473.9989270908,11586.1886476097,5119.26016187886,2225.8316238431,2913.04609604792,2715.35894947611,3230.99539026288,7336.36466815139,11704.7217643949,15759.6752858966,15700.9371834232,7180.58416245503,3153.81108663788,6593.55216394016,8502.04870705291,3657.87568279733,6095.03485874363,6977.81035319103,3155.14254104311,3285.62096614932,3777.74414378475,2599.50850092859,1781.09297466471,1e+09,2278.15626546995,3578.91703311211,2134.03891913901,3261.16277706281,2137.22199726655,3080.78048117681,2464.45057424571,4065.48146699748,3200.32350433515,1830.50221480336,3433.52843537082,1446.96565104359,3540.05305696115,4479.93187848878,5653.13546853425
20807.255544348,24868.3786656529,26593.467126975,30162.3684783506,32844.4005014934,9570.59590622757,10137.8108335873,8804.54990863815,8532.2825839338,12556.6064156204,4194.94222291559,2284.27178949879,3888.38930084167,3904.02039332532,7501.57545070367,11014.1089700257,12023.13162293,6316.66052393985,3026.00563710645,3780.26896855237,3877.88659439649,3507.87503668532,7848.75141806644,12439.7176809926,16449.9921117853,16433.3577668686,7897.60954114598,3212.09584133164,7001.46670126339,9461.16416171921,4230.99546063335,6282.73188667159,7038.08779031634,3592.36154731118,2861.17071568615,4155.00867142296,2639.77434598111,1866.48470181247,2278.15626546995,1e+09,4095.70239226436,3178.8161329495,4358.15613827683,3146.22589648296,3986.53583762896,3677.00118207759,5105.23917369206,3956.42397618102,2569.98290011821,3911.75592116891,2137.30929544603,4426.39896640599,5051.86502596813,6011.77729149209
21091.1138475662,25925.4431035132,27469.1900654115,31025.5645545508,34080.2122357725,10537.9422323004,7498.26886391786,8226.30092421254,8626.51639699943,13118.9761543117,6370.45822554391,4864.53001077185,4635.15542937883,5938.73918603099,6385.06957932331,12168.7102442864,13309.7784869809,4870.19854538806,4339.47141327144,4333.63887512561,2317.42816587699,5478.84719755899,8879.26658663879,12810.1415564388,17114.7436246705,17110.5250590769,8900.75700874931,4363.70591478161,8143.20897256727,9517.24044903774,5007.78376493035,4339.18337397718,4958.98277528769,4439.90383679647,3157.13730830637,5516.66302345902,3490.01531493774,3462.83630015916,3578.91703311211,4095.70239226436,1e+09,2917.52106084943,2278.70713317881,4188.16097454479,4583.40766752206,3535.16879192493,2129.29770901112,4854.00807029613,3602.40340199429,2957.09264815968,3924.37632563443,4808.8063093038,3599.03741631009,3215.05014699616
19135.6035955781,23715.2122515064,25316.4562528408,28870.8973054199,31754.9306033599,9369.64686537332,10020.659075006,6716.23685259834,6596.673987018,11016.3831455655,4195.79600782736,3120.56264199263,2674.64177122844,4010.40151718004,5618.94256344555,9815.89172440792,11125.1056967743,4701.84947119748,2174.5699321705,2317.77383885918,1802.89100072633,3179.51702261523,6593.4286077958,10919.7398412737,15091.061090152,15050.9402589739,6811.70322840771,2807.53881803974,5890.02160878889,7568.69524445925,3079.97571630037,6311.86981542712,7186.67366748345,2903.37993740055,3837.78778290306,3572.26960308149,3075.82152287807,2609.1842703803,2134.03891913901,3178.8161329495,2917.52106084943,1e+09,2462.80715649845,1734.80066215113,2190.51671169156,2154.57343000883,3352.74800951399,2241.58632196041,1544.91779515934,2633.27207384653,2074.62540288602,3275.22227289996,4656.73064188815,5608.88190809898
19716.5033450204,24585.2688352456,26260.505014449,29658.7327798711,32710.7301632431,9459.22173434474,8415.54678474311,7451.55791836177,7627.50924226907,11988.9607270856,5519.49514550018,4292.20285570242,4123.29722793543,5136.45049376513,5250.30678581738,10996.4071464092,12059.4485215162,3353.05509640089,3665.05458597822,3479.70558217215,1731.06854878714,4650.16042845836,7857.47211673067,11519.1782985072,15780.641417566,15730.1787128023,7620.57319430763,4200.3578479101,7341.23299613219,8153.27939320124,4146.42819519403,5687.91422560151,6280.06916468282,4487.06720772043,4106.95225753843,4780.09671672028,3256.92918576686,3259.96767092866,3261.16277706281,4358.15613827683,2278.70713317881,2462.80715649845,1e+09,3489.39086851846,3831.42217680328,3324.61523749742,2385.03598413106,4102.54330284276,2905.71046749328,2602.28384239691,3627.68521784898,3882.97956613217,3431.28092837063,4559.11862226681
18856.6875783023,23230.8810142147,24860.9389173418,28416.542841287,31183.6839507522,9340.93552374707,11076.0234767221,6692.30917775023,6489.40808032597,10652.0678414053,3613.50830098673,2577.66498439964,2634.96958361952,3833.40823364796,5921.16118070603,9224.50304743296,10642.6850035787,5176.47984014233,1956.60924415173,2411.78034681851,2776.69590893565,2078.02480868251,6104.79769752446,10659.047152804,14752.8487701833,14701.0330042756,6630.05035520093,3118.98149503969,5589.86488269618,7376.34112643254,3039.94170118442,7060.08613476493,7933.83527216818,3062.72981493634,4536.98229372785,3433.11266035649,3552.54453920004,2871.38564818451,2137.22199726655,3146.22589648296,4188.16097454479,1734.80066215113,3489.39086851846,1e+09,1744.05219778538,2657.18896462032,4451.58229694791,1931.17779492205,1979.60721260557,3497.27314416532,2071.10840520239,3436.02923845243,5440.42254334165,6643.12723984721
