1e+09,5052.98928004008,5114.299012944,5545.85852580103,5763.14960568438,4248.40544589379,2569.40205219035,3082.22601580416,3387.93924378818,3964.62095306727,2673.92566770283,2279.90101403548,2619.1450401801,2426.42795642071,3385.58732083519,3107.31497066197,2896.12848955291,3609.88910271493,2504.28150444394,3257.70791539082,2572.82470028566,2454.49564055429,2804.16174765294,3435.02355207355,4315.72351923753,3802.40509462104,3515.26080238721,2862.97708759606,3333.73178463715,3257.55100412872,2732.67169513647,2937.34974131444,2741.20836083286,3044.71491491404,2464.27539284878,2964.1245451735,3032.41714002213,2560.47343860467,2470.908921814,2246.72142167203,2404.78765536585,3155.13809185906,2381.61767131083,2741.7560826412,2745.01138649733,3573.48249866989,3418.97612504095,2429.3608358167,3085.76407528184,3691.5600703903,2689.27131944696,2473.33320250224,2501.36334241949,2847.86057170993
5052.98928004008,1e+09,2118.61185959109,2468.65973390421,2444.71247800227,3243.37175588923,5508.07251411962,4893.06490389204,3881.98796986802,3129.22047690795,4237.26858117349,4396.97007560888,4537.76702135533,4961.28242381947,4226.92309045244,4820.91223499246,3234.89301195573,3399.89171499623,4494.35795691665,4580.42448115893,4456.40999796922,4961.77862949366,4776.27929530927,2695.99377234073,2312.17493981316,2436.29530508927,3680.05133456043,4943.61637112954,5138.82998118249,4065.98780151884,3933.11927296897,4596.7967543062,5169.26176142203,4924.42685827498,4774.48299946706,5481.03985576642,4550.19326913704,4613.93846046954,4725.47045648367,4852.5142035856,4564.92733582913,5470.1296194423,4486.23175149256,4933.13457139576,4957.67059863803,5089.24459271708,5099.97100532934,4980.81678002715,5338.02798240137,4701.18268488898,4943.55307854584,4415.90227183528,4222.06120862784,4258.21448303159
5114.299012944,2118.61185959109,1e+09,2060.12450919841,2237.99056926074,3379.49890985335,5335.43319137256,5071.03752091226,3648.49599753104,3030.55295497373,4098.92804940511,4094.64390234365,4272.52811647858,5234.25801040606,4282.69402481662,4950.5046828076,3543.85620927261,4109.80049117959,4416.35812794886,4687.57980872859,4625.13346209599,4815.08423563908,4508.46373766054,3129.8375100155,2997.61065555552,3118.93509108478,4289.96785710569,5059.9645672376,5217.9753781807,4219.91386650249,4086.68037367739,4503.8423162451,5125.08677002644,5087.80817532462,5087.59423957925,5480.04537514974,4683.10856324087,4883.49032289407,4998.7317433225,4902.51441289059,4631.30648761232,5610.52373784302,4475.34886082638,4904.69774458121,4671.5526276175,4935.49897666892,5081.93532278796,5041.85569063614,5609.33402516734,5108.77669906407,4977.58133860211,4289.14262141049,4453.35779898719,4219.6732234025
5545.85852580103,2468.65973390421,2060.12450919841,1e+09,1844.30633857285,3541.35456839611,5759.69713306177,5475.95444585691,4518.77468415941,3643.11012654023,4820.6043685621,4648.60362730573,5203.90298694163,5777.17929310663,4614.5163277206,5475.23127178204,4220.7808068887,4699.62105575545,5102.3779601574,5197.54930016061,5292.22543835767,5505.19160681079,5223.77974275333,3789.37102550014,3256.31540838722,3587.53723897049,4682.39015875439,5697.91155441184,5559.87332698327,4745.58625163425,4802.76776073963,5300.46776660325,5624.06032479205,5790.28872158375,5597.68023079204,5768.35734218157,5221.80218379632,5419.18750251364,5504.26420531391,5617.16599749375,5234.88338229229,5986.21417135238,4869.36596575981,5462.65770030486,5208.05881677617,5388.13713961514,5648.10528147272,5605.97271848517,5996.15420571386,5612.07933034628,5440.17628372464,4595.0536831467,4729.59844007924,4718.07461468129
5763.14960568438,2444.71247800227,2237.99056926074,1844.30633857285,1e+09,3724.43069738182,6149.6602619413,5670.18042104482,4640.18724004754,3751.22086433204,4942.28171195249,4929.49907133575,5273.92210204133,5933.8243457487,4735.82016559962,5761.72689040361,4480.62434152876,4449.26348140903,5262.58925695327,5619.04151879126,5246.61117064148,5586.12736668257,5479.80945510882,4101.10482806768,3418.02050684311,3677.66653228647,5075.74688587798,5848.25624631821,6143.45234315364,4915.41219791382,5045.39244781811,5396.7822156448,5867.74947951938,5718.02139128563,5854.08882333536,6291.06230110623,5386.66633483085,5620.8328730625,5624.41337303723,5836.93811746364,5479.4440548198,6196.60208252878,5155.08581313638,5615.26033839928,5545.20900741352,5770.08960963346,5990.89839976443,5822.31198266634,6247.57427563691,6007.34615769726,5722.16599183386,5032.14131696438,5137.27114955985,4880.31441446143
4248.40544589379,3243.37175588923,3379.49890985335,3541.35456839611,3724.43069738182,1e+09,3962.16357831173,4624.18879292358,3040.46427923434,3156.9080695516,3516.62882964637,3743.46110986878,4060.0479698644,4002.3492506027,4392.37652221437,3789.26156188775,2621.44273759699,3298.52556555198,3650.73468641587,4073.92338652803,3901.36186977061,4259.84884652026,3847.74494405489,2960.77017902437,2838.3477954613,2679.84384442452,2796.32732653028,3821.08632171533,4623.64103221693,3671.44734395034,3460.94946011929,3726.72561690554,4638.24985463267,4477.12363262396,4304.90692392995,4840.94342949802,3695.96017565125,3841.34325603688,4235.04078920144,4406.47522681111,4005.1215842094,4794.60958929922,3669.9990268936,4306.71184492299,3992.17334990604,3891.11065088106,4029.90754977084,4171.76229705145,4477.05516412295,4343.46141592164,4267.2212415224,4065.95412749578,4007.3373303604,3725.22079732195
2569.40205219035,5508.07251411962,5335.43319137256,5759.69713306177,6149.6602619413,3962.16357831173,1e+09,3497.91569805506,3588.64924981531,3910.27519107032,3312.46417680252,3267.45116688834,3744.20401518133,2661.86484685079,3859.45690223379,3362.18610812965,2983.26990542257,4418.32252214571,3283.46771997229,3416.24556274867,3460.44165788126,3223.58912619149,3373.45223804933,3507.26787047981,4328.40979412763,4054.19135692927,3733.54730407959,2698.79305318137,3411.77457483639,3486.63656994818,3833.80367272504,3893.46540113046,3870.81775175479,3433.60567090923,2920.29492599635,2921.83590324645,3250.15384372802,3130.98725535573,3419.92882322133,2755.88445363734,2968.26568396429,4031.57714510091,2979.68549798465,3754.44056398553,3575.2001596554,3575.14702692071,3372.61949647451,3367.01002870499,3732.63296193183,3851.08301204999,3537.29327718243,3256.67013604387,3543.41544216876,3479.5112625626
3082.22601580416,4893.06490389204,5071.03752091226,5475.95444585691,5670.18042104482,4624.18879292358,3497.91569805506,1e+09,3156.28602425382,2947.80781924467,2872.26350077774,2780.99582615652,3740.98290533384,2917.95224470861,3284.78808605669,3184.02929229616,3212.45882923035,3545.82074324126,3231.79027930341,2404.64094007817,1988.25477308619,2503.54997417667,3047.67614485201,3075.17004950946,3739.98301707374,4075.15976993541,3822.11507771548,2241.95688473262,2651.9847823847,2605.95471468711,3047.32082595515,3454.40163780936,2762.15980587655,2239.92717649481,2071.91701168266,3264.3168479178,3197.54388279504,2630.69760601632,2459.47062775712,2467.3363402463,2547.72520753318,3008.56902593243,2411.22465394662,2486.61292150588,2798.7859803672,3449.62546807621,3154.90023000728,2682.53136524068,2693.39279641867,2815.72147894638,3112.03455592961,2973.84912877234,3052.38425357949,2889.08236137359
3387.93924378818,3881.98796986802,3648.49599753104,4518.77468415941,4640.18724004754,3040.46427923434,3588.64924981531,3156.28602425382,1e+09,1905.1848162055,2372.6158923433,2528.63888042559,2925.25783531982,2955.41057257702,4226.16480345951,2655.30563327463,2103.67191871736,2477.2124160233,2161.09940763955,3180.70848768006,2767.87888734316,2200.58946346201,2345.14498285287,2032.99749844903,2990.29979836471,3100.70821964918,2752.33969618577,2369.32648368687,3199.21116650652,2474.60698449269,2099.09752946355,2491.80926685812,3532.33829527977,2454.27486999725,3064.95063043436,3912.19619800695,2520.25806283801,2331.70062233555,3205.88401120502,2997.07862142454,2582.72873624003,3585.02763828956,2485.98902183819,2935.69286031424,2482.19284021206,2943.09437560198,3210.06115807783,2723.06931248545,3399.98200220236,3314.85985304055,3131.15733386235,3340.28212655758,3469.85337119597,2984.47446544614
3964.62095306727,3129.22047690795,3030.55295497373,3643.11012654023,3751.22086433204,3156.9080695516,3910.27519107032,2947.80781924467,1905.1848162055,1e+09,3052.35900442592,3022.76200348291,3479.89438397202,3506.27919461642,3779.78560843072,3477.94346388782,2369.02090592295,2900.17050715988,2989.08749647781,3088.34860831804,2949.60992243042,2854.94919495952,3054.42347016585,1750.61281407397,2164.63936026304,2765.19615801483,3266.60038876812,2781.00038493345,3111.56064999543,2059.4954264091,3077.00071802072,3387.96303316609,3685.24927346849,2779.10111773573,3232.46458577662,4075.702901979,2987.63055497162,2967.45350051185,3526.00783181206,3362.7981863472,3043.93498493315,4095.45397290703,2854.15932862901,3277.68115688515,3208.09645249329,3626.41505884255,3579.07571569812,3544.29147595115,3996.8920934396,3400.38535942619,3673.23780445808,3287.12643171814,3556.64694782881,3232.80702347047
2673.92566770283,4237.26858117349,4098.92804940511,4820.6043685621,4942.28171195249,3516.62882964637,3312.46417680252,2872.26350077774,2372.6158923433,3052.35900442592,1e+09,2120.13352777602,2922.04639013483,2726.4988742158,3369.7958203725,2700.70979497983,2605.27101542239,2930.88055169432,2662.96245942372,3042.14311717907,2214.18635493944,2304.5133939511,2136.34698113392,2775.61799877073,3579.63119540268,3668.30103584752,3271.50389041493,2699.82633487786,3510.90743707378,3081.02194333309,2248.67552915044,2704.3561802026,2716.50285251093,3053.54030631659,2673.02368246149,3484.00992382341,2973.13141692391,2479.11956335309,2802.53246320181,2531.89207479308,2269.77112577458,3136.54868466919,2595.84942184634,2524.34126252771,2696.56342747579,2761.31203914009,3061.62783254268,2468.54041684555,3146.93764553733,3664.46093412114,2613.27775393279,2958.06328566513,3065.01320776926,2744.70489614093
2279.90101403548,4396.97007560888,4094.64390234365,4648.60362730573,4929.49907133575,3743.46110986878,3267.45116688834,2780.99582615652,2528.63888042559,3022.76200348291,2120.13352777602,1e+09,2413.48895300973,2619.89686875266,3292.2803339327,2789.82617241648,2483.44526651988,3450.24467875831,2196.7520594505,2244.18465933621,2492.49581155115,1889.21124840501,1762.72703649771,2820.53818334374,3449.66067718261,3654.74418018553,3198.00679320729,2801.83109200037,3303.08063751099,3231.62286705921,2357.6897770063,2455.87019306803,1996.01561734872,2867.03119349965,2965.93285031877,3116.88525757687,2819.2181823158,2081.16203650749,2526.68205801601,2234.82736711362,2127.37768997421,3235.66445159259,2253.33960687243,2470.91632980561,2264.13527541974,3071.41131193788,3144.83554438066,2182.77364460908,3158.08319717831,3557.1491910939,2569.57699631671,2199.21425704728,2297.02657433474,2214.72683785157
2619.1450401801,4537.76702135533,4272.52811647858,5203.90298694163,5273.92210204133,4060.0479698644,3744.20401518133,3740.98290533384,2925.25783531982,3479.89438397202,2922.04639013483,2413.48895300973,1e+09,3008.08988363047,3640.45231984983,3278.75430662317,2397.80588382379,3370.0358491565,2054.03797676674,2995.54217167778,2726.23543937423,2626.27844148331,2368.72602056464,3106.54999615329,3937.06064797077,3287.22350215193,3241.53713699226,2958.87386807887,3564.94171225842,3054.99667731407,2610.30415367635,2225.52003902459,2608.12835182627,3198.06176804014,3141.80160365036,3844.39251284257,3058.23354127836,2642.79186760895,2639.40389679185,2741.06731885592,2633.99822363266,3576.74933591942,2709.18455587655,2538.82661952328,2384.68109136211,3344.05041466184,3021.25032139014,2740.14569782338,3697.15637026621,3572.53205595135,2744.85269238624,2818.15541603014,3066.61222884472,2742.81662055632
2426.42795642071,4961.28242381947,5234.25801040606,5777.17929310663,5933.8243457487,4002.3492506027,2661.86484685079,2917.95224470861,2955.41057257702,3506.27919461642,2726.4988742158,2619.89686875266,3008.08988363047,1e+09,3564.1967342867,2709.97762728772,2407.60005733926,3545.13833560836,2912.95256988506,2730.11095823961,2395.03674145095,2456.03765968684,2747.13986442263,2842.00885044364,3722.66946555828,3541.44890810245,3267.45319671147,1921.45618289879,2866.33753124087,2950.97390581483,2798.55381911801,2972.43033787169,2959.02188281871,2579.96405215267,2142.34890059953,2477.75746440203,2542.95558270293,1553.31686377893,2366.37511468491,1847.2889059105,1511.87739208575,2668.37128897011,2128.60432283691,2563.65897923261,2695.88565059796,2829.61718654662,2291.95651631963,1975.38212022383,2531.85527366791,2699.70776511088,2305.18800098821,2466.13299189237,2821.33474761504,2303.31229623775
3385.58732083519,4226.92309045244,4282.69402481662,4614.5163277206,4735.82016559962,4392.37652221437,3859.45690223379,3284.78808605669,4226.16480345951,3779.78560843072,3369.7958203725,3292.2803339327,3640.45231984983,3564.1967342867,1e+09,3928.41565347915,3466.34872085888,3941.47493922009,3780.75736784312,3435.10807105104,2722.73510136407,3681.87852133934,4241.65698938516,3468.93943880547,3790.25052281508,3117.82161972105,4201.69840921502,3797.25484608289,4065.4033296218,3403.08758363637,3500.39110871914,3408.51641823829,3266.05144869152,3837.06573825625,2938.41936904861,2957.25620301995,3905.46888313042,3728.39588568596,2663.23585566506,2755.54916232681,2845.62608056645,3249.89043736862,2808.24417284181,3041.2863496718,3467.25258304035,3704.02334894099,3248.91867700624,3283.36125724843,3505.99641153553,3503.53700778228,2788.49333515431,2298.37787780861,2626.07923086871,2287.60064895515
3107.31497066197,4820.91223499246,4950.5046828076,5475.23127178204,5761.72689040361,3789.26156188775,3362.18610812965,3184.02929229616,2655.30563327463,3477.94346388782,2700.70979497983,2789.82617241648,3278.75430662317,2709.97762728772,3928.41565347915,1e+09,2646.07893969549,3302.5269048412,2514.16676511325,3314.66389576681,2989.59767816675,2943.41205103873,2843.31377134146,3095.85418151437,3840.63475928134,3644.22760061717,2690.50148565281,2947.50680911851,3538.37643133118,3550.37111051789,2887.09011804273,2454.67278208318,3564.57201759201,3340.58139125512,3282.5992967921,3232.78400797208,3630.24004457006,2695.43089933688,2854.62966743499,2895.49570952885,2585.13584194332,3526.09743711089,3022.02837442007,2793.60877382643,2749.796160609,2593.60767935322,3039.38910738655,2357.02512284023,3520.00543471171,3630.19393247799,2902.25042508396,3403.04205229674,3738.14372004341,3212.84082923509
2896.12848955291,3234.89301195573,3543.85620927261,4220.7808068887,4480.62434152876,2621.44273759699,2983.26990542257,3212.45882923035,2103.67191871736,2369.02090592295,2605.27101542239,2483.44526651988,2397.80588382379,2407.60005733926,3466.34872085888,2646.07893969549,1e+09,2494.36634388375,2211.01210428618,2409.99425659067,2752.85236247787,2842.90258058555,2549.41435380756,1341.95556390664,2297.00880583858,2075.82021572197,1740.4708152681,2381.06794084083,3109.45318615669,2491.15609416592,2323.36381421421,2638.12903774626,3247.6048873439,2782.05567350835,2701.6195031129,3416.89758466654,2471.53030527647,2115.26865073919,2733.8593562764,2604.31705804036,2376.18744799311,3708.29680059458,2420.15956773515,3126.02511107956,2889.53391961403,3109.64181427701,2887.32104778807,2820.91907725124,3396.38598747257,2853.32836646959,3023.58256569917,2906.03841753684,2847.27232224106,2622.6662190031
3609.88910271493,3399.89171499623,4109.80049117959,4699.62105575545,4449.26348140903,3298.52556555198,4418.32252214571,3545.82074324126,2477.2124160233,2900.17050715988,2930.88055169432,3450.24467875831,3370.0358491565,3545.13833560836,3941.47493922009,3302.5269048412,2494.36634388375,1e+09,2797.58846101424,3673.11460059443,2861.77920669992,3062.35368450478,3721.71643512775,2473.79710356367,3103.85390790224,2687.3158747531,2475.94550059164,3148.28653610182,4128.4666720951,2850.62629679865,2362.6043798952,2805.01246847496,3853.23140994672,2939.84982062009,3149.71457327486,4517.09607644115,3351.25939061721,3080.13823191428,3099.77095505458,3405.72736367725,3093.56812824609,3893.48901850256,2999.37780517893,3406.31577567318,3490.46890155177,4080.55252356835,3996.21903072141,3331.55109804728,3684.30470436418,3659.89822230072,3543.52385660094,3960.23124222564,3479.47303235706,3388.47755365149
2504.28150444394,4494.35795691665,4416.35812794886,5102.3779601574,5262.58925695327,3650.73468641587,3283.46771997229,3231.79027930341,2161.09940763955,2989.08749647781,2662.96245942372,2196.7520594505,2054.03797676674,2912.95256988506,3780.75736784312,2514.16676511325,2211.01210428618,2797.58846101424,1e+09,2887.8616371807,2544.79001823333,2044.24656986382,2274.36165134308,2682.41038948182,3543.20884439515,3172.39985882927,2431.22782344642,2594.3444710755,3433.21810821859,2898.12233430544,2025.2657159247,1952.87182664403,2755.66094685105,2667.25310947424,2903.98451753793,3681.61337782772,2571.98427510745,2243.66015075813,2545.25234265681,2381.83835696296,2677.35013315405,3479.58448591208,2491.02136618697,2434.63074999064,2152.15723888846,2943.0727386186,2980.01368793836,2179.01014841602,3190.14096701071,3279.23988036862,2731.25920756343,3086.00108763753,2956.81200235997,2787.08338475906
3257.70791539082,4580.42448115893,4687.57980872859,5197.54930016061,5619.04151879126,4073.92338652803,3416.24556274867,2404.64094007817,3180.70848768006,3088.34860831804,3042.14311717907,2244.18465933621,2995.54217167778,2730.11095823961,3435.10807105104,3314.66389576681,2409.99425659067,3673.11460059443,2887.8616371807,1e+09,2585.71539454751,2652.60405411362,2525.13772012538,2732.66548177782,3379.68700966524,3637.99477470763,2888.4572591264,2266.82867533036,2728.90035477663,2947.91464627116,2922.34496245738,3155.31801348137,2083.3967160145,2889.63906792873,2628.60554644473,3375.96486076203,2902.1249432614,2162.07301338322,2502.43376349905,2277.04756827783,2456.84405935745,3507.09497252356,2550.14407728269,2832.92207879073,2866.15084180857,3492.66640753164,2789.94865691109,2739.21692828443,3092.07866282538,2629.28813459081,3065.4244480985,2838.10706203977,2580.53514089617,2609.10179423878
2572.82470028566,4456.40999796922,4625.13346209599,5292.22543835767,5246.61117064148,3901.36186977061,3460.44165788126,1988.25477308619,2767.87888734316,2949.60992243042,2214.18635493944,2492.49581155115,2726.23543937423,2395.03674145095,2722.73510136407,2989.59767816675,2752.85236247787,2861.77920669992,2544.79001823333,2585.71539454751,1e+09,2146.07688489951,2718.76045491323,2871.18570247555,3622.11657776223,3255.75993316461,3416.37596824471,1979.78515195463,2998.58880113629,2222.78660381513,2121.08744162045,2324.72238970592,2134.48435419424,2286.03011666513,1701.69436897464,3242.7480300048,2547.75921894123,2177.66038927102,1599.05850371398,2025.64800012243,2067.37449669865,2322.7038173,1925.71149082618,1395.37757467289,2131.90725037465,2800.1936374651,2262.78607751595,2017.86742468379,2177.68835867302,2556.96660183507,2076.2729738163,2424.21460048404,2572.01047606731,2033.61607283676
2454.49564055429,4961.77862949366,4815.08423563908,5505.19160681079,5586.12736668257,4259.84884652026,3223.58912619149,2503.54997417667,2200.58946346201,2854.94919495952,2304.5133939511,1889.21124840501,2626.27844148331,2456.03765968684,3681.87852133934,2943.41205103873,2842.90258058555,3062.35368450478,2044.24656986382,2652.60405411362,2146.07688489951,1e+09,2080.321663902,2929.81761138812,3863.82721381275,3879.16999883996,3466.79353889152,1975.55520089923,2895.77625361491,2617.08988508228,2382.01248256595,2495.68793431791,2273.68147896754,1866.62777558891,2352.06102580269,3265.20718595314,2469.4251940887,1799.70965111042,2386.41779682435,1890.75360919925,1823.7335589115,2866.8783183107,2061.79267497971,2121.20108471592,2208.53793702984,3164.24027984602,3057.93854959514,2024.71139358181,2860.69092028482,3264.40040806884,2424.85644546229,2657.03077537691,2664.68542152728,2582.08350976493
2804.16174765294,4776.27929530927,4508.46373766054,5223.77974275333,5479.80945510882,3847.74494405489,3373.45223804933,3047.67614485201,2345.14498285287,3054.42347016585,2136.34698113392,1762.72703649771,2368.72602056464,2747.13986442263,4241.65698938516,2843.31377134146,2549.41435380756,3721.71643512775,2274.36165134308,2525.13772012538,2718.76045491323,2080.321663902,1e+09,3008.38392169284,3749.42455591521,4039.76441016057,3271.67849676584,2429.98884538592,3092.23152970472,3217.38915701847,2683.38090333817,2899.7914162229,2493.7148060474,2975.16994770047,3173.79466427808,3882.65887243523,2640.46960094223,1979.32468134968,3008.25811304482,2804.56077709149,2641.4587814312,3535.98453847016,2843.90994395041,2622.30974110611,2436.39569360151,2773.80130728573,3032.11753927845,2505.23091267053,3424.86633588816,3610.9651301695,2973.71398459906,3043.94578256578,3244.189598251,3007.92711233168
3435.02355207355,2695.99377234073,3129.8375100155,3789.37102550014,4101.10482806768,2960.77017902437,3507.26787047981,3075.17004950946,2032.99749844903,1750.61281407397,2775.61799877073,2820.53818334374,3106.54999615329,2842.00885044364,3468.93943880547,3095.85418151437,1341.95556390664,2473.79710356367,2682.41038948182,2732.66548177782,2871.18570247555,2929.81761138812,3008.38392169284,1e+09,1683.03750088939,2101.77684198394,2333.07471292713,2716.08954764014,3211.54888286011,2433.40346268349,2401.71577271333,3175.01870367719,3603.31142428739,2831.6847661772,2718.28224198666,3602.97175173495,2713.02077957394,2477.36390933993,3012.74915241877,2754.37337169455,2535.43598170019,3889.47610996648,2642.30067846186,3234.40125825476,3174.40322840373,3362.66773276814,3217.39735222431,3111.28910853685,3535.09210326973,2831.08829318338,3255.58117651826,2949.17782402147,2868.51468263629,2761.75582772989
4315.72351923753,2312.17493981316,2997.61065555552,3256.31540838722,3418.02050684311,2838.3477954613,4328.40979412763,3739.98301707374,2990.29979836471,2164.63936026304,3579.63119540268,3449.66067718261,3937.06064797077,3722.66946555828,3790.25052281508,3840.63475928134,2297.00880583858,3103.85390790224,3543.20884439515,3379.68700966524,3622.11657776223,3863.82721381275,3749.42455591521,1683.03750088939,1e+09,2545.15036323986,2973.31762889537,3711.71902118143,4257.15207973594,3281.69793661757,3336.19389965571,3957.12464980571,4281.48356068314,3813.83078124869,3788.5541956926,4407.44659840593,3780.16143276977,3510.68205186685,3968.64763794923,3737.96008318709,3495.32563889261,4657.46975429793,3485.60471554076,3946.23018809091,3904.28116624559,4049.28278563007,3962.53467264326,3891.34051302376,4236.38687225329,3570.82840775078,4210.22331399416,3542.79359213884,3330.36147808312,3322.23595850746
3802.40509462104,2436.29530508927,3118.93509108478,3587.53723897049,3677.66653228647,2679.84384442452,4054.19135692927,4075.15976993541,3100.70821964918,2765.19615801483,3668.30103584752,3654.74418018553,3287.22350215193,3541.44890810245,3117.82161972105,3644.22760061717,2075.82021572197,2687.3158747531,3172.39985882927,3637.99477470763,3255.75993316461,3879.16999883996,4039.76441016057,2101.77684198394,2545.15036323986,1e+09,2582.80617143447,3514.42021581085,3906.81732630283,2809.13854537294,2937.05966895465,3167.06994488597,4174.56839331924,3726.12432692469,3407.87418743709,4066.55208439533,3152.83590154959,3347.18943350985,3192.37840333818,3490.30732543712,3280.42530324956,4036.10291547428,3029.66400640401,3670.82649525962,3631.68961801528,3763.60927697071,3459.46849371403,3613.78306141916,3971.01480235216,3261.61677321233,3395.06518143614,3225.82402052561,3234.57613124193,2905.55958137155
3515.26080238721,3680.05133456043,4289.96785710569,4682.39015875439,5075.74688587798,2796.32732653028,3733.54730407959,3822.11507771548,2752.33969618577,3266.60038876812,3271.50389041493,3198.00679320729,3241.53713699226,3267.45319671147,4201.69840921502,2690.50148565281,1740.4708152681,2475.94550059164,2431.22782344642,2888.4572591264,3416.37596824471,3466.79353889152,3271.67849676584,2333.07471292713,2973.31762889537,2582.80617143447,1e+09,3088.90942406863,3773.54462725698,3375.77300476498,2544.71781716559,2947.97410070034,3789.89701151628,3667.62109759173,3458.22286048774,4241.42345668291,3268.10535758871,2816.38667522768,3218.61643612593,3262.24854871605,3233.40056559654,4237.89130673499,3211.06809714462,3627.50915374448,3398.94073852428,3643.92785904167,3502.75624570138,3122.46784502259,3750.91553667901,3297.8453347451,3615.30752357251,3854.37191469635,3339.04883740864,3401.35031743277
2862.97708759606,4943.61637112954,5059.9645672376,5697.91155441184,5848.25624631821,3821.08632171533,2698.79305318137,2241.95688473262,2369.32648368687,2781.00038493345,2699.82633487786,2801.83109200037,2958.87386807887,1921.45618289879,3797.25484608289,2947.50680911851,2381.06794084083,3148.28653610182,2594.3444710755,2266.82867533036,1979.78515195463,1975.55520089923,2429.98884538592,2716.08954764014,3711.71902118143,3514.42021581085,3088.90942406863,1e+09,2135.70643708352,1950.70846801874,2654.02006079457,2861.78941641414,2779.54836201855,1782.94161379446,1788.40257294044,3234.42619900346,2010.40514101014,1613.87235520657,2342.31080653273,2174.15492545955,2016.72712549318,2754.06691146021,1920.36354011422,2418.3474441858,2411.20950750863,2879.48660344166,2267.98204104442,2325.59334994319,2451.66279092374,2316.72079241328,2628.94287627175,2973.78957320453,3090.96273071999,2666.38914868029
3333.73178463715,5138.82998118249,5217.9753781807,5559.87332698327,6143.45234315364,4623.64103221693,3411.77457483639,2651.9847823847,3199.21116650652,3111.56064999543,3510.90743707378,3303.08063751099,3564.94171225842,2866.33753124087,4065.4033296218,3538.37643133118,3109.45318615669,4128.4666720951,3433.21810821859,2728.90035477663,2998.58880113629,2895.77625361491,3092.23152970472,3211.54888286011,4257.15207973594,3906.81732630283,3773.54462725698,2135.70643708352,1e+09,2047.40595671694,3355.78109013386,3524.35022259423,3099.56671597822,2801.66146920002,2380.12533550231,3016.41864345783,2759.40340305654,2496.22180398698,3145.21662160176,2927.11170140465,2598.00265159603,2988.1631423669,2364.2543039614,3031.32215064648,2832.33349867208,3447.9967738094,2906.79359268937,3083.66445501128,3208.36489059458,2599.58040687339,2991.40704309862,2944.32024143095,3434.43770892704,3386.44963449924
3257.55100412872,4065.98780151884,4219.91386650249,4745.58625163425,4915.41219791382,3671.44734395034,3486.63656994818,2605.95471468711,2474.60698449269,2059.4954264091,3081.02194333309,3231.62286705921,3054.99667731407,2950.97390581483,3403.08758363637,3550.37111051789,2491.15609416592,2850.62629679865,2898.12233430544,2947.91464627116,2222.78660381513,2617.08988508228,3217.38915701847,2433.40346268349,3281.69793661757,2809.13854537294,3375.77300476498,1950.70846801874,2047.40595671694,1e+09,2735.69841811922,2854.98818769886,3092.18787382009,2166.25436696617,2010.29288097531,3362.60707948461,2464.57142659733,2596.2015494757,2853.95294540747,2851.2199508456,2485.08189987775,2984.63632297136,1896.06049856011,2682.39674362314,2616.4314532011,3428.42115507999,2845.62786486568,3092.20886298128,3063.39151562447,2473.46212507894,2906.08244568182,2836.35113430971,3118.92302997365,2935.85380300178
2732.67169513647,3933.11927296897,4086.68037367739,4802.76776073963,5045.39244781811,3460.94946011929,3833.80367272504,3047.32082595515,2099.09752946355,3077.00071802072,2248.67552915044,2357.6897770063,2610.30415367635,2798.55381911801,3500.39110871914,2887.09011804273,2323.36381421421,2362.6043798952,2025.2657159247,2922.34496245738,2121.08744162045,2382.01248256595,2683.38090333817,2401.71577271333,3336.19389965571,2937.05966895465,2544.71781716559,2654.02006079457,3355.78109013386,2735.69841811922,1e+09,1938.94939634845,2845.29064805338,2807.36639755127,2417.91633163764,3591.12640967984,2500.17908416577,2233.44717954108,2387.03010963415,2387.15149313989,2288.47678655476,2675.03214229287,2023.79192880592,2289.95064573453,1971.66974105706,2791.66698105272,2716.02473214071,1887.86733495762,2244.16955752011,2558.94763762372,2314.19280955585,2746.23252875644,2297.77091033897,2195.80239905598
2937.34974131444,4596.7967543062,4503.8423162451,5300.46776660325,5396.7822156448,3726.72561690554,3893.46540113046,3454.40163780936,2491.80926685812,3387.96303316609,2704.3561802026,2455.87019306803,2225.52003902459,2972.43033787169,3408.51641823829,2454.67278208318,2638.12903774626,2805.01246847496,1952.87182664403,3155.31801348137,2324.72238970592,2495.68793431791,2899.7914162229,3175.01870367719,3957.12464980571,3167.06994488597,2947.97410070034,2861.78941641414,3524.35022259423,2854.98818769886,1938.94939634845,1e+09,2636.096524276,2885.36928889527,2925.37742939266,3296.42594430696,3019.58289323211,2572.57830563037,2417.43590196307,2637.32954395161,2363.04087294317,2785.99173105377,2219.46736905502,2238.47390400246,1930.08850268582,2818.32798710512,2673.35497710274,2162.12196936251,2955.90847146863,3178.14493324329,2188.24443726015,2892.93878459258,3025.81618648589,2491.51535835122
2741.20836083286,5169.26176142203,5125.08677002644,5624.06032479205,5867.74947951938,4638.24985463267,3870.81775175479,2762.15980587655,3532.33829527977,3685.24927346849,2716.50285251093,1996.01561734872,2608.12835182627,2959.02188281871,3266.05144869152,3564.57201759201,3247.6048873439,3853.23140994672,2755.66094685105,2083.3967160145,2134.48435419424,2273.68147896754,2493.7148060474,3603.31142428739,4281.48356068314,4174.56839331924,3789.89701151628,2779.54836201855,3099.56671597822,3092.18787382009,2845.29064805338,2636.096524276,1e+09,3018.04192966234,2621.37839643574,3280.36152016817,3055.92818230403,2371.1858528382,2282.92083717329,2332.14521694083,2457.30296306744,2955.01839493429,2482.98306760236,2087.47206026811,2485.35235157915,3459.45792016611,2906.01190811394,2551.68269048093,3018.91987604839,3342.79135373418,2421.83726775768,2530.6599936973,2563.86792243672,2634.64085677726
3044.71491491404,4924.42685827498,5087.80817532462,5790.28872158375,5718.02139128563,4477.12363262396,3433.60567090923,2239.92717649481,2454.27486999725,2779.10111773573,3053.54030631659,2867.03119349965,3198.06176804014,2579.96405215267,3837.06573825625,3340.58139125512,2782.05567350835,2939.84982062009,2667.25310947424,2889.63906792873,2286.03011666513,1866.62777558891,2975.16994770047,2831.6847661772,3813.83078124869,3726.12432692469,3667.62109759173,1782.94161379446,2801.66146920002,2166.25436696617,2807.36639755127,2885.36928889527,3018.04192966234,1e+09,2065.28599237491,3333.74158722598,2226.75304391843,1983.7173017595,2501.55084325704,2427.50324883408,2308.9178302183,2981.98454342071,2117.17059232363,2870.29893206265,2846.27519398599,3528.65730248773,3241.94037207658,2761.22711925332,2802.28422808965,2884.54760123663,2926.21621144098,3229.77108171771,3253.56524438961,2918.16900110326
2464.27539284878,4774.48299946706,5087.59423957925,5597.68023079204,5854.08882333536,4304.90692392995,2920.29492599635,2071.91701168266,3064.95063043436,3232.46458577662,2673.02368246149,2965.93285031877,3141.80160365036,2142.34890059953,2938.41936904861,3282.5992967921,2701.6195031129,3149.71457327486,2903.98451753793,2628.60554644473,1701.69436897464,2352.06102580269,3173.79466427808,2718.28224198666,3788.5541956926,3407.87418743709,3458.22286048774,1788.40257294044,2380.12533550231,2010.29288097531,2417.91633163764,2925.37742939266,2621.37839643574,2065.28599237491,1e+09,2520.96927956292,2422.24978280523,2125.30038709826,1879.79872957187,1783.37291271343,1774.1060415319,2276.54338761641,1662.49170785902,2227.76322958702,2531.3084303182,3049.61954966517,2366.41025635877,2368.68792022081,1995.51313699008,2063.65779835224,2139.3740059653,2394.01857490705,2402.60489223676,2399.15589758148
2964.1245451735,5481.03985576642,5480.04537514974,5768.35734218157,6291.06230110623,4840.94342949802,2921.83590324645,3264.3168479178,3912.19619800695,4075.702901979,3484.00992382341,3116.88525757687,3844.39251284257,2477.75746440203,2957.25620301995,3232.78400797208,3416.89758466654,4517.09607644115,3681.61337782772,3375.96486076203,3242.7480300048,3265.20718595314,3882.65887243523,3602.97175173495,4407.44659840593,4066.55208439533,4241.42345668291,3234.42619900346,3016.41864345783,3362.60707948461,3591.12640967984,3296.42594430696,3280.36152016817,3333.74158722598,2520.96927956292,1e+09,3575.93303938986,3008.48218746597,2947.55728052908,2379.79691345711,2071.08316711329,2807.22619562443,2353.84732172671,3153.96801889303,3089.09922461225,3231.53597742621,2865.68465095167,2871.58009536562,3115.50897819281,3228.50647522968,2423.28211595349,2181.715168921,2982.39306586171,2770.47722481164
3032.41714002213,4550.19326913704,4683.10856324087,5221.80218379632,5386.66633483085,3695.96017565125,3250.15384372802,3197.54388279504,2520.25806283801,2987.63055497162,2973.13141692391,2819.2181823158,3058.23354127836,2542.95558270293,3905.46888313042,3630.24004457006,2471.53030527647,3351.25939061721,2571.98427510745,2902.1249432614,2547.75921894123,2469.4251940887,2640.46960094223,2713.02077957394,3780.16143276977,3152.83590154959,3268.10535758871,2010.40514101014,2759.40340305654,2464.57142659733,2500.17908416577,3019.58289323211,3055.92818230403,2226.75304391843,2422.24978280523,3575.93303938986,1e+09,1584.43795558551,2529.81358831041,2721.09049160442,2666.08148789567,2897.04172579547,2180.01313633657,3025.38142329195,2812.25227099206,2869.93068533022,2693.58057917338,2739.12522322365,2649.77624847835,2732.16514226355,2500.34366883835,2971.06079673574,3030.30070532612,2573.64479786936
2560.47343860467,4613.93846046954,4883.49032289407,5419.18750251364,5620.8328730625,3841.34325603688,3130.98725535573,2630.69760601632,2331.70062233555,2967.45350051185,2479.11956335309,2081.16203650749,2642.79186760895,1553.31686377893,3728.39588568596,2695.43089933688,2115.26865073919,3080.13823191428,2243.66015075813,2162.07301338322,2177.66038927102,1799.70965111042,1979.32468134968,2477.36390933993,3510.68205186685,3347.18943350985,2816.38667522768,1613.87235520657,2496.22180398698,2596.2015494757,2233.44717954108,2572.57830563037,2371.1858528382,1983.7173017595,2125.30038709826,3008.48218746597,1584.43795558551,1e+09,1997.23832376109,1996.86065092184,1729.84437774038,2599.13997516486,1948.65978397975,2362.20606812784,2368.54067345275,2622.0210018419,2388.87374978252,1895.39629813926,2402.92702870895,2540.02256826588,2080.45494447729,2565.76873139416,2623.66731339932,2247.17907731004
2470.908921814,4725.47045648367,4998.7317433225,5504.26420531391,5624.41337303723,4235.04078920144,3419.92882322133,2459.47062775712,3205.88401120502,3526.00783181206,2802.53246320181,2526.68205801601,2639.40389679185,2366.37511468491,2663.23585566506,2854.62966743499,2733.8593562764,3099.77095505458,2545.25234265681,2502.43376349905,1599.05850371398,2386.41779682435,3008.25811304482,3012.74915241877,3968.64763794923,3192.37840333818,3218.61643612593,2342.31080653273,3145.21662160176,2853.95294540747,2387.03010963415,2417.43590196307,2282.92083717329,2501.55084325704,1879.79872957187,2947.55728052908,2529.81358831041,1997.23832376109,1e+09,1980.77419301141,1995.44642526428,2430.62523034712,2039.31761023142,1838.32801828183,2392.64998453598,2794.3185585756,2355.58796458549,2065.12806118652,2360.00693804065,2691.29285385296,1622.31881006786,2315.67066801391,2440.0178541355,1864.21935570898
2246.72142167203,4852.5142035856,4902.51441289059,5617.16599749375,5836.93811746364,4406.47522681111,2755.88445363734,2467.3363402463,2997.07862142454,3362.7981863472,2531.89207479308,2234.82736711362,2741.06731885592,1847.2889059105,2755.54916232681,2895.49570952885,2604.31705804036,3405.72736367725,2381.83835696296,2277.04756827783,2025.64800012243,1890.75360919925,2804.56077709149,2754.37337169455,3737.96008318709,3490.30732543712,3262.24854871605,2174.15492545955,2927.11170140465,2851.2199508456,2387.15149313989,2637.32954395161,2332.14521694083,2427.50324883408,1783.37291271343,2379.79691345711,2721.09049160442,1996.86065092184,1980.77419301141,1e+09,1426.50155562481,2638.6013505454,1989.03208699608,2155.75628648046,2445.37731100949,3063.31667035911,2408.50490715714,1662.44519596888,2424.07640591216,2505.03358071304,2119.40795898289,2173.06883402252,2103.01808960361,2010.90176744166
2404.78765536585,4564.92733582913,4631.30648761232,5234.88338229229,5479.4440548198,4005.1215842094,2968.26568396429,2547.72520753318,2582.72873624003,3043.93498493315,2269.77112577458,2127.37768997421,2633.99822363266,1511.87739208575,2845.62608056645,2585.13584194332,2376.18744799311,3093.56812824609,2677.35013315405,2456.84405935745,2067.37449669865,1823.7335589115,2641.4587814312,2535.43598170019,3495.32563889261,3280.42530324956,3233.40056559654,2016.72712549318,2598.00265159603,2485.08189987775,2288.47678655476,2363.04087294317,2457.30296306744,2308.9178302183,1774.1060415319,2071.08316711329,2666.08148789567,1729.84437774038,1995.44642526428,1426.50155562481,1e+09,2173.37982692856,1465.7732754079,2028.57030159174,2132.97297807544,2693.47835222413,2260.25989841876,1711.63580898508,2400.90820867854,2531.3031414076,1675.33954498782,1793.53996855381,2169.52885041891,1784.46434671584
3155.13809185906,5470.1296194423,5610.52373784302,5986.21417135238,6196.60208252878,4794.60958929922,4031.57714510091,3008.56902593243,3585.02763828956,4095.45397290703,3136.54868466919,3235.66445159259,3576.74933591942,2668.37128897011,3249.89043736862,3526.09743711089,3708.29680059458,3893.48901850256,3479.58448591208,3507.09497252356,2322.7038173,2866.8783183107,3535.98453847016,3889.47610996648,4657.46975429793,4036.10291547428,4237.89130673499,2754.06691146021,2988.1631423669,2984.63632297136,2675.03214229287,2785.99173105377,2955.01839493429,2981.98454342071,2276.54338761641,2807.22619562443,2897.04172579547,2599.13997516486,2430.62523034712,2638.6013505454,2173.37982692856,1e+09,1825.74155597116,2235.57231446446,2189.69496074225,2594.96981408262,2252.14005317165,1959.31828657316,1533.60875056189,2498.8643975214,1597.87529723067,2501.08307205099,2828.33714403004,2171.50590613979
2381.61767131083,4486.23175149256,4475.34886082638,4869.36596575981,5155.08581313638,3669.9990268936,2979.68549798465,2411.22465394662,2485.98902183819,2854.15932862901,2595.84942184634,2253.33960687243,2709.18455587655,2128.60432283691,2808.24417284181,3022.02837442007,2420.15956773515,2999.37780517893,2491.02136618697,2550.14407728269,1925.71149082618,2061.79267497971,2843.90994395041,2642.30067846186,3485.60471554076,3029.66400640401,3211.06809714462,1920.36354011422,2364.2543039614,1896.06049856011,2023.79192880592,2219.46736905502,2482.98306760236,2117.17059232363,1662.49170785902,2353.84732172671,2180.01313633657,1948.65978397975,2039.31761023142,1989.03208699608,1465.7732754079,1825.74155597116,1e+09,2088.56911693149,1626.78783266288,2651.07080554255,2184.43885615963,1887.36497008395,1877.71028143321,2193.07609238713,1776.45089763269,1797.9487041348,2049.91976508838,1609.46247175882
2741.7560826412,4933.13457139576,4904.69774458121,5462.65770030486,5615.26033839928,4306.71184492299,3754.44056398553,2486.61292150588,2935.69286031424,3277.68115688515,2524.34126252771,2470.91632980561,2538.82661952328,2563.65897923261,3041.2863496718,2793.60877382643,3126.02511107956,3406.31577567318,2434.63074999064,2832.92207879073,1395.37757467289,2121.20108471592,2622.30974110611,3234.40125825476,3946.23018809091,3670.82649525962,3627.50915374448,2418.3474441858,3031.32215064648,2682.39674362314,2289.95064573453,2238.47390400246,2087.47206026811,2870.29893206265,2227.76322958702,3153.96801889303,3025.38142329195,2362.20606812784,1838.32801828183,2155.75628648046,2028.57030159174,2235.57231446446,2088.56911693149,1e+09,1459.91510283989,2391.85695851571,2002.61925749754,1651.66412296811,2379.68929341626,2751.35054316966,1725.46002587716,2192.66766407953,2673.4813067422,2078.21678902852
