1e+09,15787.4908108794,13584.4274855954,17817.2505472926,22107.1403852285,16046.8924435512,19070.1358194691,11053.4984534083,8543.80545328603,7367.33933702663,10671.6824734575,12198.7316521801,11697.5972565138,10223.8582429286,11487.0421751903,6911.94133878464,8425.84268037328,13568.3295701645,11347.5775880978,11148.7923019626,12132.7871799311,11249.0139045207,9055.71636103958,6861.55063955663,7776.44238917772,9703.82672470505,9876.82262476147,11356.4650039086,8597.20196980389,8249.72529437799,11088.0445412345,16753.3786559279,18161.9962450084,12243.225635138,13176.5728217545,10947.4642241206,12659.0945973794,12494.6085830329,11984.6117542998,12632.9496934643,13948.584751827,11638.5293443802,12525.5891741786,11655.6156858915,11395.4471451585,11943.8203629199,14018.596777563,10956.0791999419,11382.0373575296,12000.3516017032,11295.9187178866,11187.0934145067,13282.0546726288,16300.6288583662
15787.4908108794,1e+09,5519.71199467871,3814.26379103491,8012.01091160016,15045.6926091722,30883.1500033853,23723.0905598765,19094.4886959667,15088.6207755348,19278.6203850768,23843.2845384041,23727.7936033378,21037.5500693855,22758.7279064934,17513.9830894231,13993.9563145238,21390.8682084716,23019.6933685247,23091.4404747409,23839.1133590891,23203.2031019577,21446.8062439096,15770.9249718652,10597.1116552483,9610.62233715903,14973.2501345366,21651.6202713654,19024.8270646017,17277.6695798681,20477.8647831994,27796.8623252607,30532.7121448243,24101.9975522341,23374.4286157159,22449.7444525233,22970.2776950476,23952.5187480482,23573.321062678,24354.973382486,25945.9723117924,23129.7377103719,24096.8021871264,23576.7729942374,23430.4881473882,23788.4036953617,26243.2465343086,23080.1024649979,22157.8047981924,23326.8738656833,22576.1843477834,22680.1297757112,24290.6857007022,28078.0688406593
13584.4274855954,5519.71199467871,1e+09,6771.10362133087,11121.1205326082,17322.569671648,29367.4299376673,20788.6783926949,16748.8332725477,12518.6609618801,18348.5981533386,21601.4408510613,21236.1980959163,19681.5419557386,20702.9618596422,15400.3991119906,13053.8752686855,21173.5858353799,20805.0168441629,20867.8877359521,22057.8663419176,21024.777855157,18805.8114210156,13759.0851940164,9302.21062677039,9552.97674698834,15006.8850706401,20328.4650357424,16934.3889421674,15790.7461222293,18992.6239216439,25855.7068079892,28406.638829976,21619.2337191007,22021.7186304203,20150.4045865238,21454.8959753013,22156.5958587189,21578.0844797841,22300.4386943396,23910.6442226532,21254.5035577545,22409.800170682,21435.1682662115,21037.9052858287,21444.1067893932,24149.285839927,20802.5530548921,20632.6768701107,21458.9585142406,20670.7867963438,20315.5082357764,22537.7066896856,25925.8101140119
17817.2505472926,3814.26379103491,6771.10362133087,1e+09,5410.79938240183,17791.4728051924,33561.3145002189,26086.7781098184,21741.3902672621,17589.4259179116,22170.2049625731,26411.1251265807,26235.6323399113,23706.8122177508,25305.7415972423,20121.1177629922,16807.6774785513,24256.1243183077,25643.2364347034,25677.4587048699,26553.4652298584,25803.2420116136,23939.6211326245,18422.0749167134,13154.2562569003,12482.3668354884,17880.2349445023,24459.491784843,21723.2920665262,20051.6500067575,23362.6074587063,30569.286544231,33125.2447966668,26742.7659691757,26231.7460030818,25049.2232099999,25800.3891733478,26652.1440347939,26205.4394572673,27029.6194422711,28568.9476901285,25819.5739232428,26747.9472941177,26138.5427052198,25954.190262971,26403.1990235596,28854.6896490449,25634.7108211386,24947.9852168346,26114.8066596423,25243.1910236899,25159.6919914752,26928.7107792575,30626.6747373658
22107.1403852285,8012.01091160016,11121.1205326082,5410.79938240183,1e+09,21086.3544807086,38127.1365669178,30641.2395977725,26242.6668529248,22119.6967800397,26139.6676458309,30630.3273972921,30580.7115249956,27760.2282094852,29906.1186790128,24227.4249543405,20864.5461766558,28430.4857639049,29953.0049492785,30058.3820026611,30942.7473566925,29967.2904374403,28225.8879567783,23037.5153004181,17755.4328808903,16887.1647453947,21975.4909008604,28552.462202297,26010.1399054177,24509.196388917,27667.1829957732,34990.28264439,37566.232412555,31036.7566626911,30475.2431999287,29397.6538705353,30064.8686561375,30884.4565184334,30486.4503743466,31216.5923771862,33043.7978085223,30142.8372604106,31193.0599894191,30382.4456180341,30293.0404697663,30843.9564619732,33378.0454455695,29924.1005829916,29185.3064356501,30590.6239428277,29493.9748914672,29668.5125888458,31518.1979032606,35164.2792098203
16046.8924435512,15045.6926091722,17322.569671648,17791.4728051924,21086.3544807086,1e+09,21488.5740715688,19815.429466928,14895.3434264034,13773.2695591424,11571.3880950472,17836.857347117,18320.1712900862,13910.8218644694,16511.5721147473,14305.3245983759,10237.9936434294,10629.2870566986,17022.0258793835,17207.2293728479,16458.9403713666,17351.8362204696,17575.775057166,12941.0094101079,11168.1130528438,9051.29385430613,7295.6715937945,13854.879789262,14498.3042333543,11881.2359426703,13336.6829353592,19530.2252489007,22492.1406192741,18619.9248043541,14961.5101431674,17020.2524866907,15086.3101361168,16651.2214516143,16834.9179727791,17823.3018530995,18586.0430022315,16185.5359502767,16311.625755442,17310.0091505088,17780.8648401477,17861.1689681275,19038.7837548043,17365.9184089094,14687.8993296285,16448.8146885118,15939.3696290788,17224.3150479605,16724.5125678568,20475.491962058
19070.1358194691,30883.1500033853,29367.4299376673,33561.3145002189,38127.1365669178,21488.5740715688,1e+09,11527.2706745483,13372.7871130516,17264.385574972,13479.4462479473,10570.6665112518,10507.1197226928,11903.8348884509,9440.58163589511,15961.2805332216,18067.6151765085,11657.96167513,10289.8625672698,10054.4998993137,8433.60229552592,11100.7911168574,12938.7825490422,15805.3301324142,20660.320414616,21596.2623255113,16988.6595935936,10985.7593594344,13647.9280961617,14077.0259818507,11754.9863444242,6688.39376392419,5639.43628050712,10336.848546443,8963.54532831736,11009.3508938538,9442.00867046838,9223.24224880817,9668.00039784339,9852.48208802229,6861.03412318435,9721.91544834659,7776.5519284256,10340.8450087408,10575.3749285073,9630.02823405518,6804.61286216196,10809.4965992594,10365.5397932573,8955.34422172035,10585.6668115098,10470.5348796659,7687.8840296339,5898.95401539968
11053.4984534083,23723.0905598765,20788.6783926949,26086.7781098184,30641.2395977725,19815.429466928,11527.2706745483,1e+09,5577.91609581033,8911.28484117751,9783.30804593211,6093.30074299636,4864.62285133185,8233.75311257266,5446.27114146,8093.99917861992,12043.7444240278,11912.0752364775,5211.1551338259,4538.87642147261,5920.80303945335,5672.41918124886,4562.40093603138,8564.80436689012,13635.0152225181,15496.5763727283,12993.5734934428,7964.31191786836,6542.96876737922,8296.09838842332,7876.11220955492,8539.1350650871,9294.73197491999,4260.37155318641,8040.28016080908,5177.89903668467,7682.19851310157,6660.60616959898,5678.54817616264,6364.02991486527,5981.64181316468,5859.71053231301,6563.08539213075,5394.54646218753,4507.01248939916,4159.4585149512,5807.14999566913,4758.68275909416,7133.92459599203,5872.70777537926,6291.13374545479,5002.04810822527,7189.70533469905,7543.55942234831
8543.80545328603,19094.4886959667,16748.8332725477,21741.3902672621,26242.6668529248,14895.3434264034,13372.7871130516,5577.91609581033,1e+09,4517.72869208632,6078.11699476902,6435.31250570631,5759.14554002588,5925.5272209568,5399.57885015119,4532.16184545521,7317.36198091908,8780.32091394159,4955.42054630079,4980.81215039275,5768.09266455559,5697.8220340495,4314.60172097032,4077.37377447788,9085.7435983303,10480.3939013331,8057.00140613119,5605.09670118188,2960.37596777842,3444.19836924356,4441.26743083548,9565.23309152997,12005.9467331277,5658.26138439185,6725.21875352765,4962.36304304713,6163.8702933141,6447.45342256926,5694.95190621484,6839.48718522083,7505.99647927575,5139.68678853099,6385.21180476419,5647.68954617727,5081.62045236557,5136.11915945298,7662.48491270945,5009.04557873054,5262.86740349783,5421.74292246506,5140.98739779626,5091.03451973172,7115.24554927657,9734.23266088293
7367.33933702663,15088.6207755348,12518.6609618801,17589.4259179116,22119.6967800397,13773.2695591424,17264.385574972,8911.28484117751,4517.72869208632,1e+09,7871.59085928632,9791.1690225325,9285.73185983205,8478.51084723019,8753.34909631165,5151.12432520319,5539.90170796378,10998.8629855408,8689.33375968492,8679.26410303316,9856.24256201114,9190.17707877275,7215.97102992383,2760.25113381011,5347.69116450268,7285.80144508482,7414.96877979267,8691.8804510474,5178.79587524938,4505.98544855618,7532.3209908965,13717.2427804206,16103.6626750811,9432.98158237362,10176.6421155458,8271.11751019776,9619.17816946437,10155.3442214087,9464.83139428273,10396.8579345925,11605.2540829488,9175.77983828623,10295.9127283792,9381.88033989456,8935.25814498943,9194.70654730209,11842.0832034148,8803.09006208047,8845.17134752629,9369.84165249339,8771.31253934096,8349.22734967734,10662.3740293332,13664.5038447541
10671.6824734575,19278.6203850768,18348.5981533386,22170.2049625731,26139.6676458309,11571.3880950472,13479.4462479473,9783.30804593211,6078.11699476902,7871.59085928632,1e+09,6997.12565240899,7806.28979378168,3432.64124257109,7395.45020685692,5535.39182875973,5951.9508557867,5952.30655011148,6425.602687515,6629.76840453722,6483.52902968746,6231.64273852409,7067.15780963606,6616.19801773647,9939.81553916872,10338.1810981913,5554.40578158456,3386.38834044473,4707.36653592006,4851.34821572313,3599.57361481884,10224.2847704473,12677.6532702074,7850.76514584407,5051.0626791894,6448.34104444701,5107.43356327814,5897.48243211457,6057.35957138092,6759.25045755075,8578.18686324797,5854.34924908824,6869.35763087059,6502.68061886019,7247.41094284021,7495.06699575127,9308.26450074341,6531.54000186021,4313.25306369798,6664.74754546637,5239.64611847022,7350.00099399993,7882.41100773108,11012.5430348807
12198.7316521801,23843.2845384041,21601.4408510613,26411.1251265807,30630.3273972921,17836.857347117,10570.6665112518,6093.30074299636,6435.31250570631,9791.1690225325,6997.12565240899,1e+09,2453.37526434502,5136.9303572075,4961.44602347945,7583.80537588485,10636.9625157326,10027.3149936012,2115.12733871982,2552.48535094719,4496.2772496144,2105.53642670936,3986.60105542303,8940.37064479432,13700.8416653467,15103.6646337967,11523.2526568717,5225.86855509206,5624.28915598229,8125.05232041,5444.4557999216,6601.34127601354,7730.62005095322,3178.76368992726,4995.01921322631,2730.84112926768,4169.30818691783,2723.84117233366,2503.6333106108,1808.19746872403,4574.26950725468,3898.6689452812,4717.62823511985,2671.07647241707,2798.14684393082,3552.79666659943,5474.07667355875,2725.2825055946,4429.74129347302,4339.70981967689,2919.67887463673,3121.91958185985,5154.84659734895,6321.3684668986
11697.5972565138,23727.7936033378,21236.1980959163,26235.6323399113,30580.7115249956,18320.1712900862,10507.1197226928,4864.62285133185,5759.14554002588,9285.73185983205,7806.28979378168,2453.37526434502,1e+09,5842.57365825199,4419.36795829449,7621.98532703915,10857.057360648,10376.5443965995,1871.85402350183,2460.25621070246,4461.37902161428,2919.79950426395,3536.71632325806,8542.16284239536,13505.005165671,14996.866399895,11780.176010281,5841.14632739157,5510.04491172259,7783.90840406669,5752.67468124176,6589.09179300911,7758.64075512586,2847.88007670618,5649.74518850187,2848.23874343426,4958.39655905011,3698.1029512711,2988.20068547947,3087.4422989588,4299.34475545984,3895.13735413785,4675.52383637385,2749.82871866595,2007.8163565675,2909.34207313269,4860.46860087585,2503.76765487535,4967.50830670669,4241.79819464576,3471.81342616506,2455.7955707876,5036.77168959444,5998.54264044193
10223.8582429286,21037.5500693855,19681.5419557386,23706.8122177508,27760.2282094852,13910.8218644694,11903.8348884509,8233.75311257266,5925.5272209568,8478.51084723019,3432.64124257109,5136.9303572075,5842.57365825199,1e+09,6313.50152081236,5633.13313958582,7524.42705901918,7248.72105347557,4681.54510827355,4703.19792611368,5173.76554818635,4322.41320049345,5496.82507175733,7147.61200525742,11141.2201785576,12121.9834270717,7606.37085269316,2391.37051230043,4199.9860446792,5710.58861498532,4256.08745080502,9171.72955078812,10872.8888915872,6201.11547094553,4251.16197182606,4597.69935053392,4257.19713535796,3966.20795865522,4282.25914099089,4694.22931166555,6715.92960204319,4405.43971983501,5301.30911368126,4544.21042971164,5381.82868545627,5834.55647745396,7491.46569461544,4512.09744013801,3267.42360037691,5353.46322195268,3575.37013096546,5634.01378439918,6620.84944063826,9288.95250918531
11487.0421751903,22758.7279064934,20702.9618596422,25305.7415972423,29906.1186790128,16511.5721147473,9440.58163589511,5446.27114146,5399.57885015119,8753.34909631165,7395.45020685692,4961.44602347945,4419.36795829449,6313.50152081236,1e+09,8034.33657233751,10350.609705771,8044.84350915541,4072.32881289073,3729.50068544034,3594.45112206301,5201.99471530873,5690.71027152147,7393.03306540692,12361.7006019884,13715.049750792,10531.757139661,6025.17738520618,6191.84522043308,6330.53109922856,5020.67627564256,6606.31091184028,8320.79714322492,5056.60329512807,5255.77312299532,4292.98178027813,4680.57688252207,4684.03140049253,4034.39879745421,5267.49301212636,4405.86964043423,4090.46057932356,3397.39654357568,4587.25299077782,4368.48312938256,3853.3442083079,4563.98948159393,4639.9815312779,4751.10916997284,3482.68421314652,4465.56321548581,3124.11628107854,3264.29695991342,5793.00806679915
6911.94133878464,17513.9830894231,15400.3991119906,20121.1177629922,24227.4249543405,14305.3245983759,15961.2805332216,8093.99917861992,4532.16184545521,5151.12432520319,5535.39182875973,7583.80537588485,7621.98532703915,5633.13313958582,8034.33657233751,1e+09,5305.62419396625,10070.9096584767,6859.07050578284,6884.58285084144,8127.99775946697,6455.12992155077,5016.28075745367,4590.92182427451,8053.8920680625,9431.54421096037,7363.57288977301,6460.53878507048,3534.09856107608,4818.43736380375,6036.53777491701,12253.674747589,14348.4664397802,7759.98560110133,8421.22899061651,6245.50975405531,7860.81269199311,7721.69262265729,7245.01352621926,7893.68818183237,10041.1166772177,7217.81014236313,8772.39990011285,7074.8862498983,7100.77876083321,7642.59637557159,10374.1240977974,6452.38733862126,6636.96226855329,7939.66497875698,6504.07000149137,7399.49293658018,9816.59200348573,12534.8004849459
8425.84268037328,13993.9563145238,13053.8752686855,16807.6774785513,20864.5461766558,10237.9936434294,18067.6151765085,12043.7444240278,7317.36198091908,5539.90170796378,5951.9508557867,10636.9625157326,10857.057360648,7524.42705901918,10350.609705771,5305.62419396625,1e+09,9666.1178503782,9919.03374814805,10107.6820293329,10932.1812501577,9954.73309217781,8987.32003770868,4701.80363316036,4926.425687839,5343.21899716828,4295.02165999195,8288.82396232421,6291.96546082383,5266.39723683089,7415.11988751362,14864.3398757597,17369.1097072159,11243.8874633687,10024.3566430769,9401.11762804827,9515.16043538941,10366.1805571676,10244.1469833803,10909.5314138234,12947.2499618606,10159.3736416376,11146.1661545798,10513.989142376,10635.5098467398,11048.0795707806,13425.8281093607,10092.2864011482,8878.94893201893,10464.272545624,9396.22797781642,10075.5136246794,11645.2361256825,15230.8480378868
13568.3295701645,21390.8682084716,21173.5858353799,24256.1243183077,28430.4857639049,10629.2870566986,11657.96167513,11912.0752364775,8780.32091394159,10998.8629855408,5952.30655011148,10027.3149936012,10376.5443965995,7248.72105347557,8044.84350915541,10070.9096584767,9666.1178503782,1e+09,9081.70374326866,9131.29636836413,7165.51063159493,9509.25413818034,10879.0877097301,9384.17516476541,12385.0999287692,12193.0530444471,7107.49398882616,6283.37930782473,8935.02900288522,6773.66173372276,6035.80396278739,9893.78880549307,12559.553337436,10466.2167417983,6319.28572439955,9677.63563009065,6724.47562022497,8105.02350279134,8400.41543514962,9656.88080069336,9142.42428703131,7581.53191538491,6902.53710615887,9064.55191685723,9713.26397891563,9521.09364029679,9499.86455132388,9457.2879968731,6503.04558309413,7735.83675747492,8045.00233238624,9596.02674636227,7793.46715182017,10855.994608418
11347.5775880978,23019.6933685247,20805.0168441629,25643.2364347034,29953.0049492785,17022.0258793835,10289.8625672698,5211.1551338259,4955.42054630079,8689.33375968492,6425.602687515,2115.12733871982,1871.85402350183,4681.54510827355,4072.32881289073,6859.07050578284,9919.03374814805,9081.70374326866,1e+09,1829.73932066838,3390.15976995185,2214.10960433308,3448.43271587253,7836.98156384842,12796.713068593,14124.6233786533,10551.0990566149,4335.76289961755,4584.53919316871,6729.86846861066,4391.21169923519,6283.19937504772,8031.44804773087,2448.55599899206,4285.10938736691,2292.18668692146,3550.15405822057,2646.93981712845,1939.48944833428,2480.23054994894,4112.07395315308,2732.12057470017,3811.21810307413,2135.67294427307,1771.68439503203,2397.24481148672,4718.4458039062,1985.45239189964,3442.0166106078,3207.27303368454,2232.2872730005,2511.01486140564,4533.51873886058,6219.1578678387
11148.7923019626,23091.4404747409,20867.8877359521,25677.4587048699,30058.3820026611,17207.2293728479,10054.4998993137,4538.87642147261,4980.81215039275,8679.26410303316,6629.76840453722,2552.48535094719,2460.25621070246,4703.19792611368,3729.50068544034,6884.58285084144,10107.6820293329,9131.29636836413,1829.73932066838,1e+09,3212.08644805833,2516.87324210021,3455.29021320931,7737.95339720394,12783.7696479599,14267.3211165096,10635.3081828361,4451.56584151015,4552.12440404478,6747.46851622147,4829.00552730063,6551.61537131111,7885.39203384334,2686.62214749302,4467.23465491796,2296.35116911591,3999.79272664222,2771.28332725111,2076.81886095057,2716.39295410292,3773.6599345198,2828.49706559862,3629.35920917178,2249.21601694902,2126.47359127735,2329.73557838653,4395.99052724184,2025.94832231723,3678.81523277536,3015.02322335998,2580.2443681171,2553.90944616288,4469.539153179,6095.6063482725
12132.7871799311,23839.1133590891,22057.8663419176,26553.4652298584,30942.7473566925,16458.9403713666,8433.60229552592,5920.80303945335,5768.09266455559,9856.24256201114,6483.52902968746,4496.2772496144,4461.37902161428,5173.76554818635,3594.45112206301,8127.99775946697,10932.1812501577,7165.51063159493,3390.15976995185,3212.08644805833,1e+09,4158.12845010829,5792.38225262284,8675.36859905676,13633.6421040418,14688.2829729959,10449.8250162909,4098.76694666823,6099.86319021173,6808.96014952357,4548.85161854066,5130.43270826156,7095.64226553171,4233.7862739633,3479.99359612917,4563.43181589251,3525.79141276111,3109.21220589718,2714.69499406471,4083.30317974309,2956.18682163357,1990.91082198576,1764.35469925976,3152.15860671699,3590.27221293874,3088.56340877114,3194.98781988289,3638.76218605998,3036.10159729545,2430.02672619048,3134.95730216537,4364.47534963826,3713.3818114759,5353.59637379398
11249.0139045207,23203.2031019577,21024.777855157,25803.2420116136,29967.2904374403,17351.8362204696,11100.7911168574,5672.41918124886,5697.8220340495,9190.17707877275,6231.64273852409,2105.53642670936,2919.79950426395,4322.41320049345,5201.99471530873,6455.12992155077,9954.73309217781,9509.25413818034,2214.10960433308,2516.87324210021,4158.12845010829,1e+09,3331.20769882336,8320.88105702155,13099.6858962916,14507.4636388929,10825.9719474189,4422.16136215087,4809.04122129349,7318.91482717213,5024.23686642061,7186.17653800684,8454.0705835828,2992.49986827067,4867.51985858301,2816.72639180663,4209.62732363567,2569.17145739633,2286.95895389489,2181.37518700933,4874.29662414999,3392.73245869756,4663.1068880951,2041.38173341,2624.95001262881,3533.02693819337,5701.68205211409,1985.4744277628,3818.96701885471,4260.64105969982,2497.97118065842,3802.42075062716,5768.63449720989,7174.15252778333
9055.71636103958,21446.8062439096,18805.8114210156,23939.6211326245,28225.8879567783,17575.775057166,12938.7825490422,4562.40093603138,4314.60172097032,7215.97102992383,7067.15780963606,3986.60105542303,3536.71632325806,5496.82507175733,5690.71027152147,5016.28075745367,8987.32003770868,10879.0877097301,3448.43271587253,3455.29021320931,5792.38225262284,3331.20769882336,1e+09,6637.72793585275,11443.7779587163,13174.6286518179,10580.6309582085,5976.15796406019,3732.50687404591,6620.44076876306,5857.98517729432,9263.8663502719,10532.8208960041,3940.41499094956,6907.66534946504,3331.2134063431,6055.43808633199,5087.49446625743,4461.55349149822,4624.81677734373,6740.34414421845,5033.83045952086,6463.38502183647,4123.69717864928,3598.90293190856,4293.79339222325,7088.78523698525,3203.26565951062,5476.10854775542,5468.53401394743,4358.18358024304,4012.77969683111,7136.68481926307,8905.91372815839
6861.55063955663,15770.9249718652,13759.0851940164,18422.0749167134,23037.5153004181,12941.0094101079,15805.3301324142,8564.80436689012,4077.37377447788,2760.25113381011,6616.19801773647,8940.37064479432,8542.16284239536,7147.61200525742,7393.03306540692,4590.92182427451,4701.80363316036,9384.17516476541,7836.98156384842,7737.95339720394,8675.36859905676,8320.88105702155,6637.72793585275,1e+09,5470.76686505649,7205.82737307105,6328.19045448223,7586.83071454741,4463.71409987244,3036.85646804389,6196.21801052868,12776.7021930426,15089.8264217088,8866.1455782262,8849.56472844851,7274.79519575637,8243.58003069055,8909.6645319563,8441.54532716019,9353.03476499473,10505.2978111475,8161.72448955489,8948.45708377148,8600.13092452667,8306.17459918222,8416.98579555057,10760.7022367362,8018.1111059401,7564.25784745602,8032.33337123777,7770.78205098432,7389.54600112213,9214.97011394503,12667.6223014897
7776.44238917772,10597.1116552483,9302.21062677039,13154.2562569003,17755.4328808903,11168.1130528438,20660.320414616,13635.0152225181,9085.7435983303,5347.69116450268,9939.81553916872,13700.8416653467,13505.005165671,11141.2201785576,12361.7006019884,8053.8920680625,4926.425687839,12385.0999287692,12796.713068593,12783.7696479599,13633.6421040418,13099.6858962916,11443.7779587163,5470.76686505649,1e+09,3100.1931455798,6700.01962904587,11814.04801039,9071.97442238458,7193.66029427996,10640.1336986713,17742.4868033627,20180.0178030174,13956.7659905116,13411.0465940284,12236.2510804413,12907.4670879534,13747.4169779708,13353.8621233522,14209.1168761961,15610.6927879611,13009.5113624071,13800.525392582,13413.5942995753,13241.8295004316,13570.4777680928,15908.8628778898,12916.4193611,12136.037311149,13102.9907143484,12501.9550784787,12333.3346407734,14009.4539752376,17704.9844174628
9703.82672470505,9610.62233715903,9552.97674698834,12482.3668354884,16887.1647453947,9051.29385430613,21596.2623255113,15496.5763727283,10480.3939013331,7285.80144508482,10338.1810981913,15103.6646337967,14996.866399895,12121.9834270717,13715.049750792,9431.54421096037,5343.21899716828,12193.0530444471,14124.6233786533,14267.3211165096,14688.2829729959,14507.4636388929,13174.6286518179,7205.82737307105,3100.1931455798,1e+09,6058.66192767842,12602.7706837306,10496.041046447,8151.00187111989,11297.0458681418,18587.3798195335,21363.2391038063,15446.9226567236,14166.3262728945,13732.5646692561,13739.3911124293,14858.0242660826,14537.830343294,15509.9877330932,16841.3946499095,14074.1677903562,14861.3416764705,14724.6891941358,14651.5452581016,14927.5252345123,17091.4436669229,14323.2344009829,13007.1086607247,14259.3922554855,13617.6121121656,13887.9336978256,15130.794661742,18918.2043701801
9876.82262476147,14973.2501345366,15006.8850706401,17880.2349445023,21975.4909008604,7295.6715937945,16988.6595935936,12993.5734934428,8057.00140613119,7414.96877979267,5554.40578158456,11523.2526568717,11780.176010281,7606.37085269316,10531.757139661,7363.57288977301,4295.02165999195,7107.49398882616,10551.0990566149,10635.3081828361,10449.8250162909,10825.9719474189,10580.6309582085,6328.19045448223,6700.01962904587,6058.66192767842,1e+09,7766.82686795579,7469.39649105602,5213.84883383667,7216.65313872019,14308.969472324,17060.6831294559,12091.2928561383,9392.18473982492,10430.6379412671,9393.17611389247,10581.3003190062,10543.240093733,11556.80050167,12666.6163244215,9922.0299682575,10532.9770577031,10872.7588772491,11192.3818310894,11404.6435558022,13103.9591216205,10700.5420090853,8536.37429254364,10308.0663427095,9575.81409982984,10810.7416127618,11179.6847209257,14977.9165028785
11356.4650039086,21651.6202713654,20328.4650357424,24459.491784843,28552.462202297,13854.879789262,10985.7593594344,7964.31191786836,5605.09670118188,8691.8804510474,3386.38834044473,5225.86855509206,5841.14632739157,2391.37051230043,6025.17738520618,6460.53878507048,8288.82396232421,6283.37930782473,4335.76289961755,4451.56584151015,4098.76694666823,4422.16136215087,5976.15796406019,7586.83071454741,11814.04801039,12602.7706837306,7766.82686795579,1e+09,4395.09119561813,5536.27284037736,3479.1025304811,7877.10540416339,10090.5001211585,5542.9719509754,2813.52714257389,4857.52671224771,3239.95981536809,3589.69690662039,3829.22004790793,4620.21262673051,5961.83308601474,3552.18401254777,4471.51308361051,4317.48673190781,5106.45735684731,5221.03507803769,6683.89309949673,4521.17494768783,2303.15117106976,4428.94478370413,3286.56274473803,5754.14673107143,6040.45300244113,8516.85245581958
8597.20196980389,19024.8270646017,16934.3889421674,21723.2920665262,26010.1399054177,14498.3042333543,13647.9280961617,6542.96876737922,2960.37596777842,5178.79587524938,4707.36653592006,5624.28915598229,5510.04491172259,4199.9860446792,6191.84522043308,3534.09856107608,6291.96546082383,8935.02900288522,4584.53919316871,4552.12440404478,6099.86319021173,4809.04122129349,3732.50687404591,4463.71409987244,9071.97442238458,10496.041046447,7469.39649105602,4395.09119561813,1e+09,4004.10439592926,4099.88112910606,10032.7861758586,12186.7696333319,5558.93065672707,5964.02964248167,4143.82930560611,5595.25032451632,5648.57599485038,5203.47163127657,5789.16462184312,7689.31620942331,5108.92149730254,6616.05847762095,5178.79709065725,5052.98111550993,5440.70299883205,8216.11630463567,4541.91193992134,4603.42946488811,5519.9078768128,4464.93047221342,5091.28434418075,7378.04126466503,10176.2011300485
8249.72529437799,17277.6695798681,15790.7461222293,20051.6500067575,24509.196388917,11881.2359426703,14077.0259818507,8296.09838842332,3444.19836924356,4505.98544855618,4851.34821572313,8125.05232041,7783.90840406669,5710.58861498532,6330.53109922856,4818.43736380375,5266.39723683089,6773.66173372276,6729.86846861066,6747.46851622147,6808.96014952357,7318.91482717213,6620.44076876306,3036.85646804389,7193.66029427996,8151.00187111989,5213.84883383667,5536.27284037736,4004.10439592926,1e+09,4304.170767767,10976.2745839561,13594.7464769815,7961.22595936078,6920.8088922683,6722.20429901532,6581.64991376023,7473.0967971986,7084.8062106172,8294.56880019088,9015.46765643358,6404.07523240475,7100.10553772266,7288.84493019985,7229.64749775534,7336.16101696248,9256.67977895962,6970.34191601101,5640.94402346806,6550.15952462228,6394.87580009182,6854.21302311214,7813.2169171859,11270.3065801912
11088.0445412345,20477.8647831994,18992.6239216439,23362.6074587063,27667.1829957732,13336.6829353592,11754.9863444242,7876.11220955492,4441.26743083548,7532.3209908965,3599.57361481884,5444.4557999216,5752.67468124176,4256.08745080502,5020.67627564256,6036.53777491701,7415.11988751362,6035.80396278739,4391.21169923519,4829.00552730063,4548.85161854066,5024.23686642061,5857.98517729432,6196.21801052868,10640.1336986713,11297.0458681418,7216.65313872019,3479.1025304811,4099.88112910606,4304.170767767,1e+09,7738.71237584781,10647.1842370225,5949.13355863692,3770.3275455854,4708.89460017954,3401.49032119746,4500.59589910047,4409.85243874441,5378.47660835296,6434.92127298384,3776.1975720293,4808.23425102189,4932.01071568179,5144.26070257914,5225.20604077007,6994.69314775852,4841.31706478723,2644.76586585656,4100.54758388438,3639.58695756813,5046.31675399989,5304.43428724497,8595.99812216127
16753.3786559279,27796.8623252607,25855.7068079892,30569.286544231,34990.28264439,19530.2252489007,6688.39376392419,8539.1350650871,9565.23309152997,13717.2427804206,10224.2847704473,6601.34127601354,6589.09179300911,9171.72955078812,6606.31091184028,12253.674747589,14864.3398757597,9893.78880549307,6283.19937504772,6551.61537131111,5130.43270826156,7186.17653800684,9263.8663502719,12776.7021930426,17742.4868033627,18587.3798195335,14308.969472324,7877.10540416339,10032.7861758586,10976.2745839561,7738.71237584781,1e+09,4273.95263995754,6336.85540409437,6018.79409716764,7388.382517297,6089.58027923928,5830.97886592809,5815.83505876843,6251.82843012346,3841.46566989736,5723.36077366262,5016.12323353404,6277.76294067401,6293.70619824281,5626.49371074029,3964.16790025347,6827.828111801,6767.30265329548,5499.66427609904,6511.77472571034,6951.72285768068,5174.08801167897,3391.74954636984
18161.9962450084,30532.7121448243,28406.638829976,33125.2447966668,37566.232412555,22492.1406192741,5639.43628050712,9294.73197491999,12005.9467331277,16103.6626750811,12677.6532702074,7730.62005095322,7758.64075512586,10872.8888915872,8320.79714322492,14348.4664397802,17369.1097072159,12559.553337436,8031.44804773087,7885.39203384334,7095.64226553171,8454.0705835828,10532.8208960041,15089.8264217088,20180.0178030174,21363.2391038063,17060.6831294559,10090.5001211585,12186.7696333319,13594.7464769815,10647.1842370225,4273.95263995754,1e+09,7766.13187334596,8341.94738226633,8999.93584767692,8450.8868375041,7323.08283285803,7424.64065779617,7333.33423902797,4869.04201661888,7882.8614080231,6876.32500926185,7659.50471810678,7833.34282325241,7395.39940022174,4943.38975515789,8262.86796649323,9114.33398911297,7738.86181139061,8486.79677634619,8399.81477476736,6921.93798157712,3243.03470467092
12243.225635138,24101.9975522341,21619.2337191007,26742.7659691757,31036.7566626911,18619.9248043541,10336.848546443,4260.37155318641,5658.26138439185,9432.98158237362,7850.76514584407,3178.76368992726,2847.88007670618,6201.11547094553,5056.60329512807,7759.98560110133,11243.8874633687,10466.2167417983,2448.55599899206,2686.62214749302,4233.7862739633,2992.49986827067,3940.41499094956,8866.1455782262,13956.7659905116,15446.9226567236,12091.2928561383,5542.9719509754,5558.93065672707,7961.22595936078,5949.13355863692,6336.85540409437,7766.13187334596,1e+09,5335.65586436194,3157.93534846741,4761.71116922268,3749.78238761931,3104.44815685493,3128.86261544031,4341.55346771176,3882.11752185582,4882.48609175694,3266.63090717332,2699.88851169821,2502.78998255946,4808.70762084783,2973.29598972252,4842.72860568296,3915.67644929966,3823.01007016722,3857.81197343779,5762.15641453788,6211.72778647777
13176.5728217545,23374.4286157159,22021.7186304203,26231.7460030818,30475.2431999287,14961.5101431674,8963.54532831736,8040.28016080908,6725.21875352765,10176.6421155458,5051.0626791894,4995.01921322631,5649.74518850187,4251.16197182606,5255.77312299532,8421.22899061651,10024.3566430769,6319.28572439955,4285.10938736691,4467.23465491796,3479.99359612917,4867.51985858301,6907.66534946504,8849.56472844851,13411.0465940284,14166.3262728945,9392.18473982492,2813.52714257389,5964.02964248167,6920.8088922683,3770.3275455854,6018.79409716764,8341.94738226633,5335.65586436194,1e+09,4822.96883948051,2170.64500326516,3016.27631744839,3465.27498021441,4078.29988478042,4524.78586948598,3453.19475726464,3460.27894218082,4485.75315830018,5200.51343448895,4796.63166854617,5439.24221105293,4886.25284767377,2583.63818871761,3482.43434466466,3515.55221979421,5308.40841557053,4321.75603602286,6709.9398292086
10947.4642241206,22449.7444525233,20150.4045865238,25049.2232099999,29397.6538705353,17020.2524866907,11009.3508938538,5177.89903668467,4962.36304304713,8271.11751019776,6448.34104444701,2730.84112926768,2848.23874343426,4597.69935053392,4292.98178027813,6245.50975405531,9401.11762804827,9677.63563009065,2292.18668692146,2296.35116911591,4563.43181589251,2816.72639180663,3331.2134063431,7274.79519575637,12236.2510804413,13732.5646692561,10430.6379412671,4857.52671224771,4143.82930560611,6722.20429901532,4708.89460017954,7388.382517297,8999.93584767692,3157.93534846741,4822.96883948051,1e+09,4285.73607078177,3384.70566481046,2803.77656326249,2846.59265673893,4911.02227497494,3735.57306195448,4776.7910161844,3144.12630093004,2903.97799104952,2985.23877478838,5632.29528102886,2524.99785057334,4029.66317915034,3832.81184334687,2854.84181931329,2492.51140970307,5173.02197574107,7067.86558249377
12659.0945973794,22970.2776950476,21454.8959753013,25800.3891733478,30064.8686561375,15086.3101361168,9442.00867046838,7682.19851310157,6163.8702933141,9619.17816946437,5107.43356327814,4169.30818691783,4958.39655905011,4257.19713535796,4680.57688252207,7860.81269199311,9515.16043538941,6724.47562022497,3550.15405822057,3999.79272664222,3525.79141276111,4209.62732363567,6055.43808633199,8243.58003069055,12907.4670879534,13739.3911124293,9393.17611389247,3239.95981536809,5595.25032451632,6581.64991376023,3401.49032119746,6089.58027923928,8450.8868375041,4761.71116922268,2170.64500326516,4285.73607078177,1e+09,2372.86800791784,3071.7775745161,3743.49182216283,4731.94135345103,3467.01607564776,3449.02434263662,4303.90211854312,4761.76558569403,4361.55534043763,5445.49394794448,4529.14007646043,2641.790548927,3105.15166967734,3156.85076189864,4626.41519272752,4164.75065696615,6677.46787456144
12494.6085830329,23952.5187480482,22156.5958587189,26652.1440347939,30884.4565184334,16651.2214516143,9223.24224880817,6660.60616959898,6447.45342256926,10155.3442214087,5897.48243211457,2723.84117233366,3698.1029512711,3966.20795865522,4684.03140049253,7721.69262265729,10366.1805571676,8105.02350279134,2646.93981712845,2771.28332725111,3109.21220589718,2569.17145739633,5087.49446625743,8909.6645319563,13747.4169779708,14858.0242660826,10581.3003190062,3589.69690662039,5648.57599485038,7473.0967971986,4500.59589910047,5830.97886592809,7323.08283285803,3749.78238761931,3016.27631744839,3384.70566481046,2372.86800791784,1e+09,1666.93436982384,1940.17050255899,3649.51052598838,2843.81486042956,3212.89449716296,2676.56562777751,3483.51078027613,3494.98654376523,4553.92455138422,3021.79707836248,2885.04882495947,3229.0066536785,2351.00256288674,4010.88819523806,4382.49455485115,5930.30476437763
11984.6117542998,23573.321062678,21578.0844797841,26205.4394572673,30486.4503743466,16834.9179727791,9668.00039784339,5678.54817616264,5694.95190621484,9464.83139428273,6057.35957138092,2503.6333106108,2988.20068547947,4282.25914099089,4034.39879745421,7245.01352621926,10244.1469833803,8400.41543514962,1939.48944833428,2076.81886095057,2714.69499406471,2286.95895389489,4461.55349149822,8441.54532716019,13353.8621233522,14537.830343294,10543.240093733,3829.22004790793,5203.47163127657,7084.8062106172,4409.85243874441,5815.83505876843,7424.64065779617,3104.44815685493,3465.27498021441,2803.77656326249,3071.7775745161,1666.93436982384,1e+09,2179.54604101405,3484.37037850456,2187.42473961963,3165.8211702811,1653.67977108629,2408.62962428847,2483.23179989304,4197.50956851798,2178.76921887106,2886.0668425558,3094.56159376413,1593.27077491555,3256.6413581787,4381.38380489543,5782.5659972801
12632.9496934643,24354.973382486,22300.4386943396,27029.6194422711,31216.5923771862,17823.3018530995,9852.48208802229,6364.02991486527,6839.48718522083,10396.8579345925,6759.25045755075,1808.19746872403,3087.4422989588,4694.22931166555,5267.49301212636,7893.68818183237,10909.5314138234,9656.88080069336,2480.23054994894,2716.39295410292,4083.30317974309,2181.37518700933,4624.81677734373,9353.03476499473,14209.1168761961,15509.9877330932,11556.80050167,4620.21262673051,5789.16462184312,8294.56880019088,5378.47660835296,6251.82843012346,7333.33423902797,3128.86261544031,4078.29988478042,2846.59265673893,3743.49182216283,1940.17050255899,2179.54604101405,1e+09,4038.91688051388,3550.45273670838,4387.68616155486,2601.50193346075,3201.07978262023,3533.22082424804,5034.89017384689,2786.36441374778,3897.35812362682,3913.68414444753,2791.76875716812,3838.23736033873,5101.43508470901,6128.90507067943
13948.584751827,25945.9723117924,23910.6442226532,28568.9476901285,33043.7978085223,18586.0430022315,6861.03412318435,5981.64181316468,7505.99647927575,11605.2540829488,8578.18686324797,4574.26950725468,4299.34475545984,6715.92960204319,4405.86964043423,10041.1166772177,12947.2499618606,9142.42428703131,4112.07395315308,3773.6599345198,2956.18682163357,4874.29662414999,6740.34414421845,10505.2978111475,15610.6927879611,16841.3946499095,12666.6163244215,5961.83308601474,7689.31620942331,9015.46765643358,6434.92127298384,3841.46566989736,4869.04201661888,4341.55346771176,4524.78586948598,4911.02227497494,4731.94135345103,3649.51052598838,3484.37037850456,4038.91688051388,1e+09,3578.77489254354,2690.40646245135,3826.02028351916,3976.98116797151,3314.16291563948,1843.82353461496,4239.58914779487,4930.01783419695,3504.03650914199,4343.65342588471,4408.27562110175,3414.51481051115,3036.14758476923
11638.5293443802,23129.7377103719,21254.5035577545,25819.5739232428,30142.8372604106,16185.5359502767,9721.91544834659,5859.71053231301,5139.68678853099,9175.77983828623,5854.34924908824,3898.6689452812,3895.13735413785,4405.43971983501,4090.46057932356,7217.81014236313,10159.3736416376,7581.53191538491,2732.12057470017,2828.49706559862,1990.91082198576,3392.73245869756,5033.83045952086,8161.72448955489,13009.5113624071,14074.1677903562,9922.0299682575,3552.18401254777,5108.92149730254,6404.07523240475,3776.1975720293,5723.36077366262,7882.8614080231,3882.11752185582,3453.19475726464,3735.57306195448,3467.01607564776,2843.81486042956,2187.42473961963,3550.45273670838,3578.77489254354,1e+09,2600.76132943798,2260.94901096862,2597.81724228245,2660.1992610517,4030.57809609242,2431.5576141231,2019.4838637137,2555.54504071049,1932.89911586197,3835.75476175159,4178.55924262179,6016.19815095879
12525.5891741786,24096.8021871264,22409.800170682,26747.9472941177,31193.0599894191,16311.625755442,7776.5519284256,6563.08539213075,6385.21180476419,10295.9127283792,6869.35763087059,4717.62823511985,4675.52383637385,5301.30911368126,3397.39654357568,8772.39990011285,11146.1661545798,6902.53710615887,3811.21810307413,3629.35920917178,1764.35469925976,4663.1068880951,6463.38502183647,8948.45708377148,13800.525392582,14861.3416764705,10532.9770577031,4471.51308361051,6616.05847762095,7100.10553772266,4808.23425102189,5016.12323353404,6876.32500926185,4882.48609175694,3460.27894218082,4776.7910161844,3449.02434263662,3212.89449716296,3165.8211702811,4387.68616155486,2690.40646245135,2600.76132943798,1e+09,3754.60617344882,4051.02837941183,3711.03298845483,3253.56822319742,4171.89834189425,3341.65098586013,2526.0019690412,3555.66928515575,4243.70462697394,2707.04092673162,4851.39517047416
11655.6156858915,23576.7729942374,21435.1682662115,26138.5427052198,30382.4456180341,17310.0091505088,10340.8450087408,5394.54646218753,5647.68954617727,9381.88033989456,6502.68061886019,2671.07647241707,2749.82871866595,4544.21042971164,4587.25299077782,7074.8862498983,10513.989142376,9064.55191685723,2135.67294427307,2249.21601694902,3152.15860671699,2041.38173341,4123.69717864928,8600.13092452667,13413.5942995753,14724.6891941358,10872.7588772491,4317.48673190781,5178.79709065725,7288.84493019985,4932.01071568179,6277.76294067401,7659.50471810678,3266.63090717332,4485.75315830018,3144.12630093004,4303.90211854312,2676.56562777751,1653.67977108629,2601.50193346075,3826.02028351916,2260.94901096862,3754.60617344882,1e+09,1656.20855277951,2644.85925268246,4489.00105394285,1422.67042915779,3445.44707194872,3757.52144825549,1898.92794915974,3390.37120323129,5031.54513366421,6136.0260749446
