1e+09,4948.09979630565,5212.12165613006,5660.88110037651,5885.72639355585,4228.60974362733,2525.27725111521,3162.37358528369,3397.89505634003,4002.1574321733,2675.66994364028,2752.14784197724,2637.39517992659,2426.97846830169,3402.24705496235,2873.50088305189,2782.84945516282,3249.5445336693,2401.37695681041,3287.85234339987,2587.62937693944,2681.731496142,2849.52554278778,3342.30735462794,4182.77865826056,3731.72477715064,3081.25939672401,2852.9960562188,3180.78676039435,3248.55421363104,2684.75670538319,2946.56275516066,2827.7053337291,3127.63496476171,2422.73076632547,2859.82783777276,3397.09725598194,2785.32998939084,2513.78255666635,2436.5178542543,2409.55676768571,3073.41442988088,2445.3464343933,2734.11842011278,2710.27020719337,3564.24985813284,3365.37406628149,2396.57398285553,3072.99407996501,3942.20829420517,2742.17756848458,2438.11200819405,2584.1256207081,2893.43273694067
4948.09979630565,1e+09,1843.81760120138,2189.05070535152,2398.69785300275,3186.67474865258,5279.60655670477,4654.15220328042,3801.9629232411,2880.72731960177,4074.92794173099,4832.29177501732,4547.69684417288,4933.11996594447,4100.29348586171,4836.89268715981,3323.86230522565,3528.65500672707,4630.84298003074,4584.56264998091,4345.51740196723,5156.1649624115,4766.71785328228,2767.98138794321,2420.36250470875,2418.47257788878,3650.35069472784,4766.88598919672,4569.51365419779,3526.63233089303,3908.875219331,4679.53693663166,5097.3703367717,5016.6381915183,4527.24979373792,5138.61480806842,4879.12056067484,4912.33627841173,4831.50596218198,5033.49008834824,4468.67663716004,5102.12899682084,4385.55959471537,4777.19855241542,4730.82318356964,4921.41040964884,4801.23782801894,4950.92818623943,5159.4468251645,4991.82133693705,4877.12907332787,4161.65217094125,4282.28785573787,4240.58479603934
5212.12165613006,1843.81760120138,1e+09,2059.40423421435,2229.61359829456,3416.53113970881,5393.43820920385,5060.14716234617,3673.38364715694,3063.42046843067,4191.75889504633,4834.86441768536,4492.60766375164,5373.9872958819,4504.88562049027,4884.97315826812,3677.16609040168,4067.39566305025,4608.97258119421,4912.98512268254,4806.64672767825,5254.85838106985,4756.18141360272,3249.12813657756,3043.18237085785,3070.97698501633,4013.7808294674,5143.95134596936,5087.16561029814,4124.2084008207,4163.51200711611,4741.10828406186,5424.12833844296,5380.90036098978,5164.21100484866,5489.48475664156,5326.30479930505,5345.50528269312,5251.09790738089,5289.68417512804,4773.54259712847,5580.67186744571,4762.88662192373,5030.27451693245,4768.09388981593,5035.67071301331,5120.87738676684,5124.83285748911,5678.38073519203,5642.38867711185,5218.68682624279,4494.26213383243,4756.22678680275,4484.35553005111
5660.88110037651,2189.05070535152,2059.40423421435,1e+09,1791.08508965934,3582.9695589413,5847.8436220371,5481.32473494319,4543.85881978083,3690.33711388269,4927.0077593505,5367.96373882127,5415.05000160663,5927.38788015429,4869.57297754126,5405.45356730589,4345.38484600616,4655.37785767171,5285.9406530437,5435.0251927659,5488.96548905165,5936.30889482682,5475.70985078647,3899.60475197167,3299.64555799559,3534.98807485966,4397.21698330887,5801.89056113609,5478.68543777611,4693.46184606842,4879.42411726015,5529.1111676019,5952.38996086446,6083.19471970115,5703.58863240504,5818.36099996382,5864.09314310405,5877.25526471328,5762.24157752866,5995.6047852823,5391.03910843726,5992.61355426829,5190.71657469371,5610.74291964977,5334.63966691285,5513.16539844398,5720.81547108452,5694.60878883703,6089.19351292928,6151.38564797396,5706.07893004469,4849.80495691322,5056.67042121592,4997.36222387371
5885.72639355585,2398.69785300275,2229.61359829456,1791.08508965934,1e+09,3835.0997678157,6207.66747650033,5644.69850754671,4705.85232389415,3794.27971292313,5050.8040542769,5684.76933128337,5523.21112612038,6111.60331502299,4984.24713787348,5798.39531293788,4701.05152895605,4594.67944876463,5539.6637616285,5871.33148120595,5450.9130453347,6060.85845097871,5745.95024811388,4309.1175682267,3620.59414582745,3736.72788816633,4980.41261084862,5942.22809126341,5982.17084985877,4779.94424150533,5175.58911944331,5682.90105519179,6173.27942967107,6057.93552748789,5932.97543520113,6289.57251217442,6051.38095353449,6136.93953975432,5936.40332848098,6254.93402618285,5643.39513480139,6148.29975596506,5452.61618480524,5754.31397502778,5642.52772827923,5879.54286549558,6023.54289681745,5949.42937225916,6326.29428781969,6557.72696998739,5979.36844465199,5232.6747940131,5478.78592401638,5176.64950561654
4228.60974362733,3186.67474865258,3416.53113970881,3582.9695589413,3835.0997678157,1e+09,3843.62650777882,4566.3592642936,3040.91403002453,3114.45092862289,3472.21520490882,4196.37577099573,4113.7143227988,4027.4747526583,4386.31229176629,3730.49630242412,2664.0549725184,3201.18592490346,3736.60183195909,4132.56818026031,3894.6148593282,4483.45922349027,3907.38026725068,2983.69124289026,2822.04615764874,2662.11197782888,2525.90246252701,3755.28044868822,4312.69950740832,3439.52311557867,3468.96149624063,3823.66918995355,4675.42308123019,4596.2864087326,4207.20854738626,4666.04823922771,4102.15376009969,4139.03127452548,4345.10844915291,4596.1724683915,3998.05435750941,4608.12305166648,3691.67547735442,4262.68747323798,3894.26916066417,3829.19180834546,3874.93140012827,4180.45724262311,4411.3728410326,4652.83886198523,4295.52232525918,3979.06166205049,4110.89032139025,3783.80713135593
2525.27725111521,5279.60655670477,5393.43820920385,5847.8436220371,6207.66747650033,3843.62650777882,1e+09,3571.08444127271,3507.25392791854,3917.26200414269,3288.16686442461,3558.53842782399,3701.22263789954,2584.98961823834,3883.36517265631,2918.24809940827,2693.92799248607,3912.94281211724,3041.05356876527,3399.44483529296,3466.14550375486,3351.35519931863,3380.09512511113,3270.23797592775,4046.28960824605,3850.03524563088,3028.98234278445,2688.5350788487,3386.69839547309,3549.85085913479,3702.82838974479,3819.39759678146,3975.84034888223,3453.89647189953,2920.9843437273,2905.87277882223,3584.2818297952,3225.59894252215,3364.17702813036,2837.91003812665,2938.3784926214,4030.71728485142,3069.83747250567,3753.60926067165,3577.16472609244,3569.83476785691,3370.20391934969,3251.20860045922,3727.77020865021,4067.08744898607,3588.22434910361,3301.03264789974,3560.86206318077,3490.67107112658
3162.37358528369,4654.15220328042,5060.14716234617,5481.32473494319,5644.69850754671,4566.3592642936,3571.08444127271,1e+09,3087.33490156154,2942.04858831393,2935.94950147308,3585.41924452357,3878.71349367287,3036.1110771347,3500.53859763037,2848.47643932682,3161.20212862133,3194.61546512252,3271.52518764566,2667.48048485832,2267.69636051655,3084.34076027601,3288.50273934811,3000.37787981781,3583.0562575963,3913.40203951753,3251.44796839808,2362.46768691129,2525.53772412926,2555.03726090247,3006.07819838407,3605.25127393362,3208.46506537004,2655.44126044995,2218.51388880034,3304.99265947748,3933.79251195332,3189.72841763997,2733.63599118464,2970.10428567753,2694.31368775056,3001.98768233649,2825.13226042605,2656.5682516924,2925.01604629787,3546.56337658021,3219.76056937469,2687.68079135153,2789.08503344735,3526.23315176408,3401.51581992499,3230.57954970931,3343.94563674411,3146.88482085061
3397.89505634003,3801.9629232411,3673.38364715694,4543.85881978083,4705.85232389415,3040.91403002453,3507.25392791854,3087.33490156154,1e+09,1858.01452437811,2353.47493273245,3253.62702945497,3046.16255744831,3029.44987291422,4270.33388260216,2543.00240699847,2175.4317009734,2330.85513063339,2336.42321410313,3305.94481440631,2824.70408328023,2699.7569732663,2516.3578798136,2080.85247144049,2972.68623155893,3066.47526461571,2412.32335419612,2324.94049108789,2798.14143949158,2168.64696449192,2129.20590037695,2683.51966193654,3665.78816577008,2737.30709170528,2987.08985579611,3749.48688590852,3192.89679972592,2873.30585958056,3394.39186501794,3335.39686121457,2625.92184426727,3382.7985790023,2623.34732871955,2930.68447535725,2400.58464231112,2915.62310974858,3074.48520765672,2758.36860252578,3357.25611459716,3790.86420207847,3243.16975414486,3319.65004134472,3642.39812556233,3118.58269803768
4002.1574321733,2880.72731960177,3063.42046843067,3690.33711388269,3794.27971292313,3114.45092862289,3917.26200414269,2942.04858831393,1858.01452437811,1e+09,3082.12620919391,3676.61732142468,3594.0806348773,3580.54096816389,3897.28472792276,3268.5093003998,2338.95306618153,2570.56965488197,3044.53894979191,3245.68477534403,3072.40958729464,3287.80301263625,3230.93378364522,1680.76715891881,1978.51449489257,2620.64254996747,2759.87822890794,2821.10177829514,2900.41405916466,1911.21866676736,3060.84923480396,3518.09527471898,3916.6198541472,3056.45182558142,3255.5296501184,4031.63850636438,3639.93208759449,3405.75462429401,3690.72147511838,3682.92676155799,3123.27379139261,4027.94768991604,3088.87924343118,3345.09212950854,3242.65398174088,3667.63028552497,3563.41150083737,3555.33657126861,4019.23755851778,3910.02006140634,3840.24511548417,3398.96318076557,3753.3614243635,3401.73136312966
2675.66994364028,4074.92794173099,4191.75889504633,4927.0077593505,5050.8040542769,3472.21520490882,3288.16686442461,2935.94950147308,2353.47493273245,3082.12620919391,1e+09,2685.18717552427,2950.17114791668,2732.80553437306,3408.50231264407,2384.74104254529,2468.47429060949,2450.44607588088,2569.34381837075,3090.77224659146,2255.67100759397,2592.19712223048,2223.87398282816,2646.58847694537,3401.9100551161,3564.87890320274,2743.67421699443,2695.84226365342,3370.42378080265,3060.78767012676,2170.63100949931,2727.04035353348,2854.20258259641,3161.0520458069,2649.37581611217,3409.89307905688,3400.14906012957,2752.12287990562,2858.00426551466,2738.9052398358,2285.15656474562,3060.08567123537,2697.88493707571,2532.39494291471,2677.86311164331,2759.60328313691,3014.09046299211,2425.186697473,3140.14814325694,3957.97387070708,2702.4223751294,2967.33958818333,3156.41361939464,2815.15991647011
2752.14784197724,4832.29177501732,4834.86441768536,5367.96373882127,5684.76933128337,4196.37577099573,3558.53842782399,3585.41924452357,3253.62702945497,3676.61732142468,2685.18717552427,1e+09,2687.12944771926,2948.73012011951,3434.30942532848,3196.89760627393,2775.78863255112,3391.47559018195,2357.70781014103,2496.92651423705,2746.14643165655,1944.62410030833,2040.43659178618,3133.3610481558,3670.28067947126,4143.09992972653,3456.90035381409,3179.28287500499,3660.31059848751,3841.30993977315,2883.47795632288,2666.78807534457,1947.26747908447,2981.72013839327,3256.79535866164,3355.69605989577,2797.90233616186,2104.80717461244,2690.30878850365,2309.46845650682,2537.4081925855,3597.28063755109,2302.28922941928,2788.5715344061,2604.23557442486,3380.68758791758,3428.80214726659,2710.56445649241,3501.06503989857,3555.67877348334,2687.87858073984,2222.72786161509,2464.42354758674,2436.26541737554
2637.39517992659,4547.69684417288,4492.60766375164,5415.05000160663,5523.21112612038,4113.7143227988,3701.22263789954,3878.71349367287,3046.16255744831,3594.0806348773,2950.17114791668,2687.12944771926,1e+09,3012.96054771715,3605.01785786146,3192.02054216448,2327.49829009604,3069.1754721749,1952.05452639008,2994.70809327053,2696.9310712178,2720.56012547049,2362.88354340623,3065.95121818662,3858.03512439947,3335.65205887844,2972.13880702096,2950.0065476707,3423.03352677125,3098.2992538488,2640.48131972184,2217.39892811375,2541.97904418978,3218.21073786351,3087.28371763918,3736.9637425054,3253.45377097939,2753.26304349948,2643.2005526823,2805.45152775805,2632.93824568675,3504.02504610056,2645.8768898609,2500.72396171589,2306.90993016633,3324.49398304464,2938.04278084918,2768.12018875626,3686.82652808618,3706.82593251963,2707.32765305568,2670.59848929037,3077.14502662777,2735.65586145261
2426.97846830169,4933.11996594447,5373.9872958819,5927.38788015429,6111.60331502299,4027.4747526583,2584.98961823834,3036.1110771347,3029.44987291422,3580.54096816389,2732.80553437306,2948.73012011951,3012.96054771715,1e+09,3538.03555425889,2559.21407621559,2325.28496974027,3255.64914904847,2850.29728605632,2740.24971639447,2367.45979640627,2610.22244757032,2756.81068334407,2781.07363649365,3623.7692943398,3545.11911086214,2948.82531708815,1883.87646569514,2643.69675032898,2940.65376848414,2799.23059887891,2977.02899910296,2940.88078027655,2634.42340894549,2046.71312017586,2289.68029137258,2852.70045528794,1818.62094274755,2392.76764258463,2000.92931067042,1496.75750043218,2536.11060835288,2088.6208942745,2521.04914418581,2619.25867328907,2795.2174067861,2160.91513951844,1982.35032577494,2497.46955242702,2940.73593501695,2288.30034180393,2323.39172196597,2855.50818307355,2312.96424399514
3402.24705496235,4100.29348586171,4504.88562049027,4869.57297754126,4984.24713787348,4386.31229176629,3883.36517265631,3500.53859763037,4270.33388260216,3897.28472792276,3408.50231264407,3434.30942532848,3605.01785786146,3538.03555425889,1e+09,3699.16612853492,3291.21329921049,3452.83568119017,3598.27584302538,3411.17885895771,2722.92685105568,3710.97239903506,4231.36027050404,3312.5743146079,3559.55891287109,3037.24530132158,3777.54182421585,3825.0569272888,4096.31912210218,3575.7383762658,3450.94916872156,3328.27999076099,3285.49372183238,3818.12574067434,2961.197480159,2958.56303429553,4050.0177406525,3727.83069685306,2573.55086326266,2751.48763807872,2847.6249,3302.01730664756,2816.67228984843,3053.55926751062,3481.00244105057,3723.97080501445,3271.30726435167,3247.86018272031,3539.45379849773,3611.70891475213,2793.26348250572,2265.00641052073,2604.3116259772,2272.26810843263
2873.50088305189,4836.89268715981,4884.97315826812,5405.45356730589,5798.39531293788,3730.49630242412,2918.24809940827,2848.47643932682,2543.00240699847,3268.5093003998,2384.74104254529,3196.89760627393,3192.02054216448,2559.21407621559,3699.16612853492,1e+09,2658.88145173868,3338.22145400811,2609.05049985622,3211.4298905472,2712.04525723669,3069.21370837874,2691.75382000286,3089.32857590448,3852.74987401207,3635.13742561406,2642.00109670681,2576.95522850126,2661.37023455963,2962.51878846363,2807.5454019125,2457.7453235842,3306.01514701612,3337.92027054272,2845.89604701226,2553.36181255223,3837.52220432664,2969.63606947047,2883.89249350596,3008.31411714269,2311.7793197016,2907.91963945017,2708.32216157901,2410.67213733017,2223.47236656991,2157.6284857454,2445.34801288078,2223.54769897117,3194.23196158325,3815.45841379512,2635.95018720005,2936.183571441,3690.24345106119,3069.39410087724
2782.84945516282,3323.86230522565,3677.16609040168,4345.38484600616,4701.05152895605,2664.0549725184,2693.92799248607,3161.20212862133,2175.4317009734,2338.95306618153,2468.47429060949,2775.78863255112,2327.49829009604,2325.28496974027,3291.21329921049,2658.88145173868,1e+09,2372.57160937241,2232.06119683131,2317.73428392903,2565.64312781416,2906.33524857336,2435.87257874873,1345.67395140874,2288.05914532383,2184.6823692473,1603.35831117065,2140.30045248325,2523.3983814293,2115.35223473539,2325.18583928253,2629.04526317064,3020.80136922308,2763.31519202931,2384.95407595199,3025.84851977094,2655.55814673676,2306.61372932271,2736.89956189481,2661.35330168695,2221.44038875681,3381.34384357758,2120.49153011749,2929.46051878157,2596.40980758046,2916.0088815194,2519.97809274208,2799.78609047191,3218.94224132711,2991.11468981047,2841.89449297471,2501.68431313785,2794.11243572982,2503.52331251379
3249.5445336693,3528.65500672707,4067.39566305025,4655.37785767171,4594.67944876463,3201.18592490346,3912.94281211724,3194.61546512252,2330.85513063339,2570.56965488197,2450.44607588088,3391.47559018195,3069.1754721749,3255.64914904847,3452.83568119017,3338.22145400811,2372.57160937241,1e+09,2701.72048598666,3355.38343345436,2230.00853619442,2795.56993153454,3363.0780607503,2350.99709746737,3068.96372365331,2719.60533921744,2593.76047533306,2573.6601937513,3210.17227304081,1883.73391135797,2150.51818508935,2555.76893306105,3230.94845949297,2602.36687926587,2398.96985154045,3852.85245611612,3114.09775336292,2972.54010887995,2872.6434807856,3189.08417443002,2636.42854153114,3144.27846360656,2205.59950909044,2847.97373149754,2830.67576551961,3636.26433979985,3349.49452770116,3130.52969549883,3184.1987032533,3463.43405619336,3002.54106020217,3223.23729920712,3152.18038907992,2974.71037085966
2401.37695681041,4630.84298003074,4608.97258119421,5285.9406530437,5539.6637616285,3736.60183195909,3041.05356876527,3271.52518764566,2336.42321410313,3044.53894979191,2569.34381837075,2357.70781014103,1952.05452639008,2850.29728605632,3598.27584302538,2609.05049985622,2232.06119683131,2701.72048598666,1e+09,2787.26859751621,2323.27532645186,2005.33292919156,2105.44911206612,2713.01379401211,3564.81777036358,3323.95770675561,2452.5761732513,2402.10540108048,2975.26332969033,2684.6704192135,2090.74415890611,1906.21393783594,2389.70840051668,2590.04236303193,2625.33017706345,3336.92376283906,2596.03231256855,2307.86663152358,2507.28187436116,2351.72892408968,2549.31813310932,3170.71669108106,2121.11891616194,2178.57787079094,1749.40973499635,2751.91472969276,2647.3221293035,2199.3027086329,3023.4200203412,3293.23765571208,2475.98227186707,2657.98206566561,2860.85276246437,2641.47785285056
3287.85234339987,4584.56264998091,4912.98512268254,5435.0251927659,5871.33148120595,4132.56818026031,3399.44483529296,2667.48048485832,3305.94481440631,3245.68477534403,3090.77224659146,2496.92651423705,2994.70809327053,2740.24971639447,3411.17885895771,3211.4298905472,2317.73428392903,3355.38343345436,2787.26859751621,1e+09,2571.91417072965,2726.8371975239,2523.48296518918,2671.15063274238,3266.76715895088,3680.78871977189,2543.35663266086,2289.3498994256,2623.12634455529,3057.63741148292,2950.95624726969,3138.06510345149,2019.55955822055,2902.33291656901,2600.0476078526,3295.12135702162,3087.84798586329,2255.89813582085,2489.4257894141,2330.95114614185,2472.22224593583,3478.73615604863,2499.71801225658,2822.11179562398,2833.77240158768,3495.16384468597,2743.22528360323,2771.66647901583,3106.84470617699,2786.51118503049,3042.7834402895,2721.3535704682,2588.19732327348,2606.29474925612
2587.62937693944,4345.51740196723,4806.64672767825,5488.96548905165,5450.9130453347,3894.6148593282,3466.14550375486,2267.69636051655,2824.70408328023,3072.40958729464,2255.67100759397,2746.14643165655,2696.9310712178,2367.45979640627,2722.92685105568,2712.04525723669,2565.64312781416,2230.00853619442,2323.27532645186,2571.91417072965,1e+09,2251.20722382459,2717.6165856868,2709.52716782837,3411.03590429652,3185.56653655201,2921.3074371418,2009.5404077052,2972.85176870627,2399.72297111562,2050.71837898333,2244.84325067475,2174.38768015274,2292.30133830611,1704.29612394678,3209.94265121669,2816.4601550883,2251.79509702815,1511.12374258364,2079.60812556116,2068.65164590368,2335.97947961877,1945.06998830376,1402.085242915,2128.11862737959,2812.19632988168,2255.21504291719,1969.48598418471,2206.84643260468,2756.07519920992,2092.05136296889,2379.72384025962,2576.44433213683,2035.08794763273
2681.731496142,5156.1649624115,5254.85838106985,5936.30889482682,6060.85845097871,4483.45922349027,3351.35519931863,3084.34076027601,2699.7569732663,3287.80301263625,2592.19712223048,1944.62410030833,2720.56012547049,2610.22244757032,3710.97239903506,3069.21370837874,2906.33524857336,2795.56993153454,2005.33292919156,2726.8371975239,2251.20722382459,1e+09,2155.98095269879,3030.03048921954,3894.15263170308,4127.06926079512,3438.16995555775,2230.74197589053,3059.67854352381,3061.78992386806,2648.44744676952,2548.20845801516,2167.93432109923,1899.23964675341,2500.87823803959,3329.6119758164,2495.32455388072,1778.24433877912,2418.67456202772,1891.34352117747,2043.58751031122,3052.93620798077,2004.15893566354,2273.25435959111,2344.32429791614,3301.58538665896,3173.12514890289,2313.53793063784,3044.68313193672,3275.33842720107,2431.88765272987,2569.91022047464,2699.37056722489,2640.44756876557
2849.52554278778,4766.71785328228,4756.18141360272,5475.70985078647,5745.95024811388,3907.38026725068,3380.09512511113,3288.50273934811,2516.3578798136,3230.93378364522,2223.87398282816,2040.43659178618,2362.88354340623,2756.81068334407,4231.36027050404,2691.75382000286,2435.87257874873,3363.0780607503,2105.44911206612,2523.48296518918,2717.6165856868,2155.98095269879,1e+09,2933.20694084137,3624.99895100674,4069.10609662614,2927.33736492738,2473.42815990277,3056.16745661948,3362.93113216729,2707.62574971136,2866.85947058798,2458.67274137897,2978.89801943605,3173.64938109111,3842.03908149045,2831.38105174842,2045.4722145754,2982.95860973631,2832.79827801063,2664.8796447307,3543.44317445617,2813.73058674778,2629.2837798914,2427.61443293617,2796.30352372556,3020.60725510616,2537.00303257604,3455.83955199023,3715.88530986897,2960.52863551427,2960.74645930718,3246.25235873615,3007.79220951182
3342.30735462794,2767.98138794321,3249.12813657756,3899.60475197167,4309.1175682267,2983.69124289026,3270.23797592775,3000.37787981781,2080.85247144049,1680.76715891881,2646.58847694537,3133.3610481558,3065.95121818662,2781.07363649365,3312.5743146079,3089.32857590448,1345.67395140874,2350.99709746737,2713.01379401211,2671.15063274238,2709.52716782837,3030.03048921954,2933.20694084137,1e+09,1661.88462962987,2178.70276104842,2194.33701525085,2512.52604022326,2641.76391679877,2022.45623900741,2395.38296865032,3182.41414914841,3433.89243588089,2841.21389039967,2413.96226538444,3241.71325031996,2939.7975293547,2686.91111058777,3035.52925510528,2844.35393449901,2400.96379891493,3577.97296535343,2410.22728293412,3055.4611471593,2920.38823826559,3190.97804834192,2898.80858305615,3089.23371516303,3368.23959146317,3019.89615799948,3112.84852649466,2584.662829713,2841.45225671663,2671.81565906033
4182.77865826056,2420.36250470875,3043.18237085785,3299.64555799559,3620.59414582745,2822.04615764874,4046.28960824605,3583.0562575963,2972.68623155893,1978.51449489257,3401.9100551161,3670.28067947126,3858.03512439947,3623.7692943398,3559.55891287109,3852.74987401207,2288.05914532383,3068.96372365331,3564.81777036358,3266.76715895088,3411.03590429652,3894.15263170308,3624.99895100674,1661.88462962987,1e+09,2598.24226749547,2936.4159235878,3475.93784239592,3695.3130127636,2823.06240967146,3297.29844886689,3932.891084139,4047.81972399958,3773.10252815902,3471.32835031491,4003.93081190222,3884.97943080784,3634.01457451673,3954.71511962619,3763.4519549876,3324.04013879195,4293.19663763495,3204.49737778017,3716.4487723363,3600.01779712268,3825.20808756857,3595.26731609765,3836.15654976436,4017.49466835987,3666.82565351831,4023.94241530616,3112.43568436361,3244.26254692804,3172.13475211883
3731.72477715064,2418.47257788878,3070.97698501633,3534.98807485966,3736.72788816633,2662.11197782888,3850.03524563088,3913.40203951753,3066.47526461571,2620.64254996747,3564.87890320274,4143.09992972653,3335.65205887844,3545.11911086214,3037.24530132158,3635.13742561406,2184.6823692473,2719.60533921744,3323.95770675561,3680.78871977189,3185.56653655201,4127.06926079512,4069.10609662614,2178.70276104842,2598.24226749547,1e+09,2433.60048683016,3364.92323609321,3349.81665078852,2266.67468400298,2938.67238873271,3290.68216762118,4155.81594893229,3863.00179578006,3182.11980857101,3738.00490089299,3616.70567113223,3718.81755064698,3348.64616691582,3736.15020472946,3219.80595413761,3683.17464313057,2976.38584850822,3549.5985747687,3432.13507566354,3627.83942150145,3155.97063912198,3608.6048055308,3823.62043677193,3667.37992404659,3372.20483904819,3003.69626042648,3344.14945455492,2939.32833371844
3081.25939672401,3650.35069472784,4013.7808294674,4397.21698330887,4980.41261084862,2525.90246252701,3028.98234278445,3251.44796839808,2412.32335419612,2759.87822890794,2743.67421699443,3456.90035381409,2972.13880702096,2948.82531708815,3777.54182421585,2642.00109670681,1603.35831117065,2593.76047533306,2452.5761732513,2543.35663266086,2921.3074371418,3438.16995555775,2927.33736492738,2194.33701525085,2936.4159235878,2433.60048683016,1e+09,2401.92329438307,2442.71411937623,2238.09123044616,2253.31573255947,2805.80059719147,3287.69443840209,3521.72163742395,2711.21212611629,3427.32906561363,3337.17517872526,2978.5860436959,3114.45579658791,3229.32766922157,2771.06213975797,3404.16524835385,2605.77552527074,3077.56006168848,2650.78857431143,3079.03487857803,2624.42779292935,2843.2859700002,3178.59325888041,3356.7731491419,3164.65115448765,3140.68541417316,3106.14097749925,3056.65917934925
2852.9960562188,4766.88598919672,5143.95134596936,5801.89056113609,5942.22809126341,3755.28044868822,2688.5350788487,2362.46768691129,2324.94049108789,2821.10177829514,2695.84226365342,3179.28287500499,2950.0065476707,1883.87646569514,3825.0569272888,2576.95522850126,2140.30045248325,2573.6601937513,2402.10540108048,2289.3498994256,2009.5404077052,2230.74197589053,2473.42815990277,2512.52604022326,3475.93784239592,3364.92323609321,2401.92329438307,1e+09,2007.67751476675,2011.63494941304,2543.9776574294,2826.9527381794,2906.70168954435,1889.29681580211,1776.75413068325,3188.94490863358,2536.32752565594,1891.0609464002,2338.01237105367,2338.49633506234,2011.95353870312,2716.8573684314,2044.89292976429,2425.54412006873,2405.18174656303,2880.42545110961,2238.5523204071,2235.82368251613,2451.37292913583,2693.21994721931,2702.13566978048,2994.76601237893,3144.91111718599,2709.59055286957
3180.78676039435,4569.51365419779,5087.16561029814,5478.68543777611,5982.17084985877,4312.69950740832,3386.69839547309,2525.53772412926,2798.14143949158,2900.41405916466,3370.42378080265,3660.31059848751,3423.03352677125,2643.69675032898,4096.31912210218,2661.37023455963,2523.3983814293,3210.17227304081,2975.26332969033,2623.12634455529,2972.85176870627,3059.67854352381,3056.16745661948,2641.76391679877,3695.3130127636,3349.81665078852,2442.71411937623,2007.67751476675,1e+09,2034.10464696387,2947.78676593135,3317.61911629409,3361.46149573366,2779.35505556595,2353.39338730268,3034.42446005828,3290.49736542973,2584.55493396832,2971.83486558389,2985.18970472565,2446.09012757094,2975.36248159783,2586.96889670131,2989.22731311956,2820.16733072703,3389.10494111646,2899.45957200648,2718.27066514724,3133.19142179344,3009.39737818055,3088.74387190003,3111.56426846691,3417.54666632367,3364.93420980262
3248.55421363104,3526.63233089303,4124.2084008207,4693.46184606842,4779.94424150533,3439.52311557867,3549.85085913479,2555.03726090247,2168.64696449192,1911.21866676736,3060.78767012676,3841.30993977315,3098.2992538488,2940.65376848414,3575.7383762658,2962.51878846363,2115.35223473539,1883.73391135797,2684.6704192135,3057.63741148292,2399.72297111562,3061.78992386806,3362.93113216729,2022.45623900741,2823.06240967146,2266.67468400298,2238.09123044616,2011.63494941304,2034.10464696387,1e+09,2477.50889919693,2863.7188076695,3498.39247971122,2444.26932761101,2139.05305642474,3437.4468942807,3297.16450952936,2995.71222688362,2929.93548794167,3168.16863518974,2530.86882010902,3018.13807160971,2381.13610209496,2789.92177533708,2732.62609496799,3484.74781068875,2927.83807784857,2935.78176246124,3104.8969585479,3166.15219005657,3173.02345090609,3129.9415244378,3305.33733305695,3104.32643549289
2684.75670538319,3908.875219331,4163.51200711611,4879.42411726015,5175.58911944331,3468.96149624063,3702.82838974479,3006.07819838407,2129.20590037695,3060.84923480396,2170.63100949931,2883.47795632288,2640.48131972184,2799.23059887891,3450.94916872156,2807.5454019125,2325.18583928253,2150.51818508935,2090.74415890611,2950.95624726969,2050.71837898333,2648.44744676952,2707.62574971136,2395.38296865032,3297.29844886689,2938.67238873271,2253.31573255947,2543.9776574294,2947.78676593135,2477.50889919693,1e+09,2035.59745342737,2819.97367822822,2917.6818987854,2218.1576215409,3346.36637025894,2933.40900020778,2587.05377356173,2497.87716597514,2615.51256590367,2239.93910466334,2343.54775464465,1960.39240008219,2169.11339719711,1730.53678865836,2684.46255148028,2471.39166610637,1885.13360078271,2095.56322567466,2929.73635155111,2286.91945616806,2552.200532325,2390.24408312206,2219.99045189388
2946.56275516066,4679.53693663166,4741.10828406186,5529.1111676019,5682.90105519179,3823.66918995355,3819.39759678146,3605.25127393362,2683.51966193654,3518.09527471898,2727.04035353348,2666.78807534457,2217.39892811375,2977.02899910296,3328.27999076099,2457.7453235842,2629.04526317064,2555.76893306105,1906.21393783594,3138.06510345149,2244.84325067475,2548.20845801516,2866.85947058798,3182.41414914841,3932.891084139,3290.68216762118,2805.80059719147,2826.9527381794,3317.61911629409,2863.7188076695,2035.59745342737,1e+09,2468.88594546204,2883.79041910122,2821.40181604819,3109.53310270208,3143.90227092065,2661.66644178041,2420.1816604751,2673.59782095213,2343.10061943571,2632.41497820917,2040.32978861262,2148.09148550521,1758.34186940424,2763.48608878351,2519.36614173089,2232.06625493062,2915.6472710532,3273.21544176365,2064.3475254908,2657.45447588477,3010.76131709241,2447.79649090769
2827.7053337291,5097.3703367717,5424.12833844296,5952.38996086446,6173.27942967107,4675.42308123019,3975.84034888223,3208.46506537004,3665.78816577008,3916.6198541472,2854.20258259641,1947.26747908447,2541.97904418978,2940.88078027655,3285.49372183238,3306.01514701612,3020.80136922308,3230.94845949297,2389.70840051668,2019.55955822055,2174.38768015274,2167.93432109923,2458.67274137897,3433.89243588089,4047.81972399958,4155.81594893229,3287.69443840209,2906.70168954435,3361.46149573366,3498.39247971122,2819.97367822822,2468.88594546204,1e+09,2928.28391594804,2752.06315212787,3405.22413933356,3089.96742096094,2166.99472685099,2083.03306954066,2185.86818250781,2508.58208928869,3183.62085996433,2486.87987880396,2188.63388678874,2605.47504232913,3545.57517914936,3053.23253510112,2546.23504415834,3147.00076700023,3325.91896589499,2423.28349845824,2547.69387103317,2487.57808725676,2606.85256249754
3127.63496476171,5016.6381915183,5380.90036098978,6083.19471970115,6057.93552748789,4596.2864087326,3453.89647189953,2655.44126044995,2737.30709170528,3056.45182558142,3161.0520458069,2981.72013839327,3218.21073786351,2634.42340894549,3818.12574067434,3337.92027054272,2763.31519202931,2602.36687926587,2590.04236303193,2902.33291656901,2292.30133830611,1899.23964675341,2978.89801943605,2841.21389039967,3773.10252815902,3863.00179578006,3521.72163742395,1889.29681580211,2779.35505556595,2444.26932761101,2917.6818987854,2883.79041910122,2928.28391594804,1e+09,2082.27641640105,3286.10585266208,2346.31562263051,2016.22547409758,2494.12298618172,2438.10903248809,2373.24955238593,3011.20582737215,2017.1492708771,2890.50791678556,2847.21663485587,3565.0491180908,3240.5064196511,2865.18858438672,2870.21345396122,2951.80111167741,2889.96574016025,3110.13451405241,3253.55677725163,2919.61772823087
2422.73076632547,4527.24979373792,5164.21100484866,5703.58863240504,5932.97543520113,4207.20854738626,2920.9843437273,2218.51388880034,2987.08985579611,3255.5296501184,2649.37581611217,3256.79535866164,3087.28371763918,2046.71312017586,2961.197480159,2845.89604701226,2384.95407595199,2398.96985154045,2625.33017706345,2600.0476078526,1704.29612394678,2500.87823803959,3173.64938109111,2413.96226538444,3471.32835031491,3182.11980857101,2711.21212611629,1776.75413068325,2353.39338730268,2139.05305642474,2218.1576215409,2821.40181604819,2752.06315212787,2082.27641640105,1e+09,2501.37492439658,2821.7516626911,2236.21397328163,1764.05513045936,1881.78874016187,1723.75586096175,2281.64221220155,1793.05174579542,2223.4964910024,2531.89180564652,3043.76954254096,2363.36745456563,2211.50352461849,1990.12748395674,2409.7503206764,2206.20941893556,2436.81083414368,2415.50053390596,2405.40365928465
2859.82783777276,5138.61480806842,5489.48475664156,5818.36099996382,6289.57251217442,4666.04823922771,2905.87277882223,3304.99265947748,3749.48688590852,4031.63850636438,3409.89307905688,3355.69605989577,3736.9637425054,2289.68029137258,2958.56303429553,2553.36181255223,3025.84851977094,3852.85245611612,3336.92376283906,3295.12135702162,3209.94265121669,3329.6119758164,3842.03908149045,3241.71325031996,4003.93081190222,3738.00490089299,3427.32906561363,3188.94490863358,3034.42446005828,3437.4468942807,3346.36637025894,3109.53310270208,3405.22413933356,3286.10585266208,2501.37492439658,1e+09,3852.3706321303,3010.53305464331,2776.54560162444,2374.24183587098,1936.81130975632,2819.67934866715,2454.35590970421,3119.61012812499,3074.66594431005,3191.74492807618,2860.27123530269,2616.83390561954,3075.50925675733,3436.17456468673,2462.73709831155,2264.94329257931,2934.1937341798,2722.64054397565
3397.09725598194,4879.12056067484,5326.30479930505,5864.09314310405,6051.38095353449,4102.15376009969,3584.2818297952,3933.79251195332,3192.89679972592,3639.93208759449,3400.14906012957,2797.90233616186,3253.45377097939,2852.70045528794,4050.0177406525,3837.52220432664,2655.55814673676,3114.09775336292,2596.03231256855,3087.84798586329,2816.4601550883,2495.32455388072,2831.38105174842,2939.7975293547,3884.97943080784,3616.70567113223,3337.17517872526,2536.32752565594,3290.49736542973,3297.16450952936,2933.40900020778,3143.90227092065,3089.96742096094,2346.31562263051,2821.7516626911,3852.3706321303,1e+09,1525.61141828449,2639.38707695556,2753.55203864027,3001.78361433665,3370.01875884987,2301.48194783274,3314.49698391777,3138.17025800067,3222.78643229737,3083.46452614587,3126.0847661092,3077.03393375829,2732.60725225928,2659.73982455051,3068.33735073248,3147.85150866428,2768.19211934432
2785.32998939084,4912.33627841173,5345.50528269312,5877.25526471328,6136.93953975432,4139.03127452548,3225.59894252215,3189.72841763997,2873.30585958056,3405.75462429401,2752.12287990562,2104.80717461244,2753.26304349948,1818.62094274755,3727.83069685306,2969.63606947047,2306.61372932271,2972.54010887995,2307.86663152358,2255.89813582085,2251.79509702815,1778.24433877912,2045.4722145754,2686.91111058777,3634.01457451673,3718.81755064698,2978.5860436959,1891.0609464002,2584.55493396832,2995.71222688362,2587.05377356173,2661.66644178041,2166.99472685099,2016.22547409758,2236.21397328163,3010.53305464331,1525.61141828449,1e+09,2075.00234804686,1998.62082889677,1958.944659836,2737.60978983492,1788.31687153032,2468.87280470258,2446.04651178182,2762.73115203054,2472.7535012613,2263.9037985524,2595.62927478097,2514.6115592075,2028.50978220466,2376.61257614698,2654.02208721028,2298.34217691796
2513.78255666635,4831.50596218198,5251.09790738089,5762.24157752866,5936.40332848098,4345.10844915291,3364.17702813036,2733.63599118464,3394.39186501794,3690.72147511838,2858.00426551466,2690.30878850365,2643.2005526823,2392.76764258463,2573.55086326266,2883.89249350596,2736.89956189481,2872.6434807856,2507.28187436116,2489.4257894141,1511.12374258364,2418.67456202772,2982.95860973631,3035.52925510528,3954.71511962619,3348.64616691582,3114.45579658791,2338.01237105367,2971.83486558389,2929.93548794167,2497.87716597514,2420.1816604751,2083.03306954066,2494.12298618172,1764.05513045936,2776.54560162444,2639.38707695556,2075.00234804686,1e+09,2006.74840737448,2003.06226046521,2314.54586068196,1847.06459708371,1765.70961904839,2292.09001075438,2768.24348300506,2226.27470461307,2172.65326453624,2349.29924771196,2771.9933171817,1461.78619992802,2030.42578852319,2420.62589344161,1816.08322270759
2436.5178542543,5033.49008834824,5289.68417512804,5995.6047852823,6254.93402618285,4596.1724683915,2837.91003812665,2970.10428567753,3335.39686121457,3682.92676155799,2738.9052398358,2309.46845650682,2805.45152775805,2000.92931067042,2751.48763807872,3008.31411714269,2661.35330168695,3189.08417443002,2351.72892408968,2330.95114614185,2079.60812556116,1891.34352117747,2832.79827801063,2844.35393449901,3763.4519549876,3736.15020472946,3229.32766922157,2338.49633506234,2985.18970472565,3168.16863518974,2615.51256590367,2673.59782095213,2185.86818250781,2438.10903248809,1881.78874016187,2374.24183587098,2753.55203864027,1998.62082889677,2006.74840737448,1e+09,1624.04332239014,2748.19195121083,1874.19927529065,2240.75241798375,2500.0582968603,3154.80442330424,2470.72915182948,1951.69848101596,2572.31908545577,2528.05299916754,2080.00658811457,1992.95469537067,2121.71035900285,2045.10072688364
2409.55676768571,4468.67663716004,4773.54259712847,5391.03910843726,5643.39513480139,3998.05435750941,2938.3784926214,2694.31368775056,2625.92184426727,3123.27379139261,2285.15656474562,2537.4081925855,2632.93824568675,1496.75750043218,2847.6249,2311.7793197016,2221.44038875681,2636.42854153114,2549.31813310932,2472.22224593583,2068.65164590368,2043.58751031122,2664.8796447307,2400.96379891493,3324.04013879195,3219.80595413761,2771.06213975797,2011.95353870312,2446.09012757094,2530.86882010902,2239.93910466334,2343.10061943571,2508.58208928869,2373.24955238593,1723.75586096175,1936.81130975632,3001.78361433665,1958.944659836,2003.06226046521,1624.04332239014,1e+09,2089.18481808097,1509.24452588042,2013.5804940702,2090.45536567993,2684.03611486507,2192.39182978317,1671.84987777013,2394.16993356779,2814.13613586834,1715.33962812033,1709.47759423749,2223.87941995514,1820.23643911993
3073.41442988088,5102.12899682084,5580.67186744571,5992.61355426829,6148.29975596506,4608.12305166648,4030.71728485142,3001.98768233649,3382.7985790023,4027.94768991604,3060.08567123537,3597.28063755109,3504.02504610056,2536.11060835288,3302.01730664756,2907.91963945017,3381.34384357758,3144.27846360656,3170.71669108106,3478.73615604863,2335.97947961877,3052.93620798077,3543.44317445617,3577.97296535343,4293.19663763495,3683.17464313057,3404.16524835385,2716.8573684314,2975.36248159783,3018.13807160971,2343.54775464465,2632.41497820917,3183.62085996433,3011.20582737215,2281.64221220155,2819.67934866715,3370.01875884987,2737.60978983492,2314.54586068196,2748.19195121083,2089.18481808097,1e+09,2072.16166975456,2229.49271440837,2203.72877768568,2570.5577150494,2261.20272523275,1584.7299068611,1476.83558269023,2908.51803840031,1779.38219084602,2649.65122068924,2856.73336603191,2195.91434450436
2445.3464343933,4385.55959471537,4762.88662192373,5190.71657469371,5452.61618480524,3691.67547735442,3069.83747250567,2825.13226042605,2623.34732871955,3088.87924343118,2697.88493707571,2302.28922941928,2645.8768898609,2088.6208942745,2816.67228984843,2708.32216157901,2120.49153011749,2205.59950909044,2121.11891616194,2499.71801225658,1945.06998830376,2004.15893566354,2813.73058674778,2410.22728293412,3204.49737778017,2976.38584850822,2605.77552527074,2044.89292976429,2586.96889670131,2381.13610209496,1960.39240008219,2040.32978861262,2486.87987880396,2017.1492708771,1793.05174579542,2454.35590970421,2301.48194783274,1788.31687153032,1847.06459708371,1874.19927529065,1509.24452588042,2072.16166975456,1e+09,2150.60799240587,1739.84181137252,2724.70288949089,2309.6776300168,1850.36354273964,2017.34006074831,2238.14710997736,1771.99574437977,1787.80894826601,1972.69230575881,1563.1505557687
2734.11842011278,4777.19855241542,5030.27451693245,5610.74291964977,5754.31397502778,4262.68747323798,3753.60926067165,2656.5682516924,2930.68447535725,3345.09212950854,2532.39494291471,2788.5715344061,2500.72396171589,2521.04914418581,3053.55926751062,2410.67213733017,2929.46051878157,2847.97373149754,2178.57787079094,2822.11179562398,1402.085242915,2273.25435959111,2629.2837798914,3055.4611471593,3716.4487723363,3549.5985747687,3077.56006168848,2425.54412006873,2989.22731311956,2789.92177533708,2169.11339719711,2148.09148550521,2188.63388678874,2890.50791678556,2223.4964910024,3119.61012812499,3314.49698391777,2468.87280470258,1765.70961904839,2240.75241798375,2013.5804940702,2229.49271440837,2150.60799240587,1e+09,1450.47802086071,2394.44268480162,1985.91735039503,1527.21866171809,2388.95574331129,2991.1714456547,1780.03113031767,2184.86616768625,2691.72881509263,2091.50536250807
