1e+09,19962.3836911953,17596.8662383136,21879.1358103742,26061.2963084705,20091.4852699421,12952.9034812817,9891.97269292632,6005.68935121523,6223.62887064292,6091.78439700553,5817.99430598725,6602.75920951991,2967.89978009703,7099.43817382756,4116.56276268199,7211.30356832244,9334.68877955768,5428.19765973937,5901.39697292938,6756.03591406973,5407.46028486572,5161.40547698008,5405.82710542059,9400.71842911487,11538.1491818359,10133.587607506,3879.96829315653,3894.04867380982,4783.7312635954,5879.34511018022,9570.7450792663,12268.8899345621,8365.05448854339,4892.24883478958,6322.85253975609,4753.4021965325,5420.16573863752,5816.31012739176,6087.42484137587,8475.49412103507,6318.87246618414,6882.2294487833,5958.86956440565,6348.68835721994,6884.59340113125,9095.6811101918,5732.46324854334,4507.03973935221,6635.1891201231,4798.83381708515,6436.68632853893,7331.25453221343,10562.1285530096
19962.3836911953,1e+09,5599.79929913564,3296.17568268137,7610.37407435403,10563.9796479073,30325.6246757177,28087.180015062,19290.4061377204,16561.1575853018,16702.9134164882,24005.2763719604,24828.1051113894,21775.319187222,24348.1105644709,18531.730279615,13055.3717620296,18353.8586832061,23286.5067372653,24138.5238499002,24260.4423301946,24176.934984342,22870.2378148785,16716.4030650915,11240.5633557576,9134.39371154977,12503.1773446073,21261.6672710585,21684.6369265501,18416.9144705132,18470.0448170409,25960.190133437,30820.4128398064,26957.1268485794,23011.8283535359,25034.9360160437,22226.0578204436,24372.780043327,24675.443826203,25121.5363399474,26927.9350609511,24769.0645932906,24788.3190821887,24431.9749038407,24396.8885774027,24308.4938548854,26812.1651198108,24425.1590334188,22268.9606213043,24273.1445556751,23199.2433593059,24557.889296723,24354.6952149601,28416.6258840595
17596.8662383136,5599.79929913564,1e+09,6875.13055033139,11253.9001122278,13310.9156228939,27948.8405647801,24828.4296720735,16179.2545468943,13376.8420525399,14736.6547531623,20890.3040802426,21586.1084390401,19558.0563392736,21545.5850277012,15734.1909879663,11047.5645932124,17311.0188728133,20215.7039436845,21148.083023792,21667.7493552353,21209.6122447041,19602.2902985723,13975.8920925643,9166.30611108968,8133.45599447123,11756.2720497146,18991.5516413799,18953.8181492411,16145.1997425674,15907.1915697806,23021.2621963045,27863.9728900977,23862.5564312837,20672.5695991234,22079.3515060158,19703.7017771611,21700.8170824234,21855.0054719897,22200.0621925998,24115.494299255,22145.833305306,22293.6068365126,21501.1096490786,21258.6073842385,21194.2474159381,23945.4917320693,21411.4523257345,19839.4271410543,21603.0214690885,20455.5212940199,21491.0943947929,21720.8651469273,25416.1283422712
21879.1358103742,3296.17568268137,6875.13055033139,1e+09,5450.9350128854,12032.8559090475,32360.7145426302,29961.6014949902,21359.5777619198,18484.1727444779,18895.7247796638,25921.8694955418,26724.0255156385,23752.720432622,26281.5178056824,20559.7203866663,15169.7063861137,20533.5416257888,25270.0126318765,26105.4106983686,26354.5904500829,26137.381231382,24817.1139345573,18787.3400843733,13198.3725664152,11321.8264810365,14694.2242730537,23370.3203213028,23689.138595217,20538.3635778633,20679.785582931,28060.9020405279,32775.794864128,28953.6519289381,25144.6978452814,26958.7981607508,24354.7560311821,26392.6616562426,26641.382102102,27120.3974192931,28908.1698657231,26795.8261815586,26795.1658479827,26359.7110944335,26312.1020393563,26309.018066893,28824.3965930651,26357.9858784183,24380.3016043875,26415.1598743865,25193.1897200057,26404.9905085989,26334.9995306797,30322.7175201218
26061.2963084705,7610.37407435403,11253.9001122278,5450.9350128854,1e+09,15227.6563332642,37063.2949980557,34379.7538164644,25961.4599482618,23030.0341874649,23143.8388466931,30250.7551977203,31120.9433783811,27893.2610240431,30888.5446112066,24713.9676871157,19448.5708829364,24996.3787383033,29685.3714393858,30539.4758196666,30831.1492529406,30361.9471060915,29132.8593736918,23440.4465261351,17859.8697706338,15959.3396220019,19107.6124859832,27623.9162779755,27943.4097381637,25038.7882574776,25234.8849273362,32700.6119791205,37316.0659649152,33219.4570293586,29556.3179240852,31281.7466086247,28798.0457684528,30724.6426627553,30981.5076167688,31387.5265288856,33451.6312673986,31157.5882174182,31318.8323076101,30674.3414844736,30716.6968420011,30841.7077103522,33429.5676185768,30690.5912065278,28737.5931211506,30953.6720722421,29541.7378568543,30919.7493301175,31039.8652247751,34957.7962055047
20091.4852699421,10563.9796479073,13310.9156228939,12032.8559090475,15227.6563332642,1e+09,27469.121307044,28321.6645961974,18962.1827231835,17939.2239314135,15309.9723843154,23732.2715060358,24677.7503466017,21017.0962315016,23614.2703791521,18976.5667006917,14044.1304098545,14393.1462690442,22764.1679514078,23613.4497228804,22647.6672624158,23903.4816222679,23096.9713537187,17174.640058796,13031.3217275762,10640.8179117679,10193.4607112256,20069.9426564602,22339.772506664,17981.8417578734,17337.5808938704,24120.3690776116,29201.5107752304,27114.0308653546,21921.7199440965,25372.0806428602,21216.0706354476,23588.009081845,24122.036560413,24766.4605326175,25715.0291357564,23951.2589436756,23187.2818767272,23800.0045468882,23936.0580609339,23611.5044788679,25196.3111933116,24060.2521934622,21189.7606657225,23286.7211683848,22583.3114083099,24571.0889455616,23003.279248255,27073.0099353618
12952.9034812817,30325.6246757177,27948.8405647801,32360.7145426302,37063.2949980557,27469.121307044,1e+09,9437.27589324377,12613.0497362018,15428.5824008138,15044.4117369939,10220.1460024943,9603.55838894626,11270.9003322317,7950.61831888565,14612.3854471233,18207.0255448302,13723.988896549,9714.39305407188,9022.31782496604,7694.36805908062,10337.6797215623,11394.7396998089,14311.1277098592,19476.352397713,21373.2441948035,18814.0632655097,10818.8596546725,12120.0912069505,12739.6783078106,12936.845929306,7352.67718050371,5879.50986564356,9620.23681901334,8860.29421672328,10147.0772398312,9507.88159203721,8902.67572185464,9020.69898432488,9400.52182044167,6299.62374174045,8830.51945925606,7005.80773667819,9588.11554723868,9609.35104172493,8873.38854329619,5959.74956956247,9754.64652082791,9980.50227030183,8035.51541946128,9975.05349052325,9322.10942215334,7288.97629685404,5718.94667423119
9891.97269292632,28087.180015062,24828.4296720735,29961.6014949902,34379.7538164644,28321.6645961974,9437.27589324377,1e+09,10057.6774198868,11726.4872818376,13860.1752065405,6733.22506673437,5588.15194588515,9037.26267631411,6041.32717481846,10960.1473678551,15843.1490136557,15245.074727931,6808.29595364361,5691.41621912332,7003.19847880952,6253.0022466652,6948.43541455197,11830.386158689,17205.2909167006,19626.8575466502,18396.0073608215,9122.53907743343,7309.91747086108,10639.6025318383,11697.9185596498,7688.909846064,6363.07148044087,3155.66987809245,7356.86804293104,4863.72928125117,8051.79381194029,6195.22958522927,5342.63144192073,5740.40637744402,4853.42108213372,5743.43945178323,6772.6749349057,6014.70907672183,5760.40410789903,5865.05052459908,5891.12297842271,5562.94888530355,8063.29022689249,6365.81188342854,6957.84305795984,5259.90725399222,7460.73953361864,5542.18479506954
6005.68935121523,19290.4061377204,16179.2545468943,21359.5777619198,25961.4599482618,18962.1827231835,12613.0497362018,10057.6774198868,1e+09,4001.09864504738,5417.97355915475,6367.28449846557,6770.38247947633,6390.22839322665,6840.89655721383,4396.90839961444,7457.58339187702,7792.31392681917,5032.70572180611,5983.1278816853,6023.167558179,6521.22732942964,5265.29384202819,3656.83107548052,8722.20279239138,10808.5645098413,9284.36395363193,4894.29966074821,5797.91931336579,3799.53033426501,2928.04185699249,7238.76557741719,12083.2089827041,9080.05612315254,5920.47978285544,7979.786101018,4911.65056425027,6662.22252657475,6837.72895833843,7513.31415026019,8420.95029929521,6982.23123204897,6910.29306094901,6392.97705435426,5961.80113014515,5493.36561541283,8057.21260559755,6361.49580910025,5123.85469569542,6305.80775779757,5613.43866849011,7086.62216045839,6944.72114491288,9882.26648101537
6223.62887064292,16561.1575853018,13376.8420525399,18484.1727444779,23030.0341874649,17939.2239314135,15428.5824008138,11726.4872818376,4001.09864504738,1e+09,6092.52214731305,8449.3492777018,8877.01605554479,7617.32254962333,8673.05190837113,4745.94573312844,5409.36946255291,9089.63362873884,7519.36300596666,8225.86152226015,8915.9228765563,8559.15386607228,7183.02554543,2380.07774898216,5926.51658846915,8414.14212871402,8513.60196658853,6812.85786651975,6294.41128626816,4054.90953137058,5201.13945424462,10657.5831748948,14876.1664263176,10794.6022780184,7968.35146013277,9268.6196509189,7149.71641797771,8853.38871379767,8904.30046219803,9520.78334344921,11021.459675778,9201.93994643521,9456.0774900907,8711.45386679514,8447.781202446,8331.9985482716,11051.2357161179,8607.58234144757,7405.16254954609,8763.96642688115,7789.69276765779,8639.04319643674,9263.90889134819,12485.3742467016
6091.78439700553,16702.9134164882,14736.6547531623,18895.7247796638,23143.8388466931,15309.9723843154,15044.4117369939,13860.1752065405,5417.97355915475,6092.52214731305,1e+09,8982.83256709708,10140.8463359376,6620.99745727938,10030.7527525406,4616.38583401561,4799.91486800547,5800.27320706534,8187.43077242183,8999.61463222176,8526.82891143009,8922.49469416486,8231.68298199099,4875.91639740675,7044.65767116472,8447.42624823088,5598.08259042326,5547.61112269957,8048.18531978483,5107.35976756093,3778.59016798594,10699.3846032611,15167.971195595,12415.7642968808,7714.81506079699,10856.3842496708,7029.89047240425,8901.59277475105,9459.84047156187,9883.85971587011,11533.8245856914,9566.31143336344,9421.41402140358,9034.67028747591,9336.28669038714,9188.48416066002,11348.4681135429,9245.04983887594,6793.61510261657,9269.35892416514,7896.39668033465,10438.8589746389,9785.41243254979,13377.6993672417
5817.99430598725,24005.2763719604,20890.3040802426,25921.8694955418,30250.7551977203,23732.2715060358,10220.1460024943,6733.22506673437,6367.28449846557,8449.3492777018,8982.83256709708,1e+09,2393.63886386397,5038.41334876368,4779.2636520598,6585.335080647,11368.4040180141,11504.8816628464,2093.86745184599,2280.11076586204,4465.88912248166,1978.97717255657,2355.66020077175,8026.02031875076,13157.1637359881,15574.079547145,13905.0735109707,5259.27231456977,5009.62011209433,7455.07673693571,7094.31552149325,5933.25286297491,7836.34287074653,5010.64674488234,4747.10242722864,4047.96281741816,4091.59906433903,2857.3633841358,2987.65742083995,2453.58466719614,5000.19314958932,4305.92965604409,4762.21352856001,2613.19133469021,2470.47055760638,3403.41760161753,5548.33480031622,2555.67646868691,4435.93170235972,4348.24635011633,2846.54419071617,3356.64934777227,5149.46889492499,6450.18862118
6602.75920951991,24828.1051113894,21586.1084390401,26724.0255156385,31120.9433783811,24677.7503466017,9603.55838894626,5588.15194588515,6770.38247947633,8877.01605554479,10140.8463359376,2393.63886386397,1e+09,5901.28328520162,4291.3901630241,7610.33299620983,12281.5355175157,12162.0929345035,2340.83745119135,2467.13801660953,4555.49767010148,2865.38779066639,3077.26439483188,8601.73322846041,13908.6688368082,16285.9524897133,14800.3485474667,6021.55529448995,5237.37116260629,7802.31322778059,7865.09281542818,5508.63319561214,7031.9401950173,4234.91489805876,5030.86900896853,3770.48775685587,4750.96904787855,3345.01608002114,2945.03273837491,2853.17576393394,4206.36004089046,4079.8917269457,4604.19474992099,2707.97211180248,2013.34043986604,3124.7491328105,4753.74636801334,2483.4874266241,5063.94704545772,4220.23803865374,3471.45843021345,2636.57474354512,4891.71433350313,5422.0886719234
2967.89978009703,21775.319187222,19558.0563392736,23752.720432622,27893.2610240431,21017.0962315016,11270.9003322317,9037.26267631411,6390.22839322665,7617.32254962333,6620.99745727938,5038.41334876368,5901.28328520162,1e+09,6306.41072925797,5013.18084385553,8880.43714710036,9083.17010965335,4742.99040832891,4755.98344868861,5200.81243565849,4345.48266399718,4978.1315714332,6691.1385803464,11099.1895347363,13157.2814074337,11143.905004176,2457.75397531974,3952.44274469599,5321.17762725508,6246.42498603001,8323.90695894662,10604.7074570824,7341.71386065951,3489.27804802082,5551.14909916857,3814.30356150372,3731.21473836605,4487.43534022497,4797.19228871431,6865.90897995306,4791.93539745686,5300.82276606189,4585.02624479948,5371.02325740636,5839.96059714447,7467.36318980134,4607.40319247187,3247.58742388869,5423.65449667473,3548.76343039375,5891.71086664137,6516.22910441307,9124.0528813461
7099.43817382756,24348.1105644709,21545.5850277012,26281.5178056824,30888.5446112066,23614.2703791521,7950.61831888565,6041.32717481846,6840.89655721383,8673.05190837113,10030.7527525406,4779.2636520598,4291.3901630241,6306.41072925797,1e+09,8525.6582397314,12232.8691144106,10494.6881576729,4137.39202203514,3570.81897803571,3561.80818821003,5120.83330695308,5738.52036277645,8034.35606086138,13309.9620955546,15523.4644972796,14085.9754253229,5964.75294855537,5864.30191797796,6741.377671285,7574.09859898853,5067.15639649103,7142.69020714185,5506.94086420946,3958.17471154319,4660.49663575675,4229.81239465771,4199.89296367181,3614.85002012532,4688.63015707147,3730.75546704686,3835.55806637052,2998.9481054363,4344.33746992565,4194.0653071334,3842.55229321606,4133.6034624163,4450.29655974745,4703.98501393234,3132.18226113999,4153.26361421955,2947.93485999945,2665.91621010489,4571.24613676621
4116.56276268199,18531.730279615,15734.1909879663,20559.7203866663,24713.9676871157,18976.5667006917,14612.3854471233,10960.1473678551,4396.90839961444,4745.94573312844,4616.38583401561,6585.335080647,7610.33299620983,5013.18084385553,8525.6582397314,1e+09,5984.32077477469,9181.11018255962,6025.66116605473,6820.28568017499,7573.76738995198,6304.7722508668,5268.31752481758,4658.84788547555,8393.04187052585,10419.5006042612,9040.41714928576,4618.5902461682,4861.2862474555,4785.19620619677,4750.03459327403,9682.84539488264,13533.7446334523,9459.67199260101,6509.09451480004,7751.00437530518,5885.26267611735,6845.35935381043,7136.14181482543,7439.21197356951,9803.84779537096,7522.83751168401,8356.83866894653,6736.69546069139,6867.48912248137,7027.10830192619,9940.38707572296,6625.01549290264,5507.86935382458,7737.56894378978,5705.00637702536,8005.53780297739,8991.89124701806,11820.0073026881
7211.30356832244,13055.3717620296,11047.5645932124,15169.7063861137,19448.5708829364,14044.1304098545,18207.0255448302,15843.1490136557,7457.58339187702,5409.36946255291,4799.91486800547,11368.4040180141,12281.5355175157,8880.43714710036,12232.8691144106,5984.32077477469,1e+09,8604.91619182314,10641.8482728096,11460.0895044411,11772.4749148299,11391.4791254911,10284.7601966356,4867.80231320049,3336.67295616457,4943.59490296282,4809.26501996927,8438.51914656831,9217.334982895,6387.70449952094,6618.63168169222,13927.4473979692,18274.6888298406,14419.5220401857,10363.1592243582,12503.9385452025,9572.72060186131,11514.184683485,11936.042531857,12307.0322996773,14364.4071360081,12193.0440258042,12296.6856329175,11749.9532658347,11829.5273062705,11847.5819923983,14382.3168488669,11716.8285132539,9603.12946030616,11800.2818552736,10478.8751061886,12230.2014974775,12284.2585224099,16139.3866351172
9334.68877955768,18353.8586832061,17311.0188728133,20533.5416257888,24996.3787383033,14393.1462690442,13723.988896549,15245.074727931,7792.31392681917,9089.63362873884,5800.27320706534,11504.8816628464,12162.0929345035,9083.17010965335,10494.6881576729,9181.11018255962,8604.91619182314,1e+09,10303.6288874066,10855.4695322819,8975.87152149584,11429.5511080269,11412.0136055299,7618.58762662083,9423.92939259946,9951.54825629158,6517.80379141625,7535.68428922683,10762.2041847477,6427.42306918566,6061.22965055772,10637.9321961413,15310.964267805,14151.7327899554,8709.42359832727,12982.3878929687,8415.94504620842,10609.2929790679,11120.0754468753,12109.070360007,12008.222113398,10622.5517016911,9446.61806391579,10950.449773192,11216.5865727101,10772.7810934271,11516.7141688548,11385.1647034683,8302.36041469533,9999.33723244696,9883.14593817171,12025.8612166614,9771.64569996784,13414.4347069901
5428.19765973937,23286.5067372653,20215.7039436845,25270.0126318765,29685.3714393858,22764.1679514078,9714.39305407188,6808.29595364361,5032.70572180611,7519.36300596666,8187.43077242183,2093.86745184599,2340.83745119135,4742.99040832891,4137.39202203514,6025.66116605473,10641.8482728096,10303.6288874066,1e+09,2037.94135580492,3442.40084949443,2425.05243984537,2434.24480691651,7025.94187111593,12370.3766995795,14648.2149691183,12909.2129152943,4254.51693430641,4571.47237762627,6170.51743284953,5897.62329832959,5030.70150884546,8070.15661204911,5226.94884125529,3796.94405198444,4402.21822527007,3045.64210418756,2815.30124936924,2847.06040589237,3018.1611604419,4753.94549894085,3806.23635313153,3985.92519035418,2440.39363181434,1950.36749708869,2472.2698568522,4863.90170465029,2414.33854918899,3427.35074766211,3453.44147945206,2419.56724709193,3444.16939568889,4418.67303876401,6282.09421308691
5901.39697292938,24138.5238499002,21148.083023792,26105.4106983686,30539.4758196666,23613.4497228804,9022.31782496604,5691.41621912332,5983.1278816853,8225.86152226015,8999.61463222176,2280.11076586204,2467.13801660953,4755.98344868861,3570.81897803571,6820.28568017499,11460.0895044411,10855.4695322819,2037.94135580492,1e+09,3207.56540608294,2452.95802098201,2999.62224643371,7716.2948680309,13125.927691352,15484.9250190758,13706.2372493657,4540.88058175945,4463.14351975152,6725.57195836904,6904.64256658518,5193.46310983336,7164.9971893714,4450.0163906215,3514.21066969526,3693.68231059467,3440.46220695708,2173.45574732958,2040.83493837694,2381.11205236125,3770.37578166951,3281.75756657923,3520.74525485727,2206.50946322467,2147.63209651933,2546.64792199472,4206.91651093767,2116.42796555895,3657.77423133249,2985.96147351234,2575.52413242431,2919.59015252141,4167.06273946049,5484.28518434262
6756.03591406973,24260.4423301946,21667.7493552353,26354.5904500829,30831.1492529406,22647.6672624158,7694.36805908062,7003.19847880952,6023.167558179,8915.9228765563,8526.82891143009,4465.88912248166,4555.49767010148,5200.81243565849,3561.80818821003,7573.76738995198,11772.4749148299,8975.87152149584,3442.40084949443,3207.56540608294,1e+09,4220.58571904422,5207.05818594338,8079.00287647554,13377.7501249014,15368.4573542077,13087.2819963047,4115.49518630505,5954.86155605653,6344.77080559259,6332.12028265414,3715.5054422918,6964.78235875322,5936.16071622897,2804.09024161135,5705.35199092046,3146.00772392567,3135.00964217018,3182.48039158138,4314.49933285428,3586.14356300748,3029.28126843646,1987.35936108697,3245.05402195403,3580.66523750825,3160.40126286204,3295.40433836275,3759.52982431314,3035.14962591632,2602.67726155204,3231.71668065132,4762.46061266652,3574.31007153828,5271.04724548168
5407.46028486572,24176.934984342,21209.6122447041,26137.381231382,30361.9471060915,23903.4816222679,10337.6797215623,6253.0022466652,6521.22732942964,8559.15386607228,8922.49469416486,1978.97717255657,2865.38779066639,4345.48266399718,5120.83330695308,6304.7722508668,11391.4791254911,11429.5511080269,2425.05243984537,2452.95802098201,4220.58571904422,1e+09,2552.96654376825,8237.44913025264,13373.7684449111,15686.6597634519,13942.3927123432,4570.66347629094,4282.74761551507,7212.31419134663,7307.54320556506,6265.99415734646,7898.24144378988,4292.92447346794,4140.7152802988,3705.61839102463,3976.99104696,2158.76975439717,2250.26848335926,1903.99986008403,4827.35744119907,3492.0768566714,4613.22289289169,1934.09347835103,2431.69345853872,3571.05803561074,5572.97914341154,1821.0607081863,3895.20172703546,4224.59979557827,2332.52643071842,3842.14899617389,5683.24229943612,6773.41266725275
5161.40547698008,22870.2378148785,19602.2902985723,24817.1139345573,29132.8593736918,23096.9713537187,11394.7396998089,6948.43541455197,5265.29384202819,7183.02554543,8231.68298199099,2355.66020077175,3077.26439483188,4978.1315714332,5738.52036277645,5268.31752481758,10284.7601966356,11412.0136055299,2434.24480691651,2999.62224643371,5207.05818594338,2552.96654376825,1e+09,7014.05902412433,12156.0102768754,14605.1112593195,13125.0671096189,4959.70834339077,4099.59350401964,6748.27825523667,6503.44781578203,6778.74103884342,9243.44559033048,5454.37356316012,5041.59138779612,4490.73431840495,4310.40544700844,3659.67739248967,3830.92107407605,3544.30876832141,6100.1418260152,4959.14149153863,5832.98904066346,3371.48470982741,3050.08652911684,3562.69156440745,6473.38588808824,2941.31300216417,4588.0056549769,4997.02235728439,3375.85358773155,4244.33564403194,6212.65861906962,7790.05724900016
5405.82710542059,16716.4030650915,13975.8920925643,18787.3400843733,23440.4465261351,17174.640058796,14311.1277098592,11830.386158689,3656.83107548052,2380.07774898216,4875.91639740675,8026.02031875076,8601.73322846041,6691.1385803464,8034.35606086138,4658.84788547555,4867.80231320049,7618.58762662083,7025.94187111593,7716.2948680309,8079.00287647554,8237.44913025264,7014.05902412433,1e+09,5757.80798743758,8143.46143790219,7475.79190900202,5839.63316104702,6148.48615547762,3114.44563885774,3853.35401793035,9992.33957666572,14322.2136038847,10748.5225829134,6897.36532413646,8988.22433305934,6059.02635578523,8152.7758397861,8423.11988500105,8976.28013544029,10379.3855619781,8686.2042784291,8553.19742407481,8355.30759695297,8190.98936043748,7887.21852049251,10354.6457203808,8283.03117784788,6451.79372184201,7866.83087772325,7166.05636830328,8243.86931973694,8180.30326474514,11930.7177590453
9400.71842911487,11240.5633557576,9166.30611108968,13198.3725664152,17859.8697706338,13031.3217275762,19476.352397713,17205.2909167006,8722.20279239138,5926.51658846915,7044.65767116472,13157.1637359881,13908.6688368082,11099.1895347363,13309.9620955546,8393.04187052585,3336.67295616457,9423.92939259946,12370.3766995795,13125.927691352,13377.7501249014,13373.7684449111,12156.0102768754,5757.80798743758,1e+09,3216.57755693843,5289.94054249195,10567.441228216,11038.6748546599,7642.36877504613,8139.86102933582,15297.2046150727,19774.3396949607,16100.9974338797,12125.0974123757,14175.3262622417,11330.4697054491,13423.3273840505,13727.7542637352,14243.7989573112,15865.6728759041,13905.7352013117,13782.5083394642,13545.6424552511,13491.4345099474,13398.6473772169,15824.191063432,13543.9838603714,11476.6555211874,13328.1039514066,12349.6457439839,13515.2702518781,13365.7709967364,17344.0485580213
11538.1491818359,9134.39371154977,8133.45599447123,11321.8264810365,15959.3396220019,10640.8179117679,21373.2441948035,19626.8575466502,10808.5645098413,8414.14212871402,8447.42624823088,15574.079547145,16285.9524897133,13157.2814074337,15523.4644972796,10419.5006042612,4943.59490296282,9951.54825629158,14648.2149691183,15484.9250190758,15368.4573542077,15686.6597634519,14605.1112593195,8143.46143790219,3216.57755693843,1e+09,4686.40889781291,12484.3821894718,13298.033183223,9526.68907832097,9852.34135608892,17188.3519457975,21979.384498409,18461.4275304105,14144.1499925022,16551.5990555716,13394.9146524455,15646.2089962777,15943.347953366,16558.8439776483,18059.4257897863,15959.0772829948,15814.034174707,15782.9726141846,15773.623153182,15631.0399264412,17902.8870760277,15813.456290337,13446.5776231203,15430.5027534394,14484.2593693188,15956.0396338847,15502.2612090172,19562.8260995593
10133.587607506,12503.1773446073,11756.2720497146,14694.2242730537,19107.6124859832,10193.4607112256,18814.0632655097,18396.0073608215,9284.36395363193,8513.60196658853,5598.08259042326,13905.0735109707,14800.3485474667,11143.905004176,14085.9754253229,9040.41714928576,4809.26501996927,6517.80379141625,12909.2129152943,13706.2372493657,13087.2819963047,13942.3927123432,13125.0671096189,7475.79190900202,5289.94054249195,4686.40889781291,1e+09,10183.451255704,12270.902176841,8191.43886836129,7674.3414527502,14935.5419809962,19780.6262749641,17158.798588185,12123.1512651002,15378.2926752517,11464.8142263449,13698.412268285,14202.7056017859,14820.8988197208,16051.2030760719,14124.761147931,13659.6106469145,13913.7706719854,14054.3299131229,13836.9762234782,15717.3169822365,14072.6284590015,11342.2196626542,13573.8636784447,12665.0771125011,14748.0966081186,13636.2536929649,17685.2356059652
3879.96829315653,21261.6672710585,18991.5516413799,23370.3203213028,27623.9162779755,20069.9426564602,10818.8596546725,9122.53907743343,4894.29966074821,6812.85786651975,5547.61112269957,5259.27231456977,6021.55529448995,2457.75397531974,5964.75294855537,4618.5902461682,8438.51914656831,7535.68428922683,4254.51693430641,4540.88058175945,4115.49518630505,4570.66347629094,4959.70834339077,5839.63316104702,10567.441228216,12484.3821894718,10183.451255704,1e+09,4286.60189710918,4047.28252675792,4715.55402716372,7209.32566528937,10521.2103472319,7522.0637480282,2847.62088772365,6354.21146530394,2851.03900809863,3971.25395138614,4613.58590800041,5267.64948111584,6760.79246363916,4693.70664221786,4777.98652254273,4586.9297201178,5152.44599993052,5228.08936821092,6887.66336966318,4772.5779758114,2291.88501325874,4735.71637625186,3582.93528952171,6296.42667849789,6077.72338269849,8898.36889834311
3894.04867380982,21684.6369265501,18953.8181492411,23689.138595217,27943.4097381637,22339.772506664,12120.0912069505,7309.91747086108,5797.91931336579,6294.41128626816,8048.18531978483,5009.62011209433,5237.37116260629,3952.44274469599,5864.30191797796,4861.2862474555,9217.334982895,10762.2041847477,4571.47237762627,4463.14351975152,5954.86155605653,4282.74761551507,4099.59350401964,6148.48615547762,11038.6748546599,13298.033183223,12270.902176841,4286.60189710918,1e+09,5027.76717964347,6745.98763335659,8407.7446245768,10751.9449213898,5834.38374580384,4174.74989611354,4056.75578605614,4426.14724486206,4275.92412038614,4429.18138375479,4797.44854659224,6884.76032087538,4648.75629474164,6046.21019140916,4795.735034257,4939.83111271023,5353.63558702869,7701.94996790423,4328.36729147377,4247.73279087798,5152.89966019134,3931.41594751815,4879.49166704894,6765.04761447397,9036.63970938866
4783.7312635954,18416.9144705132,16145.1997425674,20538.3635778633,25038.7882574776,17981.8417578734,12739.6783078106,10639.6025318383,3799.53033426501,4054.90953137058,5107.35976756093,7455.07673693571,7802.31322778059,5321.17762725508,6741.377671285,4785.19620619677,6387.70449952094,6427.42306918566,6170.51743284953,6725.57195836904,6344.77080559259,7212.31419134663,6748.27825523667,3114.44563885774,7642.36877504613,9526.68907832097,8191.43886836129,4047.28252675792,5027.76717964347,1e+09,3775.29810906371,8644.1516577279,12864.9079992008,9458.66531194544,5040.25741485492,7979.02507712565,4717.57212658164,6766.71767550561,7030.14422626592,7966.70286947493,8850.92937763035,6787.0643104659,6718.40109453135,7074.15545020747,7115.3085461138,6937.39056219268,8902.8153758123,7129.75672908971,4691.31431221572,6390.57017881034,5865.98924231029,7423.65019926855,6990.17977906148,10609.7925910076
5879.34511018022,18470.0448170409,15907.1915697806,20679.785582931,25234.8849273362,17337.5808938704,12936.845929306,11697.9185596498,2928.04185699249,5201.13945424462,3778.59016798594,7094.31552149325,7865.09281542818,6246.42498603001,7574.09859898853,4750.03459327403,6618.63168169222,6061.22965055772,5897.62329832959,6904.64256658518,6332.12028265414,7307.54320556506,6503.44781578203,3853.35401793035,8139.86102933582,9852.34135608892,7674.3414527502,4715.55402716372,6745.98763335659,3775.29810906371,1e+09,7825.43062885999,12835.3390993849,10396.9280752586,5988.99337687896,9020.63272919921,5028.3708408589,7204.3832255579,7582.45929223494,8128.90885553529,9242.76306078978,7517.63816654539,7211.03682452808,7137.26401781523,7003.15919782636,6717.06666399106,8836.0807891112,7267.56340498657,4907.34869587438,6720.73924136326,6038.53574052518,8080.88493133023,7074.84891599107,10742.8454175465
9570.7450792663,25960.190133437,23021.2621963045,28060.9020405279,32700.6119791205,24120.3690776116,7352.67718050371,7688.909846064,7238.76557741719,10657.5831748948,10699.3846032611,5933.25286297491,5508.63319561214,8323.90695894662,5067.15639649103,9682.84539488264,13927.4473979692,10637.9321961413,5030.70150884546,5193.46310983336,3715.5054422918,6265.99415734646,6778.74103884342,9992.33957666572,15297.2046150727,17188.3519457975,14935.5419809962,7209.32566528937,8407.7446245768,8644.1516577279,7825.43062885999,1e+09,6098.59876823357,7033.58077707223,5995.821282977,7331.84546959359,5737.17797347267,5657.5395969803,5547.5691829395,6294.80415642139,4285.15595436152,5201.90812821603,4192.04966809793,5305.52483504695,4754.63491689951,3985.58605833571,3091.46787406889,5596.61313822923,5935.60083381624,4429.09616051627,5590.5708963486,6062.5318730956,4593.1491161076,4594.78463077433
12268.8899345621,30820.4128398064,27863.9728900977,32775.794864128,37316.0659649152,29201.5107752304,5879.50986564356,6363.07148044087,12083.2089827041,14876.1664263176,15167.971195595,7836.34287074653,7031.9401950173,10604.7074570824,7142.69020714185,13533.7446334523,18274.6888298406,15310.964267805,8070.15661204911,7164.9971893714,6964.78235875322,7898.24144378988,9243.44559033048,14322.2136038847,19774.3396949607,21979.384498409,19780.6262749641,10521.2103472319,10751.9449213898,12864.9079992008,12835.3390993849,6098.59876823357,1e+09,6626.09450306136,8625.91052998465,7950.90174338106,9119.14308678178,7249.95736595051,6920.77456082771,7120.80653316743,4291.86803297818,7007.39821092679,6521.11691587415,7154.16705211725,7130.74171318104,7120.80822267388,4591.86401110704,7354.04696612009,9256.41343751996,7199.92336785608,8230.48166827434,7257.0558894086,7121.0303283935,3255.79878280277
8365.05448854339,26957.1268485794,23862.5564312837,28953.6519289381,33219.4570293586,27114.0308653546,9620.23681901334,3155.66987809245,9080.05612315254,10794.6022780184,12415.7642968808,5010.64674488234,4234.91489805876,7341.71386065951,5506.94086420946,9459.67199260101,14419.5220401857,14151.7327899554,5226.94884125529,4450.0163906215,5936.16071622897,4292.92447346794,5454.37356316012,10748.5225829134,16100.9974338797,18461.4275304105,17158.798588185,7522.0637480282,5834.38374580384,9458.66531194544,10396.9280752586,7033.58077707223,6626.09450306136,1e+09,5919.17535633132,3287.14660667881,6327.60335132505,4375.46543108273,3827.58171159023,3800.89612879647,4477.49813413697,4415.84822572063,5756.73076575586,4680.71466110678,4552.65414515533,4958.34063868145,5669.8189488907,4238.98824581999,6524.59650740182,5069.05487730208,5321.04738419984,4390.31531003184,6803.57097259961,5817.91747320293
4892.24883478958,23011.8283535359,20672.5695991234,25144.6978452814,29556.3179240852,21921.7199440965,8860.29421672328,7356.86804293104,5920.47978285544,7968.35146013277,7714.81506079699,4747.10242722864,5030.86900896853,3489.27804802082,3958.17471154319,6509.09451480004,10363.1592243582,8709.42359832727,3796.94405198444,3514.21066969526,2804.09024161135,4140.7152802988,5041.59138779612,6897.36532413646,12125.0974123757,14144.1499925022,12123.1512651002,2847.62088772365,4174.74989611354,5040.25741485492,5988.99337687896,5995.821282977,8625.91052998465,5919.17535633132,1e+09,4801.04642837372,2243.73055920269,2754.73650870641,3204.75246802308,4094.41861622624,4710.60960452042,3057.05464334545,2920.77243574367,3894.76773175243,4400.21006389468,4199.56051022009,5185.46597209933,3987.03416907856,2051.26097427899,2686.36305500578,2917.93185186015,4633.38273621984,4124.42447701495,6899.95043630025
6322.85253975609,25034.9360160437,22079.3515060158,26958.7981607508,31281.7466086247,25372.0806428602,10147.0772398312,4863.72928125117,7979.786101018,9268.6196509189,10856.3842496708,4047.96281741816,3770.48775685587,5551.14909916857,4660.49663575675,7751.00437530518,12503.9385452025,12982.3878929687,4402.21822527007,3693.68231059467,5705.35199092046,3705.61839102463,4490.73431840495,8988.22433305934,14175.3262622417,16551.5990555716,15378.2926752517,6354.21146530394,4056.75578605614,7979.02507712565,9020.63272919921,7331.84546959359,7950.90174338106,3287.14660667881,4801.04642837372,1e+09,5299.81309305338,3521.48454970343,3162.67486082588,3052.75631580708,4702.10350834603,3849.40551625832,5260.69494407345,4065.56090906286,4052.81726701316,4480.49157646792,5994.35200336116,3414.54600879824,5354.53956057848,4566.81933350773,3918.96029156969,2868.11159934547,5874.1751925015,6522.44762586868
4753.4021965325,22226.0578204436,19703.7017771611,24354.7560311821,28798.0457684528,21216.0706354476,9507.88159203721,8051.79381194029,4911.65056425027,7149.71641797771,7029.89047240425,4091.59906433903,4750.96904787855,3814.30356150372,4229.81239465771,5885.26267611735,9572.72060186131,8415.94504620842,3045.64210418756,3440.46220695708,3146.00772392567,3976.99104696,4310.40544700844,6059.02635578523,11330.4697054491,13394.9146524455,11464.8142263449,2851.03900809863,4426.14724486206,4717.57212658164,5028.3708408589,5737.17797347267,9119.14308678178,6327.60335132505,2243.73055920269,5299.81309305338,1e+09,2938.42626242348,3629.23219673253,4325.98997721909,5432.29207223802,3932.9947079166,3487.36093596576,4095.07388255694,4228.48544787611,3844.4338675675,5542.69167016351,4146.31214730633,2276.35219153364,2896.47819446306,2815.51085606147,4653.29806212755,4175.9487027381,7223.56445676925
5420.16573863752,24372.780043327,21700.8170824234,26392.6616562426,30724.6426627553,23588.009081845,8902.67572185464,6195.22958522927,6662.22252657475,8853.38871379767,8901.59277475105,2857.3633841358,3345.01608002114,3731.21473836605,4199.89296367181,6845.35935381043,11514.184683485,10609.2929790679,2815.30124936924,2173.45574732958,3135.00964217018,2158.76975439717,3659.67739248967,8152.7758397861,13423.3273840505,15646.2089962777,13698.412268285,3971.25395138614,4275.92412038614,6766.71767550561,7204.3832255579,5657.5395969803,7249.95736595051,4375.46543108273,2754.73650870641,3521.48454970343,2938.42626242348,1e+09,1644.16928109608,2199.99451137952,3704.40576187329,2463.43404656995,3093.24306203053,2292.21032483932,2900.61219869186,3252.63682931249,4523.39268494346,2281.02770259372,3105.69324380242,2965.57089527464,1953.86368457475,3527.76475308374,4531.30867924488,5943.84876548857
5816.31012739176,24675.443826203,21855.0054719897,26641.382102102,30981.5076167688,24122.036560413,9020.69898432488,5342.63144192073,6837.72895833843,8904.30046219803,9459.84047156187,2987.65742083995,2945.03273837491,4487.43534022497,3614.85002012532,7136.14181482543,11936.042531857,11120.0754468753,2847.06040589237,2040.83493837694,3182.48039158138,2250.26848335926,3830.92107407605,8423.11988500105,13727.7542637352,15943.347953366,14202.7056017859,4613.58590800041,4429.18138375479,7030.14422626592,7582.45929223494,5547.5691829395,6920.77456082771,3827.58171159023,3204.75246802308,3162.67486082588,3629.23219673253,1644.16928109608,1e+09,2163.73380807344,3471.73513308547,2215.80736376157,3255.66640371829,1770.20932965568,2429.50186414829,3001.18774969178,4264.4735872438,1893.93262269279,3509.17745602869,3123.13885426185,2014.18526749651,3021.95884028886,4582.24831543425,5459.73320887569
6087.42484137587,25121.5363399474,22200.0621925998,27120.3974192931,31387.5265288856,24766.4605326175,9400.52182044167,5740.40637744402,7513.31415026019,9520.78334344921,9883.85971587011,2453.58466719614,2853.17576393394,4797.19228871431,4688.63015707147,7439.21197356951,12307.0322996773,12109.070360007,3018.1611604419,2381.11205236125,4314.49933285428,1903.99986008403,3544.30876832141,8976.28013544029,14243.7989573112,16558.8439776483,14820.8988197208,5267.64948111584,4797.44854659224,7966.70286947493,8128.90885553529,6294.80415642139,7120.80653316743,3800.89612879647,4094.41861622624,3052.75631580708,4325.98997721909,2199.99451137952,2163.73380807344,1e+09,4163.94579103763,3511.90018660838,4439.02821298761,2551.64425079203,2986.58484364667,3787.72633973206,5062.95366631969,2226.64343762085,4337.9693310926,3819.23658141257,2977.50275882324,3435.89804586807,5293.58572104958,6008.25839456826
8475.49412103507,26927.9350609511,24115.494299255,28908.1698657231,33451.6312673986,25715.0291357564,6299.62374174045,4853.42108213372,8420.95029929521,11021.459675778,11533.8245856914,5000.19314958932,4206.36004089046,6865.90897995306,3730.75546704686,9803.84779537096,14364.4071360081,12008.222113398,4753.94549894085,3770.37578166951,3586.14356300748,4827.35744119907,6100.1418260152,10379.3855619781,15865.6728759041,18059.4257897863,16051.2030760719,6760.79246363916,6884.76032087538,8850.92937763035,9242.76306078978,4285.15595436152,4291.86803297818,4477.49813413697,4710.60960452042,4702.10350834603,5432.29207223802,3704.40576187329,3471.73513308547,4163.94579103763,1e+09,3318.62196084459,2879.15973909056,3933.47217136463,3946.34065529067,3771.14521088754,2093.43624880243,3987.1238739974,5494.58598081785,3581.40133879184,4576.07247609782,3954.58581043578,3984.37282914137,2789.48169977865
6318.87246618414,24769.0645932906,22145.833305306,26795.8261815586,31157.5882174182,23951.2589436756,8830.51945925606,5743.43945178323,6982.23123204897,9201.93994643521,9566.31143336344,4305.92965604409,4079.8917269457,4791.93539745686,3835.55806637052,7522.83751168401,12193.0440258042,10622.5517016911,3806.23635313153,3281.75756657923,3029.28126843646,3492.0768566714,4959.14149153863,8686.2042784291,13905.7352013117,15959.0772829948,14124.761147931,4693.70664221786,4648.75629474164,6787.0643104659,7517.63816654539,5201.90812821603,7007.39821092679,4415.84822572063,3057.05464334545,3849.40551625832,3932.9947079166,2463.43404656995,2215.80736376157,3511.90018660838,3318.62196084459,1e+09,2747.40440583471,2677.38842238103,3062.06326995377,3451.49204084263,4129.93351711623,2620.48780363504,3143.57722580502,2894.20615739446,2533.11067123014,3800.86949761499,4464.2890653944,5477.39742138545
6882.2294487833,24788.3190821887,22293.6068365126,26795.1658479827,31318.8323076101,23187.2818767272,7005.80773667819,6772.6749349057,6910.29306094901,9456.0774900907,9421.41402140358,4762.21352856001,4604.19474992099,5300.82276606189,2998.9481054363,8356.83866894653,12296.6856329175,9446.61806391579,3985.92519035418,3520.74525485727,1987.35936108697,4613.22289289169,5832.98904066346,8553.19742407481,13782.5083394642,15814.034174707,13659.6106469145,4777.98652254273,6046.21019140916,6718.40109453135,7211.03682452808,4192.04966809793,6521.11691587415,5756.73076575586,2920.77243574367,5260.69494407345,3487.36093596576,3093.24306203053,3255.66640371829,4439.02821298761,2879.15973909056,2747.40440583471,1e+09,3718.97202507628,3884.38724521642,3745.11646251488,3181.53559266591,4018.15683536619,3540.1424246208,2494.27492516362,3522.36629669602,4187.6094150601,2767.05014558826,4599.53931210507
5958.86956440565,24431.9749038407,21501.1096490786,26359.7110944335,30674.3414844736,23800.0045468882,9588.11554723868,6014.70907672183,6392.97705435426,8711.45386679514,9034.67028747591,2613.19133469021,2707.97211180248,4585.02624479948,4344.33746992565,6736.69546069139,11749.9532658347,10950.449773192,2440.39363181434,2206.50946322467,3245.05402195403,1934.09347835103,3371.48470982741,8355.30759695297,13545.6424552511,15782.9726141846,13913.7706719854,4586.9297201178,4795.735034257,7074.15545020747,7137.26401781523,5305.52483504695,7154.16705211725,4680.71466110678,3894.76773175243,4065.56090906286,4095.07388255694,2292.21032483932,1770.20932965568,2551.64425079203,3933.47217136463,2677.38842238103,3718.97202507628,1e+09,1543.84647238642,2814.81703883219,4396.745612689,1332.62367820026,3564.99765342139,3767.33497337309,1959.60607291364,3518.94314804886,4937.27144796597,5772.30634442594
