1e+09,18726.3567580082,20619.3591140026,23948.2958907393,26646.9975848631,28361.527551345,6612.67586754409,14656.7264141963,8518.63870563249,7390.30568489559,10338.1103787104,4645.98859014957,6229.96269849186,5217.29709017035,4135.99382075215,8022.36063344201,8452.5021196803,8862.58423462931,7053.32878701964,5921.79486463353,5712.99391652048,6952.4850135617,5161.13367479472,6300.10591110181,10450.6786646466,13523.671335403,12981.567396062,4168.23730148609,4944.83492555616,5927.24759995734,7538.02424069464,5569.73956745735,11403.1011199673,11213.3728573877,6412.66084024409,7860.5425432727,5802.58108612021,6604.59473946737,6113.17719353038,6317.32415732326,6740.17356652631,7953.3749249171,5486.11767176024,7241.83017652996,5249.58213648477,5791.01285381927,7383.09548069101,8580.03527599392,4628.31165774303,5219.66766079987,7223.58015720737,5892.2007656223,6339.21902244275,9492.05016328928
18726.3567580082,1e+09,11110.5498796414,11726.043373082,13379.6819132183,16525.4457310628,22997.1812553669,29001.2752902558,16048.878173402,15198.1260724341,12808.6005134129,21049.8128699568,22242.458527474,19558.8383417191,20982.463612629,17641.4165030759,11865.3246799319,11767.2853322378,21536.5690529063,21103.7076840066,19734.6440946018,21659.7412420093,20470.1835958034,14812.5937288815,11050.999362949,8821.19417973553,9231.33893934677,17161.1655685009,20814.6833060078,15801.4461511028,14179.6710467592,19900.5587302593,27103.9953486492,26691.1989094196,20052.3757838915,24132.3397898878,19036.5674674139,22214.8708236397,22339.4098901717,22396.5124119292,23109.394485211,22462.5346663973,20745.6140643944,21903.7084753998,21049.036517734,20449.3785898667,21822.605580393,22532.6530082922,18661.3272901367,20660.93244632,20728.0248126299,22227.2322760122,20168.5098829859,24422.2490865276
20619.3591140026,11110.5498796414,1e+09,4464.40671697819,7453.78151106538,9240.46053765179,23020.070502177,32340.4181417031,18323.2688295921,16754.4034192388,12399.708293964,22270.5820693668,23492.6957186356,21335.508479352,22828.8252611934,20299.1173537718,14306.7767350581,13254.8151577191,24156.4269416236,22565.2640425633,21736.0828738759,24078.668185695,22127.9579858536,17013.5404650796,12956.3944835012,8833.55033784265,9113.64293088664,18419.0879957261,23111.1682574378,17575.2652238878,16231.0092600152,21422.2141820471,29032.9647370364,29561.3234381244,22055.1186605377,26098.4531777268,20845.815923283,24231.0139603484,24459.1668719051,24079.1294867464,24808.6984805552,25180.0475222089,22965.8442788154,24378.2971925051,22774.2538515381,21948.9851355524,23330.3266276664,25171.7121410662,20930.6199541629,22949.6440907043,23137.4608763624,23708.9349347625,21480.825326991,26083.0034675227
23948.2958907393,11726.043373082,4464.40671697819,1e+09,4678.4886990245,7660.97792691638,26666.7193524475,35281.5103146421,21140.8479986613,19675.0746940641,15377.9641861269,25684.4738700328,26829.5356295744,24407.097372791,26141.4429233946,23090.0465992947,17043.988205159,15923.014468608,27343.8440549788,25827.9995331036,24832.1700311511,27237.5033930608,25436.1673817873,19964.9462928729,15514.0623149161,11274.9173499853,11768.1632124006,21691.794435899,26148.7167953535,20402.8905844736,19166.4847243541,24607.313308094,32177.475666758,32553.8094964783,24948.4995963324,29204.5765514448,23829.1539064693,27318.2131986519,27622.2139662066,27328.8711827565,28026.4812151633,28101.2056808547,26086.5023688229,27533.1673662167,26068.7669253362,25214.8951061927,26529.5423989861,28216.9717899122,23956.5360392149,26045.4660374584,26118.2146982255,27009.8818771797,24646.3456121572,29334.976621327
26646.9975848631,13379.6819132183,7453.78151106538,4678.4886990245,1e+09,4825.23918161577,29425.7043115012,38394.2169763091,24539.6537237631,23008.9610514186,18803.9760074751,28826.2106580608,30078.4996670063,27641.6199903045,29190.847414575,26247.6637098028,20194.5041062785,18962.7665812297,30236.0534230825,29098.8708356854,28082.2437109235,30389.6603014594,28667.2257254343,23255.9428402204,18799.4547984297,14275.4423084856,14729.7923607022,24637.6141538908,29237.6777639213,23670.7170152469,22329.4972428938,27879.912452072,35462.6750887507,35661.7455266662,28309.9219711023,32432.5919885368,27180.4035065541,30550.9077361197,30800.5479208504,30533.112559708,31311.4399446177,31256.8914879871,29215.1283937364,30632.1360422645,29225.1013497336,28458.5853879352,29886.8312340385,31423.7038460491,27096.8069681817,29173.5744948489,29436.4836919375,30203.6981991891,27891.5562155574,32518.2833017689
28361.527551345,16525.4457310628,9240.46053765179,7660.97792691638,4825.23918161577,1e+09,31015.9536783556,40921.6066228844,27033.4008781211,25390.2926130815,21092.9146168542,30515.0143070571,31894.5902469667,29767.3289239764,30971.4804499882,28821.3527928913,22331.8514765458,21188.9387390025,32484.0251477384,31056.1644282339,30221.3262327202,32571.0235998579,30493.3305843983,25459.0801324871,21525.0892083215,16999.0943361316,17303.3714348678,26634.2872669159,31245.5734058522,25884.4150594388,24747.5868699516,29932.1556636604,37596.1917955383,37987.2053132802,30473.5779718743,34469.1412294316,29317.4167562304,32649.1652371527,32796.0916396024,32470.5862792251,33163.2996660344,33595.536928485,31334.7078868353,32860.0871102771,31117.9471942672,30401.2408863717,31918.9338805465,33743.9004478172,29210.628892499,31248.4140371108,31732.5599402522,32053.4306577018,30053.1141882268,34710.7387031723
6612.67586754409,22997.1812553669,23020.070502177,26666.7193524475,29425.7043115012,31015.9536783556,1e+09,12897.6308264813,10252.0551616786,9534.70027457602,12384.8784548981,5521.31502464766,5886.97989622863,6576.82498889092,5536.0029442279,9344.27590722791,12729.8340807255,12956.2599118148,6757.08103380446,5752.19168547085,6839.03335982506,6654.74658800769,6490.59730318405,9995.47162863764,13510.35748671,16493.6595326143,15934.4235889944,6390.71986024266,6777.81199557792,9406.84943856337,10100.1643510935,6424.5384371097,9012.88380272374,9951.85652756309,7858.85556756199,7055.7604035568,7557.01737862234,6875.30101879183,6586.52561184575,5707.00544535398,6728.99829082309,7883.65815089036,6099.14327127999,6667.8539415992,5480.48377938481,5784.29799494286,6376.82891768315,7786.06453838523,7170.18944674407,6466.78545530931,7766.10801231865,5282.73730219476,5998.59927787313,6907.10532253563
14656.7264141963,29001.2752902558,32340.4181417031,35281.5103146421,38394.2169763091,40921.6066228844,12897.6308264813,1e+09,14803.4558935372,15908.042238522,20271.6739322632,12487.1659637405,11141.3654826866,11871.8531676609,11780.7188152464,12680.589851115,19742.5638609123,20580.7581387494,9237.76457966969,11036.0336409781,11386.9235498092,8881.90870867293,12186.1986148142,16264.8940370511,19975.3080944625,24335.1609102755,23972.8284552136,14861.2592081055,11161.0346630946,15888.7498060105,16428.3011398592,11890.1383771805,5638.99229029443,4218.28990208117,11658.1830854555,8242.35263192494,12552.7932569767,9550.07921309556,9649.4343516343,9930.60836935482,10087.0827118399,7881.41994601861,10208.2430107438,8451.8488053029,11009.5869754092,11558.8031569752,10192.1193614773,7563.02244958324,12492.1197947586,10581.281638365,9830.808153565,10527.2245634165,11495.499806459,7477.9256933056
8518.63870563249,16048.878173402,18323.2688295921,21140.8479986613,24539.6537237631,27033.4008781211,10252.0551616786,14803.4558935372,1e+09,2826.48949223237,6402.58475221531,7540.49700117307,8286.93069977661,6068.98002995561,8027.41599880061,4543.31399045895,6503.35126244154,7866.97048443681,7825.91157688994,6902.55449220794,5464.2093209082,7087.55375238171,6805.88022840543,4164.32833446163,6318.34361332145,10793.0408567697,10461.8253467834,5667.56884208741,7563.88199482911,4871.9026998802,3611.48023488984,5833.89877140493,12058.3549988338,12344.3000642847,6017.61943847399,9688.59265966425,5344.93313800089,8058.51772234199,8330.40670023979,7971.84724833586,9041.25518330281,8270.92246270028,6709.83479532097,7614.5632248475,6968.38863676532,6237.12073986066,6829.84327184014,7793.69900026938,5599.39966688394,7014.34078428615,6333.2192972216,8166.12243487079,6147.19082705263,9896.21325326511
7390.30568489559,15198.1260724341,16754.4034192388,19675.0746940641,23008.9610514186,25390.2926130815,9534.70027457602,15908.042238522,2826.48949223237,1e+09,4602.10872474782,7453.6630443427,8358.92150263418,5567.26809482892,7699.35869528755,5151.98049173325,5228.7623777525,5926.34817621273,8427.70466083144,6880.37883467182,5662.28836851321,7766.43272129489,6937.45034517005,3000.37241743421,4897.86235320063,9120.04303929537,8721.07429327947,4093.96959682165,7307.99239730037,3060.72595826546,2192.027262627,5770.67400618853,12839.2493003602,13151.5502675616,5951.65064297292,9987.9761250015,5098.72093668598,8225.70875805848,8555.00865692724,8235.47598688139,9212.71706560557,8807.42435721704,6805.76803474817,8240.87462158599,7098.96797494537,6304.86097811046,7333.56974628318,8700.82266779987,5228.81820131471,7012.3020508532,6852.89787749679,8159.93905984598,5925.6563924767,10461.0140835963
10338.1103787104,12808.6005134129,12399.708293964,15377.9641861269,18803.9760074751,21092.9146168542,12384.8784548981,20271.6739322632,6402.58475221531,4602.10872474782,1e+09,10959.8828928141,11996.9977773025,9550.67191913218,11498.7601997911,8649.37535223209,5116.80462798806,4799.46042053688,12476.0050375751,10782.2525028308,9776.75468174384,12067.4995007748,10627.7134764962,5771.47852470231,3260.81706541474,5492.70746595884,5163.2096419669,7197.57966008713,11366.9439387462,6120.56132824433,4575.96594177667,9617.87311866298,16961.8906464462,17486.1549307559,10045.7627500852,14137.4219801136,9040.29141028098,12314.6088618031,12662.4035384006,12270.1351344678,13136.846489196,13115.7980004764,11053.4226045149,12446.0918114844,11020.3082763097,10130.5860253344,11327.8940902888,13045.8438749703,9234.17748593777,11151.8448770237,11087.4495610758,12035.5352291703,9691.15073090394,14353.1051834786
4645.98859014957,21049.8128699568,22270.5820693668,25684.4738700328,28826.2106580608,30515.0143070571,5521.31502464766,12487.1659637405,7540.49700117307,7453.6630443427,10959.8828928141,1e+09,2962.83598148801,4089.06171473359,2782.32875704867,7291.36106656364,9944.06393232666,10842.329628115,5647.48688899762,3105.25360944964,3889.21450719808,4552.14386429076,2109.43603233186,6856.56182208693,11598.4136599666,15343.5459389152,14768.2509912684,5284.9311402988,4061.64654995976,6817.67521994118,8123.28942723944,3258.77539206064,8316.92696514764,9060.90028553455,4819.32442396235,5233.3683360719,4374.1088896597,4294.58818209616,3741.27935133157,3294.02447934134,3663.65455447153,6237.37240602964,3773.61941811837,5201.71692883225,2288.02221298221,3179.48406536344,4182.04392576166,6216.21849780878,4231.23267968095,3762.84456984341,5263.922557846,2971.25011118216,4543.53688706277,6834.15198563801
6229.96269849186,22242.458527474,23492.6957186356,26829.5356295744,30078.4996670063,31894.5902469667,5886.97989622863,11141.3654826866,8286.93069977661,8358.92150263418,11996.9977773025,2962.83598148801,1e+09,3836.85813958504,3669.08746236718,7257.40312467207,11296.4121446767,12022.0102883877,5820.47765149906,2117.21767095403,3675.98219658366,4100.76784517241,2546.92183549083,7754.51088049401,12507.5323397183,16393.8584405868,15911.0051371401,6582.65617299734,4608.2426561977,7796.4412513146,9139.76949758034,3498.37575639039,6717.73423488902,7649.63191225565,4484.49819567363,4327.60962465424,4276.21351964562,3034.31207089844,2901.71900174707,2470.04756527076,2327.54288551253,5601.51271516008,3849.78695615744,4466.72662312123,2728.04378760679,3235.40372230422,3529.52031106211,5452.93879504438,4932.10892381748,3762.99813335059,4387.87088383421,2419.12031966167,3765.12094720741,5155.10379571547
5217.29709017035,19558.8383417191,21335.508479352,24407.097372791,27641.6199903045,29767.3289239764,6576.82498889092,11871.8531676609,6068.98002995561,5567.26809482892,9550.67191913218,4089.06171473359,3836.85813958504,1e+09,3634.83797908518,4835.50966379967,8916.46781239634,9387.85150973321,5448.27239325458,2431.20693374711,2103.93158037518,4047.64434940868,3458.33101009721,5368.19608829633,9678.52928620873,13667.6538079621,13237.6809592315,4191.11091707199,3437.11701710896,4905.32633906247,6307.89122220731,2093.83003474494,8296.31054374774,8620.49502518852,2579.96439314577,5156.55360810881,1791.0266006679,3283.37754540961,3629.86642002154,3695.47312941117,4247.32531803252,4658.19665097986,2569.07156025285,4242.36081862446,3101.99380302411,2720.65336050001,3645.00370069771,5102.00683133608,2344.48028140567,2500.63721949026,2999.63422998538,3494.871562032,2052.36939433427,6124.87667839117
4135.99382075215,20982.463612629,22828.8252611934,26141.4429233946,29190.847414575,30971.4804499882,5536.0029442279,11780.7188152464,8027.41599880061,7699.35869528755,11498.7601997911,2782.32875704867,3669.08746236718,3634.83797908518,1e+09,7491.62667164482,10149.5878312619,11034.698977172,5533.61610666118,3171.3862505693,3568.19351455327,4148.63851538068,3143.25632581882,7093.18612087685,11874.9970028712,15506.2255402887,15087.4038343447,4994.05754011705,2700.27074003701,6600.56624661097,8313.52349933529,3936.66184316103,8167.66367001605,8377.76704719701,4212.86892436734,4637.36373021354,4190.19124435866,4022.14905244696,2963.55823745713,3004.72194640369,3391.9967697803,5213.97887598329,2802.40895375746,4649.63281343807,2337.33894841976,3368.51643124982,4182.36960601284,5636.20852884277,3334.31626806756,2471.85133309024,4682.38413455154,2568.72341409113,4461.43118924858,6611.20542492063
8022.36063344201,17641.4165030759,20299.1173537718,23090.0465992947,26247.6637098028,28821.3527928913,9344.27590722791,12680.589851115,4543.31399045895,5151.98049173325,8649.37535223209,7291.36106656364,7257.40312467207,4835.50966379967,7491.62667164482,1e+09,8591.21180514135,9062.89294014334,5739.56841954167,6108.49452141852,4912.92689296309,5809.59935776986,6467.91442257085,5749.66552946343,7993.03134269471,12236.6242077952,11845.6029119965,6188.93059656513,6884.61150658481,6281.17770608347,4968.02951759548,4792.62535526198,10221.5594869276,10209.9701019347,5742.94507589965,8238.72091837076,4904.09439079225,6395.58952328869,7030.99700120118,6989.09375905775,7958.5746585868,6381.50926841762,5635.34613252815,5665.77235408378,6242.82155694843,5658.37561504183,6301.1713659922,6238.67981516122,5284.25191950573,5942.59535950413,4874.8191996832,7234.09942028723,4729.36756633485,7804.8192615076
8452.5021196803,11865.3246799319,14306.7767350581,17043.988205159,20194.5041062785,22331.8514765458,12729.8340807255,19742.5638609123,6503.35126244154,5228.7623777525,5116.80462798806,9944.06393232666,11296.4121446767,8916.46781239634,10149.5878312619,8591.21180514135,1e+09,3064.16183660394,11837.0561027225,10296.0229064528,9114.51273114477,11451.291028168,9436.77546429393,4093.12178307707,4356.28644153481,7063.83821594181,6725.13735155647,6825.20040288196,10130.3973507361,5088.96135489355,4818.57766133327,9161.78602364736,16676.6440423306,16712.9523983287,9254.10872502587,13444.2029811142,8110.56848224587,11574.8711213128,11553.7538917834,11507.0753632754,12130.1844486842,12483.5316119318,10252.3897331208,11927.3231304556,10191.5495344967,9730.13011016297,11182.8364549071,12648.3416966929,7970.85379035395,10057.6354318199,10622.1186657841,11377.3178860573,9805.0017640029,14474.4354025157
8862.58423462931,11767.2853322378,13254.8151577191,15923.014468608,18962.7665812297,21188.9387390025,12956.2599118148,20580.7581387494,7866.97048443681,5926.34817621273,4799.46042053688,10842.329628115,12022.0102883877,9387.85150973321,11034.698977172,9062.89294014334,3064.16183660394,1e+09,12562.9852105262,11058.0665683337,9983.52960576068,12456.8250362803,10492.8742861239,5097.9582813907,3893.13177817037,5660.59632612148,5139.93878191171,7198.64232921737,10926.5816865065,5655.71200563643,5361.97927133256,9751.21664547558,17421.1375687037,17429.981233372,10068.0919548095,14150.1725270224,8890.90452244877,12134.9487273453,12323.5080961876,12373.815788333,12955.2845601245,13197.522855324,11082.306926597,12762.2246876397,11157.2446104403,10603.0021069884,12140.8701731589,13560.2060487959,8781.06599487215,10832.4012602516,11419.6840157729,12186.3878697463,10204.8296134036,15015.4647768592
7053.32878701964,21536.5690529063,24156.4269416236,27343.8440549788,30236.0534230825,32484.0251477384,6757.08103380446,9237.76457966969,7825.91157688994,8427.70466083144,12476.0050375751,5647.48688899762,5820.47765149906,5448.27239325458,5533.61610666118,5739.56841954167,11837.0561027225,12562.9852105262,1e+09,5152.55975711102,5003.29157989018,3265.45629053583,5538.64213992022,8766.01513049687,12309.925917206,16404.8606227057,15822.9028127616,7068.01797324398,5432.40707909486,8806.71992060608,8484.17153395074,4929.12970554641,6892.15664008008,6709.8692853736,6276.07915885388,5562.2236898744,6280.41574020383,4689.56965614117,4706.48545703692,4679.60089474519,6057.42443537681,4402.69694508945,4047.95976733959,2801.10275978944,4403.49346747557,4987.86933981836,5135.178884187,3657.30765261825,5693.96803845965,4611.19159658325,4775.22051863576,5257.55419395749,5324.45193800263,5355.36031805517
5921.79486463353,21103.7076840066,22565.2640425633,25827.9995331036,29098.8708356854,31056.1644282339,5752.19168547085,11036.0336409781,6902.55449220794,6880.37883467182,10782.2525028308,3105.25360944964,2117.21767095403,2431.20693374711,3171.3862505693,6108.49452141852,10296.0229064528,11058.0665683337,5152.55975711102,1e+09,2363.48166216707,3213.96400294092,2500.24571514481,6681.6439847316,11257.7267334618,15253.8628086003,14767.1044074084,5333.98451288528,3781.77261220185,6550.1226328978,7699.29137881533,2322.34993876892,6947.28650684568,7816.46990411912,3248.62545785137,4269.18814040796,3024.2629239866,2703.40912804555,2762.2364535825,2145.49013908244,2966.82857885318,4737.15980856673,2586.86219857185,3641.11821089346,1906.97432963845,1899.33698997835,2237.03395950978,4435.50756005443,3606.47318282002,2631.18704823507,3175.16123326045,2092.45122045891,2418.40972928493,4999.3086310809
5712.99391652048,19734.6440946018,21736.0828738759,24832.1700311511,28082.2437109235,30221.3262327202,6839.03335982506,11386.9235498092,5464.2093209082,5662.28836851321,9776.75468174384,3889.21450719808,3675.98219658366,2103.93158037518,3568.19351455327,4912.92689296309,9114.51273114477,9983.52960576068,5003.29157989018,2363.48166216707,1e+09,3213.85698913315,3122.06222623765,5498.40415830812,9972.26219297808,14076.2372643118,13743.0560748219,4594.70962606997,3346.64512621222,5242.52937492962,6407.92604397866,2499.42648387585,7952.61952405621,8189.04170168891,2311.78850235051,5053.86673075181,2269.80983207845,3358.7941505844,3322.35757697753,3273.82489679885,4152.08831896673,4330.3859997349,2210.07415092797,3664.15802624559,2626.48291201371,2495.54498270418,3007.6553395627,4416.2872053004,2346.48419474754,2244.18282744522,2525.82046658111,3407.95299075559,2541.82148057254,5890.13742265832
6952.4850135617,21659.7412420093,24078.668185695,27237.5033930608,30389.6603014594,32571.0235998579,6654.74658800769,8881.90870867293,7087.55375238171,7766.43272129489,12067.4995007748,4552.14386429076,4100.76784517241,4047.64434940868,4148.63851538068,5809.59935776986,11451.291028168,12456.8250362803,3265.45629053583,3213.96400294092,3213.85698913315,1e+09,4132.45490636014,7980.88633400451,12183.8826269995,16399.771184294,15986.079822261,6557.82255512453,3812.12558200802,7793.08461673553,8447.06561634868,3984.33769875245,5911.91182879109,5950.53114632635,4122.51729063688,3671.49275570578,4689.46430853248,3108.78782238351,3031.961956605,2682.85980246825,3884.63683691282,2990.81615946216,2165.5921479817,1801.58533045204,2829.69876607034,3488.83285430816,2896.51704990666,2244.73932078983,4513.21704011673,3018.51884502979,2810.64114333367,3222.48619832576,3966.88190105277,4395.12930310361
5161.13367479472,20470.1835958034,22127.9579858536,25436.1673817873,28667.2257254343,30493.3305843983,6490.59730318405,12186.1986148142,6805.88022840543,6937.45034517005,10627.7134764962,2109.43603233186,2546.92183549083,3458.33101009721,3143.25632581882,6467.91442257085,9436.77546429393,10492.8742861239,5538.64213992022,2500.24571514481,3122.06222623765,4132.45490636014,1e+09,6105.89066854296,11007.3724164852,14987.2385546137,14485.5116423204,5419.60006932246,4053.16156062154,6429.91273109519,7591.08273495949,2880.83208937973,8174.07469218994,8820.72903880966,4045.02728419723,5343.39388311399,3531.08459766967,3668.9218903787,3358.42283734493,3213.0693108615,3487.60657236449,5900.2721670445,3578.17439361192,4688.2461907626,2109.57775803595,2689.9323320857,3738.34438711845,5720.18629282299,3801.01296489502,3471.10948846331,4308.18304992952,3064.71901437962,4039.49604322123,6580.1204078117
6300.10591110181,14812.5937288815,17013.5404650796,19964.9462928729,23255.9428402204,25459.0801324871,9995.47162863764,16264.8940370511,4164.32833446163,3000.37241743421,5771.47852470231,6856.56182208693,7754.51088049401,5368.19608829633,7093.18612087685,5749.66552946343,4093.12178307707,5097.9582813907,8766.01513049687,6681.6439847316,5498.40415830812,7980.88633400451,6105.89066854296,1e+09,5376.6462138214,9428.05850776818,9045.11581985549,4354.06223226081,7032.58855572399,2733.70346937995,3357.91330474746,5624.54983268884,13112.3987667741,13199.7938614548,5815.95185183818,9955.52705810697,4677.42797741451,7918.65743354895,8062.09960280819,8066.45741684663,8638.3728185579,9086.13453805302,6863.28594354774,8477.18251493974,6878.29314927766,6323.49244620408,7663.59914552555,9166.75534761346,4754.01559720832,6660.52079114689,6954.77877477781,7970.44033391506,6185.6961170106,10767.689385885
10450.6786646466,11050.999362949,12956.3944835012,15514.0623149161,18799.4547984297,21525.0892083215,13510.35748671,19975.3080944625,6318.34361332145,4897.86235320063,3260.81706541474,11598.4136599666,12507.5323397183,9678.52928620873,11874.9970028712,7993.03134269471,4356.28644153481,3893.13177817037,12309.925917206,11257.7267334618,9972.26219297808,12183.8826269995,11007.3724164852,5376.6462138214,1e+09,4923.63201109709,4682.09013913658,7793.01840105617,11598.7018715587,6215.88322616344,4155.42809128013,9921.11745596231,17267.7652312423,17339.0564351553,10230.2674231371,14454.132218819,9151.43025483449,12419.1128155557,12794.4789800679,12690.5614930073,13512.4782921861,13004.0325427923,11221.1541244072,12454.7244688833,11481.7847629365,10697.2214374762,11901.366539003,13028.8648699033,9233.89073228073,11221.785032663,11045.3759354628,12606.7683069096,10036.8766769748,14592.8179322535
13523.671335403,8821.19417973553,8833.55033784265,11274.9173499853,14275.4423084856,16999.0943361316,16493.6595326143,24335.1609102755,10793.0408567697,9120.04303929537,5492.70746595884,15343.5459389152,16393.8584405868,13667.6538079621,15506.2255402887,12236.6242077952,7063.83821594181,5660.59632612148,16404.8606227057,15253.8628086003,14076.2372643118,16399.771184294,14987.2385546137,9428.05850776818,4923.63201109709,1e+09,2023.26044193524,11084.1642010618,15413.9007153997,9895.6419064758,8336.93490030359,13984.8698924123,21490.4072725809,21584.8051975273,14326.0988012927,18490.7226138569,13214.2942899347,16554.7683768031,16828.2893182789,16675.2742431332,17475.8189000258,17157.9078139994,15258.666082453,16619.3061992341,15426.7625133435,14662.5556753146,16009.8429542079,17346.471594405,13148.3015449601,15194.495824811,15307.4248038068,16448.9397577108,13957.2483140732,18626.3202918021
12981.567396062,9231.33893934677,9113.64293088664,11768.1632124006,14729.7923607022,17303.3714348678,15934.4235889944,23972.8284552136,10461.8253467834,8721.07429327947,5163.2096419669,14768.2509912684,15911.0051371401,13237.6809592315,15087.4038343447,11845.6029119965,6725.13735155647,5139.93878191171,15822.9028127616,14767.1044074084,13743.0560748219,15986.079822261,14485.5116423204,9045.11581985549,4682.09013913658,2023.26044193524,1e+09,10623.204169129,15053.1098738865,9682.24089421968,7854.7527065338,13423.3803334034,20995.6995870797,21214.7468193401,14056.8922033321,18081.4794954368,12862.6426057129,16091.3917084291,16409.760444522,16212.4193834295,17063.7015609685,16845.4170622279,14853.0171013737,16181.4177454079,14938.9716020146,14135.0049258357,15574.4387475023,16900.5616862281,12800.8664637008,14802.1031396521,14986.0058502091,16000.6802421991,13580.0268200619,18228.0402663397
4168.23730148609,17161.1655685009,18419.0879957261,21691.794435899,24637.6141538908,26634.2872669159,6390.71986024266,14861.2592081055,5667.56884208741,4093.96959682165,7197.57966008713,5284.9311402988,6582.65617299734,4191.11091707199,4994.05754011705,6188.93059656513,6825.20040288196,7198.64232921737,7068.01797324398,5333.98451288528,4594.70962606997,6557.82255512453,5419.60006932246,4354.06223226081,7793.01840105617,11084.1642010618,10623.204169129,1e+09,5281.20962586224,3628.68539086816,4664.27475944546,4680.75348167365,11536.2490890107,11736.888842828,5374.44741809798,8238.41925503309,4481.99968796295,6814.43382994508,6717.69451545692,6403.82528632692,7393.92526662259,7587.78179659906,5017.764400637,6893.0360161978,5167.18023606686,4759.39796236877,6273.2933250646,7869.55631919615,3572.64619635082,5095.05070858966,6286.1285816391,6016.48815013376,4737.49589741247,9014.10573988901
4944.83492555616,20814.6833060078,23111.1682574378,26148.7167953535,29237.6777639213,31245.5734058522,6777.81199557792,11161.0346630946,7563.88199482911,7307.99239730037,11366.9439387462,4061.64654995976,4608.2426561977,3437.11701710896,2700.27074003701,6884.61150658481,10130.3973507361,10926.5816865065,5432.40707909486,3781.77261220185,3346.64512621222,3812.12558200802,4053.16156062154,7032.58855572399,11598.7018715587,15413.9007153997,15053.1098738865,5281.20962586224,1e+09,6019.79993222366,8114.15071330944,4107.56037960491,7929.29467135634,7673.00718176387,3165.67445805787,3976.23427063849,4026.29078373632,3527.97784908012,3120.83721393795,3553.33445992634,3823.72337936467,4047.69096146186,2242.0614739565,4478.18334585577,3070.10476712115,3852.17137499099,4368.79521330538,5114.23523626945,3081.59573175977,2224.66006117789,4013.96627001274,3308.41373274263,4669.68589644957,6902.08671627646
5927.24759995734,15801.4461511028,17575.2652238878,20402.8905844736,23670.7170152469,25884.4150594388,9406.84943856337,15888.7498060105,4871.9026998802,3060.72595826546,6120.56132824433,6817.67521994118,7796.4412513146,4905.32633906247,6600.56624661097,6281.17770608347,5088.96135489355,5655.71200563643,8806.71992060608,6550.1226328978,5242.52937492962,7793.08461673553,6429.91273109519,2733.70346937995,6215.88322616344,9895.6419064758,9682.24089421968,3628.68539086816,6019.79993222366,1e+09,4075.65455313622,5602.8583874394,12738.5781621577,12750.2472857353,5045.53779674675,9222.1746073906,4342.30011788683,7631.76175875532,7749.11555541018,7773.15000312615,8288.26625378915,8392.87854269916,6272.18917267329,8337.37391451889,6686.68248467803,6212.70905524313,7396.47026564699,8961.53130425264,4161.17999918292,6138.21597432023,6711.25835856436,7543.52694057627,5929.89969592235,10591.2624260378
7538.02424069464,14179.6710467592,16231.0092600152,19166.4847243541,22329.4972428938,24747.5868699516,10100.1643510935,16428.3011398592,3611.48023488984,2192.027262627,4575.96594177667,8123.28942723944,9139.76949758034,6307.89122220731,8313.52349933529,4968.02951759548,4818.57766133327,5361.97927133256,8484.17153395074,7699.29137881533,6407.92604397866,8447.06561634868,7591.08273495949,3357.91330474746,4155.42809128013,8336.93490030359,7854.7527065338,4664.27475944546,8114.15071330944,4075.65455313622,1e+09,6333.99878796957,13569.4437981481,13794.7540474957,7065.46784448843,10863.0659230854,5973.2962450811,8940.14946225733,9202.98508917623,9053.88519321954,10071.7122423449,9409.66811914214,7526.80496871681,8637.05470592841,7732.60366770469,6980.39109680826,8231.44688486174,9267.56852830342,5786.29505681313,7600.51321416521,7540.94414726034,9000.62459844316,6663.86591202134,11024.9386416569
5569.73956745735,19900.5587302593,21422.2141820471,24607.313308094,27879.912452072,29932.1556636604,6424.5384371097,11890.1383771805,5833.89877140493,5770.67400618853,9617.87311866298,3258.77539206064,3498.37575639039,2093.83003474494,3936.66184316103,4792.62535526198,9161.78602364736,9751.21664547558,4929.12970554641,2322.34993876892,2499.42648387585,3984.33769875245,2880.83208937973,5624.54983268884,9921.11745596231,13984.8698924123,13423.3803334034,4680.75348167365,4107.56037960491,5602.8583874394,6333.99878796957,1e+09,7995.75064029013,8776.29857414275,3653.44603111911,5208.12712530138,2644.07920197183,3419.58012783733,3754.74643857611,3635.91998952122,4259.88871333513,5059.7623156429,3076.53507291888,4112.5093038679,2693.13049795215,2160.36941623418,3303.48869831577,4991.20752393647,3185.80166819907,3106.73797223068,3265.06068055404,3552.33059234357,2456.77964294725,5891.55972690594
11403.1011199673,27103.9953486492,29032.9647370364,32177.475666758,35462.6750887507,37596.1917955383,9012.88380272374,5638.99229029443,12058.3549988338,12839.2493003602,16961.8906464462,8316.92696514764,6717.73423488902,8296.31054374774,8167.66367001605,10221.5594869276,16676.6440423306,17421.1375687037,6892.15664008008,6947.28650684568,7952.61952405621,5911.91182879109,8174.07469218994,13112.3987667741,17267.7652312423,21490.4072725809,20995.6995870797,11536.2490890107,7929.29467135634,12738.5781621577,13569.4437981481,7995.75064029013,1e+09,3556.78508352698,8256.0043918593,4437.22508299951,8951.89452318335,5749.06707812668,5934.06953923696,5855.32940601125,5898.46715461738,5549.00787154785,6976.87593064403,5517.3678252134,7113.52003030146,7587.79706561134,6187.82269703973,5025.10115783752,9321.61462804593,7329.5326729881,6749.85064379946,6332.74989482452,7842.45149612671,4209.38300991963
11213.3728573877,26691.1989094196,29561.3234381244,32553.8094964783,35661.7455266662,37987.2053132802,9951.85652756309,4218.28990208117,12344.3000642847,13151.5502675616,17486.1549307559,9060.90028553455,7649.63191225565,8620.49502518852,8377.76704719701,10209.9701019347,16712.9523983287,17429.981233372,6709.8692853736,7816.46990411912,8189.04170168891,5950.53114632635,8820.72903880966,13199.7938614548,17339.0564351553,21584.8051975273,21214.7468193401,11736.888842828,7673.00718176387,12750.2472857353,13794.7540474957,8776.29857414275,3556.78508352698,1e+09,8331.90391824102,4762.14382094871,9324.19939442524,6017.32423068593,6074.84897212268,6496.94041828152,6525.69388812408,4984.48479609478,6989.69416422493,5735.03052845406,7740.53432984442,8516.71310679772,7356.90480229288,5221.41544810409,9269.37638078204,7247.85335614622,7013.11515408096,7142.00790712248,8473.1645753815,5269.9095605143
6412.66084024409,20052.3757838915,22055.1186605377,24948.4995963324,28309.9219711023,30473.5779718743,7858.85556756199,11658.1830854555,6017.61943847399,5951.65064297292,10045.7627500852,4819.32442396235,4484.49819567363,2579.96439314577,4212.86892436734,5742.94507589965,9254.10872502587,10068.0919548095,6276.07915885388,3248.62545785137,2311.78850235051,4122.51729063688,4045.02728419723,5815.95185183818,10230.2674231371,14326.0988012927,14056.8922033321,5374.44741809798,3165.67445805787,5045.53779674675,7065.46784448843,3653.44603111911,8256.0043918593,8331.90391824102,1e+09,4986.50770682248,2251.31563162521,3532.39240453266,3741.26318613112,3790.43083745107,4292.83893644986,4526.65094233032,2980.36808226769,4874.76049681418,3688.70062511177,3722.47908624078,3652.92113177933,5114.78346307055,2800.62755881606,2830.18962654448,3156.70927403839,3948.51778364996,3509.19688178079,6845.78427452984
7860.5425432727,24132.3397898878,26098.4531777268,29204.5765514448,32432.5919885368,34469.1412294316,7055.7604035568,8242.35263192494,9688.59265966425,9987.9761250015,14137.4219801136,5233.3683360719,4327.60962465424,5156.55360810881,4637.36373021354,8238.72091837076,13444.2029811142,14150.1725270224,5562.2236898744,4269.18814040796,5053.86673075181,3671.49275570578,5343.39388311399,9955.52705810697,14454.132218819,18490.7226138569,18081.4794954368,8238.41925503309,3976.23427063849,9222.1746073906,10863.0659230854,5208.12712530138,4437.22508299951,4762.14382094871,4986.50770682248,1e+09,5894.20665178954,2891.23270972781,2792.00152043297,3058.65823071163,2683.414408976,3144.43486774651,3690.52073892019,3955.24489025648,4126.78710203228,4899.60118308623,3987.99093311407,4027.18405796159,5881.59028345226,3891.77172925135,4318.81669870348,3175.741989331,5339.20218484934,4452.52842623155
5802.58108612021,19036.5674674139,20845.815923283,23829.1539064693,27180.4035065541,29317.4167562304,7557.01737862234,12552.7932569767,5344.93313800089,5098.72093668598,9040.29141028098,4374.1088896597,4276.21351964562,1791.0266006679,4190.19124435866,4904.09439079225,8110.56848224587,8890.90452244877,6280.41574020383,3024.2629239866,2269.80983207845,4689.46430853248,3531.08459766967,4677.42797741451,9151.43025483449,13214.2942899347,12862.6426057129,4481.99968796295,4026.29078373632,4342.30011788683,5973.2962450811,2644.07920197183,8951.89452318335,9324.19939442524,2251.31563162521,5894.20665178954,1e+09,4172.44281808631,4318.90984336325,4235.69779116735,4735.04069079665,5380.42686606741,3346.85567594421,5103.65710967146,3586.12067458696,3217.94184600965,3959.70477722772,5753.77550082552,2262.82563473194,3106.28786628026,3548.8627287062,4229.66926430424,2760.29429628437,6992.92871001843
6604.59473946737,22214.8708236397,24231.0139603484,27318.2131986519,30550.9077361197,32649.1652371527,6875.30101879183,9550.07921309556,8058.51772234199,8225.70875805848,12314.6088618031,4294.58818209616,3034.31207089844,3283.37754540961,4022.14905244696,6395.58952328869,11574.8711213128,12134.9487273453,4689.56965614117,2703.40912804555,3358.7941505844,3108.78782238351,3668.9218903787,7918.65743354895,12419.1128155557,16554.7683768031,16091.3917084291,6814.43382994508,3527.97784908012,7631.76175875532,8940.14946225733,3419.58012783733,5749.06707812668,6017.32423068593,3532.39240453266,2891.23270972781,4172.44281808631,1e+09,1636.06374328753,2405.43640670461,2611.26235788363,3414.40173654185,2865.52587714716,3205.09976972637,3078.44334193436,3597.39845128393,3282.85521940886,3810.7644719531,4410.11512935887,2774.34241999794,2895.12687324753,2752.19411470194,3677.46032436789,4578.54532619259
6113.17719353038,22339.4098901717,24459.1668719051,27622.2139662066,30800.5479208504,32796.0916396024,6586.52561184575,9649.4343516343,8330.40670023979,8555.00865692724,12662.4035384006,3741.27935133157,2901.71900174707,3629.86642002154,2963.55823745713,7030.99700120118,11553.7538917834,12323.5080961876,4706.48545703692,2762.2364535825,3322.35757697753,3031.961956605,3358.42283734493,8062.09960280819,12794.4789800679,16828.2893182789,16409.760444522,6717.69451545692,3120.83721393795,7749.11555541018,9202.98508917623,3754.74643857611,5934.06953923696,6074.84897212268,3741.26318613112,2792.00152043297,4318.90984336325,1636.06374328753,1e+09,1803.73875514166,2013.028374266,3554.56547167161,2620.27606070429,3267.74741973733,2590.43827191462,3590.20484574349,3326.35700433673,3985.70694055647,4158.38449969456,2274.50748262124,3374.94096699483,2250.14539230246,4126.7648489101,4859.07231356974
6317.32415732326,22396.5124119292,24079.1294867464,27328.8711827565,30533.112559708,32470.5862792251,5707.00544535398,9930.60836935482,7971.84724833586,8235.47598688139,12270.1351344678,3294.02447934134,2470.04756527076,3695.47312941117,3004.72194640369,6989.09375905775,11507.0753632754,12373.815788333,4679.60089474519,2145.49013908244,3273.82489679885,2682.85980246825,3213.0693108615,8066.45741684663,12690.5614930073,16675.2742431332,16212.4193834295,6403.82528632692,3553.33445992634,7773.15000312615,9053.88519321954,3635.91998952122,5855.32940601125,6496.94041828152,3790.43083745107,3058.65823071163,4235.69779116735,2405.43640670461,1803.73875514166,1e+09,2287.80936683982,4050.69952455129,2533.36746041706,3278.4971519585,2074.71223662464,3048.43095457319,2425.13458890429,3919.59138462162,4357.50275744032,2663.02188659801,3685.71645400185,1470.63834143545,3711.17037108242,4622.56190611873
6740.17356652631,23109.394485211,24808.6984805552,28026.4812151633,31311.4399446177,33163.2996660344,6728.99829082309,10087.0827118399,9041.25518330281,9212.71706560557,13136.846489196,3663.65455447153,2327.54288551253,4247.32531803252,3391.9967697803,7958.5746585868,12130.1844486842,12955.2845601245,6057.42443537681,2966.82857885318,4152.08831896673,3884.63683691282,3487.60657236449,8638.3728185579,13512.4782921861,17475.8189000258,17063.7015609685,7393.92526662259,3823.72337936467,8288.26625378915,10071.7122423449,4259.88871333513,5898.46715461738,6525.69388812408,4292.83893644986,2683.414408976,4735.04069079665,2611.26235788363,2013.028374266,2287.80936683982,1e+09,4575.87352670504,3561.73063702184,4390.25648603815,3065.19797536799,3898.04775958428,3584.5901698939,4962.8261844437,5056.59882099618,3383.33921020344,4182.0007998445,2144.74183362474,4638.48963433142,5128.60092145022
7953.3749249171,22462.5346663973,25180.0475222089,28101.2056808547,31256.8914879871,33595.536928485,7883.65815089036,7881.41994601861,8270.92246270028,8807.42435721704,13115.7980004764,6237.37240602964,5601.51271516008,4658.19665097986,5213.97887598329,6381.50926841762,12483.5316119318,13197.522855324,4402.69694508945,4737.15980856673,4330.3859997349,2990.81615946216,5900.2721670445,9086.13453805302,13004.0325427923,17157.9078139994,16845.4170622279,7587.78179659906,4047.69096146186,8392.87854269916,9409.66811914214,5059.7623156429,5549.00787154785,4984.48479609478,4526.65094233032,3144.43486774651,5380.42686606741,3414.40173654185,3554.56547167161,4050.69952455129,4575.87352670504,1e+09,3036.19760287436,2680.44467974999,4471.10467799626,4839.99026143648,4060.41201644611,2535.16510515588,4979.82271548898,3396.68401319581,2991.48748974486,4342.4764697693,4780.86705767897,4480.74915790875
5486.11767176024,20745.6140643944,22965.8442788154,26086.5023688229,29215.1283937364,31334.7078868353,6099.14327127999,10208.2430107438,6709.83479532097,6805.76803474817,11053.4226045149,3773.61941811837,3849.78695615744,2569.07156025285,2802.40895375746,5635.34613252815,10252.3897331208,11082.306926597,4047.95976733959,2586.86219857185,2210.07415092797,2165.5921479817,3578.17439361192,6863.28594354774,11221.1541244072,15258.666082453,14853.0171013737,5017.764400637,2242.0614739565,6272.18917267329,7526.80496871681,3076.53507291888,6976.87593064403,6989.69416422493,2980.36808226769,3690.52073892019,3346.85567594421,2865.52587714716,2620.27606070429,2533.36746041706,3561.73063702184,3036.19760287436,1e+09,2728.39636513832,2076.93051186119,2650.18073762904,2889.43357061553,3515.62637714817,2736.30872622224,1329.03555648448,2708.01147582502,2557.45942990304,3146.93816960232,5246.32812385958
7241.83017652996,21903.7084753998,24378.2971925051,27533.1673662167,30632.1360422645,32860.0871102771,6667.8539415992,8451.8488053029,7614.5632248475,8240.87462158599,12446.0918114844,5201.71692883225,4466.72662312123,4242.36081862446,4649.63281343807,5665.77235408378,11927.3231304556,12762.2246876397,2801.10275978944,3641.11821089346,3664.15802624559,1801.58533045204,4688.2461907626,8477.18251493974,12454.7244688833,16619.3061992341,16181.4177454079,6893.0360161978,4478.18334585577,8337.37391451889,8637.05470592841,4112.5093038679,5517.3678252134,5735.03052845406,4874.76049681418,3955.24489025648,5103.65710967146,3205.09976972637,3267.74741973733,3278.4971519585,4390.25648603815,2680.44467974999,2728.39636513832,1e+09,3330.54779854606,3646.76817774314,3239.29601137346,1970.18599710789,4850.62989514764,3332.01478854761,2731.23351284726,3638.19183932074,3961.75613436769,3637.24645490239
