1e+09,5981.44258430188,6662.77273853761,6726.8175206185,6718.27313908864,5456.48438969635,3334.68605313904,4914.05108643571,4727.29415367819,5339.15181244175,4438.30787903453,4175.59961343278,4321.47621098393,3663.48875922938,4985.34611089341,4830.17278748908,5225.08678673379,4697.9329650922,3710.97334115997,4426.85256806684,3432.90639390299,4462.78698888934,4113.1627127917,4927.05724351768,5495.67878409028,5138.6529678117,4246.88301086809,3909.49686957286,4638.75358094176,4722.40335636421,4771.81245126,4789.73526785145,4061.15359378342,4450.8359528857,4097.24121399998,4866.91681268542,4903.00235336472,4501.49070363363,4199.25136181439,3939.46332950314,3915.07117600689,4105.43679652969,3665.9968717117,4109.34417203037,4009.84219385252,4806.82893385026,4209.29939111012,4054.03400757813,4245.13289557583,4814.81506476625,4026.5018005584,4236.03462202565,4182.24819808677,4461.1405306715
5981.44258430188,1e+09,1897.59705029809,2256.87129668486,2412.56066354817,3115.16961109664,5185.75592714312,4757.96344040179,3781.99851135613,2846.3104834856,4065.01049108117,4833.40143323519,4551.66859068188,4906.32499809175,3902.94614724569,4851.06183404211,3499.62752275153,3526.46032979247,4616.5098027081,4586.1906716904,4515.44566633239,5093.45735524506,4755.74148662435,2759.57095552914,2416.12926814771,2245.85958343348,3631.1549118841,4744.57711644568,4559.02198525079,3534.7610110586,3959.04992692691,4685.44101121762,5112.50921303815,4993.24685528365,4507.48657158288,5117.25280791364,4867.3519641382,4902.29010483876,4789.1408375407,4927.71618754571,4344.82139180657,5126.56194412981,4391.72540861789,4773.55804758882,4737.43009291958,4897.04490790109,4815.02264743376,4897.70947350902,5179.86760823093,4990.31592504923,4857.84285956226,4055.8811396662,4213.13000783266,4145.73480634013
6662.77273853761,1897.59705029809,1e+09,2084.20287196328,2500.88655492407,3522.49535749872,5769.64034189307,5084.95572286525,3744.57045005165,3134.3051840719,4220.35489859562,4970.00403819756,4645.09571114525,5535.92145793273,4540.67412979615,4855.98470701875,3656.52552436052,4096.97950369537,4854.5022510861,5124.17261368116,5254.37973293709,5268.49467753361,4816.21358030352,3274.56302979497,3021.51006950167,3137.96010092544,4163.81736196486,5396.52932681738,5209.44517785724,4281.09965618648,4223.7378057119,4756.65463794672,5514.11993165727,5444.31358366691,5275.09094832497,5512.67640514116,5355.96367619311,5321.72756344216,5288.44741969701,5461.10568853048,4816.54206756258,5801.22697550268,4986.92756297903,5178.70391057454,4948.85974547673,5098.15407539827,5397.65696583249,5203.03021890129,5857.42817380632,5821.66287985658,5350.46431135654,4525.2337335435,4883.34696172615,4610.54178104916
6726.8175206185,2256.87129668486,2084.20287196328,1e+09,2060.3292933655,3627.85923771858,6006.10472760008,5468.01738819474,4546.87873875035,3724.67620394042,4954.40081842396,5451.63911329428,5524.35946344913,5986.84029141416,4840.18394258937,5373.12250356345,4398.43065469947,4678.10976380418,5454.4230233912,5554.33139415538,5763.36351822441,5897.99952138859,5469.3717183055,3917.23093666942,3296.43133876621,3523.10636034452,4447.88605394743,5910.66314686432,5565.98596510987,4817.96418717491,4999.89639453659,5567.44762303158,6011.96274143478,6101.02874782606,5769.4047226902,5845.58751186739,5872.23780111126,5849.69965452928,5734.97507856835,6065.3274778696,5335.73409154729,6114.84007480163,5289.21736999908,5691.10481919812,5431.10172805666,5509.89983420752,5843.77652905208,5698.09910467517,6200.53808071525,6227.08371003634,5741.71023617528,4819.39635949358,5109.799359652,5045.43765597198
6718.27313908864,2412.56066354817,2500.88655492407,2060.3292933655,1e+09,3821.53323348103,6133.81369267114,5830.28930660392,4737.08479782661,3820.67805344811,5066.01513652496,5681.54348946657,5523.83190733571,6089.0640243801,4903.31252002154,5888.45707132183,4936.06476048482,4614.91919882678,5494.75603631317,5871.13343379283,5546.42505550197,6077.71257652087,5757.47049917757,4356.68881699164,3661.52548333342,3723.33569031856,5000.85488409732,5927.27020271558,5979.31010288813,4783.07986274534,5219.26030446844,5719.21780560069,6173.99255682253,6052.90258622258,5928.44458593483,6318.84331525953,6087.81667449834,6167.50315496474,5962.60353053094,6190.42979457,5593.22992556179,6155.96394769333,5467.96543549792,5754.22608394908,5648.95113117471,5901.78385484423,6045.36838602909,5955.04222779318,6332.90384573301,6573.34104352574,5992.89932853039,5203.0970209482,5453.15057923399,5131.34363012262
5456.48438969635,3115.16961109664,3522.49535749872,3627.85923771858,3821.53323348103,1e+09,3914.67270631914,4737.84094793187,3065.64016127138,3111.38736930971,3452.23221488648,4198.24854687047,4122.77292259712,4063.19878876237,4319.58830809141,3819.24759469716,2920.57835928091,3163.87111831377,3650.26644038487,4161.65126703332,4092.6324499642,4509.09018501515,3919.51252021218,2986.13473307887,2795.59885575524,2616.34298600164,2502.6225144436,3833.3310586486,4314.94663694698,3436.26205182317,3448.16015712728,3807.26211675792,4630.87263587545,4591.96536314245,4207.82279454589,4692.03404382364,4106.43306643369,4142.18200820534,4381.24107952302,4557.19079742115,3987.52812153093,4669.89079650692,3760.70796741784,4274.90196025593,3916.7819082507,3859.47300437508,3968.99655167399,4190.72051611653,4440.10214273275,4689.84621870483,4334.01177710675,3972.1701766163,4110.21811117123,3780.56296186163
3334.68605313904,5185.75592714312,5769.64034189307,6006.10472760008,6133.81369267114,3914.67270631914,1e+09,4053.37688012107,3568.15233021238,4006.13040315714,3286.40483533298,3413.14935224054,3653.59439181472,2324.28461084266,4161.24264212026,3354.79160088969,3455.3164800782,3859.00049954648,2715.31098944486,3304.61102558229,3230.81301125584,3655.86870781761,3246.89856350641,3405.27546781461,4054.02854737112,4077.18934990761,3022.30481583179,2580.46658521284,3354.59480156695,3495.99831473072,3766.12787908217,3933.72118654843,3718.59648820627,3357.49614226137,2884.96596539717,3249.89351194774,3746.85083155174,3295.24832033946,3572.28947008778,2904.3837726616,2978.58592946385,3869.11405643463,2981.9457564483,3656.92062560838,3460.4167012659,3650.11473801852,3333.40320333439,3420.65561683722,3572.48984128717,4046.02238964393,3601.57851202775,3448.73665695135,3624.69624285953,3586.60938698376
4914.05108643571,4757.96344040179,5084.95572286525,5468.01738819474,5830.28930660392,4737.84094793187,4053.37688012107,1e+09,3219.05116680366,3121.04712543723,3149.52110807342,3884.53889224963,4205.8264688168,3436.32490915804,3574.85806284669,2908.18133707305,3280.44469119661,3338.03071019426,3595.92868823896,3099.50045363765,3104.52100334335,3149.86221855814,3445.84020154737,3128.46051098619,3697.26718001283,3949.24224616571,3309.75395253182,2935.63681617805,2940.78331048039,2990.44572117603,3325.09082797749,3742.01014325189,3397.10052459447,2924.49897804735,2628.43624811408,3520.4173480569,3989.80005631861,3282.16699709201,2825.51231213032,3266.31662497683,2878.38334964264,3486.01285356208,3189.87374754864,3025.95649362313,3265.67901531979,3661.87642462167,3570.8744525256,2812.01072190346,3225.40193616238,3741.61026623565,3593.68519773227,3403.58064680419,3603.16357295919,3463.24620627815
4727.29415367819,3781.99851135613,3744.57045005165,4546.87873875035,4737.08479782661,3065.64016127138,3568.15233021238,3219.05116680366,1e+09,1881.11965273345,2381.25995592669,3303.97764095037,3140.8502489135,3087.72903490575,4200.02225553627,2620.31989474568,2465.61592363855,2317.4137038302,2312.13014932118,3370.59829855176,3112.04770170703,2683.1397925192,2505.02327496173,2101.15699972658,2975.5868964122,3002.21985883779,2330.59134779137,2449.65447906434,2869.51641945119,2277.14987798344,2268.9470974441,2716.2642564191,3639.77307197853,2746.90309903717,3031.96174126588,3813.21585006671,3183.44817430722,2872.85688997903,3386.8575156478,3302.7686041108,2562.96342576323,3490.57520189725,2697.86114824318,2979.65412439095,2463.00625098679,2914.22394220142,3154.07122031193,2727.58477547445,3432.55841621086,3808.14135269425,3257.19240007403,3306.48248593577,3657.40868829285,3147.6333927254
5339.15181244175,2846.3104834856,3134.3051840719,3724.67620394042,3820.67805344811,3111.38736930971,4006.13040315714,3121.04712543723,1881.11965273345,1e+09,3072.56094803667,3708.53994032692,3637.04802987258,3626.38961733292,3805.01646893939,3313.51354675064,2557.89472359595,2551.97479348837,3059.45763652645,3321.14178494385,3388.04877172688,3273.62515198365,3239.78602886055,1684.83235646755,1947.54307351596,2562.9597067258,2776.70898088006,2937.71934117267,2936.46787515205,1977.86868100488,3092.11956051185,3517.59775119328,3916.58849421279,3055.83112036644,3278.31764245016,4045.43138272051,3643.52162606454,3391.29725355947,3698.19772724499,3660.5308016188,3063.83435950771,4124.01538108189,3188.55715189488,3389.05849074636,3304.15142596401,3682.81100158561,3686.73000181733,3554.87639297065,4087.04350522477,3974.01393175716,3880.77099028015,3358.05942197276,3756.74244189031,3393.16705920885
4438.30787903453,4065.01049108117,4220.35489859562,4954.40081842396,5066.01513652496,3452.23221488648,3286.40483533298,3149.52110807342,2381.25995592669,3072.56094803667,1e+09,2729.60624394802,2983.71362265215,2799.26132025933,3218.70462725302,2463.71606572267,2687.63425707443,2451.33796625435,2515.4685035794,3143.51709953994,2660.7570046887,2550.7500792708,2287.26535010698,2649.38117099069,3405.77428521034,3476.16900919676,2734.86084086558,2784.19824166671,3384.19402641161,3083.24112753122,2192.41667438012,2716.6336871945,2872.89863904037,3174.76041357454,2659.72347964972,3403.01930524938,3393.94080222387,2768.3309436554,2863.36217538054,2608.71253747898,2197.70423144244,3181.12117442892,2797.68897436795,2580.00227063854,2740.86208950761,2784.34271453785,3124.99295274405,2388.1291826658,3216.91393220273,4001.20759666379,2750.78431898977,2902.17745554954,3123.05513404743,2755.17049474257
4175.59961343278,4833.40143323519,4970.00403819756,5451.63911329428,5681.54348946657,4198.24854687047,3413.14935224054,3884.53889224963,3303.97764095037,3708.53994032692,2729.60624394802,1e+09,2702.19462529996,2930.18719639207,3317.34307747933,3386.8677994129,3186.33541602261,3416.93612193731,2153.42659649685,2482.53635721614,2902.1819448477,2030.72244196493,2094.98654487326,3202.3325386037,3722.1632439752,4119.8177390875,3439.35222969384,3162.03250971586,3662.45121652153,3846.79546696988,2960.47398737094,2741.19096459915,1897.04658788339,2989.3788172796,3255.12786320292,3438.62932289888,2864.26969072397,2225.8951088944,2764.98154948636,2097.78648913563,2474.7455517487,3616.13458524431,2328.68891883394,2786.92166217495,2605.87251965633,3426.97483469021,3444.02030579089,2716.09538656138,3505.92103904238,3558.09878159671,2714.55833018928,2204.41909021402,2418.3291003294,2372.59035096664
4321.47621098393,4551.66859068188,4645.09571114525,5524.35946344913,5523.83190733571,4122.77292259712,3653.59439181472,4205.8264688168,3140.8502489135,3637.04802987258,2983.71362265215,2702.19462529996,1e+09,3036.95166851565,3514.99175169729,3395.80076198531,2779.49851189023,3108.50488521411,1770.40019026773,3024.73140081892,2943.84221224576,2826.12571770967,2470.06339914586,3146.26360844097,3905.75727535647,3346.1744206631,3042.38434151571,2995.01223050925,3424.85323802349,3095.29691013641,2661.36692432667,2289.30860073517,2549.15796658426,3246.59019729931,3096.95146232549,3792.82831911754,3341.51681127,2858.23334477785,2778.91165019689,2688.06874089931,2625.87294500324,3562.46786823404,2750.08196545121,2535.8815412988,2365.30857769129,3417.73594363286,3057.01069819849,2837.71053152008,3719.77548696154,3779.92902361936,2810.26929225653,2673.59478812703,3066.26768911326,2689.31585785307
3663.48875922938,4906.32499809175,5535.92145793273,5986.84029141416,6089.0640243801,4063.19878876237,2324.28461084266,3436.32490915804,3087.72903490575,3626.38961733292,2799.26132025933,2930.18719639207,3036.95166851565,1e+09,3475.33475530056,2896.22286286812,2924.22205950574,3261.10989046674,2468.65838110501,2670.6553524182,2382.95370213103,2760.14786158278,2794.58210111995,2872.89435000663,3692.60146112466,3517.55199765405,2792.74347106926,1846.26643386051,2652.38192413913,2936.69048597226,2880.33795846946,3048.16867212102,2781.62372223491,2658.02013752718,2047.02592301612,2530.88361822507,2903.64401655919,2026.94257636964,2529.46975488935,1693.47901383513,1563.27884013058,2525.51135889348,2048.53386030107,2483.53326005512,2558.5477424117,2864.20368757182,2063.4974872289,1985.84551911774,2436.67884049171,2851.50649438152,2289.37230661594,2425.7696191106,2839.82580099555,2334.41960345607
4985.34611089341,3902.94614724569,4540.67412979615,4840.18394258937,4903.31252002154,4319.58830809141,4161.24264212026,3574.85806284669,4200.02225553627,3805.01646893939,3218.70462725302,3317.34307747933,3514.99175169729,3475.33475530056,1e+09,3637.00007385207,3307.0194083041,3259.44492217617,3574.31263551469,3423.95252560546,2985.06335807132,3686.08255751279,4103.62203355767,3182.77670930589,3347.72501312458,3030.14411835477,3783.69579279307,3901.1166509347,4023.32441263441,3480.44479539613,3276.17785246772,3176.07955002705,3093.47069213529,3680.37612198808,2860.96172027869,2870.13013586492,3991.96459231542,3544.94218662308,2531.36638879084,2828.98293252186,2721.13678741073,3314.25817776769,2875.67421409311,2982.11475580669,3447.79086004357,3668.71527601966,3438.67416354036,3250.26679858746,3510.27286143115,3681.7195857235,2799.90003555484,2110.78830402293,2572.87984196697,2220.69166409927
4830.17278748908,4851.06183404211,4855.98470701875,5373.12250356345,5888.45707132183,3819.24759469716,3354.79160088969,2908.18133707305,2620.31989474568,3313.51354675064,2463.71606572267,3386.8677994129,3395.80076198531,2896.22286286812,3637.00007385207,1e+09,2697.99366609709,3368.53811854638,2790.15317192444,3448.35128767358,3337.25230686863,3069.63830185252,2823.39635267527,3102.74660974756,3865.00736440437,3587.29354226832,2666.69216884889,2981.32553358401,2863.54043213991,3149.68893959388,2894.33172891429,2462.81460652238,3388.50458077011,3454.57940781508,3014.50314700449,2627.99341700089,3827.56657393441,2982.34754264153,2925.6639667091,3133.18095157302,2425.87438475285,3278.39347746728,3001.61960408044,2655.77420779704,2506.1172084721,2265.58295537815,2818.43770074841,2279.17771215849,3449.9920784112,3965.50403503766,2814.11709409896,3000.8362341854,3805.68238275345,3223.97551330651
5225.08678673379,3499.62752275153,3656.52552436052,4398.43065469947,4936.06476048482,2920.57835928091,3455.3164800782,3280.44469119661,2465.61592363855,2557.89472359595,2687.63425707443,3186.33541602261,2779.49851189023,2924.22205950574,3307.0194083041,2697.99366609709,1e+09,2607.72271524409,2817.83670440641,2898.80906189076,3549.45058371011,2993.47929829154,2793.57120714687,1611.63745792905,2455.02457466315,2288.77549989072,2077.55962472801,2883.54053595576,2911.35081469067,2577.4124802018,2550.26953981339,2753.83084749227,3357.76611621477,3072.99773153187,2775.27461408777,3128.63392072323,2796.48026737183,2450.70257713987,2913.26828695882,3026.01413734305,2502.16744641521,3907.4494474785,2777.67437157418,3332.29462069308,3083.7767106099,3152.84634363935,3181.96666442312,3014.53615849935,3680.525605508,3428.53901129913,3214.33334718103,2681.63417186237,3104.85637244302,2829.26963492347
4697.9329650922,3526.46032979247,4096.97950369537,4678.10976380418,4614.91919882678,3163.87111831377,3859.00049954648,3338.03071019426,2317.4137038302,2551.97479348837,2451.33796625435,3416.93612193731,3108.50488521411,3261.10989046674,3259.44492217617,3368.53811854638,2607.72271524409,1e+09,2689.67525160567,3387.78267884763,2587.64918947681,2711.44243798389,3361.72534586037,2350.79895159071,3070.21469903979,2591.12929254794,2562.33416659498,2601.88379204376,3225.16997462149,1941.4728866765,2249.3828965074,2571.07256260884,3249.2711707089,2585.9720925795,2399.66761360819,3849.33312914068,3099.44139138007,2964.65795126521,2826.20396733852,3068.42730055643,2481.87644779107,3224.60870962664,2263.30095968256,2871.14640687305,2868.05333187861,3619.82010395545,3401.922449072,3069.00082898327,3244.3761678634,3479.70650331318,2997.92009136334,3128.42015242518,3098.89165446293,2896.09354149689
3710.97334115997,4616.5098027081,4854.5022510861,5454.4230233912,5494.75603631317,3650.26644038487,2715.31098944486,3595.92868823896,2312.13014932118,3059.45763652645,2515.4685035794,2153.42659649685,1770.40019026773,2468.65838110501,3574.31263551469,2790.15317192444,2817.83670440641,2689.67525160567,1e+09,2671.43572795604,2240.48530053201,2020.96340283539,1850.81562266478,2795.73683849178,3555.5967867434,3412.26402231715,2605.3985546937,2046.75245044436,2872.1094069168,2608.55630658033,2265.96343452404,2091.86879724805,2333.85328405622,2382.21814041032,2501.64543448907,3380.02178522565,2747.72780127508,2269.36271285575,2499.37199498194,2203.23134865588,2159.6124293493,2948.92610434714,1938.88340340517,2003.61134794151,1571.84942007815,2707.68891364942,2574.26151414343,2219.61195284221,2893.77134789534,3289.40174069693,2381.74494287277,2450.74310146943,2728.01063289717,2410.58082092263
4426.85256806684,4586.1906716904,5124.17261368116,5554.33139415538,5871.13343379283,4161.65126703332,3304.61102558229,3099.50045363765,3370.59829855176,3321.14178494385,3143.51709953994,2482.53635721614,3024.73140081892,2670.6553524182,3423.95252560546,3448.35128767358,2898.80906189076,3387.78267884763,2671.43572795604,1e+09,2669.81735201118,2862.74701197993,2520.09798434505,2798.85328406117,3332.55638804507,3743.60328603339,2577.676240415,2254.44666718909,2651.58887305329,3087.71928176769,3082.40406189714,3255.78026391524,1938.96567388389,2894.6079536787,2620.50376216101,3447.50496840831,3205.80707855292,2374.33706130785,2616.68792864185,2250.63114927791,2416.34164902234,3466.07643552476,2515.16408005522,2820.51468207489,2833.50501298304,3554.92267787923,2774.50760132316,2842.58967591174,3100.3619352424,2815.25127828761,3077.08172619773,2751.39819266496,2600.56007363799,2608.35550586955
3432.90639390299,4515.44566633239,5254.37973293709,5763.36351822441,5546.42505550197,4092.6324499642,3230.81301125584,3104.52100334335,3112.04770170703,3388.04877172688,2660.7570046887,2902.1819448477,2943.84221224576,2382.95370213103,2985.06335807132,3337.25230686863,3549.45058371011,2587.64918947681,2240.48530053201,2669.81735201118,1e+09,2721.36331692407,2894.39531982071,3127.41163302818,3725.5657580024,3463.86395158644,3058.88960364705,1991.49529185986,3187.46538161593,2678.24198131909,2663.31799218569,2779.28728507868,2291.92290127744,2519.28640499646,2030.80771674721,3659.08304862024,3199.45139513011,2725.20670338967,2066.29422527384,2108.53439635212,2237.68060551545,2374.03614782926,2039.99415222201,1660.45895839072,2271.05514752504,3081.48747766399,2270.5052226542,2312.68070556659,2319.44156835218,2840.89881945838,2294.50626763145,2694.92865777556,2773.3511841633,2292.67365407727
4462.78698888934,5093.45735524506,5268.49467753361,5897.99952138859,6077.71257652087,4509.09018501515,3655.86870781761,3149.86221855814,2683.1397925192,3273.62515198365,2550.7500792708,2030.72244196493,2826.12571770967,2760.14786158278,3686.08255751279,3069.63830185252,2993.47929829154,2711.44243798389,2020.96340283539,2862.74701197993,2721.36331692407,1e+09,2124.08300692322,2986.1217126065,3832.55857631687,4091.60305494069,3387.24554669425,2519.7208896225,3129.51737379744,3128.313415916,2646.66842464257,2486.34545578445,2051.84711796469,1902.48704208465,2564.76457978115,3374.06240369084,2432.32345272992,1656.83046311323,2423.52236583449,2007.7446325417,2061.42085528404,3241.05334193993,2203.83853918566,2363.80814327221,2444.42764585087,3304.87808179061,3355.45512018862,2318.24246320354,3160.01364773952,3352.66324176766,2506.90772030005,2589.14202754503,2777.40594703043,2749.29617673324
4113.1627127917,4755.74148662435,4816.21358030352,5469.3717183055,5757.47049917757,3919.51252021218,3246.89856350641,3445.84020154737,2505.02327496173,3239.78602886055,2287.26535010698,2094.98654487326,2470.06339914586,2794.58210111995,4103.62203355767,2823.39635267527,2793.57120714687,3361.72534586037,1850.81562266478,2520.09798434505,2894.39531982071,2124.08300692322,1e+09,2956.97847239374,3660.96108867603,3970.01906052099,2743.04844873364,2493.35917863833,3102.46386228752,3416.46917528902,2845.07288917173,2909.40785676398,2366.9561698519,2992.92021383798,3194.14248877535,3926.29177882898,2796.1257306137,2115.78544559698,2961.36387504136,2650.11567830538,2597.40919435117,3601.55175145381,2802.09104689694,2638.48926708069,2419.45949350263,2777.06269140616,2973.90311565458,2433.24559432458,3481.23519193978,3646.10575140108,2918.53674186226,2952.11348689375,3218.32079278931,3005.36254190738
4927.05724351768,2759.57095552914,3274.56302979497,3917.23093666942,4356.68881699164,2986.13473307887,3405.27546781461,3128.46051098619,2101.15699972658,1684.83235646755,2649.38117099069,3202.3325386037,3146.26360844097,2872.89435000663,3182.77670930589,3102.74660974756,1611.63745792905,2350.79895159071,2795.73683849178,2798.85328406117,3127.41163302818,2986.1217126065,2956.97847239374,1e+09,1636.307788101,2085.52638532817,2231.10321188868,2677.14348040967,2709.8490073803,2130.70974515536,2464.12854569318,3185.79670475063,3470.64574832984,2859.1484362656,2471.03998235561,3246.76449674133,2936.61806764176,2663.22924875047,3025.79668897301,2833.23897562489,2314.50692124694,3720.36849314688,2566.65653029384,3131.44649510414,3020.03623671969,3204.93002454032,3075.1363124421,3080.44762106094,3484.18412363641,3121.22433054723,3170.6811952008,2518.97451890645,2856.31735342906,2669.10464836057
5495.67878409028,2416.12926814771,3021.51006950167,3296.43133876621,3661.52548333342,2795.59885575524,4054.02854737112,3697.26718001283,2975.5868964122,1947.54307351596,3405.77428521034,3722.1632439752,3905.75727535647,3692.60146112466,3347.72501312458,3865.00736440437,2455.02457466315,3070.21469903979,3555.5967867434,3332.55638804507,3725.5657580024,3832.55857631687,3660.96108867603,1636.307788101,1e+09,2428.41555045672,2901.03606118573,3559.40362874176,3723.40314749827,2874.47731337369,3331.9055936956,3920.50952530408,4074.35400312737,3789.81280651169,3489.82765488498,3987.55272834103,3857.05097718451,3632.8615465773,3929.42320563718,3669.58866866574,3249.57970129985,4400.82266525249,3292.1171079869,3760.98562346362,3658.23365173686,3824.85378381972,3686.55289951195,3788.24322274851,4096.7985190878,3704.8871736667,4045.84491306822,3035.26510013541,3211.21715408659,3123.08284925328
5138.6529678117,2245.85958343348,3137.96010092544,3523.10636034452,3723.33569031856,2616.34298600164,4077.18934990761,3949.24224616571,3002.21985883779,2562.9597067258,3476.16900919676,4119.8177390875,3346.1744206631,3517.55199765405,3030.14411835477,3587.29354226832,2288.77549989072,2591.12929254794,3412.26402231715,3743.60328603339,3463.86395158644,4091.60305494069,3970.01906052099,2085.52638532817,2428.41555045672,1e+09,2468.1674913182,3458.48746824389,3350.26390403801,2281.44079445424,2926.32575100586,3242.77458363976,4094.71189727678,3782.17793964007,3167.86456138832,3725.83979207373,3590.12354396057,3592.61874855933,3303.54131841877,3808.40589187917,3093.00894159716,3742.23289891209,3049.26220584587,3551.39602303094,3456.77575841998,3582.52478164492,3316.77934722827,3607.46864124971,3862.97182571916,3742.10095274032,3381.30941235788,2908.31449712716,3353.98021985819,2939.74228526924
4246.88301086809,3631.1549118841,4163.81736196486,4447.88605394743,5000.85488409732,2502.6225144436,3022.30481583179,3309.75395253182,2330.59134779137,2776.70898088006,2734.86084086558,3439.35222969384,3042.38434151571,2792.74347106926,3783.69579279307,2666.69216884889,2077.55962472801,2562.33416659498,2605.3985546937,2577.676240415,3058.88960364705,3387.24554669425,2743.04844873364,2231.10321188868,2901.03606118573,2468.1674913182,1e+09,2329.57333140642,2495.119904714,2349.54193361174,2527.87484373732,2913.54248215124,3251.36198272355,3430.76641712898,2718.84952038542,3511.66057209406,3367.05789678467,2893.59924580098,3031.57904622327,3257.13699566045,2504.44787967328,3376.41737691003,2553.67604946281,3062.11449710817,2641.55628480636,2994.70674248748,2628.30531963088,2805.28779874722,3193.38090949075,3350.19089448646,3092.06692506809,3036.72688261556,3094.37614875761,3035.75733315428
3909.49686957286,4744.57711644568,5396.52932681738,5910.66314686432,5927.27020271558,3833.3310586486,2580.46658521284,2935.63681617805,2449.65447906434,2937.71934117267,2784.19824166671,3162.03250971586,2995.01223050925,1846.26643386051,3901.1166509347,2981.32553358401,2883.54053595576,2601.88379204376,2046.75245044436,2254.44666718909,1991.49529185986,2519.7208896225,2493.35917863833,2677.14348040967,3559.40362874176,3458.48746824389,2329.57333140642,1e+09,2064.88241798413,2048.91115595577,2685.22604970233,2966.20008035534,2744.08540823714,1921.13869986006,1831.26159816122,3436.42561502501,2687.92156152296,2111.81056865904,2559.90696704001,2255.95260918752,2107.04978094966,2691.43057144337,2043.96376968869,2410.42461636949,2367.1708106514,2992.18488755291,2223.93188942467,2361.16126645344,2399.26992168451,2670.09341860917,2752.23018425058,3129.20217601867,3195.61778424767,2800.969701407
4638.75358094176,4559.02198525079,5209.44517785724,5565.98596510987,5979.31010288813,4314.94663694698,3354.59480156695,2940.78331048039,2869.51641945119,2936.46787515205,3384.19402641161,3662.45121652153,3424.85323802349,2652.38192413913,4023.32441263441,2863.54043213991,2911.35081469067,3225.16997462149,2872.1094069168,2651.58887305329,3187.46538161593,3129.51737379744,3102.46386228752,2709.8490073803,3723.40314749827,3350.26390403801,2495.119904714,2064.88241798413,1e+09,2031.29618172732,2970.83454478704,3354.49799534893,3345.52517691916,2787.6804711803,2356.73015523628,3097.49558241816,3355.4796612407,2657.24575288023,3061.51871540907,2889.32557888515,2408.70504929516,3033.21100769465,2671.88124214008,3006.70306663295,2853.68769974922,3453.55121904975,3004.16553333867,2766.16857123712,3163.53424593444,3079.24906644461,3154.59953854685,3100.13815496987,3404.82751276772,3330.62663646047
4722.40335636421,3534.7610110586,4281.09965618648,4817.96418717491,4783.07986274534,3436.26205182317,3495.99831473072,2990.44572117603,2277.14987798344,1977.86868100488,3083.24112753122,3846.79546696988,3095.29691013641,2936.69048597226,3480.44479539613,3149.68893959388,2577.4124802018,1941.4728866765,2608.55630658033,3087.71928176769,2678.24198131909,3128.313415916,3416.46917528902,2130.70974515536,2874.47731337369,2281.44079445424,2349.54193361174,2048.91115595577,2031.29618172732,1e+09,2517.13518977428,2922.43338721347,3515.24017473913,2458.22653315353,2143.48449467217,3482.56899518157,3381.05191283719,3068.57788261924,3025.4512572342,3073.29261260623,2473.75621600028,3072.86014756611,2482.85257339215,2815.71456649995,2780.01929543663,3555.65308576357,3043.75070667754,2989.9873326822,3143.56230580849,3252.66046274431,3246.70810337178,3102.33504908803,3285.14833056287,3045.50383969549
4771.81245126,3959.04992692691,4223.7378057119,4999.89639453659,5219.26030446844,3448.16015712728,3766.12787908217,3325.09082797749,2268.9470974441,3092.11956051185,2192.41667438012,2960.47398737094,2661.36692432667,2880.33795846946,3276.17785246772,2894.33172891429,2550.26953981339,2249.3828965074,2265.96343452404,3082.40406189714,2663.31799218569,2646.66842464257,2845.07288917173,2464.12854569318,3331.9055936956,2926.32575100586,2527.87484373732,2685.22604970233,2970.83454478704,2517.13518977428,1e+09,2076.93005700722,2996.01547821436,2967.60127700808,2263.64679707325,3291.70041203631,3028.18669455831,2639.92446060489,2584.81854038151,2560.94740201746,2147.92122863014,2561.08039395486,2246.53363090785,2305.87177449224,1970.10023445509,2798.29358901099,2781.50103720995,1992.61689885437,2306.645607782,3151.69623401431,2478.45394823063,2443.12613464798,2372.62898292169,2091.55559782665
4789.73526785145,4685.44101121762,4756.65463794672,5567.44762303158,5719.21780560069,3807.26211675792,3933.72118654843,3742.01014325189,2716.2642564191,3517.59775119328,2716.6336871945,2741.19096459915,2289.30860073517,3048.16867212102,3176.07955002705,2462.81460652238,2753.83084749227,2571.07256260884,2091.86879724805,3255.78026391524,2779.28728507868,2486.34545578445,2909.40785676398,3185.79670475063,3920.50952530408,3242.77458363976,2913.54248215124,2966.20008035534,3354.49799534893,2922.43338721347,2076.93005700722,1e+09,2576.37124685089,2897.00414559593,2858.09057113311,3070.71653434504,3162.93458636122,2634.50025454544,2418.70609864035,2660.28029158583,2223.3603567798,2822.57122602779,2255.07595195816,2260.89315322507,1945.76761574963,2795.66252036972,2766.64094246073,2245.64882492789,3058.02320913364,3409.73968765946,2184.65200285995,2553.16935433198,3008.49048363128,2392.31882158294
4061.15359378342,5112.50921303815,5514.11993165727,6011.96274143478,6173.99255682253,4630.87263587545,3718.59648820627,3397.10052459447,3639.77307197853,3916.58849421279,2872.89863904037,1897.04658788339,2549.15796658426,2781.62372223491,3093.47069213529,3388.50458077011,3357.76611621477,3249.2711707089,2333.85328405622,1938.96567388389,2291.92290127744,2051.84711796469,2366.9561698519,3470.64574832984,4074.35400312737,4094.71189727678,3251.36198272355,2744.08540823714,3345.52517691916,3515.24017473913,2996.01547821436,2576.37124685089,1e+09,2855.26981978937,2708.1660390013,3441.18536912791,3115.99784316357,2181.17367382792,1977.78220494573,1894.82343346287,2204.75527374355,3121.83927398577,2386.06524036959,2122.95971283018,2556.39283188246,3495.0881664702,2964.89045593594,2437.6695932591,3121.43614462958,3263.05102065536,2311.30670625947,2371.70693899984,2347.54196169099,2435.57843501292
4450.8359528857,4993.24685528365,5444.31358366691,6101.02874782606,6052.90258622258,4591.96536314245,3357.49614226137,2924.49897804735,2746.90309903717,3055.83112036644,3174.76041357454,2989.3788172796,3246.59019729931,2658.02013752718,3680.37612198808,3454.57940781508,3072.99773153187,2585.9720925795,2382.21814041032,2894.6079536787,2519.28640499646,1902.48704208465,2992.92021383798,2859.1484362656,3789.81280651169,3782.17793964007,3430.76641712898,1921.13869986006,2787.6804711803,2458.22653315353,2967.60127700808,2897.00414559593,2855.26981978937,1e+09,2076.05289450919,3346.58829250029,2330.79321227774,2075.94583898521,2510.38628139177,2232.0873629856,2307.95981085027,3067.76457460477,2040.66038833021,2887.25284852228,2841.39461527258,3572.33993897557,3246.1477700037,2813.57160067058,2886.51559181654,2916.25572716111,2884.15995083491,3088.45365140874,3215.5640402735,2884.61941238355
4097.24121399998,4507.48657158288,5275.09094832497,5769.4047226902,5928.44458593483,4207.82279454589,2884.96596539717,2628.43624811408,3031.96174126588,3278.31764245016,2659.72347964972,3255.12786320292,3096.95146232549,2047.02592301612,2860.96172027869,3014.50314700449,2775.27461408777,2399.66761360819,2501.64543448907,2620.50376216101,2030.80771674721,2564.76457978115,3194.14248877535,2471.03998235561,3489.82765488498,3167.86456138832,2718.84952038542,1831.26159816122,2356.73015523628,2143.48449467217,2263.64679707325,2858.09057113311,2708.1660390013,2076.05289450919,1e+09,2582.95501399076,2874.75400902408,2295.86855995721,1872.09692574931,1727.17661725719,1647.10572359518,2347.23063562148,1882.48511470875,2235.10980059146,2554.02220254641,3092.28268238853,2461.55772642041,2241.5136577099,2026.23080634956,2464.0341039036,2265.89887104434,2416.94521656988,2394.70464009656,2366.31254801643
4866.91681268542,5117.25280791364,5512.67640514116,5845.58751186739,6318.84331525953,4692.03404382364,3249.89351194774,3520.4173480569,3813.21585006671,4045.43138272051,3403.01930524938,3438.62932289888,3792.82831911754,2530.88361822507,2870.13013586492,2627.99341700089,3128.63392072323,3849.33312914068,3380.02178522565,3447.50496840831,3659.08304862024,3374.06240369084,3926.29177882898,3246.76449674133,3987.55272834103,3725.83979207373,3511.66057209406,3436.42561502501,3097.49558241816,3482.56899518157,3291.70041203631,3070.71653434504,3441.18536912791,3346.58829250029,2582.95501399076,1e+09,3871.63194718971,3018.38368341402,2877.80816867629,2443.55489439055,2035.2431528444,3083.58467642775,2734.90303901254,3234.9159964673,3219.98242557316,3288.20187401869,3175.95732039963,2707.50229469894,3241.74748441331,3614.44470826433,2663.09767344347,2290.7032679507,3007.55520877007,2781.89518699034
4903.00235336472,4867.3519641382,5355.96367619311,5872.23780111126,6087.81667449834,4106.43306643369,3746.85083155174,3989.80005631861,3183.44817430722,3643.52162606454,3393.94080222387,2864.26969072397,3341.51681127,2903.64401655919,3991.96459231542,3827.56657393441,2796.48026737183,3099.44139138007,2747.72780127508,3205.80707855292,3199.45139513011,2432.32345272992,2796.1257306137,2936.61806764176,3857.05097718451,3590.12354396057,3367.05789678467,2687.92156152296,3355.4796612407,3381.05191283719,3028.18669455831,3162.93458636122,3115.99784316357,2330.79321227774,2874.75400902408,3871.63194718971,1e+09,1407.33661744445,2601.02327113773,2804.2574110092,2898.00075032772,3501.85999965733,2441.70041301139,3378.84230755151,3224.61667016407,3211.36295784204,3245.05224156715,3119.90475840209,3198.69829787056,2841.36111893578,2703.43746201017,3005.00170846873,3175.81931571996,2786.93624539565
4501.49070363363,4902.29010483876,5321.72756344216,5849.69965452928,6167.50315496474,4142.18200820534,3295.24832033946,3282.16699709201,2872.85688997903,3391.29725355947,2768.3309436554,2225.8951088944,2858.23334477785,2026.94257636964,3544.94218662308,2982.34754264153,2450.70257713987,2964.65795126521,2269.36271285575,2374.33706130785,2725.20670338967,1656.83046311323,2115.78544559698,2663.22924875047,3632.8615465773,3592.61874855933,2893.59924580098,2111.81056865904,2657.24575288023,3068.57788261924,2639.92446060489,2634.50025454544,2181.17367382792,2075.94583898521,2295.86855995721,3018.38368341402,1407.33661744445,1e+09,2029.26112671583,1855.49664106406,1898.96395971593,2942.5829144138,1961.81890038301,2555.81823913595,2542.47599683852,2762.74523269881,2609.62357628452,2175.62728965694,2737.66448188963,2555.42794373076,2076.50523057372,2325.99767160245,2648.2760699557,2299.25919406665
4199.25136181439,4789.1408375407,5288.44741969701,5734.97507856835,5962.60353053094,4381.24107952302,3572.28947008778,2825.51231213032,3386.8575156478,3698.19772724499,2863.36217538054,2764.98154948636,2778.91165019689,2529.46975488935,2531.36638879084,2925.6639667091,2913.26828695882,2826.20396733852,2499.37199498194,2616.68792864185,2066.29422527384,2423.52236583449,2961.36387504136,3025.79668897301,3929.42320563718,3303.54131841877,3031.57904622327,2559.90696704001,3061.51871540907,3025.4512572342,2584.81854038151,2418.70609864035,1977.78220494573,2510.38628139177,1872.09692574931,2877.80816867629,2601.02327113773,2029.26112671583,1e+09,2066.61428113715,1998.06908116311,2526.73876948133,2006.90521293359,1876.49470702691,2379.47036487114,2768.75255138483,2401.20313819968,2157.90832759411,2484.85182652809,2818.73034073854,1533.77339832193,2067.95874758178,2500.23201425388,1970.18740182248
3939.46332950314,4927.71618754571,5461.10568853048,6065.3274778696,6190.42979457,4557.19079742115,2904.3837726616,3266.31662497683,3302.7686041108,3660.5308016188,2608.71253747898,2097.78648913563,2688.06874089931,1693.47901383513,2828.98293252186,3133.18095157302,3026.01413734305,3068.42730055643,2203.23134865588,2250.63114927791,2108.53439635212,2007.7446325417,2650.11567830538,2833.23897562489,3669.58866866574,3808.40589187917,3257.13699566045,2255.95260918752,2889.32557888515,3073.29261260623,2560.94740201746,2660.28029158583,1894.82343346287,2232.0873629856,1727.17661725719,2443.55489439055,2804.2574110092,1855.49664106406,2066.61428113715,1e+09,1355.318288927,2613.64895114091,1811.02488853687,2093.07622620391,2390.71871705979,3134.7261974214,2528.79516843496,2022.06032954015,2440.712429886,2554.30061116541,2051.34241510285,1892.36420952733,2066.37328837265,1962.24668202038
3915.07117600689,4344.82139180657,4816.54206756258,5335.73409154729,5593.22992556179,3987.52812153093,2978.58592946385,2878.38334964264,2562.96342576323,3063.83435950771,2197.70423144244,2474.7455517487,2625.87294500324,1563.27884013058,2721.13678741073,2425.87438475285,2502.16744641521,2481.87644779107,2159.6124293493,2416.34164902234,2237.68060551545,2061.42085528404,2597.40919435117,2314.50692124694,3249.57970129985,3093.00894159716,2504.44787967328,2107.04978094966,2408.70504929516,2473.75621600028,2147.92122863014,2223.3603567798,2204.75527374355,2307.95981085027,1647.10572359518,2035.2431528444,2898.00075032772,1898.96395971593,1998.06908116311,1355.318288927,1e+09,2146.62241810245,1484.56092727783,1929.16961270905,1990.08498833593,2644.7261981347,2174.7679193422,1529.54405533152,2338.81505359017,2710.78181687498,1644.55189620152,1732.01160180872,2182.085750744,1850.53553162321
4105.43679652969,5126.56194412981,5801.22697550268,6114.84007480163,6155.96394769333,4669.89079650692,3869.11405643463,3486.01285356208,3490.57520189725,4124.01538108189,3181.12117442892,3616.13458524431,3562.46786823404,2525.51135889348,3314.25817776769,3278.39347746728,3907.4494474785,3224.60870962664,2948.92610434714,3466.07643552476,2374.03614782926,3241.05334193993,3601.55175145381,3720.36849314688,4400.82266525249,3742.23289891209,3376.41737691003,2691.43057144337,3033.21100769465,3072.86014756611,2561.08039395486,2822.57122602779,3121.83927398577,3067.76457460477,2347.23063562148,3083.58467642775,3501.85999965733,2942.5829144138,2526.73876948133,2613.64895114091,2146.62241810245,1e+09,2083.64311927451,2249.91337373242,2202.51307866718,2708.96858571671,2230.34651677716,1727.24420916673,1460.9061609152,2892.74577099337,1862.66027530519,2773.80207359862,2890.45709283151,2257.49389427746
3665.9968717117,4391.72540861789,4986.92756297903,5289.21736999908,5467.96543549792,3760.70796741784,2981.9457564483,3189.87374754864,2697.86114824318,3188.55715189488,2797.68897436795,2328.68891883394,2750.08196545121,2048.53386030107,2875.67421409311,3001.61960408044,2777.67437157418,2263.30095968256,1938.88340340517,2515.16408005522,2039.99415222201,2203.83853918566,2802.09104689694,2566.65653029384,3292.1171079869,3049.26220584587,2553.67604946281,2043.96376968869,2671.88124214008,2482.85257339215,2246.53363090785,2255.07595195816,2386.06524036959,2040.66038833021,1882.48511470875,2734.90303901254,2441.70041301139,1961.81890038301,2006.90521293359,1811.02488853687,1484.56092727783,2083.64311927451,1e+09,2172.41496013078,1742.94479183937,2792.1514027538,2300.03467995594,1934.80382612812,2029.12662534895,2217.19198787566,1800.43283465393,1916.19431692091,2044.48397548134,1692.22374679
4109.34417203037,4773.55804758882,5178.70391057454,5691.10481919812,5754.22608394908,4274.90196025593,3656.92062560838,3025.95649362313,2979.65412439095,3389.05849074636,2580.00227063854,2786.92166217495,2535.8815412988,2483.53326005512,2982.11475580669,2655.77420779704,3332.29462069308,2871.14640687305,2003.61134794151,2820.51468207489,1660.45895839072,2363.80814327221,2638.48926708069,3131.44649510414,3760.98562346362,3551.39602303094,3062.11449710817,2410.42461636949,3006.70306663295,2815.71456649995,2305.87177449224,2260.89315322507,2122.95971283018,2887.25284852228,2235.10980059146,3234.9159964673,3378.84230755151,2555.81823913595,1876.49470702691,2093.07622620391,1929.16961270905,2249.91337373242,2172.41496013078,1e+09,1453.09412661396,2451.03936490216,2017.8833225437,1562.97234857178,2396.39556064937,2997.33585126859,1812.62403285955,2183.82225229069,2675.15057183703,2060.34509895794
