1e+09,19892.9702908465,20888.7227741789,25492.5546039996,29116.6716468899,28633.5308076964,9185.78494371058,12253.2364641184,6258.56102135307,5501.92717763512,9386.10396806364,5495.91746964053,6525.30602730631,2080.13085725394,5366.65320181955,4335.37326515261,8014.12775069752,8772.24979787398,6277.53553898343,5480.98336738947,5075.22371891132,5460.01142100454,5205.62686343345,5134.60751733762,9639.80543475853,13596.2106611585,12949.9560308172,3975.33635558049,3801.85639502599,4725.1989626893,6563.26104286581,8202.92682684053,11430.6201089311,10078.1028772284,3886.4412470022,6907.22252359804,4114.84326750121,5211.09614382617,5682.39023803364,5805.37893084508,7362.44583111482,6177.68355510381,4891.2411790567,5846.50532975042,5988.05705946428,6440.56763940881,7452.2619416926,6178.08013157,3726.4280120378,5775.76445341221,4364.02805128473,5786.24608785351,5548.05186164477,8883.44797622522
19892.9702908465,1e+09,11394.4503715361,11866.9513569745,13833.9121692998,14648.7416447079,26330.2847974229,30892.3636905061,18742.1602288344,17137.6504542221,14610.96257892,23844.3451042255,25092.6635162412,20882.6337561717,23767.9445063577,19069.8283422295,12710.7034621771,14082.8765877501,24067.6303208708,23772.7840415863,22676.772362757,24110.8680747749,23173.0954127367,16740.9998573144,11679.7964610305,9411.57810995053,10256.2461711193,19332.875070876,22702.4290350284,17825.4867373909,17146.3388781191,24553.4432461315,30389.8522116775,29085.0222507307,22034.6515550326,26271.0287787555,21336.3626076189,24377.1934329016,24808.405242244,24876.7814728473,26182.931942569,24842.7709580212,23402.1767270696,24401.4062508475,24246.469371525,23774.7893137983,25160.7908730489,24772.4632949854,21208.18862385,23712.6724784028,22878.7304452258,24745.2221994126,22922.4985318049,27471.3787257393
20888.7227741789,11394.4503715361,1e+09,6933.53553367977,11283.845202133,8263.76271649906,24920.5471849717,32183.3069196113,18362.9690505403,16589.2252738125,12172.8682859628,23355.1332901784,24477.0536091234,21141.5495118168,23901.3759950824,19727.8986353717,13840.2633613671,13710.3561968098,24802.977026843,23296.1786031079,22501.7039845675,24529.0197112481,22972.4467332759,17073.278306084,12053.0111690025,8317.8338491641,8789.74956182484,18988.5598561265,23429.7452488989,17712.4944040612,16768.7308528612,23597.4987164318,30122.0801194439,29988.0106425535,22095.9254552078,26526.2603234568,21134.8450502056,24590.8787567362,25113.4474393342,24739.4054001546,25933.3059171522,25513.9242740959,23666.7803777573,24860.8555721339,23962.7345343577,23139.3765244982,24414.3649477331,25301.2273827457,21522.7928502739,23981.8527666567,23185.2988897814,24488.188518155,22221.8613164649,26994.1843771358
25492.5546039996,11866.9513569745,6933.53553367977,1e+09,4904.60706659565,5190.08634409872,30584.3509602738,37305.6669927224,23943.6690490305,21849.4750056769,17645.9805400153,28732.462498613,29883.846382417,25886.4948308573,29197.7423579512,24628.94682753,18210.0176761199,18633.8073928921,30003.7796739128,28697.6650727668,27937.2685057022,29759.561546414,28344.5221452329,22129.2435219417,16397.9765482544,12432.4282757191,13370.5444827202,24172.8624848134,28271.1770845344,22702.7359772716,22217.3672969616,29366.6515118084,35593.8987241044,35080.5854903606,27172.1508965798,31529.8350020707,26345.1937030723,29662.4597834485,30253.7091851859,30003.0342176187,31298.3465310901,30557.7455684561,28887.0542022235,30077.8194344121,29382.8233541486,28725.2489210224,30051.149283465,30500.7003307727,26632.5077467669,29263.597630353,28334.4641541763,29742.6393144506,27610.5968284461,32548.521184656
29116.6716468899,13833.9121692998,11283.845202133,4904.60706659565,1e+09,7057.45541196684,34753.9380209653,40993.2816517024,27861.654682793,25748.2905181257,21679.126871401,32622.9032709644,33796.9263089737,29596.6095616694,33126.4841641126,28275.0058603106,21852.5774533601,22586.6574867752,33705.7680469115,32637.8464391387,31854.7357127602,33467.1463581181,32228.3678895023,26074.2863128658,20192.7010760175,16293.4702737017,17300.4691076774,27969.152576469,32002.5502856288,26583.179846275,26160.5082817135,33430.8566597582,39536.9769487893,38771.0678617781,31070.7281182048,35355.5346558173,30266.0988475439,33478.1853616082,34037.6218200082,33858.5066253564,35274.7756655163,34280.653481566,32735.2016192126,33798.6915454815,33241.7902343331,32712.6598089822,34075.1510785499,34220.1980341245,30442.9036338011,33191.2542692695,32116.1554225377,33677.6053939469,31699.6885361528,36540.30426874
28633.5308076964,14648.7416447079,8263.76271649906,5190.08634409872,7057.45541196684,1e+09,32765.3318297984,40049.1490520798,26289.1558144057,24472.5230560541,20145.6765698152,31405.1558999442,32509.8150281219,28935.6258834123,31798.0791091176,27476.4707595845,21296.7098306569,21184.2230432036,32742.1038577135,31289.8913402124,30434.4789227892,32526.773966571,31001.285870657,24817.9738265838,19455.2302368875,15346.4294132707,16118.1264599022,26866.6749532893,31186.564491808,25399.9518738461,24630.7153013042,31519.7001543194,38138.9541188166,37846.0306847587,29891.646146248,34372.3616756719,28982.0235725803,32485.3261033332,33044.6266134662,32733.6502294657,33874.7781915366,33339.6916634557,31553.0393331926,32853.8622461759,31991.0346319731,31125.2460133587,32404.614620941,33263.1045589284,29346.8489333284,31805.3323048573,31116.3291046277,32455.915630595,30133.1069740045,34998.6281309882
9185.78494371058,26330.2847974229,24920.5471849717,30584.3509602738,34753.9380209653,32765.3318297984,1e+09,10023.5389019797,8844.54857130085,9887.24687569295,13568.1100347322,6114.60489755471,6341.3014348397,8464.67573350569,5068.46820776258,10006.4677514745,14584.9484206493,13761.3158869928,7348.93533655726,5573.25612683465,5909.4046406639,6934.84869060602,6727.6832748577,10266.3679179153,15532.1863540617,19015.8510355256,18122.2034530352,8238.0275257916,7335.81687880089,9670.80034415456,10354.3983382763,6091.91779351954,7568.84986419998,8658.68282806917,6457.57259538753,6408.10087044516,6871.5753956862,6757.62342081149,6776.49597774543,5692.66347454335,5456.3277721376,7231.89054248611,5786.84694584192,7269.54377149626,6344.1670309742,5348.01051327501,4384.40847281592,6976.75924860533,7486.0337948075,5629.83540670596,7203.3323004218,5329.34553789675,5179.91818850453,5042.76410632106
12253.2364641184,30892.3636905061,32183.3069196113,37305.6669927224,40993.2816517024,40049.1490520798,10023.5389019797,1e+09,14248.5262490477,15698.0680520821,20175.9370435452,9689.6381311533,9369.20475975416,11985.87060442,8768.52058140939,13293.6006431892,19522.1163785666,19447.9776824867,7903.16114371965,9707.29970107032,10043.6418614266,8084.71826287719,10141.011990699,15634.7525001293,21106.5546542064,25123.4957710984,24261.9784268369,13462.3626325397,9492.40761356148,14998.3122304278,15775.0665175713,10407.675234494,5113.50105693741,3238.62948884246,10700.3575088032,6871.14897183142,11599.9653542888,8508.19976272302,7866.01228315212,8230.38746744648,7650.44329795993,7253.38138192112,8709.22985490106,7880.50099454343,9022.96629789783,9904.19891170407,8939.05455812862,7339.39356048577,11060.218164625,8701.84041828509,9545.83383769066,8695.11283766922,10913.9547252909,6822.26644427642
6258.56102135307,18742.1602288344,18362.9690505403,23943.6690490305,27861.654682793,26289.1558144057,8844.54857130085,14248.5262490477,1e+09,3111.77207336913,6744.12818289362,6363.67341647103,7997.13989575023,6279.78376916753,6787.17385208306,4596.23088538859,7383.04046993513,6682.41673562043,7059.78866867841,6557.86162554533,5206.36065135715,7128.99640763691,6060.34541757316,4192.88897075751,8569.27029843265,12085.7562104653,10963.4662297605,3693.00461407781,7050.41044945612,4430.51679780136,2624.24144117877,6364.25475018875,12521.5265939621,12287.5640931228,5947.07855339073,9581.59742353539,4912.026809709,7744.73833199031,8004.33885250369,7700.03691182711,8859.61078152421,8138.26398433966,6280.91624853413,7438.6498330275,6643.14560204727,5793.08706661656,7076.33531992373,7693.27019136206,4833.70160904663,6666.17751927595,6232.60514489728,7749.23070696698,6032.53687192213,9608.12862720416
5501.92717763512,17137.6504542221,16589.2252738125,21849.4750056769,25748.2905181257,24472.5230560541,9887.24687569295,15698.0680520821,3111.77207336913,1e+09,4636.52536038573,7541.42210640009,9016.71220414625,5648.85109116004,7751.75616018719,4773.3588107537,5287.6412614038,4909.86073807598,8622.90815856228,7448.91003215907,6419.33421200361,8336.70282963835,7246.53574803161,2801.31281746613,6277.0488406416,9879.22315287999,8912.75463458408,2894.19219627861,7176.09944441965,2510.41138768131,2622.919150298,8339.11474108014,14091.471810471,13553.4618850536,6044.35120978257,10307.1115427602,5293.53644244564,8464.6885346243,8941.66522489519,8693.98713214484,10022.0293002515,9207.11193760562,7319.39755945119,8751.45514106083,8047.6107227922,7335.01666970158,8646.39192686753,9039.95242004625,5417.12813918039,7792.55609511411,7086.06452637852,8617.58983252278,6796.25833432632,11167.5846285175
9386.10396806364,14610.96257892,12172.8682859628,17645.9805400153,21679.126871401,20145.6765698152,13568.1100347322,20175.9370435452,6744.12818289362,4636.52536038573,1e+09,11463.9800132938,12767.6524596928,9446.49863988769,12050.399664729,8284.48539435613,4898.50304350217,4140.6196626592,12917.4534093412,11445.104634703,10579.7224489823,12573.0276257869,11161.5575757687,5862.16459705799,4367.35453755474,6395.95984175167,5339.34784233056,7064.1455747953,11500.4934774774,6075.59064953359,5265.46093005161,11963.2072604214,18170.3522552206,17953.0718830762,10233.4607757835,14548.2197994944,9304.37268688223,12606.3090708938,13150.2201597616,12833.9259338287,14077.242319929,13492.7379536067,11682.4268057797,12924.696712461,12047.834751087,11248.3713458571,12592.6509904587,13307.5618077543,9623.01922898422,12099.2232450269,11212.536212985,12648.3997050576,10570.3019362363,15178.9085341931
5495.91746964053,23844.3451042255,23355.1332901784,28732.462498613,32622.9032709644,31405.1558999442,6114.60489755471,9689.6381311533,6363.67341647103,7541.42210640009,11463.9800132938,1e+09,2425.34797258043,4542.66414136022,3322.88627450595,6043.7103719404,11643.1901411684,11449.6910554215,4181.4580996705,1861.6768650601,2868.84673544963,2815.47779309303,1867.7897089876,7720.34417906352,13173.1043840888,17004.1413983271,15986.921309264,5535.0440434833,4397.86453671552,7380.87048540347,7828.54360056198,4232.94944422917,7150.60293731934,7490.95553004421,4137.80003060805,4565.90403937709,3896.43579728962,3009.78135264009,3178.79732836178,2267.64866282235,3568.12254276671,4389.90205741541,2943.20956335087,3118.23726513875,1807.25344733383,2649.69389622651,3182.52150558327,3418.98961744548,3970.51061852251,3768.65665987232,2913.28165979536,2574.23623292424,3540.51376102396,4488.50960201713
6525.30602730631,25092.6635162412,24477.0536091234,29883.846382417,33796.9263089737,32509.8150281219,6341.3014348397,9369.20475975416,7997.13989575023,9016.71220414625,12767.6524596928,2425.34797258043,1e+09,5608.75109594819,3858.10729656395,7357.88064318796,12912.6785789742,12540.0430862617,5278.3009601007,2439.49569595849,3714.0961510171,3795.21050732367,2566.42579995994,8860.36451167219,14470.7178832289,18194.8703502993,17248.8561979657,7007.06515805298,5284.30640907584,8532.43945209106,9310.26160893452,4640.7157360153,6456.71449764507,6999.22450390041,4794.1353687396,4659.13216029552,4853.3582857337,3112.75719220115,3120.15413784319,2560.23699561193,2794.16478800016,5038.62056362652,4068.53517100442,3842.81979413555,2700.50328805577,3564.46545897137,3616.32905380581,4413.93856140975,5261.643056109,4355.4675147566,3842.57325554114,2856.7695971849,4200.48018011036,4016.90868299243
2080.13085725394,20882.6337561717,21141.5495118168,25886.4948308573,29596.6095616694,28935.6258834123,8464.67573350569,11985.87060442,6279.78376916753,5648.85109116004,9446.49863988769,4542.66414136022,5608.75109594819,1e+09,4900.67363446088,4215.91228505765,8605.12400650915,9073.98774696109,6206.52868154978,4454.33161483291,4487.5111059584,5082.93206568807,4476.33459370499,5485.48568790404,10212.8053937153,14065.7278882787,13336.2951849905,3713.2289413528,3435.20996375767,4860.65718829255,6782.63468897596,7386.44182015942,10662.7041234013,9588.39338713739,3245.09381844347,6027.16856268348,3257.19583915367,4300.27877062639,4906.41098659703,4935.99037371428,6452.0425994254,5704.79081273801,4418.07380759987,5456.81914841421,5239.82660551855,5529.43672399821,6562.45773556676,5806.51796943745,3270.72578994327,5220.60703838165,3743.2566273634,4982.99947903871,4898.15705081003,8073.66168222325
5366.65320181955,23767.9445063577,23901.3759950824,29197.7423579512,33126.4841641126,31798.0791091176,5068.46820776258,8768.52058140939,6787.17385208306,7751.75616018719,12050.399664729,3322.88627450595,3858.10729656395,4900.67363446088,1e+09,6764.22434975364,11854.1632922573,11549.1828370279,4448.7987200142,2487.52622824363,2323.54744229594,3336.85732423489,3470.759004411,7586.22273383138,13356.8700671827,17135.180747007,16324.7327927198,5563.42642929697,3238.33649548653,6980.40087060908,8080.13000592194,4759.45338650354,7210.40405426076,6827.57101098187,2844.59369035369,3852.02098154982,3699.21764075865,3134.81692250122,2851.73521405828,2437.85601443153,3141.87910023604,3559.54323550087,1780.69469098439,3566.68273113828,3099.19395966112,3089.07699120627,2915.23836665203,3577.08393017273,3475.87474793037,1662.94889269033,2980.29469620036,2288.50700405308,3024.24357935997,4278.32760595773
4335.37326515261,19069.8283422295,19727.8986353717,24628.94682753,28275.0058603106,27476.4707595845,10006.4677514745,13293.6006431892,4596.23088538859,4773.3588107537,8284.48539435613,6043.7103719404,7357.88064318796,4215.91228505765,6764.22434975364,1e+09,7326.64991599162,7547.30059900227,6145.14367696965,6407.9718068044,5425.47161699331,6287.98877172185,5742.43496549156,4943.12125959904,8851.28347687498,12633.3151039147,11698.6995400643,4392.36470191172,5867.50462518778,5015.40283668221,4966.50237315961,7338.32296832866,12121.4979523036,11071.9119398774,5477.02386114941,8395.94474309473,4607.43314329139,6455.27506719892,6862.00045662342,7029.77070172989,8390.52215984798,7027.53099687223,5916.50184030226,6378.74619581309,6400.72915760385,6346.73328755825,7740.89481871444,6902.65316553715,4481.32704422474,6598.92360956694,5107.22253650651,7310.30912405214,6443.67301578067,9514.58934402846
8014.12775069752,12710.7034621771,13840.2633613671,18210.0176761199,21852.5774533601,21296.7098306569,14584.9484206493,19522.1163785666,7383.04046993513,5287.6412614038,4898.50304350217,11643.1901411684,12912.6785789742,8605.12400650915,11854.1632922573,7326.64991599162,1e+09,3840.54990802099,12513.5940015209,11577.6458147199,10713.2927315975,12327.2738483657,11031.114633608,4827.81433980223,2784.07004870567,6362.28205904925,5789.33702491054,7256.69894338328,10812.7032759667,5880.95724632479,6061.30639496965,12800.50225124,18399.8298503437,17354.7131593034,9940.74719066429,14190.5324631883,9085.91508924665,12196.1633922025,12688.345209719,12703.5756323407,14087.0583909133,13113.458573561,11504.874919633,12646.0784042366,12226.7781261091,11807.166759206,13199.1329848479,13050.7753448751,9216.59607564528,11879.1193976742,10947.5124832128,12680.9307995943,10993.1699549766,15503.4108532929
8772.24979787398,14082.8765877501,13710.3561968098,18633.8073928921,22586.6574867752,21184.2230432036,13761.3158869928,19447.9776824867,6682.41673562043,4909.86073807598,4140.6196626592,11449.6910554215,12540.0430862617,9073.98774696109,11549.1828370279,7547.30059900227,3840.54990802099,1e+09,12441.6428445724,11257.5628945745,10097.920724164,12385.6606911783,10891.9492353481,4637.2855168083,4029.74304149781,6646.65818807467,5712.83276061885,7243.88122983115,10882.0989157745,5246.30145005984,4974.69186721148,11522.5514850748,17833.3351513955,17141.5571508163,9474.06883979107,14090.3681330191,8589.78792305142,11964.3729796467,12537.6452587876,12555.5110015563,13573.1799437788,12882.3079119582,11220.2446260766,12662.3601678952,11931.9648902308,11218.6617248003,12559.7063893986,13039.3311981252,8933.06287601291,11298.5274924036,10838.9876164658,12490.7228458364,10189.0110623161,14953.8998509218
6277.53553898343,24067.6303208708,24802.977026843,30003.7796739128,33705.7680469115,32742.1038577135,7348.93533655726,7903.16114371965,7059.78866867841,8622.90815856228,12917.4534093412,4181.4580996705,5278.3009601007,6206.52868154978,4448.7987200142,6145.14367696965,12513.5940015209,12441.6428445724,1e+09,4832.48742694691,4350.19221239706,2821.95949267526,4542.78625115688,8919.12221467449,13948.2284513984,17944.4003803304,16932.0997988525,6953.52840509047,4988.09558821801,8603.75228323085,8480.71073073478,5537.58835748018,7138.02615229869,6330.09159199138,5599.76669799734,5251.29478958285,5788.79053529319,4315.91989835307,4043.22537557579,4155.33823669025,5338.03673101825,3731.27070216033,3629.76104490365,2619.53512662075,3835.99743946734,4673.59461012613,4930.26434652342,2464.37828141298,5103.22281309566,4397.01250426923,3882.67597736407,4908.90138758154,5730.09296597359,5313.64265449795
5480.98336738947,23772.7840415863,23296.1786031079,28697.6650727668,32637.8464391387,31289.8913402124,5573.25612683465,9707.29970107032,6557.86162554533,7448.91003215907,11445.104634703,1861.6768650601,2439.49569595849,4454.33161483291,2487.52622824363,6407.9718068044,11577.6458147199,11257.5628945745,4832.48742694691,1e+09,2336.18846983714,3353.01439148418,2208.49302428149,7382.54169427441,13080.4515588033,16863.4844651454,15908.8609756293,5330.33496009397,4011.77217015124,6977.54614778004,7858.87281787916,4243.19425123338,7291.25413816443,7463.61567306356,3286.46688046601,4391.27095468954,3446.33225132169,2781.05485684839,2950.1850160456,2151.06631555143,3118.11042128081,4529.66736244506,2776.08016589939,3701.20400718469,2430.66745331401,2550.41401450823,2839.64482152258,3966.9996579657,3707.34159983943,2937.99723309945,2981.22281294103,2421.76567421375,3001.54038701797,4440.40827216372
5075.22371891132,22676.772362757,22501.7039845675,27937.2685057022,31854.7357127602,30434.4789227892,5909.4046406639,10043.6418614266,5206.36065135715,6419.33421200361,10579.7224489823,2868.84673544963,3714.0961510171,4487.5111059584,2323.54744229594,5425.47161699331,10713.2927315975,10097.920724164,4350.19221239706,2336.18846983714,1e+09,3444.79357362673,2709.75915186203,6481.09107494255,12191.5527367108,15880.3846161924,14977.8187260662,4461.59622487289,3733.13825720398,5842.34920835789,6486.70428151307,3563.34525900873,8089.62015247317,7845.98205761395,2596.20382485659,5195.68902571161,2566.2935999024,3402.32210444573,3401.02739716986,3265.84166075148,4070.24356245422,4071.0679182249,2150.10509252455,3618.33549041545,2634.00032270309,2258.0648663402,3050.66562959627,4013.26170560805,2471.10305602579,2230.68632373537,2512.79810454402,3385.86405825751,2846.00197190726,5133.02764139255
5460.01142100454,24110.8680747749,24529.0197112481,29759.561546414,33467.1463581181,32526.773966571,6934.84869060602,8084.71826287719,7128.99640763691,8336.70282963835,12573.0276257869,2815.47779309303,3795.21050732367,5082.93206568807,3336.85732423489,6287.98877172185,12327.2738483657,12385.6606911783,2821.95949267526,3353.01439148418,3444.79357362673,1e+09,3369.97396446916,8599.20911447093,13921.8340328169,17811.5394720417,16898.7540938496,6106.16378371069,3770.90827993734,8045.24538216828,8585.13692384111,5388.23476641469,6837.01724662151,6060.96067562726,4559.23635229629,4070.05235700967,4957.70147622868,3129.77278470818,2712.96619853621,2515.62366708536,3988.80983978931,2910.0908024493,2478.11215686458,1440.4011193067,2367.45247738999,3765.18793997059,4031.17349541049,1657.20195100054,4230.40730419661,3714.36215388322,2479.79827992117,3216.54092846648,4916.07534150973,4597.77097498342
5205.62686343345,23173.0954127367,22972.4467332759,28344.5221452329,32228.3678895023,31001.285870657,6727.6832748577,10141.011990699,6060.34541757316,7246.53574803161,11161.5575757687,1867.7897089876,2566.42579995994,4476.33459370499,3470.759004411,5742.43496549156,11031.114633608,10891.9492353481,4542.78625115688,2208.49302428149,2709.75915186203,3369.97396446916,1e+09,7048.29710568447,12697.0657924223,16551.4140138509,15596.498625371,5445.04581280084,4495.41499573732,6974.0879910351,7499.81683838346,4432.02341719897,7869.91322661184,7884.27820675425,3962.34668138718,5288.58410306577,3481.04465294544,3049.13559345924,3311.94819847775,3058.06631304817,3947.49675348822,4888.28768863904,3433.41918489427,3569.6054961438,2491.41692193418,2827.99556910898,3750.45919307223,4165.42433000529,3855.0566108165,3907.61211240317,2868.21145637835,3328.73746836545,3842.87645406406,5200.7494994664
5134.60751733762,16740.9998573144,17073.278306084,22129.2435219417,26074.2863128658,24817.9738265838,10266.3679179153,15634.7525001293,4192.88897075751,2801.31281746613,5862.16459705799,7720.34417906352,8860.36451167219,5485.48568790404,7586.22273383138,4943.12125959904,4827.81433980223,4637.2855168083,8919.12221467449,7382.54169427441,6481.09107494255,8599.20911447093,7048.29710568447,1e+09,6240.61378435647,10075.5634131745,9214.5918148771,4077.18385789751,7184.46165542694,2936.9385886838,3601.36394541013,8618.13706571206,14187.6603218501,13464.3998906264,5774.62851716888,10272.6141023792,4988.92763018266,8212.95051203281,8752.63056839486,8670.60062744214,9764.11500561111,9405.45756792832,7458.97005557738,8954.36683976595,8303.9371512494,7583.983459324,8907.58133358882,9315.87361159435,5412.83027415418,7584.79985846693,7124.98288491278,8550.66602617013,6609.40807602315,11205.5445495433
9639.80543475853,11679.7964610305,12053.0111690025,16397.9765482544,20192.7010760175,19455.2302368875,15532.1863540617,21106.5546542064,8569.27029843265,6277.0488406416,4367.35453755474,13173.1043840888,14470.7178832289,10212.8053937153,13356.8700671827,8851.28347687498,2784.07004870567,4029.74304149781,13948.2284513984,13080.4515588033,12191.5527367108,13921.8340328169,12697.0657924223,6240.61378435647,1e+09,4475.49322184718,3792.07940780517,8662.57957607317,12407.2540860821,7164.38074300913,6834.41943411436,14111.0194246305,19853.8509267019,19006.5293740072,11385.530386372,15743.1912297952,10653.0667296934,13790.0160278732,14376.8596499966,14277.4401785789,15617.3557529084,14656.0160313709,12986.7203721532,14225.1110998825,13784.9849968653,13228.8310437015,14579.4135620127,14581.2780573069,10793.4796354327,13343.0064272375,12528.3323781898,14143.9198218669,12116.2550022067,16899.0783248229
13596.2106611585,9411.57810995053,8317.8338491641,12432.4282757191,16293.4702737017,15346.4294132707,19015.8510355256,25123.4957710984,12085.7562104653,9879.22315287999,6395.95984175167,17004.1413983271,18194.8703502993,14065.7278882787,17135.180747007,12633.3151039147,6362.28205904925,6646.65818807467,17944.4003803304,16863.4844651454,15880.3846161924,17811.5394720417,16551.4140138509,10075.5634131745,4475.49322184718,1e+09,2032.95872882358,12248.0586216265,16240.9783273669,10624.390848731,10267.1598454782,17556.7664983134,23705.7060043632,22939.1631959625,15116.6550128856,19601.0133998449,14342.2833614979,17686.4655853395,18219.2324428802,18107.6153144554,19393.3804178565,18463.3802616964,16827.0326876339,18106.2515291156,17544.2658118144,16876.0612386659,18206.324108831,18502.6543728812,14552.0995160046,17124.1053246615,16324.0057104131,17941.1155830734,15800.3727589858,20666.8262215198
12949.9560308172,10256.2461711193,8789.74956182484,13370.5444827202,17300.4691076774,16118.1264599022,18122.2034530352,24261.9784268369,10963.4662297605,8912.75463458408,5339.34784233056,15986.921309264,17248.8561979657,13336.2951849905,16324.7327927198,11698.6995400643,5789.33702491054,5712.83276061885,16932.0997988525,15908.8609756293,14977.8187260662,16898.7540938496,15596.498625371,9214.5918148771,3792.07940780517,2032.95872882358,1e+09,11424.6272361815,15515.9775208686,9926.24446128041,9163.25561506935,16436.0746516071,22696.2163216779,22085.4669379278,14368.0483470547,18783.0578387067,13518.7621540731,16813.8259131317,17382.7801225638,17217.4393058434,18500.6422439763,17645.2784271119,15956.207413944,17198.6548822779,16569.8191246042,15870.3699054275,17229.4287214028,17546.6211871004,13720.8993329446,16246.9873636315,15483.7050439519,17096.314062461,14898.4066356238,19714.011861222
3975.33635558049,19332.875070876,18988.5598561265,24172.8624848134,27969.152576469,26866.6749532893,8238.0275257916,13462.3626325397,3693.00461407781,2894.19219627861,7064.1455747953,5535.0440434833,7007.06515805298,3713.2289413528,5563.42642929697,4392.36470191172,7256.69894338328,7243.88122983115,6953.52840509047,5330.33496009397,4461.59622487289,6106.16378371069,5445.04581280084,4077.18385789751,8662.57957607317,12248.0586216265,11424.6272361815,1e+09,4901.98680406221,2850.62592940568,4414.9257591493,7033.04589324569,11957.911316919,11240.4945279111,3984.47689098582,7945.54763456239,3548.25890967669,6323.00451956188,6639.82301877844,6347.2254334394,7870.76721908989,6925.57968147071,5085.84231093533,6622.71444197921,5931.31983308943,5481.82455406957,6625.46399940412,6853.49847830289,3307.71159657247,5732.52690185576,4982.77745708154,6364.35128456939,5235.21369828396,9051.65225916794
3801.85639502599,22702.4290350284,23429.7452488989,28271.1770845344,32002.5502856288,31186.564491808,7335.81687880089,9492.40761356148,7050.41044945612,7176.09944441965,11500.4934774774,4397.86453671552,5284.30640907584,3435.20996375767,3238.33649548653,5867.50462518778,10812.7032759667,10882.0989157745,4988.09558821801,4011.77217015124,3733.13825720398,3770.90827993734,4495.41499573732,7184.46165542694,12407.2540860821,16240.9783273669,15515.9775208686,4901.98680406221,1e+09,6017.15853324474,8010.48791814831,6521.86934676708,8678.64740204947,7271.49070228382,2586.77642485778,3886.20495014095,3870.02262490803,3152.92143917352,3502.82817598865,3891.67795179663,4935.56355295928,3344.56998040107,2608.69900484897,4155.29972134382,4358.81390307042,4778.94987734753,5304.19241721113,4174.91731768427,3158.85568203107,3399.18620021028,2859.34697590202,3856.36068637258,4765.97392952374,6574.13619795787
4725.1989626893,17825.4867373909,17712.4944040612,22702.7359772716,26583.179846275,25399.9518738461,9670.80034415456,14998.3122304278,4430.51679780136,2510.41138768131,6075.59064953359,7380.87048540347,8532.43945209106,4860.65718829255,6980.40087060908,5015.40283668221,5880.95724632479,5246.30145005984,8603.75228323085,6977.54614778004,5842.34920835789,8045.24538216828,6974.0879910351,2936.9385886838,7164.38074300913,10624.390848731,9926.24446128041,2850.62592940568,6017.15853324474,1e+09,3911.08676587467,8105.87902588609,13554.617776946,12725.6721279153,4825.70177553483,9403.96761034937,4432.63504404547,7659.987705434,8158.93923565435,8162.41502276747,9242.97233313505,8374.10431206825,6642.38825636533,8422.07970329182,7711.101372035,7143.31513563555,8341.97706402985,8739.59516979477,4555.08709248243,6912.29263874874,6501.76414436882,7998.24307108755,6267.0137193164,10735.4008384829
6563.26104286581,17146.3388781191,16768.7308528612,22217.3672969616,26160.5082817135,24630.7153013042,10354.3983382763,15775.0665175713,2624.24144117877,2622.919150298,5265.46093005161,7828.54360056198,9310.26160893452,6782.63468897596,8080.13000592194,4966.50237315961,6061.30639496965,4974.69186721148,8480.71073073478,7858.87281787916,6486.70428151307,8585.13692384111,7499.81683838346,3601.36394541013,6834.41943411436,10267.1598454782,9163.25561506935,4414.9257591493,8010.48791814831,3911.08676587467,1e+09,7798.9193018969,14080.5523354057,13812.4660789303,6782.9696619696,10911.203756401,5869.29130463807,8929.74991448249,9281.69770372317,9124.49787317088,10243.7035326048,9357.60067492731,7612.11428384388,8775.2869325054,8082.08824166131,7383.58204528127,8691.30881880284,9100.03642913038,5692.91363441428,7872.93214866609,7330.90950019164,9053.40719298541,6911.4917042054,11130.4432000033
8202.92682684053,24553.4432461315,23597.4987164318,29366.6515118084,33430.8566597582,31519.7001543194,6091.91779351954,10407.675234494,6364.25475018875,8339.11474108014,11963.2072604214,4232.94944422917,4640.7157360153,7386.44182015942,4759.45338650354,7338.32296832866,12800.50225124,11522.5514850748,5537.58835748018,4243.19425123338,3563.34525900873,5388.23476641469,4432.02341719897,8618.13706571206,14111.0194246305,17556.7664983134,16436.0746516071,7033.04589324569,6521.86934676708,8105.87902588609,7798.9193018969,1e+09,7394.94449651923,8422.49509167563,5604.70698571299,6561.61590760996,5204.55946569928,5334.73621804303,5311.976088651,5054.67425961357,4693.20276244272,5728.56131618577,4634.63595985704,5278.01710543837,3811.28515129739,3033.02564507787,3232.5431047242,5461.62865019218,5393.76225592119,4280.70788274556,5037.00901933876,5196.09971165874,4566.47363331926,4984.58344486277
11430.6201089311,30389.8522116775,30122.0801194439,35593.8987241044,39536.9769487893,38138.9541188166,7568.84986419998,5113.50105693741,12521.5265939621,14091.471810471,18170.3522552206,7150.60293731934,6456.71449764507,10662.7041234013,7210.40405426076,12121.4979523036,18399.8298503437,17833.3351513955,7138.02615229869,7291.25413816443,8089.62015247317,6837.01724662151,7869.91322661184,14187.6603218501,19853.8509267019,23705.7060043632,22696.2163216779,11957.911316919,8678.64740204947,13554.617776946,14080.5523354057,7394.94449651923,1e+09,4322.90236224461,9188.88461732435,5584.76840959408,9786.60285153127,6755.51752246266,6305.67916365874,6144.19510884868,5001.7309991442,6459.16804874281,7326.14371198109,6524.50684852886,6693.2260050965,7431.38846813299,6166.66622909818,6242.65518376596,9671.96852305672,7225.31178516194,7981.81486319371,6416.5741349181,8457.13251724247,3712.84488959612
10078.1028772284,29085.0222507307,29988.0106425535,35080.5854903606,38771.0678617781,37846.0306847587,8658.68282806917,3238.62948884246,12287.5640931228,13553.4618850536,17953.0718830762,7490.95553004421,6999.22450390041,9588.39338713739,6827.57101098187,11071.9119398774,17354.7131593034,17141.5571508163,6330.09159199138,7463.61567306356,7845.98205761395,6060.96067562726,7884.27820675425,13464.3998906264,19006.5293740072,22939.1631959625,22085.4669379278,11240.4945279111,7271.49070228382,12725.6721279153,13812.4660789303,8422.49509167563,4322.90236224461,1e+09,8323.97312123243,4624.40340055882,9166.60884236368,5926.85913009581,5406.97306395177,5949.91359279276,5414.0820977983,5163.88793854011,6636.77086352241,5990.11831539244,6927.62436934914,7856.11963938941,7100.83488551874,5605.34942390749,8825.92261212957,6669.51636128888,7297.73706600889,6638.58179530839,8872.11248979069,5276.46653377997
3886.4412470022,22034.6515550326,22095.9254552078,27172.1508965798,31070.7281182048,29891.646146248,6457.57259538753,10700.3575088032,5947.07855339073,6044.35120978257,10233.4607757835,4137.80003060805,4794.1353687396,3245.09381844347,2844.59369035369,5477.02386114941,9940.74719066429,9474.06883979107,5599.76669799734,3286.46688046601,2596.20382485659,4559.23635229629,3962.34668138718,5774.62851716888,11385.530386372,15116.6550128856,14368.0483470547,3984.47689098582,2586.77642485778,4825.70177553483,6782.9696619696,5604.70698571299,9188.88461732435,8323.97312123243,1e+09,4989.36457364062,2082.81481080292,3397.51290025513,3850.46079321683,3915.21414079741,4799.15260835702,4538.55977792515,2809.38147610822,4895.35885485426,4337.06306737636,4050.13099086931,4725.92391125799,5154.7774325474,2310.3611365542,2850.18835449519,3114.10715473954,3801.94793636104,3135.42796869901,6469.11635810487
6907.22252359804,26271.0287787555,26526.2603234568,31529.8350020707,35355.5346558173,34372.3616756719,6408.10087044516,6871.14897183142,9581.59742353539,10307.1115427602,14548.2197994944,4565.90403937709,4659.13216029552,6027.16856268348,3852.02098154982,8395.94474309473,14190.5324631883,14090.3681330191,5251.29478958285,4391.27095468954,5195.68902571161,4070.05235700967,5288.58410306577,10272.6141023792,15743.1912297952,19601.0133998449,18783.0578387067,7945.54763456239,3886.20495014095,9403.96761034937,10911.203756401,6561.61590760996,5584.76840959408,4624.40340055882,4989.36457364062,1e+09,6052.94129099234,3051.29080297175,2968.63813668827,3061.10615830291,3047.03963351316,3205.39684296656,3711.82652345176,4146.01777918282,4417.37272204871,5123.89983821893,4669.87973651357,3840.76908267081,5799.51836370918,4097.58538881132,4342.47577228705,3154.11653765361,5651.33830564053,4270.6693591052
4114.84326750121,21336.3626076189,21134.8450502056,26345.1937030723,30266.0988475439,28982.0235725803,6871.5753956862,11599.9653542888,4912.026809709,5293.53644244564,9304.37268688223,3896.43579728962,4853.3582857337,3257.19583915367,3699.21764075865,4607.43314329139,9085.91508924665,8589.78792305142,5788.79053529319,3446.33225132169,2566.2935999024,4957.70147622868,3481.04465294544,4988.92763018266,10653.0667296934,14342.2833614979,13518.7621540731,3548.25890967669,3870.02262490803,4432.63504404547,5869.29130463807,5204.55946569928,9786.60285153127,9166.60884236368,2082.81481080292,6052.94129099234,1e+09,4047.53009934454,4541.58987067305,4427.94859102949,5405.06999020364,5383.54472357201,3552.01051974794,5319.93552437433,4449.07688370296,3855.89256832967,4927.46423350794,5694.18894117503,2328.06423962055,3654.58294482421,3575.53729454749,4514.60695295836,3328.04905153154,6898.68804839007
5211.09614382617,24377.1934329016,24590.8787567362,29662.4597834485,33478.1853616082,32485.3261033332,6757.62342081149,8508.19976272302,7744.73833199031,8464.6885346243,12606.3090708938,3009.78135264009,3112.75719220115,4300.27877062639,3134.81692250122,6455.27506719892,12196.1633922025,11964.3729796467,4315.91989835307,2781.05485684839,3402.32210444573,3129.77278470818,3049.13559345924,8212.95051203281,13790.0160278732,17686.4655853395,16813.8259131317,6323.00451956188,3152.92143917352,7659.987705434,8929.74991448249,5334.73621804303,6755.51752246266,5926.85913009581,3397.51290025513,3051.29080297175,4047.53009934454,1e+09,1530.92989320217,2252.84145516279,2947.33316557528,3256.00431157577,2909.21562794854,3250.17091039841,3212.98566377132,3864.28714556773,4190.63053921483,3446.50748124823,4058.19894865937,3217.83275101426,2517.3808332074,2815.80742015501,4293.56556895315,4695.9278325907
5682.39023803364,24808.405242244,25113.4474393342,30253.7091851859,34037.6218200082,33044.6266134662,6776.49597774543,7866.01228315212,8004.33885250369,8941.66522489519,13150.2201597616,3178.79732836178,3120.15413784319,4906.41098659703,2851.73521405828,6862.00045662342,12688.345209719,12537.6452587876,4043.22537557579,2950.1850160456,3401.02739716986,2712.96619853621,3311.94819847775,8752.63056839486,14376.8596499966,18219.2324428802,17382.7801225638,6639.82301877844,3502.82817598865,8158.93923565435,9281.69770372317,5311.976088651,6305.67916365874,5406.97306395177,3850.46079321683,2968.63813668827,4541.58987067305,1530.92989320217,1e+09,1822.0729524912,2772.41578992041,2876.06023391375,2862.80332366721,2594.97715201888,2857.67424464371,3852.29405407998,3851.15668378995,2913.52688966483,4242.57125818766,3089.13131472264,2547.62026874101,2741.99143939218,4659.31932187525,4170.19361802303
5805.37893084508,24876.7814728473,24739.4054001546,30003.0342176187,33858.5066253564,32733.6502294657,5692.66347454335,8230.38746744648,7700.03691182711,8693.98713214484,12833.9259338287,2267.64866282235,2560.23699561193,4935.99037371428,2437.85601443153,7029.77070172989,12703.5756323407,12555.5110015563,4155.33823669025,2151.06631555143,3265.84166075148,2515.62366708536,3058.06631304817,8670.60062744214,14277.4401785789,18107.6153144554,17217.4393058434,6347.2254334394,3891.67795179663,8162.41502276747,9124.49787317088,5054.67425961357,6144.19510884868,5949.91359279276,3915.21414079741,3061.10615830291,4427.94859102949,2252.84145516279,1822.0729524912,1e+09,2442.2758867499,3431.9588976414,2576.11447521262,2790.06075512703,2403.58565378894,3370.56330697111,3064.87253831216,2883.65984342814,4316.18026928904,3084.06330320893,2938.23086657601,1683.51025541872,3842.52138367505,3494.64108523322
7362.44583111482,26182.931942569,25933.3059171522,31298.3465310901,35274.7756655163,33874.7781915366,5456.3277721376,7650.44329795993,8859.61078152421,10022.0293002515,14077.242319929,3568.12254276671,2794.16478800016,6452.0425994254,3141.87910023604,8390.52215984798,14087.0583909133,13573.1799437788,5338.03673101825,3118.11042128081,4070.24356245422,3988.80983978931,3947.49675348822,9764.11500561111,15617.3557529084,19393.3804178565,18500.6422439763,7870.76721908989,4935.56355295928,9242.97233313505,10243.7035326048,4693.20276244272,5001.7309991442,5414.0820977983,4799.15260835702,3047.03963351316,5405.06999020364,2947.33316557528,2772.41578992041,2442.2758867499,1e+09,4024.28391492201,3599.4941219288,4023.36539763666,3347.82196589066,3785.25233006995,3094.76996930305,4103.79856523197,5574.12283859981,3396.6909025403,4153.91459167133,2392.1352596582,4319.4340394084,2548.60165455491
6177.68355510381,24842.7709580212,25513.9242740959,30557.7455684561,34280.653481566,33339.6916634557,7231.89054248611,7253.38138192112,8138.26398433966,9207.11193760562,13492.7379536067,4389.90205741541,5038.62056362652,5704.79081273801,3559.54323550087,7027.53099687223,13113.458573561,12882.3079119582,3731.27070216033,4529.66736244506,4071.0679182249,2910.0908024493,4888.28768863904,9405.45756792832,14656.0160313709,18463.3802616964,17645.2784271119,6925.57968147071,3344.56998040107,8374.10431206825,9357.60067492731,5728.56131618577,6459.16804874281,5163.88793854011,4538.55977792515,3205.39684296656,5383.54472357201,3256.00431157577,2876.06023391375,3431.9588976414,4024.28391492201,1e+09,2575.37959246788,2662.13376748803,3556.29205046492,4549.69803204564,4458.90813448764,2429.96677600744,4333.1892596216,3204.77262240241,3108.22927381492,3713.32239392165,5327.7760512713,4717.40312162317
4891.2411790567,23402.1767270696,23666.7803777573,28887.0542022235,32735.2016192126,31553.0393331926,5786.84694584192,8709.22985490106,6280.91624853413,7319.39755945119,11682.4268057797,2943.20956335087,4068.53517100442,4418.07380759987,1780.69469098439,5916.50184030226,11504.874919633,11220.2446260766,3629.76104490365,2776.08016589939,2150.10509252455,2478.11215686458,3433.41918489427,7458.97005557738,12986.7203721532,16827.0326876339,15956.207413944,5085.84231093533,2608.69900484897,6642.38825636533,7612.11428384388,4634.63595985704,7326.14371198109,6636.77086352241,2809.38147610822,3711.82652345176,3552.01051974794,2909.21562794854,2862.80332366721,2576.11447521262,3599.4941219288,2575.37959246788,1e+09,2830.91849976293,2566.68931066851,3016.07505551503,3278.21785952368,2767.30699612457,2783.24929867951,1791.21269245168,2329.18424314179,2585.83083578567,3356.83216839925,4635.52879162669
5846.50532975042,24401.4062508475,24860.8555721339,30077.8194344121,33798.6915454815,32853.8622461759,7269.54377149626,7880.50099454343,7438.6498330275,8751.45514106083,12924.696712461,3118.23726513875,3842.81979413555,5456.81914841421,3566.68273113828,6378.74619581309,12646.0784042366,12662.3601678952,2619.53512662075,3701.20400718469,3618.33549041545,1440.4011193067,3569.6054961438,8954.36683976595,14225.1110998825,18106.2515291156,17198.6548822779,6622.71444197921,4155.29972134382,8422.07970329182,8775.2869325054,5278.01710543837,6524.50684852886,5990.11831539244,4895.35885485426,4146.01777918282,5319.93552437433,3250.17091039841,2594.97715201888,2790.06075512703,4023.36539763666,2662.13376748803,2830.91849976293,1e+09,2242.23438458159,3821.58192545967,3970.77733689513,1482.91145524606,4432.15192204645,3778.78676989057,2421.14171505924,3330.94761402818,5077.18266808473,4390.09025990355
