1e+09,13341.5662140807,12499.9262490864,16028.8267179666,20077.9089140179,18026.5613445743,23646.5857803489,12967.1550280892,11654.9129788944,9512.35921985708,14905.9335613976,16422.5698070734,15675.2081871948,15438.7499085127,14429.9448727464,9097.18975788677,9985.6001639561,16483.948570467,15586.6955865411,15056.927047097,16607.3209824101,15087.61344817,11620.6533508964,8527.00319560161,8195.29774107689,8829.5310116223,12998.6828887084,16659.7026411308,12589.0315188898,10487.027405123,14865.2630090322,21510.2554086254,22647.8489641555,16315.8263065038,19004.9014283053,14807.8007253204,17284.5097096418,17173.6693785021,16766.4840698729,17777.3022821012,18670.3289762393,16291.899311618,16739.566435613,15906.4871860289,15511.1082959794,16371.997553689,17986.6286832441,14899.3301538626,15928.2427571813,16341.6644450588,16617.915991697,15317.9165560758,18111.386119367,21181.1388560578
13341.5662140807,1e+09,4679.67751941306,4607.26519417973,8451.14410041031,19079.2063048126,31705.0709975849,21721.8180602223,18864.9094680123,14279.7491266724,20861.3593748706,23889.0011061179,23310.8879578192,22152.7036337216,22286.1175267609,16779.0881651447,13967.0008609687,22950.5022281365,23103.4228555814,22877.3469450131,24629.1088735322,22978.1501514787,19979.6536193949,14808.0472003131,9898.24236917848,9703.67677047726,17176.281733993,23234.4804093098,19133.5776731405,17141.500481011,21638.6543743043,29292.0611873217,31097.7402750023,23856.8258166819,25483.9339166209,22219.0768896392,24141.3981735027,24667.2828647097,24258.4937011019,25108.8847144452,26612.4000698077,24085.6056055064,24671.9042384247,23822.462402342,23438.869219092,24180.0911479568,26498.0822510196,22980.1984104598,23310.267146706,24082.4069034513,23886.3777408757,22592.8398124937,25380.615306708,28939.2007221882
12499.9262490864,4679.67751941306,1e+09,6354.61607416215,10422.2084384453,21280.3729872928,31814.8704771998,20565.8816779758,18187.4617636821,13561.8123414609,21319.691471079,23492.4720056319,22740.0227640058,22506.3114738511,21842.5524534268,16214.281042988,14461.5852867727,23680.28648067,22706.1842438112,22452.2715668059,24434.891771293,22578.8595844963,19151.1973695876,14391.4517370347,10223.0713882815,10505.0869068085,18223.1137234612,23523.4553237678,18849.2528720424,17075.6712375473,21544.1323697776,28866.6086164742,30680.2565304986,23263.8987187144,25737.918833375,21745.6055562452,24204.0181072048,24578.3388907652,24016.717215167,24904.5920355303,26310.3755956543,23804.4633124694,24570.6685213061,23412.7561437798,22829.2599923519,23589.4357858131,26025.4062194637,22449.4724465454,23288.4626356679,23795.6800837862,23688.0208726373,22097.9329655943,25276.0959084666,28536.0146140242
16028.8267179666,4607.26519417973,6354.61607416215,1e+09,5206.48930635606,22839.3675724942,35583.5315367685,25349.8286448942,22709.8197440358,18090.3370043126,24885.2428597954,27760.1281392828,27162.8273227457,26104.7615053231,26006.9856575171,20514.5973775943,17933.599420412,26791.496506235,27016.2421284105,26743.1987502169,28523.1181328935,26843.8933257976,23753.2070986657,18619.0915931793,13729.0634474934,13547.0646363926,21163.4849369002,27260.994925547,23121.9355066742,21015.2186443682,25618.6078456598,33187.5461277736,34912.3975397079,27823.6960737426,29548.5105744977,26113.4716548681,28153.2435627141,28609.010799395,28157.127215959,29090.4313047572,30480.472653517,27963.4853248965,28508.1087727141,27631.1270091956,27230.6802392228,28046.4719485143,30293.6403675243,26786.7704474317,27262.8269101152,28045.6500929485,27792.9562957182,26395.1079939579,29239.5869978733,32740.9558585909
20077.9089140179,8451.14410041031,10422.2084384453,5206.48930635606,1e+09,25672.6685770393,39580.1718892301,29499.7141418574,26695.4434347062,22107.7159968053,28263.227840061,31405.4792479338,30946.4998721422,29518.1265001761,30123.9608985157,24174.5943998116,21481.2918541367,30491.8958974479,30753.1549746022,30576.3129478883,32345.7110369551,30470.185007036,27585.1759672057,22800.1663213977,17825.6873370846,17508.5488552421,24617.3886871252,30714.9287187566,26826.3417025691,24996.3119187931,29370.3685618261,37040.2059905922,38791.554345731,31555.3146064114,33120.7718711144,29908.7899846818,31823.9696571389,32252.2673393872,31836.7875303257,32654.5268145444,34364.0534444265,31707.9380674288,32397.2442209226,31314.73756328,31013.0262756442,31910.4101621806,34285.6355108448,30535.8489807276,30924.9500160453,31956.9248885887,31409.248900152,30323.2927517362,33211.4540928759,36674.9310935822
18026.5613445743,19079.2063048126,21280.3729872928,22839.3675724942,25672.6685770393,1e+09,17583.5819048822,16031.4786409114,12877.7349799062,12752.1191816772,9445.07492024812,13890.3403720319,14059.590275545,10411.6570186642,13488.9059027854,13357.3833398649,10207.6736327285,9424.32302555998,13268.7500873895,13455.9759435093,13436.3258762766,13689.1298985034,14361.2253493844,12486.1523469042,12493.5330509588,11881.9973369842,6407.60427293228,10747.020856014,11701.134588838,10913.9073379381,11443.347969777,16948.6062350507,18572.8122814532,14449.8506741385,11980.1068403792,13355.202493901,12041.5196740611,13067.3911340788,13272.9961828971,13895.76325609,14863.0543596429,13300.6387795399,13042.8542090449,13849.1908567541,14233.9794711563,14460.0730639129,15612.0454696942,13921.4099537475,11994.3378384386,13521.4564336761,12916.4206801807,13390.8791119553,13469.5254398847,16684.9169444951
23646.5857803489,31705.0709975849,31814.8704771998,35583.5315367685,39580.1718892301,17583.5819048822,1e+09,13367.8750619423,14327.7448920826,18623.6875963382,12808.1936164863,10954.7560764629,11081.5937611203,11806.6146589274,10703.4108382282,17474.7695307263,18886.721080537,10161.0525541402,10752.6203472316,10742.2818563935,8451.28955762374,11747.1212316976,14563.1517084284,17663.2754082814,22092.1548217212,22352.6367116902,15603.5153483694,10532.3767538054,14190.8531351431,15117.9453879686,11317.0534424867,6154.00679638071,5630.10262945535,10813.7582482502,8269.41770512289,11684.3518978504,9177.27338573392,9311.3569148594,9796.74951687038,9907.35610562172,6963.6170784155,9566.9896908432,7982.48757836177,10714.3790491703,11073.2184675459,9901.94542761169,7237.81532207751,11419.0037527711,9978.985553066,8932.58505920319,10327.0638132385,11022.0988475834,7509.93921410819,5888.09842159589
12967.1550280892,21721.8180602223,20565.8816779758,25349.8286448942,29499.7141418574,16031.4786409114,13367.8750619423,1e+09,3955.71900188828,7843.4464260617,8541.86111098161,6887.51054941479,5710.63749567419,8527.6802286847,5030.65848161053,6923.69824526604,10404.1487411369,9833.41094188075,5822.56328535809,4978.21399850388,6329.96889451283,5985.5759277032,4284.34277792989,7549.62597896744,12406.1603965046,13236.3041146198,10298.024777126,8376.54628476438,5781.71313485026,6452.44232281855,6297.01731075912,9981.11803996927,11258.5694481981,5467.49653745661,9476.94396232773,5449.89274787128,8051.26674998413,7568.36271108884,6714.12150403908,8009.39344892608,7639.41941574751,6156.32864650678,6955.05770525306,5969.90708812122,5146.16132128599,5179.79250788099,6756.99749372456,5057.75755873095,6852.41910705993,6066.82165187011,7093.39198914032,5600.40048214411,8194.27084171008,9762.27780768915
11654.9129788944,18864.9094680123,18187.4617636821,22709.8197440358,26695.4434347062,12877.7349799062,14327.7448920826,3955.71900188828,1e+09,4845.47760040226,6420.77195458615,6729.99951476967,5573.35300583948,6926.46575941872,5237.87828236778,4898.52277526603,7175.42993874235,8417.20301646574,5321.13429754409,5011.90572720597,6625.50129422673,5719.12653288944,3521.82192169053,4837.78857760444,9451.31571280422,10087.9488218567,7033.40763940211,7016.41440919078,3162.75597547455,3330.71509469063,4695.85152353649,11010.1460760382,12800.342197168,5648.24312824793,8815.24757880345,4976.77153829669,7228.1601592729,7340.81685230602,6657.54841229863,7920.50926584901,8453.18641969997,6097.30990895985,7012.15767590119,6103.217123444,5332.42526378008,5800.30206506523,8077.35043649215,5118.02043929096,6052.08830936066,6137.7107213765,6622.71307911644,5269.90482804955,8257.09462810013,10865.7628904831
9512.35921985708,14279.7491266724,13561.8123414609,18090.3370043126,22107.7159968053,12752.1191816772,18623.6875963382,7843.4464260617,4845.47760040226,1e+09,9007.32542251028,10573.7328760188,9692.21381909727,10032.6936956233,8915.69964623641,5152.47139072116,5238.97339487423,11380.0523559253,9513.97023827067,9204.89040389944,11065.7570368412,9667.14950215419,6684.68150613775,2887.17251122963,5272.65672828224,6210.9801335055,7347.8214064034,10585.2527339927,5940.90755553392,4457.75896394141,8468.43416073479,15491.7213686762,17309.7502175161,10006.8405539611,12647.7050435089,8788.12151635377,11107.3001224915,11445.2232115979,10814.0028756839,11902.4537245141,12923.7844741005,10506.8891909404,11310.4680911667,10262.8124307277,9651.51017482756,10260.9916138451,12658.2675032131,9375.12036541398,10138.5444564543,10501.6738258575,10598.1953212375,9052.52608878317,12213.4197288147,15197.9682775626
14905.9335613976,20861.3593748706,21319.691471079,24885.2428597954,28263.227840061,9445.07492024812,12808.1936164863,8541.86111098161,6420.77195458615,9007.32542251028,1e+09,5518.82631888339,6045.76431271514,2779.86876262172,6893.4378705186,7121.87830605101,7481.05537241906,5789.60917197353,5156.20354482831,5299.75320653707,5965.26000284983,4821.38867823369,6423.16065969862,8499.94035920253,11845.6720040317,11971.5241926498,5018.67816304254,3216.7721173717,4406.14336909275,6199.36219204847,3617.79866641304,10216.0064316885,11715.3891227308,6152.6270783788,5467.94878181938,5200.95932164442,4720.25307648859,4954.0951138326,5155.26354070284,5625.13141055389,7692.8549265406,5356.8563648375,6206.53941293375,5442.6409272062,6119.51028421393,6590.02832699526,8429.97221797913,5403.15074259455,3889.02700151336,6116.62841514016,4889.33601106531,6150.51754868645,7486.29187470005,10274.8827861052
16422.5698070734,23889.0011061179,23492.4720056319,27760.1281392828,31405.4792479338,13890.3403720319,10954.7560764629,6887.51054941479,6729.99951476967,10573.7328760188,5518.82631888339,1e+09,2413.12359673101,4742.41283276773,5349.38466998776,8639.15496420802,10717.6937898692,8191.63592254929,2070.16387880284,2665.70036208123,4111.20409999309,2303.27903949999,5392.55329649138,10202.267123576,14445.9526046467,14997.108303183,9345.09759808853,4625.19121973352,5538.50808790598,8331.92205071555,3753.19984100234,6846.28613333536,8079.68219183156,3022.51467046895,5040.04654470572,2869.06597118296,3557.36198482808,2590.9639596297,2378.28918878676,2266.23750317569,4756.86388346356,3073.512168367,4429.14180853357,2503.68289331936,2712.01632270162,3335.55449462305,5388.9133832063,2703.97844151909,3053.8861072247,3639.68658855402,2342.11086477562,3137.98272326347,5057.36760228085,6756.37170248944
15675.2081871948,23310.8879578192,22740.0227640058,27162.8273227457,30946.4998721422,14059.590275545,11081.5937611203,5710.63749567419,5573.35300583948,9692.21381909727,6045.76431271514,2413.12359673101,1e+09,5312.04787055802,4491.18010184406,8181.20320680889,10448.7752236566,8135.98587011433,1528.5324496392,2319.71118238888,3830.04306094592,2817.18587627796,4737.6542094163,9375.51425299434,13822.4218143421,14361.0917052117,9144.98180886654,5099.86830573104,5009.79712322765,7444.59736752096,3415.11005418566,6830.90756771017,8352.34639132621,2787.08774739871,5647.0377472884,2712.61695664906,4206.55575531812,3514.73320304685,2800.81079603746,3532.84609816222,4598.53080021217,2702.69907581292,4183.65798609303,2342.00028368914,1591.03579522901,2506.06571025183,4752.72850158727,2129.67553526353,3356.61447485409,3206.24690908233,2740.07067408854,2296.98893802299,4872.30391955387,6687.75955099314
15438.7499085127,22152.7036337216,22506.3114738511,26104.7615053231,29518.1265001761,10411.6570186642,11806.6146589274,8527.6802286847,6926.46575941872,10032.6936956233,2779.86876262172,4742.41283276773,5312.04787055802,1e+09,6859.7743668214,7839.48664133054,8866.26556097887,6313.00956555588,4507.18610970304,4612.37013317448,5189.31654027773,4297.33415361198,6519.21904539953,9481.37741670481,12959.0634070329,13266.5394335599,6135.88345774266,2500.68582814795,4847.94243354849,7218.43280194531,4060.28698848985,9383.87893714001,10577.0230642275,5692.56733307565,4779.96017435292,4594.13618076347,4351.40111496286,3865.05331338392,4140.87167324707,4467.35046129135,6547.24674711439,4390.74333507437,5314.60814008898,4459.65078210167,5270.05814658624,5699.17373486719,7306.04387922082,4550.09948502228,3066.01814780996,5332.82103758414,3677.45406942085,5458.51965123329,6646.45292615542,9194.85834959952
14429.9448727464,22286.1175267609,21842.5524534268,26006.9856575171,30123.9608985157,13488.9059027854,10703.4108382282,5030.65848161053,5237.87828236778,8915.69964623641,6893.4378705186,5349.38466998776,4491.18010184406,6859.7743668214,1e+09,8243.74705701843,9986.74184670356,6615.01636437129,4484.85135408076,3920.17525137589,4371.65488355382,5320.46287135809,5702.84463525003,7887.02504667635,12519.7680412298,13071.8957244732,8841.80759622714,6777.87245276864,6116.10852344037,5996.19325705068,4268.9296283729,8083.31954743842,9431.04828151674,5311.06764951267,7106.91589223483,4437.23524056366,5457.05080159604,5580.32542900502,5047.92736334429,6453.862320789,5702.6749943601,4747.93670604401,4114.32159166004,5036.58352266693,4704.35357966427,4579.35413674243,5210.16618813642,4829.37973738864,4995.74833311287,4070.8166953082,5551.63451904032,3520.63954684373,4816.49583353915,7448.7594856392
9097.18975788677,16779.0881651447,16214.281042988,20514.5973775943,24174.5943998116,13357.3833398649,17474.7695307263,6923.69824526604,4898.52277526603,5152.47139072116,7121.87830605101,8639.15496420802,8181.20320680889,7839.48664133054,8243.74705701843,1e+09,4984.16391680691,10514.7020567394,7940.7624888105,7597.03582922972,9611.47756079158,7186.39253133309,4263.4518443041,4648.4465372208,7963.74481854485,8586.24075243642,7335.04646702391,8911.16651475552,4643.29114303637,4776.14562407806,7220.79141659001,14269.5500336661,15748.4840911245,8509.16552833473,11347.0731469397,6975.85230308096,9684.60054130784,9416.48903633939,8993.45807657433,9862.98397682973,11600.508729948,8901.17126658621,9993.05652297134,8267.519741694,8041.49770177173,8950.11734086208,11341.0998352232,7269.95147623421,8330.03944921631,9294.23701939541,8882.45365296662,8241.35874483692,11534.8562190346,14248.3314796154
9985.6001639561,13967.0008609687,14461.5852867727,17933.599420412,21481.2918541367,10207.6736327285,18886.721080537,10404.1487411369,7175.42993874235,5238.97339487423,7481.05537241906,10717.6937898692,10448.7752236566,8866.26556097887,9986.74184670356,4984.16391680691,1e+09,10436.8781216415,10048.6873606009,9927.00658471626,11700.6175809826,9752.69569200229,7691.16160787823,4513.25413208696,5304.04078803133,5175.87797334906,5292.28687946903,10013.2369071694,6445.10068774724,5218.00673861198,8387.9116460237,16246.247759372,17954.0152432819,11026.6702246417,12288.4751720626,9204.11506645805,10724.4018281534,11161.1674805058,11025.4074473418,11784.7494268652,13646.3586695133,11082.9182706045,11710.2129329872,10794.302788967,10678.1562553092,11468.5956546126,13693.5904820942,10026.8036039607,9981.53565566441,11173.8636307904,10795.3095806049,10032.8409422008,12727.3721659972,16118.6453837039
16483.948570467,22950.5022281365,23680.28648067,26791.496506235,30491.8958974479,9424.32302555998,10161.0525541402,9833.41094188075,8417.20301646574,11380.0523559253,5789.60917197353,8191.63592254929,8135.98587011433,6313.00956555588,6615.01636437129,10514.7020567394,10436.8781216415,1e+09,7343.94866052997,7263.47800887426,5963.59107377426,7764.295629315,9536.07751151909,10284.2127533905,13730.807158179,13617.8067328847,7046.64178555998,5716.03853646037,8173.67987222402,7316.66406831693,5762.28103419991,9488.57471236328,10855.1233902338,8331.2743608286,6276.38793037843,8033.55651830495,5858.20563093342,6653.40952867776,6979.52297195876,8150.21670545023,7502.3011415565,6640.76625627645,5356.57078249695,7542.60912121926,8096.19108987677,8100.66102437326,7827.2705938852,7898.4314776796,5757.35383056314,6655.1408951201,7313.80959270201,7823.49279570832,6730.03065034625,9405.60279344179
15586.6955865411,23103.4228555814,22706.1842438112,27016.2421284105,30753.1549746022,13268.7500873895,10752.6203472316,5822.56328535809,5321.13429754409,9513.97023827067,5156.20354482831,2070.16387880284,1528.5324496392,4507.18610970304,4484.85135408076,7940.7624888105,10048.6873606009,7343.94866052997,1e+09,1903.97871613629,3193.20486397287,2326.92260763009,4712.6899041418,9181.29873536963,13582.8771294303,14067.7239511763,8451.26737509233,4059.38672863279,4559.09578935341,7024.12494173474,2650.2029329091,6776.26633660455,8405.80544048576,2197.1126789266,4841.2338728159,2395.11954434429,3290.69831613291,2805.48419464448,2148.84884326469,3075.69330289936,4462.59570090099,2142.08476027444,3687.82631955465,2108.14669328299,1742.30312216331,2347.33595586571,4719.51491922634,2020.07105872541,2272.58604439964,2701.57448474033,2194.69597397908,2510.82562122502,4693.5683933975,6796.94878343952
15056.927047097,22877.3469450131,22452.2715668059,26743.1987502169,30576.3129478883,13455.9759435093,10742.2818563935,4978.21399850388,5011.90572720597,9204.89040389944,5299.75320653707,2665.70036208123,2319.71118238888,4612.37013317448,3920.17525137589,7597.03582922972,9927.00658471626,7263.47800887426,1903.97871613629,1e+09,3087.13019061393,2529.61549283681,4378.85967871774,8724.699670705,13265.3083951524,13878.2230198826,8386.87405198147,4316.41997193276,4305.39233898608,6667.32190928262,3076.29725460658,7218.24149976295,8517.63107777039,2642.08286467325,5282.0298710439,2300.8540525205,3865.53935280706,3127.33680180118,2549.11678518266,3611.58438763377,4413.07010370332,2375.62624667686,3548.53843534208,2285.99615128722,2128.18771437108,2447.64652063978,4514.65268333014,1955.85561834201,2640.45788705293,2524.32299634971,2792.57141296333,2586.318418776,4810.64414154695,6963.29387884785
16607.3209824101,24629.1088735322,24434.891771293,28523.1181328935,32345.7110369551,13436.3258762766,8451.28955762374,6329.96889451283,6625.50129422673,11065.7570368412,5965.26000284983,4111.20409999309,3830.04306094592,5189.31654027773,4371.65488355382,9611.47756079158,11700.6175809826,5963.59107377426,3193.20486397287,3087.13019061393,1e+09,4100.25400515627,6706.1730400654,10490.9947035446,14988.8422686043,15428.3245384585,9212.77680536113,4110.24078836021,6453.36851152946,7893.07755185517,4098.2952848105,5541.52779241429,6820.85898608086,3594.12323923374,4163.7572008944,4563.74140917296,3550.57944024634,3046.1028867883,2661.38683435911,3972.46871756091,2753.08233382149,1869.56124994609,1750.07737448948,3044.97555883459,3445.64142252208,2920.78745368437,2879.3838164267,3670.85174849108,2687.72833439319,2313.16103211601,3241.65863022311,4189.16250690994,3826.20802453291,5382.73849251475
15087.61344817,22978.1501514787,22578.8595844963,26843.8933257976,30470.185007036,13689.1298985034,11747.1212316976,5985.5759277032,5719.12653288944,9667.14950215419,4821.38867823369,2303.27903949999,2817.18587627796,4297.33415361198,5320.46287135809,7186.39253133309,9752.69569200229,7764.295629315,2326.92260763009,2529.61549283681,4100.25400515627,1e+09,4251.31598495101,9213.43620530364,13557.2732016988,14112.8493910337,8649.6027397332,4327.38738230124,4574.06485821966,7224.07680589015,3400.98449077616,7833.85378975763,9072.60615208221,2962.2439896808,5671.99299146253,2838.49580852253,4098.00276933777,3002.76549635499,2823.68268024224,3281.26999184767,5414.69400079081,3046.84700191854,4614.3720086378,2115.81011073773,2633.75981103061,3643.23797166751,5813.12950472463,1907.27065677633,2859.28918175479,3934.73691675822,2787.42135790411,3853.56534732447,6073.62836535131,7944.44505005856
11620.6533508964,19979.6536193949,19151.1973695876,23753.2070986657,27585.1759672057,14361.2253493844,14563.1517084284,4284.34277792989,3521.82192169053,6684.68150613775,6423.16065969862,5392.55329649138,4737.6542094163,6519.21904539953,5702.84463525003,4263.4518443041,7691.16160787823,9536.07751151909,4712.6899041418,4378.85967871774,6706.1730400654,4251.31598495101,1e+09,6207.30639141488,10707.6068206673,11432.249015723,8361.0550028271,7134.85184464261,3479.33931537296,5370.20543404999,4965.97658709745,10923.9801156721,12248.2108985884,5229.75981652122,8959.5470594054,4159.37729364625,7063.37273450864,6584.03016724559,6081.55542030162,6882.16515434641,8396.65358509567,5936.50649405861,7236.41254440348,5246.22343004947,4694.87552809444,5590.73758376299,8029.59053467859,4062.70478817991,5831.41296879238,6154.92573380053,6069.365871407,5032.98760012381,8475.47193559745,10840.2747574266
8527.00319560161,14808.0472003131,14391.4517370347,18619.0915931793,22800.1663213977,12486.1523469042,17663.2754082814,7549.62597896744,4837.78857760444,2887.17251122963,8499.94035920253,10202.267123576,9375.51425299434,9481.37741670481,7887.02504667635,4648.4465372208,4513.25413208696,10284.2127533905,9181.29873536963,8724.699670705,10490.9947035446,9213.43620530364,6207.30639141488,1e+09,5250.25853181536,6015.3894928425,6925.5068731321,10269.0900440935,5851.73404257234,3341.96379082718,7854.16321022806,15101.604722575,16748.0920364799,9890.61172966566,12194.7715179826,8269.74130912207,10450.5928445184,10825.4421329246,10418.9353806663,11492.3201967401,12389.9911614335,10138.1513224009,10535.3158817902,9975.15300337293,9486.38367054591,10032.5579700294,12036.0087066145,9038.4365214787,9582.49321326658,9819.88509222486,10335.5371889757,8621.25904870628,11467.3333331163,14747.5512039253
8195.29774107689,9898.24236917848,10223.0713882815,13729.0634474934,17825.6873370846,12493.5330509588,22092.1548217212,12406.1603965046,9451.31571280422,5272.65672828224,11845.6720040317,14445.9526046467,13822.4218143421,12959.0634070329,12519.7680412298,7963.74481854485,5304.04078803133,13730.807158179,13582.8771294303,13265.3083951524,14988.8422686043,13557.2732016988,10707.6068206673,5250.25853181536,1e+09,2144.55145652885,8585.84843709112,14026.6217455309,9889.82955671634,7545.33885398794,12133.5878018087,19683.4930148792,21378.4732288323,14450.4535092259,16173.8408914302,12710.4441404264,14664.3785870456,15126.5087616806,14724.3395831392,15718.8760021479,16948.2580065121,14537.3041700516,14965.5328796872,14315.9532772359,13935.4005636975,14631.044918655,16761.2052688761,13487.5584535267,13796.0419455654,14433.3954695422,14473.4612364424,12978.8548018074,15733.0434095727,19254.8218137977
8829.5310116223,9703.67677047726,10505.0869068085,13547.0646363926,17508.5488552421,11881.9973369842,22352.6367116902,13236.3041146198,10087.9488218567,6210.9801335055,11971.5241926498,14997.108303183,14361.0917052117,13266.5394335599,13071.8957244732,8586.24075243642,5175.87797334906,13617.8067328847,14067.7239511763,13878.2230198826,15428.3245384585,14112.8493910337,11432.249015723,6015.3894928425,2144.55145652885,1e+09,8454.2331337857,14271.1230212167,10469.0911065479,7880.8628694452,12442.7336893184,20051.2421723119,21835.8682963971,15021.9416785647,16423.0453118659,13322.2494454728,14923.9717408839,15519.7669230018,15170.5714237566,16210.1971390418,17439.8522854524,14999.8512008453,15368.1087302732,14857.7638301092,14519.8551700973,15224.6444431849,17241.6423245612,14074.6866919516,14155.1744034152,14960.728317201,14953.936577955,13633.4721103797,16211.0627871895,19729.9498960692
12998.6828887084,17176.281733993,18223.1137234612,21163.4849369002,24617.3886871252,6407.60427293228,15603.5153483694,10298.024777126,7033.40763940211,7347.8214064034,5018.67816304254,9345.09759808853,9144.98180886654,6135.88345774266,8841.80759622714,7335.04646702391,5292.28687946903,7046.64178555998,8451.26737509233,8386.87405198147,9212.77680536113,8649.6027397332,8361.0550028271,6925.5068731321,8585.84843709112,8454.2331337857,1e+09,6865.47261834901,5786.58535336687,5239.32498024316,6639.9365952018,13762.7046935368,15424.7808844859,9626.4567073041,9041.66658919693,8230.69524529976,8350.05695353631,8985.94939170592,8924.34394747872,9787.6834900297,11051.7531969729,8777.37029183001,9084.29928621355,9062.21011549059,9208.51423511958,9719.03004267401,11464.2586257246,8707.86923226343,7556.99679821952,9061.13032050086,8539.41716037459,8609.5518798193,10050.6593916021,13531.5286794656
16659.7026411308,23234.4804093098,23523.4553237678,27260.994925547,30714.9287187566,10747.020856014,10532.3767538054,8376.54628476438,7016.41440919078,10585.2527339927,3216.7721173717,4625.19121973352,5099.86830573104,2500.68582814795,6777.87245276864,8911.16651475552,10013.2369071694,5716.03853646037,4059.38672863279,4316.41997193276,4110.24078836021,4327.38738230124,7134.85184464261,10269.0900440935,14026.6217455309,14271.1230212167,6865.47261834901,1e+09,5308.03021584279,7626.66190778771,3761.6149331371,7884.11642738741,9380.9056474042,4754.39535176662,3169.90428535311,4877.39189882257,3257.16784332647,3227.12252122537,3548.0839917905,3947.02885151604,5443.19803835025,3570.13816858676,4459.25547604082,4154.98618286511,4931.59235635915,5002.17271809961,6375.500198008,4586.76728479874,2370.58891586036,4465.70140826724,3226.82070865426,5536.98887430705,5932.46517200902,8047.05671781304
12589.0315188898,19133.5776731405,18849.2528720424,23121.9355066742,26826.3417025691,11701.134588838,14190.8531351431,5781.71313485026,3162.75597547455,5940.90755553392,4406.14336909275,5538.50808790598,5009.79712322765,4847.94243354849,6116.10852344037,4643.29114303637,6445.10068774724,8173.67987222402,4559.09578935341,4305.39233898608,6453.36851152946,4574.06485821966,3479.33931537296,5851.73404257234,9889.82955671634,10469.0911065479,5786.58535336687,5308.03021584279,1e+09,4314.81423333612,3740.61448076382,10887.7283026213,12559.417616076,5223.02161814404,7466.56739603949,3896.76444943751,6164.30496408963,6113.6204363781,5695.88445554332,6425.27988008305,8137.22061377225,5533.79278006505,6848.86458833141,5277.24676979389,4982.75142647112,5649.51172029937,8312.08508676975,4406.61371542821,4894.23148897761,5786.98839896021,5370.13056097336,4950.42018124725,7979.12440342924,10802.9312305689
10487.027405123,17141.500481011,17075.6712375473,21015.2186443682,24996.3119187931,10913.9073379381,15117.9453879686,6452.44232281855,3330.71509469063,4457.75896394141,6199.36219204847,8331.92205071555,7444.59736752096,7218.43280194531,5996.19325705068,4776.14562407806,5218.00673861198,7316.66406831693,7024.12494173474,6667.32190928262,7893.07755185517,7224.07680589015,5370.20543404999,3341.96379082718,7545.33885398794,7880.8628694452,5239.32498024316,7626.66190778771,4314.81423333612,1e+09,5448.94180388266,12623.2481676746,14367.324501834,7863.75132879976,9644.04123755182,6635.18624248031,8071.007095617,8502.60080784109,8136.14358457986,9407.59846765369,9990.04560395997,7667.85037654622,7929.76346447358,7748.26272725054,7424.45140129559,7993.63578454761,9702.60924687272,7034.44374335313,7050.29457903001,7563.33627296182,8133.62581740149,6944.99571824922,9236.40423231898,12443.8759150596
14865.2630090322,21638.6543743043,21544.1323697776,25618.6078456598,29370.3685618261,11443.347969777,11317.0534424867,6297.01731075912,4695.85152353649,8468.43416073479,3617.79866641304,3753.19984100234,3415.11005418566,4060.28698848985,4268.9296283729,7220.79141659001,8387.9116460237,5762.28103419991,2650.2029329091,3076.29725460658,4098.2952848105,3400.98449077616,4965.97658709745,7854.16321022806,12133.5878018087,12442.7336893184,6639.9365952018,3761.6149331371,3740.61448076382,5448.94180388266,1e+09,8031.6899381139,9845.46562041126,3912.20392969232,4870.32818312072,3065.02313637271,3277.32116943091,3673.25218467232,3562.96435721718,4446.49229430346,5632.89464835798,3403.15024390637,4136.02376354392,3774.19940726507,3736.84034340511,4216.18045568498,6074.77350993434,3462.3944630992,2427.32019387637,3545.33521831152,3614.40801783639,3413.41730660053,5090.06762914797,8063.73898000797
21510.2554086254,29292.0611873217,28866.6086164742,33187.5461277736,37040.2059905922,16948.6062350507,6154.00679638071,9981.11803996927,11010.1460760382,15491.7213686762,10216.0064316885,6846.28613333536,6830.90756771017,9383.87893714001,8083.31954743842,14269.5500336661,16246.247759372,9488.57471236328,6776.26633660455,7218.24149976295,5541.52779241429,7833.85378975763,10923.9801156721,15101.604722575,19683.4930148792,20051.2421723119,13762.7046935368,7884.11642738741,10887.7283026213,12623.2481676746,8031.6899381139,1e+09,3073.30914798691,6440.98431403928,5909.08135382311,8076.78164064747,6257.07249200455,6031.38178539545,6067.30858506472,6143.97929629487,3695.66955220566,5943.9102379326,5501.27553563717,6747.39089337501,6814.38573820855,5956.3644827277,4283.69855902583,7513.59727285806,6865.30722064206,5823.6634767816,6610.4303915252,7445.75861584298,5282.70681116225,2524.03653374907
22647.8489641555,31097.7402750023,30680.2565304986,34912.3975397079,38791.554345731,18572.8122814532,5630.10262945535,11258.5694481981,12800.342197168,17309.7502175161,11715.3891227308,8079.68219183156,8352.34639132621,10577.0230642275,9431.04828151674,15748.4840911245,17954.0152432819,10855.1233902338,8405.80544048576,8517.63107777039,6820.85898608086,9072.60615208221,12248.2108985884,16748.0920364799,21378.4732288323,21835.8682963971,15424.7808844859,9380.9056474042,12559.417616076,14367.324501834,9845.46562041126,3073.30914798691,1e+09,8199.19893582294,7394.17091221186,9598.45185232494,7893.66524344047,7214.23436692349,7369.17286721515,7259.92993609443,4794.00024985398,7375.65703243447,6802.66743343374,7915.6569550038,8253.94249971491,7491.02485049943,5195.1188431931,8793.24401141012,8346.34727371801,7381.68453620852,7939.03794935507,8872.75846536465,6479.03922855851,3044.59092953388
16315.8263065038,23856.8258166819,23263.8987187144,27823.6960737426,31555.3146064114,14449.8506741385,10813.7582482502,5467.49653745661,5648.24312824793,10006.8405539611,6152.6270783788,3022.51467046895,2787.08774739871,5692.56733307565,5311.06764951267,8509.16552833473,11026.6702246417,8331.2743608286,2197.1126789266,2642.08286467325,3594.12323923374,2962.2439896808,5229.75981652122,9890.61172966566,14450.4535092259,15021.9416785647,9626.4567073041,4754.39535176662,5223.02161814404,7863.75132879976,3912.20392969232,6440.98431403928,8199.19893582294,1e+09,5260.05497596746,3137.01937609572,4010.64722221988,3517.99585535572,2873.8293118938,3429.80673283496,4524.30971112721,2880.94360547026,4482.71378759563,2988.91948176929,2542.79712777091,2154.69216311751,4738.39891016997,2862.54190746616,3421.94701567689,3014.48351282604,3120.31311331091,3785.44085996598,5580.88307804419,6778.41585105252
19004.9014283053,25483.9339166209,25737.918833375,29548.5105744977,33120.7718711144,11980.1068403792,8269.41770512289,9476.94396232773,8815.24757880345,12647.7050435089,5467.94878181938,5040.04654470572,5647.0377472884,4779.96017435292,7106.91589223483,11347.0731469397,12288.4751720626,6276.38793037843,4841.2338728159,5282.0298710439,4163.7572008944,5671.99299146253,8959.5470594054,12194.7715179826,16173.8408914302,16423.0453118659,9041.66658919693,3169.90428535311,7466.56739603949,9644.04123755182,4870.32818312072,5909.08135382311,7394.17091221186,5260.05497596746,1e+09,5746.82256860258,2918.39929487039,3273.20440099606,3772.8815968302,3604.15081757132,4115.36807374505,4121.99947698929,4233.33083756751,5076.59950174327,5773.21510633373,5176.46009695815,5607.24356768101,5810.90894261819,3490.99931485241,4293.28989320544,3798.55611933008,5817.55507606933,4446.48921440275,6044.2757538021
14807.8007253204,22219.0768896392,21745.6055562452,26113.4716548681,29908.7899846818,13355.202493901,11684.3518978504,5449.89274787128,4976.77153829669,8788.12151635377,5200.95932164442,2869.06597118296,2712.61695664906,4594.13618076347,4437.23524056366,6975.85230308096,9204.11506645805,8033.55651830495,2395.11954434429,2300.8540525205,4563.74140917296,2838.49580852253,4159.37729364625,8269.74130912207,12710.4441404264,13322.2494454728,8230.69524529976,4877.39189882257,3896.76444943751,6635.18624248031,3065.02313637271,8076.78164064747,9598.45185232494,3137.01937609572,5746.82256860258,1e+09,4301.28960525794,3780.60309838258,3261.23558758027,3816.66742989221,5487.93682667722,3554.33041878495,4788.88110371306,3231.48942651837,2947.04330392344,3160.18766474398,5763.1792480106,2500.37839368364,3296.26680141338,3589.03211109904,3233.14343441487,2540.26183420135,5562.87001625959,7894.9502876839
17284.5097096418,24141.3981735027,24204.0181072048,28153.2435627141,31823.9696571389,12041.5196740611,9177.27338573392,8051.26674998413,7228.1601592729,11107.3001224915,4720.25307648859,3557.36198482808,4206.55575531812,4351.40111496286,5457.05080159604,9684.60054130784,10724.4018281534,5858.20563093342,3290.69831613291,3865.53935280706,3550.57944024634,4098.00276933777,7063.37273450864,10450.5928445184,14664.3785870456,14923.9717408839,8350.05695353631,3257.16784332647,6164.30496408963,8071.007095617,3277.32116943091,6257.07249200455,7893.66524344047,4010.64722221988,2918.39929487039,4301.28960525794,1e+09,2052.61238303777,2941.562849813,3258.01436769392,4328.25679738391,3460.9160064064,3439.08095089371,4182.27454464673,4610.50151726469,4195.13380684097,5181.34331244321,4573.49930885531,2535.25049760374,3109.25039651039,3188.45136789006,4418.99776686977,4157.15207668663,6378.87636214247
17173.6693785021,24667.2828647097,24578.3388907652,28609.010799395,32252.2673393872,13067.3911340788,9311.3569148594,7568.36271108884,7340.81685230602,11445.2232115979,4954.0951138326,2590.9639596297,3514.73320304685,3865.05331338392,5580.32542900502,9416.48903633939,11161.1674805058,6653.40952867776,2805.48419464448,3127.33680180118,3046.1028867883,3002.76549635499,6584.03016724559,10825.4421329246,15126.5087616806,15519.7669230018,8985.94939170592,3227.12252122537,6113.6204363781,8502.60080784109,3673.25218467232,6031.38178539545,7214.23436692349,3517.99585535572,3273.20440099606,3780.60309838258,2052.61238303777,1e+09,1743.60648329834,1936.4377837927,3626.8765171839,2533.81180603454,3240.69348704872,2830.70741271506,3647.67815941867,3508.403852509,4522.18059743306,3415.72594396857,2018.75269015301,3027.96665021265,2158.57158389524,4150.7523075221,4388.00448633545,6030.39303212486
16766.4840698729,24258.4937011019,24016.717215167,28157.127215959,31836.7875303257,13272.9961828971,9796.74951687038,6714.12150403908,6657.54841229863,10814.0028756839,5155.26354070284,2378.28918878676,2800.81079603746,4140.87167324707,5047.92736334429,8993.45807657433,11025.4074473418,6979.52297195876,2148.84884326469,2549.11678518266,2661.38683435911,2823.68268024224,6081.55542030162,10418.9353806663,14724.3395831392,15170.5714237566,8924.34394747872,3548.0839917905,5695.88445554332,8136.14358457986,3562.96435721718,6067.30858506472,7369.17286721515,2873.8293118938,3772.8815968302,3261.23558758027,2941.562849813,1743.60648329834,1e+09,2285.38088293834,3532.34998734553,1875.39265008691,3242.68270236235,1942.46527258533,2685.38210318383,2523.98374113226,4180.4037807609,2732.10807214868,2086.70754711819,2952.89905415001,1409.87590907853,3413.17336070115,4410.8110716171,5961.7659632109
17777.3022821012,25108.8847144452,24904.5920355303,29090.4313047572,32654.5268145444,13895.76325609,9907.35610562172,8009.39344892608,7920.50926584901,11902.4537245141,5625.13141055389,2266.23750317569,3532.84609816222,4467.35046129135,6453.862320789,9862.98397682973,11784.7494268652,8150.21670545023,3075.69330289936,3611.58438763377,3972.46871756091,3281.26999184767,6882.16515434641,11492.3201967401,15718.8760021479,16210.1971390418,9787.6834900297,3947.02885151604,6425.27988008305,9407.59846765369,4446.49229430346,6143.97929629487,7259.92993609443,3429.80673283496,3604.15081757132,3816.66742989221,3258.01436769392,1936.4377837927,2285.38088293834,1e+09,4039.01185707594,3118.68425287011,4447.59629133535,3064.95586570182,3757.44889636572,3714.99549612109,5172.72063130226,3662.55112109033,2968.44407033382,3687.79239888853,2159.50507623853,4355.55078343715,4953.61260441307,6179.76447507508
18670.3289762393,26612.4000698077,26310.3755956543,30480.472653517,34364.0534444265,14863.0543596429,6963.6170784155,7639.41941574751,8453.18641969997,12923.7844741005,7692.8549265406,4756.86388346356,4598.53080021217,6547.24674711439,5702.6749943601,11600.508729948,13646.3586695133,7502.3011415565,4462.59570090099,4413.07010370332,2753.08233382149,5414.69400079081,8396.65358509567,12389.9911614335,16948.2580065121,17439.8522854524,11051.7531969729,5443.19803835025,8137.22061377225,9990.04560395997,5632.89464835798,3695.66955220566,4794.00024985398,4524.30971112721,4115.36807374505,5487.93682667722,4328.25679738391,3626.8765171839,3532.34998734553,4039.01185707594,1e+09,3087.40456605544,2721.25769207916,4112.88132985867,4388.18725411758,3459.14334820053,2122.477296345,4805.44196185949,4176.7546271597,3174.5942865664,3953.57966444335,4829.29258128973,3177.07876351846,3160.61273069005
16291.899311618,24085.6056055064,23804.4633124694,27963.4853248965,31707.9380674288,13300.6387795399,9566.9896908432,6156.32864650678,6097.30990895985,10506.8891909404,5356.8563648375,3073.512168367,2702.69907581292,4390.74333507437,4747.93670604401,8901.17126658621,11082.9182706045,6640.76625627645,2142.08476027444,2375.62624667686,1869.56124994609,3046.84700191854,5936.50649405861,10138.1513224009,14537.3041700516,14999.8512008453,8777.37029183001,3570.13816858676,5533.79278006505,7667.85037654622,3403.15024390637,5943.9102379326,7375.65703243447,2880.94360547026,4121.99947698929,3554.33041878495,3460.9160064064,2533.81180603454,1875.39265008691,3118.68425287011,3087.40456605544,1e+09,2497.99910552426,1819.88329774192,2146.9608931464,2324.21765299638,3647.40324570783,2306.50903546897,1863.98988618501,2563.35012259348,1961.86329793898,3417.33060721377,4182.87451558136,5841.23900633248
16739.566435613,24671.9042384247,24570.6685213061,28508.1087727141,32397.2442209226,13042.8542090449,7982.48757836177,6955.05770525306,7012.15767590119,11310.4680911667,6206.53941293375,4429.14180853357,4183.65798609303,5314.60814008898,4114.32159166004,9993.05652297134,11710.2129329872,5356.57078249695,3687.82631955465,3548.53843534208,1750.07737448948,4614.3720086378,7236.41254440348,10535.3158817902,14965.5328796872,15368.1087302732,9084.29928621355,4459.25547604082,6848.86458833141,7929.76346447358,4136.02376354392,5501.27553563717,6802.66743343374,4482.71378759563,4233.33083756751,4788.88110371306,3439.08095089371,3240.69348704872,3242.68270236235,4447.59629133535,2721.25769207916,2497.99910552426,1e+09,3702.28202572413,3972.98441357376,3664.87376507022,3101.31549178732,4212.32010339908,2947.66004210119,2407.18558893991,3667.16821863955,4120.99885680644,2966.88908314753,5128.8253756099
15906.4871860289,23822.462402342,23412.7561437798,27631.1270091956,31314.73756328,13849.1908567541,10714.3790491703,5969.90708812122,6103.217123444,10262.8124307277,5442.6409272062,2503.68289331936,2342.00028368914,4459.65078210167,5036.58352266693,8267.519741694,10794.302788967,7542.60912121926,2108.14669328299,2285.99615128722,3044.97555883459,2115.81011073773,5246.22343004947,9975.15300337293,14315.9532772359,14857.7638301092,9062.21011549059,4154.98618286511,5277.24676979389,7748.26272725054,3774.19940726507,6747.39089337501,7915.6569550038,2988.91948176929,5076.59950174327,3231.48942651837,4182.27454464673,2830.70741271506,1942.46527258533,3064.95586570182,4112.88132985867,1819.88329774192,3702.28202572413,1e+09,1642.24999062262,2652.29731280262,4488.84677011813,1568.22582611689,2630.23913654253,3499.57025227384,1991.48049129285,3372.39854053462,5200.99498616371,6625.9890355101
