1e+09,4422.4912952656,4591.56575074342,5140.58825881825,5083.86615146386,5731.93697276933,3093.94651931801,2658.96668707978,3389.82213256094,2671.24246056025,3333.22204519891,2555.88051518454,2481.04955788876,2111.07019537485,2260.96799886686,4070.89232778269,3181.27097578939,3536.7064763138,2460.25553806917,3000.76611731071,2073.08510020694,2198.04260092929,2818.15261188957,2397.87964370608,3336.08276345177,3332.01695058714,4001.36710095437,2624.99545927226,2662.94358997708,2699.79467765606,3086.40761183613,3152.00434369942,3005.14616032232,2868.28790695774,2297.26742004495,3079.45348373701,3000.51389811812,2506.78359034042,2496.71418973017,2444.99827065378,2229.056280918,3141.22404890196,2261.54251549689,2356.22112385489,2544.34133462867,3426.76117926242,3225.47382742443,2455.41469033237,3250.26039482993,3326.14978918569,2568.60973999555,2140.33691810425,2612.32587188122,2617.93027628698
4422.4912952656,1e+09,5789.02892850779,6429.66876961792,6231.11233216831,6409.94702052209,5698.50738377165,4536.61405271597,4930.48094346789,4898.47511293055,5512.79422549944,4973.59502846784,5090.36927721359,4950.2455693935,4579.52936079681,5500.67392352065,4391.31654444314,5369.16728650729,4886.95438121741,4897.77639135353,4586.43255857971,4486.57334664218,5013.24212780512,3963.55549662169,4799.59270800138,5079.66154261286,5247.47077534501,4836.99367978707,5158.78842527003,5197.28706509464,4935.96640459596,5486.37629540665,5613.33979652043,5229.8711714439,5022.73385881633,5712.30118938069,5068.86689396161,5431.12569166835,5301.68581120194,4983.63265391822,4883.41897473481,5484.97584564417,4616.34237312399,4805.43902198332,5076.59047995798,5281.37192380919,5247.53326450629,4813.49426454421,5185.71701434816,4905.65270990518,5243.81713761073,4882.03092678652,4998.69268269215,5043.54866382788
4591.56575074342,5789.02892850779,1e+09,1844.18068764967,1717.7935012102,2215.67556072635,3868.72844735838,5707.85769542304,3834.88142262574,3444.14495895571,2609.25251683313,4259.91198837488,4723.3464120367,4527.6636882834,5133.10694393756,4225.8269468827,4195.74834960344,4096.21625508224,3606.59291855901,5004.95233391888,4537.33065818439,4691.06974234023,4657.23676949111,4395.06155596256,3143.75765554535,2832.11999484485,3093.24851268048,4362.90431217555,5476.13689136786,4583.07089601503,3591.74708602931,4297.26057158511,4852.64225142345,5647.22644628317,4939.46362782438,5576.12967577871,4583.14124715789,5080.49213816929,5338.18442705008,4831.53417186508,5060.34734354273,5383.89955504372,4769.66571751103,4653.71934481443,4722.07804940791,4906.83095617732,4867.58692567477,4941.07532271064,5390.9978964381,5544.94174866608,5070.24867196866,4903.0164360524,4277.94393695149,4584.12015210116
5140.58825881825,6429.66876961792,1844.18068764967,1e+09,1566.12905410123,2398.14073346416,4280.35513777771,6423.00644053079,4421.27179215438,4168.62994529378,3412.03088791705,4862.40607298486,5543.55994889566,4939.72008440762,5669.45596770978,4592.55416149881,4516.02808772266,4519.88676040673,4356.97174125562,5759.85396664707,5327.34647821972,5612.4243857,5323.87096673088,4942.82414048892,3383.92139011828,3157.48011102208,3511.69904443704,5052.67327717714,5956.65675812364,5124.80739919073,4250.45608615123,4996.49054193041,5430.59609061473,6357.15037386249,5428.27756997558,5793.14216369666,5024.32579537792,5610.69177855102,5916.41442367757,5361.13955005837,5609.95807879168,5708.98002572263,5283.56072788986,5331.03265797538,5314.03304750733,5439.54627218117,5332.21815012289,5566.3327084356,5724.60602535231,5987.28970526732,5619.15460172614,5237.72957376572,4551.01279938873,5089.60900568993
5083.86615146386,6231.11233216831,1717.7935012102,1566.12905410123,1e+09,2187.08608618865,4492.43908163483,6383.16817140203,4388.00617123541,4243.1506991032,3430.60001209701,4904.17170367229,5456.25475634157,5078.25614808863,5872.98265756847,4637.69122989015,4697.30396072045,4409.45492660941,4307.39301933316,5900.99072631029,5253.37427390244,5469.74605111608,5373.18869477892,5117.65493032698,3658.42521418711,3253.01914442568,3571.91504047899,5017.43706872343,6215.08410470848,5290.6364203657,4324.92141114726,5073.23578400413,5559.89085544851,6180.12927783877,5594.73942437,6229.5281256047,5057.36596071512,5695.67967803668,5987.28434205358,5476.84784109436,5800.68934768102,5837.11262798655,5386.64611332506,5400.02960031702,5470.62851240148,5689.51946706398,5634.81032914152,5583.38916848002,5857.34906943406,6203.27813858931,5826.14177149853,5496.03130444142,4765.28977067502,5204.85121903595
5731.93697276933,6409.94702052209,2215.67556072635,2398.14073346416,2187.08608618865,1e+09,4585.94749132608,6615.47227822776,5058.41279610512,4736.84028382845,3979.01166494897,5470.54024261773,6046.42091764211,5321.34694728694,6135.73898629171,4692.90204841312,5239.06316352456,5148.3533338923,4996.55461110954,6046.7527041876,5630.4428617916,5974.58097415208,6085.24571274653,5527.84024178521,4021.86542636623,3546.47552567334,3608.59613462078,5360.61396151598,6479.98970050108,5673.91178846658,4699.51171723191,5310.8462840022,6159.16468269034,6662.60483657856,6005.05040033804,6327.09173046353,5590.78152710334,6220.14322227391,6511.58607968903,6003.47434063809,6089.75537668797,6175.07724695003,5635.9106419105,5871.13409093167,5824.30646527979,5693.44883761152,5738.15625634228,5872.33353042042,6150.90152966214,6244.1734277885,6207.33265577092,5930.69608528375,5264.53934739783,5469.83570002793
3093.94651931801,5698.50738377165,3868.72844735838,4280.35513777771,4492.43908163483,4585.94749132608,1e+09,3783.81120554396,3524.52983831886,2517.38547368098,3131.89775273715,3353.62403878252,4089.32992773877,2701.02868500133,3166.99900440464,4128.28909256607,3382.24041507992,4139.24189872977,3290.1042998665,3542.00427410809,3533.12124358902,3629.22584713324,4047.35739478243,3129.19847029555,3182.04314606198,3116.39174549671,3509.09746045903,2603.59441818421,3389.64992749989,3198.88115232498,3814.33647176019,3845.77579956242,4061.48502435993,3919.14168924779,3214.63960885198,3053.87915191482,3431.50940587375,3722.18644704964,3909.06695435113,3184.47583443492,3411.50282753803,4167.84072437995,3113.06377271652,4012.26071865974,3763.60012438888,3677.26917310931,3434.73779430104,3637.58515684513,4084.08553720414,3900.48743252686,4010.56991294255,3349.64363382137,3543.46659234993,3448.21129356947
2658.96668707978,4536.61405271597,5707.85769542304,6423.00644053079,6383.16817140203,6615.47227822776,3783.81120554396,1e+09,3760.38851266728,3151.76282808526,4188.51372498647,2907.14521056311,3268.64883245356,2429.69667802382,2065.18705595885,4479.46169908841,3475.18112595588,4181.98760022074,3318.51259666134,2263.78590789854,1987.03534993719,2235.57969339051,3514.69496239716,2753.94240246596,4079.64905088661,4416.38347922823,4623.51463053812,2173.29977499654,2264.24135780619,2707.92873323875,3485.99028963077,3275.0240294233,2978.97796727334,2080.22638820875,2167.52788078954,2795.45720197967,2880.4666626434,3131.72985789005,2723.83523282889,2492.07735857056,2195.97274183902,2807.20939902958,1710.50587406182,2691.86922964322,2576.13330472241,3260.33416893116,2830.22410776956,2477.05631040152,2550.22785550625,2019.74381635395,3196.54468168365,2685.04958769852,3197.93277548169,2668.3633732496
3389.82213256094,4930.48094346789,3834.88142262574,4421.27179215438,4388.00617123541,5058.41279610512,3524.52983831886,3760.38851266728,1e+09,2021.80458786204,2632.00898132966,2417.92735041812,3734.22166745629,3199.13048092759,3612.90344776884,3566.5939050304,2177.01329444723,2556.00814306215,2242.9047661459,3796.05892180298,3094.24467010933,3052.65837680865,2833.45741759074,2584.30297788398,3009.4443681517,3406.25018567339,3401.63512840516,2444.53752816356,3835.7153965851,3160.53112063463,2587.82526655105,2536.27258107247,3494.36779573931,3421.28369908138,3400.28009399226,3825.05365981969,2778.79952098024,3391.18277316337,3436.31551432635,3003.50301722838,3315.92132957041,3526.86512376076,2948.91173475911,3329.15297319003,2864.03688249645,3270.81852674526,3247.97276746589,3113.70670682067,3263.08209749617,3824.79837733965,3694.1455554431,3479.79088136055,3518.28751475771,3312.42093688287
2671.24246056025,4898.47511293055,3444.14495895571,4168.62994529378,4243.1506991032,4736.84028382845,2517.38547368098,3151.76282808526,2021.80458786204,1e+09,1698.3956396847,2562.32923520769,3388.66466865637,2625.75789045753,2821.99494854261,3990.55729039191,2431.18888256343,2611.6769494905,2062.97256532897,2833.03847081186,2515.48117082995,2638.45346640793,2905.60640414355,2027.17457417954,2296.81881381619,2694.68432071365,2801.20579517107,1581.65343988498,2659.66582714822,1878.25556056677,2201.70352842975,2554.13742688212,3030.36541704132,3210.90183554403,2451.4750262852,3218.75439908049,2957.88296139317,2800.97483553494,3028.9368174163,2783.5594494819,2905.0849936964,3448.00461422255,2557.58738882956,3040.34648295223,2821.66789732598,3147.14944529172,2954.24229417629,2796.74688307684,3306.8538912235,3299.47093271027,3159.31212413399,3173.99905086627,3135.87451474067,3238.06850872553
3333.22204519891,5512.79422549944,2609.25251683313,3412.03088791705,3430.60001209701,3979.01166494897,3131.89775273715,4188.51372498647,2632.00898132966,1698.3956396847,1e+09,3022.00150160452,3765.39880523963,3147.29076451478,3773.93008505722,4108.78574773619,3345.81874894621,3071.90378185906,2513.08629529509,3654.28916997547,3067.22719277526,3272.17367398187,3197.02826764169,3060.25131224545,2544.2614383746,2674.11152781629,2855.30611570809,2675.71141018608,3662.11661357199,2924.57127352027,2176.0549755923,2983.98582109567,3455.55195572285,4138.81816413816,3322.01949563816,4122.29630898848,3319.00979185058,3212.20802091023,3705.22923128921,3606.197539251,3622.20319138781,3768.560385638,3386.65358585728,3374.39641007099,3308.18147266742,3254.36522389544,3424.48387705359,3277.01618981353,3839.98471614146,4114.66414156733,3389.23583820896,3712.78539412124,3440.69711158945,3515.14753819808
2555.88051518454,4973.59502846784,4259.91198837488,4862.40607298486,4904.17170367229,5470.54024261773,3353.62403878252,2907.14521056311,2417.92735041812,2562.32923520769,3022.00150160452,1e+09,2497.13084214664,1977.36030305557,2973.89889656659,3329.39574549197,2646.98943807866,3404.8387463579,2206.81422020523,2470.49785126399,2476.86754074577,2130.32284008786,2227.98623034345,2571.27969384896,3220.47322089472,3788.99989634468,3637.55937880057,2454.7484455846,3261.57053379196,3333.13701470552,2930.6920710815,2332.58948394269,1974.76463301326,2846.79553078545,3072.35165638636,3013.72000232271,2337.34715994437,2654.79911916137,2972.61650182125,1983.46151185245,2117.96318990676,3111.94604903427,2243.22226729765,2600.73691114653,2249.01630856693,3099.64120081664,2834.33259969609,2351.129285301,3059.42625900674,3283.01580885624,3241.70384463171,2245.87936085178,2457.84458772315,2136.70152688671
2481.04955788876,5090.36927721359,4723.3464120367,5543.55994889566,5456.25475634157,6046.42091764211,4089.32992773877,3268.64883245356,3734.22166745629,3388.66466865637,3765.39880523963,2497.13084214664,1e+09,2903.95154537744,3182.30595590682,3493.01674469219,3656.46503695851,3751.07768582577,2421.82277000197,2874.69081327019,2430.10964402843,2514.53174694614,2410.75234086789,3042.88096333064,3830.32659219811,3972.78056717207,4131.6701354416,3361.63999573125,3698.28928120827,3755.94789252993,3781.7824153301,2912.73001690854,2364.81532581299,2999.8914467527,3139.47258358789,3928.54597715236,3433.40868294178,2764.91303130858,2760.69369664583,2586.26360783274,2468.27900290871,3729.21545943647,3156.97462303706,2156.19083473611,2602.44169744492,3511.87146897491,3294.05362477602,2993.50810358015,3955.18978140114,3769.60355392978,3036.14563611497,2697.4025568869,2950.73567091327,2669.45857177069
2111.07019537485,4950.2455693935,4527.6636882834,4939.72008440762,5078.25614808863,5321.34694728694,2701.02868500133,2429.69667802382,3199.13048092759,2625.75789045753,3147.29076451478,1977.36030305557,2903.95154537744,1e+09,2220.92824654467,3220.82601681618,2747.07524498329,3538.41178915061,2699.71024897117,2229.45255966571,2123.58974896283,2485.07860123176,2791.68746185887,2273.67434552532,2847.2436152883,3150.61589020306,3502.33305315186,2167.53974823993,2616.45697270183,2940.31475704558,3003.63945712531,2794.49885154745,2598.53385359899,2679.6445775886,2209.52578722223,2144.5211436822,2274.43981665816,2087.09706218949,2316.04469650307,1926.40265482064,1531.96377773758,2605.7301773975,1950.26730434574,2494.6929960418,2500.45847446023,2711.64034191483,2380.88685942865,2204.00741648026,2619.1795363434,2571.5445512182,2546.25386318804,1822.24309728422,2153.14583056977,1656.71619352863
2260.96799886686,4579.52936079681,5133.10694393756,5669.45596770978,5872.98265756847,6135.73898629171,3166.99900440464,2065.18705595885,3612.90344776884,2821.99494854261,3773.93008505722,2973.89889656659,3182.30595590682,2220.92824654467,1e+09,4270.37264054321,3017.06719661661,3924.77493343249,2950.17285413923,2327.38835278945,1814.62787579162,2672.97820537318,3309.64494551908,2463.42363819137,3609.80459821581,3407.13037163241,4090.82487027983,2052.26183751002,1839.22213881304,2270.11665585714,3117.59311763097,3042.91967110537,2847.32359572986,3088.7558204073,1801.61747280048,2429.62052464989,2826.58178521337,2887.93787968163,2108.38557932367,2012.65466163473,2118.36027379669,2507.14050457887,1902.64889270196,2206.8922619829,2375.02428459163,2907.42592878993,2007.58654256797,2230.8979496158,2449.6743431934,1856.85127535837,2404.32924731618,2006.36089921529,2635.43215515027,2337.82227245785
4070.89232778269,5500.67392352065,4225.8269468827,4592.55416149881,4637.69122989015,4692.90204841312,4128.28909256607,4479.46169908841,3566.5939050304,3990.55729039191,4108.78574773619,3329.39574549197,3493.01674469219,3220.82601681618,4270.37264054321,1e+09,3480.55322476183,3844.38602770325,3074.12181131457,4306.57843718189,3813.40006669901,3978.44835433363,3899.40394384834,3819.12956424628,3724.2484527217,3400.43008288658,3503.27358332175,4075.58971669132,4860.65805931666,4689.56308336928,4096.38173738728,3099.93826572401,4063.0419179846,4079.54762296017,4306.23559302089,4064.80560185847,3543.46957305972,4078.00392194515,4041.51467210005,3552.26902237148,3476.73001627967,4089.5530427175,3802.93668474772,3555.46115106044,3614.86847294615,3637.99087405397,3733.48995916689,3918.2862474684,4360.02156267604,4387.21640878359,4079.93719311952,3739.47322102994,3741.6602930651,3149.77047666969
3181.27097578939,4391.31654444314,4195.74834960344,4516.02808772266,4697.30396072045,5239.06316352456,3382.24041507992,3475.18112595588,2177.01329444723,2431.18888256343,3345.81874894621,2646.98943807866,3656.46503695851,2747.07524498329,3017.06719661661,3480.55322476183,1e+09,2848.79192522023,2584.8353640029,3234.34365607614,3017.65012953788,3568.63719964639,2688.25110238981,2068.95727213009,2339.69013003859,3030.38661279382,3334.48523721428,2629.33075716997,3629.30207373263,3052.28754135321,3021.81040163012,3051.08542346818,3456.17765820856,3671.08148716424,3203.34206768494,3666.63785216102,2635.80624454834,3364.28257942165,3165.35496793014,2860.90244180049,3178.78988637186,3815.24061859799,3118.17244430131,3403.76831892243,3234.49873833644,3588.45358695079,3128.43087850763,3482.46221456888,3343.10163085121,3426.7652103551,3839.30497410664,3320.50759993107,3283.9885394593,3214.92785957943
3536.7064763138,5369.16728650729,4096.21625508224,4519.88676040673,4409.45492660941,5148.3533338923,4139.24189872977,4181.98760022074,2556.00814306215,2611.6769494905,3071.90378185906,3404.8387463579,3751.07768582577,3538.41178915061,3924.77493343249,3844.38602770325,2848.79192522023,1e+09,2488.58438181228,3990.71595749434,3220.76993721998,3692.26285260137,3679.30372381786,2694.68684668553,2704.04092028948,2766.72996846458,2718.60367872921,3191.63985762805,4291.61792057494,3245.70079321862,2649.48436179571,2745.02992542887,3715.85285514645,3527.7265695629,3226.23978594276,4465.82794250965,3373.62318974719,3281.54414067524,3267.48106243938,3345.09991445697,3604.97899753938,4016.33524691353,3641.57300720444,3745.39799958563,3705.59992706984,4278.95867412856,4054.00024338924,3669.59404641712,3706.97791091342,3934.61623324309,3969.40608779198,4106.43870186808,3283.33288524024,3742.39311210087
2460.25553806917,4886.95438121741,3606.59291855901,4356.97174125562,4307.39301933316,4996.55461110954,3290.1042998665,3318.51259666134,2242.9047661459,2062.97256532897,2513.08629529509,2206.81422020523,2421.82277000197,2699.71024897117,2950.17285413923,3074.12181131457,2584.8353640029,2488.58438181228,1e+09,3049.62587459511,2355.30835962088,2469.64237267261,2610.13595931323,2352.05786580603,2705.48784857741,2709.83562114015,2744.56914472928,2584.46435479385,3489.75569064655,2940.21124732561,2235.06678311857,1982.52671762577,2769.63877805392,3123.31303054945,2901.66888531411,3626.13377308394,2811.56005114598,2778.4031100976,2753.89364979841,2357.90327322814,2824.59581584693,3379.44930552302,2724.98620271736,2379.65741784401,2287.61209834622,3040.03005601918,2938.43225836499,2416.5501963543,3289.62862548343,3410.29530385566,2970.80741768968,3056.79371462976,2863.15275654304,2686.29567026789
3000.76611731071,4897.77639135353,5004.95233391888,5759.85396664707,5900.99072631029,6046.7527041876,3542.00427410809,2263.78590789854,3796.05892180298,2833.03847081186,3654.28916997547,2470.49785126399,2874.69081327019,2229.45255966571,2327.38835278945,4306.57843718189,3234.34365607614,3990.71595749434,3049.62587459511,1e+09,2348.03315523866,2582.11863184092,3054.26270116046,2429.67176937544,3241.25577787375,3929.86621090337,3739.92954898886,2332.899212225,2627.67942291293,3076.91899394508,3402.05152979787,3135.74867400115,2173.89507361786,2918.25941283499,2505.02216285605,2981.17906649366,3200.41223425983,2557.30795783378,2735.47490015902,2140.05987904544,2182.39481746544,3457.45035302027,2550.66447762147,2829.86012730312,2912.80304354757,3416.91902009691,2648.35611427164,2586.00996113704,3168.44836072801,2346.46405501981,3177.13033723831,2698.79442262652,2660.17194205563,2543.84577663427
2073.08510020694,4586.43255857971,4537.33065818439,5327.34647821972,5253.37427390244,5630.4428617916,3533.12124358902,1987.03534993719,3094.24467010933,2515.48117082995,3067.22719277526,2476.86754074577,2430.10964402843,2123.58974896283,1814.62787579162,3813.40006669901,3017.65012953788,3220.76993721998,2355.30835962088,2348.03315523866,1e+09,2179.42579754393,2711.56442711583,2435.89241293617,3345.76509834447,3172.55697356249,3813.7746941449,1933.20214662099,2490.48904476611,2242.8653083946,2402.97011598147,2313.5863205422,2220.15539929078,2448.06363473256,1666.61635264388,3122.32347292845,2300.04836255675,2398.64938115182,1751.60497552959,2134.06446467767,2088.24617447273,2245.8947746277,1856.71521189977,1493.96680706099,1907.59877736384,2731.71537554702,2143.48082853568,2105.31942935033,2204.27245060587,2199.37789445107,2159.58748651218,2200.07974889548,2420.23978820281,1927.2551284145
2198.04260092929,4486.57334664218,4691.06974234023,5612.4243857,5469.74605111608,5974.58097415208,3629.22584713324,2235.57969339051,3052.65837680865,2638.45346640793,3272.17367398187,2130.32284008786,2514.53174694614,2485.07860123176,2672.97820537318,3978.44835433363,3568.63719964639,3692.26285260137,2469.64237267261,2582.11863184092,2179.42579754393,1e+09,2846.2973815819,2643.0505658046,3805.18655026268,4029.13049308409,4138.41074661518,2354.01296617075,2749.6811978664,3017.66484361667,3028.94078979765,2841.63498781951,2666.75649552035,2199.59287153328,2602.96091409379,3167.92851425028,2909.38187629263,2703.46690941465,2871.32967464553,2183.85716391892,1871.43096511733,2931.66211554128,1945.77303010911,2304.83933639636,2331.579288165,3236.20593377492,3199.57436727137,2088.57542329694,3167.63001076515,3152.3962038424,2707.17374700997,2460.34101296954,2760.94981490066,2489.63237004984
2818.15261188957,5013.24212780512,4657.23676949111,5323.87096673088,5373.18869477892,6085.24571274653,4047.35739478243,3514.69496239716,2833.45741759074,2905.60640414355,3197.02826764169,2227.98623034345,2410.75234086789,2791.68746185887,3309.64494551908,3899.40394384834,2688.25110238981,3679.30372381786,2610.13595931323,3054.26270116046,2711.56442711583,2846.2973815819,1e+09,2664.74113954808,3367.77327828047,4065.35967472744,4394.86677558035,3039.21800275992,3538.30535255226,3505.09473318483,3437.29685187358,3125.3174694741,2706.97850604692,3334.43025470619,3259.75318490526,3949.40030118498,2816.85232582399,2362.21089331584,2810.47456510462,2852.19867863373,2695.34141818806,3535.97155795971,3291.41361483178,2651.01223965488,2704.23153953207,3096.79011616868,3069.85715281672,3132.34063064667,3577.60785879336,3883.86646781271,2921.68659710449,2932.31926326244,3340.18786702185,2908.12571475169
2397.87964370608,3963.55549662169,4395.06155596256,4942.82414048892,5117.65493032698,5527.84024178521,3129.19847029555,2753.94240246596,2584.30297788398,2027.17457417954,3060.25131224545,2571.27969384896,3042.88096333064,2273.67434552532,2463.42363819137,3819.12956424628,2068.95727213009,2694.68684668553,2352.05786580603,2429.67176937544,2435.89241293617,2643.0505658046,2664.74113954808,1e+09,2245.19458535335,3054.82544245985,3096.10111189864,2263.45964379752,2919.11405637053,2766.15676464657,2778.7847950678,3049.48769123602,3112.17950822249,2826.69569899202,2129.67963635379,3086.31159658256,2778.71032716618,2260.99717410261,2414.40183832352,2216.1456965642,2273.97806651691,3523.19995085434,2589.20089713023,2890.23779592614,2930.12068713901,3094.67362321134,2865.61240210535,2684.8080300461,3042.17281949925,2793.39221828944,2905.76029284936,2750.46327299602,2685.37593904466,2803.60609515674
3336.08276345177,4799.59270800138,3143.75765554535,3383.92139011828,3658.42521418711,4021.86542636623,3182.04314606198,4079.64905088661,3009.4443681517,2296.81881381619,2544.2614383746,3220.47322089472,3830.32659219811,2847.2436152883,3609.80459821581,3724.2484527217,2339.69013003859,2704.04092028948,2705.48784857741,3241.25577787375,3345.76509834447,3805.18655026268,3367.77327828047,2245.19458535335,1e+09,2189.54972617659,2126.43453837639,3002.48094641748,4001.49356318363,3313.15448925944,2666.14462525948,3474.85125608277,3785.0188126481,4177.17275079688,3238.6887756004,4065.21098870649,3524.42858040846,3242.54740110303,3619.65954865924,3362.74560752074,3475.09103933983,4179.20331802606,3497.42671891778,3657.11661133467,3635.05315082187,3804.4836481315,3527.80041374225,3571.68232286971,3735.17807438949,3671.66528432263,3830.22385588623,3666.46470240748,2893.97017494998,3354.15140032468
3332.01695058714,5079.66154261286,2832.11999484485,3157.48011102208,3253.01914442568,3546.47552567334,3116.39174549671,4416.38347922823,3406.25018567339,2694.68432071365,2674.11152781629,3788.99989634468,3972.78056717207,3150.61589020306,3407.13037163241,3400.43008288658,3030.38661279382,2766.72996846458,2709.83562114015,3929.86621090337,3172.55697356249,4029.13049308409,4065.35967472744,3054.82544245985,2189.54972617659,1e+09,2092.77520398155,3202.44789315923,4087.29135819799,3259.20729912965,2733.84023893131,3284.62110181677,4035.07918431597,4433.67799552471,3281.43477795918,4172.94182150914,3536.44852030961,3666.01785516656,3509.81662458311,3488.1695603425,3786.09320591821,3969.66944404695,3648.87991531648,3499.45169749491,3805.39190353635,3906.95458344476,3531.81933745202,3694.21228205689,3926.97291882692,3879.1816655965,3596.16610144749,3743.52817438309,3111.00035797169,3419.4992758151
4001.36710095437,5247.47077534501,3093.24851268048,3511.69904443704,3571.91504047899,3608.59613462078,3509.09746045903,4623.51463053812,3401.63512840516,2801.20579517107,2855.30611570809,3637.55937880057,4131.6701354416,3502.33305315186,4090.82487027983,3503.27358332175,3334.48523721428,2718.60367872921,2744.56914472928,3739.92954898886,3813.7746941449,4138.41074661518,4394.86677558035,3096.10111189864,2126.43453837639,2092.77520398155,1e+09,3443.77027555556,4555.65891385648,3939.46297442938,2983.42303805545,3246.3814031164,4105.74869568268,4572.25401162271,3951.11331383953,4438.2466267097,4111.12034941815,3915.92850690612,4165.10300014297,3691.47264493454,4059.92417304806,4605.76848028643,3944.1322525747,4124.74386849657,4097.46781169785,4104.43294001742,3923.50614947906,3645.37857231591,4333.86024020157,4051.99869845734,4386.65975320631,4297.55370209611,3459.4639317241,3839.40011029067
2624.99545927226,4836.99367978707,4362.90431217555,5052.67327717714,5017.43706872343,5360.61396151598,2603.59441818421,2173.29977499654,2444.53752816356,1581.65343988498,2675.71141018608,2454.7484455846,3361.63999573125,2167.53974823993,2052.26183751002,4075.58971669132,2629.33075716997,3191.63985762805,2584.46435479385,2332.899212225,1933.20214662099,2354.01296617075,3039.21800275992,2263.45964379752,3002.48094641748,3202.44789315923,3443.77027555556,1e+09,2151.7682978425,1923.63709553024,2636.70934746324,2677.11234506511,2743.79840729963,2564.96126855748,1957.15863828153,2711.39714909122,2518.99193134873,2701.11101460121,2546.46019607611,2191.46339342002,2432.97375783217,2623.67112115829,1800.34518551304,2685.07535002279,2477.79860975423,2812.93479240099,2224.25394660772,2231.74799699697,2415.25559372088,2327.44838604425,2937.2840424787,2604.59473047152,2848.74964166738,2587.47835942641
2662.94358997708,5158.78842527003,5476.13689136786,5956.65675812364,6215.08410470848,6479.98970050108,3389.64992749989,2264.24135780619,3835.7153965851,2659.66582714822,3662.11661357199,3261.57053379196,3698.28928120827,2616.45697270183,1839.22213881304,4860.65805931666,3629.30207373263,4291.61792057494,3489.75569064655,2627.67942291293,2490.48904476611,2749.6811978664,3538.30535255226,2919.11405637053,4001.49356318363,4087.29135819799,4555.65891385648,2151.7682978425,1e+09,1820.85132888438,3490.58270313138,3292.27662943137,2945.88591284523,3102.92959169234,2018.66328915944,2090.2008065973,3341.7233637152,2932.97731300465,2865.34230785782,2848.22231620005,2390.40558539759,2690.35806561134,2098.10560601701,2871.13597363483,2775.55442769548,3175.00279740034,2691.16870701188,2703.29026567626,3034.11645504915,2560.37717125817,2631.0975999761,2562.44802515095,3381.5708868069,3260.54672598017
2699.79467765606,5197.28706509464,4583.07089601503,5124.80739919073,5290.6364203657,5673.91178846658,3198.88115232498,2707.92873323875,3160.53112063463,1878.25556056677,2924.57127352027,3333.13701470552,3755.94789252993,2940.31475704558,2270.11665585714,4689.56308336928,3052.28754135321,3245.70079321862,2940.21124732561,3076.91899394508,2242.8653083946,3017.66484361667,3505.09473318483,2766.15676464657,3313.15448925944,3259.20729912965,3939.46297442938,1923.63709553024,1820.85132888438,1e+09,2551.53697698074,2782.01471523786,3155.6774491383,3271.49341581181,1975.56354630774,3056.1719020042,3132.33204700587,3240.46948563013,2933.09689071125,3145.72787774149,2960.15263197694,2969.68766393033,2317.00385314742,2968.00472826443,2768.19708391581,3492.40452032693,2997.36988449874,3085.49281707153,2988.42691965188,2843.48210477928,3073.37749687538,3177.67381609567,3338.46860856891,3446.90343891441
3086.40761183613,4935.96640459596,3591.74708602931,4250.45608615123,4324.92141114726,4699.51171723191,3814.33647176019,3485.99028963077,2587.82526655105,2201.70352842975,2176.0549755923,2930.6920710815,3781.7824153301,3003.63945712531,3117.59311763097,4096.38173738728,3021.81040163012,2649.48436179571,2235.06678311857,3402.05152979787,2402.97011598147,3028.94078979765,3437.29685187358,2778.7847950678,2666.14462525948,2733.84023893131,2983.42303805545,2636.70934746324,3490.58270313138,2551.53697698074,1e+09,2282.05895890093,3357.13539213121,3885.88450430529,2923.39265245023,3926.51633633428,3071.14868816213,3330.45679761801,3174.70454795403,3249.30707522389,3259.67093822367,3064.32282512793,2689.54551733188,2774.84426498137,2523.38401391861,3149.74550363994,3062.01738198855,2561.19488596631,2726.11901200223,3117.41777057551,3110.9212526517,3432.69043512519,2917.79628283059,2966.71020834526
3152.00434369942,5486.37629540665,4297.26057158511,4996.49054193041,5073.23578400413,5310.8462840022,3845.77579956242,3275.0240294233,2536.27258107247,2554.13742688212,2983.98582109567,2332.58948394269,2912.73001690854,2794.49885154745,3042.91967110537,3099.93826572401,3051.08542346818,2745.02992542887,1982.52671762577,3135.74867400115,2313.5863205422,2841.63498781951,3125.3174694741,3049.48769123602,3474.85125608277,3284.62110181677,3246.3814031164,2677.11234506511,3292.27662943137,2782.01471523786,2282.05895890093,1e+09,2571.38495562216,3233.72561830778,3069.22882700199,3300.10763569918,2969.86510429346,3111.05991493253,2880.05980793802,2784.88017982821,2694.94603853213,2903.72857837987,2527.33367466585,2491.80099305703,2033.0199418107,2942.24328423059,2744.84420284649,2468.80936923044,3034.56908316486,3137.13948242663,3084.1844793235,3123.54666705974,3129.4437605108,2739.9862404399
3005.14616032232,5613.33979652043,4852.64225142345,5430.59609061473,5559.89085544851,6159.16468269034,4061.48502435993,2978.97796727334,3494.36779573931,3030.36541704132,3455.55195572285,1974.76463301326,2364.81532581299,2598.53385359899,2847.32359572986,4063.0419179846,3456.17765820856,3715.85285514645,2769.63877805392,2173.89507361786,2220.15539929078,2666.75649552035,2706.97850604692,3112.17950822249,3785.0188126481,4035.07918431597,4105.74869568268,2743.79840729963,2945.88591284523,3155.6774491383,3357.13539213121,2571.38495562216,1e+09,2921.94235167294,2675.74696993195,3184.6953713346,2762.87017076445,2556.55603230205,2628.06396160748,2101.55988617979,2381.87923132135,2977.27322056609,2658.71039620715,2343.35157917031,2530.55609260099,3525.87518494345,2719.06561467354,2811.32236945534,3151.40059498947,3030.6667477636,2987.63759450506,2366.85628539208,2470.96000004047,2456.36532771491
2868.28790695774,5229.8711714439,5647.22644628317,6357.15037386249,6180.12927783877,6662.60483657856,3919.14168924779,2080.22638820875,3421.28369908138,3210.90183554403,4138.81816413816,2846.79553078545,2999.8914467527,2679.6445775886,3088.7558204073,4079.54762296017,3671.08148716424,3527.7265695629,3123.31303054945,2918.25941283499,2448.06363473256,2199.59287153328,3334.43025470619,2826.69569899202,4177.17275079688,4433.67799552471,4572.25401162271,2564.96126855748,3102.92959169234,3271.49341581181,3885.88450430529,3233.72561830778,2921.94235167294,1e+09,2315.31052059978,3151.01405174588,2668.06414225745,2552.99204534601,2648.37768526319,2262.03368969165,2206.01557217985,3083.93147907018,2412.97002032765,3082.81688935623,3079.19806324634,3725.36497053644,3454.09601021744,2985.91578680645,3053.15603050352,3027.18095912682,3273.43904501061,3028.95986556442,3206.8269405286,2839.0723040282
2297.26742004495,5022.73385881633,4939.46362782438,5428.27756997558,5594.73942437,6005.05040033804,3214.63960885198,2167.52788078954,3400.28009399226,2451.4750262852,3322.01949563816,3072.35165638636,3139.47258358789,2209.52578722223,1801.61747280048,4306.23559302089,3203.34206768494,3226.23978594276,2901.66888531411,2505.02216285605,1666.61635264388,2602.96091409379,3259.75318490526,2129.67963635379,3238.6887756004,3281.43477795918,3951.11331383953,1957.15863828153,2018.66328915944,1975.56354630774,2923.39265245023,3069.22882700199,2675.74696993195,2315.31052059978,1e+09,2524.29933880671,2607.61929920761,2179.83475864571,1771.29431484437,2080.01930589598,1996.26506609218,2428.27292004009,1989.9230984136,2330.03864394992,2584.57214817076,3079.65183299996,2415.78683471866,2602.54615215562,2299.08423821312,2055.45385185365,2171.17291315086,2243.30104792023,2367.73181414196,2422.91619853019
3079.45348373701,5712.30118938069,5576.12967577871,5793.14216369666,6229.5281256047,6327.09173046353,3053.87915191482,2795.45720197967,3825.05365981969,3218.75439908049,4122.29630898848,3013.72000232271,3928.54597715236,2144.5211436822,2429.62052464989,4064.80560185847,3666.63785216102,4465.82794250965,3626.13377308394,2981.17906649366,3122.32347292845,3167.92851425028,3949.40030118498,3086.31159658256,4065.21098870649,4172.94182150914,4438.2466267097,2711.39714909122,2090.2008065973,3056.1719020042,3926.51633633428,3300.10763569918,3184.6953713346,3151.01405174588,2524.29933880671,1e+09,3253.007646671,3076.09137320399,3071.9516586203,2506.87636679594,2110.56277286415,2808.16627625573,2131.42305089816,3202.78023919844,2890.57133726189,3076.26704962362,2619.26398381301,2827.9108551367,3066.09015762746,2737.95177488574,2949.89514964515,2194.50072009558,3165.02626324016,2816.23370010374
3000.51389811812,5068.86689396161,4583.14124715789,5024.32579537792,5057.36596071512,5590.78152710334,3431.50940587375,2880.4666626434,2778.79952098024,2957.88296139317,3319.00979185058,2337.34715994437,3433.40868294178,2274.43981665816,2826.58178521337,3543.46957305972,2635.80624454834,3373.62318974719,2811.56005114598,3200.41223425983,2300.04836255675,2909.38187629263,2816.85232582399,2778.71032716618,3524.42858040846,3536.44852030961,4111.12034941815,2518.99193134873,3341.7233637152,3132.33204700587,3071.14868816213,2969.86510429346,2762.87017076445,2668.06414225745,2607.61929920761,3253.007646671,1e+09,2885.12980879544,2815.50837384654,2269.48514630521,2610.30099392771,2641.43750242174,2442.9556734415,2966.05324795426,2915.56202834033,3102.84063453153,2774.84660512973,3085.98374621449,2489.16181350269,2962.35728201377,3217.74094103301,2736.48005514383,2741.35230269661,2231.84711593335
2506.78359034042,5431.12569166835,5080.49213816929,5610.69177855102,5695.67967803668,6220.14322227391,3722.18644704964,3131.72985789005,3391.18277316337,2800.97483553494,3212.20802091023,2654.79911916137,2764.91303130858,2087.09706218949,2887.93787968163,4078.00392194515,3364.28257942165,3281.54414067524,2778.4031100976,2557.30795783378,2398.64938115182,2703.46690941465,2362.21089331584,2260.99717410261,3242.54740110303,3666.01785516656,3915.92850690612,2701.11101460121,2932.97731300465,3240.46948563013,3330.45679761801,3111.05991493253,2556.55603230205,2552.99204534601,2179.83475864571,3076.09137320399,2885.12980879544,1e+09,1805.44749638421,2228.68091760575,2040.26712444719,3019.1171209809,2960.64133035395,2674.25903163848,2955.58862903822,3058.20941449404,2869.34101065035,2535.99345296868,3060.74053438053,3155.59446578612,2043.94801166762,2621.12384266749,2732.89178909448,2560.34810260246
2496.71418973017,5301.68581120194,5338.18442705008,5916.41442367757,5987.28434205358,6511.58607968903,3909.06695435113,2723.83523282889,3436.31551432635,3028.9368174163,3705.22923128921,2972.61650182125,2760.69369664583,2316.04469650307,2108.38557932367,4041.51467210005,3165.35496793014,3267.48106243938,2753.89364979841,2735.47490015902,1751.60497552959,2871.32967464553,2810.47456510462,2414.40183832352,3619.65954865924,3509.81662458311,4165.10300014297,2546.46019607611,2865.34230785782,2933.09689071125,3174.70454795403,2880.05980793802,2628.06396160748,2648.37768526319,1771.29431484437,3071.9516586203,2815.50837384654,1805.44749638421,1e+09,2004.84589998833,2134.12568474774,2690.64133302824,2763.46279964106,2012.06031154635,2592.66042830526,3024.93655406192,2385.19878353985,2482.9880432052,2617.58325598251,2631.88542845239,1890.36025339087,2399.99691808135,2761.84912406525,2337.84092536254
2444.99827065378,4983.63265391822,4831.53417186508,5361.13955005837,5476.84784109436,6003.47434063809,3184.47583443492,2492.07735857056,3003.50301722838,2783.5594494819,3606.197539251,1983.46151185245,2586.26360783274,1926.40265482064,2012.65466163473,3552.26902237148,2860.90244180049,3345.09991445697,2357.90327322814,2140.05987904544,2134.06446467767,2183.85716391892,2852.19867863373,2216.1456965642,3362.74560752074,3488.1695603425,3691.47264493454,2191.46339342002,2848.22231620005,3145.72787774149,3249.30707522389,2784.88017982821,2101.55988617979,2262.03368969165,2080.01930589598,2506.87636679594,2269.48514630521,2228.68091760575,2004.84589998833,1e+09,1658.85275181373,2678.21564529446,2056.64391086547,2300.24282748583,2428.08851790869,3133.74844491385,2322.56045391719,2166.35680348367,2534.6048165937,2387.82742914977,2611.02391557412,1805.78396722864,1888.74652290878,1678.98165928041
2229.056280918,4883.41897473481,5060.34734354273,5609.95807879168,5800.68934768102,6089.75537668797,3411.50282753803,2195.97274183902,3315.92132957041,2905.0849936964,3622.20319138781,2117.96318990676,2468.27900290871,1531.96377773758,2118.36027379669,3476.73001627967,3178.78988637186,3604.97899753938,2824.59581584693,2182.39481746544,2088.24617447273,1871.43096511733,2695.34141818806,2273.97806651691,3475.09103933983,3786.09320591821,4059.92417304806,2432.97375783217,2390.40558539759,2960.15263197694,3259.67093822367,2694.94603853213,2381.87923132135,2206.01557217985,1996.26506609218,2110.56277286415,2610.30099392771,2040.26712444719,2134.12568474774,1658.85275181373,1e+09,2415.66424138372,1761.53658977042,2120.55022378627,2160.52827215938,2802.53950437813,2487.97453035597,2132.86330171439,2656.41802499155,2448.31629104575,2166.6059463825,1550.33321647316,2096.48995060792,1728.33770160811
3141.22404890196,5484.97584564417,5383.89955504372,5708.98002572263,5837.11262798655,6175.07724695003,4167.84072437995,2807.20939902958,3526.86512376076,3448.00461422255,3768.560385638,3111.94604903427,3729.21545943647,2605.7301773975,2507.14050457887,4089.5530427175,3815.24061859799,4016.33524691353,3379.44930552302,3457.45035302027,2245.8947746277,2931.66211554128,3535.97155795971,3523.19995085434,4179.20331802606,3969.66944404695,4605.76848028643,2623.67112115829,2690.35806561134,2969.68766393033,3064.32282512793,2903.72857837987,2977.27322056609,3083.93147907018,2428.27292004009,2808.16627625573,2641.43750242174,3019.1171209809,2690.64133302824,2678.21564529446,2415.66424138372,1e+09,1888.4766574676,2211.20456889452,2062.60351107526,2595.67820129923,2148.1675693018,2213.331130649,1516.22838747993,2241.62992224408,2237.65642385063,2259.01961191133,2716.69169077023,2109.12375371859
2261.54251549689,4616.34237312399,4769.66571751103,5283.56072788986,5386.64611332506,5635.9106419105,3113.06377271652,1710.50587406182,2948.91173475911,2557.58738882956,3386.65358585728,2243.22226729765,3156.97462303706,1950.26730434574,1902.64889270196,3802.93668474772,3118.17244430131,3641.57300720444,2724.98620271736,2550.66447762147,1856.71521189977,1945.77303010911,3291.41361483178,2589.20089713023,3497.42671891778,3648.87991531648,3944.1322525747,1800.34518551304,2098.10560601701,2317.00385314742,2689.54551733188,2527.33367466585,2658.71039620715,2412.97002032765,1989.9230984136,2131.42305089816,2442.9556734415,2960.64133035395,2763.46279964106,2056.64391086547,1761.53658977042,1888.4766574676,1e+09,2211.42394567392,1696.03789200006,2702.24955751685,2261.13895534972,1836.1036965542,1903.5330633325,1930.00826949006,2688.51112067628,1823.30687685864,2297.54651411021,1931.02712215546
2356.22112385489,4805.43902198332,4653.71934481443,5331.03265797538,5400.02960031702,5871.13409093167,4012.26071865974,2691.86922964322,3329.15297319003,3040.34648295223,3374.39641007099,2600.73691114653,2156.19083473611,2494.6929960418,2206.8922619829,3555.46115106044,3403.76831892243,3745.39799958563,2379.65741784401,2829.86012730312,1493.96680706099,2304.83933639636,2651.01223965488,2890.23779592614,3657.11661133467,3499.45169749491,4124.74386849657,2685.07535002279,2871.13597363483,2968.00472826443,2774.84426498137,2491.80099305703,2343.35157917031,3082.81688935623,2330.03864394992,3202.78023919844,2966.05324795426,2674.25903163848,2012.06031154635,2300.24282748583,2120.55022378627,2211.20456889452,2211.42394567392,1e+09,1399.96829542672,2498.2651279638,2037.9293123904,2049.65066194218,2584.56594055946,2682.85361449334,1691.69517109319,1872.83180373999,2499.69304363556,1858.41428223096
