1e+09,4401.10989136772,4990.29460135529,5312.34702742484,5557.33273016737,5994.52757238677,3452.31305523824,3050.96621385837,4590.93795088129,3250.44498297824,4218.27956410518,3289.87434324106,3165.92497678508,2534.26033878464,3048.2057316775,4544.93791915218,4077.10904899151,3497.25839261797,3027.22429981137,2758.13295950645,3130.24146724548,3145.01069983955,3639.11009296735,3020.61807108552,3568.70969650023,4186.49824161585,4075.24392299341,2488.3943322637,3295.16464030811,2937.77140830829,3369.82278573565,2841.45038488964,3382.53426783124,3265.2612356038,3371.18951212055,3164.32795178077,3741.67408641471,2911.60713925633,2803.77404202565,2880.32872950294,3247.6452570407,3260.70416668418,2864.55994520698,2404.51824202074,3310.04931969935,3420.62939433205,3239.43965549274,3152.91634594486,3438.24929999955,3144.1509126095,2929.71798639212,2691.11827243072,3028.46668323653,3141.40134075292
4401.10989136772,1e+09,6019.36688971523,6399.46485861904,6475.78564747166,6629.32005243373,5573.96853750539,4058.36171048121,4988.18275050143,4695.32992092143,5552.71283567771,4492.15058433041,4453.3327807834,4527.70354695402,4455.69458618968,5028.41097843046,4451.16935403496,5286.04785860855,4533.0480253688,4153.69692852042,4832.39480033451,3807.49457945773,4594.23572432891,3990.29226349399,4917.70487045532,5463.32592917538,5363.30245952063,4679.33483414043,5103.27507950532,5141.84734813277,4664.29728878853,4621.76113509775,5077.31410806934,4643.72017356774,5127.08387479667,5150.7382997683,4925.80061950339,5254.95904994511,4906.97570833604,4625.50371194317,4553.75645824412,4886.17535186776,4174.88171731847,3939.76430690974,4275.98646099353,4473.18556902125,4648.53931854943,4230.52218204798,4619.59306160186,4428.41721662492,4809.93664272202,4435.32497391116,4578.42923916052,4501.9756092409
4990.29460135529,6019.36688971523,1e+09,1680.8946111223,2112.92495384952,2339.4920784649,3682.73305629121,5664.5301446722,4463.72647755214,3942.33896380055,3024.80919766851,4271.3784163312,4910.15226026648,4919.12599115941,5310.00609560855,4001.67180528339,4877.01956859925,4188.32210395762,3623.33628600769,4966.48412750912,4979.73921619396,4739.26094955743,4948.01494263104,4896.65721782728,3072.8193408497,2994.2365682424,3207.89655879051,4382.07039913783,5676.26386128235,4860.61901137088,3573.8417838511,4090.53093254409,5171.89907034157,5673.19172811919,5453.21580517405,5202.23100182028,4899.79587063584,5302.313547877,5380.53345864516,4969.15516616255,5185.27053247948,5232.33015301978,5088.45122558918,4507.18697107187,4771.62468794435,5013.25653577592,4862.25139091964,4995.9040832466,5532.48751718429,5453.30567946636,4969.67030226352,5034.93573742506,4203.76755594312,4333.7576222027
5312.34702742484,6399.46485861904,1680.8946111223,1e+09,2033.42067484817,2531.90820661019,4039.8961115603,5937.77350878256,4256.71484505364,3788.62628534407,3024.42889395668,4341.65786319005,4987.76020422995,4790.66310502001,5479.35023061129,3875.30951854171,4571.03037506862,4052.20215811107,3746.05668980062,5071.89777256009,5186.13859573768,4987.08656374641,4867.77570935638,4895.10866631171,3211.93225523204,3247.13987254938,3357.43165005634,4569.01379990256,5720.20416871636,4807.26293622473,3691.22201850553,3961.74762048266,4909.30424271098,5671.92042839989,5353.29998319728,5237.84149658998,4735.50212184516,5301.83453637512,5398.39035469834,4948.63112265402,5298.92025619371,5054.59065492944,5014.50175340482,4557.24325373356,4698.34628052254,4809.27508242147,4690.07104449389,5126.86337792417,5284.47300701782,5443.60874832128,5103.15909868583,5007.36886287599,4200.19697715476,4543.76095259203
5557.33273016737,6475.78564747166,2112.92495384952,2033.42067484817,1e+09,1922.08785184237,4124.48034953496,6253.75852734178,4895.04640934077,4640.04631529686,3758.31083593414,5080.37692951025,5498.8321687973,5500.61649454859,6140.77345643039,4431.80803767492,5266.16940470965,4615.36363790547,4313.40869863963,5607.46738187571,5569.37295351102,5525.50746507504,5671.17007857285,5510.53012448893,3876.64374307209,3481.31472777168,3665.43059215421,4818.84657246939,6389.62708976823,5482.92031365585,4306.49621950374,4800.92707317035,5703.1354949887,6083.53869983581,6086.45991763685,5969.20362136357,5503.69287265378,5908.62162917884,5956.62855232723,5498.07843241618,6050.05519728539,5768.87651726053,5684.56679598367,5074.49090772661,5401.41524871029,5517.7865192394,5463.33184317958,5732.07794423628,5894.13570312052,5961.5154863256,5794.87329580207,5672.6804601176,4663.51862805329,4853.86713266855
5994.52757238677,6629.32005243373,2339.4920784649,2531.90820661019,1922.08785184237,1e+09,4242.46947323136,6478.11138799728,5350.54646353062,4772.6512579383,3830.78702257121,5123.60710848324,5618.38894351397,5554.28934517279,6235.14327557916,4488.48657349,5710.46349160031,5212.77223439697,4444.46620157022,5626.11399624999,5936.40178011057,5366.11550190638,5814.43352104915,5748.49082910463,4309.25548273713,3920.4385651863,3886.54629486129,5296.89459572304,6512.95536736588,5934.46063976331,4482.70724669814,5005.7884292387,5859.58484128355,6247.3136818796,6219.18404308797,6172.43945059812,5892.39055921279,6173.66644573547,6277.14408743339,5739.01820507655,6101.29795828724,5971.45608591405,5632.60496931926,5282.56579375969,5367.95167712974,5529.98559628323,5597.25651108648,5756.36727181301,6099.82881741775,6104.44462411611,6159.87378622322,5752.86516539368,4932.1487108967,5152.89877680515
3452.31305523824,5573.96853750539,3682.73305629121,4039.8961115603,4124.48034953496,4242.46947323136,1e+09,3594.03778942292,4053.33312276452,2916.55824598104,2900.1396961181,3538.28561831857,3781.26964649442,3327.06191340047,3199.42772506272,3923.46856693156,4067.08444820119,3491.1321660745,2793.32904162757,3152.16202767244,3560.65865508055,3219.16569596844,4084.23934095444,3883.49843955164,3278.64751734614,2882.3814816051,3111.60169713285,2164.10011864054,3503.96868864435,3281.87573963427,2838.50705989962,3065.71652270721,3581.73989847113,3821.05211920748,3678.14485798208,3182.34135111242,3518.57837241122,3866.89462402326,3707.99561859234,3091.77258748117,3591.50649567838,3354.38258254779,3227.05237408692,2883.59634486174,3179.72193845625,3264.81183212754,3049.30920321308,3046.4859102415,3763.41465181556,3336.84530600386,3471.93511075596,3215.55652699498,2695.71555255743,2833.03026914645
3050.96621385837,4058.36171048121,5664.5301446722,5937.77350878256,6253.75852734178,6478.11138799728,3594.03778942292,1e+09,4114.25348960173,3367.01162970965,4145.62085507105,3301.01686533105,3387.80856057423,2805.46019640272,2159.66617973705,4310.27424620522,3555.12771697446,3843.27707203111,3541.04192909375,2325.23673162541,2635.34361254847,2430.96312327028,3740.61164784584,3246.65998145787,3752.91957606341,4208.21097243235,4480.66646169964,2425.76316339827,2532.8432382996,2727.39894239915,3080.30407601263,3146.81401363347,3176.97406002945,2645.33242880739,2640.44919267537,2382.52055462277,2525.40375579827,3583.16272096314,2982.79263109255,2761.09731000195,2436.13807262643,2367.35727432511,2240.30966861727,2318.5280145601,2577.83757640003,2974.85897887614,2598.55964060862,2132.83555130254,2589.38071459181,1739.15585811048,2795.63005973609,2604.91733924514,2696.49566476566,2687.2314761665
4590.93795088129,4988.18275050143,4463.72647755214,4256.71484505364,4895.04640934077,5350.54646353062,4053.33312276452,4114.25348960173,1e+09,2477.30225432828,2736.95621903238,2592.41901194618,3585.16947119659,4054.60960785376,3868.51193652029,3621.4901405913,2026.83269642563,3262.70402339838,3077.6917644722,3629.42417113239,3435.40230123053,3197.64676094781,2880.27369958134,2804.88532227255,2931.50235522675,3656.4721360623,4106.93321225218,3289.38729194359,3899.09932931953,3297.06208408334,2949.96156151229,3034.00965883433,3758.28760514679,3713.045255582,3603.69980853012,3654.13774290187,3289.9125738384,4141.18803605922,3670.57402649776,3221.14509989848,3532.10575229565,3671.17744291937,3529.65182705037,3373.41962655108,2892.08317418431,3287.92862834643,2998.7230568527,3399.6002834451,3479.86060358745,3647.05520321533,3833.28831049792,3696.37926639029,3536.62496926095,3829.10625942922
3250.44498297824,4695.32992092143,3942.33896380055,3788.62628534407,4640.04631529686,4772.6512579383,2916.55824598104,3367.01162970965,2477.30225432828,1e+09,1749.30373468989,2335.10414136072,3047.53511151225,2516.1797085264,2763.44619641852,3750.25215830883,2539.65963247046,2702.78130787528,2147.46877723519,2189.18488289592,3082.12172809576,2289.10481841702,2537.71464960109,2173.39513144757,2334.53599526758,3140.99701243093,3066.51127051573,2361.24058001297,2668.07799634868,2202.12152875358,1684.28803656026,1811.53864706222,2609.40950958258,3214.12344167115,2473.92494964985,2734.50396916881,3056.85192022774,2854.84872974033,2745.9175508926,2540.22061252561,2817.21531465027,2784.20582789779,2335.67315566626,2279.29484812738,1977.42038208875,2183.28812180161,1906.89429062022,2143.420285455,2761.38899622998,2741.95917179669,2822.71361967522,2574.07227227598,2644.28888072011,3219.76373762113
4218.27956410518,5552.71283567771,3024.80919766851,3024.42889395668,3758.31083593414,3830.78702257121,2900.1396961181,4145.62085507105,2736.95621903238,1749.30373468989,1e+09,3036.48664927083,3608.80859629601,3607.05957303175,3811.47795629202,3716.4976031339,3389.41490154274,3104.69456652341,2604.72524289991,3236.66052917201,3432.63605589057,3070.0538690225,3238.37219368003,3192.64523801189,2087.73894206148,2554.9308282026,2991.18144554957,3015.25396036553,3546.68856904578,2944.76207864065,1930.39760274924,2779.01705863782,3552.85203456322,3964.65412495214,3298.95503847809,3497.52573946211,3672.75870130342,3587.7409390172,3660.7548785872,3500.19118210706,3602.0583705848,3608.34692446555,3475.73735119615,3091.13342343872,2874.24714374043,3151.11624133417,2978.13066546785,3160.21290170457,3806.71901049972,3722.90868891516,3369.30483475449,3596.08940240645,3158.47009431782,3592.07751963957
3289.87434324106,4492.15058433041,4271.3784163312,4341.65786319005,5080.37692951025,5123.60710848324,3538.28561831857,3301.01686533105,2592.41901194618,2335.10414136072,3036.48664927083,1e+09,2506.8402175049,2727.09374653678,2889.13254616329,3054.95130286884,2734.93244578363,3103.28826637166,2272.39555971226,2535.92092295876,3098.95042203001,2070.30677096415,2370.60027098623,2314.48221263418,2969.90333027861,3722.57074983136,3763.28353837443,3025.82252081975,3275.65228374441,3161.08358361496,2779.69782730066,1763.92419740759,2660.58991573298,2711.06913956468,2985.11268117302,2646.91152583535,2814.50449436486,3232.76597756472,2864.49471518102,2356.05176761887,2280.43940960947,2850.76480669662,2275.01233919731,2521.58039794491,2065.16092619921,2913.69757095688,2466.54069137324,2759.6494653307,2884.88062122161,2826.6433223525,3408.85607934685,2334.98020156489,2521.29125035169,2800.62833730218
3165.92497678508,4453.3327807834,4910.15226026648,4987.76020422995,5498.8321687973,5618.38894351397,3781.26964649442,3387.80856057423,3585.16947119659,3047.53511151225,3608.80859629601,2506.8402175049,1e+09,2473.56164109569,3178.75103787635,3325.33555566953,3500.31266027765,3411.3571061236,2994.53943318501,2005.87967101718,2618.68032422822,2323.28977452233,2193.21062488307,1958.08207506734,3473.80486261102,3899.31571327586,4173.8885593293,3415.33716789426,3551.106394365,3543.1471720915,3470.05496832543,2486.03519876529,2459.71467572969,1945.39550343882,2765.08925476195,3321.2805591669,3176.19076900302,2555.61843266948,2428.77452596984,2414.92766740538,2117.27147942818,3215.57975055821,2691.64264604349,2038.96518592153,2442.79845726167,2672.10010637701,2778.08723399752,2883.13169556994,3092.93601343448,2889.88194642965,2785.46888706372,2419.98397155849,2094.02816638172,2228.48692381176
2534.26033878464,4527.70354695402,4919.12599115941,4790.66310502001,5500.61649454859,5554.28934517279,3327.06191340047,2805.46019640272,4054.60960785376,2516.1797085264,3607.05957303175,2727.09374653678,2473.56164109569,1e+09,2371.35689783297,3511.27608770658,3273.38320986101,2858.71450033053,2883.44652837537,1705.99000158266,2967.68204583982,2465.27039521023,2848.15963404441,2472.66647071537,3212.19616988129,3796.64861040629,3607.90700822513,2671.78768570783,2946.50128077352,2911.2423832103,2831.82027288103,1895.37375818069,2018.25988918672,2377.72298968993,2339.11860419689,2693.1078548027,2640.34710392403,2392.9721663864,2167.47150903997,2286.16944907852,2043.34316391056,2267.52194359834,1805.5229182428,1793.48561948514,2368.38405481459,2396.00085880619,2242.89359622787,2179.47865162749,2412.3169410548,2244.65602638801,2671.35638328172,1770.42382685616,1874.73768647776,2341.71266830497
3048.2057316775,4455.69458618968,5310.00609560855,5479.35023061129,6140.77345643039,6235.14327557916,3199.42772506272,2159.66617973705,3868.51193652029,2763.44619641852,3811.47795629202,2889.13254616329,3178.75103787635,2371.35689783297,1e+09,4153.53627438114,3293.99255024962,3507.71908611565,2925.12903368381,2281.38697716981,2588.70636173746,2101.94203492865,3225.46077574972,2853.83306314508,3580.20195473663,3672.92863709602,4278.47081765203,2417.87475676471,2023.89633600637,2451.68631319343,2848.56432849953,2712.93681749133,2763.45187112061,2550.60369054073,2096.92396686194,2121.5619750316,2432.91376158301,3208.97499977797,2264.78887320651,2255.20021984745,1962.98139817982,1765.11754560426,1726.33098106939,1959.81041220828,2231.32667827909,2851.48579654537,2185.89383404135,1759.09689863862,2179.62670459875,1647.33935092318,2228.36328891857,2087.70614665953,2414.09715475579,2634.3377503274
4544.93791915218,5028.41097843046,4001.67180528339,3875.30951854171,4431.80803767492,4488.48657349,3923.46856693156,4310.27424620522,3621.4901405913,3750.25215830883,3716.4976031339,3054.95130286884,3325.33555566953,3511.27608770658,4153.53627438114,1e+09,3380.75111513699,3160.81023120655,2901.94896404124,3861.78383271255,4112.49855937969,3317.22855275304,3650.79593851807,3781.04042846675,3052.29344439554,3158.04545141453,3314.98561259321,4083.8151874687,4718.92993750702,4578.2684692687,3599.95204331947,3072.42216859923,3774.23753020395,3711.0253176986,4174.05977846509,3791.55573319185,3134.11645921143,4182.2396838058,4066.05162763583,3318.35044677322,3220.63865719208,3742.42365744446,3758.90290826991,3301.83666061784,3497.00937633859,3823.72590828631,3748.85904030813,3710.24689410287,4226.18296376293,4059.7534669854,3945.53251419881,3570.44353866575,2892.45425996679,3197.10466375438
4077.10904899151,4451.16935403496,4877.01956859925,4571.03037506862,5266.16940470965,5710.46349160031,4067.08444820119,3555.12771697446,2026.83269642563,2539.65963247046,3389.41490154274,2734.93244578363,3500.31266027765,3273.38320986101,3293.99255024962,3380.75111513699,1e+09,2850.3737137786,2803.88630332972,3135.76240166566,3543.59877294256,3134.01008059961,2697.39014545542,2795.49212715758,2912.25249495987,3734.65286200739,3975.21076983347,3249.0615259333,3828.21443119374,3181.12041183606,2600.89185590251,2581.10908490904,3147.55736772184,3649.67929085557,3363.4224549854,3545.30081561495,2418.06629561722,3941.89518545331,3270.66889004375,2858.82289264305,3234.09701955585,3281.89634435641,3119.1116747401,2800.68788751978,2522.12587261223,2942.5575043489,2640.34987105876,3066.45102114806,2901.99748564674,3196.09643681163,3578.78271722383,3256.78076558739,3084.58861518031,3577.21277942758
3497.25839261797,5286.04785860855,4188.32210395762,4052.20215811107,4615.36363790547,5212.77223439697,3491.1321660745,3843.27707203111,3262.70402339838,2702.78130787528,3104.69456652341,3103.28826637166,3411.3571061236,2858.71450033053,3507.71908611565,3160.81023120655,2850.3737137786,1e+09,2300.76493253874,3209.58921884094,3296.42618788894,3599.01313552757,3376.62912538526,2841.84667485774,1879.24490170919,2675.87196395866,2275.69458574739,2830.81188970585,4034.35748316879,3345.79290318454,2394.49981814574,2284.16229874324,3235.58772956321,3405.98350514209,3361.04610306077,3507.95683767631,2939.68293511392,2870.87066237753,2699.93608585463,2868.16351083755,3259.31658635672,3438.63217153275,3616.84758242589,2988.61111513358,3480.51576104749,3577.42768782264,3279.03850556836,2888.59075265085,3510.64557187136,3380.49148947309,3172.83662641177,3513.9764414549,2689.80336513657,3127.35451276314
3027.22429981137,4533.0480253688,3623.33628600769,3746.05668980062,4313.40869863963,4444.46620157022,2793.32904162757,3541.04192909375,3077.6917644722,2147.46877723519,2604.72524289991,2272.39555971226,2994.53943318501,2883.44652837537,2925.12903368381,2901.94896404124,2803.88630332972,2300.76493253874,1e+09,2675.95460878917,3304.97321229689,2509.47496024567,2881.32977140764,2615.62131066407,2109.30198070357,2711.49930888798,2365.64729687247,2807.90065495558,3500.94811552528,3253.47438514582,1916.6242408203,2026.59930553625,2985.64537785384,3255.74582071451,3101.629373136,3125.43780760392,3017.44934323677,2996.01937512093,2882.32768353982,2287.8304982013,3040.68297753975,3140.89145691156,2843.32652657059,2321.20419844959,2432.54032186519,2931.48099393464,2569.95842557813,2441.17631348086,3227.01637660858,2964.28298173437,3140.84434471051,2846.69041511366,2519.7168146639,2987.19035307427
2758.13295950645,4153.69692852042,4966.48412750912,5071.89777256009,5607.46738187571,5626.11399624999,3152.16202767244,2325.23673162541,3629.42417113239,2189.18488289592,3236.66052917201,2535.92092295876,2005.87967101718,1705.99000158266,2281.38697716981,3861.78383271255,3135.76240166566,3209.58921884094,2675.95460878917,1e+09,2657.17045273727,1790.81510653669,2533.30854988097,1959.76861111204,3262.75964454938,3808.5221856778,3692.51816652268,2617.0458379631,2658.06360260623,2745.37584700164,2544.13740297178,1979.46226033739,1940.20774480466,2190.96910480271,2050.21024004857,2654.61756923667,2770.38087646807,2392.45985027962,2170.17434465529,1953.3771509363,2113.0863669997,2698.38857802208,1804.54340784587,1687.80863476876,1762.20210174656,2056.73475214963,1836.90184068175,1778.1814488966,2411.84690981828,1946.43689445612,2671.04996201868,1876.60524431752,1944.90802019016,2392.0309187383
3130.24146724548,4832.39480033451,4979.73921619396,5186.13859573768,5569.37295351102,5936.40178011057,3560.65865508055,2635.34361254847,3435.40230123053,3082.12172809576,3432.63605589057,3098.95042203001,2618.68032422822,2967.68204583982,2588.70636173746,4112.49855937969,3543.59877294256,3296.42618788894,3304.97321229689,2657.17045273727,1e+09,2747.64106926287,3191.06735105983,2622.88041389614,3249.05892852069,3452.67491233971,4364.41003133299,2383.14234881175,2710.25378697273,2343.36950423957,2882.75376987005,3072.18551191168,3079.9604438856,2124.94025744255,2284.89892006189,3003.15288238877,2798.05254432436,3046.41752862276,2254.2589561317,2693.68398552985,2539.40724672117,2674.03942470937,2721.55372574197,2188.34454803169,2939.10079566864,3350.48737144315,2920.26699580706,2631.67917446257,2860.02348862732,2385.7185582126,2342.19627757795,2887.07604730114,2626.44723295558,2465.54798543853
3145.01069983955,3807.49457945773,4739.26094955743,4987.08656374641,5525.50746507504,5366.11550190638,3219.16569596844,2430.96312327028,3197.64676094781,2289.10481841702,3070.0538690225,2070.30677096415,2323.28977452233,2465.27039521023,2101.94203492865,3317.22855275304,3134.01008059961,3599.01313552757,2509.47496024567,1790.81510653669,2747.64106926287,1e+09,2600.29454137411,2307.5492162682,3246.39472961931,3599.86469256832,3886.48808444076,2787.84224976952,2384.44978443665,2950.92640252176,2739.00051171956,2443.80141232875,2692.57912247718,2246.78667990533,2241.82412102288,2258.64624018459,2933.33011048876,2993.16884000886,2634.44033346743,2077.62451583533,1712.96310935175,2424.96760774242,1680.35050998296,1812.4663771778,1598.2590620422,2366.24356838006,2052.99730338352,1730.26714370932,2726.91847956627,2220.17446591479,2584.82366930512,1843.20185313492,2343.37098881078,2693.6920842962
3639.11009296735,4594.23572432891,4948.01494263104,4867.77570935638,5671.17007857285,5814.43352104915,4084.23934095444,3740.61164784584,2880.27369958134,2537.71464960109,3238.37219368003,2370.60027098623,2193.21062488307,2848.15963404441,3225.46077574972,3650.79593851807,2697.39014545542,3376.62912538526,2881.32977140764,2533.30854988097,3191.06735105983,2600.29454137411,1e+09,1827.1720264934,3115.70358445729,4051.52268046225,4479.04634144368,3553.18876116933,3404.9618222823,3359.96587188025,3115.91127118537,2579.86869910079,2826.91738975514,2779.82667810423,2711.06015785338,3377.34923340776,3222.95697793191,2557.11408093186,2427.25582708127,2739.76628333513,2471.72957547949,3147.22378935785,2865.07496336483,2326.58352515013,2005.07932478992,2567.467629942,2398.95093297049,3081.00822963847,2942.93961305699,3160.63975327781,2930.93200185538,2508.72369429158,2832.32092607812,3016.89707413097
3020.61807108552,3990.29226349399,4896.65721782728,4895.10866631171,5510.53012448893,5748.49082910463,3883.49843955164,3246.65998145787,2804.88532227255,2173.39513144757,3192.64523801189,2314.48221263418,1958.08207506734,2472.66647071537,2853.83306314508,3781.04042846675,2795.49212715758,2841.84667485774,2615.62131066407,1959.76861111204,2622.88041389614,2307.5492162682,1827.1720264934,1e+09,2871.33160892294,3728.89261906266,3836.05811660877,2944.15300337805,3147.86733135309,2891.46640326323,2746.46912873602,2125.06323905902,2894.7307175107,2208.48176743663,2508.98734514545,3214.90671279899,3285.73505033501,2284.95360138888,1987.54954748303,2389.84913760262,2383.8986589828,3034.47723281952,2496.36191268414,2258.38323765033,2238.88225338002,2436.9307877328,2414.53767972256,2399.18310878932,2563.58464449684,2485.41119439018,2796.40011298455,2647.18075648415,2558.19857327378,2684.22381143972
3568.70969650023,4917.70487045532,3072.8193408497,3211.93225523204,3876.64374307209,4309.25548273713,3278.64751734614,3752.91957606341,2931.50235522675,2334.53599526758,2087.73894206148,2969.90333027861,3473.80486261102,3212.19616988129,3580.20195473663,3052.29344439554,2912.25249495987,1879.24490170919,2109.30198070357,3262.75964454938,3249.05892852069,3246.39472961931,3115.70358445729,2871.33160892294,1e+09,2156.5077988498,2323.73533329422,2856.92268308052,3977.68376126107,3151.95235792041,1668.66448332192,2554.32227148416,3712.54991353652,3768.738197819,3364.78853824427,3579.02541170079,3119.48689348104,3211.63455805607,3169.0970650171,3236.4161218082,3301.1062870044,3417.15792159215,3563.39995469215,2831.20551078511,3096.37565206485,3324.84339531955,3078.49059719207,2940.55177752408,3570.55124308558,3453.15749380187,3009.76534063704,3557.05423423653,2753.60617080584,3035.37951543131
4186.49824161585,5463.32592917538,2994.2365682424,3247.13987254938,3481.31472777168,3920.4385651863,2882.3814816051,4208.21097243235,3656.4721360623,3140.99701243093,2554.9308282026,3722.57074983136,3899.31571327586,3796.64861040629,3672.92863709602,3158.04545141453,3734.65286200739,2675.87196395866,2711.49930888798,3808.5221856778,3452.67491233971,3599.86469256832,4051.52268046225,3728.89261906266,2156.5077988498,1e+09,2633.75823186184,3229.01377621713,4235.24337098826,3606.20634588483,2494.81617663506,3259.3300475251,4111.86624215818,4042.27187868406,3799.57875567806,3870.95237032181,3464.85940925458,3976.8589059206,3624.2817212794,3596.05485895307,3743.84980243599,3702.16564648315,3995.68447578134,3263.99150139825,3730.26669381695,4158.04069158781,3786.58947250689,3505.64932886905,4076.41439196262,3866.05945297017,3318.61509298683,4008.62735419495,2772.48336095999,3063.32862536816
4075.24392299341,5363.30245952063,3207.89655879051,3357.43165005634,3665.43059215421,3886.54629486129,3111.60169713285,4480.66646169964,4106.93321225218,3066.51127051573,2991.18144554957,3763.28353837443,4173.8885593293,3607.90700822513,4278.47081765203,3314.98561259321,3975.21076983347,2275.69458574739,2365.64729687247,3692.51816652268,4364.41003133299,3886.48808444076,4479.04634144368,3836.05811660877,2323.73533329422,2633.75823186184,1e+09,3395.95653127363,4762.41576906091,4248.4520030477,2629.5459710566,2940.73848898538,4035.06336231539,4460.54866727177,4359.24699012341,4196.47221723199,3989.37084959521,3936.31778731088,4137.42211509776,3641.97680249339,4228.02356995559,4357.31292122795,4153.95251271605,3694.44896469013,4040.94474036704,3980.20479051016,3911.31443486713,3332.23632869879,4511.18484565862,4162.01637522007,4147.03813841879,4206.41565988194,3306.31454454957,3771.90736409313
2488.3943322637,4679.33483414043,4382.07039913783,4569.01379990256,4818.84657246939,5296.89459572304,2164.10011864054,2425.76316339827,3289.38729194359,2361.24058001297,3015.25396036553,3025.82252081975,3415.33716789426,2671.78768570783,2417.87475676471,4083.8151874687,3249.0615259333,2830.81188970585,2807.90065495558,2617.0458379631,2383.14234881175,2787.84224976952,3553.18876116933,2944.15300337805,2856.92268308052,3229.01377621713,3395.95653127363,1e+09,2558.76673729748,2037.33078465427,2379.52275399921,2622.30635477627,3120.27428678954,2926.91449133725,2820.66219735721,2492.12603383136,2805.46050050611,3216.45909157881,2760.88236688925,2560.43199441032,2904.09145017852,2417.52552942053,2436.96427216322,2207.35492732818,2767.5884929664,2776.1043737403,2427.72287922242,2164.46071703785,2740.08261813399,2300.57158078161,2645.41313015567,2651.33736993239,2504.10770243614,2530.04706149905
3295.16464030811,5103.27507950532,5676.26386128235,5720.20416871636,6389.62708976823,6512.95536736588,3503.96868864435,2532.8432382996,3899.09932931953,2668.07799634868,3546.68856904578,3275.65228374441,3551.106394365,2946.50128077352,2023.89633600637,4718.92993750702,3828.21443119374,4034.35748316879,3500.94811552528,2658.06360260623,2710.25378697273,2384.44978443665,3404.9618222823,3147.86733135309,3977.68376126107,4235.24337098826,4762.41576906091,2558.76673729748,1e+09,1862.18668693555,3176.17516215652,3057.95958276103,2987.85529691449,2751.81553816748,2037.28976537458,1673.89260629229,3254.05798258113,3115.40177461913,2755.96705530019,2856.76599333932,2445.43891019588,2081.32506175753,2155.37865144387,2496.46337459615,2528.42654540329,2919.65187719358,2465.74023068125,2294.91802979976,2910.83488959783,2356.88358702758,2323.35838791608,2445.11211430069,3286.29217193177,3505.23487379947
2937.77140830829,5141.84734813277,4860.61901137088,4807.26293622473,5482.92031365585,5934.46063976331,3281.87573963427,2727.39894239915,3297.06208408334,2202.12152875358,2944.76207864065,3161.08358361496,3543.1471720915,2911.2423832103,2451.68631319343,4578.2684692687,3181.12041183606,3345.79290318454,3253.47438514582,2745.37584700164,2343.36950423957,2950.92640252176,3359.96587188025,2891.46640326323,3151.95235792041,3606.20634588483,4248.4520030477,2037.33078465427,1862.18668693555,1e+09,2390.2282878629,2566.03934174829,3117.44823301045,3203.83913311827,2414.25286382765,2326.33342636003,2896.47730773089,3263.063191895,2750.89741340894,3011.821424703,2867.97662119132,2391.20292708503,2547.91338292729,2490.93189475345,2693.03153124875,2919.89378368461,2528.37682871838,2677.48963559152,2757.2478248246,2491.02891938251,2394.00980225646,2938.59348435608,3006.03989828811,3208.41802184503
3369.82278573565,4664.29728878853,3573.8417838511,3691.22201850553,4306.49621950374,4482.70724669814,2838.50705989962,3080.30407601263,2949.96156151229,1684.28803656026,1930.39760274924,2779.69782730066,3470.05496832543,2831.82027288103,2848.56432849953,3599.95204331947,2600.89185590251,2394.49981814574,1916.6242408203,2544.13740297178,2882.75376987005,2739.00051171956,3115.91127118537,2746.46912873602,1668.66448332192,2494.81617663506,2629.5459710566,2379.52275399921,3176.17516215652,2390.2282878629,1e+09,2165.23658377093,3115.13019002417,3549.76766250976,2863.76975362895,3178.29396269445,2782.6195721478,3322.34018038491,3003.73844324036,2931.92962807773,3182.42651905743,3035.962769304,2807.18355359959,2414.97664721628,2440.57049203665,2848.64764277718,2530.93484833174,2340.23141257441,2974.94172346283,2760.62931798168,3012.94340534302,3184.07430365562,2667.28600502458,3068.92308831616
2841.45038488964,4621.76113509775,4090.53093254409,3961.74762048266,4800.92707317035,5005.7884292387,3065.71652270721,3146.81401363347,3034.00965883433,1811.53864706222,2779.01705863782,1763.92419740759,2486.03519876529,1895.37375818069,2712.93681749133,3072.42216859923,2581.10908490904,2284.16229874324,2026.59930553625,1979.46226033739,3072.18551191168,2443.80141232875,2579.86869910079,2125.06323905902,2554.32227148416,3259.3300475251,2940.73848898538,2622.30635477627,3057.95958276103,2566.03934174829,2165.23658377093,1e+09,2151.5838748931,2850.50561390431,2841.15823130286,2500.74209377936,2525.42992819045,2762.43705819698,2607.78624601404,2311.48188937314,2336.99919321766,2771.2559234939,2255.27610311908,2248.40283852783,2204.32096122593,2478.85748376142,2347.66130909039,2439.12469322501,2799.5597067932,2632.87220005074,2984.72758537526,2419.5957553484,2097.46473860706,2574.29813442422
3382.53426783124,5077.31410806934,5171.89907034157,4909.30424271098,5703.1354949887,5859.58484128355,3581.73989847113,3176.97406002945,3758.28760514679,2609.40950958258,3552.85203456322,2660.58991573298,2459.71467572969,2018.25988918672,2763.45187112061,3774.23753020395,3147.55736772184,3235.58772956321,2985.64537785384,1940.20774480466,3079.9604438856,2692.57912247718,2826.91738975514,2894.7307175107,3712.54991353652,4111.86624215818,4035.06336231539,3120.27428678954,2987.85529691449,3117.44823301045,3115.13019002417,2151.5838748931,1e+09,2577.99649212329,2348.11694214747,2733.08562019195,2344.41325633942,2848.03648842496,2623.61996146546,2215.43706360619,2520.81776279048,2667.77101577328,2210.22065848639,2046.27892912965,2257.87764128174,2638.35223544924,2173.76571642392,2562.58535588573,2696.61279011281,2670.27664164221,2975.1940022459,1922.52178848511,2221.5170794752,2969.94732798412
3265.2612356038,4643.72017356774,5673.19172811919,5671.92042839989,6083.53869983581,6247.3136818796,3821.05211920748,2645.33242880739,3713.045255582,3214.12344167115,3964.65412495214,2711.06913956468,1945.39550343882,2377.72298968993,2550.60369054073,3711.0253176986,3649.67929085557,3405.98350514209,3255.74582071451,2190.96910480271,2124.94025744255,2246.78667990533,2779.82667810423,2208.48176743663,3768.738197819,4042.27187868406,4460.54866727177,2926.91449133725,2751.81553816748,3203.83913311827,3549.76766250976,2850.50561390431,2577.99649212329,1e+09,2000.12435503396,2656.70025221138,2938.45037373443,2417.94832541971,1850.55041493065,2065.77126855807,1862.08131261769,2266.37672786322,2119.71823745516,2116.91469894278,2462.93886440569,2863.5764137351,2533.7277497987,2355.36307659775,2350.14960702505,1920.12278130853,2677.11176203012,2114.73773362089,2237.76299826411,2271.48263004585
3371.18951212055,5127.08387479667,5453.21580517405,5353.29998319728,6086.45991763685,6219.18404308797,3678.14485798208,2640.44919267537,3603.69980853012,2473.92494964985,3298.95503847809,2985.11268117302,2765.08925476195,2339.11860419689,2096.92396686194,4174.05977846509,3363.4224549854,3361.04610306077,3101.629373136,2050.21024004857,2284.89892006189,2241.82412102288,2711.06015785338,2508.98734514545,3364.78853824427,3799.57875567806,4359.24699012341,2820.66219735721,2037.28976537458,2414.25286382765,2863.76975362895,2841.15823130286,2348.11694214747,2000.12435503396,1e+09,2308.90193115689,2664.90496203898,2185.71643975151,1635.99256312491,1975.09312367797,2084.80802991546,1890.39889007585,2066.10787540244,1985.73620015348,2099.41310922839,2711.19152003321,1708.43536052729,1980.03905264517,2174.07538953919,1877.51755579009,2103.44086524913,1907.90271879884,2399.7444150159,2911.34858088138
3164.32795178077,5150.7382997683,5202.23100182028,5237.84149658998,5969.20362136357,6172.43945059812,3182.34135111242,2382.52055462277,3654.13774290187,2734.50396916881,3497.52573946211,2646.91152583535,3321.2805591669,2693.1078548027,2121.5619750316,3791.55573319185,3545.30081561495,3507.95683767631,3125.43780760392,2654.61756923667,3003.15288238877,2258.64624018459,3377.34923340776,3214.90671279899,3579.02541170079,3870.95237032181,4196.47221723199,2492.12603383136,1673.89260629229,2326.33342636003,3178.29396269445,2500.74209377936,2733.08562019195,2656.70025221138,2308.90193115689,1e+09,2547.75689841084,3054.16581840279,2800.9544154627,2325.9673084762,1893.54215434988,1841.57957175355,2165.22848362477,2502.95926141438,2465.02126475615,2958.55156750732,2278.63515284918,2276.78971929777,2978.14820824955,2375.71113269269,2400.28908040261,2057.55596042975,2673.1511001625,2975.3524049934
3741.67408641471,4925.80061950339,4899.79587063584,4735.50212184516,5503.69287265378,5892.39055921279,3518.57837241122,2525.40375579827,3289.9125738384,3056.85192022774,3672.75870130342,2814.50449436486,3176.19076900302,2640.34710392403,2432.91376158301,3134.11645921143,2418.06629561722,2939.68293511392,3017.44934323677,2770.38087646807,2798.05254432436,2933.33011048876,3222.95697793191,3285.73505033501,3119.48689348104,3464.85940925458,3989.37084959521,2805.46050050611,3254.05798258113,2896.47730773089,2782.6195721478,2525.42992819045,2344.41325633942,2938.45037373443,2664.90496203898,2547.75689841084,1e+09,3672.77997314024,2936.82997289595,2377.58818345398,2402.76567898328,2177.33023349698,2501.17774008566,2238.32518698691,2437.37565133075,2978.13537163776,2280.24252372418,2597.08821785091,2448.26835336734,2340.24054310663,2808.09797405646,2513.89857422689,2066.58167056132,2488.90189238146
2911.60713925633,5254.95904994511,5302.313547877,5301.83453637512,5908.62162917884,6173.66644573547,3866.89462402326,3583.16272096314,4141.18803605922,2854.84872974033,3587.7409390172,3232.76597756472,2555.61843266948,2392.9721663864,3208.97499977797,4182.2396838058,3941.89518545331,2870.87066237753,2996.01937512093,2392.45985027962,3046.41752862276,2993.16884000886,2557.11408093186,2284.95360138888,3211.63455805607,3976.8589059206,3936.31778731088,3216.45909157881,3115.40177461913,3263.063191895,3322.34018038491,2762.43705819698,2848.03648842496,2417.94832541971,2185.71643975151,3054.16581840279,3672.77997314024,1e+09,1544.52110260754,2415.56416731165,2621.8433711799,3113.66105679472,3135.10918935848,2516.23702047323,3029.52088895258,3222.03979374867,2741.24470387085,2758.80078871237,3349.95167992017,3057.36869158759,2475.55709083834,2472.98653109959,2749.82340491167,3067.7251636025
2803.77404202565,4906.97570833604,5380.53345864516,5398.39035469834,5956.62855232723,6277.14408743339,3707.99561859234,2982.79263109255,3670.57402649776,2745.9175508926,3660.7548785872,2864.49471518102,2428.77452596984,2167.47150903997,2264.78887320651,4066.05162763583,3270.66889004375,2699.93608585463,2882.32768353982,2170.17434465529,2254.2589561317,2634.44033346743,2427.25582708127,1987.54954748303,3169.0970650171,3624.2817212794,4137.42211509776,2760.88236688925,2755.96705530019,2750.89741340894,3003.73844324036,2607.78624601404,2623.61996146546,1850.55041493065,1635.99256312491,2800.9544154627,2936.82997289595,1544.52110260754,1e+09,1927.71970623325,2132.34758100081,2457.4571984879,2577.57350995078,2062.62309349042,2630.86965549417,3148.49875821796,2404.58640408283,2373.59833628186,2467.30553041167,2276.57877581691,2194.51647621976,2174.1601751481,2264.15536207213,2562.10287326641
2880.32872950294,4625.50371194317,4969.15516616255,4948.63112265402,5498.07843241618,5739.01820507655,3091.77258748117,2761.09731000195,3221.14509989848,2540.22061252561,3500.19118210706,2356.05176761887,2414.92766740538,2286.16944907852,2255.20021984745,3318.35044677322,2858.82289264305,2868.16351083755,2287.8304982013,1953.3771509363,2693.68398552985,2077.62451583533,2739.76628333513,2389.84913760262,3236.4161218082,3596.05485895307,3641.97680249339,2560.43199441032,2856.76599333932,3011.821424703,2931.92962807773,2311.48188937314,2215.43706360619,2065.77126855807,1975.09312367797,2325.9673084762,2377.58818345398,2415.56416731165,1927.71970623325,1e+09,2204.91204663587,2407.29551509573,2151.31727264948,1919.21737726606,2166.61169668217,2745.86803450202,1669.6131866693,2011.31411664116,2552.72651727521,2132.16452725863,2719.44073849753,1585.08994628065,1943.80461106563,2507.58299272427
3247.6452570407,4553.75645824412,5185.27053247948,5298.92025619371,6050.05519728539,6101.29795828724,3591.50649567838,2436.13807262643,3532.10575229565,2817.21531465027,3602.0583705848,2280.43940960947,2117.27147942818,2043.34316391056,1962.98139817982,3220.63865719208,3234.09701955585,3259.31658635672,3040.68297753975,2113.0863669997,2539.40724672117,1712.96310935175,2471.72957547949,2383.8986589828,3301.1062870044,3743.84980243599,4228.02356995559,2904.09145017852,2445.43891019588,2867.97662119132,3182.42651905743,2336.99919321766,2520.81776279048,1862.08131261769,2084.80802991546,1893.54215434988,2402.76567898328,2621.8433711799,2132.34758100081,2204.91204663587,1e+09,1983.06567773233,1971.43824265433,1937.07995653251,2107.58085918429,2591.84233565624,2312.86456678726,2051.5013034361,2612.56149619487,2181.37216318078,1997.5406874955,1825.47547006253,2085.44755167806,2270.23224001422
3260.70416668418,4886.17535186776,5232.33015301978,5054.59065492944,5768.87651726053,5971.45608591405,3354.38258254779,2367.35727432511,3671.17744291937,2784.20582789779,3608.34692446555,2850.76480669662,3215.57975055821,2267.52194359834,1765.11754560426,3742.42365744446,3281.89634435641,3438.63217153275,3140.89145691156,2698.38857802208,2674.03942470937,2424.96760774242,3147.22378935785,3034.47723281952,3417.15792159215,3702.16564648315,4357.31292122795,2417.52552942053,2081.32506175753,2391.20292708503,3035.962769304,2771.2559234939,2667.77101577328,2266.37672786322,1890.39889007585,1841.57957175355,2177.33023349698,3113.66105679472,2457.4571984879,2407.29551509573,1983.06567773233,1e+09,1548.26829503158,1929.7882877663,2090.25200834732,2557.87002717104,1912.94560960316,2192.95131418826,1719.54819792875,1610.97744208291,2269.312332536,1864.96882102624,2226.0952083862,2497.9995692954
2864.55994520698,4174.88171731847,5088.45122558918,5014.50175340482,5684.56679598367,5632.60496931926,3227.05237408692,2240.30966861727,3529.65182705037,2335.67315566626,3475.73735119615,2275.01233919731,2691.64264604349,1805.5229182428,1726.33098106939,3758.90290826991,3119.1116747401,3616.84758242589,2843.32652657059,1804.54340784587,2721.55372574197,1680.35050998296,2865.07496336483,2496.36191268414,3563.39995469215,3995.68447578134,4153.95251271605,2436.96427216322,2155.37865144387,2547.91338292729,2807.18355359959,2255.27610311908,2210.22065848639,2119.71823745516,2066.10787540244,2165.22848362477,2501.17774008566,3135.10918935848,2577.57350995078,2151.31727264948,1971.43824265433,1548.26829503158,1e+09,1688.33063509492,1471.82689009272,1959.43770472552,1620.2864676038,1809.98404363132,1647.49622985912,1393.28033428309,2802.9485013464,1517.61247023079,2186.00374995104,2494.86031981752
2404.51824202074,3939.76430690974,4507.18697107187,4557.24325373356,5074.49090772661,5282.56579375969,2883.59634486174,2318.5280145601,3373.41962655108,2279.29484812738,3091.13342343872,2521.58039794491,2038.96518592153,1793.48561948514,1959.81041220828,3301.83666061784,2800.68788751978,2988.61111513358,2321.20419844959,1687.80863476876,2188.34454803169,1812.4663771778,2326.58352515013,2258.38323765033,2831.20551078511,3263.99150139825,3694.44896469013,2207.35492732818,2496.46337459615,2490.93189475345,2414.97664721628,2248.40283852783,2046.27892912965,2116.91469894278,1985.73620015348,2502.95926141438,2238.32518698691,2516.23702047323,2062.62309349042,1919.21737726606,1937.07995653251,1929.7882877663,1688.33063509492,1e+09,1638.7610978419,2051.543860779,1753.556611661,1892.86594126473,2169.86429773846,1952.920450172,1856.73205035083,1517.3442907264,1609.37750406795,1993.64853687906
