1e+09,17320.9573003226,14927.7776292086,19366.5151860654,23522.1313075219,16807.1078229778,16541.7553774259,10344.2784354396,7137.55471132796,6489.21660194049,8598.6846483343,9713.49408169892,9604.39033284779,7448.16068878082,10113.4033897348,6109.65122100272,7969.79512976338,11998.0586592123,8899.47074990418,8888.07354188747,9879.04782530685,9012.72143878862,7557.30269829785,6234.02250585447,8263.22523369054,10282.106351152,9258.16311063377,8010.4663696067,6086.38464883711,6887.4907019538,8932.42899717093,13682.9396392186,15708.5101391061,10104.1415023643,9728.68246142817,8679.6009334243,9879.09462336504,9970.87343351624,9563.39924322414,10038.2165707062,11353.9801320506,9047.946502312,10155.6829840144,9157.43259229354,9084.7218768986,9545.304065204,11977.689195329,8662.42875239387,8680.13641270113,9656.91792534243,8381.22345691248,9085.34551928544,10891.4951218738,13917.2934184848
17320.9573003226,1e+09,5583.29708436691,3564.89408536916,7811.58367119626,13274.5209755983,30545.3358235983,25238.4691441319,19001.5878716806,15397.1898218051,18260.3258310442,23751.0386302957,24024.7966621218,20994.4853384573,23491.0880358297,17760.2255851129,13885.7712182219,20461.0971062917,22961.993586198,23356.2586122992,23919.7431949405,23403.2158047265,21888.9812723,16187.7233032227,10904.9461004399,9670.83911083211,13933.5067510623,21079.212447779,19376.9952272792,17557.5740048077,19802.410288884,26780.4344277964,30435.2585113023,24742.9251681688,22808.4079543466,22876.7613878429,22597.721740202,23914.0547308816,23850.9771201957,24500.2435176388,25861.6805013905,23213.8801069123,24098.8962836185,23643.9161422595,23518.5871037654,23581.4755186651,26329.9189119241,23340.7374145998,22022.2505648015,23472.9813449549,22328.9713076868,23127.7047598459,24227.4807910893,28086.1999350927
14927.7776292086,5583.29708436691,1e+09,6854.65689139872,11183.3494222795,15753.0762439944,28625.793516308,22027.8866501169,16268.9931563419,12422.6824447782,16934.8697023508,21075.1656606229,21130.1531298427,19186.891614407,21073.6907920706,15312.4153463195,12555.9393467355,19944.7363304256,20317.3102240799,20717.3883431358,21728.9714112012,20813.3911533008,18903.90918077,13828.8835919969,9252.91766019778,9266.44466641333,13676.7144549925,19272.6989122307,16828.3874003037,15671.7564626369,17892.8912449889,24387.4244550383,27891.3670428091,21840.3960766993,20957.6712890865,20150.2275993647,20625.6239213387,21685.5485858002,21419.5172112865,21999.997203893,23393.2476914151,20896.2904960904,21994.8653483557,21072.052420818,20709.0655250086,20813.2582317834,23848.6466676623,20648.7379922067,20047.465027968,21176.9698208951,19961.2538566344,20348.8062465861,22046.1590399394,25508.2196129777
19366.5151860654,3564.89408536916,6854.65689139872,1e+09,5402.37934319685,15517.3370854635,32947.6555379909,27399.6471758196,21394.5469464978,17638.2164617174,20845.5252036882,26038.2052821599,26269.4477933245,23364.4480167583,25802.3993678883,20149.8839690208,16423.5057749708,23033.8638257935,25307.6573979912,25670.7402233029,26363.8166785616,25734.453483653,24158.3769842595,18615.8346373457,13231.9639961799,12279.5941151367,16520.4994146606,23573.61432109,21775.5134658611,20068.7262583553,22396.9093115456,29255.4170945998,32753.1581264632,27098.8136852907,25348.4951099074,25194.1866870435,25130.1002277886,26330.0849972973,26196.9561129571,26884.9881123184,28202.0943776256,25615.3456673807,26473.4133560389,25925.728375228,25771.9589873044,25922.1741004126,28685.5920182276,25624.6490111728,24517.9683570927,25980.9002912005,24698.7323965705,25334.214175267,26582.7361103574,30356.239682179
23522.1313075219,7811.58367119626,11183.3494222795,5402.37934319685,1e+09,18868.4170167744,37533.7508581823,31827.6087968795,25907.6958292377,22142.0978459088,24896.2312227574,30263.6165305024,30590.5904728464,27422.6193005008,30340.1515943016,24235.5673377414,20498.1527205429,27275.1636639343,29622.5224311891,30030.5454172564,30746.7274682071,29882.0588725928,28408.8747425131,23191.7067702444,17803.1543957974,16693.887136521,20728.9399327076,27716.5087570657,26033.9813753851,24503.8449829409,26762.1501501057,33747.7115375517,37197.1831159579,31341.5552033191,29642.2060819164,29507.7310143325,29426.4528559033,30564.7230723902,30455.9634568306,31060.019954274,32683.6242707705,29932.9026754105,30919.1325913697,30164.0655562028,30103.8276791657,30380.1757419555,33201.1086527453,29893.1390722855,28768.1863889123,30446.138045675,28971.6840085488,29805.5114251459,31180.0304841464,34892.1869467579
16807.1078229778,13274.5209755983,15753.0762439944,15517.3370854635,18868.4170167744,1e+09,23647.7645332661,22791.512315011,16148.0558203457,15008.5797248341,12766.2192604898,19882.9970400591,20581.1278610794,16345.6170203483,19084.4056181716,15397.4186359045,11259.6582481175,11903.659263172,19053.6583745379,19558.966210048,18768.814750551,19588.4345901044,19331.0595246122,14119.0000347085,11278.9134694925,8988.67094661942,8207.68077286757,16030.7850233979,16920.9179829819,13769.6815828508,14786.5896203384,20941.9048861392,24820.1496554151,21537.0633194918,17375.8213897157,19609.3743775445,17293.4717566948,18984.4112144728,19508.5670946459,20382.3160860046,20889.154790484,18670.3442294699,18654.6331322168,19576.3984079044,19872.3593768329,19653.9639218047,21195.4878002772,19681.4299234812,17048.5615083414,18902.0238732946,18070.2434820259,19755.8759939265,19043.1500007326,22907.4953207242
16541.7553774259,30545.3358235983,28625.793516308,32947.6555379909,37533.7508581823,23647.7645332661,1e+09,10559.7342320865,13133.0938918063,16693.2559020851,14089.2779724477,10427.2648965393,10132.6380425188,11725.7315432812,8533.85195009264,15334.7832821498,17852.7023036402,12376.9707186088,10096.3240984925,9682.78431412164,8120.97692529046,10780.3329924451,12235.1540004162,14980.0916026605,19973.940803935,21195.7896690734,17694.1429636109,11071.5717584542,13256.5179845539,13506.4553643989,12066.1772129826,7038.79183471851,5659.71787206748,10081.9278342289,9011.26305725785,10642.7836907785,9442.50260096337,9051.1235684969,9398.7897714493,9683.08859903699,6731.37131907014,9496.07138820576,7524.50238685589,10116.5611920652,10301.6485956278,9531.84795895319,6464.1999285217,10460.7501158521,10233.9632569254,8656.27990142417,10520.3964677525,10043.0395990557,7501.01172246784,5825.3491526088
10344.2784354396,25238.4691441319,22027.8866501169,27399.6471758196,31827.6087968795,22791.512315011,10559.7342320865,1e+09,7457.69569973863,10077.4360015135,11292.8946513106,6147.54946287543,4944.45348563418,8450.52791117809,5687.27938425747,9440.70935413224,13427.7849409089,13190.4319470213,5544.23538363046,4643.47298117476,6009.2310405908,5843.80419489736,5554.82735794732,9722.41672918827,14850.07203163,16871.3536445449,14980.1291831079,8007.61996922307,6966.39011325809,9271.7743442558,9135.13931694531,7828.23992883458,8145.95043847555,3559.38641182719,7352.08731444343,5104.2867106972,7636.14647074688,6514.84140240574,5346.54549066965,5849.60459003,5306.99815497424,5712.11174706868,6525.1396949414,5361.78678053315,4778.42931456561,4733.80250742466,5671.09159546908,4884.84123877123,7236.61394053877,5807.26179636324,6379.34443051949,5003.11687653807,7029.33609925575,6578.56264842861
7137.55471132796,19001.5878716806,16268.9931563419,21394.5469464978,25907.6958292377,16148.0558203457,13133.0938918063,7457.69569973863,1e+09,4369.5076778168,5864.8559671743,6451.48505784521,6239.75241334943,5996.15359041945,6248.64705565133,4344.36743481718,7320.0339053723,8631.81363603849,5016.95876644407,5475.08639758315,5993.77378442831,6047.11940469179,4667.73269886998,3717.60532484286,8730.4426470884,10355.2532487332,8428.00124721752,5052.33495017898,3609.75232770893,3514.3715915509,4065.89215236951,8552.70612768263,12014.9106082068,6794.96400885244,6125.68581891857,5695.47291721241,5854.92981331117,6533.0781296568,6236.60860799361,7172.53014833678,7536.84726112982,5421.38160567027,6512.99388614791,5873.18570436863,5328.35240915989,5005.95960121534,7866.84494505262,5490.17928775555,5235.75658050487,5762.02863361507,4961.55649455894,5816.44221994855,7166.03232332928,9872.85778891806
6489.21660194049,15397.1898218051,12422.6824447782,17638.2164617174,22142.0978459088,15008.5797248341,16693.2559020851,10077.4360015135,4369.5076778168,1e+09,7346.51722001657,9420.55378849354,9272.81921370195,8145.64128747393,9116.92970259177,5152.47678830288,5664.981026579,10624.9550813921,8346.55146426954,8626.62293470046,9651.34978423226,9088.28106776524,7322.93100502797,2710.75810186007,5314.95458770816,7488.99556881295,7693.65178937805,7808.94283217005,5177.06608286006,4491.3710946436,6936.00620130922,12546.5039154101,15713.3107456417,9765.52289731072,9215.48303794218,8365.78099114482,8963.75535417495,9818.67069133597,9405.01799299714,10203.2220005104,11212.1785715846,8928.61937671217,10015.7879684975,9138.62035563903,8729.5460963844,8749.1633903191,11663.5759195111,8748.68783880189,8409.20334707159,9198.02096411505,8212.32648150328,8470.93667177957,10315.6135537398,13361.5518877599
8598.6846483343,18260.3258310442,16934.8697023508,20845.5252036882,24896.2312227574,12766.2192604898,14089.2779724477,11292.8946513106,5864.8559671743,7346.51722001657,1e+09,7774.00243298779,8758.94732434212,4685.15355344945,8408.41163358455,4626.42642580642,5173.16357469006,5952.32850556822,7163.94532940474,7689.31950842856,7429.28740092884,7239.29109043835,7348.05039860234,5676.77056938186,8676.12473086919,9308.93117320673,5588.15720993961,4245.76603428639,5705.96703175719,4652.45711500923,3730.73718902846,10232.2802643008,13576.1778445003,9545.88287879649,5959.64970022568,7770.74106778755,5922.19407585567,6969.04919095137,7524.03910267617,8104.63113348781,9495.88241022918,7040.4745513211,7781.47288147302,7506.5806560444,8037.7890184366,8003.85059630051,10100.2511254226,7585.22135895849,5405.64936850329,7732.08688002793,6088.62050178856,8497.31340302922,8706.08982229681,11995.6565294068
9713.49408169892,23751.0386302957,21075.1656606229,26038.2052821599,30263.6165305024,19882.9970400591,10427.2648965393,6147.54946287543,6451.48505784521,9420.55378849354,7774.00243298779,1e+09,2435.52083803444,5127.30704958266,4696.08057344633,7089.77445701201,10657.0695662926,10595.5744127678,2100.26106210633,2528.77255434331,4490.18800384795,2030.44100850037,3234.61916631618,8311.40400692326,13239.1001230031,14948.9104503773,12396.3750202267,5223.07106350278,5470.19224695074,7814.76614560538,5936.03553369587,6234.81095141625,7725.3434345018,3771.39266966462,4765.8163286157,2824.75369370499,4145.12019007893,2740.0838804314,2722.07134842201,2091.76298093259,4579.45639064289,3933.06395535338,4724.89262091743,2690.03797742709,2754.80221108522,3596.39194880091,5499.0467719142,2690.53118051064,4431.61662433699,4365.1365007523,2925.08743105228,3154.68077871597,5160.18446590817,6394.45443027003
9604.39033284779,24024.7966621218,21130.1531298427,26269.4477933245,30590.5904728464,20581.1278610794,10132.6380425188,4944.45348563418,6239.75241334943,9272.81921370195,8758.94732434212,2435.52083803444,1e+09,5890.33414023347,4271.85577434445,7622.58681556334,11241.7923078885,11121.9754677216,2019.30619018018,2461.20038190717,4463.62958039755,2933.99281599325,3274.16565652992,8349.10911192326,13456.9440769887,15225.3358783411,12937.5109432843,5820.77821090101,5505.50520378466,7797.31755921227,6482.92776478344,6041.48261874517,7422.65992570723,3147.02461949379,5225.98131299759,2870.38990027487,4892.36153887874,3613.27837282156,2964.62338326473,2949.27823317842,4056.66142120587,3844.15045766942,4645.22112503808,2712.7691579823,2064.65305049057,3104.28996482287,4824.14521313362,2506.4324861444,4978.39437778889,4219.83265166997,3471.78189764277,2471.84605861692,4962.79629083242,5763.44503592253
7448.16068878082,20994.4853384573,19186.891614407,23364.4480167583,27422.6193005008,16345.6170203483,11725.7315432812,8450.52791117809,5996.15359041945,8145.64128747393,4685.15355344945,5127.30704958266,5890.33414023347,1e+09,6241.42095846771,5108.21208189323,7616.14883768037,7932.17270380569,4681.45177177978,4751.86016941787,5191.99224918528,4344.95599111199,5126.27761583393,6496.90208334711,10672.6944151793,12001.996619967,8821.21635241989,2190.28744485741,4100.28537254421,5381.82971949132,4789.18092736117,8789.19688758876,10833.4838974035,6589.35468845774,3833.08194397146,4735.50357579846,4159.03488498233,3967.16844191169,4457.37806520829,4818.07849509532,6693.45795572812,4451.7034437168,5311.5325485306,4573.31352801227,5388.42582689045,5843.92740005384,7521.07531705407,4555.85340418236,3248.63209406667,5400.87280791725,3530.05066051466,5727.35732331238,6614.57083110462,9317.47524907365
10113.4033897348,23491.0880358297,21073.6907920706,25802.3993678883,30340.1515943016,19084.4056181716,8533.85195009264,5687.27938425747,6248.64705565133,9116.92970259177,8408.41163358455,4696.08057344633,4271.85577434445,6241.42095846771,1e+09,8467.8576581329,11077.0963324736,8995.80305371344,3952.11439453617,3546.49388843404,3330.68787901238,5096.26343437032,5830.54444267429,7704.77069721092,12780.6130370339,14373.9990897697,11985.7781353903,5690.81601105676,6235.89050938998,6702.06601652058,5843.35885552137,5414.72603641218,7473.07578381887,4894.9462984899,4104.52571199158,4117.72227011488,4207.54225764876,4272.26208260917,3625.30499682441,4778.4600992056,3548.99231592575,3690.10924908735,2951.68215685565,4302.18206470856,4237.39109175681,3787.29896096149,4223.3770025656,4504.25893884888,4508.678196301,3111.26203147533,4143.93235579443,2937.41025314817,2585.55436610797,4932.71033385298
6109.65122100272,17760.2255851129,15312.4153463195,20149.8839690208,24235.5673377414,15397.4186359045,15334.7832821498,9440.70935413224,4344.36743481718,5152.47678830288,4626.42642580642,7089.77445701201,7622.58681556334,5108.21208189323,8467.8576581329,1e+09,5394.7648659696,9595.44400679823,6409.78649461119,6833.41476918385,7880.53434747924,6320.3333168829,5199.2981717151,4576.90705046541,8025.31426395253,9568.45274435214,7551.12522230959,5160.5984612349,3560.26533096903,4809.72990931923,5191.79353295179,10881.4718777471,13910.5582684916,8198.59852002158,7200.07604693173,6398.77084581094,7017.34042947184,7269.61498803754,7184.76035686647,7647.4410797011,9581.6427134756,6905.24841227309,8440.28094787727,6751.48806700419,6842.21447415236,7080.11844295701,10173.4343957191,6393.87223485112,6029.68698986938,7743.3385243382,5704.28140164912,7561.85886303758,9434.91344823576,12207.9845090048
7969.79512976338,13885.7712182219,12555.9393467355,16423.5057749708,20498.1527205429,11259.6582481175,17852.7023036402,13427.7849409089,7320.0339053723,5664.981026579,5173.16357469006,10657.0695662926,11241.7923078885,7616.14883768037,11077.0963324736,5394.7648659696,1e+09,9198.09395744032,9971.4499127158,10479.3530569687,11113.1082457565,10261.2305704141,9375.8735331008,4798.08677948826,4560.55455166365,5195.23383213884,4256.34477958494,7767.14235965841,6829.82946669974,5547.62958007292,6928.56348211518,14023.2314139253,17382.6353440668,12048.9665592282,9511.67259280406,9978.47375507397,9240.50301180623,10447.5436473747,10672.4974760878,11198.0467817562,12977.1370402797,10369.1750277782,11256.8041134329,10694.8976783137,10819.5018402235,10960.868776452,13595.7643147452,10457.8969408242,8862.50119293081,10725.2208107339,9261.8327762004,10629.6335423287,11694.5163450397,15349.8336269029
11998.0586592123,20461.0971062917,19944.7363304256,23033.8638257935,27275.1636639343,11903.659263172,12376.9707186088,13190.4319470213,8631.81363603849,10624.9550813921,5952.32850556822,10595.5744127678,11121.9754677216,7932.17270380569,8995.80305371344,9595.44400679823,9198.09395744032,1e+09,9629.09863464385,9939.52693466344,8046.28227051475,10209.1526677438,11066.863760524,8740.02763683274,11382.3915293228,11318.7543411941,7121.86271813772,6802.88951376546,9507.88365753915,6631.97863383169,6119.61904477722,9918.51916669015,13484.1518675777,11806.9185472883,7091.24920404015,10617.4922745816,7379.74609688572,8930.56473809468,9528.83409616308,10658.0929691432,10025.6601108406,8547.00804721746,7827.36023892474,9822.85673929433,10327.0936098449,9936.30503340653,10290.4798903647,10225.1054738717,7289.75294493579,8687.63425219432,8635.79887273899,10513.0414077421,8641.85450227554,11870.0856072608
8899.47074990418,22961.993586198,20317.3102240799,25307.6573979912,29622.5224311891,19053.6583745379,10096.3240984925,5544.23538363046,5016.95876644407,8346.55146426954,7163.94532940474,2100.26106210633,2019.30619018018,4681.45177177978,3952.11439453617,6409.78649461119,9971.4499127158,9629.09863464385,1e+09,1954.76708617677,3421.13672692279,2258.39635121916,2791.86196970767,7224.58381141087,12370.4611316596,14003.3681104369,11445.0884114235,4234.96697089836,4486.60183472971,6435.88139967635,4899.25955910687,5725.34317023006,7994.78667664122,3328.25647043614,3891.06817571988,2563.71864097837,3440.94969928362,2660.2930147636,2317.59306335258,2728.41516441322,4091.07346262567,2816.21320164152,3831.30145632003,2206.09873428185,1792.49435558386,2419.19021620872,4771.03357746516,2085.28032698244,3428.41592279875,3292.25386964614,2167.91808053256,2717.4235407459,4531.87417693828,6277.76302496359
8888.07354188747,23356.2586122992,20717.3883431358,25670.7402233029,30030.5454172564,19558.966210048,9682.78431412164,4643.47298117476,5475.08639758315,8626.62293470046,7689.31950842856,2528.77255434331,2461.20038190717,4751.86016941787,3546.49388843404,6833.41476918385,10479.3530569687,9939.52693466344,1954.76708617677,1e+09,3211.34231664891,2525.43543382126,3135.1031615403,7476.29856988738,12690.02274851,14466.7996357453,11864.241456743,4415.69668335587,4530.04630638584,6725.61478341571,5638.46906550883,6004.13813407886,7585.30508861707,3049.05842538315,3935.21044241601,2338.0702285218,3913.34498704114,2663.90737796944,2075.67018745754,2593.94270299095,3518.40425860929,2766.65070663067,3591.13316762272,2206.18692993137,2165.63055621221,2540.58089680293,4361.1484581587,2026.10329201154,3685.91552020662,2989.3348973643,2568.78401394512,2577.90057186075,4390.75439643349,5893.39925706718
9879.04782530685,23919.7431949405,21728.9714112012,26363.8166785616,30746.7274682071,18768.814750551,8120.97692529046,6009.2310405908,5993.77378442831,9651.34978423226,7429.28740092884,4490.18800384795,4463.62958039755,5191.99224918528,3330.68787901238,7880.53434747924,11113.1082457565,8046.28227051475,3421.13672692279,3211.34231664891,1e+09,4147.44284622465,5463.3794769355,8239.1154289159,13358.8054687386,14705.0256653737,11544.3596657935,4070.78234951219,6025.45547321528,6615.69354678707,5255.39651910301,4517.84564273726,6929.87687482974,4598.08842643332,2952.80624589559,4611.00500799988,3458.15705483427,3072.03202862535,2828.86590343197,4117.28887032474,2802.16120501659,1989.90069938176,1740.75879543951,3149.7675155319,3589.15434383923,3192.10862601823,3198.19019271838,3633.35905828202,3041.6501971134,2445.43615240717,3130.29137365837,4392.54499445367,3671.82438758991,5287.48117022652
9012.72143878862,23403.2158047265,20813.3911533008,25734.453483653,29882.0588725928,19588.4345901044,10780.3329924451,5843.80419489736,6047.11940469179,9088.28106776524,7239.29109043835,2030.44100850037,2933.99281599325,4344.95599111199,5096.26343437032,6320.3333168829,10261.2305704141,10209.1526677438,2258.39635121916,2525.43543382126,4147.44284622465,1e+09,2944.69833006711,8019.63953104502,12947.3373349388,14640.4738152083,11945.6550516705,4329.95693207219,4772.14936207994,7249.98432866582,5704.16866776395,6646.4149686203,8209.08360938053,3419.89594075609,4368.20913850287,2890.28939199866,4087.44197189391,2442.02294014614,2341.59296917718,2091.25144322724,4692.4228952003,3345.4681995649,4624.92905115311,1984.37210688923,2630.51254306076,3616.56968808842,5677.67391051124,1992.93813574331,3793.81255139207,4246.58221439312,2423.86527923893,3845.65766214311,5702.63966131475,7034.35467904484
7557.30269829785,21888.9812723,18903.90918077,24158.3769842595,28408.8747425131,19331.0595246122,12235.1540004162,5554.82735794732,4667.73269886998,7322.93100502797,7348.05039860234,3234.61916631618,3274.16565652992,5126.27761583393,5830.54444267429,5199.2981717151,9375.8735331008,11066.863760524,2791.86196970767,3135.1031615403,5463.3794769355,2944.69833006711,1e+09,6659.30508014162,11572.1584303189,13507.4966562313,11409.8356197186,5132.97293944747,3606.21664658406,6685.03434613466,5849.40653548717,7996.09701994667,9895.81092681646,4100.37750346233,5750.52418036826,3171.80335295239,5310.45459926926,4481.96968404517,4113.61230334119,4035.07597282876,6093.55131673641,4563.59040677403,6070.45447666812,3570.29916333352,3119.78175328019,3693.51415287663,6776.41932591247,2858.35109771351,4953.36106949615,5126.00702403928,3524.39973796957,3926.26853866365,6690.02101263516,8381.9407535427
6234.02250585447,16187.7233032227,13828.8835919969,18615.8346373457,23191.7067702444,14119.0000347085,14980.0916026605,9722.41672918827,3717.60532484286,2710.75810186007,5676.77056938186,8311.40400692326,8349.10911192326,6496.90208334711,7704.77069721092,4576.90705046541,4798.08677948826,8740.02763683274,7224.58381141087,7476.29856988738,8239.1154289159,8019.63953104502,6659.30508014162,1e+09,5574.38358168865,7491.79575306882,6480.77620939035,6206.81343504862,4187.75737225785,2842.24446900684,5138.89123624931,11239.9843492863,14476.2353200029,9025.83160936985,7374.04312020211,7172.38786451207,7174.85937242675,8292.56506701636,8154.38350431227,8909.94675083415,9842.69198449794,7645.7092199089,8408.47804067419,8117.70336329802,7883.47468215,7700.43848191127,10389.9965966501,7764.71850070561,6780.85321613733,7605.88045790229,6852.09028510279,7331.71594599109,8583.465310986,12135.30111537
8263.22523369054,10904.9461004399,9252.91766019778,13231.9639961799,17803.1543957974,11278.9134694925,19973.940803935,14850.07203163,8730.4426470884,5314.95458770816,8676.12473086919,13239.1001230031,13456.9440769887,10672.6944151793,12780.6130370339,8025.31426395253,4560.55455166365,11382.3915293228,12370.4611316596,12690.02274851,13358.8054687386,12947.3373349388,11572.1584303189,5574.38358168865,1e+09,3154.58305794918,5777.57791902455,10728.8012530152,9027.23398268262,7127.52916019289,9637.39884935764,16373.3232349392,19723.5743912634,14247.7626584913,12303.6982431137,12299.2784828217,12094.1121653679,13322.5932472286,13251.0403452182,13960.9284611698,15144.105246019,12699.1106459862,13433.0673910057,13107.099207914,12977.2657087578,13021.7033766823,15669.7379109033,12820.8277872921,11579.2247678158,12871.7306001136,11830.0121535441,12428.6495298122,13562.4789150177,17342.1947525421
10282.106351152,9670.83911083211,9266.44466641333,12279.5941151367,16693.887136521,8988.67094661942,21195.7896690734,16871.3536445449,10355.2532487332,7488.99556881295,9308.93117320673,14948.9104503773,15225.3358783411,12001.996619967,14373.9990897697,9568.45274435214,5195.23383213884,11318.7543411941,14003.3681104369,14466.7996357453,14705.0256653737,14640.4738152083,13507.4966562313,7491.79575306882,3154.58305794918,1e+09,5098.36101180566,11902.231017805,10791.1110389431,8368.90629605207,10572.5590438503,17514.7884833903,21201.1390320803,16035.3920370161,13456.8811957192,14100.0374047483,13271.3536833362,14750.2596636941,14755.9947019203,15588.3497891983,16688.5849981956,14090.4005884538,14797.2710639496,14725.7809593379,14675.4191888954,14668.8606622805,17117.0842952443,14517.4228895455,12790.3241100568,14340.8828687707,13290.7307426228,14274.5983243522,14998.4651897653,18859.8773805134
9258.16311063377,13933.5067510623,13676.7144549925,16520.4994146606,20728.9399327076,8207.68077286757,17694.1429636109,14980.1291831079,8428.00124721752,7693.65178937805,5588.15720993961,12396.3750202267,12937.5109432843,8821.21635241989,11985.7781353903,7551.12522230959,4256.34477958494,7121.86271813772,11445.0884114235,11864.241456743,11544.3596657935,11945.6550516705,11409.8356197186,6480.77620939035,5777.57791902455,5098.36101180566,1e+09,8521.3232156573,8885.55778784315,6117.3360664263,7528.84628132359,14355.761847335,18015.2882133953,13829.9471597147,10216.4814185217,11888.7796638764,10217.5343171677,11649.4600080819,11987.5317357828,12851.6937619094,13665.2581579896,11167.7742313766,11600.5477917769,11962.4293965273,12177.5125244403,12089.6493042147,14077.5425032923,11908.7551672792,9621.36103754557,11537.4099968104,10462.8160645784,12207.5537569941,12181.9894947623,16051.2517887702
8010.4663696067,21079.212447779,19272.6989122307,23573.61432109,27716.5087570657,16030.7850233979,11071.5717584542,8007.61996922307,5052.33495017898,7808.94283217005,4245.76603428639,5223.07106350278,5820.77821090101,2190.28744485741,5690.81601105676,5160.5984612349,7767.14235965841,6802.88951376546,4234.96697089836,4415.69668335587,4070.78234951219,4329.95693207219,5132.97293944747,6206.81343504862,10728.8012530152,11902.231017805,8521.3232156573,1e+09,3971.04401348059,4483.85803476203,3725.65980979209,7709.33902735507,10344.4105344964,6110.20627427585,2834.89538648254,4949.97135119993,3257.63143495393,3690.92049740983,4137.48743438575,4944.98925408337,6140.03174242609,3675.20607750096,4509.24699993247,4355.80131436226,5023.50560953205,5147.96371265377,6747.55012269639,4469.06803372918,2256.90978040771,4493.45500685163,3274.15655250326,5780.75669737103,6105.60641717103,8793.80098538738
6086.38464883711,19376.9952272792,16828.3874003037,21775.5134658611,26033.9813753851,16920.9179829819,13256.5179845539,6966.39011325809,3609.75232770893,5177.06608286006,5705.96703175719,5470.19224695074,5505.50520378466,4100.28537254421,6235.89050938998,3560.26533096903,6829.82946669974,9507.88365753915,4486.60183472971,4530.04630638584,6025.45547321528,4772.14936207994,3606.21664658406,4187.75737225785,9027.23398268262,10791.1110389431,8885.55778784315,3971.04401348059,1e+09,4035.92394139186,4666.07769385594,9390.93160780654,11900.0564304965,5805.42431851454,5260.1429534852,4198.35542238863,5290.31675289864,5464.74601583642,5165.31327467173,5648.83365313584,7446.4367939438,4975.14839005833,6498.95647164989,5061.64323738843,4988.60977589949,5355.46965665944,8139.64278892508,4519.60518436069,4420.83149376902,5439.07465747622,4212.64288067479,5143.42614594591,7222.99636282616,9972.65006908394
6887.4907019538,17557.5740048077,15671.7564626369,20068.7262583553,24503.8449829409,13769.6815828508,13506.4553643989,9271.7743442558,3514.3715915509,4491.3710946436,4652.45711500923,7814.76614560538,7797.31755921227,5381.82971949132,6702.06601652058,4809.72990931923,5547.62958007292,6631.97863383169,6435.88139967635,6725.61478341571,6615.69354678707,7249.98432866582,6685.03434613466,2842.24446900684,7127.52916019289,8368.90629605207,6117.3360664263,4483.85803476203,4035.92394139186,1e+09,3807.5432209497,9812.57332438337,13227.8922912118,8316.14938465514,5775.17857436461,6842.38790167585,5871.24768604596,7148.74186622373,7056.61417522596,8132.16039110764,8636.84862820346,6164.88058388806,6819.35952879008,7079.69681552113,7069.03337638888,6962.26434655422,9104.74312036314,6946.61576352111,5158.57167182933,6394.82508831164,5847.4007997229,6995.24401240586,7474.51577390134,10992.905044705
8932.42899717093,19802.410288884,17892.8912449889,22396.9093115456,26762.1501501057,14786.5896203384,12066.1772129826,9135.13931694531,4065.89215236951,6936.00620130922,3730.73718902846,5936.03553369587,6482.92776478344,4789.18092736117,5843.35885552137,5191.79353295179,6928.56348211518,6119.61904477722,4899.25955910687,5638.46906550883,5255.39651910301,5704.16866776395,5849.40653548717,5138.89123624931,9637.39884935764,10572.5590438503,7528.84628132359,3725.65980979209,4666.07769385594,3807.5432209497,1e+09,7415.49476743123,11249.6024953373,7416.26970049634,4169.48337085064,5779.67736096056,3884.09515971223,5237.59351062108,5601.53822563053,6378.60203007681,7089.30610967674,4759.21250466923,5485.22699908582,5643.95796858021,5714.55510262173,5526.200885138,7575.53999836315,5629.70779492151,3463.45593435228,5033.45500928537,4176.41749093646,6019.73090146894,5931.45431641347,9328.64774829128
13682.9396392186,26780.4344277964,24387.4244550383,29255.4170945998,33747.7115375517,20941.9048861392,7038.79183471851,7828.23992883458,8552.70612768263,12546.5039154101,10232.2802643008,6234.81095141625,6041.48261874517,8789.19688758876,5414.72603641218,10881.4718777471,14023.2314139253,9918.51916669015,5725.34317023006,6004.13813407886,4517.84564273726,6646.4149686203,7996.09701994667,11239.9843492863,16373.3232349392,17514.7884833903,14355.761847335,7709.33902735507,9390.93160780654,9812.57332438337,7415.49476743123,1e+09,5065.60490377013,6493.32963166818,6053.01171885533,7003.10855783344,5847.09589640019,5538.84009493865,5628.90035118761,6250.3597291436,3867.51831784932,5385.178588125,4557.08439615726,5887.096998428,5700.9562979644,5046.7419026041,3436.54821816892,6285.14306406783,6388.9002815195,5053.96920876058,6181.26770392611,6455.74185919016,4871.76301561355,4022.81931014805
15708.5101391061,30435.2585113023,27891.3670428091,32753.1581264632,37197.1831159579,24820.1496554151,5659.71787206748,8145.95043847555,12014.9106082068,15713.3107456417,13576.1778445003,7725.3434345018,7422.65992570723,10833.4838974035,7473.07578381887,13910.5582684916,17382.6353440668,13484.1518675777,7994.78667664122,7585.30508861707,6929.87687482974,8209.08360938053,9895.81092681646,14476.2353200029,19723.5743912634,21201.1390320803,18015.2882133953,10344.4105344964,11900.0564304965,13227.8922912118,11249.6024953373,5065.60490377013,1e+09,7475.8501690577,8504.71249275953,8676.2376426594,8625.36030312937,7277.01275197454,7196.15903606223,7208.95337518561,4856.82916244745,7757.42978740382,6788.81561919309,7530.1763020928,7664.44858604975,7515.35705224975,4723.23497900539,7975.18528053737,9134.6525039708,7556.54438344671,8588.54834003395,8008.99177060384,6893.3634268621,3187.90161905916
10104.1415023643,24742.9251681688,21840.3960766993,27098.8136852907,31341.5552033191,21537.0633194918,10081.9278342289,3559.38641182719,6794.96400885244,9765.52289731072,9545.88287879649,3771.39266966462,3147.02461949379,6589.35468845774,4894.9462984899,8198.59852002158,12048.9665592282,11806.9185472883,3328.25647043614,3049.05842538315,4598.08842643332,3419.89594075609,4100.37750346233,9025.83160936985,14247.7626584913,16035.3920370161,13829.9471597147,6110.20627427585,5805.42431851454,8316.14938465514,7416.26970049634,6493.32963166818,7475.8501690577,1e+09,5385.1603977319,3302.32619217121,5257.8246557488,4103.78651430603,3249.76589970724,3216.31460326878,4418.92352925461,4165.61672906906,5192.27473558555,3673.32455377959,3309.76185892581,3624.92075940978,5038.64249409501,3317.23304567225,5303.02289848913,4196.39545939131,4447.78588851802,3971.33191400568,5996.72398077484,6063.30388621583
9728.68246142817,22808.4079543466,20957.6712890865,25348.4951099074,29642.2060819164,17375.8213897157,9011.26305725785,7352.08731444343,6125.68581891857,9215.48303794218,5959.64970022568,4765.8163286157,5225.98131299759,3833.08194397146,4104.52571199158,7200.07604693173,9511.67259280406,7091.24920404015,3891.06817571988,3935.21044241601,2952.80624589559,4368.20913850287,5750.52418036826,7374.04312020211,12303.6982431137,13456.8811957192,10216.4814185217,2834.89538648254,5260.1429534852,5775.17857436461,4169.48337085064,6053.01171885533,8504.71249275953,5385.1603977319,1e+09,4384.49298589928,2008.44019136742,2699.64198669009,3200.12587080571,4020.62792450383,4501.08067351608,3101.8897863077,3092.95088989463,4166.26378424362,4797.95866692284,4559.47376982257,5213.00489656398,4390.52558651012,2111.8010479683,3030.47872761054,3295.63495772818,4836.71291611359,4129.6550318035,6844.8727510086
8679.6009334243,22876.7613878429,20150.2275993647,25194.1866870435,29507.7310143325,19609.3743775445,10642.7836907785,5104.2867106972,5695.47291721241,8365.78099114482,7770.74106778755,2824.75369370499,2870.38990027487,4735.50357579846,4117.72227011488,6398.77084581094,9978.47375507397,10617.4922745816,2563.71864097837,2338.0702285218,4611.00500799988,2890.28939199866,3171.80335295239,7172.38786451207,12299.2784828217,14100.0374047483,11888.7796638764,4949.97135119993,4198.35542238863,6842.38790167585,5779.67736096056,7003.10855783344,8676.2376426594,3302.32619217121,4384.49298589928,1e+09,4310.76813940393,3348.91697742718,2749.15662915011,2665.88455445843,4710.34566940686,3713.96828753289,4790.75312370613,3166.29151337965,3028.21104675681,3331.54826705242,5621.03512646915,2569.26898969337,4128.83397716595,3836.67170064107,2993.95745811459,2488.55662734445,5139.18049096352,6837.95767448878
9879.09462336504,22597.721740202,20625.6239213387,25130.1002277886,29426.4528559033,17293.4717566948,9442.50260096337,7636.14647074688,5854.92981331117,8963.75535417495,5922.19407585567,4145.12019007893,4892.36153887874,4159.03488498233,4207.54225764876,7017.34042947184,9240.50301180623,7379.74609688572,3440.94969928362,3913.34498704114,3458.15705483427,4087.44197189391,5310.45459926926,7174.85937242675,12094.1121653679,13271.3536833362,10217.5343171677,3257.63143495393,5290.31675289864,5871.24768604596,3884.09515971223,5847.09589640019,8625.36030312937,5257.8246557488,2008.44019136742,4310.76813940393,1e+09,2427.80764538709,3308.17423502753,3999.87586029867,4852.32521053567,3515.86719147638,3446.45416185969,4297.41818114086,4663.53851346807,4311.18526173487,5474.06532451888,4439.91517456133,2588.11133236188,3118.75728145042,3138.32878585084,4594.21902194486,4200.88625901726,6901.92700933587
9970.87343351624,23914.0547308816,21685.5485858002,26330.0849972973,30564.7230723902,18984.4112144728,9051.1235684969,6514.84140240574,6533.0781296568,9818.67069133597,6969.04919095137,2740.0838804314,3613.27837282156,3967.16844191169,4272.26208260917,7269.61498803754,10447.5436473747,8930.56473809468,2660.2930147636,2663.90737796944,3072.03202862535,2442.02294014614,4481.96968404517,8292.56506701636,13322.5932472286,14750.2596636941,11649.4600080819,3690.92049740983,5464.74601583642,7148.74186622373,5237.59351062108,5538.84009493865,7277.01275197454,4103.78651430603,2699.64198669009,3348.91697742718,2427.80764538709,1e+09,1806.16760830771,2079.45234044928,3627.8630054896,2842.82202656093,3207.41045527385,2657.71373014477,3429.51649519287,3599.22616313563,4551.94760731052,2914.77146906923,2917.43584191667,3210.48648266894,2426.88123193122,3939.43375750881,4381.91766704944,5959.54043553696
9563.39924322414,23850.9771201957,21419.5172112865,26196.9561129571,30455.9634568306,19508.5670946459,9398.7897714493,5346.54549066965,6236.60860799361,9405.01799299714,7524.03910267617,2722.07134842201,2964.62338326473,4457.37806520829,3625.30499682441,7184.76035686647,10672.4974760878,9528.83409616308,2317.59306335258,2075.67018745754,2828.86590343197,2341.59296917718,4113.61230334119,8154.38350431227,13251.0403452182,14755.9947019203,11987.5317357828,4137.48743438575,5165.31327467173,7056.61417522596,5601.53822563053,5628.90035118761,7196.15903606223,3249.76589970724,3200.12587080571,2749.15662915011,3308.17423502753,1806.16760830771,1e+09,2133.37748260827,3393.32700700949,2255.35930299365,3266.577961032,1799.54860842935,2564.63933536472,2983.50049064853,4232.38560646357,2180.38621895296,3125.41582116684,3138.16043523909,2061.93223268855,3182.06203734308,4433.3317346551,5650.47992249331
10038.2165707062,24500.2435176388,21999.997203893,26884.9881123184,31060.019954274,20382.3160860046,9683.08859903699,5849.60459003,7172.53014833678,10203.2220005104,8104.63113348781,2091.76298093259,2949.27823317842,4818.07849509532,4778.4600992056,7647.4410797011,11198.0467817562,10658.0929691432,2728.41516441322,2593.94270299095,4117.28887032474,2091.25144322724,4035.07597282876,8909.94675083415,13960.9284611698,15588.3497891983,12851.6937619094,4944.98925408337,5648.83365313584,8132.16039110764,6378.60203007681,6250.3597291436,7208.95337518561,3216.31460326878,4020.62792450383,2665.88455445843,3999.87586029867,2079.45234044928,2133.37748260827,1e+09,4032.92847556214,3576.29827574547,4449.98311437246,2657.28787258739,3245.12951593615,3882.79648907846,5049.11803307271,2665.73989817086,4073.05813146584,3910.90740432448,3110.09430633542,3664.54384607416,5159.83387765537,6082.9678648995
11353.9801320506,25861.6805013905,23393.2476914151,28202.0943776256,32683.6242707705,20889.154790484,6731.37131907014,5306.99815497424,7536.84726112982,11212.1785715846,9495.88241022918,4579.45639064289,4056.66142120587,6693.45795572812,3548.99231592575,9581.6427134756,12977.1370402797,10025.6601108406,4091.07346262567,3518.40425860929,2802.16120501659,4692.4228952003,6093.55131673641,9842.69198449794,15144.105246019,16688.5849981956,13665.2581579896,6140.03174242609,7446.4367939438,8636.84862820346,7089.30610967674,3867.51831784932,4856.82916244745,4418.92352925461,4501.08067351608,4710.34566940686,4852.32521053567,3627.8630054896,3393.32700700949,4032.92847556214,1e+09,3498.28744060576,2620.72496023524,3738.82353828046,3835.69251317151,3464.3513953697,1663.35511244593,4007.87997276615,4954.87204164749,3369.52224171321,4435.15018245155,4128.26789339064,3404.55424312787,3098.20294290093
9047.946502312,23213.8801069123,20896.2904960904,25615.3456673807,29932.9026754105,18670.3442294699,9496.07138820576,5712.11174706868,5421.38160567027,8928.61937671217,7040.4745513211,3933.06395535338,3844.15045766942,4451.7034437168,3690.10924908735,6905.24841227309,10369.1750277782,8547.00804721746,2816.21320164152,2766.65070663067,1989.90069938176,3345.4681995649,4563.59040677403,7645.7092199089,12699.1106459862,14090.4005884538,11167.7742313766,3675.20607750096,4975.14839005833,6164.88058388806,4759.21250466923,5385.178588125,7757.42978740382,4165.61672906906,3101.8897863077,3713.96828753289,3515.86719147638,2842.82202656093,2255.35930299365,3576.29827574547,3498.28744060576,1e+09,2613.24713173094,2263.7316361486,2592.19484381479,2877.7730233811,4030.42725216571,2353.19171569169,2121.51513381357,2548.06107640692,2073.24800171132,3782.12540858973,4174.26802801401,5970.42084073644
10155.6829840144,24098.8962836185,21994.8653483557,26473.4133560389,30919.1325913697,18654.6331322168,7524.50238685589,6525.1396949414,6512.99388614791,10015.7879684975,7781.47288147302,4724.89262091743,4645.22112503808,5311.5325485306,2951.68215685565,8440.28094787727,11256.8041134329,7827.36023892474,3831.30145632003,3591.13316762272,1740.75879543951,4624.92905115311,6070.45447666812,8408.47804067419,13433.0673910057,14797.2710639496,11600.5477917769,4509.24699993247,6498.95647164989,6819.35952879008,5485.22699908582,4557.08439615726,6788.81561919309,5192.27473558555,3092.95088989463,4790.75312370613,3446.45416185969,3207.41045527385,3266.577961032,4449.98311437246,2620.72496023524,2613.24713173094,1e+09,3753.89725149743,4028.85352530965,3805.00150530851,3264.05661190182,4133.02627418457,3364.84216546631,2532.1028633924,3587.10170699131,4227.07773302077,2694.01845461385,4856.62323920644
9157.43259229354,23643.9161422595,21072.052420818,25925.728375228,30164.0655562028,19576.3984079044,10116.5611920652,5361.78678053315,5873.18570436863,9138.62035563903,7506.5806560444,2690.03797742709,2712.7691579823,4573.31352801227,4302.18206470856,6751.48806700419,10694.8976783137,9822.85673929433,2206.09873428185,2206.18692993137,3149.7675155319,1984.37210688923,3570.29916333352,8117.70336329802,13107.099207914,14725.7809593379,11962.4293965273,4355.80131436226,5061.64323738843,7079.69681552113,5643.95796858021,5887.096998428,7530.1763020928,3673.32455377959,4166.26378424362,3166.29151337965,4297.41818114086,2657.71373014477,1799.54860842935,2657.28787258739,3738.82353828046,2263.7316361486,3753.89725149743,1e+09,1642.08340750402,2807.61771023051,4491.5284692296,1340.79345900105,3476.6537785779,3760.57959809389,1966.15744682363,3377.14280959512,5016.53672303911,6095.3447692809
