1e+09,4450.59331237982,4905.42564282652,5208.20641959399,5436.26943898111,6016.71117404683,3376.42936740871,2841.81163791691,4305.22368272544,3008.5104215043,4079.63346434456,3216.90193506112,2830.74187949025,2427.46735036746,2900.41328936067,4491.64298895182,3526.90690644083,3759.12847162743,2973.92611749183,2482.30612793829,2491.84325578476,2990.47735331669,3412.27789480869,2734.6742566346,3467.01884335808,4175.05300415456,4139.2701305665,2343.49024538188,2949.32536207859,2890.03142398141,3652.13843951732,3254.69348887111,2846.75244538404,2906.12766295633,2936.41258947036,3295.72604443998,3327.73712596112,2882.25312004342,2721.04181053875,2637.733264301,3065.7407461656,3632.85273948725,2768.99155784195,2436.94122085454,3292.76018095761,3643.15724822577,3487.8028891983,3027.38838520927,3722.18421518871,3359.74564270869,3025.72841216789,2732.88614744559,3163.59191943272,3266.94028350688
4450.59331237982,1e+09,5772.70354384321,6401.07496593346,6347.63522080467,6570.935936189,5696.28637413008,3866.31973760578,4879.82499508948,4710.43677876054,5478.34157843412,4680.67136893843,4375.39132139058,4758.88634542789,4395.34035322636,4977.0792366608,4246.55310395384,5254.00013452607,4533.96118376636,4183.71884480781,4273.97609003607,3981.42653481136,4619.1795688412,4010.85379851971,4772.13423470045,5154.04644454239,5218.27055074763,4454.34411403071,4992.12695748015,5025.75504174248,4695.45253275976,4683.90745844749,4924.44764796012,4675.60564397811,5027.88705227156,5369.08017092314,4668.24411682808,5382.18161193024,4919.81929492334,4722.00515162786,4622.23177455437,5039.28727912986,4263.92586391931,3927.98329460552,4309.70900188168,4668.56014662979,4802.14593071681,4215.43936287785,4818.8786109841,4512.36931171419,4737.44114192462,4681.86439663731,4770.05779236478,4587.32653679679
4905.42564282652,5772.70354384321,1e+09,1486.73294676616,2111.67765094486,2192.83862598231,3872.59765129299,5457.09098955662,3956.70211994787,3305.29114675243,2586.01479274578,4108.56889087916,4342.02591042476,4608.0145478069,5071.12630258802,3832.96352540694,4118.17573369569,4129.56313145834,3382.62793404773,4447.65207401613,4444.61134981451,4416.54572585862,4431.98739250238,4409.22994188328,2939.88184808506,2873.1883482988,3079.16924330249,4206.50721697943,5348.90113358809,4581.8697565841,3483.25708756905,3849.36073658991,4376.45766356765,5327.87019518119,4906.51795970421,5335.68525716238,4430.80673629532,5152.47120943922,5140.54185227589,4661.56988666908,4988.24464388025,5218.63443683307,4641.86301931671,4186.05764711859,4269.48599480078,4659.24953693189,4589.13700314122,4700.75918087706,5274.76770029733,5284.22985260861,4901.07251006349,4830.05614985996,4142.52917995758,4462.75190606648
5208.20641959399,6401.07496593346,1486.73294676616,1e+09,2022.84742620396,2634.3221802961,4139.67750722203,5825.12457464216,4082.36091050265,3640.31598644953,2907.10876791702,4333.84519528559,4813.8842340879,4693.70023932079,5397.4823998972,3828.21221824235,4190.22014264167,4264.44329111081,3737.45350729611,4883.20275643967,4826.35659495856,4961.94750621165,4695.22930397441,4711.98651661908,3086.25778604121,3109.87081587001,3337.77521012126,4463.1151346229,5573.60942007063,4800.24607716105,3829.61577611906,4095.75881575075,4528.515077749,5604.03347705026,5125.47908721712,5312.29391759342,4422.65792764939,5282.95567404271,5330.47660535153,4837.4034488866,5239.20832992925,5198.33749842197,4896.39125390323,4490.83102024559,4562.07145899755,4768.42992969384,4689.06710440361,5013.04383467769,5311.00717582833,5481.00468594947,5055.39100271186,4974.28717003753,4283.510961326,4609.529258753
5436.26943898111,6347.63522080467,2111.67765094486,2022.84742620396,1e+09,2057.80383168561,4219.03011915061,6065.83182758968,4503.85449008957,4205.84694962858,3491.13161221401,5036.18575263066,5058.61215727199,5340.81734638997,5995.86790589152,4342.45053938442,4619.94810515227,4601.78958436824,4173.11174150657,5265.22506178036,5113.25708927294,5331.22994220846,5313.91656803153,5195.99786313467,3762.13527619622,3379.39084654321,3616.7083181534,4654.08698113819,6137.62715097618,5262.83363086845,4374.19154473144,4780.09498168185,5113.92954430348,5810.65411515778,5688.50003631889,6127.12106426828,5113.31599666009,5865.22010812894,5837.3169205295,5304.07765861323,5954.38708703927,5903.07063140871,5436.54199715223,4917.37475442944,5139.14471550471,5392.49575299786,5392.33669181553,5575.23054478467,5859.07173750245,5949.60466221916,5803.21580949735,5617.32130557795,4747.39462887803,5079.80321225144
6016.71117404683,6570.935936189,2192.83862598231,2634.3221802961,2057.80383168561,1e+09,4517.69839433754,6316.22949042386,5098.84164419724,4633.48117734388,3593.73963755028,5265.24125503286,5429.28981993041,5574.1052718979,6071.64472473481,4287.7796519061,5284.06390447731,5196.53697041597,4432.28903513749,5453.36570683647,5394.38603282153,5401.70138722977,5683.47953990335,5679.85558288237,4181.66557157552,3543.70768484084,3673.41226236588,5118.43478572307,6308.28420883999,5779.26010446839,4398.19008912757,4954.36074169009,5441.34152431181,6242.5881203472,5940.4375559297,6302.92437661281,5501.15506971036,6210.56630499184,6171.80564700477,5667.64618736032,6062.18029641152,5954.71897497271,5552.06775708834,5080.86862004913,5172.6411927757,5341.83245197751,5409.9049977056,5529.86158193856,6058.67540837929,6006.25901569355,5972.9227952402,5779.51085099769,5052.5423152706,5264.39397694549
3376.42936740871,5696.28637413008,3872.59765129299,4139.67750722203,4219.03011915061,4517.69839433754,1e+09,3687.76045603561,4176.61461691164,2808.33470188295,3130.12089007757,3492.57075179588,3542.61048493904,3097.20888649765,3372.36213565507,4159.24778255636,3728.29732030588,4238.78645311367,2953.91900413671,2875.62438772869,3634.15682224914,3285.63597253256,3813.33254695942,3658.20709257964,3427.19979071836,3331.33899583936,3519.85451507587,2486.18254782307,3526.67566851561,3678.80537434369,3652.96547310538,3690.35215268137,3213.41476106027,3825.33556903182,3613.43105146618,3491.44067896048,3480.9394907697,3922.72598899031,3852.18805210753,3039.68021145317,3737.1613648597,4109.0472608258,3235.08189499122,3207.72595621883,3268.0671291759,3495.83838007423,3420.16445078303,3315.22103784951,4179.797213538,3878.38010042853,3948.20532415679,3229.3882304548,3141.14379129641,3301.79314477755
2841.81163791691,3866.31973760578,5457.09098955662,5825.12457464216,6065.83182758968,6316.22949042386,3687.76045603561,1e+09,4051.14513614361,3140.55295492689,4128.48338124304,3044.49890093592,3003.94228411599,2554.86171001485,2141.5114559348,4414.03577350705,3382.96292147875,4051.5143063551,3435.80968432479,1866.02391694212,2237.53816499295,2228.8579378462,3416.20946963151,2647.4110076639,3722.45792132027,4187.15768536366,4508.00936818015,2344.90017757686,2426.74658957214,2801.33716274925,3310.72272294132,3113.02494379663,2745.26770186443,2191.16512901242,2364.29487530638,2742.25383358288,2486.53632470953,3453.65835797347,2849.78316752345,2679.02054150393,2335.69371363199,2721.38767962229,1642.85428069564,2337.09612624299,2255.31684920323,3094.24321081909,2895.23336401403,2281.53396882448,2467.02534109401,1897.21431633329,3070.68741118337,2535.36047044597,2643.29393070464,2546.38751104383
4305.22368272544,4879.82499508948,3956.70211994787,4082.36091050265,4503.85449008957,5098.84164419724,4176.61461691164,4051.14513614361,1e+09,2397.60885000035,2754.31962420849,2475.01595750411,3633.43127305306,4211.08270669195,4022.97352606253,3814.78631332084,2164.92135612359,3282.1637492514,2931.25650177531,3644.25893324006,3296.63216317805,3156.49398171452,2943.72334384534,2547.45853611006,2764.97629640834,3528.26846078923,3992.81580793555,3161.46847580361,3972.014351321,3327.82578547916,3020.90847612105,2985.94757659943,3742.8250400199,3617.40180481793,3595.43809863277,3897.83510309248,3341.19512575964,4164.24369280906,3767.35443532992,3292.99746342143,3610.68063542042,3940.1054470788,3406.03675087337,3551.73801612675,2833.66704095594,3788.50850681373,3495.10314365685,3640.00990855794,3599.03996872777,3833.29867675348,4088.54872091553,3851.75889663411,3534.84253521992,3783.93480975822
3008.5104215043,4710.43677876054,3305.29114675243,3640.31598644953,4205.84694962858,4633.48117734388,2808.33470188295,3140.55295492689,2397.60885000035,1e+09,1672.41155284816,2402.47093807605,2991.93046580297,2903.95578699126,2885.07693214583,3854.6673109751,2502.11929347903,2651.051059844,1980.90819171409,2365.25547607441,2523.49856158073,2386.24665032766,2631.97426110135,2030.00159093534,1882.05335814371,2716.90026736353,2885.4638246736,1861.51230581482,2623.07890020487,2048.99510880334,2038.06130577566,2171.9625448428,2645.75951405263,3062.26593719422,2491.10317552284,3057.32326653561,2903.8504385729,3021.35076184478,2916.66666000762,2726.68330429113,2932.3734740991,3312.52748340297,2476.6145938559,2599.25983729984,2298.75785449447,3095.95037931812,2842.35040063677,2517.68120217791,3289.02341571172,3157.81530954551,3043.84385711554,3018.08620751628,2873.57658251873,3258.51037437354
4079.63346434456,5478.34157843412,2586.01479274578,2907.10876791702,3491.13161221401,3593.73963755028,3130.12089007757,4128.48338124304,2754.31962420849,1672.41155284816,1e+09,3025.69728429663,3483.85787286164,3648.7424327431,3833.06621285101,3785.5415178809,3255.30313886434,3359.47977017276,2568.61933339684,3117.03030498582,3113.41857356187,3163.72905014004,3110.62891576607,2965.98635440219,1991.78905444327,2348.10987334494,2912.19008785484,2936.16980084599,3527.71779180251,3040.54459832445,2223.88121796107,2817.75899166341,3321.52622809154,3971.11910229346,3214.2482349999,3781.93210155867,3600.21140794537,3611.20358971908,3655.61011530223,3550.37249189434,3674.20753729291,3857.33708446643,3388.07088402826,3138.0589879255,2753.52237526772,3317.22660900638,3183.11816775627,3264.47392492267,3889.03118760958,3841.41381159333,3521.39373064132,3686.05258100044,3281.8888432578,3596.16949747923
3216.90193506112,4680.67136893843,4108.56889087916,4333.84519528559,5036.18575263066,5265.24125503286,3492.57075179588,3044.49890093592,2475.01595750411,2402.47093807605,3025.69728429663,1e+09,2619.0608665894,2702.34108474486,2887.32754617484,3074.96804965515,2399.00415433154,3463.79914917133,2339.81949805963,2446.9913786117,2636.27561635729,2131.56349928873,2418.95124146809,2192.54448837418,2710.88633465146,3601.26355179679,3760.16430228787,2833.1032401591,3132.15185248097,3310.55394968878,3017.53275905996,2423.49411088618,2360.28685072387,2740.80449273566,2787.25251378486,2517.1022388453,2299.06054389614,3247.25184797853,2901.837279673,2158.49411826857,2159.20038669411,3209.60202934881,2282.24227250308,2642.37522833151,2138.69049726696,3204.04967759553,2787.7848685112,2650.7109329197,3178.68479915829,3095.8746418904,3313.33795167351,2350.06519881896,2642.88530645959,2805.17688201653
2830.74187949025,4375.39132139058,4342.02591042476,4813.8842340879,5058.61215727199,5429.28981993041,3542.61048493904,3003.94228411599,3633.43127305306,2991.93046580297,3483.85787286164,2619.0608665894,1e+09,2846.23727124075,3230.30216159418,3215.5427261195,3150.21115736707,3527.28752472775,2722.35662450752,2014.00110578421,2296.12157280489,2590.31021856456,2193.9394068889,2218.92811469863,3029.51699033031,3500.93521742405,3818.83960798303,3075.07203930249,3491.0555964493,3482.66978881145,3697.64198852458,2796.10960897458,2393.50567440313,2441.04129647575,2842.60678907583,3490.32058440195,2868.22747256908,2732.54805196542,2692.68071568094,2475.47835674239,2510.4977067506,3802.05325148136,3067.23002158299,2319.66025827059,2677.75506082987,3263.03899103275,3106.71382447756,3124.04970162128,3833.81246136271,3394.53716915871,3037.60556088179,2751.59219721964,2623.35249065008,2604.1051608374
2427.46735036746,4758.88634542789,4608.0145478069,4693.70023932079,5340.81734638997,5574.1052718979,3097.20888649765,2554.86171001485,4211.08270669195,2903.95578699126,3648.7424327431,2702.34108474486,2846.23727124075,1e+09,2359.63428335833,3428.28890823104,3251.13490046168,3478.14787657167,2961.77501431152,1818.81294450529,2611.41371201501,2825.46783842959,3033.05221235969,2591.60916671477,2849.82569556456,3510.33169754654,3484.48092038111,2420.16087207029,2910.78367277611,3302.81345744806,3139.60871592305,2650.99098855503,2093.93946770197,2868.67785481396,2491.90806008167,2323.7048255964,2225.56261250948,2366.27228228283,2231.0077754683,2210.88926504699,2026.39663851873,2706.3142469972,2193.85890537655,2020.70698514159,2630.11814149099,2737.84745860685,2520.09319085624,2110.89772229732,2935.5996830801,2642.88950431152,2398.94734808832,1736.43313312088,2058.36058060778,1978.94152336546
2900.41328936067,4395.34035322636,5071.12630258802,5397.4823998972,5995.86790589152,6071.64472473481,3372.36213565507,2141.5114559348,4022.97352606253,2885.07693214583,3833.06621285101,2887.32754617484,3230.30216159418,2359.63428335833,1e+09,4124.20368848339,3166.81926389872,3947.1420786564,2928.4457306223,2105.95073453773,2368.12256369893,2459.3318383252,3162.69636271015,2799.35388888222,3488.34504685245,3508.20884030583,4154.96022781205,2392.57992704528,2065.7621504181,2798.24678348783,3074.36024631142,2828.17965935688,2535.85735083817,2993.52940054044,2140.87382007908,2322.59027025862,2285.8376581901,3195.5859614318,2252.3474057525,2278.19832277614,2169.35468114368,2171.53276841497,1802.78213972182,1974.49693061296,2077.56803335053,2826.02317948739,2099.5082529964,1808.55488769349,2388.30587691359,1887.19387885824,2295.41595670589,2042.81266840599,2601.67773969029,2559.53300695654
4491.64298895182,4977.0792366608,3832.96352540694,3828.21221824235,4342.45053938442,4287.7796519061,4159.24778255636,4414.03577350705,3814.78631332084,3854.6673109751,3785.5415178809,3074.96804965515,3215.5427261195,3428.28890823104,4124.20368848339,1e+09,3269.60243572518,3749.27936425122,3011.93249926023,3720.32430922359,3907.32271480102,3599.08619923169,3488.42707657764,3645.49991975038,3104.94518425044,3037.09200204735,3303.96874591755,4141.57041656906,4737.0625068918,4810.86019572384,3874.92828217504,3178.8234696661,3532.49462545946,3969.92987104306,4187.86210295898,4026.64133580333,3099.51962476446,4176.78193804752,4007.18372282829,3398.11313475582,3347.36234753574,3944.30877777083,3750.40590637867,3274.84097181833,3375.87246564499,3680.7538512783,3673.50047079077,3738.99903911461,4261.07385401849,4127.13272525854,3998.83985500795,3551.85485985844,3091.42195824187,3121.10886631659
3526.90690644083,4246.55310395384,4118.17573369569,4190.22014264167,4619.94810515227,5284.06390447731,3728.29732030588,3382.96292147875,2164.92135612359,2502.11929347903,3255.30313886434,2399.00415433154,3150.21115736707,3251.13490046168,3166.81926389872,3269.60243572518,1e+09,2992.86331229811,2464.33132634392,3039.46289414758,2999.5217059558,3233.65978145506,2352.94866690712,2338.0792876205,2385.35985387949,3131.32779472223,3682.11045832414,2794.77371790634,3735.97927626747,3149.81331232503,2895.65523895715,2629.92713032129,3120.24421012202,3522.70504841095,3455.02215366269,3673.79268899322,2341.94117646025,3825.26595408738,3144.14676696238,2963.21698940526,3229.68089761202,3623.45533797507,3121.3412816448,2859.05698638555,2615.50301812099,3339.54053363633,3106.8351229185,3287.05554218361,3248.80507363861,3406.96227360973,3648.88545220318,3373.71481260642,3118.93656953776,3186.69702813117
3759.12847162743,5254.00013452607,4129.56313145834,4264.44329111081,4601.78958436824,5196.53697041597,4238.78645311367,4051.5143063551,3282.1637492514,2651.051059844,3359.47977017276,3463.79914917133,3527.28752472775,3478.14787657167,3947.1420786564,3749.27936425122,2992.86331229811,1e+09,2522.03676208338,3405.80313230228,3340.41072214182,3679.83180353396,3598.35174050564,2829.05522676741,2431.78038371067,3048.35151905091,2591.56116462645,3111.43820105751,4283.2526749656,3394.26870624587,2677.20896154932,2254.78018137024,3192.92432799464,3342.26419042541,3363.46249796248,4323.8949268686,3264.16767089254,3343.37230684828,3162.77681983728,3274.03571437454,3663.52477923925,3923.52968804876,3574.98705527726,3394.97268918323,3499.00264465462,4198.50881886653,3931.2080875858,3434.86242459578,3696.49352565374,3729.9080303541,3882.86293917259,4026.8800919198,3100.90681164398,3710.96842551914
2973.92611749183,4533.96118376636,3382.62793404773,3737.45350729611,4173.11174150657,4432.28903513749,2953.91900413671,3435.80968432479,2931.25650177531,1980.90819171409,2568.61933339684,2339.81949805963,2722.35662450752,2961.77501431152,2928.4457306223,3011.93249926023,2464.33132634392,2522.03676208338,1e+09,2537.77060513751,2759.35246648557,2534.06470809251,2709.96776853527,2298.49542144421,1977.66429307403,2521.44403400115,2389.39555915298,2633.55362677505,3384.26919808398,3222.38776377084,2291.34356566186,2294.61164182526,2608.56550402707,3064.23279597031,2886.37970206624,3459.76666847636,2766.70793156777,3088.99712283777,2898.51474576204,2333.99793352522,3068.97049021329,3512.64015169502,2743.80819386123,2424.43349135422,2401.49362206107,3232.99991005258,2973.28405585474,2541.01750163197,3427.05948768036,3187.22179429044,3282.24621125533,3053.36607749546,2751.01027115494,3124.92191721649
2482.30612793829,4183.71884480781,4447.65207401613,4883.20275643967,5265.22506178036,5453.36570683647,2875.62438772869,1866.02391694212,3644.25893324006,2365.25547607441,3117.03030498582,2446.9913786117,2014.00110578421,1818.81294450529,2105.95073453773,3720.32430922359,3039.46289414758,3405.80313230228,2537.77060513751,1e+09,1799.92926122112,2078.17627142165,2543.05239537057,1823.38794821618,2793.61930352008,3277.55083846155,3401.98736899478,2071.14623312793,2472.83488809908,2797.87102819269,2692.54715657869,2319.57371529771,1862.24949700624,2343.98245330463,2059.79736916037,2532.32065825006,2354.63007275028,2327.05218248324,2075.54845766125,1939.7544382215,2036.51192770875,2973.04923255569,1994.24815812877,1731.67611004483,1940.21139216839,2487.57917311188,2231.71776748316,1732.41327387549,2820.57666419475,2211.44936123349,2410.53958088226,2009.56744278464,2036.51589114841,1941.90923701392
2491.84325578476,4273.97609003607,4444.61134981451,4826.35659495856,5113.25708927294,5394.38603282153,3634.15682224914,2237.53816499295,3296.63216317805,2523.49856158073,3113.41857356187,2636.27561635729,2296.12157280489,2611.41371201501,2368.12256369893,3907.32271480102,2999.5217059558,3340.41072214182,2759.35246648557,1799.92926122112,1e+09,2434.33798329238,2687.42772780962,2066.25780431678,2903.20943684743,3215.23946580966,3888.64231314735,2129.20222501293,2498.78989857091,2204.92525918681,2569.13440660468,2371.59566918562,2346.42030120352,2310.17064408671,1717.07737892036,2998.25325504701,2498.1085087922,2623.24317039042,1880.35185688743,2179.23346573973,2487.74323126403,2594.34554996053,2106.59957234402,1673.53880400187,2017.73185971278,2946.7680043227,2234.96092988222,2411.58862804169,2476.93401926656,2073.46190066275,2474.19951095299,2331.89416524421,2333.07704156978,2288.95642937999
2990.47735331669,3981.42653481136,4416.54572585862,4961.94750621165,5331.22994220846,5401.70138722977,3285.63597253256,2228.8579378462,3156.49398171452,2386.24665032766,3163.72905014004,2131.56349928873,2590.31021856456,2825.46783842959,2459.3318383252,3599.08619923169,3233.65978145506,3679.83180353396,2534.06470809251,2078.17627142165,2434.33798329238,1e+09,2882.38751785738,2195.8097435798,3082.61941694073,3525.61152516837,3914.78957527732,2605.93119508171,2473.48045820055,3036.58918418346,2960.68475402228,2842.71473873127,2784.3047813413,2025.28018888745,2236.50425152737,2505.93878885738,2842.6789619301,3156.80822216048,2900.57637182681,2209.40368328198,1814.35873476003,2989.26061334572,1718.23443473235,2332.69301152123,1948.22420044511,3284.59297557551,3021.85289830594,2154.88860500955,3133.91204204904,2737.37686017107,2870.78204541898,2322.2938071226,2479.41424626866,2761.42031568901
3412.27789480869,4619.1795688412,4431.98739250238,4695.22930397441,5313.91656803153,5683.47953990335,3813.33254695942,3416.20946963151,2943.72334384534,2631.97426110135,3110.62891576607,2418.95124146809,2193.9394068889,3033.05221235969,3162.69636271015,3488.42707657764,2352.94866690712,3598.35174050564,2709.96776853527,2543.05239537057,2687.42772780962,2882.38751785738,1e+09,1977.13584740655,2585.65770785694,3588.91135542521,4203.99766351029,3184.50915087396,3278.01226013571,3378.21890545891,3362.72139880782,2974.28147166673,2770.27056406049,3086.30326410092,2772.83061397555,3373.65796568058,2835.39719177049,2631.8347496376,2524.35837790517,2757.69993523588,2623.00128004162,3608.01727986439,3178.14659573784,2473.18390341276,2304.10661396125,3034.01980018259,2721.58917717204,3159.58952098212,3583.88757443645,3518.88724648858,2890.39206105331,2721.75148169336,3127.90019749672,3021.0162558649
2734.6742566346,4010.85379851971,4409.22994188328,4711.98651661908,5195.99786313467,5679.85558288237,3658.20709257964,2647.4110076639,2547.45853611006,2030.00159093534,2965.98635440219,2192.54448837418,2218.92811469863,2591.60916671477,2799.35388888222,3645.49991975038,2338.0792876205,2829.05522676741,2298.49542144421,1823.38794821618,2066.25780431678,2195.8097435798,1977.13584740655,1e+09,2174.31689900529,3337.37191166942,3467.30137915642,2426.82495571889,2919.15596470966,2772.59382281286,2649.74749602674,2395.35517633607,2684.8789042711,2316.07172956711,2219.50017411579,2936.5313508117,2696.41359423958,2207.29787783616,2046.68625929819,2030.1606232759,2258.21997117199,3285.37524579766,2517.54083956944,2305.99674952069,2201.86317236108,2910.04198385522,2651.70047245159,2217.54446277859,2965.94679208849,2729.19680239443,2603.21336757093,2626.64396570986,2549.82404298807,2632.06027733029
3467.01884335808,4772.13423470045,2939.88184808506,3086.25778604121,3762.13527619622,4181.66557157552,3427.19979071836,3722.45792132027,2764.97629640834,1882.05335814371,1991.78905444327,2710.88633465146,3029.51699033031,2849.82569556456,3488.34504685245,3104.94518425044,2385.35985387949,2431.78038371067,1977.66429307403,2793.61930352008,2903.20943684743,3082.61941694073,2585.65770785694,2174.31689900529,1e+09,2225.92809275143,2413.89705406009,2841.59742870098,3831.05334974599,3227.61583550459,2074.47845836008,2550.89085946459,3131.54872887203,3525.57926633341,3006.36943957325,3777.58556527844,2914.84846849712,3035.09983776481,2979.03060922509,3043.42479775663,3190.47768406237,3634.52294096488,3182.91932621611,2721.57655069631,2704.14518680118,3169.54235218588,3072.03331806476,2873.18829600498,3423.71165780648,3476.03251905099,3172.25287961096,3385.63259133356,2741.95239708862,3027.12888691578
4175.05300415456,5154.04644454239,2873.1883482988,3109.87081587001,3379.39084654321,3543.70768484084,3331.33899583936,4187.15768536366,3528.26846078923,2716.90026736353,2348.10987334494,3601.26355179679,3500.93521742405,3510.33169754654,3508.20884030583,3037.09200204735,3131.32779472223,3048.35151905091,2521.44403400115,3277.55083846155,3215.23946580966,3525.61152516837,3588.91135542521,3337.37191166942,2225.92809275143,1e+09,2430.12396566513,3282.75124496207,4087.85503584704,3620.68926110761,2546.67955473397,2911.57171695976,3413.61635817501,4075.82979182154,3418.59179515484,4143.45685418589,3231.76535466299,3831.9317282149,3403.55642089271,3389.98369490179,3751.62370693011,3741.47408443517,3642.30356072912,2954.20962032148,3149.81287437841,3687.17592856647,3317.19041449236,3325.28933465947,3802.6501422955,3711.41575499162,3428.10575818483,3769.59230150954,2813.7430309465,3192.90702440582
4139.2701305665,5218.27055074763,3079.16924330249,3337.77521012126,3616.7083181534,3673.41226236588,3519.85451507587,4508.00936818015,3992.81580793555,2885.4638246736,2912.19008785484,3760.16430228787,3818.83960798303,3484.48092038111,4154.96022781205,3303.96874591755,3682.11045832414,2591.56116462645,2389.39555915298,3401.98736899478,3888.64231314735,3914.78957527732,4203.99766351029,3467.30137915642,2413.89705406009,2430.12396566513,1e+09,3352.7955372793,4641.66191136321,4240.19279092355,2777.14678528161,2787.19675399854,3535.99490787246,4339.47439195117,4117.35140958359,4517.19909328779,3826.32661422153,3905.82524606516,3968.44893625961,3640.89786690042,4200.14587238348,4413.66042293695,3912.08959820708,3528.82132932513,3763.4595934459,3771.10953615776,3834.99955057364,3231.20498432086,4340.51012868303,4068.80041305788,4150.95547135837,4203.23351229741,3383.30755860297,3751.42561781518
2343.49024538188,4454.34411403071,4206.50721697943,4463.1151346229,4654.08698113819,5118.43478572307,2486.18254782307,2344.90017757686,3161.46847580361,1861.51230581482,2936.16980084599,2833.1032401591,3075.07203930249,2420.16087207029,2392.57992704528,4141.57041656906,2794.77371790634,3111.43820105751,2633.55362677505,2071.14623312793,2129.20222501293,2605.93119508171,3184.50915087396,2426.82495571889,2841.59742870098,3282.75124496207,3352.7955372793,1e+09,2417.99842125672,2081.60794762126,2582.64212859622,2484.74502219041,2479.22362365721,2750.91205668229,2437.92562913638,2858.9093466915,2640.10643654759,3101.27677694204,2655.95665941672,2353.8694677488,2905.94926450893,2748.92549440686,1919.86783758674,2125.05504166363,2296.47052955182,2696.63529382451,2408.26074030617,2187.0243937597,2623.82211203427,2383.06323443168,2958.77236478239,2495.68329050383,2543.45739010898,2676.52958873987
2949.32536207859,4992.12695748015,5348.90113358809,5573.60942007063,6137.62715097618,6308.28420883999,3526.67566851561,2426.74658957214,3972.014351321,2623.07890020487,3527.71779180251,3132.15185248097,3491.0555964493,2910.78367277611,2065.7621504181,4737.0625068918,3735.97927626747,4283.2526749656,3384.26919808398,2472.83488809908,2498.78989857091,2473.48045820055,3278.01226013571,2919.15596470966,3831.05334974599,4087.85503584704,4641.66191136321,2417.99842125672,1e+09,2113.91980514872,3358.08151565742,3099.9765490242,2794.13609634534,2863.32775081722,2007.71935449156,1929.79140209506,3188.72532725853,3038.3869182512,2742.34929414544,2831.50333017639,2528.16571223091,2508.43200457975,2033.58373685472,2572.21640141338,2385.31792776141,3111.98157425458,2664.10669867031,2450.01412969395,3068.89744836806,2582.76298190523,2540.9214899717,2426.90947278633,3334.20675341227,3405.90629222238
2890.03142398141,5025.75504174248,4581.8697565841,4800.24607716105,5262.83363086845,5779.26010446839,3678.80537434369,2801.33716274925,3327.82578547916,2048.99510880334,3040.54459832445,3310.55394968878,3482.66978881145,3302.81345744806,2798.24678348783,4810.86019572384,3149.81331232503,3394.26870624587,3222.38776377084,2797.87102819269,2204.92525918681,3036.58918418346,3378.21890545891,2772.59382281286,3227.61583550459,3620.68926110761,4240.19279092355,2081.60794762126,2113.91980514872,1e+09,2688.77491984733,2545.32825036379,3013.51259624047,3169.5782872805,2422.69303102973,3152.43585917303,3055.6096996017,3498.95635743003,3026.3674101305,3262.37168311644,3205.50540394179,3019.12338962819,2525.81135645558,2814.27327590979,2695.4743702918,3499.41659953484,3138.47049492265,3138.96056042442,3083.92958593415,2907.22254426798,3073.3134074806,3352.12970165237,3304.89759694608,3552.7294661429
3652.13843951732,4695.45253275976,3483.25708756905,3829.61577611906,4374.19154473144,4398.19008912757,3652.96547310538,3310.72272294132,3020.90847612105,2038.06130577566,2223.88121796107,3017.53275905996,3697.64198852458,3139.60871592305,3074.36024631142,3874.92828217504,2895.65523895715,2677.20896154932,2291.34356566186,2692.54715657869,2569.13440660468,2960.68475402228,3362.72139880782,2649.74749602674,2074.47845836008,2546.67955473397,2777.14678528161,2582.64212859622,3358.08151565742,2688.77491984733,1e+09,2050.42277881904,3025.79432306626,3636.86008947279,2826.11423604921,3628.08999485955,2896.53183733582,3497.99913582036,3087.85305260791,3168.50566728229,3300.68970800044,3069.44430309462,2630.36389558555,2531.55375390293,2247.38405598598,3061.4875536412,2842.40244340945,2470.85119610631,2709.33230239482,2726.15318067419,3129.92052816042,3411.78620949496,2723.09730312745,3034.273526431
3254.69348887111,4683.90745844749,3849.36073658991,4095.75881575075,4780.09498168185,4954.36074169009,3690.35215268137,3113.02494379663,2985.94757659943,2171.9625448428,2817.75899166341,2423.49411088618,2796.10960897458,2650.99098855503,2828.17965935688,3178.8234696661,2629.92713032129,2254.78018137024,2294.61164182526,2319.57371529771,2371.59566918562,2842.71473873127,2974.28147166673,2395.35517633607,2550.89085946459,2911.57171695976,2787.19675399854,2484.74502219041,3099.9765490242,2545.32825036379,2050.42277881904,1e+09,2058.83035920884,3112.51487236607,2790.07343346013,3045.95530996435,2274.90557263373,3125.72306289281,2764.58165858779,2667.53919725653,2593.52798666218,2876.29384227342,2429.95923120122,2323.5654404815,2242.16722859826,2858.00555580286,2659.69648535317,2479.38483253407,2919.9175119342,2681.44250048365,2907.95205962891,2941.25621889695,2448.41069585966,2729.11815707932
2846.75244538404,4924.44764796012,4376.45766356765,4528.515077749,5113.92954430348,5441.34152431181,3213.41476106027,2745.26770186443,3742.8250400199,2645.75951405263,3321.52622809154,2360.28685072387,2393.50567440313,2093.93946770197,2535.85735083817,3532.49462545946,3120.24421012202,3192.92432799464,2608.56550402707,1862.24949700624,2346.42030120352,2784.3047813413,2770.27056406049,2684.8789042711,3131.54872887203,3413.61635817501,3535.99490787246,2479.22362365721,2794.13609634534,3013.51259624047,3025.79432306626,2058.83035920884,1e+09,2628.09080495709,2369.81629391394,2530.75104135116,1896.1409402257,2636.83708425454,2424.40626603711,2149.22941146356,2387.42995989411,2773.83105857224,2226.06034803641,1940.4046885637,2237.779512776,2985.61277281566,2446.14438061207,2532.27897748254,2936.55710993333,2718.27259733089,2698.83985869855,1946.6137392919,2047.10070626728,2322.80391662749
2906.12766295633,4675.60564397811,5327.87019518119,5604.03347705026,5810.65411515778,6242.5881203472,3825.33556903182,2191.16512901242,3617.40180481793,3062.26593719422,3971.11910229346,2740.80449273566,2441.04129647575,2868.67785481396,2993.52940054044,3969.92987104306,3522.70504841095,3342.26419042541,3064.23279597031,2343.98245330463,2310.17064408671,2025.28018888745,3086.30326410092,2316.07172956711,3525.57926633341,4075.82979182154,4339.47439195117,2750.91205668229,2863.32775081722,3169.5782872805,3636.86008947279,3112.51487236607,2628.09080495709,1e+09,1902.94026001869,2836.36626354919,2781.32861066434,2648.88311859923,2453.46565296929,1979.52648029775,2167.9223984036,3035.06423717852,2195.92395993122,2669.07905253854,2609.94808881326,3788.12192619245,3307.51887285621,2768.21924621227,3031.41815383494,2683.37304173311,3212.84249312038,2498.88421294385,2455.17408285034,2786.77285288916
2936.41258947036,5027.88705227156,4906.51795970421,5125.47908721712,5688.50003631889,5940.4375559297,3613.43105146618,2364.29487530638,3595.43809863277,2491.10317552284,3214.2482349999,2787.25251378486,2842.60678907583,2491.90806008167,2140.87382007908,4187.86210295898,3455.02215366269,3363.46249796248,2886.37970206624,2059.79736916037,1717.07737892036,2236.50425152737,2772.83061397555,2219.50017411579,3006.36943957325,3418.59179515484,4117.35140958359,2437.92562913638,2007.71935449156,2422.69303102973,2826.11423604921,2790.07343346013,2369.81629391394,1902.94026001869,1e+09,2340.59441941572,2540.57955937223,2056.31285523385,1596.7246831248,1979.4350758234,2022.14494403838,2153.03618655145,1905.1898320115,2106.73784574636,2033.70819236684,3193.70571247571,2313.08507407315,2147.99407180281,2324.81126408145,2053.41130295418,2133.08542215262,2035.66509050482,2246.2646123064,2511.38765398733
3295.72604443998,5369.08017092314,5335.68525716238,5312.29391759342,6127.12106426828,6302.92437661281,3491.44067896048,2742.25383358288,3897.83510309248,3057.32326653561,3781.93210155867,2517.1022388453,3490.32058440195,2323.7048255964,2322.59027025862,4026.64133580333,3673.79268899322,4323.8949268686,3459.76666847636,2532.32065825006,2998.25325504701,2505.93878885738,3373.65796568058,2936.5313508117,3777.58556527844,4143.45685418589,4517.19909328779,2858.9093466915,1929.79140209506,3152.43585917303,3628.08999485955,3045.95530996435,2530.75104135116,2836.36626354919,2340.59441941572,1e+09,2618.13867526149,2977.72369634928,2784.67825881196,2282.00283724626,1793.78610254958,2274.75847056341,1934.56970621376,2694.53469161189,2402.34072406476,2930.20627029907,2522.17337367993,2298.69158538069,2874.56106774582,2606.65551032353,2490.66123678031,1760.68635506157,2675.46461989315,2733.04797700297
3327.73712596112,4668.24411682808,4430.80673629532,4422.65792764939,5113.31599666009,5501.15506971036,3480.9394907697,2486.53632470953,3341.19512575964,2903.8504385729,3600.21140794537,2299.06054389614,2868.22747256908,2225.56261250948,2285.8376581901,3099.51962476446,2341.94117646025,3264.16767089254,2766.70793156777,2354.63007275028,2498.1085087922,2842.6789619301,2835.39719177049,2696.41359423958,2914.84846849712,3231.76535466299,3826.32661422153,2640.10643654759,3188.72532725853,3055.6096996017,2896.53183733582,2274.90557263373,1896.1409402257,2781.32861066434,2540.57955937223,2618.13867526149,1e+09,3391.84418826986,2661.82970394426,2209.9833616342,2232.61649035386,2305.89958040241,1987.01505507633,2095.36289520455,1965.01489867125,2906.92140681512,2320.62517783463,2629.43896282078,2153.6171179901,2268.64415266035,2896.29433758035,2194.55562586142,1717.66617920945,1809.96123287213
2882.25312004342,5382.18161193024,5152.47120943922,5282.95567404271,5865.22010812894,6210.56630499184,3922.72598899031,3453.65835797347,4164.24369280906,3021.35076184478,3611.20358971908,3247.25184797853,2732.54805196542,2366.27228228283,3195.5859614318,4176.78193804752,3825.26595408738,3343.37230684828,3088.99712283777,2327.05218248324,2623.24317039042,3156.80822216048,2631.8347496376,2207.29787783616,3035.09983776481,3831.9317282149,3905.82524606516,3101.27677694204,3038.3869182512,3498.95635743003,3497.99913582036,3125.72306289281,2636.83708425454,2648.88311859923,2056.31285523385,2977.72369634928,3391.84418826986,1e+09,1533.93666704333,2318.29797489451,2570.60039385744,3345.48196775891,3158.88250230995,2578.74284167693,3035.69644656708,3355.09189851783,2893.5191791139,2646.42199626212,3510.34417070463,3219.86260556254,2283.73806611003,2452.58729665225,2840.00274343177,2950.31611343598
2721.04181053875,4919.81929492334,5140.54185227589,5330.47660535153,5837.3169205295,6171.80564700477,3852.18805210753,2849.78316752345,3767.35443532992,2916.66666000762,3655.61011530223,2901.837279673,2692.68071568094,2231.0077754683,2252.3474057525,4007.18372282829,3144.14676696238,3162.77681983728,2898.51474576204,2075.54845766125,1880.35185688743,2900.57637182681,2524.35837790517,2046.68625929819,2979.03060922509,3403.55642089271,3968.44893625961,2655.95665941672,2742.34929414544,3026.3674101305,3087.85305260791,2764.58165858779,2424.40626603711,2453.46565296929,1596.7246831248,2784.67825881196,2661.82970394426,1533.93666704333,1e+09,1855.51983462856,2229.2238291836,2652.64193684334,2646.0166181073,2051.48836384709,2518.02641538964,3168.53240649358,2317.87741858796,2266.1762013577,2628.93092436831,2398.32834578587,2031.2474016968,2113.98283663799,2383.87632250501,2433.23771553459
2637.733264301,4722.00515162786,4661.56988666908,4837.4034488866,5304.07765861323,5667.64618736032,3039.68021145317,2679.02054150393,3292.99746342143,2726.68330429113,3550.37249189434,2158.49411826857,2475.47835674239,2210.88926504699,2278.19832277614,3398.11313475582,2963.21698940526,3274.03571437454,2333.99793352522,1939.7544382215,2179.23346573973,2209.40368328198,2757.69993523588,2030.1606232759,3043.42479775663,3389.98369490179,3640.89786690042,2353.8694677488,2831.50333017639,3262.37168311644,3168.50566728229,2667.53919725653,2149.22941146356,1979.52648029775,1979.4350758234,2282.00283724626,2209.9833616342,2318.29797489451,1855.51983462856,1e+09,2057.99126380556,2718.66187893971,2047.35955904184,2099.83250491557,2241.19592715586,3093.39855041344,2299.28651383424,2087.19910087658,2694.70804047489,2377.44062670343,2662.11000674277,1628.38958879624,1877.53654784667,2034.82559046224
3065.7407461656,4622.23177455437,4988.24464388025,5239.20832992925,5954.38708703927,6062.18029641152,3737.1613648597,2335.69371363199,3610.68063542042,2932.3734740991,3674.20753729291,2159.20038669411,2510.4977067506,2026.39663851873,2169.35468114368,3347.36234753574,3229.68089761202,3663.52477923925,3068.97049021329,2036.51192770875,2487.74323126403,1814.35873476003,2623.00128004162,2258.21997117199,3190.47768406237,3751.62370693011,4200.14587238348,2905.94926450893,2528.16571223091,3205.50540394179,3300.68970800044,2593.52798666218,2387.42995989411,2167.9223984036,2022.14494403838,1793.78610254958,2232.61649035386,2570.60039385744,2229.2238291836,2057.99126380556,1e+09,2322.00165734222,1828.66728884726,2131.61732921273,1970.24887209713,2856.42692001738,2550.86263017043,2074.95813962595,2692.3792047741,2416.97819497818,2087.70943220076,1688.7233294415,2041.09793263332,2113.91577634966
3632.85273948725,5039.28727912986,5218.63443683307,5198.33749842197,5903.07063140871,5954.71897497271,4109.0472608258,2721.38767962229,3940.1054470788,3312.52748340297,3857.33708446643,3209.60202934881,3802.05325148136,2706.3142469972,2171.53276841497,3944.30877777083,3623.45533797507,3923.52968804876,3512.64015169502,2973.04923255569,2594.34554996053,2989.26061334572,3608.01727986439,3285.37524579766,3634.52294096488,3741.47408443517,4413.66042293695,2748.92549440686,2508.43200457975,3019.12338962819,3069.44430309462,2876.29384227342,2773.83105857224,3035.06423717852,2153.03618655145,2274.75847056341,2305.89958040241,3345.48196775891,2652.64193684334,2718.66187893971,2322.00165734222,1e+09,1749.10625028899,2109.30295830163,2017.95854390025,2639.62502183549,1975.30692696097,2238.44097458477,1479.58534921106,1622.47853708454,2212.21184555187,2135.08325596451,2400.81317463479,2413.57153169323
2768.99155784195,4263.92586391931,4641.86301931671,4896.39125390323,5436.54199715223,5552.06775708834,3235.08189499122,1642.85428069564,3406.03675087337,2476.6145938559,3388.07088402826,2282.24227250308,3067.23002158299,2193.85890537655,1802.78213972182,3750.40590637867,3121.3412816448,3574.98705527726,2743.80819386123,1994.24815812877,2106.59957234402,1718.23443473235,3178.14659573784,2517.54083956944,3182.91932621611,3642.30356072912,3912.08959820708,1919.86783758674,2033.58373685472,2525.81135645558,2630.36389558555,2429.95923120122,2226.06034803641,2195.92395993122,1905.1898320115,1934.56970621376,1987.01505507633,3158.88250230995,2646.0166181073,2047.35955904184,1828.66728884726,1749.10625028899,1e+09,1836.71825267241,1526.76165752877,2644.69675832599,2207.74759198147,1687.85838863928,1946.10261841456,1621.07831565906,2565.54851530818,1746.27794520231,2074.16705674832,2207.14308398889
2436.94122085454,3927.98329460552,4186.05764711859,4490.83102024559,4917.37475442944,5080.86862004913,3207.72595621883,2337.09612624299,3551.73801612675,2599.25983729984,3138.0589879255,2642.37522833151,2319.66025827059,2020.70698514159,1974.49693061296,3274.84097181833,2859.05698638555,3394.97268918323,2424.43349135422,1731.67611004483,1673.53880400187,2332.69301152123,2473.18390341276,2305.99674952069,2721.57655069631,2954.20962032148,3528.82132932513,2125.05504166363,2572.21640141338,2814.27327590979,2531.55375390293,2323.5654404815,1940.4046885637,2669.07905253854,2106.73784574636,2694.53469161189,2095.36289520455,2578.74284167693,2051.48836384709,2099.83250491557,2131.61732921273,2109.30295830163,1836.71825267241,1e+09,1524.64590505468,2106.73960716554,1750.79556436495,1897.55218647604,2275.94301688333,2028.74285669722,1705.28236480062,1663.57336345591,1819.15496761546,1692.72329366025
