1e+09,18782.6475220215,16265.6901922052,20686.0374760876,24904.849724654,18323.7466620012,14535.1576749962,9941.50516175493,6289.2568282111,6158.11131852941,7010.38427037349,7427.30711873422,7825.16471888611,5177.67060493423,8587.33397752178,5231.23489611201,7312.89428396856,10482.8692373939,6747.62324188303,7185.43039713697,7995.80936057132,7263.72948204295,6085.63581001197,5679.11819454394,8880.55249084763,10653.5863038838,9371.02313779024,5660.74036413966,4752.10969216831,5694.98327217034,7071.37551721728,11295.1409485495,13576.0441821025,8838.46477355655,6965.96564553688,7380.82524732838,7029.50966206748,7522.98665190229,7372.01158388265,7827.25333248516,9712.9069469701,7338.63310901288,8407.63207105306,7365.59082661398,7383.04103233214,7955.31366529315,10144.0132034959,7024.09590160898,6314.03257646015,7972.98372099806,6351.95491904658,7468.30585169086,8929.02602609041,11881.0449106045
18782.6475220215,1e+09,5604.48233394486,3385.95155393576,7719.00991760601,11669.151244178,30491.0738206725,26695.8802230176,19071.3121356371,15955.4126067457,17331.7013798357,23732.0215367697,24361.9891652509,21313.7600283737,24105.0816775468,18249.0696146735,13359.8828571511,19326.4455588554,23068.3255456633,23741.0488653766,23987.0548268165,23880.8291242704,22270.4840074615,16467.0138922544,11050.9042567746,9278.1736418112,13108.5194946912,21088.5479396069,20572.6374614316,18009.0972274515,19016.671767373,26217.944705333,30438.2065900424,25761.5723747348,22748.7313584187,24044.2984073626,22266.1562137159,24018.976084796,24181.8455160106,24855.1414622166,26371.3090548194,23918.4168095842,24457.9911586152,24005.4181285434,23881.2770268384,23886.3442415641,26483.5638022529,23923.974331045,22029.7213785309,23899.0683378286,22720.4410874063,23813.163648917,24284.8227876198,28156.43282577
16265.6901922052,5604.48233394486,1e+09,6890.08173870964,11290.8297907993,14294.2331985245,28193.2005034193,23286.1008394622,15976.0971559515,12669.9964179395,15535.3139405774,20642.369179709,21109.1549934264,19110.4002238624,21337.3512470949,15471.727092206,11501.3799349687,18428.2383922854,20026.3505059709,20753.8051148193,21421.8452448896,20939.8160268399,18954.8254483522,13744.1108544351,9006.31596659256,8373.13075443708,12480.9114977473,18865.3495468279,17727.0586137746,15745.6600157154,16624.4674724606,23384.1884017855,27503.2730565691,22556.1606761479,20450.4844620708,21011.7492407891,19825.1721343574,21374.2705220623,21360.2880470442,21964.0557511972,23553.8637464833,21248.1944713592,21990.7095593798,21077.425026319,20721.8924942077,20767.9767142589,23633.9991402915,20897.8072380142,19638.4252487719,21244.5320693749,19974.6167907722,20694.8763913342,21710.9925931957,25187.6745950475
20686.0374760876,3385.95155393576,6890.08173870964,1e+09,5469.29706056455,13546.7436104733,32629.6459688563,28616.5501333389,21221.4460507737,17935.2090979197,19652.4573255764,25744.8188542841,26342.3353365301,23393.5411656786,26137.0994740426,20379.467907838,15603.6457412298,21641.2039706205,25141.6614666513,25794.0916615569,26171.3902981309,25941.445945872,24290.5953615962,18632.7754696368,13110.4382877995,11582.9352366833,15436.6926998013,23299.5948717977,22660.5525948574,20231.8484403774,21349.363160057,28429.1806929377,32486.9223268856,27832.6015584261,24990.4226141956,26059.2120749055,24508.3629109576,26146.7873254134,26241.5795184703,26951.242930455,28441.8455661372,26031.1505271934,26562.4538179834,26022.3163859715,25874.0165475366,25970.4154626779,28578.6130685483,25940.8537820886,24243.3871604382,26134.873451689,24807.4976266189,25739.7786445941,26368.5620810711,30155.3558455194
24904.849724654,7719.00991760601,11290.8297907993,5469.29706056455,1e+09,16918.9567945899,37351.1810911382,33105.5146705319,25854.666094947,22534.942697309,23894.2886924072,30109.9053853113,30781.5197858212,27581.152334879,30780.3625464825,24572.7367757786,19882.9154464505,26076.5753523407,29589.1335844225,30267.7489998298,30682.2881854434,30203.6790575767,28651.2993093734,23324.135996255,17809.85037865,16225.3370643232,19841.2853317571,27585.9634198953,26994.3179723326,24780.9865063338,25899.2771871707,33083.1578575837,37066.2440207691,32167.1765907268,29440.8995763173,30454.8907418201,28975.3912092641,30521.8323946106,30627.6994874101,31253.6284863294,33033.9264439833,30454.4226937386,31126.007694637,30378.0695634548,30321.0468434469,30543.622170116,33218.5632115012,30316.6017622655,28636.7066684142,30713.9492909248,29201.9507083962,30313.7518949865,31101.135369626,34825.1224524021
18323.7466620012,11669.151244178,14294.2331985245,13546.7436104733,16918.9567945899,1e+09,25849.9355889178,25631.7345891299,17565.0453795315,16500.7910779514,14039.0331098584,21841.5872454774,22705.0384004102,18758.172007,21677.4512400074,17185.0828674551,12682.1646889441,13175.2666190138,21080.3742444388,21704.3942215603,20774.1700051145,21907.9555187357,21183.6587132275,15646.9868054268,11968.1329518142,9986.09563170211,9306.11035504093,18189.0618908178,19788.6673463273,15976.8666883685,16098.4438043029,22571.7253960392,27022.704435589,24404.5483080388,19760.3966988975,22703.0035601416,19365.0918729631,21323.5791123981,21939.5025306387,22850.0211141981,23418.9280935166,21428.6844152155,21063.6053544497,21775.3133264415,21983.7190444542,21699.7350239951,23334.1792358013,22039.7080445863,19207.5929344153,21266.9698148584,20456.3715160729,22297.0254551364,21179.7899307146,25118.8301299762
14535.1576749962,30491.0738206725,28193.2005034193,32629.6459688563,37351.1810911382,25849.9355889178,1e+09,9777.86595301858,13002.1104596831,16149.0820320599,14765.6762039298,10407.026801205,9894.70615126594,11513.7524298554,8142.75665484976,14876.2110248309,18152.939794273,13271.2101915877,9991.29777799661,9358.81524170127,8016.14106092202,10483.5344351559,11880.570344672,14659.7172546745,19780.3221000443,21404.6988779076,18391.631348366,11028.2074945569,12624.4604476073,13115.6549513358,12678.9927905611,7320.34142332173,5665.03540121331,9759.24596403841,9010.06527597886,10251.8564792334,9570.54969115672,8982.0999583672,9230.94021635391,9548.16347604606,6429.00741423589,9138.87073638204,7220.63585633565,9850.84847845606,10016.2571471733,9246.92016428173,6320.12766705705,10076.0068972684,10193.685593994,8324.46125153454,10266.8207543134,9668.42922933193,7419.75518996415,5790.96574949291
9941.50516175493,26695.8802230176,23286.1008394622,28616.5501333389,33105.5146705319,25631.7345891299,9777.86595301858,1e+09,8841.67285848102,10931.3031813503,12612.0806793764,6322.11760694152,5169.84298197731,8734.03896874751,5691.57806910351,10204.8719682855,14660.7798320314,14238.5440649281,5924.88206481783,5069.32525341391,6412.36512884287,6010.82754338369,6340.998267978,10794.0622432335,16091.6402485856,18196.4658710888,16660.348730954,8454.27403641495,7117.93379887731,9941.48608747706,10404.9601928455,7517.73522280481,7033.82392415392,3247.7439529926,7157.91562045824,4978.52204203215,7627.27172616133,6300.20207098947,5170.91222071116,5497.93387145571,5013.34047230986,5655.25919833035,6596.31557359106,5629.14258301387,5181.80383549011,5245.74594661236,5491.71337333805,5103.79266898647,7553.94465579408,5971.2622993049,6580.48746033301,5034.46859525412,7105.03685996069,5768.2584012681
6289.2568282111,19071.3121356371,15976.0971559515,21221.4460507737,25854.666094947,17565.0453795315,13002.1104596831,8841.67285848102,1e+09,4192.08716729507,5643.77125543727,6344.32828025158,6522.40323591696,6203.70532137045,6855.06255624994,4387.6009994415,7390.48798937526,8274.43154011803,5050.70721323262,5809.42314670743,5985.49295106092,6479.3193672561,4916.39971109958,3656.77573665654,8681.44460214428,10535.3340618179,8796.64073572407,4978.25643766972,4881.85107738858,3701.4675334386,3514.77989539886,7842.10304976924,11931.3216975824,7957.09834962469,5937.21400247625,7080.34892939607,5326.47588404378,6559.25330260236,6548.04989544979,7498.56784017455,8046.72360238004,6235.77609029542,6822.51259477035,6184.72548554097,5653.0043696339,5271.96185390221,7953.97466246279,6069.46068029112,5150.43926610149,6160.80674888443,5342.23661381635,6525.95826008717,7144.1270538394,9863.66730137427
6158.11131852941,15955.4126067457,12669.9964179395,17935.2090979197,22534.942697309,16500.7910779514,16149.0820320599,10931.3031813503,4192.08716729507,1e+09,6752.03119464802,8867.80403749429,9068.0771110473,7897.51844063691,9141.00649279389,5128.39563523525,5562.28927919971,9954.56532261957,7903.4609316552,8475.60523091419,9250.84871937705,9001.89555586489,7211.00238196466,2660.88969820246,5664.95230835177,7867.78883235309,8039.72006125835,7298.11280782916,5812.15861543713,4378.31283497422,6112.51693233647,11554.2865217113,15170.2678906537,10212.6691985103,8499.90972226176,8959.78218171625,8006.54088654395,9313.71061268816,9126.54435577344,9945.90775011009,11154.1787474785,9029.64374472769,9827.41416907825,8959.84944086116,8559.40766425458,8542.44314507273,11306.1694690686,8764.4070725178,7873.48384960559,9064.06862402862,8016.21951159024,8564.8011825144,9862.23669300225,12878.1017835937
7010.38427037349,17331.7013798357,15535.3139405774,19652.4573255764,23894.2886924072,14039.0331098584,14765.6762039298,12612.0806793764,5643.77125543727,6752.03119464802,1e+09,8406.36134948409,9512.4239592125,5724.22490184479,9486.9653747339,4358.85278849837,4967.94711103087,5902.64933352812,7830.19153463694,8439.58741551979,8029.79728128301,8227.10341363229,7748.88878709715,5155.5232197809,7723.11079594227,8904.32726164083,5522.04875330706,5044.23045336947,7002.77153940495,4836.18325564696,3766.05165668237,10473.8379220083,14356.5282747571,11063.6514230023,6933.07002981363,9534.00883018785,6553.59002452854,7967.55366679133,8614.72094745964,9263.95419044158,10613.9032345222,8427.24088255462,8712.32051863911,8343.1319087139,8759.20316282252,8645.99808058619,10833.0043263999,8566.2687615379,6182.43590278945,8640.94722153769,7123.70963604638,9583.77228173228,9357.18396898875,12775.2761245892
7427.30711873422,23732.0215367697,20642.369179709,25744.8188542841,30109.9053853113,21841.5872454774,10407.026801205,6322.11760694152,6344.32828025158,8867.80403749429,8406.36134948409,1e+09,2396.93338324201,5048.3881415953,4783.1920883339,6581.56332794117,10976.7156496058,11084.9325666375,2050.59300579125,2338.08064555096,4470.11886607057,1972.47379944576,2736.47165077587,8006.33520798374,13071.9775616278,15177.9073576795,13068.4034865396,5214.00375212753,5146.30829645873,7518.9130134415,6510.22180747323,6068.62400674156,7742.86620867234,4395.04572499536,4754.35344678958,3509.41061513183,4094.58271179128,2809.99046850697,2894.0044923773,2456.72657597462,4824.10489134513,4114.70270441256,4749.10665152932,2608.42983162285,2603.19491642482,3461.28036729185,5545.27192091605,2586.746138646,4426.71855080036,4347.93168015552,2867.62304831022,3264.47813109538,5165.17325515805,6451.61964167138
7825.16471888611,24361.9891652509,21109.1549934264,26342.3353365301,30781.5197858212,22705.0384004102,9894.70615126594,5169.84298197731,6522.40323591696,9068.0771110473,9512.4239592125,2396.93338324201,1e+09,5898.3200710287,4325.80525784506,7485.63969303893,11777.6315404754,11699.810851283,2085.5356503546,2442.78612363015,4509.56059020167,2934.99656265557,3208.18721779138,8401.98511445361,13643.3909248104,15716.7902727243,13839.7270228607,5903.83425035798,5328.4857300081,7746.44229253662,7208.31215793267,5714.34232242872,7119.12248768765,3667.01266893094,5083.78185542023,3387.27806669308,4759.39535985402,3480.46260574654,2946.34915768651,2939.12232358573,4154.5514211284,3952.88459396426,4647.04795431465,2710.10989921073,2053.09131925494,3112.9163226306,4759.28797046365,2487.45508898151,5017.43129093962,4221.49523055516,3470.32354104052,2568.48725375463,4928.25601448423,5551.76189407471
5177.67060493423,21313.7600283737,19110.4002238624,23393.5411656786,27581.152334879,18758.172007,11513.7524298554,8734.03896874751,6203.70532137045,7897.51844063691,5724.22490184479,5048.3881415953,5898.3200710287,1e+09,6332.75917960726,4884.47856536396,8252.59395606618,8528.56474917673,4663.31851972391,4755.0251681458,5180.61359203715,4387.18722471472,5077.61386583305,6507.25103906404,10837.7534148503,12527.7284769467,9936.41619692935,2247.57986340864,4040.87259356194,5289.78757496934,5500.94683301884,8475.03142564085,10628.0714161695,6970.34888278915,3562.03329737385,5234.75109975632,3859.3974066556,3817.16167843334,4466.53741937757,4844.44527991596,6801.53479528702,4639.93702932486,5329.75402997174,4584.22775846707,5391.82448871437,5843.39220899984,7471.4729978432,4607.281549504,3209.67516004346,5426.57770762568,3548.44664271565,5838.63542064411,6555.89768611439,9185.15379150507
8587.33397752178,24105.0816775468,21337.3512470949,26137.0994740426,30780.3625464825,21677.4512400074,8142.75665484976,5691.57806910351,6855.06255624994,9141.00649279389,9486.9653747339,4783.1920883339,4325.80525784506,6332.75917960726,1e+09,8541.47407540408,11867.9522496427,9978.15515519778,4133.15261778464,3644.38451626609,3585.3021670286,5117.13024501038,5958.38811790572,8045.60472940972,13253.2305476212,15142.6052345625,13251.0154678915,5930.49512844417,6061.8074496226,6844.78693326535,6988.079296917,5159.15909862257,7022.20565454331,5039.02484458055,3958.11494809082,4265.79283002586,4194.1579649317,4156.76396972453,3564.30132104456,4685.67498636002,3513.24588094827,3697.64535998249,2980.95328361583,4366.24264738001,4324.37679771317,3933.93067550764,4145.26986790969,4505.96230318231,4700.8920765425,3156.74692381255,4201.41246200608,2934.06671091507,2654.31172006982,4553.29055353379
5231.23489611201,18249.0696146735,15471.727092206,20379.467907838,24572.7367757786,17185.0828674551,14876.2110248309,10204.8719682855,4387.6009994415,5128.39563523525,4358.85278849837,6581.56332794117,7485.63969303893,4884.47856536396,8541.47407540408,1e+09,5641.25712721907,9242.60266301652,6037.19162413286,6744.11757136544,7563.96631385281,6288.80514945407,5140.78229688829,4648.78038441267,8313.03195754714,10010.0916426874,8218.30731576156,4663.97407245152,4278.01895494866,4784.23567603019,4674.91731614582,10005.216859154,13438.0278241229,8700.83546067273,6531.44578819269,7098.10055842406,6113.40813829733,6788.86513437997,6963.12344288108,7440.18277551029,9583.53656736385,7076.7127534753,8318.41846530337,6625.76128336963,6733.63723212054,6941.88102956972,9895.3589808152,6469.62975228877,5530.62765109892,7674.10864272848,5558.8333405041,7701.93520362902,9097.80945204394,11818.149590325
7312.89428396856,13359.8828571511,11501.3799349687,15603.6457412298,19882.9154464505,12682.1646889441,18152.939794273,14660.7798320314,7390.48798937526,5562.28927919971,4967.94711103087,10976.7156496058,11777.6315404754,8252.59395606618,11867.9522496427,5641.25712721907,1e+09,8928.40332483922,10364.6975141149,11023.2461854846,11436.6638638853,10941.5020284785,9785.95621521985,4784.22235978847,3829.63726517277,5088.87426515924,4475.55459091943,8131.49525869013,8136.01882198536,5991.41526836523,6760.4011669131,13932.7257547007,17749.4812662652,13238.9166439743,9904.25632813994,11392.5148404863,9380.25900297001,10943.5367302075,11329.5644359702,11901.6515904642,13710.4041732328,11303.5412527579,11840.2730798449,11251.3445386407,11340.0307730182,11416.8626618042,14013.1838597943,11183.0219152472,9225.63930174489,11347.3383527328,9915.43146624997,11485.2011933662,12051.6142179336,15755.8087105455
10482.8692373939,19326.4455588554,18428.2383922854,21641.2039706205,26076.5753523407,13175.2666190138,13271.2101915877,14238.5440649281,8274.43154011803,9954.56532261957,5902.64933352812,11084.9325666375,11699.810851283,8528.56474917673,9978.15515519778,9242.60266301652,8928.40332483922,1e+09,10118.0545480097,10476.1680493585,8583.58550078579,10892.0731537848,11230.9246567146,8137.14011324003,10349.1481145648,10752.0088904167,6836.89490035499,7288.72269049249,10196.6107781802,6515.23765994764,6118.50042275066,10294.3963921398,14393.396915513,13044.3214617818,8007.19930831624,11926.1484823014,7983.68149284527,9779.63948948017,10429.8324596419,11598.9075021917,11104.3062266042,9689.47754286061,8734.82179210887,10438.2439560685,10849.6550495396,10406.734864255,11042.9211932351,10916.3606257901,7875.73921814962,9467.8236668941,9355.09370599248,11370.2013336308,9317.89074227102,12748.3924115827
6747.62324188303,23068.3255456633,20026.3505059709,25141.6614666513,29589.1335844225,21080.3742444388,9991.29777799661,5924.88206481783,5050.70721323262,7903.4609316552,7830.19153463694,2050.59300579125,2085.5356503546,4663.31851972391,4133.15261778464,6037.19162413286,10364.6975141149,10118.0545480097,1e+09,1911.17364279126,3423.02777035186,2353.51646934964,2487.44115498236,7038.52683741421,12328.0365375797,14327.4300016263,12213.9224991646,4255.10497391075,4321.5875198126,6219.72781606237,5551.99774238967,5398.89253703016,7903.74747634311,4117.81327310989,3791.10541209289,3460.44451211112,3250.65164825455,2653.15271477162,2513.15436264866,2981.81683540421,4377.41397230145,3169.85101654636,3905.38646307891,2237.76163692651,1761.53159588467,2367.37807217183,4796.50559934,2169.88132283773,3428.66392462137,3355.28158089601,2217.4626195722,2978.47199587305,4519.37036008336,6249.78532053702
7185.43039713697,23741.0488653766,20753.8051148193,25794.0916615569,30267.7489998298,21704.3942215603,9358.81524170127,5069.32525341391,5809.42314670743,8475.60523091419,8439.58741551979,2338.08064555096,2442.78612363015,4755.0251681458,3644.38451626609,6744.11757136544,11023.2461854846,10476.1680493585,1911.17364279126,1e+09,3200.38701139409,2552.97518859859,3124.43772647176,7577.52738914879,12923.4944767195,14983.4955862242,12801.8436584697,4467.39930061104,4460.50447553861,6708.34678003456,6335.9393808811,5505.32619555826,7194.89424381624,3677.94405461801,3612.81024595812,3097.24480606555,3567.39973924986,2332.32754560761,1968.74346718916,2506.77164823603,3622.25992107137,2970.05329995945,3576.33132932339,2198.93468156742,2164.77328235545,2549.14116201908,4220.62358833384,2087.35758783683,3656.08911966052,2998.05120099707,2562.82460076768,2738.42097587277,4276.77395125111,5596.10431154567
7995.80936057132,23987.0548268165,21421.8452448896,26171.3902981309,30682.2881854434,20774.1700051145,8016.14106092202,6412.36512884287,5985.49295106092,9250.84871937705,8029.79728128301,4470.11886607057,4509.56059020167,5180.61359203715,3585.3021670286,7563.96631385281,11436.6638638853,8583.58550078579,3423.02777035186,3200.38701139409,1e+09,4222.53835083827,5308.32011904896,8049.24827380793,13287.6659970628,14983.1030172024,12265.5532094235,4081.32362193933,5929.7569212068,6391.98787854764,5818.69698656838,4090.48611727262,6859.41637243286,5252.70352559518,2842.14982655735,5217.67817687139,3265.17996611213,3096.16535335243,3032.7828315097,4326.80353444665,3263.50376290575,2535.25618336688,1946.5437437674,3192.06194380686,3587.25514284947,3160.98111743807,3265.74406732983,3711.58475673128,3038.04721016643,2564.13824110558,3186.78019072543,4592.48699477745,3667.04619526398,5287.57040340836
7263.72948204295,23880.8291242704,20939.8160268399,25941.445945872,30203.6790575767,21907.9555187357,10483.5344351559,6010.82754338369,6479.3193672561,9001.89555586489,8227.10341363229,1972.47379944576,2934.99656265557,4387.18722471472,5117.13024501038,6288.80514945407,10941.5020284785,10892.0731537848,2353.51646934964,2552.97518859859,4222.53835083827,1e+09,3015.08983541121,8202.43997029542,13270.2661392227,15253.0248042085,13024.0117389036,4486.18654310094,4602.02227596738,7283.57394423919,6609.08903414079,6310.83394063732,7828.89365475736,3803.95089233549,4141.58627442433,3310.92918521372,3898.27134345469,2129.21800523103,2220.54738296664,1905.2838416362,4709.49904221245,3417.82538573872,4611.34889466195,2001.92791783321,2660.95162406234,3666.38992521254,5584.29261011634,1980.8234037642,3867.39272460142,4245.78663877496,2431.73057255527,3881.11029620391,5660.41382562265,6778.82187517123
6085.63581001197,22270.4840074615,18954.8254483522,24290.5953615962,28651.2993093734,21183.6587132275,11880.570344672,6340.998267978,4916.39971109958,7211.00238196466,7748.88878709715,2736.47165077587,3208.18721779138,5077.61386583305,5958.38811790572,5140.78229688829,9785.95621521985,11230.9246567146,2487.44115498236,3124.43772647176,5308.32011904896,3015.08983541121,1e+09,6744.81699706523,11790.1075129449,13950.0415039024,12155.5753440263,4993.87142777024,3933.16307596062,6681.384262636,6086.16063710119,7312.78685873587,9488.71225952711,4853.46583860441,5327.50532267214,4136.82427609634,4714.04207388946,4109.28635843257,3994.41899201874,3920.67665450748,6183.8385558648,4807.70059500381,6038.37806816533,3535.28364098271,3091.60799791953,3642.97917412384,6592.74271245284,3037.35890758731,4734.54134611791,5134.53722915707,3492.98911668788,4168.52789983466,6486.06725308179,8068.18293257534
5679.11819454394,16467.0138922544,13744.1108544351,18632.7754696368,23324.135996255,15646.9868054268,14659.7172546745,10794.0622432335,3656.77573665654,2660.88969820246,5155.5232197809,8006.33520798374,8401.98511445361,6507.25103906404,8045.60472940972,4648.78038441267,4784.22235978847,8137.14011324003,7038.52683741421,7577.52738914879,8049.24827380793,8202.43997029542,6744.81699706523,1e+09,5699.09794738606,7787.53641851517,6885.82641798354,5911.80580195256,5265.229881895,2985.00365177331,4349.08442597979,10445.8854883346,14191.5052418551,9800.0534705378,6910.69218132308,8184.29048197826,6406.96245955133,8065.91166306079,8183.47325510996,8962.61726090655,10071.5825917132,8084.33847148299,8479.77118196004,8192.05248973052,7961.34381036895,7729.12363932678,10271.7161163994,8053.97196324894,6472.44184854526,7747.0824304831,6948.88022415123,7754.64545999364,8353.25280014917,11914.0523018996
8880.55249084763,11050.9042567746,9006.31596659256,13110.4382877995,17809.85037865,11968.1329518142,19780.3221000443,16091.6402485856,8681.44460214428,5664.95230835177,7723.11079594227,13071.9775616278,13643.3909248104,10837.7534148503,13253.2305476212,8313.03195754714,3829.63726517277,10349.1481145648,12328.0365375797,12923.4944767195,13287.6659970628,13270.2661392227,11790.1075129449,5699.09794738606,1e+09,2968.01763630205,5315.25900199605,10578.9924502431,10137.0486509092,7434.44979445016,8769.77822191645,15694.6429588857,19580.3710569463,15127.1758634023,12059.8436666111,13370.4827987661,11566.336185249,13266.7364064641,13431.0401821378,14164.4374149629,15505.2152390736,13263.5011501112,13642.8499982115,13316.6076528071,13187.2559812191,13176.4463795934,15680.4511046462,13247.7120879833,11428.0449186683,13147.1433892842,12071.1496674468,12976.5097914848,13471.5918370881,17264.392075677
10653.5863038838,9278.1736418112,8373.13075443708,11582.9352366833,16225.3370643232,9986.09563170211,21404.6988779076,18196.4658710888,10535.3340618179,7867.78883235309,8904.32726164083,15177.9073576795,15716.7902727243,12527.7284769467,15142.6052345625,10010.0916426874,5088.87426515924,10752.0088904167,14327.4300016263,14983.4955862242,14983.1030172024,15253.0248042085,13950.0415039024,7787.53641851517,2968.01763630205,1e+09,4956.16589507454,12171.1278633782,12035.4121948232,8945.99409772888,10236.8383424473,17302.2743994048,21465.7282998015,17150.7120381312,13710.5598632332,15387.2743309301,13278.4508861614,15119.6453024798,15308.1813197453,16164.6149410866,17364.9987653556,14958.6852498139,15338.4203265297,15238.2036670468,15173.3769380781,15112.6988999814,17478.145998389,15207.0196905607,13060.6941330505,14928.52026791,13868.4126020861,15091.8875779705,15294.1863086959,19179.091878113
9371.02313779024,13108.5194946912,12480.9114977473,15436.6926998013,19841.2853317571,9306.11035504093,18391.631348366,16660.348730954,8796.64073572407,8039.72006125835,5522.04875330706,13068.4034865396,13839.7270228607,9936.41619692935,13251.0154678915,8218.30731576156,4475.55459091943,6836.89490035499,12213.9224991646,12801.8436584697,12265.5532094235,13024.0117389036,12155.5753440263,6885.82641798354,5315.25900199605,4956.16589507454,1e+09,9350.89476390361,10627.5041570446,7147.13753373335,7561.41659335736,14572.0082245859,18774.5446588672,15442.868878709,11101.1381377677,13736.3778810063,10786.2747634992,12584.4937502587,13081.6795754177,13970.7651832639,14859.952690103,12625.7082714159,12663.9864845869,12923.8277787233,13084.8777308349,12930.4190984438,14895.8414713134,13053.784754553,10432.1582005067,12614.9252953198,11569.5768497037,13488.2827042141,12950.6194499491,16853.9669664444
5660.74036413966,21088.5479396069,18865.3495468279,23299.5948717977,27585.9634198953,18189.0618908178,11028.2074945569,8454.27403641495,4978.25643766972,7298.11280782916,5044.23045336947,5214.00375212753,5903.83425035798,2247.57986340864,5930.49512844417,4663.97407245152,8131.49525869013,7288.72269049249,4255.10497391075,4467.39930061104,4081.32362193933,4486.18654310094,4993.87142777024,5911.80580195256,10578.9924502431,12171.1278633782,9350.89476390361,1e+09,4004.47743979161,4156.43727775363,4307.66735752658,7435.20694583547,10339.9136488754,6750.38162872293,2761.79038310296,5683.32018582448,3015.86004822837,3771.51244877967,4363.71894155662,5204.73073023956,6449.0326447848,4140.81394120769,4663.01949350418,4449.6303189928,5072.62148304996,5166.41497090584,6817.38751827267,4628.5690012357,2256.24042965283,4633.59675305264,3414.79542830899,6025.68309938384,6121.81361021389,8834.44868125906
4752.10969216831,20572.6374614316,17727.0586137746,22660.5525948574,26994.3179723326,19788.6673463273,12624.4604476073,7117.93379887731,4881.85107738858,5812.15861543713,7002.77153940495,5146.30829645873,5328.4857300081,4040.87259356194,6061.8074496226,4278.01895494866,8136.01882198536,10196.6107781802,4321.5875198126,4460.50447553861,5929.7569212068,4602.02227596738,3933.16307596062,5265.229881895,10137.0486509092,12035.4121948232,10627.5041570446,4004.47743979161,1e+09,4561.03762210969,5754.62849111044,8772.94315740163,11181.2215791746,5734.80523024104,4534.70094864038,4187.18477693545,4651.5265398254,4856.09083202734,4700.33789235412,5110.35271893242,7158.99290880359,4754.72307920241,6290.12336117504,4918.13363851573,4911.48492630284,5330.44880198656,7796.63570246167,4397.66870350644,4237.85084687982,5269.2733115962,4017.400075173,4972.80765821482,6949.11686096874,9385.57598004512
5694.98327217034,18009.0972274515,15745.6600157154,20231.8484403774,24780.9865063338,15976.8666883685,13115.6549513358,9941.48608747706,3701.4675334386,4378.31283497422,4836.18325564696,7518.9130134415,7746.44229253662,5289.78757496934,6844.78693326535,4784.23567603019,5991.41526836523,6515.23765994764,6219.72781606237,6708.34678003456,6391.98787854764,7283.57394423919,6681.384262636,2985.00365177331,7434.44979445016,8945.99409772888,7147.13753373335,4156.43727775363,4561.03762210969,1e+09,3656.58939584417,9076.04022527996,12861.2050218904,8803.72860251269,5190.80473101233,7467.98908765271,5097.29348384022,6831.93419795595,6950.67544594049,8046.33361293204,8706.87898125385,6398.28683839667,6766.47838501683,7042.55225242951,7039.67393409667,6906.27669872124,8911.93032332502,7053.24745606589,4799.89221036265,6393.61318110503,5806.33288419636,7178.81516039381,7201.29625400178,10690.6900695278
7071.37551721728,19016.671767373,16624.4674724606,21349.363160057,25899.2771871707,16098.4438043029,12678.9927905611,10404.9601928455,3514.77989539886,6112.51693233647,3766.05165668237,6510.22180747323,7208.31215793267,5500.94683301884,6988.079296917,4674.91731614582,6760.4011669131,6118.50042275066,5551.99774238967,6335.9393808811,5818.69698656838,6609.08903414079,6086.16063710119,4349.08442597979,8769.77822191645,10236.8383424473,7561.41659335736,4307.66735752658,5754.62849111044,3656.58939584417,1e+09,7597.51129775402,11989.3665288163,8965.34761113589,5152.65457684677,7612.84921463049,4509.33504885144,6213.45277048116,6693.90120521658,7509.46056688495,8243.78324814524,6263.92120932248,6437.28935496145,6426.1899118529,6407.26108086755,6141.57494983982,8300.88030085966,6573.32258310057,4248.7269845096,6015.08061804661,5220.54142116505,7152.7683788097,6603.59640948022,10103.2391894729
11295.1409485495,26217.944705333,23384.1884017855,28429.1806929377,33083.1578575837,22571.7253960392,7320.34142332173,7517.73522280481,7842.10304976924,11554.2865217113,10473.8379220083,6068.62400674156,5714.34232242872,8475.03142564085,5159.15909862257,10005.216859154,13932.7257547007,10294.3963921398,5398.89253703016,5505.32619555826,4090.48611727262,6310.83394063732,7312.78685873587,10445.8854883346,15694.6429588857,17302.2743994048,14572.0082245859,7435.20694583547,8772.94315740163,9076.04022527996,7597.51129775402,1e+09,5545.57448656133,6669.33439140669,6032.1201608224,7047.76908305032,5795.21691667361,5518.00864432995,5569.7423078182,6327.45967406352,3964.68773893985,5207.79153932836,4231.79668819285,5490.09730683346,5201.01455818958,4433.90393829185,3349.67677997445,5847.36011750602,6140.07336353565,4640.98101817924,5823.97198066749,6200.62590358425,4673.46139096067,4376.12972751037
13576.0441821025,30438.2065900424,27503.2730565691,32486.9223268856,37066.2440207691,27022.704435589,5665.03540121331,7033.82392415392,11931.3216975824,15170.2678906537,14356.5282747571,7742.86620867234,7119.12248768765,10628.0714161695,7022.20565454331,13438.0278241229,17749.4812662652,14393.396915513,7903.74747634311,7194.89424381624,6859.41637243286,7828.89365475736,9488.71225952711,14191.5052418551,19580.3710569463,21465.7282998015,18774.5446588672,10339.9136488754,11181.2215791746,12861.2050218904,11989.3665288163,5545.57448656133,1e+09,6990.252878473,8535.20251346153,8152.60349683462,8816.26027337556,7217.20635377014,6988.53744707002,7030.59235628834,4416.4826248611,7306.80841616228,6471.26214095828,7194.45578933529,7304.52147925516,7186.09841839089,4561.66423381862,7471.84029461284,9131.45643042773,7192.06001730381,8296.47759390695,7529.87167404598,6846.97123686087,3143.32154982592
8838.46477355655,25761.5723747348,22556.1606761479,27832.6015584261,32167.1765907268,24404.5483080388,9759.24596403841,3247.7439529926,7957.09834962469,10212.6691985103,11063.6514230023,4395.04572499536,3667.01266893094,6970.34888278915,5039.02484458055,8700.83546067273,13238.9166439743,13044.3214617818,4117.81327310989,3677.94405461801,5252.70352559518,3803.95089233549,4853.46583860441,9800.0534705378,15127.1758634023,17150.7120381312,15442.868878709,6750.38162872293,5734.80523024104,8803.72860251269,8965.34761113589,6669.33439140669,6990.252878473,1e+09,5569.81788921326,3287.98113014658,5684.95628568066,4294.43482184792,3468.81220346389,3258.82767796949,4460.23601154692,4274.79221753526,5452.85731812231,4155.03894252509,3904.43507159487,4278.26247736158,5219.8470040893,3650.28883122966,5889.78094271765,4539.1315187269,4832.28319343972,4129.76322401176,6328.03941473187,5830.52167619674
6965.96564553688,22748.7313584187,20450.4844620708,24990.4226141956,29440.8995763173,19760.3966988975,9010.06527597886,7157.91562045824,5937.21400247625,8499.90972226176,6933.07002981363,4754.35344678958,5083.78185542023,3562.03329737385,3958.11494809082,6531.44578819269,9904.25632813994,8007.19930831624,3791.10541209289,3612.81024595812,2842.14982655735,4141.58627442433,5327.50532267214,6910.69218132308,12059.8436666111,13710.5598632332,11101.1381377677,2761.79038310296,4534.70094864038,5190.80473101233,5152.65457684677,6032.1201608224,8535.20251346153,5569.81788921326,1e+09,4492.47929635741,2110.8012031217,2703.57671581555,3185.072124411,4094.1533272827,4574.27585463536,2980.2341954786,2916.60048045666,3943.24793979532,4558.25664673458,4307.09529783124,5206.5051928621,4082.51798886423,2041.39941241297,2739.73708244058,3023.34155916926,4677.45325810959,4096.1051270933,6890.37161031247
7380.82524732838,24044.2984073626,21011.7492407891,26059.2120749055,30454.8907418201,22703.0035601416,10251.8564792334,4978.52204203215,7080.34892939607,8959.78218171625,9534.00883018785,3509.41061513183,3387.27806669308,5234.75109975632,4265.79283002586,7098.10055842406,11392.5148404863,11926.1484823014,3460.44451211112,3097.24480606555,5217.67817687139,3310.92918521372,4136.82427609634,8184.29048197826,13370.4827987661,15387.2743309301,13736.3778810063,5683.32018582448,4187.18477693545,7467.98908765271,7612.84921463049,7047.76908305032,8152.60349683462,3287.98113014658,4492.47929635741,1e+09,4696.91122774319,3450.8734927986,2897.35173310042,2572.16551141251,4692.05110207679,3812.57942171701,5033.70949195521,3683.1527246776,3649.28387113143,4015.32866445575,5714.4238655616,2985.92379430554,4798.88805351823,4180.84938079573,3505.04967705167,2717.30513844139,5455.76900245969,6529.35165309696
7029.50966206748,22266.1562137159,19825.1721343574,24508.3629109576,28975.3912092641,19365.0918729631,9570.54969115672,7627.27172616133,5326.47588404378,8006.54088654395,6553.59002452854,4094.58271179128,4759.39535985402,3859.3974066556,4194.1579649317,6113.40813829733,9380.25900297001,7983.68149284527,3250.65164825455,3567.39973924986,3265.17996611213,3898.27134345469,4714.04207388946,6406.96245955133,11566.336185249,13278.4508861614,10786.2747634992,3015.86004822837,4651.5265398254,5097.29348384022,4509.33504885144,5795.21691667361,8816.26027337556,5684.95628568066,2110.8012031217,4696.91122774319,1e+09,2574.76143170586,3438.97773964881,4249.34596301596,5087.26487598199,3606.31131238001,3362.21431001951,4090.57461288753,4399.62117985174,3990.33041525385,5531.97409796901,4195.30351346598,2393.40379591493,2900.22157412154,2877.60281819781,4548.89556585992,4166.70588017681,7081.48364883377
7522.98665190229,24018.976084796,21374.2705220623,26146.7873254134,30521.8323946106,21323.5791123981,8982.0999583672,6300.20207098947,6559.25330260236,9313.71061268816,7967.55366679133,2809.99046850697,3480.46260574654,3817.16167843334,4156.76396972453,6788.86513437997,10943.5367302075,9779.63948948017,2653.15271477162,2332.32754560761,3096.16535335243,2129.21800523103,4109.28635843257,8065.91166306079,13266.7364064641,15119.6453024798,12584.4937502587,3771.51244877967,4856.09083202734,6831.93419795595,6213.45277048116,5518.00864432995,7217.20635377014,4294.43482184792,2703.57671581555,3450.8734927986,2574.76143170586,1e+09,1782.0670981756,2157.27137008769,3686.3461997756,2723.71975103901,3095.13694583939,2422.15564210891,3205.14759142227,3404.569657666,4548.84254475795,2536.77643005843,2994.24441415526,3019.21867101408,2176.9332585773,3774.68764348787,4394.22135583769,5948.05402378795
7372.01158388265,24181.8455160106,21360.2880470442,26241.5795184703,30627.6994874101,21939.5025306387,9230.94021635391,5170.91222071116,6548.04989544979,9126.54435577344,8614.72094745964,2894.0044923773,2946.34915768651,4466.53741937757,3564.30132104456,6963.12344288108,11329.5644359702,10429.8324596419,2513.15436264866,1968.74346718916,3032.7828315097,2220.54738296664,3994.41899201874,8183.47325510996,13431.0401821378,15308.1813197453,13081.6795754177,4363.71894155662,4700.33789235412,6950.67544594049,6693.90120521658,5569.7423078182,6988.53744707002,3468.81220346389,3185.072124411,2897.35173310042,3438.97773964881,1782.0670981756,1e+09,2141.88096536666,3434.89012994594,2194.68891854859,3250.05902338711,1736.39817311583,2503.52092162219,2975.68224595638,4233.38215881817,1925.91418004541,3341.98301663848,3079.82421625001,2004.63212004098,3079.15246727082,4497.274672321,5535.22297965493
7827.25333248516,24855.1414622166,21964.0557511972,26951.242930455,31253.6284863294,22850.0211141981,9548.16347604606,5497.93387145571,7498.56784017455,9945.90775011009,9263.95419044158,2456.72657597462,2939.12232358573,4844.44527991596,4685.67498636002,7440.18277551029,11901.6515904642,11598.9075021917,2981.81683540421,2506.77164823603,4326.80353444665,1905.2838416362,3920.67665450748,8962.61726090655,14164.4374149629,16164.6149410866,13970.7651832639,5204.73073023956,5110.35271893242,8046.33361293204,7509.46056688495,6327.45967406352,7030.59235628834,3258.82767796949,4094.1533272827,2572.16551141251,4249.34596301596,2157.27137008769,2141.88096536666,1e+09,4024.9401287721,3455.07676233105,4437.67891489459,2618.21553493978,3200.76460477805,3894.3715416868,5080.93708461343,2383.13213261456,4321.0550653168,3851.28360534511,3072.3711911649,3497.91286571007,5266.70283594015,6006.73794816288
9712.9069469701,26371.3090548194,23553.8637464833,28441.8455661372,33033.9264439833,23418.9280935166,6429.00741423589,5013.34047230986,8046.72360238004,11154.1787474785,10613.9032345222,4824.10489134513,4154.5514211284,6801.53479528702,3513.24588094827,9583.53656736385,13710.4041732328,11104.3062266042,4377.41397230145,3622.25992107137,3263.50376290575,4709.49904221245,6183.8385558648,10071.5825917132,15505.2152390736,17364.9987653556,14859.952690103,6449.0326447848,7158.99290880359,8706.87898125385,8243.78324814524,3964.68773893985,4416.4826248611,4460.23601154692,4574.27585463536,4692.05110207679,5087.26487598199,3686.3461997756,3434.89012994594,4024.9401287721,1e+09,3449.18620381678,2725.85408987715,3840.77531105375,3946.48911499829,3653.98625190353,1813.97743530618,3956.92353917788,5251.41944802546,3428.22488956019,4513.38939096772,4068.44654335042,3640.61627701959,2810.23485668013
7338.63310901288,23918.4168095842,21248.1944713592,26031.1505271934,30454.4226937386,21428.6844152155,9138.87073638204,5655.25919833035,6235.77609029542,9029.64374472769,8427.24088255462,4114.70270441256,3952.88459396426,4639.93702932486,3697.64535998249,7076.7127534753,11303.5412527579,9689.47754286061,3169.85101654636,2970.05329995945,2535.25618336688,3417.82538573872,4807.70059500381,8084.33847148299,13263.5011501112,14958.6852498139,12625.7082714159,4140.81394120769,4754.72307920241,6398.28683839667,6263.92120932248,5207.79153932836,7306.80841616228,4274.79221753526,2980.2341954786,3812.57942171701,3606.31131238001,2723.71975103901,2194.68891854859,3455.07676233105,3449.18620381678,1e+09,2701.12272914431,2467.21840241191,2816.46846224132,3158.67042125322,3985.53274729991,2402.51517237665,2646.45275160922,2661.92656502767,2271.81517327004,3783.01822727568,4279.36293372039,5659.89370952318
8407.63207105306,24457.9911586152,21990.7095593798,26562.4538179834,31126.007694637,21063.6053544497,7220.63585633565,6596.31557359106,6822.51259477035,9827.41416907825,8712.32051863911,4749.10665152932,4647.04795431465,5329.75402997174,2980.95328361583,8318.41846530337,11840.2730798449,8734.82179210887,3905.38646307891,3576.33132932339,1946.5437437674,4611.34889466195,6038.37806816533,8479.77118196004,13642.8499982115,15338.4203265297,12663.9864845869,4663.01949350418,6290.12336117504,6766.47838501683,6437.28935496145,4231.79668819285,6471.26214095828,5452.85731812231,2916.60048045666,5033.70949195521,3362.21431001951,3095.13694583939,3250.05902338711,4437.67891489459,2725.85408987715,2701.12272914431,1e+09,3751.89287193811,4023.69000593982,3822.25001895481,3194.51771597842,4091.30008500965,3482.02347760609,2519.96512323088,3583.99958060824,4242.40959660898,2690.06943445704,4624.14832370243
7365.59082661398,24005.4181285434,21077.425026319,26022.3163859715,30378.0695634548,21775.3133264415,9850.84847845606,5629.14258301387,6184.72548554097,8959.84944086116,8343.1319087139,2608.42983162285,2710.10989921073,4584.22775846707,4366.24264738001,6625.76128336963,11251.3445386407,10438.2439560685,2237.76163692651,2198.93468156742,3192.06194380686,2001.92791783321,3535.28364098271,8192.05248973052,13316.6076528071,15238.2036670468,12923.8277787233,4449.6303189928,4918.13363851573,7042.55225242951,6426.1899118529,5490.09730683346,7194.45578933529,4155.03894252509,3943.24793979532,3683.1527246776,4090.57461288753,2422.15564210891,1736.39817311583,2618.21553493978,3840.77531105375,2467.21840241191,3751.89287193811,1e+09,1640.11042030712,2821.80497052862,4398.40953441128,1357.9901120774,3505.28012257223,3766.39458899356,1966.61257824209,3468.37790399201,4960.63115876397,5862.53585062812
