1e+20,13.9280894320018,1.83077208941316,5.60131340111948,9.22705472587375,9.02790621539015,4.02895134809089,4.88747609877968,9.94280680155181,9.14586384146557,4.98683600157148,3.69107825310054,12.1867312469286,10.5541119493482,6.62563061341363,9.92441290218898,10.0602472430666,9.95988990189121,6.96431949207512,2.40563482265634,10.9510564952748,8.23937956956784,9.04495385683891,13.6624701376918,9.35430009228829,12.0512996957707,8.65514194404132,6.78687944871382,9.12434069511242,9.53123276370452,10.1758952316597,10.247446324529,9.54117502690753,9.1899225047216,9.17388975671575,12.6828311723518,12.4037602342734,8.99368951063018,5.15287238142357,9.57556096060698,3.32147722296605,4.25035207337122,9.33029731430541,2.65558636769776,10.5377040392742,9.26828054010116,10.873868819917,7.239911818119,9.17035864508432,10.7603038985173,8.66185887057108,6.56391073949323,9.07695165195538,7.6161185345243,8.98036212301717,8.53565844086197,12.3291279439333,3.62484326747024,8.42961018650504,9.49078270141137,9.4199015745946,11.3627662173906,5.76936533082192,9.65134089067488,7.93369851777504,12.0666095146331,8.64745191042073,10.0134057752628,8.7994651335944,8.74429634853914,3.88434439448075,10.0209431980087,5.0188705441835,8.89358679001703,10.2240762253837,9.70888576756685,10.0776877634438,9.90878325221935,9.33009328077805,3.53327868210485,9.04571094429921,13.5915811413263,9.43720314433371,6.89055475434491,2.62077784594162,3.74512507270237,12.2175908701434,10.0170247944658,9.20660849960132,10.4941184790035,4.29186971120735,8.94355695700529,7.9881290411912,6.96569088412224,6.36424140273285,2.92393874841877,12.9826049777373,5.93565775417843,8.8257480305194,10.0102042343849
13.9280894320018,1e+20,13.6990073014462,14.1688213216185,11.0903045372553,9.94671168932324,14.1792013141471,12.781674035614,9.67186703988807,10.5509656413418,13.8409888915166,13.1402287495953,7.34738072793124,10.8665079035983,16.0816884843057,11.0532138045323,10.0237689813747,11.1433718073681,9.45437317478107,14.0751481597923,7.05758931392781,10.0471827392384,11.2070880623409,8.55869471487423,10.4168997117002,6.1705727481071,10.8008923741099,12.597049284846,9.80152134766276,10.432160503395,9.91724266966871,10.4862514712802,10.364087550328,10.3547388856494,11.5426586023435,7.32893670391371,4.59695439002358,11.5183094656038,13.2492518439567,10.333457950468,13.8554711703612,14.1002725761929,9.93322171044082,14.8121764278313,8.00833016332936,11.044843849228,10.1438784276318,13.1574251981141,11.234647536661,8.96505707290727,11.1969008858676,12.5131211595885,10.7626741215878,11.7984112603796,10.9130397452773,11.0655228954832,7.34557786694577,14.8636221478575,11.050617294343,10.2357447052381,11.6430179328491,9.86536762503727,14.7574651977128,10.0106122718291,10.4830475887361,6.7210881053694,10.209036076406,9.36666097006646,11.0474134518226,11.61534636275,12.920785593186,10.8708374444518,13.8774610736953,10.1676786977937,9.79622914108291,10.0020723294977,11.177560713989,10.0597509649868,12.1386728840361,13.145843103745,9.77606743117681,4.39453955429977,11.0313817768953,10.7771098487773,14.6014425712313,13.3780409757332,8.06938418578028,10.5411534044297,9.57970374141459,8.17122601791589,14.8965682762112,10.2429644879648,11.4677450497405,12.281215129504,12.6448276770139,14.124103475312,8.04870535401694,11.6571607282202,10.4969244629756,9.93518922208584
1.83077208941316,13.6990073014462,1e+20,5.74622932279193,8.95784445708503,8.74714651308408,5.04475471354298,4.90460286614009,9.67910879471239,9.03921737445404,4.69192913800308,3.33365768677191,11.9299193687609,10.3554973649664,7.20812132491056,9.87592164680181,9.91451129188007,9.75870556033054,6.91821132700925,3.31275893884623,10.5745577134408,7.98392353322434,8.92780057645803,13.9771979499233,9.06679816626189,11.9071040104757,8.41724947787022,6.91316819808877,8.63768764259399,9.20988196059267,9.85703402204036,10.1249391069221,9.51873734364422,9.02500964057501,9.06439787504984,12.8244805752991,12.3842201753856,8.80025683366367,5.45296237542879,9.31771921370751,3.54041158546497,4.78755158657663,9.04989317392893,3.40682971275485,10.5292259479286,8.958814165709,11.0744096988917,7.59466345126721,8.94681833440973,11.0677554693748,8.50226356972649,6.17502139903604,9.01647308058694,6.86424738146179,8.80571994593139,8.26234319330902,12.491312878809,3.97118343586943,8.12561952507144,9.24699018230349,9.35450227525445,11.7811244769097,6.50497292325421,9.35787608736728,7.46845697060059,11.8928094170402,8.3289028008598,9.82284108687582,8.50216955307441,8.70156447677671,3.91193614395297,9.69531738873644,5.66556876088576,8.55760549836257,9.81390795793555,9.53309126407384,9.98264471852405,9.72341523716259,9.17188199295995,3.69391997249044,8.92267129085147,13.4511467994035,9.41581142130564,6.78837525309091,3.40777985783236,4.5222714861491,12.5916157434782,9.97334302365063,9.36026436288067,10.4443551691565,5.20839972566482,8.48452626294374,7.88640587657253,6.08553853576282,6.59213702315619,3.76013210179178,13.2389620069118,5.69344727451876,8.48043346281182,9.85087216452676
5.60131340111948,14.1688213216185,5.74622932279193,1e+20,10.4922396424114,10.4024281502369,5.30857867050563,7.545573313185,11.2298683694219,10.380682528797,6.99508548409543,7.03997488529321,12.7552797982926,11.0454416748593,6.54795678204011,10.6245566185488,11.0877779643104,10.6719278117003,8.27525621046457,4.99753263555602,12.3358597694445,9.98814616881399,10.0640089747246,14.7226325723944,10.5883699980987,13.1076382887642,9.77415914297475,5.71226368993606,10.9282279971301,10.4692218723222,11.3767994694966,11.0273337565718,10.7397402087532,10.6100410787163,10.0543555817366,13.3552504944741,12.7508592866179,9.79834126318224,5.38238007982654,10.7253380979462,6.10236251454924,6.34456197880424,10.4864947973578,5.27034455411829,12.2964396500176,10.4578775095338,11.7578527409003,3.64329928228913,10.1800009129464,12.1245589596749,9.37291017377894,7.71712257606211,10.1459188347119,9.84081609517239,10.4136393078029,9.84759458658429,13.1111994088237,5.68296328394461,9.79592670912601,10.5783465715014,10.209801573585,12.1693782406678,6.20776550929826,11.0522892050653,9.96674218596742,13.0068372963877,10.1600813721163,11.4867955172824,9.90776016114585,9.54828965335257,6.97322798012239,10.9410909674353,7.54522331946239,10.3475462569335,11.3620600758581,10.8006340812218,10.6399032974041,11.0690368757768,9.9407035002714,6.28164061780686,10.6909103643027,13.8296182443753,10.1169618864972,8.61785856120819,4.81123694347665,5.15943026361865,12.5702727675632,10.9444984570255,10.5901694863816,11.2608159780435,5.47764778102376,10.2221350160019,9.90088756788827,8.62603662928312,7.9143951358545,5.16435399842019,13.9272037076775,8.99358993569363,9.95135505312233,11.5432130239445
9.22705472587375,11.0903045372553,8.95784445708503,10.4922396424114,1e+20,4.76800125899197,9.5108862881124,5.99757425926888,3.95522923474018,4.43416782828768,7.41944786911535,7.08794817305922,11.958414721665,3.54764443638549,12.3429028798728,4.70726082525429,3.29918226944321,2.98672207738496,7.66305607113129,9.03443048676278,9.9692673918334,4.60017801365125,3.95903185491754,10.7492303728304,2.54091058403312,10.2061143025272,3.8070112554934,11.8475133525069,6.18802212668508,2.45971785210413,3.16231904424602,3.37277787592344,4.06275046559212,2.81292143654715,3.57507149009176,9.52529949055238,9.59806165619607,3.37679698919125,9.85801037537446,2.37581273235185,7.70777459789098,10.571033637602,4.04338788922705,10.3649454614819,7.71997961097784,2.67635491322036,6.64546348286577,11.1859203916616,3.94406957427301,7.68860755356378,4.36854788262088,4.85285852181422,4.38634059534263,10.1086919267003,1.83227297733855,1.85659974345667,9.03445673998403,11.0401892816132,3.09593942286693,3.49638384383883,3.30389393473405,8.33080337728899,10.332541961839,3.24870958020092,3.92164887502241,11.2511362887373,4.05464689919445,5.21595887221743,3.79808291006129,2.52308174698577,7.89297906793271,2.54093605027454,9.92356653489063,3.87580637582778,4.23220616676215,3.81652799283975,3.15667323931685,2.72731943977341,3.66281897805763,7.72331436597295,5.55286363101694,11.3015510347899,3.09781764768225,6.04424546014546,10.2022875723023,8.75496013668405,10.3473009013155,3.12925259481962,5.51136803343639,7.279893197338,11.3094422192643,5.30037656206779,4.00549750314496,9.93715389736437,6.33034166390515,10.2317797812145,9.27398299552622,5.43991868711683,3.81236383539354,4.60533906733816
9.02790621539015,9.94671168932324,8.74714651308408,10.4024281502369,4.76800125899197,1e+20,9.50372513138182,6.81165483533371,2.96328507940397,5.72557991642067,7.9163829168302,7.27010289908854,9.59009320748298,5.36452616396054,12.8029338646235,6.72874771274866,4.05511902176358,5.2251537620719,6.35488741731409,9.17105726090244,7.78017298104145,3.72387917175348,5.31488212262803,10.2656994618479,4.48475879859008,8.20794481746866,5.05200542423444,10.9164691429314,5.00844637241088,3.62838962524894,4.08521321035882,4.60753826344256,5.59401413958362,3.99023135289945,5.90352159314428,8.52978979262409,8.17008128055769,5.54187950478364,8.53138640099823,3.93711290154966,8.17088489080438,10.0140613135344,2.97672345796775,10.3347132698982,5.91629228025749,5.09410181952167,7.55683443652903,10.6898787543454,5.58637860400997,6.99441886744066,5.94490761840438,5.71938777583655,6.03399572923346,8.08727450186188,4.78549322148723,4.04779163279932,8.40931411664554,10.9049025162355,4.76029523925862,3.05938538538212,6.02586589722147,8.50685073988473,11.0109567579435,3.70119742228407,3.13931062437027,9.13886969215443,2.28642397528188,5.26735005002314,5.24475836100959,5.38811899265504,7.16280355950697,5.00181201282761,9.38985331837659,2.45694834416542,4.55856078383573,3.86592507399158,5.64257840787135,4.17166485006787,6.50770985479298,7.23333783150023,4.99856423461633,9.90606742458943,4.96935881340478,5.60900632438524,10.1126337373157,8.52275134265435,9.54968096317232,5.04535078871055,5.75500197061923,6.81378136717452,11.2447953758556,3.67075419898023,5.84805638308207,8.00753935754389,6.30160425362291,9.90108581885449,8.45250376238884,5.27984201983425,3.12039667063445,4.49607656946491
4.02895134809089,14.1792013141471,5.04475471354298,5.30857867050563,9.5108862881124,9.50372513138182,1e+20,5.70923744732346,10.2580728800456,9.46808758295283,5.5056686064546,5.5774600382989,12.8166557303499,10.2614534444419,6.44033563056907,9.76331235729787,10.0151338535343,9.71715584063194,7.74295073438095,3.168313532328,12.2521917753174,9.13739511787991,9.02811102862798,13.0503199015098,9.76055817129672,12.5573864994328,9.1809908266718,7.43749241530849,10.5558228993858,9.72796595798395,10.5782774356591,9.99436066649539,9.5372190280035,9.54223166810137,8.94716019577615,12.0971251025951,12.4132991290866,8.91404860620692,5.19032728761066,9.81886716658741,4.06220360487483,4.57153528712647,9.7151587219,3.62924062735019,10.6795596133591,9.67403508080981,10.6248868600156,6.41679226710788,9.41308960783254,10.3955765420105,8.8569212212766,6.95242820043966,9.21602144103752,9.80250290550618,9.27697438569946,8.95033394578756,11.9315591167463,5.10882398871305,8.96674265666377,9.77094353766443,9.1645069439433,10.2526132072148,3.91116552417884,10.1439441581823,8.94614951902418,12.7937631632518,9.25624858650805,10.7520202590942,9.23093369270723,8.47472057524207,5.00939412933998,10.2748935405965,4.94180031144178,9.39435588400335,10.7190743029974,10.0984384566224,9.65566601848625,10.0891673862669,9.17411265039302,4.68893627074055,9.87741346932797,13.9448873033809,9.09295473672962,7.04512620548822,3.40408001947904,2.50249876547918,11.296153556779,9.86387387972625,9.54599665290767,10.8733036203432,4.73070455193953,9.56696082070964,8.42486647574997,9.0059532165682,5.83875689089497,3.26526196863782,12.1942543714784,7.25664840206958,9.28286263759007,10.0666308029209
4.88747609877968,12.781674035614,4.90460286614009,7.545573313185,5.99757425926888,6.81165483533371,5.70923744732346,1e+20,7.21548606503162,6.65048065609107,3.4578718433511,2.73061005954365,12.35764675986,7.4557723831667,9.34642255657339,7.11952240862889,6.91300900153477,6.71129588963565,6.33874027760907,4.86694591648413,10.5693613565714,6.3377029889227,5.62292829880294,12.6855709856854,6.4758565307436,11.5399890816092,6.23708310679642,9.54422102363712,7.08353446552347,6.34011883571398,7.32674963870689,7.05288108156384,6.6878354292955,5.95232252298728,5.63526499568384,11.6041369698354,11.272147311015,5.97864268012064,7.10199587215102,6.5917691725013,3.32739701573367,6.72486566228785,6.81801814719913,6.3325781239887,9.37288324005056,6.01278915627114,8.9647628636278,8.95848778270958,6.30964706532899,9.67552546406515,6.15554037041809,3.76811797728291,6.38523864516957,8.55401584646882,5.74454573406784,5.39818837966419,11.1032188169767,7.40233948431952,5.76610209768641,6.56083692077811,5.97764205425625,10.2036039475552,6.65620842919956,6.7196999932004,5.69666583924374,12.0918269471742,6.24317654295051,8.11847899107658,6.13391647490994,5.35121113670508,4.31946201616026,7.12203261915355,6.62255727782261,6.32030043487044,7.40354501635298,7.2181097313543,6.59444973759462,6.86864660437075,6.04959855292117,4.02653932283154,7.39888075445023,13.0007676048347,5.96605220447922,4.75021110579157,6.13778281618838,4.97529364374751,11.3236607839953,6.78647303140323,7.32478873628652,9.03218266677967,7.81675275899224,7.15486993570713,4.20896810459111,8.19374576105028,4.17892800553381,5.91412491898451,11.4985455026546,3.51033485000775,6.32722730757446,6.91184306903494
9.94280680155181,9.67186703988807,9.67910879471239,11.2298683694219,3.95522923474018,2.96328507940397,10.2580728800456,7.21548606503162,1e+20,5.56626723587196,8.40120934554721,8.1094553196553,9.71795588084986,4.57680396080389,13.6887740767898,6.23586578350197,3.05045216130214,4.47664727562526,7.1825229576447,10.0059769374684,7.97371814648698,3.7253666971021,4.64595815218421,9.99125142912438,3.55971812324813,8.32880018380689,4.9203061746401,11.8303348058281,5.06818106259263,2.84303075377051,2.84981115599257,3.70696418418954,5.11519291714448,3.18840965798899,5.31427768622307,7.91136747254127,7.92120756720829,5.25264713901813,9.45652859914951,2.82646787753094,8.93976969080568,10.8714296275286,2.70529056665353,11.2636222251729,5.59777640837998,4.73894719213877,7.29514554088314,11.4813371485557,5.18344124122449,6.77191020153441,5.80106156754534,6.15578555341778,5.74627133720755,8.84847934699201,4.27377227987892,3.547248977462,7.85067902659983,11.8678105165055,4.59905662486127,2.39901232767404,5.40877769619723,8.21357588378775,11.5189765516222,2.88972453080778,3.30166601403638,9.41088681512258,2.43457300035759,4.77082962613578,5.06186549417688,4.89184912071198,8.00681632350044,4.23325559150997,10.1827685894894,2.44881279080935,3.66910684471748,2.89998144538475,4.67941752955796,2.83844010722143,6.14371387727237,8.16398249911673,5.07115097204996,9.73216397263604,4.31178762498468,5.83568143693505,11.0578765029933,9.25878210733834,9.37587010370996,3.74050309089103,5.45910871092429,6.76274268739464,12.2174543183625,3.57585837451292,5.60955265790393,8.91707532679745,6.69833556515579,10.7612878962687,7.86375802719252,5.83702995085448,2.76931799960073,3.29262517065715
9.14586384146557,10.5509656413418,9.03921737445404,10.380682528797,4.43416782828768,5.72557991642067,9.46808758295283,6.65048065609107,5.56626723587196,1e+20,8.53649274106911,7.58817349568492,11.8180145716767,4.19884597947948,11.94337552156,2.26665987074141,4.54439346912788,4.54232943793915,7.17651470475825,9.0575356166533,9.75725477891726,5.11853720497257,6.27720198190552,9.14999675243806,3.49411779601549,9.5029076723363,2.55253265364957,11.4035622868982,6.30566285222455,4.83588254384025,5.39003797947833,4.51235275034902,1.66402141197844,5.15888672506151,5.72926968767422,9.03880954695929,9.23963121540553,3.09550387477532,9.56369723054704,5.05475068711768,8.09166859623731,10.5746007735802,4.945333414827,10.2399609540021,7.49796840166356,4.87978800871923,3.86758620157444,10.7965449991101,2.75019619905244,6.79071599414272,2.34189566996077,5.79296145758204,1.52418951088413,10.6173656697579,3.66691641728593,4.37137306293609,8.28484971237045,10.7025769565385,2.72187655409121,4.91974983347273,5.42666939494631,7.03654857483625,10.6133442081795,5.48145895657326,5.67497945349003,10.9567389523904,5.63268369189416,4.11480322945453,2.3181648118766,4.1516148899868,8.61936566964036,4.47792456851593,9.84260938379383,5.48367002645506,3.86755796646148,5.70333922471764,4.97933427898492,5.23992990312838,5.41242654066631,8.17492689592385,3.50195769646689,10.5447068188967,4.72802920356331,6.06359759625899,10.0015645874849,8.6450549647323,9.95501457454945,5.16413168412856,5.34209492396353,4.99750388280391,10.8582243233874,5.81960592941281,5.64459447571678,9.87940659540169,7.18286578517558,10.2287810350818,8.58629511834969,6.36287339122416,5.96719468876489,6.57958328332047
4.98683600157148,13.8409888915166,4.69192913800308,6.99508548409543,7.41944786911535,7.9163829168302,5.5056686064546,3.4578718433511,8.40120934554721,8.53649274106911,1e+20,3.20910764447903,12.8723794860885,8.63338514892253,9.17921550391712,8.72005010088786,8.36376928717503,7.96347457789947,7.69944881815559,4.95345185777358,11.6582275569547,7.78992777121999,6.45040375401956,14.0473007272348,8.09112999770895,12.6090262963986,8.00445998766797,9.68239037160797,8.56395252359923,7.60302332481393,8.55887813396494,8.4101696632679,8.58094674415475,7.47487361706461,6.63212272503015,12.6922440829923,12.4907026315014,7.39698932567376,6.67324689146514,7.85448338579572,3.00118258011648,6.31372705558492,8.1036222521436,6.0673838663066,10.4157226442081,7.25114832984238,10.8480161103042,8.82353865253665,7.78509323911763,11.1183063230807,7.87372957003855,4.28291439145354,8.26958430411274,8.16327975811296,7.45676676944287,6.77938897126054,12.4724675593669,7.24333058356312,7.35045206566298,7.87201301875453,7.17741742764853,11.5024913404922,6.43421519662008,7.92050879563203,6.75213412001396,12.7401516846376,7.36685881241179,9.87619947818242,7.63262788830811,6.84642620781957,3.96235773956847,8.42231244864062,6.43948713623216,7.45779523673655,8.83357158567675,8.44802649493485,7.84257008931634,8.20386262691198,7.09311972020779,3.955066169848,9.22243378718545,13.9886133781978,7.38402165052128,5.67243776048424,5.90130226251874,4.97278925633663,12.4111704994573,8.20824008542332,9.36867876408523,10.7371090430538,7.89535576080076,7.85009383822205,5.82281263138479,7.7303706604579,4.16589452424572,5.54543868957491,12.601448530017,4.65266698915411,7.25210403129144,7.91676955993409
3.69107825310054,13.1402287495953,3.33365768677191,7.03997488529321,7.08794817305922,7.27010289908854,5.5774600382989,2.73061005954365,8.1094553196553,7.58817349568492,3.20910764447903,1e+20,12.1697255098791,8.69288809025071,8.50623804168591,8.34498234211748,8.12291481039439,7.97586223679783,6.41390508886453,4.2069149542005,10.2618834152054,6.70705237823778,7.0071534447921,13.2722790434716,7.51467398124474,11.5766408794454,7.00093833109006,8.75037667483638,7.27750184341859,7.4144698083766,8.22945315664702,8.3635053990485,7.89952875671786,7.08945493400145,7.13335635185249,12.2968834873596,11.8043683770777,7.11391919440721,6.37368147473179,7.60554346323976,2.64376044245484,5.83149665738141,7.53364062064838,5.24925069149357,9.64001138559328,7.01016066399857,9.91497167281316,8.65414308117068,7.3548822974362,10.2472827382808,7.12430582180025,4.47408826409985,7.53632941965486,7.31887977260293,6.9309214706301,6.44417920536524,11.9089000867369,6.11173888930115,6.55615710473682,7.51866981376451,7.42337710039418,10.9715959273409,6.83843001983778,7.62597888736195,5.92113176618547,11.7391124317929,6.75389738443258,8.68510658904942,6.94719516684472,6.86423644254717,3.25528844329817,8.00808730897278,5.89439900053882,6.91163631274459,8.26919830277295,8.01476031224192,8.16774315338808,7.9916035891462,7.37038490222791,2.95335656760484,7.81644112393484,13.1435533104836,7.52124214098281,5.69175801235821,5.18459208367977,4.89657335827282,12.049349815079,8.1766083281025,8.22297072441194,9.5729496716055,6.81108064980962,7.32479903947995,5.71176126124077,6.80991424649088,4.9356271974686,5.10105216881754,12.2923623482676,3.42565308652202,6.91529054736484,8.07832842087152
12.1867312469286,7.34738072793124,11.9299193687609,12.7552797982926,11.958414721665,9.59009320748298,12.8166557303499,12.35764675986,9.71795588084986,11.8180145716767,12.8723794860885,12.1697255098791,1e+20,12.3061107470525,14.8515922535534,12.7117852068883,11.0104374371424,12.3485547907206,8.15896297003088,12.5524727162184,6.26094454266586,9.30677027393678,11.749178454208,10.5096727638107,11.1093588457807,4.99050502164552,11.4563831513909,9.75270871380092,9.58463468100041,11.0577546167224,10.4101605592547,11.6761436862946,11.7818764529184,10.9088476714189,12.6464111946898,8.05271300500385,6.71519552415581,12.5242308373631,10.8595525309639,10.8696825186021,12.8186203904522,12.7553251040234,9.77246925631264,13.0314876068765,7.62035747541575,12.2244358868486,11.9308772712465,11.4209706682167,12.1065827529529,9.40007190755993,12.1627302464561,12.4880117857938,12.1059130310278,8.65214461764591,11.8978696565198,11.4111933246272,8.52459529221864,12.9753625838029,11.5591492254511,10.4629477684754,12.9285868428504,11.1306098103857,14.2003658769873,10.5117934246801,9.92578238742237,4.25443289109275,9.69253719828736,9.95017051328136,11.8510663706951,12.6039290746204,11.0852482229585,11.7839763927157,12.7158938608575,9.89417388538397,10.6269855882892,9.92005076545491,12.4837195871901,10.8305881344992,13.4453498775029,11.3599972519302,9.89400355601718,6.41744141646232,12.1067064290661,10.6970040662413,12.9656431915788,11.9727678252435,8.13348520480915,11.5643691757594,10.2620817443111,9.176288849441,12.9906576274578,9.29098283711617,12.3636122276455,9.23526208780634,11.8592264970267,12.5036934808493,9.54302925970554,11.0069560552972,10.0756978695603,10.2918501507665
10.5541119493482,10.8665079035983,10.3554973649664,11.0454416748593,3.54764443638549,5.36452616396054,10.2614534444419,7.4557723831667,4.57680396080389,4.19884597947948,8.63338514892253,8.69288809025071,12.3061107470525,1e+20,13.0583337754778,3.69565187658779,2.93262445218424,2.09441496250283,8.76759284551649,10.2659304445902,10.6419019675008,5.96967248119377,5.15217074853755,9.89354685169426,3.53437740212137,10.3761392792835,4.07246900878311,12.7618130063346,7.06060261913491,3.30751085349495,4.47951273359787,2.29882835258338,3.53690959403057,4.75609000147941,4.50468648967942,9.29687178553282,9.47854425463865,2.74631314845491,10.4887552676023,4.10818533044989,8.94603656819258,11.4028471093674,4.42436141252652,11.433449852277,8.00229052636818,4.15997039013087,5.65156185399568,11.5316827029675,3.4473963727748,7.66298285433178,4.07125540563726,5.68671593911437,3.9938055303443,11.5269024976244,3.59886551692214,3.79094111023912,8.8573017750834,12.0893474184108,3.8212207267676,3.79454166318712,4.1648510842783,7.65052005935364,10.9258959660299,4.80578371461978,5.79480705954246,11.8546001611035,5.25023242265022,5.55573108668424,3.74111605585909,2.99694639306915,9.3820363187588,3.30787220001636,10.7425760197515,4.68653619254538,3.85332847326201,5.32245372356199,2.74424307338139,4.05738072336377,4.19809267370451,9.19086498722561,5.96978430603857,11.2038043913448,3.24930134818961,6.66818805774097,11.1643997676451,9.50538068958484,10.2052248476437,4.00297152751259,6.37672527795681,6.673072220965,12.3306299035195,5.82772036108067,5.68817595731765,10.9372454866222,7.26970638045967,11.1946250514017,8.6629050995223,7.30527737900758,5.31439568300481,5.66221288910044
6.62563061341363,16.0816884843057,7.20812132491056,6.54795678204011,12.3429028798728,12.8029338646235,6.44033563056907,9.34642255657339,13.6887740767898,11.94337552156,9.17921550391712,8.50623804168591,14.8515922535534,13.0583337754778,1e+20,12.2683355149879,13.2471173592404,12.6548335329812,10.8871917171088,6.38561726878006,14.2358387670203,12.2322420275505,12.5897300581455,14.8417769226842,12.6042555339432,14.706761417987,11.5957527361484,7.8362172800662,13.2710905327247,12.9311403146744,13.6432528233524,13.163949004178,12.3158956314069,12.7986112103897,12.1927386644231,15.1801720677483,14.9079685664156,11.6708739212915,8.59967305323625,12.9979760653812,7.47702784869985,6.90555532014291,12.9585842254725,4.80448285721032,14.0908470346247,12.316812566276,12.5090664312115,7.70311228933792,12.155503517015,13.0328272396864,11.3579368610205,10.2883277449708,11.8754641006056,12.088236601286,12.0954125345568,12.0984339430649,14.8795629513355,4.53847980962345,11.6542426258654,13.0570597822699,12.1003354299882,12.7588722466878,6.19044798246522,13.2373741301051,12.1845882437551,14.8094752172451,12.6441911946073,12.9576648911436,11.848719474119,11.6397645516904,8.69058006909221,12.6797366999557,7.79308744055179,12.7254835174417,13.5563147704226,13.2162319064459,12.8023399863292,13.2565001063306,11.7081967532924,8.34726606511953,12.2422764655026,15.676104369228,12.4545123125716,11.6454855981323,5.040704968413,7.6297515138509,13.9146017713805,13.0441153766771,12.2928265835898,13.025884675962,3.61957921821528,12.8858799722757,11.717070688416,11.0694221888435,10.0848162546342,6.4168416193444,15.0733189286714,10.6576417429362,12.6480748820184,13.8637512028638
9.92441290218898,11.0532138045323,9.87592164680181,10.6245566185488,4.70726082525429,6.72874771274866,9.76331235729787,7.11952240862889,6.23586578350197,2.26665987074141,8.72005010088786,8.34498234211748,12.7117852068883,3.69565187658779,12.2683355149879,1e+20,4.77505993535125,4.21057578259825,8.25184795201805,9.65555667085442,10.9291564179795,6.30765335444684,6.22000826762274,9.51821981285539,4.0588211012667,10.504812886257,3.46613481381774,12.2286003802618,7.37404129710253,5.16736537705773,5.89710998270017,4.41218608300304,2.17780433373904,5.76280000986299,5.44763723145777,9.455212046827,9.89222542075108,2.78962175818408,10.1879585525813,5.55317403370968,8.57010484229913,11.1162152197502,5.74620491864474,10.8290932238728,8.46473884142234,5.15624971474502,4.20616701573975,11.0727487543535,2.68426933504816,7.63101726286327,2.46280171497279,5.93310146318312,1.75968211183893,11.7202237212258,4.05296520081249,4.79800381210785,8.75141668444258,11.3702127204975,3.57371828730775,5.53162093694447,5.13267376471486,7.20382536448186,10.5549752559201,6.13318800159263,6.75118657137471,11.9934509117018,6.62352903826748,5.39173333123396,2.77291124128131,3.84572485667055,9.4079548929366,4.64033947476017,10.4072954370814,6.33524563968696,4.35926816300836,6.4424697542292,4.40531564342821,5.64721269767936,4.98522649934405,8.97046316743751,5.08141334731257,11.2491735850362,4.55257466059704,6.50860496460444,10.551557256462,9.04489264328427,10.2803039196748,5.22725694702034,6.34691268593933,5.92836261819836,11.4879570493173,6.59925685138965,5.90399282230059,10.8896287232637,7.36976926651015,10.7589834452317,8.79259332690353,7.32734443721402,6.68908548107103,6.87225767155856
10.0602472430666,10.0237689813747,9.91451129188007,11.0877779643104,3.29918226944321,4.05511902176358,10.0151338535343,6.91300900153477,3.05045216130214,4.54439346912788,8.36376928717503,8.12291481039439,11.0104374371424,2.93262445218424,13.2471173592404,4.77505993535125,1e+20,2.79351721765227,7.57870286077812,9.88552718152735,9.37178647430909,4.60199265894396,4.48441633857603,9.53580756402278,3.06038986514836,9.26400106349639,4.23272758326972,12.1668127125326,5.92952146003028,2.29104748434226,3.24294884188037,2.08975387085979,3.81373469608384,3.41911482714548,4.35243087142646,8.41050441834885,8.48562023983469,3.73445766955584,10.0509572404864,3.0974631570075,8.6891976122346,11.0207205454803,3.00821058980911,11.2131189551776,6.70252807734661,4.00640471475278,5.95931463682728,11.3768983423024,4.06957814758708,6.79606682743225,4.78647390131667,5.8632099658444,4.54188411374671,10.4395145805428,3.20111049116255,3.19877393683014,8.05028693730897,11.9486384833262,4.0183718328974,2.37374992029672,4.24784784470891,7.5655122272911,10.8870183762895,3.68602932289353,4.53880947289918,10.6093075432324,3.79182141259956,4.84760884479994,4.24672703780259,3.4094465256764,8.55074127680261,3.41300285215094,10.3360018476701,3.11785218412176,3.55530003567682,3.99773682744796,3.10306980670656,2.96124285246481,4.83418093733735,8.4754428048345,5.24168786387111,10.3175738088482,2.80941013390534,5.97427219348876,10.9548363091783,9.13305190602536,9.25507584637004,3.09628603110328,5.28432193474415,6.29938589975736,12.0927551959503,5.00668754166464,4.98019527627186,10.2523152531451,6.80177879093335,10.7476703739857,7.98337441676029,6.21890525403998,4.16478677651899,4.0423527328968
9.95988990189121,11.1433718073681,9.75870556033054,10.6719278117003,2.98672207738496,5.2251537620719,9.71715584063194,6.71129588963565,4.47664727562526,4.54232943793915,7.96347457789947,7.97586223679783,12.3485547907206,2.09441496250283,12.6548335329812,4.21057578259825,2.79351721765227,1e+20,8.56160005350656,9.69971047574706,10.5662092352478,5.78691983470638,4.56008205519723,10.3867830183911,3.34800118472919,10.5993654664665,4.00097077545692,12.4804346814881,6.84145056921041,2.69401676450509,4.10237328849652,2.12064014221251,3.90049289433327,4.0672346713302,3.75061157430213,9.63928300074553,9.69925921183996,2.8831717281846,10.2456652662039,3.53815366263763,8.34339922115362,10.8469874884548,4.3217293288183,10.8705608601096,8.15339532354372,3.52040485544589,6.2025841259701,11.3269019094747,3.74584297666575,7.94793235788419,4.25627183042,5.08759215850617,4.28291530469051,11.1723546634371,3.14486542916438,3.28808173890839,9.16306882925744,11.5365064835654,3.75111180281493,3.5507655910402,3.37320714291844,8.10537090448045,10.3047972367992,4.38648024583121,5.27728346622559,11.9751133743485,4.8975552280771,5.70541104122734,3.95016415585287,2.5885577409073,8.80979307168255,2.9902471006732,10.2287541058044,4.25497624069385,4.13298470180544,5.10277590219884,2.38653430949397,3.61970395827721,3.48571177260577,8.66290793327268,6.12402886199445,11.491046212225,2.77763716345297,6.32477684411502,10.5736617629099,9.08105249999317,10.3927174277855,3.53362903340367,6.15275262321376,7.06734488914666,11.8630653076546,5.84009565399843,4.97215299307787,10.6500366390369,6.89180500322936,10.5787879069961,9.13173491517516,6.7379349088611,4.89396061194647,5.19027582820396
6.96431949207512,9.45437317478107,6.91821132700925,8.27525621046457,7.66305607113129,6.35488741731409,7.74295073438095,6.33874027760907,7.1825229576447,7.17651470475825,7.69944881815559,6.41390508886453,8.15896297003088,8.76759284551649,10.8871917171088,8.25184795201805,7.57870286077812,8.56160005350656,1e+20,6.97565796007185,7.47414639932992,5.39618348869973,7.76158914512442,10.5979083288116,7.34681259245193,7.52811253438968,7.05758505076148,7.07852494623173,6.80864711194661,7.41080697000201,7.64032142283103,8.22122887022085,7.41352953190372,7.01067682171952,8.38595682438664,8.85525998333677,7.79918260144704,7.85519196550207,6.97164667844787,7.38900437518897,6.95715859339215,8.80751964167644,6.44420151685424,8.2551686621402,7.13298620792852,8.08309714000828,8.60569325464516,7.7052661081055,7.79141299822084,7.78326808437569,7.28231793700443,7.20030313973852,7.15511627749266,7.577072575493,7.39083478265014,6.92589731049155,8.50470098350876,8.77158617885707,6.87982605091307,6.92065732409122,8.64616383495482,9.02381793923238,9.74969433010154,7.31019220144647,6.21531356585021,7.52100343174607,6.18417346092075,7.53279103514816,7.25536932018553,7.67667834643904,6.03279104992428,8.28725717993031,8.70555033697181,6.52410076415907,7.68854646409658,6.91935361144546,8.655923171656,7.65597940106419,9.05614643061468,5.73928577140059,6.31989626996095,8.98591348690237,7.7838008871482,5.73312864703522,8.15929198727631,6.51425892980427,8.1449126625019,8.02714269422355,6.968414608141,6.95047843183786,8.4576745519507,6.45468642893525,7.29970648362512,7.35576814613796,6.68040895557477,8.01646290007436,9.39908898530438,5.69954918713246,6.62953841644823,7.6632437656654
2.40563482265634,14.0751481597923,3.31275893884623,4.99753263555602,9.03443048676278,9.17105726090244,3.168313532328,4.86694591648413,10.0059769374684,9.0575356166533,4.95345185777358,4.2069149542005,12.5524727162184,10.2659304445902,6.38561726878006,9.65555667085442,9.88552718152735,9.69971047574706,6.97565796007185,1e+20,11.6557098247909,8.31562398072536,8.88666433918007,13.5739572426445,9.25847139359032,12.4243976931904,8.6608852408329,6.72626101323799,9.64944368941599,9.41724070553171,10.1192627801852,10.042966555322,9.33798120540567,9.08485998141667,8.84178271388885,12.659852787632,12.5032759761297,8.64023675732291,4.89397469391239,9.41876011804114,2.91949455177694,4.64653771415265,9.29529576565093,2.75844842123079,10.7601900671643,9.15852198904903,10.5764298246425,6.57531981286626,8.97217218781934,10.5925055134562,8.51086408461853,6.49237198022427,8.91656180690475,8.61723159478465,8.78443182644383,8.34050770752496,12.2976013896492,4.32346825664938,8.33993603457727,9.40181376368599,9.07814276022525,10.9257542666988,5.24448084526543,9.6734552700984,8.19663882402523,12.4326824273662,8.73561366524486,10.1786705668775,8.66501229800897,8.30765314764171,4.19125726213238,9.89924152541446,4.97442551606369,8.98838515761161,10.284962255655,9.5621542453187,9.65902859040979,9.78915772372233,9.00126121117993,3.39571231829851,9.26953354427488,13.8071999548165,9.03095057814562,7.08773106062605,2.88201801468201,2.98463458752791,11.9196998391096,9.71541841677467,9.20581040324711,10.5516414818181,4.07906897927924,9.0788895007176,7.94475279971153,7.92449221821273,5.84820322816278,3.20187356904356,12.8965113394516,6.29897014467734,8.79397749199346,10.0100041821117
10.9510564952748,7.05758931392781,10.5745577134408,12.3358597694445,9.9692673918334,7.78017298104145,12.2521917753174,10.5693613565714,7.97371814648698,9.75725477891726,11.6582275569547,10.2618834152054,6.26094454266586,10.6419019675008,14.2358387670203,10.9291564179795,9.37178647430909,10.5662092352478,7.47414639932992,11.6557098247909,1e+20,7.39302888129636,10.2642969232934,10.4564150124404,9.15508327329907,5.85715984982923,9.19860638233617,10.5192091238807,6.71623034589385,9.30767570205138,8.63126615672134,10.0790302433502,9.89790225838349,8.94131187332766,11.0213429844535,8.80963295946551,6.2253312236464,10.7109875891134,10.2452042272449,9.099998526533,11.4465915259344,11.0802500422811,8.10850927022734,12.1135918590186,6.42858050382605,10.14964786047,10.4789929304063,11.8654888213934,10.2571268824765,8.74279897518424,10.1856082847641,10.641343059293,10.1555000300589,7.4036390477931,9.87456952532917,9.51337017418867,8.82793505139738,11.9620783267386,9.48477940621477,8.66724470048433,11.1762038543319,10.7342333138433,13.4648681501544,8.66773938268816,7.71420738958544,5.57638658448274,7.72298896482446,7.75481890488833,9.77039583744022,10.9121887413034,9.82893992422636,9.81066478414351,10.9217748265153,7.98015540977232,8.5325353902913,8.33973616261243,11.0467569673993,9.06293917471837,11.6552319061457,10.0717345092924,7.7069531334383,6.66899737471371,10.5641939809003,9.34798328268987,12.1185805109502,11.2499562855639,10.1487095552941,9.97050442977781,8.40485156729719,8.08337900450413,12.4640397575904,7.56147412915603,10.3615278082994,7.8914800638623,10.7248326473867,11.4936761102355,9.48178682288951,8.8145599393697,8.17629813790755,8.8148188945468
8.23937956956784,10.0471827392384,7.98392353322434,9.98814616881399,4.60017801365125,3.72387917175348,9.13739511787991,6.3377029889227,3.7253666971021,5.11853720497257,7.78992777121999,6.70705237823778,9.30677027393678,5.96967248119377,12.2322420275505,6.30765335444684,4.60199265894396,5.78691983470638,5.39618348869973,8.31562398072536,7.39302888129636,1e+20,5.8202996842292,10.2693142643477,3.59159898548485,8.07371302357684,4.25626785365087,10.0202375891929,4.34374700303252,4.28510933383478,4.06316372992323,5.42033907131432,5.22303376419423,4.39259852708209,6.52673229837124,8.5930293889741,8.21603799376781,5.24672122911567,7.9098710674727,4.00751844670329,7.65107445181079,9.65732795104978,2.85526578287051,9.65182821548505,5.64122773228004,5.67472193801962,7.12211477699136,10.2267404291294,4.98775757882338,6.34010444224977,5.35623098036078,6.05263461381718,5.46928100664515,7.47488210764266,4.43602097762447,3.70031308724352,8.2903793203344,10.1557864448434,3.91921485736271,3.77433096350171,6.73722598905518,8.16424602960305,10.8730353130424,4.47370356787339,3.07201448544243,8.80284093719445,3.03489612901277,4.26925475301594,4.50386354908203,5.37761713715272,6.67549665390716,4.88030140325479,8.90516298289161,3.24438051917466,4.25309034084211,3.67370847085093,6.17955509416296,4.55615692391194,7.18355834401628,6.43463969211174,3.85655870218892,9.81460018449202,5.55101241506599,5.76745200169164,9.6101662182348,7.98630111952342,9.5538430604837,5.38024049970747,5.26268591079448,6.33176116436392,10.3332031773157,3.18546504413198,6.07987708403011,7.36042250308819,6.29418539128644,9.38736134577148,8.79419511332851,4.57064687053814,3.34605673853757,5.22834903399887
9.04495385683891,11.2070880623409,8.92780057645803,10.0640089747246,3.95903185491754,5.31488212262803,9.02811102862798,5.62292829880294,4.64595815218421,6.27720198190552,6.45040375401956,7.0071534447921,11.749178454208,5.15217074853755,12.5897300581455,6.22000826762274,4.48441633857603,4.56008205519723,7.76158914512442,8.88666433918007,10.2642969232934,5.8202996842292,1e+20,11.6783021709647,4.74322586768289,10.4956210749662,5.82572293480524,11.8493916633577,6.87358507084009,3.76884307724779,4.48229488455841,4.45353807038079,5.70477622734551,3.34106400690259,3.11910997633935,9.79676451691844,9.78162995799335,5.24517170343099,9.39776710542682,3.81727454580756,7.42435213408634,10.0649600525972,5.0815732452502,10.2888351221827,8.09371254304258,3.78267981801845,8.25385545254986,10.8057136820922,5.54762754452416,8.54815019086059,5.96963044257457,4.79490080377514,6.05756191995325,9.87199474291137,4.19621197697826,3.66467930668626,9.54382184865698,11.2159139230482,5.29536583093411,4.31389390608461,3.44092303319261,9.21203632781403,9.61331526680971,3.77839867782264,4.7541226305647,11.4150554548589,4.64602115684682,6.91135024021942,5.69342934625028,3.98765131109718,7.30127117468774,5.09944948895838,9.570858233219,4.71509032171028,5.67601761141325,4.59178449576336,3.7249148171971,3.4912056787784,4.23759865175805,7.3740984712984,7.06513391879411,11.64204249416,3.36850303959853,5.48025804826547,10.0292177677616,8.24524219916301,10.1832415731938,3.54624230706838,6.4044025614887,8.39822122751288,11.4345811094024,6.08504835711195,3.60588394014557,9.93143217241014,5.18070816142994,9.62010966962225,9.50626241820789,5.38382383245412,4.20743236950479,3.65057246087009
