1e+20,63.3134481345556,28.9463489730087,39.0075597055674,48.9719750838811,52.2272664230095,48.3738218022124,41.0719127354045,56.7203039291819,52.2983510358066,48.2061058589558,47.5876908967025,53.2073998428538,50.6099076437788,32.6540234571517,63.3709708963669,53.5705106921584,55.7326212686955,42.1659247979676,21.4933331945599,63.5749329180707,44.304218819461,48.0883737496835,79.723824477327,46.2236853944205,56.8829472263669,53.8359534368074,51.4628697871956,45.0787868897766,50.2582773799462,62.5355602473028,59.0956758156622,55.2392724699372,52.4432259829494,66.6141170815346,51.6844711012276,57.7883142013094,52.6062876216939,63.1700315743444,58.3719838313015,42.965212329905,57.2443990533239,46.4042876022103,26.1282319294411,40.1670968604559,50.4030666068758,68.9516000707936,64.635910808473,43.7314099999646,48.0655111727085,50.0025729393803,32.5586842956087,58.1110041045355,63.3295228027961,50.3101769236015,49.7723031086692,55.8948093048185,14.7701862823366,46.562128258967,51.9020395675499,71.2991097485484,63.4130205104101,64.3661857949786,59.8706255011769,46.5693422458427,51.9394869046172,43.7861691693397,54.0433703099681,48.1477304020467,65.5846314124855,23.6907433345686,47.4847285867315,40.3796496085338,57.4770660670923,48.8200599823278,60.5896451953094,66.2400824910353,55.0186781357053,59.5104187584628,23.2689277441993,44.9230998039743,73.3022021695544,67.2588282654829,49.3497191533631,27.2755785034552,37.7466351256676,66.6311667866007,57.0446528249241,48.3264030893762,37.0310728168177,33.8300089331915,41.8818775635048,53.7277007681986,41.5173866372193,42.6225541334723,39.9511897416685,60.8391595573241,32.1909589816897,46.246903730444,39.7530165629975
63.3134481345556,1e+20,63.1870469487878,77.3578144526009,62.986696397189,48.3673756943339,71.9129657702326,69.0850669091376,39.7604451435676,73.0253232780341,60.1292853294635,66.8782541818534,51.7067126913162,51.7801798749106,77.5067113306188,67.2957100045303,54.7792046607495,61.4208573285896,64.9025342883767,72.2605290680836,58.6724469673389,54.4569810287433,53.3990688898543,82.6705833797535,65.4348910624413,51.1478351852699,83.8920161719272,72.7387143026053,66.9920691402591,55.4351771678862,58.5823496151365,48.7076867890508,69.0315451163029,54.5530194616426,50.9982983870299,52.2344017876991,43.8653849306048,66.2425445231535,59.8560051734641,59.5080492095037,71.8327521722448,59.3689586912199,53.1545974341181,69.5741351331494,57.1390350868396,61.2617429429308,82.9419884189529,77.9721888810822,67.9400810110771,58.9952487458216,79.7760416245193,68.4179883820383,73.9723686434291,57.0794816171897,68.8055921817194,62.844709937664,46.2045981146885,66.8327269634514,73.0578427063196,52.6466329315696,54.0452999701654,80.7339398890414,69.7247018151856,43.2761308158016,45.5483340777633,58.7630590011395,48.9939873448302,72.6887574603426,75.4784772345294,58.1034138333682,61.6203767215254,61.9094819369476,59.1737201334792,47.3682574683115,53.1296967604912,50.1499033028332,52.9117409106505,50.2856212107518,58.8603699107552,63.3885127467169,69.6727340207827,44.2896960783131,56.5159279061553,72.566635849342,70.3275462137749,73.2639101717436,68.064721210242,59.2457380796142,68.6954030463166,75.4347520098865,69.8730960147261,39.8246073654807,60.2722717096625,59.1280913958261,70.1266856039875,64.8938035173357,63.8900390853914,66.7082626432792,51.263892870309,54.7984225143266
28.9463489730087,63.1870469487878,1e+20,59.8013295537662,48.2283233536517,27.8878741916978,46.68330337591,59.270855678263,42.8555947010745,61.6148609460693,18.2687951664176,30.3000271919261,60.9838133799558,51.2362051757537,47.6204353190038,71.0361921233808,44.1470187474378,55.2176908063943,56.2534167266877,42.8362509627646,56.5661433598702,29.1082471625897,55.3837141995153,82.797684721027,38.6294311921666,57.423752754085,66.5634512117734,52.3437683340054,32.7436367532095,33.6031291973648,45.8646593965231,58.4856686814349,61.2309613002946,31.4378545199724,59.6924948830771,45.5201865185015,40.3310735896713,62.1085955880014,43.9729198341085,39.553052699144,48.7736270860632,33.9820021377701,32.7947231401751,31.4241687649768,36.1193282839102,46.6159588241467,69.6542561442462,86.4411521597526,47.5070297440845,58.8384182595367,66.9370219448848,35.304775879637,66.3367462778433,61.8083809003745,49.4288300989669,37.4846148858207,55.613367132664,31.4630756166097,47.2111541471355,29.7526156474544,60.9754775070122,78.7015206711826,54.5731814843152,35.7555330582294,36.5634364516979,57.3706706647775,31.1355209222714,44.988652646881,51.1647566922354,65.6821591801942,37.4697147832853,41.9366516270369,46.6315473585361,32.480942225909,28.0150581532278,41.7352124989888,63.1266886949496,31.705525940831,70.7697659591093,52.1827890136574,49.2860623439685,63.2373131221016,63.4780953564219,55.8473008328604,37.585328946297,45.3975365261654,86.0100840462124,59.6670289593413,62.6670861423367,49.188063584833,55.7530169822449,38.1901196879073,60.5166732441681,46.007836675768,57.8855858008219,15.4966971109665,61.0141508419553,34.0035010187526,28.549070957721,40.2800619264023
39.0075597055674,77.3578144526009,59.8013295537662,1e+20,55.8688034649105,54.9711562125508,55.8861633294692,40.5770025023989,74.8253451490963,50.6312489703308,59.0182847991562,72.5947578794932,61.094255646554,58.7472585640201,47.3568067365521,63.9989677633336,62.9771558749609,66.5513745412771,35.5656235836541,41.9834608025104,70.3673474062838,69.9431213529093,66.5053357572839,69.9037320850422,55.3465225996071,52.9274899096515,59.1017913514373,55.2497923108253,67.7377913271918,68.4513988710497,72.2109710543727,73.5081608393275,57.1143038931848,65.6092160122613,67.5778441901837,64.3586337846898,64.2884288768803,54.9021969839158,65.2383072312554,66.7887260812092,50.6813649435282,85.6159820012569,60.9917815372948,59.7435014832852,62.9661776882886,62.2018074121262,63.9362210651057,53.9529977236652,43.0959952147279,41.8261850174493,50.7153724063198,42.9229357479473,57.4968935423971,75.608392630456,57.1430911065661,58.138588492609,75.3397587713048,54.4694539706546,55.0108291209947,67.6287865996382,74.0506716377257,49.6939822080353,69.4317486912409,74.3048918736635,65.6688908018874,42.7270783185363,66.7594169453556,60.0557170909463,56.5728046174821,67.1373424787503,45.5984477280632,50.4683844601556,55.9668140809015,64.1578177642339,73.6440560702007,63.9309447125813,65.107357114671,73.5725564860467,65.118955750792,40.0911198086523,56.3550974013257,56.9363034423444,70.8382329184332,55.8843629141927,59.7519642133792,59.2712743079568,58.5618884951382,64.0019524801678,50.7007865788986,50.3473997061777,52.4338743157788,65.4562296127261,65.5611628803796,66.9858039800432,50.1656739268382,75.2250046983525,61.347320734146,32.6369362079313,64.4982060076062,71.3902629848137
48.9719750838811,62.986696397189,48.2283233536517,55.8688034649105,1e+20,47.0163301270676,61.7367987666398,41.0523778839502,41.3412673903503,27.7574168613813,35.3476230473253,56.6828794221683,67.2075883853642,25.2267950738121,61.165421302973,40.9053629831079,11.1296892475944,25.5258047860295,36.5613576697733,58.678332820253,59.3547062883695,47.2587123862106,30.7715799334242,37.3612571022478,20.0617207678079,63.9940258457251,31.5090030751561,67.278394563366,42.3107781009711,28.3319088481132,23.4393004393401,34.9303912661793,25.131196327774,29.145318652817,40.6261005070382,25.5552157140854,31.8185726650063,25.0810161256939,64.0223940704589,21.3921584659401,48.9287823686658,43.7138518933068,49.6299744683755,48.0048720852302,51.5813302809715,20.2570523265934,33.9680778002689,74.4831928794746,30.6625586525172,29.2428812457874,34.8222580101158,29.1463440801188,26.3088141277114,74.1891160884828,20.0038720499974,26.0391635739772,26.3588499023147,45.5773966467081,22.525250175128,32.9371023662444,34.5119196748454,47.8548635016796,55.9746330501286,34.387900357684,45.514778481503,61.2069180877168,50.1238422670583,36.671809429258,23.7258788240324,28.5639615620259,47.1856518758992,12.8339413908992,44.5445095786093,39.2510834338607,25.5142315819814,33.0405488917134,47.3832426865567,25.3583025188005,32.6934128552075,64.7127486226627,31.4590944654573,41.849303626958,29.6083112103889,49.6991231344065,52.0805838095182,56.8906082555311,36.9591910617887,31.3981954145494,41.1565609185257,32.7286374857996,59.5903453478652,48.8343557761994,39.9275388143716,83.710295762246,50.2907894041456,49.8544415745785,21.2138410753009,38.0017419033777,46.1987191892267,14.6893252105182
52.2272664230095,48.3673756943339,27.8878741916978,54.9711562125508,47.0163301270676,1e+20,50.3121937653621,54.6697623503638,21.0258971653608,59.4837431000241,25.440565002328,38.9619500206325,55.8950752812278,49.9267765126856,55.1146370784394,59.9955055006697,40.8136558118618,57.5741844329952,57.0171987245545,61.7903733181498,57.9837509708237,28.313823900235,48.4388013977359,57.2858930236069,40.9610059676462,44.145112894552,68.4048223565065,69.8961477242628,39.7555403633244,31.0908751861732,36.5089687615571,44.8749849547219,62.5904302405676,26.5931888365883,40.0562599674595,33.7897548390469,36.0149365530351,63.7521946384372,51.2571607609632,37.0684879846438,49.553291584515,39.8977232554642,20.2115841974752,46.8525448003277,38.2837766853933,46.7124748422863,59.188399699889,72.7790870517028,42.2431195464675,39.4261722491785,66.2804416859919,46.5086149467424,64.4569630292643,75.2391948814552,53.0992456473105,34.3347975017477,46.6259938632563,50.9472732367817,46.4231583568303,20.7763717127487,54.5069134047061,50.5490758074375,50.5332531615092,22.0532567530586,17.1919076018353,49.6114724535204,18.3723940164106,44.8181719455046,57.5347455946256,51.1534629915943,54.4684738193439,37.3955999438861,67.7360724551013,11.3173314559356,32.0089348265725,24.8822303325648,40.6778330196457,28.5656016323918,73.9449786787919,70.0166273300248,54.8369949126913,45.5183449618601,50.8376056587076,52.5064326624581,46.8924395558049,51.3511053212358,62.4834976729933,47.1666779300894,54.3170723487013,52.0909457582257,77.5814421582836,21.5870163427024,50.93936876095,66.1111284522702,63.5403564448272,31.5374360431019,38.6828181717312,35.7601998098869,13.3714151268274,46.0899390902767
48.3738218022124,71.9129657702326,46.68330337591,55.8861633294692,61.7367987666398,50.3121937653621,1e+20,39.0847383264463,61.0916564152976,47.0314593239901,53.1810639657811,51.0171006126828,61.3389397170368,63.1478483633697,20.8596018293265,49.8509032292656,67.8203946012121,50.6591803501371,54.1673518583029,44.3036900500612,54.2843097567344,43.8693666120494,39.6221003736654,84.094658119724,45.9879547462901,52.1825508144997,59.177986621218,68.6894207954544,56.0128449512019,58.0610655583335,63.3658663496457,39.2529718664689,46.2887848976148,53.5740303789434,40.8322290612747,64.8835096488872,50.8681982983764,50.0567341123996,54.0173441493157,60.1422594211442,21.8753454465256,61.3667314555863,54.4622916588545,38.2252718460509,43.04912014534,53.0065901507244,48.2167116726494,56.4510214187423,52.0830668217543,66.4065863055318,57.1976390212584,53.0290752984379,45.8096349801578,59.5588129111752,44.8698840737159,50.5004156051639,73.4414413080136,51.9717028196551,44.5818546200595,53.5185027776976,46.0501525519353,40.5641688629803,30.7596910385167,64.3318781115921,60.0466534279132,56.2294524268487,54.9157167833105,57.0013695917489,47.9476217022242,41.4614567430876,47.5259251320761,56.5004571801499,53.8681227216936,57.1828661832768,59.3077159790176,60.1360397756099,40.9711092506151,55.5165090216134,58.8840113615026,56.6051343412697,56.8246869600024,69.0556234870607,39.2611567982206,44.3556301734615,34.2752153359014,19.7578462835855,72.5694246519051,36.8534518181017,69.6172784315714,51.7521470655828,54.5538161978534,53.6195199659953,33.0371504641307,60.2200490905925,33.2698439373857,51.7723104766799,71.0309871068448,39.9462901378082,47.0472772900837,54.661332516907
41.0719127354045,69.0850669091376,59.270855678263,40.5770025023989,41.0523778839502,54.6697623503638,39.0847383264463,1e+20,68.1486574838043,14.8975057354621,58.8250661338243,69.6320286531527,63.1528763032432,45.7223306644948,38.4189120861381,32.2933546113098,50.4832496100224,45.3010524224541,38.9383155277575,25.9867311677807,50.6926799224114,55.4461601766626,40.7157697883125,73.6144662790526,45.7208127320498,51.2781699482482,35.8863074280659,63.6460466631905,43.1462848304713,60.9573911725087,55.0417998322761,44.9450582920561,21.0954507417522,60.6863911071232,45.9868600608823,59.2719468719224,57.0996489473168,20.2808522072155,63.1458453488443,54.1527019755305,26.7498036528216,83.039101043759,67.5380486816811,49.2885814913437,56.1517977091375,49.9473367575826,33.0928779152685,67.9902093128351,28.4272673796451,34.9265910089102,23.5042408348398,44.848009864746,18.219912356583,69.6150776735284,34.2524621576968,51.7226842025675,66.636109604768,57.0338577096964,38.7267413853833,63.1149719892369,38.4434646512016,23.2438499641708,47.3009468190024,70.6554536490492,64.4901978323349,34.525699619444,62.042291823527,52.1672429837349,34.9578892061539,30.0267296649599,40.9590142338715,39.3153758264739,59.0078808715207,60.5626243286598,66.0060212042851,44.0534575768999,41.8024901848269,64.4558262097476,32.5262646646976,39.6936390571415,40.8004413299561,64.5689126754201,35.1865297080447,42.6879138362032,47.5138255652614,33.4976462519692,41.7828036243132,34.2193841245264,47.4122629027005,47.7334134204707,39.1455681149768,55.5499686046879,31.871775273011,58.5842779485474,33.7352681469687,74.1378788549432,47.8162920522841,32.6565127382582,57.9475010503969,67.4467434170937
56.7203039291819,39.7604451435676,42.8555947010745,74.8253451490963,41.3412673903503,21.0258971653608,61.0916564152976,68.1486574838043,1e+20,65.7039729804685,28.8781131422142,53.9503407961261,49.704782557301,46.739902242022,66.6436849677328,51.415981781196,35.5463462610713,61.4661825272578,69.5628228847808,64.8603741009921,62.2704343436342,39.7436949448922,39.2195631476764,48.2509450062847,43.6198948828681,46.6179363697054,72.5207300225195,82.8150962098475,42.4868568766229,33.2366511427634,28.4241899888453,42.3350573852963,66.258545696241,23.7809758943507,39.3921787887968,34.2022592172843,35.7277737752632,68.7081027814338,59.8925028902785,28.1277612967467,63.0916828672243,37.6204286655518,34.5397324316562,54.4665135682412,48.3385793287693,51.4831562012935,54.1867136289672,70.6645771122591,50.8207907838302,58.5924086397301,73.1339374206689,48.3470530460107,68.4890044072275,72.8713807065791,57.5673144337767,34.6089954121843,33.0083009879301,53.1564123895178,48.4918031916056,20.966009209216,55.7133740243792,49.1721148422351,43.3190520933991,10.3404704697763,21.7001779948303,69.2956014454052,28.8340485884772,52.273091089718,59.995786513423,51.8634666214459,65.5743192601886,46.3895520670983,60.2603282128253,14.8741631682307,27.0588640484484,22.567549428828,45.855099796367,25.4244110001831,70.4194621487907,73.9773965745751,65.3283366430186,39.4033538710583,47.2457562407856,54.8150687242527,57.1676310732402,61.7618283517481,61.3201056079596,47.838800165082,71.9931063684085,55.846783837474,70.9783309158221,22.1850199676983,51.9097209700243,73.6095217177893,64.5754506127598,45.1061229385747,36.4515173420218,47.7265282825909,32.8211617434373,38.514593027793
52.2983510358066,73.0253232780341,61.6148609460693,50.6312489703308,27.7574168613813,59.4837431000241,47.0314593239901,14.8975057354621,65.7039729804685,1e+20,50.1126243102045,69.7848274978137,69.4193558276063,38.3307214552263,46.4101726765976,26.7177154888171,39.3489546689514,33.9201787582489,41.8747548376529,41.003561608045,55.8255986815612,56.5876216464869,34.4204137945226,45.7368133207576,28.9433333057537,60.8575845351875,24.5774455684557,67.3386263117711,49.2220381570372,42.5327015712433,45.4591651039692,36.3612249585487,9.2629312909085,49.1615688212765,40.9784870125341,40.4609291299655,45.552992685025,11.6851913145181,76.0177785232084,43.6755790967806,31.2682939694744,76.5941725137335,64.8174368051706,55.7602726502135,56.2174988051191,35.8032987056307,12.69177155641,64.2642709207768,24.3322769952375,31.6459485129915,11.069658821123,30.8510265723135,5.54300872813581,80.0045621467573,21.5014750072252,40.5156755648646,47.9312617802641,68.2366439946855,25.2778693293834,54.0175132121179,33.4712231901294,20.8217828476901,45.7589038732319,60.3885075303514,66.6224079766545,49.3406238589775,65.1594160019317,44.1106974097521,18.3965866441959,21.4254742540629,49.0666118724851,28.9498962990239,61.2422068383865,62.3241240038406,50.5310694798275,51.6548625647655,38.4079135396133,48.129139724194,25.6685822186715,57.3435545687759,37.9414143172669,61.8774972438036,25.7858612078454,43.8228827442085,53.7945488594164,44.7592213078353,22.9427937116259,24.0448297732231,44.5236211995746,38.400427048148,54.8772575302916,63.2295983106046,28.5714872712233,77.812418878358,30.6903869887667,73.4379256720454,31.3951568889934,36.6064997730819,59.3093135113675,51.9622902069146
48.2061058589558,60.1292853294635,18.2687951664176,59.0182847991562,35.3476230473253,25.440565002328,53.1810639657811,58.8250661338243,28.8781131422142,50.1126243102045,1e+20,38.9562535928591,60.868148043411,38.3830870376779,62.4960714006428,51.9201121957122,32.4971381227598,43.2651197492717,63.3445097789465,59.9651587050878,55.1475536721305,28.0243790747252,45.3152743365441,48.3959761004542,25.1395193803725,53.9594117956495,48.7191016031582,62.816918185793,34.0248608862215,19.6509452370614,27.9084612192858,46.0086718670578,48.5501134155114,14.8761367542019,42.1385670548685,32.9477807372315,26.9444256071881,53.3070191677707,56.2142323848125,23.3217782225499,56.4048566786782,32.6918275583128,30.7023916716198,46.7865953551734,35.6979438519896,34.4932518760922,43.0272603310571,63.9743640208412,38.5380773450065,49.9962393189339,54.6082484863332,26.5649299533341,51.0137154110363,71.7437929330317,36.6935013762555,20.8780919854253,44.8495825241655,48.8809538516367,31.6999258521894,11.4292025310605,46.0602267730293,47.6716105936775,46.1977280271494,20.7801728315471,34.7131155498637,66.7224869469445,37.026515260521,31.4894958648063,38.1622841839749,49.8418250109206,51.0061167780299,29.3870730075437,55.3244760155188,19.4485287048494,13.3613917614411,38.9646821406115,44.8111650324011,15.7571290300654,59.98486141292,69.5661984373107,45.957635380891,49.3084346532733,47.6903500744229,58.4394260339787,51.8211673050896,57.8645763219501,64.3126837208626,46.0743263078979,49.8949443709719,35.9242187778718,67.9841246110924,42.9304054058196,51.3195710923721,68.0123689910136,58.6800339444968,25.1481665264547,45.5062031907759,34.9863313955754,28.9792185799949,36.3725365580771
47.5876908967025,66.8782541818534,30.3000271919261,72.5947578794932,56.6828794221683,38.9619500206325,51.0171006126828,69.6320286531527,53.9503407961261,69.7848274978137,38.9562535928591,1e+20,76.1864947513983,69.6871399311852,51.3085420053369,77.9967177365522,54.0212427510086,54.6212482974341,53.8756748414942,70.4192705976171,64.7959261580951,18.4330467180761,63.0000074686726,93.5296029448028,40.8878144230707,42.2662756329815,51.2051952552431,48.9494078879002,39.7538259890081,35.6456859185461,41.0275144354098,49.1324094579808,67.6033667409788,33.9949520315704,64.1627433118045,57.4425299671565,32.7826308641454,70.8730610167129,40.0994717966034,37.0058792665419,43.9569125819203,49.972173125214,19.0915361471789,50.2736768380723,22.5244511780061,46.0050005104759,75.0490037035407,79.2464905418107,65.7158550388602,54.4631803422204,68.4404481985543,58.1568546377706,72.4556295330187,75.9237469005203,51.4917781165995,34.0585938994105,70.7410697164778,46.0014952410157,44.2596847934061,32.4652708574176,56.5545892557036,81.4587108150796,51.7971761754862,46.2983610438842,36.2087408344477,58.9890483693477,27.4666352004602,24.6259483310412,50.1779661011392,58.8796881748988,34.9732048722596,54.9909924408939,53.021583190996,43.6036050559601,46.0070606172859,43.7552722258602,61.7263080245714,36.20382296679,76.0304747380804,57.2861018034633,30.3643105961557,72.9081482399873,56.0937594879806,64.4902639011722,45.2882733166809,41.9598795556334,83.4581913324081,49.8559308072517,41.4333195781132,40.5337536082683,66.8198436954649,39.264540371186,55.6172514284242,57.211513503293,72.2059361935839,19.8631293130353,72.9301207894572,45.4918815340336,25.7894929806598,57.214917375568
53.2073998428538,51.7067126913162,60.9838133799558,61.094255646554,67.2075883853642,55.8950752812278,61.3389397170368,63.1528763032432,49.704782557301,69.4193558276063,60.868148043411,76.1864947513983,1e+20,65.0107171442994,77.0814769724646,74.7214606768428,62.7934410142649,79.4970422878372,46.0161771063022,60.9512471184157,41.7247312093701,59.8500050836497,67.3514632378749,88.860805522015,69.4237088162765,44.5769926496304,78.1197145206901,49.0025610162992,57.7945800835919,70.5596993378112,66.1849227112272,75.9107944665127,71.7805091062752,61.280710675453,69.0824963048358,62.1083402908832,57.7018262354308,71.9796257018573,65.9989812541238,67.2252479621523,74.4012346070291,76.3482432464566,56.4440913242918,71.1263457136997,51.0495110386432,78.6073039297036,75.0136124464574,50.2148115793773,68.1198424934977,59.2164320331254,73.6910127063421,61.3103088332228,70.46837734606,47.7248531688045,73.5666180101925,66.4243834142795,60.7708540884872,69.4117376437106,70.7146833295419,59.0075062003288,77.6030137093223,67.721198783438,72.0076551950724,56.856715432339,48.7785176959939,38.7242034121179,54.361413199686,71.5695706766837,75.3062844661227,74.4616352507292,67.4502542668635,66.8446353595648,72.9505241313738,54.0627476315272,63.1159418613316,51.8359149550693,74.6958120575433,64.2565542796164,76.3086483206672,68.5016508117742,70.4635027759351,45.3390793272486,73.7462180716605,49.6246391581108,76.1709931840532,71.97034516608,62.6711612836769,76.1938983360748,66.4495629602278,65.7346699032944,67.3392891218499,46.4237980757821,77.6286362701002,61.0706021631132,58.7758838652318,71.8190653303907,55.6094708190613,62.4942388581957,55.9769504231033,63.5463174725457
50.6099076437788,51.7801798749106,51.2362051757537,58.7472585640201,25.2267950738121,49.9267765126856,63.1478483633697,45.7223306644948,46.739902242022,38.3307214552263,38.3830870376779,69.6871399311852,65.0107171442994,1e+20,62.4929501580239,32.4435745785357,25.4002927107833,20.9623524110501,45.5556105922354,59.2246795632644,67.8847348985443,57.0272880179779,34.4210640226827,53.0443096969547,35.1511420835173,68.8694906178383,41.9101274011825,71.1023246168244,55.4461402358757,44.0745540762968,46.5430894901072,35.3119246332509,33.5759364762588,40.7468440791017,30.8411202196113,41.7692455478389,51.4297610780126,28.8632916970455,84.7569715143125,43.0408703916741,57.5704397689243,58.2959221365643,49.9843027159583,50.2886531133182,59.2492537745358,29.2551183748446,47.2142974912482,70.9179617946276,26.7474868168485,37.515542492294,40.1769947061943,35.3278354968289,38.0757960876496,86.8298202671214,30.2827649854526,39.691144215233,36.3962158527051,55.8459655569302,34.4460334455414,42.5513139264158,33.5509036064165,53.1467493596343,58.2854065668561,40.1265399635992,50.380794153962,74.5213616056526,51.9382431156892,50.9777082583828,36.4029943111001,43.961195876146,57.2139946637426,18.4695179160691,37.4329898481559,42.9922757229999,41.6094043647377,46.0106516194251,31.6596613451435,41.2657337493632,18.9077795777698,68.2050903073283,51.0904313150055,50.9431320998648,44.9492152327253,41.3692191269585,54.4289662297601,62.4771937513942,55.0939019105831,43.6961065604493,47.8502119770505,49.0098139781056,62.2987844576196,54.1856699498998,46.9643849655963,92.3281191416611,52.7557229779365,61.0555870080865,27.6545760855667,40.6904801647804,50.6992006442645,30.1617056977291
32.6540234571517,77.5067113306188,47.6204353190038,47.3568067365521,61.165421302973,55.1146370784394,20.8596018293265,38.4189120861381,66.6436849677328,46.4101726765976,62.4960714006428,51.3085420053369,77.0814769724646,62.4929501580239,1e+20,54.5167012013659,69.0445234269067,52.4485829029277,52.1548773003958,35.985738240925,72.1659813388035,46.2438950561526,32.8310684313233,78.4536276798079,45.4418983334509,52.0980137178788,56.2055505128913,72.9497440192316,61.2218823700308,60.6463041126833,70.6888479839785,36.1810208004824,46.6139193750196,60.9945981955121,48.3959930993974,67.4888431397324,58.872457336599,47.4075330162816,60.0795189517116,68.5553095046127,22.0650010780072,68.7744204277459,58.0277733833523,21.1731747173942,43.7603410420287,50.809904987811,55.279473653755,58.4882421012863,42.8354403770376,66.2381504867073,49.5502642510841,46.2437355604645,50.8160440764668,78.8167487527167,45.4678589741292,52.3001574084373,74.6966031347039,34.411029162368,42.6065098402561,60.711910601845,61.3343690424775,44.3032283339235,47.4895840766916,70.4778062883911,63.1681944630552,60.226250942019,55.5062148851992,56.9012598267623,44.6407608702212,48.0114513992039,34.2548089769532,56.1891984165846,44.3250048768281,62.8283303737836,67.4293480086653,66.3999235104345,44.3205679450842,63.4519520821938,56.1343839559633,40.4541193653273,51.6012932757878,75.107343538115,47.2658153604921,49.1485260816695,16.2027555627437,21.3848185749474,73.0161031091144,32.1823486813274,69.4847923650188,49.1566093597324,43.9506627817582,56.9928792973435,32.7231470033909,58.327350502305,45.1125028288469,51.6876773063968,71.2385726653772,36.4040838260059,51.2065125711182,56.9209873425266
63.3709708963669,67.2957100045303,71.0361921233808,63.9989677633336,40.9053629831079,59.9955055006697,49.8509032292656,32.2933546113098,51.415981781196,26.7177154888171,51.9201121957122,77.9967177365522,74.7214606768428,32.4435745785357,54.5167012013659,1e+20,47.0373791203897,28.1687223124887,58.3222134581206,54.4097849071462,71.6057187424451,63.6788822476117,26.9755459285289,57.1311467166913,38.0574256914727,57.7999509492991,43.2635748607979,83.0183139603252,60.7923789835589,50.9594250864741,53.8047341660237,28.9957340344548,26.0822189153838,46.4081275142267,24.846295722768,47.3653639328835,50.4729169525163,24.9718475822992,90.365369476281,47.6622358432427,43.4643030092519,72.1251435768363,65.503923758855,64.4939178965469,64.7103156339632,38.4143714197544,19.4933230892701,63.2784520528949,31.7153451063078,56.4586003571963,34.4355266145584,41.7742663722398,26.5511579167712,96.6756415753703,29.745735314978,41.6574934611629,46.2427825866761,71.1298431072271,31.0732416282227,50.6781216571881,27.7662559280638,26.3661855149882,33.8065533693998,52.6006921709634,69.4868811852087,71.2841502640635,73.2232945563446,47.5590746634611,32.6182424813717,32.0853211364552,58.3441380105822,41.5925480340282,49.1921864037681,52.394680257586,56.5774467395477,59.7115333172052,28.3904034779599,49.854571483488,25.8386089678925,77.8515684512987,57.5877999138109,62.3145748907906,29.7975802101659,35.5068754006083,60.1317449865072,43.7108188014478,40.1553630710315,30.3085157977284,70.4387567624026,43.6434957395917,67.0803685645152,68.5417846559351,24.6350603517172,87.8125677733687,28.9276826760082,84.7558609401849,38.433165088144,35.2650965510984,68.2350558000153,46.4399862465744
53.5705106921584,54.7792046607495,44.1470187474378,62.9771558749609,11.1296892475944,40.8136558118618,67.8203946012121,50.4832496100224,35.5463462610713,39.3489546689514,32.4971381227598,54.0212427510086,62.7934410142649,25.4002927107833,69.0445234269067,47.0373791203897,1e+20,32.6931177323394,40.8663004974872,64.5625458631642,59.2929924605214,45.4236158547058,34.2083561878842,46.397233555348,28.4092106900421,64.7481177371001,44.3890618269841,63.4168546853479,42.1913099689571,25.7924732934713,23.276704386795,37.9802826319326,34.1864963446098,26.7314360067108,37.4877226223521,33.5810566057781,33.8200692180013,33.7222914633495,65.0690044802099,20.6182092932108,58.9248787566141,39.3095637288868,41.9867136543602,53.1941566830683,49.3522208924807,25.6177341674862,46.6624425992326,78.0965665728339,34.4958597808677,31.4404836697031,43.1912404848302,38.1213478803886,38.8456345176656,73.4402735719226,29.7506786763274,25.1578267719552,29.4043800602099,49.9783984367004,33.9987720483004,30.106850263489,34.1799714897211,58.4420490096301,56.2621446961782,29.4189980123901,37.4945004924974,65.2782744006024,42.4135240650351,36.2964210277923,36.063758893644,32.4897777431039,53.8868468655624,15.4160164854523,46.994309939099,33.2886031492381,23.0693668893627,28.2716945621803,44.9708532240101,22.9600038944885,39.5005526621693,71.1171806811816,37.0166480138334,34.6448616077014,32.3595017750269,51.9370037179649,57.6688256117088,65.0055134926787,46.494277085478,36.8826509516793,35.8108560422591,44.1256506005713,63.2776621845799,41.12788795513,45.4436788804195,81.8645049928004,59.9105504351864,43.5447516065274,23.9303503845002,42.7974759893806,39.7485238916692,16.4929831216742
55.7326212686955,61.4208573285896,55.2176908063943,66.5513745412771,25.5258047860295,57.5741844329952,50.6591803501371,45.3010524224541,61.4661825272578,33.9201787582489,43.2651197492717,54.6212482974341,79.4970422878372,20.9623524110501,52.4485829029277,28.1687223124887,32.6931177323394,1e+20,49.5747839385424,60.4650742280587,62.5876369424231,44.8917658805032,30.8858014944214,61.7970454050428,20.9161672603127,63.1729127943333,35.8412823983739,79.5596804182252,56.330135306836,35.1296004982196,46.4961100324383,21.7169350225677,24.5277221674004,38.7155295964593,33.7342879452928,37.5387058430715,36.8168699966752,23.4652913013041,73.9613068091963,40.2433711132161,45.1296639624904,58.665406272771,57.2487287856088,50.1853302579657,46.9629747926598,13.5886627845426,36.2027114342276,82.7167813314838,30.0843262945845,43.1445608071221,40.3757757851199,34.2790102286066,32.3078026701783,81.7643458872071,11.5561051024437,29.2181185566561,40.699269667522,59.3618318521348,18.0086472272297,43.7531432582807,26.7914687647219,60.3294811540497,57.7705814841464,52.0586924887337,65.9820914348541,72.7819193677784,66.0547341299357,35.3212560278608,19.736150145014,35.7857550680196,48.4663179541928,21.1073890797104,35.4144647772225,52.7179967254963,40.0835308798272,57.1726922975051,32.6765364214756,36.5378957140782,24.0584826963043,66.6424024056381,37.8180498972333,60.0527896821275,34.2290908744095,53.8989386435537,50.1956536353916,49.3991791206218,55.2403968981661,25.6831564621797,53.2876150811473,38.251036774365,60.4169323831354,70.8622891317255,29.4216200829655,83.1972214336117,47.2409711433436,58.2850921720431,41.5824368605115,34.588512654322,56.628836605417,32.0260036911742
42.1659247979676,64.9025342883767,56.2534167266877,35.5656235836541,36.5613576697733,57.0171987245545,54.1673518583029,38.9383155277575,69.5628228847808,41.8747548376529,63.3445097789465,53.8756748414942,46.0161771063022,45.5556105922354,52.1548773003958,58.3222134581206,40.8663004974872,49.5747839385424,1e+20,43.1707888069302,52.6314167354821,53.1220189419067,55.7358808456113,69.6987666481518,47.7252233502922,59.1729427057388,45.1165773057776,38.314354749422,62.4927013435338,58.1605719896001,50.1440313752693,57.9402689560366,45.3317935979316,52.0472584005565,62.6606273861034,51.3912706820469,47.6701775729723,42.5294240271389,44.5325678102759,45.3972105511181,43.0104956084375,80.885396156518,54.3251811229718,53.3908575693934,54.3036914346352,50.5391950406959,58.5398595765014,53.8138660192844,54.1170446534857,28.4424882567433,45.9927746108541,54.8193066619746,44.4549305780406,56.702924972861,43.5474524618462,45.38166666741,54.3760836659035,58.2123664412659,40.2949656358627,57.0278232489077,52.3024810102025,55.0557164558841,56.6601585179213,63.1789854229936,60.3764902107379,35.7939501107351,53.600292602537,53.104817788236,44.6091619924436,46.8240141851078,40.9026772089847,40.6972349444583,46.3736024989418,58.7157729368563,72.2335715386529,40.1610369199395,66.0403567260928,55.9341710566122,45.4117898353815,44.4179048402354,37.8515162954793,52.0344157627131,49.5365744173036,48.0229080172982,52.3585782815388,49.345982443917,38.7735998206153,53.3226435090594,44.5318429129637,45.1742076999992,38.2224683486688,55.607596538327,61.7860006100387,65.3689719922371,52.1736864531878,55.9606357284657,46.5860781701543,46.3407538474662,52.15422117578,55.2221599680782
21.4933331945599,72.2605290680836,42.8362509627646,41.9834608025104,58.678332820253,61.7903733181498,44.3036900500612,25.9867311677807,64.8603741009921,41.003561608045,59.9651587050878,70.4192705976171,60.9512471184157,59.2246795632644,35.985738240925,54.4097849071462,64.5625458631642,60.4650742280587,43.1707888069302,1e+20,56.961754290037,66.1338926846544,48.0393115621562,82.068346836265,58.5301870437867,68.3099857880812,59.667719565246,61.9775737433738,55.4373895679481,69.4350163725852,73.9548937121112,59.6250950062654,43.6563189886737,65.8857130242325,65.317773456461,59.2561191946321,62.8239302256856,39.1886483455028,58.8704516691005,70.1177352832212,40.7598820905922,56.8257032608446,73.6231358706908,35.075565659544,60.8292358830282,63.8416022502125,56.5208399558425,66.8841694055348,45.6938270725624,47.8822758355285,44.6069107734489,44.9670233625337,46.6869015745546,55.1965921935318,51.9054062152951,62.206465888219,60.889649691196,34.0773085116346,55.5898983330557,66.4754306451309,61.9541004472703,47.738133344891,56.6518918053186,72.0741421372262,68.5815793098875,52.1120712706615,67.6615845346964,71.4425977158239,54.0652218466035,55.3710693481323,36.6788483432506,57.8646930276591,46.5859547057611,65.4431588947836,60.8655641878705,64.8260329269768,65.6413565207299,68.2481038973011,50.6621980087808,27.000404380324,59.2394658597487,76.9464876107197,58.6353540886614,42.834147558742,35.9064241720508,38.3300793993027,53.3399129183114,55.2650702690524,56.6761564324054,54.5405240028614,26.446331447127,62.6187815830274,54.8456648282485,45.0559717094069,32.7633702316162,58.4292186236682,62.4159825026868,34.4123620493358,67.7249685090095,48.6047984422644
63.5749329180707,58.6724469673389,56.5661433598702,70.3673474062838,59.3547062883695,57.9837509708237,54.2843097567344,50.6926799224114,62.2704343436342,55.8255986815612,55.1475536721305,64.7959261580951,41.7247312093701,67.8847348985443,72.1659813388035,71.6057187424451,59.2929924605214,62.5876369424231,52.6314167354821,56.961754290037,1e+20,49.3549569513592,64.8578517268404,75.205156873883,53.6384143334781,41.6109627464327,57.8737850347134,67.9965016801388,45.5981270564535,61.9578455361568,52.6669313385855,65.7490286130103,54.2403087562918,56.7217670795471,67.0611572016334,58.4301929108427,39.4823350056066,59.7580062978312,43.3111462249251,54.5449938689778,51.633383289114,55.7694920691666,62.8546371377086,64.8919462222446,50.7757030327771,63.9682682550535,61.461290352752,83.7987721925763,62.1570645183526,51.6283864983635,63.9374160690251,66.027915858087,55.7252710676033,20.3926043359059,51.9226819169747,54.3252428565225,64.5714398314308,69.4507383577279,53.0736947558317,55.2799422725038,64.1020548003698,62.5128387694233,68.6544786053606,67.3067210558707,59.9855404058797,40.079229175049,60.7311063134031,53.4601616835789,52.049567758723,61.0617140038928,51.846341455799,56.9558366704546,67.074156024408,58.3903271403513,55.300517150939,53.9977964660423,67.5524933506025,59.687496562953,72.6763300519144,52.7038543501129,45.5731909714164,40.6186024023591,57.6697409245401,52.2590197690363,67.0097090607715,57.8687196920977,57.7070648597294,57.8297285793714,56.4186243616567,51.9660484541082,55.2963293955385,58.0417564094716,63.5252976161771,32.4398885742294,56.2430323636899,63.2691423040902,60.293654705971,44.0803800151649,52.9234166039332,60.3335001254795
44.304218819461,54.4569810287433,29.1082471625897,69.9431213529093,47.2587123862106,28.313823900235,43.8693666120494,55.4461601766626,39.7436949448922,56.5876216464869,28.0243790747252,18.4330467180761,59.8500050836497,57.0272880179779,46.2438950561526,63.6788822476117,45.4236158547058,44.8917658805032,53.1220189419067,66.1338926846544,49.3549569513592,1e+20,47.8277134391724,79.6492009766214,26.4010331854351,33.5940957221771,52.2159387081115,56.8846561449275,36.0728307674655,22.2905780443063,32.5861505378906,37.84175653161,55.1696649694251,22.3025505791157,51.7392204836921,39.6029596247582,21.6605583931093,58.6361523480274,42.1381262274111,29.756861614385,42.1532592155343,51.5583951477071,21.6785166263385,45.1891743390866,11.2919456975013,32.3549773212915,61.1720807521794,76.5974525885167,48.6582423781623,42.3655014803105,60.7899638402218,43.7033972390822,59.9031793903017,68.3387210865585,40.4941024361988,21.5759574414869,53.5253904643798,43.7012849776348,33.112392689971,20.7487053428072,50.3409524217134,67.5699204380843,55.3170465916378,32.689719917549,32.006284673034,50.6178668883023,29.8847331920583,26.2677055361438,38.8919974548012,50.6133898478393,35.3732337249697,41.8224247874909,54.9049279607156,27.4949566082809,35.0271180299445,33.9212229478737,48.2268932718332,25.5851542689587,65.8797182153417,53.9647419592637,29.0004077792304,61.5017352369704,47.7565954318031,59.0691661753718,40.5001979847968,41.8296303199641,68.1694410787278,39.5783533199696,45.6637666956869,36.7896037698865,65.1661847601024,35.5525110626477,41.7520450879118,53.9986020267546,64.8587295863164,21.1662003587363,55.3024079958685,39.3803818647026,24.1202256052066,53.2414530780629
48.0883737496835,53.3990688898543,55.3837141995153,66.5053357572839,30.7715799334242,48.4388013977359,39.6221003736654,40.7157697883125,39.2195631476764,34.4204137945226,45.3152743365441,63.0000074686726,67.3514632378749,34.4210640226827,32.8310684313233,26.9755459285289,34.2083561878842,30.8858014944214,55.7358808456113,48.0393115621562,64.8578517268404,47.8277134391724,1e+20,60.0263263864366,28.2917788482452,50.51340405192,48.8213115855397,80.6759854480017,57.060903498333,32.4930946685816,45.7949674223436,16.5647255281638,28.0975536978691,33.2034723519733,25.385664628019,36.9489729974981,36.4280403836913,30.0469164231601,74.6434035562786,42.9722165954939,41.1607969131647,55.5151954689605,52.1008401102933,36.5076518155788,50.9957898998447,27.8109157853634,29.7378345223668,71.3843722053058,23.1536409965565,61.637081755496,40.7086562708345,35.8524644828162,33.6461597009953,78.6478764581507,25.8136583725571,33.2971349562062,31.7284404325664,44.3701388699633,29.4577349617835,37.7983270530945,40.3767018270378,40.5998669575226,43.5536622346701,39.3519093435383,55.2846270279488,68.3919119031123,55.6709142754358,48.8807816140664,32.7226470365442,29.8969752174974,46.9586091902821,30.0720025308826,34.2542849598696,42.3289950586322,39.5995465947917,51.4599147969064,28.1976026567843,30.4473840936016,37.0322881287268,61.6062633228411,52.2402030001728,49.0540414336198,26.5080521620033,45.2456465793002,31.2370827499772,31.7667761849475,49.114143078348,17.4091442597334,69.3060946395579,47.1168446633134,50.9987638667374,51.8774127881604,16.9305291657131,68.9526351441398,42.509347085227,59.2888221598157,35.6610854328504,38.2391263110862,48.4833557587744,30.3858599583759
