1e+20,35.4173578718154,9.0310988538263,17.8296450173662,33.1455973347954,20.3547751884077,9.21604053480848,16.8113090906848,17.5423271796666,34.8025994675482,20.0761955632438,9.89732261165449,30.908405758495,33.5395391257096,16.2794666637021,51.4777280610667,37.9223966561884,30.695425809939,15.2946530194624,14.4049406813886,33.346544383917,14.2240935173346,34.2613108487436,29.2450983904869,20.9874815918425,21.5423990087366,23.6546062966301,27.3043953760941,22.2380850691157,21.0528884357912,29.1570556592577,33.5841295003998,47.0238943477808,30.5546311590086,34.1625291281518,29.451601817116,26.0720363584829,29.2278603907973,17.7204260844889,30.544198153793,8.63689959939696,16.7917581887064,20.5167562502961,9.96829008972183,13.4457012333195,23.7631218862729,40.176457902235,23.6249223439945,29.1553701718921,15.9011446278087,28.9489077366037,25.2698517783716,44.9403546558537,27.9257196836863,24.5607222159911,25.2609228626778,35.0771594758864,9.20942095197059,19.026907485643,22.7637705181886,42.1622857368125,26.2911532115964,22.6028221325016,25.5776743923665,16.8100564569167,29.8061110799459,18.3134575418126,18.6217020612627,33.3719948978465,31.2358171442076,14.7152047809598,34.0926402203749,25.1110114665774,28.475755655553,44.015693700014,25.4233642627733,23.1172609191114,27.5961344176111,39.8255428315456,14.4946980718111,19.832861974699,23.9945407335857,26.7058004494249,15.5127727175745,12.607429849659,19.8008365818996,27.6752525676125,35.7152795096012,27.6977978595109,32.3383053990436,13.7912143210022,13.693669899028,29.1985638580285,13.7092905427993,22.8132756241932,12.876907547414,31.9762297927076,17.606719156686,28.2312374614989,34.923178047582
35.4173578718154,1e+20,41.1433148793246,42.4281454416328,35.5434686527486,33.7501532587843,34.0485211442108,43.6937679214859,35.5154810412606,46.8857045886218,40.4614160471577,27.2548383080016,25.6920581089765,37.2746787860418,46.7538010595944,55.1187784259341,35.7875434397506,34.1097615708021,38.0021198503798,46.6002379418229,26.524292701373,43.9049820132861,38.0731380106989,26.5516832670239,30.8386364425942,24.6282965623067,40.9336489117487,33.4635365573773,33.0505266552276,28.3328600078801,34.4125805484169,38.4039939138318,47.0154998031026,42.7568098114612,39.2453931269449,34.4411495736247,26.1292334904121,42.1810651398263,32.3772220389667,35.0528742771636,30.2878755701015,36.1955345200732,36.2413851226821,39.569489436606,36.660817420781,35.6932817831491,39.4323485698276,51.9396359749687,41.3065047607688,34.4313797880763,44.8687472290769,52.2477488914471,53.7302227830409,36.2871228137554,45.2120211032921,40.6930313087196,34.9242386501679,28.180456002048,34.1940298167178,34.7345960879174,45.1398105284414,33.2086790976412,46.5159853701336,43.2134009376934,34.5793917948001,25.726264449016,32.9419303228514,37.510469232328,46.8674852713028,38.5943475804947,37.5745711106111,36.4580087276157,37.8004850464361,40.3661169840655,49.9394159443328,39.517032278195,26.6566533974636,37.0056663957041,51.7275139494068,29.7895023013817,43.3803821535805,19.2546462118174,31.1290011726551,31.755444724104,46.4510760018389,48.4095789164758,30.5788382846534,39.8969042392921,46.7039853092376,35.9475973490216,45.2694877829686,37.5107413950672,42.453964902105,36.2884596571273,42.3467251138421,37.5848899566058,37.3654969548068,38.1385588530887,41.0052335648458,46.3694740741361
9.0310988538263,41.1433148793246,1e+20,20.3560435230724,34.2875248680789,30.6845281820048,13.5424087908878,14.3761124633513,20.1138170119637,32.4105547966446,20.1775580742414,18.4163421272372,43.5546192442192,39.8367053336369,10.4039196922686,55.00421655298,45.9713767694674,32.1335361680547,13.3822781390643,9.86083082431697,37.8487163354248,11.3930706198677,38.8919776725426,37.3399332093958,24.0553038815846,24.0557394744633,25.0309282956349,32.4683518712779,28.6572196065654,22.2408885212368,34.7286327592741,41.1619793607693,43.4013535639397,26.6413712688663,36.1106388983312,34.8449067117777,28.0669478301226,36.3578361765224,25.7941351633265,32.1382788815099,13.7727361937168,16.7550252449525,22.6216916924998,10.2333209343848,15.6335904122116,27.0965522202674,47.400498000558,24.5764278111112,36.034828919503,19.0403583389724,31.5630328352425,26.65409050178,40.4482602102491,33.6375960511316,22.2233222736376,21.2171821104732,33.7939009648924,14.5251111686814,23.2960052771792,28.2010969673165,47.3503562878655,23.0416589077946,25.8018139473696,25.4571082549037,21.8677961958687,30.2609746944028,17.241173188426,20.9878298314462,28.1587183638736,36.0622834828314,18.2058135036555,38.4707197702796,29.8661129500506,29.3976356776904,48.7884599043261,27.1806468760528,32.3264731148593,31.8333936675132,38.4254646338475,23.2825049148238,15.1837099643365,35.2816589370506,27.0661737093591,23.774220199098,10.1164904695257,21.8005002046853,28.2569930021339,40.3803522487653,23.5307920714204,32.5109655931864,15.7537146227061,21.2063453830403,29.7292238967954,17.7854299719997,20.7649528648226,12.6823829513119,37.9256039080592,17.4553890545855,23.4899396160193,38.1691721218097
17.8296450173662,42.4281454416328,20.3560435230724,1e+20,43.342892757905,25.7942186080801,18.8935700244016,28.6078247261543,30.9257145335282,34.5954541264183,33.5593577883988,20.9954322766208,43.8099700561912,52.584564409268,25.3403578888806,40.6635719734459,49.0663447878529,43.0482233090795,17.6692105966584,20.746939559065,37.1677133204788,25.6531998058956,50.0391942027392,42.0512582155245,37.9326830194352,26.9831537683863,34.3125231669324,21.6268770167554,40.1854560361853,38.0575155458045,47.5463177618971,48.4902264859816,33.3697757491174,42.0213560548379,50.8146898542437,35.8753226211964,28.2514868679154,49.5324558804439,15.2797107441951,47.7447071439015,20.8709749067285,22.4684035032515,30.2206760842831,18.8141281429361,30.0768037185429,41.2764031598723,33.3132760180575,20.6344777537077,40.8191590154293,26.8824494947744,36.0652902020251,36.8953261192867,35.4588845427664,29.1071118315325,39.2120377802625,41.7012146969669,40.8763772156103,19.097739670279,35.1713513129375,39.3718749574881,51.9613182972139,30.5993298750881,35.6579051354644,37.7404872043431,35.2539493612056,25.554350972917,30.1854657402832,34.7386739768432,46.8123531322363,43.8433256685301,19.4579539877759,45.056845944809,31.28526082095,43.0583700402505,51.5300922358042,35.2811492562919,41.6424743657611,49.0243883264964,56.223100169576,17.859445290718,28.4504845454157,32.0165377436548,39.9518165732626,25.288637492816,20.7906957697687,26.2323819151427,40.9794628994816,55.4770338926543,32.765581271555,28.4639726487673,18.7101053209441,29.6583431886689,45.818104234894,18.0923796736359,30.3332742614351,25.1722076385285,30.9314472947004,30.9455979336483,34.8534118505499,44.5702911582292
33.1455973347954,35.5434686527486,34.2875248680789,43.342892757905,1e+20,36.0903667033975,29.334024523662,21.2897661472414,22.133623085169,22.1318363192254,17.1936356469313,30.5811169367683,39.4868045385786,15.6795315800986,26.1959884332789,26.6145660902049,15.2386328949045,15.183576637864,34.0974119825096,33.6630939211753,42.3264644910144,36.4441725513345,12.4679318894749,16.4816912030812,24.2758945173872,33.7817889392256,29.6186629618461,53.416677803393,27.9049230319449,18.5588435608257,16.3127599949791,13.6240590213542,20.4534175173981,20.2459905771094,17.7784711924985,24.2619236029353,31.8758121128717,16.6552628362788,29.8671636802598,13.3199877205387,27.0813487105733,25.3633303049907,18.4057806921756,29.9637319379611,26.9931695524911,11.998258273465,18.9192022980336,41.9366642787685,17.4447855541488,27.1318690949125,19.422095817803,27.2008999679462,26.4719510868417,53.0433882214734,17.0379954029967,20.7185817455303,17.6337138971987,35.8066776949107,15.5334774557956,20.8017138954901,15.3865253511335,22.5391534322245,17.9111495743171,20.797790412694,20.4178122774009,39.8750047581909,24.1400395167353,21.4018075513865,24.0033025612007,15.2512597876735,36.509545592356,24.1001206208155,30.970055746228,20.6076445958581,36.2841592811695,22.5751657410041,21.2012306147069,16.1536960819116,17.6004335298922,38.0191059955515,30.1858928731183,27.6706513634412,15.0252836117672,21.9730032212216,28.2127332408384,39.1485755110196,17.3982687417879,16.3956546931678,22.8792873895558,19.0294759488737,38.5706861398136,27.6769670670606,26.3467836622148,47.2716099070884,19.7866899466103,18.5372442303138,20.7434207136612,21.9268701959574,31.8847717755149,18.5502161986758
20.3547751884077,33.7501532587843,30.6845281820048,25.7942186080801,36.0903667033975,1e+20,16.079742060035,29.8110813184495,20.7016440652535,38.2343083575466,30.9904923839496,14.9450608585475,16.434687269918,37.9393304699255,34.3610197995835,50.0425665743193,31.8191318239404,33.3946054180145,23.1387950070962,29.6069776998185,29.3831909319343,31.377005087083,36.7723576468504,23.1218899802412,24.1226307389257,32.4919316414468,31.7350054433351,26.3927892821057,30.4184737529635,27.573027629523,28.5261076207003,33.6042167914465,43.166063808731,39.3940633378044,40.2525987464385,30.7700221168275,34.8143966035522,38.0475171132122,18.0973474821995,33.1965065490035,19.4783736605556,26.5212098922574,23.575122490458,24.7528428723874,25.5335320787617,32.6558419112174,32.3304377558823,31.8717938098502,35.8224560612435,17.2396136152008,35.9606867704732,32.2174535785038,42.1653670556042,25.536972613615,40.324309575644,38.8365776305343,38.4322232077808,20.5984000494954,26.6974749609289,21.7696611623655,45.0107661197664,27.1980081020902,32.9160894199312,32.6302012804389,21.5204935324035,32.4833120767396,19.6691048615885,25.7802427942387,43.798629228773,35.1518218093293,22.8538728708358,33.4445057695731,29.6576843596115,27.0860929518359,28.4727668770464,28.5926924079267,28.366543197009,34.1897103869593,52.6142229398358,16.5267338987261,34.0922769238791,25.4974978797738,29.9382940435166,18.1441322675869,32.6462429152248,22.0664266571957,33.3599497440271,41.9828274585762,38.1849515819748,37.8308700398321,25.466148888668,17.5213982115047,35.1956376049915,23.53561740008,30.4189103466608,27.8642385195911,30.3614255919627,25.441213495587,34.6606201074611,37.7488622535492
9.21604053480848,34.0485211442108,13.5424087908878,18.8935700244016,29.334024523662,16.079742060035,1e+20,15.6036176601874,15.307066598317,24.9078779713939,21.4585317689881,10.4904819079228,26.4686227585333,31.0692255410818,16.6535802350025,44.6481940696969,30.8936819723353,29.6773255571105,13.6131408954056,13.2226258180008,30.3019282037619,14.4509946028217,33.1998284935538,19.93053060755,20.5936433113751,24.6353704479934,23.8406589741958,21.4806230010616,21.1720241474815,24.1359061673584,27.1308140761853,28.9859630279748,35.6647530306319,26.1589981084459,31.3568581116709,24.5685510737019,26.7865606610314,23.5018953529807,15.1378214360187,29.3094159500124,10.1343900915877,16.4600899893347,20.4069526429489,11.7559866292403,17.3329260532967,23.8959616179506,28.1128339123401,17.2124132023692,25.6541027799199,18.744092063098,23.9713492000036,18.1301542571492,38.3890106285079,24.3662843301301,23.6292511750546,23.3475446226367,31.8685609682985,11.7074810000251,19.297741823804,18.8489384960786,37.5914135869018,22.9221642299085,20.6989703341524,20.3167842074439,17.5876321738619,29.1443037263903,17.7218735343185,18.4813413887326,28.6029938343791,28.2788250161146,15.6458646824975,30.5219032873283,22.9530879412722,24.6687070539974,33.6162762072708,24.6625779734997,20.7002922698516,29.0927838696456,34.9939652703918,14.994506969281,17.137535477458,22.2255860910307,25.2232393822826,13.4546981062772,12.462851041014,14.5126509923895,26.763261995681,33.26717268158,27.9200561248651,31.2632435783262,13.9423779919968,16.4758763420978,26.0761379720022,12.9302419170791,18.7564445609052,14.6764501048424,23.0881450827439,16.8179957974258,36.5117351097352,27.2855115752027
16.8113090906848,43.6937679214859,14.3761124633513,28.6078247261543,21.2897661472414,29.8110813184495,15.6036176601874,1e+20,13.3237403519555,12.552845732718,12.6447519875091,22.7145573392786,38.425342666722,20.9801832792345,9.27473020713494,33.6679163634299,21.7904488382529,22.6917775712471,15.2383835690322,10.9759425426672,40.4142385735118,15.9795028833605,21.87141147739,21.7107351822545,19.1249798660972,32.1880892742697,22.4255176401189,41.3598481911885,27.5068826171263,19.7815882075397,19.2597414768306,21.6180927315784,25.2987900389389,13.970215636011,21.9127180912663,19.9327149481055,29.0364666084651,17.4415700825134,24.0189902670912,19.9908557923966,17.7825334571522,22.5353059672345,17.8664618478676,12.2750876523666,13.1353006182107,16.2816465149354,18.8098434049453,21.836968512132,15.1189713400219,16.8745752147442,18.7127625922465,15.644097100289,23.974231912512,46.0303915772286,12.9748955487027,11.997840467501,25.6696810871644,22.9306263324858,10.9913680040527,15.0602650245853,23.9758663746051,18.655213475163,12.2701456341703,15.6300991974121,11.2742991055525,40.5223262472917,15.9404502683623,16.6889464546415,14.5785021984315,17.7270356543897,16.9150562395599,25.1818488442656,23.3040366713793,16.0998186352375,34.3619556712686,16.8297685210603,23.643440251145,18.7084474373249,19.0176139315829,29.9435647135445,22.1690138953474,29.5109884290518,17.5274989366117,16.2606655062151,10.3768067188625,15.8689507209417,21.9847605998451,20.4416483866316,22.3220348213255,23.383777627352,15.8565037840464,14.7429048816737,17.0517358630659,30.660948590403,10.7651416212955,10.5766585385294,18.3675240157516,10.9349656428343,25.2908468686767,20.2933401921375
17.5423271796666,35.5154810412606,20.1138170119637,30.9257145335282,22.133623085169,20.7016440652535,15.307066598317,13.3237403519555,1e+20,17.7375734357279,16.2724286324241,16.5371672301226,25.1102046151569,19.8269222363384,16.5011912622844,40.2335219770794,17.4773592195328,22.6200865544757,16.8406729463627,19.7239974497807,31.1904144403239,21.1626351293953,19.2697930871873,22.2391762221892,18.660821146872,31.5217252032043,25.9622756114807,37.7442155991956,24.9375890674673,16.3827499219771,16.2847286863791,21.1731481896923,32.1041572954748,18.7559105711722,22.1549475503922,18.3099344166841,31.6599814614286,18.333260168053,24.5561430545724,17.9672474317993,16.6116484693883,20.9399428912048,14.8934456299359,15.8045145648484,15.5343661130711,16.5457119920854,18.223391253919,25.1703140408672,17.6239920571473,16.1435979590401,22.3298582614278,18.5443651686066,30.9515329343749,33.3710804754075,17.5663592773112,16.7691340277191,24.6360115344344,20.848524750068,14.3354402962455,13.4373769615455,22.0483454341419,19.3498140497592,16.528764270467,16.3179110804569,10.1356643388331,35.1850277232126,11.2831303400136,18.3355262970822,20.1185091391251,18.5485715515524,20.7528607280947,24.1384342801769,27.6454822899821,11.029803634451,32.4078279286423,12.1906301011316,21.3251720535147,15.9066673853699,24.5064009370052,24.5819238063763,24.4348001274286,24.0753241673856,17.1620463445934,15.5919449766267,16.9455150864652,16.9264167342876,20.4539273198768,21.1133787400558,28.5501204963913,24.9926459591393,19.972089864353,11.1880153420674,18.5866150569048,27.3485271732532,14.5369477180456,14.6270297372559,19.9360903895779,14.0002245471097,28.712937608025,21.6142627140078
34.8025994675482,46.8857045886218,32.4105547966446,34.5954541264183,22.1318363192254,38.2343083575466,24.9078779713939,12.552845732718,17.7375734357279,1e+20,14.106409144649,33.0356314529048,42.1322649881721,22.2235353113646,16.5805155688335,19.9348145443698,23.8696288344214,24.3640804602117,25.0723800095421,26.3916257657605,43.5456235188667,30.5660393068846,22.9780486111175,19.5528556527701,22.9636876150487,41.2260023595825,18.5912893545528,56.4747186327302,29.8408165083253,21.1176964153682,18.2355239223556,23.7590290669131,14.1884562904969,18.6154245319216,24.4779237041583,17.5142757143626,30.0507454131334,21.0088562331081,26.8528962241603,15.8661177909027,23.0294544709449,28.0221226257156,19.7550923648484,26.2494707865122,19.8391408511572,16.6415526604905,16.0802790097328,37.4197474835209,12.4047244162865,23.9748714893873,11.9508773489901,18.1861135598682,11.7825668136111,69.4807676764285,13.7840535691584,14.2764145940448,21.1862992810226,40.2104803525301,10.7644172136907,19.8934438299048,22.0212715140641,11.1137055114694,16.9042143966257,19.0041008188333,15.5421921986342,42.7126576040632,18.9505605639322,18.6856563090407,10.6985327381638,17.5467326672285,36.8963699256074,28.1636959854448,31.3009688327821,15.3878354611336,45.6726593823921,15.4677804326766,25.4877429862191,15.1563071155326,22.8088620977877,45.5248043813081,21.4727134884751,31.6365652272422,19.715019942799,15.9324856305833,22.5645929301834,30.5010245151281,23.0167631392167,20.6157840986656,16.6452663222522,17.7582151960334,35.6592716025565,25.5740014443842,21.3607457515065,56.7384495823252,12.5719952879035,14.8687079916941,10.1471671518682,12.2050550261766,23.4852159455067,25.8596620038947
20.0761955632438,40.4614160471577,20.1775580742414,33.5593577883988,17.1936356469313,30.9904923839496,21.4585317689881,12.6447519875091,16.2724286324241,14.106409144649,1e+20,22.6330267757443,39.8584025400633,21.2676996431943,14.9662434131023,33.4958901802868,17.9791154144166,19.0151418621279,21.6583949186449,20.5070354812984,36.4235062227701,21.9029338710338,13.6658197644944,19.5164050290405,15.8355041865313,27.6660252883093,22.465242807396,44.1696507501082,21.5752781729514,18.121222686583,15.9436755564012,19.3703206866619,22.6646425229543,16.7465186652866,20.2978526394999,22.99152815309,27.7210506820719,17.7410843628361,29.4252883358618,22.0996202288936,16.9370571109793,22.6422772175029,16.7626243290062,19.3869633266366,16.7762671720283,16.3707856952083,16.8877394992586,31.9907464544219,15.5650831711571,19.631225140119,17.2824951730963,18.7250011113665,28.5037933008965,48.4144550177304,14.9372511415656,14.6470123881302,21.9151107358246,25.5526692125343,10.3131336230798,17.238902494,18.2214064434562,15.9934863060669,15.9108104522119,17.9412187036743,14.5727920181759,36.7549329166104,14.8861164924859,17.350210267933,15.4953493429021,12.1259637140245,27.1235556591771,19.8875146901814,29.8432614311268,15.5827003493607,31.1026834698888,18.2120394814453,19.0966693664249,21.709666591807,19.1702022932067,33.6285983243449,20.4370987833319,28.0728361291275,12.0058845882222,21.2224299289033,17.8915116923227,24.2460098128053,22.966037335988,22.5094894743511,16.9788086550997,19.006562965928,25.0318857271333,18.2832959543816,20.8469388298016,35.6950899977061,12.9005867076888,10.7344967353031,19.2818254697267,12.2642788467525,27.1259665847285,19.9392000031888
9.89732261165449,27.2548383080016,18.4163421272372,20.9954322766208,30.5811169367683,14.9450608585475,10.4904819079228,22.7145573392786,16.5371672301226,33.0356314529048,22.6330267757443,1e+20,22.5458297705054,34.9555219756835,26.6691618284729,51.0593679056905,30.9251976489678,28.8057023860204,19.9194313921951,22.6493534739142,25.4124904332787,19.8510688775093,31.4987190061496,20.283944687202,18.0616526068388,21.0668167702167,25.8667643097661,22.9395750057035,14.6190735567208,21.3226823453931,23.2419954154832,30.4086194651039,42.1819259685687,31.9632919869094,33.6393983307033,31.8409033605485,29.936073170254,29.9440750321,17.5270438346662,29.3669311910133,7.40440524116149,18.5723360247703,17.6291718148661,14.2537117441458,17.3810040840674,22.9237462389948,31.6333404902982,29.8291021658581,29.295757413052,14.8200309276951,30.4523186757294,30.8091314984586,46.9636182977222,20.6914800847225,29.8932013641882,28.8383778715269,30.2131720320063,6.89257101613824,17.3516077850674,18.5527249838753,40.1295005926593,26.7612594975338,25.5484483860774,26.2567841416695,18.2100516451933,22.5973066920542,16.9862318197768,19.9207070899998,36.8045163140159,28.3975379558709,19.4508760429203,27.4003503343323,27.762637018513,23.2214597315869,36.6870243201445,23.2658271684726,20.0934003220609,25.6791727813802,44.4099467228492,8.28863700996106,25.6754751759079,17.8082109490032,25.6189556560323,13.5282423926717,20.779672233263,23.1365760105012,28.9690386615369,40.1512227394346,30.7626460727577,33.2811603513673,20.2723688061059,14.6551975295553,30.5448756483889,10.926948201638,24.5846628506421,18.5722752841919,25.5515205557699,19.1128890959144,28.5996176302591,35.6146708740648
30.908405758495,25.6920581089765,43.5546192442192,43.8099700561912,39.4868045385786,16.434687269918,26.4686227585333,38.425342666722,25.1102046151569,42.1322649881721,39.8584025400633,22.5458297705054,1e+20,29.0334486625853,49.7133865895789,56.2487938175568,31.1128075353037,36.5593568365899,25.9512339540233,46.2340402360618,24.0674419008836,36.7681536625172,34.0597414815172,26.9045238862387,24.2849472555328,32.5962890802615,38.5754217466146,31.2985597086943,30.5114123003245,29.8181608370332,32.5664502497766,36.3186512477031,45.7033769123376,44.6839257584118,39.3731395696773,30.711471047346,42.9789726731594,35.390054500211,22.4610155849785,27.8874288169898,24.5128253141707,34.9034583089322,31.8990315569869,36.4005526758152,27.6877019812514,34.3557330207847,29.0602633047732,45.3598831036133,35.5290687463454,26.48981708672,45.795025293246,47.1723320489937,50.084217187839,22.1007574837195,46.8847106288966,41.131422075259,43.6196750115906,27.9989096798859,30.0043125482513,30.7916199029247,38.6723475292429,33.0853538881301,49.706384499634,42.5812252012709,23.7958225314156,30.008720675144,27.7539110731327,40.1025168183307,45.3922155278613,33.7928411823933,27.4925181523054,28.2338990084943,34.9189375520286,30.963344712096,39.2531401429961,31.5923029484132,16.6565741747202,26.6464485996516,56.1926496760686,23.0436063468059,43.0385286284942,26.2864617888453,29.261129713634,26.0317949093031,48.6610439877198,34.5712902765046,37.9810622104154,30.2164253840482,42.5119018045886,43.1845851205407,39.1710923676184,22.4313317414125,33.367201451755,29.9359359314108,37.8172040820554,34.4996955516551,28.8484393662628,33.3535139342641,32.3787756370725,40.3577491806127
33.5395391257096,37.2746787860418,39.8367053336369,52.584564409268,15.6795315800986,37.9393304699255,31.0692255410818,20.9801832792345,19.8269222363384,22.2235353113646,21.2676996431943,34.9555219756835,29.0334486625853,1e+20,30.0773676142877,24.8496358897012,17.6276544951228,14.6907662244798,32.9502472053721,35.6649089895605,38.1105658950401,40.6570119163392,12.1555351917193,19.2506664620955,27.1268703508597,32.7393218876109,30.0855566254484,63.1111217867417,32.5342446000257,23.5715036515915,19.532319460933,14.0063833934654,20.2666420398562,22.4142424873136,15.8462570204912,27.02955495778,32.5821853332009,13.0613504976275,29.5089653892948,17.245232896251,30.5264953406802,27.1314163437767,25.0842987375929,32.6903583299575,27.4313609612086,15.8041346095801,17.6391410143684,39.3275067726068,15.2115853292996,32.5073799474785,24.829181482998,25.1926212056115,22.36101179035,63.4743989678048,18.3958238939259,22.3448069404611,23.9621918758957,43.3750201416063,18.6673683048151,26.9698274500927,14.7407403487903,22.6430365918313,20.7988630239696,25.4920009768712,20.3534148717632,44.2391626426595,28.3549822203083,27.4641180035514,22.8095067053301,12.8109187190381,35.3813804696227,25.6866524797409,28.7895425586425,25.7836560691043,35.9480691106716,26.7199855856271,17.4081711451802,15.6869559645649,14.9874524190795,43.3289003815291,38.8358289812053,30.1691007898773,20.5777317631686,23.2130164362523,31.8089205663294,35.2182617648375,20.6099495511943,13.3003271361177,32.2043552319919,27.3017263126807,40.5950613716446,27.7170606333657,20.9629036357027,60.0774277494938,19.8534897745049,20.2882449339202,18.8096792195356,24.9963960612389,40.7381982869614,15.7503352527152
16.2794666637021,46.7538010595944,10.4039196922686,25.3403578888806,26.1959884332789,34.3610197995835,16.6535802350025,9.27473020713494,16.5011912622844,16.5805155688335,14.9662434131023,26.6691618284729,49.7133865895789,30.0773676142877,1e+20,35.4398820747967,30.1769056928727,25.0149109418982,14.635895974775,8.28740634071093,46.5660323140012,11.8875631465546,27.5763108064836,26.3953067722484,22.8410434341143,31.7450536065743,22.4320029469241,40.221671158577,32.3969724309118,19.5048812344804,24.2598958212924,28.7300315433996,25.5251903972396,16.0742203021072,27.5092058692717,23.8863381248086,30.69472898715,24.7350402898692,22.4036142961389,27.3356924313417,20.8617069163197,17.6963062484902,19.4307557497128,9.05629904703133,13.3709540444049,18.7747776347059,26.9362536837381,19.541756185021,22.6426972810946,18.5222356402332,19.6194873083453,17.7738571650516,24.7913120872549,46.7072499300609,15.0713226752131,13.1531645605323,27.7423230351246,24.100283450238,14.0268727989528,17.8611573014531,32.3782968216443,18.5949008627156,16.6548696729611,16.1306634023301,14.5292626316261,39.4659853341251,15.6562714006263,18.1092954848402,16.0552176814447,24.0941348756192,15.7562836315414,29.4855225818447,25.4618041018402,19.9046163353594,40.3359772174049,19.2789566329305,29.7256294757884,24.8735028350936,23.5440276431212,30.0408413706917,17.2862768433902,34.7069007024522,20.0655481188092,16.1564676485693,8.85477683890714,15.9323176737402,25.1432136411177,31.3259649403385,20.9842285533564,28.6017125823079,12.0670851477413,17.1493327012573,20.3985000905239,29.2307378368543,11.9221971371386,9.35083352159805,20.849417473889,10.902516020121,22.9831359037486,24.8580729554426
51.4777280610667,55.1187784259341,55.00421655298,40.6635719734459,26.6145660902049,50.0425665743193,44.6481940696969,33.6679163634299,40.2335219770794,19.9348145443698,33.4958901802868,51.0593679056905,56.2487938175568,24.8496358897012,35.4398820747967,1e+20,23.3018451994943,27.1922971798449,48.6073683178292,47.7118797610965,61.1106200096094,53.8997670001685,28.5938020986843,30.3943662813396,31.6772331916477,47.6271779940462,32.2357742618116,70.7077585266508,48.6889316400643,34.6114312485899,32.6485396988588,26.1663074489785,12.4979729761293,28.7706261413239,24.8484802277392,32.8246805804799,33.9727513071157,20.9541232122356,43.3701334468039,30.6454375014745,33.0347303582502,38.1458045042717,48.2752174567804,50.16675916219,49.8242378187928,24.3034121426163,16.4791644854859,50.0455004044285,16.5031236784998,36.6344782833902,23.8065682001079,39.4168583706369,13.017282857568,91.4767495757746,22.9727061285861,30.5003678633072,37.0473148720896,57.1661323679567,23.1405088200555,34.5076904090445,20.5868681365859,23.2262264545166,22.5929802341936,27.2219936576547,35.5186038545065,53.7193744057922,44.063448223127,27.4800930618254,26.0415704314277,21.3857515575931,61.0327874402682,29.1890790303949,44.1425660813715,37.3301225169258,49.1208580115664,36.6190931603906,27.8711016772055,25.5182984862171,25.6875616848775,60.5120836442489,42.4779292986727,41.3446119919881,31.75936327504,36.3707796844968,48.9588155191431,51.2659060370579,46.7371136114003,30.7171413725786,27.8165622733868,24.9295249403773,57.175524891062,48.901742864518,26.7766177480063,75.3871645879579,19.964352178085,32.0823803340536,17.5708047252445,33.396976888752,39.3103171641526,33.869640703408
37.9223966561884,35.7875434397506,45.9713767694674,49.0663447878529,15.2386328949045,31.8191318239404,30.8936819723353,21.7904488382529,17.4773592195328,23.8696288344214,17.9791154144166,30.9251976489678,31.1128075353037,17.6276544951228,30.1769056928727,23.3018451994943,1e+20,15.4920143934807,36.393964584479,38.8070783122047,40.4236658762207,47.9033246550192,12.4663729273849,17.3428568345682,24.2501113174662,39.4261006548834,35.1791490512392,62.334119787381,33.1577837829768,17.5970128449722,15.2275398150674,11.9388926310841,21.1356291266681,21.1315480857183,18.7511591516461,26.7829297632793,33.4266287407141,15.7603255147485,25.6800619599069,20.0169490082326,29.3489369633147,25.1773147755117,20.5695163880108,33.5625824217828,35.3268788714175,16.3642361110833,16.5019861414331,42.8830347453499,16.5606685546909,28.5787901511429,24.6437642710718,22.4600578216916,23.126142565,64.9552186135616,20.1045365961407,24.289613200037,28.3764660001905,41.4192755616764,16.820858345,19.8592101042859,15.4485171546007,24.5244733727121,17.4904878927466,23.6480922241856,20.6231979181169,41.313641639658,23.0745334684481,26.2848255532307,23.678771708645,14.1731444009721,38.2852748539584,23.9483242063424,24.915700555791,21.7326998682888,23.2253872680644,29.9680633191304,23.8345200684893,21.1404574363021,19.5373027052112,41.4098807776488,43.4882167835872,29.9962508338131,14.8296044766395,23.4188750675198,34.8612017830016,34.9469055168934,24.1111238909748,18.2115546551788,30.0270441462143,27.3335223270465,40.9278344577838,25.5118879148095,19.2924001816389,59.0722265287586,18.2134235868036,21.2669856311853,20.9117937408982,23.6610058356379,39.4315045754095,15.2000546974773
30.695425809939,34.1097615708021,32.1335361680547,43.0482233090795,15.183576637864,33.3946054180145,29.6773255571105,22.6917775712471,22.6200865544757,24.3640804602117,19.0151418621279,28.8057023860204,36.5593568365899,14.6907662244798,25.0149109418982,27.1922971798449,15.4920143934807,1e+20,32.6822469821728,31.8776479890636,37.3414099414906,33.9469174714872,14.8071466381812,19.6866362277503,23.9997350422549,27.5725586756598,30.9694593737766,52.4236777478268,29.0725185993817,16.2339956482308,19.1375030723315,13.9361121362387,23.809241650054,21.3279318096505,13.5812997016496,31.1903998032235,33.8102572719344,15.4023486841024,30.2455109675988,23.0137051782229,27.2550030515968,25.1480672346037,23.5152475207817,28.3454659123328,26.7051520910218,15.2772343145427,21.5843523475455,38.9888303377789,19.5624332251334,28.4493398523761,24.1646533695319,26.5339129107464,27.6012894280946,51.7339971001896,18.9375064714328,19.9877422775266,29.2276091445307,31.7104027145308,20.9287360251776,20.7363456821417,15.4056948152711,26.9286355151283,19.8231836365827,25.0232382118668,24.1809363923986,38.2526174038948,23.7868085329734,19.1815812107393,22.0572828064378,15.9436108177483,33.2094381485828,24.5837320325807,27.3234317020826,22.9163059047042,22.8936040923647,30.5054660030392,20.4383851648418,22.2590446315604,18.107416584077,34.4817387305537,37.0471171467081,30.5092771926688,14.9712853758413,25.6850469512688,28.8246635774426,32.6127993168773,26.5418738725997,22.2809246757537,34.7787017766208,26.2937681638017,34.3011230821874,26.5689169253218,25.3184812612119,45.9307566406722,21.6579121455023,17.7550685951788,24.6845897271382,25.4495045447576,34.7636358569132,19.6335375696997
15.2946530194624,38.0021198503798,13.3822781390643,17.6692105966584,34.0974119825096,23.1387950070962,13.6131408954056,15.2383835690322,16.8406729463627,25.0723800095421,21.6583949186449,19.9194313921951,25.9512339540233,32.9502472053721,14.635895974775,48.6073683178292,36.393964584479,32.6822469821728,1e+20,12.526558542655,26.1339120625739,13.440894591887,33.5850699914581,27.1949258428657,26.0379034231617,25.1561278090098,22.2947246557051,24.7451680836519,31.9037686227449,23.6326828781219,32.7509276412732,37.1239997953924,39.483010602747,25.4866933094138,33.6303843319812,24.4143052581174,25.8339748823287,28.7328854751905,11.3529718712978,29.0722366749657,16.3469919875582,16.1303651253242,22.9466491379503,11.9168446533589,16.4253568776483,23.0992268545523,31.9791868145278,13.5878188521234,29.1288146061082,16.7288367790148,25.985567620542,22.3997128921817,33.3394901376486,24.383224050182,23.4449869547164,23.2314940893396,27.5396221818878,18.1644760975499,20.1592070318342,24.9394727991848,39.9049969381685,21.7352918694675,21.5777235726604,19.7888358565051,16.5088825055777,25.824898595891,17.4241588835181,21.4149552508341,25.4154853269592,30.053537373205,12.7569672214427,38.7811781529393,22.918810003066,23.5290662478939,47.7293392700212,23.7583271908279,27.6269010638264,25.4360639928477,36.6582266532501,17.7719535179589,15.6389150884311,28.6621718697255,25.0333709743135,13.7083263665063,14.8950162097321,16.2389740943974,26.2590518613591,34.3892272006356,25.8243156411212,31.2113270035043,10.7938649850719,14.4735110045773,18.8829291817706,17.9762770846152,16.9023414926892,15.8072582084584,26.5709307485199,16.1536956573178,21.8882072630021,32.0592429646763
14.4049406813886,46.6002379418229,9.86083082431697,20.746939559065,33.6630939211753,29.6069776998185,13.2226258180008,10.9759425426672,19.7239974497807,26.3916257657605,20.5070354812984,22.6493534739142,46.2340402360618,35.6649089895605,8.28740634071093,47.7118797610965,38.8070783122047,31.8776479890636,12.526558542655,1e+20,43.8824866219322,9.79476648862921,36.6090350081854,34.115955439139,27.7074435563882,32.4359358403321,26.313994950399,35.1382856734841,34.4805621122813,26.0230754933738,32.1838512941434,35.4436137644521,37.9098516581504,22.1821147377621,33.8908539554698,30.2055428968185,32.0027574086758,30.807650585857,16.6963737713864,32.0576237992397,19.2869174400199,14.8186824559355,20.6704276777283,7.59001906911071,16.3112159125818,24.3435174340354,37.4993214031829,15.0520393016143,33.7093572000611,19.3526117617857,29.2324989765369,18.0868008366446,28.4653106164949,36.8869126744588,18.5438423064264,19.6622834908148,33.3209161643059,20.3317146365052,21.1190886681584,26.0335144454845,43.4492392063996,21.8681228074444,21.1133647453356,18.1745884439153,20.8540754556342,37.6007111491366,17.9187390842876,21.3112452302917,23.2053009795907,32.6426544907837,11.8882707947135,41.040755496593,23.6306928180349,25.9123671845534,38.7496760900075,26.4044287552522,34.8039244652622,28.7456429587884,30.0843488133852,23.8022765364247,16.5647275235656,36.2477932863238,27.7081395151184,14.9905377939802,8.60130828690206,13.7758582843004,25.8049075568182,38.9767373223428,21.388683999433,36.0529047177247,9.2141467130733,20.3447969266902,24.0943541482735,20.1219065142686,15.2031649516216,11.0096788281953,31.44217242541,14.9471261033172,24.1415016812534,26.6360282926106
33.346544383917,26.524292701373,37.8487163354248,37.1677133204788,42.3264644910144,29.3831909319343,30.3019282037619,40.4142385735118,31.1904144403239,43.5456235188667,36.4235062227701,25.4124904332787,24.0674419008836,38.1105658950401,46.5660323140012,61.1106200096094,40.4236658762207,37.3414099414906,26.1339120625739,43.8824866219322,1e+20,31.7018419551441,37.7579031698679,28.3560798204236,25.5026587830475,17.6043094955834,31.9399086233381,17.8558371453254,22.9537863545078,31.5371742011016,33.8244845239079,44.8282847210889,48.5409427417719,45.6333378230099,38.7814053735464,33.4436681632192,32.5348087486271,44.2948987183735,24.1383890831866,39.7210750872803,22.9467544867488,32.6475675507797,32.1612170627644,35.563334150589,26.968199888411,40.973127681927,40.7112782145722,42.4095265526285,40.2639270202406,31.1199973269416,44.2935791132167,55.8285893807435,53.2578454485655,27.5484104501862,43.4354091200649,38.0926222438852,36.8766376850238,24.8037981416016,29.6789860847978,34.8516703300795,42.6712646797009,39.529223322565,50.1293124095486,40.0860862863763,28.9532031836783,10.3909383428116,27.8064435150289,33.3859640147764,44.0282805804476,39.0219494336082,30.5018809437442,30.8150736214118,36.3668008981033,31.5738959174716,59.2533738321106,34.1090934187693,22.6727092106361,36.2095464992962,59.8076357674643,21.461704174788,34.1940116966493,24.6019042128536,33.6226344774228,34.1240090824723,45.3672077029976,42.5942061163535,37.8490686778264,40.9028183871621,39.5679431872572,35.4802573172563,38.9627249863552,33.4123824080862,37.2455441999316,24.9862128613056,39.3568485445675,34.2067740275432,30.9123709029288,31.0476560513684,33.015489258142,49.4734173652224
14.2240935173346,43.9049820132861,11.3930706198677,25.6531998058956,36.4441725513345,31.377005087083,14.4509946028217,15.9795028833605,21.1626351293953,30.5660393068846,21.9029338710338,19.8510688775093,36.7681536625172,40.6570119163392,11.8875631465546,53.8997670001685,47.9033246550192,33.9469174714872,13.440894591887,9.79476648862921,31.7018419551441,1e+20,40.6376783071001,44.8690413884231,25.3736606395854,24.4161305536351,19.0031602900924,29.7788330187242,33.1087553422023,25.4800599826621,38.8031564803632,44.3883862222864,38.7509012587543,25.3009185912985,35.7504781384404,29.7571532963467,29.7201824418982,37.6955865872292,24.6666991402377,31.9010979485446,14.7555142408061,18.9526522441044,27.7804001049581,14.2143278924615,18.4222548853378,28.9597404344402,45.6003015505098,22.947946477817,38.7075637700034,22.4157614849913,28.8284720033528,30.8344768028376,28.0498571746089,31.5690021871746,19.4073930416654,22.2152668505705,29.2628673750506,18.7146015283456,24.196630495715,31.0904550678617,46.5480916012834,24.1966521075468,25.4874798600386,22.5642308421461,24.1701518737469,29.714825387837,19.6712168914001,20.5156252328557,24.3530514913936,37.4562647726239,19.2325895997092,41.5757724419529,33.1385538601907,25.7613789169848,55.8648986067878,25.866181457142,35.322422154419,32.6279980477778,38.1309034507619,24.7493112552576,12.0100521293784,39.3823351820152,30.7340824542735,25.7001822612684,10.7256915660838,20.779946772972,34.5898727496582,42.3440181046795,20.1111671604361,31.3339137964581,18.7278436527745,25.3187162648677,24.6102411983239,20.4686590165682,18.9515427122846,15.6331336219307,29.7114707159636,16.3076033045855,18.109182550204,40.6843662842657
34.2613108487436,38.0731380106989,38.8919776725426,50.0391942027392,12.4679318894749,36.7723576468504,33.1998284935538,21.87141147739,19.2697930871873,22.9780486111175,13.6658197644944,31.4987190061496,34.0597414815172,12.1555351917193,27.5763108064836,28.5938020986843,12.4663729273849,14.8071466381812,33.5850699914581,36.6090350081854,37.7579031698679,40.6376783071001,1e+20,18.1939529438606,24.4789803778955,33.1107064753412,31.1690003446625,62.3558006218815,29.1649532382711,18.4591101682008,17.2213064757295,15.9599369393323,21.124047498737,23.8253162048114,16.4417698660303,28.0870240087454,33.8081044346448,17.1190365421278,32.4268697639023,18.1338038694153,30.4637871900099,23.3630009446811,19.5285783683439,31.1998746742843,27.6325261104955,14.6592698212163,20.625335170243,42.4551233228527,18.5784412055402,27.426370810336,24.5360311914228,26.9878084031768,26.3279076218531,62.4223248133371,18.523680004539,21.8678190249236,24.9815554714158,39.3712938125111,15.6787156391113,20.7100743863864,12.3303989513009,22.9632850270063,19.9068091686842,26.7547974923478,20.2038815759512,42.1405922691711,24.1281068522885,25.974255680741,22.8815594640225,15.9845889284991,37.0248230490106,19.6491299030443,31.4163078871405,21.9896980759603,32.2042672485166,28.8202393100506,20.9272264655501,17.8041598230593,17.2428616532312,40.5816426593903,37.1894720543889,32.6773937900671,12.5061320788872,25.7287355441277,31.0544321583877,35.3269018079126,22.1409724019245,14.4103902775916,28.0591557109417,25.4263933667114,39.0795686039778,26.1568960616217,22.4660745885,54.6939222084485,19.7245204175471,18.4536616633712,21.293321903196,23.2469328884009,34.8553442418131,20.4075233774434
