1e+20,53.199199433,14.343667559,20.789784186,27.390642306,25.536554615,16.53637743,18.881057057,25.3801389865,29.2447666721,20.7730689759,14.4965523882,37.0600614879,39.3887278313,14.284652814,38.6094480322,30.566107614,36.1423026654,24.103543467,13.0626105014,37.20272631,18.997788557,33.709433951,46.2665501876,25.8562565176,32.347680106,24.2239089658,32.122892703,33.5099201691,29.610138604,32.120606653,33.071195392467,31.1419874984,26.6099667189,34.2832860075,30.62703567926,39.0907674847,29.610785168,19.907550802,27.4599263627,15.109359429,19.999770734,25.7056217145,12.686477644,18.8740288354,30.665393736,39.083783713,29.66801465,30.189631805,28.003624458,31.1447362593,23.8504887867,30.66240322,30.582424447,27.365739143,25.198910533,36.34786784769,13.229601736,24.825676171,27.5098693206,35.606428023,32.9440590282,23.790510205,30.540440054,18.0457485742,34.7207525238,18.695887406,25.522312613,28.0101947785,31.3603539212,13.906580351,33.6947934296,19.67048599,22.761132371,29.4088047446,28.436003764,34.92074169998,30.658495719,35.457767718,16.792305453,21.516418911,46.1082441067,33.685450827,22.574619232,15.710125588,15.847841829,38.4083564798,35.94522537,28.399536963,32.568846605,11.377948056,17.580869213,29.3295930376,23.622058387,21.592790528,15.103396756,34.969778472,16.07389525162,23.9788723402,29.5470429848
53.199199433,1e+20,56.143742177,55.495643292,43.378769338,46.448251463,56.893697247,49.378073853,47.1701214505,50.2296539123,46.3375650508,51.5521513188,45.0205634169,48.7728698323,57.595969025,54.2447728782,46.402007126,48.2226410934,46.275328186,59.3183048574,42.721649444,55.61239267,49.826065457,48.5748022799,47.6837878292,38.798588377,52.5494359196,49.818284542,43.3781985966,48.243486304,46.052962092,47.076581691533,47.6930881438,46.8311562129,47.0559571645,48.82936729774,34.3887759694,50.641897901,50.569102067,44.8506413197,52.933064046,47.340847792,50.1835743855,54.245782715,46.0303830454,46.55365289,52.993566494,53.774493576,48.884862133,54.668361711,52.4784563818,47.9628375665,53.848222118,55.347442917,45.3460622,48.871144828,45.66720392929,55.873497579,47.467502537,47.9688939826,49.676927276,54.2737919012,54.9450462760001,46.455613234,48.4608881871,40.9476499512,50.871387703,48.46692121,49.9310543695,49.2280715512,53.942840992,47.8722788316,46.530158101,47.220819525,43.2245557874,52.737895644,50.07518038698,44.204281172,51.697338226,54.989054038,54.148671082,35.6818617763,50.307912127,53.797344614,54.993880125,60.8172586530001,45.5969577668,49.551394625,54.395375475,44.716126505,58.556791502,51.646242413,45.9496379152,58.433862757,52.805423647,45.085853717,48.6281305905,46.00522490354,50.2817699394,42.8832497108
14.343667559,56.143742177,1e+20,21.754986587,31.39622824,27.081321478,20.047414446,19.459827966,24.1806495855,33.0969640821,22.3385242899,15.4258392652,36.2892742959,41.2738944873,17.04901517,40.1130582232,32.637688749,38.893867718,22.318257545,13.8706140124,36.941398353,16.373409926,36.424615534,51.8207325834,27.3935187306,30.3525845,29.1353565158,32.367491723,28.8921395311,28.997009372,35.04859282,38.790532025467,33.0729242485,28.0246156489,37.2593678905,31.82103910226,38.1634433989,33.423667227,23.911018681,30.0983914287,16.112967334,18.531902393,24.6895427625,10.601742867,20.2987390134,34.523290783,41.68856497,33.297686523,32.308808227,29.382490578,33.7177853558,24.9812379997,37.195055559,28.910898641,31.290017682,25.714354206,38.74189166169,11.480264247,24.379900612,26.3110808866,37.591114897,37.2071328702,29.314165518,30.128807039,17.7030481672,30.8263983418,18.455082336,25.218275965,29.4352214735,35.0029847212,17.267768453,36.9061490906,26.231988477,22.304229897,29.4685638866,29.19812224,42.24271355198,33.437786853,39.849930353,11.586946062,21.162428224,47.3009206787,38.187670363,29.334455818,14.420917952,18.604759525,43.0567284828,38.506863837,27.302395953,35.019290785,16.403640161,19.559598612,30.8877501156,22.715454878,26.749778327,15.001239751,38.715382593,15.90925945308,22.0221132236,35.0431991188
20.789784186,55.495643292,21.754986587,1e+20,32.855585994,34.897106598,24.044966036,28.977326923,42.4823379955,32.3916986621,33.8474841639,26.8670208324,38.0921451439,48.5409844583,22.930371223,41.7480552442,42.27014695,46.6425099794,17.778481051,18.4601406358,46.085418749,25.23743984,44.707774307,48.9223597124,35.1595751886,27.323111206,24.5992572508,24.656303139,39.7127946081,34.347130189,45.496298018,45.235906744467,34.8007990063,37.8047390079,43.3401105135,27.13228470726,37.4108606747,39.023112592,16.490418199,35.1000916357,23.885667909,25.148232105,34.9396472825,20.311811128,30.4875150444,40.207431108,36.795800661,19.578914505,37.155089651,29.637892788,27.7143766238,30.1911846637,31.475527788,38.245057755,36.107051077,31.805292749,30.65878506269,23.769078523,28.960153981,35.6365436316,44.386488135,34.7213460972,30.822113811,39.884687777,31.2649825568,31.9208433568,28.722356275,31.882832607,33.2681965605,31.5719095942,21.499457483,43.0684660096,26.024627755,33.29410329,39.4546085936,39.084510442,48.47352715898,41.669391183,46.636494878,16.413494799,22.177744909,41.3631973597,38.864480131,26.582720778,21.072531991,20.235794561,29.0529804058,46.99276008,26.790912251,26.229356297,19.321495462,29.656606121,40.8272700386,30.394336745,24.690093224,27.768615343,37.4664811125,25.94780949146,34.1786335344,45.6440046628
27.390642306,43.378769338,31.39622824,32.855585994,1e+20,28.866691156,25.760198221,22.003001986,24.1788125625,19.2493225689,24.6302640341,26.2709077362,42.6256211499,19.4160641093,26.517068465,22.3570108752,18.778323964,16.9909408106,35.964257593,30.2394736334,40.799548953,27.014997674,26.563263957,22.2875561061,16.9398172168,30.910391103,22.2223430516,41.681185327,32.2389033887,17.309297238,23.393828159,16.586893994533,15.8996986144,18.2449987709,20.4788916835,21.86493289174,33.0055183825,15.577635351,31.7455487,16.8239242516,25.490438507,29.908791571,25.1676957585,28.351542774,22.9700157914,16.28255632,20.304775559,37.979995358,13.723977884,23.650427142,23.6426259578,22.3050986626,19.168989539,49.894662557,13.634471155,14.938030263,25.40119234144,31.672731388,17.203596163,21.9656289482,16.868184039,22.1247994526,21.605655833,20.364735188,23.1438812612,37.5466143442,24.90143496,22.269617315,16.3554841185,15.8970971172,26.380334179,22.0189209196,35.513825703,23.864997372,19.9210659728,27.109972298,17.22813587028,17.069913134,18.869310835,32.265359541,24.963849333,37.0002455689,18.208230886,23.135325103,27.84809221,28.443295587,26.6842320072,21.050340328,25.069801226,23.381850594,34.688512175,28.691341663,21.0587939608,46.206710137,23.850995188,23.753112744,19.996007469,21.88461203108,26.5539917884,18.7828228164
25.536554615,46.448251463,27.081321478,34.897106598,28.866691156,1e+20,26.573584675,26.473001806,21.959845924,26.2048740299,25.8693573871,25.8692614462,41.8475118349,33.5226940487,26.683739853,33.4826905282,28.055686718,33.5367737356,29.109123536,28.9701231816,36.916519753,24.892026333,28.945025019,31.7063815295,26.4578774494,33.415195407,28.5782307098,47.01707426,32.9414384191,25.767977874,25.818994865,30.372271652533,28.4475358067,26.4033401229,31.1872563625,29.98917845074,34.4889037185,31.486204603,28.998466885,26.3029613756,24.999586192,32.315769591,24.397924786,26.732746038,25.8680633724,32.215593383,31.067797847,35.543406172,30.411307552,27.671131584,28.9449677317,27.7408922923,28.281570251,42.333734486,27.558754531,25.56540731,29.39140881971,25.588537756,27.237964137,23.5182344596,32.773847828,32.4614667536,30.64657384,25.381166367,21.2501939188,38.0555385448,21.363308862,27.589147205,26.9859861595,29.9166947428,26.489768246,32.053551944,35.942313972,20.919328393,25.9020485822,27.312633934,35.19004618872,25.056417474,35.120998283,28.393540156,27.634296936,41.0983476373,28.624603435,29.720072381,25.473784104,26.756490173,32.1772323968,28.156614651,30.403695055,29.986213162,29.30724372,21.409080112,28.0916905264,38.48785539,26.634940333,28.20566724,28.063917233,24.29331308692,23.1109542026,28.8577053434
16.53637743,56.893697247,20.047414446,24.044966036,25.760198221,26.573584675,1e+20,17.139546433,24.584942693,23.7514008131,21.6244157909,17.4925263682,41.3167440009,32.5449694283,14.920242657,28.9250516252,26.842360219,28.7824857962,24.001702718,15.0838174158,42.066755225,21.443024556,31.337963269,35.7523722551,24.7292067626,34.814637993,23.4493930468,37.130120791,36.3871345591,25.610947094,28.639785412,30.279956117467,24.5785847418,24.4725358139,31.4075052335,25.87429958626,37.9511284481,26.663386601,18.789863463,27.0035381307,17.303256994,21.4037287,22.9781039755,16.797053832,22.1829456684,29.424963627,30.708019606,28.677201257,26.908659744,26.678270996,23.1461543303,21.8823643027,24.59660005,39.024959573,25.014613908,20.680543476,29.47804451669,20.321272704,20.247506795,25.4733385586,29.966450237,33.3792760422,20.975374184,27.067819526,21.3962681639,38.7868537998,20.875893586,24.76374772,23.6554744595,23.5757029242,16.384078108,32.0109187016,26.242985643,22.30152142,25.7925582146,31.050268699,31.39747030998,29.050404466,31.410013601,18.602033726,22.277162076,49.1468589037,25.70911823,16.4011272,14.281325981,14.904016424,32.0431121368,29.98278918,24.453478731,30.059233008,16.835550634,20.206437588,24.2002600946,32.288124884,18.703375695,16.92577066,23.08054636,17.28289436708,21.2150880676,31.8444109078
18.881057057,49.378073853,19.459827966,28.977326923,22.003001986,26.473001806,17.139546433,1e+20,20.585979361,19.3825925309,16.9014768311,16.7467706492,40.9212889889,29.1598197013,16.054966837,24.6282537792,23.870344735,27.419564129,28.181566576,19.3619499634,39.702246846,21.738717971,26.020407055,29.6014343337,17.5257372574,30.197628601,15.8900710098,40.308228254,30.2864702672,21.754648745,25.652755965,25.222885111533,17.8066112885,22.2618942349,25.4159637625,23.45175006974,33.8363650577,19.955797772,26.465933088,23.4399569197,15.302522006,23.708566686,22.651682627,17.228985832,20.7998639574,24.852926001,21.133215186,35.151704856,19.086462342,24.4485493,18.4800924401,18.3729697315,18.743166948,48.14470632,19.620287528,19.266860305,26.20099500298,18.889671974,16.928512828,23.1543131772,26.007751298,24.3465066522,20.693284925,25.136787254,19.8843336178,36.4757967698,21.736476716,19.376903706,18.3618592065,19.9266317588,21.558162496,25.7330344646,28.799574614,20.809449389,19.5623745572,30.081700433,27.82025430608,22.717549917,26.293539799,21.443359719,18.858330866,41.6437754333,22.62128655,22.756052728,16.601406277,19.093278999,26.5425305488,24.037328534,20.641914942,21.501495555,22.053536671,21.648302379,21.0193845324,40.718494104,21.76469731,19.012979616,21.509462626,15.88698136792,21.4911162162,29.4205043614
25.3801389865,47.1701214505,24.1806495855,42.4823379955,24.1788125625,21.959845924,24.584942693,20.585979361,1e+20,22.9286735559,21.9349190436,22.9340720141,41.5048831324,29.0800207133,23.748690993,30.6683404431,23.846857333,30.1695210801,31.293024559,24.3478422417,34.1114777355,25.4825820815,23.806940847,27.5452980219,19.8263497733,31.684808001,27.1661208863,45.769495446,29.1139911378,20.0861707785,20.324718459,24.446365622033,24.7854684391,20.6232701144,27.603382642,22.15167882374,31.8027945938,27.523308981,25.908277915,20.7606161251,20.980067054,29.2879747325,22.1677395305,23.1804168405,22.0461577619,27.488380551,24.9132111855,42.3828094385,25.3800794445,24.085309023,26.5553168449,27.547086528,25.6030677015,44.1815390035,25.13737182,19.4938944925,25.45392984542,24.9634884045,23.509900437,19.6167841123,28.8070874015,27.6275286945,28.2590755795,22.2524997235,19.5151721317,33.3893693762,18.845568074,24.3218241045,23.564287286,27.6559994011,25.1852375855,27.1019777051,31.521486825,17.225186956,19.866214148,22.327351934,33.02097441728,21.0661209695,31.1862694875,24.4529762475,27.311366779,37.3538354133,23.547842952,23.1358618525,22.7886907235,23.5000353735,26.9113638857,24.578259059,29.761190055,29.3369969455,30.3108818905,20.187406351,22.7295996024,38.3575475945,22.950203044,25.5194342635,22.162259546,20.57944673358,18.7339734779,22.6309443695
29.2447666721,50.2296539123,33.0969640821,32.3916986621,19.2493225689,26.2048740299,23.7514008131,19.3825925309,22.9286735559,1e+20,19.9868935088,26.0293314939,47.9836206154,25.5132671522,24.5172355591,15.2022941111,21.3867034913,22.9058767137,30.3428111841,29.2280717705,46.6717631241,30.2906684681,28.2401109369,24.7565738059,18.0192069981,32.0685405499,15.1357462099,46.8857599821,33.8729759608,20.9397726889,27.8019362459,22.551877256165,12.4321751047,21.7730406115,24.6078724566,20.58120886224,33.6253166781,15.4764327523,29.8912347861,24.8833179679,21.6148996291,32.2528930499,23.225032331,28.8982430051,23.2908593813,25.9260962969,15.8469747869,34.8818926764,15.3074123959,25.1930676941,13.3073404586,18.7427169281,12.0918295733,62.1646773981,16.1038785359,18.3197402509,23.44817465299,33.7782407461,14.9526195729,23.6654925301,22.3258257193,18.9430761573,22.7353076449,27.5632531522,21.5042852979,36.8433240217,25.2001326891,18.6242852631,13.6301623208,18.2400146919,33.8264409001,26.4016881067,34.9975032641,21.6547009241,20.5160096271,30.8331846101,24.77618223618,24.5404170113,21.7802289513,32.3840703881,24.4398421801,39.3393506666,21.5666014375,22.5426572251,25.6192743541,26.4253854461,25.6682396877,24.1368429009,24.5021661129,21.6352259597,36.2812104901,25.7879141081,21.0611261805,55.7890375701,22.0526767229,28.8549810069,15.4856467923,23.13394773002,25.4349886615,28.5397520007
20.7730689759,46.3375650508,22.3385242899,33.8474841639,24.6302640341,25.8693573871,21.6244157909,16.9014768311,21.9349190436,19.9868935088,1e+20,18.0595970841,41.1624651988,27.2564837871,19.4743225239,24.9941246124,23.058780107,25.9286268308,28.0927027299,22.6280551193,38.5004760949,23.7979156489,25.9533511731,30.2525205043,21.3383943575,29.7429438861,16.6796135704,43.8377937159,29.4371099411,21.6075341739,25.3211378359,24.413424507433,21.3221533964,18.2754850648,25.7201502574,24.62251599194,33.8390126539,24.7171267239,21.5835860939,22.2311372459,18.5328132019,20.4616569831,22.0172795651,19.2359209829,21.2951488615,28.3018536189,25.1000217616,37.0482170239,22.2096849799,27.9786686439,21.8176665057,17.354127302,21.2415962479,43.8093652809,20.9992448799,19.3326025332,25.59031173029,20.9399869479,20.3513825428,20.4870595301,27.5848680749,28.3936443231,23.1916361179,23.5703775751,18.4111618698,35.3535846369,18.9991858269,18.0928064869,20.5852224724,22.5020948174,23.4483571649,29.8485364745,26.5019579949,21.2451410199,19.7043283033,27.3519949349,26.75508597688,22.7049376549,25.5526115069,22.4996230419,20.7214835049,37.4079904604,23.2345960529,23.8894721139,21.3105901239,23.1571417669,31.2370488707,26.1322497762,23.5135705377,25.0654039762,25.7571102549,22.0935638699,23.1759018503,36.8339735149,23.1105913909,19.5781761151,24.0412568219,14.13879262656,20.8814554639,26.6445765295
14.4965523882,51.5521513188,15.4258392652,26.8670208324,26.2709077362,25.8692614462,17.4925263682,16.7467706492,22.9340720141,26.0293314939,18.0595970841,1e+20,37.4238881121,34.4674281301,15.205576753,32.1054016724,26.9973289414,31.7241096736,25.8229820262,16.0430196096,37.6705601882,18.4368153426,30.9229327962,36.3318197225,23.1030282518,28.5968409152,21.578740322,37.6802926602,30.5075052183,23.9129108912,28.5298348418,32.188650460267,25.926234848,20.7495144965,32.3961613763,28.71515578746,33.5794973627,27.3591221592,22.6694519874,22.7720100009,13.3891301914,19.0415415972,21.1055553241,13.8910429144,21.3014753676,29.6553317982,31.3255296968,34.2995182102,25.4523222512,26.0276056792,24.7897547335,20.5013861209,26.9863748648,38.3314826412,24.9988913458,20.2218656602,31.57062196489,15.9807811802,19.7420944912,23.9538433918,31.9164916728,32.3191285224,22.2500566892,24.3054969466,15.4282498724,33.497613639,17.2923195572,21.4159596072,23.2143968273,25.6198073914,18.7434170352,31.1574544768,27.4326804042,21.1044616466,24.7456356668,26.6468351402,33.12718229618,26.2290565956,33.0022738678,15.2671172334,18.7598702792,41.3041908069,26.1404233002,21.0678156272,13.9678305954,16.9149036004,33.426248518,31.4617828282,23.3233051312,28.9279216092,18.3957533282,17.5165316064,23.6046857582,32.0936558386,22.3652760762,15.7252637512,27.9737999038,12.6271411602,20.2906225104,29.6883461516
37.0600614879,45.0205634169,36.2892742959,38.0921451439,42.6256211499,41.8475118349,41.3167440009,40.9212889889,41.5048831324,47.9836206154,41.1624651988,37.4238881121,1e+20,45.9256773902,43.0234800119,48.2255258481,41.3381168339,42.7974452897,29.8465789409,39.7860511953,21.6985519969,35.7423786229,45.5828434673,47.6856019571,43.2096693745,27.1803282999,44.2672593997,27.2610664849,41.8087067158,40.6770632159,41.7643583369,41.198308410433,45.0984509556,40.1142014578,45.3188805454,37.96978722716,33.8565407198,44.2950131999,37.8837749889,41.1432693796,39.1900277949,37.4785859739,41.4130329494,38.4803033999,37.3414400769,40.0278576209,52.4162510829,39.0473086039,45.0857049319,37.2306644543,48.1990033912,44.6228117392,48.0536270739,29.9221993389,44.6460664269,42.1486447789,42.32271135759,37.3659032999,43.0102399309,42.2912121005,42.9612976129,48.0440652213,45.6043558109,41.4864542579,32.7410323867,20.5117113317,34.1774759399,41.8232058689,47.4651065434,46.9443975977,33.5845748369,45.8766216915,37.2711795613,36.8524528759,41.2148150653,45.4838706189,42.97812232418,43.0492397779,45.6798863439,36.6035991849,38.1573299169,36.9435834758,44.8801772059,39.3994769739,39.3918102119,42.5364567169,39.3005900577,47.8901761589,42.5959584377,38.3614970419,41.8157278919,36.3753501369,44.0789323113,33.3716157049,41.5566432763,40.6915922099,43.8679416704,33.74726585682,39.1414380289,40.9417523571
39.3887278313,48.7728698323,41.2738944873,48.5409844583,19.4160641093,33.5226940487,32.5449694283,29.1598197013,29.0800207133,25.5132671522,27.2564837871,34.4674281301,45.9256773902,1e+20,33.2842392443,22.7762021158,21.9702699773,18.7486699579,42.2839186063,38.6831752049,40.9993258083,35.6370977383,29.0893892193,21.2243529579,22.6899454239,36.4202336913,30.8500839101,58.6258839893,40.6094377489,21.7394726263,27.5402639903,19.509946942833,21.1095424477,25.0830809342,17.0976059299,35.07978729004,37.3567120372,17.8466630063,34.1889752083,23.9098866249,30.1484204753,31.2476524093,31.3454340863,37.4473606413,30.1593290669,19.6422944644,21.5798597253,47.4234770976,17.3230402293,32.7371030296,27.352378377,25.0306325746,24.8879338743,66.0238021733,18.2837096226,21.9174587683,35.12739652201,41.1759522433,24.3364503123,25.2097451369,14.5617156073,24.6328777789,24.8762276861,26.9842275737,31.6175047641,45.3396598581,33.6382561513,31.6464013893,23.6924238948,20.7962095701,40.0918412823,21.6663960194,34.7162782993,28.3204603613,20.8381409427,36.4485600713,19.61631991968,23.0410380313,18.7834091633,38.9981526903,33.7474360023,40.9077497557,21.7195985834,30.1608105463,34.3718111943,36.2206999963,32.1555757516,20.0085978834,35.1146036353,27.9035283586,43.5912931663,35.3428329853,21.8432635557,60.1701692443,27.6722689063,24.3191548793,22.3562164313,27.16181681552,31.5787400947,23.9313746387
14.284652814,57.595969025,17.04901517,22.930371223,26.517068465,26.683739853,14.920242657,16.054966837,23.748690993,24.5172355591,19.4743225239,15.205576753,43.0234800119,33.2842392443,1e+20,32.9551010542,28.917348617,29.266304214,25.840127686,14.317599462,47.275889993,19.519691631,30.884225361,40.3088841649,23.9279893526,32.918123912,21.8986673478,35.979977276,34.6268140671,24.905402436,29.003350289,29.082027454467,26.170457417,22.4184869909,31.0809278385,31.76853238626,38.6783567935,25.849955096,23.254389623,25.3420254057,14.972150522,22.581348233,25.0083184125,13.073862938,23.4199198384,30.573145246,30.673395621,30.026777359,25.75534746,27.160274575,24.0740393838,20.1989957897,26.764205587,43.345880491,24.447518306,20.589191995,33.73372609169,16.153094242,22.126425126,24.3873746306,29.891657427,33.2114260482,21.0766302,26.902933992,19.9825244226,40.5515663657,20.137435748,22.919279489,22.9498475355,25.0396982992,19.55535942,34.3827432626,26.199747705,21.708465453,23.3863636896,29.474708128,32.57870226898,26.796590277,32.54272012,17.037618886,22.02968627,47.1495140137,26.598401939,23.066299937,13.227496286,16.736393123,35.0140549778,29.93515816,22.901264427,31.968124529,14.901414441,19.317909971,24.5596211636,33.591705189,22.392719674,16.094586858,28.935160731,16.77572996838,21.8734065468,30.8116934868
38.6094480322,54.2447728782,40.1130582232,41.7480552442,22.3570108752,33.4826905282,28.9250516252,24.6282537792,30.6683404431,15.2022941111,24.9941246124,32.1054016724,48.2255258481,22.7762021158,32.9551010542,1e+20,21.1713441742,17.9961083826,39.3877417692,38.4478767876,45.8340697632,40.5555359672,26.4624375972,20.7461594592,22.408409479,34.6489647772,23.2671599748,56.7960722142,41.3451655798,23.7781624212,33.6682153352,22.141755536733,12.8906833808,23.7189488254,21.7906342377,25.24865771394,37.2950711899,13.7267350392,32.2119278672,28.2651995529,27.2904856712,34.7978294758,31.0731121752,35.9829519652,28.9687468016,21.7184614022,15.1093205456,44.2145995432,15.3878868112,33.4160772272,16.9112904799,20.1169587055,13.9214754372,73.1658629772,18.4114458902,25.0647092322,27.17669795471,40.8794661842,20.6081455962,28.3442475844,18.8692547312,20.482135172,20.9994195578,31.1163365492,29.7366802751,44.686054986,33.1823275782,28.2900577932,18.4890947667,14.463019613,41.1069703412,26.5657165772,35.3413587112,28.1852679582,23.7662754466,39.2987416982,17.97956312496,28.0803834092,15.9836197022,38.3894973662,35.0478825812,42.5986090645,19.6984653382,25.7307574272,34.4074994682,33.5035274732,28.0761148288,26.1585414532,33.5964676962,25.6025574312,45.4330175812,32.8674756962,20.5038728486,64.3431206572,24.4282545352,27.8953513132,18.7344842102,25.92474865766,33.1676937758,26.25853995
30.566107614,46.402007126,32.637688749,42.27014695,18.778323964,28.055686718,26.842360219,23.870344735,23.846857333,21.3867034913,23.058780107,26.9973289414,41.3381168339,21.9702699773,28.917348617,21.1713441742,1e+20,19.5509999634,37.615248247,32.2778158848,39.872888267,32.915133361,24.033154789,25.4008659242,22.3910473126,34.704659098,26.6093560736,52.616935806,34.2489792178,16.293555489,23.326244686,18.290904220066,20.9127780977,17.0325997779,24.1885181075,26.65839581514,36.1409817701,20.751178272,30.684097602,19.0117382377,26.442753663,28.758016116,24.074248442,30.066761723,25.9357754164,20.939315872,22.771035016,44.170258313,16.484107584,25.744157293,23.4603985629,21.8084577513,20.782657723,53.453598965,17.992618247,19.806945304,28.27442421011,31.276380668,21.094365002,20.3024856196,22.688492742,23.5510664014,23.45866052,17.85596437,22.7010135239,36.7191452618,24.421188728,24.48674253,21.1043848215,17.8655398232,31.030229285,27.320496828,35.130236591,22.269956759,19.4404831444,27.792713478,18.14515884928,17.036516289,25.571087409,33.456074087,31.697914389,38.7070106126,19.518509455,25.419758092,30.525971473,30.724725677,28.5050057378,21.623526316,31.351521896,27.84309535,37.774094323,25.411328734,19.8086082288,48.367580174,19.688423042,23.347716481,20.674679812,21.73631009446,27.3541533746,19.4191441248
36.1423026654,48.2226410934,38.893867718,46.6425099794,16.9909408106,33.5367737356,28.7824857962,27.419564129,30.1695210801,22.9058767137,25.9286268308,31.7241096736,42.7974452897,18.7486699579,29.266304214,17.9961083826,19.5509999634,1e+20,43.4012248006,35.6948096294,40.7292345192,36.0156379192,25.527075772,25.832340607,23.023871897,34.7716851806,28.4290355364,58.4760591126,37.8270917528,21.7233724774,29.4485302756,16.694974590733,18.8949191882,22.9806181011,21.6643076057,31.77262424454,37.8746231806,19.1660769898,31.6951138882,24.9846307515,28.3748418324,27.7837014586,33.327948789,33.1963438356,27.3727119242,19.0469134874,21.5621691076,48.5818461034,18.0508597184,32.9395966342,22.9020032767,22.9334449867,22.9887326226,62.9655445752,18.9158625566,22.7829375038,31.12456690531,37.9552584046,22.7829172394,24.9483156304,17.7268006796,24.9378387606,23.8928123826,22.058595495,28.5043872565,42.6481536096,30.7556452946,26.4254366526,21.6761063051,18.508588139,36.6124367206,22.7262262604,34.0004705554,27.882463166,21.4982686802,34.0199580838,17.63686436928,23.1968475446,19.3439642346,36.548745443,34.9287475154,40.4783018681,21.2762516722,29.0784020654,33.1980291448,33.7859764014,32.9740900662,20.9816705394,35.1043835558,29.5753555878,41.742935599,32.8884453418,21.9280966988,55.8248751566,27.4212616388,22.7749590448,23.4461924898,26.16436346146,30.6966521,20.7324109236
24.103543467,46.275328186,22.318257545,17.778481051,35.964257593,29.109123536,24.001702718,28.181566576,31.293024559,30.3428111841,28.0927027299,25.8229820262,29.8465789409,42.2839186063,25.840127686,39.3877417692,37.615248247,43.4012248006,1e+20,24.9987319504,31.110317636,25.666300932,38.728506884,39.9499977766,33.1635237496,26.063442808,27.6664694458,21.631504243,38.3219133741,30.600460102,37.487944558,40.390000807467,33.1753277264,31.5820500169,40.1310193085,23.94016478226,26.0253877073,33.55262658,19.758455433,34.2378487727,26.430008552,25.675130188,29.1647625895,22.239007975,26.8623668174,34.169899296,35.568963472,17.618429273,36.687569555,33.272290884,31.8614097903,31.5491952407,30.502145955,32.668035072,33.711215285,29.740055248,29.39750996069,23.527574956,28.794550361,31.3587089386,39.782531565,36.5836885452,31.696191169,34.007065721,28.2488181539,26.6134518588,27.506760231,31.388533855,32.2397675925,36.1995879262,21.218894734,37.6674932426,26.322917275,28.114979398,36.3010426996,34.9733589,45.96082356328,38.171115055,41.512320948,21.74321866,24.849044073,40.5220866087,37.811190444,23.152565752,21.86536009,22.44888226,26.4341315668,39.324847992,31.364761142,27.311912092,19.956064952,24.414557446,36.1680302076,32.119460101,25.050251863,27.340964771,30.990371764,23.245867523,30.2950863476,39.5760843398
13.0626105014,59.3183048574,13.8706140124,18.4601406358,30.2394736334,28.9701231816,15.0838174158,19.3619499634,24.3478422417,29.2280717705,22.6280551193,16.0430196096,39.7860511953,38.6831752049,14.317599462,38.4478767876,32.2778158848,35.6948096294,24.9987319504,1e+20,40.4725513464,18.0454656104,36.5645063174,48.1932434448,30.777601891,32.8541010884,25.9180595352,31.4236638884,36.3043835601,30.0990378574,33.2841418428,35.043724031867,32.9759093092,28.2191981473,37.1583332911,27.68600685466,42.1968733323,32.2449726414,16.4199732808,29.5743380831,13.4118311588,20.4231481888,26.5742946879,12.9855120998,20.0211509992,32.6834899214,37.1850008476,29.2085541274,30.5301487904,25.4361326134,30.3713642127,23.6547185401,32.6418961024,32.1414690804,29.6892268724,25.2858678904,32.08467458909,14.5862820692,25.7487427074,27.8748225102,35.5518859016,32.1628271866,27.7002004024,30.3488782434,21.2749169045,35.0008309302,20.7303783884,26.6713040864,29.0991690501,32.6543679896,14.7373139784,37.783407949,23.5912222324,24.4710912412,29.257337783,28.7353076818,38.28010508038,32.3030507754,37.9790131526,12.6174058368,22.6093563244,51.8110722571,36.1927973394,21.9625080454,13.3838113154,13.7624664134,30.2073498012,35.7095532464,23.5242780844,30.1163678254,13.7794464194,19.0768735778,31.3853392808,25.2642060382,22.1481535174,14.371720786,32.5812888001,16.70677743456,22.7999312918,33.3943146282
37.20272631,42.721649444,36.941398353,46.085418749,40.799548953,36.916519753,42.066755225,39.702246846,34.1114777355,46.6717631241,38.5004760949,37.6705601882,21.6985519969,40.9993258083,47.275889993,45.8340697632,39.872888267,40.7292345192,31.110317636,40.4725513464,1e+20,30.460004606,39.284432016,44.4086156744,38.5609147026,21.744406372,44.0655575928,35.160029302,33.9156045991,41.411870849,38.803125214,40.471318458533,44.3851610673,37.3014672089,41.5440101535,35.66889136026,35.3932867715,44.384429418,33.85334972,38.7341840107,40.118692192,34.898685985,34.5041708885,39.588779582,32.4279243954,40.600361156,48.87652833,47.382853787,41.818832727,40.35237381,47.9140852433,45.2078386883,48.302867181,24.543815586,42.243437451,37.769488226,40.63647238869,37.693722663,41.560617718,37.6669306496,42.882238781,48.4774428732,51.778864434,36.629046326,31.7601697399,18.7710628258,32.902659575,36.087321592,43.6981976755,47.0446666292,32.47445164,43.9557520646,36.63132258,34.075673829,36.7510083184,38.267238559,42.09266736328,39.517265199,44.517017101,33.83224277,34.66552576,33.7603580257,43.92885134,37.643866081,41.844780242,38.19613471,39.6356074908,43.205327653,42.830988984,35.183626961,40.961189365,33.416587575,40.9692610294,28.521970906,39.428165593,36.745076357,35.752397899,32.17507524146,35.8644121026,33.8242943998
18.997788557,55.61239267,16.373409926,25.23743984,27.014997674,24.892026333,21.443024556,21.738717971,25.4825820815,30.2906684681,23.7979156489,18.4368153426,35.7423786229,35.6370977383,19.519691631,40.5555359672,32.915133361,36.0156379192,25.666300932,18.0454656104,30.460004606,1e+20,36.21034911,40.6036042232,24.0817500196,28.723382232,21.4055117818,36.916735591,30.1580138091,25.826374716,30.915765643,36.594643130467,32.9111493207,23.4316206069,36.6775049025,25.16186241426,34.5825085223,33.734945542,23.595133581,24.6013269647,20.979926242,26.841157486,21.3581315785,15.653020976,18.5338787414,33.14818443,36.830526983,33.799876481,31.810658038,22.045567186,29.0142012718,26.1039656767,31.69577323,29.638016702,28.8381047,22.164597057,30.32649031169,16.693840023,22.315245439,26.4134517826,35.541394131,36.2073598362,30.207378569,28.894092498,20.1001963809,29.3256092448,16.829093092,20.121034771,26.9057370725,32.9060124532,18.778123306,34.1383513896,29.242611446,21.316558513,29.9497195322,24.889408157,39.38880393798,31.160534388,39.085455335,15.891140029,14.552733371,46.7462270217,32.805300533,23.616424937,16.80491031,18.034495314,36.7449402368,35.297223326,22.700939135,31.39404362,21.096574911,19.433394526,31.3173947836,25.905013061,28.34003495,18.179491648,30.537652561,17.09551979446,17.6390046208,34.0375110178
33.709433951,49.826065457,36.424615534,44.707774307,26.563263957,28.945025019,31.337963269,26.020407055,23.806940847,28.2401109369,25.9533511731,30.9229327962,45.5828434673,29.0893892193,30.884225361,26.4624375972,24.033154789,25.527075772,38.728506884,36.5645063174,39.284432016,36.21034911,1e+20,29.8600511899,23.2130590324,35.89459614,30.2528084898,54.317943742,34.986832739,24.69349379,25.157644228,21.646091539533,24.0485143335,22.8226779319,24.8479367405,29.57285356574,34.4597735627,25.248670803,30.85307697,23.2911861286,28.112807759,30.456808221,27.578499949,33.070736435,28.1464443018,23.676983756,27.489365534,47.054415375,25.454060288,31.029491542,27.9823762508,27.4447929846,27.105130136,53.282666788,24.358950797,26.09490917,30.47938255289,33.79389316,25.147220586,25.6245797398,27.077546927,28.4923884038,27.493643717,25.837565586,26.0451105963,36.8670709172,29.935045133,29.033135268,25.7767613705,23.6875784912,34.698634488,25.7953696586,34.023218486,26.803706574,23.2927881436,29.936302021,24.38369801298,23.427721136,26.525107753,36.363190839,34.995692336,42.6036227109,21.965249047,30.397064518,32.144350268,33.441055176,30.6225350888,24.107375205,34.765902549,30.133250808,38.463462195,30.360931658,21.6367772698,47.71843109,26.761451283,27.043371587,26.5217528855,27.78226620762,28.5446846672,24.8221911694
46.2665501876,48.5748022799,51.8207325834,48.9223597124,22.2875561061,31.7063815295,35.7523722551,29.6014343337,27.5452980219,24.7565738059,30.2525205043,36.3318197225,47.6856019571,21.2243529579,40.3088841649,20.7461594592,25.4008659242,25.832340607,39.9499977766,48.1932434448,44.4086156744,40.6036042232,29.8600511899,1e+20,20.3426304373,38.0741609178,29.7913764093,59.6140880302,39.641393326,22.6878659762,26.8335883655,24.878067875033,21.2840841882,25.3521142926,25.0334713123,26.83769867714,34.6745520772,22.3055414861,27.8466134854,24.477179335,31.2256148357,30.7905160187,28.6404502176,42.7708849885,31.4591622508,21.3349668269,20.3194306145,49.6976558935,21.7893498182,30.8113098758,25.050547085,24.9248355814,23.0549603555,72.6755467413,20.0105833871,22.6821093058,28.23389657649,48.8555531213,23.7010567118,27.5325127108,23.2538655282,23.0410598479,28.8575036618,27.0603703812,28.3907247664,41.4900869679,33.0024432802,29.5976192338,22.5100576699,22.9889968539,41.1705129015,21.3150015102,37.5804733481,24.8293707011,22.7850387993,34.1534643355,26.72751870958,25.0342532305,23.5172319463,44.472556847,31.6306095535,40.4797739484,24.187557636,27.7372776198,41.1542798842,41.9350578093,25.8673665406,26.4603632591,33.604984336,27.6024495433,53.0509353654,34.3922021881,24.3217490681,69.2724474932,25.1482997182,38.2184932342,19.5911426234,27.12875562628,31.9618969615,26.3992900021
25.8562565176,47.6837878292,27.3935187306,35.1595751886,16.9398172168,26.4578774494,24.7292067626,17.5257372574,19.8263497733,18.0192069981,21.3383943575,23.1030282518,43.2096693745,22.6899454239,23.9279893526,22.408409479,22.3910473126,23.023871897,33.1635237496,30.777601891,38.5609147026,24.0817500196,23.2130590324,20.3426304373,1e+20,30.6487941274,18.8649119992,46.2140343156,28.7822045554,16.5854090206,21.5884200876,21.348416817133,15.3875464442,18.1324968895,20.1798622261,22.75777589176,32.0620669477,15.1841854396,30.6723978166,18.3592798984,22.6177711606,28.3877706304,21.3749508739,25.3862865396,22.4272355318,19.0862857556,19.268145198,39.7498393804,13.9825688006,22.6378249136,19.2436936651,19.2244015471,19.3640610212,53.1063744126,15.2484415106,13.5481030754,27.76886307202,27.8690442676,14.5058044046,21.1090309588,18.9102327696,19.8378934752,20.0482233226,21.0580568934,20.3815968335,34.2904152753,24.6344899546,17.4332330216,13.0406977382,15.3502704752,28.6150626346,19.2638935752,32.3598125686,18.8196710596,16.2711708906,27.5105174236,25.24576406858,20.1945125712,21.8465503356,29.9749123056,20.2895760786,38.5807761297,20.5215763436,23.2190574616,24.5922041596,28.7491924486,28.0137617864,22.8091986108,26.5149284586,19.2779107596,32.5677151866,25.6244746776,18.130589743,46.2074055626,22.7251862066,25.7777817784,19.4583964442,20.97539896106,21.2325311552,25.1688589812
32.347680106,38.798588377,30.3525845,27.323111206,30.910391103,33.415195407,34.814637993,30.197628601,31.684808001,32.0685405499,29.7429438861,28.5968409152,27.1803282999,36.4202336913,32.918123912,34.6489647772,34.704659098,34.7716851806,26.063442808,32.8541010884,21.744406372,28.723382232,35.89459614,38.0741609178,30.6487941274,1e+20,27.0138053088,28.230822831,28.7994520191,32.906202765,37.131111432,35.324614979533,33.2577494904,33.6862913439,35.6444042125,28.75355253174,26.1706933811,33.626172794,29.550613301,30.2029685326,32.1125049,32.981526337,31.240762868,31.655382156,25.9772004134,31.10329813,36.124060184,33.792820482,34.089500533,31.350401096,32.1625980508,30.4659938033,33.753965535,32.10215006,30.229191057,30.391072138,30.58581619771,29.647194622,29.160184275,29.8116200632,36.541715355,34.5326298656,39.238951351,33.769185656,28.3586531172,19.2059317222,28.794449313,25.217970468,31.8668701555,33.1110334078,30.023531252,34.4055596486,34.68590338,31.427121697,30.8710100984,32.924061713,35.67161524572,34.530341969,37.808447371,29.138183298,24.166284962,26.8787493953,34.877133067,34.442486872,30.992155508,34.88593235,29.9619332038,36.653819533,27.853282804,22.854065503,36.229224332,30.153843422,32.7196046534,32.189081038,36.9742758,30.015786737,32.6865335,26.94743932608,30.8327453222,35.7065476442
24.2239089658,52.5494359196,29.1353565158,24.5992572508,22.2223430516,28.5782307098,23.4493930468,15.8900710098,27.1661208863,15.1357462099,16.6796135704,21.578740322,44.2672593997,30.8500839101,21.8986673478,23.2671599748,26.6093560736,28.4290355364,27.6664694458,25.9180595352,44.0655575928,21.4055117818,30.2528084898,29.7913764093,18.8649119992,27.0138053088,1e+20,39.4894921738,33.1658424019,24.1197410086,31.67495315,26.645825582467,17.9613018348,21.4269420692,29.0159387383,18.44610474166,34.8668350961,19.8494811688,28.7311098058,24.623344755,18.3081374708,34.5089442262,25.1335386403,25.6416135958,20.6482666126,27.3876618086,21.4238971078,31.4129534332,19.0749225124,22.7271121928,15.8263786337,15.8064128209,15.6992227574,55.5228678888,18.223716768,19.2442198302,24.66149869289,29.1331949538,13.5538576158,26.3087405624,29.1995566178,23.57744237,22.8570521338,29.4614499714,24.466809831,34.7818353556,25.3754259278,13.5513829588,15.1539619737,18.7165529522,27.7776347428,29.4302434008,35.1767834328,27.2469639188,24.874631824,30.9572473428,31.55887391978,26.5923922736,27.6139977118,28.2267229648,14.6453206528,42.5691607715,25.5683447884,25.4071122018,24.8003797348,23.2300242508,27.4041353102,27.937518818,18.5281247888,17.1770782438,31.1240603648,26.6961711068,25.3216365176,48.9643279088,24.2928051638,28.5192123652,23.430551312,19.91736237188,25.1625943102,31.00145832
32.122892703,49.818284542,32.367491723,24.656303139,41.681185327,47.01707426,37.130120791,40.308228254,45.769495446,46.8857599821,43.8377937159,37.6802926602,27.2610664849,58.6258839893,35.979977276,56.7960722142,52.616935806,58.4760591126,21.631504243,31.4236638884,35.160029302,36.916735591,54.317943742,59.6140880302,46.2140343156,28.230822831,39.4894921738,1e+20,44.0082259501,46.412377433,49.390215932,53.916391691467,45.7394867364,45.9441053929001,55.6913313825,38.25308615826,33.7824696321,51.002652991,29.903591411,42.3844824347,39.881487592,34.377347666,44.7010477255,33.603314353,40.2550513834,53.271524714,50.172792792,27.375081987,48.892239426,46.337283076,44.8407934583,47.4550429547,45.031596839,35.766370576,45.396941362,44.822578916,42.73783916469,33.952057455,39.520629786,46.3972569746,55.769142127,49.6212956142,46.963925685,50.010033113,42.3264522498,24.0423149108,39.397553457,41.366340373,46.4144872795,44.4451755462,29.074843071,53.5180354886,33.106793021,47.39431511,53.3941519978,47.066345406,61.21414332128,50.07606862,58.317436844,28.977032797,36.200121191,37.0379078527,51.262088041,44.243437381,33.562206482,34.671931164,35.4460281168,54.062451298,39.773478756,33.907675487,29.576318755,41.618330703,50.4079928266,30.774688077,42.152755339,35.604628134,50.9967559275,35.81058798192,41.7916002284,53.7737930958
33.5099201691,43.3781985966,28.8921395311,39.7127946081,32.2389033887,32.9414384191,36.3871345591,30.2864702672,29.1139911378,33.8729759608,29.4371099411,30.5075052183,41.8087067158,40.6094377489,34.6268140671,41.3451655798,34.2489792178,37.8270917528,38.3219133741,36.3043835601,33.9156045991,30.1580138091,34.986832739,39.641393326,28.7822045554,28.7994520191,33.1658424019,44.0082259501,1e+20,34.0542388554,33.8904028438,38.645100006767,35.0205703863,31.1585395403,39.6586853809,37.94827713036,36.8644719856,37.5254700268,38.4977791821,31.5015992139,33.4006200611,35.6150145258,31.9015149016,30.6580717351,27.1681781352,32.8938735014,38.5015467107,47.7413103701,31.3012607539,34.4968223251,35.2957114179,30.7036075719,37.7628417009,35.7350721561,31.6674726882,28.1233913384,37.21418794781,30.4704347931,28.4116543571,29.5897736387,39.3945814765,36.6821333326,39.5337050978,33.8636936326,29.960810087,34.5428823448,30.4557026641,24.8155029311,30.7845130266,36.3249507057,32.8740165191,32.8401245343,39.8096139981,31.2268230792,28.4420493945,34.0711803132,42.69936410318,33.4126775533,42.5973267455,30.9539701191,27.9723224791,36.9518235002,37.6372332629,39.2654584771,31.3512995431,37.6830066671,42.1787783217,33.8156452965,31.6441252551,34.1249731361,37.0092487281,29.4950279301,32.4073447397,32.3030608111,37.7272180901,32.4955006281,36.2040707479,28.36621210936,29.5952499787,34.9646184894
