1e+20,13.598101933788,3.13653399364834,5.41644899920131,9.01040359135574,8.34583368670964,3.52841385751432,4.41091841346524,8.27932586440665,6.78165042832754,5.4411870147142,3.17613764205516,9.93911547988539,10.3501207333967,6.63257526085521,8.95153283839801,9.64719657436581,9.62020506157944,5.43617942256258,4.3787890577397,9.86061664085387,6.77998986240228,9.41326596682975,11.8314849539367,6.34694199607504,10.3791667599741,7.24572193750086,6.94441295143376,9.18233608989157,8.09354184083501,9.65038085863694,9.73276152722595,8.72160923372848,8.65621175628504,9.17699590590076,11.3631305315128,9.364189302588,8.59672198048227,4.78524539104796,9.71031867447953,3.46575454631573,4.74801535869087,8.20953526339935,3.3782834797907,9.56502392956597,8.23495847936237,8.73734176383258,5.74861713268534,8.25394452177698,8.61259561189804,7.91389219716031,5.75000786311385,8.80814276508049,8.03246601732025,8.09807750125105,8.07195224385423,12.1451067050211,4.30954704975287,8.26457952545252,8.38813347206737,9.7644517119521,9.86304575362682,7.25154782802271,7.84582798958444,6.92777717776327,11.500168868356,7.28258833673384,7.95580635598007,8.41878261928088,8.39328346526674,3.96491048298045,8.79008189962047,6.09644631990036,8.05527481819784,9.95258733322918,7.25843164023708,8.08248316383015,8.51238323763336,10.5305729196438,4.05464015270611,7.92329609508478,11.5773957596073,8.33580526781083,6.58103757765819,4.291633283587,5.68468611404586,12.7890162619407,10.177592854944,7.63722797926857,9.88855785672884,4.87647550198652,7.48332624463282,7.55276969002986,4.3380851787174,5.73859278419096,4.1104759307965,11.0310696219599,5.69829283155614,9.16065645729327,8.95705320581829
13.598101933788,1e+20,15.315207356914,14.2198476191242,13.2223155826353,7.58607301348741,12.4377628446789,14.2646882104596,9.35689912263137,13.9194245100512,14.3815789002198,12.0447969984571,6.52719955661564,10.9401515196431,17.073823338535,13.4668694156654,11.6185326091908,12.0113002447337,11.0197441716356,15.5101873701559,6.8210582790441,11.0721861989396,12.370531919233,7.93034384872138,11.2893454039299,6.28400300767823,10.9742522719341,11.3863609650272,10.6921633309642,10.6802474134948,11.0408607256389,12.2730573898158,12.0176351954697,13.735603867904,13.080213534909,8.03085072777903,8.17528265123721,12.2794121363816,12.1950533756575,10.9398865447731,12.6447553694178,14.1560701859975,11.1227758303705,14.6739808887339,8.21559942713236,11.786537667584,10.910677131234,14.8843879518622,11.7021791992784,8.67958574836274,12.7299088844349,13.9643517968407,13.1227520609121,10.7519232018623,13.7685097979257,13.2104465151453,8.17608619067231,13.9776572990201,10.527081037763,11.0378400620242,13.028080972076,9.41950135383992,16.2284030708617,12.7202998080689,10.7192369817925,6.49862400978643,10.5762161045554,11.2836503647015,13.4896325549073,12.7555378560244,13.1378686664181,10.7009061499327,13.8372914911235,11.0163244607308,10.9318137233995,12.9277607850567,10.0948172463018,11.781516825903,16.1924070456958,12.4948779270825,11.1170665286123,4.68922654228193,10.9598865103104,10.9166177202347,16.4925495016251,11.003831521351,8.25531701960701,11.7915001946096,13.5501467644707,9.92093676819032,14.4411736968623,9.65206577968699,11.9881265804373,11.4973959390857,14.066796601748,14.3018892241344,7.37905311634957,12.1586853957037,10.2236717180495,13.3744373911371
3.13653399364834,15.315207356914,1e+20,5.33234362555832,9.03034742364522,10.332471602693,5.95342434831055,4.56095383285327,9.651924227858,7.07536072994406,5.23223424315489,4.75449425459876,11.9978377868488,11.0390848709985,6.13801656792031,8.84133881884552,9.96360403615804,9.87186570669587,6.91363466033896,3.4092209192653,11.445692943089,7.61605297794914,9.66687715343791,13.3088971166708,7.03255298740431,12.1156699125358,7.96202859705514,8.36819881653476,9.90806935286261,8.88771288938755,10.1229544709728,9.93524262724024,9.26848363424566,8.36731309387625,9.43141285156669,13.0538313635042,10.2580196482899,8.89528156001131,6.93002647701714,10.4899544320373,4.78316183784262,5.9399685000395,9.19827940445551,4.23401366139343,11.3670061494759,8.81112416825531,9.57658500170957,6.10925122615273,8.76651734298254,10.2612685839914,7.6396890440685,5.5350135876108,9.17466881707498,9.98084905827191,7.97133173036808,8.23284289695258,13.7517503113529,5.89038058520181,9.22178206683834,8.85032193428884,9.97041457868023,11.5975313553904,7.05324422208542,7.79704532383516,8.01765098349941,13.5177148768871,8.09114810065513,8.22269627891389,8.51677296010489,8.81665544180983,5.7297387442549,9.60298235935977,7.67412322872225,8.64467817463367,10.2293723993103,8.44206720217033,9.34561640837183,9.75895666661467,9.67871549194974,5.4488424377221,8.36470827765437,12.9952800427177,8.77899916926893,7.86530826590536,3.76018645584936,7.02788113549563,14.203143140653,10.9286490721492,8.16504683097443,10.6138701258383,5.6384542353153,8.93606413303683,8.28175414915802,5.71992807239385,5.98821651111309,4.79915576798913,12.9760714203712,5.91783229490478,10.4931014968277,8.79023633617157
5.41644899920131,14.2198476191242,5.33234362555832,1e+20,10.5351575625771,9.90733559927051,5.29854745786443,6.99012524641389,10.5166695101107,8.41133566026553,7.73397380328362,6.67573423836083,11.6401438035425,11.4735611551976,6.28893683651316,9.22232895412392,10.3481790504501,10.9991576063313,7.59362157580759,5.37141020922341,10.9856570656007,8.77272666465871,10.750881042093,12.7502654798209,8.65173951587279,11.798123901557,9.13010100197021,5.78318839674609,11.5433399614668,10.0299219931295,11.0811195236978,10.8418896432601,9.97113336500906,10.3952411716663,10.6489841964917,11.8764521434336,9.61871793076716,10.0044427958119,5.44284236024009,11.0791209883518,5.42595222785259,5.98211864813184,10.8606281770006,5.00149690057061,11.8325934766657,10.059277996244,9.12666311772242,4.59957121075397,9.5823998848578,9.82028281893391,8.83933281954017,8.40727563346522,9.80198222604309,10.3142524995139,10.1714614513888,10.1987041425429,12.5757538576593,5.56055536502767,9.9764033529918,9.48448547567226,10.7122113716143,11.1100494800708,7.29411084122889,9.57466366019124,9.04847038002722,12.3341989108255,9.07518125675935,9.14225689777347,10.2481003106845,9.70896232905671,7.15186125425793,10.2872985684914,8.98006903201754,9.72144919062426,10.7244437780012,8.40314530595942,9.70487411390587,10.2122948839231,11.8195515062509,5.9716537212643,9.3145882405963,12.1738636179876,10.0947877243143,8.79870952799574,5.63192366039857,7.31468267118666,13.8733323843609,11.6168901388509,8.44232813654832,10.3585225595112,5.39052675008936,9.58575563604037,9.30666223495294,7.30234726954873,7.27526001594122,5.78510414128776,12.1115959642649,8.04845012790234,10.3495761531884,10.8786646921177
9.01040359135574,13.2223155826353,9.03034742364522,10.5351575625771,1e+20,10.3526561158574,10.3512752447866,7.41920402887516,6.21338814207114,5.29501943953802,6.86242127876176,8.41129809526469,11.5033294511949,4.50569305232337,11.9962655753312,5.13301654799053,3.65584406762885,4.84733489812125,7.26792654041029,8.85780771134581,10.7528556985926,5.6855218076044,2.44316034359418,10.6247698567205,6.20977244317628,10.7004183637517,5.57427176397691,12.5671985927365,6.58717973066682,4.48975935394598,3.36077173487211,3.28485666729431,4.93741684586285,5.12112908638835,3.32884498753923,9.51692755154072,9.12249813047377,3.74269267798869,10.8265971785899,4.5750665592286,8.3882405265604,10.171143807405,5.4331399309145,10.4525322287455,8.02742562911622,3.10998448273993,5.33029833097569,10.6910101110155,4.17481462310588,8.34574511035891,3.70026977699412,5.84801766659053,5.46241488882713,11.7494954242408,4.84041969449978,4.71987484978576,9.9268655692349,11.7690873769388,4.3922965274781,4.19680370569174,3.36727379193706,8.80551335478869,10.6042225272306,5.03664220739846,4.43382895675071,13.0776012310408,5.59950776954963,6.27069226943184,4.59624346439503,3.36855698265759,8.79563103535799,6.44217604347486,9.65230533899543,4.04516145564705,7.64963677116865,6.4596620864219,7.09744143425019,5.84430517941349,6.38686028339637,9.87386205828524,5.78739372456551,10.2951138471005,3.88115902024512,5.85285471751409,10.5687567983148,7.83097472478993,10.9862597453913,4.04102532118183,5.68012792479628,7.51467484352522,11.0187530123336,6.46340842877675,4.99985381638534,8.39682141797334,6.40141518904743,9.15038117717644,9.64289245729221,5.01081523959664,6.9854939238183,4.87332075135556
8.34583368670964,7.58607301348741,10.332471602693,9.90733559927051,10.3526561158574,1e+20,7.46968734688635,10.0675828541649,6.47730148988708,10.3520954415879,10.2667609502103,7.07624701182876,5.40990951680727,9.55040105837653,11.9462834429543,10.1880451813843,9.35399558192438,8.8842190698877,7.81990340212279,10.5807876937743,7.01718746214904,7.90495223361884,10.1761333426444,6.75258510305299,7.43599982204836,6.43812897713076,7.5514818567706,8.62430332857967,8.79077957115326,7.53007791363411,9.01282446612563,9.66077445580089,9.30660388260194,10.6854866892229,10.1856214479178,7.7223305631858,8.12849717249775,9.3848814686242,7.85278933167547,9.27368115776193,7.66499374632975,9.68932966927001,7.97039601714994,9.85527844833044,7.15517593021527,8.86006215335361,8.27852791072063,10.262999682259,8.74606490201102,5.30577246840747,9.46694748712389,9.75201613353019,10.291334186155,7.52114425598399,10.4070224688419,10.2506112815051,9.0313762350992,8.80046595512969,8.03879868066632,8.01207678295701,10.7753546283467,7.58561925930935,12.1557880527044,9.60248340840614,7.75525003381636,7.42805802890119,7.06488821182376,7.17689674120305,10.4601251644577,10.1090377623218,8.75638464824334,7.16031043365939,9.06891322943048,8.31544995607362,8.01927048377748,9.89841425502808,7.19580093504524,9.70051858405218,13.1079324059488,7.38327773659185,8.31266348329672,7.2012360955751,8.36274115736383,7.8430759185796,11.4897103884862,7.58298926291095,9.58434042704444,10.3562025177611,10.7033781564353,8.541846293276,9.64036977838742,6.57307337025043,9.25709217659941,6.90054424920089,10.1587936780212,10.1838114975915,6.97495624587315,8.62772439901762,8.65304620613117,10.7800431022005
3.52841385751432,12.4377628446789,5.95342434831055,5.29854745786443,10.3512752447866,7.46968734688635,1e+20,6.11277537965404,8.57989698774124,8.26409732858285,6.85312863612975,4.71352836938655,9.12131229915297,10.5693968354582,6.96969955271324,9.52018773642059,10.0513237417835,10.2188293454283,5.82946183240596,5.82624146793683,9.69550256441733,7.85405332990847,10.2594810617985,10.9347653096358,7.94023431251157,9.8500562460373,8.54053163450693,5.6141864868957,10.520168899872,9.02870682900559,10.5891585193171,10.4806813638209,9.39153753663504,10.0854055951723,10.0050556036991,10.0562758392357,9.2113792494336,9.46691437394059,3.01728019389059,10.1143160235861,4.42934021203059,4.48901852986804,9.2748171648102,3.82538732653128,9.47300724390311,9.19057628658787,8.59731430095162,5.0897000701293,9.10521414689273,7.86236238801513,9.19033497543469,7.57300557003191,9.38365385291712,8.12732221535745,9.55602142294163,9.5318799892561,11.064928529551,3.39989450343186,8.81555800366061,9.08379312449707,10.3953312137403,8.96294551328932,6.9001744380945,8.98724394546442,7.7783408156655,10.3933819544716,8.05211741072785,8.75526186831598,9.79968371366852,9.04193720262076,4.58205502896335,9.76586381474741,5.85911504429521,8.84384845643432,10.0191797232617,7.48484290872882,8.40883422841209,8.75148563395645,12.0990454609778,4.54541656759271,8.94725165917393,11.0931434501873,9.15085370482402,7.16357758227207,5.49405950711419,5.11147853044618,11.8537327909314,10.601832969121,8.50015781159776,10.1149623613429,4.31910782714192,7.94874210227745,8.11466756354362,5.69003038813174,6.56383029452194,4.39605058174673,9.70138381585429,7.14170822496188,9.10781008727111,10.2924639005132
4.41091841346524,14.2646882104596,4.56095383285327,6.99012524641389,7.41920402887516,10.0675828541649,6.11277537965404,1e+20,8.38337336218719,4.74026301066374,4.42250701154773,5.71705297347777,11.6025538387367,8.88280772962367,6.93724321649058,7.38196274357171,8.32842148298289,8.49120170436072,5.01617333235849,4.05565619461785,10.7148993244462,5.63132898425887,7.75198548567109,12.1825594297212,6.8816484101779,10.9810783346767,6.93300091571583,9.22669789682214,9.20434136785049,7.57198909771457,8.56472936283634,8.3725863951716,6.91446014788583,5.80420085031739,6.94372199657269,11.3570325372369,9.15572034143477,6.86026075558755,7.04947236286948,8.43288614372771,5.67977459279473,5.38978536664508,7.84680000592831,4.36887435665415,9.79516022253215,6.55301751287802,7.90083719498867,6.45485082236213,6.92465135097786,8.92708051215916,6.69654821385669,4.43353956470498,6.21538627832714,10.619102362606,5.24515502065628,5.22665804820915,11.7982423726464,7.13660672571938,7.209281053511,7.76245927217997,7.57796435211214,9.21030377633481,6.31740401793779,5.23514670460863,6.5942057200845,12.9383495410257,7.66026770365837,7.73549992097637,5.68337921859757,6.43061526689301,4.24411147785869,9.04849909879572,6.08050077278385,7.44012164813051,9.8647297490956,7.09463970909263,8.69744355384438,7.5545410393381,7.68399074292734,6.81180396089037,6.69477570840512,11.8542322630019,7.0664084570469,6.52669261211434,4.63001698653517,4.90570283804292,12.0307471073926,8.57073811004592,6.51518152527055,9.54028285830626,5.27394559173362,8.05291683020332,5.29640444265001,6.37430332822128,3.24813570453879,3.93693068793454,11.1452089644702,4.19429165235,8.82294182668209,6.22028246338381
8.27932586440665,9.35689912263137,9.651924227858,10.5166695101107,6.21338814207114,6.47730148988708,8.57989698774124,8.38337336218719,1e+20,7.94119980267307,8.22815081209058,6.66098088399009,7.20473663249322,5.18736792950203,12.8923522261942,7.32545718564087,5.6210040657736,5.14987119181184,6.0422747299626,9.97511542465953,6.9833946201904,5.07379488604758,5.70923839349403,8.66770564624118,5.99271002024174,6.85571200885209,5.10500595637315,10.1973340025748,5.27654205912546,3.95671396626318,4.6453295313116,5.63884024905133,6.37271143094325,8.01173656274759,6.53375064208826,7.33669377612303,7.79440937233737,6.02404716231577,8.5075828674631,4.93681584038668,7.65918674025908,9.80126147025025,2.55889873183829,10.1951337753364,4.08282496550125,4.88016993923497,5.80015054140523,10.4235617610577,5.32960709556204,6.36122021345759,6.24567236358782,7.75633062635534,7.60173748673249,8.24590203315996,7.33211977620886,7.11144400631624,7.76997931339324,10.1488298982515,3.68725291403063,3.80496398343167,7.0963162575506,7.72589266619304,11.7101070980477,6.99694239325416,4.11922580736019,8.87052137143037,3.04083490893519,5.25341188785821,7.26649020735427,6.28546971346823,7.71212880598067,6.15286375378801,8.93594477718966,3.33070169892215,6.78945621808258,6.57621119226929,5.97639086849665,5.8638240185828,10.4605300062049,7.89350893663595,5.75485169165808,7.3781406379977,4.61388206345398,4.8641404909399,11.0309860269594,6.48261831835727,9.23855309759923,5.72126786041634,7.33854278430932,6.73687030284725,10.6091376584295,3.52209783775959,6.23599839475434,5.88849071230381,7.99842374552181,9.46962783164851,7.02470944565959,5.99449686706551,5.18103669180675,8.0615697930999
6.78165042832754,13.9194245100512,7.07536072994406,8.41133566026553,5.29501943953802,10.3520954415879,8.26409732858285,4.74026301066374,7.94119980267307,1e+20,6.52724224017634,7.51775950587957,11.7462644838298,7.09302295445885,9.37036036410794,5.56583158553987,6.97803466123639,7.78700967219313,5.58745869572034,6.904428802293,10.4758064466292,5.0679632096349,6.26381326430581,11.0072465510175,5.84483207834802,10.3945343014003,5.04319443203098,10.7798123423676,7.7265879596282,6.81051387453873,6.72690108557249,6.64140096797731,4.19424579223255,5.09761217845742,5.7767376074206,10.2110927813918,8.65063104620869,4.79740089591988,8.91582772671096,7.31820539903442,7.07095250247518,7.99652672711807,7.24143962970093,7.72911743604154,8.6550803552489,5.08690646426293,5.92825672988662,8.38771724570452,4.49041872772525,8.6569098436267,4.78242335280137,5.13272599231485,3.79381429469805,11.3660799674215,4.72244880985016,4.11969735675697,10.2265645300584,9.87849750948297,5.60795510721075,6.6735307704184,5.92586271625615,7.91801189100889,9.19719588165638,5.03131858519773,5.86080585441637,12.8603764797909,7.4882715305082,7.33015841383891,3.67077462413428,5.00814914602645,7.00494573046048,6.99039055817632,8.36624565932243,6.86337722569756,9.94077761652982,6.52286756487856,7.53485849865891,6.63283503099031,6.54991697589754,8.82892666472741,5.14725917309262,10.8042646579742,6.301110315498,5.7518237566106,8.03402907708236,6.6058406735982,11.4368107467393,6.82862867572167,4.52155236551303,7.26677501792739,8.41272281410146,7.15894033536185,5.29148978897146,7.75771485918842,4.63004620192983,7.09146842171766,9.73078959448981,5.11371514213761,8.07476601330877,5.63255362350333
5.4411870147142,14.3815789002198,5.23223424315489,7.73397380328362,6.86242127876176,10.2667609502103,6.85312863612975,4.42250701154773,8.22815081209058,6.52724224017634,1e+20,5.21642870501804,11.2128545240551,8.27039759103142,8.64461512346625,7.85457061664601,7.45306691578296,7.80855032575944,6.07920205796478,5.50241452504984,11.6694836971495,7.04031093510235,6.83568147942248,12.7680759287772,6.53491214823252,12.0570538528273,7.88831250001958,10.1030460162093,8.91581800313696,7.12459532207653,8.24865527402837,7.97934328325745,8.09924554524897,7.17876265207625,6.69893644570332,11.5328915356013,10.5364965617433,7.05075169047725,7.82971413451385,7.37397650883516,4.83278323356066,6.04722090673595,7.77721371399307,6.17228803408266,10.1137875053754,6.88296249890896,7.67200762602387,8.17167968641197,7.52490556526672,9.71024910006541,7.04453024100454,5.09998354015257,7.79240157450586,9.82992717984166,6.5749795742065,6.67418630605689,12.5104859776028,7.31501891857059,7.17365997268614,7.34892961374938,7.25110595154828,10.5566644229368,6.44660173659799,6.46228850349916,5.86907239635994,13.3697103624749,6.64757349126221,8.08262107829258,7.33383244128163,5.61639580950449,4.98929140343507,9.15483970369455,6.24965814250899,6.63762924717267,8.63279839979338,6.60505789301793,7.36278974005062,6.8790609597418,8.78062354761384,6.30371932501747,8.35040005448599,12.3869354303811,6.5359484127756,5.90664016569743,6.34454744729688,6.17321797756745,12.5533826200633,7.87698390490801,7.08109159375948,10.7636508718463,7.16355836254251,7.77090737009356,5.44961382448995,6.37609750626146,3.96561733621922,4.42685531681876,11.4004941310899,3.44521024700134,8.29979091426924,6.8342824009736
3.17613764205516,12.0447969984571,4.75449425459876,6.67573423836083,8.41129809526469,7.07624701182876,4.71352836938655,5.71705297347777,6.66098088399009,7.51775950587957,5.21642870501804,1e+20,8.03427752820729,9.25722139865193,8.96537526955521,8.97955146814869,8.71681827324447,8.60038182618379,4.95635807452713,6.35747885746198,8.48798631425792,6.13996371562064,8.46654000916471,11.3531876741704,4.88742678835248,9.34110459545127,6.35390264631791,7.14136771366721,7.32220370062096,6.59418894537314,8.44310944720629,9.12890516812892,8.55220218626451,8.87234277950017,8.77003473358309,10.7834269567966,9.15164169666715,8.21454466145954,5.07638085933637,8.22876267335034,2.48376835381891,5.77450300589407,6.72550048431705,5.55884094488812,8.29827313477608,7.7201142955255,8.02274182657293,7.71665958955456,7.75805926149691,8.3439111477625,7.59743931856414,6.551621642778,9.03564986349804,5.96715617123423,8.12684533895638,7.97210417320904,11.5616038575758,5.07814558559264,7.05188602273783,7.1569853316853,9.37054796121362,9.86448935859445,8.75336238354759,7.81557546379847,5.50600609641995,10.1604670276011,5.29440745852867,7.19905375685043,8.63150965870211,7.89838862125825,4.29905906199388,7.59448878286862,6.41577985111293,6.67437986215569,8.97342099426618,6.7389316698344,6.2862415313078,7.58719282860915,11.1965199545138,2.6425451438344,7.51375654536986,10.3284404350795,7.22166519929116,5.47696702336632,6.72315793043025,5.79541871699255,12.3104416364799,9.1968736421029,7.53010299888018,9.58631254485768,6.72845581999938,5.91964979814961,7.08330438506979,2.40570156081969,6.33619305407032,5.67615948026441,10.2074383808066,4.858223133541,7.47961800370063,9.03345870893292
9.93911547988539,6.52719955661564,11.9978377868488,11.6401438035425,11.5033294511949,5.40990951680727,9.12131229915297,11.6025538387367,7.20473663249322,11.7462644838298,11.2128545240551,8.03427752820729,1e+20,10.1442688818587,14.7451029544241,12.26960333373,10.5364856310537,10.7971074986797,8.56984789110767,12.8857114024609,5.57327251709441,9.08432712367858,10.8849976508882,8.80886309237945,7.95953851823063,6.89869824921526,8.6879754390085,9.13247758497755,7.98610214422014,8.57393666456667,9.56617214195671,11.2213032649248,10.7973013856966,12.6900520629282,11.7900458848718,8.51726799972599,9.07050667790446,10.9528016419379,8.95168923891775,9.30766265708716,8.77795768419839,10.940484184967,8.95997920448165,11.6662947582964,6.69928213567571,10.2144346882776,9.66663193779349,12.7394225774289,10.2098411726935,7.8945949224498,11.1682038051254,11.8967556213683,12.120840772295,5.7373875640245,12.286636691636,11.8067009536791,9.11725616440789,10.2302009363856,8.66340823750981,9.34222822214833,11.8499465953924,9.23044182692561,13.9757206807579,11.5397442576313,7.95465742771119,6.03546757857339,7.89567207387199,9.70093275997569,12.2256769355404,11.0119117007586,9.9236627380036,8.37217740766136,10.6429837378399,8.86041904687562,10.0959616030698,9.82312388815919,6.70666787881696,9.23371245853634,15.319905269859,8.60407812233626,9.88074596800458,6.90100175418883,9.43749301857336,8.15128818183743,13.5117905086172,9.26425573050653,10.1369248531885,10.3429398968017,11.1351432514871,10.0037527777849,12.0509871528855,6.96430611159318,10.2427681438521,7.6501607640395,11.7825595439226,11.321341170464,7.59025785649312,9.51591565304982,7.8674331528542,12.2932799913447
10.3501207333967,10.9401515196431,11.0390848709985,11.4735611551976,4.50569305232337,9.55040105837653,10.5693968354582,8.88280772962367,5.18736792950203,7.09302295445885,8.27039759103142,9.25722139865193,10.1442688818587,1e+20,13.4450188747921,5.61383205446473,3.08622572745811,4.42425344906019,7.36845235976955,10.7548568172061,9.89117060997015,6.38444263932357,3.18513698870961,9.48761551289502,7.10797220335801,9.36457608023716,6.45736897405374,12.3253767292738,6.95259425274347,5.34075921034886,3.92286500099544,3.68270512229465,4.72402397490633,7.0189092417884,4.41408333058942,7.5178819947103,8.73261971012982,4.02978781993015,10.8230378390885,3.24155291678927,9.25592361112994,10.8447337871244,5.39891516062507,11.5034958674138,6.52652867650779,4.38745620680775,3.61122950586714,11.470755512809,4.04992775709732,8.04437210245517,5.60715953918093,8.09952289034342,5.71757257961897,11.5885452314791,6.71443823912478,6.25223366942644,7.818826084618,12.1045115445991,3.17765885613302,3.96044567604686,4.10924971991278,7.72456179617349,11.375158493815,6.3476519540401,4.95076534143986,11.7673858028332,5.48806409346148,6.61879514933759,6.13878005218549,3.62371609725547,9.46172099712506,7.04611126549133,9.85528073710771,4.04407184022398,7.175216536902,6.6436569602642,6.29799127013146,5.10781947333947,8.83081680908352,10.48610522378,6.48371828148611,8.70729084624855,4.14212928147241,5.77495873961871,12.1179234551961,7.68752225546903,9.16108400719154,2.91726898566654,6.63350032708384,6.84686867965271,11.7157175343273,5.81562352991652,5.37570725926632,9.1392328642678,7.47330330883025,9.97256403476121,7.31193926155562,6.26392249215096,5.64445329765355,6.6070182226391
6.63257526085521,17.073823338535,6.13801656792031,6.28893683651316,11.9962655753312,11.9462834429543,6.96969955271324,6.93724321649058,12.8923522261942,9.37036036410794,8.64461512346625,8.96537526955521,14.7451029544241,13.4450188747921,1e+20,10.3077489346342,12.1647078477157,12.0913689721789,9.86291424064487,4.58582421923706,14.4027362295969,10.6945685329186,12.4370581345627,13.9488787075699,11.0973415218855,14.1858086779095,11.3285369094548,9.81510276696977,14.2551220291157,12.0633645485416,13.3156638114869,12.2956753244416,11.0917954136016,10.2067713074788,11.2820957630452,14.4054098505734,11.8000218039659,11.3067931791945,8.68810070255796,13.5501043247132,8.27614593103319,6.45615494900831,12.9379261589912,4.73611510358416,14.3704163860168,11.3854811541025,11.3892275134371,5.32819280883037,11.2896256319424,11.1242632713814,10.5863176258007,8.1842804655029,10.5167323979468,13.9570609304302,10.1431876293982,10.7429609381059,15.3253136041053,7.00689136348067,12.2424190192779,11.9418114825786,11.6887983930524,11.9294244126793,5.3166688530541,9.69457147314404,11.5361766683217,15.9615142583198,11.8526670206674,10.5762335502512,10.7146617790451,11.2600319054707,8.25019853468493,12.3890008297728,8.02794087885848,11.9856353399028,12.4762131198768,11.1986294304319,12.5318417239988,12.5943261099893,10.8387091228601,8.9176371766804,10.9969565629468,15.2003760140729,11.5950447790382,11.611715957379,4.12570354456025,8.62402620368625,15.4138758849349,13.6495117961543,10.8837258745858,12.5759097657487,4.41789373789306,12.6226542038077,10.4868605325103,10.1835605715232,7.74957024904437,6.18734947503068,14.2752249994757,9.53349211265266,13.565655210627,10.9627042524145
8.95153283839801,13.4668694156654,8.84133881884552,9.22232895412392,5.13301654799053,10.1880451813843,9.52018773642059,7.38196274357171,7.32545718564087,5.56583158553987,7.85457061664601,8.97955146814869,12.26960333373,5.61383205446473,10.3077489346342,1e+20,4.93133989499975,4.75487842988134,7.98153537944573,8.0941843510348,11.3451801233549,6.68087604918329,5.49733563631711,9.92986608445513,7.30533703853602,10.7959466071675,6.02254779461131,11.927578401659,8.6207932565617,6.77177661885444,6.2251941920627,4.35325672978342,4.0488272787688,6.03007932059389,4.99857952857704,9.5708685102291,8.59537205293749,4.13166055112259,10.022473724293,7.14194569609385,8.66830551383859,9.34727762759835,7.30436514091911,9.75980713141432,9.2488343039172,5.04541378639173,4.69820726414207,8.75239845100112,4.13954451823104,8.31722822711968,3.35184069142804,6.38949491787703,4.20026553575243,13.06682707273,5.52430123172221,6.34273586170834,10.0118033760881,11.014860681163,5.71086747733352,5.0376464896825,4.93207598748897,8.39190303704058,9.35313517318866,5.62948047569482,7.06310243352279,13.7678967557612,6.88881795286137,5.06401003966046,5.1638676729112,5.31225898498283,9.35050268313979,7.17298289765073,8.99630408884163,5.97872665722524,7.45145366980884,7.70744001646003,8.18209369211121,8.05375386106813,6.43808147709017,10.0230342878755,5.67625757268636,10.6382374295646,5.56176000622759,7.06292761351567,9.49738548440279,7.27127616668992,11.5241289787889,6.64647764610005,6.61774109326182,6.61851498040879,9.84254780137205,7.71551484090049,6.55790255393471,9.07086859208455,6.33221230014018,8.80118543242931,9.43858977396466,6.52339967366643,8.73898698593508,6.56698994689298
9.64719657436581,11.6185326091908,9.96360403615804,10.3481790504501,3.65584406762885,9.35399558192438,10.0513237417835,8.32842148298289,5.6210040657736,6.97803466123639,7.45306691578296,8.71681827324447,10.5364856310537,3.08622572745811,12.1647078477157,4.93133989499975,1e+20,3.46752671829597,7.55287632740158,9.35958128872178,10.1300782528237,6.32079633276184,2.82732020935168,9.33384162935453,7.10223727710877,9.76655773497017,6.54301730785759,11.9440671558008,7.52421184599769,4.72815989638858,3.78747634610151,2.50931119752427,5.31948498866477,6.30446977823003,3.70264147222314,8.14838259509762,8.26645268174998,4.08926729784057,10.3622057490572,4.00372093508211,8.51253149571218,9.88239337600519,5.89915572811267,10.6448200430544,7.4694238302502,3.94643272281137,3.92193581550145,10.4690077511885,4.41246917264735,7.27240779941072,4.88488941597279,7.13879303519933,5.98906547722478,11.7628388466782,6.22210351965434,6.22808683148774,8.66551053501095,11.5282975375043,4.21965378148727,3.34785083197993,3.33445728687021,7.86468231844124,10.1806431402036,5.80559645611654,4.86468696213959,12.1084811130505,5.07841099511834,5.70010889334606,6.16701486275426,3.61603284941009,9.10658274947186,6.9601404716251,9.34967701116868,3.52326154284968,6.19234547616335,6.66892528384456,6.85049513135544,5.96386208306408,7.81397082502897,9.74187106380063,6.37061697014011,9.10025759170015,3.41871095053339,6.37057482013627,11.0835556345803,7.2120730025247,9.74273823135488,3.81799983110042,6.44304597844425,7.01633854317386,10.8149721879373,6.43467663228691,4.98008151704785,8.81971726948665,6.84546059030444,9.19064732532728,8.21612485954181,5.70998781184434,6.34624293705994,6.03510196619284
9.62020506157944,12.0113002447337,9.87186570669587,10.9991576063313,4.84733489812125,8.8842190698877,10.2188293454283,8.49120170436072,5.14987119181184,7.78700967219313,7.80855032575944,8.60038182618379,10.7971074986797,4.42425344906019,12.0913689721789,4.75487842988134,3.46752671829597,1e+20,8.30121977857557,9.46493747420365,10.5922622482896,6.71171697766099,4.47585238443173,9.29951299175997,7.27991813501367,9.95354752261764,6.48934762762467,12.6456891407555,7.6847084178548,4.94812936801172,4.94077639554323,3.25797163701924,5.61149533597515,6.34866802072874,4.27423393957347,9.1541723472016,8.87558429803627,4.69643315197929,10.7612057788832,5.59889726436596,8.95430310183161,10.1475813444716,5.36840833128116,10.8846772286307,7.93154425022709,4.28021529593783,5.3013346574515,10.6527047240417,4.87855611270746,7.64420955436868,5.03017734259744,6.88158684670707,6.5454868299863,12.0541089065547,5.92775211107101,6.62977416206912,9.9453835315355,11.5273160929364,4.97728318670692,3.8234686858073,4.93175102682619,8.66664381980504,10.5104011516832,5.72975253096193,6.09443432197692,12.8428632605393,4.99696990366624,4.00767916053217,6.31413512543513,5.41199625029574,9.29944171679124,6.94304522638242,8.90129882068719,4.04580779846094,5.33866907986748,8.16012917932566,7.46096287345368,7.56883187839307,7.60171047452837,9.75335689855546,6.35554778004048,9.75373132450669,3.73989008503069,6.99682690917836,10.9742754554672,7.51169022291148,10.6221372499403,5.82918971275736,8.10514610748288,7.59696193075339,10.9857319980458,6.84134629710683,6.14408077038341,8.59025931428674,7.43078068694332,9.75324950540333,8.96281322828075,6.14627327950867,7.87678886713012,6.53753292934716
5.43617942256258,11.0197441716356,6.91363466033896,7.59362157580759,7.26792654041029,7.81990340212279,5.82946183240596,5.01617333235849,6.0422747299626,5.58745869572034,6.07920205796478,4.95635807452713,8.56984789110767,7.36845235976955,9.86291424064487,7.98153537944573,7.55287632740158,8.30121977857557,1e+20,7.05516560741085,7.40954992896518,3.70039223261432,7.02585720546639,10.3490242596113,5.80719826756871,7.49546992517817,5.45923794626344,7.37493310104123,6.87043020763949,5.88253979662002,7.11710483560107,8.16453859456547,6.4073154029628,7.08175069856449,7.29159626109614,8.513823810297,7.69600670505917,6.79860699809824,5.70045122297678,6.47079727872082,5.16996460410368,7.13096899550723,5.98035016609985,6.23835174867634,6.3938408566926,6.01071831518762,6.31417537060521,7.44671734924345,6.18720444338137,7.26227375127666,6.71496424785594,6.45076273547628,6.35257825236105,7.65356267045247,6.43167199017242,5.5897480713238,8.46687067329527,7.4914519898291,5.05381141602548,6.52619790925044,7.54399361052444,7.21300968144586,9.14003239352822,5.98101788483059,4.39551780579882,8.89151016279359,5.6027071851827,7.49938604147471,6.374695963459,6.09301621820784,4.00682073341755,7.69847367217105,7.78818599691654,6.07589557990707,9.48112651096708,5.65202654253464,6.68895518258994,5.605718678072,9.92137896750215,5.70165201098149,5.31859424720678,8.77620016871805,6.23491932645834,4.19655475733025,7.80813694414817,3.83835744802698,9.4102420034629,7.11398981499462,5.24595568746911,7.39227212702602,6.79404307154234,5.37687458066871,4.61431641656825,4.62036190661778,4.98075287867035,6.1514218680317,8.03551227655146,4.20606341215099,5.58115441454761,7.49957098140197
4.3787890577397,15.5101873701559,3.4092209192653,5.37141020922341,8.85780771134581,10.5807876937743,5.82624146793683,4.05565619461785,9.97511542465953,6.904428802293,5.50241452504984,6.35747885746198,12.8857114024609,10.7548568172061,4.58582421923706,8.0941843510348,9.35958128872178,9.46493747420365,7.05516560741085,1e+20,12.1193049887833,7.56169187575457,9.43812375079943,12.6996680886468,8.46793185349994,12.2461103843091,8.7038578608469,8.89614078158398,11.199130156866,9.08248911656888,10.2142104303346,9.44026787860271,8.86425626276041,7.4299827741974,8.59873166929722,12.3563905678382,9.94083457505447,8.44289888140337,6.91531531505201,10.4274510020605,5.86256126879647,5.41810641356536,9.69384462009988,3.58578714369589,11.6483400560403,8.37794867862062,9.05288536498535,4.38351281604372,8.5805140812279,9.35072651531473,7.56321933119718,5.11000937910634,8.20136198805317,11.6203423832075,7.19063112473528,7.7319278414097,13.1353535675762,6.53160147660641,9.29463438831956,8.82522231524226,9.10289679973152,10.4976521907641,5.18818983512221,7.0110725425821,8.39970621390849,13.8709343299587,8.73909057402744,8.22493725894999,7.89766948696315,8.34453373212577,5.78953116338044,10.3642158778122,7.08151119690878,8.87433093986563,9.88425153290407,8.57532567945684,10.4126091494786,9.87692865041267,8.54787751812893,6.57283556855304,8.34852927557407,13.1110255692611,8.78717585950202,8.44194195290058,2.8240171127169,5.97100956409146,13.3833801727689,10.6296500986777,8.11086434059261,10.4378472213295,4.08624989555906,9.5657407730626,7.39362858578014,7.23674166876431,4.87992765254757,4.15446052398922,12.5229284959873,6.21441278492216,10.7057546470458,8.05070675099698
9.86061664085387,6.8210582790441,11.445692943089,10.9856570656007,10.7528556985926,7.01718746214904,9.69550256441733,10.7148993244462,6.9833946201904,10.4758064466292,11.6694836971495,8.48798631425792,5.57327251709441,9.89117060997015,14.4027362295969,11.3451801233549,10.1300782528237,10.5922622482896,7.40954992896518,12.1193049887833,1e+20,7.13580301507543,10.3799563459176,8.91751451192343,7.99576721967882,4.36964141075775,7.25851478827711,8.49604999816927,7.03279403606432,7.91810294698901,8.63222663430661,10.5905536053669,9.61336529623355,11.0116274119247,11.1923008523175,8.56423022585176,6.30949244373652,10.2117947118072,8.83380413126425,9.17875019321427,9.37415416211605,11.1345749929136,8.20430129095129,11.2861715543923,5.82641111934311,9.14861406716475,9.41695643879468,11.7690836875944,9.21282524400613,7.59073907609171,9.85043044598744,11.1299838246112,10.6846715812282,7.51591336145271,10.7754669098942,10.147869490254,7.76206341659757,11.293025556529,8.0023011863678,8.69540126900248,11.1815750601587,8.45361749177494,14.2085297017147,10.1042112676146,7.77893315612192,4.77610596431951,7.82233169527835,8.89358357711257,10.5400950638669,10.7437908715817,9.6716437524238,8.29516178080379,11.8690365459126,8.4709721968083,10.6565023067015,9.79053297000926,8.34003655072263,9.40316943487199,13.7201819495656,8.97665296732327,7.47159319501237,4.68414540804321,8.92184695722626,8.07854839887148,12.9671550029394,8.26059575657778,9.27699564918915,9.9322497486003,9.77429158866506,7.55671550973708,11.6252451912131,6.91784575613383,9.40117646434292,7.36538178794622,11.1595212950305,11.370503449776,7.96728817184587,9.10387204646177,7.62617337715536,11.2377620817685
6.77998986240228,11.0721861989396,7.61605297794914,8.77272666465871,5.6855218076044,7.90495223361884,7.85405332990847,5.63132898425887,5.07379488604758,5.0679632096349,7.04031093510235,6.13996371562064,9.08432712367858,6.38444263932357,10.6945685329186,6.68087604918329,6.32079633276184,6.71171697766099,3.70039223261432,7.56169187575457,7.13580301507543,1e+20,5.98097094681509,9.63679204042452,5.17044297838482,7.41319872693138,3.60415647367807,9.31397124397721,5.48376895444575,4.28172996609115,5.11844228154463,6.45579483862619,4.65447226267763,5.24074708243515,6.05215529591262,8.69809043770364,7.05869591508955,5.12356615091676,7.67557761289317,5.75123470461193,6.55614294284751,8.42553417089416,4.63656110831024,7.94375562921604,6.18268218879676,4.24225881652482,5.70236877619136,8.50244205382973,4.34375735561732,6.7122167701153,4.92126934045411,6.26816999310338,5.1082434284964,9.02383487237983,4.48435863646057,4.04808193202235,8.48485549857182,9.42380206294483,3.79283863430477,4.81147546643096,6.34003661960946,6.98016190875293,10.3760138993014,4.42085511283442,4.18341327510999,9.62171816540745,4.99734142698526,5.78581546938288,4.44977705278932,5.74372064820293,6.13403244597956,6.05316318807168,8.60265192622342,4.99703923129469,8.53855487151542,6.4371863976107,7.04745530701993,6.21680335142241,8.29526295777056,7.15175531695667,3.07472890306682,8.11550218252339,5.33261960896432,4.93564715575677,8.93836434247024,5.06277683172896,9.64748783903393,6.30822729816919,5.26300055968522,6.00030886655614,8.34409030370905,4.88283855784523,4.278123244627,5.37178021336995,5.71293212748785,7.93717381005697,8.44425794154684,4.14367245464,5.72951761652137,6.18578846251476
9.41326596682975,12.370531919233,9.66687715343791,10.750881042093,2.44316034359418,10.1761333426444,10.2594810617985,7.75198548567109,5.70923839349403,6.26381326430581,6.83568147942248,8.46654000916471,10.8849976508882,3.18513698870961,12.4370581345627,5.49733563631711,2.82732020935168,4.47585238443173,7.02585720546639,9.43812375079943,10.3799563459176,5.98097094681509,1e+20,10.6441239442617,6.66048789232963,10.2280355858456,6.26830340529538,12.2509453891413,6.74804139326108,4.40460387182592,3.16617278629393,3.46783669751394,5.27518721561157,5.85713524875197,3.08292814076138,9.0149536548472,8.99847149313832,4.21229277354852,10.6209846426199,3.14020414742033,8.46551543808612,10.0002133777112,5.27700811820261,10.5908332312461,7.54253945326047,3.26347506332375,4.86790095340233,10.9115854160695,4.61244373956881,8.33220431031015,4.7525439731315,6.7476069366413,5.85455311883949,11.5235514015658,5.50213682938364,5.23218101623458,9.33218985313798,11.6340712885186,3.83675862126685,4.06040553570152,2.75555801906786,8.62222694491077,10.4287616203635,5.29121326380606,3.98771213903727,12.5282669369785,5.16749525365693,6.50873387628,5.51894959313128,2.80116172233686,8.57713977389985,7.09771352551609,9.36598212015608,3.30356093500887,7.570713576659,5.85118018869549,6.61214125965404,4.64027891913424,7.50878330334765,9.79140687470177,6.27165097008694,9.8567415009395,3.23734079445938,5.81690712554522,10.9371290102833,7.50056577461234,10.3347537610747,2.68928781205725,5.630856340023,7.6720194949474,11.0782634196415,6.36227135113697,4.54196903485566,8.51857776485539,6.31309327960489,9.02451502843026,9.01818904153797,4.99697230421903,5.8420288751454,5.55603879574915
