1e+20,13.2453842867741,4.33887558341363,5.0647702684238,11.5062928955322,8.77699190767434,3.84566591329278,5.71652219761995,10.1093209236992,7.53061546096823,9.70585819081077,3.58566908767564,11.2162225898736,10.771526483728,4.85693999772945,7.52830196303249,11.6698092353124,12.0519282501282,6.52258595332013,4.22133479198414,10.9174214821607,9.56653009212304,10.0139100689731,11.2537753554009,8.17181676007409,11.4779165846662,11.1184528604173,4.70107470292455,9.49752695707015,9.88299957601863,11.8444284635196,12.1103991072179,10.0088791615593,7.03304596665519,10.8623073707602,11.7458448131387,9.2152347415101,9.15149904360818,3.73392607816947,9.5926660171116,4.32976099935217,7.19703664461953,11.7297934035585,4.79766605439995,10.9213556281515,8.6203179224789,8.35665799589963,5.87965557663632,9.64724313737164,9.36587116421412,6.71496448091223,6.86442313532234,11.857248371386,6.46554237083649,11.0147759502732,9.18652531972647,13.0462028682609,4.89077969162617,9.09226224633441,12.1320548909011,12.0223515253607,11.6330770658222,8.27105661174999,5.49199653871757,7.31876906535506,9.12608685012024,8.59145146898497,6.0629754125051,8.6378807401742,8.18463508374914,4.96460176434229,7.83249577117389,6.59496897700427,8.69234080711385,6.51195443053411,6.16677971534074,7.56647005971937,9.03516213627248,10.7287306104719,3.39609740117518,8.93066276253402,11.9318823843763,7.86989916665829,7.04553437982153,3.10694437076493,5.65558731818069,15.1875113593421,10.0944113873944,8.98157922049363,11.0649469871747,4.43516047393915,9.36008261683551,8.59031052689067,7.38603262154704,7.5081751213832,5.98504676897003,10.2092563613179,11.1720971892162,12.3686442026963,9.48383105397623
13.2453842867741,1e+20,15.2239817031968,10.9619669694101,10.5057932900158,12.7744568984035,14.1292767409988,13.1906754329237,16.8656817657061,15.301970430464,7.04096116914636,12.1890399738522,12.7174780479384,13.2290107450835,14.6323439901428,15.0396904294478,12.6800981301016,13.2420865944104,13.4809821504128,13.5485023585389,18.8775255367136,13.5990333713567,13.4776735498891,9.14661518746242,13.8383917262801,12.0407581932799,19.2450596947911,14.1852984143872,13.1347989398781,13.6666152576015,15.626602489528,12.5437156033954,12.7822972891353,13.7378164083262,17.7632188813385,10.9656462170544,15.5467451045859,13.0566138174922,12.5463034202771,14.8188612830921,13.6135048794224,15.0325110474944,15.9600638623205,13.6178346057428,13.2553626536354,15.1081684491135,12.0783685282146,12.3481735459854,12.9437068690772,10.0438492077293,15.6835062624071,11.5756832049861,18.770534461233,13.9961620471573,6.93261326838463,13.719252573334,12.7474858470316,15.8324056253923,13.8788476203311,13.9844295782648,7.18957913187745,11.4232455413883,11.7888703382284,14.7863964667657,11.8009851785679,10.8237679688559,13.3655870422714,12.6548935202267,13.036612045508,12.580035944145,13.1238862432862,14.944563364156,13.4965380877583,12.3773198508785,8.73638997080963,15.2876775434997,13.0355452720635,14.5098192311226,14.4703353420285,14.3175705351227,12.9591125500207,12.001234040003,12.207348073784,13.0853822885156,14.5638707449635,11.3502900073151,15.0386338464841,13.9356339082701,16.0277058889289,12.64664045759,14.0606264082498,14.7542450298564,13.1199929004292,8.41712472771051,14.8294284979513,11.471654036669,15.2426168477065,7.14443536933773,18.6227632017414,12.6844467700201
4.33887558341363,15.2239817031968,1e+20,6.04118142887838,12.8291596444529,10.056080181532,5.0692455462953,6.6215960833769,10.1048059691228,7.80129203231808,11.8929488226349,5.9127282603735,12.7859008140905,12.1202288966115,4.01214172801668,6.22360930824633,13.2148136542522,13.0756116947448,7.55115920355195,4.89220145053636,9.23360825820373,10.5501464185362,11.0760176261759,12.3958902943209,9.25464562567219,12.4647276834915,8.23060552316543,5.52119417008148,10.7858978987211,10.9653140551994,13.2489436741613,13.4989515751597,10.2275943909066,5.9550631949292,9.31672714450329,13.5518672238014,8.59227139996943,10.0827054652522,5.50298594275288,10.5682794215314,5.81260357514366,4.91350824983863,13.4033446689293,4.77961895852808,12.3302910769268,9.03499074975516,9.44593958944335,5.35354539262036,10.0368274461517,10.3499240209048,5.82229148477508,6.936691322311,9.21373075347052,8.49524575847432,12.8730173259462,10.7898166752957,14.0296714309505,5.069832257695,10.0600817262513,13.2558921648952,13.9311803940402,12.6056205895078,8.66833261530332,4.21214195976326,8.43842930157145,11.7565153320851,10.5483653083371,7.47160551856439,9.30750993829865,9.00744908372615,6.63290344927484,6.4355088274203,6.8712045738689,10.1382569921983,9.59736090349159,6.91850713817655,8.87548883204039,9.42019193079418,10.0286279190353,5.3464267359885,9.47344744247869,13.5399545202913,9.63282164442886,8.59451889872844,4.6719795402152,6.90333537052575,17.6696864693208,10.6088113455357,8.37655909904356,11.5445894754531,4.6842750170996,11.0204475491532,8.68172879976334,10.4347610943408,7.68498994478157,7.81127088613071,10.6734312561741,13.0416701886725,11.4215315200199,10.8940172698356
5.0647702684238,10.9619669694101,6.04118142887838,1e+20,9.00229345684204,8.32079221331901,5.3442021278865,6.34867803607796,9.56404758198888,6.59268023286055,8.02487163814847,5.21014858109921,9.99199926872992,8.38204403524951,6.1987243947676,5.89687757492581,9.26258747384472,9.21104498189328,4.9700838688542,5.51477799200176,10.3618938528482,7.76660027079679,7.45832582922065,8.38479668273664,6.55744932900039,9.03122517307934,9.85942158366641,5.77359354277289,8.13167356310885,7.73819305396371,10.4042691671135,9.48747802081652,6.58248522646727,5.74464572440853,9.41065215264105,9.44460233786913,8.075786839314,6.87217395956857,4.96716819551638,8.89526952389334,4.79104273887529,7.26280688229348,11.2692559474445,6.74353300602127,9.35297843464504,7.42285212066249,5.27146214511474,5.54016476432733,6.88827408235142,6.82933442765297,5.67595510823532,6.27057916182282,9.85477998931752,7.15476096900625,8.77491910882257,8.13764232106731,9.81684661622509,7.30689940718389,7.01177454367683,9.97985383772698,9.32001597845507,8.67543932405435,7.83601283743542,6.00962416046088,5.27610300101225,9.12076627909849,7.8840701069473,5.40906256124458,6.63787963774937,6.43276282654296,6.58780219421632,7.06367978087185,7.3168957241696,6.96851973798998,5.57959785100735,6.71849912801715,6.02207562688751,8.11210892679558,8.1426180672917,6.15277644102151,6.14125087001514,9.57587215714915,6.53180689643026,5.14353331151534,5.55481018276167,5.10289381069446,15.0730870515002,8.10540108375769,7.27042666119876,7.85870955398019,5.94612232744479,8.85945482208425,6.62707761422956,7.2126416454736,5.90187636948473,6.21211757329325,8.10394193054761,9.96385734113277,11.2444028564557,7.77109155272057
11.5062928955322,10.5057932900158,12.8291596444529,9.00229345684204,1e+20,13.366210079067,11.9333774226164,9.64203086309769,14.4812460608386,9.1566213189483,5.47080822771349,11.5864468814312,13.3488783370064,10.4343942513041,13.7727770618392,9.88120208716785,10.9111351502703,10.8429388228836,9.20928997571751,10.5292228948886,17.0458874017905,11.3465560868136,10.0629474014374,7.06784679067962,11.1213306558248,9.71386058797343,16.1783356595722,13.0739253498754,9.57591813197137,11.0049359564263,11.2945698597934,11.0534060457744,9.03262728160999,9.26674100065757,13.5381106725506,10.0384741030249,12.8624640368047,5.84002959764141,11.1606213071472,7.35509596809702,11.3674405201018,13.1575394764074,13.8643656433185,12.3584554618112,10.19193698813,7.57871761356046,8.37997607408073,12.1411476434502,5.56391233102339,5.36741275768206,11.4427937861638,10.3155249583977,15.0284234322026,12.6437688401653,6.7860283699211,10.4641380972441,10.4512945599355,14.2193786155825,10.3427586317062,12.624129381722,7.8717899526736,8.83336652368219,9.04306244292752,10.8111293275535,6.23070437119714,12.1461382960987,12.1077611179226,9.01592963033154,6.78703152205172,7.46856274262508,9.7192295650013,14.5739349178352,12.6103772023399,11.7566700765691,9.70237473701188,9.62082129197772,9.6773573217024,8.71422976239046,6.96088408371468,12.6472013121249,8.18025598674871,9.38275231356309,8.5185172056646,9.50947459710716,12.1405029425332,8.15108404922971,14.7909897501915,5.35776724378052,8.64938338612897,8.65632007285306,13.2709436468826,13.6977730016502,7.29453301665501,10.0551029678036,8.93723538165567,8.26258806162136,11.262436131911,9.66346488270661,17.336105629244,4.99572411153847
8.77699190767434,12.7744568984035,10.056080181532,8.32079221331901,13.366210079067,1e+20,6.52376876105454,13.1559646269455,6.02457129992696,9.71466742733199,12.393183083166,5.30999503496198,4.46519189990726,7.31490820847767,7.51925556602833,11.7351353297229,7.36761153895467,8.18518906038459,7.12608762870196,11.923272512679,9.66911271443825,5.64988248831506,8.3712769925892,9.32889305481969,6.63709408566307,7.52731304271163,12.0928154931888,6.13674734002605,7.35240583538558,6.73698635341735,8.76465021385745,7.1541121735885,8.01412055101385,11.6333455552201,11.0626016004832,7.19736505696786,7.47920174897193,11.5180841659136,10.0146225891193,13.4751502279043,6.45381969462469,11.2350184855706,7.02498512033168,12.2154047743762,7.26925996515701,11.3926952084144,7.27843826247756,9.95600252362176,11.8756628103262,9.44875379063397,9.2776550554362,12.6382452626444,13.2706626453083,5.23844632560395,13.7898016618808,7.02653232742198,9.15548399083769,6.9872918807547,7.04070577668905,6.1812630473759,13.2085056910414,7.87622951129174,13.9277551218873,10.4637133004682,11.1374178019625,9.69663260184326,6.5920393107727,9.08213279878383,12.9326052317989,13.5160036955863,11.3763024575604,10.9813907183728,6.93711427552621,6.70885555885426,7.53051520290852,10.0751047914983,7.58549429188322,15.3344828883799,14.4449752050438,6.57239400342268,9.43553219235107,8.10327321989964,8.12508240685554,6.8820684911538,7.15218387541244,11.4267126775501,11.6720078822429,12.8646073126635,12.5472051305074,8.63092964058071,6.90687863626582,4.27718432610707,13.6787714492899,7.93603247344469,10.1929145305209,12.3670494918274,7.39451544077831,15.2032801234482,8.01138906755804,11.9304139980568
3.84566591329278,14.1292767409988,5.0692455462953,5.3442021278865,11.9333774226164,6.52376876105454,1e+20,8.37027814436008,6.76044260073872,6.41790413465017,11.0614751136896,2.95385845975404,9.35607480364073,9.21784045774329,3.51566297030205,7.15104484868248,10.1716892172876,10.4627681563561,4.7393690494722,6.70686384113901,8.54870893360161,7.76431299784688,8.90529692319944,10.2650834746166,6.84539327050898,9.76975664215292,9.28099600608934,2.88488928929049,8.29293848426268,8.38210328270911,10.0503533166302,10.3652107716596,8.28589717574951,7.1805279545232,8.46147087533709,10.0509069455978,6.78376430276268,8.90016039442411,5.21918178229028,10.5530494249403,3.42868029649986,6.91325692852698,10.0047791814679,7.31053199675599,9.31852139870235,8.0313527962149,6.95999764020777,6.26609074174995,9.50469818149286,8.83225878777064,5.07890723765422,8.67409081503252,10.0673519974626,5.32591042057984,12.2804978180992,8.05794829502877,11.0893332836391,2.97512019173856,7.54126059454832,10.0367673506781,12.5932584053628,9.84292505567135,9.92659331829087,5.52153343760784,8.41916984667604,9.75606565781517,8.03312730631019,6.93451351436217,9.70668959387811,9.92969898561337,7.39303254262939,8.16978632165432,5.35606596532188,8.2093919909229,7.39852755341932,5.54693224397922,6.6773291620823,10.9999279019235,11.0657294424484,3.00977194031521,8.39491170676549,10.639151443169,7.71593194271833,5.47460572562768,1.99030819124874,7.55817181128426,14.3214156419952,10.1082305828834,8.67114855630035,9.41531327759522,3.31559528213656,6.97270540829039,10.0455199801824,8.16762679554791,6.37928196980817,8.52020127927238,7.2620052127002,13.4190154294894,9.33544354037728,9.78436873771498
5.71652219761995,13.1906754329237,6.6215960833769,6.34867803607796,9.64203086309769,13.1559646269455,8.37027814436008,1e+20,13.89021169061,8.74886303198531,8.21240261620918,8.46551430264577,14.9985962419648,13.032578130338,8.97909657218159,6.65059730405315,14.1446250711444,14.0543833402131,8.75085562643072,2.5070587495338,14.3847928186052,12.6641917388708,11.7825680101345,12.2738945503933,10.9976895819315,13.6732465216045,13.0284592825646,9.54593865285053,11.8918646911174,12.4893745677307,14.0004558395385,14.6306887019653,11.4642522572251,5.6626754616621,12.097567771219,14.2887123233952,12.0441947572149,7.95177544696123,5.59092802223831,7.82740756388051,8.14852332142061,7.95588588369144,15.3109406986307,4.64467649715493,13.5714279866645,8.21196492976248,10.0446277667671,7.25945652325081,8.19100558253766,9.82688150006899,8.65808795153849,4.57139214363562,12.5822452691432,10.9546906940835,8.84992666678099,11.7823979268667,15.0051052402228,9.83730368151356,11.5152059854502,15.2335074847429,10.7041484830851,13.5327666089758,5.10733685766421,5.75922927056789,5.84296998041663,11.4118874824227,11.9356904998351,7.15922178584169,5.85044238546305,4.4922903284951,4.24684401046323,9.41744454807761,9.66761074183222,11.53739256412,8.94415717445336,7.20292483786714,9.63991387193957,4.43190303563141,7.65239717543243,8.47035701610018,9.68512287416495,13.9230624432568,9.56778947724671,9.45750370110501,7.83770459280792,3.72478088115253,17.954660807543,8.18532139222092,8.13635055536396,12.4667245260198,8.96478368796717,13.7262230128034,4.78398463316873,9.79308311756924,7.74048118354909,2.90358367605743,12.7654579635796,8.77885810152585,16.2868750387641,8.16547378290719
10.1093209236992,16.8656817657061,10.1048059691228,9.56404758198888,14.4812460608386,6.02457129992696,6.76044260073872,13.89021169061,1e+20,8.79610067451744,14.9975002365956,7.76822045107866,8.34399500568306,8.51952168666552,7.89839738417706,10.4213827279346,9.3736292746637,9.3898357428417,6.80856000737519,12.3547201276515,7.898795713269,7.21987319805366,9.14824177179984,11.5186417046881,7.52468889774818,9.38008929681336,9.79489726680769,6.99821380661403,8.84609568091854,7.99703242255426,7.85954964121719,9.12470985622432,8.27921048309291,10.9416581345935,7.27142419703583,9.79462444570077,6.5115701962611,10.9646343784837,11.0614425150456,13.541267106528,7.352078219636,10.9452677578773,8.52688676680743,13.2146251298612,8.98757851605475,10.2145282844066,7.97126226404459,10.9924815820555,11.4790255527774,11.026191047298,7.61330767330628,13.721955996869,10.7720151326815,7.51859091989061,15.9724895449582,8.444340934489,10.1251536334825,6.97671010538828,7.56478434546218,7.91297665176705,15.0191649982945,9.46230248307587,14.8267355737631,9.5671084535948,11.958640147719,13.0291906301847,9.08245555533404,10.4682925127596,13.0775913413594,14.1753824052223,12.5762608341046,11.4356710230683,8.21375795676782,9.28065445176712,11.1427118489867,8.82841392426757,8.40890434921984,15.3890940213124,13.7639149689976,7.78372204220893,10.0412571797147,10.2623606644056,9.82551415583552,7.10838697642445,7.47669319646732,12.6255690914765,14.5197459433618,12.3342548514629,11.137876055165,9.23191845499077,7.9130671751221,5.97562611313527,13.867772588569,11.8143136753196,8.51745793392603,13.7734702899402,5.56200351203061,18.1095066173594,6.17356430304307,12.2187138499556
7.53061546096823,15.301970430464,7.80129203231808,6.59268023286055,9.1566213189483,9.71466742733199,6.41790413465017,8.74886303198531,8.79610067451744,1e+20,10.8725538905345,7.58055192298987,10.79451158223,7.35237507092987,8.75288837151658,5.81340436996107,8.90897392816737,8.55590122226141,4.06727191914423,8.38261573064954,10.6918078059887,7.14613546081539,6.54320625519241,9.64076840640622,5.91014639031926,8.57719221074298,9.95083489789888,7.83102512156271,6.25613485165373,7.06563173874612,8.12151100619343,9.34342095917564,5.97677586744421,7.48138353053481,8.89300440345556,10.1938038439943,7.25808648018281,5.7417701072186,8.70956331772163,6.79833322132953,5.89776428412617,9.79720347258538,9.44636280080769,10.3428735795365,7.81512815644516,3.52821335977104,5.15507923441632,10.1099955144645,5.77304317881595,7.62123066367256,4.72608079720454,10.5108946691828,10.1207000954074,7.8880856766342,12.614857295232,6.27416554933396,10.1874941824816,8.05037740979459,5.51715484050876,9.48853708711807,13.2119396873038,8.68722038098987,10.727213975959,6.99653160147061,5.90496670946147,12.0162770831361,8.14395274752526,5.27495310877186,6.7034906901032,8.00712448732826,7.84092029220946,10.5365302075239,8.53645120728383,8.3568960375938,9.05686685315568,4.72615453669908,5.19126521384073,8.98350111300028,7.56229712610708,7.11894634541529,5.06245191305538,8.70366425287903,5.57702853929478,4.84410630177756,6.21104291889118,7.93637488907296,14.7595113066861,6.05460085053234,4.46672626422846,6.85997339153153,8.60986843212256,8.73575765757664,7.73947892860192,10.5276553442481,4.36698667630963,8.54922155446982,6.33141622094921,14.4708131406214,11.322254692614,6.31350915223089
9.70585819081077,7.04096116914636,11.8929488226349,8.02487163814847,5.47080822771349,12.393183083166,11.0614751136896,8.21240261620918,14.9975002365956,10.8725538905345,1e+20,9.93126898710999,12.8388428597045,11.6768362544383,12.5322800043413,10.9930313863718,11.9316942680927,12.4310613641046,9.85689365415924,9.0800625425126,17.0679120590783,11.8354227960181,11.5334253678023,7.79336801872678,11.7597358911021,10.7458412699313,17.0181417648648,11.9832346446925,10.6448852071397,11.8130942617578,12.9826145662725,12.1088950221043,10.8008101253267,9.48700790005718,14.9937764216929,10.1920344931516,13.8651551622794,8.22268658530514,8.82525277951726,8.9865047981545,10.7334906245818,12.2904981438111,14.2967808516575,10.0348606158878,11.2096150616982,10.0932283152286,9.55632964640719,9.95294444201344,8.21161308711981,6.43285426152494,12.3467354354676,8.31121398338026,16.2970811781113,11.6152007173566,3.34807396342707,11.1388133907285,11.6051016611445,13.2315795828174,11.5817264956851,13.3786851135117,6.01017189730122,10.301599252522,7.29726395448774,10.5139275047785,6.97736050021073,8.78759956133447,11.7039419791494,8.88050398533722,7.9356191298463,7.82924690289971,8.01093935751375,13.7504627913828,11.7741485850405,11.4492010679744,7.49780223965001,10.2472735029198,10.5396664917786,9.27195860749154,9.70587425966067,11.4172556850272,9.50629586922936,10.645471458686,8.97526552944304,9.98660203316629,11.2889354449985,6.25469063165646,13.6351492235905,8.46704019855628,11.0244333103986,10.6529666347768,11.5947653938104,13.5952963549856,8.14242023793689,6.60589572900127,10.4901845525477,6.17845093235046,12.8643139042181,5.2172208485424,17.7969175915017,7.4242261007865
3.58566908767564,12.1890399738522,5.9127282603735,5.21014858109921,11.5864468814312,5.30999503496198,2.95385845975404,8.46551430264577,7.76822045107866,7.58055192298987,9.93126898710999,1e+20,8.04230937733449,8.7166974106976,4.33314169607494,8.61337109615832,9.33975027829176,9.93417547302379,5.49391844408553,7.0985431476507,9.66063626743027,7.20022052782767,8.57389157009765,9.64358114373791,6.53598357287783,9.20154836182988,10.9601206613185,3.12944002299101,7.66654432880781,7.87880919625673,10.0041609007706,9.60761844295833,8.41454717190651,8.19607446581728,10.2465106087078,9.30921582796437,7.53243507248999,9.41918777627916,5.50962180518527,10.6402816894851,3.48039508830909,8.01850623770745,9.28649056676801,7.36285712532073,8.71993593287948,9.01607049651086,6.93902444182907,6.52463619776695,9.88290047466543,8.4080955118781,6.7928919167058,8.63781943579954,11.930703294518,4.44935824965014,11.3888572725866,7.39018442332803,10.9600292178831,3.93646008190415,7.39933324298087,9.37664272028828,11.7352297733436,9.4527038184194,9.91063790234085,6.74539756178368,8.12617440157345,8.26437232694862,6.77481293058612,6.27616462919908,9.85831582444373,9.91818587452993,7.01861535452658,8.32908197918352,5.22493214330095,6.89497787681451,5.45834619524624,6.85263978641431,6.42682665855432,11.2934904457147,11.762448638126,2.58431775159071,8.30858944209059,9.75388016915645,6.90289483785124,5.85552827655838,3.04533669543559,7.36905859284375,13.1497085949328,10.6098156583613,9.90683397179737,9.36940942058461,3.63306963755961,6.56149863060333,10.2194561931892,6.14641634793223,7.79937837910182,8.01724580041794,8.37293484570544,12.1132806212224,10.1285659909286,9.75283900937245
11.2162225898736,12.7174780479384,12.7859008140905,9.99199926872992,13.3488783370064,4.46519189990726,9.35607480364073,14.9985962419648,8.34399500568306,10.79451158223,12.8388428597045,8.04230937733449,1e+20,6.04454254116834,10.7327790781891,13.7411565757966,5.1057006144932,6.57651880926204,8.47930593098787,14.1937525654418,10.8712927909328,4.79662681338205,7.6268121579974,8.84671125034846,6.7742224529629,5.87294076516968,14.0271579033171,8.76280618770766,6.58244095463349,5.65636221015498,8.16235639192815,4.89043195740175,7.88187053953998,13.6844325724263,13.1752823121097,6.49686114214303,8.83212307552346,12.3193106464961,12.340880782723,14.052284867751,8.55050646264813,13.6994959455289,5.88883683430034,14.7652046758304,5.85453340361924,12.2599201180673,7.59060552469607,12.6641189116267,12.4519444020806,9.41018307102999,11.257065160268,14.9966930814118,15.2236237393728,6.59301498030641,14.4834702015196,6.66221987698922,7.96037137379028,10.0770073398252,6.82868271458542,3.96174095775964,13.7524775804791,6.81621725792628,15.8313614628135,13.088434260706,11.7793362939223,9.94086667592495,6.26569561844081,9.96393057917684,13.8704249623208,14.5895393963095,13.2132438123054,13.1274978178716,9.55920822618593,6.25131536817873,8.11420643877099,11.9587070808514,8.31975726346571,16.5353706139076,15.3091751777468,9.27894572003841,9.5066674016524,6.01287028300184,8.11535085623424,8.09342752817662,9.86106168614841,13.1574521888105,10.5161744627539,13.4470721405469,13.4253261761449,7.74731574868537,9.9304693456322,4.68345857912906,14.7418357952577,8.86701649837574,11.7408829915115,13.8024633800513,8.34708083411713,16.1515296178029,9.18027624410905,12.187074751406
10.771526483728,13.2290107450835,12.1202288966115,8.38204403524951,10.4343942513041,7.31490820847767,9.21784045774329,13.032578130338,8.51952168666552,7.35237507092987,11.6768362544383,8.7166974106976,6.04454254116834,1e+20,11.2455430062232,10.8248437440232,2.35370786758679,2.41561391562663,5.99941316874327,12.7494828036924,11.719407362529,3.69961719794698,2.80374517576377,8.36917843618936,3.66599972242354,5.30596167528787,12.9048917846784,9.47906496335222,4.29697587640752,2.70331802415206,5.04270966479116,3.01879276251655,4.32937640559982,11.8894112217977,11.4211240037002,6.91683679930523,7.67482764564376,8.47983792986435,11.9938973975217,10.4964872554287,7.46091701837608,13.3955425416925,5.3899903223066,14.3522622594137,4.80742265967732,8.54593514662248,3.6929338839459,12.8554003876478,8.55610729448631,8.27636157705255,8.84048219283888,13.8373679583716,13.4088478190334,7.46262285320924,13.2806616016296,3.54408396592904,7.21048573451341,10.6145900535334,2.61601533050061,3.48137495206159,12.5826426498014,5.74317654717057,14.5453860841923,11.6485811272271,8.5143759509165,11.4574725108431,5.16858001801063,7.19801080276415,10.074153285516,11.2204935807343,11.696769827246,12.3054157905557,9.68243580286389,4.81713305631939,7.81023718222554,9.77662061477375,4.87168075030679,13.2819342289127,11.6188190707419,9.2514454982786,5.87559633475409,3.58928201333829,4.96920533905539,5.07368457801756,9.255070177942,11.4817320164735,12.2935642151548,9.63540483136613,9.89941081098823,4.68462330520739,10.849824783557,5.71488318136296,11.4385327582259,9.89852498924444,8.4666934008442,11.9320529478961,5.82145147729921,15.5248607239166,10.2609632449573,8.48846839455925
4.85693999772945,14.6323439901428,4.01214172801668,6.1987243947676,13.7727770618392,7.51925556602833,3.51566297030205,8.97909657218159,7.89839738417706,8.75288837151658,12.5322800043413,4.33314169607494,10.7327790781891,11.2455430062232,1e+20,7.72218233142768,12.0129885178005,12.0342235495445,7.24332851416646,6.99329297775374,7.87985196106808,9.647489355285,10.58428910672,11.7827566066543,8.54435932814729,11.6217935013731,7.97041208566793,3.24517436695413,10.5430079490332,10.2477464326804,12.5243931791176,12.1117679907131,9.73491595593851,7.35782819383741,8.44244426239294,12.1449078632412,7.04780961817743,10.9273403989745,5.99501528693276,12.7289499822165,5.18581961419597,5.2957685992243,12.303756410652,6.60422956953241,11.6696838814119,10.1521399958361,8.91921311505312,5.33631425649698,11.3509895217093,10.517601200589,5.96756562149795,8.19128002869948,9.08638713602547,7.355936252146,13.3100423380392,10.4757556175029,12.9632844928933,3.21683826378831,9.48446595906543,11.7631267828279,13.5997096107839,11.5560292456376,10.1380704190746,5.91485300313666,10.0366498685739,11.4376011076639,9.91975921754094,8.72499873956786,11.2758629606079,10.9479437113521,8.82172143051948,6.13858363573216,5.29801191600721,9.36942269918226,8.79442332560091,7.90038964312248,8.38652429204217,11.8576047640516,12.0290787282657,4.63175491301504,10.3253546221936,12.8209449557591,10.0296095689857,8.03447750713162,4.08488699465852,8.76515380359229,16.849802936937,12.066491678622,10.3024895655232,11.1629833135681,3.25803587125228,8.76787900961988,10.9747502144992,9.81722904214256,8.20673821689565,9.71221734705111,9.28371553264436,13.8304253317372,8.96526062163144,11.9727602774108
7.52830196303249,15.0396904294478,6.22360930824633,5.89687757492581,9.88120208716785,11.7351353297229,7.15104484868248,6.65059730405315,10.4213827279346,5.81340436996107,10.9930313863718,8.61337109615832,13.7411565757966,10.8248437440232,7.72218233142768,1e+20,12.2192545582837,11.4144630196798,6.56484668356332,6.04265901132727,11.3174307979454,10.7788116602017,9.55122972931074,10.8761145314323,9.01480265441367,11.4841759750719,8.46692707609483,8.51531044553788,10.225117986687,10.6724744390273,11.8762748182239,12.3986561168235,7.97462601017281,4.12944868552231,7.04790599910975,12.8347583615434,8.01815772753484,6.40225688764031,7.45629853694731,8.84196484797754,7.47631882951976,6.60288781656188,13.8864842075025,7.86300468921397,11.79745273713,5.73891335378858,7.55447151369866,7.66015402027693,6.26251296239909,9.06855877538491,4.29999423209416,6.98340761596044,7.2949009650261,10.8789552590553,11.4018799004192,10.5428037406116,12.4655659634741,8.70825951222066,9.10635012240544,12.8965411939672,11.9401098322049,10.9928892233605,7.78997317615172,4.83218907544459,6.67691665092773,13.7443548028347,11.5289901494125,7.6574249395133,6.36519170253185,6.58953945229767,8.09505626362689,8.07359301975229,8.36064954866634,10.7590562099938,10.3405671890675,6.09994344125574,7.65704644583208,7.01397503061559,5.53418729046725,8.59003438311213,7.92667087607689,12.3619282692845,9.09852145079344,7.48188578746694,7.24303755548448,6.8356439585613,18.4394150298278,7.06491523427174,5.14039542231544,9.37600127438274,8.6856226168447,11.8172157113149,5.9675510941527,11.9314982182055,4.32961266102141,7.7107283490185,8.58579232536693,12.9579474204531,12.4877790326156,8.19526936244246
11.6698092353124,12.6800981301016,13.2148136542522,9.26258747384472,10.9111351502703,7.36761153895467,10.1716892172876,14.1446250711444,9.3736292746637,8.90897392816737,11.9316942680927,9.33975027829176,5.1057006144932,2.35370786758679,12.0129885178005,12.2192545582837,1e+20,2.37609117665105,7.35915633895376,13.8068007809307,12.3431633996129,4.4427520902533,3.90790199917842,8.0149982462336,4.95601763944693,4.94150265219518,13.8685514135851,10.0730658081374,4.99261835956989,3.85548772533549,6.14219674638194,1.462664126444,5.28752653011689,12.9431555625314,12.5211294542677,6.41539250302945,8.40775629429492,9.7769796537882,12.866548887784,11.9543844542645,8.60430703871499,14.3089076788826,5.9133215614446,15.1986782248459,4.75292809433414,9.9436726058688,4.96051971795266,13.6428042847153,9.89566852372166,8.46172036250555,10.1674504887189,14.6551445484736,14.4198870938125,8.05108210212655,13.5237411252977,5.0367344556338,6.80108767259325,11.5378816063156,4.16816062181901,3.14290975625729,12.6676686254278,5.22451654663772,15.3264312606876,12.9630978358962,9.6585362697227,11.6483315804489,5.84245349795309,8.60284065947117,11.5661093914199,12.3640038991183,12.9086307448826,13.0685500693985,10.5371120922917,5.34072144918439,7.87975786965179,11.1675124700529,5.97257947463459,14.4492810047649,12.8856143358284,10.2398872752767,7.27001793367311,3.15499695839715,6.16633196691952,6.55224913971434,10.3692763066528,12.5574370868314,12.0677268141391,10.9494704125,11.2675533311763,5.14107731361998,11.6377416324976,5.80281013403059,12.686653685815,10.0059971596711,9.92768782477417,12.9482486212738,6.81999500212139,15.6945214114206,10.5426495852633,9.58496333735601
12.0519282501282,13.2420865944104,13.0756116947448,9.21104498189328,10.8429388228836,8.18518906038459,10.4627681563561,14.0543833402131,9.3898357428417,8.55590122226141,12.4310613641046,9.93417547302379,6.57651880926204,2.41561391562663,12.0342235495445,11.4144630196798,2.37609117665105,1e+20,7.39869128818178,13.7869112166643,12.2702144379189,5.11281938165027,3.24094594237365,8.42136592445553,4.90881121202964,5.61238546154164,12.9645303465671,10.4832157243201,5.61808993736015,4.22567262991624,6.54910086687151,2.65629603281375,4.19979279749119,12.4914136548898,11.6062232929211,7.59605868909832,7.54869315232717,9.34918872585967,13.2563735528288,11.9337973865858,8.8367834993729,13.9031948967605,7.11897233724126,15.3168656223937,5.96649592954389,9.43575489115353,4.61583246538488,13.6978514133143,9.33345026241951,8.7870966162864,9.5741231332412,14.4482174958322,13.2811250502478,9.14240059011823,13.7949759403976,5.659227982382,7.44411022254625,11.7984315899088,3.94538580045731,4.05434059581886,12.8677985745644,5.54119195921623,15.1894002641518,12.7025093638281,9.48180395765418,13.0728902443444,6.87571804393807,8.66451968733972,11.0796579224571,11.9273622895719,13.1910106942305,12.4731746277303,10.313315489676,5.72757275203273,8.72244313932076,11.1983362101809,5.60315653831711,13.9942479418116,11.9489143917075,10.7202783120903,7.04620430324569,4.25515381227918,6.65439692548729,6.75091477693518,10.6401500744015,12.6976876732669,13.8724937737432,10.4792319413763,10.7481895383772,4.70353857589199,12.0842412716918,6.76065342722012,12.1418866582797,11.2175310056056,9.39116850742304,13.1038164382307,6.42467935431257,16.0454171394239,10.2466888266985,9.4715894832166
6.52258595332013,13.4809821504128,7.55115920355195,4.9700838688542,9.20928997571751,7.12608762870196,4.7393690494722,8.75085562643072,6.80856000737519,4.06727191914423,9.85689365415924,5.49391844408553,8.47930593098787,5.99941316874327,7.24332851416646,6.56484668356332,7.35915633895376,7.39869128818178,1e+20,7.97902806881911,9.58759089241734,5.42632265999734,5.63130893698901,8.51259302767287,4.5990407462002,7.42980239450143,10.1681366985595,5.91145653727312,5.74739577452422,5.44313653267185,6.636302990665,7.66520294308397,5.22971763733239,7.07831836677613,7.91279517450475,8.23596154797442,6.57229628276055,5.73371857242887,7.45924363247135,7.90222487906441,4.0263185514054,9.11653477452427,8.08091575609705,9.66181344241688,6.82826368607784,5.10916673588191,3.51044073970327,8.64554089522759,6.32260862754067,6.71682927251748,4.81803612743558,9.80101749026824,10.2599509098685,5.6600646948095,11.2390438290029,5.23657040540112,8.51046752127885,6.71153975073967,4.33894391611469,7.66397311415547,11.2534314761429,7.36899277445554,10.3950416255566,6.33641042058972,5.99140806316464,9.98194807965245,6.67170758560107,5.29170694739683,7.38116930311072,8.33246586816992,7.60525275735097,9.90388651034583,7.25579188716461,6.80970490732496,7.33732663231125,4.44117330989622,4.38016291387678,9.7894062596359,8.7866064304801,5.59892849895352,5.23869156731148,7.5398327889386,5.04044093417591,2.5441697929962,4.92756358641006,7.49042235749174,13.2197226774192,6.90946074646641,6.28248581716161,6.30515220373562,6.74106878411361,6.59196328993728,8.30419027694854,8.37692947779541,3.82514965879173,8.31746865175291,4.8610495281974,13.3738573867908,9.78377140386469,6.48512696208803
4.22133479198414,13.5485023585389,4.89220145053636,5.51477799200176,10.5292228948886,11.923272512679,6.70686384113901,2.5070587495338,12.3547201276515,8.38261573064954,9.0800625425126,7.0985431476507,14.1937525654418,12.7494828036924,6.99329297775374,6.04265901132727,13.8068007809307,13.7869112166643,7.97902806881911,1e+20,12.7622034764139,12.0196891825999,11.5679272598185,12.0518155876636,10.426658144325,13.3025333632349,11.515200956252,7.74255972045797,11.6420913115976,12.0307459504449,13.579152522468,14.1929218253607,11.0897639384306,4.74873673738571,10.7235137656655,13.6925944109649,10.9557278904891,8.27977863585331,4.09947370350054,8.85808133661389,7.02706649252816,6.53302425416529,14.7489379199008,3.10692451413436,13.1700759236921,8.26807794120397,9.64518962915441,5.65888583006498,8.72886150963077,9.72875579992692,7.41078203754046,4.17071561998847,11.2703834352182,9.84882809761761,9.60752903105791,11.5422256585213,14.4126913916395,8.00367646329398,11.0417587718523,14.600872118512,11.0471824980404,13.0675144383078,5.44487424679259,4.39479943308869,6.64675747057564,11.0730339701519,11.4783643710664,7.37796220834538,7.07604207912118,6.01150934319154,4.69387430500901,8.21165216953323,8.65606497367659,11.118565383119,8.67731580313852,6.39615974291319,9.26566238568339,6.0654400480144,8.47146854022729,7.06800759167043,9.75049833469679,13.8250493413672,9.65245611844819,8.78378268485691,6.28169846702253,4.19483060872739,17.6960749129263,8.86617585808557,8.06147690334855,12.2225282306333,7.09382842417955,12.5865794844986,6.08168823146726,9.42946115202095,7.14864280159347,4.38863602561168,11.7880247184554,9.73228253292142,14.6744606068759,8.9221575497511
10.9174214821607,18.8775255367136,9.23360825820373,10.3618938528482,17.0458874017905,9.66911271443825,8.54870893360161,14.3847928186052,7.898795713269,10.6918078059887,17.0679120590783,9.66063626743027,10.8712927909328,11.719407362529,7.87985196106808,11.3174307979454,12.3431633996129,12.2702144379189,9.58759089241734,12.7622034764139,1e+20,9.52696450322766,11.2933442182208,13.8880319614637,9.54503834025532,11.9329588401028,6.58075571139156,7.49145970628841,11.622826430489,10.1116782215316,12.7971605390679,12.2670422816558,10.4436057484638,11.6208312629333,9.36858145646561,13.6512747885861,8.07183545343065,13.871502789495,11.4742141687809,15.4664735269131,8.87429375048678,9.78283480003516,12.2695457547444,12.8398173737514,12.1663009569413,12.5994065806566,10.7065127385139,10.800467838792,13.8439351196351,12.8810791513393,8.40236433395939,14.316621905534,9.1319039518851,9.28142117710582,18.0264223157136,11.6732156042688,12.7853796480176,7.84558181075387,10.1557843671815,11.0829657485163,17.9119821839444,12.3947334587722,15.7609380405252,10.6908877851645,13.4410046349363,14.1280591965674,11.2704696825788,11.903966403263,14.7468711595358,15.1600144706778,13.7898285726568,9.91801786752985,10.2502285880023,10.697601953929,13.133117298159,11.3447277613799,11.0423409276101,16.0571910284004,14.6694399697985,9.353035854047,11.587045094706,13.5532433469187,12.305317173,10.3183827672975,9.0351619558677,13.6998839088318,18.050042282332,14.6435087025603,11.8067248369536,11.445200535542,8.04893532122328,9.42187421417438,14.6298113344601,14.1589260620012,10.9625503699894,14.8668667231566,9.77033125088657,19.2762754143666,5.37082537585174,14.9040329273744
9.56653009212304,13.5990333713567,10.5501464185362,7.76660027079679,11.3465560868136,5.64988248831506,7.76431299784688,12.6641917388708,7.21987319805366,7.14613546081539,11.8354227960181,7.20022052782767,4.79662681338205,3.69961719794698,9.647489355285,10.7788116602017,4.4427520902533,5.11281938165027,5.42632265999734,12.0196891825999,9.52696450322766,1e+20,4.94971228584366,8.47234976127952,3.89307708407008,4.97313330775735,11.7607987668085,7.57067129313334,3.72537467345611,2.16688102551978,5.83688839348934,4.66991588250573,5.00205755277956,11.3560588792039,11.1346773871976,6.6935956008223,7.46460298796016,9.51978861822116,10.7719198467587,10.5096727420192,6.45337010227078,12.2984725418478,4.63150020148986,13.1326012738675,4.09843523395108,8.99615903624391,4.7716278365139,11.4328661003788,9.15478774118097,7.8354597998609,8.31203776211203,13.4599197743718,12.9270482544658,5.26094221422597,13.6542339736572,3.42971553008268,6.95752003585585,8.67465073240618,3.36862741959871,3.35701818268509,13.3900329146637,6.09547250453781,14.1507798738895,10.5991571976935,8.74755981592465,9.79344783390385,4.20680925681676,6.80326851534786,10.5762492006289,11.8659256235862,10.7126017721856,11.7286768892245,9.06178550935229,4.57504316029761,7.85917557234867,8.98916795169283,5.97343923061071,13.6287526032105,12.1154676229135,7.6084104170187,5.4458678846453,4.74430573543554,5.00982007685225,5.18224922627053,7.88222597326601,10.8067459021988,11.1862806973145,10.3073051790958,9.63744617545239,5.21876912313545,8.65821030191662,4.78391229001931,11.7369979596652,8.79236031709101,8.71828415777555,11.6304019512037,6.17859426390645,15.5271282803294,8.70394212137689,9.46290130018656
10.0139100689731,13.4776735498891,11.0760176261759,7.45832582922065,10.0629474014374,8.3712769925892,8.90529692319944,11.7825680101345,9.14824177179984,6.54320625519241,11.5334253678023,8.57389157009765,7.6268121579974,2.80374517576377,10.58428910672,9.55122972931074,3.90790199917842,3.24094594237365,5.63130893698901,11.5679272598185,11.2933442182208,4.94971228584366,1e+20,9.05575227749822,2.82764396237212,6.84952446703752,11.6876913823529,9.02765585771695,5.33559599144945,3.49961744779979,6.36341935791116,4.77866611600924,4.14566609237394,10.7107485025922,10.6296737984186,8.66953108212099,6.9603668801935,7.64824786708201,11.4843537471019,9.87363892290213,6.75551393412673,12.4159696841429,7.2322589249304,13.3419910478393,6.54312915552452,7.46921206254536,3.20471885456948,12.3810905514656,7.96743471074225,8.36722544028172,7.61551247779089,12.7822837154216,12.0868629489054,7.7720191797208,13.0001742554666,4.6888325939723,8.6069141684051,10.2942260799478,2.18204686963082,5.65428896903501,12.5238411536782,6.82605604095726,13.6807246665615,10.7913630112622,7.34690298732797,12.2556220403097,5.780049094861,6.43607847744053,9.03063398853875,9.61360186426929,11.0808460582664,10.8086570603538,9.40491336176009,4.6756156947835,7.61107828361972,9.19490221430209,3.47284559230894,11.6120057320591,10.2986519843563,8.90713077505827,5.70749206238942,5.53447413485763,5.12268124846984,5.03377836892514,8.72585389807367,10.8842894961191,14.3916436439246,8.80244443500061,8.68515194795505,5.29989773637871,10.643164155144,6.59465714377787,10.0226513407574,10.51962182268,7.35889751340781,11.0771399585349,6.2470746931453,14.9798287357358,10.2374086854569,7.70613783536205
