1e+20,46.5756639654546,7.41244413889748,15.5947456672579,36.4999960942376,15.8686886029825,7.74345582609408,26.4823302058901,18.9289321330439,24.5414886233141,50.3823711763392,13.5603092842479,41.1757151990878,18.95989345614,8.32614973503419,55.2082241790048,26.3008669981164,29.6209409102928,22.9566488456311,21.571007000689,36.4831879915499,21.2396396701097,27.7125975673824,24.8766748726025,19.8127332055075,15.321906872599,26.981580276365,15.4311079472771,12.7162229342891,18.5659791724346,24.1389829845844,21.8653805039517,41.2733111015247,48.2913581127873,61.5694400871322,15.28322369006,46.7627507108012,32.3452737325686,18.3666796932111,26.8342760497254,8.9085928401817,15.288646687242,17.8257579391784,14.0592197905287,9.58325751955296,27.6103341003707,25.5474695711066,12.4464692328024,30.6591577291461,28.2408746832513,29.5942822534815,29.1661848332458,38.6311532920403,29.0691608816286,73.3748945572758,9.41807452737211,31.1462403900614,7.85873354521148,16.3821839372296,14.6810731689606,48.1147508130055,25.2151488268878,31.2173999166833,16.7519149542994,18.536449991519,58.9802678457244,19.3462076149735,7.54067018992119,33.0629330031731,33.2537347847102,19.0870444290419,57.8191766689085,24.8710369003151,29.5537385334493,27.0809189494625,16.617171355061,19.9677731289582,41.5555992371818,72.7859769022044,11.679070766837,18.9593123585776,16.9545505991647,8.60123946443144,16.7379335834415,5.32567358975791,26.1104620688117,53.1114889844561,32.5138158558162,31.4483972685818,28.3712960907426,12.6154777489269,10.6929398998648,49.2198327867567,46.384876460985,41.933796943728,21.5402824515181,37.6515980399632,64.8040882033039,27.6930396169808,32.5483628949239
46.5756639654546,1e+20,58.8217090904117,52.2992569533332,32.5222039509682,66.0633829627835,60.6605048235449,41.2118067018784,83.0256673868636,79.2117880312447,18.5957507986391,56.4475441684063,71.6387253812426,55.1517373535225,71.4236916684065,78.248799001362,56.2125505659078,59.7739843457851,61.51559045966,50.7996704670482,113.051626701994,85.5876880106847,56.5617820923092,42.0634696754268,64.2118776061564,52.0429014673689,88.3231556172061,92.2897404942583,59.0699667541018,72.6491205648161,74.7524973030347,56.2935780015474,54.2081450674685,54.5274572401297,83.7481632695491,61.0553667378425,77.2860720488087,47.7018850313937,54.1433688905716,62.0944058752986,57.7498109172692,53.0049991759918,83.293634089782,46.5438817134434,63.0651312258286,52.7903630717759,50.704018149242,61.3777912390501,49.1299933516557,37.9910261735003,76.6613985974052,42.1970957848422,102.296696354573,88.2416688888737,29.8908999489501,60.6837457107321,66.784580827753,83.260893771035,61.0001534551767,74.9032661683814,28.4150099535361,49.4044750396125,39.126742056407,55.4210296595785,37.8491184488989,28.1833499274298,72.5192253053679,35.9736471816079,51.7191963435236,38.2942663089018,45.6643010028951,52.2019547841485,63.2811250814264,64.1315946701472,33.8526573838628,65.9556230681054,49.7604284048673,50.019101395773,58.6527256985023,66.8971957897983,64.9490043755654,54.3935412896167,49.4985009367387,66.0382171840361,62.6808350271555,48.386828620696,66.9323852537591,52.4338122967327,70.5363298243157,54.1251402231055,71.9105117130442,74.0845282732689,45.4522318660729,44.1238815274653,66.4863203944245,27.3799211616463,77.7336630125141,21.7832306511522,116.426788417224,43.0416696956493
7.41244413889748,58.8217090904117,1e+20,16.7187460531093,37.6223334806968,21.7366035908952,10.079420785248,16.4752656662509,14.2497563479471,19.1465872307446,65.2016120358009,22.9736471226935,39.8943916934331,23.99140998331,13.0245908101353,48.0862075791239,33.6764626762031,37.3035425398741,17.4515798557648,11.809287381501,37.3428340770286,20.5360106922718,35.332099616368,29.4476105707,25.816122214857,23.7884754910583,21.7781402663165,21.2634175922595,19.0870111257374,25.7738061809648,23.2403390211824,29.0181087618843,34.2127324481752,35.4008776993186,51.4546823652043,16.2798231319624,45.4921250516409,33.7717399267822,19.748551208185,19.4420312098234,13.731719857654,12.4226935339951,22.4203898890852,9.26148315149256,14.8189140658208,24.9093186873282,28.3795677418395,12.1955000513686,29.2439539432137,18.6301353001589,25.2862941903771,24.8845341104509,27.3999720031868,38.0230281012978,80.4059140558146,15.0354265048687,34.3711703136102,13.4904876511663,23.0607058435319,21.4933742929489,60.3149675331865,30.0951746473678,33.0243430474868,12.7602493744968,17.7442824704198,82.2463932726206,22.269304551751,9.46465457536754,26.4083236738561,28.5629566539573,15.678375351863,41.7309613793536,33.1533300481258,32.9948504169462,43.4680522205011,11.3103870485164,24.8996301966694,34.8150187984867,60.6692134938227,16.7313382674326,19.2166392381706,24.1482720024344,14.4287753516352,19.0834787545638,8.838368902615,24.9241818742316,59.5614470313137,31.3192381530752,24.2400966633544,33.3827572807221,20.658480774411,15.7443419947346,43.1127999629856,71.7307834984855,36.7438974031739,19.2757874417943,30.8248991082263,71.8047394689473,24.368129468385,32.2832234953425
15.5947456672579,52.2992569533332,16.7187460531093,1e+20,40.7854275973033,18.3602563891468,11.2650077191242,22.2552862074303,30.3863950036011,29.1994194915285,42.9578719298289,17.1304204406331,39.7014893604756,35.3850628228869,18.0631184581279,29.694613382601,42.4095003447083,46.4607165798232,13.6273471172251,16.0303131767562,47.669660432396,23.4839071578149,44.06749678575,28.2460935766077,29.9076438609411,29.4003321289929,30.0997803836655,16.9161562459056,27.8871794313097,31.3800273087189,43.6194656526034,36.7212419061965,23.8541538677347,19.6177368511448,48.3673078880447,19.7309878636392,32.0434559549889,39.8730746323277,12.4546143610308,34.0326597996451,15.7508848907905,21.3838404246013,38.913160697313,16.1253799412338,23.6403976428367,40.1483629673096,20.7657245255208,7.74068286292385,34.372486304381,15.2457038421304,20.8620774282014,20.9299203239067,29.3606804215632,30.4669966051583,38.1497047087071,26.1429221487944,36.4087897377862,23.0220924235206,27.6897461473777,29.5651987316782,50.8050081129871,26.7616012650424,31.3367475937222,20.1489799105067,25.666532786208,49.1593803500181,29.2704357102973,19.25953927168,35.5585716527126,34.3668249958913,23.2223332851699,43.6892113851162,28.2703836088058,42.1900901569404,28.405161279684,21.110828190256,32.0946491995198,45.437333374933,48.7318379193778,21.3204247286252,20.3984284434362,35.4607463356587,20.6560250086069,13.8167923192361,14.5625716582087,13.3624130182159,66.0769951096343,40.4732356572423,31.3493232416747,32.5737961405073,16.2743978642009,18.6523038784666,34.8558811569105,37.0887058629305,28.5927414917796,19.1100933086628,24.2937213316674,40.7491053705618,30.7622021356174,41.1095184689863
36.4999960942376,32.5222039509682,37.6223334806968,40.7854275973033,1e+20,32.045669334965,28.9343540203877,20.4578401179879,31.5020276701301,32.7266131712403,29.0152605882319,36.3589184321555,53.1432845665214,26.3051002449749,40.7949497744935,32.6000024944213,31.0413311080556,31.0401772493259,37.8860364664486,33.3936117396365,65.1491430200581,59.5036816454252,33.5438200240543,22.2689507910672,39.3773939177649,35.826548977252,63.4678578055409,51.1226306910615,38.8530621515146,47.2991419080354,31.5482590090862,28.4277138441115,36.0318052083126,31.3333072250006,47.8233620587169,29.3572394261045,54.27654170941,12.9879889566858,24.1230598086938,28.8742306247365,37.8536274685957,24.4600881034206,49.1628909347256,30.5768002727616,43.8801255010634,15.2485379815898,23.8222555485677,30.2566885485604,19.7454225848479,33.7981579664034,32.7289449641994,17.2174615735103,51.6565038034722,67.5252300885702,40.2921813251893,36.6836847687659,23.664718957412,47.4974237443482,35.1000349645494,41.0911758453865,18.2493116781173,28.6345078246717,16.8443521071386,18.78409651048,18.7779224269078,59.3711298933169,54.668892743447,30.8849780793771,23.7471530395818,14.4603845691316,26.3556808767223,55.14966294239,36.8645264144061,52.8262965973817,33.4192376690471,29.4060996475279,30.0033813207,14.7981647636146,31.0394307909546,44.3499871005783,39.2277106348642,31.2345174083134,32.0761508225085,31.853164561123,37.2545616709512,24.1784498968924,60.3413910544766,15.1854956004849,27.5793262389084,31.650554689375,44.8324996012471,34.821774714722,25.4832346714491,64.534265650479,28.4167958733004,14.4201726380721,34.7798459915891,34.8962074307636,69.8609042138543,10.7867339853558
15.8686886029825,66.0633829627835,21.7366035908952,18.3602563891468,32.045669334965,1e+20,12.6689215322929,36.7776101112519,18.7782161670374,28.3739786420846,71.5254516379216,8.53442351801269,15.1278171650833,19.3239859813391,13.3406587625974,45.3629417895956,17.0693226539353,27.7621832877754,23.1241992479357,33.7709091694391,23.7559264587171,21.2741245791893,24.5621916275561,17.9144649592813,20.1885723254708,20.8935061306891,33.7708809312657,17.933665121592,15.5883072568893,15.2267669094151,24.1003650622751,16.6834650962148,34.2879463080552,37.6515003580469,52.7969019263144,18.7958471161241,36.8835888533497,35.703504561184,19.9047649899166,36.7502194665916,14.3322646193479,23.8868903959577,16.8673117951775,29.9948067792325,19.2676434044094,33.8085774959099,19.9565556702073,17.3204785846774,35.069276845672,24.9790714960793,27.0998007728867,34.6959873047019,37.4853984221297,18.0869324524953,94.8516032979691,15.4215584777644,29.2938518072738,14.8938248745772,17.7349574778422,13.3266285706391,44.839442855145,22.7450874855214,39.7170804329128,20.7182148981609,24.3976423162938,56.9539394820513,19.5964632073531,19.1085150458338,40.3333400561277,39.8503954618476,24.5029692398929,51.2835097128314,18.5804080397809,23.2786228641272,24.503224546926,27.1125228231659,25.1195811676543,45.8277451574066,65.5946615911047,11.1011777664142,28.0737160752385,12.6336937008441,12.241281045052,20.0230576459487,13.8644684653837,31.1374178028662,35.3401028980586,36.6853723837957,42.4316757049244,28.6812158785011,10.9011863576788,8.24342705088767,47.7443258110745,54.5274479262212,35.7120482460379,31.7129012866974,30.4576980135663,68.4293754268183,26.5066469461842,31.1599468756191
7.74345582609408,60.6605048235449,10.079420785248,11.2650077191242,28.9343540203877,12.6689215322929,1e+20,20.1153443310484,18.1289344996917,15.2760946887174,57.2937965321458,9.65818122806329,23.4461920703331,12.78342515901,7.58386315143284,35.1706111353334,17.251697596469,23.102294373068,13.8953994053658,16.050801659861,29.5574064307419,14.1379014273677,21.0448192833908,11.9368387155972,13.6018634159348,14.0965885219061,24.6368007542478,12.1972588268809,11.190934212184,13.5913936928854,26.9645258704741,15.882749206704,27.3751233227274,32.9338789695969,49.4746068651138,12.5378260468449,35.3170725679167,22.2626471441032,9.85375623496391,24.0681890713869,7.39804340768598,12.9905414505571,16.955582254842,12.9931774342317,10.8624772441622,21.2111237711797,12.6639666514014,5.74834325171227,21.26802660833,18.7199248365324,17.2714369799537,18.7979636665794,26.0264312789595,20.2926690499672,76.5434355369048,9.17272727368959,24.9201244020177,8.72390768624007,12.208072436377,10.4436477863178,42.8735718869026,16.1391902608637,25.5468964643027,12.6790876831267,13.1873343327616,64.026547900353,17.5009274412063,10.5109755824416,21.811252035144,23.7704945332701,17.0883702280317,53.5260289630001,20.7292898284892,23.6558623009121,26.3085384016749,14.9001763049412,16.426907590057,31.1133062617961,52.5475666771289,10.2047796594704,15.965599088874,13.0919288342879,8.07237375182058,9.93526580149519,5.44687467024584,18.7136657569727,51.4008431919992,24.4301304323275,29.4424455575203,19.0582504770758,10.9659829798116,10.4338444954394,31.4472312266162,54.5988173857121,24.3486382763416,19.3146836978619,27.0660469596478,66.9821814476513,23.4117872232678,22.7518269626061
26.4823302058901,41.2118067018784,16.4752656662509,22.2552862074303,20.4578401179879,36.7776101112519,20.1153443310484,1e+20,15.8797579238872,16.0998452037093,36.5195309037231,39.1884723829155,57.6783067894655,26.7063015066729,29.3958125469689,21.6871348041666,40.8720603065267,39.3222301978307,17.3025555099584,7.48635243558569,64.7307687883328,41.7117478371542,39.6184033742983,19.197773685163,29.4413511183282,30.3797787645128,31.4993000244421,40.7580190634751,35.8706116301749,40.6086443168722,29.6151986491469,31.7674786637551,28.9463693826991,20.8184232602155,39.3221988881679,16.8294092574368,45.8635813904015,13.9360536965268,21.5623955264045,25.3132532116142,27.807069423699,15.9312723275867,52.1835313285795,14.9033685113372,34.2162577045137,13.0300166170654,14.6861120645123,19.7486287546725,9.54384188330842,13.6246815240952,15.0521543272133,9.00533576139055,23.3101466399999,60.3613317002741,46.5864612196249,36.7254727584542,27.9267399746914,37.982853391129,27.7487151402908,30.3675025199001,30.536005131393,20.6759806959741,11.2889949838755,10.7707426491581,9.13557064976605,78.8492292255416,49.5946008282138,20.8481522956337,8.38608096855596,10.4404286472431,23.2877399813703,42.3100612222818,44.8183101737079,42.201134219314,41.9732030179553,16.1974975734261,30.4069848893746,13.1779356244787,30.0382071004242,41.7290694960403,25.5508004030581,35.5383223026319,31.9988189339121,12.0498728760044,26.3127436643962,16.5142131083683,91.1933048907867,13.3705628839436,17.4696379247666,21.2355151384584,38.9128917112763,25.7688943939175,13.0474055249343,76.1162270043181,15.1372450658615,14.2229359011518,21.3658064786132,35.2398928590372,43.1848764135234,19.4862935900321
18.9289321330439,83.0256673868636,14.2497563479471,30.3863950036011,31.5020276701301,18.7782161670374,18.1289344996917,15.8797579238872,1e+20,14.0670275127726,83.1702330510039,32.1162537903127,21.1954135518159,21.9838579036651,18.416751601688,29.4444314246619,27.1083395295742,32.2391625281405,16.5255969851724,18.0145328680495,29.6934884144273,22.1379784991174,30.2779048617224,20.2345494919126,19.9728905018066,21.0024039084263,23.5351511943913,28.3913669532556,19.8161797441946,21.1990136538336,16.8270957621171,23.1870863989702,33.9581596968121,34.3434447190382,36.6576777049523,14.4487874677883,36.2619263253914,28.6150863989645,28.952320623405,20.4900655078021,17.3503696797034,20.3702379225585,22.4334809175434,18.0115620731702,18.768325003843,17.1951290395915,23.2886039178245,25.8463338744251,19.0764762650057,16.6678159594617,20.7158113829851,31.0956366016012,22.3499227623864,39.7398620237221,106.56740857457,18.0434051108123,28.1995606316485,20.2227434803904,20.0345681229903,12.3809176590916,52.987524075318,22.5836518033894,36.0217093536365,12.9587882303917,14.6112235016085,102.390523447614,21.9596713601461,17.3100079064113,19.1193209515772,22.1712405347291,23.0916616349436,43.7140704702931,38.9691960647619,24.4757514456331,51.2715613122535,14.1308400906895,25.7293069422514,21.9309185438748,42.6028180020416,22.1016757068072,24.0827343965159,20.2060212696622,15.373709160678,18.4019088668657,16.9260150014565,35.5597683376521,64.0332856206064,23.9331088880313,24.6596691082467,26.1448903094045,28.5727300839499,12.6823865625015,25.0819513788744,91.8053129865235,21.7463541753223,29.8845470203365,22.5529535083963,93.9648933560889,17.8857002013279,30.6864303028269
24.5414886233141,79.2117880312447,19.1465872307446,29.1994194915285,32.7266131712403,28.3739786420846,15.2760946887174,16.0998452037093,14.0670275127726,1e+20,58.3887655269666,32.7054615094069,36.4464705912143,17.5992929993455,18.457712275702,24.6845782049147,29.8668567942107,29.3026514325321,14.8152400756105,16.8227833203116,40.0738484094686,31.4012420442096,28.5346401752931,12.4748607296113,17.6129690706175,18.0609230272007,17.8073648005137,34.1437957622132,19.8132699076683,26.0664843322855,18.4050851992389,23.5226744038086,21.2106904111619,31.8050220046953,38.2908128655305,11.3312027614641,35.1998446255821,23.8098068325054,25.1003590580516,29.9388076754027,17.8786516844296,18.4322602878275,31.1634045637054,17.8281860042939,20.0416332166336,16.487301166769,13.4079711830484,21.6414001863524,14.33831733074,16.1266846668651,10.8973478356597,21.6655271341256,14.9205901467945,57.306729961249,77.3300780820084,21.3594781901552,22.2168068797429,26.8234208219272,16.4134469179954,17.4390633245821,43.378666676611,12.6908221929454,30.3995031968756,16.5949517583783,12.3794768358023,99.6855877555242,34.6880624765491,17.9827140657679,13.5336182064552,17.9916332465749,31.4999164443249,49.9120999447142,41.0576228479213,29.961096624999,46.0590257464122,22.367667305939,24.3027117371695,24.2478902318395,38.6901294392637,31.2840694071831,15.4812021435334,25.5421223342128,19.6090687945513,14.0158083330905,17.6481229293887,28.6522905203123,83.4264649262261,21.5885625193772,19.164254914614,13.8513090158104,36.4876885451577,18.6425777212597,24.308351111239,94.149308666775,16.7339977377061,28.9495593887189,16.4225764748941,63.5199630502941,25.8402818493442,29.0301391527881
50.3823711763392,18.5957507986391,65.2016120358009,42.9578719298289,29.0152605882319,71.5254516379216,57.2937965321458,36.5195309037231,83.1702330510039,58.3887655269666,1e+20,57.4257345332461,81.3762689086211,62.5526036235601,70.5746994898404,66.4766789473795,72.3006750417228,75.1723430469287,60.4201191054812,45.3637092265874,137.204233706203,75.7949500847272,70.7982259023746,33.2194877647911,65.3771485184111,55.4073732141215,115.414120172598,83.5751149217019,55.4629471215531,73.4688578582824,70.6677945341243,66.0789322680413,63.4618877608521,56.7206059513482,107.437250062824,43.1974857327824,94.8817708443885,42.709016967987,46.0255944227426,51.7414284535261,54.7732807941711,71.4614051737739,91.3226054374376,46.576072402393,56.2929625191498,54.5169581485108,47.8880079005352,50.1042297202033,38.1280894761371,37.2810219089548,73.0198188887379,34.7830162814398,129.648293393668,95.6718965580476,14.636837654164,62.9606774494843,60.5022933982238,82.6604601474669,63.1732762863684,71.3507822777845,17.9745555374365,48.2271893344442,29.4677441864529,54.5624086644914,30.1855737430903,49.7419330020471,69.1343296967064,41.4529854943228,35.4351522028448,34.0195014301423,43.266881988528,81.6499005770909,78.3593763230197,61.3062750200941,32.4726418637055,57.3952772656109,61.6610559506636,41.9026643757439,58.401909219574,70.2588142319386,51.2486831954463,60.5101515900594,48.187514953689,51.7754099111525,61.295127672572,25.9463825015647,88.5336042190184,44.4345865100934,61.7503372565597,51.9414251396628,75.00191071537,73.6008182305327,45.2649477632432,44.8514155604175,64.1393413596722,25.5823661498321,79.7286961615217,8.0789873761455,134.758699291408,43.5676292611146
13.5603092842479,56.4475441684063,22.9736471226935,17.1304204406331,36.3589184321555,8.53442351801269,9.65818122806329,39.1884723829155,32.1162537903127,32.7054615094069,57.4257345332461,1e+20,27.2235108831408,18.155956115358,10.6715210987799,54.1279397945833,17.5900577719129,27.4563258118866,26.3676411889517,35.44411542375,34.4851161575251,18.0881443902273,23.3129837109987,20.1704510989121,18.2938500826633,17.6919061436954,44.7365151369658,11.4602745630357,13.5598052400385,13.7254651085086,36.3788221025521,19.322212862606,40.4896095763301,43.1016545505204,68.9046951987419,18.739210421001,43.98802763475,32.1666214072852,20.2869032472727,37.2051817925528,11.251949145707,25.3819351763933,19.936076530791,30.5974968291216,15.1510174814476,34.8159515114025,20.9787123339874,15.4629404679154,36.198010400463,29.6613823504166,34.3259854070343,35.5724168123167,49.6088135012499,15.4740964869682,82.2349931178486,12.4789488784579,34.0076416494722,11.7468657073011,17.7844269703443,16.590066266646,43.4855177473683,24.8492238327727,35.6061057186788,21.3674603336537,25.1411116642798,47.2217304958476,16.2013456557107,18.7507202842081,41.1094154226484,42.1554803165465,27.7497880687402,62.0323525148045,17.588544262,23.4098472909635,15.1717639795545,26.0635756467338,21.4328070250037,48.8820451226274,73.9693948818675,8.7364750806601,28.7739305752313,14.8854192300857,11.9245488377565,18.4425377881238,11.3022356898294,28.8882464857588,53.1514707721318,35.7842535045193,47.8213631388654,29.0343434042046,9.98969544202208,11.8188955476709,51.7499713535833,39.1165431336599,40.16952129635,29.9127699505676,43.3795690087761,62.5206208247054,34.9824872925233,29.7336648808066
41.1757151990878,71.6387253812426,39.8943916934331,39.7014893604756,53.1432845665214,15.1278171650833,23.4461920703331,57.6783067894655,21.1954135518159,36.4464705912143,81.3762689086211,27.2235108831408,1e+20,20.2899579706784,25.2705485876096,53.9324947272222,15.4015993853735,19.5551177316359,26.5018148278812,52.1843245543435,25.9362012916532,15.0428888539693,23.1137104207742,32.036822437955,18.3755234066321,23.966205141646,37.1384404920588,21.623588785084,25.8392697540336,20.8102795787731,35.4033980989679,15.0824846398697,29.108194183356,55.8989218206865,47.6496313437036,24.6904632860014,32.0847799872688,40.6903864431274,49.7930518527282,63.2544814634389,22.3873112419889,39.1276959692437,31.9519928092227,56.3945402528432,25.3470240126014,39.5022550935635,22.0683090242031,46.8523537698756,45.6153062919546,35.0947847745378,34.7817877799822,63.2719421634226,42.9560010031699,25.2222823871465,102.260230219029,28.2875860665,41.2736543088046,28.5441688102867,21.7959304349228,16.5364689106994,50.9571404617441,24.6070708565927,73.4812732445223,41.1948382280201,43.8386329688542,76.8421989799846,24.6543272216571,36.7042671976624,55.3611074048552,57.4664204138524,59.9146334268094,58.2948780033119,30.5866529587479,19.4848280908237,38.5517736114594,38.4602946304002,21.9641629964813,64.4988607421171,64.6574981653691,31.468801144317,42.3869540205396,26.5805561457151,33.4583781095798,25.6000768934939,30.1417246601938,63.5422013788214,74.5887908465998,45.4378145079369,55.9719614231305,28.4035539185963,32.3016664081154,11.0901174610907,59.1054632146489,75.3966858444553,38.2492894437781,62.3099769324183,30.201339037125,91.6986334538454,18.1201055500963,46.1274711394843
18.95989345614,55.1517373535225,23.99140998331,35.3850628228869,26.3051002449749,19.3239859813391,12.78342515901,26.7063015066729,21.9838579036651,17.5992929993455,62.5526036235601,18.155956115358,20.2899579706784,1e+20,13.4985981042272,30.2969488440245,5.85486883213249,8.09648883173933,25.1839902536089,33.6381608902825,23.8991143683821,29.3860467608481,6.15262958653515,7.29408182428456,9.6702586523008,9.42649433377728,32.0464585127573,34.3073852909173,12.0424935292981,18.9579280983933,18.2680562696145,6.33739333041137,15.6932732420015,39.0150154336628,37.3050881931151,21.2268128273241,26.5479206953744,19.6703554477973,19.5069807845276,33.5941191756322,12.5420178381266,15.4950908046289,14.5052629127962,27.9389088520656,17.7126967783699,16.3450379562183,11.9256622160296,23.2188858450156,20.415205471301,29.2981750553617,19.1086299400894,27.4652712349077,32.3644275895431,44.0060501701921,79.1057645070935,7.59253480340151,20.3701476568979,19.4935848767382,8.7002690942869,10.0531544843776,36.0301566642048,9.03198358137441,32.4512519950169,20.0725158722514,18.6685127152837,68.6483638451527,26.3108144160099,13.7538140540694,25.2433324090394,20.2330819090571,32.0131697739564,40.3812394623981,21.5460167004782,20.8448879925591,29.4652775144563,30.4424709973855,10.8096175433717,29.1029551409044,37.9022994466746,19.2831177990193,24.9201917857806,8.38224988966974,9.5118410565407,24.2043401136912,15.4477748228841,39.7116132653507,45.0465126458321,22.4527367506687,34.2049543279054,10.7761514839568,26.9435099279921,17.0892829649239,31.9781793841236,76.4589825832831,23.2146805466182,27.8310293922732,23.0219901851603,70.955093894615,28.707652569776,19.5441333634687
8.32614973503419,71.4236916684065,13.0245908101353,18.0631184581279,40.7949497744935,13.3406587625974,7.58386315143284,29.3958125469689,18.416751601688,18.457712275702,70.5746994898404,10.6715210987799,25.2705485876096,13.4985981042272,1e+20,36.9876143651045,17.0319188883933,22.0987137027801,17.1269079949356,23.9181787181734,23.553297989574,9.81067766914458,17.2777414406188,15.9157606941202,8.40173059669033,10.0005044114804,18.0211375115039,12.8804439813375,6.88455464645547,8.99104247076826,23.6045753300172,15.9997707050792,25.1569327259757,36.2631436787398,46.3449618792898,13.1592810188829,26.1772770843186,31.6078745591694,21.4907915051225,32.3232097140238,4.00264971933136,18.27030980926,13.9442708869208,21.1151456700088,7.36494638391671,25.8963038847464,15.8225269856595,15.5262548928195,25.5760623555704,19.720090122581,17.1971905079185,34.2969385096399,25.5356755326978,26.5813572915598,87.0591846736903,6.4901635429972,26.7962388696405,6.37872448591708,8.32894296752678,7.48231759861801,53.483499355428,15.3156285690614,37.0657342327667,17.4801997212465,19.2595449962657,70.169158783998,13.9742252689338,10.1028924208914,29.1446229571466,33.835151498271,29.5454873281667,42.4421994196572,22.4656690664457,18.5020343305456,29.8299931065319,21.090091266701,15.1033504594081,41.0799178412831,57.1125260564837,8.22883541843014,16.9491212986711,12.8339940981028,6.5617561173724,13.5196482833255,5.40396361958774,34.8536977687941,59.7522437817003,32.6757951596242,33.9395184786637,18.0230474804448,13.2450174236876,10.8549373846539,39.9264396027967,64.2054390147078,25.9002125600198,33.4757606061474,24.6450204637037,85.407407651048,11.5715941133515,33.5434073596092
55.2082241790048,78.248799001362,48.0862075791239,29.694613382601,32.6000024944213,45.3629417895956,35.1706111353334,21.6871348041666,29.4444314246619,24.6845782049147,66.4766789473795,54.1279397945833,53.9324947272222,30.2969488440245,36.9876143651045,1e+20,39.3248524093651,36.365861521307,35.3364086626469,34.057627496585,50.909283240954,60.2326320401146,35.1686577661364,23.9252447785208,29.9465177113276,34.1990795512318,27.389203658317,58.7114879327777,46.6503348858334,52.8021187363127,48.1911088116865,32.3842023720343,15.5021207940303,16.4394135439899,16.9272797162465,39.5826554530833,24.7809556915606,20.7056839970277,34.0326972910099,61.2865429198931,35.3348817696103,22.5897027696154,70.8972037342461,39.6520089166666,57.0171536207152,18.4273716875012,18.0016122690746,40.1921932827128,15.4521379447222,27.943824357746,14.5657378468925,17.4611014099121,12.6353048136111,87.0929254006081,55.3963115226157,50.7847314028514,32.8485735759167,57.6340876565208,29.9616607870797,37.2343860456745,52.6496270576132,22.1689930206414,25.2417955872019,26.123475782277,25.4559794627013,110.724072742944,74.7404802587516,46.5693940889286,21.3686985434456,15.547008986262,57.2683236873809,31.7591042973,45.6907064817937,50.4915583625556,57.4343827332306,46.769454234251,32.4751244189248,19.335662270048,12.8301043383498,62.1486616957294,41.2049220875611,46.3253651216527,46.5734043743651,32.3112807525457,45.9099256485666,45.9921077583332,105.222172095085,24.4245683393267,21.7010561330635,21.8953178550909,60.3271180736892,40.1386510323939,14.3739844221111,121.965730886391,10.4309009614686,37.0250410257804,8.39855029324451,62.6690818789385,38.272760899474,33.3716867600742
26.3008669981164,56.2125505659078,33.6764626762031,42.4095003447083,31.0413311080556,17.0693226539353,17.251697596469,40.8720603065267,27.1083395295742,29.8668567942107,72.3006750417228,17.5900577719129,15.4015993853735,5.85486883213249,17.0319188883933,39.3248524093651,1e+20,10.2415669449797,33.2397266467276,47.5487852887307,24.3584748345803,31.7055647836251,7.81632448622632,14.7780675688582,13.417651939415,12.2745103106811,42.5698745248403,35.9679866464285,16.0601538376191,22.9039549396544,23.2393980776897,5.15624468534751,21.2225420502973,46.224029764563,41.5364750963861,27.4033579417625,28.2067286532579,25.5825593243246,25.9308257863214,46.4333028393864,16.4487191067183,21.2216671773809,19.5449001879293,41.5977295835394,23.5737696040068,23.2338637218475,15.3533443889538,31.8198002119615,31.4133063817328,37.3323402768729,25.7601047139092,39.5626705096473,44.3195456985714,41.4084753242385,81.5033668473375,13.2561674318871,24.0398026006071,22.2202127253963,12.0326810349886,14.1170452945964,39.9661378216514,14.2248647113377,43.1360375813047,27.6915921365959,29.0743918040307,61.7520198569839,29.8026052802458,21.5314409945923,38.9247514631872,33.4724281812832,41.0697366476464,41.3888091259317,16.401694599246,23.4847582441403,29.341689479342,39.7535820245,13.309249866838,40.7828247831017,49.1515168416764,21.0286929155816,36.9977292474263,8.88708770498724,13.891281102043,31.0110803475549,21.498311416643,51.181043375014,37.4622636901893,29.6965827868981,44.786970110283,17.4776915073355,27.0328472205134,19.5135309907943,44.3135896524841,75.9810186174844,31.9300040275038,37.7467237639605,28.8734120956762,68.1053557335169,34.5430585574789,22.7620560824171
29.6209409102928,59.7739843457851,37.3035425398741,46.4607165798232,31.0401772493259,27.7621832877754,23.102294373068,39.3222301978307,32.2391625281405,29.3026514325321,75.1723430469287,27.4563258118866,19.5551177316359,8.09648883173933,22.0987137027801,36.365861521307,10.2415669449797,1e+20,36.7251822704687,48.2839261269451,22.9256292973278,40.4907000655797,6.12136090703546,16.8642432926887,15.7994687414652,10.921110364175,41.8903101583671,43.6657822614927,19.8352843230796,29.1847922787944,27.4068351733308,8.87782181281401,17.3023212128019,48.2589681050142,35.2342015906145,31.9388373243062,21.3671721932892,26.6818265217544,30.3340997627423,50.0144875515203,20.6100725440119,18.3399658052415,23.0501215931988,43.2202874121123,27.6424269688506,22.1122387092726,17.3701502196196,37.7986717985253,30.3162294224307,39.7287619897465,25.1627816500547,39.8691991945658,43.4253584348329,55.9857693949519,88.2980851963352,16.1956773155972,23.0955536569999,29.9042456769922,13.8521609891302,18.9486442926978,41.1992440132267,13.9326423804967,44.0591591317462,32.0664524484159,30.2135883768548,72.8764483804233,37.5445505501336,22.5427046252826,36.7649423599845,28.1063175375264,48.1720552094286,38.4115980343063,19.9211543186211,28.0028008267206,37.1256996493341,44.8199624006102,8.27789713963254,38.5039060371869,41.399137785476,29.9637662903772,36.6077293096228,15.9995082225293,17.7942813602644,35.8402294230684,26.2499288490207,55.8943225653503,49.9953268046164,30.7313626682167,42.2884523498598,17.4469492231349,38.0934230575229,27.480257467857,42.4351335241924,88.6309612618855,31.2444999327245,34.1086205097016,28.7446635019111,79.5557161106869,37.0254408069895,26.5944206022828
22.9566488456311,61.51559045966,17.4515798557648,13.6273471172251,37.8860364664486,23.1241992479357,13.8953994053658,17.3025555099584,16.5255969851724,14.8152400756105,60.4201191054812,26.3676411889517,26.5018148278812,25.1839902536089,17.1269079949356,35.3364086626469,33.2397266467276,36.7251822704687,1e+20,15.5068411630135,33.9836394853978,17.2140569044851,35.4581679811051,25.7096666990438,20.0545535747562,21.5891422273819,17.4791301255526,19.5086692542447,27.2867072648767,21.7543527981836,34.3902471050863,28.8473514361452,30.3032033042977,29.5638588885711,43.8110328400964,14.4757140250467,38.3119483505576,26.9618854424606,22.9125513590101,41.902209261559,17.2318037356132,18.3982505013795,40.0540538406284,19.3617855414448,25.1511621858408,25.1173949340892,17.4652224194919,18.1737426294266,23.3422888169566,13.069696725227,17.959172268215,18.874034277001,17.8853609356063,34.4986635908508,76.2152349009632,29.3556078260749,31.953955574801,27.816001298294,21.789406452847,19.3987627099659,49.2097303240063,23.0366181069962,27.3761699262615,18.3128591457098,18.2201381675272,87.8011407412827,36.8348543705488,21.3637198309011,21.816708894736,26.3538104890916,34.9266592784484,53.2275315709257,34.5562673583794,27.6234220634034,39.3409164175026,23.5553809865865,27.4051727560393,33.8312108202966,52.6778775035638,31.4482331235804,16.9201223508308,30.7820894816675,26.7025606901268,8.63341135003432,19.9733073875023,24.7263093716368,82.386546092381,27.8224342874108,25.4684409574626,26.509485692561,28.1828461206962,14.6447573177414,27.2359385025032,72.9049959546578,20.3105146470281,28.1071631892763,22.0589358529064,58.5950173380755,18.9652609866552,32.2674383168842
21.571007000689,50.7996704670482,11.809287381501,16.0303131767562,33.3936117396365,33.7709091694391,16.050801659861,7.48635243558569,18.0145328680495,16.8227833203116,45.3637092265874,35.44411542375,52.1843245543435,33.6381608902825,23.9181787181734,34.057627496585,47.5487852887307,48.2839261269451,15.5068411630135,1e+20,56.7248685442346,30.4463668360803,47.5387957175698,32.068321991225,32.186512593764,31.6415820125838,22.0968616450589,30.3434539536589,32.1982313727591,38.5461587189624,31.6305703588541,40.1127516086607,35.5132353136235,27.2808472439247,49.1327584569914,15.5476511515196,51.2483100457353,27.7993740108757,18.2819264498633,26.3900641428242,22.6947440066143,15.1127559705203,45.3224706770904,12.8986479623358,27.8175033022945,22.5988088642962,24.6578173834507,14.9143105853483,21.1932607931379,13.995749602206,19.3170257118182,15.0295023572778,18.5767856517646,50.6399537731522,55.8770495007833,34.5268831907771,33.373951326009,30.4931554276151,31.5657213929232,32.8096425418278,49.5602973485609,30.4689946635442,21.5759912762136,12.7513574949659,14.5766546108419,82.4170581766167,43.1001795423342,19.0128412246507,16.3679246663327,23.291365397702,21.2562249452388,44.8055262932825,43.6553176554128,41.9409252311744,45.1401194836741,16.1081331685377,32.9868077102009,26.6656686738197,53.9688885527655,34.7475493687627,20.7989003418504,38.8672732148841,29.6302663215774,11.8399194057321,20.9853322617382,17.5679997764869,84.8396750050251,27.0141620671852,16.9791618045313,32.8946093857777,31.8428483898787,23.7818466999464,29.2867124509412,72.3095992108807,27.1535779088236,16.0622426222981,25.5835356033087,43.6925881426659,32.1419515752319,30.0082740115782
36.4831879915499,113.051626701994,37.3428340770286,47.669660432396,65.1491430200581,23.7559264587171,29.5574064307419,64.7307687883328,29.6934884144273,40.0738484094686,137.204233706203,34.4851161575251,25.9362012916532,23.8991143683821,23.553297989574,50.909283240954,24.3584748345803,22.9256292973278,33.9836394853978,56.7248685442346,1e+20,21.2759644399676,23.0515095220408,32.1805291270929,22.7773111633743,29.8870070930317,26.9312638077512,25.4354417474237,25.4709490752546,24.3665319653028,33.5368463963518,26.3357875568758,34.9404612701926,56.5665446743125,40.9968349039044,30.5445624510389,25.3194933956567,54.8459448729022,48.6316081658171,51.3446499655555,23.7170219355898,35.718109225954,17.788004461036,50.667076333406,26.4619641487418,44.0478289851727,36.3236928805324,47.0477677763509,50.6437976229157,39.8042885992611,34.970037786403,73.0151439082176,34.8189137026131,25.021829836876,157.875666543268,25.3732520800274,42.4973137501629,21.2672635460067,24.2350378020363,24.7536595751483,82.1670829428667,31.5259606794106,82.2653826000112,41.2293804296379,47.7023730775737,101.857354294091,22.9161848831097,36.1372684932505,59.8233403462861,62.0737499346573,51.2681836943084,43.9811933780249,30.6454398060065,29.329070782827,64.0762150467293,38.236465493543,25.1443181268368,65.7993351148077,65.5338021524346,22.8558904361906,39.9374676453953,23.4380801360097,30.2272831885026,35.2035508406639,26.639769150886,75.131824436171,20.2926876610037,57.072135889518,51.3841968113795,33.544043567433,26.6705741818545,30.1016643044237,68.000605206161,104.411414567694,40.1032358724495,70.5528082633557,32.585929456781,117.863836386399,15.5922910518186,53.6944350264656
21.2396396701097,85.5876880106847,20.5360106922718,23.4839071578149,59.5036816454252,21.2741245791893,14.1379014273677,41.7117478371542,22.1379784991174,31.4012420442096,75.7949500847272,18.0881443902273,15.0428888539693,29.3860467608481,9.81067766914458,60.2326320401146,31.7055647836251,40.4907000655797,17.2140569044851,30.4463668360803,21.2759644399676,1e+20,34.7581817187027,42.2371487061485,22.6490609805835,19.4632686651364,19.0519597593833,8.05284470916334,16.96068946792,12.9425021485754,31.8618247737196,31.5571288840563,35.9131925004156,50.3553497110351,63.1306362399784,17.2164910229451,45.6304466749126,51.4963891596333,30.6750331465773,44.618014769426,9.72937314570307,28.6977682878496,26.3992419643261,31.7300226887355,14.2138984735409,43.4792452274969,32.8425300311362,25.5298361543747,45.6932295231902,26.7948459809191,26.9584727972163,51.3260868914481,31.2980715667957,17.0263629102089,110.788652579481,18.4026114247342,32.9906820706982,13.8788611864244,20.4085809342683,21.5568219938698,68.5856961773388,28.8715203710757,55.3043972520129,28.167660619071,38.4922189848437,66.8752367786739,16.6121440231594,23.5480584661459,47.7880703969706,55.5521647720119,42.6583218498045,62.4532288880038,31.0189887688466,25.5199243865155,40.52212394425,26.3392284886937,29.2523202646332,62.4648036629532,88.0701624846286,14.1702307257341,20.682116191763,30.078927272253,21.7087699596234,15.8997364699252,15.0465490597197,45.2805742396162,65.1860818344085,52.1110178412437,36.8064995259251,38.204363719159,18.5167340294807,18.758811160025,61.9565492189195,62.6758268710864,42.9755869384481,46.5213778022402,31.0914625751957,92.5765011697636,9.5048154201017,52.5762406510871
27.7125975673824,56.5617820923092,35.332099616368,44.06749678575,33.5438200240543,24.5621916275561,21.0448192833908,39.6184033742983,30.2779048617224,28.5346401752931,70.7982259023746,23.3129837109987,23.1137104207742,6.15262958653515,17.2777414406188,35.1686577661364,7.81632448622632,6.12136090703546,35.4581679811051,47.5387957175698,23.0515095220408,34.7581817187027,1e+20,15.1211641410446,11.9714819037524,8.60400233687826,37.8555052190967,38.6771206200075,15.2831361416311,25.4628442665255,26.8150344075511,6.93551530189088,15.2615215634143,46.4310345518979,37.7350725419256,29.9221395035654,21.9007136792466,26.8281010629039,29.0411015306795,47.8164162689162,16.3020323211574,20.2596299885351,20.3656346919589,40.9702879924359,23.1356959055425,22.30075634166,15.8217180383397,35.9942473970286,28.7915428305543,37.7197164112044,21.9892712983124,39.4295895055154,42.0048617904902,52.6418488297786,83.697047551281,12.2180406655757,21.6304064072714,25.2965191077481,10.1448809583191,16.8054113615396,40.5146659757663,11.2737199378549,43.0199405542842,30.1404208377892,28.8299795494128,64.9725172365513,33.398264752532,20.3701689823654,36.0089335636422,29.2232207249482,46.7848345480037,35.1586672672992,21.7615682503494,25.1870030664419,31.2958465213582,43.1732850144809,8.54688222638411,37.3864162887918,43.0797241395192,25.9472140324928,33.263995744463,12.5580993952321,14.6374367103221,33.7732604389043,22.8946860533794,54.4135350531211,45.1040659995101,32.4928941503811,39.6823359281679,13.3878060685157,33.3443520048606,25.1472587827977,42.326041057246,81.1915703420833,29.9803241475535,38.2278881618036,26.7447717842388,72.4090637778491,33.102208377227,26.8179521991846
