1e+20,12.4820946498121,3.70357926878726,5.14531256813568,7.86590100624109,8.00239093576836,4.18534465332579,5.07455867985131,8.3440774238535,7.782490313757,5.44221916908245,5.25261408106153,10.7222463588896,8.98022238674574,6.476955623707,8.26429111512963,8.2997722001591,8.32841077073563,7.07010830942267,3.1601617950777,10.1232955080554,7.28480061965217,7.152220830226,12.3249088928569,7.38305575795835,10.5677269418258,7.57544475164171,6.09621470744608,8.17564517901174,7.78415479713431,8.52219068040582,8.25485064668514,7.93212199669038,7.33534837464837,8.06198673349112,11.5764815505944,10.647035585241,7.34982915518614,4.41719864640704,7.90737448922009,4.13478566171987,4.94884723952339,7.56643655288432,3.07581678258113,9.22812377624486,8.02609776970494,9.43466327353222,6.14437522501438,7.62567587351102,8.68179676004094,7.34392797370771,5.72037066066923,7.44132827608372,7.5635051216001,7.35082936933452,6.68016669393263,11.5463306131503,3.67577924015438,6.84722552789199,7.36153122984238,7.92168891743757,10.0356657233915,5.34117688197479,8.23875392623781,7.57042455320788,11.6775319954799,7.67178887551964,8.34217538019267,7.16059993528567,7.09359482967293,4.07121340803612,8.5035883486043,4.57358928926507,8.08541120469561,8.2160854199318,8.12847962903123,8.78493574683769,7.87988942295478,7.95541595495063,3.67225666932485,7.41153601495972,12.068604211097,7.56256512545504,6.84859536277905,3.04456603897154,3.7190991785401,11.189202182084,7.87498352403431,8.18113417377684,8.54715193954419,4.7455393834777,7.6417317449831,7.46781961413285,6.35269687381159,5.42868514018583,4.51091713811768,11.7620275138497,6.19371394973897,7.26290111115531,8.66145116121712
12.4820946498121,1e+20,11.873392990558,13.2428103757895,9.54420503088989,8.17221457925514,12.689557596027,10.9133509302682,8.05950844944191,9.36795319669637,12.3734996643528,11.589136296802,5.58861344339762,9.22134721483837,14.7610850588019,9.70652728334078,8.70223358785293,9.45760271606084,8.26695307251485,12.5175523898575,6.97852612652282,8.6356332115454,9.29502643367071,7.02906113862375,9.17704515090909,5.16250833505543,9.59734574987187,11.7090735109081,8.31404384912084,9.09094467217893,8.13526282768006,8.52250562879658,9.26420005180879,9.14435660804009,9.64796656076736,4.08189555020617,3.61859829340702,10.1775260433768,12.2204903959677,8.97117368524535,11.823094102598,13.1864733682625,8.3398812951913,13.221126554646,6.32416049516708,9.80052808631473,9.06380721436586,12.1818602585719,9.64787907217253,7.1928183713921,10.0570823898893,11.3455885123995,9.67449862230729,10.2308947091728,9.66410233874099,9.95067958941115,4.66113916063938,13.2130017938397,9.84044617710953,9.0344817550524,9.91266703348587,7.45513358699052,13.3161488748247,8.34093628372889,8.93582108825214,5.18201000547379,8.52875348185608,8.42057254532833,9.80501567294996,10.2146371640013,11.5249860262481,9.05449997550866,12.9533457288524,8.4213878099253,8.73755124379149,8.02712732666459,9.12709456205733,8.67302042155102,10.9809696251963,11.8017439861049,8.53757245754333,3.47363695612296,9.33814907983673,9.04686629222016,13.254533287468,11.9435275954338,6.53818763755571,8.56767264861613,8.87019992991901,7.70819012569918,13.6417792372285,8.50468693911409,9.72362489608717,11.0343620245506,10.9323263510721,12.9194888148299,5.54381333146996,9.88753164910939,8.7635501911024,7.45087820954959
3.70357926878726,11.873392990558,1e+20,5.22255610923891,7.25002142409261,6.95190272989462,5.79582638266783,5.36079164500887,7.32970927806629,8.03569073754054,4.58789538057297,3.96372472008312,9.98850491167732,8.4055876950831,7.89475821082482,8.50832881984954,7.59514448251423,7.86342598538497,7.11464648676453,4.80400871010494,9.1090548383424,6.83770440445495,6.80030356759878,12.5435183686522,7.08481329404199,9.93091138699889,7.40616650727134,7.03569694504027,7.29262492690613,6.81919136330688,7.67046535409111,7.7246886294395,8.17109515799412,6.32835600976682,7.69779806861311,11.3004343081571,10.1145645687452,7.32052144319366,3.98999175066658,6.87528714367016,4.41770532553351,4.89787463169788,6.70678372336513,4.89673136121458,8.68874561330853,7.1838885199993,9.70214074725342,6.92637091166546,7.54368291476364,9.00005537004716,7.28499737823015,4.7781904045917,7.87271481294585,6.47523482838152,7.18975474370611,5.70035042877298,11.3060952302514,4.76796569845884,6.74476982917672,6.31638444606315,7.52756209234516,9.91900244655907,6.71421260219054,7.27682087572662,6.36504716186805,11.2491541205582,6.45330742594208,7.87281585645529,7.01034021735426,6.84782512489573,4.29900260181749,7.88640485694238,5.57768364489652,7.09600639240859,7.35675673462804,7.16689798456456,8.39698602759683,6.89503805495239,7.35372369813402,3.89897746072138,7.42171305329741,11.2808220220277,7.22575589981703,6.74446195290756,4.91704644604734,5.00247583599292,11.525186531409,7.35465868619047,7.28278854833222,8.48179241497518,6.32711704412428,6.3645235042278,7.23967973959463,5.25369844717593,5.99431329816992,4.44674743363722,11.6245660757287,5.71346296743392,6.04147032346587,8.22247598453256
5.14531256813568,13.2428103757895,5.22255610923891,1e+20,9.35199385702762,9.74782762834802,5.54585883640626,7.32323237124433,10.0297192946988,9.69883702267175,6.20675367517512,6.18217721017743,11.6491713730377,10.1273786529206,5.79256671291371,9.90029196710846,9.80415492872325,9.65620130382315,8.47838706452012,5.00551190964975,11.4151710437454,9.39288405965522,8.97210813215335,13.7003634202653,9.39652445324391,11.8306349071687,9.32940332133518,5.40004375688083,10.0340885779001,9.23271442063447,10.128550403293,9.71328781333775,9.88026051484685,8.87761617607966,9.35004133083324,12.8044787522266,11.6638357951132,9.04563966144418,4.85010551088963,9.30282056967469,5.93082954205209,6.4682032585753,9.52853786945885,5.09650366226022,11.1478884709411,9.25473432926516,10.7530106261219,4.16488553146929,9.45248250113724,10.7540511873395,8.90930471637738,7.32071248203853,9.4370056122277,9.45423610833754,9.27398612986222,8.24408039832987,12.622711324399,5.09017080894458,8.9176725016778,8.97421870102677,9.12842659702736,10.9842203953824,6.10890671120374,9.79180908624538,9.47560682183232,12.6468331515851,9.45307304025806,10.1914208655444,9.07205839923569,8.51622872188535,6.90462658314999,9.86831764571589,7.44004197389947,9.73294691001518,9.94531901192563,9.45805579563409,9.94697747168047,9.31951620361281,8.81729749583974,5.93509002962538,9.59653130946303,12.5509001624173,8.97032260387281,8.90125520425068,5.07004814705862,6.03675391289159,12.3083474717226,9.37862870607822,9.19184804039386,9.98828907055311,5.21452951702649,9.50865923721601,9.22965918796715,8.20864697951929,8.110865636491,5.0195694585368,13.3001084905881,8.79543839170957,9.04128529442939,10.8297310155426
7.86590100624109,9.54420503088989,7.25002142409261,9.35199385702762,1e+20,4.10565203572888,8.83563836564852,6.10859342571811,4.30644147782632,4.81330234539988,7.65681876640257,6.23838610474827,10.2473938813798,3.46200391316793,10.7415683243306,4.65041391839203,2.51809740855512,3.50960274370635,6.97982060450195,8.1956359400862,8.88494913737772,4.57803075236618,4.42059900066218,9.81136682153066,3.11745997052395,8.73373131304465,4.52135196482205,10.6757366639495,5.35139418375098,3.23571088312605,3.18866534612316,4.35300445644171,4.72776282982557,2.47637753465183,3.97996811498727,9.23949503040818,8.4387974726111,3.37349193705765,8.83647841152337,2.37501630380057,6.72287682467139,9.03493502063277,3.27533809753235,9.04323545490005,7.55157491498573,3.19384607252808,6.50651761921962,9.96734963064114,3.58132430256238,6.86120040551106,4.05848384042668,4.68639645663903,4.45519332582577,9.2104671697712,3.12483333398696,3.35113283384972,9.06900965939317,9.28386256673291,2.48947519975144,2.72903718087577,4.16636613828586,7.55230426390561,8.99006258936617,3.77244912273111,4.3199180536375,10.8239530318956,4.33280012967673,5.1343574273138,3.23312045683219,3.67810232150292,7.32407818999053,3.22110734166643,8.59522930486454,4.07634245036804,3.24139598616899,4.26553663786983,5.02245784178552,3.24658474061104,3.56133088859605,7.52423279765877,5.24405778890811,9.49888026940103,4.05552119431826,6.12689436593596,8.83537961522878,7.90709075350148,9.90769845341201,4.36066569829048,5.32861196456334,5.91647672479305,9.79268875216374,4.77935290453908,4.10714839209981,8.76975923268317,6.72600810054253,8.99480152613142,9.04069333238525,5.59350769700968,4.15983325914325,5.03639034602275
8.00239093576836,8.17221457925514,6.95190272989462,9.74782762834802,4.10565203572888,1e+20,9.35165481553889,6.98487840923758,2.3340998876485,5.79612128304484,8.06636852131372,6.49459918425955,7.72265821327938,5.61932682419362,11.4509651256812,6.61637614610889,4.08972825322012,5.57398145404188,5.97369590192719,8.50440205539954,6.18181434707588,3.6129179028688,5.53247838102488,9.22861623001939,4.23843030475404,6.44284896402691,5.57301794654069,9.97331931198507,4.49649787470313,3.41244342015438,3.53018814442854,5.28111823073113,5.87293575991908,2.49499412998489,6.09864086204351,8.0226795097713,6.75209610384704,5.61601446924856,7.97152461403532,2.65467425659975,7.53798526577252,8.86200149135761,2.3884327477993,9.36160234730319,5.25864885772539,4.48587501003465,7.24833854899759,10.1366166380377,5.54143518942566,5.72783590598492,5.93293795074116,5.72713972479665,6.12553965170562,7.01706262634009,4.82657643226339,3.72746665455407,8.06797840604788,9.34884791859653,4.41737019472617,2.36127175693097,6.11411088616555,7.43683844311334,10.194823566175,2.56074757365213,2.31120833865283,8.38373664503971,2.32473939268597,4.64015816719931,4.95123943190359,5.77137313820605,6.72305765656739,4.77618499726711,8.44884308761584,2.1647285461974,3.81250060926356,2.52461359132404,6.68267272327529,3.18536158763153,5.94180446853835,7.24979362461228,4.84559119550711,7.82331357313666,5.54860276369862,5.96088784828456,9.30022523758436,8.34427062589194,9.20380812784998,5.16666250712003,4.73414470250625,5.84859620327198,9.93519081655428,2.29111215943273,5.65143297120802,7.02811419093639,7.01161683671573,9.04322268660275,8.1778218876642,4.77481843077712,2.49031070508498,4.4516939607875
4.18534465332579,12.689557596027,5.79582638266783,5.54585883640626,8.83563836564852,9.35165481553889,1e+20,5.74710828624717,9.59429168828518,8.5229812182724,6.43910212227102,6.65952585604878,11.7619213520228,9.55179476375746,5.81178962292148,8.78548593416759,9.26576377896619,9.09500247395607,7.69717545694768,3.9398303610538,11.4716698105517,8.82761570158403,7.14605311788192,12.2255275480346,8.53709639520269,11.7363734954682,8.70264603460223,6.92411228307491,9.4157006968532,8.92029088156557,9.68604028953786,8.35274583006471,8.62821924068999,8.5282988979634,7.7991259094689,11.2341630506568,10.9048643895055,8.12311220678456,5.83206526165116,9.04341479832688,4.46836808558613,5.7090583951241,9.07508717443588,4.13553884283527,9.70918823299798,8.88866354608571,9.83702402727519,5.30862532291739,8.56599784203709,9.67765880064261,8.23611970638764,7.1199529827816,8.2561775598511,9.51659624012947,8.34315246603171,7.97375295093784,11.2503528706961,4.7031154325591,8.06013363959674,8.65132773035959,7.7807889572973,9.21625101507296,3.99685974778521,9.3751693339469,9.13508191892226,12.1529504082993,9.16023986033295,9.44469497933802,8.26177082364711,7.23328213268986,5.18874060970521,9.29607790203487,5.16832370476237,9.34502594825175,9.34628779283076,9.33428880283566,8.46733095177637,8.95047899238117,8.49618831689397,4.7605689484586,8.74658417853386,12.6017456378766,7.43388745485449,6.63268517624154,4.08932962350118,2.51642343247059,10.2196612502515,7.95429968188445,9.11160299507205,9.51493069366911,4.99862562889875,9.26557079349782,7.22961255427965,8.34540268429036,5.05824124942729,5.08171790099241,11.1802130864814,7.16863975436838,8.76694347462167,8.83150340798479
5.07455867985131,10.9133509302682,5.36079164500887,7.32323237124433,6.10859342571811,6.98487840923758,5.74710828624717,1e+20,7.27251995611425,6.47777939039004,6.40349879115742,5.52521352106139,10.5337129568057,7.24419512340251,9.05185861302634,6.56173492116569,6.65387693752139,6.75608096568163,5.45739200769287,5.02538980323999,9.88000188516962,6.38894517330274,4.71424656268489,10.8135185196525,6.00375480892315,9.8346571808915,6.15801562126498,8.51358675399534,6.58195394562417,6.3882155601438,6.95413948793118,6.15341883022586,6.54432090807966,6.04925267181148,5.51523141790301,9.74091007654578,9.21595334318598,5.89647818511642,6.89169927189858,6.29449558825763,3.67170271546566,7.41199379270008,6.27148118009919,6.56198081092566,7.7978339473767,6.52538618384664,7.8902837523815,7.71320774932095,5.81917286623275,7.82482969813984,5.89239073631887,4.6874391188485,5.98443799556306,8.39610491702449,5.9238224398808,5.29031823119772,9.56591892123835,7.01763784231379,5.41285732931397,6.08446992899812,5.7362295775741,8.11203894631054,6.18839623873578,7.05087937189798,6.36595441650399,11.1259855673256,6.4728570908029,7.17331842392205,5.70425898602535,4.61389023772769,4.85375375504287,6.88797134534834,6.4416848031073,7.03241618134999,6.81732498762035,6.93389637628376,6.37171977114757,6.54840828311199,6.41519690527949,4.04607406581048,6.36263914411216,10.6778853717019,5.28839097738217,5.18517599693969,6.31951972936808,4.65847967385205,9.66768541948811,5.7773510522252,7.09261662694654,7.15003943790588,7.71544221304209,6.55737026023922,5.03406760519032,7.68833688201497,4.13353043533822,7.04374989407444,9.70047051043351,4.30428787006635,6.07823154638688,6.58950877548144
8.3440774238535,8.05950844944191,7.32970927806629,10.0297192946988,4.30644147782632,2.3340998876485,9.59429168828518,7.27251995611425,1e+20,5.78024103559785,8.05747441815713,6.75797672859346,8.03442310709532,5.07333108175921,11.7367800718681,6.3050272499914,3.14617755803534,5.06594773773574,6.5856386396663,8.87673179415987,6.34718612238827,3.32679524419803,5.49458135807423,9.46080971295107,3.53721112259296,6.96499527980427,5.49708472947196,10.3735880675676,3.7896920437334,2.46184085525876,2.42188639688628,4.74331449270921,5.73815517686371,2.92149535382904,6.00878401789174,8.28083412683064,7.11314994561466,5.18841995303853,8.45092148495676,3.02291882143442,7.8355318239951,8.9340110130648,3.21339608319003,9.60882151052941,5.93592881193329,3.76495489273262,7.62046598802999,10.4820186561066,4.94946748207614,6.37484375316416,5.71551989207707,5.9234370766866,5.91160280017332,7.16934813553174,4.2983000989415,4.07725706584172,8.3522842715486,9.68434900880046,4.71822714555602,2.77125024290094,5.5440357778938,7.86073909069865,10.2468207018218,1.30612961268915,3.14652532276663,8.72573913407567,3.17012591208637,4.84010875235114,4.4141750395244,5.871658684037,7.11032921493833,4.38116845554894,8.72964616137813,0.866665481656293,2.67122090392275,2.00713776016513,6.11183685637494,2.10521620953002,5.91844375176722,7.73922236612396,4.98824687217194,8.12197366195518,5.05575115175771,6.16077742736096,9.54878252453288,8.62327697287094,9.47189642073213,4.69325250714828,5.26766387842119,6.19385435910854,10.3379867382528,3.10319682361455,5.64582985038163,7.31307678580737,7.12810517299213,9.19728728440929,8.32800901579757,5.29519127803955,3.27052059863103,4.41648002099277
7.782490313757,9.36795319669637,8.03569073754054,9.69883702267175,4.81330234539988,5.79612128304484,8.5229812182724,6.47777939039004,5.78024103559785,1e+20,8.39054116973087,7.35130251762653,10.4014748051082,4.21375078156175,10.7737724470599,3.06807433779041,4.67591549519275,4.32378311445465,6.7255577061534,7.93523835318982,8.94554635168414,5.41548184416959,5.43003915810756,8.56015025548668,4.14780012176133,8.24998037252947,3.13264039981679,10.2464434204464,6.51181891334994,4.98351951806905,5.21244478961069,4.14395397101207,1.11167330427508,5.27171251628637,5.22080861758115,8.60547869602475,8.00767893883368,4.00571763705437,9.23308360380627,5.38784413418776,6.92082027213283,9.50776953997497,5.24972323640386,8.79491115723459,7.09612379277091,4.84674351460176,4.17872141859008,9.65540485763446,3.87736106215907,5.19364778464166,3.73091362332559,6.29707472980402,2.63931907076039,10.1368994112508,3.97234478342016,5.56201646326696,8.36490322407935,9.3671128098251,4.43521192702739,5.47795117884473,4.64634484120837,6.42238625605527,8.71081475796732,5.30133102350294,5.98829817774159,10.7037683381991,5.76764751412425,4.10154620436285,4.09071893310752,4.68401483772492,7.57011199631796,3.96013244374763,8.53987973689498,5.51847243356821,5.13457597671713,5.60415807927843,4.54516155853345,4.9911971436921,5.5580971208209,7.67597822279797,3.21865855153623,9.36539354070062,4.42597238398523,6.07720697964643,8.60150816311615,7.83208562978306,9.0700282140829,4.07389643680258,5.01300506779621,4.2896225594205,9.58790875492639,6.291192824645,5.13508155556116,9.77321915630752,6.61083015364408,9.40466459025925,8.25066565858311,5.57273655372126,5.79039530972763,5.78185871355156
5.44221916908245,12.3734996643528,4.58789538057297,6.20675367517512,7.65681876640257,8.06636852131372,6.43910212227102,6.40349879115742,8.05747441815713,8.39054116973087,1e+20,3.44471401155083,11.1018877759398,8.34265490050342,8.31942391876357,8.46994568696997,7.89838151586887,8.01938678123353,8.70350137895503,6.02764030699143,10.0810186886324,8.12034203925801,6.80701094432801,13.2415019881186,7.6260489331517,10.9259938794616,8.1744989493502,8.41000206443349,8.16613361821419,7.4693508033928,8.19528400304699,8.01417483003278,8.42007220392079,7.05969389411316,7.51590950633143,11.930774622226,10.926791485949,7.5339266185686,5.59580479082951,7.48951263647613,4.80370247841043,4.49082637845036,7.81338413349504,5.94079354291233,9.77114737292133,7.54982124688927,9.99049443148548,8.05380296607015,7.74496127482951,9.92491994216676,7.81117852566463,5.63126431973366,8.26264369777162,7.73719337173029,7.57323078291007,6.5569121691105,11.8813016394057,6.09260132145896,7.43475579309116,7.09682497897509,7.66222211323759,10.5800558515435,6.56682946923188,7.99172589045929,7.54149277730433,12.2531244894603,7.62829572204014,8.63778350040313,7.5692228323146,7.13966307082873,5.5371417435313,8.18519587185065,6.22350739678097,8.03166509184121,7.70960393682622,8.22980484129804,8.03639494619938,7.42095014723358,7.32529365269827,5.74140012736644,8.5101211005965,12.0246534415349,7.64992609514815,7.46565352137024,5.69254148635786,5.97376180486048,12.2795691258214,7.82854735022118,8.31490187375345,9.30036495198207,7.55605378958095,7.63942751748706,7.24876353452462,6.40831301335397,6.53147224016315,4.28501108588274,11.9661334283864,6.86860351265627,7.18042594265618,8.45492742425823
5.25261408106153,11.589136296802,3.96372472008312,6.18217721017743,6.23838610474827,6.49459918425955,6.65952585604878,5.52521352106139,6.75797672859346,7.35130251762653,3.44471401155083,1e+20,10.1895962050001,7.5936345564611,8.9965805178132,7.74256760695466,6.73463178499517,7.27934419382012,7.16746902117592,5.75521060953312,8.87062371367113,6.21889665279225,5.83589459092407,12.6513572757342,6.3131356700223,9.80323887610858,6.96076906122678,8.1278348594658,6.239643198865,6.11961413533365,6.78423913735728,7.18701723800581,7.53838552731906,5.45858313146828,6.51686849833671,11.2601479080546,10.0896143467247,6.59089961962275,4.97386423637848,5.80795761697233,4.30064157379882,5.36810848777038,6.14235709917181,6.3363573551265,8.60277213270157,6.45900432312577,9.17545292896029,7.63116002053233,6.53188321436992,9.06199945072561,6.67535966915869,4.9007596800536,7.28674449509512,6.8513162039831,6.44138472490942,5.21441800242551,11.1704277806314,6.49669383590046,5.9611675274673,5.45240360786414,6.94499190151662,9.98509114415051,7.39618193294983,6.7101350081605,5.92233931902601,11.3546927141249,5.97464706496411,7.35922466695328,6.2903286340378,6.021872852247,5.08192156333988,7.10997354740359,6.4878832949074,6.5686876175284,6.37605576305343,6.52734602219794,7.27444988276768,6.12678803273403,6.66812477195676,4.68511315684481,6.95885382845339,11.1093191133742,6.65864315764361,6.85980947815239,6.14242640754532,5.92189008743866,11.674389348483,6.86569042767312,6.9784202554849,8.07257004744965,7.58595744579222,6.01823371898759,6.01735273320013,5.43088999665862,6.14244662786283,4.83863281152302,11.5111457980942,5.50155047536388,5.49008782128802,7.4302925473496
10.7222463588896,5.58861344339762,9.98850491167732,11.6491713730377,10.2473938813798,7.72265821327938,11.7619213520228,10.5337129568057,8.03442310709532,10.4014748051082,11.1018877759398,10.1895962050001,1e+20,10.8163279561204,13.6235514226463,11.3484910745458,9.63915167020462,10.7743519210302,7.16668114287275,11.0697191708837,4.60122243819278,8.01200395444331,9.91819377746033,9.5162889898431,9.65334379823111,3.79627882513483,10.2407844859693,9.19574475481009,7.89912143940421,9.52044574282321,8.73673218245202,9.97994389286481,10.4418727842867,9.17202756182043,11.0000285504218,6.64597043637933,4.71256308701356,11.0445910538187,9.63528686726106,9.25557219239511,10.9721737733647,11.3724509117763,8.03399449828722,11.6780734922915,5.70565871891556,10.6130730975908,10.6675658403267,10.7798229485688,10.6208060847901,7.62607220060103,10.9142325804967,11.0144996264257,10.8178058118321,6.75480017650451,10.3399200277683,9.81762953546,6.86644990370849,11.4341849147826,10.1606987072625,8.94773298269693,11.262049460435,9.55062027553682,13.0020708127992,8.64541266585923,8.23297075901468,3.00870306044345,7.86782492666836,8.73453549978676,10.3746450527274,11.0671600847523,9.66620582381057,10.2097981255925,11.5553501519648,8.33682231272137,9.18218766397698,7.95517235554052,10.9380813421498,9.10455660287787,11.9757590577225,9.87485077640439,8.58011823419418,4.5100878186504,10.5075208274964,9.18512936272467,11.8146314973273,10.8946792320305,8.1320777462748,9.79425813315997,9.01708534713818,8.462864416558,11.9381582205862,7.55394785802835,10.5596503868993,7.79250207614105,10.4055912568482,11.0624156133,8.25828636066274,9.04791684840047,8.0444636760709,8.21649087383967
8.98022238674574,9.22134721483837,8.4055876950831,10.1273786529206,3.46200391316793,5.61932682419362,9.55179476375746,7.24419512340251,5.07333108175921,4.21375078156175,8.34265490050342,7.5936345564611,10.8163279561204,1e+20,11.2609848446444,3.2796091457534,2.93344922380336,1.87361402017081,8.12241446697866,9.16022904581679,9.34026752586585,5.84454077324373,5.45187856370214,9.33384977199728,3.89871959859756,9.01858743312852,4.169306879884,11.4496598355394,6.40293457417194,3.89616657906242,3.89867256163275,3.35175320753203,3.91937653104648,4.53027119956987,4.77752408932965,9.15756628862534,8.49426836938365,3.62538569995725,9.96875680420279,4.49507026072737,7.7499635573429,9.73063151628694,4.9398987666381,9.84148454752824,8.05936632032839,3.41509135510535,5.86978271378563,10.6056589844875,3.89727091434408,6.95567071496485,3.42441242254222,5.83238334998154,3.78111274965769,10.3874116655428,3.68633482634804,5.01822624748765,8.90568211206727,10.1124463585734,4.51493209405226,4.77250328485701,3.96091480596906,7.19801408052026,9.28863059789522,4.44704800464135,5.84354108647431,11.3077410570859,5.65917742618039,4.95312254529447,3.9114177310166,4.74345519098777,8.59764524518429,1.57659623179614,9.42846388906711,4.98064308798243,3.79398096406457,5.21713592753478,3.69312768151885,3.85796462505508,4.13128232949595,8.8166377141826,5.44852011716449,9.51218056448252,4.22485773124598,6.76649733650846,9.64378043672648,8.77178621755706,9.93362890262878,3.62064069308073,5.30430118679886,5.77001180151627,10.5726956111617,6.21096037639116,5.29052662245556,10.1310858971259,7.45707742689621,9.76824607349631,8.74215779124029,6.71256908268113,5.64908164963215,5.88444058527508
6.476955623707,14.7610850588019,7.89475821082482,5.79256671291371,10.7415683243306,11.4509651256812,5.81178962292148,9.05185861302634,11.7367800718681,10.7737724470599,8.31942391876357,8.9965805178132,13.6235514226463,11.2609848446444,1e+20,10.9610900162857,11.2617004194461,10.7536141312593,10.7115908524529,6.46510542811406,13.3380111979918,11.2838297897433,10.4983228131987,13.4496424900714,10.8349806068708,13.4690226037647,10.7296179254195,7.4026632048314,12.3448117432482,10.9829125335175,11.865812918371,11.1673736630722,10.8969626921106,10.6432601140566,10.8160105531389,13.9182297981968,13.1537003040774,10.0642637532742,7.26263743492638,11.1083606017105,7.8625090052384,7.0360211388935,11.1803820676843,5.26553684427097,12.6128695098058,10.7730783208832,11.2808931570405,6.23668109650376,10.9745332739228,11.4797392319313,10.2266211297347,9.1782764367908,10.5814869607422,11.9270389554176,10.5042424377892,10.019371546731,13.8520983417463,5.11848011062902,10.306884022528,10.8094451588909,10.3536087557608,11.3295064491632,5.49541743502531,11.4554949770475,11.4733726004157,14.0698716192077,11.4523459705959,11.5954821134508,10.4419091800548,9.85939959273771,8.26754783682586,11.2039821470767,7.24723391157427,11.4946350618861,11.5884933541363,11.2980216493774,11.3572422378024,11.0212473033533,9.85002825919487,7.97483368060891,11.2525482443594,14.3373727194534,10.3695803174819,10.9136176785046,5.45536654989996,7.31217019745538,12.4620508286072,10.9091257288506,10.7177260346922,11.5517453989425,3.83410100032648,11.5528368218751,10.664989383254,10.6438744302244,8.97933384403458,6.42673263830312,13.7170357080467,10.3230627882552,11.0557886398717,12.2043001586973
8.26429111512963,9.70652728334078,8.50832881984954,9.90029196710846,4.65041391839203,6.61637614610889,8.78548593416759,6.56173492116569,6.3050272499914,3.06807433779041,8.46994568696997,7.74256760695466,11.3484910745458,3.2796091457534,10.9610900162857,1e+20,4.39869141023051,3.67636973456089,7.77490492187638,8.34358487520015,10.1509721779215,6.16559338822825,5.43954248691962,8.98361179935481,4.22878131807318,9.36393303093007,4.18819487862124,10.9730581624016,6.81955728134984,5.10640603641098,5.30101847504395,3.86469036530879,2.78267520877285,5.56007597302416,4.59335402769373,9.1244895947532,8.77853132231765,3.38509925584254,9.93519464314557,5.51476326318549,7.08741612975022,9.74872433199673,5.97328904136279,9.09993206330705,8.27800989884124,4.59853180504968,4.7481346731049,10.0894425936428,3.00837330909693,6.31008781888973,3.21080206972142,6.26992925693463,1.92966368268735,10.9322350461849,3.73110178088199,5.75634508252397,8.80282134188268,9.71783786870659,4.56791273254972,5.81008443487348,4.0523170370226,6.88660758870964,8.46522695724394,5.75140317482531,6.72308019258109,11.6936483384019,6.59150718879803,5.27831749491455,3.95067174830511,4.39924753589307,8.37872972560313,3.46403540408927,8.90225115578694,6.12349234390574,5.19138066694152,6.18941110960308,3.70266823180839,5.12796794529492,4.88851127344552,8.37716850826627,4.89694599183997,10.020759083987,4.15233080235554,6.39447001054531,8.85512927137542,8.07153182161351,9.59969960240859,3.93560793738939,5.8928492960294,5.15519912181833,10.0654857141396,7.09951165066117,5.04210964565057,10.5018953124482,7.02220292480989,9.65748041656763,8.71369189705575,6.63693043050762,6.46043627021513,6.19944212849765
8.2997722001591,8.70223358785293,7.59514448251423,9.80415492872325,2.51809740855512,4.08972825322012,9.26576377896619,6.65387693752139,3.14617755803534,4.67591549519275,7.89838151586887,6.73463178499517,9.63915167020462,2.93344922380336,11.2617004194461,4.39869141023051,1e+20,3.12214927705921,7.10073712573991,8.64619705105771,8.18157924008887,3.91325793059159,4.85137863734978,9.37537474761873,2.31038167395871,8.132910347266,4.33942687342583,10.7903656826543,4.45622824316576,2.3666583952891,1.53241656588816,3.8456174316864,4.52500689607273,3.18666258742929,4.58887472970727,8.65308044916595,7.84436307799403,3.18965465322246,9.06440671238502,3.07674284127843,7.28851261639652,9.17013385138329,3.40187573973789,9.41475153797193,7.06711135809936,2.67719527825593,6.46289650723853,10.3100812412658,3.02664447701616,6.51065193456748,4.02775181044706,5.37749253562949,4.3546951966075,8.88956286855613,2.61875689599339,4.00829769951281,8.48300693108602,9.62560883722706,3.57579548540878,3.31590385855635,3.99945163618277,7.41455075346813,9.4044534265277,2.74289310770607,4.37820479683442,10.2423738710576,4.30954262238778,4.63690881055794,2.81175566233816,4.57071507530989,7.66678223775058,2.54896593551261,8.80794129432869,3.07399998075947,2.00858356466152,3.42748733495992,4.61422205705009,2.22422995544491,4.4943833811391,7.9682783674914,4.86009788378292,8.8887983733761,3.79637751947366,6.04080199498905,9.25020784154345,8.32484998994905,9.63915259695412,3.91188873455317,5.12101932898607,5.57976521664845,10.2472946218823,4.68114414257109,4.71496169327154,8.70842092231308,6.98536187160778,9.26778971113049,8.51691785709774,5.74339077019024,4.2322762962509,4.81091110536445
8.32841077073563,9.45760271606084,7.86342598538497,9.65620130382315,3.50960274370635,5.57398145404188,9.09500247395607,6.75608096568163,5.06594773773574,4.32378311445465,8.01938678123353,7.27934419382012,10.7743519210302,1.87361402017081,10.7536141312593,3.67636973456089,3.12214927705921,1e+20,7.94673396492893,8.64765239429399,9.22232575271143,5.68259956444554,5.2419804797804,9.65307060847859,3.80821327784097,9.1246383642688,3.76951951218031,11.018731285239,6.33374436387727,3.58627314592592,4.05822352581247,3.1599505972985,4.09881385075559,4.44156471784199,4.78827772835502,9.39783670381965,8.62516253804769,3.54704503266111,9.62790942308921,4.54168076563304,7.33093241151567,9.31761916937818,4.67683677305736,9.24935019218001,8.10350588583661,3.16696710653964,6.18345195895564,10.2478303188122,3.9977333708208,7.0205171637219,3.03720035458986,5.22443925755632,3.58702485895015,10.0276014307057,3.59713247295484,4.70941896169619,9.1820750378131,9.47385556658099,4.24427763231648,4.61806673280505,3.81055402488533,7.42661197709005,8.72369150167918,4.35772935012513,5.68247696126499,11.4076030567738,5.59224005511235,5.10158448562065,3.63681540357843,4.54942544181748,8.1672413067582,2.23024307344571,9.08296074101366,4.93413426962043,3.78990591085421,5.23469460976135,3.93039286343303,3.75738613409143,3.90152195086839,8.44824542418377,5.37168851108698,9.76440939400622,3.95266943102998,6.61009273463854,9.06047676009485,8.3932381739837,10.123452122567,3.50434019979259,5.35252055075604,5.95253453388822,10.0145457611657,6.02512449024644,5.1747949920726,9.75848438970434,6.96780267980577,9.38893225467857,9.02200739821283,6.56937257623495,5.54679396675605,5.97739116359158
7.07010830942267,8.26695307251485,7.11464648676453,8.47838706452012,6.97982060450195,5.97369590192719,7.69717545694768,5.45739200769287,6.5856386396663,6.7255577061534,8.70350137895503,7.16746902117592,7.16668114287275,8.12241446697866,10.7115908524529,7.77490492187638,7.10073712573991,7.94673396492893,1e+20,6.90370783525317,7.21509406845368,5.36343533346035,6.23342209685322,9.23484555083377,6.52745224378584,6.75542447788714,6.90224619754857,7.34716851448021,5.99148782785265,6.91664962756893,6.73042686637478,6.91488481954926,6.99773047049249,6.43512403055327,7.26584710203605,7.32701639927517,6.37228212017581,7.38310866482248,7.23482261637848,6.58003445891018,6.32646169281937,9.48243513847047,5.87775705997021,8.41882915891245,5.40878210826294,7.62940530933681,7.65371804777654,7.54257923929214,7.11559042857373,6.13042408724807,7.22255637009478,7.2634399154535,6.96333372045332,7.5714438917444,6.91639955471889,6.44868066271609,7.20685546748574,8.66937552387145,6.40875049009571,6.39243886819084,7.53069533464703,7.28743508436846,9.05338076417739,6.65539718086465,5.94014291877658,7.427056068981,5.79318204676188,6.45290592341848,6.80881963663904,6.54979061713861,5.73251005566898,7.3603499269807,8.65182514754818,6.33814413456506,7.05252096614176,5.88695720557038,7.73532464397497,6.8132524574526,8.58072179587291,5.43487250312673,5.51465370399566,7.57587062974042,6.62494743421056,5.43721554434342,8.3673079550806,6.72236946225316,7.20782439600969,6.48417384933081,6.58049400106161,5.81701145171032,8.89465095015198,5.77724515635556,6.61025469855516,7.34626536778931,6.40999160386712,8.74648205117996,8.18997367256518,4.90923722867584,5.73185383660138,6.20471625163266
3.1601617950777,12.5175523898575,4.80400871010494,5.00551190964975,8.1956359400862,8.50440205539954,3.9398303610538,5.02538980323999,8.87673179415987,7.93523835318982,6.02764030699143,5.75521060953312,11.0697191708837,9.16022904581679,6.46510542811406,8.34358487520015,8.64619705105771,8.64765239429399,6.90370783525317,1e+20,10.6922510986008,7.77502331826896,7.26892157725518,11.7938164547462,7.81330468782479,10.8018926093491,7.83502022621468,6.26872329518389,8.59977347527878,8.26964160210961,8.92648520606135,8.36635926090222,8.11278529103225,7.86836672231291,7.96175545617315,11.281441990709,10.6181406233577,7.6062525418271,4.90702176796605,8.32652841975909,3.74480302606973,5.8902054346186,8.07310378880584,4.03574092150428,9.2857466221969,8.42942480725174,9.22904501566386,5.84479533544864,7.87881311426715,8.73081085806762,7.5671896702437,6.51809166567733,7.63027591096004,8.35456786497291,7.70561647315461,7.24512028855817,11.1838564754625,4.44940685216243,7.28214970800766,7.92973721207912,7.94582598662598,9.51453085856263,5.12088935146686,8.73533390932213,8.20574786643582,11.7250011332386,8.25607966907845,8.6485643012497,7.52563600526074,6.9838467473861,4.59743291003563,8.72412764815243,4.57284240766682,8.59025840104505,8.76404848699688,8.46910937947474,8.60661057977868,8.36563146544956,8.23444648356672,3.7645862702159,7.7100368094953,12.0242209861515,7.56365949494039,6.82794622336525,3.89921664040898,3.97402247358662,10.8348180381499,7.88593471475738,8.35659126128564,8.5585426498757,4.59886585856607,8.23273431382039,7.42622511944955,7.30851807962252,5.30644963469406,5.29445020689824,11.4004946477229,6.41499806246556,7.8616591172183,8.85656884764346
10.1232955080554,6.97852612652282,9.1090548383424,11.4151710437454,8.88494913737772,6.18181434707588,11.4716698105517,9.88000188516962,6.34718612238827,8.94554635168414,10.0810186886324,8.87062371367113,4.60122243819278,9.34026752586585,13.3380111979918,10.1509721779215,8.18157924008887,9.22232575271143,7.21509406845368,10.6922510986008,1e+20,6.60717795192433,8.87136427357304,10.011038850626,8.16749442664672,4.86540390229564,8.62235823560084,9.90891066543091,6.38144016793261,7.83709583837207,7.22881360236182,8.60547327897228,8.98804184922251,7.60955673363011,9.90961070677579,7.99521439484301,6.20702824652881,9.6999640222684,9.10820210747453,7.74304751491382,10.2877104770293,10.2837656235017,6.48585318475509,11.2601162292355,5.30394785213168,8.98291631582737,9.67641916621371,11.0877948816811,9.29448459774109,7.2619393690948,9.4895297877024,9.69950542453,9.55313811082202,6.03194018122276,8.91372389029653,8.40040129858379,8.25598605826037,11.1107906642223,8.86678384782306,7.36467621833999,10.0355813600583,9.6393591246189,12.5339368359302,6.99675795383698,6.46219187564141,5.83214574192034,6.01559068897127,6.72596146798755,8.95863909593348,9.88578869625131,8.86705426515595,8.6584104459213,10.6436206928256,6.68041478335216,7.40116303762089,6.52437234944409,9.70266460363456,7.4179911770084,10.6035741185908,9.26936012513659,7.05042385372141,6.5307964680266,9.36230012451005,8.78670506383762,11.3677379899666,10.6402392716244,9.56645395589622,8.47978110769719,6.91740610858001,7.11162878420026,11.6806200728769,5.78177017287336,9.4469445244561,6.93460777715387,9.6476239343215,10.4113874016348,8.86958887057678,7.61541536758684,6.29832159748339,7.19205881339635
7.28480061965217,8.6356332115454,6.83770440445495,9.39288405965522,4.57803075236618,3.6129179028688,8.82761570158403,6.38894517330274,3.32679524419803,5.41548184416959,8.12034203925801,6.21889665279225,8.01200395444331,5.84454077324373,11.2838297897433,6.16559338822825,3.91325793059159,5.68259956444554,5.36343533346035,7.77502331826896,6.60717795192433,1e+20,5.67465765164181,9.65492816890266,2.8692709099688,6.91930193076371,4.69863230983573,9.27664338831341,3.02512320101991,3.84353592972764,3.15992339204923,5.4442059273845,5.5444309244445,3.96776306441441,6.32758476731612,8.44667718999591,7.34599174326219,4.65663895493554,7.62391411439631,4.06312573112428,6.96613040121558,8.75167269309048,3.25015710032992,8.73571344856335,5.75275138403014,4.93870779653458,7.32280232603639,9.5613416143035,4.5136264279293,5.89707008221219,4.92530893570293,6.25596410382213,5.31309295241252,6.82694906538323,3.6884463343827,4.7717428959147,8.44733489489067,8.82582045220974,3.86501234212391,3.85458329658372,6.07097340538957,8.02104182250594,9.80183250100636,3.56487208174515,3.84227130119752,8.66073831414768,3.74408441334734,4.28505408882637,3.61785043259464,5.90185453698481,6.40514997094141,4.82381942085673,8.07986053373805,3.06774491906745,3.55059274837431,2.88560477411698,6.53246521339693,3.68750742996925,6.89511399472654,6.52897538352602,3.76495046947346,8.44399738819046,5.27450737729014,5.89014391437099,8.65734554390645,7.78417179998785,9.28906628848601,5.12285838682132,5.38313223676567,5.46239475429044,9.30784435786321,3.77849537133731,5.70760956836743,6.74013906116626,6.56675437196205,8.71864732467605,8.76222705957437,4.70766662439876,3.6739674603779,5.08780104700857
7.152220830226,9.29502643367071,6.80030356759878,8.97210813215335,4.42059900066218,5.53247838102488,7.14605311788192,4.71424656268489,5.49458135807423,5.43003915810756,6.80701094432801,5.83589459092407,9.91819377746033,5.45187856370214,10.4983228131987,5.43954248691962,4.85137863734978,5.2419804797804,6.23342209685322,7.26892157725518,8.87136427357304,5.67465765164181,1e+20,9.92818945033592,4.63406610364904,8.96398848305281,5.65518658208641,10.1260555137206,5.57138794473059,4.73963750089227,5.15052106612303,3.92880821845219,5.35460646086532,4.35714221520229,2.92622488438427,8.4502591667562,8.00359695906726,4.87857073382216,8.41725366323879,4.54089185491426,5.36801204783332,8.15232255224585,5.08492327917091,8.31897085209123,6.80895703070505,4.83808194837655,7.18868712844,9.13724478485695,4.64751595633149,7.25857503144956,5.30781098956329,4.69231244729353,5.18433121106979,8.64634813714489,4.6967087551409,3.88091104375287,8.29648154264492,8.66507789953909,4.30609483927242,4.41084085312631,3.92078802392874,7.12646896971544,7.74717875042632,5.17846849050081,4.89303551875514,10.4243436840288,5.01602253054304,6.15105430131782,4.731840318335,3.5119873883851,6.06651442895093,5.39138854551665,7.79390096859996,5.48474178734555,4.75128401571742,5.74335896274643,4.09355269341698,4.69054429563234,5.07217716873987,6.43225884024155,5.90822584159222,9.56220345922783,3.4470286185757,4.59092611588948,8.1409687370182,6.10582379090355,8.95349248646694,3.82589919368547,6.53887957945692,6.65076087930439,9.41377927005329,5.1594342512371,2.40677444891207,8.02106409871374,4.76465829951015,8.20814140122591,8.11589530710451,4.8135260069215,4.71782755411206,3.86082588394118
