1e+20,52.2197045362754,21.3642156812291,34.2306945026824,37.7866524220299,34.2904852974358,27.2959685202821,32.0134997687989,37.7173405051645,36.5689404938081,36.1496469537153,29.8692038602716,40.4483117762541,38.7888831545549,22.4287584149048,38.3639479578666,41.7308296260833,34.8995157803678,33.8334069021303,19.337385659471,36.325998536604,32.4773295429059,33.2869333841984,57.631820558784,32.776854180825,33.3851966910702,36.1433562240949,41.6665120633715,32.0347064487578,38.9407532590085,43.5561239117861,36.0770289816593,35.5107365488436,39.0009283119537,41.7220147945294,42.0680080598909,39.9698567065003,35.0640558997555,35.2690595086172,40.798763719733,24.9902884177279,31.1329221764561,32.5946931364455,18.2396347332813,31.0422244858175,36.1101591745177,49.4556931656641,46.0009873130398,33.7912793915777,39.8768615772921,38.0244970295111,32.9941946913365,37.9768320274582,36.6259519732174,29.2919000896445,35.6201379173377,44.2567329239624,13.2983933897273,30.7699959873987,37.8877224866916,40.8782670328306,55.1596467255234,35.9656995678974,40.7732169755681,29.2714057763176,42.9535472651825,27.1134855347436,34.8993764745455,29.3744007657654,38.4811591053441,18.8486363749663,37.5215932195332,31.0694264513944,39.1052297819934,40.4014322080285,40.256487369247,40.3287858963058,41.6020534785116,37.3204556460588,19.0454946268003,34.1121009169524,50.9083799043192,38.2815585068611,36.0932041935606,18.6616552882338,23.9750817441779,53.4118095310947,31.5374690886592,44.3931631091365,33.9942772487586,26.0623183521108,25.7155640010187,30.6088940761881,28.3407736202256,34.5053742936737,24.1531829048608,47.0626930139656,25.7840261253065,30.216392705039,31.561782231549
52.2197045362754,1e+20,47.1237388467377,54.6264614922881,38.2043955464186,36.1300590475596,52.7874738936612,56.1043322323337,28.7451013914634,48.1006688934347,36.7186440433423,43.7470742882293,38.4003403643364,32.840385012702,54.7743103422253,43.9731324725195,33.1165988825861,35.1633472328045,45.9611684793121,54.2908540581074,43.6590808929179,44.2508114605242,34.1736611982265,53.5343484357352,40.4209399413178,37.2546656868149,51.7977216413411,56.0230816929638,44.6752251489409,33.4668404089176,32.4540299255962,29.4160215728607,44.6761589727324,33.8628522801994,33.9772498901464,30.5224694928959,26.1635010498705,45.4688653387016,41.7873774281771,34.3037427729129,51.1718556112955,43.9582510494755,40.2036423910808,51.5700827916274,42.4319144812306,35.8374326989062,55.8094505912436,57.506016531254,44.2539407075241,47.6806786197391,52.039939265548,41.239646086574,47.9295584413776,58.0241260203334,42.7142758307575,39.5815687703385,29.8415470096134,52.2796717247284,44.7621166617742,32.7783828669528,37.0656750457279,59.6420346365526,48.8540593460877,27.3522667937714,38.4391623567326,44.0284817033265,38.9976822915085,44.4782976563532,46.1439941896167,40.5534594253168,47.2955136556789,38.3657240550125,50.6806815308674,31.7787373488572,30.8171703930708,36.1791177176285,36.9800045712647,29.8971024744528,40.2751477348393,47.782787148621,50.8144485399703,25.6224768059996,37.5407533014394,48.9305976718036,51.6651845493937,52.295293436515,46.7352272363017,35.7641640815093,54.4789934404587,45.1048703612828,53.131322658035,37.8348422452986,40.1979831542838,54.8497304966557,55.6565197181226,44.5084933145472,36.7085620259559,45.979533735588,39.1432311334148,38.5400316153982
21.3642156812291,47.1237388467377,1e+20,35.0802559125891,34.9814551041177,19.3158760318462,33.1356449594615,36.1668312831587,29.4244928430043,34.4269121711941,19.6855329460088,22.0228200118773,34.9490589155396,39.0596817682216,33.3591553647452,39.8204999508667,35.242607366,33.5845619245137,31.9592101493617,28.839055998058,30.284288321538,22.1899122212791,38.2187530602143,57.6431149348358,28.3871744200001,33.8231939407352,39.5726848669419,42.388657086461,24.8955299372592,30.6149300886668,35.028800284617,38.5383252438975,33.5415314714648,27.1400607229,44.602132827853,36.9116337281062,32.3326189847618,32.3391783958,28.2243285120147,29.9056531064626,29.2052694807264,21.1973870695745,25.2844751791843,22.4732915728947,23.6426499112755,32.4537816660001,48.6440637257209,51.6286271460627,34.268202302765,37.8306053048831,38.2561133483948,25.9117690874778,36.7331494272632,37.6929213203377,27.1993883728001,28.42281604,42.8531209012766,24.1113329216937,29.6818993591765,26.3537906316,36.9984033737059,51.6549382321362,38.3278595819231,29.6248090974954,25.3979611396484,32.5540112513075,22.7933882558595,31.0220301670376,29.3186826156632,40.3447124500488,29.1971421440994,34.6885461873334,39.2822000541393,26.2642431700572,27.1006618582383,30.9776156513618,44.0630271715095,29.6730062968571,36.5265434094706,31.9022102392189,31.8998902118947,45.6051003222634,39.3934811121589,36.6934608137296,24.6345959600717,29.4442538884848,53.0291364960248,34.7831607141196,42.6190825359506,37.6562159747786,40.6841492265578,22.4939342690885,37.0144791734643,32.2569631244794,38.08752943799,11.4203000126659,45.8249544977921,19.5065576297953,23.5312724373016,30.3100553561133
34.2306945026824,54.6264614922881,35.0802559125891,1e+20,39.7323099721179,38.8096208206692,41.0469772486503,31.4778039529154,46.4665188714005,39.1935894221972,40.1802861978609,42.0463987001636,31.8144788671855,44.6499335446192,36.2461996918834,43.4710907478343,44.1431482700339,38.9869381890843,25.7982324324847,31.3231857436923,41.1070020398016,44.3200939122068,40.826494661779,48.8669389004205,35.7077541679721,34.3433230149493,42.9436370221795,39.236420071,46.506178563045,42.4357145518821,47.4419712602802,43.3124352124278,40.5267825583068,42.2566075445403,47.983251825083,40.5650865168351,40.7332971416933,40.0832139908028,39.2340191747895,42.8378979617645,32.6430748647031,46.2639337662393,40.8339883564405,41.5324079471522,44.9726882237513,36.0817220760531,41.639165280942,31.158052949856,35.4026013298622,33.2427289014123,40.3200404388604,34.6940536264373,42.0669815448478,55.715433493966,34.8652764535806,38.2600914824332,45.2201788262035,39.0850323476893,36.0722121345364,44.4583737821023,47.0303168201347,41.7998591497489,39.8746883084796,46.0794803272017,45.1108144371263,27.3527617447655,43.6399111344667,41.8177526866835,35.8136528272925,45.6297615068301,34.1806484131383,38.9150484675735,42.1739420800925,43.8572712145314,46.0072811790587,41.5856478811463,47.8889369208911,44.692611180276,42.1171383797198,33.9086226855996,41.194292462362,43.4916699330736,44.9136024852679,40.5798551286521,41.202932432499,41.972182804843,41.1423385353164,39.5251404289276,41.4140237673016,37.3462569846036,40.9841223916208,43.9764412487783,39.5665965771988,52.9349332887766,30.6728412878492,41.1653977388953,42.0144229823951,28.8846729079268,42.0212763580095,45.2119950456614
37.7866524220299,38.2043955464186,34.9814551041177,39.7323099721179,1e+20,32.1663966615201,39.1753732798702,32.6629885752592,26.9115240967424,18.9239082712333,21.782100616537,34.8285724909019,41.8532428066511,16.6126784084383,36.5176826374129,25.5504239961111,9.87179307132481,17.8270561691474,33.1306106380215,38.9258296981176,37.1359788147632,28.7770426139796,22.9032887933879,34.4762063353159,11.9902063287108,37.7101886484819,23.7218710144382,55.7659734435687,33.7091914246632,18.8362728884309,15.6849003932632,23.6999284423018,17.7992992851755,16.6548168615616,26.1693588132907,22.741320137755,23.1198065776353,17.3892671001022,39.9430131379516,13.0665571319018,34.9057035695412,36.2887157965737,29.0379310083562,35.0137662569677,30.7457477250562,15.2852400322818,31.8386402665647,49.6907610032725,18.9035056419678,27.97454910325,24.044403821993,16.8003715916304,19.0860728555439,61.1152183249625,13.4500171957068,14.6285093933016,24.0554772329038,38.5774518786967,14.5816104387798,19.3571231332016,25.2505233662671,39.7053398871952,33.6250082080833,22.9193306196714,31.1338933570446,42.7986099017125,33.2660512572011,26.3168014317043,15.570911230693,21.1655369880847,40.7144403192162,11.0282338954432,40.7941668432353,25.6131313773407,17.6539460464478,24.5132819638597,31.010373053046,17.0926794379186,22.3013477536,40.233403804472,25.4491358997894,28.7026281791223,21.8419067129135,38.8349097864498,36.1549195372308,40.6882814658482,38.2651403839439,22.4264146887126,35.369504902157,23.9967294130899,38.7460363123726,35.5890121764416,26.6864222996243,59.9557322606917,42.0496426200635,34.3455342770525,20.0561852933912,29.7631529925777,30.1131914447543,22.3804386195432
34.2904852974358,36.1300590475596,19.3158760318462,38.8096208206692,32.1663966615201,1e+20,40.7021017324615,39.4461819803923,13.2952889670262,38.3954881992445,20.7258473586231,25.0420869289494,33.2540570747658,40.2249084503797,42.1917596937896,47.2779925151427,29.1280385485891,39.4425935339402,38.7612310376858,39.2424711398558,34.9584708514161,20.2265598739472,34.0637376452693,46.2126698674593,26.3151502639572,30.0297702395871,40.1497730695185,55.0136058806863,28.0106884214611,22.4577583228496,23.0553229833979,35.1755838973662,38.4124038028879,17.5252056228474,41.8888765626317,24.7539921514588,25.5361003645336,41.1976835629944,37.9770715783287,22.3150539277086,33.1932705324887,28.2372330030632,12.6693220428345,37.2030620985963,24.4517290268289,32.0623342896917,47.8609607275072,55.7154945029351,38.6030414623401,28.2627219346688,44.5916505774268,33.5421211479028,42.6335534119594,45.3493125978696,32.8429005705384,22.9543319176496,31.0275630932215,38.0509432063426,30.2070103673402,15.0013535312667,39.2371737332359,47.0469536139235,40.740676511,14.9362536475216,10.8822129859903,29.6631477185468,11.9368336569314,27.1027565393757,34.9158625970595,37.7696770101176,42.0984415588655,31.3553537656796,47.9409904325666,8.78765399332625,22.3739972357983,17.4460112876425,41.5712282294551,20.2371966307619,46.2009510820776,42.6406058738089,30.676964226579,38.5257107734139,36.1059667387653,41.2168871834228,37.3766094645406,39.5535190465481,42.9651488615398,32.4431695218877,37.8301265132158,36.0941392553671,50.6435207492133,13.1253564271497,37.0732974122899,41.1975771664705,42.9749253104794,26.4496745149213,32.0967311383065,20.9895301077385,9.26504257764921,28.9636500103353
27.2959685202821,52.7874738936612,33.1356449594615,41.0469772486503,39.1753732798702,40.7021017324615,1e+20,28.6549748633995,45.3354029043046,35.1607079836555,37.0609055813912,34.708996275283,47.5130645561342,42.2529171763986,20.081740944364,37.2531192558067,41.3904602294165,34.0629028373429,35.4110778448792,29.0061178098802,39.2272782753158,36.758004590926,29.9946617801582,62.0592927592634,33.8192767360786,42.4413874270714,36.764369153202,43.9350854163454,40.2983696017692,40.1089558153845,43.801931880928,30.1699282175037,32.8850531889787,39.4395549148072,29.8529846979118,44.4958858627829,41.126551204399,34.4416671727663,38.3255126152083,40.091208900264,19.9833569751209,38.426655441564,40.954917531,23.4627182752857,34.7990983478008,37.7001292093246,43.9606976898353,40.1481226560474,38.9105018967179,46.7793211926672,38.8669101084842,42.4958635345442,32.8842349396067,40.1162111141639,29.9576616497909,35.3454011448815,46.7169880781078,28.0244800263322,31.3671316123599,39.9222762051404,27.8303569171199,42.2856410392859,18.5540932123077,46.5768496840085,43.8513275025923,45.8401381716726,40.5567192315385,37.7452418850279,31.2633840548298,29.0148943571903,31.0410585657037,39.0359076554563,36.5960570676285,45.3220162049384,43.3379725050392,45.7389136514476,31.3963255833873,41.1005302219144,38.2459873929411,33.9185290516356,38.6153244970549,50.9282679550247,26.7747355937073,35.5015131116348,21.6328862049999,12.2146007362664,50.171581164991,25.2897243630634,50.4421854741109,38.0698911221941,33.0985710104552,39.229236612,24.3774116108424,43.1222896832226,27.9677419159934,30.7491396116825,44.043861211068,31.0356413163382,37.4286902091385,36.1280886708658
32.0134997687989,56.1043322323337,36.1668312831587,31.4778039529154,32.6629885752592,39.4461819803923,28.6549748633995,1e+20,41.6508288318572,20.1423125925929,31.1749100561119,37.3702440599951,43.4344433400428,40.1518373871836,33.1506616327459,30.961169757123,37.9203323698994,35.990686252431,30.6819061769014,22.5816540609175,32.6754010441482,31.847581625596,26.7441680119048,43.1075028876814,30.8024003933408,33.5239271449682,30.9102368486943,46.9439874503703,31.6979215384238,37.567734633702,38.4605364559736,31.8561666211574,24.1104684900871,34.856646717086,32.9479739750608,37.2639458773297,39.2429934137762,24.3934210348276,41.4568097328487,34.5662046731672,18.2484407408815,42.9513384686454,39.9218329443517,32.6928696217306,34.6764785621247,36.7057472926019,34.3917238293773,40.6498842239663,26.9117885413016,22.7949087008078,27.5770428111961,32.3894924447464,22.945828610074,57.4153057832116,27.2350510564919,31.6260114075442,42.2526055180921,37.4275701136289,27.1191614816965,35.8097359265991,31.5662024340368,33.3181234743263,29.1821879382853,41.7993522426849,42.0133078813187,31.4653659567911,40.8036169505156,33.4277867761496,28.1528827377943,22.7525867015355,35.0255037977961,33.0091828607693,44.9008868710673,37.8053432581266,39.475909520237,30.447793039044,32.8054447124059,38.1327017657839,35.3703302551838,30.7873271511058,26.2041714267142,49.279403631573,26.1895913123762,34.7669258173746,31.6880591280812,26.7143835569492,34.7157305192999,26.2384931007831,33.6507896547912,34.8483065488244,39.0045173305151,41.2927467221111,23.5720243856662,51.693143645328,27.2949428048015,37.2666901275819,33.273719448602,29.1102573311267,36.5598249642341,40.6557049192233
37.7173405051645,28.7451013914634,29.4244928430043,46.4665188714005,26.9115240967424,13.2952889670262,45.3354029043046,41.6508288318572,1e+20,36.6120481512306,19.605998867923,34.1023973373801,30.988184074681,32.6099449925999,45.2013190691769,42.6617777224497,22.714690612745,35.1502663477,41.8443464876039,45.1828740017858,35.6078400571626,25.2751516740872,26.9330955419462,47.8381231280809,24.3727532714726,29.7282040974009,37.1522032495469,56.2338974976758,27.3585575787015,18.7565359761,17.8469476683403,30.0236716395494,36.7106348412557,14.5531125404593,35.4373518926154,23.58180282356,21.9627823431999,38.7771908784706,39.4701322016904,17.5962735301164,40.8428522161494,31.2216498669583,21.5266309814616,38.9674058452818,26.3805752787,28.6870792957,47.2529261718441,53.641223859467,35.9906407774047,34.8999542184499,41.9671619421306,30.5735320156256,40.0244161571614,47.6900160005957,31.5181582775637,20.6425467247616,23.06638169359,36.2901697021644,28.1691469429923,13.1366409946484,36.1676954675706,48.8609026187851,39.6139364407071,6.51934984549997,15.9616906066952,38.1643713861881,18.8995640467454,28.4998424404192,32.4407025148615,33.9501882351859,45.7231100250224,28.2840362457488,45.3859246211129,7.52084487249999,16.8509519772069,15.0173930516761,41.9963724114338,15.1623553783,42.0309140305974,43.5533592364744,34.5828366783307,29.9962719014036,31.8000438321598,41.4250107177865,40.862191971542,44.0169363184801,43.6667191427736,30.873357259898,43.712065460287,35.0590600183137,47.8070097562238,16.1001664237381,33.1347422561155,44.5514657091382,45.2457033032233,33.1333609803233,26.7517907967048,29.7301941972713,19.2436813831549,25.6748643441378
36.5689404938081,48.1006688934347,34.4269121711941,39.1935894221972,18.9239082712333,38.3954881992445,35.1607079836555,20.1423125925929,36.6120481512306,1e+20,27.4480403656117,37.5352719596107,48.5465072970144,24.5752357887704,31.0471946223486,18.8087909345787,24.4175610823356,22.033622947003,34.92286174513,31.6091102965191,44.8404671935999,33.4964212323368,25.6505350484881,35.1715895323928,17.4087104289444,37.8061022050322,17.0449024440895,59.169075044351,39.5198871038245,23.4819342375734,27.2060874604333,23.6968262768121,5.56994387817498,24.3788600055846,27.3246498299349,27.3303703721893,27.8262535725023,9.74184657781538,46.5476726346556,24.4384414481692,27.4385900122005,40.5477156162882,36.287787182463,34.643419178395,30.3361233488404,21.1540608010453,18.4778932734953,47.4344820393673,16.5175257699586,22.5590537158046,9.87372812312088,20.0657606515352,6.62449483850465,66.7468646570636,14.3936873964113,22.9571261657154,31.6629622023109,42.4384744533687,16.5451344363727,26.6470688671153,20.0297930813286,26.8759623061441,29.8073455422994,31.874115831445,40.4986111689759,38.2774551813034,40.7053701209347,26.6393825231192,13.2325909623521,14.2260228853857,43.8267247930558,19.6092578305447,47.0152449071065,33.5834423956077,25.2562504401356,33.3260394383462,27.6436598714647,25.1774726723957,17.6297827784128,40.1028183274607,23.8738931785737,41.5866544072944,17.7637233776309,38.9957051855952,32.8366902697347,35.8068842913456,26.9619558727106,18.3956129974397,31.9166735357219,24.4559739962576,43.203462746792,44.8033242809631,21.9462483781753,61.6886599670063,35.3558163261373,39.1046269847136,23.9926167392046,27.9234294519042,36.2879457641751,36.3884226770817
36.1496469537153,36.7186440433423,19.6855329460088,40.1802861978609,21.782100616537,20.7258473586231,37.0609055813912,31.1749100561119,19.605998867923,27.4480403656117,1e+20,24.6781802936263,33.3364541625213,30.7971437402656,39.7661615120844,36.7671222357117,21.784974999037,27.1837270369836,38.1071818557092,38.2445115731472,27.1530797842571,19.8642041231645,25.4641674846055,43.9584636529134,15.9977685596201,25.6464417149205,30.464366250488,48.2734182063658,20.2249393734204,16.8951852986204,18.7303774625286,28.9725760030019,26.5195492780718,12.2098870802353,33.9424567971882,24.9350692938613,22.45354239515,27.8789810047062,33.6992069863882,15.5765823487496,33.9544236258191,24.703252162279,19.9088846158147,32.9735299065893,24.7886581051233,24.2400865104143,39.9225257579964,49.9778022925888,24.2981580633012,32.0268883085163,30.5617082498547,17.0834074730353,27.2280692694065,48.6814472754714,20.2426486814957,13.7355304198353,31.6144674082354,36.6538355789898,17.6806281419924,10.9579522467,33.0188719067533,42.3996209593374,33.9074230793015,17.6644301401,21.953804480557,35.5522167171885,23.5869701412951,22.5468148053872,21.2835631935602,32.3998997207992,40.5302449479721,22.3762679167084,44.1638901433341,16.3273556956,13.2128420877,26.1924076968407,36.4616764688111,14.7954613046925,33.7381706502176,40.3234231650775,27.9494789826802,33.1544803395143,31.1094465874502,40.8036043660613,35.527729384197,39.6362127298033,46.7826221934881,27.0731750452705,37.6524942482301,29.3632588865694,45.076843674312,25.6760622360053,27.8195434756384,47.168409125712,40.1849208841321,21.2733057819644,32.0497068337721,27.4077146916735,19.3739815481966,24.2606622632026
29.8692038602716,43.7470742882293,22.0228200118773,42.0463987001636,34.8285724909019,25.0420869289494,34.708996275283,37.3702440599951,34.1023973373801,37.5352719596107,24.6781802936263,1e+20,41.0307175746997,40.8601267930645,32.4529336516957,44.9610822149294,33.334745339063,33.9601163433988,35.7555240513446,40.8755646381229,36.9976039156466,13.7139404348667,38.7034958673262,53.1279664851903,27.075084365029,28.167330024315,29.3150691775455,46.1109718507905,27.7644475982222,25.4799402901883,29.1857450756771,32.2656074625374,36.6822706755523,24.5141721662145,40.3020338425288,35.7492672356632,26.5962315961362,38.7634811439712,35.3115594713024,25.8097169109861,25.0769826749791,32.8797262005734,16.0418291136433,33.7151703751512,15.4478748002006,30.9354546998941,45.4132084134342,56.8225181967946,40.0728084388628,31.9335806028431,37.4689498714935,35.6828360490772,39.664557118556,50.1673832875026,30.0950026738602,23.2007847390105,41.8146747597136,31.0603344781223,28.256787353549,23.3506068367333,35.5001795972347,48.3174710528545,39.2412995327568,30.7894741016445,22.1598802758443,29.3576974435418,17.38086089563,17.8630424578149,29.7660493588978,35.8752987143376,31.9607433824696,33.6386959973908,44.133494104043,28.44786682648,31.8348498679909,27.0566088816,38.7272973170741,26.3243203432994,41.7297290722406,36.0293537597779,19.6049401227295,43.2539072458147,34.590209795354,44.3230203237976,30.3415110084881,27.2128458724378,48.8856266468032,28.657767078237,25.9638036562349,27.1524433977168,46.8488760940812,23.0638935612178,34.4212194045539,41.0376844851335,45.7716859175194,18.4460849298914,39.6982409141945,29.0743094020149,16.9130538583323,35.8479757740191
40.4483117762541,38.4003403643364,34.9490589155396,31.8144788671855,41.8532428066511,33.2540570747658,47.5130645561342,43.4344433400428,30.988184074681,48.5465072970144,33.3364541625213,41.0307175746997,1e+20,48.9228523440899,52.5834972733252,47.9829792112059,40.431668149844,47.117585599057,26.3665810262086,43.5961902953444,28.7448825771373,36.5069617280903,42.1249054409351,58.1009796214254,42.2679465919678,29.3253653302333,51.6335773217365,37.7161670287033,33.954833479,41.4499062162635,35.2462529184715,45.8496280689883,47.2138088370478,35.6131686653952,49.3004038735552,42.7964407336814,34.4308506874754,48.2991216958369,31.3598880320928,35.1462199595984,46.1638788310042,36.2379108444775,35.1885655678492,45.5316573605658,37.0327919650164,47.0658307165615,48.8293048584493,28.9160063463856,47.6296164816394,42.6432500320665,52.1109677963611,40.4759378136238,48.7465249687334,48.5509975445666,42.4525930866146,38.2305154344631,42.77050955209,43.6276825588463,40.8920504353271,34.2684707020715,47.6525474254398,50.5378377405156,42.2259151252121,33.3267713384857,32.7237658775304,24.1970667790158,35.0177409632352,42.9957339829772,43.9447494466781,48.7607665839666,39.7582059571357,46.8613629102702,45.5676421067511,31.4747133217487,40.2149244888096,29.8786740288482,53.1780428434143,38.3645434109285,49.5102102939341,38.9552197307856,43.7593380581381,34.0109192054333,46.1528075354589,38.0168015467015,47.5848478210274,49.6553485248734,44.7958514654242,42.9429079010303,49.5202237125883,42.1999370183745,43.4536299229999,34.2531457444239,45.8370084755264,48.3674687534317,42.9339348017562,36.2328934524403,45.6061579754393,37.2311980985944,33.6212664875175,39.4111477622816
38.7888831545549,32.840385012702,39.0596817682216,44.6499335446192,16.6126784084383,40.2249084503797,42.2529171763986,40.1518373871836,32.6099449925999,24.5752357887704,30.7971437402656,40.8601267930645,48.9228523440899,1e+20,37.1022231677753,20.0524919576609,15.5916960463,13.6075865354653,35.6938717226456,41.0097572055955,49.3474795498454,41.1329403137827,26.7565405143257,37.9265807064121,23.2886985239381,45.4499470826943,26.9826510845138,57.6393067560255,42.7479543720334,24.7502316693581,26.5631681313,22.9531639715567,20.4531720879242,26.6056468808616,20.4691340221423,27.0528613112769,29.2830406716907,20.1213820411928,44.9873009433905,26.2331254634392,38.5639097004002,40.6348155308882,39.2887061304957,39.131133460799,38.0187900346776,17.0954365552221,31.2924442677697,53.2453566123919,18.4550126427745,33.0330462369785,26.4673376935369,24.5801312491587,25.3889304366575,65.094557177068,19.1713589883621,26.6736227198385,24.861502392758,42.3061090706236,24.1772099142333,28.1711031672385,19.9853427513645,39.7096862305787,34.6179682541503,27.0453511651435,42.8156086071999,48.7028994465461,42.5291025264905,32.595272166372,23.0024664877,25.3293177350523,43.5930141922902,10.4946811847,39.6106504329364,32.4152546059263,26.1526229258922,32.4024927385777,21.48131341854,23.0310629878205,13.7945931609666,43.5202524762077,35.3570155836333,30.2235541834803,25.9138159731326,41.0984811851194,39.4570177530129,43.3422016512315,39.7390976361915,26.7118473404984,39.0098543599553,28.6483873272864,42.2143843153295,46.2249590347762,30.7739434487615,64.2834733646866,45.6483282383632,39.8702450918881,21.9914911282953,33.5106853914807,40.1236617905281,32.0086520387381
22.4287584149048,54.7743103422253,33.3591553647452,36.2461996918834,36.5176826374129,42.1917596937896,20.081740944364,33.1506616327459,45.2013190691769,31.0471946223486,39.7661615120844,32.4529336516957,52.5834972733252,37.1022231677753,1e+20,34.9346796572477,40.5876435166865,29.9503341297446,39.9087637284151,25.2471646945607,47.509074612881,36.439536282423,29.199950652746,55.6082630554074,31.9518324148393,37.3691564533333,31.7010927752961,45.6306971292119,43.9210535365366,37.0002511734897,44.3865108841914,29.8133177955482,29.5952976046556,37.9006798289274,34.6989653534057,43.0934966483132,40.9926282807806,27.8434127113587,44.9340089527502,38.8982074208936,20.8697197819342,43.2206378513849,40.3718368400982,21.0172510313875,34.2951803859016,32.8243324677894,40.7933264169935,47.6007026413362,31.3513988048476,41.8891737324739,30.6392158435905,35.7761539246062,32.1342025281556,48.8639856626619,26.9537830634699,33.1858597040861,46.9986677063276,25.0842533263492,27.9121658628058,39.8087930214031,35.5063806765323,47.7052662312075,28.1713167630969,46.0841344374323,44.1943580766144,46.3669585650489,39.8643952477144,33.2377992239207,26.8365605393648,31.7836561924513,31.8964970371685,34.6365289500254,36.3137820404167,45.3996691821836,44.2053519217048,46.5532997541143,31.6358040882544,39.9602049510648,31.2593921194762,31.5835631490635,36.2800453141906,51.6107207708289,32.2561941781349,42.0768394294567,18.0716356103452,21.3618885558102,49.6993568349013,24.397578638183,42.6900111249058,33.9023357821494,28.3690438584687,39.9486990708572,25.0201733811063,39.4128325150001,37.222246584962,33.0209003467777,42.9508249151887,31.5771319726818,37.8291817538858,41.4766885731839
38.3639479578666,43.9731324725195,39.8204999508667,43.4710907478343,25.5504239961111,47.2779925151427,37.2531192558067,30.961169757123,42.6617777224497,18.8087909345787,36.7671222357117,44.9610822149294,47.9829792112059,20.0524919576609,34.9346796572477,1e+20,26.3626758354591,21.6897943304233,40.4526918267555,33.9975277475416,53.0180069687,43.0167923444727,26.2753526346401,40.1671324325163,26.4167518699897,45.4597798859142,31.4934940554275,59.9441919934942,46.8193214721,33.4849166033471,35.8171805891224,22.3778832544955,16.2119288053182,32.9950920850519,18.4968898811507,32.2803229974396,34.1773946973608,15.1256659332105,47.850140390123,33.554642656664,33.0499307323723,42.6694855228666,44.7039151670334,39.8986252376848,41.5712022316887,25.7733123139283,20.13679545257,46.2511385412063,17.070746204363,36.5879298349776,23.7026197896409,26.6221123725819,16.3142620966939,67.8681372300695,19.9208297778427,30.0076109168802,30.5650667525877,43.7901170060939,25.2666127138374,35.1434592943356,19.5809384615384,28.6203439581248,28.0047667411597,37.9570503468258,50.0430979697667,50.3159859942321,51.0020222768301,36.311806945022,23.2448544914469,20.8051205220168,44.1362710617983,23.8504617038997,42.9234147489056,41.4895621336188,35.1280862560497,41.8877083959016,20.6612772057396,31.6583639470566,19.2812507310644,43.9874904951048,37.4723200300889,38.2561488174709,21.6483568728036,38.08196463448,38.082152078897,36.0046156448668,30.4151625509099,23.917474139166,44.1062860807513,27.0453793665333,42.1615018065025,51.4120850610889,24.1068131921782,63.0702760602264,33.6861756737185,43.22951280193,28.2413648381014,33.8838966617711,46.6563419652667,36.2665225494542
41.7308296260833,33.1165988825861,35.242607366,44.1431482700339,9.87179307132481,29.1280385485891,41.3904602294165,37.9203323698994,22.714690612745,24.4175610823356,21.784974999037,33.334745339063,40.431668149844,15.5916960463,40.5876435166865,26.3626758354591,1e+20,21.5897710424807,34.7227484872302,43.7932482395749,37.9440744939999,29.0806052933448,23.2645125390267,38.5325190247013,16.1189496471699,37.3099151877569,28.6442623408913,55.0370254030147,31.2888561285667,16.3404536589547,12.2296782129706,23.6522414291992,20.7284409061938,14.9828241435694,23.8061743499466,23.6383513530086,21.5650503971889,21.779411973675,40.1773011739166,12.6445872672615,38.1324084057918,34.0297044239999,27.8823592832502,38.9216220247272,29.1517193492111,16.3259275508667,35.9474342523643,52.3773531494854,19.7692891956,30.27972533,27.9270108596785,22.4825313265269,25.8524099138596,59.4770657645818,18.1521388211925,14.6258209705385,22.0877735369305,41.1210851039181,20.8180746764843,16.3971972893228,25.7804943056695,42.1702426668517,36.5722992841447,19.3558498315957,29.1250322017976,44.1859086646171,31.3032346488373,24.3355403281347,21.5827016069333,23.5377802517485,43.1385789613269,10.4428230488864,41.7462167645908,22.8254887528406,15.1413901834778,23.389361715681,29.2876193144324,14.4618013882726,24.9791559804666,43.1088418711548,26.2643210886666,21.7921951267952,23.2376048994397,40.9428296013814,38.8785741014317,42.4199537269319,41.2691074474157,23.7809683605611,33.3859201273358,27.025150792046,42.5689316450147,33.3665841041649,26.8858059100735,57.2720668679236,45.2406691418748,33.5775185970833,19.4869157455,33.66720174446,28.9441222597449,21.2079664820593
34.8995157803678,35.1633472328045,33.5845619245137,38.9869381890843,17.8270561691474,39.4425935339402,34.0629028373429,35.990686252431,35.1502663477,22.033622947003,27.1837270369836,33.9601163433988,47.117585599057,13.6075865354653,29.9503341297446,21.6897943304233,21.5897710424807,1e+20,33.1708724524916,35.5551404558342,44.9762985921421,34.7668131590946,23.5750319511533,42.8308048536119,16.9812933884947,38.8885197600019,20.2510907028604,53.3616060631334,43.5618527732468,19.194472124277,29.7083644474807,14.8602094070149,16.8233070493724,24.4701423684457,21.4431511192866,26.3129118777277,22.9676885269306,16.6619383992835,38.8503515447784,26.3926604588279,30.1776237929701,33.1956761099404,34.7948867404043,31.3336987893021,30.9242993228001,9.61139927550766,30.4087769654431,50.0575352958904,22.9363090685755,32.98673564923,22.1603367211141,24.4913633867565,20.5139393267123,59.5119073549509,11.1950870496014,20.3848056559665,28.230418469221,37.5130881901649,15.2330969018264,26.3958328631385,16.5922123238636,39.502127685752,28.8143683533613,29.0957498195847,41.6852482236614,45.2154063561285,41.1663209003295,24.2939920774068,13.5097128235281,20.8283984629195,40.14871201137,15.2814458783454,36.7841356311904,32.3792747089693,25.2238563814457,37.1414544852929,23.8550243914928,20.8642216333282,15.0929524706691,36.8852919100202,27.6044961401474,34.7375360662051,19.9591180309076,40.1988158791559,31.8543208241729,37.0039892905309,41.1752630743333,18.5274936610851,36.7952438218158,22.4239621376382,36.3380752402908,44.4052736384618,22.4151896996132,59.9086461808516,38.0487966598861,33.1472518047689,30.445519284621,29.5707865452664,37.7520703678303,26.2403083776134
33.8334069021303,45.9611684793121,31.9592101493617,25.7982324324847,33.1306106380215,38.7612310376858,35.4110778448792,30.6819061769014,41.8443464876039,34.92286174513,38.1071818557092,35.7555240513446,26.3665810262086,35.6938717226456,39.9087637284151,40.4526918267555,34.7227484872302,33.1708724524916,1e+20,33.2523819118667,35.9642240971893,35.5186852557521,37.7764772806392,50.1859094435086,31.5940338543724,36.7363760183439,38.0683557781471,33.3268742771124,44.6694258243406,36.3729211785614,37.9457775365611,34.2038363254246,34.9193761497827,32.3314860439027,40.6608333007911,36.4014901098404,29.8809624014855,36.3607877440829,32.6262929566032,32.9921427059528,28.6023237185883,39.5502763542046,39.6430046854057,35.5487733927652,35.2333039130626,33.0534293826101,43.4476321409117,31.5973072054351,40.6768752319052,30.7672957204928,38.9507675305181,40.493335779445,38.0257892767026,52.1135458639603,29.612349380114,31.0044822834147,36.541525986002,37.983942056721,29.7433528240846,34.4655713594573,33.7478055983606,46.4976047841602,31.4290450609583,38.9154053402782,43.3823954709405,22.5367257755843,40.168805296393,35.9381009454223,32.2090761954527,35.6296359536177,28.1633227984456,34.7434907762302,35.5515471172843,38.6249157785068,39.9519786932027,33.1425098165318,42.0643217849743,34.2039284793851,37.3113514986715,32.1385975847606,30.2572931763158,38.3476337770854,34.7547429191907,35.0850264370062,34.12820858633,35.1098494885284,40.0338615678358,34.3499793131349,39.1901315136354,34.3326123335826,38.8600479152317,40.6448599517866,39.0668470713032,51.7304201448555,34.7967155965376,33.9959755682512,40.0026105165654,26.29296275471,38.6365172951922,34.7614648428155
19.337385659471,54.2908540581074,28.839055998058,31.3231857436923,38.9258296981176,39.2424711398558,29.0061178098802,22.5816540609175,45.1828740017858,31.6091102965191,38.2445115731472,40.8755646381229,43.5961902953444,41.0097572055955,25.2471646945607,33.9975277475416,43.7932482395749,35.5551404558342,33.2523819118667,1e+20,34.4912176985408,42.344706209095,30.6925085754747,53.084529808111,35.8316077845853,40.7509736681718,42.3182777252632,39.845416239596,35.1741805092743,43.1257175685717,44.9826698781583,33.828817511626,30.4091393377806,40.7335044406829,38.4037341445145,40.1039579286547,40.4069158939639,29.8951315645659,33.5247659628532,41.9416046444798,26.8233982500628,35.2189223309557,45.3417764516294,23.9296367127101,40.7725550247929,38.9980815088623,41.1881708679933,40.5119362250629,32.5009706511825,38.4320094719356,37.0593176628297,36.960959520955,33.3099943304026,41.6425635912695,30.4774640115181,37.3732385859697,42.5084047004473,25.0893724665603,32.5225251937128,42.2823332650552,36.4321069507693,44.5423514344613,29.5104031813678,47.9144058283099,43.461648507283,42.5949904445656,41.6987478127523,41.8381135270133,33.1217234955169,34.4525278009581,25.7300786119931,40.142814902974,32.6477621836045,44.7617625580198,44.1789326345694,41.9194261675714,38.5111431355714,42.5037155571311,35.6645027736071,18.8040965560159,40.7149249032724,51.0327081924917,34.7594205568639,34.3390229975709,23.2874023720037,24.4918205685381,43.6352796008826,31.171127560062,48.0025314755896,38.3811023529126,24.8128817160642,38.7329599950439,30.5223611793303,36.5747585022646,25.2238465226803,34.6414835612838,44.4972414706838,26.1748091903694,43.4386869904005,41.0563348835298
36.325998536604,43.6590808929179,30.284288321538,41.1070020398016,37.1359788147632,34.9584708514161,39.2272782753158,32.6754010441482,35.6078400571626,44.8404671935999,27.1530797842571,36.9976039156466,28.7448825771373,49.3474795498454,47.509074612881,53.0180069687,37.9440744939999,44.9762985921421,35.9642240971893,34.4912176985408,1e+20,30.0993588626379,39.2937988995676,54.8180682164223,35.5528858233857,29.0575503123434,45.8947667541784,42.1426986967386,21.6508921431,39.1971859653111,29.4594426883478,44.695188933978,43.5130369873,34.619649227321,49.26958087946,44.1749165467228,33.5790734862001,43.970785673,21.096226061377,29.9147970419105,39.4992632423095,22.9966227332143,35.9868096129675,37.2389074852822,36.5233541761019,44.7212651105667,56.5552124870775,43.6402269301284,43.4025550447391,42.0321520897499,49.0146441854625,39.6684354871286,44.8567137490667,29.1581288798571,37.3547969445,33.5776359675,47.88518902119,38.4456975652561,36.0261752319,32.1618644615999,48.3961331718235,57.7737244619204,44.5040261429615,38.6218932482,34.0191512260475,34.0476394815476,35.2707904092345,38.4183256022619,38.0322086813542,45.8654750577412,30.8426353551038,41.3682518142818,42.2518792282106,33.8657741883286,34.7071385820999,31.047334356706,51.2253581949016,36.7305099439,51.4046082043289,27.8983856236325,36.0201111203333,34.5400833536441,44.2826698583889,39.5459859770815,40.0672797248766,42.0543863665517,55.3390164653556,39.653630702049,48.0586666394569,42.9601886185287,33.4360748435,33.557928373126,41.4545817546286,32.5006235858256,35.1811931537136,28.0077522526229,48.0042606767232,28.3954692019692,31.8415586323223,37.1410946355456
32.4773295429059,44.2508114605242,22.1899122212791,44.3200939122068,28.7770426139796,20.2265598739472,36.758004590926,31.847581625596,25.2751516740872,33.4964212323368,19.8642041231645,13.7139404348667,36.5069617280903,41.1329403137827,36.439536282423,43.0167923444727,29.0806052933448,34.7668131590946,35.5186852557521,42.344706209095,30.0993588626379,1e+20,33.6606785904701,52.8502950643508,17.8976254437035,24.3621401042315,32.7812282512393,51.492572185721,21.187927358531,20.7091611032414,22.7744610740804,33.0391453974151,33.5581170099322,17.1529764274513,42.4347961448667,31.75741090429,22.9986826921081,34.8415602269998,32.3236858449973,21.2393627137649,29.2158348162627,32.3798847191839,14.8778917818391,29.6746386264452,10.2196208550734,27.579811462,46.5830192270387,55.5415295624453,32.5586846616865,29.0719742941011,36.0348050805443,29.0189167189619,35.1716438642726,50.5659369073189,25.165659168,15.352231446,37.9337409924245,31.0762889065534,22.064604386,15.5622060908414,37.0442465564629,48.955485039678,42.937470782961,23.3903788132328,18.9723641764058,30.0245201786806,19.3592112536437,21.1448938226667,24.4633679008333,36.2625045767021,33.8591277215717,30.6382591290827,45.9923473174223,19.5130964862641,23.7129326367303,19.9852968686799,43.4846633004412,21.0502736402413,42.662511547941,34.3005354194536,17.1298601689393,40.635881222493,35.058081041694,45.4286751514163,28.5019783763762,31.5768847399481,49.7199298532712,30.7721808449733,33.4242049810108,29.2382417690199,43.1290277402067,20.604120168839,32.7857998636909,43.29411119621,48.2937361560141,19.1936807641773,38.572277025605,29.7692821866421,16.1267996496836,37.142421490271
33.2869333841984,34.1736611982265,38.2187530602143,40.826494661779,22.9032887933879,34.0637376452693,29.9946617801582,26.7441680119048,26.9330955419462,25.6505350484881,25.4641674846055,38.7034958673262,42.1249054409351,26.7565405143257,29.199950652746,26.2753526346401,23.2645125390267,23.5750319511533,37.7764772806392,30.6925085754747,39.2937988995676,33.6606785904701,1e+20,45.6121977572882,21.076892785527,32.3327281215813,32.0655631031301,49.9685788890066,36.3383327202509,19.2677230784615,27.5391789794912,10.3761437702475,21.9449269073883,21.0061307698693,16.0700303500479,21.8343469205016,21.5147747972,24.29353971284,41.0663738637021,26.4368931707246,26.1683600594252,38.4126930178889,31.9997729825,32.4560549838384,33.1253543816,20.4555855266747,34.9702870236977,40.8551988901689,21.8519380983484,37.1749330474713,28.7700142991091,26.183535683426,24.3333692052707,56.651693775454,21.2517429869267,22.6994936790879,22.1862047305362,35.8431838830758,21.966334073848,22.6409587836308,22.0255010120298,39.2188652736849,27.9843263924355,24.2759719613076,36.6849988090924,44.1076743508779,37.4585931415769,29.9343884017563,23.7617462902074,18.0614239094444,35.5040786099402,24.3836124809347,34.7487593492698,27.8713629396153,23.7166817108761,34.4846829251416,22.3180227203711,18.4122827049121,28.3780306985536,31.8450545261905,33.9591624459999,30.8790884134369,14.74608978,34.9940216195369,30.6035675897374,25.8765244969899,37.6044528968895,11.6586938178254,43.4825916550794,31.0689563471793,34.7815189186346,37.7376916265,11.4999591954279,53.6229581086409,32.0422760167179,38.4043189965397,22.2980880541541,31.0858289818591,33.2755876406626,22.9511830856954
