1e+20,42.7294638386067,21.0703442109231,30.7934931266363,48.3449320064885,41.111759925269,17.2207639355453,25.6104459935914,22.9501369129273,47.4671600607948,31.9055373369043,15.5999627835464,28.5604368005937,44.0748937141022,32.9235015289515,60.5149632513591,54.772237492326,49.2591302922564,17.9833033346835,28.330358973836,27.5095919282862,28.1714680294256,45.3224977067582,59.2109199857444,30.1282148436593,35.6941023604746,38.2295820751253,39.2121363633077,36.3431452026785,31.8225623479927,43.8670886735226,52.7110605572117,50.4251918534615,49.3195518720855,46.1490900054911,45.4416262020329,51.021534111774,42.8939167955858,29.7620471177286,35.8984985689762,24.4349444227482,25.4387762616117,29.2321699708876,15.2026761057033,25.5431236790168,40.0274695905164,48.2752487023737,30.56457502915,43.3070570435047,49.9292411976256,46.0528686872436,36.9019511585201,54.1569924462308,35.8770992117303,45.1457099672253,38.8160483962172,42.7047665862887,21.0762583017253,33.272659735467,37.8414545765848,52.2603613478828,55.9192854016357,36.5384492828061,43.4846172733022,25.0672640475604,34.2049585127443,25.1921912032207,48.6136784129072,46.7512172905743,41.2516176582417,20.3324159063814,40.6170117800835,36.9557696984887,34.1459783730952,59.8812235785763,41.7909327315556,36.0740463902322,38.9823112352393,65.4014926972472,23.9820971747238,41.1272694001748,41.3771089174419,40.1432083014053,18.0379910999438,18.7475797173494,28.9024531883577,48.49406389979,41.8852094738729,45.0340707771886,52.3733151403385,26.130868026265,19.0444215480569,32.7942864838608,20.3820304651009,34.1241649608095,22.603964096409,45.4482927958389,27.7242295588731,35.2814885095625,50.7261753301958
42.7294638386067,1e+20,39.062976254878,39.9335515308177,34.5994505162978,43.2890121976299,49.990127549662,49.4985206322853,39.2856256934169,49.5617136818315,41.1370340625494,39.6712161804293,36.3301935982951,46.0551237696398,53.6002423819463,56.4885601489654,46.6256191422556,44.6686792064732,44.5130973352223,46.8405321010303,36.2899001733409,40.9128047234869,40.2878532704924,44.061651160582,31.8574117146958,33.1124074365175,38.5330480557681,61.4147138176817,40.5527383476718,32.474654333766,35.6001708927736,43.5508610112309,46.2155123959951,44.8991499029365,45.154738858006,39.3111488478433,39.3910818055096,41.5577871703336,53.4676014428834,44.2604592025959,43.438905859606,47.0348215133897,39.7385869179545,50.1506072836854,37.9625532971155,34.8104354978772,50.2144087983428,57.4174791372939,39.4913166582545,49.8363334321407,43.3615596135194,43.6658991377657,52.475968782269,63.7088834444304,44.5736503906687,42.0715135963014,35.7642401066484,43.8841538887116,38.5242454327281,39.8435054686466,49.2893689507421,46.3491415733636,45.8494811116352,44.3851621128195,37.628429018751,37.0078228439909,40.0685495848996,47.5860947146555,44.9626099979929,45.8501172601527,48.446574412241,37.8865499069558,56.2096461161677,40.0526179794831,57.9229355337651,53.7615293768314,44.2462395613642,50.1799673307369,57.854055160391,41.4071012372185,44.6328658377711,22.5253292231531,37.8875066708087,38.4580487677101,49.8008333582914,55.2475394302404,38.5392925990471,44.616907080514,53.7149061705789,42.7972967000621,54.2624322958402,41.2896636004785,48.2456155130627,39.4719214045855,46.3380874299342,47.8440152881775,38.9242770083703,40.5145494390321,53.0165515255054,46.6188491378456
21.0703442109231,39.062976254878,1e+20,34.3720670203691,38.5458508431196,46.7333436855821,30.8035664810926,22.8548256992546,25.5908517496659,37.6120827472616,26.4334367885697,24.0726068904016,36.226220448742,45.7647584312881,28.8613754279505,49.5545867598725,53.5507598513458,44.4896722591052,21.4756396737564,20.346046558682,28.6371432464907,15.7669241924372,41.4516728501147,58.1046158570567,29.7842123234737,28.4684870133038,27.8077054044022,53.9498246204874,36.6574248643142,27.3379424431058,36.7194149372889,48.7368967036146,37.5522979683895,36.8802386396498,41.8174322153769,40.6596473118097,46.6804871520875,39.6485584246177,43.863150759142,40.8221566316973,29.578316963157,31.0310073935443,24.0530611605693,21.7644098334437,18.5409376869056,32.886940426037,50.7980152224721,34.9129652903704,35.0888690759058,46.2635364981138,31.652898888202,29.8785101973746,42.3337320131604,53.4092842218989,28.9997721077132,25.87576615262,32.161551989246,27.99128169971,29.0772912114189,36.3479729701608,47.6886187203198,43.9508256051575,30.4338623896649,33.8759573419321,27.3683790350411,29.4613205582935,25.9280752216664,41.2562613824823,32.9672483625475,41.7965374693323,30.3139553768948,42.0722144120512,46.5661742248519,30.3349296952,59.8614586730728,44.0556651879248,50.6337077699704,42.451476921813,54.5220249064394,33.0553614784788,25.8232900911791,39.9226980210377,35.4556812494587,27.8819795796596,17.0691011902505,32.7904309638715,40.9330755344739,40.4310326321453,42.4599272340262,41.9129236649012,31.6385054510954,23.5959229864722,34.0658005625333,26.8824555975627,31.1720130727681,24.6739329063631,36.7003755327058,24.1056834992499,36.4748330727067,43.460617095785
30.7934931266363,39.9335515308177,34.3720670203691,1e+20,43.3292861065591,33.4834631497858,36.3480544931556,39.1016194182572,41.3625214542619,39.3123268298118,39.9078383022944,29.4385361656934,35.7143719137995,43.1519163128145,35.401532417954,51.7376063007731,44.8043657103215,53.8982505784661,30.9313530824899,34.648354184697,29.41829245557,32.6485307023038,41.2172833369805,51.5559370058235,29.0372192437854,37.2744151579183,31.9380814356277,43.7667305912802,43.3286461345455,35.2097614217803,41.203764315671,50.5013111368847,39.3644009504161,44.9408357606035,43.3889043079304,38.1005934925485,40.3787226858738,38.5319619057347,40.5488331686818,41.1810987863059,27.7246275934359,30.8486620807416,44.9234066035423,33.5816371037314,39.8447754676664,37.5659675819849,38.0759487363259,34.944879507867,32.5611317772349,41.3635506937193,38.306058964421,49.0543468672987,40.8070161070523,56.0875250991559,45.4456669851244,40.7310461679155,37.985571106711,38.7544481133322,30.1047904093337,32.5918367615281,42.5946013779523,41.3304285920641,33.8964845311595,38.7004403894786,28.3634027647955,32.8119090939252,37.3917665803037,46.5351378307411,41.9202612678973,34.99720117038,33.0307104656077,34.1851367097468,46.4509149459527,37.0137024331603,67.7451966210154,38.3143679941884,35.385280636576,42.0346195523558,63.2801975311862,31.0633043855845,36.8263215974025,32.2704633898795,42.1969164906898,33.7641513507777,41.1027983608613,40.8209785510588,52.5713614423233,44.3128992177922,36.0071723279293,37.8948114926075,37.2646495926119,35.8787232564502,32.8420128615371,35.0218365283067,29.0072706940531,32.4552794420152,32.5540550779462,31.9470476244091,37.5695207297214,53.9132097864727
48.3449320064885,34.5994505162978,38.5458508431196,43.3292861065591,1e+20,51.6782032467915,54.5265136118263,41.634327781721,37.3265830608545,34.8388776888571,31.0844091357318,47.2459007988786,45.1375689711022,22.369877176636,44.5085564267336,34.1713106295595,27.129621764281,30.5687265611957,42.4370869800629,42.5772048509429,45.3298082709336,33.5761923197742,14.8515353070603,41.9886936500556,29.5347206215273,43.175648687052,32.7773869034061,70.075549849638,40.7951129607393,27.0342851360121,15.589037946576,18.5543999151545,22.3939881614134,29.4132503356586,20.0527901580955,27.0037017878677,47.3318383185127,19.1454087346232,63.5272311981029,23.3670114018781,45.0174946290485,45.3134954232665,35.3990285729203,48.4712271671827,36.3522635039153,17.5215040616182,33.6758427742925,56.4505331303533,20.6638823482301,47.5621267727014,24.1714254692447,38.9255513174039,32.7300540161894,68.8190737467754,29.6431243744442,28.0909497679289,20.950157356608,55.5297484924152,24.8801136519591,26.4910550470425,22.4422104455454,34.0358888296408,34.0186134230989,30.6920502547567,33.9583499711689,51.6697579513184,39.5430324482485,44.0829258525832,26.0010721536127,22.1707686756409,48.7853189803515,28.9154385761886,55.9760935791292,29.6036128218286,51.9976551338294,43.1063537043948,40.3116465144965,34.6883272124276,33.7200311137375,54.8654220052097,35.5005749991636,31.3783452149133,25.6551566047221,36.7298007345977,45.9974129564033,47.1160439190772,36.4763581853999,20.0866158019515,35.2667366972778,29.9530366189091,54.3506542349677,41.606323569909,35.0284318980987,52.5509453562785,35.5466964110381,39.1717295493101,26.868134341103,31.9225788816303,43.6752360250323,27.0282191880511
41.111759925269,43.2890121976299,46.7333436855821,33.4834631497858,51.6782032467915,1e+20,41.9577162680419,45.7353932296336,40.4820461005479,48.0417447125705,49.2760701239905,38.8819314911645,31.5193393951176,48.5338712070445,53.2372393494147,47.2613478605292,43.8928445103426,46.3266334333632,42.5608504530419,42.1614496692433,42.0226195075989,41.341031111185,51.0338050682804,39.3628467866341,38.521048435976,39.904042748285,38.7601830302237,47.2424133411826,53.3789355203179,41.9669704970702,48.074537551555,47.5801032937362,45.0140721978691,48.538777244896,46.7641724498082,34.6198814144702,34.4146691922907,42.9936384022672,45.2732528757936,47.6120446299647,36.3113288408334,43.8128071032718,50.5154410945408,48.2428271223832,39.7692905491058,41.6351899592523,39.5522785927009,45.3112659155617,38.5181689987856,25.5205361632714,41.4497214067761,46.3178718893846,48.8202971515154,54.3647889938683,50.8779320727079,50.3129566342895,42.335475095466,49.1765273678018,40.649996251023,39.0588339709611,49.1380090465733,36.9364636743336,46.6959929349249,43.0668272107271,42.5789492231547,40.5794544069134,37.1204144269103,38.1505852481595,49.3453226884195,47.2588144901934,46.6345266838438,41.2491116953402,50.1644689593599,39.5728658267711,50.0832021478446,54.2618280015209,44.8577554696483,54.1561016553893,60.7314668638453,41.1246835732136,41.8632043123798,35.5377978473224,43.2941682107919,38.7299168760805,55.4900714940636,30.1559475069663,52.4886952907734,54.4295365210867,52.4895943425293,39.8466527136502,46.9191817474796,41.0359566398645,43.0412520552802,44.613516653609,44.7466008739633,46.4878305018721,35.0072836095444,42.1650420083213,47.8735493068095,51.7809656966431
17.2207639355453,49.990127549662,30.8035664810926,36.3480544931556,54.5265136118263,41.9577162680419,1e+20,31.3394667523055,27.9937028695393,58.2981237474848,34.5160966490681,20.4654918116428,36.0408854804118,48.8290210297711,37.0761395213333,65.4686700438646,52.7262335139289,52.1313513201953,28.8591290365899,34.0459206471318,33.3890858398343,36.6354198838853,50.2483533687889,59.7382023471104,35.9360783106883,41.6853785708709,44.4152458299312,27.9815656434327,42.726399171911,38.4323803370279,48.8503430783738,53.705358800504,59.799535886342,53.7266085369256,52.8544947202267,47.481793261046,55.2399589004606,50.984820164685,19.4128149216952,40.1858313979333,25.7589868969475,29.0627911059119,37.3106900118567,20.377349208087,34.4546832146054,45.3419786807121,50.690462517985,28.5258770180282,49.2498350100712,51.3198037638695,52.6170770680952,40.9262113970953,61.7758420706905,34.1459267185714,53.4465317074999,48.1164331516282,51.4993520114073,24.0222562849715,39.3626588501565,39.6553811231419,59.1493355323463,61.7200460909443,41.1600566846778,48.4850310881333,31.6263261454074,43.7598467881083,27.6152871299441,48.6800294691027,55.584334769712,46.434028597778,21.4708185475243,51.330302352758,34.3328729478063,37.600956541289,58.0108290005191,44.5620645951476,39.4937974581485,46.3957953858182,70.4432197881358,24.4249756672501,47.3636481908117,46.0513287480354,42.7831649581955,25.7027422739869,31.3428324463305,31.508100103847,54.983623088304,48.8730370993992,53.039438022942,57.3577455318945,25.8083971280914,25.0256238875234,37.2066730961753,26.6396029834985,39.4300824667142,25.0188732737618,52.3116532367597,31.5067978074004,44.5750566463925,51.3580452051111
25.6104459935914,49.4985206322853,22.8548256992546,39.1016194182572,41.634327781721,45.7353932296336,31.3394667523055,1e+20,27.3466293797394,33.9121379250075,27.780482286812,30.6527881027213,33.5792120822567,35.562505143313,18.6210413239346,44.3234367365149,43.5380812492757,41.128734950556,21.0885878165266,17.6158803735357,35.7506808967483,29.6070948559541,36.9723252065784,60.1700832554855,35.2340451006323,39.6544218771313,37.4961480569537,51.7217687186053,44.6065888120565,33.7732874569139,40.721330060252,43.4345739866128,38.7441677347386,31.5850539641689,35.1875573421174,38.4932386473666,49.3161171394996,33.2363516878753,39.9406118659497,37.7156343652062,31.6127655821816,30.0523139116472,32.6261734240234,21.3523259488539,28.1981275668443,34.6625401282054,39.8977053949116,29.7080204451015,32.1372648601348,46.440694227,32.4397038969758,31.1640803841116,37.4800069557081,55.4285425807143,30.9511903936726,27.7240012277539,35.0331045706092,34.4841192193407,30.3023186937629,32.6176657775384,39.2444969018301,42.7646811565457,22.4799761179601,30.171369354166,27.108184175676,43.8488060815629,28.4733120933484,43.78591439952,31.6996481355166,32.3741311362587,27.0866204006637,46.7290503096869,36.5189687493424,30.6750264131149,60.4306051889724,36.675739295394,45.4999640104104,35.2717184135232,49.6336584650611,37.4851953989948,36.7653072758466,47.2632114028726,34.7478105820196,24.9199257839802,20.7055753046288,26.1423927494183,46.1026452293606,37.1596537969282,36.655539557063,43.7393863471321,22.5792881639345,24.7256202357318,23.6916995402161,33.86245472635,18.1697922277005,20.1816687565321,40.0814839684954,25.7166429294688,37.3645271054097,38.6839531139231
22.9501369129273,39.2856256934169,25.5908517496659,41.3625214542619,37.3265830608545,40.4820461005479,27.9937028695393,27.3466293797394,1e+20,46.886128014857,21.0194887617055,25.5577124193098,34.7760905895362,35.0651425364202,40.9376316335718,51.6047793386594,39.8214792928131,37.974408718363,29.8359041023931,29.691440648909,29.3858310681508,28.3880568686262,32.9711916526128,51.3167213553048,28.8783864065,32.3444601230329,33.19672420107,50.7621307595909,33.8652031865662,19.5612286970771,27.7002163559841,38.9831734382036,44.6253720903254,34.7959624477544,37.514713225,33.6937192751449,48.7145975303258,36.0584971863434,41.812623216125,30.341142520641,29.7219450954758,33.3669624814552,17.1507085739116,27.5031555508145,22.6902351296431,27.9164096177272,43.5152848506641,38.7599516004029,34.3610274323333,41.4429275791956,35.8997826227272,30.1629079244066,46.076545785861,50.6622302499173,34.1501659744393,31.734834412458,38.6829116351161,34.9877869988489,26.0337664694444,21.9289511125432,44.4394579064206,46.1113115783888,31.1510956102869,31.5607657501673,23.2120143701277,38.3900499177679,13.7396803496952,34.9818937030556,37.2061624910293,37.0204234235,33.0422811099493,42.9263901957878,41.6003004811965,16.9692251309358,45.4024656369836,44.2470608830377,42.9623963399666,40.6812735813181,54.9525361960771,33.2743612288524,35.7469182736136,34.036711079803,27.7543327858203,24.0619179693594,30.0802016162399,31.2227444881349,35.6633007537719,35.0978563009217,49.6434567026525,44.3223444770051,36.0346538655387,20.5968451022286,29.2357714896111,29.1452457311581,32.6913215739166,26.807151539093,35.6854147505202,17.9889444032181,35.8182928821344,38.0988035882617
47.4671600607948,49.5617136818315,37.6120827472616,39.3123268298118,34.8388776888571,48.0417447125705,58.2981237474848,33.9121379250075,46.886128014857,1e+20,42.3684372495151,53.9002921299999,36.9155549572098,39.8381332030574,30.558847194702,36.4188719637333,40.8618158859999,51.6861314436666,36.0012794725876,34.4349648091515,54.5092742338095,36.5643053760879,39.0479536943237,56.1429694873935,35.7522456269523,52.5798806041568,32.6707914043333,73.1411166158094,52.8813656689999,38.6760161945999,37.8882809104381,45.1358451645319,24.2371351003367,34.0798999893055,39.1898987534851,39.1082537231666,52.5016930723,32.1403489677323,64.0130830184722,37.405847935643,47.4831932821817,46.054063645223,49.3836409518246,46.5748470058375,41.7391322721809,34.9845981891333,34.9077484104,50.2342664222974,24.8782571879929,49.6086534288684,30.2533084340099,38.5446589464444,22.6359233136333,69.489690938,32.7736816096775,26.6978448499999,35.8720375540047,57.9210105860237,30.0640381034707,37.3245663875714,36.6427818222564,31.4688308024646,32.3443292135044,34.8420922009666,34.1247006962381,50.4115191215649,45.199818681619,49.7109685618212,24.7775894063732,33.6771605151711,51.0995518874288,36.1656338341727,59.151466895821,37.6404567721148,70.3942304102618,31.4483756383275,41.1716973465321,31.4388540724545,48.5452208285999,61.3142111821818,35.3654817318788,47.136330241067,41.1180788134444,38.1701667465555,36.4530649854705,45.4467343296444,55.5096540497097,36.9445758676666,24.0175307073225,37.6682855172425,51.2471364819563,41.8275998266623,34.5011951832424,58.0480866707538,28.444773468,42.3503960341568,29.658496083946,40.2691608299848,36.0144649241905,44.1363862381538
31.9055373369043,41.1370340625494,26.4334367885697,39.9078383022944,31.0844091357318,49.2760701239905,34.5160966490681,27.780482286812,21.0194887617055,42.3684372495151,1e+20,32.0383342769545,44.9745962919401,33.5138055772804,33.2291512927711,43.4431460204618,37.1416013734415,34.1024334930435,35.482777762547,31.0318080713069,34.1740352262731,28.0668077870309,27.8476660912753,50.6910866872499,24.924834991,35.4009438926177,30.101013949111,57.7473671215551,33.0093775092729,23.9657615092587,27.613468868685,35.6331319542012,37.1845195461718,30.5248737243246,30.9905021282834,29.0109496349405,45.6291160643825,31.9485428805183,48.4742864475621,29.6219460906676,30.3333894779225,32.9317833446327,25.5257404985064,30.80122042262,25.9034267898706,23.8775691384015,40.2922060003185,40.7145780981181,30.328123875228,43.7472620929832,28.9243201198232,29.7499383662605,40.8873802553485,64.1017227947499,27.7141935180782,27.2218598859736,31.2349565037056,39.2273275875695,22.4063545577387,24.2954334436623,39.1647395017045,38.798549084998,26.6694669856178,29.9347233718871,25.5563773794091,44.0905051407195,18.7046986260895,34.3080566235565,31.4021003167905,29.21489911525,36.0232672565031,42.1354835075212,39.3644190166257,18.6047638968563,47.6165765382518,40.6310389123011,41.8673919655727,37.8416655750821,47.8875086715241,37.8854729263879,29.8643359794318,37.4838081065806,20.6782056953889,29.152094363277,34.3976916682749,38.0188502700494,33.5867734937631,31.9931311503257,38.4468023415735,35.0072741830631,35.6991946175199,28.2272976799001,28.0845549880892,36.3301755235244,28.56061402475,21.7889436996442,33.6564781227667,13.6637760430227,38.2197328315464,34.7762844299668
15.5999627835464,39.6712161804293,24.0726068904016,29.4385361656934,47.2459007988786,38.8819314911645,20.4654918116428,30.6527881027213,25.5577124193098,53.9002921299999,32.0383342769545,1e+20,31.0419289510799,48.2416873471638,35.3414167996176,63.839853761009,55.1032284142143,51.7952962150122,28.0825237615254,30.2993478769692,24.1083217607518,29.9608635121818,45.4330393833399,58.1916761516274,27.3613817220952,30.7672004785036,36.3435484326666,36.3716773582213,29.6452060788963,31.5909437109523,41.0215073869719,53.9726015592132,53.041146230619,49.6309104965533,50.4225617561252,47.5489431745201,52.2518871980804,47.7819538163789,28.9309826992647,40.0428128290115,17.2428852845478,22.0354383391653,29.8776794330821,17.6963741611469,25.1183114557928,40.0973704229999,50.4222191305639,33.7502432688162,43.4309867383688,48.1373888687608,46.2586751306111,39.5105289470316,55.0491615779166,36.9222703568802,48.0387145449999,41.1599096732101,44.5322734969902,14.5322897790605,33.5818287701666,37.9769617685125,54.1462341579304,56.4299929151312,37.161944590528,43.3891833185,27.1175510701269,30.1474858435925,26.5147855996532,46.544636529541,48.6292288912942,43.3583757614435,25.4958730804415,41.5594495216883,35.844535164566,34.5535455643186,58.0579259233943,46.1255139120145,38.968321334419,45.8853170632221,68.9979662771943,13.1170936903796,42.5792623869999,36.7169425317849,41.6723359379196,24.1048347492577,27.9191359967005,34.6527702002655,48.7238389616862,46.2466188814957,50.0077443320929,52.2675971304599,25.6039695138777,23.3226820001558,35.9699951611428,13.6852854346424,34.8729449480714,22.9462562866863,44.9818364823077,27.9025065838181,41.1092460428817,51.879336205508
28.5604368005937,36.3301935982951,36.226220448742,35.7143719137995,45.1375689711022,31.5193393951176,36.0408854804118,33.5792120822567,34.7760905895362,36.9155549572098,44.9745962919401,31.0419289510799,1e+20,44.3680608465846,38.8417519197219,53.3760100496074,47.2395054525799,50.9804921424686,21.8514680498719,37.1244903096887,34.751450811402,34.1596737145493,45.0780646139422,51.5772061410983,31.0558514324552,37.3837567736701,35.4150016784864,46.2417936148201,48.5822685276751,33.8953134193235,44.0851565347152,48.3249116252677,45.4183707399888,47.6723040831086,45.801817141498,37.695787705456,46.1381915894636,40.4232948024081,40.0817649600337,39.517433439239,30.4198079781117,31.5738342225457,43.3125038033398,36.1045970114625,35.2452642197406,39.272778542804,41.3843371627551,42.1726686402885,36.2585921150642,41.7564371117472,40.5042511709103,46.7957315578011,47.4073320300883,38.5362655817339,48.0905255338933,42.4615050531825,38.1847785613088,38.4998904322662,35.2324337674857,37.4653847970588,46.3072663319634,40.4346094048479,38.8868645974863,43.7502163663849,30.0324001590731,34.2072163504315,34.0322474606804,46.8353484225635,44.4131370174332,42.8527395919721,36.3359991293576,33.6567643374952,42.5833815796305,37.4192723808545,62.4847746264763,36.7461421512771,33.6938229027487,34.7035559940948,61.8283616276039,36.9628212156399,43.2446437927887,37.7350236667809,42.3904884441398,29.3181616719509,40.700968742986,36.317801527317,53.7377338463137,44.5504336282346,41.6045666333503,43.854162440874,39.4892404857505,26.2288620743614,36.1010188213132,36.5480997534834,34.9873111819901,37.9840887679145,35.5633371397179,38.1206143989394,32.1989745299696,51.7884259542204
44.0748937141022,46.0551237696398,45.7647584312881,43.1519163128145,22.369877176636,48.5338712070445,48.8290210297711,35.562505143313,35.0651425364202,39.8381332030574,33.5138055772804,48.2416873471638,44.3680608465846,1e+20,39.0454479588063,37.5039049230079,21.0911510480946,25.8927574520999,39.7306201302089,38.6916154733576,46.8949522346258,42.383334495154,12.3717897036137,47.0380909141807,31.6489155456685,47.1900919917572,40.0857793419048,58.9126945726886,48.2382045551289,29.654446866063,25.1084292975943,21.8643978757165,30.7813434742663,33.1346765336093,17.2968913728212,32.0090509759218,48.265381770096,17.1003769244012,50.7679051116616,19.5846944297174,40.7953055111186,41.8268156035603,41.0492325535074,41.172893487986,44.1637213600172,23.6321450452564,27.0406839567571,48.7408417977342,23.472436557685,47.2905388026474,31.81811673014,41.9308532246911,35.9714429489997,62.041461428913,37.2071974536148,32.4887479192857,30.5357862958433,52.9071368439819,23.66146899055,23.961482550927,19.900359009371,38.0625520119103,32.6162047116744,32.6532917357954,31.7389853096221,57.8616066526588,35.8805971620438,45.2254821477819,34.7236871383105,14.0979146185343,41.5979372062046,32.5231949909337,47.4971445306494,28.5671341030371,54.2473230305396,42.2463122152147,28.9232101191389,32.2878166214578,37.1688515708273,52.1904058945866,42.9013947980616,34.8329649064622,24.2033502491153,33.8505058089854,48.2177101746886,40.8929702046678,44.7422541676093,19.7338046275608,37.9391954717413,35.7270221878025,44.9436715467458,39.7392719893383,25.7401020479797,52.0169871173834,31.3243593381938,35.1154746898849,32.6617446708479,30.7882743054975,40.9203323430323,29.2013215534616
32.9235015289515,53.6002423819463,28.8613754279505,35.401532417954,44.5085564267336,53.2372393494147,37.0761395213333,18.6210413239346,40.9376316335718,30.558847194702,33.2291512927711,35.3414167996176,38.8417519197219,39.0454479588063,1e+20,48.2831798113184,47.5324737712073,47.3039865338808,25.6649076836885,19.7575258220098,40.3541565999709,31.7825477476952,38.0300942884678,66.5622468184244,35.5844300408615,44.7469989300137,40.4685241355784,52.3568894462591,50.53150489243,39.7072741707255,44.3620991527031,49.6608564894607,40.4372565716498,32.5990554257507,38.8152572245538,41.7585201500541,56.1694166209249,37.3755109842762,42.9034489825849,41.6371433328701,29.2893553653609,30.5728228679314,43.7365572678529,24.0737092005596,37.2293147764705,38.5553898179216,44.7241014534541,29.7066460286391,35.9518362886514,51.9542921542166,32.1343308384881,34.9370253678996,34.6591743105147,58.0607145752605,31.0847465191815,28.7807276843111,37.5923608778908,37.4817380535512,31.49487270221,36.9987321483529,42.3100610898702,46.5432054091114,27.4343792000901,33.6129032021386,32.2977910226278,48.748942548821,36.517034716464,50.051526805817,27.6163508635931,33.1787128786376,30.9542878462666,48.5144055952684,43.5848415514107,36.5346133130214,66.133390352836,35.7122528338875,45.9996549671754,39.0337204328541,44.7141825422367,40.1490313234963,37.5512160195227,50.5649552994629,39.4396160416627,33.878925494,22.8196286138235,33.2625669256656,51.4786325523138,42.2759341514569,36.16609796853,47.4758721524956,26.971318733958,33.8820830299816,29.2679021167283,38.4208455792549,19.1433311973109,22.8676480043235,42.7281599631144,30.8925977172481,38.3499359439542,42.0448191645422
60.5149632513591,56.4885601489654,49.5545867598725,51.7376063007731,34.1713106295595,47.2613478605292,65.4686700438646,44.3234367365149,51.6047793386594,36.4188719637333,43.4431460204618,63.839853761009,53.3760100496074,37.5039049230079,48.2831798113184,1e+20,25.5547095280287,33.9600112373957,51.5221801917137,43.2148476403682,62.8973958531103,47.3729496542751,36.1884863915823,37.1021341952597,47.3276780035555,54.9396565814869,40.9372360376223,74.739748853846,64.459727992845,47.220313754,39.4747856449992,27.3466314318011,20.7765123679971,31.1259901327809,29.6380628960483,28.6772793877095,35.3121945307946,29.1433090168452,69.9185598132643,45.2824977820489,55.584772280707,57.3156428722078,56.8987722369674,59.6159361857161,51.0060701556605,32.408793276973,30.8112593456637,59.8918628854221,26.0511961434,34.0580609692562,25.7356024718486,46.0150018079307,22.8964363555111,79.0593936169096,33.7472102156297,40.4781355651184,38.8866827970897,69.5568440313364,40.7992990947222,38.1866281516127,25.2662747587699,22.7660359681293,37.4055574343759,30.7964049527253,51.14102115902,62.7582358171494,49.7781176017985,34.4650991898412,35.0792414704501,34.2874280009202,63.5974033611336,38.3210967623188,62.4588196649056,40.9002789652735,58.4490672397685,54.4508461631632,53.1215039476936,52.2592327501086,33.548708830504,66.9549094663702,37.2929937724121,49.949621552021,32.6942968215637,55.3840719770407,56.0906681943686,44.5872422699113,45.7475471643661,40.2785584507164,43.3084777305586,26.5360578460636,59.0855583117218,54.6398593182788,39.8751795286698,66.7475840296179,39.4154876889897,51.5646739528576,27.0298921794297,42.4115697393444,55.8157896064,37.7300150665102
54.772237492326,46.6256191422556,53.5507598513458,44.8043657103215,27.129621764281,43.8928445103426,52.7262335139289,43.5380812492757,39.8214792928131,40.8618158859999,37.1416013734415,55.1032284142143,47.2395054525799,21.0911510480946,47.5324737712073,25.5547095280287,1e+20,26.2003481645787,48.8460904038262,44.794928483658,54.914808146873,48.7829704163333,21.6232907486316,34.2910045413929,39.733926148,51.5823056149608,43.2017836680001,63.9952690552857,54.0926291993332,33.830763856,27.4588294460476,16.4282071573973,30.442692316958,32.9843608504815,24.9637303659745,25.9176925776319,41.4004321949857,21.6813574708747,59.5218242789811,28.8809041387417,48.6105822566363,48.8861096027269,48.1525580659665,52.0955721265769,50.2101447801624,28.6469988759524,22.9194834714511,54.4874171811672,24.9364929842128,35.2486236531204,32.0341088845714,43.5857749569047,33.3589639351389,72.7179360765714,39.9240952415152,38.9680325444285,35.0295335793928,60.6652457173077,33.2612636891315,24.2587897850001,20.1212367034871,30.265439750364,37.1024481633871,32.7205734252857,39.5939414392727,63.5928338608478,38.629690215,40.3943326158068,39.1010817810672,25.0674969783037,53.7263242089851,34.9124647115572,51.3480548701491,30.1185627328696,46.8396434313571,48.9964694146017,40.6578596218,42.8582322054267,37.6004202944296,58.0321481719314,44.3882951130909,38.2678883996905,22.2298052947881,41.5931595109285,59.2242472835574,40.0865259388333,44.5404123967703,27.7858770891908,43.285227153238,30.7096653497576,50.8039640747115,45.9385406507532,31.831142555316,58.5813710551909,37.6611644569643,45.0301506313529,30.0503673755758,36.089503481,49.1176585056666,28.5705305441987
49.2591302922564,44.6686792064732,44.4896722591052,53.8982505784661,30.5687265611957,46.3266334333632,52.1313513201953,41.128734950556,37.974408718363,51.6861314436666,34.1024334930435,51.7952962150122,50.9804921424686,25.8927574520999,47.3039865338808,33.9600112373957,26.2003481645787,1e+20,44.9541346975374,40.5031763912968,51.1763392990184,39.2299259585641,27.663206135953,32.3340585387861,39.0380168670916,46.0213448268446,39.3226662058203,64.9953387008119,53.7281568625383,31.4351177304371,33.2029860648791,20.6825108796745,36.9704356466299,29.579380550028,22.6896519733333,29.000087749417,30.6080836612048,25.8422904676418,58.6597065364728,34.9207425769383,48.4043568926705,51.1767427995404,44.135569097456,50.3541517782735,43.0171597481057,23.0038067836117,40.5405361135068,52.8508674756548,31.2755742453164,32.255130239659,31.0156297824548,38.2441039875162,44.0635561300833,70.7399442116288,32.6521557974911,34.5124352314652,31.1390125364145,55.520570850942,32.3759463156667,26.214026965588,32.995371996188,37.7087932834393,38.8889626731472,30.7810757518297,40.0814992209518,62.0621759874858,37.2454456229417,24.0005813674411,35.922390320335,32.3487385895995,49.1282439806932,40.0995298119444,52.2146719879896,31.5153623672095,34.9559656599571,54.3099442487922,45.481823976462,48.2501773041164,34.4091859951306,58.6229414971538,38.3941709347623,38.1614852478666,21.3705376094432,41.596666647044,51.2175483139004,38.8705839573956,32.4596575916139,40.2385325659802,53.2581209976533,32.5765749745664,50.0390493338225,41.1059881454835,36.1908071314051,54.4821086145874,41.8014419152161,41.8996296457949,33.7108952728217,33.2143286473393,51.2680420692564,30.8247251233242
17.9833033346835,44.5130973352223,21.4756396737564,30.9313530824899,42.4370869800629,42.5608504530419,28.8591290365899,21.0885878165266,29.8359041023931,36.0012794725876,35.482777762547,28.0825237615254,21.8514680498719,39.7306201302089,25.6649076836885,51.5221801917137,48.8460904038262,44.9541346975374,1e+20,25.3403212871608,31.8336144617893,23.9997806371919,40.20449916765,58.312602491919,35.0720476050048,35.8388564022099,35.2382858727671,44.4897685627793,48.444104407122,33.0576521430955,42.9682537362866,46.6599232555268,41.8235773467021,40.4368882690347,39.668937645794,35.1516888145492,47.2542370754434,36.1011991100027,33.9699345959234,38.8850771926741,29.2059966495051,25.3179496384072,34.6099552268291,19.8053674946284,29.4226563610681,36.7170624699022,43.8170328533564,30.4353179903526,35.6283857895962,44.247166623469,35.4409053482916,40.204330022618,44.8009507532964,42.0984824821208,38.2813309542139,33.7521864453936,32.5152745693406,32.2494946559048,30.6501025862894,35.4379468279239,43.6346034221858,43.0547092062069,32.5988919944349,36.5391083956654,25.7094711157551,34.3700570879459,29.3476081503064,47.1702329055505,37.9447624470074,36.938542381383,23.9110500844858,40.2977307550692,37.636659777786,35.328609810461,61.9030388818086,36.1069923766702,41.94493567264,34.0704042283063,55.7781217397173,33.3644985654115,35.5179720022342,42.9135639789444,38.9262033060911,23.3202783895602,23.7147396971702,26.506763406929,46.9845175900121,42.5064413875426,36.3357490159856,43.0594785449639,25.5019410305074,22.1474318366061,28.8813710698246,30.5418295449086,28.63439891104,26.8334841892424,38.824511076068,29.3631321140432,30.6581866291195,46.7132815237011
28.330358973836,46.8405321010303,20.346046558682,34.648354184697,42.5772048509429,42.1614496692433,34.0459206471318,17.6158803735357,29.691440648909,34.4349648091515,31.0318080713069,30.2993478769692,37.1244903096887,38.6916154733576,19.7575258220098,43.2148476403682,44.794928483658,40.5031763912968,25.3403212871608,1e+20,35.6733347160459,25.081132274258,40.0542720865909,56.7407339889203,36.8871174135032,35.9192535401942,36.1718112892842,51.2801838201471,49.4821341518932,33.0344226527222,42.5393579617619,43.8451211685235,37.4779094584596,28.2549978718197,33.6507328308797,34.0415405705773,45.4580841944117,31.5241650345804,42.1427007403404,39.9062261059646,31.8556079877071,32.8947532585484,36.7739765097785,25.0883383992307,29.3315601354195,32.1729233415,40.6887013595683,26.2370105678649,32.7516471962026,42.5785697425063,28.1966219787879,25.6256368352402,35.0410744546768,59.7488712789999,26.9384051993669,28.7620211189127,33.0488846513741,38.1539992631718,29.9170348624646,32.7868094981349,40.498589591073,41.8347226560504,24.2729298740864,27.204077533683,30.9426680599798,41.9812130823099,28.5508678365462,38.9833631204559,27.902767999697,36.4707725700268,30.3461880160919,47.1341863548576,43.6663744640902,32.386766803707,56.8231394516022,47.6590877551667,49.8213873331376,44.6469990298333,42.7035892542655,34.8710669119977,30.6329231942298,42.8433880858691,34.1081964403547,27.9843767924589,20.2568377715658,25.6242982414442,42.5664215807531,43.3716673267217,45.3415118858333,41.1370432048839,25.4624236244944,28.4419122756284,26.9135497566061,32.4782314765471,22.330562327728,20.9368682562071,36.9177625507793,24.7728956772192,42.2205000064858,35.7796563605711
27.5095919282862,36.2899001733409,28.6371432464907,29.41829245557,45.3298082709336,42.0226195075989,33.3890858398343,35.7506808967483,29.3858310681508,54.5092742338095,34.1740352262731,24.1083217607518,34.751450811402,46.8949522346258,40.3541565999709,62.8973958531103,54.914808146873,51.1763392990184,31.8336144617893,35.6733347160459,1e+20,25.8689628065528,41.6349121409316,58.5571216074695,26.4030331346877,22.3837848265893,30.1859770144659,38.0685481691587,32.4056425480039,28.7865459690953,38.2234723087778,57.332062507667,49.6194645216237,48.8753519000953,49.9709211127723,47.2133006059633,44.1977751393477,49.2368520887139,39.3296540001236,40.2400004127857,22.2150620664425,34.0656158906608,29.4679100474261,33.8139771750928,28.7521764567067,39.7856770524286,53.1983194013367,37.0934605197896,43.3554845294624,48.4231356391017,45.428120036181,48.6320093325874,53.3918510239167,53.4536481157056,41.463219043373,38.0571585582439,40.3221182461174,29.1100510435311,30.2333975657966,37.8646081629285,54.3266037346306,54.5083564981818,39.349864055234,44.1742081904286,30.3877941380874,20.7848105612058,28.3022837133328,46.1361992478361,43.2069312289445,44.7581570849646,34.3230580953209,38.0512415930208,46.3572402874745,34.0523827555829,65.5261471689997,46.654549627008,43.8914090304667,45.847516959907,71.0620510764005,30.0735203570319,36.6729171155162,31.5638514425286,41.7968681617646,30.7539535376905,36.6649274200515,43.5561486413486,52.4987112598191,45.8551612172338,50.2063384420318,46.306089011594,41.7806815135832,31.030023770752,36.0087288824857,29.0196637981282,36.8724295462667,31.4960824616611,43.0974790940953,28.4799840366572,38.290747807681,57.1588222964751
28.1714680294256,40.9128047234869,15.7669241924372,32.6485307023038,33.5761923197742,41.341031111185,36.6354198838853,29.6070948559541,28.3880568686262,36.5643053760879,28.0668077870309,29.9608635121818,34.1596737145493,42.383334495154,31.7825477476952,47.3729496542751,48.7829704163333,39.2299259585641,23.9997806371919,25.081132274258,25.8689628065528,1e+20,37.2203484356577,53.9931300174355,27.7653117235518,27.799918436002,20.1065259434359,55.9411383274705,38.2070643667044,22.3297050587351,32.7152697461539,45.7581712230188,32.9040728772437,33.5327859858823,38.4201762523678,34.3811377961171,44.3006168981163,34.3385492970434,48.0050573911136,38.2973993675789,24.821093950373,33.0592594319292,29.1240494969472,30.9647646029837,21.3649576111387,26.0195625508896,46.2828549355438,38.2778392091496,27.9552251794524,38.4194980657636,27.9098866264278,34.5553998563571,36.8271284739658,60.8383322198321,26.2402960080848,22.7979428107115,27.8888789050715,36.2125430223834,24.7940580685436,30.0962893534343,42.2054453549487,39.4683895411676,30.7374162770157,29.606908998136,25.5291339893916,29.6695791718555,24.8177575342778,34.6607139254478,28.4507598212287,38.6177313492307,34.7379163567787,34.7114500576707,51.9973816089904,26.5211967156968,58.7888126502017,42.0576117649275,49.6506201777047,40.4166228945322,54.072664565228,37.4793377011562,20.5939409160489,37.0686869532478,34.5338487737957,29.7913523907489,28.0407406674702,36.7603404150859,42.8870709957061,41.6884385569837,39.0141612283645,38.0745337213333,40.0431118215294,27.1624441096504,27.8746018433333,35.512109132151,29.6809173272088,27.3316002496321,26.9863700909988,21.4830959543858,29.6897951261538,43.8976082218182
45.3224977067582,40.2878532704924,41.4516728501147,41.2172833369805,14.8515353070603,51.0338050682804,50.2483533687889,36.9723252065784,32.9711916526128,39.0479536943237,27.8476660912753,45.4330393833399,45.0780646139422,12.3717897036137,38.0300942884678,36.1884863915823,21.6232907486316,27.663206135953,40.20449916765,40.0542720865909,41.6349121409316,37.2203484356577,1e+20,45.9870716811045,28.1335676112417,42.3378865205954,34.1794988368571,63.9018869086104,41.0094083516593,24.4530598292258,20.3790019433333,22.0362418538678,26.4415339980621,29.9561103481461,19.133491083988,27.9446257091868,48.0997726064013,19.4505364856203,56.960551734188,19.4730497191593,40.5487307124641,42.9275238515874,35.1801908374909,43.543711927674,37.8257482972753,19.4355981106753,30.7750432252255,51.2288059022922,20.895993455439,47.0414388150272,26.796090285268,40.9474857362985,32.6609562668134,66.7879219247533,31.9702128519047,28.5530812147619,23.8015312557662,52.5900958776848,21.3928982310727,22.7435562168571,20.3103563931785,36.860167672086,31.2973066402184,30.9110996935706,29.5542544470989,53.2835771303117,33.111718505312,43.3668831847432,28.2337159812531,16.8331849702667,46.9734553450273,30.8355980393173,51.2403729867223,23.8941544905872,52.0524770211593,40.673856083703,33.6909134853893,29.7872852647911,35.7469460683757,52.445157166029,37.5417592118777,32.7537050662754,20.7893946659241,34.4323891619359,47.0758888685892,43.7367162170952,40.2155890454761,17.5096829662586,35.5020784424888,32.2307939940302,47.1768741744696,39.404285271779,28.5420889039711,51.1168524989106,30.3545497270357,34.5964575973158,28.5238022533766,27.5987956272124,39.6299623688617,29.1522347519871
