1e+20,63.85138582138,32.2245105223058,37.2072151285418,61.6267888134314,47.7157043788323,24.4779913788659,40.1449339524417,61.2004149960212,37.048020808814,61.1716102755026,24.8323527018982,35.3789993465844,31.7746567381117,38.4287259339999,60.6262399432984,35.8182848976102,44.5972294178442,27.0815150458579,29.0133308594876,92.520474737205,26.4708107410984,38.126826018526,47.3910238625522,35.04042799,30.936302899731,95.0159828150644,32.8416002115537,19.8590423619921,29.9876457936184,36.4791056477451,35.6179174866935,43.4331726583163,52.940520444091,90.9035675281933,20.7024081394856,71.2343750399998,44.2970683076986,20.9038984230393,38.2052620514402,22.5601055446493,50.539999468722,42.39258696514,21.6111658495446,18.9150796489833,41.4028633096704,32.0005377429539,22.3454370545944,46.3819031923608,46.6881424083055,51.4886494750536,46.6213995609089,104.260478645645,30.0058056636966,68.7498682945148,18.0045492105624,39.3929290483801,36.0105175,33.38815454,37.2284669679676,61.3035537269999,38.3391433728518,50.5792814394865,34.3994402892203,38.2636925964705,58.4005088282734,20.8936748809962,17.8273716700017,49.263873390946,55.1015020492652,33.2241098668228,63.3804585610691,48.32241638343,33.3285077671466,39.258771509278,26.8646393887853,29.775302685,59.5803566939312,69.7857105571885,21.4633866410329,29.9798885847974,24.4853512461652,17.9389234425763,23.4849723687826,18.2019486569732,36.9718046600774,71.2103628421618,44.1575923885384,51.8396055751335,40.3964092657366,31.228189265686,44.5456658013946,56.9799302684965,50.383376067233,44.2933322095831,41.8225833778894,57.4000187510894,80.4095736429249,97.5937248099998,39.5570989539921
63.85138582138,1e+20,78.2451632796153,54.8408271680932,49.2317663177841,85.571428157502,76.8842896414334,46.3949960295733,106.960136983571,69.392990328223,34.6697071177489,69.6411019799999,73.6901736665266,78.0303281432068,84.136333793099,84.8349140334614,75.2226318075564,83.3724533231156,62.4226711621794,47.5707610969262,138.449682358,68.7242045578634,78.2480297175831,55.4048382749052,77.3112902227658,67.0648763558136,136.342670239615,79.8246643199999,69.5307543209861,76.0254422287422,91.2998063693589,78.1386185205379,81.0978364237517,75.5943895064101,128.242805059,57.5030274936707,110.991362585,65.3459828821094,51.5681773434679,70.6271089129183,68.1946398496891,89.7217126380767,98.3712442846486,55.9534767694102,71.2231703184694,78.377123738766,68.3879255517083,61.9384576451631,58.9794192031716,47.8096596871886,88.8961673418852,49.4855559477596,136.552355016923,80.95559077,35.7051983383386,79.4279247274696,73.7881598501721,95.1726892992856,79.0472163151977,84.0267289034403,36.8457285629754,69.7456771363251,48.7397972951346,76.9014274749564,48.0129327650843,47.4368835455129,75.1025046321449,56.6370107058874,51.5644073329865,51.2537339992967,57.5187110525947,96.1242908034409,92.8686362549998,67.3098615719635,47.2621151592484,76.2283613013376,73.9011543341991,63.5695426122698,80.3593926280234,80.881303472,55.8482667889694,67.1783187283106,65.5635131773555,61.1496411062971,78.6071274738704,40.3538082104386,101.835262229701,67.8495809331164,76.0189026947627,73.9058470687948,84.5181765784145,86.9296236973684,59.3595172916491,40.5532512682916,78.7526194992563,42.0639945578378,93.7744787049743,29.1052523032293,137.178760475,65.4832864717243
32.2245105223058,78.2451632796153,1e+20,47.3405461011102,67.7819583040522,40.8359459991848,27.3361833784322,53.8097476298387,34.8477153421116,26.8774465312404,80.4990524718988,36.6457415572678,26.2305396456328,38.6854476207811,25.3153992548591,41.1428065300733,41.8267958792815,42.8591149412266,26.2015913475815,39.24514090125,69.5584444006666,30.523218996383,40.6045443666605,56.4701298919962,37.3870991676205,44.935323844975,69.7922225502104,33.0822737477569,40.8176652806092,35.7653676232834,33.7258373305132,38.8501021849291,42.239109014777,43.9415749882628,62.4776074378532,42.0577800646052,49.4508322147894,47.2665484087081,40.4371690355948,57.2539271140475,32.1866128563686,24.9734671453499,38.531568476842,33.4562162085484,38.2525353905864,35.9907334245441,36.6088318435727,25.4229674481306,49.6282991079309,54.0363040211399,22.8625925835153,49.964774839765,73.3183011681954,39.7961669244879,83.3589032417669,38.0914203149868,34.2137493890139,30.8062034940879,32.5329927740161,32.1514444250815,75.1300556035768,41.7739266743568,60.9057567043486,20.2412148393413,48.2812568144776,87.698866300671,39.4664317055861,40.762934760684,56.6565582805951,54.3679174897703,55.8673574499999,38.7913916411069,45.1418749849549,41.6349316417288,58.6555199957977,23.6136293522032,34.9694503334672,59.20672990853,63.2272496577266,33.6919262343957,41.2221889004429,45.2278656066649,46.9656940782597,31.9800947749192,24.7080590983249,54.9689147848461,96.5005334895905,49.0505784720059,41.802044604093,41.9952489229068,32.2035924065019,26.5173186703079,57.7256541327436,76.5394235683684,35.3664898194859,60.6361428749999,33.9596946641673,95.0864333374999,73.6793246299999,54.2384349514128
37.2072151285418,54.8408271680932,47.3405461011102,1e+20,50.0806014487963,39.5939990442975,42.2130856826341,40.9882544286123,62.5158334085435,42.4266504878678,60.771772175,43.8956705129999,38.3757835840368,40.4057082918776,47.6597582063617,44.6498525728925,42.7625957363225,47.356815546532,31.4590082479195,37.8802279210648,87.605817163,37.5931405442024,42.227659055165,24.8758599794324,35.6160513144234,33.6576512147099,83.9719275180869,48.2296242521071,39.5016280915788,37.0671971997713,62.3619595715719,40.1660871647539,32.7010982791252,34.2029030958859,79.6277284446521,34.6699998361435,61.2006822499999,37.1949300312384,36.0402720160181,66.0042580270229,35.5724491980152,51.2951668551659,74.2259700903674,44.6652822770782,45.2478240454183,44.8912900496375,22.8244868343778,35.4800424440778,34.075890954643,25.9303975025296,41.0193150347376,29.9494050358587,92.7751277304347,53.5844854224256,59.299622356754,49.7870569223194,41.0249103232087,61.7740584780291,34.8279837997295,43.9527116323002,51.5169983301236,27.6562083939328,40.253172075019,43.8369298274844,31.5305467585927,67.1154528511629,52.7394788099149,36.9458373528904,43.3907694892198,42.006288656839,50.2821706099654,49.9481491707051,52.6814299858167,35.5895898672711,36.1171474002327,51.1073439232064,38.4840786764059,49.7562152346009,52.0796496306788,51.9476853193772,31.8579786469431,41.9704354544251,40.6298669981894,31.2299900509677,45.8747068038333,39.4886032799999,101.258239519482,42.0173212524571,42.9834781803926,29.768617497915,52.2372406069857,48.3687993828221,39.2136835666333,56.083319044913,36.4308580554092,46.2961803684,44.6482152407977,71.4901024375,87.5600320199999,45.0025705554409
61.6267888134314,49.2317663177841,67.7819583040522,50.0806014487963,1e+20,74.9499731703082,70.2491502201053,42.6918545035312,89.9884502538833,60.9672827267608,41.2014196656511,68.4062641774264,67.6440473050301,60.2891761759333,79.820908007696,61.8840686830556,60.5304230476985,69.86713457,57.0988310536228,45.4371561499184,126.408996683,68.3733666912248,64.2608134803409,40.8114693179794,72.8873828468826,59.6518697954872,120.72525818,75.9770832124537,62.1681355434458,72.584458628205,76.0954540304417,62.0433171357727,66.5284072027045,53.458421138071,103.021070457729,54.924742776864,98.9431040300001,33.8735702363594,50.1079935024286,47.4038031703846,71.4274531804426,75.4019219102849,96.2550384396693,55.2330616913056,67.823841205149,48.2496270605523,56.2678239567815,59.5581477467042,33.1694684690741,40.249364632877,76.7853720556345,44.4534307077458,117.345278793333,78.476674472555,37.5335337829681,74.1475284010647,51.6043716494166,89.2816272776364,69.2299853474021,78.2669322264947,40.3316418920151,53.9030520175,35.8396652657388,58.4612373175609,33.2951180182002,72.5652517470914,73.6595392404603,51.907931749133,34.5594076435899,30.0094187293352,46.2353815342592,84.9506573904666,80.6517929291666,66.5763843560562,43.9957996821304,58.8329111047504,62.0189980391666,37.8315433057954,50.7035395804545,77.9947382566316,54.0068030469841,56.7433415480371,55.9860431294747,57.2357437984497,74.0275949829907,39.5277692933383,111.898529168575,35.4821749944854,52.663153766005,58.884827538803,81.0732603967198,76.6279706256579,38.0357878631482,65.5325368270084,61.1290472271167,31.2096373539005,78.4630810754042,44.1833010664516,125.3024538,28.5146055418295
47.7157043788323,85.571428157502,40.8359459991848,39.5939990442975,74.9499731703082,1e+20,36.9887165086195,66.6532896469833,37.4157448841212,51.905980891807,88.6867424327956,36.7482430900115,31.9682121462487,44.5618594218823,41.3183421513203,48.600802855605,39.5482225029132,44.5331912936118,42.9952964512722,60.4373819594752,62.6450974990405,45.3909289988773,44.4290764237045,54.3103737924139,45.76381646467,51.9727393479597,69.9011925820001,41.1900628151551,49.6807833173502,45.5174058506339,50.4825517215227,36.1116304344865,44.5931970024802,45.1828469963381,66.2878149730562,50.9869012282135,47.221435769335,55.0066439778804,48.7199070512112,75.9113858039815,42.0943940473716,45.0321669186724,53.2779650305817,58.493547498835,50.5610753583919,52.8778558281693,37.2134452805401,40.2163210102551,60.5396850217155,55.7802480204332,39.5819519678054,54.5229822665353,81.59774123,39.4258184309436,93.3256023844438,50.0993442832528,40.9294275238952,45.9779696298356,42.3363362735721,42.1672258644621,79.3064531616464,41.9779260336054,70.5032128170944,40.5365997321667,61.1337749257418,77.4905566672499,47.5046912901722,53.5566395555697,71.7739962827413,64.176370013839,64.1966961821269,43.5187392729717,36.3919353203946,43.4979112087153,49.149571509339,51.1929756869535,40.0569800697075,67.8517831555848,65.666388498641,44.5452087071615,57.075530354498,49.7663497974969,50.1915806057655,45.366661683263,42.3757024819711,64.9938132505019,100.162327870724,60.1021555134997,53.5170493735849,44.1180203724238,37.4008391216166,28.760380014791,65.6578429590638,68.812062304514,52.5233867012202,69.5159502750372,42.6802470468688,100.546820518897,68.48294105,62.7842245253463
24.4779913788659,76.8842896414334,27.3361833784322,42.2130856826341,70.2491502201053,36.9887165086195,1e+20,52.6439650931075,43.5823708756811,38.353160104,78.0081886764961,21.7781082468636,28.963380443647,30.2690090081277,19.5799161486373,57.0828295113333,32.2904267936161,42.6577862594219,22.6215831987774,41.3799657939995,71.4327552311212,22.3208405973939,40.2342435540549,58.9684102927865,28.3481258026865,40.9083832834167,73.5627327336079,13.6009765404545,32.5902928980779,24.4266431381052,38.8832091310114,35.9933360754959,49.0612546597057,43.5314098004347,70.4107554422438,34.419212926547,53.6819578063333,47.5838927417301,34.4765181321944,59.6951598307691,20.6238142310065,33.6881126627949,40.9594658056666,36.7724547395933,32.6390441953569,44.8805131497688,34.1285201685151,18.8474053177589,58.8523408243754,56.4284210056234,41.2151689833725,51.7705807507522,84.7954236393332,19.4698912723513,81.5523053168181,29.3742841005494,45.5852925728308,24.3744091934878,31.0721299358116,32.4604998185757,68.3239365776861,47.0234479775151,59.5056439412837,29.435555459043,51.1018564649181,74.7007033072499,27.0724426070188,35.0756249136263,62.6949258211338,64.6303765910949,54.7996692403173,53.7771780029212,32.8204370645281,32.0499295677085,46.5443755287004,27.5772338807468,33.7586313985425,72.1795525309675,79.3293401709091,22.8026116579524,42.749519031748,37.5990295285084,36.7302303242782,22.1024640338592,14.8821228132,51.9735058076689,89.0050282757605,52.7872268926783,59.359207765107,47.3489824393636,20.4222386514349,25.6600326090717,67.5125379667172,64.2955318994615,41.1053884683333,58.6652601569182,49.6870387432681,93.7894214993181,76.30179356,53.7407087243697
40.1449339524417,46.3949960295733,53.8097476298387,40.9882544286123,42.6918545035312,66.6532896469833,52.6439650931075,1e+20,79.2695281665469,40.3803580047374,51.5610290450789,52.3209031760337,50.9570210342683,58.8758664173368,62.0884685765396,47.7032173899999,63.7024290477765,70.2105096079592,40.2169421592753,16.0974126477016,117.557061438,49.7481415079202,64.5789615917958,46.3642853839253,54.6034841655371,45.2840696075726,111.708943935,59.9848161113671,43.849689283658,53.6322808240149,60.1070959528356,60.6176215319137,56.8628268861602,43.3077755513044,95.7927162939997,32.3582662266491,89.9267897849997,36.2148291404526,32.2851333727124,36.3513708868589,45.2723262652201,62.4697847085483,80.4254781285713,25.4287052016667,45.2375860543319,40.4394589433842,46.2141423438635,39.7602566565034,25.6330873770527,36.8477026039264,63.3877587549999,22.9838171198317,108.277988335,64.0394134713227,46.9115063996253,54.0225745857433,52.658156968697,73.9274599192856,54.4243659474748,60.1951242959164,49.8311625534191,45.6192467880909,25.3948696155538,42.2381128324365,24.1979081322405,77.5020681544265,55.5141343865597,32.1333639395239,19.0293130781986,21.0080713922831,28.7145138285209,74.1279704977998,71.2550581835428,49.4480408720795,50.1304588514184,42.1277249432608,52.6463765316237,26.8446847681537,42.2755841683712,59.594810908,35.3431563992475,51.6520538805071,39.6150134642857,37.8030213251195,53.95060461,23.9419299201162,99.0167353446114,32.4107111691179,38.253700415639,48.5296949475455,63.9102810673269,65.3462317400468,23.4032780524848,73.8205340595804,45.2562403006666,22.5404820027778,64.9190738259999,50.3943544080624,116.286139555,38.2149246369692
61.2004149960212,106.960136983571,34.8477153421116,62.5158334085435,89.9884502538833,37.4157448841212,43.5823708756811,79.2695281665469,1e+20,50.0821748663055,109.130380941916,56.0428854588042,40.8994586606957,48.4324445386742,39.2020677571055,52.7759106258358,48.2809479848213,47.143929190511,47.1877902836232,67.0200189352045,42.6816105240135,47.6782884306564,48.9451113473138,71.493135348316,48.6382071287507,61.9772735391172,40.4865140895858,46.1457173632857,64.0257294634533,48.3360709498565,46.5095111915005,44.7794292137279,52.7293264111858,56.4509453521095,40.033747516773,63.8319814149404,40.9598407737826,65.5265246080926,69.325344352857,89.5006932944033,49.2384914601533,33.4440681112876,55.2070948557452,64.6097279266067,62.6657232352201,52.8063747352042,49.3488353860732,52.7692495309066,69.9420386990362,71.2130045633478,32.4935874185999,71.3085448169937,50.614960615459,56.7351321981727,109.863819836391,61.0311885836184,47.80029429007,48.0675736321889,45.9926022323913,40.1002201081932,94.9788292863914,53.284344403029,84.8883653025654,42.3322308528054,72.9899196609566,112.11164953725,59.459827050635,67.9000787116864,80.8670470455164,75.1161829644163,87.8203486399997,42.3083995385128,53.4973144782443,52.7474262338094,80.3658492161274,51.7639458462995,45.8253051667074,77.7455798844667,74.8616505720672,57.9410278512382,65.9003235532032,61.8761176834783,70.6394743817072,49.9118483335349,48.2596227601825,85.4088133668426,121.627041965265,69.088802843903,55.347201274471,52.8309130223491,51.9974486794202,27.1492710709313,77.0361724061595,101.600096611,50.7690856654061,91.2076778709998,36.4881620293768,122.433333338891,42.24117844,75.6514896826522
37.048020808814,69.392990328223,26.8774465312404,42.4266504878678,60.9672827267608,51.905980891807,38.353160104,40.3803580047374,50.0821748663055,1e+20,71.2138212151544,50.2889835074999,28.008754084525,38.5206050586027,34.1889812278891,35.2722463033333,40.8025096778807,48.4232339434162,24.6594084767693,28.6862868949367,78.8233007245518,33.5453788500821,47.1991538528889,51.3313763405872,35.218994293,36.1543452646942,72.827437765,43.1105559558139,36.218243734908,34.2278968347634,35.5491111612563,35.5322708392842,41.8628009532594,41.8526115319719,66.6358267688644,37.5819351669999,55.0473927349999,41.1202596414992,37.4881840232156,52.2259847749998,35.8431516978515,36.1680456103912,52.7044756315713,28.7340279988889,38.6433315352141,21.6412154079633,35.4107175649091,35.4375778363306,39.65980135538,46.0004957159793,26.7629881574618,40.1363574827463,72.9859628004444,54.7659378489189,74.8533234566881,42.1925957108583,38.1661584963211,46.0389928472007,30.7523199175605,27.4900787901137,71.2590856530258,38.7507164803502,46.008508741425,32.3446029342247,36.462189945397,92.4544140501299,45.9875312609018,36.5315456233979,42.0547872102324,48.4826760402197,53.0918421527777,43.3024522051414,58.4674285544341,34.31194426112,54.1577738455119,31.5467578445651,37.2979827143149,52.2170869063992,55.0203862372093,43.6207448901818,29.8685960222352,41.2540221321715,44.7652295799999,28.2913289224158,33.9602943987999,50.0241531583333,98.799359772222,38.5970330298772,26.9255541926021,36.13171998026,52.0829608675609,41.3339721915942,47.9007726654832,84.8611110348234,30.0965469870407,55.5285080739534,33.4493274119688,83.815152856344,78.0465026525455,47.0192727633214
61.1716102755026,34.6697071177489,80.4990524718988,60.771772175,41.2014196656511,88.6867424327956,78.0081886764961,51.5610290450789,109.130380941916,71.2138212151544,1e+20,71.3593309634702,82.5568349658693,82.3192206560358,92.0469078466289,84.6399973190906,84.3212481152127,93.3984457974649,68.364368095,53.1452151565646,142.28038418008,77.8710409754545,87.1349478386627,53.3654537867783,84.5178307549997,67.4379726599431,142.529471835,88.7358797923014,64.3904651364849,79.4771239113099,81.3660997795865,85.0590306215516,87.2769632449997,75.3856760198483,128.701158899454,54.5429204756593,120.747317685,58.8650949489571,55.2842658788935,59.590040896417,74.662692185617,92.7621861159941,97.6823464224167,57.224852756849,67.3320251539803,71.1129438413331,73.3730210149998,66.5166628842365,53.3357439349674,45.9521411481614,94.2082866549997,58.0076673779444,139.840599826515,83.9906047554617,15.2292582587512,73.9536952207825,74.9540553934414,96.8494139424476,82.9025697249999,87.8123730509185,28.1295323173886,72.3588055799998,47.6570913654847,72.7530071038378,41.3413500274614,49.8778237927381,73.5635444934788,50.0576826741369,47.0017283207491,54.7272272763008,51.4933201086917,104.9484983978,94.2082370541529,73.4443025099997,44.0395359204545,67.0314506676083,79.3173345428281,67.2149115033829,82.342815989318,82.0110999377874,57.0529894776481,68.7991019545067,56.6366584971407,65.5563272441176,77.4602911953133,38.5129998303899,105.655436468133,59.0734238437671,75.4060729724571,76.9882805079997,88.0487938727885,91.800162512401,60.283831101818,41.7448970104414,78.3022315009088,36.6071920554524,96.0825573259997,25.0625595297309,147.071127575,53.9132780016986
24.8323527018982,69.6411019799999,36.6457415572678,43.8956705129999,68.4062641774264,36.7482430900115,21.7781082468636,52.3209031760337,56.0428854588042,50.2889835074999,71.3593309634702,1e+20,34.520805475,39.9774668880071,27.606401109,65.4951285824999,39.5859486289379,52.2321547620577,33.9603203552368,45.4357129994607,81.2305163200784,32.7700350722727,45.2606279861651,59.043609776212,36.3533457965204,44.3390901984444,88.187405457,22.5444202885714,31.7023887766876,34.0102221039117,47.2112619525,43.781654497125,55.8382334828745,49.5709314233926,84.6858436911462,37.0169894648658,62.6004561288332,51.6437350155719,30.3357456330473,60.3395730414328,23.7160622530952,47.3630727725641,47.8362297753571,39.6890260488709,33.0377371473501,56.1833374927272,40.2466826453489,21.1627014138224,61.1826215902778,56.1108200415476,53.5632782174999,52.96937740856,99.8839541049998,19.9876344715617,78.0502230399999,31.195733423224,52.297781737768,27.680404325917,40.9159066556667,44.2365485442857,65.2925456985377,50.5509054108485,56.1396269788259,36.8657473941621,50.92389847992,59.4536140357794,28.5722294827209,37.7649501091666,65.0914297731524,67.4853213214109,46.5691690105026,60.0465675595969,31.9451565452157,37.1101032665243,36.4034063548619,36.9362653459069,38.3531506395543,74.5560511845551,84.3121075573106,18.4392273423182,49.0762947010526,36.4220168126257,32.5307877308242,29.9558721402688,20.8905954240072,46.7274432288846,87.9460682051922,58.4490715336666,66.2321773615443,52.785526332303,17.4524267327158,34.7374170390042,69.8959479889999,48.8540283659999,52.2629965526118,50.8969485930111,60.6069564644769,85.1583736808204,86.7691539249999,45.5324642956011
35.3789993465844,73.6901736665266,26.2305396456328,38.3757835840368,67.6440473050301,31.9682121462487,28.963380443647,50.9570210342683,40.8994586606957,28.008754084525,82.5568349658693,34.520805475,1e+20,30.7876191746304,24.9282666947072,39.768430581732,31.0951425842904,37.4447566293366,22.6390493481715,40.6032678820588,69.7035561392858,22.7753448248387,37.468214730299,48.4436191317006,29.9786664181729,30.3834408564737,69.8231369272942,30.3643854192017,37.5559393549159,27.6213976659964,36.8608390455354,27.926533571201,39.4502280846524,44.9541126653912,65.2876302639999,36.9781338183433,41.6664727559999,46.5972322029024,42.4675339042703,68.4051923665044,25.0786277595775,35.5614499480834,42.3158252380812,42.4124554758823,36.895988040441,37.4535414135284,30.4431471302026,32.7499067747763,49.9793287092492,47.0593705636555,29.5870499310619,48.8219454014435,80.9481344195238,41.0067490872495,81.1531686635715,37.0503301598144,36.219301270701,37.9179802316488,27.6349611176525,21.0012321694226,68.2475728178991,36.1531431929768,59.7194403525827,32.3125216001841,48.2043500448844,78.0291309465699,36.6627915124901,41.495561094944,56.6777077994689,56.7441375838323,62.1710761395517,38.7102743570261,39.7931963083978,26.9173152742094,46.1948145489458,37.0062458458183,30.6969888020588,60.6170137173589,64.1313635743169,35.5320485521444,40.496866992987,37.3922701528452,41.5845367991783,27.1355866228862,29.3639953976235,59.29266254,92.7599322995122,47.7055203699936,45.4738749566781,36.4156603603524,35.228822818224,23.127831249671,56.8507814781616,70.4895751724146,37.6727771094572,63.9477130149999,30.2675249884953,92.7729689463349,68.1230346123709,52.643328815246
31.7746567381117,78.0303281432068,38.6854476207811,40.4057082918776,60.2891761759333,44.5618594218823,30.2690090081277,58.8758664173368,48.4324445386742,38.5206050586027,82.3192206560358,39.9774668880071,30.7876191746304,1e+20,33.3041660751545,46.9603179768208,10.9816428915432,14.89816296,31.5133606801462,49.9097795912585,71.344866325174,25.2527752185136,15.925763812883,44.7511361736961,20.3085269228308,27.1903499038786,69.8283478304517,37.3969261757458,29.3374261968087,16.0184034228554,33.2190095505128,13.9406298253972,34.4339869872634,49.9049935096295,66.4118462793251,37.4392219935667,47.2363731437226,37.5915490823932,43.4179779081195,61.4210501649998,29.2513858200632,41.3420060468648,45.6338250747763,46.2303165897363,32.7422471183377,31.4232562360899,23.1149852601703,39.9786414025418,47.6440628210042,55.5851981685575,35.3197283431074,51.7756756918437,81.8710557383333,38.3611076966173,77.8230803384657,25.6695904744714,26.5375573779292,40.5385153879787,13.8518066052658,21.2417843912063,76.0523157954583,29.610453483456,60.8863592307846,44.4028562766393,46.3571273342329,80.5773942875842,32.6627814561115,38.940196976421,55.7286305441065,54.7624298655127,60.9044255868376,46.0659580048307,43.5050802373077,25.0046579204846,42.2258950252565,38.3452140715274,21.5605906744974,58.3746602511167,67.9294200201892,33.903991320401,40.6710555930924,21.9528605156204,36.200192931478,29.648932248236,28.1672601612177,62.608338608526,86.2646060049998,41.035034006297,48.5603219826614,31.8636237447893,40.5843659886322,40.138829985751,59.4553956788637,73.5017027375992,32.2034191762317,63.9301989593941,39.7753252600957,90.0707139818865,69.7910074300001,41.5136402583565
38.4287259339999,84.136333793099,25.3153992548591,47.6597582063617,79.820908007696,41.3183421513203,19.5799161486373,62.0884685765396,39.2020677571055,34.1889812278891,92.0469078466289,27.606401109,24.9282666947072,33.3041660751545,1e+20,56.1453967090783,37.7496359213134,38.3276099796671,29.6003278568214,49.0110166688885,59.7703369566797,20.1227162353198,32.940118418198,62.1800078224003,23.2789917604928,38.8380519454563,65.0568922151177,13.9621104288026,36.8823753576445,22.7095045667152,41.3850176022357,37.9494696351833,45.2609037547218,43.8321070708953,65.1154371298789,43.2186041930923,45.8066642351372,55.8363212121461,50.1436211739999,70.663016277226,19.1513310498111,29.3354304088602,42.1363244200882,45.9995495595819,36.2417646615414,44.3609018290702,37.6286723621185,32.518765264,60.9413131856718,61.0124430561806,35.7113180971274,58.8754217436197,78.1085987533528,31.485496792612,92.543208793099,32.8560382028126,42.7540567287349,18.6222598040429,25.3964835380129,29.4695052456761,79.2098845489408,44.3181477907572,67.563660572548,30.747415176033,58.414497958173,86.9777992012499,37.0342432389575,44.8416744035681,66.4261492633223,68.823485752501,70.2737995639998,45.686230399835,29.8509745849835,34.6494375905643,55.7182564184339,34.5404171132103,31.113715893279,73.4285023290273,78.3323153697896,25.408996341,44.9799530362497,42.8251269882352,45.211049104575,31.9601366766355,20.4819511289999,67.8475896503642,97.6311395376959,59.2958443939181,55.2117827057729,44.0155054486033,22.1301770265559,25.2239755148909,70.5952123862022,76.4604294749999,39.6377757486295,74.1845088805787,45.152337272307,104.177924875599,64.6756529638316,62.6752538579271
60.6262399432984,84.8349140334614,41.1428065300733,44.6498525728925,61.8840686830556,48.600802855605,57.0828295113333,47.7032173899999,52.7759106258358,35.2722463033333,84.6399973190906,65.4951285824999,39.768430581732,46.9603179768208,56.1453967090783,1e+20,45.5167476081746,50.5983639122084,39.9913966986191,41.1929587020914,78.2730545585326,53.7510166805944,51.8594854245729,54.1111836982222,49.9664970959999,54.4638067479999,69.6495920819282,62.787902251984,63.8371212872221,52.8084950547059,61.4601789098119,42.3208704978538,39.4345272321818,23.8026221387835,49.6037457578888,58.839030260611,43.6483857568182,36.0975310554097,57.4263921884205,65.2364966154913,56.7181325747979,41.51203253,76.2527793533332,47.096296478111,66.5541619516903,28.6475462978729,35.0286274894085,48.8353813908604,37.8774551128968,52.54278667,28.1023738524599,39.6755076198332,62.22138291,72.1893071553152,81.1679102367382,67.8810255974885,50.6998288658333,70.7208783595108,44.9837682057777,46.4705811726768,78.458945000281,42.7567729723737,51.1857474334545,32.220655973695,47.882160551017,110.210872321805,72.533312713209,59.791213634365,47.1542906710689,42.6141713982551,66.9192854525925,29.8413288878,57.6545585315555,54.4827726931884,71.2127065873999,46.4096414388645,50.0211878143464,45.2227644365195,36.3967251874899,68.0739435751211,54.1374130518632,58.5946619096928,67.7659399216665,46.3613042399145,59.4352134833999,62.4843229424998,122.27938053376,39.4067068714263,26.6422876256865,42.6455658583939,65.9645559159145,49.7886542543504,36.9060686046667,100.239410501555,26.9461724733569,64.8898051372222,24.349371825723,92.3114799678844,72.7029354353149,49.3427151406741
35.8182848976102,75.2226318075564,41.8267958792815,42.7625957363225,60.5304230476985,39.5482225029132,32.2904267936161,63.7024290477765,48.2809479848213,40.8025096778807,84.3212481152127,39.5859486289379,31.0951425842904,10.9816428915432,37.7496359213134,45.5167476081746,1e+20,16.4086022349427,35.1040404641227,54.7183564432597,69.4628528302311,32.1579666552886,17.0287027800747,49.53724385781,26.1250285598254,35.1417001720548,69.2106689559497,38.1256279102381,34.4261404039682,24.0588296377343,38.1340255160406,9.64147008668539,34.5141820578081,51.6626901080485,65.3096381446023,43.2850572644444,45.8399926293478,41.8979277544071,45.821085002627,67.3063447876738,34.2029504337348,43.314793485525,48.0589707767532,49.7747042267588,38.7977236264712,34.3056652422249,26.2826335097933,41.5093963586542,53.8477669638491,59.5101113527143,36.4182914901634,55.2627722962147,80.657853295,37.9273483640883,80.1045225306271,33.3143783734364,31.7220750871825,42.8466482843294,19.9460817323864,26.4022069895838,76.7893952241599,35.1247767261977,65.9663917831041,45.8206111771511,50.6682003011822,80.0549181433833,35.5235475695044,45.3304844308874,63.1384764220462,57.4352689714757,62.4566817146296,41.3127702368519,42.2669002594603,29.5808014667631,44.774536984904,42.3479373161784,21.8012418306978,58.2063998907821,65.6315746220404,33.5658620026879,49.4701277913571,25.1725009019757,40.4291533397782,32.6625565063675,31.4168571308048,66.3094616107991,91.9767549517763,46.1509239402906,49.9204794585066,37.2753712795829,39.6959743876338,39.170064896705,62.9127151994921,73.8105695160784,35.5072023876498,68.5426893937954,40.53178830377,91.2887153729102,67.5678264184043,43.0388923591076
44.5972294178442,83.3724533231156,42.8591149412266,47.356815546532,69.86713457,44.5331912936118,42.6577862594219,70.2105096079592,47.143929190511,48.4232339434162,93.3984457974649,52.2321547620577,37.4447566293366,14.89816296,38.3276099796671,50.5983639122084,16.4086022349427,1e+20,41.1152736280386,60.3080138721737,62.3232055255182,33.4733646550492,10.3643156966162,51.4109300582992,28.736929411133,35.4161710239422,60.7901310270372,45.6320449311055,41.0394312992661,24.5352587904111,46.1736915771794,14.9606507888114,31.9438900481401,56.6784255867982,60.9222478220902,49.4077972660882,41.3841305078153,46.8673385804348,55.7768500535389,75.3467448295651,37.8978309092287,42.0920417134486,57.4764661413336,58.1931713655318,44.3033728517081,40.8559901725659,29.3539635443285,52.1683303831703,56.6495302410284,63.8704258992451,39.6574734309412,61.2390961260453,70.083500612557,51.6063962414449,90.5561739655714,37.6371291682907,30.190783969556,47.1763061830077,22.127758084734,28.6387140522425,80.8840777928948,33.6715811415709,71.9434382028854,49.2986362798597,56.8055576279531,93.3610344361783,45.0834075058603,51.2944759053255,67.3377757709008,60.0792112500003,74.8235119016214,42.6809351727351,45.8893041136542,34.187470890652,54.3028758239105,51.2637683851336,21.9877427955359,63.6426540493957,63.4956658255362,46.3485634245202,51.39443188363,34.7091387420335,49.0352678437934,40.6571098315182,40.4250420358501,75.2067868842359,100.399281472174,52.0409312826154,55.7886201612889,34.4272212137184,51.3464114112397,41.8227427888296,66.5985537724678,86.3987628140861,39.0580533089149,76.8093194166705,45.2098524415985,102.677389807275,58.9446030622283,55.134409503
27.0815150458579,62.4226711621794,26.2015913475815,31.4590082479195,57.0988310536228,42.9952964512722,22.6215831987774,40.2169421592753,47.1877902836232,24.6594084767693,68.364368095,33.9603203552368,22.6390493481715,31.5133606801462,29.6003278568214,39.9913966986191,35.1040404641227,41.1152736280386,1e+20,27.160483348133,80.6684732110001,18.1206109406912,37.9757744487733,47.7019167868204,27.1388952469018,32.6426821346205,75.2545579416864,28.1979891866399,36.544986250398,24.3537078379902,42.1042375860674,35.6087001027213,39.1884962796544,32.4480181876541,66.764141889,29.8855138219828,52.5887160350217,34.6952603489577,32.0594736008684,57.6547945525557,23.314850909169,35.8230994889754,51.666663149296,29.3783661574141,36.3383625998772,33.6465199646641,24.3167286413092,22.3980386600192,42.5508905566398,39.1032108029503,30.3490110499071,37.8684997157415,80.8552048528888,38.1725553758083,66.932172615,34.8710866151712,38.9835748705822,42.528598879413,27.4844375943906,29.8477508388596,56.4115077008415,36.9897413214076,48.2160365696165,27.3983141620329,39.0842722721841,79.5638272675381,36.1135782694007,33.8562518043023,46.8946069779794,49.2504152373594,51.2316615530434,43.0951678852168,43.1641696132191,27.5719081681312,47.3004725044091,23.8504542165941,29.7995155834331,56.9742859589031,62.9530481311912,32.5337271395903,33.5708771423105,38.1688787661342,39.3756151470448,13.2974730830827,24.7819237748192,48.1613060399999,93.6959014133362,38.4005810991938,39.9904350910883,37.0221514728694,33.8755492795335,33.125257323134,51.8004193077984,71.0067368649935,23.6373619271709,53.1236998781677,34.5722493189832,79.0888742732895,78.74229936,40.5169201203418
29.0133308594876,47.5707610969262,39.24514090125,37.8802279210648,45.4371561499184,60.4373819594752,41.3799657939995,16.0974126477016,67.0200189352045,28.6862868949367,53.1452151565646,45.4357129994607,40.6032678820588,49.9097795912585,49.0110166688885,41.1929587020914,54.7183564432597,60.3080138721737,27.160483348133,1e+20,104.0285790955,35.1812918369874,53.9564700836232,46.4576840496462,43.9152891239417,36.1370806294927,99.4066619799999,46.792595848932,37.8216615027731,43.8171961796209,51.1888944961025,50.965756870992,45.7726180576776,40.2847485866232,86.0062621633135,28.220544414033,77.6245078299998,33.6001791048872,24.4575951546146,36.5604061719682,34.7311015764033,50.53223503375,67.2382035019046,12.4195472147843,35.0770276304565,33.1931007803882,37.1451029997005,28.7892303902163,27.1872147015336,37.4393124214818,51.0854767999999,24.2402577560925,95.9757063799998,53.5302960320508,50.078996300914,45.345603052647,42.2229901982713,59.7335455742857,43.8109874268943,48.7011009756273,49.7138306170718,38.3354734484046,31.195869133804,32.8530540198834,24.20505478723,79.6781257343499,45.0001178827777,30.3321062379413,23.4617827943297,27.5403284542873,30.0205685809804,61.8776243758666,63.3953379167205,41.4345640523994,51.556181247649,31.2330347211294,42.8771076253541,35.8645076211639,45.1090671719127,45.5684283933635,29.201115492976,44.1126169629475,37.6207951497199,27.5737964255349,40.4212730633332,25.6956674167157,93.1172502944241,31.6102172972272,30.8191945593485,40.1308371160321,52.0415859486549,55.0162013779465,30.5815621301111,71.6897439399613,35.9641643409608,30.3386441189869,53.3033839657712,56.6965831628365,103.9838576,37.181766726841
92.520474737205,138.449682358,69.5584444006666,87.605817163,126.408996683,62.6450974990405,71.4327552311212,117.557061438,42.6816105240135,78.8233007245518,142.28038418008,81.2305163200784,69.7035561392858,71.344866325174,59.7703369566797,78.2730545585326,69.4628528302311,62.3232055255182,80.6684732110001,104.0285790955,1e+20,70.8622450852728,63.2290997443863,99.2674691951679,64.7461938360437,82.4202402955484,27.9221161238317,62.8624985199113,87.6897742826912,70.2735557147221,79.3822897706726,67.1999037019884,69.9332514234703,81.4021880607012,46.0707727424553,96.7179236079999,50.8878092613652,98.3696504412353,98.9725744123332,121.062076559,74.8678039191981,62.2774541648966,77.3524940927647,101.26755885857,86.8901822153664,84.046676443393,75.3041700176357,85.2143155054069,102.83946860216,105.051583689143,54.8765811393368,105.8496169645,42.0526589255517,77.9789782973333,145.889177517238,86.4330071375778,75.9276452100881,60.6443754731454,65.588251913659,65.2532834563032,131.973812868,77.1929390109771,121.227359341,79.7534632647485,108.541297357,128.98522084625,85.9841482510395,100.113032899152,115.402919257,109.520113815682,118.816951381715,52.6230526416874,75.0408182443333,77.3109722709232,107.8123937554,89.4032847827718,69.0893440080001,112.045493409,99.4959231175266,76.441205220346,93.6827456000426,90.419394654,99.3146242422184,84.8794791479999,74.4847316755942,122.682840897205,140.105829549633,104.497118773,83.2018337449494,74.2041272591192,71.6833543551538,58.5863986388563,109.222246193969,128.220271316667,76.574148355269,126.355748103717,63.7787669492592,155.904419507333,29.0086070486741,111.579859216
26.4708107410984,68.7242045578634,30.523218996383,37.5931405442024,68.3733666912248,45.3909289988773,22.3208405973939,49.7481415079202,47.6782884306564,33.5453788500821,77.8710409754545,32.7700350722727,22.7753448248387,25.2527752185136,20.1227162353198,53.7510166805944,32.1579666552886,33.4733646550492,18.1206109406912,35.1812918369874,70.8622450852728,1e+20,30.3939298105073,54.4479048667658,17.1509693903233,26.9453721763488,73.5192459287359,23.9416679753896,28.5062721924625,12.6623033576524,35.7639886641026,31.6592636361685,40.3084936686543,46.2754874086726,70.6716892545762,30.5855736317777,49.4885884275489,48.221329174287,38.4077785558214,58.4236459924824,15.3700111219106,39.8694609650525,39.0039002519047,36.5545053179371,25.9141128249855,41.8007176150374,30.55221481629,29.5286062637321,51.2795814286927,49.3944291773526,36.9909198692746,49.7164340856294,86.0509584001747,32.6034670818612,76.5405666783117,23.2967209554751,39.2959479662603,31.4703902550592,16.9617334041352,21.3983707613736,65.2699492067882,38.1045849878298,58.5227683304372,35.9301498199244,48.3339604799091,75.9191846892426,27.8384210666656,35.4309573968732,56.2321374818388,59.3396824224262,58.1711123507875,49.1318966164855,44.6112279193701,22.6891898275966,48.0174637010482,31.3401019883269,28.4206020826422,67.2517455716005,74.0995223432552,25.2772005540385,32.5045947789933,33.4933850074245,36.2588398743528,17.4624898376988,18.2456383341671,56.0438106567171,85.5495868857691,50.9771467972442,49.3631929943406,39.2798283198601,33.2127070337971,33.1084058695481,62.5143750069021,67.7648886808675,31.3605518436801,62.4543048343519,45.1892030771867,88.1611303233614,71.7006879949999,52.8558709490866
38.126826018526,78.2480297175831,40.6045443666605,42.227659055165,64.2608134803409,44.4290764237045,40.2342435540549,64.5789615917958,48.9451113473138,47.1991538528889,87.1349478386627,45.2606279861651,37.468214730299,15.925763812883,32.940118418198,51.8594854245729,17.0287027800747,10.3643156966162,37.9757744487733,53.9564700836232,63.2290997443863,30.3939298105073,1e+20,46.2814578748075,20.9572627857597,28.5815089171622,64.3010503166252,41.7825424048273,33.962052808956,22.6746152996922,46.2075788314304,15.2646725177355,26.7204261256733,50.6913666487925,63.8558868680261,43.026739466508,44.2893260996938,41.1068874493772,48.8693639684893,67.7770689206042,29.1953200603695,39.9380280313653,55.8253606055411,53.0106873650225,37.4805386726683,38.9386147645819,25.3147642638607,44.3877431268822,50.2984730512708,58.1133749283004,39.5789193766052,55.2833812880543,76.4471457971848,47.6950445629729,84.946160073846,31.0663307167957,26.2366053903877,45.5279465431411,18.0755055831792,30.2029996115386,76.464829261106,28.0316070276396,65.8353785767366,43.9884531048211,50.389528969606,86.042510875429,42.1757290863705,44.1377999493307,60.6239258392776,54.654892864538,68.9903300800793,43.0024874416635,44.2079865914304,32.2138111850976,49.9353548605111,49.7451262507116,16.7775853999953,57.1344511267554,59.8578142227882,39.4466816801176,43.826132218364,29.101113233507,42.5245868194599,35.4627113879185,34.8839415973231,70.5010763421375,94.9021757521427,46.1251949870528,52.5462551247957,28.2963858213333,44.8740256527849,43.6773971312766,61.3573145388865,78.5873257024067,35.2084628954676,71.1392604164349,47.1571846597722,96.7387678358682,62.1242600260191,48.9285433179999
47.3910238625522,55.4048382749052,56.4701298919962,24.8758599794324,40.8114693179794,54.3103737924139,58.9684102927865,46.3642853839253,71.493135348316,51.3313763405872,53.3654537867783,59.043609776212,48.4436191317006,44.7511361736961,62.1800078224003,54.1111836982222,49.53724385781,51.4109300582992,47.7019167868204,46.4576840496462,99.2674691951679,54.4479048667658,46.2814578748075,1e+20,47.2667914012887,35.2121014542269,93.636493043,64.8997961983357,46.06413310688,49.2614985967148,68.9695567063541,45.3604681620984,37.468525686,51.8725701544642,88.3761105749999,37.4760612882332,70.9388801259999,40.5493713036018,45.5516215440873,62.5752369955208,47.6734374684018,64.6329613336908,81.3778108804203,55.1139515045771,51.5495313365338,52.2771344192175,32.5163919327385,50.7278931077145,32.0384411984218,23.1435569900612,52.6278656454134,45.4291858032376,102.305043296,68.3412134672451,50.2264270677666,59.0949019773054,37.9745644754714,75.8198179216022,46.8099683570841,54.0782000234384,46.6902475004935,27.3125268200077,49.5863532434152,55.8833090036151,29.802336499726,69.2760866539427,60.0526958412917,36.7925282100339,37.387120101378,34.5582385647579,55.7176885055059,59.1376785656182,67.0345892752485,43.4720721075293,39.2149581871088,62.9818335295132,49.2059939593421,48.0127087339622,51.8662246679546,64.8906332058818,34.491134156495,44.991589614821,40.9454317134645,46.5451239450416,59.0983356902546,48.5054652313914,99.68708115579,43.8962630134377,50.6864918176568,30.5019864467283,67.8663816159353,60.2234160602955,33.7594076701208,57.3469675084572,45.635954419752,49.2154139322552,53.0489391340082,60.5469186170233,97.5416827769322,44.3870491107585
